	AAA	AAC	AAG	AAT	ACA	ACC	ACG	ACT	AGA	AGC	AGG	AGT	ATA	ATC	ATG	ATT	CAA	CAC	CAG	CAT	CCA	CCC	CCG	CCT	CGA	CGC	CGG	CGT	CTA	CTC	CTG	CTT	GAA	GAC	GAG	GAT	GCA	GCC	GCG	GCT	GGA	GGC	GGG	GGT	GTA	GTC	GTG	GTT	TAA	TAC	TAG	TAT	TCA	TCC	TCG	TCT	TGA	TGC	TGG	TGT	TTA	TTC	TTG	TTT
AAA	1126.0	574.0	731.0	623.0	334.0	534.0	353.0	307.0	178.0	408.0	107.0	283.0	291.0	865.0	877.0	890.0	472.0	294.0	566.0	386.0	245.0	248.0	398.0	298.0	134.0	485.0	234.0	273.0	176.0	481.0	802.0	524.0	1290.0	698.0	716.0	1019.0	679.0	890.0	675.0	636.0	388.0	837.0	342.0	569.0	367.0	553.0	643.0	569.0	46.0	424.0	18.0	615.0	257.0	261.0	268.0	268.0	37.0	148.0	448.0	124.0	333.0	578.0	544.0	852.0
AAC	574.0	818.0	825.0	447.0	224.0	1065.0	582.0	205.0	85.0	584.0	102.0	179.0	136.0	1399.0	910.0	569.0	332.0	416.0	925.0	287.0	182.0	469.0	769.0	204.0	116.0	893.0	371.0	290.0	114.0	676.0	1642.0	338.0	918.0	1068.0	956.0	744.0	431.0	1417.0	987.0	381.0	311.0	1297.0	410.0	478.0	232.0	829.0	1051.0	376.0	21.0	655.0	11.0	456.0	171.0	426.0	447.0	169.0	27.0	248.0	543.0	83.0	170.0	909.0	425.0	490.0
AAG	731.0	825.0	1248.0	508.0	222.0	945.0	585.0	214.0	105.0	571.0	148.0	198.0	155.0	1356.0	1128.0	653.0	341.0	403.0	996.0	321.0	163.0	400.0	645.0	191.0	131.0	812.0	439.0	353.0	126.0	666.0	1692.0	381.0	1143.0	1057.0	1259.0	891.0	512.0	1405.0	1105.0	461.0	356.0	1314.0	543.0	595.0	259.0	817.0	1118.0	431.0	39.0	675.0	21.0	529.0	175.0	426.0	421.0	187.0	43.0	225.0	585.0	92.0	209.0	925.0	541.0	610.0
AAT	623.0	447.0	508.0	472.0	221.0	413.0	297.0	210.0	105.0	323.0	78.0	205.0	186.0	666.0	578.0	645.0	344.0	216.0	499.0	293.0	180.0	218.0	385.0	232.0	100.0	365.0	202.0	200.0	118.0	335.0	680.0	360.0	897.0	584.0	616.0	825.0	438.0	662.0	559.0	413.0	288.0	663.0	306.0	419.0	245.0	430.0	588.0	398.0	25.0	344.0	10.0	481.0	189.0	223.0	262.0	206.0	21.0	135.0	355.0	89.0	219.0	484.0	411.0	627.0
ACA	334.0	224.0	222.0	221.0	164.0	279.0	191.0	131.0	63.0	182.0	48.0	105.0	97.0	306.0	288.0	282.0	193.0	126.0	233.0	126.0	128.0	152.0	217.0	129.0	64.0	203.0	108.0	104.0	69.0	190.0	330.0	183.0	437.0	311.0	304.0	351.0	272.0	378.0	302.0	219.0	176.0	349.0	167.0	223.0	130.0	223.0	273.0	196.0	9.0	130.0	4.0	174.0	124.0	131.0	131.0	109.0	15.0	70.0	164.0	51.0	121.0	208.0	200.0	254.0
ACC	534.0	1065.0	945.0	413.0	279.0	1540.0	766.0	219.0	95.0	811.0	113.0	198.0	128.0	1660.0	1052.0	515.0	375.0	545.0	1162.0	350.0	218.0	710.0	983.0	249.0	162.0	1234.0	449.0	381.0	110.0	837.0	1963.0	381.0	1313.0	1381.0	1163.0	887.0	585.0	1936.0	1278.0	455.0	425.0	1963.0	580.0	653.0	256.0	1043.0	1297.0	382.0	14.0	712.0	8.0	435.0	192.0	633.0	572.0	168.0	20.0	323.0	654.0	99.0	134.0	1115.0	451.0	475.0
ACG	353.0	582.0	585.0	297.0	191.0	766.0	508.0	149.0	65.0	447.0	90.0	150.0	93.0	887.0	675.0	342.0	223.0	279.0	643.0	210.0	134.0	322.0	581.0	161.0	111.0	548.0	329.0	231.0	70.0	401.0	1104.0	219.0	733.0	770.0	755.0	570.0	361.0	934.0	792.0	299.0	291.0	968.0	430.0	409.0	162.0	537.0	803.0	244.0	12.0	390.0	8.0	294.0	127.0	325.0	345.0	117.0	20.0	171.0	376.0	67.0	91.0	555.0	335.0	327.0
ACT	307.0	205.0	214.0	210.0	131.0	219.0	149.0	124.0	50.0	146.0	36.0	93.0	76.0	264.0	249.0	260.0	170.0	104.0	205.0	116.0	102.0	121.0	190.0	125.0	51.0	163.0	90.0	92.0	58.0	153.0	266.0	177.0	434.0	272.0	288.0	371.0	247.0	329.0	256.0	221.0	157.0	316.0	142.0	226.0	126.0	193.0	238.0	205.0	9.0	138.0	4.0	189.0	109.0	115.0	111.0	109.0	10.0	58.0	130.0	44.0	110.0	193.0	170.0	262.0
AGA	178.0	85.0	105.0	105.0	63.0	95.0	65.0	50.0	48.0	72.0	34.0	49.0	59.0	125.0	153.0	141.0	90.0	56.0	109.0	63.0	48.0	51.0	75.0	48.0	40.0	91.0	60.0	62.0	34.0	83.0	147.0	84.0	185.0	111.0	131.0	144.0	111.0	151.0	128.0	93.0	74.0	130.0	73.0	86.0	58.0	90.0	109.0	85.0	10.0	60.0	5.0	91.0	54.0	50.0	53.0	47.0	11.0	31.0	85.0	25.0	76.0	87.0	96.0	123.0
AGC	408.0	584.0	571.0	323.0	182.0	811.0	447.0	146.0	72.0	522.0	92.0	154.0	106.0	975.0	640.0	383.0	259.0	303.0	730.0	228.0	138.0	403.0	598.0	155.0	109.0	693.0	318.0	215.0	84.0	527.0	1221.0	252.0	742.0	843.0	816.0	608.0	359.0	1123.0	807.0	296.0	311.0	1105.0	421.0	379.0	174.0	608.0	807.0	264.0	15.0	429.0	9.0	338.0	136.0	367.0	357.0	126.0	22.0	203.0	450.0	71.0	132.0	658.0	312.0	376.0
AGG	107.0	102.0	148.0	78.0	48.0	113.0	90.0	36.0	34.0	92.0	46.0	39.0	36.0	164.0	161.0	96.0	68.0	58.0	151.0	56.0	35.0	59.0	100.0	37.0	38.0	114.0	86.0	57.0	26.0	89.0	224.0	67.0	163.0	142.0	191.0	133.0	103.0	183.0	177.0	80.0	80.0	167.0	104.0	85.0	45.0	101.0	148.0	67.0	8.0	78.0	7.0	74.0	39.0	61.0	70.0	35.0	15.0	40.0	108.0	21.0	46.0	108.0	98.0	93.0
AGT	283.0	179.0	198.0	205.0	105.0	198.0	150.0	93.0	49.0	154.0	39.0	98.0	78.0	250.0	221.0	238.0	140.0	96.0	195.0	106.0	84.0	107.0	181.0	94.0	48.0	167.0	107.0	87.0	52.0	156.0	295.0	158.0	372.0	262.0	275.0	334.0	213.0	316.0	281.0	186.0	155.0	317.0	162.0	204.0	112.0	196.0	259.0	172.0	9.0	142.0	4.0	177.0	93.0	113.0	127.0	96.0	10.0	59.0	154.0	44.0	105.0	196.0	191.0	269.0
ATA	291.0	136.0	155.0	186.0	97.0	128.0	93.0	76.0	59.0	106.0	36.0	78.0	76.0	162.0	172.0	179.0	141.0	74.0	146.0	93.0	69.0	73.0	108.0	75.0	48.0	113.0	69.0	72.0	44.0	96.0	170.0	107.0	322.0	196.0	206.0	250.0	164.0	217.0	186.0	135.0	114.0	216.0	101.0	134.0	83.0	127.0	145.0	118.0	7.0	70.0	3.0	117.0	80.0	70.0	74.0	70.0	6.0	40.0	83.0	33.0	89.0	106.0	117.0	158.0
ATC	865.0	1399.0	1356.0	666.0	306.0	1660.0	887.0	264.0	125.0	975.0	164.0	250.0	162.0	1766.0	1385.0	654.0	555.0	768.0	1830.0	476.0	259.0	757.0	1325.0	284.0	229.0	1591.0	679.0	537.0	131.0	899.0	2406.0	441.0	1735.0	1852.0	1806.0	1296.0	715.0	2463.0	1838.0	639.0	593.0	2302.0	829.0	853.0	317.0	1166.0	1617.0	497.0	17.0	852.0	10.0	536.0	251.0	737.0	729.0	225.0	22.0	411.0	740.0	129.0	190.0	1204.0	534.0	650.0
ATG	877.0	910.0	1128.0	578.0	288.0	1052.0	675.0	249.0	153.0	640.0	161.0	221.0	172.0	1385.0	1214.0	630.0	453.0	546.0	1241.0	400.0	224.0	505.0	881.0	260.0	196.0	1122.0	604.0	411.0	127.0	642.0	1673.0	421.0	1450.0	1317.0	1564.0	1073.0	632.0	1800.0	1365.0	551.0	468.0	1643.0	682.0	632.0	283.0	918.0	1279.0	460.0	15.0	634.0	9.0	526.0	231.0	504.0	582.0	225.0	21.0	294.0	630.0	113.0	215.0	945.0	533.0	644.0
ATT	890.0	569.0	653.0	645.0	282.0	515.0	342.0	260.0	141.0	383.0	96.0	238.0	179.0	654.0	630.0	666.0	477.0	287.0	606.0	360.0	229.0	254.0	443.0	301.0	132.0	503.0	249.0	262.0	128.0	355.0	656.0	392.0	1330.0	822.0	850.0	1106.0	615.0	914.0	703.0	570.0	438.0	868.0	403.0	602.0	321.0	468.0	633.0	471.0	17.0	352.0	8.0	455.0	246.0	272.0	306.0	270.0	14.0	159.0	327.0	125.0	235.0	465.0	404.0	645.0
CAA	472.0	332.0	341.0	344.0	193.0	375.0	223.0	170.0	90.0	259.0	68.0	140.0	141.0	555.0	453.0	477.0	346.0	198.0	425.0	206.0	146.0	217.0	310.0	172.0	93.0	382.0	184.0	180.0	109.0	382.0	581.0	340.0	703.0	446.0	450.0	539.0	397.0	721.0	486.0	340.0	227.0	520.0	197.0	298.0	197.0	397.0	419.0	328.0	16.0	231.0	7.0	333.0	152.0	185.0	169.0	145.0	18.0	100.0	252.0	67.0	169.0	359.0	295.0	411.0
CAC	294.0	416.0	403.0	216.0	126.0	545.0	279.0	104.0	56.0	303.0	58.0	96.0	74.0	768.0	546.0	287.0	198.0	348.0	501.0	272.0	118.0	295.0	411.0	129.0	79.0	549.0	212.0	208.0	64.0	396.0	954.0	205.0	611.0	577.0	490.0	452.0	269.0	774.0	511.0	222.0	189.0	734.0	214.0	277.0	141.0	458.0	542.0	202.0	8.0	338.0	5.0	260.0	93.0	254.0	205.0	80.0	14.0	157.0	312.0	57.0	86.0	517.0	235.0	240.0
CAG	566.0	925.0	996.0	499.0	233.0	1162.0	643.0	205.0	109.0	730.0	151.0	195.0	146.0	1830.0	1241.0	606.0	425.0	501.0	1500.0	388.0	196.0	571.0	878.0	235.0	174.0	1306.0	611.0	430.0	126.0	966.0	2288.0	448.0	1234.0	1254.0	1451.0	933.0	595.0	1992.0	1421.0	512.0	409.0	1675.0	571.0	603.0	267.0	1106.0	1484.0	433.0	18.0	718.0	14.0	551.0	168.0	557.0	507.0	167.0	34.0	304.0	725.0	102.0	177.0	1167.0	587.0	549.0
CAT	386.0	287.0	321.0	293.0	126.0	350.0	210.0	116.0	63.0	228.0	56.0	106.0	93.0	476.0	400.0	360.0	206.0	272.0	388.0	296.0	127.0	224.0	316.0	146.0	83.0	373.0	205.0	183.0	74.0	332.0	585.0	260.0	618.0	491.0	481.0	562.0	294.0	601.0	421.0	250.0	208.0	542.0	222.0	284.0	138.0	368.0	457.0	256.0	11.0	254.0	5.0	328.0	111.0	187.0	173.0	114.0	18.0	114.0	247.0	64.0	123.0	353.0	257.0	362.0
CCA	245.0	182.0	163.0	180.0	128.0	218.0	134.0	102.0	48.0	138.0	35.0	84.0	69.0	259.0	224.0	229.0	146.0	118.0	196.0	127.0	132.0	151.0	226.0	125.0	55.0	175.0	89.0	93.0	57.0	173.0	266.0	163.0	328.0	259.0	244.0	302.0	202.0	319.0	236.0	184.0	151.0	309.0	131.0	200.0	106.0	199.0	221.0	177.0	6.0	122.0	3.0	160.0	98.0	117.0	105.0	90.0	10.0	58.0	143.0	40.0	89.0	196.0	140.0	213.0
CCC	248.0	469.0	400.0	218.0	152.0	710.0	322.0	121.0	51.0	403.0	59.0	107.0	73.0	757.0	505.0	254.0	217.0	295.0	571.0	224.0	151.0	450.0	489.0	178.0	80.0	525.0	203.0	224.0	64.0	488.0	916.0	227.0	606.0	637.0	542.0	525.0	313.0	937.0	579.0	256.0	247.0	914.0	276.0	342.0	134.0	546.0	589.0	207.0	8.0	356.0	5.0	243.0	109.0	333.0	244.0	101.0	12.0	170.0	332.0	56.0	70.0	551.0	225.0	253.0
CCG	398.0	769.0	645.0	385.0	217.0	983.0	581.0	190.0	75.0	598.0	100.0	181.0	108.0	1325.0	881.0	443.0	310.0	411.0	878.0	316.0	226.0	489.0	862.0	261.0	131.0	761.0	363.0	331.0	87.0	628.0	1590.0	312.0	987.0	1009.0	975.0	794.0	471.0	1253.0	912.0	407.0	386.0	1330.0	493.0	519.0	210.0	789.0	1086.0	340.0	12.0	562.0	8.0	405.0	159.0	488.0	420.0	146.0	19.0	237.0	537.0	95.0	94.0	892.0	402.0	408.0
CCT	298.0	204.0	191.0	232.0	129.0	249.0	161.0	125.0	48.0	155.0	37.0	94.0	75.0	284.0	260.0	301.0	172.0	129.0	235.0	146.0	125.0	178.0	261.0	142.0	59.0	213.0	105.0	110.0	62.0	194.0	323.0	195.0	411.0	308.0	294.0	400.0	244.0	400.0	291.0	222.0	176.0	383.0	169.0	236.0	119.0	234.0	270.0	229.0	6.0	156.0	4.0	212.0	108.0	148.0	127.0	110.0	10.0	68.0	149.0	48.0	110.0	221.0	174.0	293.0
CGA	134.0	116.0	131.0	100.0	64.0	162.0	111.0	51.0	40.0	109.0	38.0	48.0	48.0	229.0	196.0	132.0	93.0	79.0	174.0	83.0	55.0	80.0	131.0	59.0	60.0	175.0	94.0	94.0	37.0	139.0	312.0	109.0	220.0	177.0	204.0	189.0	141.0	281.0	222.0	127.0	103.0	235.0	109.0	130.0	68.0	155.0	194.0	100.0	5.0	88.0	4.0	94.0	50.0	85.0	79.0	46.0	10.0	45.0	112.0	26.0	50.0	148.0	118.0	117.0
CGC	485.0	893.0	812.0	365.0	203.0	1234.0	548.0	163.0	91.0	693.0	114.0	167.0	113.0	1591.0	1122.0	503.0	382.0	549.0	1306.0	373.0	175.0	525.0	761.0	213.0	175.0	1430.0	499.0	544.0	104.0	791.0	2243.0	362.0	1247.0	1099.0	1165.0	812.0	550.0	1877.0	1237.0	472.0	393.0	1692.0	543.0	641.0	233.0	908.0	1332.0	343.0	16.0	687.0	12.0	432.0	140.0	497.0	418.0	129.0	24.0	301.0	645.0	95.0	91.0	1014.0	477.0	425.0
CGG	234.0	371.0	439.0	202.0	108.0	449.0	329.0	90.0	60.0	318.0	86.0	107.0	69.0	679.0	604.0	249.0	184.0	212.0	611.0	205.0	89.0	203.0	363.0	105.0	94.0	499.0	322.0	251.0	55.0	322.0	979.0	193.0	625.0	458.0	583.0	483.0	294.0	758.0	652.0	253.0	212.0	639.0	307.0	280.0	121.0	380.0	627.0	193.0	10.0	277.0	9.0	232.0	82.0	205.0	217.0	74.0	19.0	136.0	361.0	56.0	51.0	412.0	318.0	232.0
CGT	273.0	290.0	353.0	200.0	104.0	381.0	231.0	92.0	62.0	215.0	57.0	87.0	72.0	537.0	411.0	262.0	180.0	208.0	430.0	183.0	93.0	224.0	331.0	110.0	94.0	544.0	251.0	262.0	61.0	373.0	736.0	212.0	544.0	489.0	525.0	405.0	295.0	775.0	576.0	256.0	213.0	664.0	240.0	338.0	133.0	404.0	512.0	205.0	9.0	242.0	5.0	223.0	87.0	198.0	207.0	89.0	16.0	102.0	249.0	51.0	93.0	390.0	237.0	253.0
CTA	176.0	114.0	126.0	118.0	69.0	110.0	70.0	58.0	34.0	84.0	26.0	52.0	44.0	131.0	127.0	128.0	109.0	64.0	126.0	74.0	57.0	64.0	87.0	62.0	37.0	104.0	55.0	61.0	38.0	89.0	146.0	96.0	265.0	161.0	170.0	205.0	131.0	186.0	135.0	118.0	89.0	154.0	69.0	106.0	61.0	96.0	113.0	102.0	4.0	61.0	2.0	81.0	60.0	58.0	56.0	52.0	5.0	31.0	65.0	23.0	55.0	91.0	82.0	107.0
CTC	481.0	676.0	666.0	335.0	190.0	837.0	401.0	153.0	83.0	527.0	89.0	156.0	96.0	899.0	642.0	355.0	382.0	396.0	966.0	332.0	173.0	488.0	628.0	194.0	139.0	791.0	322.0	373.0	89.0	578.0	1290.0	307.0	1098.0	889.0	910.0	763.0	491.0	1379.0	851.0	402.0	327.0	1129.0	374.0	460.0	191.0	611.0	731.0	291.0	10.0	446.0	6.0	310.0	146.0	433.0	327.0	130.0	14.0	202.0	391.0	77.0	90.0	657.0	307.0	328.0
CTG	802.0	1642.0	1692.0	680.0	330.0	1963.0	1104.0	266.0	147.0	1221.0	224.0	295.0	170.0	2406.0	1673.0	656.0	581.0	954.0	2288.0	585.0	266.0	916.0	1590.0	323.0	312.0	2243.0	979.0	736.0	146.0	1290.0	3376.0	527.0	2295.0	2542.0	2767.0	1597.0	950.0	3511.0	2505.0	751.0	701.0	2860.0	1016.0	970.0	337.0	1652.0	2218.0	526.0	18.0	988.0	16.0	633.0	244.0	1021.0	939.0	221.0	34.0	511.0	979.0	157.0	154.0	1630.0	730.0	635.0
CTT	524.0	338.0	381.0	360.0	183.0	381.0	219.0	177.0	84.0	252.0	67.0	158.0	107.0	441.0	421.0	392.0	340.0	205.0	448.0	260.0	163.0	227.0	312.0	195.0	109.0	362.0	193.0	212.0	96.0	307.0	527.0	300.0	840.0	511.0	579.0	667.0	446.0	671.0	483.0	394.0	250.0	532.0	249.0	367.0	182.0	342.0	425.0	326.0	11.0	224.0	5.0	309.0	175.0	204.0	189.0	162.0	12.0	94.0	217.0	73.0	165.0	304.0	272.0	366.0
GAA	1290.0	918.0	1143.0	897.0	437.0	1313.0	733.0	434.0	185.0	742.0	163.0	372.0	322.0	1735.0	1450.0	1330.0	703.0	611.0	1234.0	618.0	328.0	606.0	987.0	411.0	220.0	1247.0	625.0	544.0	265.0	1098.0	2295.0	840.0	2100.0	1491.0	1631.0	1574.0	994.0	2239.0	1565.0	951.0	556.0	1800.0	635.0	883.0	484.0	1269.0	1528.0	898.0	36.0	731.0	16.0	902.0	339.0	557.0	515.0	362.0	42.0	327.0	741.0	184.0	429.0	1137.0	889.0	1119.0
GAC	698.0	1068.0	1057.0	584.0	311.0	1381.0	770.0	272.0	111.0	843.0	142.0	262.0	196.0	1852.0	1317.0	822.0	446.0	577.0	1254.0	491.0	259.0	637.0	1009.0	308.0	177.0	1099.0	458.0	489.0	161.0	889.0	2542.0	511.0	1491.0	1342.0	1218.0	1230.0	664.0	1713.0	1274.0	590.0	443.0	1512.0	524.0	712.0	394.0	1096.0	1587.0	578.0	18.0	794.0	10.0	659.0	229.0	584.0	479.0	211.0	24.0	337.0	750.0	130.0	197.0	1121.0	656.0	650.0
GAG	716.0	956.0	1259.0	616.0	304.0	1163.0	755.0	288.0	131.0	816.0	191.0	275.0	206.0	1806.0	1564.0	850.0	450.0	490.0	1451.0	481.0	244.0	542.0	975.0	294.0	204.0	1165.0	583.0	525.0	170.0	910.0	2767.0	579.0	1631.0	1218.0	1710.0	1269.0	750.0	1911.0	1571.0	660.0	511.0	1661.0	701.0	771.0	382.0	1106.0	1675.0	606.0	29.0	742.0	19.0	700.0	227.0	531.0	518.0	226.0	41.0	364.0	834.0	158.0	244.0	1142.0	833.0	761.0
GAT	1019.0	744.0	891.0	825.0	351.0	887.0	570.0	371.0	144.0	608.0	133.0	334.0	250.0	1296.0	1073.0	1106.0	539.0	452.0	933.0	562.0	302.0	525.0	794.0	400.0	189.0	812.0	483.0	405.0	205.0	763.0	1597.0	667.0	1574.0	1230.0	1269.0	1572.0	778.0	1474.0	1143.0	732.0	496.0	1219.0	566.0	765.0	413.0	970.0	1343.0	803.0	21.0	639.0	11.0	873.0	303.0	476.0	465.0	339.0	27.0	241.0	629.0	155.0	368.0	917.0	789.0	1023.0
GCA	679.0	431.0	512.0	438.0	272.0	585.0	361.0	247.0	111.0	359.0	103.0	213.0	164.0	715.0	632.0	615.0	397.0	269.0	595.0	294.0	202.0	313.0	471.0	244.0	141.0	550.0	294.0	295.0	131.0	491.0	950.0	446.0	994.0	664.0	750.0	778.0	638.0	1076.0	842.0	586.0	340.0	830.0	341.0	522.0	265.0	570.0	690.0	469.0	18.0	295.0	9.0	384.0	203.0	289.0	275.0	209.0	28.0	156.0	338.0	107.0	221.0	469.0	413.0	508.0
GCC	890.0	1417.0	1405.0	662.0	378.0	1936.0	934.0	329.0	151.0	1123.0	183.0	316.0	217.0	2463.0	1800.0	914.0	721.0	774.0	1992.0	601.0	319.0	937.0	1253.0	400.0	281.0	1877.0	758.0	775.0	186.0	1379.0	3511.0	671.0	2239.0	1713.0	1911.0	1474.0	1076.0	3610.0	2269.0	995.0	649.0	2537.0	838.0	1081.0	433.0	1600.0	2105.0	677.0	22.0	969.0	13.0	716.0	281.0	856.0	689.0	261.0	30.0	504.0	964.0	184.0	197.0	1501.0	838.0	717.0
GCG	675.0	987.0	1105.0	559.0	302.0	1278.0	792.0	256.0	128.0	807.0	177.0	281.0	186.0	1838.0	1365.0	703.0	486.0	511.0	1421.0	421.0	236.0	579.0	912.0	291.0	222.0	1237.0	652.0	576.0	135.0	851.0	2505.0	483.0	1565.0	1274.0	1571.0	1143.0	842.0	2269.0	1774.0	744.0	558.0	1698.0	724.0	829.0	348.0	1068.0	1765.0	531.0	20.0	685.0	15.0	556.0	218.0	634.0	597.0	205.0	34.0	343.0	741.0	155.0	167.0	1066.0	741.0	587.0
GCT	636.0	381.0	461.0	413.0	219.0	455.0	299.0	221.0	93.0	296.0	80.0	186.0	135.0	639.0	551.0	570.0	340.0	222.0	512.0	250.0	184.0	256.0	407.0	222.0	127.0	472.0	253.0	256.0	118.0	402.0	751.0	394.0	951.0	590.0	660.0	732.0	586.0	995.0	744.0	580.0	320.0	727.0	318.0	499.0	262.0	509.0	594.0	454.0	18.0	290.0	8.0	375.0	188.0	260.0	239.0	208.0	20.0	129.0	283.0	96.0	221.0	425.0	386.0	513.0
GGA	388.0	311.0	356.0	288.0	176.0	425.0	291.0	157.0	74.0	311.0	80.0	155.0	114.0	593.0	468.0	438.0	227.0	189.0	409.0	208.0	151.0	247.0	386.0	176.0	103.0	393.0	212.0	213.0	89.0	327.0	701.0	250.0	556.0	443.0	511.0	496.0	340.0	649.0	558.0	320.0	318.0	667.0	315.0	426.0	189.0	414.0	532.0	297.0	18.0	236.0	9.0	281.0	142.0	235.0	229.0	144.0	25.0	130.0	309.0	79.0	156.0	398.0	309.0	372.0
GGC	837.0	1297.0	1314.0	663.0	349.0	1963.0	968.0	316.0	130.0	1105.0	167.0	317.0	216.0	2302.0	1643.0	868.0	520.0	734.0	1675.0	542.0	309.0	914.0	1330.0	383.0	235.0	1692.0	639.0	664.0	154.0	1129.0	2860.0	532.0	1800.0	1512.0	1661.0	1219.0	830.0	2537.0	1698.0	727.0	667.0	2678.0	851.0	1140.0	427.0	1450.0	2127.0	627.0	21.0	954.0	13.0	697.0	255.0	812.0	684.0	242.0	27.0	473.0	919.0	168.0	189.0	1395.0	748.0	732.0
GGG	342.0	410.0	543.0	306.0	167.0	580.0	430.0	142.0	73.0	421.0	104.0	162.0	101.0	829.0	682.0	403.0	197.0	214.0	571.0	222.0	131.0	276.0	493.0	169.0	109.0	543.0	307.0	240.0	69.0	374.0	1016.0	249.0	635.0	524.0	701.0	566.0	341.0	838.0	724.0	318.0	315.0	851.0	434.0	417.0	178.0	516.0	801.0	289.0	15.0	309.0	12.0	316.0	129.0	288.0	314.0	128.0	24.0	160.0	423.0	84.0	104.0	490.0	373.0	368.0
GGT	569.0	478.0	595.0	419.0	223.0	653.0	409.0	226.0	86.0	379.0	85.0	204.0	134.0	853.0	632.0	602.0	298.0	277.0	603.0	284.0	200.0	342.0	519.0	236.0	130.0	641.0	280.0	338.0	106.0	460.0	970.0	367.0	883.0	712.0	771.0	765.0	522.0	1081.0	829.0	499.0	426.0	1140.0	417.0	734.0	272.0	668.0	868.0	490.0	14.0	395.0	7.0	415.0	187.0	337.0	337.0	204.0	18.0	176.0	400.0	107.0	197.0	627.0	394.0	561.0
GTA	367.0	232.0	259.0	245.0	130.0	256.0	162.0	126.0	58.0	174.0	45.0	112.0	83.0	317.0	283.0	321.0	197.0	141.0	267.0	138.0	106.0	134.0	210.0	119.0	68.0	233.0	121.0	133.0	61.0	191.0	337.0	182.0	484.0	394.0	382.0	413.0	265.0	433.0	348.0	262.0	189.0	427.0	178.0	272.0	150.0	265.0	336.0	253.0	8.0	128.0	3.0	171.0	100.0	118.0	116.0	101.0	8.0	67.0	132.0	47.0	109.0	203.0	170.0	260.0
GTC	553.0	829.0	817.0	430.0	223.0	1043.0	537.0	193.0	90.0	608.0	101.0	196.0	127.0	1166.0	918.0	468.0	397.0	458.0	1106.0	368.0	199.0	546.0	789.0	234.0	155.0	908.0	380.0	404.0	96.0	611.0	1652.0	342.0	1269.0	1096.0	1106.0	970.0	570.0	1600.0	1068.0	509.0	414.0	1450.0	516.0	668.0	265.0	876.0	1170.0	415.0	13.0	510.0	7.0	398.0	172.0	477.0	402.0	156.0	15.0	261.0	466.0	106.0	109.0	795.0	404.0	420.0
GTG	643.0	1051.0	1118.0	588.0	273.0	1297.0	803.0	238.0	109.0	807.0	148.0	259.0	145.0	1617.0	1279.0	633.0	419.0	542.0	1484.0	457.0	221.0	589.0	1086.0	270.0	194.0	1332.0	627.0	512.0	113.0	731.0	2218.0	425.0	1528.0	1587.0	1675.0	1343.0	690.0	2105.0	1765.0	594.0	532.0	2127.0	801.0	868.0	336.0	1170.0	1792.0	507.0	18.0	665.0	11.0	570.0	205.0	638.0	667.0	203.0	27.0	384.0	740.0	147.0	153.0	1071.0	591.0	592.0
GTT	569.0	376.0	431.0	398.0	196.0	382.0	244.0	205.0	85.0	264.0	67.0	172.0	118.0	497.0	460.0	471.0	328.0	202.0	433.0	256.0	177.0	207.0	340.0	229.0	100.0	343.0	193.0	205.0	102.0	291.0	526.0	326.0	898.0	578.0	606.0	803.0	469.0	677.0	531.0	454.0	297.0	627.0	289.0	490.0	253.0	415.0	507.0	436.0	14.0	244.0	6.0	331.0	177.0	208.0	200.0	201.0	13.0	109.0	229.0	96.0	189.0	367.0	317.0	457.0
TAA	46.0	21.0	39.0	25.0	9.0	14.0	12.0	9.0	10.0	15.0	8.0	9.0	7.0	17.0	15.0	17.0	16.0	8.0	18.0	11.0	6.0	8.0	12.0	6.0	5.0	16.0	10.0	9.0	4.0	10.0	18.0	11.0	36.0	18.0	29.0	21.0	18.0	22.0	20.0	18.0	18.0	21.0	15.0	14.0	8.0	13.0	18.0	14.0	0.0	9.0	0.0	12.0	9.0	9.0	9.0	8.0	0.0	5.0	11.0	3.0	10.0	13.0	14.0	17.0
TAC	424.0	655.0	675.0	344.0	130.0	712.0	390.0	138.0	60.0	429.0	78.0	142.0	70.0	852.0	634.0	352.0	231.0	338.0	718.0	254.0	122.0	356.0	562.0	156.0	88.0	687.0	277.0	242.0	61.0	446.0	988.0	224.0	731.0	794.0	742.0	639.0	295.0	969.0	685.0	290.0	236.0	954.0	309.0	395.0	128.0	510.0	665.0	244.0	9.0	480.0	5.0	333.0	108.0	311.0	305.0	114.0	11.0	173.0	369.0	67.0	89.0	595.0	258.0	316.0
TAG	18.0	11.0	21.0	10.0	4.0	8.0	8.0	4.0	5.0	9.0	7.0	4.0	3.0	10.0	9.0	8.0	7.0	5.0	14.0	5.0	3.0	5.0	8.0	4.0	4.0	12.0	9.0	5.0	2.0	6.0	16.0	5.0	16.0	10.0	19.0	11.0	9.0	13.0	15.0	8.0	9.0	13.0	12.0	7.0	3.0	7.0	11.0	6.0	0.0	5.0	0.0	5.0	4.0	5.0	6.0	4.0	0.0	3.0	7.0	2.0	4.0	7.0	9.0	7.0
TAT	615.0	456.0	529.0	481.0	174.0	435.0	294.0	189.0	91.0	338.0	74.0	177.0	117.0	536.0	526.0	455.0	333.0	260.0	551.0	328.0	160.0	243.0	405.0	212.0	94.0	432.0	232.0	223.0	81.0	310.0	633.0	309.0	902.0	659.0	700.0	873.0	384.0	716.0	556.0	375.0	281.0	697.0	316.0	415.0	171.0	398.0	570.0	331.0	12.0	333.0	5.0	468.0	152.0	217.0	254.0	179.0	10.0	133.0	329.0	92.0	143.0	441.0	315.0	499.0
TCA	257.0	171.0	175.0	189.0	124.0	192.0	127.0	109.0	54.0	136.0	39.0	93.0	80.0	251.0	231.0	246.0	152.0	93.0	168.0	111.0	98.0	109.0	159.0	108.0	50.0	140.0	82.0	87.0	60.0	146.0	244.0	175.0	339.0	229.0	227.0	303.0	203.0	281.0	218.0	188.0	142.0	255.0	129.0	187.0	100.0	172.0	205.0	177.0	9.0	108.0	4.0	152.0	102.0	112.0	108.0	106.0	12.0	51.0	125.0	43.0	98.0	174.0	161.0	224.0
TCC	261.0	426.0	426.0	223.0	131.0	633.0	325.0	115.0	50.0	367.0	61.0	113.0	70.0	737.0	504.0	272.0	185.0	254.0	557.0	187.0	117.0	333.0	488.0	148.0	85.0	497.0	205.0	198.0	58.0	433.0	1021.0	204.0	557.0	584.0	531.0	476.0	289.0	856.0	634.0	260.0	235.0	812.0	288.0	337.0	118.0	477.0	638.0	208.0	9.0	311.0	5.0	217.0	112.0	332.0	293.0	112.0	14.0	149.0	299.0	58.0	79.0	501.0	222.0	243.0
TCG	268.0	447.0	421.0	262.0	131.0	572.0	345.0	111.0	53.0	357.0	70.0	127.0	74.0	729.0	582.0	306.0	169.0	205.0	507.0	173.0	105.0	244.0	420.0	127.0	79.0	418.0	217.0	207.0	56.0	327.0	939.0	189.0	515.0	479.0	518.0	465.0	275.0	689.0	597.0	239.0	229.0	684.0	314.0	337.0	116.0	402.0	667.0	200.0	9.0	305.0	6.0	254.0	108.0	293.0	278.0	105.0	14.0	132.0	305.0	64.0	76.0	447.0	264.0	268.0
TCT	268.0	169.0	187.0	206.0	109.0	168.0	117.0	109.0	47.0	126.0	35.0	96.0	70.0	225.0	225.0	270.0	145.0	80.0	167.0	114.0	90.0	101.0	146.0	110.0	46.0	129.0	74.0	89.0	52.0	130.0	221.0	162.0	362.0	211.0	226.0	339.0	209.0	261.0	205.0	208.0	144.0	242.0	128.0	204.0	101.0	156.0	203.0	201.0	8.0	114.0	4.0	179.0	106.0	112.0	105.0	116.0	9.0	51.0	118.0	46.0	104.0	168.0	167.0	258.0
TGA	37.0	27.0	43.0	21.0	15.0	20.0	20.0	10.0	11.0	22.0	15.0	10.0	6.0	22.0	21.0	14.0	18.0	14.0	34.0	18.0	10.0	12.0	19.0	10.0	10.0	24.0	19.0	16.0	5.0	14.0	34.0	12.0	42.0	24.0	41.0	27.0	28.0	30.0	34.0	20.0	25.0	27.0	24.0	18.0	8.0	15.0	27.0	13.0	0.0	11.0	0.0	10.0	12.0	14.0	14.0	9.0	0.0	8.0	15.0	5.0	6.0	17.0	17.0	13.0
TGC	148.0	248.0	225.0	135.0	70.0	323.0	171.0	58.0	31.0	203.0	40.0	59.0	40.0	411.0	294.0	159.0	100.0	157.0	304.0	114.0	58.0	170.0	237.0	68.0	45.0	301.0	136.0	102.0	31.0	202.0	511.0	94.0	327.0	337.0	364.0	241.0	156.0	504.0	343.0	129.0	130.0	473.0	160.0	176.0	67.0	261.0	384.0	109.0	5.0	173.0	3.0	133.0	51.0	149.0	132.0	51.0	8.0	124.0	169.0	45.0	41.0	254.0	121.0	137.0
TGG	448.0	543.0	585.0	355.0	164.0	654.0	376.0	130.0	85.0	450.0	108.0	154.0	83.0	740.0	630.0	327.0	252.0	312.0	725.0	247.0	143.0	332.0	537.0	149.0	112.0	645.0	361.0	249.0	65.0	391.0	979.0	217.0	741.0	750.0	834.0	629.0	338.0	964.0	741.0	283.0	309.0	919.0	423.0	400.0	132.0	466.0	740.0	229.0	11.0	369.0	7.0	329.0	125.0	299.0	305.0	118.0	15.0	169.0	558.0	70.0	96.0	556.0	291.0	354.0
TGT	124.0	83.0	92.0	89.0	51.0	99.0	67.0	44.0	25.0	71.0	21.0	44.0	33.0	129.0	113.0	125.0	67.0	57.0	102.0	64.0	40.0	56.0	95.0	48.0	26.0	95.0	56.0	51.0	23.0	77.0	157.0	73.0	184.0	130.0	158.0	155.0	107.0	184.0	155.0	96.0	79.0	168.0	84.0	107.0	47.0	106.0	147.0	96.0	3.0	67.0	2.0	92.0	43.0	58.0	64.0	46.0	5.0	45.0	70.0	36.0	45.0	97.0	85.0	125.0
TTA	333.0	170.0	209.0	219.0	121.0	134.0	91.0	110.0	76.0	132.0	46.0	105.0	89.0	190.0	215.0	235.0	169.0	86.0	177.0	123.0	89.0	70.0	94.0	110.0	50.0	91.0	51.0	93.0	55.0	90.0	154.0	165.0	429.0	197.0	244.0	368.0	221.0	197.0	167.0	221.0	156.0	189.0	104.0	197.0	109.0	109.0	153.0	189.0	10.0	89.0	4.0	143.0	98.0	79.0	76.0	104.0	6.0	41.0	96.0	45.0	104.0	125.0	160.0	204.0
TTC	578.0	909.0	925.0	484.0	208.0	1115.0	555.0	193.0	87.0	658.0	108.0	196.0	106.0	1204.0	945.0	465.0	359.0	517.0	1167.0	353.0	196.0	551.0	892.0	221.0	148.0	1014.0	412.0	390.0	91.0	657.0	1630.0	304.0	1137.0	1121.0	1142.0	917.0	469.0	1501.0	1066.0	425.0	398.0	1395.0	490.0	627.0	203.0	795.0	1071.0	367.0	13.0	595.0	7.0	441.0	174.0	501.0	447.0	168.0	17.0	254.0	556.0	97.0	125.0	936.0	369.0	465.0
TTG	544.0	425.0	541.0	411.0	200.0	451.0	335.0	170.0	96.0	312.0	98.0	191.0	117.0	534.0	533.0	404.0	295.0	235.0	587.0	257.0	140.0	225.0	402.0	174.0	118.0	477.0	318.0	237.0	82.0	307.0	730.0	272.0	889.0	656.0	833.0	789.0	413.0	838.0	741.0	386.0	309.0	748.0	373.0	394.0	170.0	404.0	591.0	317.0	14.0	258.0	9.0	315.0	161.0	222.0	264.0	167.0	17.0	121.0	291.0	85.0	160.0	369.0	358.0	416.0
TTT	852.0	490.0	610.0	627.0	254.0	475.0	327.0	262.0	123.0	376.0	93.0	269.0	158.0	650.0	644.0	645.0	411.0	240.0	549.0	362.0	213.0	253.0	408.0	293.0	117.0	425.0	232.0	253.0	107.0	328.0	635.0	366.0	1119.0	650.0	761.0	1023.0	508.0	717.0	587.0	513.0	372.0	732.0	368.0	561.0	260.0	420.0	592.0	457.0	17.0	316.0	7.0	499.0	224.0	243.0	268.0	258.0	13.0	137.0	354.0	125.0	204.0	465.0	416.0	702.0
