Proteome_ID	M	W	C	D	E	F	H	K	N	Q	Y	I	A	G	P	T	V	L	R	S
UP000001015	0.05920362302750869	0.029332169174778103	0.029332169174778103	0.029332169174778103	0.029332169174778103	0.05920362302750869	0.029332169174778103	0.05920362302750869	0.05920362302750869	0.029332169174778103	0.05920362302750869	0.05920362302750869	0.02906498300274741	0.03884237272767344	0.02906498300274741	0.05866433834955621	0.05866433834955621	0.1178679613770649	0.03884237272767344	0.09777389724926035
UP000007478	0.050358797424627115	0.030954490160091892	0.030954490160091892	0.030954490160091892	0.030954490160091892	0.050358797424627115	0.030954490160091892	0.050358797424627115	0.050358797424627115	0.030954490160091892	0.050358797424627115	0.050358797424627115	0.03805414386653498	0.048372307253232286	0.03805414386653498	0.061908980320183785	0.061908980320183785	0.1122677777448109	0.048372307253232286	0.10318163386697297
UP000000674	0.025339009236062544	0.03164900992709995	0.03164900992709995	0.03164900992709995	0.03164900992709995	0.025339009236062544	0.03164900992709995	0.025339009236062544	0.025339009236062544	0.03164900992709995	0.025339009236062544	0.025339009236062544	0.07906069412849076	0.08961036410419075	0.07906069412849076	0.0632980198541999	0.0632980198541999	0.08863702909026244	0.08961036410419075	0.10549669975699985
UP000001931	0.06291457239703523	0.02851355225351815	0.02851355225351815	0.02851355225351815	0.02851355225351815	0.06291457239703523	0.02851355225351815	0.06291457239703523	0.06291457239703523	0.02851355225351815	0.06291457239703523	0.06291457239703523	0.025845289291115733	0.03534980670895512	0.025845289291115733	0.0570271045070363	0.0570271045070363	0.11994167690407152	0.03534980670895512	0.09504517417839382
UP000000641	0.025623169711844248	0.031691440705053614	0.031691440705053614	0.031691440705053614	0.031691440705053614	0.025623169711844248	0.031691440705053614	0.025623169711844248	0.025623169711844248	0.031691440705053614	0.025623169711844248	0.025623169711844248	0.07839369018405808	0.08895750375240928	0.07839369018405808	0.06338288141010723	0.06338288141010723	0.08900605112195148	0.08895750375240928	0.10563813568351205
UP000002518	0.023242548479213306	0.03128125886563135	0.03128125886563135	0.03128125886563135	0.03128125886563135	0.023242548479213306	0.03128125886563135	0.023242548479213306	0.023242548479213306	0.03128125886563135	0.023242548479213306	0.023242548479213306	0.08420050469885133	0.0946275909873951	0.08420050469885133	0.0625625177312627	0.0625625177312627	0.08580506621047601	0.0946275909873951	0.10427086288543783
UP000001826	0.019652916701333227	0.030396001663855702	0.030396001663855702	0.030396001663855702	0.030396001663855702	0.019652916701333227	0.030396001663855702	0.019652916701333227	0.019652916701333227	0.030396001663855702	0.019652916701333227	0.019652916701333227	0.094023389117244	0.10415538967186257	0.094023389117244	0.060792003327711404	0.060792003327711404	0.08044492002904463	0.10415538967186257	0.10132000554618567
UP000005223	0.031192241820871124	0.0322163516135787	0.0322163516135787	0.0322163516135787	0.0322163516135787	0.031192241820871124	0.0322163516135787	0.031192241820871124	0.031192241820871124	0.0322163516135787	0.031192241820871124	0.031192241820871124	0.06654817035916075	0.07728695423035366	0.06654817035916075	0.0644327032271574	0.0644327032271574	0.09562494504802853	0.07728695423035366	0.10738783871192899
UP000000536	0.025814552817426107	0.031719072084223573	0.031719072084223573	0.031719072084223573	0.031719072084223573	0.025814552817426107	0.031719072084223573	0.025814552817426107	0.025814552817426107	0.031719072084223573	0.025814552817426107	0.025814552817426107	0.07794824423261003	0.08852126826068457	0.07794824423261003	0.06343814416844715	0.06343814416844715	0.08925269698587325	0.08852126826068457	0.10573024028074522
UP000002199	0.03433020539312973	0.0322925838717534	0.0322925838717534	0.0322925838717534	0.0322925838717534	0.03433020539312973	0.0322925838717534	0.03433020539312973	0.03433020539312973	0.0322925838717534	0.03433020539312973	0.03433020539312973	0.06075180507500943	0.07151599969892723	0.06075180507500943	0.0645851677435068	0.0645851677435068	0.09891537313663652	0.07151599969892723	0.10764194623917797
UP000002439	0.02993148475876832	0.032144455164273424	0.032144455164273424	0.032144455164273424	0.032144455164273424	0.02993148475876832	0.032144455164273424	0.02993148475876832	0.02993148475876832	0.032144455164273424	0.02993148475876832	0.02993148475876832	0.06904208101506176	0.07975689940315288	0.06904208101506176	0.06428891032854685	0.06428891032854685	0.09422039508731517	0.07975689940315288	0.10714818388091138
UP000001024	0.03514196291439627	0.03229033690537952	0.03229033690537952	0.03229033690537952	0.03229033690537952	0.03514196291439627	0.03229033690537952	0.03514196291439627	0.03514196291439627	0.03229033690537952	0.03514196291439627	0.03514196291439627	0.05934021727828845	0.07010366291341494	0.05934021727828845	0.06458067381075903	0.06458067381075903	0.09972263672515531	0.07010366291341494	0.10763445635126505
UP000000578	0.05955866112735377	0.029257085817259554	0.029257085817259554	0.029257085817259554	0.029257085817259554	0.05955866112735377	0.029257085817259554	0.05955866112735377	0.05955866112735377	0.029257085817259554	0.05955866112735377	0.05955866112735377	0.028743999758092675	0.038496361697179196	0.028743999758092675	0.05851417163451911	0.05851417163451911	0.11807283276187289	0.038496361697179196	0.09752361939086518
UP000001686	0.03194127402806514	0.0322474311841849	0.0322474311841849	0.0322474311841849	0.0322474311841849	0.03194127402806514	0.0322474311841849	0.03194127402806514	0.03194127402806514	0.0322474311841849	0.03194127402806514	0.03194127402806514	0.06511304571414639	0.07586218944220802	0.06511304571414639	0.0644948623683698	0.0644948623683698	0.09643613639643496	0.07586218944220802	0.10749143728061634
UP000002698	0.015896567927628433	0.029032916822792056	0.029032916822792056	0.029032916822792056	0.029032916822792056	0.015896567927628433	0.029032916822792056	0.015896567927628433	0.015896567927628433	0.029032916822792056	0.015896567927628433	0.015896567927628433	0.10604933883548202	0.1157269777764127	0.10604933883548202	0.05806583364558411	0.05806583364558411	0.07396240157321254	0.1157269777764127	0.09677638940930684
UP000001975	0.03412975154890599	0.03229181073482839	0.03229181073482839	0.03229181073482839	0.03229181073482839	0.03412975154890599	0.03229181073482839	0.03412975154890599	0.03412975154890599	0.03229181073482839	0.03412975154890599	0.03412975154890599	0.061105691850100986	0.07186962876171044	0.061105691850100986	0.06458362146965678	0.06458362146965678	0.09871337301856278	0.07186962876171044	0.10763936911609462
UP000001013	0.04428015179814438	0.031746885860680564	0.031746885860680564	0.031746885860680564	0.031746885860680564	0.04428015179814438	0.031746885860680564	0.04428015179814438	0.04428015179814438	0.031746885860680564	0.04428015179814438	0.04428015179814438	0.04552219091052509	0.056104486197418604	0.04552219091052509	0.06349377172136113	0.06349377172136113	0.10777392351950552	0.056104486197418604	0.1058229528689352
UP000000590	0.05530607573463936	0.030108236406099838	0.030108236406099838	0.030108236406099838	0.030108236406099838	0.05530607573463936	0.030108236406099838	0.05530607573463936	0.05530607573463936	0.030108236406099838	0.05530607573463936	0.05530607573463936	0.032781421839981756	0.042817500642015026	0.032781421839981756	0.060216472812199676	0.060216472812199676	0.11552254854683904	0.042817500642015026	0.10036078802033278
UP000001974	0.05433767729141474	0.030286684201627462	0.030286684201627462	0.030286684201627462	0.030286684201627462	0.05433767729141474	0.030286684201627462	0.05433767729141474	0.05433767729141474	0.030286684201627462	0.05433767729141474	0.05433767729141474	0.033762327933514365	0.04385788933405684	0.033762327933514365	0.060573368403254925	0.060573368403254925	0.11491104569466966	0.04385788933405684	0.10095561400542485
UP000001018	0.05301996128142437	0.030519757996075682	0.030519757996075682	0.030519757996075682	0.030519757996075682	0.05301996128142437	0.030519757996075682	0.05301996128142437	0.05301996128142437	0.030519757996075682	0.05301996128142437	0.05301996128142437	0.03513603577320463	0.04530928843856319	0.03513603577320463	0.061039515992151364	0.061039515992151364	0.11405947727357572	0.04530928843856319	0.1017325266535856
UP000001137	0.03808276747031047	0.03221398267550726	0.03221398267550726	0.03221398267550726	0.03221398267550726	0.03808276747031047	0.03221398267550726	0.03808276747031047	0.03808276747031047	0.03221398267550726	0.03808276747031047	0.03808276747031047	0.054499226224927616	0.0652372204500967	0.054499226224927616	0.06442796535101453	0.06442796535101453	0.10251073282132499	0.0652372204500967	0.10737994225169088
UP000000554	0.013524598033522243	0.027869110403706775	0.027869110403706775	0.027869110403706775	0.027869110403706775	0.013524598033522243	0.027869110403706775	0.013524598033522243	0.013524598033522243	0.027869110403706775	0.013524598033522243	0.013524598033522243	0.11485551182650901	0.12414521529441126	0.11485551182650901	0.05573822080741355	0.05573822080741355	0.06926281884093578	0.12414521529441126	0.09289703467902258
UP000000365	0.029004529045424533	0.03207512361257137	0.03207512361257137	0.03207512361257137	0.03207512361257137	0.029004529045424533	0.03207512361257137	0.029004529045424533	0.029004529045424533	0.03207512361257137	0.029004529045424533	0.029004529045424533	0.0709415797202216	0.0816332875910787	0.0709415797202216	0.06415024722514275	0.06415024722514275	0.09315477627056729	0.0816332875910787	0.10691707870857124
UP000008243	0.015523388664950318	0.02886743845703715	0.02886743845703715	0.02886743845703715	0.02886743845703715	0.015523388664950318	0.02886743845703715	0.015523388664950318	0.015523388664950318	0.02886743845703715	0.015523388664950318	0.015523388664950318	0.10736431600818835	0.11698679549386741	0.10736431600818835	0.0577348769140743	0.0577348769140743	0.07325826557902462	0.11698679549386741	0.0962247948567905
UP000000805	0.06210641316307597	0.028698060652272653	0.028698060652272653	0.028698060652272653	0.028698060652272653	0.06210641316307597	0.028698060652272653	0.06210641316307597	0.06210641316307597	0.028698060652272653	0.06210641316307597	0.06210641316307597	0.026521534355526448	0.03608755457295066	0.026521534355526448	0.05739612130454531	0.05739612130454531	0.11950253446762128	0.03608755457295066	0.09566020217424218
UP000001400	0.044598316030847046	0.03171299196445792	0.03171299196445792	0.03171299196445792	0.03171299196445792	0.044598316030847046	0.03171299196445792	0.044598316030847046	0.044598316030847046	0.03171299196445792	0.044598316030847046	0.044598316030847046	0.04510097908818604	0.05567197640967201	0.04510097908818604	0.06342598392891584	0.06342598392891584	0.10802429995976287	0.05567197640967201	0.10570997321485971
UP000002408	0.023273197916813773	0.03128736437190462	0.03128736437190462	0.03128736437190462	0.03128736437190462	0.023273197916813773	0.03128736437190462	0.023273197916813773	0.023273197916813773	0.03128736437190462	0.023273197916813773	0.023273197916813773	0.08412244615795741	0.09455156761525896	0.08412244615795741	0.06257472874380925	0.06257472874380925	0.08584792666062302	0.09455156761525896	0.1042912145730154
UP000000254	0.051259817443861024	0.03081285334873517	0.03081285334873517	0.03081285334873517	0.03081285334873517	0.051259817443861024	0.03081285334873517	0.051259817443861024	0.051259817443861024	0.03081285334873517	0.051259817443861024	0.051259817443861024	0.037043906078302505	0.047314857194547554	0.037043906078302505	0.06162570669747034	0.06162570669747034	0.11288552414133135	0.047314857194547554	0.10270951116245054
UP000000663	0.022396782515038533	0.031103682882545242	0.031103682882545242	0.031103682882545242	0.031103682882545242	0.022396782515038533	0.031103682882545242	0.022396782515038533	0.022396782515038533	0.031103682882545242	0.022396782515038533	0.022396782515038533	0.08639089906850161	0.09675879336268335	0.08639089906850161	0.062207365765090485	0.062207365765090485	0.08460414828012901	0.09675879336268335	0.10367894294181747
UP000002613	0.0391656884367719	0.03216070883967318	0.03216070883967318	0.03216070883967318	0.03216070883967318	0.0391656884367719	0.03216070883967318	0.0391656884367719	0.0391656884367719	0.03216070883967318	0.0391656884367719	0.0391656884367719	0.052817209876956386	0.06353744615684744	0.052817209876956386	0.06432141767934636	0.06432141767934636	0.10348710611611826	0.06353744615684744	0.1072023627989106
UP000002487	0.0346692366945764	0.032292685943928534	0.032292685943928534	0.032292685943928534	0.032292685943928534	0.0346692366945764	0.032292685943928534	0.0346692366945764	0.0346692366945764	0.032292685943928534	0.0346692366945764	0.0346692366945764	0.06015809200877714	0.0709223206567533	0.06015809200877714	0.06458537188785707	0.06458537188785707	0.09925460858243348	0.0709223206567533	0.10764228647976179
UP000007722	0.06090606038888962	0.028965798791963454	0.028965798791963454	0.028965798791963454	0.028965798791963454	0.06090606038888962	0.028965798791963454	0.06090606038888962	0.06090606038888962	0.028965798791963454	0.06090606038888962	0.06090606038888962	0.027551199151589312	0.03720646541557713	0.027551199151589312	0.05793159758392691	0.05793159758392691	0.11883765797281652	0.03720646541557713	0.09655266263987819
UP000002071	0.01712131111549323	0.029534945712780543	0.029534945712780543	0.029534945712780543	0.029534945712780543	0.01712131111549323	0.029534945712780543	0.01712131111549323	0.01712131111549323	0.029534945712780543	0.01712131111549323	0.01712131111549323	0.10189792269676469	0.11174290460102487	0.10189792269676469	0.059069891425561086	0.059069891425561086	0.07619120254105433	0.11174290460102487	0.09844981904260179
UP000002376	0.035245511345710565	0.03228944017545659	0.03228944017545659	0.03228944017545659	0.03228944017545659	0.035245511345710565	0.03228944017545659	0.035245511345710565	0.035245511345710565	0.03228944017545659	0.035245511345710565	0.035245511345710565	0.059162594443180186	0.06992574116833236	0.059162594443180186	0.06457888035091318	0.06457888035091318	0.09982439169662373	0.06992574116833236	0.10763146725152195
UP000001941	0.03336012026543834	0.03228382260970709	0.03228382260970709	0.03228382260970709	0.03228382260970709	0.03336012026543834	0.03228382260970709	0.03336012026543834	0.03336012026543834	0.03228382260970709	0.03336012026543834	0.03336012026543834	0.06248449909665456	0.07324577329989025	0.06248449909665456	0.06456764521941417	0.06456764521941417	0.0979277654848525	0.07324577329989025	0.10761274203235693
UP000000391	0.04987579982795023	0.031027997391670427	0.031027997391670427	0.031027997391670427	0.031027997391670427	0.04987579982795023	0.031027997391670427	0.04987579982795023	0.04987579982795023	0.031027997391670427	0.04987579982795023	0.04987579982795023	0.03860536073440542	0.048948026531628885	0.03860536073440542	0.062055994783340854	0.062055994783340854	0.11193179461129109	0.048948026531628885	0.10342665797223474
UP000009079	0.04688850750574577	0.03144335035063837	0.03144335035063837	0.03144335035063837	0.03144335035063837	0.04688850750574577	0.03144335035063837	0.04688850750574577	0.04688850750574577	0.03144335035063837	0.04688850750574577	0.04688850750574577	0.04217171046239147	0.05265282724593758	0.04217171046239147	0.06288670070127673	0.06288670070127673	0.1097752082070225	0.05265282724593758	0.1048111678354612
UP000000242	0.03664299513724251	0.03226428335156309	0.03226428335156309	0.03226428335156309	0.03226428335156309	0.03664299513724251	0.03226428335156309	0.03664299513724251	0.03664299513724251	0.03226428335156309	0.03664299513724251	0.03664299513724251	0.05681762510357325	0.06757238622076094	0.05681762510357325	0.06452856670312618	0.06452856670312618	0.10117156184036867	0.06757238622076094	0.10754761117187694
UP000002654	0.01825666167730733	0.029948586186523574	0.029948586186523574	0.029948586186523574	0.029948586186523574	0.01825666167730733	0.029948586186523574	0.01825666167730733	0.01825666167730733	0.029948586186523574	0.01825666167730733	0.01825666167730733	0.09825649731861787	0.10823935938079238	0.09825649731861787	0.05989717237304715	0.05989717237304715	0.07815383405035448	0.10823935938079238	0.09982862062174523
UP000002593	0.02837140883021497	0.032019345500669746	0.032019345500669746	0.032019345500669746	0.032019345500669746	0.02837140883021497	0.032019345500669746	0.02837140883021497	0.02837140883021497	0.032019345500669746	0.02837140883021497	0.02837140883021497	0.0722726525444448	0.08294576771133473	0.0722726525444448	0.06403869100133949	0.06403869100133949	0.09241009983155445	0.08294576771133473	0.10673115166889915
UP000001746	0.015441818066990158	0.028830447252569932	0.028830447252569932	0.028830447252569932	0.028830447252569932	0.015441818066990158	0.028830447252569932	0.015441818066990158	0.015441818066990158	0.028830447252569932	0.015441818066990158	0.015441818066990158	0.10765502937248751	0.11726517845667749	0.10765502937248751	0.057660894505139865	0.057660894505139865	0.07310271257213002	0.11726517845667749	0.09610149084189976
UP000001059	0.04122237514398909	0.03202520105865811	0.03202520105865811	0.03202520105865811	0.03202520105865811	0.04122237514398909	0.03202520105865811	0.04122237514398909	0.04122237514398909	0.03202520105865811	0.04122237514398909	0.04122237514398909	0.04976003926338668	0.060435106282939376	0.04976003926338668	0.06405040211731622	0.06405040211731622	0.10527277726130531	0.060435106282939376	0.10675067019552702
UP000000262	0.023919651364325927	0.03141094718398731	0.03141094718398731	0.03141094718398731	0.03141094718398731	0.023919651364325927	0.03141094718398731	0.023919651364325927	0.023919651364325927	0.03141094718398731	0.023919651364325927	0.023919651364325927	0.08249682137648037	0.09296713710447614	0.08249682137648037	0.06282189436797463	0.06282189436797463	0.08674154573230056	0.09296713710447614	0.10470315727995771
UP000001879	0.021220424854319995	0.030826106352521535	0.030826106352521535	0.030826106352521535	0.030826106352521535	0.021220424854319995	0.030826106352521535	0.021220424854319995	0.021220424854319995	0.030826106352521535	0.021220424854319995	0.021220424854319995	0.08955983109485385	0.0998351998790277	0.08955983109485385	0.06165221270504307	0.06165221270504307	0.08287263755936307	0.0998351998790277	0.10275368784173845
UP000000740	0.013352954754932197	0.02777376429062786	0.02777376429062786	0.02777376429062786	0.02777376429062786	0.013352954754932197	0.02777376429062786	0.013352954754932197	0.013352954754932197	0.02777376429062786	0.013352954754932197	0.013352954754932197	0.11553727201635718	0.12479519344656645	0.11553727201635718	0.05554752858125572	0.05554752858125572	0.06890048333618791	0.12479519344656645	0.09257921430209289
UP000008680	0.05258046394382765	0.030594929902832173	0.030594929902832173	0.030594929902832173	0.030594929902832173	0.05258046394382765	0.030594929902832173	0.05258046394382765	0.05258046394382765	0.030594929902832173	0.05258046394382765	0.05258046394382765	0.03560446848697294	0.04580277845458366	0.03560446848697294	0.06118985980566435	0.06118985980566435	0.113770323749492	0.04580277845458366	0.10198309967610722
UP000000792	0.05512779224737791	0.030141535272434256	0.030141535272434256	0.030141535272434256	0.030141535272434256	0.05512779224737791	0.030141535272434256	0.05512779224737791	0.05512779224737791	0.030141535272434256	0.05512779224737791	0.05512779224737791	0.03296022247735163	0.04300740090149637	0.03296022247735163	0.06028307054486851	0.06028307054486851	0.11541086279224644	0.04300740090149637	0.10047178424144751
UP000002457	0.022465183535883115	0.031118708641692076	0.031118708641692076	0.031118708641692076	0.031118708641692076	0.022465183535883115	0.031118708641692076	0.022465183535883115	0.022465183535883115	0.031118708641692076	0.022465183535883115	0.022465183535883115	0.08621109424543623	0.09658399712600026	0.08621109424543623	0.06223741728338415	0.06223741728338415	0.08470260081926725	0.09658399712600026	0.10372902880564024
UP000000758	0.021336116823283673	0.030855054250448332	0.030855054250448332	0.030855054250448332	0.030855054250448332	0.021336116823283673	0.030855054250448332	0.021336116823283673	0.021336116823283673	0.030855054250448332	0.021336116823283673	0.021336116823283673	0.08924157855746025	0.09952659664094302	0.08924157855746025	0.061710108500896664	0.061710108500896664	0.08304622532418032	0.09952659664094302	0.10285018083482776
UP000006565	0.034869524133493854	0.03229204211424021	0.03229204211424021	0.03229204211424021	0.03229204211424021	0.034869524133493854	0.03229204211424021	0.034869524133493854	0.034869524133493854	0.03229204211424021	0.034869524133493854	0.034869524133493854	0.05981016430942496	0.07057417834750501	0.05981016430942496	0.06458408422848042	0.06458408422848042	0.09945360836197426	0.07057417834750501	0.10764014038080068
UP000001169	0.01692665737542669	0.02945918247000968	0.02945918247000968	0.02945918247000968	0.02945918247000968	0.01692665737542669	0.02945918247000968	0.01692665737542669	0.01692665737542669	0.02945918247000968	0.01692665737542669	0.01692665737542669	0.10254161971296459	0.11236134720296781	0.10254161971296459	0.05891836494001936	0.05891836494001936	0.07584502231544604	0.11236134720296781	0.09819727490003226
UP000006681	0.039946078490383265	0.03211445828004949	0.03211445828004949	0.03211445828004949	0.03211445828004949	0.039946078490383265	0.03211445828004949	0.039946078490383265	0.039946078490383265	0.03211445828004949	0.039946078490383265	0.039946078490383265	0.05163652952163134	0.06234134894831451	0.05163652952163134	0.06422891656009898	0.06422891656009898	0.10417499505048225	0.06234134894831451	0.10704819426683163
UP000009227	0.05023229533219949	0.030973907345413748	0.030973907345413748	0.030973907345413748	0.030973907345413748	0.05023229533219949	0.030973907345413748	0.05023229533219949	0.05023229533219949	0.030973907345413748	0.05023229533219949	0.05023229533219949	0.038197853786995875	0.048522489568800446	0.038197853786995875	0.061947814690827496	0.061947814690827496	0.11218011002302698	0.048522489568800446	0.10324635781804582
UP000000346	0.01895413512015599	0.030180112556883295	0.030180112556883295	0.030180112556883295	0.030180112556883295	0.01895413512015599	0.030180112556883295	0.01895413512015599	0.01895413512015599	0.030180112556883295	0.01895413512015599	0.01895413512015599	0.09610981331219387	0.10616985083115496	0.09610981331219387	0.06036022511376659	0.06036022511376659	0.07931436023392259	0.10616985083115496	0.10060037518961097
UP000005877	0.01854407436331055	0.030045992853794817	0.030045992853794817	0.030045992853794817	0.030045992853794817	0.01854407436331055	0.030045992853794817	0.01854407436331055	0.01854407436331055	0.030045992853794817	0.01854407436331055	0.01854407436331055	0.09736389844902726	0.10737922940029218	0.09736389844902726	0.06009198570758963	0.06009198570758963	0.0786360600709002	0.10737922940029218	0.10015330951264938
UP000001304	0.05691781566586732	0.029798282469110596	0.029798282469110596	0.029798282469110596	0.029798282469110596	0.05691781566586732	0.029798282469110596	0.05691781566586732	0.05691781566586732	0.029798282469110596	0.05691781566586732	0.05691781566586732	0.031200692708289776	0.04113345353132665	0.031200692708289776	0.05959656493822119	0.05959656493822119	0.11651438060408853	0.04113345353132665	0.09932760823036867
UP000002315	0.06081068013276321	0.028986743933139467	0.028986743933139467	0.028986743933139467	0.028986743933139467	0.06081068013276321	0.028986743933139467	0.06081068013276321	0.06081068013276321	0.028986743933139467	0.06081068013276321	0.06081068013276321	0.027634334035106536	0.03729658201281969	0.027634334035106536	0.057973487866278935	0.057973487866278935	0.11878416799904215	0.03729658201281969	0.09662247977713156
UP000012076	0.021597987857264217	0.03091922472197825	0.03091922472197825	0.03091922472197825	0.03091922472197825	0.021597987857264217	0.03091922472197825	0.021597987857264217	0.021597987857264217	0.03091922472197825	0.021597987857264217	0.021597987857264217	0.0885266223618746	0.09883303060253401	0.0885266223618746	0.0618384494439565	0.0618384494439565	0.08343643730122073	0.09883303060253401	0.10306408240659418
UP000006663	0.02232700240048368	0.031088231190546895	0.031088231190546895	0.031088231190546895	0.031088231190546895	0.02232700240048368	0.031088231190546895	0.02232700240048368	0.02232700240048368	0.031088231190546895	0.02232700240048368	0.02232700240048368	0.08657482103696602	0.09693756476714831	0.08657482103696602	0.06217646238109379	0.06217646238109379	0.08450346478157747	0.09693756476714831	0.10362743730182297
UP000014070	0.04823865750411682	0.03126419274503801	0.03126419274503801	0.03126419274503801	0.03126419274503801	0.04823865750411682	0.03126419274503801	0.04823865750411682	0.04823865750411682	0.03126419274503801	0.04823865750411682	0.04823865750411682	0.040525578387643514	0.05094697596932285	0.040525578387643514	0.06252838549007601	0.06252838549007601	0.11076704299419284	0.05094697596932285	0.10421397581679334
UP000001901	0.03981086653247438	0.03212293257001713	0.03212293257001713	0.03212293257001713	0.03212293257001713	0.03981086653247438	0.03212293257001713	0.03981086653247438	0.03981086653247438	0.03212293257001713	0.03981086653247438	0.03981086653247438	0.051839253288101315	0.06254689747810702	0.051839253288101315	0.06424586514003426	0.06424586514003426	0.10405673167250865	0.06254689747810702	0.10707644190005708
UP000006794	0.01256546521944491	0.027314598934882233	0.027314598934882233	0.027314598934882233	0.027314598934882233	0.01256546521944491	0.027314598934882233	0.01256546521944491	0.01256546521944491	0.027314598934882233	0.01256546521944491	0.01256546521944491	0.11875204012644247	0.1278569064380699	0.11875204012644247	0.054629197869764466	0.054629197869764466	0.06719466308920938	0.1278569064380699	0.0910486631162741
UP000011511	0.03024535956964364	0.03216471708583392	0.03216471708583392	0.03216471708583392	0.03216471708583392	0.03024535956964364	0.03216471708583392	0.03024535956964364	0.03024535956964364	0.03216471708583392	0.03024535956964364	0.03024535956964364	0.06841175240978799	0.07913332477173261	0.06841175240978799	0.06432943417166784	0.06432943417166784	0.09457479374131146	0.07913332477173261	0.10721572361944637
UP000007807	0.02755322782648298	0.031936695889787085	0.031936695889787085	0.031936695889787085	0.031936695889787085	0.02755322782648298	0.031936695889787085	0.02755322782648298	0.02755322782648298	0.031936695889787085	0.02755322782648298	0.02755322782648298	0.07403506774450642	0.08468063304110213	0.07403506774450642	0.06387339177957417	0.06387339177957417	0.09142661960605716	0.08468063304110213	0.10645565296595695
UP000007490	0.04746557175825399	0.031368551770672194	0.031368551770672194	0.031368551770672194	0.031368551770672194	0.04746557175825399	0.031368551770672194	0.04746557175825399	0.04746557175825399	0.031368551770672194	0.04746557175825399	0.04746557175825399	0.04146104234036672	0.0519172262639241	0.04146104234036672	0.06273710354134439	0.06273710354134439	0.11020267529959837	0.0519172262639241	0.10456183923557397
UP000058290	0.023614615347415498	0.03135385903270293	0.03135385903270293	0.03135385903270293	0.03135385903270293	0.023614615347415498	0.03135385903270293	0.023614615347415498	0.023614615347415498	0.03135385903270293	0.023614615347415498	0.023614615347415498	0.08325898701121112	0.09371027335544543	0.08325898701121112	0.06270771806540586	0.06270771806540586	0.08632233341282136	0.09371027335544543	0.1045128634423431
UP000006622	0.043655325433332774	0.03181082001615252	0.03181082001615252	0.03181082001615252	0.03181082001615252	0.043655325433332774	0.03181082001615252	0.043655325433332774	0.043655325433332774	0.03181082001615252	0.043655325433332774	0.043655325433332774	0.04635990042705753	0.05696350709910838	0.04635990042705753	0.06362164003230504	0.06362164003230504	0.10727696546563781	0.05696350709910838	0.10603606672050839
UP000012672	0.023671440407148775	0.03136465853947213	0.03136465853947213	0.03136465853947213	0.03136465853947213	0.023671440407148775	0.03136465853947213	0.023671440407148775	0.023671440407148775	0.03136465853947213	0.023671440407148775	0.023671440407148775	0.08311634512960117	0.0935712313094252	0.08311634512960117	0.06272931707894426	0.06272931707894426	0.08640075748609305	0.0935712313094252	0.10454886179824043
