Proteome_ID	M	W	C	D	E	F	H	K	N	Q	Y	I	A	G	P	T	V	L	R	S
UP000000242	0.017092084559393313	0.023386051892051677	0.03193209417174833	0.03193209417174833	0.03193209417174833	0.03677801214411881	0.03193209417174833	0.03677801214411881	0.03677801214411881	0.05032110024380774	0.03677801214411881	0.056463939728844316	0.055449361112708095	0.055449361112708095	0.055449361112708095	0.06386418834349666	0.06386418834349666	0.10064220048761548	0.08738145528445643	0.095796282515245
UP000000254	0.01910394552598217	0.020257666032353915	0.029809638795344998	0.029809638795344998	0.029809638795344998	0.05319428656948337	0.029809638795344998	0.05319428656948337	0.05319428656948337	0.056406782080086676	0.05319428656948337	0.08728462761298456	0.033410150691586496	0.033410150691586496	0.033410150691586496	0.059619277590689995	0.059619277590689995	0.11281356416017335	0.0632197894869315	0.08942891638603498
UP000000262	0.013711550101265546	0.02449047522884261	0.03134625027947538	0.03134625027947538	0.03134625027947538	0.024372724052599517	0.03134625027947538	0.024372724052599517	0.024372724052599517	0.04353261230577514	0.024372724052599517	0.035033898003933486	0.08063008504613262	0.08063008504613262	0.08063008504613262	0.06269250055895076	0.06269250055895076	0.08706522461155028	0.111976335325608	0.09403875083842614
UP000000346	0.013316377335451638	0.024493640177419077	0.031151828845144898	0.031151828845144898	0.031151828845144898	0.023258705133755848	0.031151828845144898	0.023258705133755848	0.023258705133755848	0.04278118141202282	0.023258705133755848	0.03320103293206006	0.08344715966055966	0.08344715966055966	0.08344715966055966	0.062303657690289796	0.062303657690289796	0.08556236282404564	0.11459898850570455	0.09345548653543469
UP000000365	0.01571307744787712	0.0241125866520241	0.03196912537596266	0.03196912537596266	0.03196912537596266	0.0309013202468181	0.03196912537596266	0.0309013202468181	0.0309013202468181	0.04741978549937171	0.0309013202468181	0.04608956304575908	0.06614765771435008	0.06614765771435008	0.06614765771435008	0.06393825075192532	0.06393825075192532	0.09483957099874342	0.09811678309031273	0.09590737612788798
UP000000391	0.018991037289834072	0.02069983738156032	0.030195356026477355	0.030195356026477355	0.030195356026477355	0.05118036587117347	0.030195356026477355	0.05118036587117347	0.05118036587117347	0.055785538962064084	0.05118036587117347	0.08336969445251287	0.03562926954686958	0.03562926954686958	0.03562926954686958	0.06039071205295471	0.06039071205295471	0.11157107792412817	0.06582462557334692	0.09058606807943206
UP000000536	0.01517122414312338	0.024280847300886275	0.03186645937244797	0.03186645937244797	0.03186645937244797	0.028957555323208293	0.03186645937244797	0.028957555323208293	0.028957555323208293	0.046345237034052106	0.028957555323208293	0.042743886503293214	0.07013514929708298	0.07013514929708298	0.07013514929708298	0.06373291874489594	0.06373291874489594	0.09269047406810421	0.10200160866953094	0.0955993781173439
UP000000554	0.009374404269642091	0.023422748346371862	0.028109950481192907	0.028109950481192907	0.028109950481192907	0.014064924333396869	0.028109950481192907	0.014064924333396869	0.014064924333396869	0.03514241264789134	0.014064924333396869	0.018755444397151644	0.1123602654838145	0.1123602654838145	0.1123602654838145	0.05621990096238581	0.05621990096238581	0.07028482529578269	0.1404702159650074	0.08432985144357873
UP000000578	0.019201435643824816	0.018265611787071027	0.027866329608983432	0.027866329608983432	0.027866329608983432	0.0617518848779946	0.027866329608983432	0.0617518848779946	0.0617518848779946	0.05874227204798073	0.0617518848779946	0.10430233411216439	0.025150076873304495	0.025150076873304495	0.025150076873304495	0.055732659217966864	0.055732659217966864	0.11748454409596146	0.05301640648228793	0.0835989888269503
UP000000590	0.01922221161324055	0.019393572701213137	0.02900467850783341	0.02900467850783341	0.02900467850783341	0.0569931975297309	0.02900467850783341	0.0569931975297309	0.0569931975297309	0.05750127727269886	0.0569931975297309	0.09476418344622126	0.02952181705207602	0.02952181705207602	0.02952181705207602	0.05800935701566682	0.05800935701566682	0.11500255454539772	0.05852649555990942	0.08701403552350023
UP000000641	0.013113487451231984	0.02448707441944898	0.03104381814506497	0.03104381814506497	0.03104381814506497	0.02270413896067483	0.03104381814506497	0.02270413896067483	0.02270413896067483	0.04239588762540239	0.02270413896067483	0.03229479047011768	0.08489365279987882	0.08489365279987882	0.08489365279987882	0.06208763629012994	0.06208763629012994	0.08479177525080478	0.11593747094494378	0.09313145443519491
UP000000663	0.013877647920818739	0.024482701324367567	0.03142152528477694	0.03142152528477694	0.03142152528477694	0.024855216209676935	0.03142152528477694	0.024855216209676935	0.024855216209676935	0.04384913338961541	0.024855216209676935	0.035832784498535136	0.07944507445785033	0.07944507445785033	0.07944507445785033	0.06284305056955387	0.06284305056955387	0.08769826677923082	0.11086659974262728	0.09426457585433082
UP000000674	0.014348800029997466	0.024439079490264085	0.03161347950526282	0.03161347950526282	0.03161347950526282	0.02627419155526879	0.03161347950526282	0.02627419155526879	0.02627419155526879	0.04475057528289722	0.02627419155526879	0.03819958308054011	0.07607557281656945	0.07607557281656945	0.07607557281656945	0.06322695901052564	0.06322695901052564	0.08950115056579444	0.10768905232183225	0.09484043851578847
UP000000740	0.010146927139319674	0.02378955354578333	0.028863017115443167	0.028863017115443167	0.028863017115443167	0.015648083123395967	0.028863017115443167	0.015648083123395967	0.015648083123395967	0.03668705867714115	0.015648083123395967	0.021149239107472267	0.10647614157427485	0.10647614157427485	0.10647614157427485	0.05772603423088633	0.05772603423088633	0.0733741173542823	0.13533915868971802	0.0865890513463295
UP000000758	0.013431385970101491	0.02449491397505783	0.031210606960108574	0.031210606960108574	0.031210606960108574	0.023578182006847716	0.031210606960108574	0.023578182006847716	0.023578182006847716	0.04299969796353243	0.023578182006847716	0.03372497804359394	0.08262740414298891	0.08262740414298891	0.08262740414298891	0.06242121392021715	0.06242121392021715	0.08599939592706486	0.1138380111030975	0.09363182088032572
UP000000792	0.0192024705036912	0.01962867239460256	0.02922990764644816	0.02922990764644816	0.02922990764644816	0.055975064357493214	0.02922990764644816	0.055975064357493214	0.055975064357493214	0.05721743982519476	0.055975064357493214	0.09274765821129523	0.030527432556869027	0.030527432556869027	0.030527432556869027	0.05845981529289632	0.05845981529289632	0.11443487965038952	0.05975734020331718	0.08768972293934447
UP000000805	0.019220041733922628	0.018491195858842055	0.028101216725803367	0.028101216725803367	0.028101216725803367	0.06081476367009053	0.028101216725803367	0.06081476367009053	0.06081476367009053	0.05850859856084863	0.06081476367009053	0.10240948560625845	0.02596995643210712	0.02596995643210712	0.02596995643210712	0.056202433451606734	0.056202433451606734	0.11701719712169727	0.05407117315791049	0.08430365017741011
UP000001013	0.018433735502197842	0.021945694116256423	0.031162561867355342	0.031162561867355342	0.031162561867355342	0.04512925281203622	0.031162561867355342	0.04512925281203622	0.04512925281203622	0.053727188273373444	0.04512925281203622	0.0718247701218746	0.04303662044578545	0.04303662044578545	0.04303662044578545	0.062325123734710684	0.062325123734710684	0.10745437654674689	0.07419918231314078	0.09348768560206602
UP000001015	0.01923219696593585	0.0191922434420418	0.028808341925009723	0.028808341925009723	0.028808341925009723	0.05785707176861673	0.028808341925009723	0.05785707176861673	0.05785707176861673	0.05773687780931809	0.05785707176861673	0.09648194657129759	0.02868864735454672	0.02868864735454672	0.02868864735454672	0.057616683850019446	0.057616683850019446	0.11547375561863618	0.057496989279556446	0.08642502577502918
UP000001018	0.019000832027102437	0.020666767476708578	0.030167183490259795	0.030167183490259795	0.030167183490259795	0.05133293431793233	0.030167183490259795	0.05133293431793233	0.05133293431793233	0.05583365064922596	0.05133293431793233	0.08366503660876223	0.03545711819622549	0.03545711819622549	0.03545711819622549	0.06033436698051959	0.06033436698051959	0.11166730129845193	0.06562430168648528	0.09050155047077939
UP000001024	0.017027176474526708	0.02343240376241794	0.031945991999681296	0.031945991999681296	0.031945991999681296	0.036460672264177985	0.031945991999681296	0.036460672264177985	0.036460672264177985	0.050176328131770295	0.036460672264177985	0.05589416805382926	0.055980668565256894	0.055980668565256894	0.055980668565256894	0.06389198399936259	0.06389198399936259	0.10035265626354059	0.0879266605649382	0.0958379759990439
UP000001059	0.01798236847176784	0.022564775010073736	0.03155595924595766	0.03155595924595766	0.03155595924595766	0.04180551013221259	0.03155595924595766	0.04180551013221259	0.04180551013221259	0.05245871431206395	0.04180551013221259	0.06562865179265735	0.04763862757724172	0.04763862757724172	0.04763862757724172	0.06311191849191532	0.06311191849191532	0.1049174286241279	0.07919458682319938	0.09466787773787295
UP000001137	0.017854809103024838	0.022708628678872824	0.03163603323038524	0.03163603323038524	0.03163603323038524	0.04098731207658463	0.03163603323038524	0.04098731207658463	0.04098731207658463	0.05212968926867756	0.04098731207658463	0.06411981505014443	0.04883650807274096	0.04883650807274096	0.04883650807274096	0.06327206646077048	0.06327206646077048	0.10425937853735512	0.0804725413031262	0.09490809969115573
UP000001169	0.011522330023520462	0.02425127823202231	0.03001244324378254	0.03001244324378254	0.03001244324378254	0.0187026045621011	0.03001244324378254	0.0187026045621011	0.0187026045621011	0.03936374552483309	0.0187026045621011	0.025882879100681738	0.09632313472387036	0.09632313472387036	0.09632313472387036	0.06002488648756508	0.06002488648756508	0.07872749104966618	0.1263355779676529	0.09003732973134762
UP000001304	0.01911227179772653	0.020217822221938516	0.02977395812080178	0.02977395812080178	0.02977395812080178	0.053373168451532046	0.02977395812080178	0.053373168451532046	0.053373168451532046	0.05646054234656779	0.053373168451532046	0.08763406510533756	0.03321851064488611	0.03321851064488611	0.03321851064488611	0.05954791624160356	0.05954791624160356	0.11292108469313558	0.06299246876568788	0.08932187436240534
UP000001400	0.018700042449882628	0.02145688256984349	0.030806903794784804	0.030806903794784804	0.030806903794784804	0.047583795031608256	0.030806903794784804	0.047583795031608256	0.047583795031608256	0.05459880131058894	0.047583795031608256	0.0764675476133339	0.0398902744428306	0.0398902744428306	0.0398902744428306	0.06161380758956961	0.06161380758956961	0.10919760262117788	0.0706971782376154	0.09242071138435443
UP000001686	0.01618172893985569	0.023919398328879272	0.032010262798807115	0.032010262798807115	0.032010262798807115	0.032724534092645086	0.032010262798807115	0.032724534092645086	0.032724534092645086	0.048372529845129665	0.032724534092645086	0.049267339245434486	0.06262316349854398	0.06262316349854398	0.06262316349854398	0.06402052559761423	0.06402052559761423	0.09674505969025933	0.0946334262973511	0.09603078839642136
UP000001746	0.00962896011695265	0.0235524340511704	0.02836691410964672	0.02836691410964672	0.02836691410964672	0.014577038918406377	0.02836691410964672	0.014577038918406377	0.014577038918406377	0.035655433568849905	0.014577038918406377	0.019525117719860104	0.11040401560402027	0.11040401560402027	0.11040401560402027	0.05673382821929344	0.05673382821929344	0.07131086713769981	0.138770929713667	0.08510074232894016
UP000001826	0.011853184190820662	0.02432672887925247	0.030253320974662795	0.030253320974662795	0.030253320974662795	0.01948888696368796	0.030253320974662795	0.01948888696368796	0.01948888696368796	0.03999776445650678	0.01948888696368796	0.027124589736555252	0.09392670106828648	0.09392670106828648	0.09392670106828648	0.06050664194932559	0.06050664194932559	0.07999552891301356	0.12418002204294928	0.0907599629239884
UP000001879	0.011588435460557954	0.024267451744578963	0.030061669474857944	0.030061669474857944	0.030061669474857944	0.018857971283011286	0.030061669474857944	0.018857971283011286	0.018857971283011286	0.039490655116363585	0.018857971283011286	0.026127507105464617	0.09584318037749182	0.09584318037749182	0.09584318037749182	0.06012333894971589	0.06012333894971589	0.07898131023272717	0.12590484985234976	0.09018500842457382
UP000001901	0.018223511187832657	0.022258862469705664	0.03137061806362199	0.03137061806362199	0.03137061806362199	0.04348354468041984	0.03137061806362199	0.04348354468041984	0.04348354468041984	0.05311239040383191	0.04348354468041984	0.06874357817300703	0.04526382036820393	0.04526382036820393	0.04526382036820393	0.06274123612724399	0.06274123612724399	0.10622478080766382	0.07663443843182594	0.09411185419086598
UP000001931	0.019046909997892134	0.01729999634048927	0.026823451339435332	0.026823451339435332	0.026823451339435332	0.06569808364108544	0.026823451339435332	0.06569808364108544	0.06569808364108544	0.05967249315997806	0.06569808364108544	0.11234925728427876	0.021903151564959956	0.021903151564959956	0.021903151564959956	0.053646902678870664	0.053646902678870664	0.11934498631995612	0.04872660290439529	0.080470354018306
UP000001941	0.017250999102185312	0.02326609142735266	0.031891590978445315	0.031891590978445315	0.031891590978445315	0.03757783920119508	0.031891590978445315	0.03757783920119508	0.03757783920119508	0.05068051057904285	0.03757783920119508	0.05790467930020484	0.05413156247175111	0.05413156247175111	0.05413156247175111	0.06378318195689063	0.06378318195689063	0.1013610211580857	0.08602315345019641	0.09567477293533594
UP000001974	0.01907508937852139	0.020386055843901303	0.029923600533162002	0.029923600533162002	0.029923600533162002	0.05261508667510281	0.029923600533162002	0.05261508667510281	0.05261508667510281	0.05623114387071341	0.05261508667510281	0.08615508397168424	0.03403669652384939	0.03403669652384939	0.03403669652384939	0.059847201066324004	0.059847201066324004	0.11246228774142682	0.0639602970570114	0.089770801599486
UP000001975	0.01646028243210809	0.02378060202293262	0.032010743238986665	0.032010743238986665	0.032010743238986665	0.033883618056022094	0.032010743238986665	0.033883618056022094	0.033883618056022094	0.04895255226699771	0.033883618056022094	0.0513069536799361	0.060482778493025406	0.060482778493025406	0.060482778493025406	0.06402148647797333	0.06402148647797333	0.09790510453399542	0.09249352173201209	0.09603222971695999
UP000002071	0.010807230497526818	0.024041203016960465	0.029444818265723875	0.029444818265723875	0.029444818265723875	0.017073933703934965	0.029444818265723875	0.017073933703934965	0.017073933703934965	0.03798178511769136	0.017073933703934965	0.023340636910343115	0.10155800505441728	0.10155800505441728	0.10155800505441728	0.05888963653144775	0.05888963653144775	0.07596357023538272	0.13100282332014115	0.08833445479717164
UP000002199	0.016402521955185177	0.023810977551585972	0.032012238529178554	0.032012238529178554	0.032012238529178554	0.033638115261124577	0.032012238529178554	0.033638115261124577	0.033638115261124577	0.048831296159740856	0.033638115261124577	0.05087370856706399	0.06092989501307534	0.06092989501307534	0.06092989501307534	0.06402447705835711	0.06402447705835711	0.09766259231948171	0.0929421335422539	0.09603671558753567
UP000002315	0.019213937664158996	0.01840741011654538	0.028014378948624876	0.028014378948624876	0.028014378948624876	0.061163584122665406	0.028014378948624876	0.061163584122665406	0.061163584122665406	0.058596171009957586	0.061163584122665406	0.10311323058117182	0.02566250618352273	0.02566250618352273	0.02566250618352273	0.05602875789724975	0.05602875789724975	0.11719234201991517	0.05367688513214761	0.08404313684587464
UP000002376	0.01701609469710647	0.023440171028404903	0.03194821837695814	0.03194821837695814	0.03194821837695814	0.03640700552458571	0.03194821837695814	0.03640700552458571	0.03640700552458571	0.050151721139250996	0.03640700552458571	0.05579791635206495	0.05607100297070755	0.05607100297070755	0.05607100297070755	0.06389643675391628	0.06389643675391628	0.10030344227850199	0.0880192213476657	0.09584465513087442
UP000002408	0.014141601492222794	0.024462263503816382	0.03153306424992778	0.03153306424992778	0.03153306424992778	0.025640628086534886	0.03153306424992778	0.025640628086534886	0.025640628086534886	0.044353378293195224	0.025640628086534886	0.03713965468084697	0.0775592655245638	0.0775592655245638	0.0775592655245638	0.06306612849985556	0.06306612849985556	0.08870675658639045	0.10909232977449157	0.09459919274978333
UP000002439	0.015486193744382006	0.02418977173660116	0.03193286860879216	0.03193286860879216	0.03193286860879216	0.03006799819213093	0.03193286860879216	0.03006799819213093	0.03006799819213093	0.04696686770485763	0.03006799819213093	0.04464980263987985	0.06782680317263362	0.06782680317263362	0.06782680317263362	0.06386573721758432	0.06386573721758432	0.09393373540971527	0.09975967178142578	0.09579860582637649
UP000002457	0.013799673243060459	0.024486833660794096	0.03138667028232432	0.03138667028232432	0.03138667028232432	0.024627615113414558	0.03138667028232432	0.024627615113414558	0.024627615113414558	0.04370047783903161	0.024627615113414558	0.035455556983768656	0.08000149968843298	0.08000149968843298	0.08000149968843298	0.06277334056464864	0.06277334056464864	0.08740095567806322	0.1113881699707573	0.09416001084697298
UP000002487	0.017662540962111773	0.02290621584672548	0.03173748632778137	0.03173748632778137	0.03173748632778137	0.03982712811562184	0.03173748632778137	0.03982712811562184	0.03982712811562184	0.051651050385592284	0.03982712811562184	0.061991715269131914	0.05058200709234754	0.05058200709234754	0.05058200709234754	0.06347497265556273	0.06347497265556273	0.10330210077118457	0.0823194934201289	0.09521245898334409
UP000002518	0.013586321131066679	0.02449379206961499	0.031286952635148337	0.031286952635148337	0.031286952635148337	0.02401465651751343	0.031286952635148337	0.02401465651751343	0.02401465651751343	0.04329428089390505	0.02401465651751343	0.034442991903960184	0.08152299863045233	0.08152299863045233	0.08152299863045233	0.06257390527029667	0.06257390527029667	0.0865885617878101	0.11280995126560067	0.093860857905445
UP000002593	0.01468426912888918	0.024387702493397927	0.03172983705784251	0.03172983705784251	0.03172983705784251	0.027334346893877336	0.03172983705784251	0.027334346893877336	0.027334346893877336	0.045397010504781184	0.027334346893877336	0.03998442465886549	0.07366428498372113	0.07366428498372113	0.07366428498372113	0.06345967411568502	0.06345967411568502	0.09079402100956237	0.10539412204156365	0.09518951117352754
UP000002613	0.017703066894945094	0.022866328395953293	0.031717861843425836	0.031717861843425836	0.031717861843425836	0.04006504783287343	0.031717861843425836	0.04006504783287343	0.04006504783287343	0.05175038575986255	0.04006504783287343	0.06242702877080178	0.05021947130152709	0.05021947130152709	0.05021947130152709	0.06343572368685167	0.06343572368685167	0.1035007715197251	0.08193733314495294	0.09515358553027752
UP000002654	0.014187985681142145	0.024457626656177005	0.03155161949674808	0.03155161949674808	0.03155161949674808	0.025781119919401237	0.03155161949674808	0.025781119919401237	0.025781119919401237	0.0444421794564487	0.025781119919401237	0.03737425415766033	0.07722742037427316	0.07722742037427316	0.07722742037427316	0.06310323899349617	0.06310323899349617	0.0888843589128974	0.10877903987102125	0.09465485849024423
UP000002698	0.010684461632555093	0.023998639440479728	0.029340870256757277	0.029340870256757277	0.029340870256757277	0.016803416393732964	0.029340870256757277	0.016803416393732964	0.016803416393732964	0.037742578453623755	0.016803416393732964	0.022922371154910835	0.10246567093879097	0.10246567093879097	0.10246567093879097	0.05868174051351455	0.05868174051351455	0.07548515690724751	0.13180654119554822	0.0880226107702718
UP000005223	0.01604741701793238	0.02397968979433685	0.032003398303303045	0.032003398303303045	0.032003398303303045	0.03218679374078766	0.032003398303303045	0.03218679374078766	0.03218679374078766	0.048096795173696874	0.03218679374078766	0.048326170463642945	0.06364209565005251	0.06364209565005251	0.06364209565005251	0.06400679660660609	0.06400679660660609	0.09619359034739375	0.09564549395335555	0.09601019490990913
UP000005877	0.011457920174948538	0.024234992120160753	0.029963952207635022	0.029963952207635022	0.029963952207635022	0.018552036001810344	0.029963952207635022	0.018552036001810344	0.018552036001810344	0.0392399702085402	0.018552036001810344	0.02564615182867215	0.09679136368793409	0.09679136368793409	0.09679136368793409	0.059927904415270045	0.059927904415270045	0.0784799404170804	0.12675531589556913	0.08989185662290508
UP000006565	0.016631670685082832	0.02368525057659585	0.032001085919137265	0.032001085919137265	0.032001085919137265	0.03462926301794828	0.032001085919137265	0.03462926301794828	0.03462926301794828	0.04931571742811141	0.03462926301794828	0.052626855350813746	0.05914474700043324	0.05914474700043324	0.05914474700043324	0.06400217183827453	0.06400217183827453	0.09863143485622282	0.09114583291957049	0.0960032577574118
UP000006622	0.018586611152675205	0.02168084086323735	0.030974146439574954	0.030974146439574954	0.030974146439574954	0.046474492489819705	0.030974146439574954	0.046474492489819705	0.046474492489819705	0.054211392684484806	0.046474492489819705	0.07436237382696421	0.041287067217372665	0.041287067217372665	0.041287067217372665	0.06194829287914991	0.06194829287914991	0.10842278536896961	0.07226121365694761	0.09292243931872485
UP000006663	0.011954192120732236	0.024347023907377665	0.03032411996774378	0.03032411996774378	0.03032411996774378	0.019733357637847993	0.03032411996774378	0.019733357637847993	0.019733357637847993	0.04019079878666778	0.019733357637847993	0.027512523154963747	0.09319774857315141	0.09319774857315141	0.09319774857315141	0.06064823993548756	0.06064823993548756	0.08038159757333556	0.1235218685408952	0.09097235990323135
UP000006681	0.017327383131708257	0.023204949971750728	0.03186864153760486	0.03186864153760486	0.03186864153760486	0.0379747162450005	0.03186864153760486	0.0379747162450005	0.0379747162450005	0.050855999660105115	0.0379747162450005	0.058622049358292724	0.053488763781668155	0.053488763781668155	0.053488763781668155	0.06373728307520972	0.06373728307520972	0.10171199932021023	0.08535740531927302	0.09560592461281459
UP000006794	0.009795096705541916	0.023632362862119092	0.02852991121489005	0.02852991121489005	0.02852991121489005	0.014916253332048409	0.02852991121489005	0.014916253332048409	0.014916253332048409	0.03598803788091425	0.014916253332048409	0.020037409958554898	0.10913676723104175	0.10913676723104175	0.10913676723104175	0.0570598224297801	0.0570598224297801	0.0719760757618285	0.1376666784459318	0.08558973364467015
UP000007478	0.01827301454041429	0.02218955787298264	0.03132606514318979	0.03132606514318979	0.03132606514318979	0.04385347619304847	0.03132606514318979	0.04385347619304847	0.04385347619304847	0.05325280323971403	0.04385347619304847	0.06943393784568265	0.04475459838282679	0.04475459838282679	0.04475459838282679	0.06265213028637957	0.06265213028637957	0.10650560647942806	0.07608066352601657	0.09397819542956937
UP000007490	0.01897290667679609	0.02075912555100617	0.030245578889404212	0.030245578889404212	0.030245578889404212	0.05090599059666712	0.030245578889404212	0.05090599059666712	0.05090599059666712	0.05569857418773777	0.05090599059666712	0.08283907451653816	0.035940565408231796	0.035940565408231796	0.035940565408231796	0.060491157778808424	0.060491157778808424	0.11139714837547554	0.06618614429763602	0.09073673666821265
UP000007722	0.019201147045440094	0.018262663969500718	0.027863237492220767	0.027863237492220767	0.027863237492220767	0.061764088419209384	0.027863237492220767	0.061764088419209384	0.061764088419209384	0.058745281701825455	0.061764088419209384	0.10432702979297867	0.025139527625779368	0.025139527625779368	0.025139527625779368	0.05572647498444153	0.05572647498444153	0.11749056340365091	0.05300276511800013	0.08358971247666229
UP000007807	0.015355678742285045	0.024229710737314135	0.03190755010845666	0.03190755010845666	0.03190755010845666	0.029601612897995185	0.03190755010845666	0.029601612897995185	0.029601612897995185	0.04670835655745425	0.029601612897995185	0.043847547053705326	0.06878623522521804	0.06878623522521804	0.06878623522521804	0.06381510021691332	0.06381510021691332	0.0934167131149085	0.10069378533367469	0.09572265032536997
UP000008243	0.009562926333533348	0.02351963626059433	0.028301099427361	0.028301099427361	0.028301099427361	0.014443314597782492	0.028301099427361	0.014443314597782492	0.014443314597782492	0.035522756726252255	0.014443314597782492	0.01932370286203164	0.11090975321140548	0.11090975321140548	0.11090975321140548	0.056602198854722	0.056602198854722	0.07104551345250451	0.13921085263876648	0.08490329828208301
UP000008680	0.019117085461507276	0.020194121095337476	0.02975266382609111	0.02975266382609111	0.02975266382609111	0.053479387539930555	0.02975266382609111	0.053479387539930555	0.053479387539930555	0.05649235759605639	0.053479387539930555	0.08784168961835384	0.033105128740954164	0.033105128740954164	0.033105128740954164	0.05950532765218222	0.05950532765218222	0.11298471519211278	0.06285779256704527	0.08925799147827333
UP000009079	0.018551982897789806	0.021744158580690634	0.031020150029585535	0.031020150029585535	0.031020150029585535	0.0461563665896144	0.031020150029585535	0.0461563665896144	0.0461563665896144	0.05409833332439275	0.0461563665896144	0.073760750281439	0.04169521038835455	0.04169521038835455	0.04169521038835455	0.06204030005917107	0.06204030005917107	0.1081966666487855	0.07271536041794009	0.09306045008875663
UP000009227	0.019233701349044622	0.01914270573812361	0.028759556412645923	0.028759556412645923	0.028759556412645923	0.05806856342854228	0.028759556412645923	0.05806856342854228	0.05806856342854228	0.05779383812691707	0.05806856342854228	0.09690342550803994	0.028487430589530138	0.028487430589530138	0.028487430589530138	0.057519112825291846	0.057519112825291846	0.11558767625383413	0.05724698700217606	0.08627866923793777
UP000011511	0.010102937798402274	0.023770788888611474	0.028822257787812614	0.028822257787812614	0.028822257787812614	0.015555558524802957	0.028822257787812614	0.015555558524802957	0.015555558524802957	0.036600037050214085	0.015555558524802957	0.02100817925120364	0.1068071638395443	0.1068071638395443	0.1068071638395443	0.05764451557562523	0.05764451557562523	0.07320007410042817	0.13562942162735692	0.08646677336343783
UP000011554	0.010966633130240586	0.024093614657508228	0.029576931222628524	0.029576931222628524	0.029576931222628524	0.01742902516803833	0.029576931222628524	0.01742902516803833	0.01742902516803833	0.038291443806647694	0.01742902516803833	0.023891417205836082	0.10038368206069413	0.10038368206069413	0.10038368206069413	0.05915386244525705	0.05915386244525705	0.07658288761329539	0.12996061328332265	0.08873079366788558
UP000012076	0.012694027672068274	0.024456327812507773	0.030803341648541913	0.030803341648541913	0.030803341648541913	0.021592119490928714	0.030803341648541913	0.021592119490928714	0.021592119490928714	0.041599401394006266	0.021592119490928714	0.030490211309789156	0.08788816281934954	0.08788816281934954	0.08788816281934954	0.061606683297083825	0.061606683297083825	0.08319880278801253	0.11869150446789146	0.09241002494562574
UP000012672	0.013728039251129342	0.0244898763898763	0.03135389601544097	0.03135389601544097	0.03135389601544097	0.02442023221516924	0.03135389601544097	0.02442023221516924	0.02442023221516924	0.04356401212302559	0.02442023221516924	0.03511242517920914	0.08051248544118499	0.08051248544118499	0.08051248544118499	0.06270779203088193	0.06270779203088193	0.08712802424605118	0.11186638145662596	0.09406168804632291
UP000014070	0.0182110686386179	0.0222758978240216	0.03138143214333055	0.03138143214333055	0.03138143214333055	0.04339207604526866	0.03138143214333055	0.04339207604526866	0.04339207604526866	0.05307747016596488	0.04339207604526866	0.06857308345191944	0.04539051242162628	0.04539051242162628	0.04539051242162628	0.0627628642866611	0.0627628642866611	0.10615494033192976	0.07677194456495683	0.09414429642999164
UP000053352	0.010797970767639347	0.024038059467861965	0.029437044851681637	0.029437044851681637	0.029437044851681637	0.017053440978931484	0.029437044851681637	0.017053440978931484	0.017053440978931484	0.03796376534114738	0.017053440978931484	0.02330891119022362	0.10162636510373182	0.10162636510373182	0.10162636510373182	0.058874089703363275	0.058874089703363275	0.07592753068229476	0.13106340995541346	0.08831113455504491
UP000058290	0.014282046499577396	0.02444724711761416	0.03158827036740286	0.03158827036740286	0.03158827036740286	0.026068375728526678	0.03158827036740286	0.026068375728526678	0.026068375728526678	0.0446224582316662	0.026068375728526678	0.03785470495747596	0.0765539698518482	0.0765539698518482	0.0765539698518482	0.06317654073480572	0.06317654073480572	0.0892449164633324	0.10814224021925108	0.09476481110220858
UP000192315	0.019013457891639572	0.02062296887850563	0.030129697824325417	0.030129697824325417	0.030129697824325417	0.05153448867059691	0.030129697824325417	0.05153448867059691	0.05153448867059691	0.055896942159623875	0.05153448867059691	0.08405551944955425	0.035230724681784065	0.035230724681784065	0.035230724681784065	0.060259395648650835	0.060259395648650835	0.11179388431924775	0.06536042250610949	0.09038909347297627
UP000198397	0.010772283944090208	0.02402928217513847	0.029415424147183577	0.029415424147183577	0.029415424147183577	0.01699666997069153	0.029415424147183577	0.01699666997069153	0.01699666997069153	0.03791375913252934	0.01699666997069153	0.023221055997292857	0.10181608270923036	0.10181608270923036	0.10181608270923036	0.058830848294367154	0.058830848294367154	0.07582751826505868	0.1312315068564139	0.08824627244155073
