	M	W	C	D	E	F	H	K	N	Q	Y	I	A	G	P	T	V	L	R	S
Start	3215109.0	14249.0	15787.0	127181.0	129788.0	71349.0	48944.0	332790.0	209763.0	94137.0	36693.0	153787.0	309464.0	112834.0	171582.0	385828.0	93360.0	177427.0	224890.0	432979.0
M	1052770.0	556636.0	399516.0	2389579.0	2906026.0	1558626.0	929918.0	2087065.0	1459452.0	1674610.0	1118902.0	2260662.0	4546963.0	3404697.0	1969071.0	2339106.0	2995703.0	4002950.0	2846746.0	2462181.0
W	556636.0	516720.0	244948.0	1604422.0	1665129.0	948264.0	627853.0	1074610.0	891971.0	1025547.0	741635.0	1199585.0	2891907.0	2318500.0	1437235.0	1490263.0	1793323.0	2527724.0	1946266.0	1574393.0
C	399516.0	244948.0	265120.0	1006894.0	1127975.0	689136.0	437249.0	691747.0	607763.0	636178.0	523661.0	1026053.0	2043399.0	1552993.0	913994.0	1020749.0	1459464.0	1797271.0	1120509.0	1117044.0
D	2389579.0	1604422.0	1006894.0	6682542.0	6330651.0	4463117.0	2506983.0	4221990.0	3481316.0	3604621.0	3362035.0	6617444.0	11652134.0	8370875.0	5822840.0	6234989.0	9561399.0	12752973.0	6761253.0	6328870.0
E	2906026.0	1665129.0	1127975.0	6330651.0	7557224.0	4773895.0	2449160.0	5053100.0	3634937.0	4111721.0	3464288.0	7432854.0	12897636.0	8920241.0	5452970.0	6617714.0	9678448.0	14485893.0	7607255.0	6354143.0
F	1558626.0	948264.0	689136.0	4463117.0	4773895.0	2914476.0	1680974.0	3451706.0	2792939.0	2771492.0	2120702.0	3946414.0	7420852.0	6061067.0	3783059.0	4081726.0	5223609.0	6962056.0	4665879.0	4545038.0
H	929918.0	627853.0	437249.0	2506983.0	2449160.0	1680974.0	1334828.0	1545418.0	1287283.0	1484962.0	1284977.0	2330331.0	4492217.0	3335545.0	2297962.0	2269502.0	3276733.0	4671725.0	2876132.0	2313754.0
K	2087065.0	1074610.0	691747.0	4221990.0	5053100.0	3451706.0	1545418.0	4767858.0	3210641.0	2900794.0	2737399.0	5548019.0	7593232.0	5947132.0	3178034.0	4433879.0	5808612.0	8885007.0	4413231.0	4601719.0
N	1459452.0	891971.0	607763.0	3481316.0	3634937.0	2792939.0	1287283.0	3210641.0	2632190.0	2343552.0	2189926.0	4272551.0	5812596.0	4617397.0	2998378.0	3685948.0	4737066.0	6867818.0	3419057.0	3938753.0
Q	1674610.0	1025547.0	636178.0	3604621.0	4111721.0	2771492.0	1484962.0	2900794.0	2343552.0	3097434.0	2096420.0	4266498.0	7685815.0	5046802.0	3336297.0	3722087.0	5290747.0	8255503.0	4510675.0	3890984.0
Y	1118902.0	741635.0	523661.0	3362035.0	3464288.0	2120702.0	1284977.0	2737399.0	2189926.0	2096420.0	1797604.0	2879309.0	5176032.0	4310000.0	2709818.0	2970485.0	3680366.0	5073517.0	3386707.0	3295733.0
I	2260662.0	1199585.0	1026053.0	6617444.0	7432854.0	3946414.0	2330331.0	5548019.0	4272551.0	4266498.0	2879309.0	5734736.0	11113987.0	8967904.0	4972330.0	5946643.0	7381705.0	9834147.0	6601296.0	6589220.0
A	4546963.0	2891907.0	2043399.0	11652134.0	12897636.0	7420852.0	4492217.0	7593232.0	5812596.0	7685815.0	5176032.0	11113987.0	29020266.0	17804875.0	10686732.0	11884183.0	17489398.0	24398769.0	15221059.0	11729676.0
G	3404697.0	2318500.0	1552993.0	8370875.0	8920241.0	6061067.0	3335545.0	5947132.0	4617397.0	5046802.0	4310000.0	8967904.0	17804875.0	14937090.0	8887706.0	9394758.0	13515645.0	16877529.0	10512904.0	9644529.0
P	1969071.0	1437235.0	913994.0	5822840.0	5452970.0	3783059.0	2297962.0	3178034.0	2998378.0	3336297.0	2709818.0	4972330.0	10686732.0	8887706.0	6866276.0	6084399.0	7499189.0	10228607.0	6133239.0	5913641.0
T	2339106.0	1490263.0	1020749.0	6234989.0	6617714.0	4081726.0	2269502.0	4433879.0	3685948.0	3722087.0	2970485.0	5946643.0	11884183.0	9394758.0	6084399.0	7375734.0	8212038.0	11132382.0	6737600.0	6793287.0
V	2995703.0	1793323.0	1459464.0	9561399.0	9678448.0	5223609.0	3276733.0	5808612.0	4737066.0	5290747.0	3680366.0	7381705.0	17489398.0	13515645.0	7499189.0	8212038.0	12376876.0	14567790.0	9819817.0	8427292.0
L	4002950.0	2527724.0	1797271.0	12752973.0	14485893.0	6962056.0	4671725.0	8885007.0	6867818.0	8255503.0	5073517.0	9834147.0	24398769.0	16877529.0	10228607.0	11132382.0	14567790.0	20101792.0	14607991.0	11931139.0
R	2846746.0	1946266.0	1120509.0	6761253.0	7607255.0	4665879.0	2876132.0	4413231.0	3419057.0	4510675.0	3386707.0	6601296.0	15221059.0	10512904.0	6133239.0	6737600.0	9819817.0	14607991.0	10113602.0	6649624.0
S	2462181.0	1574393.0	1117044.0	6328870.0	6354143.0	4545038.0	2313754.0	4601719.0	3938753.0	3890984.0	3295733.0	6589220.0	11729676.0	9644529.0	5913641.0	6793287.0	8427292.0	11931139.0	6649624.0	7617548.0
End	75033.0	75132.0	61625.0	283286.0	404241.0	196242.0	154140.0	491634.0	243670.0	249674.0	119912.0	231808.0	731340.0	545598.0	321009.0	265905.0	338373.0	487745.0	628815.0	452741.0
