	AAA	AAC	AAG	AAT	ACA	ACC	ACG	ACT	AGA	AGC	AGG	AGT	ATA	ATC	ATG	ATT	CAA	CAC	CAG	CAT	CCA	CCC	CCG	CCT	CGA	CGC	CGG	CGT	CTA	CTC	CTG	CTT	GAA	GAC	GAG	GAT	GCA	GCC	GCG	GCT	GGA	GGC	GGG	GGT	GTA	GTC	GTG	GTT	TAA	TAC	TAG	TAT	TCA	TCC	TCG	TCT	TGA	TGC	TGG	TGT	TTA	TTC	TTG	TTT
Start	36654.0	16068.0	26970.0	17283.0	15403.0	15389.0	13743.0	11337.0	15563.0	15305.0	14330.0	12713.0	25365.0	20128.0	146948.0	21686.0	9307.0	7439.0	12376.0	5437.0	9402.0	8935.0	9455.0	6766.0	7247.0	8512.0	6822.0	5285.0	7501.0	17614.0	13320.0	12162.0	33473.0	27933.0	30008.0	25612.0	16759.0	13003.0	11786.0	11197.0	13146.0	10089.0	8130.0	9346.0	15229.0	16704.0	32340.0	17595.0	0.0	12046.0	0.0	11546.0	11131.0	9694.0	8870.0	8415.0	7.0	3792.0	6843.0	4008.0	12217.0	13998.0	21374.0	13868.0
AAA	113556.0	41428.0	63971.0	63385.0	39644.0	26838.0	17706.0	30024.0	44069.0	22024.0	30492.0	23614.0	83133.0	49399.0	51851.0	74724.0	24269.0	17070.0	28277.0	21831.0	28780.0	17005.0	17372.0	23818.0	7259.0	10474.0	10708.0	9298.0	23656.0	38012.0	34431.0	48002.0	112617.0	48112.0	74064.0	83173.0	57358.0	34718.0	23334.0	40855.0	56497.0	32068.0	25886.0	38425.0	45341.0	34531.0	31059.0	61247.0	3110.0	39915.0	1065.0	53254.0	32700.0	20008.0	13815.0	25893.0	2121.0	11498.0	22247.0	14405.0	57313.0	40924.0	29239.0	53862.0
AAC	41428.0	45658.0	48101.0	29181.0	22866.0	38043.0	30437.0	17601.0	19243.0	24392.0	26402.0	12987.0	44323.0	56212.0	40959.0	33941.0	12031.0	22111.0	32665.0	11273.0	15295.0	21457.0	25476.0	12377.0	7594.0	19586.0	16815.0	7713.0	13495.0	55416.0	41326.0	27519.0	56277.0	68628.0	78674.0	46726.0	35153.0	52361.0	41673.0	25338.0	34287.0	48470.0	28318.0	26779.0	25165.0	58977.0	37540.0	35772.0	983.0	43844.0	434.0	26765.0	17766.0	22755.0	21675.0	13082.0	1192.0	10674.0	20802.0	8067.0	20532.0	48754.0	16401.0	25463.0
AAG	63971.0	48101.0	91250.0	37346.0	27037.0	39107.0	27959.0	22846.0	34635.0	31256.0	51670.0	17425.0	71274.0	63472.0	56498.0	49560.0	15264.0	24872.0	39246.0	16501.0	22370.0	28118.0	28045.0	19734.0	7106.0	20495.0	16730.0	9327.0	21965.0	63725.0	51902.0	41355.0	78279.0	73076.0	117809.0	65750.0	46871.0	60960.0	42232.0	39207.0	47919.0	56069.0	37138.0	36089.0	35850.0	60324.0	48445.0	53645.0	2140.0	53980.0	1187.0	37935.0	22693.0	27839.0	21718.0	18360.0	2609.0	14413.0	25765.0	10162.0	31609.0	56720.0	26176.0	35718.0
AAT	63385.0	29181.0	37346.0	52714.0	28976.0	18490.0	12186.0	22406.0	24884.0	14740.0	19720.0	17884.0	57359.0	30523.0	32650.0	51670.0	16369.0	9520.0	18705.0	14787.0	18301.0	9878.0	10506.0	15264.0	4592.0	5465.0	6001.0	5985.0	16241.0	21700.0	20759.0	31212.0	63643.0	27716.0	43129.0	57757.0	37429.0	21012.0	14230.0	26989.0	34672.0	19486.0	16010.0	27198.0	31329.0	21398.0	21643.0	41686.0	1280.0	25790.0	445.0	39670.0	24646.0	13728.0	9050.0	19135.0	881.0	6993.0	15116.0	9448.0	38321.0	27171.0	18865.0	37953.0
ACA	39644.0	22866.0	27037.0	28976.0	27124.0	17758.0	13462.0	17197.0	17754.0	12970.0	15297.0	12269.0	37889.0	24295.0	25265.0	30868.0	12089.0	9335.0	16421.0	10404.0	16881.0	9977.0	11513.0	11845.0	4366.0	6218.0	6190.0	5050.0	11514.0	21416.0	17973.0	22054.0	44560.0	28060.0	36612.0	39077.0	31397.0	20564.0	15171.0	20810.0	29614.0	19738.0	14772.0	22178.0	21802.0	20591.0	17755.0	28245.0	720.0	20249.0	341.0	23975.0	18604.0	11378.0	9378.0	13001.0	721.0	5346.0	11409.0	6311.0	21489.0	21999.0	11579.0	22958.0
ACC	26838.0	38043.0	39107.0	18490.0	17758.0	44174.0	33956.0	14226.0	12243.0	23160.0	20886.0	10227.0	26219.0	54381.0	35216.0	21491.0	8890.0	22087.0	32911.0	9307.0	11969.0	24808.0	29893.0	10230.0	8870.0	24098.0	20914.0	7869.0	8381.0	58095.0	40253.0	20816.0	47788.0	77854.0	80056.0	38592.0	30393.0	59368.0	47880.0	20077.0	29918.0	54344.0	30025.0	24886.0	16701.0	64521.0	34967.0	24434.0	744.0	36704.0	462.0	17779.0	13076.0	23191.0	24665.0	9727.0	1147.0	9909.0	18044.0	7095.0	10335.0	43027.0	11169.0	16968.0
ACG	17706.0	30437.0	27959.0	12186.0	13462.0	33956.0	36380.0	10992.0	8887.0	19810.0	14871.0	8342.0	19167.0	44046.0	26939.0	15977.0	7368.0	20318.0	26645.0	6330.0	9382.0	20447.0	29979.0	7253.0	9608.0	22738.0	20440.0	7092.0	6917.0	54105.0	35086.0	15512.0	37691.0	70514.0	70131.0	29879.0	22462.0	51113.0	49305.0	16182.0	21801.0	50117.0	27145.0	19512.0	12102.0	59138.0	30634.0	19257.0	661.0	31323.0	498.0	12854.0	9503.0	17506.0	25131.0	7145.0	1237.0	7044.0	15290.0	5829.0	7765.0	36980.0	10361.0	12505.0
ACT	30024.0	17601.0	22846.0	22406.0	17197.0	14226.0	10992.0	15854.0	13791.0	10293.0	12843.0	10162.0	27287.0	18664.0	19210.0	24835.0	9226.0	7390.0	12513.0	7788.0	12029.0	8415.0	9145.0	10245.0	3437.0	4910.0	4795.0	3962.0	8704.0	16593.0	13954.0	16683.0	35276.0	22678.0	30852.0	30887.0	22030.0	17269.0	12568.0	17927.0	22385.0	16248.0	12289.0	18143.0	16579.0	16757.0	14640.0	23181.0	626.0	15643.0	304.0	18753.0	12958.0	9303.0	7257.0	10845.0	545.0	4176.0	9194.0	4833.0	17057.0	17421.0	10307.0	18146.0
AGA	44069.0	19243.0	34635.0	24884.0	17754.0	12243.0	8887.0	13791.0	25836.0	12702.0	21591.0	11200.0	41369.0	22246.0	26611.0	31589.0	10494.0	8673.0	13806.0	10130.0	15159.0	9274.0	9022.0	12114.0	3116.0	4685.0	4320.0	4243.0	13308.0	19956.0	17769.0	22890.0	46906.0	23654.0	42327.0	38885.0	26960.0	18141.0	12637.0	21995.0	28278.0	16450.0	13555.0	19503.0	21551.0	16723.0	17698.0	30092.0	1278.0	20304.0	602.0	24511.0	14487.0	10216.0	7014.0	12018.0	1168.0	5788.0	11898.0	6114.0	23795.0	21392.0	14477.0	23673.0
AGC	22024.0	24392.0	31256.0	14740.0	12970.0	23160.0	19810.0	10293.0	12702.0	19126.0	20303.0	8094.0	27966.0	32963.0	25165.0	18874.0	6649.0	13117.0	20579.0	6458.0	9431.0	14732.0	17798.0	7863.0	5231.0	13295.0	11970.0	4704.0	9127.0	38420.0	29718.0	17633.0	32142.0	43198.0	53976.0	27065.0	21777.0	36744.0	29463.0	17521.0	20469.0	33574.0	19972.0	15944.0	14991.0	38948.0	26256.0	21600.0	599.0	27259.0	422.0	15240.0	10398.0	14760.0	15032.0	7983.0	827.0	6661.0	13185.0	4436.0	10815.0	30221.0	10743.0	14631.0
AGG	30492.0	26402.0	51670.0	19720.0	15297.0	20886.0	14871.0	12843.0	21591.0	20303.0	45650.0	10617.0	46089.0	31268.0	33589.0	26648.0	7392.0	13768.0	21292.0	9728.0	13423.0	19002.0	16158.0	12540.0	2993.0	8857.0	8111.0	4894.0	14863.0	38953.0	34434.0	26308.0	38436.0	39284.0	73268.0	38533.0	26126.0	38162.0	24930.0	24887.0	26725.0	31845.0	25294.0	22004.0	21528.0	31580.0	33990.0	32708.0	1143.0	32742.0	826.0	21372.0	13953.0	17458.0	11820.0	10480.0	1662.0	9218.0	15826.0	5180.0	17824.0	33839.0	16007.0	20186.0
AGT	23614.0	12987.0	17425.0	17884.0	12269.0	10227.0	8342.0	10162.0	11200.0	8094.0	10617.0	9078.0	22697.0	15626.0	15317.0	20936.0	6862.0	5379.0	9899.0	5995.0	8476.0	5846.0	6813.0	6981.0	3043.0	4124.0	4336.0	3334.0	7554.0	14158.0	11546.0	14389.0	26899.0	16747.0	24282.0	23762.0	17167.0	12971.0	10223.0	13805.0	16123.0	11941.0	9388.0	14749.0	13538.0	14060.0	12026.0	19497.0	579.0	12693.0	258.0	15486.0	10360.0	7165.0	6313.0	8271.0	566.0	2938.0	7497.0	4029.0	15202.0	14157.0	8721.0	14918.0
ATA	83133.0	44323.0	71274.0	57359.0	37889.0	26219.0	19167.0	27287.0	41369.0	27966.0	46089.0	22697.0	87074.0	37939.0	51220.0	55930.0	19703.0	16831.0	28590.0	18973.0	30234.0	22259.0	19948.0	24485.0	4877.0	8928.0	7827.0	7337.0	25634.0	37965.0	35097.0	40966.0	87440.0	48864.0	86933.0	78107.0	50875.0	38493.0	24939.0	39016.0	57085.0	40836.0	31820.0	41440.0	40144.0	31213.0	35569.0	51578.0	1804.0	41139.0	789.0	46250.0	33659.0	22759.0	15522.0	24819.0	1552.0	9381.0	21795.0	9275.0	43888.0	42292.0	25649.0	44397.0
ATC	49399.0	56212.0	63472.0	30523.0	24295.0	54381.0	44046.0	18664.0	22246.0	32963.0	31268.0	15626.0	37939.0	82970.0	54755.0	35168.0	13957.0	30616.0	49520.0	14358.0	18262.0	34932.0	43469.0	16588.0	13090.0	33462.0	31215.0	12080.0	12111.0	80725.0	60886.0	32693.0	78818.0	112823.0	125612.0	65199.0	45292.0	79623.0	65240.0	29588.0	48960.0	78975.0	46815.0	37201.0	24147.0	85234.0	46706.0	35295.0	1306.0	50743.0	707.0	27459.0	20448.0	33357.0	34447.0	15994.0	2077.0	12850.0	25215.0	8993.0	17299.0	60949.0	17780.0	27459.0
ATG	51851.0	40959.0	56498.0	32650.0	25265.0	35216.0	26939.0	19210.0	26611.0	25165.0	33589.0	15317.0	51220.0	54755.0	49012.0	39892.0	14212.0	20925.0	35193.0	14133.0	20250.0	24671.0	27231.0	17182.0	7706.0	18943.0	16769.0	8923.0	15245.0	51376.0	42490.0	32351.0	66820.0	64854.0	85942.0	55747.0	43764.0	52720.0	39411.0	30653.0	41743.0	50019.0	31531.0	33227.0	27930.0	52053.0	36922.0	39176.0	1162.0	39356.0	525.0	30222.0	22502.0	24707.0	21199.0	16423.0	1386.0	11032.0	20235.0	9180.0	25152.0	45815.0	18549.0	30331.0
ATT	74724.0	33941.0	49560.0	51670.0	30868.0	21491.0	15977.0	24835.0	31589.0	18874.0	26648.0	20936.0	55930.0	35168.0	39892.0	55392.0	18558.0	13145.0	23730.0	16760.0	24828.0	14596.0	15650.0	20383.0	6138.0	8232.0	8505.0	7555.0	17377.0	28470.0	25887.0	35846.0	81985.0	40300.0	63960.0	69722.0	43764.0	27908.0	20251.0	33048.0	47447.0	28403.0	23601.0	36767.0	31731.0	26350.0	25027.0	47116.0	1651.0	28996.0	563.0	38982.0	27863.0	17053.0	12606.0	22459.0	1313.0	6976.0	17263.0	9040.0	39064.0	30865.0	21674.0	39840.0
CAA	24269.0	12031.0	15264.0	16369.0	12089.0	8890.0	7368.0	9226.0	10494.0	6649.0	7392.0	6862.0	19703.0	13957.0	14212.0	18558.0	9412.0	5695.0	9844.0	5795.0	8792.0	5610.0	6217.0	6806.0	3493.0	4532.0	4240.0	3188.0	7428.0	13001.0	9381.0	11971.0	27460.0	16671.0	21784.0	21648.0	15969.0	11737.0	9275.0	11787.0	14644.0	10690.0	7579.0	11478.0	11842.0	12122.0	9330.0	15221.0	667.0	11625.0	281.0	14053.0	9337.0	5810.0	5288.0	7350.0	505.0	2640.0	6750.0	3624.0	14579.0	12488.0	8246.0	13336.0
CAC	17070.0	22111.0	24872.0	9520.0	9335.0	22087.0	20318.0	7390.0	8673.0	13117.0	13768.0	5379.0	16831.0	30616.0	20925.0	13145.0	5695.0	17564.0	19057.0	5997.0	8038.0	14943.0	19267.0	6084.0	5781.0	15799.0	13346.0	5102.0	5726.0	36566.0	24514.0	12239.0	29476.0	48496.0	52223.0	22590.0	16900.0	33833.0	29666.0	11986.0	16467.0	32819.0	17882.0	13841.0	10235.0	38655.0	21548.0	15749.0	365.0	24612.0	281.0	10680.0	6954.0	11906.0	14160.0	5239.0	642.0	6383.0	12149.0	4945.0	6939.0	26770.0	7587.0	10326.0
CAG	28277.0	32665.0	39246.0	18705.0	16421.0	32911.0	26645.0	12513.0	13806.0	20579.0	21292.0	9899.0	28590.0	49520.0	35193.0	23730.0	9844.0	19057.0	35528.0	9574.0	12018.0	19836.0	25331.0	10430.0	7956.0	20633.0	18551.0	8066.0	9073.0	52217.0	39932.0	23311.0	45507.0	60514.0	72616.0	36930.0	29815.0	48146.0	37977.0	20353.0	26546.0	43481.0	25387.0	21537.0	16660.0	51614.0	30489.0	24361.0	886.0	34975.0	541.0	19264.0	13193.0	19513.0	20088.0	9896.0	1263.0	8322.0	16742.0	6466.0	11239.0	39534.0	11785.0	17893.0
CAT	21831.0	11273.0	16501.0	14787.0	10404.0	9307.0	6330.0	7788.0	10130.0	6458.0	9728.0	5995.0	18973.0	14358.0	14133.0	16760.0	5795.0	5997.0	9574.0	7566.0	8160.0	6024.0	6970.0	7053.0	2742.0	4027.0	4637.0	3361.0	5716.0	12299.0	11714.0	12779.0	24645.0	15379.0	22455.0	23359.0	15190.0	11671.0	8402.0	10966.0	15058.0	10819.0	8820.0	11644.0	10961.0	11634.0	10494.0	15363.0	366.0	11228.0	202.0	14095.0	8702.0	6342.0	4903.0	6644.0	414.0	3646.0	6939.0	4061.0	11172.0	12197.0	6822.0	12925.0
CCA	28780.0	15295.0	22370.0	18301.0	16881.0	11969.0	9382.0	12029.0	15159.0	9431.0	13423.0	8476.0	30234.0	18262.0	20250.0	24828.0	8792.0	8038.0	12018.0	8160.0	14516.0	8092.0	9151.0	9717.0	3316.0	4850.0	4754.0	3902.0	9813.0	17077.0	13787.0	17118.0	33071.0	20913.0	30230.0	28524.0	22765.0	15648.0	11509.0	16515.0	20847.0	14296.0	10524.0	16388.0	17050.0	16346.0	14341.0	24302.0	594.0	17669.0	261.0	19473.0	13016.0	7856.0	6612.0	8823.0	555.0	4298.0	10633.0	5298.0	18085.0	18782.0	10138.0	18700.0
CCC	17005.0	21457.0	28118.0	9878.0	9977.0	24808.0	20447.0	8415.0	9274.0	14732.0	19002.0	5846.0	22259.0	34932.0	24671.0	14596.0	5610.0	14943.0	19836.0	6024.0	8092.0	18840.0	20440.0	7668.0	5433.0	15262.0	13404.0	4782.0	7498.0	40987.0	29772.0	14767.0	28684.0	48138.0	56048.0	23382.0	18776.0	39515.0	31582.0	13829.0	17736.0	34608.0	20596.0	14066.0	12839.0	43288.0	27253.0	17478.0	507.0	27648.0	359.0	12753.0	7846.0	15161.0	14940.0	6299.0	777.0	7660.0	14448.0	4604.0	7631.0	31859.0	8889.0	12247.0
CCG	17372.0	25476.0	28045.0	10506.0	11513.0	29893.0	29979.0	9145.0	9022.0	17798.0	16158.0	6813.0	19948.0	43469.0	27231.0	15650.0	6217.0	19267.0	25331.0	6970.0	9151.0	20440.0	31056.0	7664.0	8107.0	20293.0	19548.0	6635.0	6508.0	51430.0	36820.0	16510.0	33948.0	61326.0	65129.0	27792.0	21795.0	47250.0	44683.0	15348.0	19845.0	43952.0	25134.0	16974.0	12683.0	55944.0	31643.0	19529.0	697.0	32210.0	492.0	13745.0	8884.0	16122.0	21862.0	6683.0	1248.0	7945.0	17090.0	6134.0	7181.0	38254.0	10112.0	13279.0
CCT	23818.0	12377.0	19734.0	15264.0	11845.0	10230.0	7253.0	10245.0	12114.0	7863.0	12540.0	6981.0	24485.0	16588.0	17182.0	20383.0	6806.0	6084.0	10430.0	7053.0	9717.0	7668.0	7664.0	9306.0	2501.0	3688.0	3935.0	3264.0	7327.0	14341.0	12989.0	15158.0	27118.0	16703.0	25693.0	24186.0	18045.0	13627.0	9192.0	14205.0	16892.0	11775.0	9477.0	13252.0	14384.0	13757.0	13123.0	20023.0	484.0	13966.0	228.0	16362.0	10024.0	7617.0	5466.0	8345.0	448.0	4270.0	8616.0	4522.0	13761.0	15678.0	8650.0	15672.0
CGA	7259.0	7594.0	7106.0	4592.0	4366.0	8870.0	9608.0	3437.0	3116.0	5231.0	2993.0	3043.0	4877.0	13090.0	7706.0	6138.0	3493.0	5781.0	7956.0	2742.0	3316.0	5433.0	8107.0	2501.0	5124.0	7911.0	7715.0	3477.0	2393.0	16661.0	9863.0	5800.0	14493.0	21117.0	20867.0	11453.0	7616.0	14264.0	13891.0	5605.0	6894.0	12402.0	7270.0	6291.0	3779.0	16765.0	7873.0	6552.0	364.0	8299.0	266.0	4620.0	3501.0	4525.0	7007.0	2617.0	623.0	1921.0	4794.0	2164.0	2949.0	9938.0	3317.0	4608.0
CGC	10474.0	19586.0	20495.0	5465.0	6218.0	24098.0	22738.0	4910.0	4685.0	13295.0	8857.0	4124.0	8928.0	33462.0	18943.0	8232.0	4532.0	15799.0	20633.0	4027.0	4850.0	15262.0	20293.0	3688.0	7911.0	24286.0	17725.0	6168.0	3825.0	45040.0	26679.0	9493.0	27937.0	59395.0	58246.0	18528.0	13761.0	41476.0	37772.0	9588.0	12004.0	37649.0	17391.0	11107.0	6764.0	47224.0	21500.0	10652.0	520.0	23186.0	428.0	6962.0	4423.0	12491.0	17075.0	3671.0	956.0	5448.0	11245.0	3829.0	3168.0	26870.0	5958.0	6523.0
CGG	10708.0	16815.0	16730.0	6001.0	6190.0	20914.0	20440.0	4795.0	4320.0	11970.0	8111.0	4336.0	7827.0	31215.0	16769.0	8505.0	4240.0	13346.0	18551.0	4637.0	4754.0	13404.0	19548.0	3935.0	7715.0	17725.0	19424.0	5883.0	3491.0	38808.0	25883.0	10209.0	24275.0	47907.0	49510.0	19712.0	13387.0	35313.0	32586.0	9071.0	11710.0	31007.0	18619.0	10422.0	6400.0	39158.0	20445.0	9906.0	573.0	19509.0	534.0	7468.0	5028.0	11192.0	15908.0	3977.0	1148.0	5155.0	9793.0	3898.0	3212.0	23310.0	5759.0	7632.0
CGT	9298.0	7713.0	9327.0	5985.0	5050.0	7869.0	7092.0	3962.0	4243.0	4704.0	4894.0	3334.0	7337.0	12080.0	8923.0	7555.0	3188.0	5102.0	8066.0	3361.0	3902.0	4782.0	6635.0	3264.0	3477.0	6168.0	5883.0	3940.0	2744.0	13260.0	9328.0	7387.0	15343.0	17061.0	19515.0	12668.0	9188.0	11959.0	10496.0	6506.0	7921.0	10530.0	6635.0	7584.0	5211.0	13292.0	7970.0	7988.0	319.0	8100.0	167.0	5970.0	3922.0	4721.0	5366.0	3216.0	455.0	2237.0	4659.0	2219.0	3929.0	9257.0	3768.0	5468.0
CTA	23656.0	13495.0	21965.0	16241.0	11514.0	8381.0	6917.0	8704.0	13308.0	9127.0	14863.0	7554.0	25634.0	12111.0	15245.0	17377.0	7428.0	5726.0	9073.0	5716.0	9813.0	7498.0	6508.0	7327.0	2393.0	3825.0	3491.0	2744.0	10576.0	13879.0	11546.0	12509.0	26475.0	16615.0	29049.0	22379.0	15753.0	13701.0	9930.0	13270.0	16291.0	13144.0	10100.0	12951.0	13215.0	11523.0	11867.0	16230.0	585.0	13894.0	382.0	14471.0	10226.0	7082.0	5502.0	7784.0	553.0	2753.0	7568.0	2701.0	13848.0	14385.0	8231.0	13206.0
CTC	38012.0	55416.0	63725.0	21700.0	21416.0	58095.0	54105.0	16593.0	19956.0	38420.0	38953.0	14158.0	37965.0	80725.0	51376.0	28470.0	13001.0	36566.0	52217.0	12299.0	17077.0	40987.0	51430.0	14341.0	16661.0	45040.0	38808.0	13260.0	13879.0	101406.0	66404.0	30338.0	75231.0	134199.0	149701.0	56923.0	42790.0	98569.0	87017.0	30836.0	43533.0	91542.0	53517.0	34848.0	22543.0	104188.0	55416.0	34606.0	1124.0	58146.0	941.0	23106.0	17413.0	34914.0	41888.0	13369.0	2098.0	12527.0	28836.0	8327.0	13396.0	68965.0	18305.0	23454.0
CTG	34431.0	41326.0	51902.0	20759.0	17973.0	40253.0	35086.0	13954.0	17769.0	29718.0	34434.0	11546.0	35097.0	60886.0	42490.0	25887.0	9381.0	24514.0	39932.0	11714.0	13787.0	29772.0	36820.0	12989.0	9863.0	26679.0	25883.0	9328.0	11546.0	66404.0	59002.0	27132.0	56012.0	83515.0	102985.0	46925.0	35404.0	67710.0	56417.0	25104.0	34685.0	63824.0	39704.0	26714.0	20384.0	68206.0	44506.0	28021.0	1062.0	43503.0	802.0	21707.0	16092.0	26683.0	28435.0	12517.0	1870.0	10476.0	21477.0	6642.0	11560.0	51455.0	15459.0	21881.0
CTT	48002.0	27519.0	41355.0	31212.0	22054.0	20816.0	15512.0	16683.0	22890.0	17633.0	26308.0	14389.0	40966.0	32693.0	32351.0	35846.0	11971.0	12239.0	23311.0	12779.0	17118.0	14767.0	16510.0	15158.0	5800.0	9493.0	10209.0	7387.0	12509.0	30338.0	27132.0	30974.0	60010.0	37972.0	60099.0	50233.0	36088.0	30409.0	21791.0	25640.0	34931.0	28120.0	22177.0	27428.0	23112.0	27516.0	23938.0	34086.0	1031.0	25626.0	487.0	27008.0	20234.0	15924.0	12736.0	15494.0	1105.0	6531.0	14578.0	6385.0	21868.0	28656.0	14942.0	28440.0
GAA	112617.0	56277.0	78279.0	63643.0	44560.0	47788.0	37691.0	35276.0	46906.0	32142.0	38436.0	26899.0	87440.0	78818.0	66820.0	81985.0	27460.0	29476.0	45507.0	24645.0	33071.0	28684.0	33948.0	27118.0	14493.0	27937.0	24275.0	15343.0	26475.0	75231.0	56012.0	60010.0	143724.0	97508.0	121915.0	100074.0	71252.0	67858.0	50716.0	51105.0	66454.0	59392.0	38707.0	49051.0	51337.0	75050.0	47447.0	72453.0	2971.0	57356.0	1168.0	56697.0	36102.0	30286.0	26883.0	28843.0	2817.0	15198.0	29918.0	16926.0	55725.0	62606.0	33232.0	56674.0
GAC	48112.0	68628.0	73076.0	27716.0	28060.0	77854.0	70514.0	22678.0	23654.0	43198.0	39284.0	16747.0	48864.0	112823.0	64854.0	40300.0	16671.0	48496.0	60514.0	15379.0	20913.0	48138.0	61326.0	16703.0	21117.0	59395.0	47907.0	17061.0	16615.0	134199.0	83515.0	37972.0	97508.0	184476.0	177256.0	72949.0	52260.0	125474.0	107025.0	37562.0	48371.0	112159.0	56252.0	42135.0	31456.0	151366.0	72955.0	48363.0	1502.0	79376.0	1043.0	31569.0	20039.0	39787.0	49107.0	15442.0	2568.0	17833.0	36835.0	13354.0	19606.0	90092.0	23185.0	28970.0
GAG	74064.0	78674.0	117809.0	43129.0	36612.0	80056.0	70131.0	30852.0	42327.0	53976.0	73268.0	24282.0	86933.0	125612.0	85942.0	63960.0	21784.0	52223.0	72616.0	22455.0	30230.0	56048.0	65129.0	25693.0	20867.0	58246.0	49510.0	19515.0	29049.0	149701.0	102985.0	60099.0	121915.0	177256.0	230644.0	99138.0	68328.0	136664.0	109820.0	57187.0	65361.0	119507.0	70571.0	54332.0	45185.0	149758.0	89956.0	73620.0	2497.0	95489.0	1787.0	48439.0	28941.0	47882.0	50230.0	23723.0	4079.0	23177.0	44099.0	16277.0	35561.0	104907.0	37612.0	45465.0
GAT	83173.0	46726.0	65750.0	57757.0	39077.0	38592.0	29879.0	30887.0	38885.0	27065.0	38533.0	23762.0	78107.0	65199.0	55747.0	69722.0	21648.0	22590.0	36930.0	23359.0	28524.0	23382.0	27792.0	24186.0	11453.0	18528.0	19712.0	12668.0	22379.0	56923.0	46925.0	50233.0	100074.0	72949.0	99138.0	94044.0	59943.0	52632.0	40196.0	44842.0	56374.0	47683.0	35007.0	45728.0	44088.0	58111.0	44286.0	65564.0	1539.0	47208.0	716.0	52324.0	32498.0	25921.0	21886.0	25684.0	1722.0	12930.0	25758.0	13967.0	44838.0	52054.0	28535.0	49408.0
GCA	57358.0	35153.0	46871.0	37429.0	31397.0	30393.0	22462.0	22030.0	26960.0	21777.0	26126.0	17167.0	50875.0	45292.0	43764.0	43764.0	15969.0	16900.0	29815.0	15190.0	22765.0	18776.0	21795.0	18045.0	7616.0	13761.0	13387.0	9188.0	15753.0	42790.0	35404.0	36088.0	71252.0	52260.0	68328.0	59943.0	55374.0	44116.0	32814.0	34757.0	46074.0	38606.0	26819.0	35727.0	30537.0	40618.0	30176.0	41672.0	1126.0	32785.0	492.0	32025.0	25601.0	20161.0	17068.0	18019.0	1169.0	8800.0	18068.0	9165.0	28418.0	37755.0	18086.0	32699.0
GCC	34718.0	52361.0	60960.0	21012.0	20564.0	59368.0	51113.0	17269.0	18141.0	36744.0	38162.0	12971.0	38493.0	79623.0	52720.0	27908.0	11737.0	33833.0	48146.0	11671.0	15648.0	39515.0	47250.0	13627.0	14264.0	41476.0	35313.0	11959.0	13701.0	98569.0	67710.0	30409.0	67858.0	125474.0	136664.0	52632.0	44116.0	106734.0	86954.0	31956.0	39974.0	91191.0	50031.0	33881.0	23001.0	103712.0	56898.0	33801.0	952.0	55920.0	719.0	22578.0	16338.0	34081.0	38613.0	12941.0	1707.0	13401.0	27532.0	8849.0	13596.0	66535.0	18344.0	23031.0
GCG	23334.0	41673.0	42232.0	14230.0	15171.0	47880.0	49305.0	12568.0	12637.0	29463.0	24930.0	10223.0	24939.0	65240.0	39411.0	20251.0	9275.0	29666.0	37977.0	8402.0	11509.0	31582.0	44683.0	9192.0	13891.0	37772.0	32586.0	10496.0	9930.0	87017.0	56417.0	21791.0	50716.0	107025.0	109820.0	40196.0	32814.0	86954.0	85564.0	24420.0	30090.0	78553.0	43072.0	26699.0	16202.0	91843.0	47780.0	26044.0	853.0	45433.0	865.0	16193.0	11341.0	25726.0	36817.0	9141.0	1937.0	9582.0	22333.0	7307.0	9402.0	56427.0	15496.0	16406.0
GCT	40855.0	25338.0	39207.0	26989.0	20810.0	20077.0	16182.0	17927.0	21995.0	17521.0	24887.0	13805.0	39016.0	29588.0	30653.0	33048.0	11787.0	11986.0	20353.0	10966.0	16515.0	13829.0	15348.0	14205.0	5605.0	9588.0	9071.0	6506.0	13270.0	30836.0	25104.0	25640.0	51105.0	37562.0	57187.0	44842.0	34757.0	31956.0	24420.0	31984.0	32965.0	27750.0	20664.0	27561.0	22899.0	28818.0	24015.0	34611.0	840.0	24348.0	459.0	24245.0	17147.0	14421.0	12136.0	14356.0	909.0	6063.0	14303.0	6402.0	22645.0	28081.0	15495.0	23767.0
GGA	56497.0	34287.0	47919.0	34672.0	29614.0	29918.0	21801.0	22385.0	28278.0	20469.0	26725.0	16123.0	57085.0	48960.0	41743.0	47447.0	14644.0	16467.0	26546.0	15058.0	20847.0	17736.0	19845.0	16892.0	6894.0	12004.0	11710.0	7921.0	16291.0	43533.0	34685.0	34931.0	66454.0	48371.0	65361.0	56374.0	46074.0	39974.0	30090.0	32965.0	50478.0	35902.0	26096.0	33509.0	33504.0	44695.0	33268.0	47063.0	1149.0	35561.0	557.0	34336.0	22832.0	20613.0	15797.0	17683.0	1367.0	10025.0	19853.0	9804.0	30066.0	41454.0	19451.0	35004.0
GGC	32068.0	48470.0	56069.0	19486.0	19738.0	54344.0	50117.0	16248.0	16450.0	33574.0	31845.0	11941.0	40836.0	78975.0	50019.0	28403.0	10690.0	32819.0	43481.0	10819.0	14296.0	34608.0	43952.0	11775.0	12402.0	37649.0	31007.0	10530.0	13144.0	91542.0	63824.0	28120.0	59392.0	112159.0	119507.0	47683.0	38606.0	91191.0	78553.0	27750.0	35902.0	92186.0	44209.0	31750.0	24465.0	108209.0	57751.0	35503.0	945.0	56302.0	715.0	23166.0	14930.0	29649.0	36362.0	11660.0	1480.0	13031.0	27675.0	8765.0	13661.0	66743.0	17054.0	22891.0
GGG	25886.0	28318.0	37138.0	16010.0	14772.0	30025.0	27145.0	12289.0	13555.0	19972.0	25294.0	9388.0	31820.0	46815.0	31531.0	23601.0	7579.0	17882.0	25387.0	8820.0	10524.0	20596.0	25134.0	9477.0	7270.0	17391.0	18619.0	6635.0	10100.0	53517.0	39704.0	22177.0	38707.0	56252.0	70571.0	35007.0	26819.0	50031.0	43072.0	20664.0	26096.0	44209.0	30496.0	20982.0	18277.0	55877.0	37447.0	27137.0	715.0	33709.0	557.0	18750.0	11868.0	19310.0	20129.0	9542.0	1254.0	8781.0	16734.0	6069.0	12489.0	39999.0	13339.0	18902.0
GGT	38425.0	26779.0	36089.0	27198.0	22178.0	24886.0	19512.0	18143.0	19503.0	15944.0	22004.0	14749.0	41440.0	37201.0	33227.0	36767.0	11478.0	13841.0	21537.0	11644.0	16388.0	14066.0	16974.0	13252.0	6291.0	11107.0	10422.0	7584.0	12951.0	34848.0	26714.0	27428.0	49051.0	42135.0	54332.0	45728.0	35727.0	33881.0	26699.0	27561.0	33509.0	31750.0	20982.0	33374.0	26215.0	38516.0	27821.0	38902.0	856.0	27863.0	441.0	26515.0	17676.0	15478.0	13712.0	13503.0	993.0	6908.0	15828.0	7757.0	23588.0	32553.0	15416.0	25561.0
GTA	45341.0	25165.0	35850.0	31329.0	21802.0	16701.0	12102.0	16579.0	21551.0	14991.0	21528.0	13538.0	40144.0	24147.0	27930.0	31731.0	11842.0	10235.0	16660.0	10961.0	17050.0	12839.0	12683.0	14384.0	3779.0	6764.0	6400.0	5211.0	13215.0	22543.0	20384.0	23112.0	51337.0	31456.0	45185.0	44088.0	30537.0	23001.0	16202.0	22899.0	33504.0	24465.0	18277.0	26215.0	24730.0	20686.0	20187.0	29579.0	916.0	22139.0	401.0	24520.0	18090.0	13360.0	9944.0	14138.0	874.0	5874.0	11985.0	6245.0	23493.0	23525.0	14001.0	23852.0
GTC	34531.0	58977.0	60324.0	21398.0	20591.0	64521.0	59138.0	16757.0	16723.0	38948.0	31580.0	14060.0	31213.0	85234.0	52053.0	26350.0	12122.0	38655.0	51614.0	11634.0	16346.0	43288.0	55944.0	13757.0	16765.0	47224.0	39158.0	13292.0	11523.0	104188.0	68206.0	27516.0	75050.0	151366.0	149758.0	58111.0	40618.0	103712.0	91843.0	28818.0	44695.0	108209.0	55877.0	38516.0	20686.0	116132.0	55063.0	33315.0	1061.0	57911.0	821.0	21795.0	15787.0	35330.0	45085.0	12461.0	2080.0	13103.0	28081.0	9263.0	11710.0	70366.0	17810.0	20933.0
GTG	31059.0	37540.0	48445.0	21643.0	17755.0	34967.0	30634.0	14640.0	17698.0	26256.0	33990.0	12026.0	35569.0	46706.0	36922.0	25027.0	9330.0	21548.0	30489.0	10494.0	14341.0	27253.0	31643.0	13123.0	7873.0	21500.0	20445.0	7970.0	11867.0	55416.0	44506.0	23938.0	47447.0	72955.0	89956.0	44286.0	30176.0	56898.0	47780.0	24015.0	33268.0	57751.0	37447.0	27821.0	20187.0	55063.0	42438.0	29226.0	980.0	38069.0	750.0	20416.0	14840.0	23247.0	23840.0	11962.0	1634.0	9232.0	18545.0	6471.0	14174.0	43239.0	16023.0	20137.0
GTT	61247.0	35772.0	53645.0	41686.0	28245.0	24434.0	19257.0	23181.0	30092.0	21600.0	32708.0	19497.0	51578.0	35295.0	39176.0	47116.0	15221.0	15749.0	24361.0	15363.0	24302.0	17478.0	19529.0	20023.0	6552.0	10652.0	9906.0	7988.0	16230.0	34606.0	28021.0	34086.0	72453.0	48363.0	73620.0	65564.0	41672.0	33801.0	26044.0	34611.0	47063.0	35503.0	27137.0	38902.0	29579.0	33315.0	29226.0	49256.0	1194.0	31845.0	556.0	33402.0	24259.0	17716.0	14623.0	19086.0	1224.0	7706.0	17374.0	8694.0	31179.0	33739.0	20702.0	33995.0
TAA	3110.0	983.0	2140.0	1280.0	720.0	744.0	661.0	626.0	1278.0	599.0	1143.0	579.0	1804.0	1306.0	1162.0	1651.0	667.0	365.0	886.0	366.0	594.0	507.0	697.0	484.0	364.0	520.0	573.0	319.0	585.0	1124.0	1062.0	1031.0	2971.0	1502.0	2497.0	1539.0	1126.0	952.0	853.0	840.0	1149.0	945.0	715.0	856.0	916.0	1061.0	980.0	1194.0	0.0	1069.0	0.0	1077.0	722.0	513.0	490.0	520.0	2.0	277.0	700.0	327.0	1346.0	1017.0	743.0	1063.0
TAC	39915.0	43844.0	53980.0	25790.0	20249.0	36704.0	31323.0	15643.0	20304.0	27259.0	32742.0	12693.0	41139.0	50743.0	39356.0	28996.0	11625.0	24612.0	34975.0	11228.0	17669.0	27648.0	32210.0	13966.0	8299.0	23186.0	19509.0	8100.0	13894.0	58146.0	43503.0	25626.0	57356.0	79376.0	95489.0	47208.0	32785.0	55920.0	45433.0	24348.0	35561.0	56302.0	33709.0	27863.0	22139.0	57911.0	38069.0	31845.0	1069.0	48674.0	622.0	25412.0	17165.0	23197.0	23503.0	12165.0	1453.0	10556.0	22918.0	7466.0	17927.0	50308.0	16157.0	23549.0
TAG	1065.0	434.0	1187.0	445.0	341.0	462.0	498.0	304.0	602.0	422.0	826.0	258.0	789.0	707.0	525.0	563.0	281.0	281.0	541.0	202.0	261.0	359.0	492.0	228.0	266.0	428.0	534.0	167.0	382.0	941.0	802.0	487.0	1168.0	1043.0	1787.0	716.0	492.0	719.0	865.0	459.0	557.0	715.0	557.0	441.0	401.0	821.0	750.0	556.0	0.0	622.0	0.0	481.0	318.0	333.0	401.0	233.0	0.0	169.0	479.0	148.0	463.0	607.0	421.0	377.0
TAT	53254.0	26765.0	37935.0	39670.0	23975.0	17779.0	12854.0	18753.0	24511.0	15240.0	21372.0	15486.0	46250.0	27459.0	30222.0	38982.0	14053.0	10680.0	19264.0	14095.0	19473.0	12753.0	13745.0	16362.0	4620.0	6962.0	7468.0	5970.0	14471.0	23106.0	21707.0	27008.0	56697.0	31569.0	48439.0	52324.0	32025.0	22578.0	16193.0	24245.0	34336.0	23166.0	18750.0	26515.0	24520.0	21795.0	20416.0	33402.0	1077.0	25412.0	481.0	35910.0	20941.0	14037.0	10526.0	17108.0	1004.0	6470.0	15627.0	7917.0	29327.0	26422.0	16689.0	32052.0
TCA	32700.0	17766.0	22693.0	24646.0	18604.0	13076.0	9503.0	12958.0	14487.0	10398.0	13953.0	10360.0	33659.0	20448.0	22502.0	27863.0	9337.0	6954.0	13193.0	8702.0	13016.0	7846.0	8884.0	10024.0	3501.0	4423.0	5028.0	3922.0	10226.0	17413.0	16092.0	20234.0	36102.0	20039.0	28941.0	32498.0	25601.0	16338.0	11341.0	17147.0	22832.0	14930.0	11868.0	17676.0	18090.0	15787.0	14840.0	24259.0	722.0	17165.0	318.0	20941.0	17260.0	10064.0	7702.0	11549.0	642.0	4309.0	9320.0	4931.0	20192.0	18792.0	10934.0	21366.0
TCC	20008.0	22755.0	27839.0	13728.0	11378.0	23191.0	17506.0	9303.0	10216.0	14760.0	17458.0	7165.0	22759.0	33357.0	24707.0	17053.0	5810.0	11906.0	19513.0	6342.0	7856.0	15161.0	16122.0	7617.0	4525.0	12491.0	11192.0	4721.0	7082.0	34914.0	26683.0	15924.0	30286.0	39787.0	47882.0	25921.0	20161.0	34081.0	25726.0	14421.0	20613.0	29649.0	19310.0	15478.0	13360.0	35330.0	23247.0	17716.0	513.0	23197.0	333.0	14037.0	10064.0	17284.0	14467.0	8420.0	741.0	6671.0	11128.0	4378.0	9154.0	27758.0	9120.0	13540.0
TCG	13815.0	21675.0	21718.0	9050.0	9378.0	24665.0	25131.0	7257.0	7014.0	15032.0	11820.0	6313.0	15522.0	34447.0	21199.0	12606.0	5288.0	14160.0	20088.0	4903.0	6612.0	14940.0	21862.0	5466.0	7007.0	17075.0	15908.0	5366.0	5502.0	41888.0	28435.0	12736.0	26883.0	49107.0	50230.0	21886.0	17068.0	38613.0	36817.0	12136.0	15797.0	36362.0	20129.0	13712.0	9944.0	45085.0	23840.0	14623.0	490.0	23503.0	401.0	10526.0	7702.0	14467.0	20418.0	6068.0	965.0	5299.0	11527.0	4292.0	6114.0	29242.0	8162.0	10132.0
TCT	25893.0	13082.0	18360.0	19135.0	13001.0	9727.0	7145.0	10845.0	12018.0	7983.0	10480.0	8271.0	24819.0	15994.0	16423.0	22459.0	7350.0	5239.0	9896.0	6644.0	8823.0	6299.0	6683.0	8345.0	2617.0	3671.0	3977.0	3216.0	7784.0	13369.0	12517.0	15494.0	28843.0	15442.0	23723.0	25684.0	18019.0	12941.0	9141.0	14356.0	17683.0	11660.0	9542.0	13503.0	14138.0	12461.0	11962.0	19086.0	520.0	12165.0	233.0	17108.0	11549.0	8420.0	6068.0	11052.0	465.0	3569.0	7502.0	4077.0	15466.0	14058.0	9449.0	17030.0
TGA	2121.0	1192.0	2609.0	881.0	721.0	1147.0	1237.0	545.0	1168.0	827.0	1662.0	566.0	1552.0	2077.0	1386.0	1313.0	505.0	642.0	1263.0	414.0	555.0	777.0	1248.0	448.0	623.0	956.0	1148.0	455.0	553.0	2098.0	1870.0	1105.0	2817.0	2568.0	4079.0	1722.0	1169.0	1707.0	1937.0	909.0	1367.0	1480.0	1254.0	993.0	874.0	2080.0	1634.0	1224.0	2.0	1453.0	0.0	1004.0	642.0	741.0	965.0	465.0	4.0	388.0	943.0	290.0	757.0	1618.0	799.0	893.0
TGC	11498.0	10674.0	14413.0	6993.0	5346.0	9909.0	7044.0	4176.0	5788.0	6661.0	9218.0	2938.0	9381.0	12850.0	11032.0	6976.0	2640.0	6383.0	8322.0	3646.0	4298.0	7660.0	7945.0	4270.0	1921.0	5448.0	5155.0	2237.0	2753.0	12527.0	10476.0	6531.0	15198.0	17833.0	23177.0	12930.0	8800.0	13401.0	9582.0	6063.0	10025.0	13031.0	8781.0	6908.0	5874.0	13103.0	9232.0	7706.0	277.0	10556.0	169.0	6470.0	4309.0	6671.0	5299.0	3569.0	388.0	9400.0	4956.0	5271.0	3845.0	10697.0	3783.0	5724.0
TGG	22247.0	20802.0	25765.0	15116.0	11409.0	18044.0	15290.0	9194.0	11898.0	13185.0	15826.0	7497.0	21795.0	25215.0	20235.0	17263.0	6750.0	12149.0	16742.0	6939.0	10633.0	14448.0	17090.0	8616.0	4794.0	11245.0	9793.0	4659.0	7568.0	28836.0	21477.0	14578.0	29918.0	36835.0	44099.0	25758.0	18068.0	27532.0	22333.0	14303.0	19853.0	27675.0	16734.0	15828.0	11985.0	28081.0	18545.0	17374.0	700.0	22918.0	479.0	15627.0	9320.0	11128.0	11527.0	7502.0	943.0	4956.0	15454.0	4234.0	11084.0	25511.0	9313.0	14380.0
TGT	14405.0	8067.0	10162.0	9448.0	6311.0	7095.0	5829.0	4833.0	6114.0	4436.0	5180.0	4029.0	9275.0	8993.0	9180.0	9040.0	3624.0	4945.0	6466.0	4061.0	5298.0	4604.0	6134.0	4522.0	2164.0	3829.0	3898.0	2219.0	2701.0	8327.0	6642.0	6385.0	16926.0	13354.0	16277.0	13967.0	9165.0	8849.0	7307.0	6402.0	9804.0	8765.0	6069.0	7757.0	6245.0	9263.0	6471.0	8694.0	327.0	7466.0	148.0	7917.0	4931.0	4378.0	4292.0	4077.0	290.0	5271.0	4234.0	7590.0	5976.0	7447.0	4001.0	7061.0
TTA	57313.0	20532.0	31609.0	38321.0	21489.0	10335.0	7765.0	17057.0	23795.0	10815.0	17824.0	15202.0	43888.0	17299.0	25152.0	39064.0	14579.0	6939.0	11239.0	11172.0	18085.0	7631.0	7181.0	13761.0	2949.0	3168.0	3212.0	3929.0	13848.0	13396.0	11560.0	21868.0	55725.0	19606.0	35561.0	44838.0	28418.0	13596.0	9402.0	22645.0	30066.0	13661.0	12489.0	23588.0	23493.0	11710.0	14174.0	31179.0	1346.0	17927.0	463.0	29327.0	20192.0	9154.0	6114.0	15466.0	757.0	3845.0	11084.0	5976.0	36172.0	18525.0	15852.0	29399.0
TTC	40924.0	48754.0	56720.0	27171.0	21999.0	43027.0	36980.0	17421.0	21392.0	30221.0	33839.0	14157.0	42292.0	60949.0	45815.0	30865.0	12488.0	26770.0	39534.0	12197.0	18782.0	31859.0	38254.0	15678.0	9938.0	26870.0	23310.0	9257.0	14385.0	68965.0	51455.0	28656.0	62606.0	90092.0	104907.0	52054.0	37755.0	66535.0	56427.0	28081.0	41454.0	66743.0	39999.0	32553.0	23525.0	70366.0	43239.0	33739.0	1017.0	50308.0	607.0	26422.0	18792.0	27758.0	29242.0	14058.0	1618.0	10697.0	25511.0	7447.0	18525.0	60556.0	18018.0	26657.0
TTG	29239.0	16401.0	26176.0	18865.0	11579.0	11169.0	10361.0	10307.0	14477.0	10743.0	16007.0	8721.0	25649.0	17780.0	18549.0	21674.0	8246.0	7587.0	11785.0	6822.0	10138.0	8889.0	10112.0	8650.0	3317.0	5958.0	5759.0	3768.0	8231.0	18305.0	15459.0	14942.0	33232.0	23185.0	37612.0	28535.0	18086.0	18344.0	15496.0	15495.0	19451.0	17054.0	13339.0	15416.0	14001.0	17810.0	16023.0	20702.0	743.0	16157.0	421.0	16689.0	10934.0	9120.0	8162.0	9449.0	799.0	3783.0	9313.0	4001.0	15852.0	18018.0	13332.0	16993.0
TTT	53862.0	25463.0	35718.0	37953.0	22958.0	16968.0	12505.0	18146.0	23673.0	14631.0	20186.0	14918.0	44397.0	27459.0	30331.0	39840.0	13336.0	10326.0	17893.0	12925.0	18700.0	12247.0	13279.0	15672.0	4608.0	6523.0	7632.0	5468.0	13206.0	23454.0	21881.0	28440.0	56674.0	28970.0	45465.0	49408.0	32699.0	23031.0	16406.0	23767.0	35004.0	22891.0	18902.0	25561.0	23852.0	20933.0	20137.0	33995.0	1063.0	23549.0	377.0	32052.0	21366.0	13540.0	10132.0	17030.0	893.0	5724.0	14380.0	7061.0	29399.0	26657.0	16993.0	36090.0
End	35037.0	13172.0	28331.0	14885.0	8732.0	10030.0	10393.0	7241.0	16258.0	11005.0	19193.0	8438.0	17298.0	16525.0	13502.0	16108.0	9562.0	6771.0	14978.0	5676.0	7213.0	8177.0	11224.0	5998.0	7579.0	9342.0	11513.0	4842.0	7777.0	18463.0	17169.0	11723.0	34967.0	26614.0	45744.0	20379.0	12613.0	15317.0	15679.0	9954.0	17251.0	16020.0	15982.0	13868.0	10413.0	16086.0	16564.0	13172.0	59871.0	13024.0	32986.0	11862.0	9439.0	9316.0	9901.0	7819.0	74133.0	4007.0	10966.0	3495.0	13093.0	16353.0	9169.0	12400.0
