Proteome_ID	M	W	C	D	E	F	H	K	N	Q	Y	I	A	G	P	T	V	L	R	S
UP000000278	0.017863436219894335	0.021741558181286116	0.030673276291233287	0.030673276291233287	0.030673276291233287	0.042774157337810585	0.030673276291233287	0.042774157337810585	0.042774157337810585	0.07344743362904388	0.042774157337810585	0.06768487845572684	0.04399150968693247	0.04399150968693247	0.04399150968693247	0.061346552582466574	0.061346552582466574	0.10412070992027715	0.07466478597816575	0.09201982887369983
UP000000280	0.017204834093575015	0.02257843695406153	0.031180854000849037	0.031180854000849037	0.031180854000849037	0.038384420138195666	0.031180854000849037	0.038384420138195666	0.038384420138195666	0.0695652741390447	0.038384420138195666	0.059564006182816306	0.05065834798190941	0.05065834798190941	0.05065834798190941	0.062361708001698074	0.062361708001698074	0.10074612813989374	0.08183920198275844	0.09354256200254712
UP000000287	0.01657129645373557	0.02312780983778109	0.031413458064648875	0.031413458064648875	0.031413458064648875	0.03507317464078297	0.031413458064648875	0.03507317464078297	0.03507317464078297	0.06648663270543184	0.03507317464078297	0.053575052827830365	0.056271230516555505	0.056271230516555505	0.056271230516555505	0.06282691612929775	0.06282691612929775	0.09790009077008072	0.08768468858120437	0.09424037419394664
UP000000327	0.017862778419551296	0.021742606215237437	0.030673995425013086	0.030673995425013086	0.030673995425013086	0.04276898777733168	0.030673995425013086	0.04276898777733168	0.04276898777733168	0.07344298320234477	0.04276898777733168	0.06767519713511207	0.04399889004772819	0.04399889004772819	0.04399889004772819	0.06134799085002617	0.06134799085002617	0.10411697862735785	0.07467288547274128	0.09202198627503927
UP000000339	0.017207361505099796	0.022575846048204718	0.031179526800754614	0.031179526800754614	0.031179526800754614	0.03839901531836179	0.031179526800754614	0.03839901531836179	0.03839901531836179	0.06957854211911639	0.03839901531836179	0.05959066913162378	0.05063478234839541	0.05063478234839541	0.05063478234839541	0.06235905360150923	0.06235905360150923	0.10075806891987103	0.08181430914915004	0.09353858040226386
UP000000344	0.01868071779721226	0.01907638619759557	0.028416745096201703	0.028416745096201703	0.028416745096201703	0.054523799035830454	0.028416745096201703	0.054523799035830454	0.054523799035830454	0.08294054413203214	0.054523799035830454	0.09036688027444864	0.029620511268183842	0.029620511268183842	0.029620511268183842	0.056833490192403406	0.056833490192403406	0.11135728922823387	0.05803725636438554	0.08525023528860512
UP000000348	0.01728013976989763	0.02249959760916418	0.031139667494112996	0.031139667494112996	0.031139667494112996	0.03882511853172645	0.031139667494112996	0.03882511853172645	0.03882511853172645	0.06996478602583946	0.03882511853172645	0.060370097293555275	0.049951110431332324	0.049951110431332324	0.049951110431332324	0.06227933498822599	0.06227933498822599	0.10110445351995244	0.0810907779254453	0.09341900248233896
UP000000349	0.01721508212120429	0.022567908241133243	0.031175449301735388	0.031175449301735388	0.031175449301735388	0.03844368224377879	0.031175449301735388	0.03844368224377879	0.03844368224377879	0.06961913154551419	0.03844368224377879	0.059672282366353295	0.050562723570651405	0.050562723570651405	0.050562723570651405	0.062350898603470775	0.062350898603470775	0.10079458084724957	0.0817381728723868	0.09352634790520617
UP000000350	0.015917495052375687	0.023536293588638575	0.031495041114826414	0.031495041114826414	0.031495041114826414	0.03218235780589616	0.031495041114826414	0.03218235780589616	0.03218235780589616	0.06367739892072259	0.03218235780589616	0.048447220559416644	0.06164480681044895	0.06164480681044895	0.06164480681044895	0.06299008222965283	0.06299008222965283	0.09517244003554899	0.09313984792527537	0.09448512334447925
UP000000351	0.016959516443412818	0.022813313777485716	0.031293071999192124	0.031293071999192124	0.031293071999192124	0.03702607961227143	0.031293071999192124	0.03702607961227143	0.03702607961227143	0.06831915161146355	0.03702607961227143	0.05709264278113005	0.052895492334115245	0.052895492334115245	0.052895492334115245	0.06258614399838425	0.06258614399838425	0.09961222361065568	0.08418856433330736	0.09387921599757637
UP000000352	0.012698577496413028	0.024203605250441972	0.030552893998648488	0.030552893998648488	0.030552893998648488	0.021730223732336844	0.030552893998648488	0.021730223732336844	0.021730223732336844	0.052283117730985325	0.021730223732336844	0.03076186996826066	0.08591529872778401	0.08591529872778401	0.08591529872778401	0.061105787997296976	0.061105787997296976	0.08283601172963381	0.11646819272643251	0.09165868199594547
UP000000353	0.0161109823788319	0.023428957267665255	0.031484448457081204	0.031484448457081204	0.031484448457081204	0.03299486216819625	0.031484448457081204	0.03299486216819625	0.03299486216819625	0.06447931062527747	0.03299486216819625	0.0498787419575606	0.06008635463263666	0.06008635463263666	0.06008635463263666	0.06296889691416241	0.06296889691416241	0.09596375908235866	0.09157080308971786	0.09445334537124361
UP000000354	0.017910698541967873	0.021664723109794136	0.03062007238077807	0.03062007238077807	0.03062007238077807	0.04315136943022631	0.03062007238077807	0.04315136943022631	0.04315136943022631	0.07377144181100438	0.04315136943022631	0.06839204031848475	0.043455808934181064	0.043455808934181064	0.043455808934181064	0.06124014476155614	0.06124014476155614	0.10439151419178244	0.07407588131495914	0.09186021714233422
UP000000355	0.018237314110685986	0.021025547506749107	0.030144204562092103	0.030144204562092103	0.030144204562092103	0.04617068826317504	0.030144204562092103	0.04617068826317504	0.04617068826317504	0.07631489282526714	0.04617068826317504	0.07410406241566408	0.039361469489117264	0.039361469489117264	0.039361469489117264	0.060288409124184206	0.060288409124184206	0.10645909738735924	0.06950567405120936	0.09043261368627632
UP000000356	0.016904030608338942	0.0228622408940108	0.03131425619818027	0.03131425619818027	0.03131425619818027	0.03673343917839634	0.03131425619818027	0.03673343917839634	0.03673343917839634	0.06804769537657661	0.03673343917839634	0.05656284774845372	0.05338910067652864	0.05338910067652864	0.05338910067652864	0.06262851239636054	0.06262851239636054	0.09936195157475688	0.08470335687470891	0.09394276859454082
UP000000357	0.017219443460024707	0.022563408671756508	0.031173130401768865	0.031173130401768865	0.031173130401768865	0.03846896943197009	0.031173130401768865	0.03846896943197009	0.03846896943197009	0.06964209983373895	0.03846896943197009	0.059718495403915474	0.05052196996148746	0.05052196996148746	0.05052196996148746	0.06234626080353773	0.06234626080353773	0.10081523023550781	0.0816951003632563	0.0935193912053066
UP000000358	0.0171946815287791	0.02258880700700175	0.0311861477713913	0.0311861477713913	0.0311861477713913	0.038325924512855256	0.0311861477713913	0.038325924512855256	0.038325924512855256	0.06951207228424655	0.038325924512855256	0.0594571674969314	0.05075289507982169	0.05075289507982169	0.05075289507982169	0.0623722955427826	0.0623722955427826	0.10069822005563785	0.08193904285121298	0.0935584433141739
UP000000359	0.017249603393010054	0.022531981781172047	0.03115678347767708	0.03115678347767708	0.03115678347767708	0.03864494129793861	0.03115678347767708	0.03864494129793861	0.03864494129793861	0.06980172477561568	0.03864494129793861	0.06004027920286717	0.05023918391754072	0.05023918391754072	0.05023918391754072	0.06231356695535416	0.06231356695535416	0.10095850825329276	0.08139596739521777	0.09347035043303122
UP000000360	0.0158435879331377	0.023574606515776746	0.031496400482345595	0.031496400482345595	0.031496400482345595	0.031880276407233635	0.031496400482345595	0.031880276407233635	0.031880276407233635	0.06337667688957922	0.031880276407233635	0.047916964881329564	0.06223429374779258	0.06223429374779258	0.06223429374779258	0.06299280096469119	0.06299280096469119	0.09487307737192482	0.09373069423013816	0.09448920144703678
UP000000369	0.01487422414676381	0.023958627928823428	0.03139574000220533	0.03139574000220533	0.03139574000220533	0.02826540119758528	0.03139574000220533	0.02826540119758528	0.02826540119758528	0.059661141199790615	0.02826540119758528	0.04165657824840675	0.06974551561435358	0.06974551561435358	0.06974551561435358	0.06279148000441066	0.06279148000441066	0.09105688120199595	0.1011412556165589	0.09418722000661602
UP000000372	0.018281067760251513	0.02091980861128456	0.030060342491410316	0.030060342491410316	0.030060342491410316	0.046652715937441976	0.030060342491410316	0.046652715937441976	0.046652715937441976	0.07671305842885229	0.046652715937441976	0.07502436411463242	0.038738331629506226	0.038738331629506226	0.038738331629506226	0.06012068498282063	0.06012068498282063	0.1067734009202626	0.06879867412091654	0.09018102747423097
UP000000373	0.01780496541165855	0.021832559594197925	0.0307350423000272	0.0307350423000272	0.0307350423000272	0.042322746399916414	0.0307350423000272	0.042322746399916414	0.042322746399916414	0.07305778869994362	0.042322746399916414	0.06684052738817428	0.0446399586765157	0.0446399586765157	0.0446399586765157	0.0614700846000544	0.0614700846000544	0.10379283099997082	0.07537500097654289	0.09220512690008159
UP000000375	0.01434452112744494	0.024088814090910494	0.031261074654632966	0.031261074654632966	0.031261074654632966	0.026508067682303852	0.031261074654632966	0.026508067682303852	0.026508067682303852	0.057769142336936814	0.026508067682303852	0.03867161423716276	0.07373263115779105	0.07373263115779105	0.07373263115779105	0.06252214930926593	0.06252214930926593	0.0890302169915698	0.10499370581242404	0.0937832239638989
UP000000394	0.014981346560895812	0.02392597694750524	0.03141665022795315	0.03141665022795315	0.03141665022795315	0.028637361035853782	0.03141665022795315	0.028637361035853782	0.028637361035853782	0.06005401126380693	0.028637361035853782	0.042293375510811755	0.06893134533659184	0.06893134533659184	0.06893134533659184	0.0628333004559063	0.0628333004559063	0.09147066149176007	0.10034799556454499	0.09424995068385944
UP000000395	0.017918141656672278	0.021652337566039032	0.030611408394375168	0.030611408394375168	0.030611408394375168	0.043211851074668545	0.030611408394375168	0.043211851074668545	0.043211851074668545	0.07382325946904371	0.043211851074668545	0.0685055604926648	0.0433704319802463	0.0433704319802463	0.0433704319802463	0.061222816788750335	0.061222816788750335	0.10443466786341887	0.07398184037462148	0.0918342251831255
UP000000396	0.017504497032085356	0.02224248579665639	0.030994734312699064	0.030994734312699064	0.030994734312699064	0.040217768116398385	0.030994734312699064	0.040217768116398385	0.040217768116398385	0.07121250242909745	0.040217768116398385	0.06293103920071141	0.04777358864541765	0.04777358864541765	0.04777358864541765	0.06198946862539813	0.06198946862539813	0.10220723674179652	0.0787683229581167	0.0929842029380972
UP000000398	0.01416409635606934	0.02412195593809838	0.03120400411613305	0.03120400411613305	0.03120400411613305	0.02593772966494276	0.03120400411613305	0.02593772966494276	0.02593772966494276	0.05714173378107581	0.02593772966494276	0.03771136297381618	0.07507903625009094	0.07507903625009094	0.07507903625009094	0.0624080082322661	0.0624080082322661	0.08834573789720886	0.10628304036622399	0.09361201234839915
UP000000399	0.008542117563812625	0.022826795390092827	0.02709785417199914	0.02709785417199914	0.02709785417199914	0.012474474118270495	0.02709785417199914	0.012474474118270495	0.012474474118270495	0.03957232829026964	0.012474474118270495	0.016406830672728363	0.117727399770939	0.117727399770939	0.117727399770939	0.05419570834399828	0.05419570834399828	0.06667018246226877	0.14482525394293816	0.08129356251599743
UP000000400	0.010957102585219616	0.023910167992043273	0.029388719284653076	0.029388719284653076	0.029388719284653076	0.017470806674276362	0.029388719284653076	0.017470806674276362	0.017470806674276362	0.04685952595892944	0.017470806674276362	0.02398451076333311	0.09887314733598744	0.09887314733598744	0.09887314733598744	0.05877743856930615	0.05877743856930615	0.07624824524358252	0.1282618666206405	0.08816615785395923
UP000000401	0.01331838202565216	0.024208015041720092	0.030867206054546167	0.030867206054546167	0.030867206054546167	0.02342614192393143	0.030867206054546167	0.02342614192393143	0.02342614192393143	0.054293347978477596	0.02342614192393143	0.0335339018222107	0.08134368968715898	0.08134368968715898	0.08134368968715898	0.061734412109092335	0.061734412109092335	0.08516055403302378	0.11221089574170515	0.0926016181636385
UP000000409	0.017496426020581282	0.02225237303786454	0.031000586048155178	0.031000586048155178	0.031000586048155178	0.04016536084278442	0.031000586048155178	0.04016536084278442	0.04016536084278442	0.07116594689093962	0.04016536084278442	0.06283429566498758	0.047853987374383095	0.047853987374383095	0.047853987374383095	0.062001172096310356	0.062001172096310356	0.10216653293909479	0.07885457342253828	0.09300175814446554
UP000000410	0.01518254585934359	0.02385849988940102	0.03144977281907281	0.03144977281907281	0.03144977281907281	0.029352735980973776	0.03144977281907281	0.029352735980973776	0.029352735980973776	0.06080250880004659	0.029352735980973776	0.043522926102603963	0.06739325499417913	0.06739325499417913	0.06739325499417913	0.06289954563814562	0.06289954563814562	0.09225228161911939	0.09884302781325194	0.09434931845721843
UP000000411	0.016756261325334386	0.02298580257722855	0.031363933239895746	0.031363933239895746	0.031363933239895746	0.03597714027477292	0.031363933239895746	0.03597714027477292	0.03597714027477292	0.06734107351466866	0.03597714027477292	0.055198019224211456	0.05468451915653799	0.05468451915653799	0.05468451915653799	0.06272786647979149	0.06272786647979149	0.0987050067545644	0.08604845239643374	0.09409179971968723
UP000000412	0.014864093371427998	0.023961601201800617	0.031393647887514614	0.031393647887514614	0.031393647887514614	0.028230531743345944	0.031393647887514614	0.028230531743345944	0.028230531743345944	0.05962417963086056	0.028230531743345944	0.04159697011526389	0.0698223566346781	0.0698223566346781	0.0698223566346781	0.06278729577502923	0.06278729577502923	0.09101782751837519	0.10121600452219272	0.09418094366254384
UP000000413	0.017358224126814998	0.02241408520046926	0.031093197263876757	0.031093197263876757	0.031093197263876757	0.03929550364166953	0.031093197263876757	0.03929550364166953	0.03929550364166953	0.07038870090554629	0.03929550364166953	0.061232783156524064	0.049205981677005815	0.049205981677005815	0.049205981677005815	0.062186394527753514	0.062186394527753514	0.10148189816942306	0.08029917894088257	0.09327959179163026
UP000000414	0.013527574090349112	0.024196940511949577	0.030960727557124132	0.030960727557124132	0.030960727557124132	0.024024542474104016	0.030960727557124132	0.024024542474104016	0.024024542474104016	0.054985270031228155	0.024024542474104016	0.03452151085785892	0.0797989515845891	0.0797989515845891	0.0797989515845891	0.061921455114248264	0.061921455114248264	0.08594599758835227	0.11075967914171325	0.09288218267137238
UP000000469	0.018139361272703273	0.021241513857024913	0.03031119449337655	0.03031119449337655	0.03031119449337655	0.04517197184304813	0.03031119449337655	0.04517197184304813	0.04517197184304813	0.07548316633642468	0.04517197184304813	0.07220458241339298	0.040678698499485466	0.040678698499485466	0.040678698499485466	0.0606223889867531	0.0606223889867531	0.10579436082980122	0.07098989299286203	0.09093358348012963
UP000000470	0.016455180053907014	0.023210414875502336	0.031438004902455845	0.031438004902455845	0.031438004902455845	0.03452740297205219	0.031438004902455845	0.03452740297205219	0.03452740297205219	0.06596540787450804	0.03452740297205219	0.052599625890197364	0.057250071952810636	0.057250071952810636	0.057250071952810636	0.06287600980491169	0.06287600980491169	0.09740341277696388	0.0886880768552665	0.09431401470736754
UP000000472	0.01795440463248339	0.021590821624998736	0.03056802394124043	0.03056802394124043	0.03056802394124043	0.043510958847112424	0.03056802394124043	0.043510958847112424	0.043510958847112424	0.07407898278835284	0.043510958847112424	0.06906751306174146	0.0429502871198739	0.0429502871198739	0.0429502871198739	0.06113604788248086	0.06113604788248086	0.10464700672959328	0.07351831106111432	0.09170407182372127
UP000000473	0.013149418689932671	0.02421226212350514	0.030786971468471473	0.030786971468471473	0.030786971468471473	0.022952774861518022	0.030786971468471473	0.022952774861518022	0.022952774861518022	0.05373974632998949	0.022952774861518022	0.032756131033103375	0.08259024173931967	0.08259024173931967	0.08259024173931967	0.061573942936942946	0.061573942936942946	0.08452671779846097	0.11337721320779115	0.09236091440541443
UP000000477	0.015874027321688033	0.02355900099181646	0.03149601465266048	0.03149601465266048	0.03149601465266048	0.03200416096416695	0.03149601465266048	0.03200416096416695	0.03200416096416695	0.06350017561682744	0.03200416096416695	0.04813429460664588	0.0619918728762352	0.0619918728762352	0.0619918728762352	0.06299202930532095	0.06299202930532095	0.0949961902694879	0.09348788752889566	0.09448804395798142
UP000000513	0.018676428777916775	0.019145171722264296	0.028483386111222683	0.028483386111222683	0.028483386111222683	0.054243932545062774	0.028483386111222683	0.054243932545062774	0.054243932545062774	0.08272731865628545	0.054243932545062774	0.08981143631220877	0.029913144062223312	0.029913144062223312	0.029913144062223312	0.05696677222244537	0.05696677222244537	0.11121070476750812	0.05839653017344599	0.08545015833366805
UP000000514	0.01854834862494158	0.020049419392507418	0.02932359370497821	0.02932359370497821	0.02932359370497821	0.05047720352864859	0.02932359370497821	0.05047720352864859	0.05047720352864859	0.07980079723362679	0.05047720352864859	0.0824060584323556	0.03406976170090772	0.03406976170090772	0.03406976170090772	0.05864718740995642	0.05864718740995642	0.109124390938605	0.06339335540588593	0.08797078111493463
UP000000515	0.016982677006921694	0.022792459273227157	0.031283797776688	0.031283797776688	0.031283797776688	0.03714972006351562	0.031283797776688	0.03714972006351562	0.03714972006351562	0.06843351784020363	0.03714972006351562	0.057316763120109554	0.05268820339208194	0.05268820339208194	0.05268820339208194	0.062567595553376	0.062567595553376	0.09971731561689162	0.08397200116876995	0.093851393330064
UP000000516	0.018672501581642416	0.019199798137934647	0.028536048928755855	0.028536048928755855	0.028536048928755855	0.05402107375821077	0.028536048928755855	0.05402107375821077	0.05402107375821077	0.0825571226869666	0.05402107375821077	0.08936964593477911	0.030147719466260336	0.030147719466260336	0.030147719466260336	0.05707209785751171	0.05707209785751171	0.11109317161572248	0.0586837683950162	0.08560814678626757
UP000000518	0.012533186581620476	0.024193297497657383	0.03045989078846762	0.03045989078846762	0.03045989078846762	0.02129557614733408	0.03045989078846762	0.02129557614733408	0.02129557614733408	0.05175546693580171	0.02129557614733408	0.030057965713047682	0.08713593287416395	0.08713593287416395	0.08713593287416395	0.06091978157693524	0.06091978157693524	0.08221535772426931	0.11759582366263158	0.09137967236540286
UP000000519	0.01543901545290501	0.023760221909423618	0.03147972963587613	0.03147972963587613	0.03147972963587613	0.030298902328022265	0.03147972963587613	0.030298902328022265	0.030298902328022265	0.06177863196389839	0.030298902328022265	0.04515878920313952	0.06541315373206409	0.06541315373206409	0.06541315373206409	0.06295945927175225	0.06295945927175225	0.09325836159977452	0.09689288336794022	0.09443918890762837
UP000000520	0.01772575777770776	0.02194936874592103	0.03081224763477491	0.03081224763477491	0.03081224763477491	0.041735441980709456	0.03081224763477491	0.041735441980709456	0.041735441980709456	0.07254768961548437	0.041735441980709456	0.06574512618371116	0.045495845221694885	0.045495845221694885	0.045495845221694885	0.06162449526954982	0.06162449526954982	0.10335993725025928	0.07630809285646979	0.09243674290432473
UP000000521	0.016753551524947223	0.02298798124732069	0.0313647570097943	0.0313647570097943	0.0313647570097943	0.035963567357668855	0.0313647570097943	0.035963567357668855	0.035963567357668855	0.06732832436746315	0.035963567357668855	0.05517358319039049	0.05470803118610349	0.05470803118610349	0.05470803118610349	0.0627295140195886	0.0627295140195886	0.09869308137725746	0.0860727881958978	0.0940942710293829
UP000000522	0.01753999520231822	0.022198377870314416	0.030968375471473526	0.030968375471473526	0.030968375471473526	0.0404505343388971	0.030968375471473526	0.0404505343388971	0.0404505343388971	0.07141890981037063	0.0404505343388971	0.06336107347547597	0.04741792883660145	0.04741792883660145	0.04741792883660145	0.06193675094294705	0.06193675094294705	0.10238728528184415	0.07838630430807499	0.09290512641442057
UP000000568	0.01686931224745557	0.02289213367448478	0.031326789798212566	0.031326789798212566	0.031326789798212566	0.03655280784363268	0.031326789798212566	0.03655280784363268	0.03655280784363268	0.06787959764184524	0.03655280784363268	0.05623630343980978	0.05369588915081633	0.05369588915081633	0.05369588915081633	0.06265357959642513	0.06265357959642513	0.0992063874400578	0.08502267894902889	0.09398036939463769
UP000000569	0.015360774852482904	0.02379171516245093	0.03147210258869238	0.03147210258869238	0.03147210258869238	0.030005961638571096	0.03147210258869238	0.030005961638571096	0.030005961638571096	0.06147806422726348	0.030005961638571096	0.04465114842465929	0.06601976322464868	0.06601976322464868	0.06601976322464868	0.06294420517738476	0.06294420517738476	0.09295016681595587	0.09749186581334106	0.09441630776607714
UP000000570	0.014453717332253974	0.024066069069106626	0.03129292773523361	0.03129292773523361	0.03129292773523361	0.026859877699709978	0.03129292773523361	0.026859877699709978	0.026859877699709978	0.05815280543494359	0.026859877699709978	0.039266038067165984	0.07291524832617734	0.07291524832617734	0.07291524832617734	0.06258585547046722	0.06258585547046722	0.08944573317017719	0.10420817606141095	0.09387878320570084
UP000000571	0.008018530457726996	0.02248066037387349	0.02648992560273699	0.02648992560273699	0.02648992560273699	0.01149941699589762	0.02648992560273699	0.01149941699589762	0.01149941699589762	0.03798934259863461	0.01149941699589762	0.014980303534068247	0.12204377990447265	0.12204377990447265	0.12204377990447265	0.05297985120547398	0.05297985120547398	0.0644792682013716	0.14853370550720965	0.07946977680821098
UP000000572	0.016384344335793246	0.02325850149501309	0.03145067366290971	0.03145067366290971	0.03145067366290971	0.03420200472840714	0.03145067366290971	0.03420200472840714	0.03420200472840714	0.06565267839131686	0.03420200472840714	0.05201966512102103	0.05784133893352101	0.05784133893352101	0.05784133893352101	0.06290134732581942	0.06290134732581942	0.09710335205422657	0.08929201259643073	0.09435202098872915
UP000000573	0.015903127363114947	0.023543854660435754	0.03149541834199323	0.03149541834199323	0.03149541834199323	0.032123287714794696	0.03149541834199323	0.032123287714794696	0.032123287714794696	0.06361870605678793	0.032123287714794696	0.04834344806647444	0.06175964212282705	0.06175964212282705	0.06175964212282705	0.06299083668398646	0.06299083668398646	0.09511412439878116	0.09325506046482028	0.0944862550259797
UP000000574	0.015901695454877213	0.023544605198680357	0.031495452926118966	0.031495452926118966	0.031495452926118966	0.032117409903816035	0.031495452926118966	0.032117409903816035	0.032117409903816035	0.063612862829935	0.032117409903816035	0.048333124352754865	0.06177108041975173	0.06177108041975173	0.06177108041975173	0.06299090585223793	0.06299090585223793	0.09510831575605397	0.0932665333458707	0.0944863587783569
UP000000575	0.015900114921807738	0.023545433006818366	0.03149549046772224	0.03149549046772224	0.03149549046772224	0.03211092393903096	0.03149549046772224	0.03211092393903096	0.03211092393903096	0.06360641440675319	0.03211092393903096	0.04832173295625417	0.06178370461627509	0.06178370461627509	0.06178370461627509	0.06299098093544447	0.06299098093544447	0.09510190487447544	0.09327919508399733	0.09448647140316672
UP000000587	0.018659934722508462	0.019343489414623737	0.02867345677587797	0.02867345677587797	0.02867345677587797	0.053432231821620726	0.02867345677587797	0.053432231821620726	0.053432231821620726	0.0821056885974987	0.053432231821620726	0.088204528920733	0.030774201093560234	0.030774201093560234	0.030774201093560234	0.05734691355175594	0.05734691355175594	0.11077914537337666	0.0594476578694382	0.0860203703276339
UP000000624	0.018350294195858312	0.02073771177830043	0.029912858876229582	0.029912858876229582	0.029912858876229582	0.04747301103100761	0.029912858876229582	0.04747301103100761	0.04747301103100761	0.07738586990723718	0.04747301103100761	0.0765957278661569	0.03769632920754871	0.03769632920754871	0.03769632920754871	0.059825717752459165	0.059825717752459165	0.10729872878346677	0.06760918808377829	0.08973857662868875
UP000000668	0.01401425388259406	0.024145385155976164	0.031152512097273197	0.031152512097273197	0.031152512097273197	0.025473954712494275	0.031152512097273197	0.025473954712494275	0.025473954712494275	0.05662646680976747	0.025473954712494275	0.03693365554239449	0.07619382392124294	0.07619382392124294	0.07619382392124294	0.06230502419454639	0.06230502419454639	0.08777897890704067	0.10734633601851612	0.09345753629181959
UP000000670	0.018323084550583985	0.020811687579840386	0.029973229855132375	0.029973229855132375	0.029973229855132375	0.04714121674304456	0.029973229855132375	0.04714121674304456	0.04714121674304456	0.07711444659817696	0.04714121674304456	0.07595934893550514	0.03811503266220434	0.03811503266220434	0.03811503266220434	0.05994645971026475	0.05994645971026475	0.10708767645330931	0.06808826251733671	0.08991968956539714
UP000000672	0.015376253118862909	0.023785592301130334	0.031473718860561786	0.031473718860561786	0.031473718860561786	0.030063606008386083	0.031473718860561786	0.030063606008386083	0.030063606008386083	0.06153732486894787	0.030063606008386083	0.04475095889790926	0.06589994418083854	0.06589994418083854	0.06589994418083854	0.06294743772112357	0.06294743772112357	0.09301104372950966	0.09737366304140033	0.09442115658168536
UP000000675	0.016271288469070576	0.023331819547802026	0.03146746378233731	0.03146746378233731	0.03146746378233731	0.033693753200217086	0.03146746378233731	0.033693753200217086	0.033693753200217086	0.06516121698255439	0.033693753200217086	0.0511162179313636	0.05877654952885038	0.05877654952885038	0.05877654952885038	0.06293492756467461	0.06293492756467461	0.09662868076489171	0.0902440133111877	0.09440239134701192
UP000000676	0.017531110527825043	0.0222095137691654	0.030975069033077923	0.030975069033077923	0.030975069033077923	0.0403919246413715	0.030975069033077923	0.0403919246413715	0.0403919246413715	0.07136699367444943	0.0403919246413715	0.06325273875491798	0.047507263400923434	0.047507263400923434	0.047507263400923434	0.061950138066155847	0.061950138066155847	0.10234206270752735	0.07848233243400135	0.09292520709923378
UP000000677	0.01579231980877614	0.023600348488349587	0.03149650839273766	0.03149650839273766	0.03149650839273766	0.0316732654309759	0.03149650839273766	0.0316732654309759	0.0316732654309759	0.06316977382371354	0.0316732654309759	0.047554211053175664	0.06264147554319457	0.06264147554319457	0.06264147554319457	0.06299301678547532	0.06299301678547532	0.09466628221645121	0.09413798393593224	0.09448952517821298
UP000000678	0.01707915888387839	0.0227027228677131	0.031242302309652296	0.031242302309652296	0.031242302309652296	0.03767470461915172	0.031242302309652296	0.03767470461915172	0.03767470461915172	0.06891700692880401	0.03767470461915172	0.058270250354425034	0.051816276383572224	0.051816276383572224	0.051816276383572224	0.06248460461930459	0.06248460461930459	0.1001593092384563	0.08305857869322453	0.09372690692895687
UP000000679	0.01626925562730353	0.023333100495632454	0.03146772830928422	0.03146772830928422	0.03146772830928422	0.033684734419482595	0.03146772830928422	0.033684734419482595	0.033684734419482595	0.06515246272876682	0.033684734419482595	0.051100213211661666	0.05879327487731086	0.05879327487731086	0.05879327487731086	0.06293545661856843	0.06293545661856843	0.09662019103805103	0.09026100318659508	0.09440318492785266
UP000000680	0.017433509002367318	0.022327725212133036	0.031044479713316694	0.031044479713316694	0.031044479713316694	0.03976308729549576	0.031044479713316694	0.03976308729549576	0.03976308729549576	0.07080756700881245	0.03976308729549576	0.06209266558862421	0.04847509518103759	0.04847509518103759	0.04847509518103759	0.06208895942663339	0.06208895942663339	0.10185204672212915	0.0795195748943543	0.09313343913995009
UP000000725	0.016709584521126895	0.023022910441420928	0.03137770270198438	0.03137770270198438	0.03137770270198438	0.03574476077386971	0.03137770270198438	0.03574476077386971	0.03574476077386971	0.06712246347585409	0.03574476077386971	0.054779937026612525	0.055088365709463925	0.055088365709463925	0.055088365709463925	0.06275540540396876	0.06275540540396876	0.09850016617783847	0.0864660684114483	0.09413310810595313
UP000000728	0.01567691396507005	0.023655868024254203	0.031494325006789226	0.031494325006789226	0.031494325006789226	0.03121457880920856	0.031494325006789226	0.03121457880920856	0.03121457880920856	0.06270890381599778	0.03121457880920856	0.04675224365334708	0.06355315660005975	0.06355315660005975	0.06355315660005975	0.06298865001357845	0.06298865001357845	0.094203228822787	0.09504748160684898	0.09448297502036768
UP000000729	0.010525373468847925	0.023775081008399156	0.029037767742823118	0.029037767742823118	0.029037767742823118	0.01650966080732946	0.029037767742823118	0.01650966080732946	0.01650966080732946	0.04554742855015257	0.01650966080732946	0.02249394814581099	0.10214527909765463	0.10214527909765463	0.10214527909765463	0.058075535485646236	0.058075535485646236	0.07458519629297568	0.1311830468404777	0.08711330322846933
UP000000730	0.01014816140704464	0.023636686545265087	0.028710767248787405	0.028710767248787405	0.028710767248787405	0.015696152934820427	0.028710767248787405	0.015696152934820427	0.015696152934820427	0.04440692018360783	0.015696152934820427	0.021244144462596218	0.10503314531109006	0.10503314531109006	0.10503314531109006	0.05742153449757481	0.05742153449757481	0.07311768743239525	0.13374391255987747	0.08613230174636222
UP000000735	0.018290479983809504	0.020896184637492484	0.030041424629397233	0.030041424629397233	0.030041424629397233	0.04675982165190685	0.030041424629397233	0.04675982165190685	0.04675982165190685	0.07680124628130408	0.04675982165190685	0.0752291633200042	0.03860096817657352	0.03860096817657352	0.03860096817657352	0.060082849258794466	0.060082849258794466	0.10684267091070132	0.06864239280597074	0.0901242738881917
UP000000744	0.01856692175234098	0.019961873857434757	0.029245334733605247	0.029245334733605247	0.029245334733605247	0.05084986341814819	0.029245334733605247	0.05084986341814819	0.05084986341814819	0.08009519815175344	0.05084986341814819	0.0831328050839554	0.03363979944832523	0.03363979944832523	0.03363979944832523	0.058490669467210495	0.058490669467210495	0.1093405328853587	0.06288513418193048	0.08773600420081575
UP000000825	0.017330198503918398	0.022445235819214433	0.03111033507117363	0.03111033507117363	0.03111033507117363	0.0391250318656488	0.03111033507117363	0.0391250318656488	0.0391250318656488	0.07023536693682243	0.0391250318656488	0.06091986522737921	0.04947487079699769	0.04947487079699769	0.04947487079699769	0.06222067014234726	0.06222067014234726	0.10134570200799606	0.08058520586817132	0.09333100521352089
UP000000826	0.016469602002987246	0.023200414515851413	0.03143521551734504	0.03143521551734504	0.03143521551734504	0.03459433774312715	0.03143521551734504	0.03459433774312715	0.03459433774312715	0.06602955326047219	0.03459433774312715	0.05271907348326707	0.05712916269473897	0.05712916269473897	0.05712916269473897	0.06287043103469007	0.06287043103469007	0.09746476877781723	0.08856437821208402	0.0943056465520351
UP000000831	0.013377072943446679	0.0242055628543019	0.03089409932602524	0.03089409932602524	0.03089409932602524	0.023592624180628283	0.03089409932602524	0.023592624180628283	0.023592624180628283	0.054486723506653525	0.023592624180628283	0.03380817541780989	0.08091048845257329	0.08091048845257329	0.08091048845257329	0.06178819865205048	0.06178819865205048	0.08538082283267877	0.11180458777859852	0.09268229797807571
UP000000832	0.018425404514902214	0.020513605422166525	0.029726307679617633	0.029726307679617633	0.029726307679617633	0.04846685576791171	0.029726307679617633	0.04846685576791171	0.04846685576791171	0.07819316344752934	0.04846685576791171	0.07850830702092118	0.036464233310068844	0.036464233310068844	0.036464233310068844	0.05945261535923527	0.05945261535923527	0.10791947112714698	0.06619054098968648	0.08917892303885289
UP000000834	0.017461585156093317	0.02229447129083145	0.031025263868878106	0.031025263868878106	0.031025263868878106	0.03994125034280263	0.031025263868878106	0.03994125034280263	0.03994125034280263	0.07096651421168075	0.03994125034280263	0.06242091552951194	0.04819914198339397	0.04819914198339397	0.04819914198339397	0.06205052773775621	0.06205052773775621	0.10199177808055884	0.07922440585227208	0.09307579160663433
UP000000835	0.018559620485440128	0.019997084639104497	0.02927689488182456	0.02927689488182456	0.02927689488182456	0.05070020957773538	0.02927689488182456	0.05070020957773538	0.05070020957773538	0.07997710445955995	0.05070020957773538	0.08284079867003065	0.033811953877911	0.033811953877911	0.033811953877911	0.05855378976364912	0.05855378976364912	0.10925399934138452	0.06308884875973556	0.08783068464547371
UP000000839	0.01869135081320703	0.01863401769058922	0.027979693097192736	0.027979693097192736	0.027979693097192736	0.056304800505379525	0.027979693097192736	0.056304800505379525	0.056304800505379525	0.08428449360257226	0.056304800505379525	0.09391825019755203	0.027808045452120827	0.027808045452120827	0.027808045452120827	0.05595938619438547	0.05595938619438547	0.112264186699765	0.05578773854931357	0.0839390792915782
UP000000840	0.016334338297350322	0.023291440227034343	0.031458609375709504	0.031458609375709504	0.031458609375709504	0.03397555923487079	0.031458609375709504	0.03397555923487079	0.03397555923487079	0.0654341686105803	0.03397555923487079	0.05161678017239126	0.05825623631458919	0.05825623631458919	0.05825623631458919	0.06291721875141901	0.06291721875141901	0.09689277798628981	0.0897148456902987	0.09437582812712852
UP000000842	0.011372048446915198	0.02401673747462224	0.02970276169807984	0.02970276169807984	0.02970276169807984	0.018427065025212814	0.02970276169807984	0.018427065025212814	0.018427065025212814	0.048129826723292655	0.018427065025212814	0.025482081603510433	0.09575632921311945	0.09575632921311945	0.09575632921311945	0.05940552339615968	0.05940552339615968	0.07783258842137249	0.12545909091119928	0.08910828509423951
UP000000846	0.016719367540992264	0.023015206323268977	0.03137489009376511	0.03137489009376511	0.03137489009376511	0.03579321836850144	0.03137489009376511	0.03579321836850144	0.03579321836850144	0.06716810846226655	0.03579321836850144	0.05486706919601061	0.05500392383056073	0.05500392383056073	0.05500392383056073	0.06274978018753022	0.06274978018753022	0.09854299855603167	0.08637881392432584	0.09412467028129531
UP000000853	0.017292111578229116	0.022486742651278195	0.03113279844039275	0.03113279844039275	0.03113279844039275	0.038896322829576065	0.03113279844039275	0.038896322829576065	0.038896322829576065	0.07002912126996881	0.038896322829576065	0.06050053408092301	0.04983767452655551	0.04983767452655551	0.04983767452655551	0.0622655968807855	0.0622655968807855	0.10116191971036156	0.08097047296694826	0.09339839532117826
UP000000854	0.01828726852359859	0.02090428216022846	0.030047916422027754	0.030047916422027754	0.030047916422027754	0.046723133022090024	0.030047916422027754	0.046723133022090024	0.046723133022090024	0.07677104944411778	0.046723133022090024	0.07515899752058146	0.03864797683315875	0.03864797683315875	0.03864797683315875	0.06009583284405551	0.06009583284405551	0.10681896586614552	0.0686958932551865	0.09014374926608325
UP000000862	0.018075113308757496	0.021370383627877562	0.03040794028225631	0.03040794028225631	0.03040794028225631	0.04456617831976162	0.03040794028225631	0.04456617831976162	0.04456617831976162	0.07497411860201793	0.04456617831976162	0.07105724333076575	0.041495271395046184	0.041495271395046184	0.041495271395046184	0.06081588056451262	0.06081588056451262	0.10538205888427424	0.0719032116773025	0.09122382084676892
UP000000866	0.018077126453761673	0.015592504219036456	0.024631067445917292	0.024631067445917292	0.024631067445917292	0.0679375846447058	0.024631067445917292	0.0679375846447058	0.0679375846447058	0.09256865209062308	0.0679375846447058	0.11779804283564992	0.017860201733639475	0.017860201733639475	0.017860201733639475	0.049262134891834584	0.049262134891834584	0.11719971953654038	0.04249126917955677	0.07389320233775187
UP000000867	0.017631054263356358	0.022080341535807534	0.030895868667485712	0.030895868667485712	0.030895868667485712	0.041065537774912106	0.030895868667485712	0.041065537774912106	0.041065537774912106	0.07196140644239782	0.041065537774912106	0.06450002128646785	0.046489331563152464	0.046489331563152464	0.046489331563152464	0.061791737334971425	0.061791737334971425	0.10285727510988354	0.07738520023063819	0.09268760600245717
UP000000868	0.018281558929742703	0.020918583898271868	0.030059363363143216	0.030059363363143216	0.030059363363143216	0.046658273689401834	0.030059363363143216	0.046658273689401834	0.046658273689401834	0.07671763705254506	0.046658273689401834	0.07503498844906097	0.03873119403484131	0.03873119403484131	0.03873119403484131	0.06011872672628643	0.06011872672628643	0.10677700041568827	0.06879055739798452	0.09017809008942966
UP000000869	0.01046963542483086	0.023755832734213795	0.028990650446629223	0.028990650446629223	0.028990650446629223	0.016387953929505875	0.028990650446629223	0.016387953929505875	0.016387953929505875	0.0453786043761351	0.016387953929505875	0.022306272434180898	0.10257019478257519	0.10257019478257519	0.10257019478257519	0.057981300893258446	0.057981300893258446	0.07436925482276432	0.13156084522920444	0.08697195133988767
UP000000870	0.010347723536683506	0.023712283574405173	0.028886145342746923	0.028886145342746923	0.028886145342746923	0.016123586418205188	0.028886145342746923	0.016123586418205188	0.016123586418205188	0.04500973176095212	0.016123586418205188	0.021899449299726866	0.10350171123468735	0.10350171123468735	0.10350171123468735	0.057772290685493846	0.057772290685493846	0.07389587710369903	0.13238785657743427	0.08665843602824078
UP000000871	0.018254530832262375	0.01609819317421782	0.025225458590349012	0.025225458590349012	0.025225458590349012	0.06605704829766806	0.025225458590349012	0.06605704829766806	0.06605704829766806	0.09128250688801706	0.06605704829766806	0.11385956576307377	0.019265885397300626	0.019265885397300626	0.019265885397300626	0.050450917180698024	0.050450917180698024	0.1165079654783661	0.04449134398764964	0.07567637577104702
UP000000872	0.01536589778258923	0.011114751623777711	0.018797700515072322	0.018797700515072322	0.018797700515072322	0.08416670979608791	0.018797700515072322	0.08416670979608791	0.08416670979608791	0.10296441031116024	0.08416670979608791	0.15296752180958662	0.008396515570358538	0.008396515570358538	0.008396515570358538	0.037595401030144644	0.037595401030144644	0.12176211082623256	0.02719421608543086	0.05639310154521697
