	M	W	C	D	E	F	H	K	N	Q	Y	I	A	G	P	T	V	L	R	S
Start	15892932.0	366175.0	561234.0	1820369.0	2266289.0	1197203.0	658965.0	1835493.0	1345056.0	1166750.0	646167.0	1258021.0	4174135.0	2176024.0	1892561.0	2046439.0	1777651.0	2607750.0	1920639.0	4066334.0
M	9071444.0	4056361.0	5972910.0	16189810.0	19687509.0	13383344.0	7817798.0	17529724.0	13214177.0	13128121.0	9674647.0	16692286.0	22168835.0	19313913.0	15604101.0	16597257.0	20294256.0	31820460.0	17134247.0	24440532.0
W	4056361.0	3341482.0	3779295.0	9574947.0	10745427.0	7616265.0	4556212.0	9446375.0	7392520.0	6948197.0	5684957.0	9039733.0	12168089.0	12271916.0	9475587.0	9195617.0	11896494.0	17230448.0	10617207.0	13552926.0
C	5972910.0	3779295.0	15899192.0	13639476.0	15441199.0	11382664.0	7691132.0	13921325.0	11646727.0	10477825.0	8343540.0	14392613.0	18618460.0	19173418.0	15179099.0	14820834.0	18032429.0	28036954.0	14759275.0	22320737.0
D	16189810.0	9574947.0	13639476.0	49297128.0	54506345.0	29237973.0	18258792.0	46345499.0	33069665.0	30313637.0	22317795.0	38926543.0	50436101.0	45760938.0	36870585.0	42173153.0	48115668.0	67752114.0	42713665.0	63435750.0
E	19687509.0	10745427.0	15441199.0	54506345.0	83987176.0	31993580.0	21919339.0	68974214.0	38075269.0	43024724.0	24518885.0	44117508.0	65429393.0	52122286.0	45028478.0	48927157.0	56125226.0	83558586.0	59876390.0	74161651.0
F	13383344.0	7616265.0	11382664.0	29237973.0	31993580.0	28830562.0	14287844.0	30483242.0	24753503.0	21541451.0	17521905.0	30687827.0	37202656.0	35682426.0	29397857.0	29848673.0	35559454.0	57516254.0	29526187.0	46386442.0
H	7817798.0	4556212.0	7691132.0	18258792.0	21919339.0	14287844.0	12814136.0	19482953.0	15199426.0	16593970.0	10754225.0	18357841.0	24224407.0	21462762.0	20331795.0	20210556.0	21988866.0	35619119.0	21069127.0	30453610.0
K	17529724.0	9446375.0	13921325.0	46345499.0	68974214.0	30483242.0	19482953.0	66907048.0	37434355.0	36877061.0	22683749.0	41583108.0	53932912.0	45868058.0	39750391.0	43278127.0	48605115.0	74037942.0	47244483.0	64463361.0
N	13214177.0	7392520.0	11646727.0	33069665.0	38075269.0	24753503.0	15199426.0	37434355.0	34034524.0	25897626.0	18972477.0	34289670.0	38298736.0	34753753.0	29069918.0	34744340.0	37668605.0	56859528.0	31199580.0	51769015.0
Q	13128121.0	6948197.0	10477825.0	30313637.0	43024724.0	21541451.0	16593970.0	36877061.0	25897626.0	39837586.0	17059232.0	29250507.0	43278345.0	33932415.0	34457991.0	33479629.0	35500460.0	58228464.0	35684495.0	50664576.0
Y	9674647.0	5684957.0	8343540.0	22317795.0	24518885.0	17521905.0	10754225.0	22683749.0	18972477.0	17059232.0	15394600.0	22732112.0	26748798.0	26186528.0	22097599.0	22298149.0	25545675.0	39630389.0	22094812.0	32465251.0
I	16692286.0	9039733.0	14392613.0	38926543.0	44117508.0	30687827.0	18357841.0	41583108.0	34289670.0	29250507.0	22732112.0	42764932.0	49011210.0	44974763.0	35758510.0	39476569.0	45829194.0	73238250.0	36592240.0	57200913.0
A	22168835.0	12168089.0	18618460.0	50436101.0	65429393.0	37202656.0	24224407.0	53932912.0	38298736.0	43278345.0	26748798.0	49011210.0	97909430.0	68239172.0	58353157.0	57288137.0	67271298.0	99040408.0	60091850.0	84739996.0
G	19313913.0	12271916.0	19173418.0	45760938.0	52122286.0	35682426.0	21462762.0	45868058.0	34753753.0	33932415.0	26186528.0	44974763.0	68239172.0	83853650.0	50587149.0	49546163.0	61734621.0	81253876.0	50883587.0	76960077.0
P	15604101.0	9475587.0	15179099.0	36870585.0	45028478.0	29397857.0	20331795.0	39750391.0	29069918.0	34457991.0	22097599.0	35758510.0	58353157.0	50587149.0	72228686.0	47287961.0	48515302.0	69089478.0	44106845.0	73281617.0
T	16597257.0	9195617.0	14820834.0	42173153.0	48927157.0	29848673.0	20210556.0	43278127.0	34744340.0	33479629.0	22298149.0	39476569.0	57288137.0	49546163.0	47287961.0	52892414.0	49508192.0	70317774.0	42002869.0	71498855.0
V	20294256.0	11896494.0	18032429.0	48115668.0	56125226.0	35559454.0	21988866.0	48605115.0	37668605.0	35500460.0	25545675.0	45829194.0	67271298.0	61734621.0	48515302.0	49508192.0	62979304.0	86750535.0	47617210.0	71885041.0
L	31820460.0	17230448.0	28036954.0	67752114.0	83558586.0	57516254.0	35619119.0	74037942.0	56859528.0	58228464.0	39630389.0	73238250.0	99040408.0	81253876.0	69089478.0	70317774.0	86750535.0	157648740.0	74241285.0	109324371.0
R	17134247.0	10617207.0	14759275.0	42713665.0	59876390.0	29526187.0	21069127.0	47244483.0	31199580.0	35684495.0	22094812.0	36592240.0	60091850.0	50883587.0	44106845.0	42002869.0	47617210.0	74241285.0	59725936.0	68290294.0
S	24440532.0	13552926.0	22320737.0	63435750.0	74161651.0	46386442.0	30453610.0	64463361.0	51769015.0	50664576.0	32465251.0	57200913.0	84739996.0	76960077.0	73281617.0	71498855.0	71885041.0	109324371.0	68290294.0	132024838.0
End	1055781.0	743734.0	1169597.0	2371076.0	2916514.0	2167708.0	1343680.0	3717676.0	2166121.0	2133975.0	1563317.0	2419462.0	3033956.0	2713512.0	2356025.0	2604867.0	2938803.0	4587224.0	3208634.0	4479926.0
