Proteome_ID	M	W	C	D	E	F	H	K	N	Q	Y	I	A	G	P	T	V	L	R	S
UP000000226	0.04005734022164113	0.03210734186668501	0.03210734186668501	0.03210734186668501	0.03210734186668501	0.04005734022164113	0.03210734186668501	0.04005734022164113	0.04005734022164113	0.03210734186668501	0.04005734022164113	0.04005734022164113	0.05147028714538798	0.05147028714538798	0.05147028714538798	0.12842936746674005	0.06421468373337003	0.04005734022164113	0.083577629012073	0.09632202560005505
UP000000267	0.055864550313688026	0.030002642413976172	0.030002642413976172	0.030002642413976172	0.030002642413976172	0.055864550313688026	0.030002642413976172	0.055864550313688026	0.055864550313688026	0.030002642413976172	0.055864550313688026	0.055864550313688026	0.032226467295141316	0.032226467295141316	0.032226467295141316	0.12001056965590469	0.060005284827952345	0.055864550313688026	0.06222910970911749	0.09000792724192852
UP000000304	0.026954194820960273	0.03186833853085839	0.03186833853085839	0.03186833853085839	0.03186833853085839	0.026954194820960273	0.03186833853085839	0.026954194820960273	0.026954194820960273	0.03186833853085839	0.026954194820960273	0.026954194820960273	0.07535680493988596	0.07535680493988596	0.07535680493988596	0.12747335412343355	0.06373667706171678	0.026954194820960273	0.10722514347074434	0.09560501559257518
UP000000305	0.036591473375775195	0.03226563346475476	0.03226563346475476	0.03226563346475476	0.03226563346475476	0.036591473375775195	0.03226563346475476	0.036591473375775195	0.036591473375775195	0.03226563346475476	0.036591473375775195	0.036591473375775195	0.05690238773337434	0.05690238773337434	0.05690238773337434	0.12906253385901903	0.06453126692950951	0.036591473375775195	0.0891680211981291	0.09679690039426428
UP000000311	0.041711655187889524	0.03198664649403775	0.03198664649403775	0.03198664649403775	0.03198664649403775	0.041711655187889524	0.03198664649403775	0.041711655187889524	0.041711655187889524	0.03198664649403775	0.041711655187889524	0.041711655187889524	0.04905801744504234	0.04905801744504234	0.04905801744504234	0.127946585976151	0.0639732929880755	0.041711655187889524	0.0810446639390801	0.09595993948211325
UP000000314	0.04382404563363216	0.03179390247504343	0.03179390247504343	0.03179390247504343	0.03179390247504343	0.04382404563363216	0.03179390247504343	0.04382404563363216	0.04382404563363216	0.03179390247504343	0.04382404563363216	0.04382404563363216	0.04613231024096999	0.04613231024096999	0.04613231024096999	0.1271756099001737	0.06358780495008685	0.04382404563363216	0.07792621271601342	0.09538170742513027
UP000000437	0.03287696038569172	0.032274646376818435	0.032274646376818435	0.032274646376818435	0.032274646376818435	0.03287696038569172	0.032274646376818435	0.03287696038569172	0.03287696038569172	0.032274646376818435	0.03287696038569172	0.03287696038569172	0.0633667338177658	0.0633667338177658	0.0633667338177658	0.12909858550727374	0.06454929275363687	0.03287696038569172	0.09564138019458421	0.09682393913045528
UP000000539	0.031161452004141766	0.032214892256895604	0.032214892256895604	0.032214892256895604	0.032214892256895604	0.031161452004141766	0.032214892256895604	0.031161452004141766	0.031161452004141766	0.032214892256895604	0.031161452004141766	0.031161452004141766	0.06660788996516949	0.06660788996516949	0.06660788996516949	0.12885956902758242	0.06442978451379121	0.031161452004141766	0.0988227822220651	0.09664467677068682
UP000000542	0.01900532082721582	0.03019646146641815	0.03019646146641815	0.03019646146641815	0.03019646146641815	0.01900532082721582	0.03019646146641815	0.01900532082721582	0.01900532082721582	0.03019646146641815	0.01900532082721582	0.01900532082721582	0.09595484268669972	0.09595484268669972	0.09595484268669972	0.1207858458656726	0.0603929229328363	0.01900532082721582	0.12615130415311787	0.09058938439925443
UP000000559	0.05557369700286275	0.03005787778225138	0.03005787778225138	0.03005787778225138	0.03005787778225138	0.05557369700286275	0.03005787778225138	0.05557369700286275	0.05557369700286275	0.03005787778225138	0.05557369700286275	0.05557369700286275	0.032514519115984686	0.032514519115984686	0.032514519115984686	0.12023151112900551	0.06011575556450276	0.05557369700286275	0.06257239689823606	0.09017363334675413
UP000000560	0.02787065557201645	0.0319702052736783	0.0319702052736783	0.0319702052736783	0.0319702052736783	0.02787065557201645	0.0319702052736783	0.02787065557201645	0.02787065557201645	0.0319702052736783	0.02787065557201645	0.02787065557201645	0.07334553165425801	0.07334553165425801	0.07334553165425801	0.1278808210947132	0.0639404105473566	0.02787065557201645	0.1053157369279363	0.09591061582103487
UP000000561	0.025094362831480446	0.03161111516381383	0.03161111516381383	0.03161111516381383	0.03161111516381383	0.025094362831480446	0.03161111516381383	0.025094362831480446	0.025094362831480446	0.03161111516381383	0.025094362831480446	0.025094362831480446	0.07964040438965388	0.07964040438965388	0.07964040438965388	0.12644446065525533	0.06322223032762767	0.025094362831480446	0.1112515195534677	0.09483334549144151
UP000000589	0.03221146790320604	0.03225659256832253	0.03225659256832253	0.03225659256832253	0.03225659256832253	0.03221146790320604	0.03225659256832253	0.03221146790320604	0.03221146790320604	0.03225659256832253	0.03221146790320604	0.03221146790320604	0.06460356089609932	0.06460356089609932	0.06460356089609932	0.12902637027329011	0.06451318513664506	0.03221146790320604	0.09686015346442184	0.09676977770496757
UP000000591	0.026065929941864963	0.03175422511413516	0.03175422511413516	0.03175422511413516	0.03175422511413516	0.026065929941864963	0.03175422511413516	0.026065929941864963	0.026065929941864963	0.03175422511413516	0.026065929941864963	0.026065929941864963	0.07736772214519565	0.07736772214519565	0.07736772214519565	0.12701690045654063	0.06350845022827031	0.026065929941864963	0.10912194725933082	0.09526267534240548
UP000000598	0.046353594645463875	0.031510269230871475	0.031510269230871475	0.031510269230871475	0.031510269230871475	0.046353594645463875	0.031510269230871475	0.046353594645463875	0.046353594645463875	0.031510269230871475	0.046353594645463875	0.046353594645463875	0.04284013244695229	0.04284013244695229	0.04284013244695229	0.1260410769234859	0.06302053846174295	0.046353594645463875	0.07435040167782377	0.09453080769261442
UP000000599	0.050464239151911894	0.030938216727113388	0.030938216727113388	0.030938216727113388	0.030938216727113388	0.050464239151911894	0.030938216727113388	0.050464239151911894	0.050464239151911894	0.030938216727113388	0.050464239151911894	0.050464239151911894	0.037934714575700676	0.037934714575700676	0.037934714575700676	0.12375286690845355	0.061876433454226776	0.050464239151911894	0.06887293130281406	0.09281465018134015
UP000000600	0.06440852854513272	0.028163731807578973	0.028163731807578973	0.028163731807578973	0.028163731807578973	0.06440852854513272	0.028163731807578973	0.06440852854513272	0.06440852854513272	0.028163731807578973	0.06440852854513272	0.06440852854513272	0.024630147815701848	0.024630147815701848	0.024630147815701848	0.1126549272303159	0.05632746361515795	0.06440852854513272	0.052793879623280825	0.08449119542273692
UP000000673	0.027126914725987144	0.031888744455007056	0.031888744455007056	0.031888744455007056	0.031888744455007056	0.027126914725987144	0.031888744455007056	0.027126914725987144	0.027126914725987144	0.031888744455007056	0.027126914725987144	0.027126914725987144	0.07497292140949427	0.07497292140949427	0.07497292140949427	0.12755497782002823	0.06377748891001411	0.027126914725987144	0.10686166586450133	0.09566623336502118
UP000000715	0.027003418129017666	0.03187421208788668	0.03187421208788668	0.03187421208788668	0.03187421208788668	0.027003418129017666	0.03187421208788668	0.027003418129017666	0.027003418129017666	0.03187421208788668	0.027003418129017666	0.027003418129017666	0.07524716992267233	0.07524716992267233	0.07524716992267233	0.12749684835154673	0.06374842417577337	0.027003418129017666	0.10712138201055901	0.09562263626366005
UP000000724	0.028721828977710355	0.032051080732882736	0.032051080732882736	0.032051080732882736	0.032051080732882736	0.028721828977710355	0.032051080732882736	0.028721828977710355	0.028721828977710355	0.032051080732882736	0.028721828977710355	0.028721828977710355	0.07153247635747595	0.07153247635747595	0.07153247635747595	0.12820432293153095	0.06410216146576547	0.028721828977710355	0.10358355709035869	0.09615324219864821
UP000000741	0.032765391964644716	0.03227206154796746	0.03227206154796746	0.03227206154796746	0.03227206154796746	0.032765391964644716	0.03227206154796746	0.032765391964644716	0.032765391964644716	0.03227206154796746	0.032765391964644716	0.032765391964644716	0.06357231787000191	0.06357231787000191	0.06357231787000191	0.12908824619186984	0.06454412309593492	0.032765391964644716	0.09584437941796936	0.09681618464390239
UP000000759	0.03102483609904666	0.03220824123594014	0.03220824123594014	0.03220824123594014	0.03220824123594014	0.03102483609904666	0.03220824123594014	0.03102483609904666	0.03102483609904666	0.03220824123594014	0.03102483609904666	0.03102483609904666	0.0668735718829078	0.0668735718829078	0.0668735718829078	0.12883296494376056	0.06441648247188028	0.03102483609904666	0.09908181311884794	0.09662472370782041
UP000000768	0.024148256408362538	0.031452322158688546	0.031452322158688546	0.031452322158688546	0.031452322158688546	0.024148256408362538	0.031452322158688546	0.024148256408362538	0.024148256408362538	0.031452322158688546	0.024148256408362538	0.024148256408362538	0.08193126265061139	0.08193126265061139	0.08193126265061139	0.12580928863475418	0.06290464431737709	0.024148256408362538	0.11338358480929993	0.09435696647606563
UP000000803	0.028256416931157165	0.03200845885580575	0.03200845885580575	0.03200845885580575	0.03200845885580575	0.028256416931157165	0.03200845885580575	0.028256416931157165	0.028256416931157165	0.03200845885580575	0.028256416931157165	0.028256416931157165	0.07251743494725196	0.07251743494725196	0.07251743494725196	0.128033835423223	0.0640169177116115	0.028256416931157165	0.1045258938030577	0.09602537656741725
UP000000819	0.035951450740379504	0.03227973489961711	0.03227973489961711	0.03227973489961711	0.03227973489961711	0.035951450740379504	0.03227973489961711	0.035951450740379504	0.035951450740379504	0.03227973489961711	0.035951450740379504	0.035951450740379504	0.05796602160586746	0.05796602160586746	0.05796602160586746	0.12911893959846843	0.06455946979923421	0.035951450740379504	0.09024575650548458	0.09683920469885134
UP000001038	0.0290765449295987	0.03208102859429292	0.03208102859429292	0.03208102859429292	0.03208102859429292	0.0290765449295987	0.03208102859429292	0.0290765449295987	0.0290765449295987	0.03208102859429292	0.0290765449295987	0.0290765449295987	0.07079193199603061	0.07079193199603061	0.07079193199603061	0.12832411437717167	0.06416205718858584	0.0290765449295987	0.10287296059032355	0.09624308578287875
UP000001055	0.026729716379444157	0.03184096113623949	0.03184096113623949	0.03184096113623949	0.03184096113623949	0.026729716379444157	0.03184096113623949	0.026729716379444157	0.026729716379444157	0.03184096113623949	0.026729716379444157	0.026729716379444157	0.07585915179101474	0.07585915179101474	0.07585915179101474	0.12736384454495797	0.06368192227247899	0.026729716379444157	0.10770011292725425	0.09552288340871846
UP000001056	0.020515310041298508	0.030641541879276497	0.030641541879276497	0.030641541879276497	0.030641541879276497	0.020515310041298508	0.030641541879276497	0.020515310041298508	0.020515310041298508	0.030641541879276497	0.020515310041298508	0.020515310041298508	0.09153203991062159	0.09153203991062159	0.09153203991062159	0.12256616751710599	0.06128308375855299	0.020515310041298508	0.1221735817898981	0.0919246256378295
UP000001064	0.06490198992572528	0.02804574957209967	0.02804574957209967	0.02804574957209967	0.02804574957209967	0.06490198992572528	0.02804574957209967	0.06490198992572528	0.06490198992572528	0.02804574957209967	0.06490198992572528	0.06490198992572528	0.02423851934158209	0.02423851934158209	0.02423851934158209	0.11218299828839869	0.05609149914419934	0.06490198992572528	0.05228426891368175	0.08413724871629902
UP000001067	0.02750061553042823	0.031930962129285485	0.031930962129285485	0.031930962129285485	0.031930962129285485	0.02750061553042823	0.031930962129285485	0.02750061553042823	0.02750061553042823	0.031930962129285485	0.02750061553042823	0.02750061553042823	0.07415007430460864	0.07415007430460864	0.07415007430460864	0.12772384851714194	0.06386192425857097	0.02750061553042823	0.10608103643389413	0.09579288638785646
UP000001070	0.030634049918044765	0.032187617256213295	0.032187617256213295	0.032187617256213295	0.032187617256213295	0.030634049918044765	0.032187617256213295	0.030634049918044765	0.030634049918044765	0.032187617256213295	0.030634049918044765	0.030634049918044765	0.06763994361856847	0.06763994361856847	0.06763994361856847	0.12875046902485318	0.06437523451242659	0.030634049918044765	0.09982756087478176	0.09656285176863988
UP000001072	0.04151948116180378	0.032002070506524365	0.032002070506524365	0.032002070506524365	0.032002070506524365	0.04151948116180378	0.032002070506524365	0.04151948116180378	0.04151948116180378	0.032002070506524365	0.04151948116180378	0.04151948116180378	0.04933262594074591	0.04933262594074591	0.04933262594074591	0.12800828202609746	0.06400414101304873	0.04151948116180378	0.08133469644727029	0.09600621151957309
UP000001073	0.02952207249682566	0.03211560394921411	0.03211560394921411	0.03211560394921411	0.03211560394921411	0.02952207249682566	0.03211560394921411	0.02952207249682566	0.02952207249682566	0.03211560394921411	0.02952207249682566	0.02952207249682566	0.06987395733369864	0.06987395733369864	0.06987395733369864	0.12846241579685644	0.06423120789842822	0.02952207249682566	0.10198956128291276	0.09634681184764234
UP000001074	0.02763836388323941	0.03194586540751101	0.03194586540751101	0.03194586540751101	0.03194586540751101	0.02763836388323941	0.03194586540751101	0.02763836388323941	0.02763836388323941	0.03194586540751101	0.02763836388323941	0.02763836388323941	0.073849401574287	0.073849401574287	0.073849401574287	0.12778346163004403	0.06389173081502202	0.02763836388323941	0.10579526698179802	0.09583759622253303
UP000001075	0.03088728925051782	0.03220125357597622	0.03220125357597622	0.03220125357597622	0.03220125357597622	0.03088728925051782	0.03220125357597622	0.03088728925051782	0.03088728925051782	0.03220125357597622	0.03088728925051782	0.03088728925051782	0.06714222950768899	0.06714222950768899	0.06714222950768899	0.12880501430390487	0.06440250715195243	0.03088728925051782	0.09934348308366521	0.09660376072792866
UP000001194	0.03173242137135601	0.03223961151943669	0.03223961151943669	0.03223961151943669	0.03223961151943669	0.03173242137135601	0.03223961151943669	0.03173242137135601	0.03173242137135601	0.03223961151943669	0.03173242137135601	0.03173242137135601	0.06550981652238022	0.06550981652238022	0.06550981652238022	0.12895844607774676	0.06447922303887338	0.03173242137135601	0.0977494280418169	0.09671883455831005
UP000001197	0.024957082297607503	0.0315892905462994	0.0315892905462994	0.0315892905462994	0.0315892905462994	0.024957082297607503	0.0315892905462994	0.024957082297607503	0.024957082297607503	0.0315892905462994	0.024957082297607503	0.024957082297607503	0.07996794379398926	0.07996794379398926	0.07996794379398926	0.1263571621851976	0.0631785810925988	0.024957082297607503	0.11155723434028866	0.0947678716388982
UP000001261	0.031044679423473588	0.03220922514373459	0.03220922514373459	0.03220922514373459	0.03220922514373459	0.031044679423473588	0.03220922514373459	0.031044679423473588	0.031044679423473588	0.03220922514373459	0.031044679423473588	0.031044679423473588	0.06683491043398287	0.06683491043398287	0.06683491043398287	0.12883690057493835	0.06441845028746918	0.031044679423473588	0.09904413557771746	0.09662767543120375
UP000001292	0.0270256332759839	0.03187684770948889	0.03187684770948889	0.03187684770948889	0.03187684770948889	0.0270256332759839	0.03187684770948889	0.0270256332759839	0.0270256332759839	0.03187684770948889	0.0270256332759839	0.0270256332759839	0.07519775092907262	0.07519775092907262	0.07519775092907262	0.12750739083795556	0.06375369541897778	0.0270256332759839	0.1070745986385615	0.09563054312846667
UP000001294	0.03223469112871548	0.032257330122830795	0.032257330122830795	0.032257330122830795	0.032257330122830795	0.03223469112871548	0.032257330122830795	0.03223469112871548	0.03223469112871548	0.032257330122830795	0.03223469112871548	0.03223469112871548	0.06455997003342474	0.06455997003342474	0.06455997003342474	0.12902932049132318	0.06451466024566159	0.03223469112871548	0.09681730015625553	0.09677199036849238
UP000001300	0.027510517399726465	0.03193204517891654	0.03193204517891654	0.03193204517891654	0.03193204517891654	0.027510517399726465	0.03193204517891654	0.027510517399726465	0.027510517399726465	0.03193204517891654	0.027510517399726465	0.027510517399726465	0.07412841383481251	0.07412841383481251	0.07412841383481251	0.12772818071566616	0.06386409035783308	0.027510517399726465	0.10606045901372907	0.09579613553674962
UP000001307	0.0389565226240129	0.032171999502283354	0.032171999502283354	0.032171999502283354	0.032171999502283354	0.0389565226240129	0.032171999502283354	0.0389565226240129	0.0389565226240129	0.032171999502283354	0.0389565226240129	0.0389565226240129	0.05313808739884399	0.05313808739884399	0.05313808739884399	0.12868799800913341	0.06434399900456671	0.0389565226240129	0.08531008690112735	0.09651599850685008
UP000001312	0.03861856352995085	0.032189237045857626	0.032189237045857626	0.032189237045857626	0.032189237045857626	0.03861856352995085	0.032189237045857626	0.03861856352995085	0.03861856352995085	0.032189237045857626	0.03861856352995085	0.03861856352995085	0.053660565639155534	0.053660565639155534	0.053660565639155534	0.1287569481834305	0.06437847409171525	0.03861856352995085	0.08584980268501315	0.09656771113757286
UP000001357	0.02352139540275784	0.03133597812675358	0.03133597812675358	0.03133597812675358	0.03133597812675358	0.02352139540275784	0.03133597812675358	0.02352139540275784	0.02352139540275784	0.03133597812675358	0.02352139540275784	0.02352139540275784	0.0834936455381595	0.0834936455381595	0.0834936455381595	0.12534391250701432	0.06267195625350716	0.02352139540275784	0.11482962366491309	0.09400793438026073
UP000001396	0.05172598534203242	0.030737311722204425	0.030737311722204425	0.030737311722204425	0.030737311722204425	0.05172598534203242	0.030737311722204425	0.05172598534203242	0.05172598534203242	0.030737311722204425	0.05172598534203242	0.05172598534203242	0.036530278762625615	0.036530278762625615	0.036530278762625615	0.1229492468888177	0.06147462344440885	0.05172598534203242	0.06726759048483004	0.09221193516661327
UP000001449	0.035011464926123705	0.03229127239041946	0.03229127239041946	0.03229127239041946	0.03229127239041946	0.035011464926123705	0.03229127239041946	0.035011464926123705	0.035011464926123705	0.03229127239041946	0.035011464926123705	0.035011464926123705	0.059564846817605696	0.059564846817605696	0.059564846817605696	0.12916508956167785	0.06458254478083893	0.035011464926123705	0.09185611920802517	0.09687381717125838
UP000001450	0.07585358952048253	0.025146012312658613	0.025146012312658613	0.025146012312658613	0.025146012312658613	0.07585358952048253	0.025146012312658613	0.07585358952048253	0.07585358952048253	0.025146012312658613	0.07585358952048253	0.07585358952048253	0.016672169088521104	0.016672169088521104	0.016672169088521104	0.10058404925063445	0.050292024625317226	0.07585358952048253	0.041818181401179724	0.07543803693797585
UP000001460	0.0644635045328225	0.028150646619603804	0.028150646619603804	0.028150646619603804	0.028150646619603804	0.0644635045328225	0.028150646619603804	0.0644635045328225	0.0644635045328225	0.028150646619603804	0.0644635045328225	0.0644635045328225	0.024586280589145432	0.024586280589145432	0.024586280589145432	0.11260258647841521	0.05630129323920761	0.0644635045328225	0.052736927208749236	0.0844519398588114
UP000001471	0.027483943514452887	0.031929134449870895	0.031929134449870895	0.031929134449870895	0.031929134449870895	0.027483943514452887	0.031929134449870895	0.027483943514452887	0.027483943514452887	0.031929134449870895	0.027483943514452887	0.027483943514452887	0.0741865610502239	0.0741865610502239	0.0741865610502239	0.12771653779948358	0.06385826889974179	0.027483943514452887	0.1061156955000948	0.09578740334961267
UP000001514	0.02842354185532473	0.03202420374668896	0.03202420374668896	0.03202420374668896	0.03202420374668896	0.02842354185532473	0.03202420374668896	0.02842354185532473	0.02842354185532473	0.03202420374668896	0.02842354185532473	0.02842354185532473	0.07216198676642584	0.07216198676642584	0.07216198676642584	0.12809681498675585	0.06404840749337792	0.02842354185532473	0.10418619051311483	0.0960726112400669
UP000001519	0.02939276296715075	0.032105913321442914	0.032105913321442914	0.032105913321442914	0.032105913321442914	0.02939276296715075	0.032105913321442914	0.02939276296715075	0.02939276296715075	0.032105913321442914	0.02939276296715075	0.02939276296715075	0.07013901152171452	0.07013901152171452	0.07013901152171452	0.12842365328577166	0.06421182664288583	0.02939276296715075	0.10224492484315742	0.09631773996432871
UP000001529	0.024769514689563874	0.03155881249525539	0.03155881249525539	0.03155881249525539	0.03155881249525539	0.024769514689563874	0.03155881249525539	0.024769514689563874	0.024769514689563874	0.03155881249525539	0.024769514689563874	0.024769514689563874	0.08041809931224163	0.08041809931224163	0.08041809931224163	0.12623524998102156	0.06311762499051078	0.024769514689563874	0.11197691180749703	0.09467643748576618
UP000001542	0.05454990950686792	0.03024808732536523	0.03024808732536523	0.03024808732536523	0.03024808732536523	0.05454990950686792	0.03024808732536523	0.05454990950686792	0.05454990950686792	0.03024808732536523	0.05454990950686792	0.05454990950686792	0.033545309061520166	0.033545309061520166	0.033545309061520166	0.12099234930146092	0.06049617465073046	0.05454990950686792	0.0637933963868854	0.0907442619760957
UP000001548	0.03246662690363735	0.03226426676984106	0.03226426676984106	0.03226426676984106	0.03226426676984106	0.03246662690363735	0.03226426676984106	0.03246662690363735	0.03246662690363735	0.03226426676984106	0.03246662690363735	0.03246662690363735	0.06412633583927038	0.06412633583927038	0.06412633583927038	0.12905706707936423	0.06452853353968212	0.03246662690363735	0.09639060260911142	0.09679280030952317
UP000001554	0.028312491707362324	0.032013797021144944	0.032013797021144944	0.032013797021144944	0.032013797021144944	0.028312491707362324	0.032013797021144944	0.028312491707362324	0.028312491707362324	0.032013797021144944	0.028312491707362324	0.028312491707362324	0.07239795142753615	0.07239795142753615	0.07239795142753615	0.12805518808457977	0.06402759404228989	0.028312491707362324	0.10441174844868109	0.09604139106343482
UP000001555	0.023764719567992164	0.03138222216967071	0.03138222216967071	0.03138222216967071	0.03138222216967071	0.023764719567992164	0.03138222216967071	0.023764719567992164	0.023764719567992164	0.03138222216967071	0.023764719567992164	0.023764719567992164	0.08288285207733083	0.08288285207733083	0.08288285207733083	0.12552888867868284	0.06276444433934142	0.023764719567992164	0.11426507424700154	0.09414666650901213
UP000001568	0.02026404673536426	0.03057230630733699	0.03057230630733699	0.03057230630733699	0.03057230630733699	0.02026404673536426	0.03057230630733699	0.02026404673536426	0.02026404673536426	0.03057230630733699	0.02026404673536426	0.02026404673536426	0.09224869298376456	0.09224869298376456	0.09224869298376456	0.12228922522934796	0.06114461261467398	0.02026404673536426	0.12282099929110157	0.09171691892201098
UP000001593	0.036279467202344116	0.032273128429431634	0.032273128429431634	0.032273128429431634	0.032273128429431634	0.036279467202344116	0.032273128429431634	0.036279467202344116	0.036279467202344116	0.032273128429431634	0.036279467202344116	0.036279467202344116	0.05741841867817126	0.05741841867817126	0.05741841867817126	0.12909251371772654	0.06454625685886327	0.036279467202344116	0.0896915471076029	0.0968193852882949
UP000001595	0.02956052201614845	0.032118431523547375	0.032118431523547375	0.032118431523547375	0.032118431523547375	0.02956052201614845	0.032118431523547375	0.02956052201614845	0.02956052201614845	0.032118431523547375	0.02956052201614845	0.02956052201614845	0.06979536037755071	0.06979536037755071	0.06979536037755071	0.1284737260941895	0.06423686304709475	0.02956052201614845	0.10191379190109809	0.0963552945706421
UP000001610	0.021155330642012683	0.030809655955437675	0.030809655955437675	0.030809655955437675	0.030809655955437675	0.021155330642012683	0.030809655955437675	0.021155330642012683	0.021155330642012683	0.030809655955437675	0.021155330642012683	0.021155330642012683	0.0897395475547271	0.0897395475547271	0.0897395475547271	0.1232386238217507	0.06161931191087535	0.021155330642012683	0.12054920351016475	0.09242896786631302
UP000001611	0.020442766920559574	0.030621743309060638	0.030621743309060638	0.030621743309060638	0.030621743309060638	0.020442766920559574	0.030621743309060638	0.020442766920559574	0.020442766920559574	0.030621743309060638	0.020442766920559574	0.020442766920559574	0.09173818465277818	0.09173818465277818	0.09173818465277818	0.12248697323624255	0.061243486618121276	0.020442766920559574	0.12235992796183882	0.09186522992718192
UP000001628	0.03106510839883471	0.032210231741169736	0.032210231741169736	0.032210231741169736	0.032210231741169736	0.03106510839883471	0.032210231741169736	0.03106510839883471	0.03106510839883471	0.032210231741169736	0.03106510839883471	0.03106510839883471	0.06679513333736034	0.06679513333736034	0.06679513333736034	0.12884092696467894	0.06442046348233947	0.03106510839883471	0.09900536507853007	0.09663069522350921
UP000001631	0.03055943112180715	0.032183407067399375	0.032183407067399375	0.032183407067399375	0.032183407067399375	0.03055943112180715	0.032183407067399375	0.03055943112180715	0.03055943112180715	0.032183407067399375	0.03055943112180715	0.03055943112180715	0.06778736726723995	0.06778736726723995	0.06778736726723995	0.1287336282695975	0.06436681413479875	0.03055943112180715	0.09997077433463933	0.09655022120219812
UP000001640	0.05003311122190183	0.031004243930247782	0.031004243930247782	0.031004243930247782	0.031004243930247782	0.05003311122190183	0.031004243930247782	0.05003311122190183	0.05003311122190183	0.031004243930247782	0.05003311122190183	0.05003311122190183	0.038425079640680704	0.038425079640680704	0.038425079640680704	0.12401697572099113	0.062008487860495565	0.05003311122190183	0.06942932357092849	0.09301273179074336
UP000001645	0.032212224163254845	0.03225661671045583	0.03225661671045583	0.03225661671045583	0.03225661671045583	0.032212224163254845	0.03225661671045583	0.032212224163254845	0.032212224163254845	0.03225661671045583	0.032212224163254845	0.032212224163254845	0.0646021408724807	0.0646021408724807	0.0646021408724807	0.1290264668418233	0.06451323342091166	0.032212224163254845	0.09685875758293654	0.09676985013136749
UP000001646	0.03417574015578899	0.03229203527992967	0.03229203527992967	0.03229203527992967	0.03229203527992967	0.03417574015578899	0.03229203527992967	0.03417574015578899	0.03417574015578899	0.03229203527992967	0.03417574015578899	0.03417574015578899	0.06102431360765061	0.06102431360765061	0.06102431360765061	0.1291681411197187	0.06458407055985935	0.03417574015578899	0.09331634888758028	0.09687610583978902
UP000001742	0.05690094924791301	0.029801607860590558	0.029801607860590558	0.029801607860590558	0.029801607860590558	0.05690094924791301	0.029801607860590558	0.05690094924791301	0.05690094924791301	0.029801607860590558	0.05690094924791301	0.05690094924791301	0.031216907373789994	0.031216907373789994	0.031216907373789994	0.11920643144236223	0.059603215721181116	0.05690094924791301	0.06101851523438055	0.08940482358177167
UP000001743	0.023988979764650305	0.03142362136857469	0.03142362136857469	0.03142362136857469	0.03142362136857469	0.023988979764650305	0.03142362136857469	0.023988979764650305	0.023988979764650305	0.03142362136857469	0.023988979764650305	0.023988979764650305	0.08232479993756318	0.08232479993756318	0.08232479993756318	0.12569448547429876	0.06284724273714938	0.023988979764650305	0.1137484213061379	0.0942708641057241
UP000001744	0.037797296197969746	0.032225853365091546	0.032225853365091546	0.032225853365091546	0.032225853365091546	0.037797296197969746	0.032225853365091546	0.037797296197969746	0.037797296197969746	0.032225853365091546	0.037797296197969746	0.037797296197969746	0.054951318193186785	0.054951318193186785	0.054951318193186785	0.12890341346036618	0.06445170673018309	0.037797296197969746	0.08717717155827834	0.09667756009527465
UP000001745	0.03376388459402882	0.032289015131217645	0.032289015131217645	0.032289015131217645	0.032289015131217645	0.03376388459402882	0.032289015131217645	0.03376388459402882	0.03376388459402882	0.032289015131217645	0.03376388459402882	0.03376388459402882	0.061757141435578984	0.061757141435578984	0.061757141435578984	0.12915606052487058	0.06457803026243529	0.03376388459402882	0.09404615656679664	0.09686704539365293
UP000001798	0.03709062028086394	0.032251227107350317	0.032251227107350317	0.032251227107350317	0.032251227107350317	0.03709062028086394	0.032251227107350317	0.03709062028086394	0.03709062028086394	0.032251227107350317	0.03709062028086394	0.03709062028086394	0.056086506079086815	0.056086506079086815	0.056086506079086815	0.12900490842940127	0.06450245421470063	0.03709062028086394	0.08833773318643712	0.09675368132205096
UP000001805	0.024684370382949624	0.03154472409241102	0.03154472409241102	0.03154472409241102	0.03154472409241102	0.024684370382949624	0.03154472409241102	0.024684370382949624	0.024684370382949624	0.03154472409241102	0.024684370382949624	0.024684370382949624	0.08062345546019407	0.08062345546019407	0.08062345546019407	0.12617889636964408	0.06308944818482204	0.024684370382949624	0.1121681795526051	0.09463417227723306
UP000001811	0.027627827331071275	0.03194473784589039	0.03194473784589039	0.03194473784589039	0.03194473784589039	0.027627827331071275	0.03194473784589039	0.027627827331071275	0.027627827331071275	0.03194473784589039	0.027627827331071275	0.027627827331071275	0.07387235078706374	0.07387235078706374	0.07387235078706374	0.12777895138356157	0.06388947569178079	0.027627827331071275	0.10581708863295412	0.09583421353767117
UP000001819	0.026697239511250307	0.03183691943544014	0.03183691943544014	0.03183691943544014	0.03183691943544014	0.026697239511250307	0.03183691943544014	0.026697239511250307	0.026697239511250307	0.03183691943544014	0.026697239511250307	0.026697239511250307	0.07593215311355139	0.07593215311355139	0.07593215311355139	0.12734767774176056	0.06367383887088028	0.026697239511250307	0.10776907254899153	0.09551075830632041
UP000001861	0.027384548919211653	0.03191813065633572	0.03191813065633572	0.03191813065633572	0.03191813065633572	0.027384548919211653	0.03191813065633572	0.027384548919211653	0.027384548919211653	0.03191813065633572	0.027384548919211653	0.027384548919211653	0.07440451676603672	0.07440451676603672	0.07440451676603672	0.12767252262534287	0.06383626131267144	0.027384548919211653	0.10632264742237243	0.09575439196900715
UP000001876	0.013964704341863922	0.02810624363476776	0.02810624363476776	0.02810624363476776	0.02810624363476776	0.013964704341863922	0.02810624363476776	0.013964704341863922	0.013964704341863922	0.02810624363476776	0.013964704341863922	0.013964704341863922	0.11313679286266712	0.11313679286266712	0.11313679286266712	0.11242497453907103	0.05621248726953552	0.013964704341863922	0.1412430364974349	0.0843187309043033
UP000001881	0.024278879384727173	0.03147542915831874	0.03147542915831874	0.03147542915831874	0.03147542915831874	0.024278879384727173	0.03147542915831874	0.024278879384727173	0.024278879384727173	0.03147542915831874	0.024278879384727173	0.024278879384727173	0.08161024444345247	0.08161024444345247	0.08161024444345247	0.12590171663327496	0.06295085831663748	0.024278879384727173	0.1130856736017712	0.09442628747495624
UP000001926	0.06813770611697252	0.027243406473424166	0.027243406473424166	0.027243406473424166	0.027243406473424166	0.06813770611697252	0.027243406473424166	0.06813770611697252	0.06813770611697252	0.027243406473424166	0.06813770611697252	0.06813770611697252	0.02178538840160142	0.02178538840160142	0.02178538840160142	0.10897362589369666	0.05448681294684833	0.06813770611697252	0.04902879487502559	0.0817302194202725
UP000001940	0.04272740930907511	0.03189919520913638	0.03189919520913638	0.03189919520913638	0.03189919520913638	0.04272740930907511	0.03189919520913638	0.04272740930907511	0.04272740930907511	0.03189919520913638	0.04272740930907511	0.04272740930907511	0.047630252872573046	0.047630252872573046	0.047630252872573046	0.12759678083654552	0.06379839041827276	0.04272740930907511	0.07952944808170942	0.09569758562740913
UP000001949	0.05052162247770671	0.030929326577143656	0.030929326577143656	0.030929326577143656	0.030929326577143656	0.05052162247770671	0.030929326577143656	0.05052162247770671	0.05052162247770671	0.030929326577143656	0.05052162247770671	0.05052162247770671	0.03786985435543867	0.03786985435543867	0.03786985435543867	0.12371730630857462	0.06185865315428731	0.05052162247770671	0.06879918093258232	0.09278797973143096
UP000001950	0.05419744829199581	0.03031202728127894	0.03031202728127894	0.03031202728127894	0.03031202728127894	0.05419744829199581	0.03031202728127894	0.05419744829199581	0.05419744829199581	0.03031202728127894	0.05419744829199581	0.05419744829199581	0.03390635636389159	0.03390635636389159	0.03390635636389159	0.12124810912511576	0.06062405456255788	0.05419744829199581	0.06421838364517052	0.09093608184383682
UP000001996	0.046263134544119	0.03152135311406245	0.03152135311406245	0.03152135311406245	0.03152135311406245	0.046263134544119	0.03152135311406245	0.046263134544119	0.046263134544119	0.03152135311406245	0.046263134544119	0.046263134544119	0.042954102091541956	0.042954102091541956	0.042954102091541956	0.1260854124562498	0.0630427062281249	0.046263134544119	0.0744754552056044	0.09456405934218735
UP000001997	0.03965219910905692	0.032132632160544544	0.032132632160544544	0.032132632160544544	0.032132632160544544	0.03965219910905692	0.032132632160544544	0.03965219910905692	0.03965219910905692	0.032132632160544544	0.03965219910905692	0.03965219910905692	0.052078122916972225	0.052078122916972225	0.052078122916972225	0.12853052864217818	0.06426526432108909	0.03965219910905692	0.08421075507751677	0.09639789648163362
UP000002009	0.015720648772538967	0.028955669857089215	0.028955669857089215	0.028955669857089215	0.028955669857089215	0.015720648772538967	0.028955669857089215	0.015720648772538967	0.015720648772538967	0.028955669857089215	0.015720648772538967	0.015720648772538967	0.10666618521969996	0.10666618521969996	0.10666618521969996	0.11582267942835686	0.05791133971417843	0.015720648772538967	0.13562185507678917	0.08686700957126764
UP000002035	0.030845191488860856	0.03219905619366502	0.03219905619366502	0.03219905619366502	0.03219905619366502	0.030845191488860856	0.03219905619366502	0.030845191488860856	0.030845191488860856	0.03219905619366502	0.030845191488860856	0.030845191488860856	0.06722469011983344	0.06722469011983344	0.06722469011983344	0.12879622477466007	0.06439811238733004	0.030845191488860856	0.09942374631349846	0.09659716858099504
UP000002036	0.033319655269534156	0.03228317879349885	0.03228317879349885	0.03228317879349885	0.03228317879349885	0.033319655269534156	0.03228317879349885	0.033319655269534156	0.033319655269534156	0.03228317879349885	0.033319655269534156	0.033319655269534156	0.06255788810431982	0.06255788810431982	0.06255788810431982	0.1291327151739954	0.0645663575869977	0.033319655269534156	0.09484106689781868	0.09684953638049655
UP000002037	0.057410565688835	0.02970038277743633	0.02970038277743633	0.02970038277743633	0.02970038277743633	0.057410565688835	0.02970038277743633	0.057410565688835	0.057410565688835	0.02970038277743633	0.057410565688835	0.057410565688835	0.03072997893479342	0.03072997893479342	0.03072997893479342	0.11880153110974533	0.05940076555487266	0.057410565688835	0.06043036171222975	0.08910114833230899
UP000002038	0.03116426799786767	0.03221502633169885	0.03221502633169885	0.03221502633169885	0.03221502633169885	0.03116426799786767	0.03221502633169885	0.03116426799786767	0.03116426799786767	0.03221502633169885	0.03116426799786767	0.03116426799786767	0.06660242567693614	0.06660242567693614	0.06660242567693614	0.1288601053267954	0.0644300526633977	0.03116426799786767	0.098817452008635	0.09664507899509657
UP000002051	0.04598614869897943	0.03155486832680511	0.03155486832680511	0.03155486832680511	0.03155486832680511	0.04598614869897943	0.03155486832680511	0.04598614869897943	0.04598614869897943	0.03155486832680511	0.04598614869897943	0.04598614869897943	0.0433047664695655	0.0433047664695655	0.0433047664695655	0.12621947330722044	0.06310973665361022	0.04598614869897943	0.07485963479637062	0.09466460498041533
UP000002058	0.029980132294682296	0.032147700263569064	0.032147700263569064	0.032147700263569064	0.032147700263569064	0.029980132294682296	0.032147700263569064	0.029980132294682296	0.029980132294682296	0.032147700263569064	0.029980132294682296	0.029980132294682296	0.06894396743002969	0.06894396743002969	0.06894396743002969	0.12859080105427625	0.06429540052713813	0.029980132294682296	0.10109166769359876	0.0964431007907072
UP000002059	0.03133773069605307	0.032223051297672646	0.032223051297672646	0.032223051297672646	0.032223051297672646	0.03133773069605307	0.032223051297672646	0.03133773069605307	0.03133773069605307	0.032223051297672646	0.03133773069605307	0.03133773069605307	0.06626676609121657	0.06626676609121657	0.06626676609121657	0.12889220519069058	0.06444610259534529	0.03133773069605307	0.0984898173888892	0.09666915389301793
UP000002149	0.030680347199641675	0.032190185349331775	0.032190185349331775	0.032190185349331775	0.032190185349331775	0.030680347199641675	0.032190185349331775	0.030680347199641675	0.030680347199641675	0.032190185349331775	0.030680347199641675	0.030680347199641675	0.06754865100329999	0.06754865100329999	0.06754865100329999	0.1287607413973271	0.06438037069866355	0.030680347199641675	0.09973883635263178	0.09657055604799532
UP000002173	0.04124316437308616	0.032023610993200745	0.032023610993200745	0.032023610993200745	0.032023610993200745	0.04124316437308616	0.032023610993200745	0.04124316437308616	0.04124316437308616	0.032023610993200745	0.04124316437308616	0.04124316437308616	0.049730018374296255	0.049730018374296255	0.049730018374296255	0.12809444397280298	0.06404722198640149	0.04124316437308616	0.08175362936749699	0.09607083297960221
UP000002195	0.06989474865478254	0.02678773718436633	0.02678773718436633	0.02678773718436633	0.02678773718436633	0.06989474865478254	0.02678773718436633	0.06989474865478254	0.06989474865478254	0.02678773718436633	0.06989474865478254	0.06989474865478254	0.02053324111666526	0.02053324111666526	0.02053324111666526	0.10715094873746532	0.05357547436873266	0.06989474865478254	0.04732097830103159	0.08036321155309899
UP000002226	0.024529646757855676	0.03151871442237962	0.03151871442237962	0.03151871442237962	0.03151871442237962	0.024529646757855676	0.03151871442237962	0.024529646757855676	0.024529646757855676	0.03151871442237962	0.024529646757855676	0.024529646757855676	0.08099826048423409	0.08099826048423409	0.08099826048423409	0.12607485768951848	0.06303742884475924	0.024529646757855676	0.1125169749066137	0.09455614326713888
