Proteome_ID	M	W	C	D	E	F	H	K	N	Q	Y	I	A	G	P	T	V	L	R	S
UP000000231	0.018003661902401897	0.01472821682636345	0.032731878728765346	0.032731878728765346	0.032731878728765346	0.04001120332559732	0.032731878728765346	0.04001120332559732	0.04001120332559732	0.032731878728765346	0.04001120332559732	0.06201874474879275	0.0682820115671072	0.05355379474074375	0.05355379474074375	0.06546375745753069	0.06546375745753069	0.09074674395676456	0.0862856734695091	0.09819563618629605
UP000000233	0.010727504655054707	0.018927718747611903	0.02965522340266661	0.02965522340266661	0.02965522340266661	0.01680744263694911	0.02965522340266661	0.01680744263694911	0.01680744263694911	0.02965522340266661	0.01680744263694911	0.022887380618843513	0.12357567668604819	0.10464795793843627	0.10464795793843627	0.05931044680533322	0.05931044680533322	0.05719017069467043	0.13430318134110286	0.08896567020799985
UP000000235	0.008265308577524586	0.018790373430413506	0.027055682007938096	0.027055682007938096	0.027055682007938096	0.011900964150560111	0.027055682007938096	0.011900964150560111	0.011900964150560111	0.027055682007938096	0.011900964150560111	0.015536619723595635	0.14180728527956205	0.12301691184914855	0.12301691184914855	0.05411136401587619	0.05411136401587619	0.047221954736022795	0.15007259385708666	0.08116704602381429
UP000000238	0.015140060228812398	0.017322345348753636	0.032462405577566036	0.032462405577566036	0.032462405577566036	0.028372761639453636	0.032462405577566036	0.028372761639453636	0.028372761639453636	0.032462405577566036	0.028372761639453636	0.041605463050094875	0.09160540522664878	0.07428305987789514	0.07428305987789514	0.06492481115513207	0.06492481115513207	0.07597522744583207	0.10674546545546117	0.0973872167326981
UP000000239	0.010611085271805501	0.018938616698174957	0.029549701969980458	0.029549701969980458	0.029549701969980458	0.016556352153751425	0.029549701969980458	0.016556352153751425	0.016556352153751425	0.029549701969980458	0.016556352153751425	0.02250161903569735	0.12441896386713949	0.10548034716896454	0.10548034716896454	0.059099403939960916	0.059099403939960916	0.05671713939553738	0.135030049138945	0.08864910590994136
UP000000245	0.009136855951165833	0.018930740784673272	0.02806759673583911	0.02806759673583911	0.02806759673583911	0.013546727578584838	0.02806759673583911	0.013546727578584838	0.013546727578584838	0.02806759673583911	0.013546727578584838	0.017956599206003843	0.13523779456658486	0.11630705378191161	0.11630705378191161	0.05613519347167822	0.05613519347167822	0.050751180265589786	0.1443746505177507	0.08420279020751731
UP000000247	0.02002134935656325	0.009612549686464677	0.029633899043027927	0.029633899043027927	0.029633899043027927	0.06172250494299358	0.029633899043027927	0.06172250494299358	0.06172250494299358	0.029633899043027927	0.06172250494299358	0.10342366052942391	0.03806790720325504	0.02845535751679036	0.02845535751679036	0.05926779808605585	0.05926779808605585	0.11137775334258475	0.05808925655981829	0.08890169712908379
UP000000248	0.01817165298531962	0.014509721051569944	0.03268137403688957	0.03268137403688957	0.03268137403688957	0.04092942834469823	0.03268137403688957	0.04092942834469823	0.04092942834469823	0.03268137403688957	0.04092942834469823	0.06368720370407684	0.06670063854711966	0.0521909174955497	0.0521909174955497	0.06536274807377913	0.06536274807377913	0.09178245536690742	0.08487229153243926	0.0980441221106687
UP000000260	0.013937635921519668	0.017996442982604947	0.03193407890412462	0.03193407890412462	0.03193407890412462	0.024731863162347288	0.03193407890412462	0.024731863162347288	0.024731863162347288	0.03193407890412462	0.024731863162347288	0.035526090403174906	0.10046377581237866	0.08246733282977371	0.08246733282977371	0.06386815780824924	0.06386815780824924	0.07060357798799156	0.11440141173389834	0.09580223671237387
UP000000263	0.012235683868449592	0.018641351520088913	0.030877035388538508	0.030877035388538508	0.030877035388538508	0.020266859052679123	0.030877035388538508	0.020266859052679123	0.020266859052679123	0.030877035388538508	0.020266859052679123	0.02829803423690866	0.11272512759085881	0.0940837760707699	0.0940837760707699	0.061754070777077015	0.061754070777077015	0.06337957830966723	0.1249608114593084	0.09263110616561551
UP000000268	0.01741698521026765	0.01541392064870788	0.03283090585897553	0.03283090585897553	0.03283090585897553	0.03709733654515736	0.03283090585897553	0.03709733654515736	0.03709733654515736	0.03283090585897553	0.03709733654515736	0.05677768788004706	0.07352420456134728	0.05811028391263941	0.05811028391263941	0.06566181171795106	0.06566181171795106	0.08734522761440053	0.09094118977161494	0.09849271757692657
UP000000269	0.01975103086232196	0.011375424735242697	0.03112645559756466	0.03112645559756466	0.03112645559756466	0.05404453894697386	0.03112645559756466	0.05404453894697386	0.05404453894697386	0.03112645559756466	0.05404453894697386	0.08833804703162575	0.04722941690336031	0.03585399216811762	0.03585399216811762	0.06225291119512932	0.06225291119512932	0.10492202540686046	0.06698044776568228	0.09337936679269396
UP000000270	0.009149570340667247	0.018932009003439568	0.028081579344106815	0.028081579344106815	0.028081579344106815	0.013571427387302314	0.028081579344106815	0.013571427387302314	0.013571427387302314	0.028081579344106815	0.013571427387302314	0.01799328443393738	0.13514308628440005	0.1162110772809605	0.1162110772809605	0.05616315868821363	0.05616315868821363	0.050802577072076374	0.14429265662506732	0.08424473803232044
UP000000272	0.017365990972146278	0.015468628806252993	0.03283461977839927	0.03283461977839927	0.03283461977839927	0.03686207211947831	0.03283461977839927	0.03686207211947831	0.03686207211947831	0.03283461977839927	0.03686207211947831	0.05635815326681034	0.07396302122660545	0.058494392420352447	0.058494392420352447	0.06566923955679854	0.06566923955679854	0.08706268287002386	0.09132901219875172	0.09850385933519781
UP000000276	0.015422101226109453	0.017135154378843814	0.03255725560495327	0.03255725560495327	0.03255725560495327	0.029302408398714855	0.03255725560495327	0.029302408398714855	0.029302408398714855	0.03255725560495327	0.029302408398714855	0.043182715571320265	0.08948244256780709	0.07234728818896329	0.07234728818896329	0.06511451120990654	0.06511451120990654	0.07728176522977757	0.10490454379391655	0.09767176681485978
UP000000321	0.009419998564798979	0.018953876217163	0.028373874781961978	0.028373874781961978	0.028373874781961978	0.01410169912800424	0.028373874781961978	0.01410169912800424	0.01410169912800424	0.028373874781961978	0.01410169912800424	0.018783399691209502	0.13313540325650744	0.11418152703934442	0.11418152703934442	0.056747749563923956	0.056747749563923956	0.0518955724747652	0.1425554018213064	0.08512162434588594
UP000000323	0.0150231466706281	0.01739653568525507	0.03241968235588317	0.03241968235588317	0.03241968235588317	0.027996703013716474	0.03241968235588317	0.027996703013716474	0.027996703013716474	0.03241968235588317	0.027996703013716474	0.040970259356804845	0.09247936265537558	0.0750828269701205	0.0750828269701205	0.06483936471176634	0.06483936471176634	0.07543953204022774	0.10750250932600366	0.09725904706764951
UP000000328	0.0073556715224327674	0.018523320355499015	0.02587899187793178	0.02587899187793178	0.02587899187793178	0.01027663291097054	0.02587899187793178	0.01027663291097054	0.01027663291097054	0.02587899187793178	0.01027663291097054	0.013197594299508314	0.1488621631301816	0.1303388427746826	0.1303388427746826	0.05175798375586356	0.05175798375586356	0.04351129631133509	0.1562178346526144	0.07763697563379535
UP000000329	0.01079303477748872	0.018920866573739037	0.029713901351227756	0.029713901351227756	0.029713901351227756	0.016949708376665255	0.029713901351227756	0.016949708376665255	0.016949708376665255	0.029713901351227756	0.016949708376665255	0.023106381975841795	0.12310153020403596	0.10418066363029693	0.10418066363029693	0.05942780270245551	0.05942780270245551	0.05745664450538173	0.1338945649815247	0.08914170405368327
UP000000333	0.010325380769251172	0.018958390253607973	0.02928377102285915	0.02928377102285915	0.02928377102285915	0.01594893248455212	0.02928377102285915	0.01594893248455212	0.01594893248455212	0.02928377102285915	0.01594893248455212	0.02157248419985307	0.12649401950651798	0.10753562925291	0.10753562925291	0.0585675420457183	0.0585675420457183	0.05555808427666244	0.13681940027576917	0.08785131306857744
UP000000343	0.012329354411361777	0.018614778213947095	0.030944132625308873	0.030944132625308873	0.030944132625308873	0.020495606969078022	0.030944132625308873	0.020495606969078022	0.020495606969078022	0.030944132625308873	0.020495606969078022	0.02866185952679427	0.1120532741196655	0.09343849590571839	0.09343849590571839	0.06188826525061775	0.06188826525061775	0.06376909400574868	0.12438262853102725	0.09283239787592662
UP000000361	0.00946263914593324	0.018956442519619986	0.028419081665553226	0.028419081665553226	0.028419081665553226	0.01418618047039179	0.028419081665553226	0.01418618047039179	0.01418618047039179	0.028419081665553226	0.01418618047039179	0.01890972179485034	0.1328199598207048	0.11386351730108481	0.11386351730108481	0.05683816333110645	0.05683816333110645	0.05206790128187826	0.142282598966638	0.08525724499665968
UP000000366	0.008579457724343887	0.018853357643442564	0.027432815367786453	0.027432815367786453	0.027432815367786453	0.01248364796121692	0.027432815367786453	0.01248364796121692	0.01248364796121692	0.027432815367786453	0.01248364796121692	0.016387838198089952	0.1394205766712531	0.12056721902781053	0.12056721902781053	0.05486563073557291	0.05486563073557291	0.048495921053347255	0.14800003439559697	0.08229844610335936
UP000000370	0.019815994145178453	0.011125616120810384	0.030941610265988836	0.030941610265988836	0.030941610265988836	0.05511054499951303	0.030941610265988836	0.05511054499951303	0.05511054499951303	0.030941610265988836	0.05511054499951303	0.0904050958538476	0.045869719844001844	0.03474410372319146	0.03474410372319146	0.06188322053197767	0.06188322053197767	0.10586814941068033	0.0656857139891803	0.09282483079796651
UP000000374	0.010155223996867583	0.018965411270169864	0.029120635267037447	0.029120635267037447	0.029120635267037447	0.015592942850281698	0.029120635267037447	0.015592942850281698	0.015592942850281698	0.029120635267037447	0.015592942850281698	0.021030661703695813	0.12773402621324395	0.10876861494307408	0.10876861494307408	0.05824127053407489	0.05824127053407489	0.05486880211418673	0.13788925021011153	0.08736190580111233
UP000000376	0.01514801149539903	0.01731722826696491	0.032465239762363936	0.032465239762363936	0.032465239762363936	0.028398529922904734	0.032465239762363936	0.028398529922904734	0.028398529922904734	0.032465239762363936	0.028398529922904734	0.04164904835041044	0.09154584472627558	0.07422861645931068	0.07422861645931068	0.06493047952472787	0.06493047952472787	0.0760117811806677	0.10669385622167461	0.09739571928709181
UP000000377	0.00777186447900875	0.018661693410445622	0.02643355788945437	0.02643355788945437	0.02643355788945437	0.011008541673923379	0.02643355788945437	0.011008541673923379	0.011008541673923379	0.02643355788945437	0.011008541673923379	0.014245218868838007	0.14560548004301435	0.12694378663256878	0.12694378663256878	0.05286711577890874	0.05286711577890874	0.04521396404238649	0.15337734452202315	0.07930067366836312
UP000000379	0.008745622905193855	0.018880944835295635	0.02762656774048949	0.02762656774048949	0.02762656774048949	0.01279658119499672	0.02762656774048949	0.01279658119499672	0.01279658119499672	0.02762656774048949	0.01279658119499672	0.016847539484799584	0.1381670625083919	0.11928611767309623	0.11928611767309623	0.05525313548097898	0.05525313548097898	0.04916877184068007	0.14691268541358574	0.08287970322146847
UP000000417	0.008496524344677254	0.01883811946918793	0.027334643813865182	0.027334643813865182	0.027334643813865182	0.012328696980474072	0.027334643813865182	0.012328696980474072	0.012328696980474072	0.027334643813865182	0.012328696980474072	0.01616086961627089	0.14004845558406692	0.12121033611487901	0.12121033611487901	0.054669287627730365	0.054669287627730365	0.04815986513901651	0.14854497992874421	0.08200393144159554
UP000000422	0.016842409729518	0.015992523683469317	0.03283493341298732	0.03283493341298732	0.03283493341298732	0.03457987075264438	0.03283493341298732	0.03457987075264438	0.03457987075264438	0.03283493341298732	0.03457987075264438	0.05231733177577076	0.0783486186467719	0.06235609496330257	0.06235609496330257	0.06566986682597464	0.06566986682597464	0.0842572138951497	0.09519102837628989	0.09850480023896195
UP000000423	0.019447422929556417	0.006778124529080731	0.02622554745863715	0.02622554745863715	0.02622554745863715	0.07524490156518863	0.02622554745863715	0.07524490156518863	0.07524490156518863	0.02622554745863715	0.07524490156518863	0.13104238020082085	0.025059212687841087	0.01828108815876036	0.01828108815876036	0.0524510949172743	0.0524510949172743	0.1209178719533822	0.044506635617397504	0.07867664237591146
UP000000425	0.015881469042758063	0.016804104791304623	0.03268557383406269	0.03268557383406269	0.03268557383406269	0.03089096000276421	0.03268557383406269	0.03089096000276421	0.03089096000276421	0.03268557383406269	0.03089096000276421	0.04590045096277036	0.085972996710906	0.06916889191960138	0.06916889191960138	0.06537114766812538	0.06537114766812538	0.07945800287958496	0.10185446575366405	0.09805672150218805
UP000000428	0.007734459201355449	0.018650401620169395	0.026384860821524844	0.026384860821524844	0.026384860821524844	0.010941996516409183	0.026384860821524844	0.010941996516409183	0.010941996516409183	0.026384860821524844	0.010941996516409183	0.014149533831462918	0.14589607923069284	0.12724567761052344	0.12724567761052344	0.05276972164304969	0.05276972164304969	0.04506131653928948	0.15363053843204827	0.07915458246457453
UP000000429	0.019369527938452816	0.012456193789201393	0.03182572172765421	0.03182572172765421	0.03182572172765421	0.04948937184163265	0.03182572172765421	0.04948937184163265	0.04948937184163265	0.03182572172765421	0.04948937184163265	0.07960921574481249	0.05338928814034062	0.040933094351139225	0.040933094351139225	0.06365144345530842	0.06365144345530842	0.10068462150773969	0.07275881607879343	0.09547716518296263
UP000000430	0.019038621012131444	0.013147017576531281	0.032185638588662725	0.032185638588662725	0.032185638588662725	0.04660906335265254	0.032185638588662725	0.04660906335265254	0.04660906335265254	0.032185638588662725	0.04660906335265254	0.07417950569317364	0.0575982576077713	0.044451240031240014	0.044451240031240014	0.06437127717732545	0.06437127717732545	0.09783332295344671	0.07663687861990275	0.0965569157659882
UP000000431	0.01888859392588927	0.013419734928880711	0.03230832885476998	0.03230832885476998	0.03230832885476998	0.04547473608055392	0.03230832885476998	0.04547473608055392	0.04547473608055392	0.03230832885476998	0.04547473608055392	0.07206087823521859	0.05932777985030373	0.04590804492142301	0.04590804492142301	0.06461665770953996	0.06461665770953996	0.09667165886121318	0.078216373776193	0.09692498656430995
UP000000432	0.01800347363228277	0.014728455500655118	0.03273192913293789	0.03273192913293789	0.03273192913293789	0.0400101981536614	0.03273192913293789	0.0400101981536614	0.0400101981536614	0.03273192913293789	0.0400101981536614	0.06201692267504003	0.0682837606080668	0.05355530510741169	0.05355530510741169	0.06546385826587578	0.06546385826587578	0.09074560091888205	0.08628723424034956	0.09819578739881366
UP000000439	0.012300600726783812	0.01862304431692756	0.03092364504371137	0.03092364504371137	0.03092364504371137	0.020425200317744606	0.03092364504371137	0.020425200317744606	0.020425200317744606	0.03092364504371137	0.020425200317744606	0.0285497999087054	0.11225951376772494	0.09363646945079739	0.09363646945079739	0.06184729008742274	0.06184729008742274	0.06364944608823979	0.12456011449450875	0.0927709351311341
UP000000440	0.014840217674114966	0.01750873309270664	0.03234895076682161	0.03234895076682161	0.03234895076682161	0.027418629798453824	0.03234895076682161	0.027418629798453824	0.027418629798453824	0.03234895076682161	0.027418629798453824	0.03999704192279268	0.09384038229665477	0.07633164920394812	0.07633164920394812	0.06469790153364322	0.06469790153364322	0.0746077982393904	0.10868059997076975	0.09704685230046482
UP000000442	0.01679391382823599	0.01603783605243813	0.03283174988067412	0.03283174988067412	0.03283174988067412	0.03437954949305126	0.03283174988067412	0.03437954949305126	0.03437954949305126	0.03283174988067412	0.03437954949305126	0.05196518515786653	0.07874510337396098	0.06270726732152285	0.06270726732152285	0.06566349976134823	0.06566349976134823	0.08400521320196137	0.09553901720219696	0.09849524964202236
UP000000449	0.01974257569599921	0.01140566910907675	0.031148244805075963	0.031148244805075963	0.031148244805075963	0.05391587069384167	0.031148244805075963	0.05391587069384167	0.05391587069384167	0.031148244805075963	0.05391587069384167	0.08808916569168415	0.04739556009854974	0.035989890989472986	0.035989890989472986	0.062296489610151926	0.062296489610151926	0.10480669119491685	0.06713813579454894	0.09344473441522788
UP000000467	0.014845426558200835	0.017505602912493364	0.0323510294706942	0.0323510294706942	0.0323510294706942	0.027434920950173445	0.0323510294706942	0.027434920950173445	0.027434920950173445	0.0323510294706942	0.027434920950173445	0.040024415342146055	0.09380173000646322	0.07629612709396985	0.07629612709396985	0.0647020589413884	0.0647020589413884	0.07463137697906849	0.10864715656466405	0.0970530884120826
UP000000492	0.013504658686818998	0.01819353321858305	0.031698191905402046	0.031698191905402046	0.031698191905402046	0.023528869160746924	0.031698191905402046	0.023528869160746924	0.023528869160746924	0.031698191905402046	0.023528869160746924	0.033553079634674854	0.10360140923737249	0.08540787601878945	0.08540787601878945	0.06339638381080409	0.06339638381080409	0.06873171975296796	0.1171060679241915	0.09509457571620615
UP000000504	0.018085046792132686	0.01462376894118211	0.0327088157333148	0.0327088157333148	0.0327088157333148	0.04045061607793885	0.0327088157333148	0.04045061607793885	0.04045061607793885	0.0327088157333148	0.04045061607793885	0.06281618536374502	0.06752118956956311	0.05289742062838101	0.05289742062838101	0.0654176314666296	0.0654176314666296	0.09124447860338633	0.0856062363616958	0.0981264471999444
UP000000528	0.019657275810750264	0.007294074699250854	0.02695135051000112	0.02695135051000112	0.02695135051000112	0.07263294554711779	0.02695135051000112	0.07263294554711779	0.07263294554711779	0.02695135051000112	0.07263294554711779	0.1256086152834853	0.02729533690447782	0.020001262205226966	0.020001262205226966	0.05390270102000224	0.05390270102000224	0.11924157186786917	0.04695261271522808	0.08085405153000336
UP000000529	0.01983393969464767	0.01105001280327635	0.03088395249792402	0.03088395249792402	0.03088395249792402	0.05543436575879496	0.03088395249792402	0.05543436575879496	0.05543436575879496	0.03088395249792402	0.05543436575879496	0.09103479182294225	0.04546254765735101	0.03441253485407467	0.03441253485407467	0.06176790499584804	0.06176790499584804	0.10615225795136665	0.06529648735199868	0.09265185749377206
UP000000531	0.020023683175358357	0.009460924054884324	0.02948460723024268	0.02948460723024268	0.02948460723024268	0.06240304121492901	0.02948460723024268	0.06240304121492901	0.06240304121492901	0.02948460723024268	0.06240304121492901	0.10478239925449967	0.03732309380162742	0.027862169746743097	0.027862169746743097	0.05896921446048536	0.05896921446048536	0.11191133162053006	0.05734677697698578	0.08845382169072803
UP000000532	0.008313076055110113	0.018800878993089774	0.027113955048199887	0.027113955048199887	0.027113955048199887	0.011988820871267132	0.027113955048199887	0.011988820871267132	0.011988820871267132	0.027113955048199887	0.011988820871267132	0.01566456568742415	0.14144289128935028	0.1226420122962605	0.1226420122962605	0.054227910096399774	0.054227910096399774	0.047415851974577136	0.14975596734446037	0.08134186514459966
UP000000534	0.01993627662802426	0.010526272231424919	0.030462548859449178	0.030462548859449178	0.030462548859449178	0.05769466982277291	0.030462548859449178	0.05769466982277291	0.05769466982277291	0.030462548859449178	0.05769466982277291	0.09545306301752156	0.04269447376078168	0.03216820152935676	0.03216820152935676	0.060925097718898355	0.060925097718898355	0.10809349531024634	0.06263075038880593	0.09138764657834753
UP000000535	0.015477439130759482	0.01709702822451454	0.03257446735527402	0.03257446735527402	0.03257446735527402	0.02948871166892403	0.03257446735527402	0.02948871166892403	0.02948871166892403	0.03257446735527402	0.02948871166892403	0.04349998420708858	0.08906327316549127	0.07196624494097674	0.07196624494097674	0.06514893471054804	0.06514893471054804	0.07754061815495754	0.10454071229625075	0.09772340206582206
UP000000537	0.019463374410524373	0.01222894616067446	0.031692320571198834	0.031692320571198834	0.031692320571198834	0.050440936864962545	0.031692320571198834	0.050440936864962545	0.050440936864962545	0.031692320571198834	0.050440936864962545	0.08141849931940072	0.052053867964825765	0.0398249218041513	0.0398249218041513	0.06338464114239767	0.06338464114239767	0.10159663184668577	0.07151724237535013	0.0950769617135965
UP000000545	0.011629970117497007	0.018788462778666488	0.030418432896163493	0.030418432896163493	0.030418432896163493	0.018828866936637052	0.030418432896163493	0.018828866936637052	0.018828866936637052	0.030418432896163493	0.018828866936637052	0.0260277637557771	0.11707170658427193	0.09828324380560545	0.09828324380560545	0.060836865792326986	0.060836865792326986	0.06087726995029755	0.12870167670176894	0.09125529868849047
UP000000546	0.018254533646665	0.014397613990874504	0.03265214763753951	0.03265214763753951	0.03265214763753951	0.04139920184435602	0.03265214763753951	0.04139920184435602	0.04139920184435602	0.03265214763753951	0.04139920184435602	0.06454387004204705	0.06590405362475972	0.051506439633885216	0.051506439633885216	0.06530429527507901	0.06530429527507901	0.09230588312856053	0.08415858727142472	0.09795644291261853
UP000000549	0.019870111775567235	0.008030115121986793	0.027900226897554028	0.027900226897554028	0.027900226897554028	0.06903769355686677	0.027900226897554028	0.06903769355686677	0.06903769355686677	0.027900226897554028	0.06903769355686677	0.11820527533816633	0.03058077175114564	0.02255065662915885	0.02255065662915885	0.055800453795108056	0.055800453795108056	0.11680803222998806	0.05045088352671288	0.0837006806926621
UP000000555	0.019638672597235136	0.011745919678442646	0.03138459227567778	0.03138459227567778	0.03138459227567778	0.05247368866577086	0.03138459227567778	0.05247368866577086	0.05247368866577086	0.03138459227567778	0.05247368866577086	0.08530870473430659	0.04928826355994129	0.03754234388149864	0.03754234388149864	0.06276918455135556	0.06276918455135556	0.10349695353868378	0.06892693615717642	0.09415377682703335
UP000000556	0.011694108812854716	0.018774913760065234	0.03046902257291995	0.03046902257291995	0.03046902257291995	0.0189778802684532	0.03046902257291995	0.0189778802684532	0.0189778802684532	0.03046902257291995	0.0189778802684532	0.026261651724051684	0.11661106020180605	0.09783614644174082	0.09783614644174082	0.0609380451458399	0.0609380451458399	0.06114101165422786	0.12830516901466077	0.09140706771875984
UP000000557	0.011480348538955831	0.01881819689600846	0.030298545434964293	0.030298545434964293	0.030298545434964293	0.018484122774300404	0.030298545434964293	0.018484122774300404	0.018484122774300404	0.030298545434964293	0.018484122774300404	0.025487897009644978	0.11814688743586454	0.09932869053985609	0.09932869053985609	0.06059709086992859	0.06059709086992859	0.06026301674822052	0.12962723597482034	0.09089563630489286
UP000000558	0.016147932361258305	0.01659617006273304	0.032744102423991346	0.032744102423991346	0.032744102423991346	0.031859733250145565	0.032744102423991346	0.031859733250145565	0.031859733250145565	0.032744102423991346	0.031859733250145565	0.047571534139032826	0.08390221026932751	0.06730604020659446	0.06730604020659446	0.06548820484798269	0.06548820484798269	0.08075176803539522	0.1000501426305858	0.09823230727197403
UP000000562	0.01889880309501728	0.005806058602557434	0.024704861697574715	0.024704861697574715	0.024704861697574715	0.08041467519918653	0.024704861697574715	0.08041467519918653	0.08041467519918653	0.024704861697574715	0.08041467519918653	0.1419305473033558	0.02098563098743646	0.015179572384879029	0.015179572384879029	0.04940972339514943	0.04940972339514943	0.12401833999177854	0.03988443408245374	0.07411458509272414
UP000000566	0.017882408544130996	0.014879232357696509	0.03276164090182751	0.03276164090182751	0.03276164090182751	0.03937414465333948	0.03276164090182751	0.03937414465333948	0.03937414465333948	0.03276164090182751	0.03937414465333948	0.060865880762547966	0.0693985177430751	0.0545192853853786	0.0545192853853786	0.06552328180365502	0.06552328180365502	0.090018194099298	0.0872809262872061	0.09828492270548253
UP000000577	0.012063291286459362	0.01868758043141533	0.03075087171787469	0.03075087171787469	0.03075087171787469	0.019850441538256033	0.03075087171787469	0.019850441538256033	0.019850441538256033	0.03075087171787469	0.019850441538256033	0.0276375917900527	0.11396164368958334	0.095274063258168	0.095274063258168	0.06150174343574938	0.06150174343574938	0.06266460454259008	0.1260249349760427	0.09225261515362407
UP000000579	0.019506609438366233	0.012117811066202529	0.03162442050456876	0.03162442050456876	0.03162442050456876	0.05090731454114036	0.03162442050456876	0.05090731454114036	0.05090731454114036	0.03162442050456876	0.05090731454114036	0.08230801964391449	0.051408980960523425	0.039291169894320896	0.039291169894320896	0.06324884100913752	0.06324884100913752	0.10203834448407537	0.07091559039888966	0.09487326151370629
UP000000580	0.008281076108331753	0.018793878467679704	0.02707495457601146	0.02707495457601146	0.02707495457601146	0.011929935582969476	0.02707495457601146	0.011929935582969476	0.011929935582969476	0.02707495457601146	0.011929935582969476	0.015578795057607198	0.1416869419205202	0.1228930634528405	0.1228930634528405	0.05414990915202292	0.05414990915202292	0.047285966267312685	0.14996801802885193	0.08122486372803438
UP000000582	0.014842939308591227	0.017507098046652424	0.03235003735524365	0.03235003735524365	0.03235003735524365	0.02742714068402415	0.03235003735524365	0.02742714068402415	0.02742714068402415	0.03235003735524365	0.02742714068402415	0.040011342059457077	0.09382018725578335	0.07631308920913092	0.07631308920913092	0.0647000747104873	0.0647000747104873	0.07462011734785903	0.10866312656437457	0.09705011206573096
UP000000584	0.017381537932464143	0.015452024221902365	0.03283356215436651	0.03283356215436651	0.03283356215436651	0.03693353038077101	0.03283356215436651	0.03693353038077101	0.03693353038077101	0.03283356215436651	0.03693353038077101	0.05648552282907789	0.07382948192120309	0.05837745769930071	0.05837745769930071	0.06566712430873302	0.06566712430873302	0.08714863046760166	0.09121101985366722	0.09850068646309952
UP000000585	0.01931613239499221	0.012578148628363702	0.03189428102335591	0.03189428102335591	0.03189428102335591	0.04897971657776282	0.03189428102335591	0.04897971657776282	0.04897971657776282	0.03189428102335591	0.04897971657776282	0.07864330076053344	0.05411555362260321	0.04153740499423951	0.04153740499423951	0.06378856204671182	0.06378856204671182	0.10019012999611095	0.07343168601759542	0.09568284307006773
UP000000586	0.01923456839977369	0.012755717325942783	0.03199028572571647	0.03199028572571647	0.03199028572571647	0.048238709215368936	0.03199028572571647	0.048238709215368936	0.048238709215368936	0.03199028572571647	0.048238709215368936	0.07724285003096419	0.05518547539612468	0.0424297580701819	0.0424297580701819	0.06398057145143295	0.06398057145143295	0.09946356334085911	0.07442004379589837	0.09597085717714941
UP000000588	0.01680738924866929	0.016025296208933604	0.03283268545760289	0.03283268545760289	0.03283268545760289	0.034435040536562836	0.03283268545760289	0.034435040536562836	0.034435040536562836	0.03283268545760289	0.034435040536562836	0.052062691824456386	0.07863508075170438	0.06260978454277077	0.06260978454277077	0.06566537091520579	0.06566537091520579	0.08407511524283502	0.09544247000037367	0.09849805637280869
UP000000593	0.018749004025838793	0.013656715815698434	0.03240571984153723	0.03240571984153723	0.03240571984153723	0.04448909825529036	0.03240571984153723	0.04448909825529036	0.04448909825529036	0.03240571984153723	0.04448909825529036	0.07022919248474194	0.060865165509251154	0.04720844969355271	0.04720844969355271	0.06481143968307446	0.06481143968307446	0.09564382212266638	0.07961416953508994	0.09721715952461168
UP000000594	0.019874482505020167	0.010865019573462652	0.03073950207848282	0.03073950207848282	0.03073950207848282	0.05622923107879276	0.03073950207848282	0.05622923107879276	0.05622923107879276	0.03073950207848282	0.05622923107879276	0.09258397965256535	0.04447447749789909	0.03360945792443644	0.03360945792443644	0.06147900415696564	0.06147900415696564	0.10684321566229575	0.06434896000291926	0.09221850623544846
UP000000601	0.019635409110570424	0.007233714324447375	0.026869123435017798	0.026869123435017798	0.026869123435017798	0.07293434706232955	0.026869123435017798	0.07293434706232955	0.07293434706232955	0.026869123435017798	0.07293434706232955	0.1262332850140887	0.02703096550294207	0.019797251178494693	0.019797251178494693	0.053738246870035596	0.053738246870035596	0.11943887960791778	0.046666374613512494	0.0806073703050534
UP000000602	0.01752715682783413	0.015293264797052087	0.032820421624886215	0.032820421624886215	0.032820421624886215	0.03761451100264109	0.032820421624886215	0.03761451100264109	0.03761451100264109	0.032820421624886215	0.03761451100264109	0.057701865177448054	0.07256797324984386	0.05727470845279179	0.05727470845279179	0.06564084324977243	0.06564084324977243	0.08796208945536144	0.090095130077678	0.09846126487465864
UP000000605	0.009008152932529018	0.018916673323942344	0.027924826256471358	0.027924826256471358	0.027924826256471358	0.013297851119214185	0.027924826256471358	0.013297851119214185	0.013297851119214185	0.027924826256471358	0.013297851119214185	0.017587549305899355	0.13619816707256435	0.11728149374862201	0.11728149374862201	0.055849652512942716	0.055849652512942716	0.05023083030821456	0.14520632000509334	0.08377447876941409
UP000000606	0.01766686544640212	0.015135184369086447	0.032802049815488565	0.032802049815488565	0.032802049815488565	0.03828888940659762	0.032802049815488565	0.03828888940659762	0.03828888940659762	0.032802049815488565	0.03828888940659762	0.058910913366793126	0.07133814500718688	0.05620296063810044	0.05620296063810044	0.06560409963097713	0.06560409963097713	0.08875780466848832	0.08900501045358901	0.09840614944646571
UP000000609	0.01945137926676087	0.012259009488413207	0.031710388755174075	0.031710388755174075	0.031710388755174075	0.05031489688920695	0.031710388755174075	0.05031489688920695	0.05031489688920695	0.031710388755174075	0.05031489688920695	0.08117841451165303	0.05222922972829493	0.03997022023988172	0.03997022023988172	0.06342077751034815	0.06342077751034815	0.10147666491114189	0.0716806089950558	0.09513116626552223
UP000000625	0.016130272152680786	0.01661033215368482	0.032740604306365606	0.032740604306365606	0.032740604306365606	0.031794358656925065	0.032740604306365606	0.031794358656925065	0.031794358656925065	0.032740604306365606	0.031794358656925065	0.047458445161169344	0.08404035531677369	0.06743002316308885	0.06743002316308885	0.06548120861273121	0.06548120861273121	0.08066523511597144	0.10017062746945447	0.09822181291909682
UP000000628	0.013106996443462613	0.018354424968356518	0.03146142141181913	0.03146142141181913	0.03146142141181913	0.022466775137980014	0.03146142141181913	0.022466775137980014	0.022466775137980014	0.03146142141181913	0.022466775137980014	0.03182655383249742	0.10646863194048062	0.08811420697212409	0.08811420697212409	0.06292284282363826	0.06292284282363826	0.06703519299326177	0.11957562838394324	0.0943842642354574
UP000000636	0.012329217385263363	0.018614817835220693	0.030944035220484056	0.030944035220484056	0.030944035220484056	0.02049527104631323	0.030944035220484056	0.02049527104631323	0.02049527104631323	0.030944035220484056	0.02049527104631323	0.0286613247073631	0.11205425696855215	0.09343943913333146	0.09343943913333146	0.06188807044096811	0.06188807044096811	0.06376852365206065	0.12438347435381553	0.09283210566145217
UP000000639	0.019078866747631634	0.01307020069087491	0.03214906743850655	0.03214906743850655	0.03214906743850655	0.04692871886413483	0.03214906743850655	0.04692871886413483	0.04692871886413483	0.03214906743850655	0.04692871886413483	0.07477857098063802	0.05711838961152068	0.04404818892064576	0.04404818892064576	0.0642981348770131	0.0642981348770131	0.098156653050273	0.07619725635915231	0.09644720231551963
UP000000640	0.00735916277943476	0.018524599666637186	0.025883762446071944	0.025883762446071944	0.025883762446071944	0.010282695691822347	0.025883762446071944	0.010282695691822347	0.010282695691822347	0.025883762446071944	0.010282695691822347	0.013206228604209934	0.148834623116519	0.1303100234498818	0.1303100234498818	0.05176752489214389	0.05176752489214389	0.04352562091732905	0.15619378589595376	0.07765128733821584
UP000000643	0.019400181065163762	0.012383893475549685	0.03178407454071345	0.03178407454071345	0.03178407454071345	0.049791836654274266	0.03178407454071345	0.049791836654274266	0.049791836654274266	0.03178407454071345	0.049791836654274266	0.08018349224338478	0.05296192643400687	0.04057803295845718	0.04057803295845718	0.0635681490814269	0.0635681490814269	0.10097609226015149	0.07236210749917063	0.09535222362214035
UP000000644	0.011521411400020552	0.018810297802370046	0.0303317092023906	0.0303317092023906	0.0303317092023906	0.018578339580700303	0.0303317092023906	0.018578339580700303	0.018578339580700303	0.0303317092023906	0.018578339580700303	0.025635267761380056	0.11785171957658727	0.09904142177421722	0.09904142177421722	0.0606634184047812	0.0606634184047812	0.06043146018311145	0.12937313097660783	0.0909951276071718
UP000000647	0.00893348743618414	0.018907479024842466	0.027840966461026604	0.027840966461026604	0.027840966461026604	0.013154420203984727	0.027840966461026604	0.013154420203984727	0.013154420203984727	0.027840966461026604	0.013154420203984727	0.017375352971785316	0.1367567496828088	0.11784927065796633	0.11784927065796633	0.05568193292205321	0.05568193292205321	0.049928874101195474	0.14569023711899293	0.08352289938307982
UP000000657	0.007125819591690747	0.018434533551045466	0.025560353142736213	0.025560353142736213	0.025560353142736213	0.009880286077795244	0.025560353142736213	0.009880286077795244	0.009880286077795244	0.025560353142736213	0.009880286077795244	0.012634752563899744	0.1506840752418816	0.13224954169083614	0.13224954169083614	0.051120706285472425	0.051120706285472425	0.04256645881222221	0.15780989483357236	0.07668105942820864
UP000000669	0.018266455977560287	0.004999075407531169	0.023265531385091454	0.023265531385091454	0.023265531385091454	0.08501148116311358	0.023265531385091454	0.08501148116311358	0.08501148116311358	0.023265531385091454	0.08501148116311358	0.15175650634866686	0.01773347182610666	0.012734396418575489	0.012734396418575489	0.04653106277018291	0.04653106277018291	0.1265434685257653	0.03599992780366695	0.06979659415527438
UP000000684	0.018761283321315478	0.01363644822309178	0.03239773154440726	0.03239773154440726	0.03239773154440726	0.04457341167792247	0.03239773154440726	0.04457341167792247	0.04457341167792247	0.03239773154440726	0.04457341167792247	0.07038554003452945	0.06073237243942732	0.04709592421633555	0.04709592421633555	0.06479546308881452	0.06479546308881452	0.0957324265436452	0.0794936557607428	0.09719319463322176
UP000000686	0.01075565181823078	0.018924838751237624	0.029680490569468403	0.029680490569468403	0.029680490569468403	0.01686846723270535	0.029680490569468403	0.01686846723270535	0.01686846723270535	0.029680490569468403	0.01686846723270535	0.022981282647179923	0.12337197177068736	0.10444713301944974	0.10444713301944974	0.05936098113893681	0.05936098113893681	0.057304609620404526	0.13412762358891814	0.0890414717084052
UP000000718	0.019978840718615366	0.010214220014493602	0.03019306073310897	0.03019306073310897	0.03019306073310897	0.059057113547418605	0.03019306073310897	0.059057113547418605	0.059057113547418605	0.03019306073310897	0.059057113547418605	0.09813538637622184	0.041086738553729046	0.030872518539235446	0.030872518539235446	0.06038612146621794	0.06038612146621794	0.10922901499914295	0.06106557927234441	0.09057918219932692
UP000000719	0.01951158302350867	0.012104732329271235	0.03161631535277991	0.03161631535277991	0.03161631535277991	0.05096224725361906	0.03161631535277991	0.05096224725361906	0.05096224725361906	0.03161631535277991	0.05096224725361906	0.08241291148372944	0.05133343398019542	0.03922870165092419	0.03922870165092419	0.06323263070555982	0.06323263070555982	0.10209014562990762	0.0708450170037041	0.09484894605833971
UP000000723	0.019967694869919204	0.010306518795216966	0.03027421366513617	0.03027421366513617	0.03027421366513617	0.058652807306063016	0.03027421366513617	0.058652807306063016	0.058652807306063016	0.03027421366513617	0.058652807306063016	0.09733791974220683	0.04155917506654177	0.0312526562713248	0.0312526562713248	0.06054842733027234	0.06054842733027234	0.1088947158411184	0.06152686993646097	0.09082264099540852
UP000000738	0.0067468487731614	0.01826785371119168	0.02501470248435308	0.02501470248435308	0.02501470248435308	0.009238655916330166	0.02501470248435308	0.009238655916330166	0.009238655916330166	0.02501470248435308	0.009238655916330166	0.011730463059498932	0.15372810811349188	0.13546025440230022	0.13546025440230022	0.05002940496870616	0.05002940496870616	0.041000207173844644	0.16047495688665328	0.07504410745305924
UP000000739	0.014604858507292231	0.017646289212969415	0.03225114772026165	0.03225114772026165	0.03225114772026165	0.026692492878673653	0.03225114772026165	0.026692492878673653	0.026692492878673653	0.03225114772026165	0.026692492878673653	0.03878012725005507	0.09558105042106697	0.07793476120809757	0.07793476120809757	0.0645022954405233	0.0645022954405233	0.07354849910622753	0.1101859089283592	0.09675344316078494
UP000000742	0.01889709793646712	0.013404806130514377	0.0323019040669815	0.0323019040669815	0.0323019040669815	0.04553682005878379	0.0323019040669815	0.04553682005878379	0.04553682005878379	0.0323019040669815	0.04553682005878379	0.07217654218110045	0.05923202924383353	0.04582722311331915	0.04582722311331915	0.064603808133963	0.064603808133963	0.0967358220622324	0.07812912718030066	0.09690571220094449
UP000000746	0.016131739863273452	0.01660915726848172	0.032740897131755174	0.032740897131755174	0.032740897131755174	0.03179978531613671	0.032740897131755174	0.03179978531613671	0.03179978531613671	0.032740897131755174	0.03179978531613671	0.04746783076899997	0.08402887940404015	0.06741972213555843	0.06741972213555843	0.06548179426351035	0.06548179426351035	0.08067242231116534	0.10016061926731361	0.09822269139526553
UP000000747	0.016087262955656618	0.01664459212512756	0.032731855080784175	0.032731855080784175	0.032731855080784175	0.03163585840689291	0.032731855080784175	0.03163585840689291	0.03163585840689291	0.032731855080784175	0.03163585840689291	0.047184453858129194	0.08437623532884242	0.06773164320371487	0.06773164320371487	0.06546371016156835	0.06546371016156835	0.08045497644333371	0.10046349828449905	0.09819556524235254
