	M	W	C	D	E	F	H	K	N	Q	Y	I	A	G	P	T	V	L	R	S
Start	32383.0	228.0	333.0	2144.0	2259.0	1143.0	423.0	2669.0	2302.0	760.0	791.0	1753.0	3755.0	1315.0	983.0	2469.0	1039.0	1617.0	1204.0	4257.0
M	11326.0	4823.0	7208.0	24920.0	27405.0	16826.0	9195.0	28951.0	23923.0	15761.0	16421.0	25470.0	27653.0	23170.0	16613.0	24999.0	25193.0	34733.0	23816.0	30248.0
W	4823.0	3282.0	4164.0	13411.0	13554.0	7867.0	5068.0	14409.0	11911.0	7707.0	8287.0	11509.0	13929.0	14443.0	10278.0	12728.0	13235.0	17200.0	13330.0	15999.0
C	7208.0	4164.0	8974.0	18017.0	17900.0	14872.0	8094.0	20038.0	17541.0	9822.0	14024.0	20694.0	19595.0	18146.0	14344.0	18345.0	21380.0	27927.0	17730.0	23130.0
D	24920.0	13411.0	18017.0	71254.0	65388.0	49328.0	20686.0	59550.0	55459.0	30724.0	47104.0	81423.0	63000.0	57482.0	42204.0	62082.0	77917.0	103513.0	47242.0	71932.0
E	27405.0	13554.0	17900.0	65388.0	79078.0	49695.0	20857.0	64648.0	51819.0	36230.0	44419.0	81305.0	71114.0	57300.0	43699.0	63640.0	77545.0	109757.0	53359.0	67678.0
F	16826.0	7867.0	14872.0	49328.0	49695.0	33430.0	17679.0	54856.0	48935.0	26991.0	30668.0	47792.0	45468.0	44742.0	33748.0	45480.0	48050.0	61245.0	40965.0	57918.0
H	9195.0	5068.0	8094.0	20686.0	20857.0	17679.0	11424.0	22470.0	19896.0	13087.0	16993.0	25831.0	24028.0	21203.0	17878.0	21868.0	25676.0	37077.0	21538.0	25036.0
K	28951.0	14409.0	20038.0	59550.0	64648.0	54856.0	22470.0	87748.0	64307.0	36532.0	51521.0	91862.0	67147.0	59643.0	41693.0	66543.0	75067.0	113178.0	53952.0	73203.0
N	23923.0	11911.0	17541.0	55459.0	51819.0	48935.0	19896.0	64307.0	64686.0	31227.0	46412.0	84342.0	53467.0	48131.0	39357.0	64230.0	66046.0	95957.0	43331.0	69802.0
Q	15761.0	7707.0	9822.0	30724.0	36230.0	26991.0	13087.0	36532.0	31227.0	28674.0	24217.0	43474.0	44852.0	32819.0	27858.0	37416.0	42385.0	62090.0	33173.0	39838.0
Y	16421.0	8287.0	14024.0	47104.0	44419.0	30668.0	16993.0	51521.0	46412.0	24217.0	34018.0	48502.0	41000.0	41119.0	31252.0	42332.0	44345.0	60091.0	37357.0	51713.0
I	25470.0	11509.0	20694.0	81423.0	81305.0	47792.0	25831.0	91862.0	84342.0	43474.0	48502.0	74102.0	69609.0	68311.0	48045.0	70719.0	65370.0	91174.0	59256.0	90875.0
A	27653.0	13929.0	19595.0	63000.0	71114.0	45468.0	24028.0	67147.0	53467.0	44852.0	41000.0	69609.0	107820.0	72847.0	52504.0	71973.0	82496.0	107642.0	69504.0	80921.0
G	23170.0	14443.0	18146.0	57482.0	57300.0	44742.0	21203.0	59643.0	48131.0	32819.0	41119.0	68311.0	72847.0	78302.0	50723.0	65155.0	76981.0	89969.0	56903.0	75030.0
P	16613.0	10278.0	14344.0	42204.0	43699.0	33748.0	17878.0	41693.0	39357.0	27858.0	31252.0	48045.0	52504.0	50723.0	62106.0	54041.0	53862.0	68816.0	42116.0	59954.0
T	24999.0	12728.0	18345.0	62082.0	63640.0	45480.0	21868.0	66543.0	64230.0	37416.0	42332.0	70719.0	71973.0	65155.0	54041.0	81410.0	71944.0	94882.0	53219.0	83692.0
V	25193.0	13235.0	21380.0	77917.0	77545.0	48050.0	25676.0	75067.0	66046.0	42385.0	44345.0	65370.0	82496.0	76981.0	53862.0	71944.0	80576.0	93155.0	64493.0	85714.0
L	34733.0	17200.0	27927.0	103513.0	109757.0	61245.0	37077.0	113178.0	95957.0	62090.0	60091.0	91174.0	107642.0	89969.0	68816.0	94882.0	93155.0	131190.0	92382.0	118450.0
R	23816.0	13330.0	17730.0	47242.0	53359.0	40965.0	21538.0	53952.0	43331.0	33173.0	37357.0	59256.0	69504.0	56903.0	42116.0	53219.0	64493.0	92382.0	70062.0	63125.0
S	30248.0	15999.0	23130.0	71932.0	67678.0	57918.0	25036.0	73203.0	69802.0	39838.0	51713.0	90875.0	80921.0	75030.0	59954.0	83692.0	85714.0	118450.0	63125.0	111802.0
End	1160.0	827.0	1147.0	3348.0	4403.0	2962.0	1248.0	6045.0	3781.0	2308.0	2503.0	3862.0	3429.0	3500.0	2067.0	2923.0	4163.0	5841.0	3907.0	4404.0
