	M	W	C	D	E	F	H	K	N	Q	Y	I	A	G	P	T	V	L	R	S
Start	8.0	0.0	0.0	1.0	1.0	0.0	0.0	0.0	0.0	0.0	0.0	0.0	2.0	0.0	0.0	0.0	0.0	0.0	0.0	1.0
M	6.0	3.0	3.0	10.0	13.0	7.0	4.0	12.0	9.0	8.0	6.0	10.0	11.0	11.0	7.0	11.0	11.0	16.0	10.0	14.0
W	3.0	2.0	2.0	7.0	7.0	5.0	3.0	7.0	6.0	5.0	4.0	5.0	6.0	7.0	6.0	7.0	7.0	10.0	7.0	10.0
C	3.0	2.0	4.0	7.0	8.0	6.0	4.0	10.0	6.0	5.0	5.0	8.0	9.0	9.0	7.0	9.0	9.0	13.0	8.0	10.0
D	10.0	7.0	7.0	24.0	24.0	18.0	8.0	21.0	17.0	14.0	16.0	27.0	23.0	23.0	18.0	24.0	29.0	41.0	16.0	31.0
E	13.0	7.0	8.0	24.0	36.0	20.0	10.0	28.0	19.0	18.0	15.0	33.0	30.0	24.0	21.0	26.0	30.0	50.0	22.0	30.0
F	7.0	5.0	6.0	18.0	20.0	14.0	8.0	20.0	16.0	12.0	10.0	16.0	19.0	20.0	15.0	17.0	17.0	25.0	18.0	27.0
H	4.0	3.0	4.0	8.0	10.0	8.0	4.0	10.0	8.0	7.0	7.0	11.0	11.0	10.0	9.0	10.0	12.0	17.0	9.0	12.0
K	12.0	7.0	10.0	21.0	28.0	20.0	10.0	36.0	18.0	18.0	16.0	33.0	26.0	26.0	20.0	25.0	31.0	49.0	26.0	31.0
N	9.0	6.0	6.0	17.0	19.0	16.0	8.0	18.0	16.0	13.0	12.0	22.0	19.0	18.0	17.0	24.0	24.0	33.0	18.0	27.0
Q	8.0	5.0	5.0	14.0	18.0	12.0	7.0	18.0	13.0	14.0	10.0	20.0	20.0	16.0	14.0	19.0	20.0	31.0	16.0	20.0
Y	6.0	4.0	5.0	16.0	15.0	10.0	7.0	16.0	12.0	10.0	10.0	14.0	15.0	16.0	13.0	16.0	16.0	23.0	15.0	20.0
I	10.0	5.0	8.0	27.0	33.0	16.0	11.0	33.0	22.0	20.0	14.0	24.0	27.0	31.0	22.0	27.0	25.0	36.0	27.0	35.0
A	11.0	6.0	9.0	23.0	30.0	19.0	11.0	26.0	19.0	20.0	15.0	27.0	36.0	28.0	21.0	30.0	31.0	45.0	27.0	34.0
G	11.0	7.0	9.0	23.0	24.0	20.0	10.0	26.0	18.0	16.0	16.0	31.0	28.0	36.0	25.0	29.0	31.0	43.0	26.0	35.0
P	7.0	6.0	7.0	18.0	21.0	15.0	9.0	20.0	17.0	14.0	13.0	22.0	21.0	25.0	26.0	26.0	26.0	33.0	19.0	29.0
T	11.0	7.0	9.0	24.0	26.0	17.0	10.0	25.0	24.0	19.0	16.0	27.0	30.0	29.0	26.0	36.0	29.0	41.0	24.0	37.0
V	11.0	7.0	9.0	29.0	30.0	17.0	12.0	31.0	24.0	20.0	16.0	25.0	31.0	31.0	26.0	29.0	32.0	38.0	26.0	37.0
L	16.0	10.0	13.0	41.0	50.0	25.0	17.0	49.0	33.0	31.0	23.0	36.0	45.0	43.0	33.0	41.0	38.0	60.0	42.0	57.0
R	10.0	7.0	8.0	16.0	22.0	18.0	9.0	26.0	18.0	16.0	15.0	27.0	27.0	26.0	19.0	24.0	26.0	42.0	32.0	28.0
S	14.0	10.0	10.0	31.0	30.0	27.0	12.0	31.0	27.0	20.0	20.0	35.0	34.0	35.0	29.0	37.0	37.0	57.0	28.0	50.0
End	0.0	0.0	0.0	1.0	1.0	1.0	0.0	1.0	1.0	1.0	1.0	1.0	1.0	1.0	1.0	1.0	1.0	2.0	1.0	1.0
