Proteome_ID	M	W	C	D	E	F	H	K	N	Q	Y	I	A	G	P	T	V	L	R	S
UP000000231	0.039303594695156686	0.032153006864039574	0.032153006864039574	0.032153006864039574	0.032153006864039574	0.039303594695156686	0.032153006864039574	0.04412617617744068	0.039303594695156686	0.032153006864039574	0.039303594695156686	0.039303594695156686	0.0526066818273175	0.0526066818273175	0.0526066818273175	0.06430601372807915	0.06430601372807915	0.10360960842323583	0.0574292633096015	0.1189668644915903
UP000000233	0.01662905437869253	0.029340473338347977	0.029340473338347977	0.029340473338347977	0.029340473338347977	0.01662905437869253	0.029340473338347977	0.0228713299212885	0.01662905437869253	0.029340473338347977	0.01662905437869253	0.01662905437869253	0.10353726148389616	0.10353726148389616	0.10353726148389616	0.058680946676695954	0.058680946676695954	0.07531000105538849	0.10977953702649214	0.10487734226819996
UP000000235	0.01180340536296956	0.026833891613417354	0.026833891613417354	0.026833891613417354	0.026833891613417354	0.01180340536296956	0.026833891613417354	0.018015518144053354	0.01180340536296956	0.026833891613417354	0.01180340536296956	0.01180340536296956	0.12200847416113386	0.12200847416113386	0.12200847416113386	0.05366778322683471	0.05366778322683471	0.06547118858980427	0.12822058694221766	0.09491134089150183
UP000000238	0.027949602967159443	0.03197825290260835	0.03197825290260835	0.03197825290260835	0.03197825290260835	0.027949602967159443	0.03197825290260835	0.03363760144389154	0.027949602967159443	0.03197825290260835	0.027949602967159443	0.027949602967159443	0.0731751831970376	0.0731751831970376	0.0731751831970376	0.0639565058052167	0.0639565058052167	0.09190610877237614	0.07886318167376971	0.1165370146569692
UP000000239	0.01638251588077383	0.029239439781162724	0.029239439781162724	0.029239439781162724	0.029239439781162724	0.01638251588077383	0.029239439781162724	0.022629105023447966	0.01638251588077383	0.029239439781162724	0.01638251588077383	0.01638251588077383	0.10437283808399493	0.10437283808399493	0.10437283808399493	0.05847887956232545	0.05847887956232545	0.07486139544309926	0.11061942722666908	0.10446458083930261
UP000000245	0.013424073750449154	0.027813469075395014	0.027813469075395014	0.027813469075395014	0.027813469075395014	0.013424073750449154	0.027813469075395014	0.019677186884719405	0.013424073750449154	0.027813469075395014	0.013424073750449154	0.013424073750449154	0.11525399463513393	0.11525399463513393	0.11525399463513393	0.05562693815079003	0.05562693815079003	0.06905101190123918	0.1215071077694042	0.09874765003303952
UP000000247	0.06051099320806233	0.0290522341142381	0.0290522341142381	0.0290522341142381	0.0290522341142381	0.06051099320806233	0.0290522341142381	0.06365228356521298	0.06051099320806233	0.0290522341142381	0.06051099320806233	0.06051099320806233	0.027896825428938524	0.027896825428938524	0.027896825428938524	0.0581044682284762	0.0581044682284762	0.11861546143653852	0.031038115786089168	0.10992635574265111
UP000000248	0.04019894702891358	0.0320980985289332	0.0320980985289332	0.0320980985289332	0.0320980985289332	0.04019894702891358	0.0320980985289332	0.04494920075054845	0.04019894702891358	0.0320980985289332	0.04019894702891358	0.04019894702891358	0.05125944858366845	0.05125944858366845	0.05125944858366845	0.0641961970578664	0.0641961970578664	0.10439514408677998	0.05600970230530334	0.11889188667246305
UP000000260	0.024391897771769436	0.03149511150663744	0.03149511150663744	0.03149511150663744	0.03149511150663744	0.024391897771769436	0.03149511150663744	0.030308252106602804	0.024391897771769436	0.03149511150663744	0.024391897771769436	0.024391897771769436	0.08133373287285374	0.08133373287285374	0.08133373287285374	0.06299022301327488	0.06299022301327488	0.08738212078504431	0.08725008720768711	0.114147737356883
UP000000263	0.02002187768685006	0.03050380052848571	0.03050380052848571	0.03050380052848571	0.03050380052848571	0.02002187768685006	0.03050380052848571	0.026160550664947897	0.02002187768685006	0.03050380052848571	0.02002187768685006	0.02002187768685006	0.09294651193406954	0.09294651193406954	0.09294651193406954	0.06100760105697142	0.06100760105697142	0.08102947874382146	0.09908518491216738	0.10973785615774716
UP000000268	0.03646227366401842	0.032268879266046886	0.032268879266046886	0.032268879266046886	0.032268879266046886	0.03646227366401842	0.032268879266046886	0.04151229113400143	0.03646227366401842	0.032268879266046886	0.03646227366401842	0.03646227366401842	0.05711550402378026	0.05711550402378026	0.05711550402378026	0.06453775853209377	0.06453775853209377	0.1010000321961122	0.06216552149376327	0.11897548212422152
UP000000269	0.05299777819422522	0.030523583360581162	0.030523583360581162	0.030523583360581162	0.030523583360581162	0.05299777819422522	0.030523583360581162	0.05671614486444518	0.05299777819422522	0.030523583360581162	0.05299777819422522	0.05299777819422522	0.035159554717781226	0.035159554717781226	0.035159554717781226	0.061047166721162324	0.061047166721162324	0.11404494491538754	0.03887792138800118	0.11465760010188474
UP000000270	0.01344838048409503	0.027826974483700247	0.027826974483700247	0.027826974483700247	0.027826974483700247	0.01344838048409503	0.027826974483700247	0.0197018337414579	0.01344838048409503	0.027826974483700247	0.01344838048409503	0.01344838048409503	0.11515743621803272	0.11515743621803272	0.11515743621803272	0.055653948967400495	0.055653948967400495	0.06910232945149553	0.12141088947539558	0.09880099142007524
UP000000272	0.03623285272614104	0.032274147228986964	0.032274147228986964	0.032274147228986964	0.032274147228986964	0.03623285272614104	0.032274147228986964	0.041301048093235336	0.03623285272614104	0.032274147228986964	0.03623285272614104	0.03623285272614104	0.057495918813305326	0.057495918813305326	0.057495918813305326	0.06454829445797393	0.06454829445797393	0.10078114718411496	0.06256411418039962	0.11896019818175925
UP000000276	0.028857367161235277	0.03206278016367852	0.03206278016367852	0.03206278016367852	0.03206278016367852	0.028857367161235277	0.03206278016367852	0.034482336441876746	0.028857367161235277	0.03206278016367852	0.028857367161235277	0.028857367161235277	0.07124848681312416	0.07124848681312416	0.07124848681312416	0.06412556032735704	0.06412556032735704	0.09298292748859233	0.07687345609376563	0.11700118209343116
UP000000321	0.013970100798531969	0.028109087220685308	0.028109087220685308	0.028109087220685308	0.028109087220685308	0.013970100798531969	0.028109087220685308	0.02022909977619959	0.013970100798531969	0.028109087220685308	0.013970100798531969	0.013970100798531969	0.11311597471982777	0.11311597471982777	0.11311597471982777	0.056218174441370616	0.056218174441370616	0.07018827523990258	0.11937497369749542	0.09991835092740599
UP000000323	0.027582329630164895	0.03193984537418954	0.03193984537418954	0.03193984537418954	0.03193984537418954	0.027582329630164895	0.03193984537418954	0.03329534735536567	0.027582329630164895	0.03193984537418954	0.027582329630164895	0.027582329630164895	0.07397154165045326	0.07397154165045326	0.07397154165045326	0.06387969074837908	0.06387969074837908	0.09146202037854398	0.07968455937565405	0.1163333460463566
UP000000328	0.010201593341346163	0.025690024496333504	0.025690024496333504	0.025690024496333504	0.025690024496333504	0.010201593341346163	0.025690024496333504	0.016330947940767976	0.010201593341346163	0.025690024496333504	0.010201593341346163	0.010201593341346163	0.12938711366731023	0.12938711366731023	0.12938711366731023	0.05138004899266701	0.05138004899266701	0.06158164233401318	0.13551646826673203	0.09050138878649039
UP000000329	0.016768722966513605	0.029396622581366365	0.029396622581366365	0.029396622581366365	0.029396622581366365	0.016768722966513605	0.029396622581366365	0.023008334150585587	0.016768722966513605	0.029396622581366365	0.016768722966513605	0.016768722966513605	0.10306824448313576	0.10306824448313576	0.10306824448313576	0.05879324516273273	0.05879324516273273	0.07556196812924634	0.10930785566720774	0.10510726795732149
UP000000333	0.01578593667755706	0.02898449507480728	0.02898449507480728	0.02898449507480728	0.02898449507480728	0.01578593667755706	0.02898449507480728	0.022040816083890247	0.01578593667755706	0.02898449507480728	0.01578593667755706	0.01578593667755706	0.10643663051504607	0.10643663051504607	0.10643663051504607	0.05796899014961456	0.05796899014961456	0.07375492682717161	0.11269150992137926	0.10342822148656272
UP000000343	0.020245987019704263	0.03056725806721463	0.03056725806721463	0.03056725806721463	0.03056725806721463	0.020245987019704263	0.03056725806721463	0.026375342099922865	0.020245987019704263	0.03056725806721463	0.020245987019704263	0.020245987019704263	0.09230049044665903	0.09230049044665903	0.09230049044665903	0.06113451613442926	0.06113451613442926	0.08138050315413353	0.09842984552687764	0.11001032210842132
UP000000361	0.014053200108915533	0.028152682985471855	0.028152682985471855	0.028152682985471855	0.028152682985471855	0.014053200108915533	0.028152682985471855	0.02031278211638117	0.014053200108915533	0.028152682985471855	0.014053200108915533	0.014053200108915533	0.11279616786751046	0.11279616786751046	0.11279616786751046	0.05630536597094371	0.05630536597094371	0.07035856607985924	0.1190557498749761	0.10009156792695613
UP000000366	0.012377456099873136	0.027199458761219535	0.027199458761219535	0.027199458761219535	0.027199458761219535	0.012377456099873136	0.027199458761219535	0.018608450098098906	0.012377456099873136	0.027199458761219535	0.012377456099873136	0.012377456099873136	0.11954161678034385	0.11954161678034385	0.11954161678034385	0.05439891752243907	0.05439891752243907	0.0667763736223122	0.12577261077856963	0.09633584704842658
UP000000370	0.054039694725230625	0.030340385367190137	0.030340385367190137	0.030340385367190137	0.030340385367190137	0.054039694725230625	0.030340385367190137	0.05767617299996619	0.054039694725230625	0.030340385367190137	0.054039694725230625	0.054039694725230625	0.03406899276208584	0.03406899276208584	0.03406899276208584	0.060680770734380274	0.060680770734380274	0.11472046545961091	0.03770547103682141	0.11408858491928942
UP000000374	0.015436184934613626	0.028827881671310104	0.028827881671310104	0.028827881671310104	0.028827881671310104	0.015436184934613626	0.028827881671310104	0.02169443476250631	0.015436184934613626	0.028827881671310104	0.015436184934613626	0.015436184934613626	0.10767514967918572	0.10767514967918572	0.10767514967918572	0.05765576334262021	0.05765576334262021	0.07309194827723384	0.11393339950707841	0.10279502702945505
UP000000376	0.02797476781841034	0.031980794322337185	0.031980794322337185	0.031980794322337185	0.031980794322337185	0.02797476781841034	0.031980794322337185	0.033661041501612844	0.02797476781841034	0.031980794322337185	0.02797476781841034	0.02797476781841034	0.07312097902843316	0.07312097902843316	0.07312097902843316	0.06396158864467437	0.06396158864467437	0.09193635646308472	0.07880725271163566	0.11655062992294375
UP000000377	0.0109236445885642	0.026229704183217913	0.026229704183217913	0.026229704183217913	0.026229704183217913	0.0109236445885642	0.026229704183217913	0.01709623651080883	0.0109236445885642	0.026229704183217913	0.0109236445885642	0.0109236445885642	0.12596480523714096	0.12596480523714096	0.12596480523714096	0.052459408366435825	0.052459408366435825	0.06338305295500003	0.1321373971593856	0.09257363288838238
UP000000379	0.012685637394036449	0.02738705092065212	0.02738705092065212	0.02738705092065212	0.02738705092065212	0.012685637394036449	0.02738705092065212	0.01892472099997679	0.012685637394036449	0.02738705092065212	0.012685637394036449	0.012685637394036449	0.11825193087782769	0.11825193087782769	0.11825193087782769	0.05477410184130424	0.05477410184130424	0.0674597392353407	0.12449101448376805	0.0970700364707278
UP000000417	0.012224828428125003	0.027104351035445833	0.027104351035445833	0.027104351035445833	0.027104351035445833	0.012224828428125003	0.027104351035445833	0.01845129823224884	0.012224828428125003	0.027104351035445833	0.012224828428125003	0.012224828428125003	0.1201891461089979	0.1201891461089979	0.1201891461089979	0.054208702070891665	0.054208702070891665	0.06643353049901667	0.12641561591312175	0.09596446453353565
UP000000422	0.03400710908767337	0.03229107391549638	0.03229107391549638	0.03229107391549638	0.03229107391549638	0.03400710908767337	0.03229107391549638	0.03924965323887682	0.03400710908767337	0.03229107391549638	0.03400710908767337	0.03400710908767337	0.0613232634345861	0.0613232634345861	0.0613232634345861	0.06458214783099275	0.06458214783099275	0.09858925691866613	0.06656580758578955	0.1186792073595786
UP000000423	0.07380949705965176	0.02572525749613802	0.02572525749613802	0.02572525749613802	0.02572525749613802	0.07380949705965176	0.02572525749613802	0.07602577108439175	0.07380949705965176	0.02572525749613802	0.07380949705965176	0.07380949705965176	0.017932350161057382	0.017932350161057382	0.017932350161057382	0.05145051499227604	0.05145051499227604	0.12526001205192777	0.020148624185797385	0.09846848193507206
UP000000425	0.030408035724750506	0.03217459401524624	0.03217459401524624	0.03217459401524624	0.03217459401524624	0.030408035724750506	0.03217459401524624	0.03592183672856865	0.030408035724750506	0.03217459401524624	0.030408035724750506	0.030408035724750506	0.0680875614207016	0.0680875614207016	0.0680875614207016	0.06434918803049249	0.06434918803049249	0.094757223755243	0.07360136242451976	0.11767077405334868
UP000000428	0.01085801563745362	0.026182354469088256	0.026182354469088256	0.026182354469088256	0.026182354469088256	0.01085801563745362	0.026182354469088256	0.01702710163356352	0.01085801563745362	0.026182354469088256	0.01085801563745362	0.01085801563745362	0.12626905475810316	0.12626905475810316	0.12626905475810316	0.05236470893817651	0.05236470893817651	0.06322272457563013	0.1324381407542131	0.09239124588413322
UP000000429	0.048549000617782556	0.031220985967687055	0.031220985967687055	0.031220985967687055	0.031220985967687055	0.048549000617782556	0.031220985967687055	0.052622169848961654	0.048549000617782556	0.031220985967687055	0.048549000617782556	0.048549000617782556	0.04015530504813234	0.04015530504813234	0.04015530504813234	0.06244197193537411	0.06244197193537411	0.11099097255315667	0.04422847427931144	0.11673760540839002
UP000000430	0.04573826976877422	0.03158431675209253	0.03158431675209253	0.03158431675209253	0.03158431675209253	0.04573826976877422	0.03158431675209253	0.0500387340513001	0.04573826976877422	0.03158431675209253	0.04573826976877422	0.04573826976877422	0.04362076089627504	0.04362076089627504	0.04362076089627504	0.06316863350418506	0.06316863350418506	0.10890690327295928	0.04792122517880092	0.11773633844331835
UP000000431	0.04463170591137427	0.031709383192015585	0.031709383192015585	0.031709383192015585	0.031709383192015585	0.04463170591137427	0.031709383192015585	0.049022023952974544	0.04463170591137427	0.031709383192015585	0.04463170591137427	0.04463170591137427	0.04505698188703271	0.04505698188703271	0.04505698188703271	0.06341876638403117	0.06341876638403117	0.10805047229540544	0.04944729992863299	0.11805689668486177
UP000000432	0.039302614568595906	0.032153062323204924	0.032153062323204924	0.032153062323204924	0.032153062323204924	0.039302614568595906	0.032153062323204924	0.0441252750938766	0.039302614568595906	0.032153062323204924	0.039302614568595906	0.039302614568595906	0.052608175212137454	0.052608175212137454	0.052608175212137454	0.06430612464640985	0.06430612464640985	0.10360873921500575	0.057430835737418154	0.11896692824225828
UP000000439	0.020177010962040606	0.03054788767438216	0.03054788767438216	0.03054788767438216	0.03054788767438216	0.020177010962040606	0.03054788767438216	0.02630926202908436	0.020177010962040606	0.03054788767438216	0.020177010962040606	0.020177010962040606	0.0924986801189003	0.0924986801189003	0.0924986801189003	0.06109577534876432	0.06109577534876432	0.08127278631080492	0.09863093118594407	0.10992704856344113
UP000000440	0.027017681523593778	0.03187590539224125	0.03187590539224125	0.03187590539224125	0.03187590539224125	0.027017681523593778	0.03187590539224125	0.03276858128356927	0.027017681523593778	0.03187590539224125	0.027017681523593778	0.027017681523593778	0.07521543576474587	0.07521543576474587	0.07521543576474587	0.0637518107844825	0.0637518107844825	0.09076949230807627	0.08096633552472136	0.116001822049014
UP000000442	0.0338117184077273	0.03228948308419978	0.03228948308419978	0.03228948308419978	0.03228948308419978	0.0338117184077273	0.03228948308419978	0.03906936725682907	0.0338117184077273	0.03228948308419978	0.0338117184077273	0.0338117184077273	0.061671560449678094	0.061671560449678094	0.061671560449678094	0.06457896616839956	0.06457896616839956	0.09839068457612686	0.06692920929877987	0.11864263463859559
UP000000449	0.05287204043338367	0.030545203806771067	0.030545203806771067	0.030545203806771067	0.030545203806771067	0.05287204043338367	0.030545203806771067	0.056600324211699686	0.05287204043338367	0.030545203806771067	0.05287204043338367	0.05287204043338367	0.03529311401449431	0.03529311401449431	0.03529311401449431	0.06109040761354213	0.06109040761354213	0.11396244804692582	0.03902139779281032	0.11472424767045222
UP000000467	0.027033595690742436	0.03187779007923518	0.03187779007923518	0.03187779007923518	0.03187779007923518	0.027033595690742436	0.03187779007923518	0.032783437802778086	0.027033595690742436	0.03187779007923518	0.027033595690742436	0.027033595690742436	0.07518004722426004	0.07518004722426004	0.07518004722426004	0.06375558015847035	0.06375558015847035	0.09078917584921278	0.08092988933629568	0.11601147609286941
UP000000492	0.023215353732298466	0.03127582259609232	0.03127582259609232	0.03127582259609232	0.03127582259609232	0.023215353732298466	0.03127582259609232	0.02919905693571413	0.023215353732298466	0.03127582259609232	0.023215353732298466	0.023215353732298466	0.08426984058410843	0.08426984058410843	0.08426984058410843	0.06255164519218465	0.06255164519218465	0.08576699892448313	0.09025354378752408	0.11313588397753796
UP000000504	0.0397320599152242	0.032127783269557356	0.032127783269557356	0.032127783269557356	0.032127783269557356	0.0397320599152242	0.032127783269557356	0.04452005838590204	0.0397320599152242	0.032127783269557356	0.0397320599152242	0.0397320599152242	0.05195776207012824	0.05195776207012824	0.05195776207012824	0.06425556653911471	0.06425556653911471	0.10398762645433893	0.05674576054080608	0.11893513613687375
UP000000528	0.07123270462554769	0.026431773841432703	0.026431773841432703	0.026431773841432703	0.026431773841432703	0.07123270462554769	0.026431773841432703	0.07361719036478825	0.07123270462554769	0.026431773841432703	0.07123270462554769	0.07123270462554769	0.019615671539560738	0.019615671539560738	0.019615671539560738	0.05286354768286541	0.05286354768286541	0.12409625230841309	0.022000157278801304	0.10095812388724969
UP000000529	0.05435626684025907	0.030283315053400848	0.030283315053400848	0.030283315053400848	0.030283315053400848	0.05435626684025907	0.030283315053400848	0.05796797013598873	0.05435626684025907	0.030283315053400848	0.05435626684025907	0.05435626684025907	0.0337432728159432	0.0337432728159432	0.0337432728159432	0.060566630106801696	0.060566630106801696	0.11492289694706077	0.03735497611167285	0.11390985362214408
UP000000531	0.06117803169105528	0.028905806518586298	0.028905806518586298	0.028905806518586298	0.028905806518586298	0.06117803169105528	0.028905806518586298	0.06426976515141058	0.06117803169105528	0.028905806518586298	0.06117803169105528	0.06117803169105528	0.027315218466308046	0.027315218466308046	0.027315218466308046	0.057811613037172596	0.057811613037172596	0.11898964472822789	0.030406951926663345	0.10943975915363459
UP000000532	0.011889978575078874	0.026890412999779404	0.026890412999779404	0.026890412999779404	0.026890412999779404	0.011889978575078874	0.026890412999779404	0.018105270048717103	0.011889978575078874	0.026890412999779404	0.011889978575078874	0.011889978575078874	0.1216308854944944	0.1216308854944944	0.1216308854944944	0.05378082599955881	0.05378082599955881	0.06567080457463768	0.1278461769681326	0.09513106905184116
UP000000534	0.056566935743785136	0.029867109894512574	0.029867109894512574	0.029867109894512574	0.029867109894512574	0.056566935743785136	0.029867109894512574	0.060007108910362914	0.056566935743785136	0.029867109894512574	0.056566935743785136	0.056566935743785136	0.03153942287032572	0.03153942287032572	0.03153942287032572	0.05973421978902515	0.05973421978902515	0.11630115553281029	0.03497959603690348	0.11258809324489476
UP000000535	0.02903925831593672	0.03207798233622748	0.03207798233622748	0.03207798233622748	0.03207798233622748	0.02903925831593672	0.03207798233622748	0.034651406049174216	0.02903925831593672	0.03207798233622748	0.02903925831593672	0.02903925831593672	0.0708693686022008	0.0708693686022008	0.0708693686022008	0.06415596467245496	0.06415596467245496	0.09319522298839168	0.07648151633543832	0.1170876338784349
UP000000537	0.049477929399993	0.031087257636424677	0.031087257636424677	0.031087257636424677	0.031087257636424677	0.049477929399993	0.031087257636424677	0.05347642065452041	0.049477929399993	0.031087257636424677	0.049477929399993	0.049477929399993	0.0390645930043136	0.0390645930043136	0.0390645930043136	0.062174515272849354	0.062174515272849354	0.11165244467284235	0.04306308425884101	0.11635204803664388
UP000000545	0.018612405220112403	0.030068734413463957	0.030068734413463957	0.030068734413463957	0.030068734413463957	0.018612405220112403	0.030068734413463957	0.024803227073180636	0.018612405220112403	0.030068734413463957	0.018612405220112403	0.018612405220112403	0.09715335321094751	0.09715335321094751	0.09715335321094751	0.060137468826927915	0.060137468826927915	0.07874987404704031	0.10334417506401575	0.10789329394771936
UP000000546	0.04065702678100873	0.03206678345992989	0.03206678345992989	0.03206678345992989	0.03206678345992989	0.04065702678100873	0.03206678345992989	0.04537019476115755	0.04065702678100873	0.03206678345992989	0.04065702678100873	0.04065702678100873	0.05058306929351515	0.05058306929351515	0.05058306929351515	0.06413356691985977	0.06413356691985977	0.1047905937008685	0.05529623727366397	0.11884079787942191
UP000000549	0.06769263336551157	0.027356647258718524	0.027356647258718524	0.027356647258718524	0.027356647258718524	0.06769263336551157	0.027356647258718524	0.07031718820809069	0.06769263336551157	0.027356647258718524	0.06769263336551157	0.06769263336551157	0.02211130257548066	0.02211130257548066	0.02211130257548066	0.05471329451743705	0.05471329451743705	0.12240592788294863	0.024735857418059774	0.10417747934971588
UP000000555	0.05146302320223819	0.03078011173873446	0.03078011173873446	0.03078011173873446	0.03078011173873446	0.05146302320223819	0.03078011173873446	0.05530291929945836	0.05146302320223819	0.03078011173873446	0.05146302320223819	0.05146302320223819	0.036819262441145306	0.036819262441145306	0.036819262441145306	0.06156022347746892	0.06156022347746892	0.11302324667970712	0.040659158538365485	0.1154406547604975
UP000000556	0.01875851613954961	0.03011683305013311	0.03011683305013311	0.03011683305013311	0.03011683305013311	0.01875851613954961	0.03011683305013311	0.024944481375654474	0.01875851613954961	0.03011683305013311	0.01875851613954961	0.01875851613954961	0.09670526455525574	0.09670526455525574	0.09670526455525574	0.06023366610026622	0.06023366610026622	0.07899218223981583	0.1028912297913606	0.10809540172832269
UP000000557	0.018274327129538408	0.029954655548898573	0.029954655548898573	0.029954655548898573	0.029954655548898573	0.018274327129538408	0.029954655548898573	0.024475863627731582	0.018274327129538408	0.029954655548898573	0.018274327129538408	0.018274327129538408	0.09820130532771353	0.09820130532771353	0.09820130532771353	0.059909311097797145	0.059909311097797145	0.07818363822733555	0.1044028418259067	0.10741554919920793
UP000000558	0.03135344002138743	0.0322237554013447	0.0322237554013447	0.0322237554013447	0.0322237554013447	0.03135344002138743	0.0322237554013447	0.03679758502370284	0.03135344002138743	0.0322237554013447	0.03135344002138743	0.03135344002138743	0.0662364583571932	0.0662364583571932	0.0662364583571932	0.0644475108026894	0.0644475108026894	0.09580095082407683	0.07168060335950861	0.11800673160074797
UP000000562	0.07892312264468081	0.02424662942240287	0.02424662942240287	0.02424662942240287	0.02424662942240287	0.07892312264468081	0.02424662942240287	0.0808225780779783	0.07892312264468081	0.02424662942240287	0.07892312264468081	0.07892312264468081	0.014898017682197099	0.014898017682197099	0.014898017682197099	0.04849325884480574	0.04849325884480574	0.12741638148948656	0.016797473115494597	0.0931876068230165
UP000000566	0.03868240999434895	0.0321860763353659	0.0321860763353659	0.0321860763353659	0.0321860763353659	0.03868240999434895	0.0321860763353659	0.04355502010883757	0.03868240999434895	0.0321860763353659	0.03868240999434895	0.03868240999434895	0.05356147716842566	0.05356147716842566	0.05356147716842566	0.0643721526707318	0.0643721526707318	0.10305456266508076	0.058434087282914285	0.11899908511248636
UP000000577	0.019613834143735846	0.030384336614745187	0.030384336614745187	0.030384336614745187	0.030384336614745187	0.019613834143735846	0.030384336614745187	0.025768778731460548	0.019613834143735846	0.030384336614745187	0.019613834143735846	0.019613834143735846	0.09413844378948151	0.09413844378948151	0.09413844378948151	0.06076867322949037	0.06076867322949037	0.08038250737322622	0.10029338837720621	0.10922745728353134
UP000000579	0.0499332854440096	0.03101933838564349	0.03101933838564349	0.03101933838564349	0.03101933838564349	0.0499332854440096	0.03101933838564349	0.05389527089658653	0.0499332854440096	0.03101933838564349	0.0499332854440096	0.0499332854440096	0.038539396930409225	0.038539396930409225	0.038539396930409225	0.06203867677128698	0.06203867677128698	0.11197196221529658	0.04250138238298617	0.11615338263742009
UP000000580	0.011831954269156293	0.026852586265441795	0.026852586265441795	0.026852586265441795	0.026852586265441795	0.011831954269156293	0.026852586265441795	0.018045128655085313	0.011831954269156293	0.026852586265441795	0.011831954269156293	0.011831954269156293	0.1218837349672093	0.1218837349672093	0.1218837349672093	0.05370517253088359	0.05370517253088359	0.06553712680003988	0.12809690935313833	0.09498399628990913
UP000000582	0.027025995473457364	0.03187689060268145	0.03187689060268145	0.03187689060268145	0.03187689060268145	0.027025995473457364	0.03187689060268145	0.03277634276646803	0.027025995473457364	0.03187689060268145	0.027025995473457364	0.027025995473457364	0.07519694551072381	0.07519694551072381	0.07519694551072381	0.0637537812053629	0.0637537812053629	0.09077977667882028	0.08094729280373449	0.11600686782470447
UP000000584	0.036302536466140144	0.03227261448157522	0.03227261448157522	0.03227261448157522	0.03227261448157522	0.036302536466140144	0.03227261448157522	0.041365214083724386	0.036302536466140144	0.03227261448157522	0.036302536466140144	0.036302536466140144	0.05738010325795388	0.05738010325795388	0.05738010325795388	0.06454522896315044	0.06454522896315044	0.10084776542929058	0.06244278087553813	0.1189651026911324
UP000000585	0.04805154654295497	0.03128988152911588	0.03128988152911588	0.03128988152911588	0.03128988152911588	0.04805154654295497	0.03128988152911588	0.052164810403111224	0.04805154654295497	0.03128988152911588	0.04805154654295497	0.04805154654295497	0.04075026743336528	0.04075026743336528	0.04075026743336528	0.06257976305823176	0.06257976305823176	0.11063130960118674	0.044863531293521546	0.11693299839615102
UP000000586	0.04732836847469277	0.03138657843595523	0.03138657843595523	0.03138657843595523	0.03138657843595523	0.04732836847469277	0.03138657843595523	0.05150003406290949	0.04732836847469277	0.03138657843595523	0.04732836847469277	0.04732836847469277	0.041629041425466744	0.041629041425466744	0.041629041425466744	0.06277315687191046	0.06277315687191046	0.11010152534660322	0.045800707013683474	0.11720298256738745
UP000000588	0.033865844112332115	0.032289975274337204	0.032289975274337204	0.032289975274337204	0.032289975274337204	0.033865844112332115	0.032289975274337204	0.03911931242841601	0.033865844112332115	0.032289975274337204	0.033865844112332115	0.033865844112332115	0.061574871706069984	0.061574871706069984	0.061574871706069984	0.06457995054867441	0.06457995054867441	0.09844579466100653	0.06682834002215389	0.118652964465181
UP000000593	0.043670323189991526	0.0318093266481518	0.0318093266481518	0.0318093266481518	0.0318093266481518	0.043670323189991526	0.0318093266481518	0.04813878263117234	0.043670323189991526	0.0318093266481518	0.043670323189991526	0.043670323189991526	0.04633962782490764	0.04633962782490764	0.04633962782490764	0.0636186532963036	0.0636186532963036	0.10728897648629512	0.05080808726608846	0.11830038771024556
UP000000594	0.055133481662059315	0.0301404757210714	0.0301404757210714	0.0301404757210714	0.0301404757210714	0.055133481662059315	0.0301404757210714	0.05868457863848199	0.055133481662059315	0.0301404757210714	0.055133481662059315	0.055133481662059315	0.0329545042071106	0.0329545042071106	0.0329545042071106	0.0602809514421428	0.0602809514421428	0.11541443310420212	0.03650560118353328	0.11345970893144024
UP000000601	0.07152982959462961	0.026351697082053843	0.026351697082053843	0.026351697082053843	0.026351697082053843	0.07152982959462961	0.026351697082053843	0.0738946338046486	0.07152982959462961	0.026351697082053843	0.07152982959462961	0.07152982959462961	0.019416009881182788	0.019416009881182788	0.019416009881182788	0.052703394164107686	0.052703394164107686	0.12423322375873729	0.021780814091201795	0.10067717990817736
UP000000602	0.036966591751619926	0.032255081748584165	0.032255081748584165	0.032255081748584165	0.032255081748584165	0.036966591751619926	0.032255081748584165	0.04197653659500186	0.036966591751619926	0.032255081748584165	0.036966591751619926	0.036966591751619926	0.05628813744032846	0.05628813744032846	0.05628813744032846	0.06451016349716833	0.06451016349716833	0.10147675524878826	0.0612980822837104	0.11900043730757277
UP000000605	0.01317913148725905	0.0276755209314336	0.0276755209314336	0.0276755209314336	0.0276755209314336	0.01317913148725905	0.0276755209314336	0.019428394940999537	0.01317913148725905	0.0276755209314336	0.01317913148725905	0.01317913148725905	0.1162344361715623	0.1162344361715623	0.1162344361715623	0.0553510418628672	0.0553510418628672	0.06853017335012625	0.1224836996253028	0.09820355681825342
UP000000606	0.0376241879407188	0.03223260079426863	0.03223260079426863	0.03223260079426863	0.03223260079426863	0.0376241879407188	0.03223260079426863	0.04258166629405903	0.0376241879407188	0.03223260079426863	0.0376241879407188	0.0376241879407188	0.0552272679266676	0.0552272679266676	0.0552272679266676	0.06446520158853726	0.06446520158853726	0.10208938952925604	0.060184746280007834	0.11901544647039403
UP000000609	0.04935487646835681	0.03110534685624903	0.03110534685624903	0.03110534685624903	0.03110534685624903	0.04935487646835681	0.03110534685624903	0.053363244674280295	0.04935487646835681	0.03110534685624903	0.04935487646835681	0.04935487646835681	0.03920757875537944	0.03920757875537944	0.03920757875537944	0.06221069371249806	0.06221069371249806	0.11156557018085486	0.04321594696130294	0.11640465101314913
UP000000625	0.0312896481172325	0.03222087285816646	0.03222087285816646	0.03222087285816646	0.03222087285816646	0.0312896481172325	0.03222087285816646	0.036738533497678735	0.0312896481172325	0.03222087285816646	0.0312896481172325	0.0312896481172325	0.06635962436217728	0.06635962436217728	0.06635962436217728	0.06444174571633292	0.06444174571633292	0.09573139383356541	0.07180850974262355	0.11798572067177335
UP000000628	0.0221761129050043	0.031054391611414427	0.031054391611414427	0.031054391611414427	0.031054391611414427	0.0221761129050043	0.031054391611414427	0.028215101558321992	0.0221761129050043	0.031054391611414427	0.0221761129050043	0.0221761129050043	0.08697423597058476	0.08697423597058476	0.08697423597058476	0.06210878322282885	0.06210878322282885	0.08428489612783316	0.09301322462390246	0.11213958913902232
UP000000636	0.02024565792860379	0.030567165986188905	0.030567165986188905	0.030567165986188905	0.030567165986188905	0.02024565792860379	0.030567165986188905	0.026375026884716293	0.02024565792860379	0.030567165986188905	0.02024565792860379	0.02024565792860379	0.09230143468018773	0.09230143468018773	0.09230143468018773	0.06113433197237781	0.06113433197237781	0.0813799899009816	0.09843080363630025	0.11000992603253061
UP000000639	0.04605013448459277	0.03154718293895113	0.03154718293895113	0.03154718293895113	0.03154718293895113	0.04605013448459277	0.03154718293895113	0.050325302683820954	0.04605013448459277	0.03154718293895113	0.04605013448459277	0.04605013448459277	0.04322353289615809	0.04322353289615809	0.04322353289615809	0.06309436587790226	0.06309436587790226	0.10914450036249504	0.04749870109538627	0.11763839535734817
UP000000640	0.01020757647495959	0.025694671178306736	0.025694671178306736	0.025694671178306736	0.025694671178306736	0.01020757647495959	0.025694671178306736	0.016337333153311002	0.01020757647495959	0.025694671178306736	0.01020757647495959	0.01020757647495959	0.12935805645559378	0.12935805645559378	0.12935805645559378	0.05138934235661347	0.05138934235661347	0.061596918831573054	0.1354878131339452	0.0905191713565241
UP000000643	0.0488442493724566	0.03117919255959176	0.03117919255959176	0.03117919255959176	0.03117919255959176	0.0488442493724566	0.03117919255959176	0.05289365466835974	0.0488442493724566	0.03117919255959176	0.0488442493724566	0.0488442493724566	0.03980579335983391	0.03980579335983391	0.03980579335983391	0.06235838511918352	0.06235838511918352	0.11120263449164014	0.04385519865573706	0.11661795964656077
UP000000644	0.01836672894050409	0.029986225561364304	0.029986225561364304	0.029986225561364304	0.029986225561364304	0.01836672894050409	0.029986225561364304	0.02456541064589518	0.01836672894050409	0.029986225561364304	0.01836672894050409	0.01836672894050409	0.0979133221086606	0.0979133221086606	0.0979133221086606	0.05997245112272861	0.05997245112272861	0.0783391800632327	0.1041120038140517	0.10754753883467502
UP000000647	0.013037945878287396	0.027594451772805853	0.027594451772805853	0.027594451772805853	0.027594451772805853	0.013037945878287396	0.027594451772805853	0.019284634175150434	0.013037945878287396	0.027594451772805853	0.013037945878287396	0.013037945878287396	0.1168057876217736	0.1168057876217736	0.1168057876217736	0.055188903545611706	0.055188903545611706	0.06822684942389909	0.12305247591863665	0.09788443049749734
UP000000657	0.009810379086300175	0.025379503380321338	0.025379503380321338	0.025379503380321338	0.025379503380321338	0.009810379086300175	0.025379503380321338	0.015911746360854212	0.009810379086300175	0.025379503380321338	0.009810379086300175	0.009810379086300175	0.13131382307768932	0.13131382307768932	0.13131382307768932	0.050759006760642676	0.050759006760642676	0.060569385846942846	0.13741519035224337	0.08931527897217728
UP000000669	0.08348647906848755	0.022848176180718813	0.022848176180718813	0.022848176180718813	0.022848176180718813	0.08348647906848755	0.022848176180718813	0.08512294510288844	0.08348647906848755	0.022848176180718813	0.08348647906848755	0.08348647906848755	0.012505956907271546	0.012505956907271546	0.012505956907271546	0.045696352361437625	0.045696352361437625	0.12918283142992518	0.014142422941672448	0.08811977265407346
UP000000684	0.04375255754970037	0.031801102058752924	0.031801102058752924	0.031801102058752924	0.031801102058752924	0.04375255754970037	0.031801102058752924	0.04821433168211698	0.04375255754970037	0.031801102058752924	0.04375255754970037	0.04375255754970037	0.04622861605301266	0.04622861605301266	0.04622861605301266	0.06360220411750585	0.06360220411750585	0.1073547616672062	0.05069039018542926	0.11828085997017845
UP000000686	0.016688966519614268	0.0293646545691599	0.0293646545691599	0.0293646545691599	0.0293646545691599	0.016688966519614268	0.0293646545691599	0.022930118446292114	0.016688966519614268	0.0293646545691599	0.016688966519614268	0.016688966519614268	0.10333569031403546	0.10333569031403546	0.10333569031403546	0.0587293091383198	0.0587293091383198	0.07541827565793406	0.1095768422407133	0.10497631442328388
UP000000718	0.05790033203611413	0.029601654002779865	0.029601654002779865	0.029601654002779865	0.029601654002779865	0.05790033203611413	0.029601654002779865	0.061238381678822826	0.05790033203611413	0.029601654002779865	0.05790033203611413	0.05790033203611413	0.030267802925680824	0.030267802925680824	0.030267802925680824	0.05920330800555973	0.05920330800555973	0.11710364004167387	0.033605852568389515	0.11173051672570207
UP000000719	0.04998692325052665	0.031011237026868456	0.031011237026868456	0.031011237026868456	0.031011237026868456	0.04998692325052665	0.031011237026868456	0.05394461323032819	0.04998692325052665	0.031011237026868456	0.04998692325052665	0.04998692325052665	0.038477936204104536	0.038477936204104536	0.038477936204104536	0.06202247405373691	0.06202247405373691	0.11200939730426357	0.04243562618390608	0.11612956814787075
UP000000723	0.057504573528226556	0.029681541697256567	0.029681541697256567	0.029681541697256567	0.029681541697256567	0.057504573528226556	0.029681541697256567	0.06087282360354925	0.057504573528226556	0.029681541697256567	0.057504573528226556	0.057504573528226556	0.03064082953657722	0.03064082953657722	0.03064082953657722	0.059363083394513134	0.059363083394513134	0.1168676569227397	0.034009079611899924	0.11198966663838088
UP000000738	0.009176741826993101	0.024847063107112204	0.024847063107112204	0.024847063107112204	0.024847063107112204	0.009176741826993101	0.024847063107112204	0.015225218241712185	0.009176741826993101	0.024847063107112204	0.009176741826993101	0.009176741826993101	0.1345524493743133	0.1345524493743133	0.1345524493743133	0.04969412621422441	0.04969412621422441	0.0588708680412175	0.14060092578903238	0.08729129959901064
UP000000739	0.026308264399545856	0.031786904477976	0.031786904477976	0.031786904477976	0.031786904477976	0.026308264399545856	0.031786904477976	0.032105690220053947	0.026308264399545856	0.031786904477976	0.026308264399545856	0.026308264399545856	0.07681291938889079	0.07681291938889079	0.07681291938889079	0.063573808955952	0.063573808955952	0.08988207335549785	0.08261034520939887	0.1155527662708878
UP000000742	0.044692265932455545	0.03170281290662354	0.03170281290662354	0.03170281290662354	0.03170281290662354	0.044692265932455545	0.03170281290662354	0.04907766335798641	0.044692265932455545	0.03170281290662354	0.044692265932455545	0.044692265932455545	0.04497728299170864	0.04497728299170864	0.04497728299170864	0.06340562581324707	0.06340562581324707	0.1080978917457026	0.0493626804172395	0.1180404567754324
UP000000746	0.031294943429693044	0.032221114494623164	0.032221114494623164	0.032221114494623164	0.032221114494623164	0.031294943429693044	0.032221114494623164	0.03674343552866589	0.031294943429693044	0.032221114494623164	0.031294943429693044	0.031294943429693044	0.06634939101954453	0.06634939101954453	0.06634939101954453	0.06444222898924633	0.06444222898924633	0.09573717241893938	0.07179788311851736	0.11798747378054697
UP000000747	0.031134981768070388	0.03221362600843136	0.03221362600843136	0.03221362600843136	0.03221362600843136	0.031134981768070388	0.03221362600843136	0.03659533697309833	0.031134981768070388	0.03221362600843136	0.031134981768070388	0.031134981768070388	0.0666592778721514	0.0666592778721514	0.0666592778721514	0.06442725201686272	0.06442725201686272	0.09556223378493311	0.07211963307717935	0.11793379362366957
