Proteome_ID	M	W	C	D	E	F	H	K	N	Q	Y	I	A	G	P	T	V	L	R	S
UP000006687	0.015373048190124477	0.03170158316705264	0.03170158316705264	0.03170158316705264	0.03170158316705264	0.029846521223058482	0.03170158316705264	0.015373048190124477	0.04431999425599249	0.03170158316705264	0.04431999425599249	0.04431999425599249	0.06734388693320356	0.06734388693320356	0.06734388693320356	0.06340316633410528	0.06340316633410528	0.09324968755716379	0.06734388693320356	0.12680633266821056
UP000007251	0.014263686114842937	0.0314260733565991	0.0314260733565991	0.0314260733565991	0.0314260733565991	0.02611825731853666	0.0314260733565991	0.014263686114842937	0.037972828522230384	0.0314260733565991	0.037972828522230384	0.037972828522230384	0.07562511346524096	0.07562511346524096	0.07562511346524096	0.0628521467131982	0.0628521467131982	0.08897040403173487	0.07562511346524096	0.1257042934263964
UP000006677	0.018089953174358003	0.03087682624151527	0.03087682624151527	0.03087682624151527	0.03087682624151527	0.04368232467376614	0.03087682624151527	0.018089953174358003	0.06927469617317428	0.03087682624151527	0.06927469617317428	0.06927469617317428	0.043650533979996124	0.043650533979996124	0.043650533979996124	0.06175365248303054	0.06175365248303054	0.10543597715679667	0.043650533979996124	0.12350730496606108
UP000007666	0.01825331135409402	0.030666263220767445	0.030666263220767445	0.030666263220767445	0.030666263220767445	0.045094902215654986	0.030666263220767445	0.01825331135409402	0.07193649307721595	0.030666263220767445	0.07193649307721595	0.07193649307721595	0.04170847052414371	0.04170847052414371	0.04170847052414371	0.06133252644153489	0.06133252644153489	0.10642742865718989	0.04170847052414371	0.12266505288306978
UP000099345	0.010691101931269755	0.029284322681304112	0.029284322681304112	0.029284322681304112	0.029284322681304112	0.016838485541749867	0.029284322681304112	0.010691101931269755	0.022985869152229978	0.029284322681304112	0.022985869152229978	0.022985869152229978	0.10185851367410124	0.10185851367410124	0.10185851367410124	0.058568645362608224	0.058568645362608224	0.0754071309043581	0.10185851367410124	0.11713729072521645
UP000007699	0.017636265679473188	0.03128430014877201	0.03128430014877201	0.03128430014877201	0.03128430014877201	0.04042620424657175	0.03128430014877201	0.017636265679473188	0.0632161428136703	0.03128430014877201	0.0632161428136703	0.0632161428136703	0.048419457331636745	0.048419457331636745	0.048419457331636745	0.06256860029754402	0.06256860029754402	0.10299480454411579	0.048419457331636745	0.12513720059508804
UP000002135	0.01584938695673887	0.031745225371779734	0.031745225371779734	0.031745225371779734	0.031745225371779734	0.031652458197495334	0.031745225371779734	0.01584938695673887	0.047455529438251806	0.031745225371779734	0.047455529438251806	0.047455529438251806	0.06367652885707512	0.06367652885707512	0.06367652885707512	0.06349045074355947	0.06349045074355947	0.09514290894105482	0.06367652885707512	0.12698090148711894
UP000008222	0.018025734255460165	0.030948310576609663	0.030948310576609663	0.030948310576609663	0.030948310576609663	0.043169876365627774	0.030948310576609663	0.018025734255460165	0.0683140184757954	0.030948310576609663	0.0683140184757954	0.0683140184757954	0.044373438526170816	0.044373438526170816	0.044373438526170816	0.061896621153219325	0.061896621153219325	0.1050664975188471	0.044373438526170816	0.12379324230643865
UP000008623	0.014902019762421158	0.03161195279236207	0.03161195279236207	0.03161195279236207	0.03161195279236207	0.02819173149266476	0.03161195279236207	0.014902019762421158	0.041481443222908365	0.03161195279236207	0.041481443222908365	0.041481443222908365	0.07089423078582748	0.07089423078582748	0.07089423078582748	0.06322390558472414	0.06322390558472414	0.0914156370773889	0.07089423078582748	0.12644781116944828
UP000172353	0.015749588410109677	0.019401882367216995	0.019401882367216995	0.019401882367216995	0.019401882367216995	0.08366568114551497	0.019401882367216995	0.015749588410109677	0.15158177388092026	0.019401882367216995	0.15158177388092026	0.15158177388092026	0.008998505342629486	0.008998505342629486	0.008998505342629486	0.03880376473443399	0.03880376473443399	0.12246944587994894	0.008998505342629486	0.07760752946886798
UP000163220	0.01886151975867494	0.028594687618593007	0.028594687618593007	0.028594687618593007	0.028594687618593007	0.055412510425538845	0.028594687618593007	0.01886151975867494	0.09196350109240276	0.028594687618593007	0.09196350109240276	0.09196350109240276	0.029511608614219004	0.029511608614219004	0.029511608614219004	0.057189375237186015	0.057189375237186015	0.11260188566272485	0.029511608614219004	0.11437875047437203
UP000000360	0.01597009977316627	0.03174790081144492	0.03174790081144492	0.03174790081144492	0.03174790081144492	0.03213484200474345	0.03174790081144492	0.01597009977316627	0.04829958423632063	0.03174790081144492	0.04829958423632063	0.04829958423632063	0.06273123768802497	0.06273123768802497	0.06273123768802497	0.06349580162288984	0.06349580162288984	0.0956306436276333	0.06273123768802497	0.12699160324577968
UP000004993	0.0167276017761167	0.03167202262480269	0.03167202262480269	0.03167202262480269	0.03167202262480269	0.03545115513515808	0.03167202262480269	0.0167276017761167	0.054174708494199454	0.03167202262480269	0.054174708494199454	0.054174708494199454	0.05659149967450226	0.05659149967450226	0.05659149967450226	0.06334404524960538	0.06334404524960538	0.09879520038476347	0.05659149967450226	0.12668809049921076
UP000008865	0.0160126169906163	0.03174797271938128	0.03174797271938128	0.03174797271938128	0.03174797271938128	0.03230738066217763	0.03174797271938128	0.0160126169906163	0.04860214433373896	0.03174797271938128	0.04860214433373896	0.04860214433373896	0.0623965020457737	0.0623965020457737	0.0623965020457737	0.06349594543876257	0.06349594543876257	0.0958033261009402	0.0623965020457737	0.12699189087752513
UP000009108	0.018015276556819025	0.03095943299553814	0.03095943299553814	0.03095943299553814	0.03095943299553814	0.043088381239629006	0.03095943299553814	0.018015276556819025	0.068161485922439	0.03095943299553814	0.068161485922439	0.068161485922439	0.04448932467779419	0.04448932467779419	0.04448932467779419	0.06191886599107628	0.06191886599107628	0.10500724723070529	0.04448932467779419	0.12383773198215256
UP000000396	0.017659053456494683	0.03126840314774797	0.03126840314774797	0.03126840314774797	0.03126840314774797	0.04057287197493258	0.03126840314774797	0.017659053456494683	0.06348669049337047	0.03126840314774797	0.06348669049337047	0.06348669049337047	0.048195406823266666	0.048195406823266666	0.048195406823266666	0.06253680629549593	0.06253680629549593	0.10310967827042852	0.048195406823266666	0.12507361259099187
UP000007661	0.016871143670605465	0.03163642353514538	0.03163642353514538	0.03163642353514538	0.03163642353514538	0.036148495089984065	0.03163642353514538	0.016871143670605465	0.055425846509362664	0.03163642353514538	0.055425846509362664	0.055425846509362664	0.05537510159710174	0.05537510159710174	0.05537510159710174	0.06327284707029077	0.06327284707029077	0.09942134216027483	0.05537510159710174	0.12654569414058153
UP000007068	0.017627783415152636	0.03129011683445316	0.03129011683445316	0.03129011683445316	0.03129011683445316	0.04037197641607557	0.03129011683445316	0.017627783415152636	0.0631161694169985	0.03129011683445316	0.0631161694169985	0.0631161694169985	0.0485025256838244	0.0485025256838244	0.0485025256838244	0.06258023366890632	0.06258023366890632	0.10295221008498188	0.0485025256838244	0.12516046733781264
UP000134285	0.017173735050211855	0.03153356401217894	0.03153356401217894	0.03153356401217894	0.03153356401217894	0.037712780212660155	0.03153356401217894	0.017173735050211855	0.058251825375108465	0.03153356401217894	0.058251825375108465	0.058251825375108465	0.05273361728851689	0.05273361728851689	0.05273361728851689	0.06306712802435788	0.06306712802435788	0.10077990823701803	0.05273361728851689	0.12613425604871575
UP000006372	0.017847916248064304	0.03112008452098588	0.03112008452098588	0.03112008452098588	0.03112008452098588	0.04184912749308993	0.03112008452098588	0.017847916248064304	0.06585033873811555	0.03112008452098588	0.06585033873811555	0.06585033873811555	0.046283385991892696	0.046283385991892696	0.046283385991892696	0.06224016904197176	0.06224016904197176	0.10408929653506169	0.046283385991892696	0.12448033808394351
UP000009089	0.0183614195640066	0.030498066831503582	0.030498066831503582	0.030498066831503582	0.030498066831503582	0.04614023862125808	0.030498066831503582	0.0183614195640066	0.07391905767850956	0.030498066831503582	0.07391905767850956	0.07391905767850956	0.04031761032247118	0.04031761032247118	0.04031761032247118	0.060996133663007164	0.060996133663007164	0.10713637228426524	0.04031761032247118	0.12199226732601433
UP000002317	0.017105422288218416	0.031560374425394666	0.031560374425394666	0.031560374425394666	0.031560374425394666	0.037347306791298995	0.031560374425394666	0.017105422288218416	0.05758919129437958	0.031560374425394666	0.05758919129437958	0.05758919129437958	0.05334024428787793	0.05334024428787793	0.05334024428787793	0.06312074885078933	0.06312074885078933	0.10046805564208833	0.05334024428787793	0.12624149770157866
UP000000862	0.017990856158408258	0.030984871311989362	0.030984871311989362	0.030984871311989362	0.030984871311989362	0.042900085637283675	0.030984871311989362	0.017990856158408258	0.06780931511615909	0.030984871311989362	0.06780931511615909	0.06780931511615909	0.04475805751707726	0.04475805751707726	0.04475805751707726	0.061969742623978724	0.061969742623978724	0.10486982826126238	0.04475805751707726	0.12393948524795745
UP000000344	0.018856847520752378	0.02868467021085928	0.02868467021085928	0.02868467021085928	0.02868467021085928	0.055037872518165845	0.02868467021085928	0.018856847520752378	0.09121889751557932	0.02868467021085928	0.09121889751557932	0.09121889751557932	0.029899786000419273	0.029899786000419273	0.029899786000419273	0.05736934042171856	0.05736934042171856	0.11240721293988443	0.029899786000419273	0.11473868084343712
UP000125273	0.010366749768027586	0.029005842033479216	0.029005842033479216	0.029005842033479216	0.029005842033479216	0.016132561708993156	0.029005842033479216	0.010366749768027586	0.021898373649958724	0.029005842033479216	0.021898373649958724	0.021898373649958724	0.10430319589010371	0.10430319589010371	0.10430319589010371	0.05801168406695843	0.05801168406695843	0.07414424577595159	0.10430319589010371	0.11602336813391687
UP000000470	0.016591689674402433	0.03169880971311779	0.03169880971311779	0.03169880971311779	0.03169880971311779	0.03481383694973985	0.03169880971311779	0.016591689674402433	0.05303598422507727	0.03169880971311779	0.05303598422507727	0.05303598422507727	0.05772500966664975	0.05772500966664975	0.05772500966664975	0.06339761942623558	0.06339761942623558	0.09821145637597542	0.05772500966664975	0.12679523885247115
UP000008687	0.017171851049152764	0.031534333584073454	0.031534333584073454	0.031534333584073454	0.031534333584073454	0.037702596185819864	0.031534333584073454	0.017171851049152764	0.05823334132248696	0.031534333584073454	0.05823334132248696	0.05823334132248696	0.05275043605435464	0.05275043605435464	0.05275043605435464	0.06306866716814691	0.06306866716814691	0.10077126335396676	0.05275043605435464	0.12613733433629382
UP000008226	0.018122545079181145	0.030838314582794766	0.030838314582794766	0.030838314582794766	0.030838314582794766	0.04395083962742843	0.030838314582794766	0.018122545079181145	0.0697791341756757	0.030838314582794766	0.0697791341756757	0.0697791341756757	0.0432756986837594	0.0432756986837594	0.0432756986837594	0.06167662916558953	0.06167662916558953	0.10562746879301796	0.0432756986837594	0.12335325833117906
UP000009116	0.018433952155604717	0.030368083013705374	0.030368083013705374	0.030368083013705374	0.030368083013705374	0.046907797139838905	0.030368083013705374	0.018433952155604717	0.07538164212407311	0.030368083013705374	0.07538164212407311	0.07538164212407311	0.039320561704401874	0.039320561704401874	0.039320561704401874	0.06073616602741075	0.06073616602741075	0.10764396316724965	0.039320561704401874	0.1214723320548215
UP000002241	0.01756951685731806	0.03132864511838135	0.03132864511838135	0.03132864511838135	0.03132864511838135	0.040004653498433164	0.03132864511838135	0.01756951685731806	0.06243979013954827	0.03132864511838135	0.06243979013954827	0.06243979013954827	0.04906849174393778	0.04906849174393778	0.04906849174393778	0.0626572902367627	0.0626572902367627	0.10266194373519585	0.04906849174393778	0.1253145804735254
UP000006674	0.018707947127236755	0.029652481428967065	0.029652481428967065	0.029652481428967065	0.029652481428967065	0.05068621829590161	0.029652481428967065	0.018707947127236755	0.08266448946456646	0.029652481428967065	0.08266448946456646	0.08266448946456646	0.03469462447413768	0.03469462447413768	0.03469462447413768	0.05930496285793413	0.05930496285793413	0.10999118115383573	0.03469462447413768	0.11860992571586826
UP000006716	0.018520115696705794	0.030190089289306946	0.030190089289306946	0.030190089289306946	0.030190089289306946	0.04791132919840809	0.030190089289306946	0.018520115696705794	0.07730254270011039	0.030190089289306946	0.07730254270011039	0.07730254270011039	0.03804701337013249	0.03804701337013249	0.03804701337013249	0.06038017857861389	0.06038017857861389	0.10829150777702197	0.03804701337013249	0.12076035715722779
UP000001795	0.016698825929191467	0.03167823705869902	0.03167823705869902	0.03167823705869902	0.03167823705869902	0.03531443004090027	0.03167823705869902	0.016698825929191467	0.053930034152609066	0.03167823705869902	0.053930034152609066	0.053930034152609066	0.0568328981657012	0.0568328981657012	0.0568328981657012	0.06335647411739805	0.06335647411739805	0.09867090415829831	0.0568328981657012	0.1267129482347961
UP000007453	0.0172623956266044	0.03149533246496866	0.03149533246496866	0.03149533246496866	0.03149533246496866	0.03819906570063936	0.03149533246496866	0.0172623956266044	0.05913573577467432	0.03149533246496866	0.05913573577467432	0.05913573577467432	0.05193613764549774	0.05193613764549774	0.05193613764549774	0.06299066492993732	0.06299066492993732	0.10118973063057668	0.05193613764549774	0.12598132985987465
UP000140422	0.014564631793736514	0.03152240693057719	0.03152240693057719	0.03152240693057719	0.03152240693057719	0.027073849398955994	0.03152240693057719	0.014564631793736514	0.039583067004175465	0.03152240693057719	0.039583067004175465	0.039583067004175465	0.07340383142821338	0.07340383142821338	0.07340383142821338	0.06304481386115438	0.06304481386115438	0.09011866326011038	0.07340383142821338	0.12608962772230875
UP000009190	0.012124858809474559	0.030350817315462953	0.030350817315462953	0.030350817315462953	0.030350817315462953	0.020190947684931505	0.030350817315462953	0.012124858809474559	0.028257036560388447	0.030350817315462953	0.028257036560388447	0.028257036560388447	0.09124605007065381	0.09124605007065381	0.09124605007065381	0.060701634630925906	0.060701634630925906	0.08089258231585741	0.09124605007065381	0.12140326926185181
UP000007225	0.014795939252621388	0.03158597709244148	0.03158597709244148	0.03158597709244148	0.03158597709244148	0.02783461256925092	0.03158597709244148	0.014795939252621388	0.040873285885880455	0.03158597709244148	0.040873285885880455	0.040873285885880455	0.07168585130488757	0.07168585130488757	0.07168585130488757	0.06317195418488296	0.06317195418488296	0.09100656675413388	0.07168585130488757	0.12634390836976592
UP000008479	0.016652285379298953	0.03168766360065745	0.03168766360065745	0.03168766360065745	0.03168766360065745	0.035095360390188755	0.03168766360065745	0.016652285379298953	0.05353843540107856	0.03168766360065745	0.05353843540107856	0.05353843540107856	0.05722169616181739	0.05722169616181739	0.05722169616181739	0.0633753272013149	0.0633753272013149	0.09847068759150367	0.05722169616181739	0.1267506544026298
UP000002242	0.016490255277614257	0.0317147199281468	0.0317147199281468	0.0317147199281468	0.0317147199281468	0.034351541395899736	0.0317147199281468	0.016490255277614257	0.05221282751418521	0.0317147199281468	0.05221282751418521	0.05221282751418521	0.05856060131501689	0.05856060131501689	0.05856060131501689	0.0634294398562936	0.0634294398562936	0.09778098125219334	0.05856060131501689	0.1268588797125872
UP000007544	0.017412239364967122	0.0314211248209104	0.0314211248209104	0.0314211248209104	0.0314211248209104	0.039054652007743336	0.0314211248209104	0.017412239364967122	0.06069706465051956	0.0314211248209104	0.06069706465051956	0.06069706465051956	0.0505592565421135	0.0505592565421135	0.0505592565421135	0.0628422496418208	0.0628422496418208	0.10189690164956414	0.0505592565421135	0.1256844992836416
UP000007711	0.018779549877514363	0.029333130310482524	0.029333130310482524	0.029333130310482524	0.029333130310482524	0.052196786410847164	0.029333130310482524	0.018779549877514363	0.08561402294417997	0.029333130310482524	0.08561402294417997	0.08561402294417997	0.03296879340575416	0.03296879340575416	0.03296879340575416	0.05866626062096505	0.05866626062096505	0.1108630470318122	0.03296879340575416	0.1173325212419301
UP000009246	0.0188634774356857	0.02854663103735998	0.02854663103735998	0.02854663103735998	0.02854663103735998	0.05561088387000045	0.02854663103735998	0.0188634774356857	0.09235829030431522	0.02854663103735998	0.09235829030431522	0.09235829030431522	0.029307577469480612	0.029307577469480612	0.029307577469480612	0.05709326207471996	0.05709326207471996	0.1127041459447204	0.029307577469480612	0.11418652414943992
UP000002665	0.01606342506107393	0.03174744727222439	0.03174744727222439	0.03174744727222439	0.03174744727222439	0.03251543088068381	0.03174744727222439	0.01606342506107393	0.04896743670029368	0.03174744727222439	0.04896743670029368	0.04896743670029368	0.06199520541500333	0.06199520541500333	0.06199520541500333	0.06349489454444877	0.06349489454444877	0.09601032542513258	0.06199520541500333	0.12698978908889755
UP000002092	0.01562346949979478	0.0317308517717071	0.0317308517717071	0.0317308517717071	0.0317308517717071	0.030777564379424045	0.0317308517717071	0.01562346949979478	0.04593165925905331	0.0317308517717071	0.04593165925905331	0.04593165925905331	0.06542733152927217	0.06542733152927217	0.06542733152927217	0.0634617035434142	0.0634617035434142	0.09423926792283824	0.06542733152927217	0.1269234070868284
UP000007016	0.0179408483347861	0.03103473313186067	0.03103473313186067	0.03103473313186067	0.03103473313186067	0.04252286077495284	0.03103473313186067	0.0179408483347861	0.06710487321511958	0.03103473313186067	0.06710487321511958	0.06710487321511958	0.04530055800634822	0.04530055800634822	0.04530055800634822	0.06206946626372134	0.06206946626372134	0.10459232703867417	0.04530055800634822	0.12413893252744268
UP000009115	0.016168578877492498	0.03174418775762985	0.03174418775762985	0.03174418775762985	0.03174418775762985	0.03295270237015889	0.03174418775762985	0.016168578877492498	0.04973682586282528	0.03174418775762985	0.04973682586282528	0.04973682586282528	0.06115998894853597	0.06115998894853597	0.06115998894853597	0.0634883755152597	0.0634883755152597	0.09644107788541857	0.06115998894853597	0.1269767510305194
UP000002131	0.010707567354515696	0.02929809087697024	0.02929809087697024	0.02929809087697024	0.02929809087697024	0.0168747954324667	0.02929809087697024	0.010707567354515696	0.023042023510417703	0.02929809087697024	0.023042023510417703	0.023042023510417703	0.10173493746581458	0.10173493746581458	0.10173493746581458	0.05859618175394048	0.05859618175394048	0.07547097718640718	0.10173493746581458	0.11719236350788095
UP000009294	0.009196696324546944	0.027883961692887194	0.027883961692887194	0.027883961692887194	0.027883961692887194	0.013722731654961226	0.027883961692887194	0.009196696324546944	0.018248766985375506	0.027883961692887194	0.018248766985375506	0.018248766985375506	0.11331786399966551	0.11331786399966551	0.11331786399966551	0.05576792338577439	0.05576792338577439	0.06949065504073561	0.11331786399966551	0.11153584677154878
UP000008446	0.018748333242999182	0.029486514925518396	0.029486514925518396	0.029486514925518396	0.029486514925518396	0.05148199428383987	0.029486514925518396	0.018748333242999182	0.08421565532468055	0.029486514925518396	0.08421565532468055	0.08421565532468055	0.03377703504099645	0.03377703504099645	0.03377703504099645	0.05897302985103679	0.05897302985103679	0.11045502413487665	0.03377703504099645	0.11794605970207359
UP000002326	0.017933963234538983	0.031041373254882	0.031041373254882	0.031041373254882	0.031041373254882	0.042471765653065825	0.031041373254882	0.017933963234538983	0.06700956807159268	0.031041373254882	0.06700956807159268	0.06700956807159268	0.045374466482975065	0.045374466482975065	0.045374466482975065	0.062082746509764	0.062082746509764	0.10455451216282984	0.045374466482975065	0.124165493019528
UP000007219	0.015475114164578098	0.03171513837522849	0.03171513837522849	0.03171513837522849	0.03171513837522849	0.030221345777316243	0.03171513837522849	0.015475114164578098	0.044967577390054386	0.03171513837522849	0.044967577390054386	0.044967577390054386	0.06656553348559807	0.06656553348559807	0.06656553348559807	0.06343027675045698	0.06343027675045698	0.09365162252777323	0.06656553348559807	0.12686055350091396
UP000006540	0.017744107105145783	0.03120542865885463	0.03120542865885463	0.03120542865885463	0.03120542865885463	0.041133589014679166	0.03120542865885463	0.017744107105145783	0.06452307092421254	0.03120542865885463	0.06452307092421254	0.06452307092421254	0.047347134111509585	0.047347134111509585	0.047347134111509585	0.06241085731770926	0.06241085731770926	0.10354444633238842	0.047347134111509585	0.12482171463541852
UP000000840	0.01646884211659941	0.03171765281121767	0.03171765281121767	0.03171765281121767	0.03171765281121767	0.034255328295301916	0.03171765281121767	0.01646884211659941	0.05204181447400442	0.03171765281121767	0.05204181447400442	0.05204181447400442	0.05873594269367533	0.05873594269367533	0.05873594269367533	0.06343530562243534	0.06343530562243534	0.09769063391773725	0.05873594269367533	0.12687061124487067
UP000201106	0.01704089446110096	0.0315836995721557	0.0315836995721557	0.0315836995721557	0.0315836995721557	0.037008987398937244	0.0315836995721557	0.01704089446110096	0.05697708033677353	0.0315836995721557	0.05697708033677353	0.05697708033677353	0.05390745052877794	0.05390745052877794	0.05390745052877794	0.0631673991443114	0.0631673991443114	0.10017638654324865	0.05390745052877794	0.1263347982886228
UP000008920	0.017662859863404413	0.03126570883978719	0.03126570883978719	0.03126570883978719	0.03126570883978719	0.040597512677378565	0.03126570883978719	0.017662859863404413	0.06353216549135272	0.03126570883978719	0.06353216549135272	0.06353216549135272	0.048157854251945166	0.048157854251945166	0.048157854251945166	0.06253141767957437	0.06253141767957437	0.10312893035695295	0.048157854251945166	0.12506283535914875
UP000009253	0.018226096281200005	0.030704610125975536	0.030704610125975536	0.030704610125975536	0.030704610125975536	0.044847101777832375	0.030704610125975536	0.018226096281200005	0.07146810727446476	0.030704610125975536	0.07146810727446476	0.07146810727446476	0.04204388001073309	0.04204388001073309	0.04204388001073309	0.06140922025195107	0.06140922025195107	0.10625632202978345	0.04204388001073309	0.12281844050390214
UP000008286	0.0186739348373174	0.029772925457768346	0.029772925457768346	0.029772925457768346	0.029772925457768346	0.05009263354905738	0.029772925457768346	0.0186739348373174	0.08151133226079736	0.029772925457768346	0.08151133226079736	0.08151133226079736	0.0353915147801412	0.0353915147801412	0.0353915147801412	0.05954585091553669	0.05954585091553669	0.10963848446459408	0.0353915147801412	0.11909170183107338
UP000007908	0.01653245820080418	0.031708509407558254	0.031708509407558254	0.031708509407558254	0.031708509407558254	0.03454255650883411	0.031708509407558254	0.01653245820080418	0.052552654816864046	0.031708509407558254	0.052552654816864046	0.052552654816864046	0.05821396390229981	0.05821396390229981	0.05821396390229981	0.06341701881511651	0.06341701881511651	0.09795957532395061	0.05821396390229981	0.12683403763023302
UP000007670	0.016485337917986054	0.03171540633279596	0.03171540633279596	0.03171540633279596	0.03171540633279596	0.034329405250337605	0.03171540633279596	0.016485337917986054	0.05217347258268917	0.03171540633279596	0.05217347258268917	0.05217347258268917	0.05860089864763746	0.05860089864763746	0.05860089864763746	0.06343081266559192	0.06343081266559192	0.09776021791592952	0.05860089864763746	0.12686162533118384
UP000002501	0.018562795198650797	0.030089758338464896	0.030089758338464896	0.030089758338464896	0.030089758338464896	0.048455956251355466	0.030089758338464896	0.018562795198650797	0.07834911730406013	0.030089758338464896	0.07834911730406013	0.07834911730406013	0.03736975294309215	0.03736975294309215	0.03736975294309215	0.06017951667692979	0.06017951667692979	0.10863547292828528	0.03736975294309215	0.12035903335385958
UP000008167	0.013971228225262979	0.031318412740401924	0.031318412740401924	0.031318412740401924	0.031318412740401924	0.025223499044890074	0.031318412740401924	0.013971228225262979	0.03647576986451717	0.031318412740401924	0.03647576986451717	0.03647576986451717	0.07777215800492791	0.07777215800492791	0.07777215800492791	0.06263682548080385	0.06263682548080385	0.08786032452569392	0.07777215800492791	0.1252736509616077
UP000110594	0.006213152169443074	0.024079680656693254	0.024079680656693254	0.024079680656693254	0.024079680656693254	0.008373799096919949	0.024079680656693254	0.006213152169443074	0.010534446024396824	0.024079680656693254	0.010534446024396824	0.010534446024396824	0.13848696722174786	0.13848696722174786	0.13848696722174786	0.04815936131338651	0.04815936131338651	0.05653316041030646	0.13848696722174786	0.09631872262677302
UP000008447	0.017330989153039475	0.03146292588634359	0.03146292588634359	0.03146292588634359	0.03146292588634359	0.0385852015579761	0.03146292588634359	0.017330989153039475	0.05983941396291274	0.03146292588634359	0.05983941396291274	0.05983941396291274	0.05131064062693331	0.05131064062693331	0.05131064062693331	0.06292585177268718	0.06292585177268718	0.10151105333066329	0.05131064062693331	0.12585170354537437
UP000002325	0.01714557621342564	0.03154488610372857	0.03154488610372857	0.03154488610372857	0.03154488610372857	0.03756119237350002	0.03154488610372857	0.01714557621342564	0.057976808533574405	0.03154488610372857	0.057976808533574405	0.057976808533574405	0.05298446489144211	0.05298446489144211	0.05298446489144211	0.06308977220745714	0.06308977220745714	0.10065096458095714	0.05298446489144211	0.12617954441491427
UP000006541	0.016146132257189135	0.0317451339820994	0.0317451339820994	0.0317451339820994	0.0317451339820994	0.03285858549388133	0.0317451339820994	0.016146132257189135	0.04957103873057351	0.0317451339820994	0.04957103873057351	0.04957103873057351	0.06133882614813702	0.06133882614813702	0.06133882614813702	0.0634902679641988	0.0634902679641988	0.09634885345808013	0.06133882614813702	0.1269805359283976
UP000138352	0.018084557217100616	0.030883052066647848	0.030883052066647848	0.030883052066647848	0.030883052066647848	0.04363843785566306	0.030883052066647848	0.018084557217100616	0.0691923184942255	0.030883052066647848	0.0691923184942255	0.0691923184942255	0.04371205532635764	0.04371205532635764	0.04371205532635764	0.061766104133295696	0.061766104133295696	0.10540454198895877	0.04371205532635764	0.12353220826659139
UP000006711	0.012443545902759742	0.030551326104107743	0.030551326104107743	0.030551326104107743	0.030551326104107743	0.02099466773615608	0.030551326104107743	0.012443545902759742	0.029545789569552415	0.030551326104107743	0.029545789569552415	0.029545789569552415	0.08891624658694681	0.08891624658694681	0.08891624658694681	0.06110265220821549	0.06110265220821549	0.08209731994437156	0.08891624658694681	0.12220530441643097
UP000008622	0.018831133267684663	0.02898510207367324	0.02898510207367324	0.02898510207367324	0.02898510207367324	0.053754579155775084	0.02898510207367324	0.018831133267684663	0.0886780250438655	0.02898510207367324	0.0886780250438655	0.0886780250438655	0.03125821671067803	0.03125821671067803	0.03125821671067803	0.05797020414734648	0.05797020414734648	0.11172478330312158	0.03125821671067803	0.11594040829469296
UP000001189	0.013715225739816721	0.031213308178117037	0.031213308178117037	0.031213308178117037	0.031213308178117037	0.024465398952076597	0.031213308178117037	0.013715225739816721	0.035215572164336476	0.031213308178117037	0.035215572164336476	0.035215572164336476	0.07964477581833285	0.07964477581833285	0.07964477581833285	0.062426616356234074	0.062426616356234074	0.08689201530831067	0.07964477581833285	0.12485323271246815
UP000516359	0.018866447474735364	0.028443862985679243	0.028443862985679243	0.028443862985679243	0.028443862985679243	0.05603125878632784	0.028443862985679243	0.018866447474735364	0.0931960700979203	0.028443862985679243	0.0931960700979203	0.0931960700979203	0.028878642353311206	0.028878642353311206	0.028878642353311206	0.05688772597135849	0.05688772597135849	0.11291898475768633	0.028878642353311206	0.11377545194271697
UP000002477	0.016821877236159296	0.03164952711746086	0.03164952711746086	0.03164952711746086	0.03164952711746086	0.03590619309293314	0.03164952711746086	0.016821877236159296	0.05499050894970697	0.03164952711746086	0.05499050894970697	0.05499050894970697	0.055794974653330096	0.055794974653330096	0.055794974653330096	0.06329905423492171	0.06329905423492171	0.09920524732785485	0.055794974653330096	0.12659810846984343
UP000009104	0.018035813288946555	0.030937457753236464	0.030937457753236464	0.030937457753236464	0.030937457753236464	0.043248921733695864	0.030937457753236464	0.018035813288946555	0.06846203017844517	0.030937457753236464	0.06846203017844517	0.06846203017844517	0.044261278841899065	0.044261278841899065	0.044261278841899065	0.06187491550647293	0.06187491550647293	0.1051238372401688	0.044261278841899065	0.12374983101294586
UP000007218	0.018085797522826543	0.03088162470075028	0.03088162470075028	0.03088162470075028	0.03088162470075028	0.04364851163958236	0.03088162470075028	0.018085797522826543	0.06921122575633817	0.03088162470075028	0.06921122575633817	0.06921122575633817	0.04369792729854076	0.04369792729854076	0.04369792729854076	0.06176324940150056	0.06176324940150056	0.10541176104108292	0.04369792729854076	0.12352649880300112
UP000000518	0.012612222248947938	0.030651974244619032	0.030651974244619032	0.030651974244619032	0.030651974244619032	0.02142986841697886	0.030651974244619032	0.012612222248947938	0.030247514585009783	0.030651974244619032	0.030247514585009783	0.030247514585009783	0.08768542174980311	0.08768542174980311	0.08768542174980311	0.061303948489238064	0.061303948489238064	0.08273381690621691	0.08768542174980311	0.12260789697847613
UP000008774	0.012246546192164011	0.030428967983637912	0.030428967983637912	0.030428967983637912	0.030428967983637912	0.02049505650376257	0.030428967983637912	0.012246546192164011	0.02874356681536113	0.030428967983637912	0.02874356681536113	0.02874356681536113	0.09035565160596422	0.09035565160596422	0.09035565160596422	0.060857935967275824	0.060857935967275824	0.0813529924710384	0.09035565160596422	0.12171587193455165
UP000001833	0.018203796022641	0.03073497831013086	0.03073497831013086	0.03073497831013086	0.03073497831013086	0.04464808372283208	0.03073497831013086	0.018203796022641	0.07109237142302316	0.03073497831013086	0.07109237142302316	0.07109237142302316	0.04231486831947265	0.04231486831947265	0.04231486831947265	0.06146995662026172	0.06146995662026172	0.10611804034309381	0.04231486831947265	0.12293991324052345
UP000002138	0.013803611348073027	0.031250717162187094	0.031250717162187094	0.031250717162187094	0.031250717162187094	0.02472460238685671	0.031250717162187094	0.013803611348073027	0.035645593425640394	0.031250717162187094	0.035645593425640394	0.035645593425640394	0.07899882941455648	0.07899882941455648	0.07899882941455648	0.06250143432437419	0.06250143432437419	0.0872260367112309	0.07899882941455648	0.12500286864874838
UP000008478	0.01832713319157082	0.030554396366657334	0.030554396366657334	0.030554396366657334	0.030554396366657334	0.0457972061107464	0.030554396366657334	0.01832713319157082	0.07326727902992197	0.030554396366657334	0.07326727902992197	0.07326727902992197	0.040769785609770584	0.040769785609770584	0.040769785609770584	0.06110879273331467	0.06110879273331467	0.10690599884406107	0.040769785609770584	0.12221758546662934
UP000158064	0.018243198634269688	0.030680682359990684	0.030680682359990684	0.030680682359990684	0.030680682359990684	0.04500217205275561	0.030680682359990684	0.018243198634269688	0.07176114547124154	0.030680682359990684	0.07176114547124154	0.07176114547124154	0.041833726113093446	0.041833726113093446	0.041833726113093446	0.06136136471998137	0.06136136471998137	0.10636353677273697	0.041833726113093446	0.12272272943996274
UP000001065	0.018864595879822803	0.028084070692812428	0.028084070692812428	0.028084070692812428	0.028084070692812428	0.05746473145453321	0.028084070692812428	0.018864595879822803	0.09606486702924362	0.028084070692812428	0.09606486702924362	0.09606486702924362	0.027450403289639547	0.027450403289639547	0.027450403289639547	0.056168141385624856	0.056168141385624856	0.11363287284015806	0.027450403289639547	0.11233628277124971
UP000002473	0.0172831716867012	0.031485785340798295	0.031485785340798295	0.031485785340798295	0.031485785340798295	0.03831507685760756	0.031485785340798295	0.0172831716867012	0.05934698202851392	0.031485785340798295	0.05934698202851392	0.05934698202851392	0.051747497843267015	0.051747497843267015	0.051747497843267015	0.06297157068159659	0.06297157068159659	0.10128664753920415	0.051747497843267015	0.12594314136319318
UP000001594	0.014340438415986879	0.031452063895907746	0.031452063895907746	0.031452063895907746	0.031452063895907746	0.02635847692460338	0.031452063895907746	0.014340438415986879	0.038376515433219884	0.031452063895907746	0.038376515433219884	0.038376515433219884	0.07505990017115899	0.07505990017115899	0.07505990017115899	0.06290412779181549	0.06290412779181549	0.08926260471641888	0.07505990017115899	0.12580825558363098
UP000000868	0.01832812287911158	0.03055281186580609	0.03055281186580609	0.03055281186580609	0.03055281186580609	0.045806947791339016	0.03055281186580609	0.01832812287911158	0.07328577270356645	0.03055281186580609	0.07328577270356645	0.07328577270356645	0.04075688767387548	0.04075688767387548	0.04075688767387548	0.06110562373161218	0.06110562373161218	0.10691257152295121	0.04075688767387548	0.12221124746322436
UP000009165	0.018073560029045626	0.030895612386601694	0.030895612386601694	0.030895612386601694	0.030895612386601694	0.04354947940719556	0.030895612386601694	0.018073560029045626	0.06902539878534548	0.030895612386601694	0.06902539878534548	0.06902539878534548	0.04383698164646352	0.04383698164646352	0.04383698164646352	0.06179122477320339	0.06179122477320339	0.10534070418039895	0.04383698164646352	0.12358244954640678
UP000002243	0.018505129708463797	0.030223221637266453	0.030223221637266453	0.030223221637266453	0.030223221637266453	0.047728302525990904	0.030223221637266453	0.018505129708463797	0.07695147534351801	0.030223221637266453	0.07695147534351801	0.07695147534351801	0.03827679082606832	0.03827679082606832	0.03827679082606832	0.060446443274532906	0.060446443274532906	0.10817474580052382	0.03827679082606832	0.12089288654906581
UP000242267	0.018762052136656295	0.029422456810326892	0.029422456810326892	0.029422456810326892	0.029422456810326892	0.05178280614686999	0.029422456810326892	0.018762052136656295	0.08480356015708368	0.029422456810326892	0.08480356015708368	0.08480356015708368	0.03343507349911655	0.03343507349911655	0.03343507349911655	0.058844913620653784	0.058844913620653784	0.11062771976752378	0.03343507349911655	0.11768982724130757
UP000158680	0.011209837696053711	0.02970107943646687	0.02970107943646687	0.02970107943646687	0.02970107943646687	0.01800551226112265	0.02970107943646687	0.011209837696053711	0.024801186826191583	0.02970107943646687	0.024801186826191583	0.024801186826191583	0.09798711715590064	0.09798711715590064	0.09798711715590064	0.05940215887293374	0.05940215887293374	0.07740767113405639	0.09798711715590064	0.11880431774586749
UP000153037	0.012893757107727739	0.030811398470981983	0.030811398470981983	0.030811398470981983	0.030811398470981983	0.022172264751821193	0.030811398470981983	0.012893757107727739	0.03145077239591465	0.030811398470981983	0.03145077239591465	0.03145077239591465	0.08563331588936159	0.08563331588936159	0.08563331588936159	0.061622796941963966	0.061622796941963966	0.08379506169378514	0.08563331588936159	0.12324559388392793
UP000000373	0.0179648976018712	0.03101111824388178	0.03101111824388178	0.03101111824388178	0.03101111824388178	0.04270290830256864	0.03101111824388178	0.0179648976018712	0.06744091900326608	0.03101111824388178	0.06744091900326608	0.06744091900326608	0.04504093481980337	0.04504093481980337	0.04504093481980337	0.06202223648776356	0.06202223648776356	0.1047251447903322	0.04504093481980337	0.12404447297552712
UP000000522	0.017695181905178714	0.03124237099011133	0.03124237099011133	0.03124237099011133	0.03124237099011133	0.040808424120541344	0.03124237099011133	0.017695181905178714	0.06392166633590395	0.03124237099011133	0.06392166633590395	0.06392166633590395	0.047837463274766706	0.047837463274766706	0.047837463274766706	0.06248474198022266	0.06248474198022266	0.103293166100764	0.047837463274766706	0.12496948396044533
UP000007081	0.01796781663819213	0.03100820656565033	0.03100820656565033	0.03100820656565033	0.03100820656565033	0.042724931765854686	0.03100820656565033	0.01796781663819213	0.06748204689351724	0.03100820656565033	0.06748204689351724	0.06748204689351724	0.04500926436523734	0.04500926436523734	0.04500926436523734	0.06201641313130066	0.06201641313130066	0.10474134489715534	0.04500926436523734	0.12403282626260131
UP000002246	0.018866470472995972	0.02844276308717225	0.02844276308717225	0.02844276308717225	0.02844276308717225	0.05603573027417486	0.02844276308717225	0.018866470472995972	0.09320499007535375	0.02844276308717225	0.09320499007535375	0.09320499007535375	0.028874104721210256	0.028874104721210256	0.028874104721210256	0.0568855261743445	0.0568855261743445	0.11292125644851937	0.028874104721210256	0.113771052348689
UP000006723	0.015754807366636203	0.03174065588586138	0.03174065588586138	0.03174065588586138	0.03174065588586138	0.03128191278498813	0.03174065588586138	0.015754807366636203	0.04680901820334006	0.03174065588586138	0.04680901820334006	0.04680901820334006	0.0644122527282373	0.0644122527282373	0.0644122527282373	0.06348131177172275	0.06348131177172275	0.09476322455671088	0.0644122527282373	0.1269626235434455
UP000000469	0.01830538527103695	0.030588623539989847	0.030588623539989847	0.030588623539989847	0.030588623539989847	0.04558541701706784	0.030588623539989847	0.01830538527103695	0.07286544876309872	0.030588623539989847	0.07286544876309872	0.07286544876309872	0.041051018123664185	0.041051018123664185	0.041051018123664185	0.061177247079979694	0.061177247079979694	0.10676266409704752	0.041051018123664185	0.12235449415995939
UP000000869	0.011425159820560122	0.029863786737521228	0.029863786737521228	0.029863786737521228	0.029863786737521228	0.018504552310749673	0.029863786737521228	0.011425159820560122	0.025583944800939222	0.029863786737521228	0.025583944800939222	0.025583944800939222	0.09639203838355576	0.09639203838355576	0.09639203838355576	0.059727573475042456	0.059727573475042456	0.07823212578579213	0.09639203838355576	0.11945514695008491
