Proteome_ID	M	W	C	D	E	F	H	K	N	Q	Y	I	A	G	P	T	V	L	R	S
UP000006687	0.030284848156153066	0.03216715359718779	0.03216715359718779	0.03216715359718779	0.03216715359718779	0.030284848156153066	0.03216715359718779	0.03580762693823173	0.030284848156153066	0.03216715359718779	0.030284848156153066	0.030284848156153066	0.06833290133798098	0.06833290133798098	0.06833290133798098	0.06433430719437558	0.06433430719437558	0.09461915535052866	0.07385568012005964	0.11762305682459381
UP000007251	0.02643159251402115	0.031803085295734536	0.031803085295734536	0.031803085295734536	0.031803085295734536	0.02643159251402115	0.031803085295734536	0.032221019434935765	0.02643159251402115	0.031803085295734536	0.02643159251402115	0.02643159251402115	0.07653237191752485	0.07653237191752485	0.07653237191752485	0.06360617059146907	0.06360617059146907	0.09003776310549022	0.08232179883843947	0.1156334873411089
UP000006677	0.04482962098827577	0.0316877919860174	0.0316877919860174	0.0316877919860174	0.0316877919860174	0.04482962098827577	0.0316877919860174	0.04920385913842708	0.04482962098827577	0.0316877919860174	0.04482962098827577	0.04482962098827577	0.04479699532644783	0.04479699532644783	0.04479699532644783	0.0633755839720348	0.0633755839720348	0.10820520496031057	0.04917123347659915	0.11800269164376695
UP000007666	0.04633870682531389	0.031512098064195984	0.031512098064195984	0.031512098064195984	0.031512098064195984	0.04633870682531389	0.031512098064195984	0.05059048185327428	0.04633870682531389	0.031512098064195984	0.04633870682531389	0.04633870682531389	0.04285887079891674	0.04285887079891674	0.04285887079891674	0.06302419612839197	0.06302419612839197	0.10936290295370588	0.04711064582687713	0.11754484220086316
UP000099345	0.01694263843961183	0.02946545815584665	0.02946545815584665	0.02946545815584665	0.02946545815584665	0.01694263843961183	0.02946545815584665	0.023178714239791016	0.01694263843961183	0.02946545815584665	0.01694263843961183	0.01694263843961183	0.1024885501072927	0.1024885501072927	0.1024885501072927	0.0589309163116933	0.0589309163116933	0.07587355475130514	0.10872462590747188	0.10538968102302823
UP000007699	0.041369001243493186	0.03201389484559672	0.03201389484559672	0.03201389484559672	0.03201389484559672	0.041369001243493186	0.03201389484559672	0.04602444330518135	0.041369001243493186	0.03201389484559672	0.041369001243493186	0.041369001243493186	0.04954866844150008	0.04954866844150008	0.04954866844150008	0.06402778969119344	0.06402778969119344	0.10539679093468664	0.05420411050318825	0.11874469525901055
UP000002135	0.032160695967014374	0.03225495268695897	0.03225495268695897	0.03225495268695897	0.03225495268695897	0.032160695967014374	0.03225495268695897	0.03754438763499537	0.032160695967014374	0.03225495268695897	0.032160695967014374	0.032160695967014374	0.06469897130988894	0.06469897130988894	0.06469897130988894	0.06450990537391794	0.06450990537391794	0.09667060134093233	0.07008266297786994	0.11825242741187392
UP000008222	0.04428334303603925	0.03174655035012069	0.03174655035012069	0.03174655035012069	0.03174655035012069	0.04428334303603925	0.03174655035012069	0.048701971088095285	0.04428334303603925	0.03174655035012069	0.04428334303603925	0.04428334303603925	0.04551794828644854	0.04551794828644854	0.04551794828644854	0.06349310070024138	0.06349310070024138	0.10777644373628062	0.04993657633850458	0.11814894529637068
UP000008623	0.028571437662923648	0.03203772492105574	0.03203772492105574	0.03203772492105574	0.03203772492105574	0.028571437662923648	0.03203772492105574	0.03421643573668874	0.028571437662923648	0.03203772492105574	0.028571437662923648	0.028571437662923648	0.07184908440566065	0.07184908440566065	0.07184908440566065	0.06407544984211148	0.06407544984211148	0.09264688750503514	0.07749408247942574	0.11686090353669279
UP000172353	0.08976196294499958	0.02081559633848426	0.02081559633848426	0.02081559633848426	0.02081559633848426	0.08976196294499958	0.02081559633848426	0.09106810213434424	0.08976196294499958	0.02081559633848426	0.08976196294499958	0.08976196294499958	0.009654179492313713	0.009654179492313713	0.009654179492313713	0.04163119267696852	0.04163119267696852	0.1313931556219681	0.010960318681658365	0.08065010697524773
UP000163220	0.057514730814756186	0.0296795028502704	0.0296795028502704	0.0296795028502704	0.0296795028502704	0.057514730814756186	0.0296795028502704	0.060882204604453684	0.057514730814756186	0.0296795028502704	0.057514730814756186	0.057514730814756186	0.03063120967309505	0.03063120967309505	0.03063120967309505	0.0593590057005408	0.0593590057005408	0.11687373651529698	0.03399868346279255	0.1119830638216866
UP000000360	0.03266282820320251	0.03226952943672386	0.03226952943672386	0.03226952943672386	0.03226952943672386	0.03266282820320251	0.03226952943672386	0.038008506731423634	0.03266282820320251	0.03226952943672386	0.03266282820320251	0.03266282820320251	0.06376193289750018	0.06376193289750018	0.06376193289750018	0.06453905887344771	0.06453905887344771	0.09720188707665023	0.0691076114257213	0.11838676069045316
UP000004993	0.03612759203230868	0.03227635059744915	0.03227635059744915	0.03227635059744915	0.03227635059744915	0.03612759203230868	0.03227635059744915	0.041204116220044884	0.03612759203230868	0.03227635059744915	0.03612759203230868	0.03612759203230868	0.05767131155366317	0.05767131155366317	0.05767131155366317	0.0645527011948983	0.0645527011948983	0.100680293227207	0.06274783574139937	0.1189523540143242
UP000008865	0.03284254212446915	0.03227386776741859	0.03227386776741859	0.03227386776741859	0.03227386776741859	0.03284254212446915	0.03227386776741859	0.038174544417993346	0.03284254212446915	0.03227386776741859	0.03284254212446915	0.03284254212446915	0.06343008021250465	0.06343008021250465	0.06343008021250465	0.06454773553483718	0.06454773553483718	0.09739027765930634	0.06876208250602885	0.11843146648262597
UP000009108	0.04419652534625205	0.031755645622501334	0.031755645622501334	0.031755645622501334	0.031755645622501334	0.04419652534625205	0.031755645622501334	0.04862220980898563	0.04419652534625205	0.031755645622501334	0.04419652534625205	0.04419652534625205	0.0456334981540536	0.0456334981540536	0.0456334981540536	0.06351129124500267	0.06351129124500267	0.10770781659125471	0.05005918261678717	0.11817121356453818
UP000000396	0.041524353474543745	0.03200168392550132	0.03200168392550132	0.03200168392550132	0.03200168392550132	0.041524353474543745	0.03200168392550132	0.04616718844965902	0.041524353474543745	0.03200168392550132	0.041524353474543745	0.041524353474543745	0.049325645717543214	0.049325645717543214	0.049325645717543214	0.06400336785100263	0.06400336785100263	0.10552772132554639	0.05396848069265849	0.11872106575177471
UP000007661	0.0368590397522694	0.032258277690366474	0.032258277690366474	0.032258277690366474	0.032258277690366474	0.0368590397522694	0.032258277690366474	0.04187754316092403	0.0368590397522694	0.032258277690366474	0.0368590397522694	0.0368590397522694	0.05646356967206265	0.05646356967206265	0.05646356967206265	0.06451655538073295	0.06451655538073295	0.10137559513300234	0.06148207308071727	0.11899610394415663
UP000007068	0.04131157484758102	0.03201834832840519	0.03201834832840519	0.03201834832840519	0.03201834832840519	0.04131157484758102	0.03201834832840519	0.04597167623265382	0.04131157484758102	0.03201834832840519	0.04131157484758102	0.04131157484758102	0.049631350703112476	0.049631350703112476	0.049631350703112476	0.06403669665681037	0.06403669665681037	0.10534827150439138	0.05429145208818528	0.11875319054347512
UP000134285	0.03850360754698486	0.03219481476666819	0.03219481476666819	0.03219481476666819	0.03219481476666819	0.03850360754698486	0.03219481476666819	0.043390591178489514	0.03850360754698486	0.03219481476666819	0.03850360754698486	0.03850360754698486	0.0538394277261037	0.0538394277261037	0.0538394277261037	0.06438962953333638	0.06438962953333638	0.10289323708032125	0.05872641135760834	0.11900529180366347
UP000006372	0.04287825761185059	0.031885372071705116	0.031885372071705116	0.031885372071705116	0.031885372071705116	0.04287825761185059	0.031885372071705116	0.04741110759275821	0.04287825761185059	0.031885372071705116	0.04287825761185059	0.04287825761185059	0.04742156089244102	0.04742156089244102	0.04742156089244102	0.06377074414341023	0.06377074414341023	0.10664900175526082	0.05195441087334866	0.1184757883250052
UP000009089	0.047458581982874073	0.031369473767203934	0.031369473767203934	0.031369473767203934	0.031369473767203934	0.047458581982874073	0.031369473767203934	0.05161972264558083	0.047458581982874073	0.031369473767203934	0.047458581982874073	0.047458581982874073	0.04146958646115463	0.04146958646115463	0.04146958646115463	0.06273894753440787	0.06273894753440787	0.11019752951728194	0.04563072712386139	0.11715561374340222
UP000002317	0.038118905269140815	0.032212414397187916	0.032212414397187916	0.032212414397187916	0.032212414397187916	0.038118905269140815	0.032212414397187916	0.043036769487713754	0.038118905269140815	0.032212414397187916	0.038118905269140815	0.038118905269140815	0.05444225819025191	0.05444225819025191	0.05444225819025191	0.06442482879437583	0.06442482879437583	0.10254373406351665	0.05936012240882486	0.11901392915160579
UP000000862	0.04399599189556095	0.0317763968737289	0.0317763968737289	0.0317763968737289	0.0317763968737289	0.04399599189556095	0.0317763968737289	0.048437976698895935	0.04399599189556095	0.0317763968737289	0.04399599189556095	0.04399599189556095	0.04590142668785276	0.04590142668785276	0.04590142668785276	0.0635527937474578	0.0635527937474578	0.10754878564301874	0.05034341149118775	0.11822161788824563
UP000000344	0.057103952034165066	0.029761470727199885	0.029761470727199885	0.029761470727199885	0.029761470727199885	0.057103952034165066	0.029761470727199885	0.06050286923922789	0.057103952034165066	0.029761470727199885	0.057103952034165066	0.057103952034165066	0.031022201031411557	0.031022201031411557	0.031022201031411557	0.05952294145439977	0.05952294145439977	0.11662689348856486	0.034421118236474375	0.11224804849867391
UP000125273	0.016226118456545428	0.0291740541432246	0.0291740541432246	0.0291740541432246	0.0291740541432246	0.016226118456545428	0.0291740541432246	0.022475180126090063	0.016226118456545428	0.0291740541432246	0.016226118456545428	0.016226118456545428	0.10490807612814712	0.10490807612814712	0.10490807612814712	0.0583481082864492	0.0583481082864492	0.07457422674299463	0.11115713779769175	0.10419809323380912
UP000000470	0.03545999418618309	0.032287150932511055	0.032287150932511055	0.032287150932511055	0.032287150932511055	0.03545999418618309	0.032287150932511055	0.04058916537862395	0.03545999418618309	0.032287150932511055	0.03545999418618309	0.03545999418618309	0.058796406444135384	0.058796406444135384	0.058796406444135384	0.06457430186502211	0.06457430186502211	0.10003429605120519	0.06392557763657625	0.11889026134516248
UP000008687	0.03849288377212062	0.03219532765066065	0.03219532765066065	0.03219532765066065	0.03219532765066065	0.03849288377212062	0.03219532765066065	0.04338072905622288	0.03849288377212062	0.03219532765066065	0.03849288377212062	0.03849288377212062	0.05385614279614626	0.05385614279614626	0.05385614279614626	0.0643906553013213	0.0643906553013213	0.10288353907344193	0.05874398808024853	0.1190056200344381
UP000008226	0.045116111853245724	0.03165593335365259	0.03165593335365259	0.03165593335365259	0.03165593335365259	0.045116111853245724	0.03165593335365259	0.04946707976867323	0.045116111853245724	0.03165593335365259	0.045116111853245724	0.045116111853245724	0.044423070842209644	0.044423070842209644	0.044423070842209644	0.06331186670730518	0.06331186670730518	0.1084279785605509	0.04877403875763715	0.11792179758375534
UP000009116	0.048282588067922565	0.031258121932098225	0.031258121932098225	0.031258121932098225	0.031258121932098225	0.048282588067922565	0.031258121932098225	0.052377221649148514	0.048282588067922565	0.031258121932098225	0.048282588067922565	0.048282588067922565	0.04047298315274258	0.04047298315274258	0.04047298315274258	0.06251624386419645	0.06251624386419645	0.11079883193211902	0.044567616733968536	0.11684322056594099
UP000002241	0.040922761238551805	0.03204763826181009	0.03204763826181009	0.03204763826181009	0.03204763826181009	0.040922761238551805	0.03204763826181009	0.04561439476480442	0.040922761238551805	0.03204763826181009	0.040922761238551805	0.040922761238551805	0.050194614785293995	0.050194614785293995	0.050194614785293995	0.06409527652362018	0.06409527652362018	0.10501803776217197	0.0548862483115466	0.11880728599473514
UP000006674	0.05236062041406202	0.030632041147222653	0.030632041147222653	0.030632041147222653	0.030632041147222653	0.05236062041406202	0.030632041147222653	0.05612931484717264	0.05236062041406202	0.030632041147222653	0.05236062041406202	0.05236062041406202	0.03584074968650085	0.03584074968650085	0.03584074968650085	0.061264082294445306	0.061264082294445306	0.11362470270850733	0.03960944411961147	0.11499077572266936
UP000006716	0.049362142466543725	0.03110428187882461	0.03110428187882461	0.03110428187882461	0.03110428187882461	0.049362142466543725	0.03110428187882461	0.053369927324506725	0.049362142466543725	0.03110428187882461	0.049362142466543725	0.049362142466543725	0.039199123168250055	0.039199123168250055	0.039199123168250055	0.06220856375764922	0.06220856375764922	0.11157070622419295	0.04320690802621305	0.11640155779937243
UP000001795	0.035984299514906934	0.032279132612482345	0.032279132612482345	0.032279132612482345	0.032279132612482345	0.035984299514906934	0.032279132612482345	0.0410721499678884	0.035984299514906934	0.032279132612482345	0.035984299514906934	0.035984299514906934	0.057910945398983456	0.057910945398983456	0.057910945398983456	0.06455826522496469	0.06455826522496469	0.10054256473987161	0.06299879585196493	0.11894082954396643
UP000007453	0.03901592934088125	0.032168840872990594	0.032168840872990594	0.032168840872990594	0.032168840872990594	0.03901592934088125	0.032168840872990594	0.04386169583467232	0.03901592934088125	0.032168840872990594	0.03901592934088125	0.03901592934088125	0.053046760161495426	0.053046760161495426	0.053046760161495426	0.06433768174598119	0.06433768174598119	0.10335361108686243	0.057892526655286505	0.11898383050438022
UP000140422	0.02741681226967886	0.031921722706243064	0.031921722706243064	0.031921722706243064	0.031921722706243064	0.02741681226967886	0.031921722706243064	0.03314100920706397	0.02741681226967886	0.031921722706243064	0.02741681226967886	0.02741681226967886	0.07433368770308978	0.07433368770308978	0.07433368770308978	0.06384344541248613	0.06384344541248613	0.09126025768216499	0.08005788464047488	0.11623849695020204
UP000009190	0.020355134004886755	0.030597620441320136	0.030597620441320136	0.030597620441320136	0.030597620441320136	0.020355134004886755	0.030597620441320136	0.026479856059311344	0.020355134004886755	0.030597620441320136	0.020355134004886755	0.020355134004886755	0.0919880337261676	0.0919880337261676	0.0919880337261676	0.06119524088264027	0.06119524088264027	0.08155037488752703	0.09811275578059218	0.11014103765643135
UP000007225	0.02820233358361428	0.03200325710692681	0.03200325710692681	0.03200325710692681	0.03200325710692681	0.02820233358361428	0.03200325710692681	0.03387295018086978	0.02820233358361428	0.03200325710692681	0.02820233358361428	0.02820233358361428	0.0726328878009678	0.0726328878009678	0.0726328878009678	0.06400651421385362	0.06400651421385362	0.0922088477974679	0.0783035043982233	0.11667179523319621
UP000008479	0.03575478863905741	0.03228306254475155	0.03228306254475155	0.03228306254475155	0.03228306254475155	0.03575478863905741	0.03228306254475155	0.040860751026830726	0.03575478863905741	0.03228306254475155	0.03575478863905741	0.03575478863905741	0.05829686970264331	0.05829686970264331	0.05829686970264331	0.0645661250895031	0.0645661250895031	0.10032091372856052	0.06340283209041664	0.11892032540345956
UP000002242	0.03497626242644673	0.03229148742421573	0.03229148742421573	0.03229148742421573	0.03229148742421573	0.03497626242644673	0.03229148742421573	0.04014337525730161	0.03497626242644673	0.03229148742421573	0.03497626242644673	0.03497626242644673	0.05962559105685526	0.05962559105685526	0.05962559105685526	0.06458297484843147	0.06458297484843147	0.0995592372748782	0.06479270388771013	0.11883172403515317
UP000007544	0.039918586529531834	0.03211619680467376	0.03211619680467376	0.03211619680467376	0.03211619680467376	0.039918586529531834	0.03211619680467376	0.04469151265149118	0.039918586529531834	0.03211619680467376	0.039918586529531834	0.039918586529531834	0.05167768635462424	0.05167768635462424	0.05167768635462424	0.06423239360934752	0.06423239360934752	0.10415098013887936	0.0564506124765836	0.11891893497477633
UP000007711	0.05400136272205229	0.03034725159517505	0.03034725159517505	0.03034725159517505	0.03034725159517505	0.05400136272205229	0.03034725159517505	0.05764084428254055	0.05400136272205229	0.03034725159517505	0.05400136272205229	0.05400136272205229	0.0341086088557083	0.0341086088557083	0.0341086088557083	0.0606945031903501	0.0606945031903501	0.11469586591240238	0.03774809041619656	0.11411004325972368
UP000009246	0.05773239983101929	0.029635664858880403	0.029635664858880403	0.029635664858880403	0.029635664858880403	0.05773239983101929	0.029635664858880403	0.06108325285626439	0.05773239983101929	0.029635664858880403	0.05773239983101929	0.05773239983101929	0.030425640860194683	0.030425640860194683	0.030425640860194683	0.05927132971776081	0.05927132971776081	0.11700372954878009	0.03377649388543978	0.1118409533850314
UP000002665	0.03305932305599337	0.03227849323070417	0.03227849323070417	0.03227849323070417	0.03227849323070417	0.03305932305599337	0.03227849323070417	0.03837478039478183	0.03305932305599337	0.03227849323070417	0.03305932305599337	0.03305932305599337	0.06303221172919493	0.06303221172919493	0.06303221172919493	0.06455698646140834	0.06455698646140834	0.09761630951740172	0.06834766906798338	0.11848305824523978
UP000002092	0.031251147229639266	0.03221910311728297	0.03221910311728297	0.03221910311728297	0.03221910311728297	0.031251147229639266	0.03221910311728297	0.03670289089436471	0.031251147229639266	0.03221910311728297	0.031251147229639266	0.031251147229639266	0.0664340798789994	0.0664340798789994	0.0664340798789994	0.06443820623456593	0.06443820623456593	0.09568935346420519	0.07188582354372483	0.11797292513968097
UP000007016	0.043594501349447826	0.03181685546880173	0.03181685546880173	0.03181685546880173	0.03181685546880173	0.043594501349447826	0.03181685546880173	0.04806912486609052	0.043594501349447826	0.03181685546880173	0.043594501349447826	0.043594501349447826	0.04644220076325937	0.04644220076325937	0.04644220076325937	0.06363371093760346	0.06363371093760346	0.10722821228705129	0.05091682427990207	0.11831817484192154
UP000009115	0.03351522606328978	0.03228608133383114	0.03228608133383114	0.03228608133383114	0.03228608133383114	0.03351522606328978	0.03228608133383114	0.03879572422322131	0.03351522606328978	0.03228608133383114	0.03351522606328978	0.03351522606328978	0.06220402905391834	0.06220402905391834	0.06220402905391834	0.06457216266766228	0.06457216266766228	0.09808738873095205	0.06748452721384988	0.11858332901546147
UP000002131	0.01697951195534762	0.029479900144878925	0.029479900144878925	0.029479900144878925	0.029479900144878925	0.01697951195534762	0.029479900144878925	0.023214807619996482	0.01697951195534762	0.029479900144878925	0.01697951195534762	0.01697951195534762	0.10236625349862595	0.10236625349862595	0.10236625349862595	0.05895980028975785	0.05895980028975785	0.07593931224510547	0.10860154916327482	0.10544900925021797
UP000009294	0.013785123611460826	0.028010739288538145	0.028010739288538145	0.028010739288538145	0.028010739288538145	0.013785123611460826	0.028010739288538145	0.020042533325014666	0.013785123611460826	0.028010739288538145	0.013785123611460826	0.013785123611460826	0.113833076525791	0.113833076525791	0.113833076525791	0.05602147857707629	0.05602147857707629	0.06980660218853711	0.12009048623934483	0.0995281377270449
UP000008446	0.053224217788078725	0.03048438029720726	0.03048438029720726	0.03048438029720726	0.03048438029720726	0.053224217788078725	0.03048438029720726	0.056924743434432476	0.053224217788078725	0.03048438029720726	0.053224217788078725	0.053224217788078725	0.03492009768203318	0.03492009768203318	0.03492009768203318	0.06096876059441452	0.06096876059441452	0.11419297838249323	0.038620623328386935	0.11453646989612155
UP000002326	0.043540145131578493	0.03182222061689823	0.03182222061689823	0.03182222061689823	0.03182222061689823	0.043540145131578493	0.03182222061689823	0.04801918766575394	0.043540145131578493	0.03182222061689823	0.043540145131578493	0.043540145131578493	0.04651586355214476	0.04651586355214476	0.04651586355214476	0.06364444123379646	0.06364444123379646	0.10718458636537495	0.050994906086320214	0.11833079739924202
UP000007219	0.030673666771947328	0.032189816870370605	0.032189816870370605	0.032189816870370605	0.032189816870370605	0.030673666771947328	0.032189816870370605	0.03616802931816839	0.030673666771947328	0.032189816870370605	0.030673666771947328	0.030673666771947328	0.06756181566760977	0.06756181566760977	0.06756181566760977	0.06437963374074121	0.06437963374074121	0.09505330051268854	0.07305617821383081	0.11777054238904028
UP000006540	0.042118724151267876	0.031952787811326815	0.031952787811326815	0.031952787811326815	0.031952787811326815	0.042118724151267876	0.031952787811326815	0.046713295990759324	0.042118724151267876	0.031952787811326815	0.042118724151267876	0.042118724151267876	0.048481081489973946	0.048481081489973946	0.048481081489973946	0.06390557562265363	0.06390557562265363	0.1060242997739215	0.05307565332946539	0.11862200756632436
UP000000840	0.03487564344541718	0.03229201427683506	0.03229201427683506	0.03229201427683506	0.03229201427683506	0.03487564344541718	0.03229201427683506	0.04005062508299509	0.03487564344541718	0.03229201427683506	0.03487564344541718	0.03487564344541718	0.05979956686317968	0.05979956686317968	0.05979956686317968	0.06458402855367013	0.06458402855367013	0.0994596719990873	0.06497454850075758	0.11881809383218443
UP000201106	0.037763043358331964	0.03222721560855501	0.03222721560855501	0.03222721560855501	0.03222721560855501	0.037763043358331964	0.03222721560855501	0.04270941466395255	0.037763043358331964	0.03222721560855501	0.037763043358331964	0.037763043358331964	0.055005811688699	0.055005811688699	0.055005811688699	0.06445443121711002	0.06445443121711002	0.102217474575442	0.0599521829943196	0.11901611982297887
UP000008920	0.04155045800600798	0.03199960875680758	0.03199960875680758	0.03199960875680758	0.03199960875680758	0.04155045800600798	0.03199960875680758	0.046191174213154655	0.04155045800600798	0.03199960875680758	0.04155045800600798	0.04155045800600798	0.0492882634622557	0.0492882634622557	0.0492882634622557	0.06399921751361516	0.06399921751361516	0.10554967551962313	0.05392897966940238	0.11871700261293697
UP000009253	0.04607362808431472	0.03154435250746446	0.03154435250746446	0.03154435250746446	0.03154435250746446	0.04607362808431472	0.03154435250746446	0.05034689126177564	0.04607362808431472	0.03154435250746446	0.04607362808431472	0.04607362808431472	0.043193740822591406	0.043193740822591406	0.043193740822591406	0.06308870501492891	0.06308870501492891	0.10916233309924364	0.04746700400005233	0.11763088367493599
UP000008286	0.05171753107605087	0.03073869526302946	0.03073869526302946	0.03073869526302946	0.03073869526302946	0.05171753107605087	0.03073869526302946	0.055537203761482225	0.05171753107605087	0.03073869526302946	0.05171753107605087	0.05171753107605087	0.03653953956479314	0.03653953956479314	0.03653953956479314	0.06147739052605892	0.06147739052605892	0.1131949216021098	0.040359212250224485	0.11531543568125516
UP000007908	0.0351760811891418	0.03229005649948583	0.03229005649948583	0.03229005649948583	0.03229005649948583	0.0351760811891418	0.03229005649948583	0.040327543263108716	0.0351760811891418	0.03229005649948583	0.0351760811891418	0.0351760811891418	0.05928163192105852	0.05928163192105852	0.05928163192105852	0.06458011299897166	0.06458011299897166	0.09975619418811345	0.06443309399502545	0.11885730185000948
UP000007670	0.03495311091497966	0.032291620177514246	0.032291620177514246	0.032291620177514246	0.032291620177514246	0.03495311091497966	0.032291620177514246	0.04012203501628242	0.03495311091497966	0.032291620177514246	0.03495311091497966	0.03495311091497966	0.05966557518872862	0.05966557518872862	0.05966557518872862	0.06458324035502849	0.06458324035502849	0.09953635127000814	0.06483449929003138	0.11882863250745145
UP000002501	0.049949092518445815	0.03101695311324327	0.03101695311324327	0.03101695311324327	0.03101695311324327	0.049949092518445815	0.03101695311324327	0.053909811990101295	0.049949092518445815	0.03101695311324327	0.049949092518445815	0.049949092518445815	0.038521275639746735	0.038521275639746735	0.038521275639746735	0.06203390622648654	0.06203390622648654	0.11198299874493237	0.04248199511140222	0.11614637350966212
UP000008167	0.025510550669784308	0.03167482646596161	0.03167482646596161	0.03167482646596161	0.03167482646596161	0.025510550669784308	0.03167482646596161	0.03135875104256594	0.025510550669784308	0.03167482646596161	0.025510550669784308	0.025510550669784308	0.07865723046403102	0.07865723046403102	0.07865723046403102	0.06334965293192323	0.06334965293192323	0.08886020360170754	0.08450543083681264	0.1150029051182832
UP000110594	0.00839193109706041	0.024131821001594774	0.024131821001594774	0.024131821001594774	0.024131821001594774	0.00839193109706041	0.024131821001594774	0.014360336208977474	0.00839193109706041	0.024131821001594774	0.00839193109706041	0.00839193109706041	0.1387868365737652	0.1387868365737652	0.1387868365737652	0.04826364200318955	0.04826364200318955	0.056655573100249955	0.14475524168568227	0.08459047378254497
UP000008447	0.039423108683600244	0.03214616735531816	0.03214616735531816	0.03214616735531816	0.03214616735531816	0.039423108683600244	0.03214616735531816	0.04423604952837553	0.039423108683600244	0.03214616735531816	0.039423108683600244	0.039423108683600244	0.052424890382426925	0.052424890382426925	0.052424890382426925	0.06429233471063632	0.06429233471063632	0.10371544339423658	0.05723783122720222	0.11895878773172207
UP000002325	0.038344008942100404	0.03220231623137362	0.03220231623137362	0.03220231623137362	0.03220231623137362	0.038344008942100404	0.03220231623137362	0.043243811391603965	0.038344008942100404	0.03220231623137362	0.038344008942100404	0.038344008942100404	0.05408871942582981	0.05408871942582981	0.05408871942582981	0.06440463246274725	0.06440463246274725	0.10274864140484763	0.058988521875333384	0.11900966002648733
UP000006541	0.033417066657705656	0.03228469036000201	0.03228469036000201	0.03228469036000201	0.03228469036000201	0.033417066657705656	0.03228469036000201	0.03870511007771287	0.033417066657705656	0.03228469036000201	0.033417066657705656	0.033417066657705656	0.062381371909007	0.062381371909007	0.062381371909007	0.06456938072000402	0.06456938072000402	0.09798644737770969	0.06766941532901423	0.1185626745999936
UP000138352	0.044782812500972026	0.03169292940166437	0.03169292940166437	0.03169292940166437	0.03169292940166437	0.044782812500972026	0.03169292940166437	0.04916085338500236	0.044782812500972026	0.03169292940166437	0.044782812500972026	0.044782812500972026	0.04485836051664151	0.04485836051664151	0.04485836051664151	0.06338585880332874	0.06338585880332874	0.10816867130430077	0.04923640140067184	0.11801563583859678
UP000006711	0.02117574410390136	0.03081482744788973	0.03081482744788973	0.03081482744788973	0.03081482744788973	0.02117574410390136	0.03081482744788973	0.027263729946342734	0.02117574410390136	0.03081482744788973	0.02117574410390136	0.02117574410390136	0.08968313802661368	0.08968313802661368	0.08968313802661368	0.06162965489577946	0.06162965489577946	0.08280539899968081	0.09577112386905506	0.11108333810667617
UP000008622	0.05569980840042431	0.030033992588646134	0.030033992588646134	0.030033992588646134	0.030033992588646134	0.05569980840042431	0.030033992588646134	0.059206945999241554	0.05569980840042431	0.030033992588646134	0.05569980840042431	0.05569980840042431	0.032389364944672934	0.032389364944672934	0.032389364944672934	0.06006798517729227	0.06006798517729227	0.11576779357771659	0.035896502543490166	0.11312169515695006
UP000001189	0.02473126432735383	0.031552503051197764	0.031552503051197764	0.031552503051197764	0.031552503051197764	0.02473126432735383	0.031552503051197764	0.03062734233329075	0.02473126432735383	0.031552503051197764	0.02473126432735383	0.02473126432735383	0.0805102752223397	0.0805102752223397	0.0805102752223397	0.06310500610239553	0.06310500610239553	0.08783627042974937	0.08640635322827661	0.11441785619291722
UP000516359	0.058194028889466204	0.02954177757506559	0.02954177757506559	0.02954177757506559	0.02954177757506559	0.058194028889466204	0.02954177757506559	0.06150972806050516	0.058194028889466204	0.02954177757506559	0.058194028889466204	0.058194028889466204	0.029993339143171784	0.029993339143171784	0.029993339143171784	0.05908355515013118	0.05908355515013118	0.1172775840395974	0.03330903831421075	0.11153571195818444
UP000002477	0.03660477008714072	0.032265288066124574	0.032265288066124574	0.032265288066124574	0.032265288066124574	0.03660477008714072	0.032265288066124574	0.04164348038643713	0.03660477008714072	0.032265288066124574	0.03660477008714072	0.03660477008714072	0.05688050008300542	0.05688050008300542	0.05688050008300542	0.06453057613224915	0.06453057613224915	0.10113534621938987	0.06191921038230183	0.11898373166590549
UP000009104	0.044367565986338994	0.03173766288945108	0.03173766288945108	0.03173766288945108	0.03173766288945108	0.044367565986338994	0.03173766288945108	0.04877934890219445	0.044367565986338994	0.03173766288945108	0.044367565986338994	0.044367565986338994	0.045406107966102394	0.045406107966102394	0.045406107966102394	0.06347532577890216	0.06347532577890216	0.10784289176524116	0.04981789088195786	0.11812708572609341
UP000007218	0.044793556519154246	0.03169175189428299	0.03169175189428299	0.03169175189428299	0.03169175189428299	0.044793556519154246	0.03169175189428299	0.049170724539883734	0.044793556519154246	0.03169175189428299	0.044793556519154246	0.044793556519154246	0.04484426851434808	0.04484426851434808	0.04484426851434808	0.06338350378856598	0.06338350378856598	0.10817706030772023	0.04922143653507757	0.11801267153567299
UP000000518	0.021620510427904343	0.03092465692727146	0.03092465692727146	0.03092465692727146	0.03092465692727146	0.021620510427904343	0.03092465692727146	0.027687255504606042	0.021620510427904343	0.03092465692727146	0.021620510427904343	0.021620510427904343	0.08846547904208155	0.08846547904208155	0.08846547904208155	0.06184931385454292	0.06184931385454292	0.08346982428244726	0.09453222411878325	0.11156513755568244
UP000008774	0.020665516227459272	0.0306820491827024	0.0306820491827024	0.0306820491827024	0.0306820491827024	0.020665516227459272	0.0306820491827024	0.026776731916914782	0.020665516227459272	0.0306820491827024	0.020665516227459272	0.020665516227459272	0.09110714987113663	0.09110714987113663	0.09110714987113663	0.0613640983654048	0.0613640983654048	0.08202961459286408	0.09721836556059214	0.11050576535189857
UP000001833	0.04586084099631125	0.03156981970505448	0.03156981970505448	0.03156981970505448	0.03156981970505448	0.04586084099631125	0.03156981970505448	0.05015136151786337	0.04586084099631125	0.03156981970505448	0.04586084099631125	0.04586084099631125	0.043464249436237376	0.043464249436237376	0.043464249436237376	0.06313963941010896	0.06313963941010896	0.10900048040642023	0.04775476995778949	0.11769823777711369
UP000002138	0.02499760096296433	0.03159577433051406	0.03159577433051406	0.03159577433051406	0.03159577433051406	0.02499760096296433	0.03159577433051406	0.030877517415893587	0.02499760096296433	0.03159577433051406	0.02499760096296433	0.02499760096296433	0.07987110099275614	0.07987110099275614	0.07987110099275614	0.06319154866102812	0.06319154866102812	0.08818914962399246	0.0857510174456854	0.1146232644161977
UP000008478	0.04709079364602454	0.0314174356139048	0.0314174356139048	0.0314174356139048	0.0314174356139048	0.04709079364602454	0.0314174356139048	0.05128167176525056	0.04709079364602454	0.0314174356139048	0.04709079364602454	0.04709079364602454	0.041921368663837846	0.041921368663837846	0.041921368663837846	0.0628348712278096	0.0628348712278096	0.10992566487383415	0.046112246783063866	0.11728798621716717
UP000158064	0.04623949342828742	0.03152423862335094	0.03152423862335094	0.03152423862335094	0.03152423862335094	0.04623949342828742	0.03152423862335094	0.05049930964579295	0.04623949342828742	0.03152423862335094	0.04623949342828742	0.04623949342828742	0.042983932007093266	0.042983932007093266	0.042983932007093266	0.06304847724670189	0.06304847724670189	0.1092879706749893	0.0472437482245988	0.1175773220583927
UP000001065	0.05977193629924711	0.02921164411605224	0.02921164411605224	0.02921164411605224	0.02921164411605224	0.05977193629924711	0.02921164411605224	0.06296848165432017	0.05977193629924711	0.02921164411605224	0.05977193629924711	0.05977193629924711	0.02855253501210861	0.02855253501210861	0.02855253501210861	0.05842328823210448	0.05842328823210448	0.11819522453135159	0.03174908036718168	0.1104534857540628
UP000002473	0.03913822836514048	0.03216221806114634	0.03216221806114634	0.03216221806114634	0.03216221806114634	0.03913822836514048	0.03216221806114634	0.04397414138045911	0.03913822836514048	0.03216221806114634	0.03913822836514048	0.03913822836514048	0.05285922811641885	0.05285922811641885	0.05285922811641885	0.06432443612229267	0.06432443612229267	0.10346266448743315	0.05769514113173748	0.11897704621394807
UP000001594	0.026679107465499265	0.03183465399351024	0.03183465399351024	0.03183465399351024	0.03183465399351024	0.026679107465499265	0.03183465399351024	0.032452365867265506	0.026679107465499265	0.03183465399351024	0.026679107465499265	0.026679107465499265	0.07597294596133534	0.07597294596133534	0.07597294596133534	0.06366930798702047	0.06366930798702047	0.09034841545251973	0.0817462043631016	0.11579209917050845
UP000000868	0.04710123436356522	0.03141608907697935	0.03141608907697935	0.03141608907697935	0.03141608907697935	0.04710123436356522	0.03141608907697935	0.05129126789011584	0.04710123436356522	0.03141608907697935	0.04710123436356522	0.04710123436356522	0.04190848355584347	0.04190848355584347	0.04190848355584347	0.0628321781539587	0.0628321781539587	0.10993341251752392	0.04609851708239409	0.11728428925481615
UP000009165	0.04468794591448818	0.03170328265966194	0.03170328265966194	0.03170328265966194	0.03170328265966194	0.04468794591448818	0.03170328265966194	0.04907369434031611	0.04468794591448818	0.03170328265966194	0.04468794591448818	0.04468794591448818	0.04498296401099792	0.04498296401099792	0.04498296401099792	0.06340656531932388	0.06340656531932388	0.10809451123381207	0.04936871243682585	0.11804163378699191
UP000002243	0.04916506161824526	0.031133027479636696	0.031133027479636696	0.031133027479636696	0.031133027479636696	0.04916506161824526	0.031133027479636696	0.05318867501069804	0.04916506161824526	0.031133027479636696	0.04916506161824526	0.04916506161824526	0.039429032249524015	0.039429032249524015	0.039429032249524015	0.06226605495927339	0.06226605495927339	0.11143111657751865	0.0434526456419768	0.11648488313364122
UP000242267	0.05355110397831325	0.03042718541514351	0.03042718541514351	0.03042718541514351	0.03042718541514351	0.05355110397831325	0.03042718541514351	0.05722591730992678	0.05355110397831325	0.03042718541514351	0.05355110397831325	0.05355110397831325	0.034576826377377815	0.034576826377377815	0.034576826377377815	0.06085437083028702	0.06085437083028702	0.11440547480860026	0.03825163970899134	0.11435911499734697
UP000158680	0.01812870906823519	0.02990429932276077	0.02990429932276077	0.02990429932276077	0.02990429932276077	0.01812870906823519	0.02990429932276077	0.024334629732248852	0.01812870906823519	0.02990429932276077	0.01812870906823519	0.01812870906823519	0.09865756183954535	0.09865756183954535	0.09865756183954535	0.05980859864552154	0.05980859864552154	0.07793730771375673	0.10486348250355902	0.10720535596301575
UP000153037	0.0223799169826186	0.03109995968464698	0.03109995968464698	0.03109995968464698	0.03109995968464698	0.0223799169826186	0.03109995968464698	0.028408399424119095	0.0223799169826186	0.03109995968464698	0.0223799169826186	0.0223799169826186	0.08643530654182953	0.08643530654182953	0.08643530654182953	0.06219991936929396	0.06219991936929396	0.08457983635191256	0.09246378898333003	0.11234287385558694
UP000000373	0.04378608904182705	0.03179773084990462	0.03179773084990462	0.03179773084990462	0.03179773084990462	0.04378608904182705	0.03179773084990462	0.048245137237817926	0.04378608904182705	0.03179773084990462	0.04378608904182705	0.04378608904182705	0.04618342077718417	0.04618342077718417	0.04618342077718417	0.06359546169980924	0.06359546169980924	0.10738155074163629	0.050642468973175044	0.11827282700763671
UP000000522	0.04177395567638341	0.03198156873470381	0.03198156873470381	0.03198156873470381	0.03198156873470381	0.04177395567638341	0.03198156873470381	0.04639652800525622	0.04177395567638341	0.03198156873470381	0.04177395567638341	0.04177395567638341	0.04896930262751382	0.04896930262751382	0.04896930262751382	0.06396313746940761	0.06396313746940761	0.10573709314579102	0.05359187495638664	0.1186811302810696
UP000007081	0.04380952932709427	0.03179536815560506	0.03179536815560506	0.03179536815560506	0.03179536815560506	0.04380952932709427	0.03179536815560506	0.0482666719629568	0.04380952932709427	0.03179536815560506	0.04380952932709427	0.04380952932709427	0.0461518510551648	0.0461518510551648	0.0461518510551648	0.06359073631121012	0.06359073631121012	0.10740026563830438	0.050608993691027324	0.11826718735069516
UP000002246	0.058198941864489796	0.029540771705418262	0.029540771705418262	0.029540771705418262	0.029540771705418262	0.058198941864489796	0.029540771705418262	0.06151426760637419	0.058198941864489796	0.029540771705418262	0.058198941864489796	0.058198941864489796	0.029988764915469836	0.029988764915469836	0.029988764915469836	0.059081543410836525	0.059081543410836525	0.11728048527532632	0.033304090657354235	0.11153243533790426
UP000006723	0.03177529107927485	0.032241269475834146	0.032241269475834146	0.032241269475834146	0.032241269475834146	0.03177529107927485	0.032241269475834146	0.0371879501808131	0.03177529107927485	0.032241269475834146	0.03177529107927485	0.03177529107927485	0.06542816270793243	0.06542816270793243	0.06542816270793243	0.06448253895166829	0.06448253895166829	0.09625783003094314	0.07084082180947068	0.11813975970026007
UP000000469	0.04686386473477418	0.03144648463924965	0.03144648463924965	0.03144648463924965	0.03144648463924965	0.04686386473477418	0.03144648463924965	0.05107310571876168	0.04686386473477418	0.03144648463924965	0.04686386473477418	0.04686386473477418	0.0422022981571466	0.0422022981571466	0.0422022981571466	0.0628929692784993	0.0628929692784993	0.10975683401327345	0.04641153914113411	0.11736745658902357
UP000000869	0.018636487319120165	0.03007671158363602	0.03007671158363602	0.03007671158363602	0.03007671158363602	0.018636487319120165	0.03007671158363602	0.024826517947787164	0.018636487319120165	0.03007671158363602	0.018636487319120165	0.018636487319120165	0.09707930085699562	0.09707930085699562	0.09707930085699562	0.06015342316727204	0.06015342316727204	0.0787899104863922	0.10326933148566263	0.1079267850772101
UP000126245	0.040485256050794984	0.03207877774720082	0.03207877774720082	0.03207877774720082	0.03207877774720082	0.040485256050794984	0.03207877774720082	0.045212336065020654	0.040485256050794984	0.03207877774720082	0.040485256050794984	0.040485256050794984	0.050835690922305506	0.050835690922305506	0.050835690922305506	0.06415755549440164	0.06415755549440164	0.10464281154519661	0.05556277093653118	0.1188609509603519
