	AAA	AAC	AAG	AAT	ACA	ACC	ACG	ACT	AGA	AGC	AGG	AGT	ATA	ATC	ATG	ATT	CAA	CAC	CAG	CAT	CCA	CCC	CCG	CCT	CGA	CGC	CGG	CGT	CTA	CTC	CTG	CTT	GAA	GAC	GAG	GAT	GCA	GCC	GCG	GCT	GGA	GGC	GGG	GGT	GTA	GTC	GTG	GTT	TAA	TAC	TAG	TAT	TCA	TCC	TCG	TCT	TGA	TGC	TGG	TGT	TTA	TTC	TTG	TTT
Start	968238.0	466885.0	565847.0	463390.0	356335.0	730321.0	419613.0	270929.0	231304.0	435511.0	144377.0	237227.0	297794.0	678170.0	2798001.0	558261.0	381651.0	265770.0	419412.0	211242.0	192555.0	415628.0	410939.0	198142.0	193993.0	503194.0	269111.0	267561.0	141158.0	464180.0	656781.0	314580.0	652677.0	583268.0	441792.0	473586.0	418752.0	660682.0	480861.0	303405.0	242006.0	382345.0	188241.0	219014.0	237892.0	439341.0	866305.0	307451.0	186.0	231569.0	106.0	257585.0	230572.0	355981.0	259597.0	210566.0	1155.0	99291.0	224842.0	72480.0	366417.0	385595.0	461585.0	445688.0
AAA	1942930.0	687774.0	827385.0	1150913.0	566215.0	628101.0	397290.0	490723.0	388125.0	457857.0	160234.0	429812.0	662571.0	885602.0	878215.0	1327684.0	842460.0	301190.0	682611.0	475703.0	372052.0	295447.0	444937.0	407173.0	175413.0	501173.0	243856.0	404423.0	297062.0	436359.0	887573.0	665344.0	1934910.0	771549.0	869907.0	1423235.0	806083.0	898590.0	682427.0	756493.0	644641.0	807602.0	361697.0	732796.0	617218.0	532447.0	679426.0	802758.0	51496.0	481907.0	16666.0	889421.0	436560.0	335685.0	291412.0	467366.0	32122.0	177138.0	426477.0	195155.0	969105.0	571565.0	604250.0	1098555.0
AAC	687774.0	829790.0	797744.0	491652.0	248945.0	1021400.0	552645.0	218251.0	132430.0	550809.0	113595.0	197759.0	208341.0	1158756.0	754931.0	556066.0	397726.0	468045.0	913982.0	270675.0	186654.0	488307.0	794936.0	200490.0	120715.0	949381.0	492225.0	306795.0	128355.0	782527.0	1542749.0	329916.0	983293.0	1285984.0	1114283.0	769896.0	457626.0	1614070.0	1194156.0	399247.0	364463.0	1608838.0	459308.0	537124.0	272269.0	949004.0	1015657.0	378120.0	17409.0	611440.0	8878.0	427799.0	189448.0	452759.0	479743.0	193839.0	25772.0	234783.0	465890.0	94928.0	295182.0	863364.0	376255.0	473494.0
AAG	827385.0	797744.0	1251246.0	548603.0	277516.0	1076278.0	610329.0	248592.0	176662.0	566573.0	152514.0	224573.0	277456.0	1304852.0	854226.0	642197.0	418217.0	493248.0	1037178.0	325590.0	206191.0	541692.0	879749.0	242383.0	136931.0	1068441.0	560289.0	341027.0	143984.0	874643.0	1649817.0	410552.0	1202742.0	1443242.0	1477584.0	906495.0	515392.0	1858750.0	1363145.0	485464.0	401019.0	1659103.0	487886.0	550153.0	311962.0	1084243.0	1148241.0	445891.0	27903.0	631915.0	15877.0	505207.0	210449.0	505699.0	525269.0	224057.0	40100.0	249198.0	497354.0	107863.0	337444.0	908779.0	425564.0	536975.0
AAT	1150913.0	491652.0	548603.0	898682.0	401660.0	462252.0	312362.0	356742.0	261507.0	338420.0	112522.0	334131.0	457728.0	613251.0	610904.0	933209.0	569561.0	202690.0	506042.0	342295.0	259245.0	220698.0	336947.0	288524.0	124381.0	370704.0	193228.0	273160.0	205755.0	321301.0	651500.0	454492.0	1197389.0	530813.0	605570.0	1025075.0	556187.0	663952.0	528180.0	530971.0	480575.0	642958.0	296528.0	550725.0	416065.0	394824.0	514887.0	546869.0	23703.0	324770.0	8386.0	660194.0	313139.0	240821.0	235417.0	334397.0	17509.0	127011.0	306779.0	140845.0	679683.0	415696.0	443020.0	781462.0
ACA	566215.0	248945.0	277516.0	401660.0	258022.0	250272.0	183807.0	193825.0	135106.0	177533.0	61418.0	166789.0	225879.0	323084.0	333266.0	465697.0	300506.0	118375.0	256808.0	172840.0	161227.0	128263.0	189911.0	160543.0	74260.0	193392.0	110991.0	148784.0	115117.0	186386.0	335724.0	252737.0	608315.0	293734.0	317493.0	498408.0	347565.0	364829.0	293786.0	302835.0	281207.0	327707.0	161847.0	308232.0	237362.0	221000.0	266171.0	300037.0	12450.0	171848.0	4722.0	311091.0	178359.0	132118.0	125669.0	175927.0	11046.0	67597.0	166482.0	73316.0	344798.0	224637.0	226884.0	390892.0
ACC	628101.0	1021400.0	1076278.0	462252.0	250272.0	1830448.0	858046.0	227227.0	109304.0	815259.0	154275.0	218254.0	171521.0	1699884.0	1029263.0	565309.0	422434.0	773034.0	1358754.0	343914.0	210580.0	933033.0	1378769.0	234027.0	174026.0	1651149.0	961426.0	410585.0	134145.0	1397106.0	2676652.0	366781.0	1123136.0	2072206.0	1776618.0	886742.0	561416.0	3048494.0	2080340.0	471205.0	449407.0	2633762.0	774765.0	693802.0	282784.0	1666035.0	1680220.0	394984.0	15297.0	846670.0	11553.0	452236.0	183066.0	739774.0	732822.0	182991.0	40399.0	351027.0	699144.0	107005.0	249827.0	1256569.0	480677.0	496131.0
ACG	397290.0	552645.0	610329.0	312362.0	183807.0	858046.0	628770.0	145829.0	77081.0	463568.0	101328.0	146720.0	114914.0	945906.0	613979.0	390717.0	272797.0	403241.0	770638.0	231643.0	143481.0	475030.0	835056.0	158325.0	117566.0	888113.0	564292.0	257252.0	86601.0	772999.0	1463631.0	256880.0	683125.0	1087218.0	1014126.0	572670.0	375595.0	1513400.0	1362056.0	312773.0	297491.0	1397385.0	492493.0	414587.0	184371.0	912273.0	998472.0	267397.0	10827.0	463903.0	8746.0	308599.0	129063.0	391753.0	482818.0	126261.0	27626.0	199194.0	407418.0	70833.0	182423.0	727002.0	329838.0	338326.0
ACT	490723.0	218251.0	248592.0	356742.0	193825.0	227227.0	145829.0	189960.0	114525.0	154181.0	50287.0	151938.0	187854.0	277544.0	281826.0	407950.0	264896.0	101045.0	226641.0	148797.0	133529.0	111214.0	159973.0	147090.0	61797.0	171522.0	91196.0	143723.0	101113.0	156066.0	295810.0	214341.0	525479.0	248819.0	277599.0	444169.0	279043.0	317386.0	250130.0	287195.0	231196.0	293086.0	140047.0	291680.0	201123.0	187309.0	238572.0	271651.0	10330.0	147617.0	3957.0	269129.0	146476.0	113335.0	106845.0	163255.0	8959.0	57404.0	144789.0	65110.0	301631.0	193208.0	207612.0	340290.0
AGA	388125.0	132430.0	176662.0	261507.0	135106.0	109304.0	77081.0	114525.0	133350.0	87826.0	53408.0	101205.0	185849.0	156570.0	187480.0	277542.0	169281.0	59403.0	131313.0	103664.0	87520.0	60770.0	81681.0	98448.0	43364.0	81952.0	54979.0	70937.0	71138.0	90376.0	150371.0	162218.0	399544.0	148507.0	194253.0	309338.0	180307.0	159046.0	123770.0	168335.0	175183.0	138415.0	84440.0	157485.0	146594.0	99122.0	125330.0	180470.0	11019.0	94169.0	4266.0	200858.0	105240.0	68220.0	57909.0	111734.0	8509.0	37237.0	90124.0	46951.0	221404.0	112011.0	125864.0	249544.0
AGC	457857.0	550809.0	566573.0	338420.0	177533.0	815259.0	463568.0	154181.0	87826.0	506676.0	97206.0	161226.0	144857.0	870203.0	579156.0	400254.0	301765.0	368544.0	744244.0	227883.0	138825.0	424701.0	671279.0	155673.0	105583.0	821666.0	457884.0	239025.0	100467.0	668112.0	1381280.0	262733.0	714115.0	980948.0	898067.0	582061.0	366060.0	1419756.0	1085903.0	313901.0	275490.0	1273787.0	402012.0	385825.0	195421.0	772580.0	876389.0	270608.0	12627.0	429582.0	7909.0	310382.0	136766.0	356194.0	391166.0	135597.0	23031.0	192722.0	381078.0	73117.0	199767.0	642124.0	318220.0	364537.0
AGG	160234.0	113595.0	152514.0	112522.0	61418.0	154275.0	101328.0	50287.0	53408.0	97206.0	58920.0	50825.0	80219.0	177486.0	143965.0	126238.0	81795.0	81071.0	159889.0	66951.0	45158.0	103233.0	144951.0	57285.0	36513.0	156125.0	125076.0	58218.0	33159.0	147412.0	262060.0	96958.0	218106.0	212338.0	244122.0	173125.0	106199.0	282086.0	226199.0	94792.0	97713.0	221293.0	111682.0	98304.0	68473.0	159960.0	188332.0	91044.0	5843.0	94954.0	4079.0	99687.0	48186.0	88794.0	83110.0	49435.0	10541.0	45846.0	91915.0	26011.0	74188.0	134137.0	92350.0	122985.0
AGT	429812.0	197759.0	224573.0	334131.0	166789.0	218254.0	146720.0	151938.0	101205.0	161226.0	50825.0	157430.0	175716.0	262712.0	270555.0	381447.0	246456.0	97281.0	233185.0	144369.0	113067.0	109084.0	161019.0	124893.0	62064.0	173649.0	105475.0	127138.0	94481.0	160904.0	326601.0	195938.0	465757.0	234723.0	275343.0	413905.0	246250.0	327107.0	267863.0	240732.0	204254.0	284948.0	147583.0	249001.0	175339.0	191691.0	256544.0	233782.0	9363.0	137072.0	4037.0	254917.0	134348.0	109943.0	112227.0	140360.0	8273.0	56636.0	146553.0	63169.0	282746.0	180554.0	210339.0	330775.0
ATA	662571.0	208341.0	277456.0	457728.0	225879.0	171521.0	114914.0	187854.0	185849.0	144857.0	80219.0	175716.0	401258.0	245381.0	311577.0	480197.0	248543.0	84637.0	192839.0	162365.0	135661.0	95171.0	120638.0	158145.0	54400.0	113443.0	70787.0	96065.0	123605.0	132687.0	247254.0	270663.0	605232.0	218978.0	280534.0	486700.0	289697.0	244312.0	179187.0	264909.0	291906.0	226258.0	137328.0	256157.0	256510.0	144073.0	199002.0	289661.0	14720.0	148671.0	5495.0	342585.0	178095.0	107877.0	88976.0	185873.0	8944.0	57967.0	138638.0	79544.0	402691.0	183489.0	209055.0	460235.0
ATC	885602.0	1158756.0	1304852.0	613251.0	323084.0	1699884.0	945906.0	277544.0	156570.0	870203.0	177486.0	262712.0	245381.0	2125922.0	1302451.0	792811.0	513520.0	807332.0	1453896.0	446559.0	262954.0	901169.0	1459446.0	290733.0	202650.0	1740786.0	967640.0	481272.0	180740.0	1512237.0	2936293.0	509800.0	1438833.0	2166022.0	1950347.0	1133495.0	678571.0	2949935.0	2270062.0	576349.0	562108.0	2851589.0	855917.0	820317.0	362390.0	1755758.0	1861998.0	523293.0	24320.0	923411.0	15080.0	595823.0	244093.0	769297.0	858120.0	246637.0	45490.0	380760.0	764491.0	130710.0	362906.0	1521413.0	615092.0	684993.0
ATG	878215.0	754931.0	854226.0	610904.0	333266.0	1029263.0	613979.0	281826.0	187480.0	579156.0	143965.0	270555.0	311577.0	1302451.0	1035568.0	817264.0	486203.0	500833.0	966771.0	387887.0	255685.0	554980.0	889158.0	282552.0	159114.0	1031506.0	567220.0	389621.0	181420.0	865483.0	1813866.0	477624.0	1190218.0	1264914.0	1198896.0	977505.0	615714.0	1755896.0	1385673.0	546741.0	497475.0	1668732.0	574400.0	678430.0	375978.0	1027047.0	1196890.0	519954.0	21558.0	595218.0	10768.0	562297.0	259700.0	501158.0	536556.0	268869.0	27651.0	256576.0	544456.0	136173.0	462616.0	962076.0	533388.0	710498.0
ATT	1327684.0	556066.0	642197.0	933209.0	465697.0	565309.0	390717.0	407950.0	277542.0	400254.0	126238.0	381447.0	480197.0	792811.0	817264.0	1242420.0	662197.0	261715.0	594251.0	418963.0	330483.0	280687.0	440350.0	362523.0	162216.0	465316.0	241213.0	373579.0	259601.0	407871.0	886400.0	584986.0	1400727.0	620996.0	712783.0	1162678.0	693883.0	826146.0	689664.0	665365.0	586782.0	814836.0	391517.0	724348.0	495592.0	491125.0	681198.0	697724.0	29588.0	376298.0	10658.0	713476.0	364997.0	298077.0	290437.0	394323.0	21024.0	153098.0	386387.0	167588.0	841687.0	530208.0	593401.0	1010011.0
CAA	842460.0	397726.0	418217.0	569561.0	300506.0	422434.0	272797.0	264896.0	169281.0	301765.0	81795.0	246456.0	248543.0	513520.0	486203.0	662197.0	605554.0	206725.0	487248.0	275422.0	228254.0	225981.0	309565.0	232577.0	131743.0	397482.0	200410.0	263274.0	176069.0	312609.0	584020.0	330849.0	1001154.0	494639.0	541064.0	758429.0	468842.0	664974.0	512587.0	442734.0	331250.0	543020.0	239573.0	409011.0	293742.0	358344.0	443919.0	400411.0	22636.0	272117.0	8530.0	427982.0	228326.0	203482.0	202901.0	237563.0	18233.0	106332.0	273819.0	99888.0	500138.0	343405.0	402093.0	536763.0
CAC	301190.0	468045.0	493248.0	202690.0	118375.0	773034.0	403241.0	101045.0	59403.0	368544.0	81071.0	97281.0	84637.0	807332.0	500833.0	261715.0	206725.0	483964.0	653003.0	193458.0	106874.0	451641.0	675217.0	113394.0	95796.0	864826.0	521633.0	206162.0	66130.0	697200.0	1285335.0	173652.0	571916.0	1098539.0	977749.0	431776.0	268512.0	1429683.0	1051190.0	223230.0	218258.0	1237037.0	387678.0	316786.0	134424.0	802801.0	820702.0	183444.0	8257.0	442379.0	6767.0	213590.0	88121.0	333724.0	344539.0	85157.0	23109.0	193137.0	372374.0	57504.0	121059.0	619022.0	230619.0	230692.0
CAG	682611.0	913982.0	1037178.0	506042.0	256808.0	1358754.0	770638.0	226641.0	131313.0	744244.0	159889.0	233185.0	192839.0	1453896.0	966771.0	594251.0	487248.0	653003.0	1520338.0	377048.0	214469.0	742268.0	1222807.0	251453.0	175151.0	1498566.0	851025.0	435829.0	136239.0	1123524.0	2370985.0	395658.0	1225704.0	1769231.0	1734449.0	966517.0	573124.0	2489688.0	1899693.0	502354.0	410377.0	2073463.0	659971.0	606839.0	286494.0	1309560.0	1473595.0	408758.0	21279.0	747888.0	14169.0	487990.0	194220.0	610826.0	658872.0	202819.0	40412.0	303544.0	627314.0	109525.0	269423.0	1072399.0	516280.0	517626.0
CAT	475703.0	270675.0	325590.0	342295.0	172840.0	343914.0	231643.0	148797.0	103664.0	227883.0	66951.0	144369.0	162365.0	446559.0	387887.0	418963.0	275422.0	193458.0	377048.0	242010.0	130740.0	194448.0	309569.0	149994.0	85929.0	373111.0	209972.0	189713.0	95980.0	281723.0	602018.0	231253.0	628563.0	432525.0	469809.0	541645.0	296692.0	601705.0	501738.0	275456.0	241136.0	544209.0	226832.0	299687.0	185140.0	335595.0	426111.0	255657.0	10672.0	214029.0	4729.0	317204.0	130246.0	166243.0	180442.0	136937.0	11991.0	110413.0	225883.0	78520.0	266641.0	308189.0	265657.0	361777.0
CCA	372052.0	186654.0	206191.0	259245.0	161227.0	210580.0	143481.0	133529.0	87520.0	138825.0	45158.0	113067.0	135661.0	262954.0	255685.0	330483.0	228254.0	106874.0	214469.0	130740.0	148998.0	124888.0	189642.0	128472.0	65000.0	192030.0	106884.0	128940.0	84128.0	159154.0	300499.0	169711.0	440921.0	245951.0	262804.0	364124.0	250156.0	323877.0	269844.0	224666.0	189380.0	284335.0	134281.0	237192.0	160060.0	189339.0	236026.0	217344.0	9482.0	138901.0	4038.0	212927.0	119146.0	101936.0	105432.0	118238.0	10406.0	58655.0	151977.0	55569.0	230654.0	184736.0	183794.0	270113.0
CCC	295447.0	488307.0	541692.0	220698.0	128263.0	933033.0	475030.0	111214.0	60770.0	424701.0	103233.0	109084.0	95171.0	901169.0	554980.0	280687.0	225981.0	451641.0	742268.0	194448.0	124888.0	672606.0	853717.0	152379.0	110163.0	997362.0	614441.0	219508.0	71551.0	850137.0	1495679.0	206236.0	594969.0	1159084.0	1052765.0	460433.0	305386.0	1788543.0	1229307.0	259181.0	256109.0	1404864.0	460984.0	336349.0	142887.0	948409.0	950396.0	202198.0	8630.0	467658.0	8199.0	237252.0	92520.0	419337.0	394445.0	91954.0	30546.0	215802.0	433922.0	61364.0	120063.0	699122.0	273949.0	262831.0
CCG	444937.0	794936.0	879749.0	336947.0	189911.0	1378769.0	835056.0	159973.0	81681.0	671279.0	144951.0	161019.0	120638.0	1459446.0	889158.0	440350.0	309565.0	675217.0	1222807.0	309569.0	189642.0	853717.0	1558306.0	212612.0	159367.0	1521822.0	1007908.0	369927.0	90304.0	1205011.0	2515626.0	302303.0	909918.0	1804443.0	1658574.0	742466.0	477374.0	2610282.0	2203004.0	395173.0	372402.0	2239039.0	747861.0	559386.0	218302.0	1479905.0	1609728.0	320457.0	14253.0	740326.0	13743.0	382977.0	138463.0	600517.0	716466.0	134239.0	49338.0	334445.0	690608.0	92964.0	161704.0	1157114.0	443868.0	386980.0
CCT	407173.0	200490.0	242383.0	288524.0	160543.0	234027.0	158325.0	147090.0	98448.0	155673.0	57285.0	124893.0	158145.0	290733.0	282552.0	362523.0	232577.0	113394.0	251453.0	149994.0	128472.0	152379.0	212612.0	159600.0	68104.0	213482.0	124148.0	143000.0	86282.0	184220.0	350372.0	205001.0	481464.0	268899.0	312371.0	406355.0	257445.0	378054.0	305686.0	258484.0	215046.0	324929.0	160381.0	257858.0	174598.0	214210.0	275607.0	239597.0	9208.0	151832.0	4110.0	245468.0	119371.0	123727.0	118527.0	136580.0	10616.0	68836.0	166123.0	64358.0	243363.0	202284.0	209726.0	309840.0
CGA	175413.0	120715.0	136931.0	124381.0	74260.0	174026.0	117566.0	61797.0	43364.0	105583.0	36513.0	62064.0	54400.0	202650.0	159114.0	162216.0	131743.0	95796.0	175151.0	85929.0	65000.0	110163.0	159367.0	68104.0	71980.0	197448.0	134121.0	93534.0	47110.0	166819.0	273510.0	100944.0	261760.0	228628.0	235851.0	210973.0	137558.0	308212.0	254860.0	125625.0	112255.0	241713.0	111675.0	125900.0	72953.0	182490.0	195746.0	109021.0	6251.0	97417.0	4092.0	109097.0	57298.0	87779.0	96030.0	58136.0	12286.0	48471.0	107827.0	30290.0	100605.0	143784.0	125671.0	137032.0
CGC	501173.0	949381.0	1068441.0	370704.0	193392.0	1651149.0	888113.0	171522.0	81952.0	821666.0	156125.0	173649.0	113443.0	1740786.0	1031506.0	465316.0	397482.0	864826.0	1498566.0	373111.0	192030.0	997362.0	1521822.0	213482.0	197448.0	2168448.0	1129264.0	469362.0	111398.0	1560782.0	2972571.0	346833.0	1198291.0	2313398.0	2152900.0	898045.0	523561.0	3280907.0	2425601.0	427663.0	381783.0	2689102.0	770492.0	585681.0	226466.0	1762908.0	1822779.0	337265.0	19044.0	848987.0	16673.0	410624.0	145420.0	703504.0	773968.0	141967.0	62447.0	379328.0	763964.0	93723.0	166440.0	1295721.0	488154.0	411071.0
CGG	243856.0	492225.0	560289.0	193228.0	110991.0	961426.0	564292.0	91196.0	54979.0	457884.0	125076.0	105475.0	70787.0	967640.0	567220.0	241213.0	200410.0	521633.0	851025.0	209972.0	106884.0	614441.0	1007908.0	124148.0	134121.0	1129264.0	962970.0	249690.0	60116.0	925337.0	1825457.0	197324.0	605504.0	1408232.0	1406897.0	486917.0	289170.0	1961893.0	1624423.0	243341.0	256930.0	1497981.0	624717.0	343727.0	127840.0	1092868.0	1185775.0	185909.0	9976.0	490213.0	12347.0	220438.0	83167.0	437222.0	484273.0	76921.0	42582.0	221141.0	465999.0	58844.0	88676.0	758210.0	304163.0	225260.0
CGT	404423.0	306795.0	341027.0	273160.0	148784.0	410585.0	257252.0	143723.0	70937.0	239025.0	58218.0	127138.0	96065.0	481272.0	389621.0	373579.0	263274.0	206162.0	435829.0	189713.0	128940.0	219508.0	369927.0	143000.0	93534.0	469362.0	249690.0	284876.0	82510.0	332304.0	711473.0	211754.0	610603.0	516699.0	544200.0	507624.0	294044.0	712406.0	584717.0	285369.0	202764.0	604141.0	228556.0	348595.0	172106.0	404882.0	490032.0	260727.0	12757.0	232534.0	5823.0	249212.0	114922.0	190900.0	204290.0	128983.0	16589.0	100796.0	232196.0	64793.0	205185.0	331718.0	268252.0	290082.0
CTA	297062.0	128355.0	143984.0	205755.0	115117.0	134145.0	86601.0	101113.0	71138.0	100467.0	33159.0	94481.0	123605.0	180740.0	181420.0	259601.0	176069.0	66130.0	136239.0	95980.0	84128.0	71551.0	90304.0	86282.0	47110.0	111398.0	60116.0	82510.0	86282.0	108945.0	188966.0	137916.0	321492.0	153673.0	177768.0	264283.0	168717.0	196438.0	151819.0	159671.0	135214.0	174028.0	90326.0	156881.0	122093.0	119133.0	147181.0	154201.0	7559.0	93115.0	3279.0	160982.0	89166.0	68302.0	64686.0	94386.0	5754.0	36616.0	100644.0	39327.0	202931.0	123558.0	143342.0	227028.0
CTC	436359.0	782527.0	874643.0	321301.0	186386.0	1397106.0	772999.0	156066.0	90376.0	668112.0	147412.0	160904.0	132687.0	1512237.0	865483.0	407871.0	312609.0	697200.0	1123524.0	281723.0	159154.0	850137.0	1205011.0	184220.0	166819.0	1560782.0	925337.0	332304.0	108945.0	1618956.0	2371628.0	340396.0	879974.0	1864510.0	1674320.0	694361.0	442301.0	2665348.0	2008730.0	364638.0	387963.0	2270505.0	723973.0	510615.0	202790.0	1616226.0	1488279.0	298631.0	12225.0	719148.0	11653.0	336794.0	137644.0	641301.0	670549.0	132941.0	42016.0	294328.0	641345.0	78086.0	169367.0	1178197.0	409018.0	377719.0
CTG	887573.0	1542749.0	1649817.0	651500.0	335724.0	2676652.0	1463631.0	295810.0	150371.0	1381280.0	262060.0	326601.0	247254.0	2936293.0	1813866.0	886400.0	584020.0	1285335.0	2370985.0	602018.0	300499.0	1495679.0	2515626.0	350372.0	273510.0	2972571.0	1825457.0	711473.0	188966.0	2371628.0	5538930.0	613952.0	1803536.0	3424386.0	3122537.0	1440087.0	865957.0	5088677.0	4005138.0	715614.0	686245.0	4471461.0	1446637.0	1074041.0	423255.0	2807159.0	3252626.0	610583.0	26341.0	1330636.0	21330.0	696652.0	258609.0	1174550.0	1316656.0	255849.0	77786.0	592219.0	1297803.0	164673.0	307784.0	2296203.0	918307.0	817064.0
CTT	665344.0	329916.0	410552.0	454492.0	252737.0	366781.0	256880.0	214341.0	162218.0	262733.0	96958.0	195938.0	270663.0	509800.0	477624.0	584986.0	330849.0	173652.0	395658.0	231253.0	169711.0	206236.0	302303.0	205001.0	100944.0	346833.0	197324.0	211754.0	137916.0	340396.0	613952.0	407374.0	776497.0	443467.0	508331.0	638731.0	399786.0	609043.0	495676.0	378775.0	345021.0	547510.0	257035.0	386284.0	268078.0	366069.0	444372.0	393413.0	14313.0	230377.0	6308.0	363811.0	194541.0	202782.0	198419.0	208369.0	14578.0	106602.0	249480.0	90201.0	366850.0	355943.0	337380.0	524529.0
GAA	1934910.0	983293.0	1202742.0	1197389.0	608315.0	1123136.0	683125.0	525479.0	399544.0	714115.0	218106.0	465757.0	605232.0	1438833.0	1190218.0	1400727.0	1001154.0	571916.0	1225704.0	628563.0	440921.0	594969.0	909918.0	481464.0	261760.0	1198291.0	605504.0	610603.0	321492.0	879974.0	1803536.0	776497.0	2584834.0	1499953.0	1597346.0	1771362.0	994104.0	1880608.0	1404281.0	916457.0	745184.0	1558484.0	576317.0	898808.0	672433.0	1051007.0	1237960.0	901451.0	48960.0	731440.0	19421.0	980250.0	461523.0	563844.0	547798.0	493689.0	44468.0	297378.0	631374.0	219821.0	926165.0	995527.0	818763.0	1132035.0
GAC	771549.0	1285984.0	1443242.0	530813.0	293734.0	2072206.0	1087218.0	248819.0	148507.0	980948.0	212338.0	234723.0	218978.0	2166022.0	1264914.0	620996.0	494639.0	1098539.0	1769231.0	432525.0	245951.0	1159084.0	1804443.0	268899.0	228628.0	2313398.0	1408232.0	516699.0	153673.0	1864510.0	3424386.0	443467.0	1499953.0	3047526.0	2656264.0	1117629.0	667081.0	3839372.0	2807739.0	547535.0	538628.0	3260219.0	968306.0	775359.0	338351.0	2218896.0	2168194.0	463135.0	20870.0	1154980.0	16536.0	540180.0	219155.0	914606.0	952097.0	211887.0	56924.0	477974.0	914099.0	126592.0	272209.0	1655282.0	572041.0	540099.0
GAG	869907.0	1114283.0	1477584.0	605570.0	317493.0	1776618.0	1014126.0	277599.0	194253.0	898067.0	244122.0	275343.0	280534.0	1950347.0	1198896.0	712783.0	541064.0	977749.0	1734449.0	469809.0	262804.0	1052765.0	1658574.0	312371.0	235851.0	2152900.0	1406897.0	544200.0	177768.0	1674320.0	3122537.0	508331.0	1597346.0	2656264.0	2939046.0	1218029.0	683472.0	3469148.0	2690922.0	616011.0	531170.0	2734561.0	951700.0	740771.0	369529.0	1952990.0	2080847.0	513336.0	25675.0	1009865.0	20217.0	595252.0	241954.0	836413.0	884155.0	254497.0	58457.0	421816.0	822642.0	141693.0	354791.0	1455270.0	614464.0	615548.0
GAT	1423235.0	769896.0	906495.0	1025075.0	498408.0	886742.0	572670.0	444169.0	309338.0	582061.0	173125.0	413905.0	486700.0	1133495.0	977505.0	1162678.0	758429.0	431776.0	966517.0	541645.0	364124.0	460433.0	742466.0	406355.0	210973.0	898045.0	486917.0	507624.0	264283.0	694361.0	1440087.0	638731.0	1771362.0	1117629.0	1218029.0	1550510.0	806275.0	1460143.0	1185969.0	767834.0	639606.0	1291921.0	539620.0	829959.0	541803.0	833575.0	1053896.0	752151.0	29529.0	565203.0	12783.0	853895.0	381717.0	432150.0	454817.0	412308.0	28398.0	244111.0	533590.0	196566.0	758801.0	762072.0	690270.0	966939.0
GCA	806083.0	457626.0	515392.0	556187.0	347565.0	561416.0	375595.0	279043.0	180307.0	366060.0	106199.0	246250.0	289697.0	678571.0	615714.0	693883.0	468842.0	268512.0	573124.0	296692.0	250156.0	305386.0	477374.0	257445.0	137558.0	523561.0	289170.0	294044.0	168717.0	442301.0	865957.0	399786.0	994104.0	667081.0	683472.0	806275.0	634872.0	956494.0	796668.0	530243.0	438218.0	811803.0	336158.0	539645.0	356677.0	520735.0	627070.0	472361.0	20570.0	323164.0	9147.0	445875.0	254959.0	281008.0	288755.0	256191.0	23769.0	145087.0	333437.0	113933.0	455257.0	466022.0	416051.0	571673.0
GCC	898590.0	1614070.0	1858750.0	663952.0	364829.0	3048494.0	1513400.0	317386.0	159046.0	1419756.0	282086.0	327107.0	244312.0	2949935.0	1755896.0	826146.0	664974.0	1429683.0	2489688.0	601705.0	323877.0	1788543.0	2610282.0	378054.0	308212.0	3280907.0	1961893.0	712406.0	196438.0	2665348.0	5088677.0	609043.0	1880608.0	3839372.0	3469148.0	1460143.0	956494.0	6165870.0	4231513.0	812500.0	746676.0	4763103.0	1461064.0	1115423.0	421467.0	3112916.0	3137062.0	605699.0	25698.0	1387785.0	23295.0	679850.0	270117.0	1331992.0	1330620.0	264654.0	84660.0	631060.0	1269287.0	166694.0	324608.0	2193138.0	843754.0	738221.0
GCG	682427.0	1194156.0	1363145.0	528180.0	293786.0	2080340.0	1362056.0	250130.0	123770.0	1085903.0	226199.0	267863.0	179187.0	2270062.0	1385673.0	689664.0	512587.0	1051190.0	1899693.0	501738.0	269844.0	1229307.0	2203004.0	305686.0	254860.0	2425601.0	1624423.0	584717.0	151819.0	2008730.0	4005138.0	495676.0	1404281.0	2807739.0	2690922.0	1185969.0	796668.0	4231513.0	3912560.0	654199.0	587236.0	3597166.0	1280180.0	901120.0	333717.0	2357325.0	2662596.0	508492.0	21956.0	1045666.0	21849.0	564665.0	222880.0	943696.0	1187022.0	220999.0	72159.0	494620.0	1017684.0	141259.0	272935.0	1765160.0	737950.0	602844.0
GCT	756493.0	399247.0	485464.0	530971.0	302835.0	471205.0	312773.0	287195.0	168335.0	313901.0	94792.0	240732.0	264909.0	576349.0	546741.0	665365.0	442734.0	223230.0	502354.0	275456.0	224666.0	259181.0	395173.0	258484.0	125625.0	427663.0	243341.0	285369.0	159671.0	364638.0	715614.0	378775.0	916457.0	547535.0	616011.0	767834.0	530243.0	812500.0	654199.0	568734.0	398363.0	681364.0	306108.0	534773.0	324432.0	440084.0	547942.0	469480.0	19033.0	279930.0	8098.0	421537.0	230496.0	244252.0	243583.0	259313.0	18584.0	121916.0	289925.0	109194.0	439479.0	390833.0	404074.0	542496.0
GGA	644641.0	364463.0	401019.0	480575.0	281207.0	449407.0	297491.0	231196.0	175183.0	275490.0	97713.0	204254.0	291906.0	562108.0	497475.0	586782.0	331250.0	218258.0	410377.0	241136.0	189380.0	256109.0	372402.0	215046.0	112255.0	381783.0	256930.0	202764.0	135214.0	387963.0	686245.0	345021.0	745184.0	538628.0	531170.0	639606.0	438218.0	746676.0	587236.0	398363.0	439952.0	649520.0	306719.0	421045.0	307939.0	456703.0	519929.0	392403.0	14382.0	279211.0	7006.0	399133.0	201916.0	244866.0	228630.0	215064.0	17758.0	122949.0	281171.0	99891.0	388048.0	406840.0	330811.0	495337.0
GGC	807602.0	1608838.0	1659103.0	642958.0	327707.0	2633762.0	1397385.0	293086.0	138415.0	1273787.0	221293.0	284948.0	226258.0	2851589.0	1668732.0	814836.0	543020.0	1237037.0	2073463.0	544209.0	284335.0	1404864.0	2239039.0	324929.0	241713.0	2689102.0	1497981.0	604141.0	174028.0	2270505.0	4471461.0	547510.0	1558484.0	3260219.0	2734561.0	1291921.0	811803.0	4763103.0	3597166.0	681364.0	649520.0	4498522.0	1214591.0	1050307.0	398007.0	2795580.0	2879672.0	580450.0	22295.0	1350809.0	18237.0	672354.0	242808.0	1134973.0	1236014.0	241769.0	60183.0	607790.0	1161772.0	157795.0	305819.0	2098378.0	736332.0	693193.0
GGG	361697.0	459308.0	487886.0	296528.0	161847.0	774765.0	492493.0	140047.0	84440.0	402012.0	111682.0	147583.0	137328.0	855917.0	574400.0	391517.0	239573.0	387678.0	659971.0	226832.0	134281.0	460984.0	747861.0	160381.0	111675.0	770492.0	624717.0	228556.0	90326.0	723973.0	1446637.0	257035.0	576317.0	968306.0	951700.0	539620.0	336158.0	1461064.0	1280180.0	306108.0	306719.0	1214591.0	583274.0	400656.0	188030.0	861475.0	1034101.0	270308.0	9385.0	412924.0	8502.0	294578.0	121969.0	367164.0	412942.0	129030.0	24198.0	195088.0	408011.0	78135.0	197059.0	654842.0	342837.0	345129.0
GGT	732796.0	537124.0	550153.0	550725.0	308232.0	693802.0	414587.0	291680.0	157485.0	385825.0	98304.0	249001.0	256157.0	820317.0	678430.0	724348.0	409011.0	316786.0	606839.0	299687.0	237192.0	336349.0	559386.0	257858.0	125900.0	585681.0	343727.0	348595.0	156881.0	510615.0	1074041.0	386284.0	898808.0	775359.0	740771.0	829959.0	539645.0	1115423.0	901120.0	534773.0	421045.0	1050307.0	400656.0	708058.0	353756.0	664046.0	805663.0	506854.0	16242.0	392788.0	7324.0	460276.0	232032.0	319357.0	335605.0	253564.0	18138.0	162834.0	378314.0	122190.0	433588.0	563382.0	445877.0	567979.0
GTA	617218.0	272269.0	311962.0	416065.0	237362.0	282784.0	184371.0	201123.0	146594.0	195421.0	68473.0	175339.0	256510.0	362390.0	375978.0	495592.0	293742.0	134424.0	286494.0	185140.0	160060.0	142887.0	218302.0	174598.0	72953.0	226466.0	127840.0	172106.0	122093.0	202790.0	423255.0	268078.0	672433.0	338351.0	369529.0	541803.0	356677.0	421467.0	333717.0	324432.0	307939.0	398007.0	188030.0	353756.0	280562.0	239947.0	322693.0	319469.0	14304.0	198755.0	5289.0	332818.0	174042.0	148672.0	134837.0	186308.0	9953.0	76006.0	187918.0	79266.0	366105.0	262443.0	263511.0	434719.0
GTC	532447.0	949004.0	1084243.0	394824.0	221000.0	1666035.0	912273.0	187309.0	99122.0	772580.0	159960.0	191691.0	144073.0	1755758.0	1027047.0	491125.0	358344.0	802801.0	1309560.0	335595.0	189339.0	948409.0	1479905.0	214210.0	182490.0	1762908.0	1092868.0	404882.0	119133.0	1616226.0	2807159.0	366069.0	1051007.0	2218896.0	1952990.0	833575.0	520735.0	3112916.0	2357325.0	440084.0	456703.0	2795580.0	861475.0	664046.0	239947.0	1927122.0	1757045.0	371585.0	14634.0	843795.0	13048.0	408797.0	166017.0	755770.0	813350.0	159495.0	45333.0	352681.0	738182.0	95302.0	209645.0	1367902.0	493750.0	442875.0
GTG	679426.0	1015657.0	1148241.0	514887.0	266171.0	1680220.0	998472.0	238572.0	125330.0	876389.0	188332.0	256544.0	199002.0	1861998.0	1196890.0	681198.0	443919.0	820702.0	1473595.0	426111.0	236026.0	950396.0	1609728.0	275607.0	195746.0	1822779.0	1185775.0	490032.0	147181.0	1488279.0	3252626.0	444372.0	1237960.0	2168194.0	2080847.0	1053896.0	627070.0	3137062.0	2662596.0	547942.0	519929.0	2879672.0	1034101.0	805663.0	322693.0	1757045.0	2236236.0	462817.0	18146.0	865634.0	14730.0	518690.0	204469.0	757329.0	898165.0	211984.0	45605.0	386964.0	818478.0	129082.0	292043.0	1456202.0	667968.0	612719.0
GTT	802758.0	378120.0	445891.0	546869.0	300037.0	394984.0	267397.0	271651.0	180470.0	270608.0	91044.0	233782.0	289661.0	523293.0	519954.0	697724.0	400411.0	183444.0	408758.0	255657.0	217344.0	202198.0	320457.0	239597.0	109021.0	337265.0	185909.0	260727.0	154201.0	298631.0	610583.0	393413.0	901451.0	463135.0	513336.0	752151.0	472361.0	605699.0	508492.0	469480.0	392403.0	580450.0	270308.0	506854.0	319469.0	371585.0	462817.0	489910.0	18192.0	255862.0	7025.0	425924.0	235538.0	209568.0	204886.0	251185.0	15186.0	107116.0	264265.0	106730.0	469577.0	369817.0	383049.0	588946.0
TAA	51496.0	17409.0	27903.0	23703.0	12450.0	15297.0	10827.0	10330.0	11019.0	12627.0	5843.0	9363.0	14720.0	24320.0	21558.0	29588.0	22636.0	8257.0	21279.0	10672.0	9482.0	8630.0	14253.0	9208.0	6251.0	19044.0	9976.0	12757.0	7559.0	12225.0	26341.0	14313.0	48960.0	20870.0	25675.0	29529.0	20570.0	25698.0	21956.0	19033.0	14382.0	22295.0	9385.0	16242.0	14304.0	14634.0	18146.0	18192.0	300.0	13059.0	113.0	20436.0	9863.0	8237.0	8022.0	9614.0	420.0	5082.0	13610.0	4406.0	23367.0	16730.0	16565.0	24196.0
TAC	481907.0	611440.0	631915.0	324770.0	171848.0	846670.0	463903.0	147617.0	94169.0	429582.0	94954.0	137072.0	148671.0	923411.0	595218.0	376298.0	272117.0	442379.0	747888.0	214029.0	138901.0	467658.0	740326.0	151832.0	97417.0	848987.0	490213.0	232534.0	93115.0	719148.0	1330636.0	230377.0	731440.0	1154980.0	1009865.0	565203.0	323164.0	1387785.0	1045666.0	279930.0	279211.0	1350809.0	412924.0	392788.0	198755.0	843795.0	865634.0	255862.0	13059.0	543538.0	8061.0	315116.0	129446.0	380940.0	398478.0	130630.0	22950.0	197470.0	435870.0	69193.0	198710.0	770063.0	283921.0	351459.0
TAG	16666.0	8878.0	15877.0	8386.0	4722.0	11553.0	8746.0	3957.0	4266.0	7909.0	4079.0	4037.0	5495.0	15080.0	10768.0	10658.0	8530.0	6767.0	14169.0	4729.0	4038.0	8199.0	13743.0	4110.0	4092.0	16673.0	12347.0	5823.0	3279.0	11653.0	21330.0	6308.0	19421.0	16536.0	20217.0	12783.0	9147.0	23295.0	21849.0	8098.0	7006.0	18237.0	8502.0	7324.0	5289.0	13048.0	14730.0	7025.0	113.0	8061.0	82.0	7986.0	3897.0	6123.0	6984.0	3498.0	151.0	3526.0	8924.0	1905.0	7090.0	10976.0	8448.0	9295.0
TAT	889421.0	427799.0	505207.0	660194.0	311091.0	452236.0	308599.0	269129.0	200858.0	310382.0	99687.0	254917.0	342585.0	595823.0	562297.0	713476.0	427982.0	213590.0	487990.0	317204.0	212927.0	237252.0	382977.0	245468.0	109097.0	410624.0	220438.0	249212.0	160982.0	336794.0	696652.0	363811.0	980250.0	540180.0	595252.0	853895.0	445875.0	679850.0	564665.0	421537.0	399133.0	672354.0	294578.0	460276.0	332818.0	408797.0	518690.0	425924.0	20436.0	315116.0	7986.0	568028.0	233330.0	225584.0	235774.0	253448.0	16218.0	126864.0	327712.0	117812.0	508830.0	434261.0	381647.0	655238.0
TCA	436560.0	189448.0	210449.0	313139.0	178359.0	183066.0	129063.0	146476.0	105240.0	136766.0	48186.0	134348.0	178095.0	244093.0	259700.0	364997.0	228326.0	88121.0	194220.0	130246.0	119146.0	92520.0	138463.0	119371.0	57298.0	145420.0	83167.0	114922.0	89166.0	137644.0	258609.0	194541.0	461523.0	219155.0	241954.0	381717.0	254959.0	270117.0	222880.0	230496.0	201916.0	242808.0	121969.0	232032.0	174042.0	166017.0	204469.0	235538.0	9863.0	129446.0	3897.0	233330.0	152414.0	102934.0	101768.0	142617.0	9837.0	53441.0	131250.0	57586.0	271848.0	171975.0	182885.0	309766.0
TCC	335685.0	452759.0	505699.0	240821.0	132118.0	739774.0	391753.0	113335.0	68220.0	356194.0	88794.0	109943.0	107877.0	769297.0	501158.0	298077.0	203482.0	333724.0	610826.0	166243.0	101936.0	419337.0	600517.0	123727.0	87779.0	703504.0	437222.0	190900.0	68302.0	641301.0	1174550.0	202782.0	563844.0	914606.0	836413.0	432150.0	281008.0	1331992.0	943696.0	244252.0	244866.0	1134973.0	367164.0	319357.0	148672.0	755770.0	757329.0	209568.0	8237.0	380940.0	6123.0	225584.0	102934.0	398420.0	342815.0	110707.0	20559.0	169803.0	323458.0	56383.0	136381.0	575647.0	248365.0	262731.0
TCG	291412.0	479743.0	525269.0	235417.0	125669.0	732822.0	482818.0	106845.0	57909.0	391166.0	83110.0	112227.0	88976.0	858120.0	536556.0	290437.0	202901.0	344539.0	658872.0	180442.0	105432.0	394445.0	716466.0	118527.0	96030.0	773968.0	484273.0	204290.0	64686.0	670549.0	1316656.0	198419.0	547798.0	952097.0	884155.0	454817.0	288755.0	1330620.0	1187022.0	243583.0	228630.0	1236014.0	412942.0	335605.0	134837.0	813350.0	898165.0	204886.0	8022.0	398478.0	6984.0	235774.0	101768.0	342815.0	466206.0	98417.0	22555.0	183957.0	353184.0	57703.0	124336.0	658263.0	285856.0	254998.0
TCT	467366.0	193839.0	224057.0	334397.0	175927.0	182991.0	126261.0	163255.0	111734.0	135597.0	49435.0	140360.0	185873.0	246637.0	268869.0	394323.0	237563.0	85157.0	202819.0	136937.0	118238.0	91954.0	134239.0	136580.0	58136.0	141967.0	76921.0	128983.0	94386.0	132941.0	255849.0	208369.0	493689.0	211887.0	254497.0	412308.0	256191.0	264654.0	220999.0	259313.0	215064.0	241769.0	129030.0	253564.0	186308.0	159495.0	211984.0	251185.0	9614.0	130630.0	3498.0	253448.0	142617.0	110707.0	98417.0	170128.0	7622.0	53422.0	134812.0	63044.0	292121.0	170167.0	199722.0	331980.0
TGA	32122.0	25772.0	40100.0	17509.0	11046.0	40399.0	27626.0	8959.0	8509.0	23031.0	10541.0	8273.0	8944.0	45490.0	27651.0	21024.0	18233.0	23109.0	40412.0	11991.0	10406.0	30546.0	49338.0	10616.0	12286.0	62447.0	42582.0	16589.0	5754.0	42016.0	77786.0	14578.0	44468.0	56924.0	58457.0	28398.0	23769.0	84660.0	72159.0	18584.0	17758.0	60183.0	24198.0	18138.0	9953.0	45333.0	45605.0	15186.0	420.0	22950.0	151.0	16218.0	9837.0	20559.0	22555.0	7622.0	2164.0	10835.0	26149.0	4302.0	13027.0	33774.0	18969.0	19275.0
TGC	177138.0	234783.0	249198.0	127011.0	67597.0	351027.0	199194.0	57404.0	37237.0	192722.0	45846.0	56636.0	57967.0	380760.0	256576.0	153098.0	106332.0	193137.0	303544.0	110413.0	58655.0	215802.0	334445.0	68836.0	48471.0	379328.0	221141.0	100796.0	36616.0	294328.0	592219.0	106602.0	297378.0	477974.0	421816.0	244111.0	145087.0	631060.0	494620.0	121916.0	122949.0	607790.0	195088.0	162834.0	76006.0	352681.0	386964.0	107116.0	5082.0	197470.0	3526.0	126864.0	53441.0	169803.0	183957.0	53422.0	10835.0	147180.0	176636.0	47499.0	70594.0	293096.0	129845.0	145043.0
TGG	426477.0	465890.0	497354.0	306779.0	166482.0	699144.0	407418.0	144789.0	90124.0	381078.0	91915.0	146553.0	138638.0	764491.0	544456.0	386387.0	273819.0	372374.0	627314.0	225883.0	151977.0	433922.0	690608.0	166123.0	107827.0	763964.0	465999.0	232196.0	100644.0	641345.0	1297803.0	249480.0	631374.0	914099.0	822642.0	533590.0	333437.0	1269287.0	1017684.0	289925.0	281171.0	1161772.0	408011.0	378314.0	187918.0	738182.0	818478.0	264265.0	13610.0	435870.0	8924.0	327712.0	131250.0	323458.0	353184.0	134812.0	26149.0	176636.0	481300.0	73968.0	222657.0	660330.0	321895.0	380142.0
TGT	195155.0	94928.0	107863.0	140845.0	73316.0	107005.0	70833.0	65110.0	46951.0	73117.0	26011.0	63169.0	79544.0	130710.0	136173.0	167588.0	99888.0	57504.0	109525.0	78520.0	55569.0	61364.0	92964.0	64358.0	30290.0	93723.0	58844.0	64793.0	39327.0	78086.0	164673.0	90201.0	219821.0	126592.0	141693.0	196566.0	113933.0	166694.0	141259.0	109194.0	99891.0	157795.0	78135.0	122190.0	79266.0	95302.0	129082.0	106730.0	4406.0	69193.0	1905.0	117812.0	57586.0	56383.0	57703.0	63044.0	4302.0	47499.0	73968.0	48518.0	117512.0	91876.0	96980.0	150008.0
TTA	969105.0	295182.0	337444.0	679683.0	344798.0	249827.0	182423.0	301631.0	221404.0	199767.0	74188.0	282746.0	402691.0	362906.0	462616.0	841687.0	500138.0	121059.0	269423.0	266641.0	230654.0	120063.0	161704.0	243363.0	100605.0	166440.0	88676.0	205185.0	202931.0	169367.0	307784.0	366850.0	926165.0	272209.0	354791.0	758801.0	455257.0	324608.0	272935.0	439479.0	388048.0	305819.0	197059.0	433588.0	366105.0	209645.0	292043.0	469577.0	23367.0	198710.0	7090.0	508830.0	271848.0	136381.0	124336.0	292121.0	13027.0	70594.0	222657.0	117512.0	756272.0	248519.0	363377.0	724852.0
TTC	571565.0	863364.0	908779.0	415696.0	224637.0	1256569.0	727002.0	193208.0	112011.0	642124.0	134137.0	180554.0	183489.0	1521413.0	962076.0	530208.0	343405.0	619022.0	1072399.0	308189.0	184736.0	699122.0	1157114.0	202284.0	143784.0	1295721.0	758210.0	331718.0	123558.0	1178197.0	2296203.0	355943.0	995527.0	1655282.0	1455270.0	762072.0	466022.0	2193138.0	1765160.0	390833.0	406840.0	2098378.0	654842.0	563382.0	262443.0	1367902.0	1456202.0	369817.0	16730.0	770063.0	10976.0	434261.0	171975.0	575647.0	658263.0	170167.0	33774.0	293096.0	660330.0	91876.0	248519.0	1288030.0	454513.0	493306.0
TTG	604250.0	376255.0	425564.0	443020.0	226884.0	480677.0	329838.0	207612.0	125864.0	318220.0	92350.0	210339.0	209055.0	615092.0	533388.0	593401.0	402093.0	230619.0	516280.0	265657.0	183794.0	273949.0	443868.0	209726.0	125671.0	488154.0	304163.0	268252.0	143342.0	409018.0	918307.0	337380.0	818763.0	572041.0	614464.0	690270.0	416051.0	843754.0	737950.0	404074.0	330811.0	736332.0	342837.0	445877.0	263511.0	493750.0	667968.0	383049.0	16565.0	283921.0	8448.0	381647.0	182885.0	248365.0	285856.0	199722.0	18969.0	129845.0	321895.0	96980.0	363377.0	454513.0	515212.0	540838.0
TTT	1098555.0	473494.0	536975.0	781462.0	390892.0	496131.0	338326.0	340290.0	249544.0	364537.0	122985.0	330775.0	460235.0	684993.0	710498.0	1010011.0	536763.0	230692.0	517626.0	361777.0	270113.0	262831.0	386980.0	309840.0	137032.0	411071.0	225260.0	290082.0	227028.0	377719.0	817064.0	524529.0	1132035.0	540099.0	615548.0	966939.0	571673.0	738221.0	602844.0	542496.0	495337.0	693193.0	345129.0	567979.0	434719.0	442875.0	612719.0	588946.0	24196.0	351459.0	9295.0	655238.0	309766.0	262731.0	254998.0	331980.0	19275.0	145043.0	380142.0	150008.0	724852.0	493306.0	540838.0	972066.0
End	791518.0	369267.0	680757.0	356924.0	189520.0	414872.0	313561.0	146857.0	186930.0	345343.0	198981.0	165533.0	192781.0	456164.0	344275.0	348045.0	339539.0	265681.0	514828.0	202201.0	179361.0	338348.0	526199.0	162985.0	201202.0	668657.0	460348.0	237680.0	117821.0	397918.0	742235.0	225231.0	743834.0	577363.0	783767.0	430615.0	396121.0	867370.0	772909.0	306011.0	352643.0	706992.0	380531.0	279143.0	199268.0	444829.0	493034.0	260002.0	1016559.0	256251.0	581410.0	257037.0	190077.0	264314.0	268820.0	149635.0	1572389.0	131412.0	295426.0	71424.0	272783.0	397802.0	293450.0	334041.0
