	M	W	C	D	E	F	H	K	N	Q	Y	I	A	G	P	T	V	L	R	S
Start	16507577.0	778756.0	1215201.0	3184165.0	4090203.0	2558587.0	1420908.0	3841849.0	2748753.0	2525343.0	1427040.0	2858906.0	6582231.0	4127726.0	3821470.0	4096305.0	3708131.0	5815806.0	4115622.0	7374086.0
M	8171122.0	3815947.0	5926816.0	16802958.0	21109208.0	12220657.0	7702595.0	18386896.0	13498326.0	13801708.0	8883950.0	15741770.0	21985706.0	20304192.0	15995933.0	16711072.0	19389017.0	28957054.0	17604172.0	25453300.0
W	3815947.0	2847928.0	3921956.0	9796950.0	11419047.0	7192571.0	4462908.0	10091164.0	7468265.0	7273252.0	5254351.0	8568102.0	12411971.0	12362323.0	9583546.0	9398639.0	11117911.0	16152551.0	10654776.0	13910475.0
C	5926816.0	3921956.0	9980468.0	14692731.0	17492543.0	11490778.0	7659058.0	15917797.0	11865707.0	11001481.0	8983640.0	13710162.0	18624838.0	18617097.0	14558428.0	15359915.0	17580635.0	26199353.0	15382720.0	23128707.0
D	16802958.0	9796950.0	14692731.0	45758748.0	53017635.0	30174358.0	18391261.0	43420708.0	32184340.0	29940513.0	23158831.0	40111228.0	51172974.0	45081166.0	37406332.0	40177457.0	49427985.0	72688228.0	41794732.0	60766790.0
E	21109208.0	11419047.0	17492543.0	53017635.0	78232614.0	34748217.0	21798776.0	60200284.0	37450943.0	40768445.0	26210296.0	47572630.0	64953823.0	53757923.0	45117488.0	47380494.0	58798177.0	91450639.0	55455552.0	71317118.0
F	12220657.0	7192571.0	11490778.0	30174358.0	34748217.0	27038638.0	13852226.0	32047714.0	25415022.0	22379576.0	17296646.0	30119187.0	36789393.0	34925824.0	29390507.0	30395521.0	34357252.0	54139639.0	29306945.0	46822330.0
H	7702595.0	4462908.0	7659058.0	18391261.0	21798776.0	13852226.0	12497434.0	19429127.0	15183229.0	16302511.0	10773126.0	17550413.0	24876281.0	21912953.0	20966234.0	20496738.0	21688468.0	34051798.0	20841902.0	31039879.0
K	18386896.0	10091164.0	15917797.0	43420708.0	60200284.0	32047714.0	19429127.0	63131856.0	36092020.0	35081974.0	23999706.0	44601418.0	54229670.0	45234017.0	38997030.0	43218025.0	51033567.0	78546130.0	46324648.0	64468532.0
N	13498326.0	7468265.0	11865707.0	32184340.0	37450943.0	25415022.0	15183229.0	36092020.0	32548382.0	25984390.0	19319577.0	34541798.0	38740917.0	33938735.0	29569541.0	33687957.0	37786547.0	58231189.0	31026243.0	51030112.0
Q	13801708.0	7273252.0	11001481.0	29940513.0	40768445.0	22379576.0	16302511.0	35081974.0	25984390.0	36257310.0	17239945.0	30045595.0	43927425.0	35367623.0	33835604.0	32851514.0	36533763.0	59793234.0	34812108.0	50212170.0
Y	8883950.0	5254351.0	8983640.0	23158831.0	26210296.0	17296646.0	10773126.0	23999706.0	19319577.0	17239945.0	14665450.0	21617616.0	26768584.0	26098865.0	21515370.0	22402518.0	24509424.0	37565383.0	22069849.0	32637486.0
I	15741770.0	8568102.0	13710162.0	40111228.0	47572630.0	30119187.0	17550413.0	44601418.0	34541798.0	30045595.0	21617616.0	40313154.0	47354860.0	45444910.0	35975379.0	39828719.0	43775036.0	67720321.0	37690482.0	59410265.0
A	21985706.0	12411971.0	18624838.0	51172974.0	64953823.0	36789393.0	24876281.0	54229670.0	38740917.0	43927425.0	26768584.0	47354860.0	91783494.0	70101781.0	59351436.0	57486765.0	65300514.0	98610704.0	59824705.0	85626408.0
G	20304192.0	12362323.0	18617097.0	45081166.0	53757923.0	34925824.0	21912953.0	45234017.0	33938735.0	35367623.0	26098865.0	45444910.0	70101781.0	74621862.0	51021348.0	48906110.0	62549617.0	84197200.0	51474628.0	74652229.0
P	15995933.0	9583546.0	14558428.0	37406332.0	45117488.0	29390507.0	20966234.0	38997030.0	29569541.0	33835604.0	21515370.0	35975379.0	59351436.0	51021348.0	65607288.0	46040376.0	48668273.0	72406833.0	44208731.0	72532276.0
T	16711072.0	9398639.0	15359915.0	40177457.0	47380494.0	30395521.0	20496738.0	43218025.0	33687957.0	32851514.0	22402518.0	39828719.0	57486765.0	48906110.0	46040376.0	51804192.0	49380457.0	73654648.0	42125929.0	70279781.0
V	19389017.0	11117911.0	17580635.0	49427985.0	58798177.0	34357252.0	21688468.0	51033567.0	37786547.0	36533763.0	24509424.0	43775036.0	65300514.0	62549617.0	48668273.0	49380457.0	59435160.0	82939509.0	49352469.0	73931500.0
L	28957054.0	16152551.0	26199353.0	72688228.0	91450639.0	54139639.0	34051798.0	78546130.0	58231189.0	59793234.0	37565383.0	67720321.0	98610704.0	84197200.0	72406833.0	73654648.0	82939509.0	135092960.0	77258529.0	115386728.0
R	17604172.0	10654776.0	15382720.0	41794732.0	55455552.0	29306945.0	20841902.0	46324648.0	31026243.0	34812108.0	22069849.0	37690482.0	59824705.0	51474628.0	44208731.0	42125929.0	49352469.0	77258529.0	56934120.0	67008960.0
S	25453300.0	13910475.0	23128707.0	60766790.0	71317118.0	46822330.0	31039879.0	64468532.0	51030112.0	50212170.0	32637486.0	59410265.0	85626408.0	74652229.0	72532276.0	70279781.0	73931500.0	115386728.0	67008960.0	123538886.0
End	1767145.0	1214317.0	1945953.0	3970792.0	5052687.0	3537476.0	2194376.0	6102782.0	3538075.0	3534739.0	2533376.0	4034136.0	5138915.0	4739268.0	4136736.0	4352232.0	4866260.0	7514174.0	5320683.0	7324683.0
