	M	W	C	D	E	F	H	K	N	Q	Y	I	A	G	P	T	V	L	R	S
Start	15328.5	749.5	1239.5	3055.0	3833.5	2457.5	1336.0	3760.5	2563.5	2530.0	1295.0	2450.5	6006.0	3546.5	4061.5	4014.0	3739.0	5966.0	3913.5	7225.5
M	7771.0	3683.5	5744.5	16677.0	20276.0	11660.0	7521.5	17962.5	13962.5	13455.5	9044.0	15968.0	22500.5	18969.5	15565.5	16880.0	18313.0	27798.0	16971.5	23740.5
W	3683.5	3112.0	3591.5	10113.0	11043.0	7070.0	4311.0	9400.0	7260.5	6905.5	5259.0	8609.5	13312.0	12534.0	9587.5	9645.5	10868.0	15434.5	10716.0	13103.5
C	5744.5	3591.5	9925.0	14730.5	17258.0	10914.0	7348.0	15745.0	12681.0	10831.5	8967.5	13974.5	18520.5	17704.5	14283.5	15233.5	16956.5	24885.0	15003.0	21513.0
D	16677.0	10113.0	14730.5	46915.0	52958.5	29031.5	18501.0	43224.0	32584.5	29682.0	24191.5	41320.0	53867.0	43887.5	38267.5	41156.0	48429.5	71628.0	41871.0	59444.5
E	20276.0	11043.0	17258.0	52958.5	75382.0	32686.0	21688.5	60063.5	39174.0	39539.0	27001.5	48503.5	63916.5	48042.0	43908.5	48653.0	56455.5	89049.5	52431.0	67509.5
F	11660.0	7070.0	10914.0	29031.5	32686.0	23240.0	12920.0	30457.5	25012.5	21835.0	17106.5	29368.0	36835.0	32404.0	27633.5	29848.0	31776.5	48636.5	28202.5	41735.0
H	7521.5	4311.0	7348.0	18501.0	21688.5	12920.0	12827.0	19093.0	15818.0	15841.5	11163.0	17798.5	25887.5	20228.0	20236.0	20198.0	21047.0	32496.0	20548.5	30084.5
K	17962.5	9400.0	15745.0	43224.0	60063.5	30457.5	19093.0	63255.0	36664.5	34430.0	24551.5	43658.5	54845.0	41659.0	38425.0	43766.0	48400.5	76035.5	45388.5	61080.5
N	13962.5	7260.5	12681.0	32584.5	39174.0	25012.5	15818.0	36664.5	29570.0	26049.5	19652.5	34470.5	40417.5	33943.0	30648.5	35227.5	38340.5	59821.5	32004.5	51478.0
Q	13455.5	6905.5	10831.5	29682.0	39539.0	21835.0	15841.5	34430.0	26049.5	33145.0	17258.0	29947.5	43946.5	32898.5	32222.0	33070.0	35864.5	58539.5	33736.0	48971.5
Y	9044.0	5259.0	8967.5	24191.5	27001.5	17106.5	11163.0	24551.5	19652.5	17258.0	15052.0	22022.0	28406.0	25965.0	22230.0	22840.0	24743.5	37204.0	22727.0	32449.5
I	15968.0	8609.5	13974.5	41320.0	48503.5	29368.0	17798.5	43658.5	34470.5	29947.5	22022.0	40279.0	49958.0	44176.0	37293.0	41994.0	43773.5	67089.5	38188.0	58107.0
A	22500.5	13312.0	18520.5	53867.0	63916.5	36835.0	25887.5	54845.0	40417.5	43946.5	28406.0	49958.0	94237.0	69091.5	61533.0	62653.0	65834.0	97771.0	61389.5	87281.5
G	18969.5	12534.0	17704.5	43887.5	48042.0	32404.0	20228.0	41659.0	33943.0	32898.5	25965.0	44176.0	69091.5	70418.0	47136.5	48446.5	57698.0	76039.0	47802.5	68311.0
P	15565.5	9587.5	14283.5	38267.5	43908.5	27633.5	20236.0	38425.0	30648.5	32222.0	22230.0	37293.0	61533.0	47136.5	61870.0	47368.5	47582.5	67167.0	43004.5	68579.5
T	16880.0	9645.5	15233.5	41156.0	48653.0	29848.0	20198.0	43766.0	35227.5	33070.0	22840.0	41994.0	62653.0	48446.5	47368.5	54424.0	49600.5	72805.5	43051.0	72953.5
V	18313.0	10868.0	16956.5	48429.5	56455.5	31776.5	21047.0	48400.5	38340.5	35864.5	24743.5	43773.5	65834.0	57698.0	47582.5	49600.5	54386.0	77159.5	47813.5	68931.5
L	27798.0	15434.5	24885.0	71628.0	89049.5	48636.5	32496.0	76035.5	59821.5	58539.5	37204.0	67089.5	97771.0	76039.0	67167.0	72805.5	77159.5	123508.0	73378.0	105139.0
R	16971.5	10716.0	15003.0	41871.0	52431.0	28202.5	20548.5	45388.5	32004.5	33736.0	22727.0	38188.0	61389.5	47802.5	43004.5	43051.0	47813.5	73378.0	56611.0	65366.5
S	23740.5	13103.5	21513.0	59444.5	67509.5	41735.0	30084.5	61080.5	51478.0	48971.5	32449.5	58107.0	87281.5	68311.0	68579.5	72953.5	68931.5	105139.0	65366.5	123025.0
End	1651.5	1216.5	1756.5	3875.0	5007.0	3181.0	2071.5	6078.0	3381.5	3472.5	2469.5	3723.0	5151.5	4854.5	3716.0	4131.0	4595.0	6837.0	5151.5	6585.5
