Proteome_ID	M	W	C	D	E	F	H	K	N	Q	Y	I	A	G	P	T	V	L	R	S
UP000002036	0.016151999372144767	0.023404836478633513	0.03148083616470589	0.03148083616470589	0.03148083616470589	0.03317136537155118	0.03148083616470589	0.03317136537155118	0.03317136537155118	0.06465220153625707	0.03317136537155118	0.05019073137095758	0.059752924519592125	0.059752924519592125	0.059752924519592125	0.06296167232941179	0.06296167232941179	0.09613303770096296	0.09123376068429803	0.09444250849411769
UP000001300	0.014494013156215077	0.024057152970513397	0.03130415954862094	0.03130415954862094	0.03130415954862094	0.026991014221443142	0.03130415954862094	0.026991014221443142	0.026991014221443142	0.058295173770064074	0.026991014221443142	0.03948801528667121	0.07261308500715685	0.07261308500715685	0.07261308500715685	0.06260831909724188	0.06260831909724188	0.08959933331868501	0.10391724455577779	0.09391247864586282
UP000000267	0.018682447598708376	0.01904473873486192	0.02838596253421611	0.02838596253421611	0.02838596253421611	0.05465228436386623	0.02838596253421611	0.05465228436386623	0.05465228436386623	0.08303824689808234	0.05465228436386623	0.0906221211290241	0.029486887085241647	0.029486887085241647	0.029486887085241647	0.05677192506843222	0.05677192506843222	0.11142420943229846	0.05787284961945776	0.08515788760264834
UP000000314	0.017810312159614462	0.021824414171119494	0.03072957025092673	0.03072957025092673	0.03072957025092673	0.04236336443095357	0.03072957025092673	0.04236336443095357	0.04236336443095357	0.0730929346818803	0.04236336443095357	0.06691641670229269	0.044581279154337704	0.044581279154337704	0.044581279154337704	0.06145914050185346	0.06145914050185346	0.10382250493280704	0.07531084940526443	0.09218871075278018
UP000007796	0.011676450718918057	0.024080435582997873	0.029918660942456904	0.029918660942456904	0.029918660942456904	0.019150298444639155	0.029918660942456904	0.019150298444639155	0.019150298444639155	0.04906895938709606	0.019150298444639155	0.026624146170360255	0.09348431568075885	0.09348431568075885	0.09348431568075885	0.05983732188491381	0.05983732188491381	0.07898762032955295	0.12340297662321575	0.0897559828273707
UP000029964	0.011444266422522316	0.02403295948729687	0.029755092698558024	0.029755092698558024	0.029755092698558024	0.018596932936598764	0.029755092698558024	0.018596932936598764	0.018596932936598764	0.04835202563515679	0.018596932936598764	0.02574959945067521	0.0952162966353857	0.0952162966353857	0.0952162966353857	0.05951018539711605	0.05951018539711605	0.07810711833371482	0.12497138933394371	0.08926527809567407
UP000002037	0.01869077944305945	0.018585292697639012	0.02793068241916874	0.02793068241916874	0.02793068241916874	0.056499102440861655	0.02793068241916874	0.056499102440861655	0.056499102440861655	0.08442978486003039	0.056499102440861655	0.09430742543866384	0.027615412871984175	0.027615412871984175	0.027615412871984175	0.05586136483833748	0.05586136483833748	0.11236046727919913	0.05554609529115291	0.0837920472575062
UP000009058	0.012943797782832332	0.024211880310158477	0.030683779201574644	0.030683779201574644	0.030683779201574644	0.02238810874844851	0.030683779201574644	0.02238810874844851	0.02238810874844851	0.053071887950023156	0.02238810874844851	0.03183241971406469	0.08410664041965848	0.08410664041965848	0.08410664041965848	0.06136755840314929	0.06136755840314929	0.0837556671515978	0.11479041962123313	0.09205133760472392
UP000054166	0.01650161517058761	0.023177956721256544	0.03142876430655035	0.03142876430655035	0.03142876430655035	0.03474376581555769	0.03142876430655035	0.03474376581555769	0.03474376581555769	0.06617253012210804	0.03474376581555769	0.05298591646052777	0.056860113039006684	0.056860113039006684	0.056860113039006684	0.0628575286131007	0.0628575286131007	0.09760129442865839	0.08828887734555703	0.09428629291965104
UP000016922	0.01665323626398201	0.02306654390882444	0.03139316204081545	0.03139316204081545	0.03139316204081545	0.03546813955880606	0.03139316204081545	0.03546813955880606	0.03546813955880606	0.06686130159962152	0.03546813955880606	0.05428304285363012	0.05557272725212379	0.05557272725212379	0.05557272725212379	0.0627863240816309	0.0627863240816309	0.09825446364043697	0.08696588929293923	0.09417948612244635
UP000009082	0.01851565427496292	0.01707361024097962	0.02633143737846108	0.02633143737846108	0.02633143737846108	0.06237939111235166	0.02633143737846108	0.06237939111235166	0.06237939111235166	0.08871082849081274	0.06237939111235166	0.1062431279497404	0.022229925045822677	0.022229925045822677	0.022229925045822677	0.05266287475692216	0.05266287475692216	0.11504226586927381	0.04856136242428376	0.07899431213538323
UP000005206	0.013684185570997773	0.024184349799897788	0.031026442585396673	0.031026442585396673	0.031026442585396673	0.024481911298740607	0.031026442585396673	0.024481911298740607	0.024481911298740607	0.05550835388413728	0.024481911298740607	0.03527963702648344	0.07864093025730684	0.07864093025730684	0.07864093025730684	0.06205288517079335	0.06205288517079335	0.08653479646953395	0.1096673728427035	0.09307932775619002
UP000016927	0.01864202261526371	0.01950367069920478	0.028824682006836636	0.028824682006836636	0.028824682006836636	0.05277112325822658	0.028824682006836636	0.05277112325822658	0.05277112325822658	0.08159580526506323	0.05277112325822658	0.08690022390118946	0.031489278283108255	0.031489278283108255	0.031489278283108255	0.05764936401367327	0.05764936401367327	0.11042048727189985	0.06031396028994488	0.0864740460205099
UP000249829	0.010794446598956385	0.023862178805325082	0.029259402104803274	0.029259402104803274	0.029259402104803274	0.01710478281075095	0.029259402104803274	0.01710478281075095	0.01710478281075095	0.046364184915554225	0.01710478281075095	0.02341511902254552	0.10010213178415452	0.10010213178415452	0.10010213178415452	0.05851880420960655	0.05851880420960655	0.07562358702035751	0.1293615338889578	0.08777820631440984
UP000000559	0.018607889250696303	0.01973959023121669	0.029043534856564843	0.029043534856564843	0.029043534856564843	0.05178777628820373	0.029043534856564843	0.05178777628820373	0.05178777628820373	0.08083131114476858	0.05178777628820373	0.08496766332571115	0.03257629415367025	0.03257629415367025	0.03257629415367025	0.058087069713129685	0.058087069713129685	0.1098748460013334	0.06161982901023509	0.08713060456969451
UP000005221	0.018027724261089225	0.021460020975077765	0.03047388310562238	0.03047388310562238	0.03047388310562238	0.04414010528510431	0.03047388310562238	0.04414010528510431	0.04414010528510431	0.07461398839072668	0.04414010528510431	0.0702524863091194	0.042077722539938085	0.042077722539938085	0.042077722539938085	0.06094776621124476	0.06094776621124476	0.10508787149634906	0.07255160564556046	0.09142164931686712
UP000001312	0.01679821670400822	0.02295167942584795	0.03135078777785206	0.03135078777785206	0.03135078777785206	0.03618861053908792	0.03135078777785206	0.03618861053908792	0.03618861053908792	0.06753939831693997	0.03618861053908792	0.05557900437416763	0.05431940489841697	0.05431940489841697	0.05431940489841697	0.06270157555570412	0.06270157555570412	0.09889018609479205	0.08567019267626903	0.0940523633335562
UP000193067	0.008896191386540069	0.023037152321861223	0.027485248015131258	0.027485248015131258	0.027485248015131258	0.013153654407241387	0.027485248015131258	0.013153654407241387	0.013153654407241387	0.04063890242237264	0.013153654407241387	0.017411117427942706	0.11486372304830973	0.11486372304830973	0.11486372304830973	0.054970496030262515	0.054970496030262515	0.0681241504375039	0.142348971063441	0.08245574404539377
UP000007963	0.013175625319113876	0.024211875018129048	0.030799687677685983	0.030799687677685983	0.030799687677685983	0.02302563033031604	0.030799687677685983	0.02302563033031604	0.02302563033031604	0.05382531800800202	0.02302563033031604	0.0328756353415182	0.08239694179351324	0.08239694179351324	0.08239694179351324	0.061599375355371966	0.061599375355371966	0.08462500568568801	0.11319662947119923	0.09239906303305795
UP000002038	0.015007411087543223	0.023917693503327047	0.03142139904709866	0.03142139904709866	0.03142139904709866	0.028728780209140607	0.03142139904709866	0.028728780209140607	0.028728780209140607	0.060150179256239264	0.028728780209140607	0.04245014933073799	0.06873276977926705	0.06873276977926705	0.06873276977926705	0.06284279809419732	0.06284279809419732	0.09157157830333794	0.10015416882636571	0.09426419714129598
UP000005222	0.017185284775363466	0.022598351803072934	0.031190994190754665	0.031190994190754665	0.031190994190754665	0.03827197192923158	0.031190994190754665	0.03827197192923158	0.03827197192923158	0.06946296611998624	0.03827197192923158	0.05935865908309969	0.05084023997543859	0.05084023997543859	0.05084023997543859	0.06238198838150933	0.06238198838150933	0.10065396031074092	0.08203123416619325	0.09357298257226401
UP000000560	0.014357760631616194	0.024086165621579256	0.031265045937387353	0.031265045937387353	0.031265045937387353	0.02655045074280879	0.031265045937387353	0.02655045074280879	0.02655045074280879	0.05781549668019614	0.02655045074280879	0.038743140854001386	0.073633634843785	0.073633634843785	0.073633634843785	0.06253009187477471	0.06253009187477471	0.0890805426175835	0.10489868078117236	0.09379513781216206
UP000016930	0.013715235801161654	0.02418140889176254	0.031039026792343365	0.031039026792343365	0.031039026792343365	0.024573580442771466	0.031039026792343365	0.024573580442771466	0.024573580442771466	0.05561260723511484	0.024573580442771466	0.03543192508438128	0.07841113642022876	0.07841113642022876	0.07841113642022876	0.06207805358468673	0.06207805358468673	0.0866516340274582	0.10945016321257213	0.09311708037703012
UP000002058	0.01504716775902771	0.023904799284257403	0.03142838316377126	0.03142838316377126	0.03142838316377126	0.02886892957425656	0.03142838316377126	0.02886892957425656	0.02886892957425656	0.060297312738027825	0.02886892957425656	0.04269069138948542	0.06842950416628028	0.06842950416628028	0.06842950416628028	0.06285676632754252	0.06285676632754252	0.09172569590179908	0.09985788733005155	0.09428514949131378
UP000030143	0.0148063344831576	0.0239781799347244	0.0313813471763032	0.0313813471763032	0.0313813471763032	0.028032721991011554	0.0313813471763032	0.028032721991011554	0.028032721991011554	0.05941406916731475	0.028032721991011554	0.041259109498865514	0.07025995912315877	0.07025995912315877	0.07025995912315877	0.0627626943526064	0.0627626943526064	0.09079541634361796	0.10164130629946198	0.09414404152890961
UP000005426	0.012691800448686178	0.02420325724330952	0.030549157467652608	0.030549157467652608	0.030549157467652608	0.021712272988837808	0.030549157467652608	0.021712272988837808	0.021712272988837808	0.05226143045649042	0.021712272988837808	0.030732745528989438	0.08596529920779974	0.08596529920779974	0.08596529920779974	0.061098314935305216	0.061098314935305216	0.08281058792414303	0.11651445667545235	0.09164747240295784
UP000016932	0.014315887323379751	0.024094439876565784	0.031252383538255664	0.031252383538255664	0.031252383538255664	0.02641665641136237	0.031252383538255664	0.02641665641136237	0.02641665641136237	0.05766903994961803	0.02641665641136237	0.03851742549934499	0.0739466389396751	0.0739466389396751	0.0739466389396751	0.06250476707651133	0.06250476707651133	0.08892142348787369	0.10519902247793074	0.09375715061476697
UP000009096	0.015363251150928191	0.023790739125319798	0.0314723647007839	0.0314723647007839	0.0314723647007839	0.030015173815450637	0.0314723647007839	0.030015173815450637	0.030015173815450637	0.06148753851623453	0.030015173815450637	0.04466709647997308	0.06600059995982915	0.06600059995982915	0.06600059995982915	0.0629447294015678	0.0629447294015678	0.09295990321701843	0.09747296466061305	0.09441709410235169
UP000000561	0.014142170455391697	0.02412561362103317	0.031196698848729023	0.031196698848729023	0.031196698848729023	0.025869318845345886	0.031196698848729023	0.025869318845345886	0.025869318845345886	0.057066017694074905	0.025869318845345886	0.03759646723530008	0.07524233822131607	0.07524233822131607	0.07524233822131607	0.062393397697458046	0.062393397697458046	0.08826271654280393	0.1064390370700451	0.09359009654618705
UP000094112	0.01862204696078703	0.017686447182330357	0.02699747066272387	0.02699747066272387	0.02699747066272387	0.06002659499930158	0.02699747066272387	0.06002659499930158	0.06002659499930158	0.08702406566202546	0.06002659499930158	0.10143114303781615	0.024284683220599686	0.024284683220599686	0.024284683220599686	0.05399494132544774	0.05399494132544774	0.11402153632474933	0.05128215388332355	0.08099241198817161
UP000002059	0.015281853606468093	0.023822124183653943	0.03146305098688799	0.03146305098688799	0.03146305098688799	0.029714348567076606	0.03146305098688799	0.029714348567076606	0.029714348567076606	0.0611773995539646	0.029714348567076606	0.044146843527685116	0.06662933061910334	0.06662933061910334	0.06662933061910334	0.06292610197377597	0.06292610197377597	0.0926404505408526	0.09809238160599133	0.09438915296066397
UP000094389	0.017501119834767393	0.022246629243129295	0.030997189160512993	0.030997189160512993	0.030997189160512993	0.04019581619992315	0.030997189160512993	0.04019581619992315	0.04019581619992315	0.07119300536043614	0.04019581619992315	0.06289051256507891	0.04780725093744762	0.04780725093744762	0.04780725093744762	0.061994378321025986	0.061994378321025986	0.10219019452094913	0.07880444009796062	0.09299156748153899
UP000000591	0.014215338869677243	0.024113097505418162	0.031220766940256783	0.031220766940256783	0.031220766940256783	0.026098359887499232	0.031220766940256783	0.026098359887499232	0.026098359887499232	0.057319126827756015	0.026098359887499232	0.03798138090532122	0.0746971298226841	0.0746971298226841	0.0746971298226841	0.062441533880513565	0.062441533880513565	0.0885398937680128	0.10591789676294087	0.09366230082077034
UP000002149	0.015344757392030004	0.02379799608105578	0.03147037477707078	0.03147037477707078	0.03147037477707078	0.02994646682107114	0.03147037477707078	0.02994646682107114	0.02994646682107114	0.06141684159814192	0.02994646682107114	0.04454817625011228	0.06614366192357833	0.06614366192357833	0.06614366192357833	0.06294074955414156	0.06294074955414156	0.09288721637521269	0.09761403670064911	0.09441112433121232
UP000007978	0.01543260898305577	0.023762851821102035	0.031479156312629916	0.031479156312629916	0.031479156312629916	0.030274768803003414	0.031479156312629916	0.030274768803003414	0.030274768803003414	0.06175392511563333	0.030274768803003414	0.04511692862295106	0.06546291326635545	0.06546291326635545	0.06546291326635545	0.06295831262525983	0.06295831262525983	0.09323308142826325	0.09694206957898538	0.09443746893788976
UP000002258	0.01754895576612302	0.022187080549306227	0.03096155843236774	0.03096155843236774	0.03096155843236774	0.040509887074137926	0.03096155843236774	0.040509887074137926	0.040509887074137926	0.07147144550650567	0.040509887074137926	0.06347081838215284	0.04732761159301858	0.04732761159301858	0.04732761159301858	0.06192311686473548	0.06192311686473548	0.1024330039388734	0.07828917002538632	0.09288467529710323
UP000000598	0.01809241294862245	0.02133655830710033	0.030382764781411553	0.030382764781411553	0.030382764781411553	0.04472593904754111	0.030382764781411553	0.04472593904754111	0.04472593904754111	0.07510870382895266	0.04472593904754111	0.07135946514645976	0.0412786143978494	0.0412786143978494	0.0412786143978494	0.060765529562823106	0.060765529562823106	0.10549146861036421	0.07166137917926094	0.09114829434423466
UP000030651	0.014704693681760124	0.024005834198803713	0.031358181039683776	0.031358181039683776	0.031358181039683776	0.027688641825901587	0.031358181039683776	0.027688641825901587	0.027688641825901587	0.059046822865585366	0.027688641825901587	0.04067258997004305	0.07102807889968175	0.07102807889968175	0.07102807889968175	0.06271636207936755	0.06271636207936755	0.09040500390526914	0.10238625993936554	0.09407454311905132
UP000016933	0.013877953885184743	0.024163552764139715	0.031102529706732086	0.031102529706732086	0.031102529706732086	0.02505951249276343	0.031102529706732086	0.02505951249276343	0.02505951249276343	0.05616204219949551	0.02505951249276343	0.03624107110034211	0.0772056004231929	0.0772056004231929	0.0772056004231929	0.06220505941346417	0.06220505941346417	0.0872645719062276	0.10830813012992498	0.09330758912019625
UP000001471	0.014284370657418624	0.024100471211799753	0.031242656540509065	0.031242656540509065	0.031242656540509065	0.026316438431554876	0.031242656540509065	0.026316438431554876	0.026316438431554876	0.05755909497206394	0.026316438431554876	0.03834850620569113	0.07418204330703135	0.07418204330703135	0.07418204330703135	0.06248531308101813	0.06248531308101813	0.08880175151257301	0.10542469984754041	0.0937279696215272
UP000000599	0.018457005826647378	0.020408424088862346	0.029636927002186036	0.029636927002186036	0.029636927002186036	0.04892779884352945	0.029636927002186036	0.04892779884352945	0.04892779884352945	0.07856472584571549	0.04892779884352945	0.07939859186041151	0.035903820032527886	0.035903820032527886	0.035903820032527886	0.05927385400437207	0.05927385400437207	0.10820165284790151	0.06554074703471392	0.08891078100655811
UP000008062	0.01388685486683329	0.024162456429257878	0.031105883862674523	0.031105883862674523	0.031105883862674523	0.02508636780911752	0.031105883862674523	0.02508636780911752	0.02508636780911752	0.056192251671792044	0.02508636780911752	0.03628588075140175	0.07713958578942098	0.07713958578942098	0.07713958578942098	0.062211767725349046	0.062211767725349046	0.08729813553446657	0.10824546965209551	0.09331765158802356
UP000054270	0.016395553797213924	0.02325100465394372	0.03144878155255068	0.03144878155255068	0.03144878155255068	0.0342531314999119	0.03144878155255068	0.0342531314999119	0.0342531314999119	0.06570191305246258	0.0342531314999119	0.052110709202609885	0.05774805501462521	0.05774805501462521	0.05774805501462521	0.06289756310510136	0.06289756310510136	0.09715069460501326	0.08919683656717589	0.09434634465765204
UP000094569	0.014959312872629022	0.023932875140813263	0.03141253157712778	0.03141253157712778	0.03141253157712778	0.028560362347527003	0.03141253157712778	0.028560362347527003	0.028560362347527003	0.059972893924654776	0.028560362347527003	0.042161411822424985	0.06909906310551348	0.06909906310551348	0.06909906310551348	0.06282506315425555	0.06282506315425555	0.09138542550178255	0.10051159468264126	0.09423759473138334
UP000016934	0.014065270368992598	0.0241378188267873	0.0311704540112836	0.0311704540112836	0.0311704540112836	0.025630877303707996	0.0311704540112836	0.025630877303707996	0.025630877303707996	0.0568013313149916	0.025630877303707996	0.037196484238423394	0.07581458814357367	0.07581458814357367	0.07581458814357367	0.0623409080225672	0.0623409080225672	0.0879717853262752	0.10698504215485727	0.09351136203385081
UP000008066	0.01309407430723703	0.02421275437682255	0.030759791530441064	0.030759791530441064	0.030759791530441064	0.022799583559827013	0.030759791530441064	0.022799583559827013	0.022799583559827013	0.05355937509026808	0.022799583559827013	0.032505092812416994	0.08299842604698632	0.08299842604698632	0.08299842604698632	0.06151958306088213	0.06151958306088213	0.08431916662070914	0.11375821757742738	0.0922793745913232
UP000009097	0.015000250587692578	0.023919982507997584	0.03142010780184388	0.03142010780184388	0.03142010780184388	0.02870362904945234	0.03142010780184388	0.02870362904945234	0.02870362904945234	0.06012373685129622	0.02870362904945234	0.042407007511212104	0.06878734201718137	0.06878734201718137	0.06878734201718137	0.06284021560368776	0.06284021560368776	0.09154384465314008	0.10020744981902523	0.0942603234055316
UP000006564	0.014726151091312464	0.024000155792156006	0.03136323133781224	0.03136323133781224	0.03136323133781224	0.027760861674606535	0.03136323133781224	0.027760861674606535	0.027760861674606535	0.05912409301241878	0.027760861674606535	0.040795572257900606	0.07086612018595201	0.07086612018595201	0.07086612018595201	0.06272646267562448	0.06272646267562448	0.090487324350231	0.10222935152376424	0.0940896940134367
UP000095358	0.018480387551199445	0.020325315393248493	0.029565509168848217	0.029565509168848217	0.029565509168848217	0.04928967732017964	0.029565509168848217	0.04928967732017964	0.04928967732017964	0.07885518648902784	0.04928967732017964	0.08009896708915981	0.03546865712814783	0.03546865712814783	0.03546865712814783	0.059131018337696434	0.059131018337696434	0.10842069565787606	0.06503416629699604	0.08869652750654464
UP000001610	0.013059555024719388	0.024212838685731763	0.03074261619809146	0.03074261619809146	0.03074261619809146	0.022704490127952427	0.03074261619809146	0.022704490127952427	0.022704490127952427	0.05344710632604388	0.022704490127952427	0.03234942523118547	0.08325299932981922	0.08325299932981922	0.08325299932981922	0.06148523239618292	0.06148523239618292	0.08418972252413534	0.11399561552791067	0.09222784859427438
UP000002311	0.018134937560985272	0.02125068231260161	0.03031815109309425	0.03031815109309425	0.03031815109309425	0.045129125873787854	0.03031815109309425	0.045129125873787854	0.045129125873787854	0.0754472769668821	0.045129125873787854	0.07212331418659045	0.04073601107517046	0.04073601107517046	0.04073601107517046	0.0606363021861885	0.0606363021861885	0.10576542805997634	0.07105416216826471	0.09095445327928274
UP000030669	0.011701368903346453	0.024085106022564542	0.02993579047423777	0.02993579047423777	0.02993579047423777	0.019210355886008963	0.02993579047423777	0.019210355886008963	0.019210355886008963	0.04914614636024673	0.019210355886008963	0.02671934286867147	0.0932987974439493	0.0932987974439493	0.0932987974439493	0.05987158094847554	0.05987158094847554	0.0790819368344845	0.12323458791818707	0.0898073714227133
UP000001611	0.012195172118490184	0.02416057918194819	0.03025816524119328	0.03025816524119328	0.03025816524119328	0.020428703626215433	0.03025816524119328	0.020428703626215433	0.020428703626215433	0.05068686886740871	0.020428703626215433	0.028662235133940672	0.08963432829760731	0.08963432829760731	0.08963432829760731	0.06051633048238656	0.06051633048238656	0.080945034108602	0.11989249353880059	0.09077449572357985
UP000016935	0.015693405865001734	0.023648135996823635	0.0314948389293245	0.0314948389293245	0.0314948389293245	0.03127952306343105	0.0314948389293245	0.03127952306343105	0.03127952306343105	0.06277436199275556	0.03127952306343105	0.04686564026186037	0.06342327388896511	0.06342327388896511	0.06342327388896511	0.062989677858649	0.062989677858649	0.09426920092208005	0.0949181128182896	0.0944845167879735
UP000008142	0.01578615294329761	0.023603399601828695	0.031496476073477504	0.031496476073477504	0.031496476073477504	0.03164850171131626	0.031496476073477504	0.03164850171131626	0.03164850171131626	0.06314497778479375	0.03164850171131626	0.0475108504793349	0.06269036140136966	0.06269036140136966	0.06269036140136966	0.06299295214695501	0.06299295214695501	0.09464145385827127	0.09418683747484717	0.09448942822043252
UP000009138	0.018008627792981558	0.021494967728974808	0.03049928162546559	0.03049928162546559	0.03049928162546559	0.04397289510321025	0.03049928162546559	0.04397289510321025	0.04397289510321025	0.07447217672867584	0.04397289510321025	0.06993716241343895	0.04230816176583983	0.04230816176583983	0.04230816176583983	0.06099856325093118	0.06099856325093118	0.10497145835414144	0.07280744339130543	0.09149784487639677
UP000006701	0.013697891054887276	0.024183069967442274	0.03103201549488591	0.03103201549488591	0.03103201549488591	0.024522332750863445	0.03103201549488591	0.024522332750863445	0.024522332750863445	0.055554348245749355	0.024522332750863445	0.03534677444683962	0.07853950890059037	0.07853950890059037	0.07853950890059037	0.06206403098977182	0.06206403098977182	0.08658636374063526	0.10957152439547628	0.09309604648465773
UP000054279	0.01598752438005396	0.023498644324645344	0.031492406514672326	0.031492406514672326	0.031492406514672326	0.032472714888669915	0.031492406514672326	0.032472714888669915	0.032472714888669915	0.06396512140334225	0.032472714888669915	0.048957905397285874	0.06108338471147763	0.06108338471147763	0.06108338471147763	0.06298481302934465	0.06298481302934465	0.09545752791801457	0.09257579122614996	0.09447721954401699
UP000054317	0.011810806644227562	0.024104641000817995	0.030010044322931778	0.030010044322931778	0.030010044322931778	0.019475696572587575	0.030010044322931778	0.019475696572587575	0.019475696572587575	0.049485740895519346	0.019475696572587575	0.027140586500947583	0.09248478039362616	0.09248478039362616	0.09248478039362616	0.060020088645863556	0.060020088645863556	0.07949578521845113	0.12249482471655794	0.09003013296879533
UP000217790	0.015036153666739155	0.023908402992474934	0.03142647982584451	0.03142647982584451	0.03142647982584451	0.028830016881852497	0.03142647982584451	0.028830016881852497	0.028830016881852497	0.06025649670769701	0.028830016881852497	0.04262388009696584	0.06851356614125934	0.06851356614125934	0.06851356614125934	0.06285295965168902	0.06285295965168902	0.09168297653354152	0.09994004596710385	0.09427943947753353
UP000002428	0.017882946113889794	0.021710211928571026	0.03065168498551592	0.03065168498551592	0.03065168498551592	0.042928470572293806	0.03065168498551592	0.042928470572293806	0.042928470572293806	0.07358015555780972	0.042928470572293806	0.06797399503069781	0.04377168717758492	0.04377168717758492	0.04377168717758492	0.06130336997103184	0.06130336997103184	0.10423184054332564	0.07442337216310085	0.09195505495654775
UP000009297	0.015333678739534102	0.023802307623779297	0.031469146993546346	0.031469146993546346	0.031469146993546346	0.02990540978482154	0.031469146993546346	0.02990540978482154	0.02990540978482154	0.06137455677836788	0.02990540978482154	0.04447714083010897	0.0662293022986133	0.0662293022986133	0.0662293022986133	0.06293829398709269	0.06293829398709269	0.09284370377191424	0.09769844929215968	0.09440744098063907
UP000001628	0.01519406040872574	0.023854388289817816	0.031451418494180684	0.031451418494180684	0.031451418494180684	0.02939436715540134	0.031451418494180684	0.02939436715540134	0.02939436715540134	0.060845785649582027	0.02939436715540134	0.043594673902076934	0.06730484926356531	0.06730484926356531	0.06730484926356531	0.06290283698836137	0.06290283698836137	0.0922972041437627	0.09875626775774599	0.09435425548254206
UP000016936	0.013935767804784291	0.024156208059966402	0.031124091962358547	0.031124091962358547	0.031124091962358547	0.025234462344663748	0.031124091962358547	0.025234462344663748	0.025234462344663748	0.05635855430702229	0.025234462344663748	0.0365331568845432	0.07677667843683635	0.07677667843683635	0.07677667843683635	0.06224818392471709	0.06224818392471709	0.08748264626938085	0.10790077039919489	0.09337227588707564
UP000009328	0.01865739106124402	0.017991234008390755	0.027319929539012765	0.027319929539012765	0.027319929539012765	0.05884171371741879	0.027319929539012765	0.05884171371741879	0.05884171371741879	0.08616164325643155	0.05884171371741879	0.09902603637359357	0.02536902829176688	0.02536902829176688	0.02536902829176688	0.05463985907802553	0.05463985907802553	0.11348157279544431	0.05268895783077964	0.0819597886170383
UP000008177	0.01666464692966269	0.023057808778324907	0.031390132243156246	0.031390132243156246	0.031390132243156246	0.035523818724553465	0.031390132243156246	0.035523818724553465	0.035523818724553465	0.06691395096770972	0.035523818724553465	0.054382990519444244	0.05547491444447592	0.05547491444447592	0.05547491444447592	0.06278026448631249	0.06278026448631249	0.09830408321086598	0.08686504668763216	0.09417039672946875
UP000030671	0.014419950665348557	0.024073322416538055	0.03128329774921233	0.03128329774921233	0.03128329774921233	0.026750538190885253	0.03128329774921233	0.026750538190885253	0.026750538190885253	0.05803383594009759	0.026750538190885253	0.03908112571642195	0.07316822645454875	0.07316822645454875	0.07316822645454875	0.06256659549842467	0.06256659549842467	0.08931713368930992	0.10445152420376108	0.09384989324763701
UP000018087	0.013847475913064209	0.024167212190770622	0.031090950147302725	0.031090950147302725	0.031090950147302725	0.024967774906068236	0.031090950147302725	0.024967774906068236	0.024967774906068236	0.05605872505337096	0.024967774906068236	0.03608807389907226	0.07743158408778564	0.07743158408778564	0.07743158408778564	0.06218190029460545	0.06218190029460545	0.0871496752006737	0.10852253423508838	0.09327285044190818
UP000002485	0.01817912444574921	0.021156957112445373	0.03024651933531998	0.03024651933531998	0.03024651933531998	0.04556536386513326	0.03024651933531998	0.04556536386513326	0.04556536386513326	0.07581188320045325	0.04556536386513326	0.07295160328451732	0.04015558548417222	0.04015558548417222	0.04015558548417222	0.06049303867063996	0.06049303867063996	0.10605840253577321	0.0704021048194922	0.09073955800595994
UP000006702	0.014010384309315914	0.024145941908455325	0.031151134063113282	0.031151134063113282	0.031151134063113282	0.025462092741803773	0.031151134063113282	0.025462092741803773	0.025462092741803773	0.05661322680491705	0.025462092741803773	0.03691380117429163	0.07622257630260383	0.07622257630260383	0.07622257630260383	0.062302268126226565	0.062302268126226565	0.08776436086803033	0.1073737103657171	0.09345340218933985
UP000001631	0.015141022990750229	0.0238730987876465	0.03144361028302162	0.03144361028302162	0.03144361028302162	0.029203243489646646	0.03144361028302162	0.029203243489646646	0.029203243489646646	0.06064685377266826	0.029203243489646646	0.043265463988543064	0.06771169976246401	0.06771169976246401	0.06771169976246401	0.06288722056604323	0.06288722056604323	0.0920904640556899	0.09915531004548563	0.09433083084906485
UP000054321	0.01638871814655683	0.02325558128896465	0.031449940362243065	0.031449940362243065	0.031449940362243065	0.0342219376981245	0.031449940362243065	0.0342219376981245	0.0342219376981245	0.06567187806036756	0.0342219376981245	0.052055157249692174	0.05780495292309834	0.05780495292309834	0.05780495292309834	0.06289988072448613	0.06289988072448613	0.09712181842261064	0.0892548932853414	0.09434982108672921
UP000008181	0.009944182939635365	0.02355384871943749	0.028525940189255174	0.028525940189255174	0.028525940189255174	0.015265895682328648	0.028525940189255174	0.015265895682328648	0.015265895682328648	0.04379183587158382	0.015265895682328648	0.020587608425021935	0.10660747074577648	0.10660747074577648	0.10660747074577648	0.05705188037851035	0.05705188037851035	0.072317776060839	0.13513341093503164	0.08557782056776551
UP000000724	0.014568804169197518	0.024039846087473202	0.03132424817207196	0.03132424817207196	0.03132424817207196	0.027236332101254403	0.03132424817207196	0.027236332101254403	0.027236332101254403	0.05856058027332636	0.027236332101254403	0.039903860033311284	0.07205144363035305	0.07205144363035305	0.07205144363035305	0.06264849634414392	0.06264849634414392	0.08988482844539832	0.10337569180242501	0.09397274451621589
UP000030816	0.01487247486483518	0.023959142725830274	0.03139538015824786	0.03139538015824786	0.03139538015824786	0.028259376543278977	0.03139538015824786	0.028259376543278977	0.028259376543278977	0.05965475670152684	0.028259376543278977	0.041646278221722774	0.06975878563855498	0.06975878563855498	0.06975878563855498	0.06279076031649572	0.06279076031649572	0.0910501368597747	0.10115416579680285	0.09418614047474358
UP000269793	0.014070573170333465	0.024137008166724174	0.031172294751890907	0.031172294751890907	0.031172294751890907	0.0256472456355905	0.031172294751890907	0.0256472456355905	0.0256472456355905	0.0568195403874814	0.0256472456355905	0.03722391810084753	0.07577515136754706	0.07577515136754706	0.07577515136754706	0.062344589503781814	0.062344589503781814	0.08799183513937231	0.10694744611943796	0.09351688425567273
UP000009882	0.0139986500400513	0.02414761549787201	0.03114694051789766	0.03114694051789766	0.03114694051789766	0.02542615665926732	0.03114694051789766	0.02542615665926732	0.02542615665926732	0.05657309717716498	0.02542615665926732	0.036853663278483335	0.07630975586488112	0.07630975586488112	0.07630975586488112	0.06229388103579532	0.06229388103579532	0.08772003769506265	0.10745669638277879	0.09344082155369299
UP000001640	0.01861575476393917	0.01969059722414962	0.028998474606119203	0.028998474606119203	0.028998474606119203	0.05199297486606228	0.028998474606119203	0.05199297486606228	0.05199297486606228	0.08099144947218148	0.05199297486606228	0.08537019496818539	0.032347121188891007	0.032347121188891007	0.032347121188891007	0.057996949212238406	0.057996949212238406	0.10998992407830067	0.061345595795010206	0.0869954238183576
UP000054361	0.01359497706369943	0.024191978115108807	0.030989466646958525	0.030989466646958525	0.030989466646958525	0.02422037658909812	0.030989466646958525	0.02422037658909812	0.02422037658909812	0.05520984323605664	0.02422037658909812	0.0348457761144968	0.07930075236693211	0.07930075236693211	0.07930075236693211	0.06197893329391705	0.06197893329391705	0.08619930988301516	0.11029021901389062	0.09296839994087557
UP000218811	0.010533785722470388	0.023777950018475293	0.029044842879710486	0.029044842879710486	0.029044842879710486	0.016528075551753407	0.029044842879710486	0.016528075551753407	0.016528075551753407	0.045572918431463896	0.016528075551753407	0.02252236538103643	0.10208120059296003	0.10208120059296003	0.10208120059296003	0.05808968575942097	0.05808968575942097	0.07461776131117438	0.1311260434726705	0.08713452863913146
UP000000741	0.017108386661378257	0.013586071760506262	0.02214026509119539	0.02214026509119539	0.02214026509119539	0.07527690131006436	0.02214026509119539	0.07527690131006436	0.07527690131006436	0.09741716640125976	0.07527690131006436	0.13344541595875048	0.013023685347761991	0.013023685347761991	0.013023685347761991	0.04428053018239078	0.04428053018239078	0.11955743149245515	0.03516395043895738	0.06642079527358617
UP000001742	0.0183270356060812	0.01633205490694129	0.02549557270998189	0.02549557270998189	0.02549557270998189	0.06518181632888755	0.02549557270998189	0.06518181632888755	0.06518181632888755	0.09067738903886943	0.06518181632888755	0.1120365970516939	0.019944955953057505	0.019944955953057505	0.019944955953057505	0.05099114541996378	0.05099114541996378	0.11617296174885133	0.04544052866303939	0.07648671812994566
UP000184304	0.014182042166029859	0.024118903140102968	0.0312099242231179	0.0312099242231179	0.0312099242231179	0.025993864641939375	0.0312099242231179	0.025993864641939375	0.025993864641939375	0.057203788865057274	0.025993864641939375	0.037805687117848895	0.07494532909440339	0.07494532909440339	0.07494532909440339	0.0624198484462358	0.0624198484462358	0.08841371308817515	0.10615525331752129	0.09362977266935368
UP000000819	0.016291380374785704	0.02331908919917122	0.03146477938656407	0.03146477938656407	0.03146477938656407	0.03378311537166602	0.03146477938656407	0.03378311537166602	0.03378311537166602	0.0652478947582301	0.03378311537166602	0.051274850368546336	0.05861107425725988	0.05861107425725988	0.05861107425725988	0.06292955877312814	0.06292955877312814	0.09671267414479418	0.09007585364382394	0.09439433815969221
UP000006706	0.01387094548770827	0.0241644071953296	0.031099879939183735	0.031099879939183735	0.031099879939183735	0.02503838763364419	0.031099879939183735	0.02503838763364419	0.02503838763364419	0.05613826757282792	0.02503838763364419	0.03620582977958011	0.07725757316194024	0.07725757316194024	0.07725757316194024	0.06219975987836747	0.06219975987836747	0.08723814751201166	0.10835745310112396	0.09329963981755121
UP000011064	0.012933580357089048	0.024211704322552385	0.030678494501096908	0.030678494501096908	0.030678494501096908	0.022360365941721833	0.030678494501096908	0.022360365941721833	0.022360365941721833	0.05303886044281874	0.022360365941721833	0.03178715152635461	0.08418198765680483	0.08418198765680483	0.08418198765680483	0.061356989002193815	0.061356989002193815	0.08371735494391565	0.11486048215790175	0.09203548350329074
UP000031176	0.014306135528505912	0.024096324041181148	0.031249391805434103	0.031249391805434103	0.031249391805434103	0.026385603041410997	0.031249391805434103	0.026385603041410997	0.026385603041410997	0.057634994846845096	0.026385603041410997	0.038465070554316076	0.07401949363650484	0.07401949363650484	0.07401949363650484	0.062498783610868205	0.062498783610868205	0.0888843866522792	0.10526888544193894	0.09374817541630232
UP000011185	0.017431980495977623	0.02232951883445006	0.031045509082438874	0.031045509082438874	0.031045509082438874	0.03975344859164453	0.031045509082438874	0.03975344859164453	0.03975344859164453	0.0707989576740834	0.03975344859164453	0.06207491668731144	0.04849006404895263	0.04849006404895263	0.04849006404895263	0.06209101816487775	0.06209101816487775	0.10184446675652227	0.07953557313139152	0.09313652724731662
UP000001743	0.01348744470787781	0.0241995700880928	0.030943292442031707	0.030943292442031707	0.030943292442031707	0.02390866099702635	0.030943292442031707	0.02390866099702635	0.02390866099702635	0.05485195343905805	0.02390866099702635	0.034329877286174884	0.08009543882630518	0.08009543882630518	0.08009543882630518	0.061886584884063414	0.061886584884063414	0.08579524588108975	0.1110387312683369	0.09282987732609511
UP000054383	0.01587696726004575	0.023557480920007322	0.031495964550030196	0.031495964550030196	0.031495964550030196	0.03201616523136544	0.031495964550030196	0.03201616523136544	0.03201616523136544	0.06351212978139564	0.03201616523136544	0.048155363202685125	0.06196843224465406	0.06196843224465406	0.06196843224465406	0.06299192910006039	0.06299192910006039	0.09500809433142583	0.09346439679468425	0.09448789365009061
UP000001744	0.016870752348291104	0.02289090454467717	0.03132628071882272	0.03132628071882272	0.03132628071882272	0.03656026334379285	0.03132628071882272	0.03656026334379285	0.03656026334379285	0.06788654406261557	0.03656026334379285	0.0562497743392946	0.05368319448065978	0.05368319448065978	0.05368319448065978	0.06265256143764544	0.06265256143764544	0.09921282478143831	0.08500947519948251	0.09397884215646819
UP000033540	0.013947121030142406	0.024154703415998832	0.03112826393107003	0.03112826393107003	0.03112826393107003	0.025268963014178174	0.03112826393107003	0.025268963014178174	0.025268963014178174	0.05639722694524821	0.025268963014178174	0.03659080499821394	0.07669240837613134	0.07669240837613134	0.07669240837613134	0.06225652786214006	0.06225652786214006	0.08752549087631824	0.10782067230720137	0.09338479179321009
UP000006753	0.01189113965065058	0.02411796594705277	0.030063535772378063	0.030063535772378063	0.030063535772378063	0.019672127982850382	0.030063535772378063	0.019672127982850382	0.019672127982850382	0.04973566375522844	0.019672127982850382	0.02745311631505018	0.0918879934011183	0.0918879934011183	0.0918879934011183	0.060127071544756126	0.060127071544756126	0.0797991995276065	0.12195152917349637	0.09019060731713419
UP000219338	0.015384323708012303	0.023782378859046785	0.03147454071305293	0.03147454071305293	0.03147454071305293	0.03009372233692854	0.03147454071305293	0.03009372233692854	0.03009372233692854	0.061568263049981475	0.03009372233692854	0.04480312096584478	0.06583743293743272	0.06583743293743272	0.06583743293743272	0.06294908142610586	0.06294908142610586	0.09304280376303442	0.09731197365048565	0.09442362213915881
UP000184499	0.014147753768517944	0.024124689730114016	0.03119856661437299	0.03119856661437299	0.03119856661437299	0.025886721200986788	0.03119856661437299	0.025886721200986788	0.025886721200986788	0.05708528781535978	0.025886721200986788	0.03762568863345563	0.07520076036159923	0.07520076036159923	0.07520076036159923	0.06239713322874598	0.06239713322874598	0.08828385442973277	0.10639932697597222	0.09359569984311897
