Proteome_ID	M	W	C	D	E	F	H	K	N	Q	Y	I	A	G	P	T	V	L	R	S
UP000000278	0.03138079958161503	0.03174769575546221	0.03174769575546221	0.03174769575546221	0.03174769575546221	0.04427244486254003	0.03174769575546221	0.05090171558992612	0.04427244486254003	0.03174769575546221	0.04427244486254003	0.057164090143465025	0.04553243846870608	0.04553243846870608	0.04553243846870608	0.06349539151092443	0.06349539151092443	0.10776783637346445	0.05216170919609217	0.11373224156707666
UP000000280	0.028647816474696854	0.03213798764834364	0.03213798764834364	0.03213798764834364	0.03213798764834364	0.039562675873360466	0.03213798764834364	0.04676519115951566	0.039562675873360466	0.03213798764834364	0.039562675873360466	0.05047753527202406	0.05221336662824461	0.05221336662824461	0.05221336662824461	0.06427597529668728	0.06427597529668728	0.10383865117004776	0.059415881914399823	0.11414692002106418
UP000000287	0.026532988682429974	0.032278108755528834	0.032278108755528834	0.032278108755528834	0.032278108755528834	0.036038558477929944	0.032278108755528834	0.04366390341222935	0.036038558477929944	0.032278108755528834	0.036038558477929944	0.045544128273429914	0.05782008764150727	0.05782008764150727	0.05782008764150727	0.06455621751105767	0.06455621751105767	0.1005947759889876	0.06544543257580669	0.1138617451535165
UP000000327	0.03137762663243239	0.031748281013145876	0.031748281013145876	0.031748281013145876	0.031748281013145876	0.04426687243668546	0.031748281013145876	0.05089682252916873	0.04426687243668546	0.031748281013145876	0.04426687243668546	0.05715611824093852	0.04553984918321693	0.04553984918321693	0.04553984918321693	0.06349656202629175	0.06349656202629175	0.10776343446297722	0.05216979927570021	0.11373322386761696
UP000000339	0.02865703433747997	0.032137061293970474	0.032137061293970474	0.032137061293970474	0.032137061293970474	0.03957826290309312	0.032137061293970474	0.04677889066414494	0.03957826290309312	0.032137061293970474	0.03957826290309312	0.050499491468706255	0.05218979474370517	0.05218979474370517	0.05218979474370517	0.06427412258794095	0.06427412258794095	0.10385238549103407	0.059390422504757	0.11414698965377824
UP000000344	0.03833433557308826	0.029761470727199892	0.029761470727199892	0.029761470727199892	0.029761470727199892	0.05710395203416508	0.029761470727199892	0.0622023278417593	0.05710395203416508	0.029761470727199892	0.05710395203416508	0.0758735684952419	0.031022201031411567	0.031022201031411567	0.031022201031411567	0.059522941454399785	0.059522941454399785	0.11662689348856489	0.03612057683900579	0.10884913129361111
UP000000348	0.02892575445621772	0.032108875461924515	0.032108875461924515	0.032108875461924515	0.032108875461924515	0.04003353266265093	0.032108875461924515	0.047178982268720936	0.04003353266265093	0.032108875461924515	0.04003353266265093	0.05114131086908415	0.05150581599266283	0.05150581599266283	0.05150581599266283	0.06421775092384903	0.06421775092384903	0.10425128358649995	0.058651265598732835	0.11414460263555803
UP000000349	0.02868523902388123	0.03213421013204495	0.03213421013204495	0.03213421013204495	0.03213421013204495	0.03962596822629871	0.03213421013204495	0.04682081838158931	0.03962596822629871	0.03213421013204495	0.03962596822629871	0.0505666974287162	0.052117715075797474	0.052117715075797474	0.052117715075797474	0.0642684202640899	0.0642684202640899	0.10389438849038861	0.05931256523108808	0.11414714021759859
UP000000350	0.024646964901487205	0.03227690426477171	0.03227690426477171	0.03227690426477171	0.03227690426477171	0.032981283565511665	0.03227690426477171	0.04096341257916615	0.032981283565511665	0.03227690426477171	0.032981283565511665	0.04131560222953614	0.06317513670126776	0.06317513670126776	0.06317513670126776	0.06455380852954341	0.06455380852954341	0.09753509209505508	0.07115726571492226	0.11314335903177784
UP000000351	0.02778598570595805	0.03221262391428264	0.03221262391428264	0.03221262391428264	0.03221262391428264	0.03811409687106396	0.03221262391428264	0.0454914715577792	0.03811409687106396	0.03221262391428264	0.03811409687106396	0.04844220803616985	0.05444983481850754	0.05444983481850754	0.05444983481850754	0.06442524782856528	0.06442524782856528	0.10253934469962923	0.06182720950522279	0.11409574628370006
UP000000352	0.017483310272991187	0.031030166979506987	0.031030166979506987	0.031030166979506987	0.031030166979506987	0.022069675983763935	0.031030166979506987	0.03113628719240821	0.022069675983763935	0.031030166979506987	0.022069675983763935	0.026656041694536683	0.08725739911038514	0.08725739911038514	0.08725739911038514	0.062060333959013975	0.062060333959013975	0.0841300099427779	0.09632401031902942	0.10598744550073941
UP000000353	0.025180918542635305	0.03228973411498089	0.03228973411498089	0.03228973411498089	0.03228973411498089	0.0338387800575201	0.03228973411498089	0.04172211860113529	0.0338387800575201	0.03228973411498089	0.0338387800575201	0.04249664157240488	0.06162319843941626	0.06162319843941626	0.06162319843941626	0.06457946822996179	0.06457946822996179	0.09841824828748189	0.06950653698303146	0.11339225937269319
UP000000354	0.031612039941201174	0.03170423089975952	0.03170423089975952	0.03170423089975952	0.03170423089975952	0.04467922097125871	0.03170423089975952	0.05125890696556665	0.04467922097125871	0.03170423089975952	0.04467922097125871	0.05774640200131625	0.04499443970125913	0.04499443970125913	0.04499443970125913	0.06340846179951903	0.06340846179951903	0.10808768277077775	0.05157412569556707	0.11365755161042221
UP000000355	0.03344313735593025	0.031304084477069075	0.031304084477069075	0.031304084477069075	0.031304084477069075	0.04794723054568279	0.031304084477069075	0.05412975070112847	0.04794723054568279	0.031304084477069075	0.04794723054568279	0.06245132373543533	0.0408760086367788	0.0408760086367788	0.0408760086367788	0.06260816895413815	0.06260816895413815	0.11055539949982095	0.047058528792224476	0.11285129759738494
UP000000356	0.027599281882922853	0.032225643275267744	0.032225643275267744	0.032225643275267744	0.032225643275267744	0.03780254909281655	0.032225643275267744	0.04521736339393585	0.03780254909281655	0.032225643275267744	0.03780254909281655	0.048005816302710246	0.05494296598650008	0.05494296598650008	0.05494296598650008	0.06445128655053549	0.06445128655053549	0.10225383564335204	0.062357780287619374	0.11407294449883239
UP000000357	0.028701202768815576	0.03213258522325428	0.03213258522325428	0.03213258522325428	0.03213258522325428	0.03965297750954784	0.03213258522325428	0.04684455610713331	0.03965297750954784	0.03213258522325428	0.03965297750954784	0.0506047522502801	0.052076948465274164	0.052076948465274164	0.052076948465274164	0.06426517044650856	0.06426517044650856	0.10391814795605639	0.05926852706285964	0.11414718369784614
UP000000358	0.028610863471650046	0.03214167422541753	0.03214167422541753	0.03214167422541753	0.03214167422541753	0.039500209808220915	0.03214167422541753	0.04671028835339009	0.039500209808220915	0.03214167422541753	0.039500209808220915	0.05038955614479178	0.052307935933943304	0.052307935933943304	0.052307935933943304	0.06428334845083505	0.06428334845083505	0.10378355825905597	0.05951801447911247	0.11414653981133174
UP000000359	0.02881221918771669	0.03212106225058601	0.03212106225058601	0.03212106225058601	0.03212106225058601	0.03984097286520912	0.03212106225058601	0.04700977123538999	0.03984097286520912	0.03212106225058601	0.03984097286520912	0.05086972654270155	0.05179404848354001	0.05179404848354001	0.05179404848354001	0.06424212450117202	0.06424212450117202	0.10408309736638115	0.05896284685372088	0.11414665226198227
UP000000360	0.024447661027631497	0.03226952943672385	0.03226952943672385	0.03226952943672385	0.03226952943672385	0.03266282820320251	0.03226952943672385	0.04068134599553419	0.03266282820320251	0.03226952943672385	0.03266282820320251	0.04087799537877351	0.06376193289750016	0.06376193289750016	0.06376193289750016	0.0645390588734477	0.0645390588734477	0.09720188707665021	0.07178045068983185	0.11304108216223203
UP000000369	0.022028631375473406	0.03206356929381076	0.03206356929381076	0.03206356929381076	0.03206356929381076	0.02886664400496617	0.03206356929381076	0.03730311927888123	0.02886664400496617	0.03206356929381076	0.02886664400496617	0.03570465663445894	0.07122909581606619	0.07122909581606619	0.07122909581606619	0.06412713858762152	0.06412713858762152	0.0929937825925877	0.07966557108998125	0.11138132662741292
UP000000372	0.03373226262566593	0.03123191995890842	0.03123191995890842	0.03123191995890842	0.03123191995890842	0.048470967702388255	0.03123191995890842	0.05459014890737067	0.048470967702388255	0.03123191995890842	0.048470967702388255	0.06320967277911058	0.04024812668518688	0.04024812668518688	0.04024812668518688	0.06246383991781684	0.06246383991781684	0.11093480762020509	0.04636730789016929	0.11268931742566886
UP000000373	0.031103337651879528	0.03179773084990462	0.03179773084990462	0.03179773084990462	0.03179773084990462	0.043786089041827056	0.03179773084990462	0.05047466133581337	0.043786089041827056	0.03179773084990462	0.043786089041827056	0.05646884043177459	0.046183420777184174	0.046183420777184174	0.046183420777184174	0.06359546169980924	0.06359546169980924	0.1073815507416363	0.052871993071170485	0.11381377881164587
UP000000375	0.02082904071867579	0.031877450896601704	0.031877450896601704	0.031877450896601704	0.031877450896601704	0.02703072863751353	0.031877450896601704	0.035655777685895354	0.02703072863751353	0.031877450896601704	0.02703072863751353	0.033232416556351264	0.0751864212979445	0.0751864212979445	0.0751864212979445	0.06375490179320341	0.06375490179320341	0.09078563043071694	0.08381147034632636	0.11025970548964317
UP000000394	0.02228051284657155	0.0320953608012135	0.0320953608012135	0.0320953608012135	0.0320953608012135	0.02925602914923572	0.0320953608012135	0.03765121127788878	0.02925602914923572	0.0320953608012135	0.02925602914923572	0.03623154545189989	0.0704205057839835	0.0704205057839835	0.0704205057839835	0.064190721602427	0.064190721602427	0.09344675075166273	0.07881568791263656	0.11159107894754788
UP000000395	0.03164906482823382	0.03169712298232988	0.03169712298232988	0.03169712298232988	0.03169712298232988	0.04474447369953656	0.03169712298232988	0.051316207212235954	0.04474447369953656	0.03169712298232988	0.04474447369953656	0.05783988257083929	0.04490867909649148	0.04490867909649148	0.04490867909649148	0.06339424596465976	0.06339424596465976	0.10813871966419632	0.05148041260919087	0.11364502490392074
UP000000396	0.02979876623734961	0.03200168392550132	0.03200168392550132	0.03200168392550132	0.03200168392550132	0.04152435347454374	0.03200168392550132	0.048488605937216656	0.04152435347454374	0.03200168392550132	0.04152435347454374	0.053249940711737866	0.04932564571754321	0.04932564571754321	0.04932564571754321	0.06400336785100263	0.06400336785100263	0.10552772132554637	0.05628989818021612	0.11407823077665942
UP000000398	0.02043625247801759	0.03180368425658542	0.03180368425658542	0.03180368425658542	0.03180368425658542	0.026436202274759096	0.03180368425658542	0.03511989306241377	0.026436202274759096	0.03180368425658542	0.026436202274759096	0.0324361520715006	0.07652190899282992	0.07652190899282992	0.07652190899282992	0.06360736851317084	0.06360736851317084	0.09004357078792993	0.08520559978048459	0.10984735545103233
UP000000399	0.010595212771987321	0.027321987785619648	0.027321987785619648	0.027321987785619648	0.027321987785619648	0.012577653836649546	0.027321987785619648	0.02193226187579682	0.012577653836649546	0.027321987785619648	0.012577653836649546	0.014560094901311769	0.11870115464338467	0.11870115464338467	0.11870115464338467	0.054643975571239296	0.054643975571239296	0.06722162940788882	0.12805576268253197	0.09057873506418404
UP000000400	0.014386480983748591	0.029745434127144327	0.029745434127144327	0.029745434127144327	0.029745434127144327	0.01768286409639969	0.029745434127144327	0.02701053222442311	0.01768286409639969	0.029745434127144327	0.01768286409639969	0.02097924720905079	0.10007325132272323	0.10007325132272323	0.10007325132272323	0.059490868254288655	0.059490868254288655	0.07717373235068835	0.10940091945074665	0.10032640025253048
UP000000401	0.0186855618734707	0.031393580680744035	0.031393580680744035	0.031393580680744035	0.031393580680744035	0.023825625008881756	0.031393580680744035	0.032749665980223955	0.023825625008881756	0.031393580680744035	0.023825625008881756	0.028965688144292807	0.08273083351148082	0.08273083351148082	0.08273083351148082	0.06278716136148807	0.06278716136148807	0.08661278637036983	0.09165487448282301	0.10772624078029175
UP000000409	0.029766058078733004	0.03200612728047136	0.03200612728047136	0.03200612728047136	0.03200612728047136	0.041468172550135386	0.03200612728047136	0.04843926438670576	0.041468172550135386	0.03200612728047136	0.041468172550135386	0.053170287021537775	0.049406188915377625	0.049406188915377625	0.049406188915377625	0.06401225456094271	0.06401225456094271	0.1054804271110781	0.056377280751948	0.11408232544874469
UP000000410	0.022762997039163336	0.032149390594619506	0.032149390594619506	0.032149390594619506	0.032149390594619506	0.03000570399989582	0.032149390594619506	0.03832025425799015	0.03000570399989582	0.032149390594619506	0.03000570399989582	0.037248410960628295	0.06889245562170432	0.06889245562170432	0.06889245562170432	0.06429878118923901	0.06429878118923901	0.09430448518913481	0.07720700587979863	0.11196846186228937
UP000000411	0.02711504930649637	0.03225411486611563	0.03225411486611563	0.03225411486611563	0.03225411486611563	0.03699825548349299	0.03225411486611563	0.04450939135180093	0.03699825548349299	0.03225411486611563	0.03699825548349299	0.0468814616604896	0.05623659343942476	0.05623659343942476	0.05623659343942476	0.06450822973223126	0.06450822973223126	0.10150648521572424	0.0637477293077327	0.11399418772784664
UP000000412	0.02200498286469171	0.032060456819618305	0.032060456819618305	0.032060456819618305	0.032060456819618305	0.028830155297510426	0.032060456819618305	0.03727047849138308	0.028830155297510426	0.032060456819618305	0.028830155297510426	0.035655327730329145	0.07130540095088352	0.07130540095088352	0.07130540095088352	0.06412091363923661	0.06412091363923661	0.09295106893674704	0.07974572414475617	0.1113611808907279
UP000000413	0.02922152142675641	0.0320752249096721	0.0320752249096721	0.0320752249096721	0.0320752249096721	0.04053658768343204	0.0320752249096721	0.0476209725532277	0.04053658768343204	0.0320752249096721	0.04053658768343204	0.05185165394010766	0.050760071915305544	0.050760071915305544	0.050760071915305544	0.0641504498193442	0.0641504498193442	0.10468703750277625	0.057844456785101195	0.11413212989909707
UP000000414	0.019105839505190028	0.03150451936071541	0.03150451936071541	0.03150451936071541	0.03150451936071541	0.024446507663983486	0.03150451936071541	0.033316181671142905	0.024446507663983486	0.03150451936071541	0.024446507663983486	0.029787175822776946	0.08120053414516727	0.08120053414516727	0.08120053414516727	0.06300903872143082	0.06300903872143082	0.08745554638541429	0.0900702081523267	0.10827872942854282
UP000000469	0.032841313211030655	0.03144648463924965	0.03144648463924965	0.03144648463924965	0.03144648463924965	0.04686386473477418	0.03144648463924965	0.053177726210755435	0.04686386473477418	0.03144648463924965	0.04686386473477418	0.0608864162585177	0.0422022981571466	0.0422022981571466	0.0422022981571466	0.0628929692784993	0.0628929692784993	0.10975683401327345	0.04851615963312786	0.11315821560503607
UP000000470	0.02617981577068578	0.032287150932511055	0.032287150932511055	0.032287150932511055	0.032287150932511055	0.03545999418618309	0.032287150932511055	0.04315375097484438	0.03545999418618309	0.032287150932511055	0.03545999418618309	0.0447401726016804	0.05879640644413539	0.05879640644413539	0.05879640644413539	0.06457430186502211	0.06457430186502211	0.10003429605120519	0.06649016323279669	0.11376109015272165
UP000000472	0.03183195885686144	0.031661411414450794	0.031661411414450794	0.031661411414450794	0.031661411414450794	0.045067302084812536	0.031661411414450794	0.05159969997758276	0.045067302084812536	0.031661411414450794	0.045067302084812536	0.05830264531276362	0.044486575693774864	0.044486575693774864	0.044486575693774864	0.06332282282890159	0.06332282282890159	0.10839012491371412	0.051018973586545086	0.11358084987226276
UP000000473	0.018351661489945246	0.031299598340737825	0.031299598340737825	0.031299598340737825	0.031299598340737825	0.023334956304702306	0.031299598340737825	0.032300572137477127	0.023334956304702306	0.031299598340737825	0.023334956304702306	0.028318251119459365	0.08396543310381965	0.08396543310381965	0.08396543310381965	0.06259919668147565	0.06259919668147565	0.08593415298617796	0.09293104893659448	0.10726716169740168
UP000000477	0.02452944798074939	0.03227272713038746	0.03227272713038746	0.03227272713038746	0.03227272713038746	0.032793404664812474	0.03227272713038746	0.04079702258166306	0.032793404664812474	0.03227272713038746	0.032793404664812474	0.04105736134887557	0.06352063331502834	0.06352063331502834	0.06352063331502834	0.06454545426077492	0.06454545426077492	0.0973388589255874	0.07152425123187892	0.11308367268784866
UP000000513	0.03817443089607877	0.029822590976288685	0.029822590976288685	0.029822590976288685	0.029822590976288685	0.056794322378666086	0.029822590976288685	0.0619283481600647	0.056794322378666086	0.029822590976288685	0.056794322378666086	0.07541421386125341	0.03131957193217961	0.03131957193217961	0.03131957193217961	0.05964518195257737	0.05964518195257737	0.11643950433124345	0.03645359771357822	0.10902231234235751
UP000000514	0.03599591689216611	0.030583736284654713	0.030583736284654713	0.030583736284654713	0.030583736284654713	0.05264639445761199	0.030583736284654713	0.058265542936579234	0.05264639445761199	0.030583736284654713	0.05264639445761199	0.06929687202305787	0.03553386456056018	0.03553386456056018	0.03553386456056018	0.061167472569309426	0.061167472569309426	0.11381386702692141	0.041153013039527425	0.11109664818068436
UP000000515	0.027864757384419712	0.032206792319814694	0.032206792319814694	0.032206792319814694	0.032206792319814694	0.03824578228531084	0.032206792319814694	0.0456073122034539	0.03824578228531084	0.032206792319814694	0.03824578228531084	0.04862680718620198	0.05424271172144723	0.05424271172144723	0.05424271172144723	0.06441358463962939	0.06441358463962939	0.10265936692494024	0.06160424163959028	0.11410410944297265
UP000000516	0.038046906972447135	0.029870821289989576	0.029870821289989576	0.029870821289989576	0.029870821289989576	0.05654790697035762	0.029870821289989576	0.061710364128084075	0.05654790697035762	0.029870821289989576	0.05654790697035762	0.0750489069682681	0.031557877641915894	0.031557877641915894	0.031557877641915894	0.05974164257997915	0.05974164257997915	0.11628954955033678	0.03672033479964236	0.10915837084450537
UP000000518	0.017172466062535356	0.030924656927271463	0.030924656927271463	0.030924656927271463	0.030924656927271463	0.021620510427904346	0.030924656927271463	0.030720628042956895	0.021620510427904346	0.030924656927271463	0.021620510427904346	0.026068554793273337	0.08846547904208156	0.08846547904208156	0.08846547904208156	0.061849313854542926	0.061849313854542926	0.08346982428244726	0.09756559665713412	0.10549839247898075
UP000000519	0.023397254737781457	0.0322069429087224	0.0322069429087224	0.0322069429087224	0.0322069429087224	0.0309988373077846	0.0322069429087224	0.03920447267825664	0.0309988373077846	0.0322069429087224	0.0309988373077846	0.03860041987778774	0.06692426307648737	0.06692426307648737	0.06692426307648737	0.0644138858174448	0.0644138858174448	0.0954127231252294	0.07512989844695943	0.11241650089394552
UP000000520	0.030741139941449468	0.03185955279407649	0.03185955279407649	0.03185955279407649	0.03185955279407649	0.043154025403451965	0.03185955279407649	0.04991967456076673	0.043154025403451965	0.03185955279407649	0.043154025403451965	0.055566910865454476	0.047042244367653044	0.047042244367653044	0.047042244367653044	0.06371910558815298	0.06371910558815298	0.10687313099160496	0.05380789352496781	0.11390691286167647
UP000000521	0.02710633629149067	0.0322545567447059	0.0322545567447059	0.0322545567447059	0.0322545567447059	0.03698383264113132	0.0322545567447059	0.04449669104255927	0.03698383264113132	0.0322545567447059	0.03698383264113132	0.04686132899077198	0.056260065899196576	0.056260065899196576	0.056260065899196576	0.0645091134894118	0.0645091134894118	0.10149294613054313	0.06377292430062452	0.11399251017596772
UP000000522	0.029943903712234394	0.03198156873470381	0.03198156873470381	0.03198156873470381	0.03198156873470381	0.04177395567638341	0.03198156873470381	0.048707814169692616	0.04177395567638341	0.03198156873470381	0.04177395567638341	0.053604007640532414	0.04896930262751382	0.04896930262751382	0.04896930262751382	0.06396313746940761	0.06396313746940761	0.10573709314579101	0.055903161120823025	0.11405855795219678
UP000000568	0.02748385525752306	0.03223312571754527	0.03223312571754527	0.03223312571754527	0.03223312571754527	0.037610341121525094	0.03223312571754527	0.045048219283537215	0.037610341121525094	0.03223312571754527	0.037610341121525094	0.04773682698552712	0.055249400167149985	0.055249400167149985	0.055249400167149985	0.06446625143509054	0.06446625143509054	0.10207659255661564	0.06268727832916211	0.11405674654615683
UP000000569	0.023201351745753173	0.03219078024193652	0.03219078024193652	0.03219078024193652	0.03219078024193652	0.030691159395313604	0.03219078024193652	0.0389307774681855	0.030691159395313604	0.03219078024193652	0.030691159395313604	0.03818096704487403	0.0675273500904551	0.0675273500904551	0.0675273500904551	0.06438156048387304	0.06438156048387304	0.09507271987918665	0.07576696816332698	0.11228388482200231
UP000000570	0.021070474543745967	0.03191960596672275	0.03191960596672275	0.03191960596672275	0.03191960596672275	0.027397778812615965	0.03191960596672275	0.035985996658539354	0.027397778812615965	0.03191960596672275	0.027397778812615965	0.03372508308148597	0.07437546321103106	0.07437546321103106	0.07437546321103106	0.0638392119334455	0.0638392119334455	0.09123699074606145	0.08296368105695445	0.11050198817504421
UP000000571	0.009832621554523501	0.026689836528976354	0.026689836528976354	0.026689836528976354	0.026689836528976354	0.011586199387714722	0.026689836528976354	0.02089159579153676	0.011586199387714722	0.026689836528976354	0.011586199387714722	0.013339777220905943	0.12296480495559381	0.12296480495559381	0.12296480495559381	0.05337967305795271	0.05337967305795271	0.06496587244566744	0.13227020135941583	0.08814855330826135
UP000000572	0.025968613829637627	0.032290545340503796	0.032290545340503796	0.032290545340503796	0.032290545340503796	0.035115349078235936	0.032290545340503796	0.04284968245796818	0.035115349078235936	0.032290545340503796	0.035115349078235936	0.04426208432683425	0.05938595775107195	0.05938595775107195	0.05938595775107195	0.06458109068100759	0.06458109068100759	0.09969643975924353	0.06712029113080419	0.11369351460255069
UP000000573	0.024608025951251205	0.03227557462483899	0.03227557462483899	0.03227557462483899	0.03227557462483899	0.0329189966164588	0.03227557462483899	0.040908256285856495	0.0329189966164588	0.03227557462483899	0.0329189966164588	0.04122996728166641	0.0632894574218411	0.0632894574218411	0.0632894574218411	0.06455114924967797	0.06455114924967797	0.09747014586613678	0.07127871709123879	0.11312377916056056
UP000000574	0.024604150410027496	0.03227543933764199	0.03227543933764199	0.03227543933764199	0.03227543933764199	0.03291279910990415	0.03227543933764199	0.040902767923649726	0.03291279910990415	0.03227543933764199	0.03291279910990415	0.04122144780978081	0.06330084420709979	0.06330084420709979	0.06330084420709979	0.06455087867528397	0.06455087867528397	0.09746367778518812	0.07129081302084536	0.11312181972307679
UP000000575	0.024599873694121813	0.03227528942608888	0.03227528942608888	0.03227528942608888	0.03227528942608888	0.03290596045594149	0.03227528942608888	0.040896711702834855	0.03290596045594149	0.03227528942608888	0.03290596045594149	0.041212047217761165	0.06331341149774687	0.06331341149774687	0.06331341149774687	0.06455057885217776	0.06455057885217776	0.09745653930811925	0.07130416274464023	0.11311965521056877
UP000000587	0.037709141817053766	0.029996364370181217	0.029996364370181217	0.029996364370181217	0.029996364370181217	0.05589743529568735	0.029996364370181217	0.06113519331156787	0.05589743529568735	0.029996364370181217	0.05589743529568735	0.07408572877432094	0.03219403075182227	0.03219403075182227	0.03219403075182227	0.05999272874036243	0.05999272874036243	0.11589016403604978	0.037431788767702784	0.10950994144896382
UP000000624	0.034222293347534745	0.03110407864805663	0.03110407864805663	0.03110407864805663	0.03110407864805663	0.049363528737867056	0.03110407864805663	0.05537503908329415	0.049363528737867056	0.03110407864805663	0.049363528737867056	0.06450476412819936	0.03919751011650613	0.03919751011650613	0.03919751011650613	0.06220815729611326	0.06220815729611326	0.11157168603398031	0.04520902046193322	0.11239329390137234
UP000000668	0.02011557515953385	0.0317386237966202	0.0317386237966202	0.0317386237966202	0.0317386237966202	0.025953228513560724	0.0317386237966202	0.03468357950911734	0.025953228513560724	0.0317386237966202	0.025953228513560724	0.0317908818675876	0.07762735491478792	0.07762735491478792	0.07762735491478792	0.0634772475932404	0.0634772475932404	0.08943047610680113	0.08635770591034453	0.10949379319536758
UP000000670	0.03402438574123149	0.03115654530329116	0.03115654530329116	0.03115654530329116	0.03115654530329116	0.049002308466781316	0.03115654530329116	0.055057349610586066	0.049002308466781316	0.03115654530329116	0.049002308466781316	0.06398023119233115	0.03961977896996804	0.03961977896996804	0.03961977896996804	0.06231309060658232	0.06231309060658232	0.11131539907336363	0.04567482011377279	0.11251609892555513
UP000000672	0.02323993423448323	0.03219407676356296	0.03219407676356296	0.03219407676356296	0.03219407676356296	0.030751689811790432	0.03219407676356296	0.03898463886498389	0.030751689811790432	0.03219407676356296	0.030751689811790432	0.03826344538909762	0.06740823577511493	0.06740823577511493	0.06740823577511493	0.06438815352712592	0.06438815352712592	0.09513984333891636	0.07564118482830838	0.1123104089478649
UP000000675	0.025637773852401007	0.03229280685884335	0.03229280685884335	0.03229280685884335	0.03229280685884335	0.034577488416936766	0.03229280685884335	0.04237486220242581	0.034577488416936766	0.03229280685884335	0.034577488416936766	0.04351720298147252	0.06031816783498727	0.06031816783498727	0.06031816783498727	0.0645856137176867	0.0645856137176867	0.09916310213462347	0.06811554162047632	0.11357647986439529
UP000000676	0.029907379413026458	0.031986691968434636	0.031986691968434636	0.031986691968434636	0.031986691968434636	0.04171109514351876	0.031986691968434636	0.048652609286469	0.04171109514351876	0.031986691968434636	0.04171109514351876	0.05351481087401107	0.04905881562510362	0.04905881562510362	0.04905881562510362	0.06397338393686927	0.06397338393686927	0.10568447908038804	0.05600032976805386	0.11406373958783807
UP000000677	0.024310833882540534	0.03226364447202122	0.03226364447202122	0.03226364447202122	0.03226364447202122	0.03244470664464481	0.03226364447202122	0.04048804832043729	0.03244470664464481	0.03226364447202122	0.03244470664464481	0.04057857940674908	0.06416718548378672	0.06416718548378672	0.06416718548378672	0.06452728894404244	0.06452728894404244	0.09697199558868724	0.07221052715957921	0.11296789453649993
UP000000678	0.02819849853617598	0.0321798667557676	0.0321798667557676	0.0321798667557676	0.0321798667557676	0.038805301948974615	0.0321798667557676	0.046099387765169746	0.038805301948974615	0.0321798667557676	0.038805301948974615	0.04941210536177325	0.05337125456622403	0.05337125456622403	0.05337125456622403	0.0643597335115352	0.0643597335115352	0.1031650354605098	0.06066534038241916	0.11413129539068013
UP000000679	0.02563189261214251	0.03229281312728862	0.03229281312728862	0.03229281312728862	0.03229281312728862	0.03456794920686289	0.03229281312728862	0.04236643776179613	0.03456794920686289	0.03229281312728862	0.03456794920686289	0.043504005801583256	0.06033483637883547	0.06033483637883547	0.06033483637883547	0.06458562625457724	0.06458562625457724	0.09915357546144013	0.06813332493376871	0.11357427539928798
UP000000680	0.029514618827342482	0.032039178718260244	0.032039178718260244	0.032039178718260244	0.032039178718260244	0.04103714000089018	0.032039178718260244	0.0480606805331229	0.04103714000089018	0.032039178718260244	0.04103714000089018	0.05255966117443786	0.05002829012540119	0.05002829012540119	0.05002829012540119	0.06407835743652049	0.06407835743652049	0.10511549743741067	0.057051830657633924	0.11410963380857553
UP000000725	0.026965764076490626	0.03226133978283326	0.03226133978283326	0.03226133978283326	0.03226133978283326	0.03675137991249346	0.03226133978283326	0.0442919756836662	0.03675137991249346	0.03226133978283326	0.03675137991249346	0.0465369957484963	0.056639726021803415	0.056639726021803415	0.056639726021803415	0.06452267956566651	0.06452267956566651	0.10127405947815997	0.06418032179297616	0.11396416758898754
UP000000728	0.024006935434542246	0.03224816196967874	0.03224816196967874	0.03224816196967874	0.03224816196967874	0.031961719866600215	0.03224816196967874	0.040059725350197445	0.031961719866600215	0.03224816196967874	0.031961719866600215	0.03991650429865818	0.06507434235473468	0.06507434235473468	0.06507434235473468	0.06449632393935747	0.06449632393935747	0.09645804380595768	0.0731723478383319	0.11279663691152048
UP000000729	0.013671277643286222	0.029368069660870206	0.029368069660870206	0.029368069660870206	0.029368069660870206	0.016697456669575637	0.029368069660870206	0.026058942191512335	0.016697456669575637	0.029368069660870206	0.016697456669575637	0.019723635695865053	0.10330717218476182	0.10330717218476182	0.10330717218476182	0.05873613932174041	0.05873613932174041	0.07543359599131604	0.11266865770669851	0.09874930759960741
UP000000730	0.013060890897450357	0.02901900926124102	0.02901900926124102	0.02901900926124102	0.02901900926124102	0.01586466859051448	0.02901900926124102	0.025245616618941872	0.01586466859051448	0.02901900926124102	0.01586466859051448	0.018668446283578603	0.10616079292163558	0.10616079292163558	0.10616079292163558	0.05803801852248204	0.05803801852248204	0.07390268711299652	0.11554174095006298	0.0973141409881093
UP000000735	0.03379638780683134	0.03121558583172964	0.03121558583172964	0.03121558583172964	0.03121558583172964	0.04858741701693909	0.03121558583172964	0.05469253063444211	0.04858741701693909	0.03121558583172964	0.04858741701693909	0.06337844622704684	0.04010967689343805	0.04010967689343805	0.04010967689343805	0.06243117166345928	0.06243117166345928	0.11101858868039838	0.04621479051094107	0.11265211609191252
UP000000744	0.03621366433449215	0.030513678580519652	0.030513678580519652	0.030513678580519652	0.030513678580519652	0.05305517623027122	0.030513678580519652	0.0586259393011745	0.05305517623027122	0.030513678580519652	0.05305517623027122	0.06989668812605028	0.03509872727494676	0.03509872727494676	0.03509872727494676	0.061027357161039304	0.061027357161039304	0.11408253339131054	0.040669490345850046	0.11091318818027204
UP000000825	0.029114439035902565	0.03208772501278981	0.03208772501278981	0.03208772501278981	0.03208772501278981	0.04035421864629298	0.03208772501278981	0.04746075143993181	0.04035421864629298	0.03208772501278981	0.04035421864629298	0.05159399825668339	0.05102921731782805	0.05102921731782805	0.05102921731782805	0.06417545002557962	0.06417545002557962	0.10452966867187259	0.058135750111466884	0.11413783446388158
UP000000826	0.026223201311511228	0.03228626654663113	0.03228626654663113	0.03228626654663113	0.03228626654663113	0.03553091623508991	0.03228626654663113	0.0432163063144392	0.03553091623508991	0.03228626654663113	0.03553091623508991	0.04483863115866858	0.05867583040206814	0.05867583040206814	0.05867583040206814	0.06457253309326226	0.06457253309326226	0.10010344932835218	0.06636122048141743	0.11377428602782594
UP000000831	0.018802690898143126	0.031425315617503544	0.031425315617503544	0.031425315617503544	0.031425315617503544	0.023998293437764294	0.031425315617503544	0.03290740706725509	0.023998293437764294	0.031425315617503544	0.023998293437764294	0.029193895977385458	0.08230172401389832	0.08230172401389832	0.08230172401389832	0.06285063123500709	0.06285063123500709	0.08684892467277139	0.09121083764338911	0.10788303521103258
UP000000832	0.034812672116788713	0.030940865149960646	0.030940865149960646	0.030940865149960646	0.030940865149960646	0.050447114546478974	0.030940865149960646	0.056328432277910075	0.050447114546478974	0.030940865149960646	0.050447114546478974	0.06608155697616923	0.03795408894381919	0.03795408894381919	0.03795408894381919	0.06188173029992129	0.06188173029992129	0.11232884484640027	0.043835406675250294	0.11200082513698038
UP000000834	0.029626060664555167	0.032024771651947156	0.032024771651947156	0.032024771651947156	0.032024771651947156	0.041227994937525846	0.032024771651947156	0.04822831756770719	0.041227994937525846	0.032024771651947156	0.041227994937525846	0.05282992921049653	0.04975192225154111	0.04975192225154111	0.04975192225154111	0.06404954330389431	0.06404954330389431	0.10527753824142015	0.05675224488172244	0.11409844134742596
UP000000835	0.0361262799746253	0.03054195484810508	0.03054195484810508	0.03054195484810508	0.03054195484810508	0.05289097487841771	0.03054195484810508	0.0584811597670538	0.05289097487841771	0.03054195484810508	0.05289097487841771	0.06965566978221012	0.035272974570348684	0.035272974570348684	0.035272974570348684	0.06108390969621016	0.06108390969621016	0.11397488457462789	0.04086315945898478	0.11098744961514814
UP000000839	0.03934571606194718	0.02935833481443557	0.02935833481443557	0.02935833481443557	0.02935833481443557	0.05907910351821492	0.02935833481443557	0.063952106622593	0.05907910351821492	0.02935833481443557	0.05907910351821492	0.07881249097448267	0.029178229585381573	0.029178229585381573	0.029178229585381573	0.05871666962887114	0.05871666962887114	0.11779577314708607	0.03405123268975964	0.10768733304898614
UP000000840	0.025821356404759268	0.03229201427683506	0.03229201427683506	0.03229201427683506	0.03229201427683506	0.034875643445417194	0.03229201427683506	0.04263811590178405	0.034875643445417194	0.03229201427683506	0.034875643445417194	0.0439299304860751	0.059799566863179665	0.059799566863179665	0.059799566863179665	0.06458402855367013	0.06458402855367013	0.09945967199908733	0.06756203931954652	0.11364311219460653
UP000000842	0.01509184251735124	0.030086089795732535	0.030086089795732535	0.030086089795732535	0.030086089795732535	0.01866487495862025	0.030086089795732535	0.027948514818445406	0.01866487495862025	0.030086089795732535	0.01866487495862025	0.022237907399889265	0.09699210963948443	0.09699210963948443	0.09699210963948443	0.06017217959146507	0.06017217959146507	0.07883705455008531	0.10627574949930958	0.10177707946327984
UP000000846	0.02699691372136117	0.03225989298407158	0.03225989298407158	0.03225989298407158	0.03225989298407158	0.03680285064497559	0.03225989298407158	0.04433730873813801	0.03680285064497559	0.03225989298407158	0.03680285064497559	0.046608787568590014	0.056555439435006356	0.056555439435006356	0.056555439435006356	0.06451978596814316	0.06451978596814316	0.10132263661311876	0.06408989752816877	0.11397065574996149
UP000000853	0.02897058514072804	0.03210395154776673	0.03210395154776673	0.03210395154776673	0.03210395154776673	0.04010965046710558	0.03210395154776673	0.047245866333813696	0.04010965046710558	0.03210395154776673	0.04010965046710558	0.05124871579348313	0.05139230549149832	0.05139230549149832	0.05139230549149832	0.06420790309553347	0.06420790309553347	0.10431755356263905	0.05852852135820644	0.11414337445765071
UP000000854	0.03377442680301784	0.031221193213696662	0.031221193213696662	0.031221193213696662	0.031221193213696662	0.048547524665055665	0.031221193213696662	0.054657456801413984	0.048547524665055665	0.031221193213696662	0.048547524665055665	0.06332062252709349	0.04015705898136591	0.04015705898136591	0.04015705898136591	0.062442386427393325	0.062442386427393325	0.11098991109244898	0.046266991117724234	0.11266490858207
UP000000862	0.032474417092959146	0.03152808985867745	0.03152808985867745	0.03152808985867745	0.03152808985867745	0.046207880628573374	0.03152808985867745	0.05260144877923964	0.046207880628573374	0.03152808985867745	0.046207880628573374	0.05994134416418761	0.043023849465286736	0.043023849465286736	0.043023849465286736	0.0630561797173549	0.0630561797173549	0.10926406034592828	0.04941741761595301	0.11332522313337726
UP000000866	0.04569898079802965	0.02617260847292441	0.02617260847292441	0.02617260847292441	0.02617260847292441	0.07218947402122333	0.02617260847292441	0.07567153447026756	0.07218947402122333	0.02617260847292441	0.07218947402122333	0.09867996724441702	0.01897798657116151	0.01897798657116151	0.01897798657116151	0.05234521694584882	0.05234521694584882	0.12453469096707216	0.02246004702020574	0.09772631299360919
UP000000867	0.030326320167299768	0.03192546526197459	0.03192546526197459	0.03192546526197459	0.03192546526197459	0.04243403588380002	0.03192546526197459	0.049287466289387565	0.04243403588380002	0.03192546526197459	0.04243403588380002	0.05454175160030029	0.048038576155451575	0.048038576155451575	0.048038576155451575	0.06385093052394918	0.06385093052394918	0.10628496640774922	0.05489200656103912	0.11399500023672329
UP000000868	0.03373559115592584	0.031231075040604992	0.031231075040604992	0.031231075040604992	0.031231075040604992	0.048477009617758596	0.031231075040604992	0.05459546079101456	0.048477009617758596	0.031231075040604992	0.048477009617758596	0.06321842807959135	0.040240933006502486	0.040240933006502486	0.040240933006502486	0.062462150081209984	0.062462150081209984	0.11093915969896859	0.04635938417975844	0.11268739781590806
UP000000869	0.01358025713485654	0.02931763401233157	0.02931763401233157	0.02931763401233157	0.02931763401233157	0.01657279254222692	0.02931763401233157	0.025937748684649622	0.01657279254222692	0.02931763401233157	0.01657279254222692	0.019565327949597294	0.10372707700177666	0.10372707700177666	0.10372707700177666	0.05863526802466314	0.05863526802466314	0.07520806056689006	0.11309203314419936	0.09854062376448086
UP000000870	0.01338218623189681	0.029205942369836414	0.029205942369836414	0.029205942369836414	0.029205942369836414	0.016302089812873496	0.029205942369836414	0.02567391967233164	0.016302089812873496	0.029205942369836414	0.016302089812873496	0.019221993393850178	0.10464757334812572	0.10464757334812572	0.10464757334812572	0.05841188473967283	0.05841188473967283	0.07471397455254633	0.11401940320758384	0.09808010976042937
UP000000871	0.04470058411320803	0.026748229487540198	0.026748229487540198	0.026748229487540198	0.026748229487540198	0.07004467652419816	0.026748229487540198	0.0737405454168593	0.07004467652419816	0.026748229487540198	0.07004467652419816	0.09538876893518826	0.020428898132492455	0.020428898132492455	0.020428898132492455	0.053496458975080395	0.053496458975080395	0.12354113549927855	0.024124767025153596	0.0996011801648385
UP000000872	0.053887849160179295	0.020354488334161754	0.020354488334161754	0.020354488334161754	0.020354488334161754	0.09113722773142384	0.020354488334161754	0.09299523660403733	0.09113722773142384	0.020354488334161754	0.09113722773142384	0.12838660630266838	0.009091898133361278	0.009091898133361278	0.009091898133361278	0.04070897666832351	0.04070897666832351	0.13184620439974734	0.010949907005974781	0.07770193559142002
