Proteome_ID	GC	Length	M	W	C	D	E	F	H	K	N	Q	Y	I	A	G	P	T	V	L	R	S	shannon_entropy
UP000006687	0.5095785440613027	201.0	0.017464678207392743	0.023953929713998415	0.030827837520598023	0.030403917784945413	0.03507417132529457	0.06471516636956257	0.03507417132529457	0.03507417132529457	0.031472805519572426	0.03553038900679094	0.03169352830598905	0.037359159029199326	0.08732339103696392	0.07524082377908667	0.055077409659251744	0.0606106635998198	0.08072713384631183	0.10021191807227035	0.05511655493974864	0.0770481796326144	4.170769013357001
UP000099345	0.6349206349206349	517.0	0.024144740755687115	0.01164427213749451	0.009582265613146464	0.05977784374893113	0.06598420877913559	0.04397792066214445	0.019545742516508577	0.03219298767424955	0.03746267315664156	0.04397792066214445	0.03583386128026586	0.03402738798016075	0.08641275638877513	0.053654979457082586	0.06720992163571393	0.051500911537540654	0.0643859753484991	0.1011625048058835	0.08183335696628087	0.07568776889371431	4.133409684509062
UP000007251	0.546119365502985	1893.5	0.017303403890014866	0.02163865226070917	0.014845603287565417	0.05270975246745195	0.05252383637351865	0.04024778653175049	0.024998095121988372	0.0511579118473253	0.029579453731783032	0.035550357355114935	0.030513351924942683	0.04600483585031215	0.08987747824629314	0.061352310998003715	0.05812290780898395	0.0505260003149398	0.07623982160182467	0.08617845913147729	0.0941106251555651	0.06651935610043531	4.161012212264553
UP000320163	0.4918816583237068	117.5	0.03287137109820379	0.01965057788727785	0.022912830686865143	0.0485045909875846	0.06320598248279063	0.04585134840364832	0.03850353084186178	0.046186885231952336	0.02394914180011992	0.036989323081934804	0.04213732165519375	0.043202373443353495	0.05240154103274093	0.058578621423467515	0.07402919256336307	0.06629571853263903	0.056510874633663624	0.09548528294797312	0.0661110216940743	0.06662246957129209	4.222244912952847
UP000002135	0.4895881737918215	148.0	0.029672091344165073	0.01886158710280821	0.01856555322451302	0.05703424569404678	0.06489794458506823	0.03300777742991439	0.020645791288208933	0.06209121867754299	0.044215069301466625	0.04389218953623416	0.03190029354593501	0.0586005488329681	0.08832328156112002	0.06396538234865393	0.038708815336879566	0.057672929795125075	0.06497920392011401	0.08194687058190078	0.06154290030587697	0.059476305587458034	4.203034006615712
UP000007666	0.4080996884735202	310.0	0.010176237000562543	0.014660895753619452	0.0474891060026252	0.05766534300318775	0.07123365900393781	0.03392079000187514	0.03392079000187514	0.059075533149333094	0.027195116122192987	0.04070494800225017	0.05119879539608872	0.04135287320453321	0.04005883771650021	0.04070494800225017	0.054273264003000234	0.07679819309413308	0.07705282901288023	0.09058248416231078	0.057106348711022055	0.07482900865582194	4.186560607600162
UP000007699	0.4329896907216495	192.0	0.023233321492318607	0.025890753981951932	0.01832435792435445	0.04186838143928259	0.076215496751748	0.026073722572966376	0.027182522154479756	0.07246450633721997	0.020934190719641296	0.06717601033155093	0.027788153312230068	0.057569024479013596	0.06280257215892399	0.07347376130013383	0.057569024479013596	0.05214744514593286	0.060636966222409376	0.07729547342636797	0.07443267811428021	0.05692163765618079	4.187075596766218
UP000006677	0.4116666666666667	286.0	0.025323449114772925	0.010398429930832842	0.013469155042301725	0.06239057958499705	0.05719136461958063	0.04413172513298959	0.02587495573915875	0.08435944473862718	0.04891429989046439	0.028918614916337928	0.04040746512690538	0.06426358870297318	0.049977654235909295	0.04650084396035364	0.043420302438999185	0.06149980499302011	0.07355287522164938	0.0996008570233371	0.03721740209057077	0.08258718749621896	4.1586815614714885
UP000202912	0.4541682224711509	169.0	0.017389735909071977	0.010577360979704048	0.03649329860479835	0.040118906580438915	0.054465415279877444	0.04523016036998624	0.030926127839731345	0.041241527794051894	0.046801978958583165	0.028415568464185623	0.03321967258866337	0.052546249620279886	0.06457699332113849	0.07112134215511129	0.06640550234884378	0.05216920772721593	0.0799162235738787	0.10181415248071714	0.05485151855875665	0.07171905684496566	4.18407616943891
UP000109731	0.4106753812636166	298.0	0.03001242855731267	0.011758114718786378	0.02813025502645153	0.048704719713094174	0.04756929930217291	0.048311153850813936	0.02794167371359966	0.06286730869070427	0.05290010911466629	0.039683637175904334	0.03975962751377797	0.0711242603618902	0.04469989082171787	0.04771278553186851	0.05101998775656768	0.06783449551213021	0.05909814214478566	0.10184550761874626	0.03966636269309129	0.07936024018191813	4.208862908093725
UP000163220	0.3396029258098224	164.0	0.029207613439109777	0.011162804379169004	0.020470888516615868	0.06355072870094589	0.049577085992899186	0.04947816565845044	0.022040725439197252	0.06915998445391124	0.0679427570554788	0.022502342350486107	0.049814155835215625	0.09777982935895432	0.03797650033076281	0.038053062049528054	0.03394733471354577	0.05752346196537623	0.0633833120545711	0.09122223105049819	0.04272332689420783	0.08248368976107646	4.156365364463952
UP000172353	0.1834532374100719	203.0	0.018994582638665415	0.007223291989351581	0.0203311887012872	0.05558462406305173	0.050327042754194085	0.053360503828851984	0.01592713451068219	0.1014644180620593	0.11938410406695178	0.020037353434998385	0.07027257000672428	0.14575842887986418	0.017166952628474466	0.022150858990655872	0.022237723481671398	0.04364207921626299	0.03695862017151678	0.09248182038825628	0.018316204687284468	0.06838049749919549	3.9375319442905488
UP000007068	0.4397706220921188	146.5	0.01798735019796929	0.012745300330166704	0.02637833302163858	0.0463840158781938	0.06264380632529785	0.05354796319271439	0.020777295652567637	0.05587174272749255	0.061502717653488595	0.039183054790185565	0.03876464585053698	0.056712578513163275	0.05356359594403843	0.05476008041111679	0.052174171170099884	0.06426548201305461	0.036499579387670594	0.08474572391837834	0.07009037818071995	0.09140218484150611	4.1933703183809605
UP000004993	0.474036850921273	266.0	0.026936299092181194	0.01291166937640602	0.025410651568666637	0.047588401747332455	0.06156094109857223	0.0403853989217993	0.023952480246510803	0.04402190633115585	0.04752826403487397	0.043792142695877445	0.029700912313847538	0.04433614446849705	0.06981562998255031	0.057052896980313385	0.06662415179598734	0.05827036130145324	0.06531336984718678	0.10264622225957316	0.06564793923446982	0.06650421670274556	4.198950691771783
UP000000360	0.4969714732317311	3411.0	0.03781882145998243	0.024919378481383717	0.018762826150688913	0.04632072705951333	0.061565523306948144	0.03400762239812372	0.02403987100557022	0.05658164761067133	0.03635297566695982	0.027264731750219817	0.023160363529756613	0.05159777191439464	0.07153327469950164	0.08824391673995896	0.03987100557021403	0.058047493403693945	0.08384637936089126	0.09146877748460866	0.061565523306948144	0.06303136909997065	4.1829757582918985
UP000008222	0.4103260869565217	150.0	0.012773783553061878	0.019175437020909947	0.031583530763065096	0.04421694306829118	0.03790023691567814	0.04015710398417661	0.029327564279988998	0.054678102567790335	0.04478744288733411	0.04409926657309946	0.04176713968303621	0.0531806498943802	0.05742981706417474	0.05248685040247657	0.056404284616600193	0.08092383313588263	0.07309249444531338	0.11496405197755719	0.04019534884511393	0.07085611832206913	4.1846554944336045
UP000009089	0.403756409075558	182.0	0.021971035110653174	0.01427049385965433	0.013306271301569571	0.05910186507973395	0.07107610410028542	0.058994515852797774	0.013374392144410377	0.07651440758163032	0.06713618702155559	0.042351143067361215	0.047645035950781366	0.06962058359227336	0.06713618702155554	0.04376284783627325	0.0253779401112409	0.06154150476975932	0.060699182354804274	0.08712430996269137	0.03745448851120958	0.06154150476975932	4.161607969388219
UP000009108	0.40331937039857824	518.5	0.016459140144663396	0.015036745317346806	0.012288712408253835	0.06603413872058649	0.059021834576621905	0.042294474763270834	0.01700975812576978	0.05281729363882724	0.045056977113844376	0.05558092354138062	0.03517679561027535	0.04833268354851226	0.0548928289480749	0.06648970106058465	0.05377213824199854	0.06697121373690561	0.06270745892111808	0.07403634710942002	0.06902507747213986	0.0869957570004056	4.176973117083224
UP000008623	0.5283018867924528	215.0	0.015849069362533264	0.011465830529686359	0.012815783053823743	0.04883861094464404	0.05304807521957154	0.04330367187817336	0.04754720808759999	0.04985122391275522	0.03995508834427416	0.03870830402003333	0.038324626204731545	0.04900152344109093	0.09381843177736901	0.04297056670987971	0.07010987200033013	0.07957707152025462	0.05617205048488557	0.10234738012076626	0.05578634976370346	0.05050926262389366	4.162765355346963
UP000000396	0.4352428752740279	1212.5	0.021114162707838453	0.008688390736342002	0.024988865795724458	0.05955314726840857	0.07119210213776721	0.06687945368171021	0.018976395486935853	0.07669239904988122	0.03894002375296911	0.023114608076009503	0.025938984560570057	0.05377820665083136	0.05785332541567696	0.06349094418052256	0.03703978622327791	0.03995323634204276	0.05221570665083136	0.09179409144893112	0.07490350356294537	0.09289266627078387	4.138118143516866
UP000134285	0.4438832331014242	198.5	0.020880213571130877	0.02365772736849736	0.018470887232093308	0.03990645351913239	0.06304571820088548	0.025194390162314027	0.030294717926880075	0.07461021639530811	0.030307866675980264	0.07222141902183185	0.02365772736849736	0.04465880617312959	0.059313012747830664	0.08169638247660223	0.0720856565680681	0.04950504036228452	0.0620861757571311	0.08490816733360357	0.05816328685986367	0.06533613427893539	4.180343068905218
UP000000344	0.3387582881253767	213.0	0.029803199319938755	0.009268507034884283	0.021268447364150424	0.06751662601355837	0.05196156756432032	0.0465110534841468	0.021362070493762646	0.0745408936633347	0.06895169653984035	0.021621674518348587	0.051268969185030266	0.09704673927115176	0.03720884278731742	0.038449728601264915	0.03257254987631808	0.05797699907467212	0.06395269854070193	0.08671119903586563	0.04329552404283644	0.0787110135885562	4.152468766949973
UP000137095	0.6875	316.0	0.014172832378371445	0.015181334398069683	0.02161991134201032	0.051068267079845825	0.049367170577601704	0.03172393335877743	0.023121198365306524	0.020175358822536495	0.021232346516258573	0.027330879672024938	0.027065253761425927	0.029595301943755613	0.10472451511639509	0.07261741199050495	0.07395690793329791	0.06200548347189007	0.0735391398607578	0.09164067623967034	0.11152330378983236	0.07833877338166692	4.056023999652109
UP000007661	0.4643874643874643	701.0	0.018299195068066817	0.014852419986150889	0.01654233739239177	0.06747991333944778	0.041636542273276234	0.04737951362131443	0.027823337530394104	0.051686742132343005	0.05136616159457366	0.030150599577200028	0.041636542273276234	0.05564667506078821	0.07758430657513737	0.06604417050243826	0.05832199597717227	0.0695583438259852	0.06173694199140968	0.08293494840790548	0.05404148251095772	0.06527783035977076	4.197549362491198
UP000002317	0.4580095261970419	3988.0	0.024824473420260725	0.015797392176529517	0.019057171514543617	0.045135406218655943	0.06795386158475426	0.03009027081243733	0.02106318956870612	0.07447342026078237	0.03836509528585754	0.03259779338014043	0.04162487462387164	0.06193580742226686	0.058425275827482456	0.07522567703109327	0.04413239719157474	0.07146439317953866	0.07447342026078237	0.0985456369107322	0.052908726178535655	0.051905717151454346	4.175816490905333
UP000204335	0.4454498813907405	687.0	0.025125653480587568	0.011439028015459183	0.015572268235011174	0.06083415023846848	0.06721536536724647	0.04981058293031346	0.021607846551004353	0.07244280599791121	0.042110785098848115	0.029365376009006516	0.03823617565112378	0.054218728513076436	0.07438924233951706	0.046965134379720885	0.04027202151548126	0.06099503834194047	0.0849227964961998	0.08408727847531557	0.055250713627177525	0.06513900873659066	4.176538904084871
UP000006372	0.4066797642436149	140.0	0.02057304340217539	0.013182137061826945	0.051432608505438474	0.05272854824730778	0.07170131694604327	0.04780542358952344	0.014134861253531235	0.03036973073654461	0.039368335864547396	0.046170908635401506	0.04099913649433523	0.05466551532578033	0.04717191904344946	0.03036973073654461	0.06519184373356664	0.02733275766289012	0.07358819370778125	0.150330167145896	0.062144360434327056	0.06073946147308922	4.112855289758572
UP000125273	0.5974842767295597	289.0	0.02736582129203139	0.013112789369098389	0.021891134172117445	0.053025440222485454	0.05568815072939873	0.030628413124901343	0.03172848845452912	0.03586015601553284	0.03697643710292336	0.03828551640612668	0.0243009783533423	0.04333314214917187	0.09145330021525022	0.06385358301473998	0.07041635599240438	0.05917566484516194	0.06096886681016685	0.08523313089913953	0.08177240586520154	0.07493022496627648	4.172573868544072
UP000008226	0.410789618488628	415.5	0.018677316342706245	0.01983627925305912	0.02798172286493666	0.05938315975227199	0.054674265914798334	0.03914372753187962	0.025351474542458917	0.060982436838654897	0.041060797445467034	0.04532229744849132	0.03967255850611834	0.04363367309380355	0.06496335054723662	0.0586788119565143	0.04194139996014395	0.07596705757508213	0.07312994057445817	0.08370909844790983	0.05294257106253784	0.07294806034147126	4.217907314414068
UP000001795	0.48104054352280967	117.5	0.031205396525111184	0.017328566466811312	0.017942243190425883	0.05891296546699857	0.07278491373103024	0.03374820215568748	0.018410301708437007	0.06784263819278089	0.04452920728905369	0.03899697995792332	0.03494836934482962	0.06334391943750381	0.08777731338751157	0.06194710961122168	0.038184329469350915	0.04998675857805934	0.06005690654402769	0.08431534826646793	0.0558799169364194	0.061858613740348546	4.193532052886613
UP000008865	0.4823187838455014	181.5	0.014018899284194034	0.013537563686453398	0.031171831341056472	0.03758930183605251	0.028913979773650265	0.03649201509150247	0.03502490990292107	0.03382134660998963	0.04238253273780137	0.045212923332401955	0.02921603443186218	0.05054891568819974	0.07202743609005366	0.04512333207099964	0.07469351450629023	0.0798672867873556	0.060828528414761655	0.13060277787251603	0.04986098278814606	0.08906588775379198	4.124330834552484
UP000006674	0.36918319955575746	799.5	0.025816504331477936	0.009869805425796642	0.01674914186538405	0.05697047835894579	0.06226358754078599	0.04670770425770251	0.016399481442278277	0.09089959302885825	0.06073681791121625	0.030324090348919645	0.04029794674785915	0.07876536271053095	0.0447796011452142	0.04478489003627651	0.032539826683731246	0.057030903208721465	0.058944091670834274	0.10486522110193858	0.028171373802560212	0.09308357838096809	4.1213517569104905
UP000002241	0.4404524284763805	192.0	0.02036291516753466	0.026437148972582838	0.016305089322593204	0.03535629895214946	0.08202661356898687	0.02500811389298378	0.02500811389298378	0.053901834267003616	0.0320416459253855	0.06187352316626166	0.02275855224606811	0.05874301752987335	0.064083291850771	0.07466014584555843	0.05501785056456431	0.063224084509162	0.064083291850771	0.08461483195829957	0.07502434167895133	0.059469294837515486	4.17487578618917
UP000000470	0.4824561403508772	233.0	0.016740334453199574	0.034160411786266325	0.01863295188341796	0.045835995369867356	0.04718881698372065	0.043476887727975304	0.02396426858825862	0.07142631555310244	0.04840169153407186	0.035373286336617585	0.04239671660429897	0.04239671660429897	0.04239671660429897	0.07453180753367203	0.07547145210290027	0.08370167226599796	0.06832082357253275	0.07453180753367203	0.05279336366968438	0.058257963292146026	4.210337872314606
UP000007453	0.4514345570076861	268.5	0.013360690342002835	0.02645740655960154	0.016744112112736378	0.06366909843723058	0.03859969459420129	0.05892022444939837	0.03019430053116397	0.06342747828600136	0.032558315378139815	0.04558566853191621	0.04609348176812213	0.048537636466499515	0.049909806309808034	0.05553499106351148	0.06675063080073387	0.07583852496707709	0.057211337165525886	0.07394583378244808	0.047583472700702435	0.08907729575317914	4.204901808633828
UP000792220	0.1974306964164976	211.0	0.019745465644803308	0.00714140997679796	0.01764712580971751	0.06582601555870288	0.04973481948127165	0.04536861068460833	0.015226697082698862	0.10250102410899678	0.1282079901346409	0.019570210032571363	0.07828084013028555	0.14913849714476818	0.016025998766830026	0.022415218539509008	0.0188019648870702	0.04380182668592684	0.03160406589110907	0.09027973427690289	0.02291146540398602	0.05577101975880265	3.9102088311335357
UP000006716	0.383505001722733	307.0	0.01835121099238552	0.012948816770605996	0.03366804752036153	0.05237807048255492	0.04190123325579119	0.06183697083111729	0.02241767251910732	0.06213152281353769	0.052719565798382564	0.028953524278716128	0.047462409877549065	0.05478902771574194	0.06220223904386221	0.06008288996407423	0.031016936258047998	0.05722598769663391	0.10354060290910247	0.0917899104455195	0.03811807606517506	0.06646528476173359	4.1758744832392205
UP000008479	0.4833333333333333	383.0	0.03233565882571926	0.018862467648336184	0.03057400702548709	0.0539311681048121	0.0637368350329597	0.03233565882571926	0.026462729338142033	0.052925458676284065	0.0370478210733988	0.051273644997852266	0.03503029706119581	0.029641020590242602	0.0539311681048121	0.06836485999713646	0.0661882517649966	0.0539311681048121	0.047632912808655684	0.11646919119357828	0.05823459559678909	0.07109108522907051	4.199990416114939
UP000009116	0.3769136162946053	260.5	0.01640446250167044	0.018409948744767257	0.0363049594472648	0.05447156059962857	0.049162326642668785	0.04088657273464735	0.02407124201735963	0.06618337912982529	0.03268293635977711	0.039609303488045734	0.038830441056020924	0.0509223286659669	0.05312650631907703	0.05458870374070299	0.05493264023872684	0.08573663976500032	0.06717726826647842	0.09388527803880604	0.041233545299254576	0.08137995694431098	4.197330004498418
UP000009190	0.6002886002886003	207.0	0.009190147108664795	0.009767306105827347	0.016709358379390693	0.036760588434659486	0.03442975402304164	0.036760588434659486	0.04834816522384567	0.027570441325994587	0.03795497578452212	0.03868579711750238	0.03065594197980632	0.045950735543324385	0.09230104270006903	0.05274345297146799	0.08790575495244672	0.09230104270006903	0.04525400958923792	0.11232402021701529	0.046713816350181035	0.09767306105827417	4.074337183123539
UP000201935	0.4191702432045779	232.0	0.020361240223025306	0.013743203238953559	0.02744848600090062	0.03939804240646509	0.057101669672556296	0.03939804240646509	0.03208437853325202	0.06404646733543479	0.05489697200180124	0.03659798133453416	0.04173673898767084	0.06404646733543479	0.07527488809724514	0.04173673898767084	0.051211604197306075	0.05489697200180124	0.06601977890496084	0.10180620111512663	0.03939804240646509	0.07879608481293028	4.196766953352309
UP000000862	0.4045125631795208	104.0	0.03067075980579586	0.014191601748372711	0.023337300652879568	0.04773538769907183	0.046674601305759136	0.06001020167883319	0.0256141104726727	0.06509371049873433	0.0524083346558201	0.026761042859051065	0.03929808191149698	0.07876338970346862	0.050167764142336625	0.04742741745585203	0.043476221251628915	0.06429664465589267	0.07160308154860774	0.0860802073261951	0.0531218711359321	0.0732682694915987	4.208775056113384
UP000002242	0.4810606060606061	215.0	0.02222500508851171	0.02404149003085324	0.02469445009834631	0.03951112015735412	0.08152486404828364	0.027477511834797113	0.02241933761327794	0.06610809987417243	0.028922293694950425	0.05926668023603123	0.02740287365751984	0.03758801253907584	0.07056239966811365	0.0854371204551984	0.06576689677804763	0.05638201880861381	0.03758801253907584	0.08890002035404695	0.08263512484271548	0.051546667681014256	4.167586877383815
UP000175168	0.4628052243043725	350.0	0.02676301404410723	0.012035438268355899	0.02740720341571407	0.05465613616685235	0.04940864131219798	0.040012899685616006	0.023651035666885395	0.039883842357938994	0.042920320548416435	0.02676301404410723	0.0358939247179791	0.061264730944341796	0.07485492760559935	0.06038405043701696	0.05022195228029999	0.06449233628189738	0.06207008890980735	0.09368165413945588	0.06981655837593191	0.0838182307974787	4.188249428777933
UP000002092	0.5047619047619047	125.0	0.030691068058011382	0.019280286344135377	0.01891091472779784	0.05985521730716661	0.07247529324542464	0.03696575536065525	0.023114118499021057	0.07247529324542464	0.03592845168565845	0.03889299141834206	0.02990283414310846	0.04909666277348089	0.08581995851926691	0.06548613154986241	0.03835386396528299	0.04851168822072775	0.0667242674162228	0.08303905146416929	0.06309401594021843	0.06138213611602286	4.196462593969895
UP000007544	0.4471701715225564	343.5	0.02688427349932127	0.017057420172344552	0.008189804068406827	0.06839220177156309	0.05619892845529578	0.048462129378985835	0.02557650033229336	0.07085634896677609	0.03141825581657878	0.033866526349417565	0.04460392748964464	0.04807878754284411	0.06146261841097231	0.07016343415548837	0.05108815609410325	0.05833137489237103	0.06033006829582181	0.08295023112492467	0.042891299432073815	0.09319771375077283	4.176578406150795
UP000009246	0.3445601958386479	327.5	0.02260897374350615	0.008390959327486755	0.02714800532098263	0.04639253290241506	0.059037192931520044	0.06260946575124783	0.02470176190489292	0.07267170131841268	0.06406041883191829	0.036111555284766776	0.03818939911046355	0.07826183218905981	0.04054467822439678	0.03476322842110853	0.034892910741331704	0.06315860664251449	0.055220674553594876	0.11269386716982609	0.040280403441495256	0.07826183218905981	4.157376791971634
UP000281246	0.4144144144144144	96.0	0.03029988326724675	0.014518694065555646	0.023229910504889158	0.04036145004986332	0.051622023344198166	0.05450988349925771	0.020906919454400267	0.060865554984206156	0.046459821009778315	0.029592162693197168	0.028859810129807498	0.06432898293661617	0.05058125674451672	0.04680653609194082	0.04689418878125161	0.061711146593217706	0.0633543013769705	0.10506254978347607	0.052267298636000666	0.10776762605360958	4.166848976476458
UP000008687	0.4669603524229075	226.0	0.014589121505683443	0.017435858761508917	0.01613220166493842	0.04066879003796734	0.0723000711786086	0.04488960463287234	0.02711252669197816	0.05422505338395642	0.035771403691820164	0.03079235626409617	0.03163128114064125	0.054709205646313167	0.08753472903410117	0.05170827875432131	0.05120220528437004	0.09037508897326077	0.06216234380682547	0.09941259787058686	0.04440167414773247	0.07294560752841762	4.149117787041455
UP000009294	0.6654567453115547	417.0	0.018218506325117366	0.011771337736222458	0.01902754070113056	0.052067431387779514	0.04692958655140503	0.0323157344146858	0.026017988181524603	0.016957480386402508	0.021218590842472893	0.030423714810898603	0.025518446389649025	0.03161180237134389	0.12082204775311803	0.07797032438974022	0.08782695030316018	0.062365452814025	0.07038859462166493	0.10134669047128497	0.0838707813705854	0.06333099817778896	4.048584609890086
UP000008446	0.36090904400763557	406.5	0.0143090658673766	0.010241409336535053	0.01634997680504189	0.04780695974371568	0.07818594707623132	0.04110028756861183	0.013163003394002464	0.11025085831534528	0.06324641841580342	0.03884302266913264	0.0372799753378775	0.08514681444258475	0.04632070655408408	0.04146605218777378	0.045819039676641	0.052346759777859256	0.04016294624138671	0.08587091360641562	0.0337658924065517	0.0983239505770294	4.092011730555544
UP000006540	0.4329954954954955	688.0	0.020621572798637362	0.02083307610939269	0.013747715199091608	0.05671226274223565	0.06539271112114922	0.032407007281277524	0.021257004983711702	0.08101751820319376	0.030092221046900538	0.043694954688740704	0.026571256229639652	0.05093980992265298	0.0636566214453665	0.07004223864364786	0.06377101495113521	0.06052341696751253	0.05786629134454861	0.10187961984530595	0.048117003196820676	0.07085668327903911	4.1629848102761535
UP000007711	0.36943229511817977	418.0	0.02048212066511591	0.018525501989621555	0.034140604415794584	0.06167269951867661	0.0627011596685801	0.030954935655358225	0.024152451601083928	0.06787207209030531	0.03747544587946442	0.04642800734111268	0.04484777456867848	0.05706338608602379	0.0509337519027247	0.05567977716549565	0.040964241330231875	0.08460009343120568	0.06082717520446097	0.08314433752859411	0.045853964763831294	0.0716804991936402	4.215901812003269
UP000009115	0.4728835978835979	388.0	0.020512572023085214	0.019165786991266465	0.029677332021528197	0.05776479055972428	0.05998693742833531	0.040050779368310294	0.020118360897393116	0.05366420357554632	0.02868940485702991	0.04023672179478623	0.03526504806393042	0.03621304961530759	0.0643970442906556	0.0683752400769509	0.06746357020925821	0.06746357020925821	0.0659303072499569	0.08739598868017542	0.06520319285688617	0.07242609923061517	4.200236673383936
UP000002131	0.6328502415458938	138.0	0.02360862813951668	0.020931361030911734	0.014902847150156877	0.06447696915521423	0.0677136125367127	0.03419902338649851	0.02334034827429492	0.04413786999996609	0.031236852558886086	0.0345236383940004	0.03071114251319581	0.04970268314557413	0.0998528862294315	0.07519785259253477	0.05573487898034933	0.05762756326812134	0.07082588441855024	0.08091942833327116	0.07313927361377998	0.04721725627903347	4.168068573832285
UP000002326	0.4244742249620298	410.0	0.032235541300311754	0.012976758760059756	0.01839894051056342	0.06640328287836456	0.05105076523294554	0.028791943105676798	0.030754187754043722	0.06855735976044847	0.053114660213827256	0.027751939854136078	0.04335216681952762	0.0839070199724697	0.04668117493508029	0.05821170787371949	0.03966735607228954	0.06617021631532692	0.059890036994089915	0.07108631760126434	0.046829541648914674	0.09416908239694013	4.1889755371014035
UP000008920	0.400725371120108	173.0	0.027266903632785954	0.013249623560510548	0.01242256570312745	0.06447361464712725	0.08375478132142736	0.039378362730495685	0.016396658209206244	0.07697746753415124	0.047808300513096445	0.038781121592256974	0.042470669942228575	0.06908782225390862	0.0676626321458023	0.057806922381185004	0.028048944136514483	0.056194996016506925	0.06682395097966079	0.08315385226502615	0.048023357546614034	0.06021745288836807	4.16719114877314
UP000000840	0.4851851851851851	121.0	0.030735863491655538	0.021880915413927265	0.01898391568602254	0.060494295556152	0.07211151280885571	0.03986122238814381	0.025845476337659615	0.073522838927881	0.040195279925270694	0.03318425903743496	0.03607498277124886	0.052259699715215435	0.07226032553214978	0.0704805145584515	0.03420239160299685	0.05429860764216311	0.0671281005024436	0.07970776855356909	0.05735531669425005	0.059416712854508516	4.2147448278757444
UP000007225	0.5371472158657513	168.5	0.013874491028661716	0.014162593640651198	0.027304858874315496	0.04968408720339832	0.053437996014321754	0.03614160875241285	0.027810855405508903	0.03062767238812106	0.02727564379897667	0.03421878761422151	0.036352378241035134	0.05171125804787257	0.09539157801744992	0.05735764362962233	0.09110436126052775	0.05911230064412872	0.06651704726727997	0.09371340174053536	0.05474450349263334	0.0794569329383256	4.145435996960199
UP000002501	0.38736802413272997	408.0	0.021966489315886416	0.007349701741914029	0.015750467807353855	0.05184235482646225	0.07669666295900995	0.03162969992207637	0.015533718250371926	0.11517094648529028	0.07174117718879786	0.04490981052944054	0.025205656028905427	0.07750143223565772	0.04879280454255273	0.052467259288834465	0.04310687748486941	0.05420100924710052	0.04246859951846973	0.09600007948060202	0.03711961211136959	0.07054564103503487	4.100037918299469
UP000110594	0.7325216884158343	454.0	0.014948389721415016	0.011370074095490235	0.0179626442591662	0.05176811867297822	0.05378495105239495	0.03205374289397575	0.023244557156429896	0.011695615105473976	0.016625127048800925	0.027096296819283144	0.024072301879260488	0.0252094566237729	0.14570103988673125	0.0796218745012572	0.08720243773117703	0.051955371493931514	0.07154711982967936	0.10105042272165969	0.09618370539536181	0.056906753111760335	3.969861531273563
UP000113401	0.38545872573727724	253.5	0.020994855677202738	0.016722589941077108	0.0335957191974806	0.05814869023404344	0.05174649282621943	0.04252211801806726	0.02078155240196046	0.06730842253904866	0.0396626749483648	0.04771765524205512	0.04678854811929511	0.05937837780170647	0.04336298281526767	0.045704583887292115	0.05106561792061125	0.08727224439780772	0.06841532667734991	0.09239316543551696	0.04274710276948559	0.06367127915014764	4.210108817399076
UP000202838	0.5362738365123554	454.0	0.007186723413786974	0.02577592450890341	0.024991455127591603	0.03873196781268509	0.03766985653480414	0.0330669822907034	0.023422516364968036	0.028487064132086685	0.04118105275204654	0.06414432800430285	0.019365983906342546	0.04484652450766916	0.08150465571124811	0.05921997133524321	0.1300360986576434	0.05318054558565879	0.044892851177728746	0.1138026049901431	0.054389879947213934	0.07410301323923017	4.079153481927906
UP000140422	0.5419377929041233	279.0	0.022782677276734012	0.01149163157516436	0.025161415540392675	0.0458720907047652	0.05951221762597229	0.04100882453670557	0.025764906672866544	0.03754083198626587	0.03710749649640355	0.04492220255810964	0.029623070178113973	0.037943781285776135	0.07945521297211844	0.05556672750591259	0.07088903974549134	0.054413351887097366	0.06969345453824796	0.106634787832453	0.07201873105988339	0.07259754802152629	4.169317722542194
UP000007670	0.473922902494331	382.0	0.010856647545052365	0.01931392206415331	0.026550415283445056	0.05617546387690531	0.06479883875057478	0.04096618954266231	0.03256994263515729	0.04911340556095155	0.02825702785698583	0.04944979874972514	0.035321284821232236	0.04238554178547874	0.06331252875283054	0.05939893552136025	0.05651405571397166	0.08169358548752338	0.07019874197978931	0.0884041300097128	0.05669898390675299	0.06802056015573499	4.196267826703611
UP000007908	0.4694691342992816	307.0	0.018139499898136888	0.025695737952640903	0.030310883984170603	0.03349425435914943	0.03753141471078604	0.045443277367737726	0.023302066651128533	0.018139499898136888	0.03627015320363381	0.039443519004893596	0.02607096210260776	0.03819994302694807	0.05483997992493378	0.054536395566382505	0.08525286768702818	0.06817855151806432	0.05689890664976874	0.11504440959838005	0.09465376003031009	0.09855391686516209	4.115183543888054
UP000002665	0.486810551558753	144.0	0.030037461388933703	0.018801225832332586	0.01965031345056696	0.056403677496997755	0.06283138487568118	0.03422245600941438	0.02160385338424903	0.06034391496941012	0.045544810858300235	0.04386601794139414	0.03223067285542728	0.05487925378086269	0.08905843815315441	0.06600865156351554	0.03932369064931529	0.058950940351700884	0.05825297839853866	0.081876306044029	0.0655010448352232	0.06061290716095284	4.208022189448799
UP000007016	0.4219106618845777	3066.0	0.031311154598825844	0.014350945857795118	0.016960208741030623	0.051532941943900866	0.0724070450097848	0.049902152641878667	0.026418786692759235	0.0756686236138291	0.04533594259621656	0.04305283757338556	0.03424657534246575	0.05088062622309197	0.059034572733202874	0.059034572733202874	0.03522504892367905	0.058382257012393975	0.071102413568167	0.08708414872798441	0.05088062622309197	0.06718851924331379	4.207481181475099
UP000002325	0.4359949302915082	322.0	0.030396520567944185	0.016024235893711134	0.013833518544186827	0.05821165723269472	0.06225083344884088	0.027165440041924133	0.018945905832255933	0.06830465730311083	0.05466471037622228	0.032798826225733366	0.038768312646075276	0.06225083344884088	0.044958935268607315	0.05927321510749127	0.05015425893710794	0.07262597235698108	0.06225083344884088	0.09172339694989162	0.04268854863730942	0.09270938773222998	4.170598563406381
UP000008286	0.36536866359447	610.0	0.0410613469650492	0.013109174127280701	0.023593074637652006	0.049127880656260885	0.08113653451304496	0.042045137106611966	0.012869510947667789	0.08360047801149142	0.04676365131986436	0.033557222735770824	0.026815460892825507	0.0708256167850707	0.06674223265250886	0.057978903565233816	0.037548669601204655	0.05936455788344162	0.045197664171067256	0.08838348843240586	0.052698207141257246	0.0675811878542904	4.1763056650151
UP000006541	0.5261437908496732	244.0	0.020658338669849098	0.028397941608130587	0.018531744983246935	0.05111629489463505	0.02994436417094962	0.0481825369564422	0.023754179845161698	0.06300793294303983	0.041316677339698196	0.042596912412195875	0.0384710639285556	0.04990727361824936	0.07850168694542668	0.05930158394639042	0.07951423650276573	0.03992581889459949	0.05930158394639042	0.08524602692293617	0.05930158394639042	0.08302221752494651	4.199977324412683
UP000009253	0.4163473818646232	402.0	0.010320305477062239	0.01612646158901252	0.01600047360784838	0.07371646769330167	0.060302285759128195	0.04233561076437399	0.0223378899074511	0.05400159842648842	0.04875734871053018	0.03763643072249184	0.03850860252635154	0.048001420823545256	0.059046523873739175	0.06500979828070695	0.04364308286319848	0.058001716828450574	0.05400159842648842	0.0949878862316673	0.0812622478508837	0.07600224963727997	4.16568464176967
UP000006711	0.5977366255144033	647.0	0.01577520337548589	0.01300198290947695	0.007887601687742945	0.050912987654627345	0.05989763253485566	0.03893346114765613	0.0260039658189539	0.025240325400777506	0.025755981989987905	0.031550406750971885	0.029349839942079268	0.03833448482230758	0.11200394396595031	0.058508923092646326	0.06310081350194377	0.08360857789007556	0.0790648749460095	0.0880495198262379	0.07098841518968682	0.082031057552527	4.078428106074091
UP000008622	0.3428571428571428	323.0	0.01683694407034164	0.01326937151531565	0.018048139256429417	0.05051083221102491	0.0694328467544739	0.04700380493287203	0.02347784729502716	0.11523657056206951	0.056808692799114976	0.04744956965278097	0.027874230559635223	0.07921721147652099	0.04285767581541507	0.04102850035491637	0.03126995189862665	0.04778439524508895	0.04418453884375605	0.09152511617635198	0.04351099404430854	0.09267276653593008	4.121486077220732
UP000138352	0.43332446032485444	565.0	0.02347237011930098	0.021495482063105035	0.02450135442102933	0.042017309111607046	0.06781796432604786	0.02442219069383018	0.027689391064128075	0.061246860612707024	0.04083071094968534	0.05908332434158442	0.03493717691672966	0.061106176992729855	0.05265752445317684	0.06233201030757143	0.0729566503981857	0.0604816478262772	0.0538357599733824	0.08840175633531795	0.05597160109251312	0.06474273800109032	4.216866188676193
UP000595620	0.33921752931117277	214.0	0.020586774784676257	0.014086747164490087	0.03740868696304274	0.04528628347695336	0.04930361507571535	0.056412654848446216	0.020078149852551415	0.0795301325960906	0.0563849887778996	0.04318237469731191	0.04493726685091536	0.06467449378741802	0.04879733782770247	0.041107667426365395	0.05008815547417418	0.05116113222632705	0.0498262821253782	0.11214232255734032	0.04165786902784698	0.07334706445935438	4.194271618894943
UP000149016	0.447222783745973	379.0	0.0233482307924574	0.009716133510876006	0.020885545473996976	0.05744592755389695	0.05046594641701992	0.03821631517792714	0.026550635241408795	0.03674339322293236	0.04033035165714856	0.031167124218165053	0.03341268601666792	0.06844566345253052	0.0669031664128857	0.05659903566581724	0.05675877073300695	0.0744312404898335	0.059494895309958065	0.09786569739449427	0.06658615745433719	0.08463308380463944	4.16938007932359
UP000001189	0.5531135531135531	411.0	0.022501497151392165	0.010046288874161709	0.02030667898662514	0.05538935609766469	0.05066288008933074	0.037997160066998076	0.02077295721929023	0.03258531351856056	0.03625378316673112	0.03096768545460347	0.030275670137182076	0.04198171074388026	0.09117720217969469	0.06451601136375723	0.06781244990059153	0.06352345734277631	0.07325689032271782	0.0939190901573306	0.06939537356773885	0.08665854365897267	4.138718749944599
UP000201106	0.4604528699315429	3164.0	0.027812895069532224	0.01232616940581541	0.015802781289506913	0.05341340075853355	0.06858407079646016	0.04045512010113783	0.029077117572692723	0.07206068268015177	0.04804045512010114	0.03476611883691533	0.03160556257901393	0.05847029077117575	0.06668773704171936	0.05973451327433626	0.038242730720606834	0.06099873577749686	0.06510745891276866	0.09007585335018968	0.054993678887484146	0.07174462705436158	4.194115921451997
UP000000518	0.5885347498893315	3011.0	0.017934241115908318	0.02324809033543672	0.03387578877449353	0.039521753570242436	0.038193291265360335	0.028894055131185623	0.02225174360677512	0.03254732646961143	0.029226170707406126	0.028229823978744625	0.03254732646961143	0.04284290933244764	0.09266024576552648	0.08402524078379277	0.06874792427764866	0.07206908003985386	0.08003985386914647	0.1022915974759217	0.06011291929591495	0.07074061773497177	4.13971447679634
UP000107252	0.3963160943946087	781.5	0.03726125402805389	0.012839318818557823	0.020132665021037836	0.05772590199775699	0.06186484427816006	0.04937072729841455	0.019236797943922742	0.07404359636611219	0.04620672737988871	0.03731250480983811	0.02943962677540873	0.06486272392025795	0.048464461334803165	0.05038350671214993	0.03778763003411245	0.05557862210002598	0.06005807770394252	0.0872995537740289	0.05145952097325019	0.09867193873027735	4.186430863854438
UP000007219	0.503789592760181	309.5	0.03125901286986882	0.01655889267902637	0.016300029505526715	0.052421448040189306	0.07294182350402248	0.03544184047089857	0.01947756501925289	0.0645069071808239	0.03642633603953463	0.03478501362404756	0.021515068707443703	0.05941254953938578	0.0744055005696463	0.06239544825018286	0.048625187225316314	0.061864918532508736	0.05837228702328743	0.09760570351906195	0.05923786550423653	0.07644660219573922	4.1709760906194955
UP000001833	0.4111554226210258	217.5	0.018926319163728587	0.015158990565797885	0.019977528366979524	0.05318092042135763	0.033295880611632606	0.05534315290852446	0.020247919843145706	0.06381710450562919	0.04864380693086417	0.02870896559030972	0.038151529867495704	0.06361891474008376	0.06772749483542576	0.07063993294715418	0.040495839686291515	0.058225237479982	0.08027303093094539	0.09005705673825398	0.0380820017562728	0.09542837211012561	4.158666911291485
UP000008447	0.4422125181950509	264.0	0.01117511012278276	0.009552000446271088	0.01542224710965494	0.0609484572504948	0.0483262871629387	0.057758357838667576	0.02211306588727529	0.06251947955643519	0.043474992685364915	0.018305367082663674	0.02439723710663955	0.04876471720254305	0.06073405891227233	0.047045833973690554	0.0520414048669543	0.05418751655034194	0.08531593734639831	0.08811050878943578	0.05575652257096991	0.13405089753820532	4.076726485722618
UP000001065	0.3298791018998273	201.0	0.010689342116094958	0.012533699846701366	0.017794974158585893	0.04745326442289575	0.0999522899167327	0.04288094467381467	0.022023482869537002	0.11742322085740206	0.0674810168961645	0.05041909344932682	0.027734509274192472	0.06441369794633878	0.02552678714291343	0.03386722254604364	0.03855577734360285	0.05307811257647176	0.035589948317171785	0.1112185884911621	0.04653863234218233	0.07482539481266512	4.0662742288974965
UP000134420	0.39592461272213075	417.0	0.02017878194882975	0.016829315870713412	0.03258380567985928	0.050020242684144775	0.05659059651878687	0.04334411744452233	0.02678992011239463	0.057255236218946744	0.040584542731745686	0.04456437783976714	0.04545852564137384	0.05358662771802723	0.05315596221235705	0.06151464463461098	0.04564520476059254	0.0867370672519839	0.06696929273465371	0.08016966311489646	0.04696394543456814	0.07105812944722557	4.226492276532179
