Proteome_ID	GC	Length	M	W	C	D	E	F	H	K	N	Q	Y	I	A	G	P	T	V	L	R	S	shannon_entropy
UP000008323	0.3058510638297872	207.5	0.019060730144147102	0.007490955693398912	0.00997150058167769	0.04283332212258282	0.05458477536156881	0.04237887747213033	0.021717564564745204	0.11329764318053585	0.0558160825242693	0.051763477378546176	0.030752927993484995	0.08775477233372901	0.05436604567139009	0.05900946641561154	0.03553171054446833	0.05118849095101957	0.06150113978504946	0.10727959246494664	0.039636892259715624	0.05406403255698252	4.102007254770082
UP000002535	0.3785269663047254	282.0	0.021124979762956093	0.011582419427263681	0.012280155537339837	0.05333300108367953	0.06879525452515835	0.03673366244090009	0.017726137558247035	0.07620582501676332	0.04573570748201575	0.033880983144572066	0.022751181017839427	0.07538852881650956	0.07043617667962011	0.07657742897298189	0.04156955600214286	0.048311277224217644	0.062200015604160525	0.10262500691616751	0.048535852838057586	0.07420684994940711	4.128787449181053
UP000001961	0.5569727891156463	256.0	0.023041320858029592	0.01219024676527464	0.012764533075877138	0.05729779393651392	0.06611511966322518	0.02872005999301133	0.021298699952800454	0.03550335820925956	0.027754732582037568	0.041560702180909674	0.019219348776240052	0.04935686442054646	0.10113977082763567	0.08370975284201583	0.0501614393480921	0.051332562924217826	0.07624815927392525	0.11043536340669045	0.0706348688598612	0.06151530210383605	4.095074950572822
UP000000815	0.49205402129029807	277.0	0.026771610085547945	0.012342153163641413	0.011776130183258586	0.055530313988570085	0.060773936125443385	0.034512388987967595	0.023977430793079898	0.042639348241223445	0.03609151777536467	0.04796926677137645	0.026064923597563162	0.05903909756477092	0.09442877121232324	0.07484160228608779	0.04449323294736365	0.05174699779884984	0.07362189624383908	0.10870690980180057	0.058787867362367734	0.055884605069560646	4.143034328921137
UP000000425	0.5436163604422056	284.5	0.024904158758936343	0.010102351564683507	0.010472875016608088	0.0570020954208398	0.06836378876800935	0.036011912048224716	0.02186437517213642	0.056035740297966714	0.0381831084087206	0.04011455718057267	0.026388039000854294	0.058837351868120745	0.10151972686978553	0.07933849293611898	0.0412286997731196	0.051863993148089475	0.07360731775089616	0.09656883723521054	0.057436217339607874	0.05015636144149874	4.131984301182207
UP000010481	0.4717514124293785	102.0	0.02623886251490842	0.00874628750496944	0.030214447744440022	0.05016253127850142	0.09029255630130259	0.02623886251490842	0.010336521596782122	0.031009564790346365	0.03009751876710083	0.02006501251140059	0.04013002502280118	0.07871658754472537	0.12244802506957277	0.06201912958069273	0.04373143752484741	0.06122401253478638	0.10495545005963379	0.06122401253478638	0.04013002502280118	0.06201912958069273	4.068370884293925
UP000002194	0.6289130632562613	284.5	0.02678554294519898	0.011044484004669529	0.01697998994019947	0.05939255272922766	0.06504144441102981	0.034037837236633346	0.024006438635960716	0.04091894322119971	0.024955502804437136	0.027653675344825497	0.023362587791318137	0.05053289016740915	0.10741092191862137	0.08753171338282821	0.04832213076760878	0.05404108195155718	0.08130180551378725	0.09651750654569712	0.07472592418546614	0.04543702650232474	4.108252814422484
UP000010378	0.35106599812482164	350.0	0.013257575757575713	0.009564393939393909	0.01268939393939391	0.0574810606060606	0.0609848484848485	0.05085227272727275	0.014109848484848463	0.0671401515151515	0.06392045454545456	0.039393939393939384	0.04441287878787879	0.09857954545454553	0.058428030303030294	0.0580492424242424	0.03295454545454548	0.05369318181818185	0.0512310606060606	0.10085227272727279	0.04848484848484849	0.06392045454545456	4.128403065397029
UP000001168	0.46043607660455477	260.5	0.02618535254332719	0.007454896787269277	0.009562755762843015	0.054271063872585214	0.08306383753626698	0.034922150164542184	0.0234379429691494	0.06624515471151107	0.03571837384187404	0.03735778325527825	0.029438962183472764	0.06265312842406169	0.09068251744016159	0.07400094111614233	0.03915759392993968	0.05431252381442837	0.07691286139390797	0.09114755599113682	0.05269239449561155	0.05078220976649054	4.130084446253612
UP000000430	0.4294294294294294	283.0	0.026119815408355555	0.010654439142705153	0.01105029577488476	0.05655947306818579	0.0647929377645104	0.038017719719124786	0.025367635517996364	0.05275928450817325	0.0384453120678796	0.05148137796299255	0.027840534413632385	0.0661789935851433	0.09034548000668438	0.07115312401389218	0.0404375180039348	0.052821106964826836	0.07190474152108126	0.09852211075081482	0.050502815908257205	0.05504528389692462	4.157285372977402
UP000001054	0.608773064200238	273.0	0.024793815888543867	0.012785879645749277	0.010638207955906283	0.05870941854628396	0.061375649381149665	0.03561567873349741	0.021785508314300126	0.04134572889135902	0.027814555583175932	0.030988146065321204	0.0223872984447779	0.055560458824256025	0.1140648682302611	0.07937208403465151	0.04833663449804173	0.0509304205889014	0.07472247723971537	0.09595586487764027	0.0750081458872636	0.05780915836920418	4.104295999780539
UP000008561	0.5937921727395412	259.0	0.028471258088824586	0.00710985389865028	0.012126482044922154	0.05935144381141476	0.06210065144066082	0.03649195988569874	0.020639767398908316	0.05965820408279964	0.03005389765687613	0.027041406485200762	0.023809176699325113	0.06271929318117873	0.10164307563281487	0.08222346362166728	0.041342728257881586	0.056074774002578646	0.08337282386584113	0.08644005149970152	0.06779600169109282	0.05153368675396217	4.111736037615625
UP000008898	0.4462047716201024	391.0	0.018215030939241417	0.03252167386243309	0.010962590501470564	0.06474325744881809	0.06631468680397767	0.04262986299373043	0.015614063049616576	0.07531248206949241	0.06056198498645667	0.03455217119224614	0.043319845761316964	0.05760051142950385	0.062219006208856065	0.07676432217837642	0.0494157343343252	0.06797849488784784	0.057254179622655575	0.058458157732495894	0.036680324093392606	0.06888161990374635	4.1956845885137914
UP000008204	0.449236298292902	275.0	0.021120046755467924	0.010880024086150186	0.01186566330297387	0.05107696892513465	0.06586719617622576	0.03130926952703261	0.01956312023182771	0.05261804752008832	0.037040248666208656	0.04768510556508012	0.030124700705578652	0.07046110836744876	0.0794751759418002	0.0774580394965768	0.047499560407239294	0.05935795760612997	0.07306447114207487	0.10388978493177949	0.05457694999262988	0.05506656065255213	4.141801745408957
UP000001946	0.49635349635349635	253.5	0.026879978983469683	0.008300661894957498	0.009416413094031345	0.05051922982537522	0.08223417461563548	0.03311907281812903	0.020285000610960884	0.06338091755657249	0.03199663212962097	0.037619941818482376	0.029352183475677047	0.06871828858656971	0.08654614647459485	0.08477945658338251	0.04133339878533641	0.04671889203211928	0.07735831935066316	0.09825634192844211	0.056498478564188374	0.046686470871791626	4.11490144371761
UP000017700	0.4803370786516854	144.0	0.03991375877155974	0.019186966911991225	0.01717641247072908	0.0638820514946351	0.056890227554015634	0.0321659408509689	0.04562051360190192	0.03713329185650902	0.04716171747146731	0.04994218438651806	0.01331812411108003	0.05905211868347078	0.04092670624574958	0.05327249644432038	0.04680698979003071	0.0491830231951053	0.058378041287854544	0.12385063620444148	0.08761773731484424	0.058521061352806915	4.165720684013552
UP000002084	0.5371219843696908	283.0	0.0278535683338578	0.013621135236979358	0.012338237375243076	0.05621821131604339	0.0640535020917986	0.03621622360194285	0.023538982203283446	0.04405311430955497	0.034320847353282995	0.04160841689378765	0.02539839251721469	0.057537887638016184	0.09937704515349821	0.07525350041077382	0.043374667602478316	0.05139681528941543	0.07377318324693725	0.10552329651442384	0.06298708921658701	0.05155588369488113	4.142424517608307
UP000065734	0.6339869281045751	356.0	0.028089887640449427	0.014044943820224714	0.025280898876404424	0.025280898876404424	0.05337078651685396	0.025280898876404424	0.01966292134831462	0.04775280898876405	0.04494382022471914	0.03932584269662924	0.04213483146067414	0.01966292134831462	0.10955056179775291	0.056179775280898854	0.07584269662921347	0.08988764044943828	0.07865168539325848	0.08707865168539328	0.06741573033707866	0.050561797752808946	4.121636046850269
UP000001191	0.4528301886792453	278.0	0.019239632141838478	0.011133071844778917	0.010185823685833479	0.051850332056702884	0.06885709846090828	0.03298831911712297	0.019952211110054806	0.048568798049965355	0.03465030911355405	0.0492369080619094	0.02758453282986487	0.07017674252502035	0.08772092815627541	0.07472867318035879	0.046663816575695176	0.056688733516033124	0.07268305475805677	0.10461714189683939	0.05743130392361603	0.05504256899557158	4.128629659742362
UP000002186	0.7148565615670879	313.5	0.02288074691951217	0.015865708127616503	0.016458912677381674	0.05098614650190744	0.07157774148149669	0.03410028454506401	0.019597601867662587	0.03213969323651823	0.019193669548727064	0.039653497839324155	0.013837250196851864	0.03222956496713975	0.11831414473493543	0.06591823972069272	0.05637992709635174	0.057196481058921875	0.06591141715020504	0.11545135825006715	0.10447689453808351	0.047830719541540404	4.045706855145697
UP000254519	0.4384121424401634	570.0	0.03508771929824563	0.010526315789473611	0.0052631578947368056	0.07192982456140357	0.05964912280701756	0.024561403508771923	0.026315789473684226	0.056140350877192956	0.04385964912280704	0.026315789473684226	0.022807017543859623	0.08596491228070179	0.08421052631578949	0.11052631578947371	0.049122807017543846	0.07543859649122807	0.07192982456140357	0.06315789473684216	0.03859649122807014	0.03859649122807014	4.0956193996464565
UP000001688	0.5110619469026548	250.0	0.022830047171404893	0.011642224697199534	0.011969816338078735	0.05592440990575999	0.06651920219006467	0.034491438172626086	0.01970264344929463	0.04864898631232519	0.03398908600892298	0.046396547477371236	0.029692257881884964	0.06472318373093294	0.0959614620116745	0.07632667384934401	0.04583472135285037	0.057247030934321	0.07338229447951577	0.09797636047673769	0.055683450834485664	0.051058162725205185	4.141357448636575
UP000001430	0.34158229178256627	267.0	0.019844989834563603	0.010245355843766003	0.01227588980203923	0.054888297561163944	0.0708294532884987	0.04106120729543704	0.016927075887916948	0.08558351252382283	0.05590189582542024	0.030571687103155408	0.024525504155015875	0.08133404544616357	0.05964165546172141	0.07007779378421253	0.038419843083449874	0.046786677851892305	0.060982306501463315	0.1021967826019767	0.04355928438772774	0.07434674176059289	4.119310858862902
UP000029482	0.715509854327335	388.0	0.025773195876288624	0.005154639175257705	0.012886597938144312	0.061855670103092765	0.061855670103092765	0.02835051546391753	0.033505154639175236	0.01804123711340202	0.02061855670103092	0.015463917525773115	0.02061855670103092	0.033505154639175236	0.12628865979381454	0.09536082474226809	0.04123711340206184	0.05412371134020615	0.10051546391752579	0.11855670103092793	0.08505154639175258	0.04123711340206184	3.9629996292626832
UP000889800	0.569377990430622	286.0	0.01727364292926699	0.012955232196950241	0.01176394647769049	0.05523952501649958	0.06333967709811507	0.0319499828859235	0.018041821761458014	0.030711919397183787	0.02701222900889048	0.052366524158682884	0.02540139246500753	0.05657335064899402	0.1068801784395137	0.07742691155070267	0.050918574306421584	0.05322566609660063	0.07276994685346588	0.1137181492843416	0.06740641848025511	0.0550249109440362	4.089684356955369
UP000002384	0.4292845257903494	241.0	0.02108224095713307	0.010782804016875785	0.010801854907365032	0.05011352358662796	0.06932729767389338	0.0294744828808404	0.02058535312312666	0.05324118510673374	0.03585282335611218	0.048150529601449055	0.029306802510468983	0.07156744735249801	0.08157429532778014	0.07547962811813101	0.04864453420176028	0.05703218169373706	0.07323228806122568	0.10279856290241653	0.055504045602317566	0.05544811901950753	4.137273745580156
UP000002417	0.6754516548634195	249.5	0.022814347618426514	0.00832977307002452	0.008574766395613512	0.05938301616117791	0.06465237528421267	0.032149500855882404	0.021319809617075466	0.0425847949085525	0.024378090128143525	0.02791360124529505	0.01984814230054447	0.04977547322331751	0.12658976197383218	0.08937192696921455	0.04661134347340962	0.053779706284886285	0.0841564701920008	0.09525411484383794	0.07613129449646137	0.046381690958091304	4.0460706338223975
UP000000817	0.39093761387977843	279.0	0.02663135543053049	0.00783083416147341	0.007657454964743517	0.05886647782934209	0.08363543298157895	0.037966596553498114	0.020006907497554207	0.07256944071742046	0.042514678432302624	0.033272357033976	0.03051611555248166	0.074128157266579	0.0795741705390854	0.07036912292243203	0.0357361698897318	0.05849153211068394	0.07405782694659176	0.090592025070701	0.043701024656483616	0.051882319442810014	4.125624643119525
UP000001566	0.6111111111111112	254.0	0.023050052677283134	0.013075691834210099	0.012744771324277997	0.058492741937143	0.06465798711456318	0.028188886342395147	0.02079512690483228	0.03151064873660904	0.025237633626468543	0.0422984811460902	0.019333577631546205	0.04536094338875773	0.10778491181346388	0.0866826031832908	0.050601462443059415	0.05123398072359768	0.07739272012628047	0.11027796449360189	0.07319140103371094	0.05808841351881821	4.081133434000991
UP000000562	0.2397904483430799	266.0	0.021156643599102534	0.009169054638723665	0.014488260275678117	0.03984489089800217	0.048897726332275314	0.04851270486509199	0.018162902436576176	0.12835653162222274	0.08183571927782107	0.021467555113973094	0.03785630425724541	0.13092468951782538	0.0356722867039428	0.0546173423954137	0.030685054249272266	0.038986374298222645	0.04099210590729667	0.09092180934420034	0.032771880414184454	0.07468016385292957	4.022670375533705
UP000000585	0.4268774703557312	299.0	0.024404939073441333	0.008483030454994581	0.006351249420981797	0.06156086694546726	0.07979959973256386	0.03928627811213829	0.01939033124253396	0.06876739700455964	0.04132603508382121	0.038665968457736184	0.03393212181997842	0.07059387341188296	0.08012863034024126	0.06959591986003631	0.035718159818012386	0.05397915241091104	0.07559962079927109	0.09148241954452735	0.04533210471775986	0.05560230174914128	4.130313786147241
UP000001020	0.652672378620971	304.0	0.020450222161129634	0.013636478854592921	0.009650168409193213	0.06296500370572658	0.05101503617300232	0.028086323437698495	0.02282905473648626	0.020745895570889294	0.022014214147523668	0.03109323140844413	0.020621767778323606	0.04323871725061419	0.13195472934035352	0.08661007326645859	0.0552833893054243	0.059682244680217544	0.08777754514377208	0.09952831573632284	0.07837426673072517	0.05444332216310167	4.028370599165911
UP000000594	0.3748231927690419	265.0	0.028658062031922126	0.008599413767989585	0.009839713830680394	0.052033740935123474	0.08846546453378086	0.038255336014607885	0.02198561059042654	0.07329638071118401	0.04169766675955561	0.034423952973389516	0.033225007739959754	0.07378152011462313	0.07206550974582834	0.07002327685607522	0.03486295401331246	0.05509710016307234	0.079592351874837	0.08845094880585766	0.04361224760265046	0.052033740935123474	4.139891405886083
UP000000586	0.4263069985181539	285.5	0.024272828900118965	0.008032358342525444	0.006494247170552483	0.06124953137153379	0.08058315399226948	0.038665472209047716	0.0193796582232361	0.06885792510286844	0.0406070443923684	0.039053107015845905	0.03317713228434448	0.07026609402354948	0.0796856806245534	0.07050435361065388	0.034949956146866676	0.05450528875285159	0.07620171532843277	0.0924938233381725	0.046246911669086205	0.05477371750112234	4.126762593545244
UP000037395	0.7196617705835331	373.0	0.022776032577079684	0.019304246655031995	0.01655381035485746	0.0674392088423502	0.06130075625363585	0.03433158813263524	0.026499127399650924	0.014054682955206484	0.022943571844095376	0.02666666666666667	0.019304246655031995	0.03433158813263524	0.10812798138452592	0.08285282140779526	0.07485282140779527	0.05071785922047701	0.08535194880744625	0.08988016288539852	0.07793833624200118	0.06477254217568354	4.075959589190459
UP000001174	0.3470185728250244	267.0	0.023364292013637104	0.007989861517616841	0.011816423547126805	0.06111570312733829	0.06690035307293893	0.039256695152737636	0.018979173812486403	0.08749181690213052	0.0486810318278567	0.03738286722181934	0.0331622209225817	0.08271496482988774	0.07398692470985084	0.06651951373294328	0.03294964258333436	0.04962897889793265	0.07038340047217005	0.08811675845143145	0.0409030765333065	0.058656300670872734	4.136952741401331
UP000061569	0.6934729314534691	514.0	0.019080720501322326	0.013251213699437818	0.00817745164342383	0.0738428652664133	0.04682508452986301	0.030979101161340374	0.020746293873289273	0.026182000234536637	0.023582148108833134	0.03736288513316162	0.01635490328684766	0.04164002682385752	0.15158552016807103	0.07465011922563627	0.057439507469336036	0.041915668817601136	0.0681372860426633	0.11192462451549884	0.07338298309035211	0.06293959640851488	4.000272626874929
UP000002516	0.5297951582867784	282.0	0.02328660013646077	0.011863154289171823	0.01189064711487104	0.055568385163178885	0.0579560411369678	0.03186841136687488	0.02752160889691033	0.03515777477629165	0.03057036027381063	0.03913055871955391	0.02415594338068553	0.056664060332054456	0.1019367065576196	0.07793641868455985	0.04820899276572877	0.053020316126052326	0.07932929732272945	0.10853645486679882	0.07282446003965853	0.05257380805002089	4.114866858660284
UP000001584	0.6537246738330671	300.0	0.020257787117039613	0.013667560867655292	0.009769506136549618	0.06265443476348423	0.050661176623939444	0.028085235480029554	0.02284276267418691	0.020604478546380676	0.022068953747494947	0.031145610324456636	0.020778797315808586	0.043316646256236026	0.13227047338957798	0.08742235202342108	0.055637274936323776	0.05979097981872151	0.08725584964439737	0.09903442914228162	0.07805255856128969	0.05468313263072539	4.0286379046100995
UP000001962	0.6744386873920553	259.0	0.02341726611432841	0.011569416387789043	0.010861625559411902	0.06219245497977993	0.07185383062380196	0.028404813522201273	0.025378016938726804	0.028360911182908847	0.023099414233318384	0.03739900375768207	0.023283788598693584	0.04156740613444473	0.10885585027557687	0.09181020550374235	0.05054419814775848	0.04629215881979602	0.0813012787243389	0.10060679184666982	0.09049708932000936	0.04270447932902136	4.063527060901854
UP000000579	0.3861386138613861	264.0	0.024271839700821866	0.01228130916716369	0.014866191748412553	0.0510713330775664	0.06761194951962547	0.04294176705052464	0.02073457382476165	0.06364711775806409	0.04864890904158587	0.04511692236322073	0.030959785018400198	0.07114309706794293	0.07977525924329708	0.06484746466023289	0.03689030038434913	0.05146948399230695	0.06681138479955996	0.10521903992392458	0.04339651737491813	0.0582957542833211	4.165565104930142
UP000002357	0.7114100431522865	336.5	0.016247608908900004	0.028966473965877208	0.008190998140590123	0.06934665778176911	0.05232078076353276	0.028175084120948116	0.042557686274614696	0.008019228529881144	0.010644055463065055	0.016794996000654573	0.019454473115723136	0.020695582164415458	0.13223744481910715	0.08143510921875016	0.06677873942485908	0.0735614219866253	0.06063920878326302	0.11273858477767518	0.09775893023837041	0.053436935521378535	3.953209931160987
UP000002521	0.2894215887413166	290.0	0.024713087488328216	0.005447208056182458	0.008732773437557502	0.058625837675155106	0.08776751978790354	0.03804885028007639	0.01587350472621939	0.10419531307467081	0.05468696010619601	0.02192599213981379	0.03570270711584168	0.09349587791249005	0.05761545363839128	0.06887486796461292	0.028331992499387552	0.04637823989573658	0.0679061253331882	0.08850011018512177	0.040215743008915956	0.05296183567421062	4.074567049206374
UP000069205	0.6318407960199005	66.0	0.07575757575757573	0.0	0.0	0.07575757575757573	0.09090909090909094	0.0	0.0	0.06060606060606063	0.030303030303030314	0.04545454545454542	0.030303030303030314	0.0	0.015151515151515107	0.09090909090909094	0.15151515151515155	0.04545454545454542	0.030303030303030314	0.04545454545454542	0.15151515151515155	0.06060606060606063	3.666484189634738
UP000000558	0.5228758169934641	266.0	0.028798669732052536	0.013828939341182737	0.012379662762811232	0.05441112183213577	0.06356597567800205	0.03651259912456665	0.022922707970579936	0.04470930505048971	0.036594282791511945	0.04225161525583734	0.026603975570316175	0.06013839855810979	0.09563727267975668	0.07398605612083237	0.04304643265212066	0.05211994541702845	0.0744501140725744	0.10544445666466785	0.057435549184711526	0.05516291954071222	4.150569868221048
UP000035170	0.6491666666666667	399.0	0.03759398496240601	0.010025062656641603	0.007518796992481203	0.047619047619047616	0.06265664160401002	0.03508771929824561	0.020050125313283207	0.047619047619047616	0.022556390977443608	0.047619047619047616	0.022556390977443608	0.05764411027568922	0.14035087719298245	0.11027568922305764	0.03508771929824561	0.05764411027568922	0.05513784461152882	0.08270676691729323	0.06516290726817042	0.03508771929824561	4.051651634834546
UP000001010	0.6574440052700923	285.0	0.021577183854458927	0.012671464463743445	0.010137171570994714	0.061589945880706584	0.05784731636104034	0.031083653262800316	0.024192791859532794	0.03132883545330442	0.02397464872717661	0.04069004126604488	0.021730213527185613	0.04499969783561827	0.12567645300068592	0.08545025764067042	0.050800089430663206	0.04971872999067101	0.07787300662058316	0.10380629871839178	0.07621791311774068	0.048634287417986956	4.066569174648586
UP000001423	0.540994623655914	293.0	0.022641107343246945	0.012995533551608564	0.013645310229188978	0.054098221085634286	0.06426300230144283	0.030213091799804127	0.022641107343246945	0.03546548723764216	0.030351891784440796	0.0466989826580026	0.01835765460263266	0.04987376792393558	0.09923861984864742	0.08269549721779686	0.04985128351375221	0.049942080637578025	0.07308205534845533	0.1151026021352211	0.06728253597285655	0.06156016746486604	4.104163849157275
UP000000818	0.3111365953109072	283.0	0.027068149229937766	0.006475782038755702	0.012266532883657625	0.05935785824646101	0.08831762501302604	0.037007235275305604	0.015242585694434874	0.0937322227655166	0.053423978743298337	0.020437360995758366	0.033202753144199376	0.08856983581268607	0.06227360988256747	0.07250397115161918	0.029520632549428844	0.047927130286645525	0.07313719360709175	0.08614862992923011	0.041220531822240294	0.05216638092813941	4.095027603132975
UP000001203	0.4264322916666667	251.0	0.022567286050171085	0.010689767076396756	0.011672734163881588	0.050776393612884996	0.07102815116680185	0.03355137500929364	0.020897050805201153	0.054815575020413225	0.038779328181907116	0.04374153262316713	0.030465836167730995	0.07253770516126425	0.07638926472734911	0.07625123955518565	0.04787148579680298	0.05851789690029487	0.06911969811178052	0.10155278722576999	0.05300891121914735	0.05576598142455571	4.150092794460354
UP000000429	0.40672508421077425	290.0	0.024090225697446527	0.006624920819685218	0.0128337484796371	0.04785806391009418	0.07592974996100786	0.04611530354683567	0.023563147011819344	0.09232774898851902	0.04936390453671383	0.03361978347138553	0.03154547384085551	0.07422825487859586	0.07415827644890982	0.06004066159237959	0.0332514779945697	0.040699529238933184	0.06026053175275141	0.11311948565042011	0.03635327604572824	0.06401643613371232	4.11519331111989
UP000000640	0.7067183462532299	283.0	0.02046135272897531	0.010720768645421128	0.007750512397339054	0.06711099339596337	0.06761653919057932	0.026990917679602353	0.021695957318629167	0.03007629394189653	0.021576118870624227	0.02765047666077742	0.02093233015751941	0.0417295958986793	0.12230413251901077	0.09387543287569529	0.050885563069441156	0.05574406993470828	0.09645082094466467	0.09253421368607306	0.07826746945509676	0.04562644062930342	4.022839996051956
UP000001170	0.4120734908136483	271.0	0.025356642285668488	0.007893118221219686	0.005973296180369423	0.06356433488505447	0.0794903480110609	0.039049783017560846	0.020084469137163153	0.07062114057953278	0.04238505517575065	0.03547594728904113	0.03242507726109748	0.0704351174601902	0.08137491533975964	0.07159522527718155	0.035075470596890125	0.0549124737396642	0.07717238956507796	0.08807297656172466	0.047686994533626056	0.05135522488236649	4.126472385424236
UP000006552	0.6504003197045489	276.0	0.024092482802229948	0.010080793152177437	0.011117317030288513	0.05860770894073215	0.0646450862457092	0.034223869188904854	0.023678142055114374	0.03715651623656874	0.027006899426257815	0.032776781760692826	0.02197467859791193	0.04926666442053378	0.11971454242489925	0.08501569297975933	0.04791341686446682	0.04776359956738295	0.08112553460135763	0.10010588571035473	0.07802107700662049	0.04571331098803721	4.07769599976181
UP000001409	0.6380368098159509	293.0	0.022714992988050572	0.010277388758282267	0.007690144869217208	0.06566906496753329	0.06955793055750445	0.029392202465307216	0.02167935500987197	0.03533860180799939	0.029158633856089432	0.032041814008301375	0.020855285959789124	0.053040175407714246	0.10978366981430138	0.08824064269541039	0.047443783415434496	0.061889925059916646	0.08722355284127496	0.0907266158289849	0.06628858316680851	0.05098763652220828	4.07570654344183
UP000001937	0.697196445230029	275.0	0.01699286589953165	0.008815959444556574	0.007925282518281144	0.06274031533639407	0.05760476992856826	0.025196239819099065	0.020526481722348226	0.022807201913720227	0.019273691758073353	0.02369351838531841	0.01965301441501419	0.041542558200266526	0.13187404458491872	0.09847087533104587	0.05570030947540476	0.059439172347924014	0.09503000797383428	0.09567427921433488	0.08616558849709746	0.050873823234268145	3.9750912113442625
UP000198251	0.606045751633987	182.0	0.021308279633941565	0.022634970487897272	0.015974440894568682	0.05485460551253587	0.05859100016245196	0.037553473764011476	0.02103752639844043	0.05165971733362214	0.022634970487897272	0.025829858666811048	0.022905723723398455	0.027427302756267886	0.164861645096659	0.05165971733362214	0.03514376996805114	0.053527914658580165	0.08282341473980617	0.09774191801592028	0.07989927979639364	0.051930470569123276	4.0337019684258015
UP000183015	0.7479119210326499	438.0	0.013698630136986308	0.022831050228310515	0.002283105022831001	0.08219178082191785	0.052511415525114125	0.01826484018264841	0.01826484018264841	0.0068493150684931035	0.0068493150684931035	0.022831050228310515	0.01826484018264841	0.01826484018264841	0.1757990867579909	0.08219178082191785	0.07077625570776254	0.047945205479452024	0.10502283105022836	0.11643835616438357	0.09360730593607305	0.025114155251141513	3.7675110903159355
UP000008080	0.5027220681081128	263.5	0.02760710778774649	0.009438378732911342	0.009549628480038076	0.05410907309465272	0.07303572783543442	0.041077242505439295	0.021088762893417483	0.0806732920831321	0.0361521649601443	0.0354314839112951	0.026541443270801914	0.06056260112981437	0.08545795474651735	0.07420733763901188	0.039990542968258325	0.050549922426815226	0.07684545304874199	0.08916348523274642	0.0520844986771976	0.05643389857588361	4.138019020565452
UP000006647	0.292817679558011	243.0	0.023182129070816706	0.0076257003522423525	0.0072186344971404215	0.05409163449857241	0.08113745174785866	0.03945105261665356	0.01628177017737373	0.10652619485495667	0.057481197707018414	0.03261052721758924	0.031694317089007294	0.09141945120053001	0.06383191134009857	0.06073651201240568	0.028172726301339737	0.05472044962602437	0.06761454312321548	0.08507790194311883	0.03630329209170084	0.05482260253233688	4.090532404993646
UP000000809	0.4152542372881356	264.0	0.02486523162200072	0.010549230990203537	0.01292678287478143	0.05253577142699647	0.06728815544495037	0.04041973348179158	0.02364109714214837	0.05974029860166844	0.04097790171305731	0.05041518537636609	0.029269929795040863	0.06672126538203256	0.08721847767209163	0.06585734203884201	0.039518747942859374	0.05195591341893224	0.07007004814650314	0.10418110605014572	0.049241015166879516	0.052606765712708656	4.159061600898664
UP000001572	0.384996364958197	270.0	0.02852774190275159	0.006795347801822081	0.01641084378126217	0.053186061563919584	0.08409147571592689	0.030847686003445497	0.0208491262105603	0.08140643164690096	0.042045737857963394	0.03479647271003867	0.02915965544562401	0.08500242588966957	0.06948118123912062	0.0753682935877187	0.032869632201665215	0.05118611565317289	0.07636415092040923	0.08721133144887645	0.04574241169703215	0.04865787672212002	4.131719997075534
UP000002207	0.6238390092879257	246.0	0.02312404964397709	0.009783251772451844	0.008410037763096795	0.05080522576272814	0.07237150265144303	0.03343558684741899	0.022288481268243333	0.05119871924832987	0.026247024482086295	0.03812959665160719	0.024273576067223232	0.05434494753124586	0.1130509093705548	0.0802850160628522	0.04453520672173364	0.05398757712797922	0.07826601417961485	0.0943174369229288	0.07205794506621765	0.0490878948582672	4.09416626534416
UP000194841	0.4045307443365696	308.0	0.03246753246753244	0.01948051948051942	0.012987012987012913	0.04870129870129875	0.04870129870129875	0.03571428571428574	0.03571428571428574	0.05844155844155846	0.055194805194805165	0.04870129870129875	0.05194805194805196	0.06168831168831167	0.07467532467532469	0.04870129870129875	0.02922077922077923	0.05194805194805196	0.07467532467532469	0.10389610389610401	0.03896103896103894	0.06818181818181816	4.20062576387351
UP000001410	0.5212527964205816	252.0	0.02929851487314276	0.014005246720158156	0.01243477252628464	0.05432026711219537	0.06445056227652515	0.03612125892226227	0.022818465730600094	0.046471127357801366	0.03629061149561391	0.04222521084306047	0.026442616926300493	0.059571274572190254	0.09614638378839176	0.07303884658530616	0.04276810105149937	0.05177027575844761	0.07465885887094185	0.10468835489735932	0.05790854316285968	0.0545707065290594	4.151562529779168
UP000006637	0.7052154195011338	261.0	0.01965511942060845	0.008483165887148258	0.009118229912182113	0.048347090580220416	0.09088551277141649	0.02860882019655372	0.019225844639471017	0.028294763884178065	0.0198559746555636	0.021937649417840408	0.022813753627818015	0.040804027917183204	0.10675472420193272	0.10152120364379044	0.051005034896479	0.042504195747065765	0.08982018723908251	0.09661746698451969	0.10737902083469258	0.04636821354225358	3.986452948125364
UP000000625	0.5195344970906068	271.0	0.028801489430709135	0.015226510934656684	0.01403779594879544	0.05283031059903747	0.06060595744112847	0.037489068016510016	0.023061301830775715	0.04443875874642358	0.03804409209172852	0.043806667827655216	0.02733016454509421	0.06005512262187631	0.09425287268989162	0.07202766825972337	0.0436293740333665	0.053120669474659904	0.07150494075133676	0.10629978942209128	0.056108129554454156	0.05732931578008571	4.162439758319462
UP000001806	0.2718192540173964	283.5	0.021786641214390126	0.009394239789691174	0.01299594826142718	0.04292098778164287	0.053893270372438844	0.04809280901158167	0.021239340223981364	0.10248128366962693	0.07020383776221736	0.031800376927836584	0.03608712377361537	0.11759961556947429	0.04435980377226008	0.053849023024021385	0.030350137516019223	0.04635779702042825	0.04795461798980096	0.09824595033716496	0.03723535043913952	0.07315184554324179	4.092317774169843
UP000002361	0.6632078853046595	286.5	0.027348667878365113	0.01282754489329563	0.011656970454363655	0.056947901809950505	0.05715671701658721	0.03745284922597486	0.020802600369789044	0.031665366689647166	0.020575726372467466	0.026612701644944912	0.01971077249429745	0.04882988074814167	0.13741703260503993	0.09069843938910906	0.05749160313414863	0.05260643306013706	0.0744179398721306	0.10753702915917306	0.06723208836617676	0.04101173481626034	4.042890029430758
UP000000588	0.5032679738562091	280.5	0.027840950365142163	0.007929232453559715	0.012485755669700836	0.056874329413539725	0.07517535234837314	0.038026338996269615	0.02293889356854012	0.05953953801564853	0.035600635505778654	0.030484058414942856	0.032555334606559405	0.07161887377408854	0.08141989008064733	0.07315969377086229	0.041914249354057555	0.05230243714559638	0.07041348251689945	0.09147151727849034	0.06380531916684344	0.054444117554459964	4.150944395544721
UP000002480	0.3038395312538711	251.0	0.021920546857227097	0.007925986199049708	0.012033078226903447	0.04856206570143185	0.0610138774197477	0.044339277379568214	0.019527115623165493	0.09017057300767628	0.06521642848557448	0.029994217050884335	0.03837855675690107	0.10655455916397805	0.06118820278380415	0.0532913880143979	0.03160049908803496	0.05129294606948431	0.05694333592401397	0.09906018196923864	0.034345709680028196	0.0666414545988903	4.110120372578733
UP000001983	0.6160081053698075	272.0	0.026328833949069933	0.010086170219295471	0.01062488165802995	0.05533432845163213	0.05922598020129062	0.032780053212710256	0.023333881978405774	0.04996916020615749	0.027579453561650775	0.038563156246056274	0.02153668782661175	0.0537547026460179	0.11534752942170147	0.08385867358669682	0.04762161576694198	0.05293776187632157	0.07928067876284209	0.09660881146774603	0.06454463360886185	0.05068300535195977	4.1031329162247845
UP000001116	0.7203389830508474	279.0	0.016461583849624605	0.009560465920676444	0.006074043170515983	0.06697676677725245	0.06492553059350781	0.025563979679303867	0.021361319446894293	0.031395494225444014	0.019704124991906262	0.025707374637629322	0.019927984159332127	0.032910794838720024	0.1284581645626062	0.08967592871699487	0.05304579189910035	0.05901749154879144	0.10306039568968073	0.09484488708061856	0.0835077431438682	0.047820135067532445	3.983410817499583
UP000002145	0.4184397163120567	292.0	0.02607132231856841	0.00728341702867939	0.010870771684596126	0.06055561284380982	0.08459187688612745	0.03464926547624192	0.015449672485077533	0.08497319866792669	0.04565916923905976	0.024330720659796745	0.03348706513509531	0.0833699307685318	0.067789927002727	0.0728341702867943	0.036018942323053395	0.049141126940487695	0.0787251693541085	0.08174830483975459	0.05098391920075604	0.05146641685880734	4.1141870374952605
UP000000423	0.27387794198139026	228.5	0.020355499328748895	0.007748968494466836	0.009882742427725848	0.05756657100200505	0.06355560511832095	0.04334168818939121	0.01903002495385353	0.10451949930011953	0.07628655562579137	0.037026745385326035	0.03953096971090359	0.10156094877854502	0.05396028520157691	0.044737760337577245	0.02757065425101957	0.0476074524128714	0.05979717793098646	0.09644869967306707	0.0338696636181997	0.05560248825950378	4.093916149065988
UP000009072	0.273015873015873	242.0	0.018639610263077977	0.005831011140718676	0.0049345441662641	0.051072532120833805	0.07815190481307237	0.04622944717834087	0.01629974429388309	0.11936052450711714	0.06384066515104225	0.029941398540105437	0.029954821900936186	0.09775095445452466	0.05714409188345037	0.054645507618999056	0.029219088698450746	0.048181634076258285	0.05699080837517934	0.09365648961200779	0.03478054631127241	0.06337467489446524	4.048280808981761
UP000000774	0.4039721539721539	245.0	0.02248844862161454	0.007350626559201087	0.00470094050134339	0.06363872292301068	0.06440508519327819	0.03852623330020182	0.019576170348697172	0.08246267682993118	0.04958331733570238	0.039314104515033414	0.02823494459394158	0.07446669833541932	0.0830259294965508	0.07164669025942792	0.0370015101317962	0.05264875890786934	0.06613757020120083	0.08769838440328312	0.04651267534841522	0.06058051219408169	4.119238543719312
UP000001422	0.622050309360324	293.0	0.02226441639174724	0.01267131093610766	0.013143585055005385	0.0594731581703026	0.0644116150914857	0.027965476721697878	0.02217012870706323	0.028856176328983834	0.025670836592981344	0.04481429043614534	0.018249620423453326	0.045321236560456724	0.10781683644908664	0.08646350195754678	0.051550697106624924	0.0506502171230599	0.07602786561664626	0.11164918845557072	0.0723007020893875	0.05852913978664701	4.078796721756533
UP000006697	0.55307693092854	269.5	0.02881529931966304	0.009182613337953664	0.009824197839782962	0.05893499490482529	0.060796271942962124	0.03380415502084033	0.023248707405637233	0.053696220253766934	0.03299816534993672	0.037820197583914986	0.02404569889468965	0.06027741122848058	0.11138539174939187	0.0788780002279703	0.04363264517835234	0.05433533408320758	0.07703338828837968	0.0933339832392862	0.057468714935283036	0.0504886092156757	4.119767588370127
UP000001006	0.5210084033613446	248.0	0.028798999606739987	0.013941333900535475	0.012572632043296426	0.055492971811084646	0.0651509863947944	0.036221976549875586	0.022719210800872663	0.046384075266379624	0.038089552407726976	0.04213040464447544	0.026627090341322115	0.06062641052762141	0.09451493350400245	0.0716451418732365	0.042480518810496	0.05154778921206399	0.07385025632789309	0.1052434029746308	0.05743620708085784	0.05452610592209442	4.153643941356722
UP000028341	0.6864617393326553	354.0	0.02993404363267377	0.018670725520040565	0.010400811770674756	0.06801116184677829	0.08168442415017756	0.03150684931506847	0.024809741248097417	0.03249619482496192	0.016108574327752413	0.019964485032978162	0.022805682394723463	0.03264840182648402	0.11065449010654492	0.08810248604769155	0.05332318619989854	0.04119736174530693	0.07029426686960934	0.11549974632166418	0.08954845256215122	0.04233891425672248	4.039647585439326
UP000005954	0.6371681415929203	447.0	0.038322375045800466	0.016661902193826312	0.014862613939167537	0.06630083822203271	0.06518270328041177	0.03829622407823173	0.02890036537883478	0.056477932968836644	0.033323804387652624	0.03604350501480635	0.02890036537883478	0.047560364605336115	0.11238397117312379	0.09663903272419261	0.04080051582894317	0.053944306163099406	0.056191985586561896	0.08335060534673962	0.047560364605336115	0.03829622407823173	4.157734731431741
UP000001822	0.4031007751937984	258.0	0.026309791717946906	0.008248504099883893	0.011343603907484479	0.05403905425009649	0.070581075858723	0.0398243917605642	0.020891484202263163	0.07950263896420891	0.04540592557983969	0.03285195290961449	0.03267642400866801	0.07842341762080333	0.07892937515384071	0.06922560938132638	0.03617710126402584	0.0536581278458128	0.07136531003493106	0.08916948359216702	0.043168205555234956	0.0582085222925646	4.144665314697505
UP000008320	0.3233270794246404	248.0	0.02348355667737083	0.006548299458113019	0.015022569345082755	0.05454651947980195	0.05847168405022136	0.0375450086789586	0.020847647254400643	0.08172277723725062	0.05865271093582577	0.03072613767205736	0.035091398381014216	0.09576887957490307	0.05845294012201159	0.06084954081293479	0.03242967350684544	0.045513922966290504	0.074189672072923	0.09193812439190693	0.043905503530041474	0.07429343385204598	4.131635616736342
UP000061018	0.7003959141658089	327.5	0.019015468268219298	0.021061253269907734	0.017111033687279942	0.07126977669013443	0.04260074199475571	0.030494616525740887	0.03452603935648322	0.019157151430959057	0.03694286211143704	0.021650303981213453	0.033841948199648024	0.026971298830341054	0.11936898066315176	0.09752590646460743	0.06569242949866257	0.06088131609958953	0.0709589236444233	0.0722876395117423	0.062339762793875306	0.07630254697782801	4.098977851558271
UP000001025	0.5631860742683276	308.0	0.025354769411980296	0.009411362405769931	0.013448341542981858	0.06676865047470387	0.06879343943140723	0.03155597409409399	0.022857884028326933	0.04329226706654199	0.02984784692456247	0.037796353177551964	0.020682837041329016	0.05456739646558942	0.09734037688253537	0.08134765476772852	0.047172644181536334	0.054746996644262816	0.0759593054322403	0.08910022597013638	0.07012044403612297	0.05983523002059843	4.12440604323699
