Proteome_ID	M	W	C	D	E	F	H	K	N	Q	Y	I	A	G	P	T	V	L	R	S
UP000001015	0.018867388506624887	0.028215151418118332	0.028215151418118332	0.028215151418118332	0.028215151418118332	0.056949050657280335	0.028215151418118332	0.06629681356877379	0.056949050657280335	0.028215151418118332	0.09503071280793579	0.09503071280793579	0.027958140139622237	0.027958140139622237	0.027958140139622237	0.056430302836236665	0.056430302836236665	0.113379353493517	0.027958140139622237	0.10351284276097988
UP000007478	0.018590864474135417	0.030018276582090213	0.030018276582090213	0.030018276582090213	0.030018276582090213	0.04883570369325124	0.030018276582090213	0.06026311580120604	0.04883570369325124	0.030018276582090213	0.07908054291236709	0.07908054291236709	0.03690320240367053	0.03690320240367053	0.03690320240367053	0.060036553164180426	0.060036553164180426	0.10887225685743167	0.03690320240367053	0.10864569422040607
UP000000674	0.013915554021584727	0.03129640357522209	0.03129640357522209	0.03129640357522209	0.03129640357522209	0.025056703545378773	0.03129640357522209	0.04243755309901614	0.025056703545378773	0.03129640357522209	0.036197853069172815	0.036197853069172815	0.0781798671137503	0.0781798671137503	0.0781798671137503	0.06259280715044419	0.06259280715044419	0.08764951069582295	0.0781798671137503	0.107804764747251
UP000001931	0.018806858714083486	0.027330326779390134	0.027330326779390134	0.027330326779390134	0.027330326779390134	0.06030380948359085	0.027330326779390134	0.0688272775488975	0.06030380948359085	0.027330326779390134	0.10180076025309821	0.10180076025309821	0.02477278859377863	0.02477278859377863	0.02477278859377863	0.05466065355878027	0.05466065355878027	0.11496446304237112	0.02477278859377863	0.1007978390522539
UP000000641	0.01400757207924762	0.03133252230841617	0.03133252230841617	0.03133252230841617	0.03133252230841617	0.02533297694101582	0.03133252230841617	0.042657927170184365	0.02533297694101582	0.03133252230841617	0.03665838180278402	0.03665838180278402	0.0775058499041156	0.0775058499041156	0.0775058499041156	0.06266504461683234	0.06266504461683234	0.08799802155784815	0.0775058499041156	0.10800513900449611
UP000002518	0.013203833114995681	0.030974368134344617	0.030974368134344617	0.030974368134344617	0.030974368134344617	0.023014523042948334	0.030974368134344617	0.04078505806229727	0.023014523042948334	0.030974368134344617	0.03282521297090099	0.03282521297090099	0.08337443965547377	0.08337443965547377	0.08337443965547377	0.061948736268689235	0.061948736268689235	0.08496325931163758	0.08337443965547377	0.10612693751802954
UP000001826	0.01184431936078099	0.030163226242074286	0.030163226242074286	0.030163226242074286	0.030163226242074286	0.01950241282832457	0.030163226242074286	0.03782131970961787	0.01950241282832457	0.030163226242074286	0.02716050629586815	0.02716050629586815	0.09330334921524894	0.09330334921524894	0.09330334921524894	0.06032645248414857	0.06032645248414857	0.07982886531247314	0.09330334921524894	0.10233399808700386
UP000005223	0.015608512683023632	0.031729487111505694	0.031729487111505694	0.031729487111505694	0.031729487111505694	0.03072085401554749	0.031729487111505694	0.04684182844402955	0.03072085401554749	0.031729487111505694	0.04583319534807135	0.04583319534807135	0.06554247169363815	0.06554247169363815	0.06554247169363815	0.06345897422301139	0.06345897422301139	0.09417982823855887	0.06554247169363815	0.11079697401754073
UP000000536	0.014068959381246077	0.03135588818919017	0.03135588818919017	0.03135588818919017	0.03135588818919017	0.02551897576473416	0.03135588818919017	0.04280590457267826	0.02551897576473416	0.03135588818919017	0.036968992148222246	0.036968992148222246	0.07705573555908252	0.07705573555908252	0.07705573555908252	0.06271177637838034	0.06271177637838034	0.0882307521431145	0.07705573555908252	0.10813662394881658
UP000002199	0.016350869118700206	0.03173125517655223	0.03173125517655223	0.03173125517655223	0.03173125517655223	0.033733457561620044	0.03173125517655223	0.04911384361947207	0.033733457561620044	0.03173125517655223	0.05111604600453989	0.05111604600453989	0.05969578145022605	0.05969578145022605	0.05969578145022605	0.06346251035310446	0.06346251035310446	0.09719596791472451	0.05969578145022605	0.1115446346483569
UP000002439	0.015278755806406816	0.03168713931772101	0.03168713931772101	0.03168713931772101	0.03168713931772101	0.029505652613812872	0.03168713931772101	0.04591403612512707	0.029505652613812872	0.03168713931772101	0.04373254942121893	0.04373254942121893	0.0680598264530919	0.0680598264530919	0.0680598264530919	0.06337427863544202	0.06337427863544202	0.0928799312492549	0.0680598264530919	0.11034017375956984
UP000001024	0.016525282432470003	0.03170960604298774	0.03170960604298774	0.03170960604298774	0.03170960604298774	0.03450994651614007	0.03170960604298774	0.04969427012665781	0.03450994651614007	0.03170960604298774	0.05249461059981012	0.05249461059981012	0.05827300340388645	0.05827300340388645	0.05827300340388645	0.06341921208597548	0.06341921208597548	0.09792915860211554	0.05827300340388645	0.11165410056143321
UP000000578	0.018865922686428574	0.028133456721123704	0.028133456721123704	0.028133456721123704	0.028133456721123704	0.05727128893356847	0.028133456721123704	0.06653882296826359	0.05727128893356847	0.028133456721123704	0.09567665518070836	0.09567665518070836	0.02764007591997543	0.02764007591997543	0.02764007591997543	0.05626691344224741	0.05626691344224741	0.11353820237581587	0.02764007591997543	0.10326629284979968
UP000001686	0.01579574633566788	0.031742894921999526	0.031742894921999526	0.031742894921999526	0.031742894921999526	0.031441527833848515	0.031742894921999526	0.047388676420180166	0.031441527833848515	0.031742894921999526	0.047087309332029155	0.047087309332029155	0.0640943012282218	0.0640943012282218	0.0640943012282218	0.06348578984399905	0.06348578984399905	0.09492731767784758	0.0640943012282218	0.11102443110166646
UP000002698	0.010214727952047767	0.028870537706040082	0.028870537706040082	0.028870537706040082	0.028870537706040082	0.015807659511184045	0.028870537706040082	0.03446346926517636	0.015807659511184045	0.028870537706040082	0.02140059107032032	0.02140059107032032	0.10545621214148351	0.10545621214148351	0.10545621214148351	0.057741075412080164	0.057741075412080164	0.0735487349232642	0.10545621214148351	0.09682634107016802
UP000001975	0.016306704324676652	0.0317352669676457	0.0317352669676457	0.0317352669676457	0.0317352669676457	0.033541531190003956	0.0317352669676457	0.04897009383297301	0.033541531190003956	0.0317352669676457	0.05077635805533126	0.05077635805533126	0.060052545830578445	0.060052545830578445	0.060052545830578445	0.0634705339352914	0.0634705339352914	0.09701206512529537	0.060052545830578445	0.11151250522761376
UP000001013	0.01802535107753782	0.030948720578752344	0.030948720578752344	0.030948720578752344	0.030948720578752344	0.043166881035182285	0.030948720578752344	0.05609025053639681	0.043166881035182285	0.030948720578752344	0.06830841099282675	0.06830841099282675	0.044377693384010514	0.044377693384010514	0.044377693384010514	0.06189744115750469	0.06189744115750469	0.10506432219268699	0.044377693384010514	0.11087151281379486
UP000000590	0.018821188467075433	0.029067310331323846	0.029067310331323846	0.029067310331323846	0.029067310331323846	0.053393989767556334	0.029067310331323846	0.06364011163180475	0.053393989767556334	0.029067310331323846	0.08796679106803722	0.08796679106803722	0.03164807625636082	0.03164807625636082	0.03164807625636082	0.05813462066264769	0.05813462066264769	0.11152861043020403	0.03164807625636082	0.10602311946104698
UP000001974	0.018791567559734	0.02926559406776682	0.02926559406776682	0.02926559406776682	0.02926559406776682	0.052505728115011155	0.02926559406776682	0.06297975462304398	0.052505728115011155	0.02926559406776682	0.0862198886702883	0.0862198886702883	0.03262405938884395	0.03262405938884395	0.03262405938884395	0.05853118813553364	0.05853118813553364	0.11103691625054478	0.03262405938884395	0.10658834976303445
UP000001018	0.018739325179143108	0.029526199700637492	0.029526199700637492	0.029526199700637492	0.029526199700637492	0.0512939180289928	0.029526199700637492	0.06208079255048719	0.0512939180289928	0.029526199700637492	0.0838485108788425	0.0838485108788425	0.0339921964342502	0.0339921964342502	0.0339921964342502	0.059052399401274984	0.059052399401274984	0.11034631743026778	0.0339921964342502	0.10731792428105559
UP000001137	0.01709892821071278	0.03156280816846716	0.03156280816846716	0.03156280816846716	0.03156280816846716	0.037312961154090614	0.03156280816846716	0.051776841111844996	0.037312961154090614	0.03156280816846716	0.05752699409746845	0.05752699409746845	0.05339757707062833	0.05339757707062833	0.05339757707062833	0.06312561633693432	0.06312561633693432	0.10043857749102493	0.05339757707062833	0.11178735271611426
UP000000554	0.009065635610828529	0.02774650132615193	0.02774650132615193	0.02774650132615193	0.02774650132615193	0.013465097085513165	0.02774650132615193	0.03214596280083657	0.013465097085513165	0.02774650132615193	0.0178645585601978	0.0178645585601978	0.1143502094270731	0.1143502094270731	0.1143502094270731	0.05549300265230386	0.05549300265230386	0.06895809973781702	0.1143502094270731	0.09230513958928435
UP000000365	0.015024387947116259	0.031639348315969505	0.031639348315969505	0.031639348315969505	0.031639348315969505	0.028610471101946693	0.031639348315969505	0.04522543147079994	0.028610471101946693	0.031639348315969505	0.04219655425677713	0.04219655425677713	0.06997776151900761	0.06997776151900761	0.06997776151900761	0.06327869663193901	0.06327869663193901	0.09188916773388571	0.06997776151900761	0.10994243289502477
UP000008243	0.010040384650497294	0.02871157766376188	0.02871157766376188	0.02871157766376188	0.02871157766376188	0.015439574935677445	0.02871157766376188	0.03411076794894203	0.015439574935677445	0.02871157766376188	0.020838765220857595	0.020838765220857595	0.10678463563622194	0.10678463563622194	0.10678463563622194	0.05742315532752376	0.05742315532752376	0.07286273026320121	0.10678463563622194	0.09617511764178295
UP000000805	0.01882845946593661	0.027528692569456965	0.027528692569456965	0.027528692569456965	0.027528692569456965	0.05957574538830723	0.027528692569456965	0.06827597849182758	0.05957574538830723	0.027528692569456965	0.10032303131067785	0.10032303131067785	0.025440853812041836	0.025440853812041836	0.025440853812041836	0.05505738513891393	0.05505738513891393	0.11463313052722117	0.025440853812041836	0.1014145371743075
UP000001400	0.018063094478649705	0.030907408368404048	0.030907408368404048	0.030907408368404048	0.030907408368404048	0.043465415298984775	0.030907408368404048	0.05630972918873911	0.043465415298984775	0.030907408368404048	0.06886773611931984	0.06886773611931984	0.043955309548076714	0.043955309548076714	0.043955309548076714	0.061814816736808095	0.061814816736808095	0.10528023203579286	0.043955309548076714	0.11078531958386184
UP000002408	0.013214662392205747	0.03097981691864694	0.03097981691864694	0.03097981691864694	0.03097981691864694	0.023044427840069777	0.03097981691864694	0.04080958236651097	0.023044427840069777	0.03097981691864694	0.03287419328793381	0.03287419328793381	0.08329554224332412	0.08329554224332412	0.08329554224332412	0.06195963383729388	0.06195963383729388	0.08500406167736367	0.08329554224332412	0.10615411314814657
UP000000254	0.018647659600543074	0.029856977721856068	0.029856977721856068	0.029856977721856068	0.029856977721856068	0.049669636567773144	0.029856977721856068	0.060878954689086134	0.049669636567773144	0.029856977721856068	0.0806916135350032	0.0806916135350032	0.03589473087716517	0.03589473087716517	0.03589473087716517	0.059713955443712136	0.059713955443712136	0.10938359201148526	0.03589473087716517	0.10821859276611127
UP000000663	0.012899918014708528	0.03081476622430799	0.03081476622430799	0.03081476622430799	0.03081476622430799	0.02218874272811212	0.03081476622430799	0.04010359093771158	0.02218874272811212	0.03081476622430799	0.03147756744151571	0.03147756744151571	0.08558842915022097	0.08558842915022097	0.08558842915022097	0.06162953244861598	0.06162953244861598	0.08381827517672809	0.08558842915022097	0.1053442166876325
UP000002613	0.017287816068837825	0.03148361962176886	0.03148361962176886	0.03148361962176886	0.03148361962176886	0.038341121245652504	0.03148361962176886	0.05253692479858354	0.038341121245652504	0.03148361962176886	0.05939442642246718	0.05939442642246718	0.05170523303882895	0.05170523303882895	0.05170523303882895	0.06296723924353773	0.06296723924353773	0.10130836048919022	0.05170523303882895	0.11173867493414442
UP000002487	0.016424575527381576	0.0317232584473618	0.0317232584473618	0.0317232584473618	0.0317232584473618	0.0340579027010786	0.0317232584473618	0.049356585621058824	0.0340579027010786	0.0317232584473618	0.051691229874775625	0.051691229874775625	0.059097304690241007	0.059097304690241007	0.059097304690241007	0.0634465168947236	0.0634465168947236	0.0975044195958022	0.059097304690241007	0.111594350869467
UP000007722	0.0188519572419439	0.027817600345736854	0.027817600345736854	0.027817600345736854	0.027817600345736854	0.058491756388279456	0.027817600345736854	0.0674573994920724	0.058491756388279456	0.027817600345736854	0.098131555534615	0.098131555534615	0.026459075150979623	0.026459075150979623	0.026459075150979623	0.05563520069147371	0.05563520069147371	0.11412695707975316	0.026459075150979623	0.10230475827915447
UP000002071	0.010770681544175138	0.029350537523136818	0.029350537523136818	0.029350537523136818	0.029350537523136818	0.017014410293062776	0.029350537523136818	0.03559426627202446	0.017014410293062776	0.029350537523136818	0.023258139041950416	0.023258139041950416	0.10126169970737098	0.10126169970737098	0.10126169970737098	0.058701075046273636	0.058701075046273636	0.07571548533933642	0.10126169970737098	0.0988222941135856
UP000002376	0.016547022413087007	0.031706231909258406	0.031706231909258406	0.031706231909258406	0.031706231909258406	0.0346089108518183	0.031706231909258406	0.04976812034798969	0.0346089108518183	0.031706231909258406	0.05267079929054959	0.05267079929054959	0.058094006262601555	0.058094006262601555	0.058094006262601555	0.06341246381851681	0.06341246381851681	0.09802137467033509	0.058094006262601555	0.1116657181408622
UP000001941	0.016133061373683255	0.03174562174203132	0.03174562174203132	0.03174562174203132	0.03174562174203132	0.03280397653086	0.03174562174203132	0.048416536899208065	0.03280397653086	0.03174562174203132	0.04947489168803675	0.04947489168803675	0.06144282531357555	0.06144282531357555	0.06144282531357555	0.06349124348406264	0.06349124348406264	0.09629522001492265	0.06144282531357555	0.11136992659977721
UP000000391	0.018557624932236425	0.030102421005268023	0.030102421005268023	0.030102421005268023	0.030102421005268023	0.04838798667678384	0.030102421005268023	0.059932782749815436	0.04838798667678384	0.030102421005268023	0.07821834842133125	0.07821834842133125	0.03745374885841935	0.03745374885841935	0.03745374885841935	0.060204842010536046	0.060204842010536046	0.10859282868731988	0.03745374885841935	0.1088648879480405
UP000009079	0.018307768893941773	0.030584926391441315	0.030584926391441315	0.030584926391441315	0.030584926391441315	0.045608420689135086	0.030584926391441315	0.057885578186634624	0.045608420689135086	0.030584926391441315	0.0729090724843284	0.0729090724843284	0.041020395279450006	0.041020395279450006	0.041020395279450006	0.06116985278288263	0.06116985278288263	0.10677827347201772	0.041020395279450006	0.11006254806826571
UP000000242	0.016829326504683984	0.03164760642228889	0.03164760642228889	0.03164760642228889	0.03164760642228889	0.03594262657568419	0.03164760642228889	0.0507609064932891	0.03594262657568419	0.03164760642228889	0.05505592664668439	0.05505592664668439	0.05573165278564707	0.05573165278564707	0.05573165278564707	0.06329521284457779	0.06329521284457779	0.09923783942026196	0.05573165278564707	0.11177214577155066
UP000002654	0.011264472581606427	0.029742934521627885	0.029742934521627885	0.029742934521627885	0.029742934521627885	0.01813129639809208	0.029742934521627885	0.036609758338113536	0.01813129639809208	0.029742934521627885	0.02499812021457773	0.02499812021457773	0.09758178726270593	0.09758178726270593	0.09758178726270593	0.05948586904325577	0.05948586904325577	0.07761716544134785	0.09758178726270593	0.10049327614649008
UP000002593	0.01484473701184852	0.03159817939792957	0.03159817939792957	0.03159817939792957	0.03159817939792957	0.02799822582164848	0.03159817939792957	0.04475166820772952	0.02799822582164848	0.03159817939792957	0.041151714631448434	0.041151714631448434	0.07132201501794688	0.07132201501794688	0.07132201501794688	0.06319635879585914	0.06319635879585914	0.09119458461750761	0.07132201501794688	0.10963927520563724
UP000001746	0.010001962911992601	0.028675998760970153	0.028675998760970153	0.028675998760970153	0.028675998760970153	0.01535909421997137	0.028675998760970153	0.03403313006894892	0.01535909421997137	0.028675998760970153	0.02071622552795014	0.02071622552795014	0.10707830724417478	0.10707830724417478	0.10707830724417478	0.057351997521940305	0.057351997521940305	0.07271109174191168	0.10707830724417478	0.09602995919490305
UP000001059	0.017614545089532033	0.031299087672986704	0.031299087672986704	0.031299087672986704	0.031299087672986704	0.04028773250657382	0.031299087672986704	0.053972275090028485	0.04028773250657382	0.031299087672986704	0.0629609199236156	0.0629609199236156	0.048631820567288556	0.048631820567288556	0.048631820567288556	0.06259817534597341	0.06259817534597341	0.10288590785254723	0.048631820567288556	0.11151180810849214
UP000000262	0.0134401067732731	0.031089464515671305	0.031089464515671305	0.031089464515671305	0.031089464515671305	0.02367484011107877	0.031089464515671305	0.04132419785347698	0.02367484011107877	0.031089464515671305	0.03390957344888444	0.03390957344888444	0.08165248840847551	0.08165248840847551	0.08165248840847551	0.06217892903134261	0.06217892903134261	0.08585376914242138	0.08165248840847551	0.10670850032028702
UP000001879	0.012460618636072994	0.030561686731116408	0.030561686731116408	0.030561686731116408	0.030561686731116408	0.02103840067514317	0.030561686731116408	0.03913946877018659	0.02103840067514317	0.030561686731116408	0.029616182714213343	0.029616182714213343	0.08879160638426625	0.08879160638426625	0.08879160638426625	0.061123373462232816	0.061123373462232816	0.08216177413737599	0.08879160638426625	0.10414567882942223
UP000000740	0.008978613590798965	0.027653873269587907	0.027653873269587907	0.027653873269587907	0.027653873269587907	0.013295314049022938	0.027653873269587907	0.031970573727811875	0.013295314049022938	0.027653873269587907	0.01761201450724691	0.01761201450724691	0.11503853222130223	0.11503853222130223	0.11503853222130223	0.05530774653917581	0.05530774653917581	0.06860306058819875	0.11503853222130223	0.09194023339956268
UP000008680	0.018718800963456534	0.029610686663701456	0.029610686663701456	0.029610686663701456	0.029610686663701456	0.0508889429528847	0.029610686663701456	0.061780828653129616	0.0508889429528847	0.029610686663701456	0.08305908494231284	0.08305908494231284	0.0344590676802889	0.0344590676802889	0.0344590676802889	0.05922137332740291	0.05922137332740291	0.11011031628028761	0.0344590676802889	0.10755086095456091
UP000000792	0.018816287870002515	0.029104234863869906	0.029104234863869906	0.029104234863869906	0.029104234863869906	0.053230606821864666	0.029104234863869906	0.06351855381573206	0.053230606821864666	0.029104234863869906	0.08764492577372682	0.08764492577372682	0.03182591886829172	0.03182591886829172	0.03182591886829172	0.05820846972773981	0.05820846972773981	0.11143907654960448	0.03182591886829172	0.10612899246161223
UP000002457	0.012924864072011233	0.030828349198138004	0.030828349198138004	0.030828349198138004	0.030828349198138004	0.022255567569297672	0.030828349198138004	0.04015905269542444	0.022255567569297672	0.030828349198138004	0.03158627106658411	0.03158627106658411	0.08540668408685546	0.08540668408685546	0.08540668408685546	0.06165669839627601	0.06165669839627601	0.08391226596557368	0.08540668408685546	0.10540991166642526
UP000000758	0.012504692251255178	0.030588252675736338	0.030588252675736338	0.030588252675736338	0.030588252675736338	0.02115162485900173	0.030588252675736338	0.039235185283482896	0.02115162485900173	0.030588252675736338	0.029798557466748286	0.029798557466748286	0.08846991264186496	0.08846991264186496	0.08846991264186496	0.061176505351472676	0.061176505351472676	0.0823281302104744	0.08846991264186496	0.10426945027846418
UP000006565	0.01646753633638038	0.031717826958539606	0.031717826958539606	0.031717826958539606	0.031717826958539606	0.03424947634714805	0.031717826958539606	0.049499766969307274	0.03424947634714805	0.031717826958539606	0.05203141635791572	0.05203141635791572	0.05874662355564061	0.05874662355564061	0.05874662355564061	0.06343565391707921	0.06343565391707921	0.09768513026422726	0.05874662355564061	0.11162101721199919
UP000001169	0.010683958947838423	0.029278338757486498	0.029278338757486498	0.029278338757486498	0.029278338757486498	0.01682274819317099	0.029278338757486498	0.035417128002819064	0.01682274819317099	0.029278338757486498	0.022961537438503564	0.022961537438503564	0.10191213832067167	0.10191213832067167	0.10191213832067167	0.058556677514972996	0.058556677514972996	0.07537942570814399	0.10191213832067167	0.0985189752202979
UP000006681	0.017416676655094412	0.03141873034734346	0.03141873034734346	0.03141873034734346	0.03141873034734346	0.039080686262201354	0.03141873034734346	0.0530827399544504	0.039080686262201354	0.03141873034734346	0.06074469586930829	0.06074469586930829	0.05051787524999706	0.05051787524999706	0.05051787524999706	0.06283746069468692	0.06283746069468692	0.10191814695688828	0.05051787524999706	0.1116728676971248
UP000009227	0.01858234813685214	0.03004047334583765	0.03004047334583765	0.03004047334583765	0.03004047334583765	0.048718487861384364	0.03004047334583765	0.06017661307036987	0.048718487861384364	0.03004047334583765	0.07885462758591659	0.07885462758591659	0.03704671792809371	0.03704671792809371	0.03704671792809371	0.0600809466916753	0.0600809466916753	0.10879943455305965	0.03704671792809371	0.10870376817436507
UP000000346	0.011557837926596606	0.029961043735125713	0.029961043735125713	0.029961043735125713	0.029961043735125713	0.018816552464015115	0.029961043735125713	0.03721975827254422	0.018816552464015115	0.029961043735125713	0.026075267001433623	0.026075267001433623	0.09541217961311604	0.09541217961311604	0.09541217961311604	0.05992208747025143	0.05992208747025143	0.07873863993426655	0.09541217961311604	0.10144096913197376
UP000005877	0.011386269181468855	0.029834845031372986	0.029834845031372986	0.029834845031372986	0.029834845031372986	0.018413756122881795	0.029834845031372986	0.03686233197278593	0.018413756122881795	0.029834845031372986	0.02544124306429474	0.02544124306429474	0.09667967492411167	0.09667967492411167	0.09667967492411167	0.05966969006274597	0.05966969006274597	0.07808344618562778	0.09667967492411167	0.1008908042755878
UP000001304	0.018854307979762553	0.028725136443010984	0.028725136443010984	0.028725136443010984	0.028725136443010984	0.05486799525224404	0.028725136443010984	0.06473882371549247	0.05486799525224404	0.028725136443010984	0.09088168252472553	0.09088168252472553	0.03007704071840864	0.03007704071840864	0.03007704071840864	0.05745027288602197	0.05745027288602197	0.11231826813826602	0.03007704071840864	0.10502971730879551
UP000002315	0.018853380093228164	0.027840257066868764	0.027840257066868764	0.027840257066868764	0.027840257066868764	0.05840548946139929	0.027840257066868764	0.0673923664350399	0.05840548946139929	0.027840257066868764	0.09795759882957042	0.09795759882957042	0.026541337833033432	0.026541337833033432	0.026541337833033432	0.05568051413373753	0.05568051413373753	0.11408600359513683	0.026541337833033432	0.10237415129383447
UP000012076	0.012603748338736833	0.0306470091184022	0.0306470091184022	0.0306470091184022	0.0306470091184022	0.021407837251825063	0.0306470091184022	0.03945109803149043	0.021407837251825063	0.0306470091184022	0.03021192616491329	0.03021192616491329	0.08774722610742527	0.08774722610742527	0.08774722610742527	0.0612940182368044	0.0612940182368044	0.08270185548862949	0.08774722610742527	0.10454477569394345
UP000006663	0.01287440193976248	0.030800784387533024	0.030800784387533024	0.030800784387533024	0.030800784387533024	0.022120563332864624	0.030800784387533024	0.04004694578063517	0.022120563332864624	0.030800784387533024	0.03136672472596677	0.03136672472596677	0.0857743362690793	0.0857743362690793	0.0857743362690793	0.06160156877506605	0.06160156877506605	0.08372213210793067	0.0857743362690793	0.10527675510236155
UP000014070	0.018430233829247158	0.03037514300762817	0.03037514300762817	0.03037514300762817	0.03037514300762817	0.046866910402351504	0.03037514300762817	0.05881181958073251	0.046866910402351504	0.03037514300762817	0.07530358697545585	0.07530358697545585	0.03937316562209611	0.03937316562209611	0.03937316562209611	0.06075028601525634	0.06075028601525634	0.10761719641760784	0.03937316562209611	0.10955566285213167
UP000001901	0.01739478130296669	0.03143043125320314	0.03143043125320314	0.03143043125320314	0.03143043125320314	0.038952629899279285	0.03143043125320314	0.052988279849515735	0.038952629899279285	0.03143043125320314	0.06051047849559187	0.06051047849559187	0.05072171051437052	0.05072171051437052	0.05072171051437052	0.06286086250640628	0.06286086250640628	0.10181349240568557	0.05072171051437052	0.11168607506257612
UP000006794	0.008572381938461299	0.0272068829677867	0.0272068829677867	0.0272068829677867	0.0272068829677867	0.012515912918078723	0.0272068829677867	0.031150413947404126	0.012515912918078723	0.0272068829677867	0.016459443897696147	0.016459443897696147	0.11828373777731108	0.11828373777731108	0.11828373777731108	0.0544137659355734	0.0544137659355734	0.06692967885365213	0.11828373777731108	0.0901930308418214
UP000011511	0.015362583633365968	0.03170007021992404	0.03170007021992404	0.03170007021992404	0.03170007021992404	0.029808439465703364	0.03170007021992404	0.04614592605226144	0.029808439465703364	0.03170007021992404	0.044254295298040765	0.044254295298040765	0.06742348609723862	0.06742348609723862	0.06742348609723862	0.06340014043984808	0.06340014043984808	0.09320857990555143	0.06742348609723862	0.11046279429313809
UP000007807	0.014605346773439616	0.031534271442653715	0.031534271442653715	0.031534271442653715	0.031534271442653715	0.02720603810738752	0.031534271442653715	0.044134962776601616	0.02720603810738752	0.031534271442653715	0.03980672944133543	0.03980672944133543	0.07310217470796998	0.07310217470796998	0.07310217470796998	0.06306854288530743	0.06306854288530743	0.09027458099269496	0.07310217470796998	0.10920816110140077
UP000007490	0.01836205969878111	0.030496986108410357	0.030496986108410357	0.030496986108410357	0.030496986108410357	0.04614675529562095	0.030496986108410357	0.0582816817052502	0.04614675529562095	0.030496986108410357	0.07393145089246078	0.07393145089246078	0.04030905989981194	0.04030905989981194	0.04030905989981194	0.060993972216820715	0.060993972216820715	0.10714072751244165	0.04030905989981194	0.10985301802401218
UP000058290	0.013334431822978015	0.031038971554326972	0.031038971554326972	0.031038971554326972	0.031038971554326972	0.023377453259271583	0.031038971554326972	0.04108199299062054	0.023377453259271583	0.031038971554326972	0.03342047469556515	0.03342047469556515	0.08242281521989346	0.08242281521989346	0.08242281521989346	0.062077943108653943	0.062077943108653943	0.08545539636792553	0.08242281521989346	0.10645134648595894
UP000006622	0.017948520196766946	0.031027271525915914	0.031027271525915914	0.031027271525915914	0.031027271525915914	0.042580028904770896	0.031027271525915914	0.05565878023391987	0.042580028904770896	0.031027271525915914	0.06721153761277483	0.06721153761277483	0.04521798613598627	0.04521798613598627	0.04521798613598627	0.06205454305183183	0.06205454305183183	0.10463457195660272	0.04521798613598627	0.1110303347745147
UP000012672	0.013354212939224473	0.0310485450836969	0.0310485450836969	0.0310485450836969	0.0310485450836969	0.023432864214110866	0.0310485450836969	0.0411271963585833	0.023432864214110866	0.0310485450836969	0.03351151548899726	0.03351151548899726	0.08227864447179681	0.08227864447179681	0.08227864447179681	0.0620970901673938	0.0620970901673938	0.08552995438150468	0.08227864447179681	0.10649984819031519
