Proteome_ID	M	W	C	D	E	F	H	K	N	Q	Y	I	A	G	P	T	V	L	R	S
UP000000278	0.044272444862540034	0.03174769575546221	0.03174769575546221	0.03174769575546221	0.03174769575546221	0.044272444862540034	0.03174769575546221	0.01848915430069003	0.07005573542439003	0.03174769575546221	0.044272444862540034	0.044272444862540034	0.04553243846870609	0.04553243846870609	0.04553243846870609	0.06349539151092443	0.06349539151092443	0.10776783637346446	0.04553243846870609	0.12699078302184885
UP000000280	0.03956267587336047	0.03213798764834365	0.03213798764834365	0.03213798764834365	0.03213798764834365	0.03956267587336047	0.03213798764834365	0.017732957076033246	0.06139239467068768	0.03213798764834365	0.03956267587336047	0.03956267587336047	0.05221336662824462	0.05221336662824462	0.05221336662824462	0.0642759752966873	0.0642759752966873	0.10383865117004777	0.05221336662824462	0.1285519505933746
UP000000287	0.036038558477929944	0.032278108755528834	0.032278108755528834	0.032278108755528834	0.032278108755528834	0.036038558477929944	0.032278108755528834	0.017027418886930004	0.05504969806892988	0.032278108755528834	0.036038558477929944	0.036038558477929944	0.05782008764150727	0.05782008764150727	0.05782008764150727	0.06455621751105767	0.06455621751105767	0.1005947759889876	0.05782008764150727	0.12911243502211533
UP000000327	0.04426687243668546	0.031748281013145876	0.031748281013145876	0.031748281013145876	0.031748281013145876	0.04426687243668546	0.031748281013145876	0.01848838082817933	0.07004536404519159	0.031748281013145876	0.04426687243668546	0.04426687243668546	0.04553984918321693	0.04553984918321693	0.04553984918321693	0.06349656202629175	0.06349656202629175	0.10776343446297722	0.04553984918321693	0.1269931240525835
UP000000339	0.03957826290309311	0.03213706129397047	0.03213706129397047	0.03213706129397047	0.03213706129397047	0.03957826290309311	0.03213706129397047	0.017735805771866828	0.06142072003431939	0.03213706129397047	0.03957826290309311	0.03957826290309311	0.052189794743705165	0.052189794743705165	0.052189794743705165	0.06427412258794094	0.06427412258794094	0.10385238549103405	0.052189794743705165	0.12854824517588187
UP000000344	0.05710395203416507	0.02976147072719989	0.02976147072719989	0.02976147072719989	0.02976147072719989	0.05710395203416507	0.02976147072719989	0.019564719112011436	0.09464318495631872	0.02976147072719989	0.05710395203416507	0.05710395203416507	0.03102220103141156	0.03102220103141156	0.03102220103141156	0.05952294145439978	0.05952294145439978	0.11662689348856488	0.03102220103141156	0.11904588290879956
UP000000348	0.04003353266265093	0.03210887546192451	0.03210887546192451	0.03210887546192451	0.03210887546192451	0.04003353266265093	0.03210887546192451	0.017817976249784505	0.06224908907551736	0.03210887546192451	0.04003353266265093	0.04003353266265093	0.05150581599266282	0.05150581599266282	0.05150581599266282	0.06421775092384902	0.06421775092384902	0.10425128358649995	0.05150581599266282	0.12843550184769803
UP000000349	0.03962596822629871	0.03213421013204495	0.03213421013204495	0.03213421013204495	0.03213421013204495	0.03962596822629871	0.03213421013204495	0.017744509821463746	0.06150742663113368	0.03213421013204495	0.03962596822629871	0.03962596822629871	0.052117715075797474	0.052117715075797474	0.052117715075797474	0.0642684202640899	0.0642684202640899	0.10389438849038861	0.052117715075797474	0.1285368405281798
UP000000350	0.032981283565511665	0.0322769042647717	0.0322769042647717	0.0322769042647717	0.0322769042647717	0.032981283565511665	0.0322769042647717	0.016312646237462734	0.0496499208935606	0.0322769042647717	0.032981283565511665	0.032981283565511665	0.06317513670126776	0.06317513670126776	0.06317513670126776	0.0645538085295434	0.0645538085295434	0.09753509209505508	0.06317513670126776	0.1291076170590868
UP000000351	0.03811409687106395	0.03221262391428263	0.03221262391428263	0.03221262391428263	0.03221262391428263	0.03811409687106395	0.03221262391428263	0.017457874540852146	0.058770319201275754	0.03221262391428263	0.03811409687106395	0.03811409687106395	0.054449834818507535	0.054449834818507535	0.054449834818507535	0.06442524782856526	0.06442524782856526	0.10253934469962922	0.054449834818507535	0.12885049565713053
UP000000352	0.02206967598376394	0.031030166979506994	0.031030166979506994	0.031030166979506994	0.031030166979506994	0.02206967598376394	0.031030166979506994	0.012896944562218444	0.03124240740530944	0.031030166979506994	0.02206967598376394	0.02206967598376394	0.08725739911038516	0.08725739911038516	0.08725739911038516	0.06206033395901399	0.06206033395901399	0.08413000994277792	0.08725739911038516	0.12412066791802798
UP000000353	0.03383878005752009	0.03228973411498089	0.03228973411498089	0.03228973411498089	0.03228973411498089	0.03383878005752009	0.03228973411498089	0.01652305702775051	0.05115450308728967	0.03228973411498089	0.03383878005752009	0.03383878005752009	0.06162319843941625	0.06162319843941625	0.06162319843941625	0.06457946822996179	0.06457946822996179	0.09841824828748187	0.06162319843941625	0.12915893645992357
UP000000354	0.04467922097125872	0.031704230899759524	0.031704230899759524	0.031704230899759524	0.031704230899759524	0.04467922097125872	0.031704230899759524	0.018544858911143648	0.0708135830313738	0.031704230899759524	0.04467922097125872	0.04467922097125872	0.044994439701259145	0.044994439701259145	0.044994439701259145	0.06340846179951905	0.06340846179951905	0.10808768277077777	0.044994439701259145	0.1268169235990381
UP000000355	0.04794723054568279	0.031304084477069075	0.031304084477069075	0.031304084477069075	0.031304084477069075	0.04794723054568279	0.031304084477069075	0.018939044166177713	0.07695541692518787	0.031304084477069075	0.04794723054568279	0.04794723054568279	0.0408760086367788	0.0408760086367788	0.0408760086367788	0.06260816895413815	0.06260816895413815	0.11055539949982095	0.0408760086367788	0.1252163379082763
UP000000356	0.03780254909281655	0.032225643275267744	0.032225643275267744	0.032225643275267744	0.032225643275267744	0.03780254909281655	0.032225643275267744	0.01739601467302915	0.05820908351260395	0.032225643275267744	0.03780254909281655	0.03780254909281655	0.05494296598650008	0.05494296598650008	0.05494296598650008	0.06445128655053549	0.06445128655053549	0.10225383564335204	0.05494296598650008	0.12890257310107098
UP000000357	0.03965297750954784	0.03213258522325428	0.03213258522325428	0.03213258522325428	0.03213258522325428	0.03965297750954784	0.03213258522325428	0.017749428028083318	0.061556526991012356	0.03213258522325428	0.03965297750954784	0.03965297750954784	0.052076948465274164	0.052076948465274164	0.052076948465274164	0.06426517044650856	0.06426517044650856	0.10391814795605639	0.052076948465274164	0.12853034089301713
UP000000358	0.03950020980822092	0.03214167422541753	0.03214167422541753	0.03214167422541753	0.03214167422541753	0.03950020980822092	0.03214167422541753	0.017721517135079176	0.06127890248136266	0.03214167422541753	0.03950020980822092	0.03950020980822092	0.05230793593394331	0.05230793593394331	0.05230793593394331	0.06428334845083505	0.06428334845083505	0.10378355825905598	0.05230793593394331	0.1285666969016701
UP000000359	0.039840972865209115	0.03212106225058601	0.03212106225058601	0.03212106225058601	0.03212106225058601	0.039840972865209115	0.03212106225058601	0.017783465510224264	0.061898480220193966	0.03212106225058601	0.039840972865209115	0.039840972865209115	0.05179404848354	0.05179404848354	0.05179404848354	0.06424212450117202	0.06424212450117202	0.10408309736638113	0.05179404848354	0.12848424900234404
UP000000360	0.03266282820320251	0.03226952943672386	0.03226952943672386	0.03226952943672386	0.03226952943672386	0.03266282820320251	0.03226952943672386	0.016232493852060485	0.04909316255434453	0.03226952943672386	0.03266282820320251	0.03266282820320251	0.06376193289750018	0.06376193289750018	0.06376193289750018	0.06453905887344771	0.06453905887344771	0.09720188707665023	0.06376193289750018	0.12907811774689543
UP000000369	0.02886664400496617	0.03206356929381076	0.03206356929381076	0.03206356929381076	0.03206356929381076	0.02886664400496617	0.03206356929381076	0.015190618745980641	0.042542669263951706	0.03206356929381076	0.02886664400496617	0.02886664400496617	0.07122909581606619	0.07122909581606619	0.07122909581606619	0.06412713858762152	0.06412713858762152	0.0929937825925877	0.07122909581606619	0.12825427717524304
UP000000372	0.048470967702388255	0.03123191995890842	0.03123191995890842	0.03123191995890842	0.03123191995890842	0.048470967702388255	0.03123191995890842	0.0189935575489436	0.0779483778558329	0.03123191995890842	0.048470967702388255	0.048470967702388255	0.04024812668518688	0.04024812668518688	0.04024812668518688	0.06246383991781684	0.06246383991781684	0.11093480762020509	0.04024812668518688	0.12492767983563367
UP000000373	0.04378608904182705	0.031797730849904615	0.031797730849904615	0.031797730849904615	0.031797730849904615	0.04378608904182705	0.031797730849904615	0.018420586261931993	0.0691515918217221	0.031797730849904615	0.04378608904182705	0.04378608904182705	0.04618342077718416	0.04618342077718416	0.04618342077718416	0.06359546169980923	0.06359546169980923	0.10738155074163627	0.04618342077718416	0.12719092339961846
UP000000375	0.027030728637513532	0.03187745089660171	0.03187745089660171	0.03187745089660171	0.03187745089660171	0.027030728637513532	0.03187745089660171	0.014627352799838053	0.03943410447518901	0.03187745089660171	0.027030728637513532	0.027030728637513532	0.07518642129794452	0.07518642129794452	0.07518642129794452	0.06375490179320342	0.06375490179320342	0.09078563043071695	0.07518642129794452	0.12750980358640684
UP000000394	0.02925602914923572	0.0320953608012135	0.0320953608012135	0.0320953608012135	0.0320953608012135	0.02925602914923572	0.0320953608012135	0.015304996543907386	0.043207061754564055	0.0320953608012135	0.02925602914923572	0.02925602914923572	0.0704205057839835	0.0704205057839835	0.0704205057839835	0.064190721602427	0.064190721602427	0.09344675075166273	0.0704205057839835	0.128381443204854
UP000000395	0.04474447369953656	0.03169712298232988	0.03169712298232988	0.03169712298232988	0.03169712298232988	0.04474447369953656	0.03169712298232988	0.018553655956931092	0.07093529144214203	0.03169712298232988	0.04474447369953656	0.04474447369953656	0.04490867909649148	0.04490867909649148	0.04490867909649148	0.06339424596465976	0.06339424596465976	0.10813871966419632	0.04490867909649148	0.1267884919293195
UP000000396	0.041524353474543745	0.03200168392550132	0.03200168392550132	0.03200168392550132	0.03200168392550132	0.041524353474543745	0.03200168392550132	0.01807317900015549	0.064975527948932	0.03200168392550132	0.041524353474543745	0.041524353474543745	0.049325645717543214	0.049325645717543214	0.049325645717543214	0.06400336785100263	0.06400336785100263	0.10552772132554639	0.049325645717543214	0.12800673570200527
UP000000398	0.026436202274759093	0.03180368425658542	0.03180368425658542	0.03180368425658542	0.03180368425658542	0.026436202274759093	0.03180368425658542	0.014436302681276079	0.038436101868242104	0.03180368425658542	0.026436202274759093	0.026436202274759093	0.0765219089928299	0.0765219089928299	0.0765219089928299	0.06360736851317084	0.06360736851317084	0.09004357078792992	0.0765219089928299	0.12721473702634167
UP000000399	0.012577653836649546	0.02732198778561965	0.02732198778561965	0.02732198778561965	0.02732198778561965	0.012577653836649546	0.02732198778561965	0.0086127717073251	0.016542535965973992	0.02732198778561965	0.012577653836649546	0.012577653836649546	0.11870115464338468	0.11870115464338468	0.11870115464338468	0.0546439755712393	0.0546439755712393	0.06722162940788884	0.11870115464338468	0.1092879511424786
UP000000400	0.01768286409639969	0.029745434127144327	0.029745434127144327	0.029745434127144327	0.029745434127144327	0.01768286409639969	0.029745434127144327	0.011090097871097491	0.024275630321701883	0.029745434127144327	0.01768286409639969	0.01768286409639969	0.10007325132272323	0.10007325132272323	0.10007325132272323	0.059490868254288655	0.059490868254288655	0.07717373235068835	0.10007325132272323	0.11898173650857731
UP000000401	0.023825625008881753	0.03139358068074403	0.03139358068074403	0.03139358068074403	0.03139358068074403	0.023825625008881753	0.03139358068074403	0.013545498738059644	0.03410575127970386	0.03139358068074403	0.023825625008881753	0.023825625008881753	0.0827308335114808	0.0827308335114808	0.0827308335114808	0.06278716136148806	0.06278716136148806	0.08661278637036982	0.0827308335114808	0.1255743227229761
UP000000409	0.041468172550135386	0.03200612728047136	0.03200612728047136	0.03200612728047136	0.03200612728047136	0.041468172550135386	0.03200612728047136	0.01806394360733062	0.06487240149294017	0.03200612728047136	0.041468172550135386	0.041468172550135386	0.04940618891537763	0.04940618891537763	0.04940618891537763	0.06401225456094271	0.06401225456094271	0.10548042711107812	0.04940618891537763	0.12802450912188543
UP000000410	0.03000570399989582	0.032149390594619506	0.032149390594619506	0.032149390594619506	0.032149390594619506	0.03000570399989582	0.032149390594619506	0.015520290078430855	0.04449111792136078	0.032149390594619506	0.03000570399989582	0.03000570399989582	0.06889245562170432	0.06889245562170432	0.06889245562170432	0.06429878118923901	0.06429878118923901	0.09430448518913481	0.06889245562170432	0.12859756237847803
UP000000411	0.03699825548349299	0.03225411486611563	0.03225411486611563	0.03225411486611563	0.03225411486611563	0.03699825548349299	0.03225411486611563	0.017231843129499748	0.056764667837486224	0.03225411486611563	0.03699825548349299	0.03699825548349299	0.05623659343942476	0.05623659343942476	0.05623659343942476	0.06450822973223126	0.06450822973223126	0.10150648521572424	0.05623659343942476	0.12901645946446252
UP000000412	0.02883015529751043	0.032060456819618305	0.032060456819618305	0.032060456819618305	0.032060456819618305	0.02883015529751043	0.032060456819618305	0.015179810431872996	0.04248050016314786	0.032060456819618305	0.02883015529751043	0.02883015529751043	0.07130540095088353	0.07130540095088353	0.07130540095088353	0.06412091363923661	0.06412091363923661	0.09295106893674705	0.07130540095088353	0.12824182727847322
UP000000413	0.04053658768343204	0.0320752249096721	0.0320752249096721	0.0320752249096721	0.0320752249096721	0.04053658768343204	0.0320752249096721	0.017906455170080784	0.06316672019678328	0.0320752249096721	0.04053658768343204	0.04053658768343204	0.050760071915305544	0.050760071915305544	0.050760071915305544	0.0641504498193442	0.0641504498193442	0.10468703750277625	0.050760071915305544	0.1283008996386884
UP000000414	0.024446507663983482	0.03150451936071541	0.03150451936071541	0.03150451936071541	0.03150451936071541	0.024446507663983482	0.03150451936071541	0.013765171346396569	0.03512784398157039	0.03150451936071541	0.024446507663983482	0.024446507663983482	0.08120053414516727	0.08120053414516727	0.08120053414516727	0.06300903872143082	0.06300903872143082	0.08745554638541429	0.08120053414516727	0.12601807744286164
UP000000469	0.04686386473477418	0.03144648463924965	0.03144648463924965	0.03144648463924965	0.03144648463924965	0.04686386473477418	0.03144648463924965	0.018818761687287133	0.07490896778226121	0.03144648463924965	0.04686386473477418	0.04686386473477418	0.0422022981571466	0.0422022981571466	0.0422022981571466	0.0628929692784993	0.0628929692784993	0.10975683401327345	0.0422022981571466	0.1257859385569986
UP000000470	0.03545999418618309	0.032287150932511055	0.032287150932511055	0.032287150932511055	0.032287150932511055	0.03545999418618309	0.032287150932511055	0.01689963735518847	0.054020351017177705	0.032287150932511055	0.03545999418618309	0.03545999418618309	0.058796406444135384	0.058796406444135384	0.058796406444135384	0.06457430186502211	0.06457430186502211	0.10003429605120519	0.058796406444135384	0.12914860373004422
UP000000472	0.045067302084812536	0.0316614114144508	0.0316614114144508	0.0316614114144508	0.0316614114144508	0.045067302084812536	0.0316614114144508	0.01859661562891036	0.0715379885407147	0.0316614114144508	0.045067302084812536	0.045067302084812536	0.044486575693774864	0.044486575693774864	0.044486575693774864	0.0633228228289016	0.0633228228289016	0.10839012491371414	0.044486575693774864	0.1266456456578032
UP000000473	0.023334956304702306	0.031299598340737825	0.031299598340737825	0.031299598340737825	0.031299598340737825	0.023334956304702306	0.031299598340737825	0.01336836667518819	0.03330154593421642	0.031299598340737825	0.023334956304702306	0.023334956304702306	0.08396543310381965	0.08396543310381965	0.08396543310381965	0.06259919668147565	0.06259919668147565	0.08593415298617796	0.08396543310381965	0.1251983933629513
UP000000477	0.032793404664812474	0.03227272713038745	0.03227272713038745	0.03227272713038745	0.03227272713038745	0.032793404664812474	0.03227272713038745	0.016265491296686297	0.049321318032938655	0.03227272713038745	0.032793404664812474	0.032793404664812474	0.06352063331502834	0.06352063331502834	0.06352063331502834	0.0645454542607749	0.0645454542607749	0.09733885892558738	0.06352063331502834	0.1290909085215498
UP000000513	0.056794322378666086	0.029822590976288685	0.029822590976288685	0.029822590976288685	0.029822590976288685	0.056794322378666086	0.029822590976288685	0.01955453941349146	0.09403410534384071	0.029822590976288685	0.056794322378666086	0.056794322378666086	0.03131957193217961	0.03131957193217961	0.03131957193217961	0.05964518195257737	0.05964518195257737	0.11643950433124345	0.03131957193217961	0.11929036390515474
UP000000514	0.05264639445761198	0.03058373628465471	0.03058373628465471	0.03058373628465471	0.03058373628465471	0.05264639445761198	0.03058373628465471	0.019345439326720226	0.08594734958850375	0.03058373628465471	0.05264639445761198	0.05264639445761198	0.03553386456056018	0.03553386456056018	0.03553386456056018	0.06116747256930942	0.06116747256930942	0.1138138670269214	0.03553386456056018	0.12233494513861884
UP000000515	0.03824578228531084	0.032206792319814694	0.032206792319814694	0.032206792319814694	0.032206792319814694	0.03824578228531084	0.032206792319814694	0.01748373248352858	0.059007832087093114	0.032206792319814694	0.03824578228531084	0.03824578228531084	0.05424271172144723	0.05424271172144723	0.05424271172144723	0.06441358463962939	0.06441358463962939	0.10265936692494024	0.05424271172144723	0.12882716927925877
UP000000516	0.056547906970357616	0.029870821289989573	0.029870821289989573	0.029870821289989573	0.029870821289989573	0.056547906970357616	0.029870821289989573	0.019545906974536655	0.09354990696617857	0.029870821289989573	0.056547906970357616	0.056547906970357616	0.031557877641915894	0.031557877641915894	0.031557877641915894	0.059741642579979146	0.059741642579979146	0.11628954955033677	0.031557877641915894	0.11948328515995829
UP000000518	0.021620510427904343	0.03092465692727146	0.03092465692727146	0.03092465692727146	0.03092465692727146	0.021620510427904343	0.03092465692727146	0.012724421697166366	0.030516599158642323	0.03092465692727146	0.021620510427904343	0.021620510427904343	0.08846547904208155	0.08846547904208155	0.08846547904208155	0.06184931385454292	0.06184931385454292	0.08346982428244726	0.08846547904208155	0.12369862770908584
UP000000519	0.030998837307784598	0.0322069429087224	0.0322069429087224	0.0322069429087224	0.0322069429087224	0.030998837307784598	0.0322069429087224	0.01579567216777831	0.04620200244779088	0.0322069429087224	0.030998837307784598	0.030998837307784598	0.06692426307648737	0.06692426307648737	0.06692426307648737	0.0644138858174448	0.0644138858174448	0.09541272312522939	0.06692426307648737	0.1288277716348896
UP000000520	0.043154025403451965	0.03185955279407649	0.03185955279407649	0.03185955279407649	0.03185955279407649	0.043154025403451965	0.03185955279407649	0.018328254479446967	0.06797979632745699	0.03185955279407649	0.043154025403451965	0.043154025403451965	0.047042244367653044	0.047042244367653044	0.047042244367653044	0.06371910558815298	0.06371910558815298	0.10687313099160496	0.047042244367653044	0.12743821117630597
UP000000521	0.03698383264113133	0.032254556744705905	0.032254556744705905	0.032254556744705905	0.032254556744705905	0.03698383264113133	0.032254556744705905	0.017228839941850017	0.05673882534041264	0.032254556744705905	0.03698383264113133	0.03698383264113133	0.05626006589919658	0.05626006589919658	0.05626006589919658	0.06450911348941181	0.06450911348941181	0.10149294613054315	0.05626006589919658	0.12901822697882362
UP000000522	0.04177395567638341	0.03198156873470381	0.03198156873470381	0.03198156873470381	0.03198156873470381	0.04177395567638341	0.03198156873470381	0.018113851748085382	0.06543405960468143	0.03198156873470381	0.04177395567638341	0.04177395567638341	0.04896930262751382	0.04896930262751382	0.04896930262751382	0.06396313746940761	0.06396313746940761	0.10573709314579102	0.04896930262751382	0.12792627493881523
UP000000568	0.037610341121525094	0.03223312571754527	0.03223312571754527	0.03223312571754527	0.03223312571754527	0.037610341121525094	0.03223312571754527	0.01735736939352103	0.057863312849529155	0.03223312571754527	0.037610341121525094	0.037610341121525094	0.055249400167149985	0.055249400167149985	0.055249400167149985	0.06446625143509054	0.06446625143509054	0.10207659255661564	0.055249400167149985	0.12893250287018107
UP000000569	0.030691159395313604	0.03219078024193652	0.03219078024193652	0.03219078024193652	0.03219078024193652	0.030691159395313604	0.03219078024193652	0.015711544096192742	0.045670774694434466	0.03219078024193652	0.030691159395313604	0.030691159395313604	0.0675273500904551	0.0675273500904551	0.0675273500904551	0.06438156048387304	0.06438156048387304	0.09507271987918665	0.0675273500904551	0.1287631209677461
UP000000570	0.027397778812615965	0.03191960596672275	0.03191960596672275	0.03191960596672275	0.03191960596672275	0.027397778812615965	0.03191960596672275	0.014743170274875969	0.04005238735035596	0.03191960596672275	0.027397778812615965	0.027397778812615965	0.07437546321103106	0.07437546321103106	0.07437546321103106	0.0638392119334455	0.0638392119334455	0.09123699074606145	0.07437546321103106	0.127678423866891
UP000000571	0.011586199387714722	0.026689836528976354	0.026689836528976354	0.026689836528976354	0.026689836528976354	0.011586199387714722	0.026689836528976354	0.00807904372133228	0.015093355054097167	0.026689836528976354	0.011586199387714722	0.011586199387714722	0.12296480495559381	0.12296480495559381	0.12296480495559381	0.05337967305795271	0.05337967305795271	0.06496587244566744	0.12296480495559381	0.10675934611590542
UP000000572	0.03511534907823594	0.032290545340503796	0.032290545340503796	0.032290545340503796	0.032290545340503796	0.03511534907823594	0.032290545340503796	0.01682187858103932	0.05340881957543256	0.032290545340503796	0.03511534907823594	0.03511534907823594	0.05938595775107196	0.05938595775107196	0.05938595775107196	0.06458109068100759	0.06458109068100759	0.09969643975924354	0.05938595775107196	0.12916218136201518
UP000000573	0.03291899661645881	0.03227557462483899	0.03227557462483899	0.03227557462483899	0.03227557462483899	0.03291899661645881	0.03227557462483899	0.016297055286043603	0.04954093794687401	0.03227557462483899	0.03291899661645881	0.03291899661645881	0.06328945742184111	0.06328945742184111	0.06328945742184111	0.06455114924967797	0.06455114924967797	0.09747014586613678	0.06328945742184111	0.12910229849935595
UP000000574	0.03291279910990415	0.03227543933764199	0.03227543933764199	0.03227543933764199	0.03227543933764199	0.03291279910990415	0.03227543933764199	0.016295501710150838	0.04953009650965747	0.03227543933764199	0.03291279910990415	0.03291279910990415	0.06330084420709979	0.06330084420709979	0.06330084420709979	0.06455087867528397	0.06455087867528397	0.09746367778518812	0.06330084420709979	0.12910175735056795
UP000000575	0.03290596045594149	0.03227528942608888	0.03227528942608888	0.03227528942608888	0.03227528942608888	0.03290596045594149	0.03227528942608888	0.016293786932302143	0.04951813397958084	0.03227528942608888	0.03290596045594149	0.03290596045594149	0.06331341149774687	0.06331341149774687	0.06331341149774687	0.06455057885217776	0.06455057885217776	0.09745653930811925	0.06331341149774687	0.1291011577043555
UP000000587	0.05589743529568735	0.029996364370181217	0.029996364370181217	0.029996364370181217	0.029996364370181217	0.05589743529568735	0.029996364370181217	0.019520848338420174	0.09227402225295454	0.029996364370181217	0.05589743529568735	0.05589743529568735	0.03219403075182227	0.03219403075182227	0.03219403075182227	0.05999272874036243	0.05999272874036243	0.11589016403604978	0.03219403075182227	0.11998545748072487
UP000000624	0.049363528737867056	0.03110407864805663	0.03110407864805663	0.03110407864805663	0.03110407864805663	0.049363528737867056	0.03110407864805663	0.019081057957202437	0.07964599951853167	0.03110407864805663	0.049363528737867056	0.049363528737867056	0.03919751011650613	0.03919751011650613	0.03919751011650613	0.06220815729611326	0.06220815729611326	0.11157168603398031	0.03919751011650613	0.12441631459222652
UP000000668	0.025953228513560724	0.0317386237966202	0.0317386237966202	0.0317386237966202	0.0317386237966202	0.025953228513560724	0.0317386237966202	0.014277921805506978	0.037628535221614474	0.0317386237966202	0.025953228513560724	0.025953228513560724	0.07762735491478792	0.07762735491478792	0.07762735491478792	0.0634772475932404	0.0634772475932404	0.08943047610680113	0.07762735491478792	0.1269544951864808
UP000000670	0.049002308466781316	0.031156545303291164	0.031156545303291164	0.031156545303291164	0.031156545303291164	0.049002308466781316	0.031156545303291164	0.019046463015681664	0.07895815391788097	0.031156545303291164	0.049002308466781316	0.049002308466781316	0.03961977896996804	0.03961977896996804	0.03961977896996804	0.06231309060658233	0.06231309060658233	0.11131539907336364	0.03961977896996804	0.12462618121316466
UP000000672	0.03075168981179043	0.03219407676356295	0.03219407676356295	0.03219407676356295	0.03219407676356295	0.03075168981179043	0.03219407676356295	0.015728178657176038	0.04577520096640482	0.03219407676356295	0.03075168981179043	0.03075168981179043	0.06740823577511491	0.06740823577511491	0.06740823577511491	0.0643881535271259	0.0643881535271259	0.09513984333891634	0.06740823577511491	0.1287763070542518
UP000000675	0.034577488416936766	0.03229280685884335	0.03229280685884335	0.03229280685884335	0.03229280685884335	0.034577488416936766	0.03229280685884335	0.016698059287865254	0.05245691754600828	0.03229280685884335	0.034577488416936766	0.034577488416936766	0.06031816783498727	0.06031816783498727	0.06031816783498727	0.0645856137176867	0.0645856137176867	0.09916310213462347	0.06031816783498727	0.1291712274353734
UP000000676	0.04171109514351876	0.031986691968434636	0.031986691968434636	0.031986691968434636	0.031986691968434636	0.04171109514351876	0.031986691968434636	0.018103663682534157	0.06531852660450338	0.031986691968434636	0.04171109514351876	0.04171109514351876	0.04905881562510362	0.04905881562510362	0.04905881562510362	0.06397338393686927	0.06397338393686927	0.10568447908038804	0.04905881562510362	0.12794676787373854
UP000000677	0.03244470664464481	0.03226364447202122	0.03226364447202122	0.03226364447202122	0.03226364447202122	0.03244470664464481	0.03226364447202122	0.016176961120436262	0.04871245216885336	0.03226364447202122	0.03244470664464481	0.03244470664464481	0.06416718548378672	0.06416718548378672	0.06416718548378672	0.06452728894404244	0.06452728894404244	0.09697199558868724	0.06416718548378672	0.1290545778880849
UP000000678	0.038805301948974615	0.0321798667557676	0.0321798667557676	0.0321798667557676	0.0321798667557676	0.038805301948974615	0.0321798667557676	0.017591695123377347	0.060018908774571875	0.0321798667557676	0.038805301948974615	0.038805301948974615	0.05337125456622403	0.05337125456622403	0.05337125456622403	0.0643597335115352	0.0643597335115352	0.1031650354605098	0.05337125456622403	0.1287194670230704
UP000000679	0.03456794920686289	0.03229281312728862	0.03229281312728862	0.03229281312728862	0.03229281312728862	0.03456794920686289	0.03229281312728862	0.016695836017422135	0.052440062396303645	0.03229281312728862	0.03456794920686289	0.03456794920686289	0.06033483637883547	0.06033483637883547	0.06033483637883547	0.06458562625457724	0.06458562625457724	0.09915357546144013	0.06033483637883547	0.12917125250915448
UP000000680	0.041037140000890183	0.032039178718260244	0.032039178718260244	0.032039178718260244	0.032039178718260244	0.041037140000890183	0.032039178718260244	0.017992097653794795	0.06408218234798556	0.032039178718260244	0.041037140000890183	0.041037140000890183	0.0500282901254012	0.0500282901254012	0.0500282901254012	0.06407835743652049	0.06407835743652049	0.10511549743741068	0.0500282901254012	0.12815671487304098
UP000000725	0.03675137991249346	0.03226133978283326	0.03226133978283326	0.03226133978283326	0.03226133978283326	0.03675137991249346	0.03226133978283326	0.01718014824048779	0.05632261158449913	0.03226133978283326	0.03675137991249346	0.03675137991249346	0.056639726021803415	0.056639726021803415	0.056639726021803415	0.06452267956566651	0.06452267956566651	0.10127405947815997	0.056639726021803415	0.12904535913133303
UP000000728	0.031961719866600215	0.03224816196967874	0.03224816196967874	0.03224816196967874	0.03224816196967874	0.031961719866600215	0.03224816196967874	0.01605215100248428	0.04787128873071615	0.03224816196967874	0.031961719866600215	0.031961719866600215	0.06507434235473468	0.06507434235473468	0.06507434235473468	0.06449632393935747	0.06449632393935747	0.09645804380595768	0.06507434235473468	0.12899264787871495
UP000000729	0.016697456669575637	0.029368069660870206	0.029368069660870206	0.029368069660870206	0.029368069660870206	0.016697456669575637	0.029368069660870206	0.01064509861699681	0.022749814722154465	0.029368069660870206	0.016697456669575637	0.016697456669575637	0.10330717218476182	0.10330717218476182	0.10330717218476182	0.05873613932174041	0.05873613932174041	0.07543359599131604	0.10330717218476182	0.11747227864348082
UP000000730	0.01586466859051448	0.02901900926124102	0.02901900926124102	0.02901900926124102	0.02901900926124102	0.01586466859051448	0.02901900926124102	0.010257113204386234	0.021472223976642727	0.02901900926124102	0.01586466859051448	0.01586466859051448	0.10616079292163558	0.10616079292163558	0.10616079292163558	0.05803801852248204	0.05803801852248204	0.07390268711299652	0.10616079292163558	0.11607603704496408
UP000000735	0.04858741701693909	0.03121558583172964	0.03121558583172964	0.03121558583172964	0.03121558583172964	0.04858741701693909	0.03121558583172964	0.01900535859672359	0.07816947543715459	0.03121558583172964	0.04858741701693909	0.04858741701693909	0.04010967689343805	0.04010967689343805	0.04010967689343805	0.06243117166345928	0.06243117166345928	0.11101858868039838	0.04010967689343805	0.12486234332691856
UP000000744	0.05305517623027122	0.030513678580519652	0.030513678580519652	0.030513678580519652	0.030513678580519652	0.05305517623027122	0.030513678580519652	0.019372152438713087	0.08673820002182936	0.030513678580519652	0.05305517623027122	0.05305517623027122	0.03509872727494676	0.03509872727494676	0.03509872727494676	0.061027357161039304	0.061027357161039304	0.11408253339131054	0.03509872727494676	0.12205471432207861
UP000000825	0.04035421864629298	0.03208772501278981	0.03208772501278981	0.03208772501278981	0.03208772501278981	0.04035421864629298	0.03208772501278981	0.017874659425512147	0.06283377786707381	0.03208772501278981	0.04035421864629298	0.04035421864629298	0.05102921731782805	0.05102921731782805	0.05102921731782805	0.06417545002557962	0.06417545002557962	0.10452966867187259	0.05102921731782805	0.12835090005115923
UP000000826	0.03553091623508991	0.03228626654663113	0.03228626654663113	0.03228626654663113	0.03228626654663113	0.03553091623508991	0.03228626654663113	0.016915486387932555	0.05414634608224727	0.03228626654663113	0.03553091623508991	0.03553091623508991	0.05867583040206814	0.05867583040206814	0.05867583040206814	0.06457253309326226	0.06457253309326226	0.10010344932835218	0.05867583040206814	0.12914506618652452
UP000000831	0.023998293437764294	0.031425315617503544	0.031425315617503544	0.031425315617503544	0.031425315617503544	0.023998293437764294	0.031425315617503544	0.013607088358521955	0.03438949851700663	0.031425315617503544	0.023998293437764294	0.023998293437764294	0.08230172401389832	0.08230172401389832	0.08230172401389832	0.06285063123500709	0.06285063123500709	0.08684892467277139	0.08230172401389832	0.12570126247001417
UP000000832	0.050447114546478974	0.030940865149960646	0.030940865149960646	0.030940865149960646	0.030940865149960646	0.050447114546478974	0.030940865149960646	0.019178229687098446	0.0817159994058595	0.030940865149960646	0.050447114546478974	0.050447114546478974	0.03795408894381919	0.03795408894381919	0.03795408894381919	0.06188173029992129	0.06188173029992129	0.11232884484640027	0.03795408894381919	0.12376346059984258
UP000000834	0.041227994937525846	0.032024771651947156	0.032024771651947156	0.032024771651947156	0.032024771651947156	0.041227994937525846	0.032024771651947156	0.018024126391584485	0.06443186348346722	0.032024771651947156	0.041227994937525846	0.041227994937525846	0.04975192225154111	0.04975192225154111	0.04975192225154111	0.06404954330389431	0.06404954330389431	0.10527753824142015	0.04975192225154111	0.12809908660778863
UP000000835	0.05289097487841771	0.03054195484810508	0.03054195484810508	0.03054195484810508	0.03054195484810508	0.05289097487841771	0.03054195484810508	0.0193615850708329	0.08642036468600253	0.03054195484810508	0.05289097487841771	0.05289097487841771	0.035272974570348684	0.035272974570348684	0.035272974570348684	0.06108390969621016	0.06108390969621016	0.11397488457462789	0.035272974570348684	0.12216781939242032
UP000000839	0.05907910351821493	0.029358334814435574	0.029358334814435574	0.029358334814435574	0.029358334814435574	0.05907910351821493	0.029358334814435574	0.01961232860567944	0.09854587843075042	0.029358334814435574	0.05907910351821493	0.05907910351821493	0.029178229585381577	0.029178229585381577	0.029178229585381577	0.05871666962887115	0.05871666962887115	0.11779577314708609	0.029178229585381577	0.1174333392577423
UP000000840	0.034875643445417194	0.03229201427683506	0.03229201427683506	0.03229201427683506	0.03229201427683506	0.034875643445417194	0.03229201427683506	0.01676706936410135	0.052984217526733025	0.03229201427683506	0.034875643445417194	0.034875643445417194	0.059799566863179665	0.059799566863179665	0.059799566863179665	0.06458402855367013	0.06458402855367013	0.09945967199908733	0.059799566863179665	0.12916805710734025
UP000000842	0.01866487495862025	0.030086089795732535	0.030086089795732535	0.030086089795732535	0.030086089795732535	0.01866487495862025	0.030086089795732535	0.011518810076082228	0.025810939841158273	0.030086089795732535	0.01866487495862025	0.01866487495862025	0.09699210963948443	0.09699210963948443	0.09699210963948443	0.06017217959146507	0.06017217959146507	0.07883705455008531	0.09699210963948443	0.12034435918293014
UP000000846	0.036802850644975606	0.032259892984071586	0.032259892984071586	0.032259892984071586	0.032259892984071586	0.036802850644975606	0.032259892984071586	0.017190976797746758	0.05641472449220444	0.032259892984071586	0.036802850644975606	0.036802850644975606	0.05655543943500637	0.05655543943500637	0.05655543943500637	0.06451978596814317	0.06451978596814317	0.10132263661311879	0.05655543943500637	0.12903957193628635
UP000000853	0.04010965046710558	0.03210395154776673	0.03210395154776673	0.03210395154776673	0.03210395154776673	0.04010965046710558	0.03210395154776673	0.0178315198143505	0.06238778111986066	0.03210395154776673	0.04010965046710558	0.04010965046710558	0.051392305491498314	0.051392305491498314	0.051392305491498314	0.06420790309553347	0.06420790309553347	0.10431755356263904	0.051392305491498314	0.12841580619106693
UP000000854	0.048547524665055665	0.031221193213696662	0.031221193213696662	0.031221193213696662	0.031221193213696662	0.048547524665055665	0.031221193213696662	0.019001328940980024	0.0780937203891313	0.031221193213696662	0.048547524665055665	0.048547524665055665	0.04015705898136591	0.04015705898136591	0.04015705898136591	0.062442386427393325	0.062442386427393325	0.11098991109244898	0.04015705898136591	0.12488477285478665
UP000000862	0.046207880628573374	0.03152808985867745	0.03152808985867745	0.03152808985867745	0.03152808985867745	0.046207880628573374	0.03152808985867745	0.01874095355734491	0.07367480769980184	0.03152808985867745	0.046207880628573374	0.046207880628573374	0.043023849465286736	0.043023849465286736	0.043023849465286736	0.0630561797173549	0.0630561797173549	0.10926406034592828	0.043023849465286736	0.1261123594347098
UP000000866	0.07218947402122333	0.02617260847292441	0.02617260847292441	0.02617260847292441	0.02617260847292441	0.07218947402122333	0.02617260847292441	0.01920848757483596	0.1251704604676107	0.02617260847292441	0.07218947402122333	0.07218947402122333	0.01897798657116151	0.01897798657116151	0.01897798657116151	0.05234521694584882	0.05234521694584882	0.12453469096707216	0.01897798657116151	0.10469043389169765
UP000000867	0.04243403588380003	0.03192546526197459	0.03192546526197459	0.03192546526197459	0.03192546526197459	0.04243403588380003	0.03192546526197459	0.018218604450799515	0.06664946731680055	0.03192546526197459	0.04243403588380003	0.04243403588380003	0.04803857615545158	0.04803857615545158	0.04803857615545158	0.06385093052394918	0.06385093052394918	0.10628496640774923	0.04803857615545158	0.12770186104789835
UP000000868	0.0484770096177586	0.031231075040604996	0.031231075040604996	0.031231075040604996	0.031231075040604996	0.0484770096177586	0.031231075040604996	0.018994172694093075	0.07795984654142414	0.031231075040604996	0.0484770096177586	0.0484770096177586	0.040240933006502486	0.040240933006502486	0.040240933006502486	0.06246215008120999	0.06246215008120999	0.1109391596989686	0.040240933006502486	0.12492430016241998
UP000000869	0.016572792542226916	0.029317634012331565	0.029317634012331565	0.029317634012331565	0.029317634012331565	0.016572792542226916	0.029317634012331565	0.010587721727486161	0.022557863356967675	0.029317634012331565	0.016572792542226916	0.016572792542226916	0.10372707700177665	0.10372707700177665	0.10372707700177665	0.05863526802466313	0.05863526802466313	0.07520806056689004	0.10372707700177665	0.11727053604932626
UP000000870	0.016302089812873496	0.029205942369836414	0.029205942369836414	0.029205942369836414	0.029205942369836414	0.016302089812873496	0.029205942369836414	0.010462282650920125	0.022141896974826866	0.029205942369836414	0.016302089812873496	0.016302089812873496	0.10464757334812572	0.10464757334812572	0.10464757334812572	0.05841188473967283	0.05841188473967283	0.07471397455254633	0.10464757334812572	0.11682376947934565
UP000000871	0.07004467652419816	0.026748229487540198	0.026748229487540198	0.026748229487540198	0.026748229487540198	0.07004467652419816	0.026748229487540198	0.019356491702217912	0.1207328613461784	0.026748229487540198	0.07004467652419816	0.07004467652419816	0.020428898132492455	0.020428898132492455	0.020428898132492455	0.053496458975080395	0.053496458975080395	0.12354113549927855	0.020428898132492455	0.10699291795016079
UP000000872	0.09113722773142384	0.020354488334161754	0.020354488334161754	0.020354488334161754	0.020354488334161754	0.09113722773142384	0.020354488334161754	0.01663847058893475	0.16563598487391293	0.020354488334161754	0.09113722773142384	0.09113722773142384	0.009091898133361278	0.009091898133361278	0.009091898133361278	0.04070897666832351	0.04070897666832351	0.13184620439974734	0.009091898133361278	0.08141795333664702
