Proteome_ID	M	W	C	D	E	F	H	K	N	Q	Y	I	A	G	P	T	V	L	R	S
UP000000226	0.018565919646477292	0.014881225909173163	0.033447145555650454	0.033447145555650454	0.033447145555650454	0.04172888850558008	0.033447145555650454	0.04172888850558008	0.04172888850558008	0.033447145555650454	0.04172888850558008	0.06489185736468286	0.053618085019028074	0.053618085019028074	0.053618085019028074	0.06689429111130091	0.06689429111130091	0.08546021075777821	0.08706523057467852	0.10034143666695138
UP000000267	0.02067446328501749	0.011103437252394292	0.03177790053741178	0.03177790053741178	0.03177790053741178	0.059170059054819896	0.03177790053741178	0.059170059054819896	0.059170059054819896	0.03177790053741178	0.059170059054819896	0.09766565482462229	0.034133309268123045	0.034133309268123045	0.034133309268123045	0.06355580107482356	0.06355580107482356	0.08423026435984104	0.06591120980553483	0.09533370161223534
UP000000304	0.015007514637663739	0.017743603923496533	0.032751118561160274	0.032751118561160274	0.032751118561160274	0.02770084889888685	0.032751118561160274	0.02770084889888685	0.02770084889888685	0.032751118561160274	0.02770084889888685	0.04039418316010996	0.07744425240702862	0.07744425240702862	0.07744425240702862	0.06550223712232055	0.06550223712232055	0.08050975175998427	0.11019537096818889	0.09825335568348083
UP000000305	0.017797575178843644	0.015693547821503118	0.03349112300034676	0.03349112300034676	0.03349112300034676	0.037981263778089455	0.03349112300034676	0.037981263778089455	0.037981263778089455	0.03349112300034676	0.037981263778089455	0.058164952377335266	0.05906361233147876	0.05906361233147876	0.05906361233147876	0.06698224600069352	0.06698224600069352	0.08477982117953717	0.09255473533182552	0.1004733690010403
UP000000311	0.018891761245763052	0.014487175967867885	0.03337893721363094	0.03337893721363094	0.03337893721363094	0.04352724878029048	0.03337893721363094	0.04352724878029048	0.04352724878029048	0.03337893721363094	0.04352724878029048	0.06816273631481792	0.05119337797504052	0.05119337797504052	0.05119337797504052	0.06675787442726187	0.06675787442726187	0.08564963567302493	0.08457231518867146	0.1001368116408928
UP000000314	0.019270527293153993	0.013980572914769967	0.03325110020792396	0.03325110020792396	0.03325110020792396	0.04583261630195792	0.03325110020792396	0.04583261630195792	0.04583261630195792	0.03325110020792396	0.04583261630195792	0.07239470531076185	0.048246674715367255	0.048246674715367255	0.048246674715367255	0.06650220041584792	0.06650220041584792	0.08577272770900192	0.08149777492329122	0.09975330062377188
UP000000437	0.01684016299309829	0.016531647060863054	0.033371810053961344	0.033371810053961344	0.033371810053961344	0.03399459948633129	0.033371810053961344	0.03399459948633129	0.03399459948633129	0.033371810053961344	0.03399459948633129	0.05114903597956428	0.0655208605546577	0.0655208605546577	0.0655208605546577	0.06674362010792269	0.06674362010792269	0.08358378310102098	0.09889267060861903	0.10011543016188403
UP000000539	0.01634917245255146	0.016901870586080114	0.03325104303863158	0.03325104303863158	0.03325104303863158	0.03216372022831092	0.03325104303863158	0.03216372022831092	0.03216372022831092	0.03325104303863158	0.03216372022831092	0.04797826800407038	0.06875024750300732	0.06875024750300732	0.06875024750300732	0.06650208607726316	0.06650208607726316	0.08285125852981462	0.1020012905416389	0.09975312911589472
UP000000542	0.01189005249822575	0.018891420742669977	0.03078147324089573	0.03078147324089573	0.03078147324089573	0.019373520805680517	0.03078147324089573	0.019373520805680517	0.019373520805680517	0.03078147324089573	0.019373520805680517	0.026856989113135287	0.0978138258278963	0.0978138258278963	0.0978138258278963	0.06156294648179146	0.06156294648179146	0.0734529989800172	0.12859529906879202	0.09234441972268717
UP000000559	0.020655018973559435	0.011171580610614249	0.031826599584173686	0.031826599584173686	0.031826599584173686	0.058843868310846065	0.031826599584173686	0.058843868310846065	0.058843868310846065	0.031826599584173686	0.058843868310846065	0.09703271764813272	0.034427799197036174	0.034427799197036174	0.034427799197036174	0.06365319916834737	0.06365319916834737	0.08430821814190681	0.06625439878120985	0.09547979875252105
UP000000560	0.015316894596860803	0.017569886834976414	0.03288678143183722	0.03288678143183722	0.03288678143183722	0.02866969887470683	0.03288678143183722	0.02866969887470683	0.02866969887470683	0.03288678143183722	0.02866969887470683	0.042022503152552855	0.07544832596059087	0.07544832596059087	0.07544832596059087	0.06577356286367445	0.06577356286367445	0.08109045746053525	0.10833510739242809	0.09866034429551164
UP000000561	0.014349223256599465	0.018075571470841035	0.0324247947274405	0.0324247947274405	0.0324247947274405	0.02574029923999988	0.0324247947274405	0.02574029923999988	0.02574029923999988	0.0324247947274405	0.02574029923999988	0.03713137522340029	0.08169037223023816	0.08169037223023816	0.08169037223023816	0.064849589454881	0.064849589454881	0.07919881271148047	0.11411516695767865	0.09727438418232151
UP000000589	0.01665343893533011	0.016676768541334187	0.0333302074766643	0.0333302074766643	0.0333302074766643	0.03328358090110577	0.0333302074766643	0.03328358090110577	0.03328358090110577	0.0333302074766643	0.03328358090110577	0.049913722866881435	0.06675379874168416	0.06675379874168416	0.06675379874168416	0.0666604149533286	0.0666604149533286	0.08331385388865871	0.10008400621834844	0.09999062242999289
UP000000591	0.014698260236952409	0.01790582056313678	0.03260408080008919	0.03260408080008919	0.03260408080008919	0.026763546674477733	0.03260408080008919	0.026763546674477733	0.026763546674477733	0.03260408080008919	0.026763546674477733	0.03882883311200305	0.07943835678792663	0.07943835678792663	0.07943835678792663	0.06520816160017838	0.06520816160017838	0.0799064218371308	0.11204243758801583	0.09781224240026758
UP000000598	0.01967035533462387	0.013371523766421901	0.03304187910104577	0.03304187910104577	0.03304187910104577	0.048606689424085914	0.03304187910104577	0.048606689424085914	0.048606689424085914	0.03304187910104577	0.048606689424085914	0.07754302351354796	0.044922449459688006	0.044922449459688006	0.044922449459688006	0.06608375820209154	0.06608375820209154	0.08575411353671543	0.07796432856073379	0.09912563730313732
UP000000599	0.020199014182866026	0.012383451905067915	0.03258246608793394	0.03258246608793394	0.03258246608793394	0.05314622285193262	0.03258246608793394	0.05314622285193262	0.05314622285193262	0.03258246608793394	0.05314622285193262	0.08609343152099921	0.039950801370365316	0.039950801370365316	0.039950801370365316	0.06516493217586788	0.06516493217586788	0.0853639463587339	0.07253326745829926	0.09774739826380181
UP000000600	0.020944329188644195	0.00915826651349884	0.030102595702143038	0.030102595702143038	0.030102595702143038	0.06884257767439447	0.030102595702143038	0.06884257767439447	0.06884257767439447	0.030102595702143038	0.06884257767439447	0.11674082616014475	0.026325750679836116	0.026325750679836116	0.026325750679836116	0.060205191404286075	0.060205191404286075	0.08114952059293026	0.05642834638197916	0.09030778710642912
UP000000673	0.015066569224532528	0.017711338744856395	0.032777907969388925	0.032777907969388925	0.032777907969388925	0.027883302700625907	0.032777907969388925	0.027883302700625907	0.027883302700625907	0.032777907969388925	0.027883302700625907	0.040700036176719294	0.07706341407150544	0.07706341407150544	0.07706341407150544	0.06555581593877785	0.06555581593877785	0.08062238516331038	0.10984132204089436	0.09833372390816679
UP000000715	0.015024380128600053	0.01773443185673655	0.0327588119853366	0.0327588119853366	0.0327588119853366	0.027752839662697062	0.0327588119853366	0.027752839662697062	0.027752839662697062	0.0327588119853366	0.027752839662697062	0.04048129919679407	0.07733549256460799	0.07733549256460799	0.07733549256460799	0.0655176239706732	0.0655176239706732	0.08054200409927326	0.1100943045499446	0.09827643595600981
UP000000724	0.015595564943353589	0.017403303649717265	0.03299886859307085	0.03299886859307085	0.03299886859307085	0.02957116697833336	0.03299886859307085	0.02957116697833336	0.02957116697833336	0.03299886859307085	0.02957116697833336	0.04354676901331313	0.07364777516021656	0.07364777516021656	0.07364777516021656	0.0659977371861417	0.0659977371861417	0.0815933021294953	0.10664664375328742	0.09899660577921257
UP000000741	0.016809187476161915	0.016556100820871205	0.03336528829703312	0.03336528829703312	0.03336528829703312	0.03387533044459369	0.03336528829703312	0.03387533044459369	0.03387533044459369	0.03336528829703312	0.03387533044459369	0.05094147341302546	0.06572585114497696	0.06572585114497696	0.06572585114497696	0.06673057659406624	0.06673057659406624	0.08353976407022816	0.09909113944201008	0.10009586489109937
UP000000759	0.01630870746186927	0.01693078353424092	0.03323949099611019	0.03323949099611019	0.03323949099611019	0.03201819536235085	0.03323949099611019	0.03201819536235085	0.03201819536235085	0.03323949099611019	0.03201819536235085	0.04772768326283242	0.06901474297203294	0.06901474297203294	0.06901474297203294	0.06647898199222038	0.06647898199222038	0.08278768945408967	0.10225423396814315	0.09971847298833057
UP000000768	0.013998301419921729	0.01823233439667043	0.032230635816592156	0.032230635816592156	0.032230635816592156	0.02474582493390287	0.032230635816592156	0.02474582493390287	0.02474582493390287	0.032230635816592156	0.02474582493390287	0.035493348447884016	0.08395871933277702	0.08395871933277702	0.08395871933277702	0.06446127163318431	0.06446127163318431	0.07845957305310605	0.11618935514936918	0.09669190744977647
UP000000803	0.015444217427427713	0.017494985273268808	0.03293920270069652	0.03293920270069652	0.03293920270069652	0.029078058680790223	0.03293920270069652	0.029078058680790223	0.029078058680790223	0.03293920270069652	0.029078058680790223	0.04271189993415274	0.07462610117602854	0.07462610117602854	0.07462610117602854	0.06587840540139304	0.06587840540139304	0.08132262282882075	0.10756530387672505	0.09881760810208957
UP000000819	0.01764267995876453	0.015840835912306086	0.03348351587107062	0.03348351587107062	0.03348351587107062	0.03729215791879968	0.03348351587107062	0.03729215791879968	0.03729215791879968	0.03348351587107062	0.03729215791879968	0.05694163587883482	0.06012769963751802	0.06012769963751802	0.06012769963751802	0.06696703174214123	0.06696703174214123	0.08460971170090577	0.09361121550858865	0.10045054761321187
UP000001038	0.01570926424603628	0.01733250483138984	0.03304176907742612	0.03304176907742612	0.03304176907742612	0.02994730921140469	0.03304176907742612	0.02994730921140469	0.02994730921140469	0.03304176907742612	0.02994730921140469	0.04418535417677309	0.07291195987318846	0.07291195987318846	0.07291195987318846	0.06608353815485224	0.06608353815485224	0.08179280240088851	0.1059537289506146	0.09912530723227836
UP000001055	0.014930240656568797	0.017785194790398137	0.03271543544696694	0.03271543544696694	0.03271543544696694	0.02746381640258231	0.03271543544696694	0.02746381640258231	0.02746381640258231	0.03271543544696694	0.02746381640258231	0.03999739214859582	0.0779425336082588	0.0779425336082588	0.0779425336082588	0.06543087089393387	0.06543087089393387	0.08036111155050267	0.11065796905522574	0.09814630634090078
UP000001056	0.012545478679589354	0.01873785039477163	0.03128332907436098	0.03128332907436098	0.03128332907436098	0.020945003277349345	0.03128332907436098	0.020945003277349345	0.020945003277349345	0.03128332907436098	0.020945003277349345	0.029344527875109334	0.09344917878653204	0.09344917878653204	0.09344917878653204	0.06256665814872196	0.06256665814872196	0.07511213682831132	0.12473250786089303	0.09384998722308296
UP000001064	0.020942527747666317	0.00904978243794941	0.02999231018561573	0.02999231018561573	0.02999231018561573	0.06940661751656398	0.02999231018561573	0.06940661751656398	0.06940661751656398	0.02999231018561573	0.06940661751656398	0.11787070728546163	0.02592083298269111	0.02592083298269111	0.02592083298269111	0.05998462037123146	0.05998462037123146	0.08092714811889778	0.05591314316830683	0.08997693055684718
UP000001067	0.015193149978316459	0.01764076502380102	0.03283391500211748	0.03283391500211748	0.03283391500211748	0.028278285795962567	0.03283391500211748	0.028278285795962567	0.028278285795962567	0.03283391500211748	0.028278285795962567	0.041363421613608675	0.07624691129758623	0.07624691129758623	0.07624691129758623	0.06566783000423496	0.06566783000423496	0.0808609799825514	0.10908082629970371	0.09850174500635243
UP000001070	0.01619183337252003	0.017012981850762762	0.033204815223282794	0.033204815223282794	0.033204815223282794	0.031602151814239816	0.033204815223282794	0.031602151814239816	0.031602151814239816	0.033204815223282794	0.031602151814239816	0.0470124702559596	0.0697775113855091	0.0697775113855091	0.0697775113855091	0.06640963044656559	0.06640963044656559	0.08260146381908562	0.10298232660879189	0.09961444566984838
UP000001072	0.01885523897210965	0.014533097960721346	0.033388336932831	0.033388336932831	0.033388336932831	0.04331802300179333	0.033388336932831	0.04331802300179333	0.04331802300179333	0.033388336932831	0.04331802300179333	0.06778080703147701	0.05146961776598601	0.05146961776598601	0.05146961776598601	0.066776673865662	0.066776673865662	0.08563191283777165	0.08485795469881702	0.10016501079849299
UP000001073	0.01585006380765572	0.01724250124618376	0.033092565053839486	0.033092565053839486	0.033092565053839486	0.030420138016718674	0.033092565053839486	0.030420138016718674	0.030420138016718674	0.033092565053839486	0.030420138016718674	0.04499021222578163	0.07199953275956407	0.07199953275956407	0.07199953275956407	0.06618513010767897	0.06618513010767897	0.08203519391533468	0.10509209781340356	0.09927769516151845
UP000001074	0.01523939921410297	0.017614494050434436	0.0328538932645374	0.0328538932645374	0.0328538932645374	0.028423955508586736	0.0328538932645374	0.028423955508586736	0.028423955508586736	0.0328538932645374	0.028423955508586736	0.04160851180307051	0.07594849367897029	0.07594849367897029	0.07594849367897029	0.0657077865290748	0.0657077865290748	0.08094718574317779	0.10880238694350769	0.09856167979361222
UP000001075	0.016267761167304582	0.0169598017557663	0.03322756292307088	0.03322756292307088	0.03322756292307088	0.03187172029415498	0.03322756292307088	0.03187172029415498	0.03187172029415498	0.03322756292307088	0.03187172029415498	0.04747567942100537	0.069282167866484	0.069282167866484	0.069282167866484	0.06645512584614176	0.06645512584614176	0.08272288701344635	0.10250973078955487	0.09968268876921264
UP000001194	0.01651609873697065	0.016780081194095107	0.033296179931065754	0.033296179931065754	0.033296179931065754	0.032772367960826075	0.033296179931065754	0.032772367960826075	0.032772367960826075	0.033296179931065754	0.032772367960826075	0.049028637184681506	0.06765672833449787	0.06765672833449787	0.06765672833449787	0.06659235986213151	0.06659235986213151	0.08310845859910217	0.10095290826556362	0.09988853979319726
UP000001197	0.014298984616589166	0.018098861645129173	0.03239784626171834	0.03239784626171834	0.03239784626171834	0.0255958808012439	0.03239784626171834	0.0255958808012439	0.0255958808012439	0.03239784626171834	0.0255958808012439	0.03689277698589863	0.08201479375126079	0.08201479375126079	0.08201479375126079	0.06479569252343668	0.06479569252343668	0.07909467714002587	0.11441264001297913	0.09719353878515503
UP000001261	0.016314597581710607	0.016926589560509908	0.03324118714222052	0.03324118714222052	0.03324118714222052	0.03203933015714499	0.03324118714222052	0.03203933015714499	0.03203933015714499	0.03324118714222052	0.03203933015714499	0.04776406273257937	0.06897625619540047	0.06897625619540047	0.06897625619540047	0.06648237428444104	0.06648237428444104	0.08279697186615163	0.10221744333762098	0.09972356142666154
UP000001292	0.015031982460994471	0.017730286309577105	0.032762268770571576	0.032762268770571576	0.032762268770571576	0.027776305522804908	0.032762268770571576	0.027776305522804908	0.027776305522804908	0.032762268770571576	0.027776305522804908	0.040520628584615345	0.07728646663350633	0.07728646663350633	0.07728646663350633	0.06552453754114315	0.06552453754114315	0.08055652000213763	0.1100487354040779	0.09828680631171471
UP000001294	0.01666003438883121	0.016671735025855575	0.03333176941468678	0.03333176941468678	0.03333176941468678	0.03330837635243524	0.03333176941468678	0.03330837635243524	0.03330837635243524	0.03333176941468678	0.03330837635243524	0.049956718316039275	0.06671035781259999	0.06671035781259999	0.06671035781259999	0.06666353882937356	0.06666353882937356	0.08332357321820477	0.10004212722728677	0.09999530824406036
UP000001300	0.015196481882109822	0.017638881122059243	0.03283536300416907	0.03283536300416907	0.03283536300416907	0.028288755705787132	0.03283536300416907	0.028288755705787132	0.028288755705787132	0.03283536300416907	0.028288755705787132	0.04138102952946445	0.07622541442464302	0.07622541442464302	0.07622541442464302	0.06567072600833813	0.06567072600833813	0.08086720789044795	0.10906077742881211	0.09850608901250721
UP000001307	0.01833459901037531	0.015141513423294296	0.0334761124336696	0.0334761124336696	0.0334761124336696	0.04053565061424585	0.0334761124336696	0.04053565061424585	0.04053565061424585	0.0334761124336696	0.04053565061424585	0.06273670221811639	0.05529207434395279	0.05529207434395279	0.05529207434395279	0.0669522248673392	0.0669522248673392	0.08528682387771452	0.0887681867776224	0.10042833730100882
UP000001312	0.01826122729420351	0.015221047092171588	0.0334822743863751	0.0334822743863751	0.0334822743863751	0.040169866054152764	0.0334822743863751	0.040169866054152764	0.040169866054152764	0.0334822743863751	0.040169866054152764	0.06207850481410202	0.05581610337327049	0.05581610337327049	0.05581610337327049	0.0669645487727502	0.0669645487727502	0.08522577606695371	0.08929837775964558	0.10044682315912529
UP000001357	0.013759688286771831	0.018331110199978833	0.032090798486750664	0.032090798486750664	0.032090798486750664	0.02408797826395742	0.032090798486750664	0.02408797826395742	0.02408797826395742	0.032090798486750664	0.02408797826395742	0.03441626824114301	0.08550483865706125	0.08550483865706125	0.08550483865706125	0.06418159697350133	0.06418159697350133	0.07794128526027315	0.11759563714381192	0.09627239546025199
UP000001396	0.02033200038400284	0.012081955125777788	0.03241395550978063	0.03241395550978063	0.03241395550978063	0.054547508992629556	0.03241395550978063	0.054547508992629556	0.054547508992629556	0.03241395550978063	0.054547508992629556	0.08876301760125627	0.0385229144719332	0.0385229144719332	0.0385229144719332	0.06482791101956126	0.06482791101956126	0.0851599114035641	0.07093686998171383	0.09724186652934189
UP000001449	0.017407666550720294	0.01605518944885627	0.03346285599957656	0.03346285599957656	0.03346285599957656	0.036281741858667095	0.03346285599957656	0.036281741858667095	0.036281741858667095	0.03346285599957656	0.036281741858667095	0.05515581716661389	0.06172596321369311	0.06172596321369311	0.06172596321369311	0.06692571199915312	0.06692571199915312	0.08433337854987343	0.09518881921326967	0.10038856799872968
UP000001450	0.02043547883478871	0.006774508703453148	0.027209987538241855	0.027209987538241855	0.027209987538241855	0.08207962359678908	0.027209987538241855	0.08207962359678908	0.08207962359678908	0.027209987538241855	0.08207962359678908	0.14372376835878944	0.01804061445184894	0.01804061445184894	0.01804061445184894	0.05441997507648371	0.05441997507648371	0.07485545391127243	0.0452506019900908	0.08162996261472558
UP000001460	0.02094422054634048	0.009146157280711855	0.030090377827052334	0.030090377827052334	0.030090377827052334	0.06890538727795055	0.030090377827052334	0.06890538727795055	0.06890538727795055	0.030090377827052334	0.06890538727795055	0.11686655400956061	0.02628040777486486	0.02628040777486486	0.02628040777486486	0.06018075565410467	0.06018075565410467	0.08112497620044515	0.05637078560191719	0.09027113348115699
UP000001471	0.015187537402088168	0.01764393539153907	0.03283147279362724	0.03283147279362724	0.03283147279362724	0.028260657838158103	0.03283147279362724	0.028260657838158103	0.028260657838158103	0.03283147279362724	0.028260657838158103	0.04133377827422803	0.07628312206825391	0.07628312206825391	0.07628312206825391	0.06566294558725448	0.06566294558725448	0.08085048298934264	0.10911459486188113	0.0984944183808817
UP000001514	0.015498848854327108	0.017462225365032277	0.032961074219359385	0.032961074219359385	0.032961074219359385	0.029255074695410378	0.032961074219359385	0.029255074695410378	0.029255074695410378	0.032961074219359385	0.029255074695410378	0.04301130053649365	0.07427309107944685	0.07427309107944685	0.07427309107944685	0.06592214843871877	0.06592214843871877	0.0814209972930459	0.10723416529880625	0.09888322265807817
UP000001519	0.01580942767266685	0.017268744523525337	0.03307817219619219	0.03307817219619219	0.03307817219619219	0.030282859889860875	0.03307817219619219	0.030282859889860875	0.030282859889860875	0.03307817219619219	0.030282859889860875	0.044756292107054896	0.07226302138043995	0.07226302138043995	0.07226302138043995	0.06615634439238438	0.06615634439238438	0.0819657720650512	0.10534119357663213	0.09923451658857654
UP000001529	0.014229971424493691	0.01813039155699121	0.0323603629814849	0.0323603629814849	0.0323603629814849	0.02539862633773105	0.0323603629814849	0.02539862633773105	0.02539862633773105	0.0323603629814849	0.02539862633773105	0.036567281250968406	0.0824606085674638	0.0824606085674638	0.0824606085674638	0.0647207259629698	0.0647207259629698	0.07895069738746349	0.11482097154894871	0.0970810889444547
UP000001542	0.020581060615914356	0.011412259422363185	0.03199332003827754	0.03199332003827754	0.03199332003827754	0.057697291539118206	0.03199332003827754	0.057697291539118206	0.057697291539118206	0.03199332003827754	0.057697291539118206	0.09481352246232205	0.035480782538212526	0.035480782538212526	0.035480782538212526	0.06398664007655508	0.06398664007655508	0.08456770069246944	0.06747410257649007	0.09597996011483263
UP000001548	0.01672558871355319	0.016621340360931214	0.0333469290744844	0.0333469290744844	0.0333469290744844	0.033556079621042484	0.0333469290744844	0.033556079621042484	0.033556079621042484	0.0333469290744844	0.033556079621042484	0.05038657052853178	0.06627816427049865	0.06627816427049865	0.06627816427049865	0.0666938581489688	0.0666938581489688	0.08341944686252199	0.09962509334498304	0.1000407872234532
UP000001554	0.015462583262389253	0.017484014021131165	0.032946597283520423	0.032946597283520423	0.032946597283520423	0.029137445388292067	0.032946597283520423	0.029137445388292067	0.029137445388292067	0.032946597283520423	0.029137445388292067	0.04281230751419488	0.0745074427834802	0.0745074427834802	0.0745074427834802	0.06589319456704085	0.06589319456704085	0.0813557778294301	0.10745404006700063	0.09883979185056126
UP000001555	0.013852892206383364	0.018293274602690902	0.03214616680907426	0.03214616680907426	0.03214616680907426	0.024343229592640517	0.03214616680907426	0.024343229592640517	0.024343229592640517	0.03214616680907426	0.024343229592640517	0.034833566978897675	0.08490048837474218	0.08490048837474218	0.08490048837474218	0.06429233361814853	0.06429233361814853	0.07814522582453189	0.11704665518381643	0.09643850042722278
UP000001568	0.012438584129734784	0.018766054431772747	0.031204638561507535	0.031204638561507535	0.031204638561507535	0.020683171489054006	0.031204638561507535	0.020683171489054006	0.020683171489054006	0.031204638561507535	0.020683171489054006	0.028927758848373227	0.09415668852038887	0.09415668852038887	0.09415668852038887	0.06240927712301507	0.06240927712301507	0.07484786125274984	0.12536132708189643	0.0936139156845226
UP000001593	0.017722580239473477	0.01576547706666648	0.03348805730613996	0.03348805730613996	0.03348805730613996	0.03764521556578831	0.03348805730613996	0.03764521556578831	0.03764521556578831	0.03348805730613996	0.03764521556578831	0.057567850892103124	0.0595799474267577	0.0595799474267577	0.0595799474267577	0.06697611461227992	0.06697611461227992	0.08469869485175338	0.09306800473289767	0.10046417191841987
UP000001595	0.01586211066598702	0.017234679244369274	0.0330967899103563	0.0330967899103563	0.0330967899103563	0.0304609640135027	0.0330967899103563	0.0304609640135027	0.0304609640135027	0.0330967899103563	0.0304609640135027	0.04505981736101837	0.07192139433832073	0.07192139433832073	0.07192139433832073	0.0661935798207126	0.0661935798207126	0.08205569048669961	0.10501818424867702	0.09929036973106888
UP000001610	0.01281392171559371	0.01866160951005557	0.031475531225649285	0.031475531225649285	0.031475531225649285	0.021612551311014663	0.031475531225649285	0.021612551311014663	0.021612551311014663	0.031475531225649285	0.021612551311014663	0.03041118090643562	0.09167904813088087	0.09167904813088087	0.09167904813088087	0.06295106245129857	0.06295106245129857	0.07576498416689227	0.12315457935653014	0.09442659367694783
UP000001611	0.012514704574767355	0.018746095994072166	0.03126080056883952	0.03126080056883952	0.03126080056883952	0.020869395100369496	0.03126080056883952	0.020869395100369496	0.020869395100369496	0.03126080056883952	0.020869395100369496	0.029224085625971636	0.09365270507408767	0.09365270507408767	0.09365270507408767	0.06252160113767904	0.06252160113767904	0.0750363057124464	0.12491350564292719	0.09378240170651857
UP000001628	0.016320657057839232	0.016922269809973644	0.033242926867812876	0.033242926867812876	0.033242926867812876	0.032061089623369426	0.033242926867812876	0.032061089623369426	0.032061089623369426	0.033242926867812876	0.032061089623369426	0.047801522188899624	0.06893665809369436	0.06893665809369436	0.06893665809369436	0.06648585373562575	0.06648585373562575	0.08280651079346499	0.10217958496150722	0.09972878060343864
UP000001631	0.01616932660787999	0.017028589902506032	0.03319791651038602	0.03319791651038602	0.03319791651038602	0.03152274837968623	0.03319791651038602	0.03152274837968623	0.03152274837968623	0.03319791651038602	0.03152274837968623	0.046876170151492466	0.06992421138892654	0.06992421138892654	0.06992421138892654	0.06639583302077204	0.06639583302077204	0.08256515962865203	0.10312212789931256	0.09959374953115807
UP000001640	0.02015045830126976	0.012486725474816602	0.032637183776086355	0.032637183776086355	0.032637183776086355	0.05266826856066244	0.032637183776086355	0.05266826856066244	0.05266826856066244	0.032637183776086355	0.05266826856066244	0.08518607882005513	0.04044886205466092	0.04044886205466092	0.04044886205466092	0.06527436755217271	0.06527436755217271	0.08542482585344248	0.07308604583074726	0.09791155132825909
UP000001645	0.016653653805903598	0.01667660466173089	0.03333025846763449	0.03333025846763449	0.03333025846763449	0.033284388341652996	0.03333025846763449	0.033284388341652996	0.033284388341652996	0.03333025846763449	0.033284388341652996	0.04991512287740239	0.06675238361698252	0.06675238361698252	0.06675238361698252	0.06666051693526898	0.06666051693526898	0.08331417074117257	0.10008264208461702	0.09999077540290348
UP000001646	0.01719111689639258	0.016243573680895698	0.03343469057728828	0.03343469057728828	0.03343469057728828	0.03538505044520376	0.03343469057728828	0.03538505044520376	0.03538505044520376	0.03343469057728828	0.03538505044520376	0.053578983994014936	0.06318366202304125	0.06318366202304125	0.06318366202304125	0.06686938115457657	0.06686938115457657	0.08406049805096914	0.09661835260032954	0.10030407173186484
UP000001742	0.02073814913894345	0.010861509281691014	0.03159965842063447	0.03159965842063447	0.03159965842063447	0.060334011790740945	0.03159965842063447	0.060334011790740945	0.060334011790740945	0.03159965842063447	0.060334011790740945	0.09992987444253842	0.03310034863135071	0.03310034863135071	0.03310034863135071	0.06319931684126893	0.06319931684126893	0.0839374659802124	0.06470000705198517	0.0947989752619034
UP000001743	0.013938137772641475	0.018257832064868532	0.03219596983751001	0.03219596983751001	0.03219596983751001	0.024578595187240548	0.03219596983751001	0.024578595187240548	0.024578595187240548	0.03219596983751001	0.024578595187240548	0.03521905260183962	0.08434822786909911	0.08434822786909911	0.08434822786909911	0.06439193967502002	0.06439193967502002	0.07833007744766149	0.11654419770660912	0.09658790951253005
UP000001744	0.018078273264618836	0.015413477733123005	0.03349175099774184	0.03349175099774184	0.03349175099774184	0.03928205153510606	0.03349175099774184	0.03928205153510606	0.03928205153510606	0.03349175099774184	0.03928205153510606	0.06048582980559327	0.057109918706373546	0.057109918706373546	0.057109918706373546	0.06698350199548368	0.06698350199548368	0.08506177526010252	0.09060166970411539	0.10047525299322553
UP000001745	0.017081737808957494	0.01633557563688817	0.03341731344584566	0.03341731344584566	0.03341731344584566	0.03494372033469549	0.03341731344584566	0.03494372033469549	0.03494372033469549	0.03341731344584566	0.03494372033469549	0.05280570286043349	0.06391516571457409	0.06391516571457409	0.06391516571457409	0.06683462689169133	0.06683462689169133	0.08391636470064882	0.09733247916041976	0.100251940337537
UP000001798	0.017915523984468183	0.015577998652893022	0.03349352263736121	0.03349352263736121	0.03349352263736121	0.03851932597404195	0.03349352263736121	0.03851932597404195	0.03851932597404195	0.03349352263736121	0.03851932597404195	0.05912312796361572	0.058246920489492246	0.058246920489492246	0.058246920489492246	0.06698704527472242	0.06698704527472242	0.08490256925919061	0.09174044312685345	0.10048056791208364
UP000001805	0.01419850157411792	0.018144591404712737	0.03234309297883065	0.03234309297883065	0.03234309297883065	0.025309109823905662	0.03234309297883065	0.025309109823905662	0.025309109823905662	0.03234309297883065	0.025309109823905662	0.036419718073693395	0.0826639633488189	0.0826639633488189	0.0826639633488189	0.0646861859576613	0.0646861859576613	0.07888468753177923	0.11500705632764954	0.09702927893649196
UP000001811	0.015235869310027317	0.017616508353362346	0.03285237766338966	0.03285237766338966	0.03285237766338966	0.0284128115834902	0.03285237766338966	0.0284128115834902	0.0284128115834902	0.03285237766338966	0.0284128115834902	0.04158975385695308	0.07597127197120607	0.07597127197120607	0.07597127197120607	0.06570475532677932	0.06570475532677932	0.08094062463680664	0.10882364963459572	0.09855713299016898
UP000001819	0.014919011836104765	0.017791179409477487	0.032710191245582255	0.032710191245582255	0.032710191245582255	0.027429532304875135	0.032710191245582255	0.027429532304875135	0.027429532304875135	0.032710191245582255	0.027429532304875135	0.039940052773645505	0.07801493656035827	0.07801493656035827	0.07801493656035827	0.06542038249116451	0.06542038249116451	0.08033939432726928	0.11072512780594052	0.09813057373674675
UP000001861	0.01515400959637615	0.017662794435338233	0.032816804031714386	0.032816804031714386	0.032816804031714386	0.02815557668632699	0.032816804031714386	0.02815557668632699	0.02815557668632699	0.032816804031714386	0.02815557668632699	0.041157143776277834	0.07649941884365197	0.07649941884365197	0.07649941884365197	0.06563360806342877	0.06563360806342877	0.08078761765980493	0.10931622287536635	0.09845041209514314
UP000001876	0.009461495624552164	0.019042802100417255	0.02850429772496942	0.02850429772496942	0.02850429772496942	0.01416247917630888	0.02850429772496942	0.01416247917630888	0.01416247917630888	0.02850429772496942	0.01416247917630888	0.018863462728065595	0.114739090335659	0.114739090335659	0.114739090335659	0.05700859544993884	0.05700859544993884	0.066470091074491	0.14324338806062842	0.08551289317490827
UP000001881	0.014047406750892246	0.0182112258576454	0.032258632608537646	0.032258632608537646	0.032258632608537646	0.024883011007712254	0.032258632608537646	0.024883011007712254	0.024883011007712254	0.032258632608537646	0.024883011007712254	0.035718615264532266	0.08364095305428097	0.08364095305428097	0.08364095305428097	0.06451726521707529	0.06451726521707529	0.07856467196796754	0.11589958566281862	0.09677589782561297
UP000001926	0.02088501520307305	0.008350427256887574	0.029235442459960626	0.029235442459960626	0.029235442459960626	0.07311993044921458	0.029235442459960626	0.07311993044921458	0.07311993044921458	0.029235442459960626	0.07311993044921458	0.1253548456953561	0.023378334486335646	0.023378334486335646	0.023378334486335646	0.05847088491992125	0.05847088491992125	0.0793559001229943	0.05261377694629627	0.08770632737988188
UP000001940	0.019079060336231336	0.014243940363196074	0.03332300069942741	0.03332300069942741	0.03332300069942741	0.04463452701412458	0.03332300069942741	0.04463452701412458	0.04463452701412458	0.03332300069942741	0.04463452701412458	0.07018999369201781	0.04975620668110349	0.04975620668110349	0.04975620668110349	0.06664600139885482	0.06664600139885482	0.08572506173508615	0.08307920738053089	0.09996900209828222
UP000001949	0.02020535687337676	0.012369715197095376	0.03257507207047213	0.03257507207047213	0.03257507207047213	0.05320987151865971	0.03257507207047213	0.05320987151865971	0.05320987151865971	0.03257507207047213	0.05320987151865971	0.08621438616394266	0.03988490444012192	0.03988490444012192	0.03988490444012192	0.06515014414094426	0.06515014414094426	0.08535550101432103	0.07245997651059405	0.0977252162114164
UP000001950	0.020553601630023677	0.011495399746150567	0.032049001376174245	0.032049001376174245	0.032049001376174245	0.057303131815537846	0.032049001376174245	0.057303131815537846	0.057303131815537846	0.032049001376174245	0.057303131815537846	0.094052662001052	0.03584929677199627	0.03584929677199627	0.03584929677199627	0.06409800275234849	0.06409800275234849	0.08465160438237217	0.06789829814817051	0.09614700412852274
UP000001996	0.01965704996222682	0.013393316712018717	0.03305036667424553	0.03305036667424553	0.03305036667424553	0.048507231102999745	0.03305036667424553	0.048507231102999745	0.048507231102999745	0.03305036667424553	0.048507231102999745	0.07735741224377268	0.04503768664851822	0.04503768664851822	0.04503768664851822	0.06610073334849106	0.06610073334849106	0.08575778331071789	0.07808805332276376	0.09915110002273661
UP000001997	0.018482144040816117	0.01497722571119888	0.033459369752014995	0.033459369752014995	0.033459369752014995	0.04128941522255833	0.033459369752014995	0.04128941522255833	0.04128941522255833	0.033459369752014995	0.04128941522255833	0.06409668640430054	0.05422839815810252	0.05422839815810252	0.05422839815810252	0.06691873950402999	0.06691873950402999	0.08540088354484611	0.08768776791011751	0.10037810925604498
UP000002009	0.010351620148316148	0.019066521988852118	0.029418142137168268	0.029418142137168268	0.029418142137168268	0.015971734805707634	0.029418142137168268	0.015971734805707634	0.015971734805707634	0.029418142137168268	0.015971734805707634	0.021591849463099118	0.1083698292427655	0.1083698292427655	0.1083698292427655	0.058836284274336535	0.058836284274336535	0.06918790442265269	0.13778797137993376	0.0882544264115048
UP000002035	0.01625518779620649	0.016968664483008544	0.03322385227921503	0.03322385227921503	0.03322385227921503	0.031826898260193005	0.03322385227921503	0.031826898260193005	0.031826898260193005	0.03322385227921503	0.031826898260193005	0.047398608724179524	0.06936424349285039	0.06936424349285039	0.06936424349285039	0.06644770455843006	0.06644770455843006	0.08270289235463656	0.10258809577206543	0.0996715568376451
UP000002036	0.01696177512436578	0.016434144188031317	0.0333959193123971	0.0333959193123971	0.0333959193123971	0.03446812118521401	0.0333959193123971	0.03446812118521401	0.03446812118521401	0.0333959193123971	0.03446812118521401	0.05197446724606223	0.06471414097259058	0.06471414097259058	0.06471414097259058	0.0667918386247942	0.0667918386247942	0.08375361374915996	0.09811006028498767	0.10018775793719129
UP000002037	0.020766273185254168	0.010743079345459355	0.03150935253071352	0.03150935253071352	0.03150935253071352	0.0609072875199265	0.03150935253071352	0.0609072875199265	0.0609072875199265	0.03150935253071352	0.0609072875199265	0.10104830185459883	0.03260165859725617	0.03260165859725617	0.03260165859725617	0.06301870506142704	0.06301870506142704	0.08378497824668119	0.06411101112796969	0.09452805759214056
UP000002038	0.016350004399622215	0.016901273673210003	0.033251278072832215	0.033251278072832215	0.033251278072832215	0.032166720289584734	0.033251278072832215	0.032166720289584734	0.032166720289584734	0.033251278072832215	0.032166720289584734	0.047983436179547256	0.06874480727429401	0.06874480727429401	0.06874480727429401	0.06650255614566443	0.06650255614566443	0.08285256054528665	0.10199608534712623	0.09975383421849666
UP000002051	0.019615854813079325	0.01346004684576209	0.03307590165884142	0.03307590165884142	0.03307590165884142	0.04820281030119907	0.03307590165884142	0.04820281030119907	0.04820281030119907	0.03307590165884142	0.04820281030119907	0.0767897657893188	0.04539217791283569	0.04539217791283569	0.04539217791283569	0.06615180331768283	0.06615180331768283	0.08576765813076216	0.0784680795716771	0.09922770497652424
UP000002058	0.015992509713849884	0.01714877051540746	0.033141280229257344	0.033141280229257344	0.033141280229257344	0.030906719844412466	0.033141280229257344	0.030906719844412466	0.030906719844412466	0.033141280229257344	0.030906719844412466	0.045820929974975055	0.07107479931635192	0.07107479931635192	0.07107479931635192	0.06628256045851469	0.06628256045851469	0.08227507017236457	0.10421607954560927	0.09942384068777203
UP000002059	0.01640108545079162	0.01686443166367926	0.03326551711447088	0.03326551711447088	0.03326551711447088	0.032351555014702355	0.03326551711447088	0.032351555014702355	0.032351555014702355	0.03326551711447088	0.032351555014702355	0.04830202457861309	0.06841059902006297	0.06841059902006297	0.06841059902006297	0.06653103422894176	0.06653103422894176	0.08293211967973338	0.10167611613453384	0.09979655134341263
UP000002149	0.01620576699048488	0.017003283559903246	0.03320905055038813	0.03320905055038813	0.03320905055038813	0.0316514238734419	0.03320905055038813	0.0316514238734419	0.0316514238734419	0.03320905055038813	0.0316514238734419	0.047097080756398915	0.06968666198828463	0.06968666198828463	0.06968666198828463	0.06641810110077626	0.06641810110077626	0.08262386809126113	0.10289571253867277	0.09962715165116438
UP000002173	0.018802116077715907	0.0145990653305617	0.0334011814082776	0.0334011814082776	0.0334011814082776	0.04301733540821954	0.0334011814082776	0.04301733540821954	0.04301733540821954	0.0334011814082776	0.04301733540821954	0.06723255473872317	0.05186927125456027	0.05186927125456027	0.05186927125456027	0.0668023628165552	0.0668023628165552	0.08560447889427111	0.08527045266283786	0.1002035442248328
UP000002195	0.020820956283651885	0.007979802711766152	0.028800758995418035	0.028800758995418035	0.028800758995418035	0.07514713905086902	0.028800758995418035	0.07514713905086902	0.07514713905086902	0.028800758995418035	0.07514713905086902	0.12947332181808616	0.022076255442024323	0.022076255442024323	0.022076255442024323	0.05760151799083607	0.05760151799083607	0.07842247427448795	0.05087701443744235	0.0864022769862541
UP000002226	0.014141087061627379	0.018170212115863487	0.032311299177490864	0.032311299177490864	0.032311299177490864	0.025146481055346438	0.032311299177490864	0.025146481055346438	0.025146481055346438	0.032311299177490864	0.025146481055346438	0.036151875049065495	0.0830350817070169	0.0830350817070169	0.0830350817070169	0.06462259835498173	0.06462259835498173	0.07876368541660911	0.11534638088450776	0.09693389753247261
UP000002258	0.01892660221336293	0.01444292453327243	0.03336952674663536	0.03336952674663536	0.03336952674663536	0.043728800031238746	0.03336952674663536	0.043728800031238746	0.043728800031238746	0.03336952674663536	0.043728800031238746	0.06853099784911457	0.05092869296660042	0.05092869296660042	0.05092869296660042	0.06673905349327072	0.06673905349327072	0.08566565570663365	0.08429821971323578	0.10010858023990608
