Proteome_ID	M	W	C	D	E	F	H	K	N	Q	Y	I	A	G	P	T	V	L	R	S
UP000001015	0.05920362302750869	0.029332169174778103	0.029332169174778103	0.029332169174778103	0.029332169174778103	0.05920362302750869	0.029332169174778103	0.05920362302750869	0.05920362302750869	0.029332169174778103	0.05920362302750869	0.05920362302750869	0.02906498300274741	0.02906498300274741	0.02906498300274741	0.11732867669911241	0.05866433834955621	0.05920362302750869	0.05839715217752552	0.0879965075243343
UP000007478	0.050358797424627115	0.030954490160091892	0.030954490160091892	0.030954490160091892	0.030954490160091892	0.050358797424627115	0.030954490160091892	0.050358797424627115	0.050358797424627115	0.030954490160091892	0.050358797424627115	0.050358797424627115	0.03805414386653498	0.03805414386653498	0.03805414386653498	0.12381796064036757	0.061908980320183785	0.050358797424627115	0.06900863402662687	0.09286347048027568
UP000000674	0.025339009236062544	0.03164900992709995	0.03164900992709995	0.03164900992709995	0.03164900992709995	0.025339009236062544	0.03164900992709995	0.025339009236062544	0.025339009236062544	0.03164900992709995	0.025339009236062544	0.025339009236062544	0.07906069412849076	0.07906069412849076	0.07906069412849076	0.1265960397083998	0.0632980198541999	0.025339009236062544	0.11070970405559072	0.09494702978129986
UP000001931	0.06291457239703523	0.028513552253518152	0.028513552253518152	0.028513552253518152	0.028513552253518152	0.06291457239703523	0.028513552253518152	0.06291457239703523	0.06291457239703523	0.028513552253518152	0.06291457239703523	0.06291457239703523	0.025845289291115736	0.025845289291115736	0.025845289291115736	0.11405420901407261	0.057027104507036304	0.06291457239703523	0.0543588415446339	0.08554065676055446
UP000000641	0.02562316971184425	0.03169144070505362	0.03169144070505362	0.03169144070505362	0.03169144070505362	0.02562316971184425	0.03169144070505362	0.02562316971184425	0.02562316971184425	0.03169144070505362	0.02562316971184425	0.02562316971184425	0.07839369018405809	0.07839369018405809	0.07839369018405809	0.12676576282021448	0.06338288141010724	0.02562316971184425	0.1100851308891117	0.09507432211516086
UP000002518	0.023242548479213303	0.031281258865631344	0.031281258865631344	0.031281258865631344	0.031281258865631344	0.023242548479213303	0.031281258865631344	0.023242548479213303	0.023242548479213303	0.031281258865631344	0.023242548479213303	0.023242548479213303	0.08420050469885132	0.08420050469885132	0.08420050469885132	0.12512503546252537	0.06256251773126269	0.023242548479213303	0.11548176356448267	0.09384377659689405
UP000001826	0.01965291670133323	0.030396001663855705	0.030396001663855705	0.030396001663855705	0.030396001663855705	0.01965291670133323	0.030396001663855705	0.01965291670133323	0.01965291670133323	0.030396001663855705	0.01965291670133323	0.01965291670133323	0.09402338911724402	0.09402338911724402	0.09402338911724402	0.12158400665542282	0.06079200332771141	0.01965291670133323	0.12441939078109973	0.09118800499156712
UP000005223	0.031192241820871117	0.03221635161357869	0.03221635161357869	0.03221635161357869	0.03221635161357869	0.031192241820871117	0.03221635161357869	0.031192241820871117	0.031192241820871117	0.03221635161357869	0.031192241820871117	0.031192241820871117	0.06654817035916073	0.06654817035916073	0.06654817035916073	0.12886540645431477	0.06443270322715738	0.031192241820871117	0.09876452197273944	0.09664905484073609
UP000000536	0.025814552817426107	0.031719072084223573	0.031719072084223573	0.031719072084223573	0.031719072084223573	0.025814552817426107	0.031719072084223573	0.025814552817426107	0.025814552817426107	0.031719072084223573	0.025814552817426107	0.025814552817426107	0.07794824423261003	0.07794824423261003	0.07794824423261003	0.1268762883368943	0.06343814416844715	0.025814552817426107	0.1096673163168336	0.0951572162526707
UP000002199	0.03433020539312972	0.03229258387175339	0.03229258387175339	0.03229258387175339	0.03229258387175339	0.03433020539312972	0.03229258387175339	0.03433020539312972	0.03433020539312972	0.03229258387175339	0.03433020539312972	0.03433020539312972	0.060751805075009414	0.060751805075009414	0.060751805075009414	0.12917033548701357	0.06458516774350678	0.03433020539312972	0.09304438894676281	0.09687775161526017
UP000002439	0.029931484758768317	0.03214445516427342	0.03214445516427342	0.03214445516427342	0.03214445516427342	0.029931484758768317	0.03214445516427342	0.029931484758768317	0.029931484758768317	0.03214445516427342	0.029931484758768317	0.029931484758768317	0.06904208101506175	0.06904208101506175	0.06904208101506175	0.12857782065709367	0.06428891032854683	0.029931484758768317	0.10118653617933517	0.09643336549282025
UP000001024	0.03514196291439627	0.032290336905379524	0.032290336905379524	0.032290336905379524	0.032290336905379524	0.03514196291439627	0.032290336905379524	0.03514196291439627	0.03514196291439627	0.032290336905379524	0.03514196291439627	0.03514196291439627	0.059340217278288455	0.059340217278288455	0.059340217278288455	0.1291613476215181	0.06458067381075905	0.03514196291439627	0.09163055418366797	0.09687101071613856
UP000000578	0.05955866112735377	0.029257085817259554	0.029257085817259554	0.029257085817259554	0.029257085817259554	0.05955866112735377	0.029257085817259554	0.05955866112735377	0.05955866112735377	0.029257085817259554	0.05955866112735377	0.05955866112735377	0.028743999758092675	0.028743999758092675	0.028743999758092675	0.11702834326903822	0.05851417163451911	0.05955866112735377	0.05800108557535223	0.08777125745177868
UP000001686	0.03194127402806514	0.0322474311841849	0.0322474311841849	0.0322474311841849	0.0322474311841849	0.03194127402806514	0.0322474311841849	0.03194127402806514	0.03194127402806514	0.0322474311841849	0.03194127402806514	0.03194127402806514	0.06511304571414639	0.06511304571414639	0.06511304571414639	0.1289897247367396	0.0644948623683698	0.03194127402806514	0.09736047689833129	0.09674229355255472
UP000002698	0.015896567927628433	0.02903291682279206	0.02903291682279206	0.02903291682279206	0.02903291682279206	0.015896567927628433	0.02903291682279206	0.015896567927628433	0.015896567927628433	0.02903291682279206	0.015896567927628433	0.015896567927628433	0.10604933883548204	0.10604933883548204	0.10604933883548204	0.11613166729116824	0.05806583364558412	0.015896567927628433	0.13508225565827411	0.08709875046837617
UP000001975	0.03412975154890598	0.03229181073482838	0.03229181073482838	0.03229181073482838	0.03229181073482838	0.03412975154890598	0.03229181073482838	0.03412975154890598	0.03412975154890598	0.03229181073482838	0.03412975154890598	0.03412975154890598	0.06110569185010098	0.06110569185010098	0.06110569185010098	0.12916724293931353	0.06458362146965677	0.03412975154890598	0.09339750258492936	0.09687543220448515
UP000001013	0.04428015179814438	0.031746885860680564	0.031746885860680564	0.031746885860680564	0.031746885860680564	0.04428015179814438	0.031746885860680564	0.04428015179814438	0.04428015179814438	0.031746885860680564	0.04428015179814438	0.04428015179814438	0.04552219091052509	0.04552219091052509	0.04552219091052509	0.12698754344272226	0.06349377172136113	0.04428015179814438	0.07726907677120566	0.09524065758204171
UP000000590	0.05530607573463935	0.030108236406099834	0.030108236406099834	0.030108236406099834	0.030108236406099834	0.05530607573463935	0.030108236406099834	0.05530607573463935	0.05530607573463935	0.030108236406099834	0.05530607573463935	0.05530607573463935	0.03278142183998175	0.03278142183998175	0.03278142183998175	0.12043294562439934	0.06021647281219967	0.05530607573463935	0.06288965824608159	0.0903247092182995
UP000001974	0.05433767729141475	0.030286684201627466	0.030286684201627466	0.030286684201627466	0.030286684201627466	0.05433767729141475	0.030286684201627466	0.05433767729141475	0.05433767729141475	0.030286684201627466	0.05433767729141475	0.05433767729141475	0.03376232793351437	0.03376232793351437	0.03376232793351437	0.12114673680650986	0.06057336840325493	0.05433767729141475	0.06404901213514183	0.09086005260488239
UP000001018	0.05301996128142437	0.030519757996075682	0.030519757996075682	0.030519757996075682	0.030519757996075682	0.05301996128142437	0.030519757996075682	0.05301996128142437	0.05301996128142437	0.030519757996075682	0.05301996128142437	0.05301996128142437	0.03513603577320463	0.03513603577320463	0.03513603577320463	0.12207903198430273	0.061039515992151364	0.05301996128142437	0.06565579376928031	0.09155927398822704
UP000001137	0.03808276747031047	0.03221398267550726	0.03221398267550726	0.03221398267550726	0.03221398267550726	0.03808276747031047	0.03221398267550726	0.03808276747031047	0.03808276747031047	0.03221398267550726	0.03808276747031047	0.03808276747031047	0.054499226224927616	0.054499226224927616	0.054499226224927616	0.12885593070202905	0.06442796535101453	0.03808276747031047	0.08671320890043488	0.09664194802652179
UP000000554	0.01352459803352224	0.02786911040370677	0.02786911040370677	0.02786911040370677	0.02786911040370677	0.01352459803352224	0.02786911040370677	0.01352459803352224	0.01352459803352224	0.02786911040370677	0.01352459803352224	0.01352459803352224	0.11485551182650898	0.11485551182650898	0.11485551182650898	0.11147644161482707	0.05573822080741354	0.01352459803352224	0.14272462223021576	0.08360733121112031
UP000000365	0.029004529045424533	0.03207512361257137	0.03207512361257137	0.03207512361257137	0.03207512361257137	0.029004529045424533	0.03207512361257137	0.029004529045424533	0.029004529045424533	0.03207512361257137	0.029004529045424533	0.029004529045424533	0.0709415797202216	0.0709415797202216	0.0709415797202216	0.1283004944502855	0.06415024722514275	0.029004529045424533	0.10301670333279296	0.09622537083771412
UP000008243	0.015523388664950316	0.028867438457037146	0.028867438457037146	0.028867438457037146	0.028867438457037146	0.015523388664950316	0.028867438457037146	0.015523388664950316	0.015523388664950316	0.028867438457037146	0.015523388664950316	0.015523388664950316	0.10736431600818834	0.10736431600818834	0.10736431600818834	0.11546975382814859	0.05773487691407429	0.015523388664950316	0.13623175446522548	0.08660231537111145
UP000000805	0.06210641316307597	0.028698060652272653	0.028698060652272653	0.028698060652272653	0.028698060652272653	0.06210641316307597	0.028698060652272653	0.06210641316307597	0.06210641316307597	0.028698060652272653	0.06210641316307597	0.06210641316307597	0.026521534355526448	0.026521534355526448	0.026521534355526448	0.11479224260909061	0.05739612130454531	0.06210641316307597	0.055219595007799105	0.08609418195681795
UP000001400	0.04459831603084704	0.03171299196445791	0.03171299196445791	0.03171299196445791	0.03171299196445791	0.04459831603084704	0.03171299196445791	0.04459831603084704	0.04459831603084704	0.03171299196445791	0.04459831603084704	0.04459831603084704	0.04510097908818603	0.04510097908818603	0.04510097908818603	0.12685196785783165	0.06342598392891582	0.04459831603084704	0.07681397105264394	0.09513897589337372
UP000002408	0.023273197916813773	0.03128736437190462	0.03128736437190462	0.03128736437190462	0.03128736437190462	0.023273197916813773	0.03128736437190462	0.023273197916813773	0.023273197916813773	0.03128736437190462	0.023273197916813773	0.023273197916813773	0.08412244615795741	0.08412244615795741	0.08412244615795741	0.1251494574876185	0.06257472874380925	0.023273197916813773	0.11540981052986204	0.09386209311571386
UP000000254	0.05125981744386103	0.030812853348735174	0.030812853348735174	0.030812853348735174	0.030812853348735174	0.05125981744386103	0.030812853348735174	0.05125981744386103	0.05125981744386103	0.030812853348735174	0.05125981744386103	0.05125981744386103	0.03704390607830251	0.03704390607830251	0.03704390607830251	0.1232514133949407	0.06162570669747035	0.05125981744386103	0.06785675942703769	0.0924385600462055
UP000000663	0.022396782515038537	0.031103682882545246	0.031103682882545246	0.031103682882545246	0.031103682882545246	0.022396782515038537	0.031103682882545246	0.022396782515038537	0.022396782515038537	0.031103682882545246	0.022396782515038537	0.022396782515038537	0.08639089906850161	0.08639089906850161	0.08639089906850161	0.12441473153018098	0.06220736576509049	0.022396782515038537	0.11749458195104685	0.09331104864763573
UP000002613	0.039165688436771914	0.03216070883967319	0.03216070883967319	0.03216070883967319	0.03216070883967319	0.039165688436771914	0.03216070883967319	0.039165688436771914	0.039165688436771914	0.03216070883967319	0.039165688436771914	0.039165688436771914	0.0528172098769564	0.0528172098769564	0.0528172098769564	0.12864283535869275	0.06432141767934638	0.039165688436771914	0.08497791871662959	0.09648212651901956
UP000002487	0.0346692366945764	0.032292685943928534	0.032292685943928534	0.032292685943928534	0.032292685943928534	0.0346692366945764	0.032292685943928534	0.0346692366945764	0.0346692366945764	0.032292685943928534	0.0346692366945764	0.0346692366945764	0.06015809200877714	0.06015809200877714	0.06015809200877714	0.12917074377571414	0.06458537188785707	0.0346692366945764	0.09245077795270568	0.09687805783178563
UP000007722	0.060906060388889634	0.02896579879196346	0.02896579879196346	0.02896579879196346	0.02896579879196346	0.060906060388889634	0.02896579879196346	0.060906060388889634	0.060906060388889634	0.02896579879196346	0.060906060388889634	0.060906060388889634	0.02755119915158932	0.02755119915158932	0.02755119915158932	0.11586319516785384	0.05793159758392692	0.060906060388889634	0.05651699794355278	0.08689739637589038
UP000002071	0.01712131111549323	0.02953494571278054	0.02953494571278054	0.02953494571278054	0.02953494571278054	0.01712131111549323	0.02953494571278054	0.01712131111549323	0.01712131111549323	0.02953494571278054	0.01712131111549323	0.01712131111549323	0.10189792269676469	0.10189792269676469	0.10189792269676469	0.11813978285112216	0.05906989142556108	0.01712131111549323	0.1314328684095452	0.08860483713834161
UP000002376	0.03524551134571056	0.03228944017545659	0.03228944017545659	0.03228944017545659	0.03228944017545659	0.03524551134571056	0.03228944017545659	0.03524551134571056	0.03524551134571056	0.03228944017545659	0.03524551134571056	0.03524551134571056	0.05916259444318018	0.05916259444318018	0.05916259444318018	0.12915776070182636	0.06457888035091318	0.03524551134571056	0.09145203461863675	0.09686832052636973
UP000001941	0.03336012026543834	0.03228382260970709	0.03228382260970709	0.03228382260970709	0.03228382260970709	0.03336012026543834	0.03228382260970709	0.03336012026543834	0.03336012026543834	0.03228382260970709	0.03336012026543834	0.03336012026543834	0.06248449909665456	0.06248449909665456	0.06248449909665456	0.12913529043882835	0.06456764521941417	0.03336012026543834	0.09476832170636164	0.09685146782912125
UP000000391	0.04987579982795023	0.031027997391670427	0.031027997391670427	0.031027997391670427	0.031027997391670427	0.04987579982795023	0.031027997391670427	0.04987579982795023	0.04987579982795023	0.031027997391670427	0.04987579982795023	0.04987579982795023	0.03860536073440542	0.03860536073440542	0.03860536073440542	0.12411198956668171	0.062055994783340854	0.04987579982795023	0.06963335812607584	0.09308399217501129
UP000009079	0.046888507505745754	0.03144335035063836	0.03144335035063836	0.03144335035063836	0.03144335035063836	0.046888507505745754	0.03144335035063836	0.046888507505745754	0.046888507505745754	0.03144335035063836	0.046888507505745754	0.046888507505745754	0.04217171046239146	0.04217171046239146	0.04217171046239146	0.12577340140255344	0.06288670070127672	0.046888507505745754	0.07361506081302982	0.09433005105191507
UP000000242	0.03664299513724251	0.03226428335156309	0.03226428335156309	0.03226428335156309	0.03226428335156309	0.03664299513724251	0.03226428335156309	0.03664299513724251	0.03664299513724251	0.03226428335156309	0.03664299513724251	0.03664299513724251	0.05681762510357325	0.05681762510357325	0.05681762510357325	0.12905713340625236	0.06452856670312618	0.03664299513724251	0.08908190845513633	0.09679285005468925
UP000002654	0.01825666167730733	0.029948586186523574	0.029948586186523574	0.029948586186523574	0.029948586186523574	0.01825666167730733	0.029948586186523574	0.01825666167730733	0.01825666167730733	0.029948586186523574	0.01825666167730733	0.01825666167730733	0.09825649731861787	0.09825649731861787	0.09825649731861787	0.1197943447460943	0.05989717237304715	0.01825666167730733	0.12820508350514145	0.08984575855957073
UP000002593	0.02837140883021497	0.032019345500669746	0.032019345500669746	0.032019345500669746	0.032019345500669746	0.02837140883021497	0.032019345500669746	0.02837140883021497	0.02837140883021497	0.032019345500669746	0.02837140883021497	0.02837140883021497	0.0722726525444448	0.0722726525444448	0.0722726525444448	0.12807738200267899	0.06403869100133949	0.02837140883021497	0.10429199804511458	0.09605803650200925
UP000001746	0.015441818066990158	0.028830447252569932	0.028830447252569932	0.028830447252569932	0.028830447252569932	0.015441818066990158	0.028830447252569932	0.015441818066990158	0.015441818066990158	0.028830447252569932	0.015441818066990158	0.015441818066990158	0.10765502937248751	0.10765502937248751	0.10765502937248751	0.11532178901027973	0.057660894505139865	0.015441818066990158	0.13648547662505744	0.08649134175770978
UP000001059	0.04122237514398909	0.03202520105865811	0.03202520105865811	0.03202520105865811	0.03202520105865811	0.04122237514398909	0.03202520105865811	0.04122237514398909	0.04122237514398909	0.03202520105865811	0.04122237514398909	0.04122237514398909	0.04976003926338668	0.04976003926338668	0.04976003926338668	0.12810080423463244	0.06405040211731622	0.04122237514398909	0.08178524032204479	0.0960756031759743
UP000000262	0.023919651364325924	0.031410947183987306	0.031410947183987306	0.031410947183987306	0.031410947183987306	0.023919651364325924	0.031410947183987306	0.023919651364325924	0.023919651364325924	0.031410947183987306	0.023919651364325924	0.023919651364325924	0.08249682137648036	0.08249682137648036	0.08249682137648036	0.12564378873594922	0.06282189436797461	0.023919651364325924	0.11390776856046766	0.09423284155196192
UP000001879	0.02122042485432	0.03082610635252154	0.03082610635252154	0.03082610635252154	0.03082610635252154	0.02122042485432	0.03082610635252154	0.02122042485432	0.02122042485432	0.03082610635252154	0.02122042485432	0.02122042485432	0.08955983109485387	0.08955983109485387	0.08955983109485387	0.12330442541008615	0.06165221270504308	0.02122042485432	0.1203859374473754	0.09247831905756462
UP000000740	0.013352954754932199	0.027773764290627865	0.027773764290627865	0.027773764290627865	0.027773764290627865	0.013352954754932199	0.027773764290627865	0.013352954754932199	0.013352954754932199	0.027773764290627865	0.013352954754932199	0.013352954754932199	0.11553727201635719	0.11553727201635719	0.11553727201635719	0.11109505716251146	0.05554752858125573	0.013352954754932199	0.14331103630698502	0.08332129287188358
UP000008680	0.05258046394382765	0.030594929902832173	0.030594929902832173	0.030594929902832173	0.030594929902832173	0.05258046394382765	0.030594929902832173	0.05258046394382765	0.05258046394382765	0.030594929902832173	0.05258046394382765	0.05258046394382765	0.03560446848697294	0.03560446848697294	0.03560446848697294	0.1223797196113287	0.06118985980566435	0.05258046394382765	0.06619939838980511	0.09178478970849653
UP000000792	0.055127792247377905	0.030141535272434253	0.030141535272434253	0.030141535272434253	0.030141535272434253	0.055127792247377905	0.030141535272434253	0.055127792247377905	0.055127792247377905	0.030141535272434253	0.055127792247377905	0.055127792247377905	0.03296022247735163	0.03296022247735163	0.03296022247735163	0.12056614108973701	0.060283070544868506	0.055127792247377905	0.06310175774978587	0.09042460581730276
UP000002457	0.02246518353588312	0.03111870864169208	0.03111870864169208	0.03111870864169208	0.03111870864169208	0.02246518353588312	0.03111870864169208	0.02246518353588312	0.02246518353588312	0.03111870864169208	0.02246518353588312	0.02246518353588312	0.08621109424543624	0.08621109424543624	0.08621109424543624	0.12447483456676832	0.06223741728338416	0.02246518353588312	0.11732980288712833	0.09335612592507622
UP000000758	0.021336116823283676	0.030855054250448335	0.030855054250448335	0.030855054250448335	0.030855054250448335	0.021336116823283676	0.030855054250448335	0.021336116823283676	0.021336116823283676	0.030855054250448335	0.021336116823283676	0.021336116823283676	0.08924157855746026	0.08924157855746026	0.08924157855746026	0.12342021700179334	0.06171010850089667	0.021336116823283676	0.1200966328079086	0.09256516275134499
UP000006565	0.03486952413349385	0.0322920421142402	0.0322920421142402	0.0322920421142402	0.0322920421142402	0.03486952413349385	0.0322920421142402	0.03486952413349385	0.03486952413349385	0.0322920421142402	0.03486952413349385	0.03486952413349385	0.05981016430942495	0.05981016430942495	0.05981016430942495	0.1291681684569608	0.0645840842284804	0.03486952413349385	0.09210220642366514	0.0968761263427206
UP000001169	0.01692665737542669	0.02945918247000968	0.02945918247000968	0.02945918247000968	0.02945918247000968	0.01692665737542669	0.02945918247000968	0.01692665737542669	0.01692665737542669	0.02945918247000968	0.01692665737542669	0.01692665737542669	0.10254161971296459	0.10254161971296459	0.10254161971296459	0.11783672988003872	0.05891836494001936	0.01692665737542669	0.13200080218297428	0.08837754741002904
UP000006681	0.03994607849038326	0.03211445828004948	0.03211445828004948	0.03211445828004948	0.03211445828004948	0.03994607849038326	0.03211445828004948	0.03994607849038326	0.03994607849038326	0.03211445828004948	0.03994607849038326	0.03994607849038326	0.05163652952163134	0.05163652952163134	0.05163652952163134	0.12845783312019793	0.06422891656009896	0.03994607849038326	0.08375098780168083	0.09634337484014846
UP000009227	0.0502322953321995	0.03097390734541375	0.03097390734541375	0.03097390734541375	0.03097390734541375	0.0502322953321995	0.03097390734541375	0.0502322953321995	0.0502322953321995	0.03097390734541375	0.0502322953321995	0.0502322953321995	0.038197853786995875	0.038197853786995875	0.038197853786995875	0.123895629381655	0.0619478146908275	0.0502322953321995	0.06917176113240962	0.09292172203624124
UP000000346	0.018954135120155986	0.03018011255688329	0.03018011255688329	0.03018011255688329	0.03018011255688329	0.018954135120155986	0.03018011255688329	0.018954135120155986	0.018954135120155986	0.03018011255688329	0.018954135120155986	0.018954135120155986	0.09610981331219386	0.09610981331219386	0.09610981331219386	0.12072045022753317	0.06036022511376658	0.018954135120155986	0.12628992586907714	0.09054033767064988
UP000005877	0.018544074363310552	0.03004599285379482	0.03004599285379482	0.03004599285379482	0.03004599285379482	0.018544074363310552	0.03004599285379482	0.018544074363310552	0.018544074363310552	0.03004599285379482	0.018544074363310552	0.018544074363310552	0.09736389844902728	0.09736389844902728	0.09736389844902728	0.12018397141517928	0.06009198570758964	0.018544074363310552	0.1274098913028221	0.09013797856138447
UP000001304	0.05691781566586733	0.0297982824691106	0.0297982824691106	0.0297982824691106	0.0297982824691106	0.05691781566586733	0.0297982824691106	0.05691781566586733	0.05691781566586733	0.0297982824691106	0.05691781566586733	0.05691781566586733	0.03120069270828978	0.03120069270828978	0.03120069270828978	0.1191931298764424	0.0595965649382212	0.05691781566586733	0.06099897517740038	0.0893948474073318
UP000002315	0.06081068013276321	0.028986743933139467	0.028986743933139467	0.028986743933139467	0.028986743933139467	0.06081068013276321	0.028986743933139467	0.06081068013276321	0.06081068013276321	0.028986743933139467	0.06081068013276321	0.06081068013276321	0.027634334035106536	0.027634334035106536	0.027634334035106536	0.11594697573255787	0.057973487866278935	0.06081068013276321	0.056621077968246	0.08696023179941842
UP000012076	0.021597987857264217	0.030919224721978254	0.030919224721978254	0.030919224721978254	0.030919224721978254	0.021597987857264217	0.030919224721978254	0.021597987857264217	0.021597987857264217	0.030919224721978254	0.021597987857264217	0.021597987857264217	0.08852662236187461	0.08852662236187461	0.08852662236187461	0.12367689888791301	0.06183844944395651	0.021597987857264217	0.11944584708385285	0.09275767416593478
UP000006663	0.022327002400483673	0.031088231190546888	0.031088231190546888	0.031088231190546888	0.031088231190546888	0.022327002400483673	0.031088231190546888	0.022327002400483673	0.022327002400483673	0.031088231190546888	0.022327002400483673	0.022327002400483673	0.08657482103696601	0.08657482103696601	0.08657482103696601	0.12435292476218755	0.062176462381093776	0.022327002400483673	0.11766305222751289	0.09326469357164066
UP000014070	0.04823865750411683	0.031264192745038014	0.031264192745038014	0.031264192745038014	0.031264192745038014	0.04823865750411683	0.031264192745038014	0.04823865750411683	0.04823865750411683	0.031264192745038014	0.04823865750411683	0.04823865750411683	0.04052557838764352	0.04052557838764352	0.04052557838764352	0.12505677098015205	0.06252838549007603	0.04823865750411683	0.07178977113268155	0.09379257823511404
UP000001901	0.03981086653247438	0.03212293257001713	0.03212293257001713	0.03212293257001713	0.03212293257001713	0.03981086653247438	0.03212293257001713	0.03981086653247438	0.03981086653247438	0.03212293257001713	0.03981086653247438	0.03981086653247438	0.051839253288101315	0.051839253288101315	0.051839253288101315	0.12849173028006852	0.06424586514003426	0.03981086653247438	0.08396218585811846	0.09636879771005138
UP000006794	0.01256546521944491	0.027314598934882233	0.027314598934882233	0.027314598934882233	0.027314598934882233	0.01256546521944491	0.027314598934882233	0.01256546521944491	0.01256546521944491	0.027314598934882233	0.01256546521944491	0.01256546521944491	0.11875204012644247	0.11875204012644247	0.11875204012644247	0.10925839573952893	0.054629197869764466	0.01256546521944491	0.1460666390613247	0.08194379680464671
UP000011511	0.03024535956964364	0.03216471708583392	0.03216471708583392	0.03216471708583392	0.03216471708583392	0.03024535956964364	0.03216471708583392	0.03024535956964364	0.03024535956964364	0.03216471708583392	0.03024535956964364	0.03024535956964364	0.06841175240978799	0.06841175240978799	0.06841175240978799	0.12865886834333568	0.06432943417166784	0.03024535956964364	0.1005764694956219	0.09649415125750174
UP000007807	0.027553227826482982	0.03193669588978709	0.03193669588978709	0.03193669588978709	0.03193669588978709	0.027553227826482982	0.03193669588978709	0.027553227826482982	0.027553227826482982	0.03193669588978709	0.027553227826482982	0.027553227826482982	0.07403506774450644	0.07403506774450644	0.07403506774450644	0.12774678355914837	0.06387339177957418	0.027553227826482982	0.10597176363429353	0.09581008766936129
UP000007490	0.04746557175825399	0.031368551770672194	0.031368551770672194	0.031368551770672194	0.031368551770672194	0.04746557175825399	0.031368551770672194	0.04746557175825399	0.04746557175825399	0.031368551770672194	0.04746557175825399	0.04746557175825399	0.04146104234036672	0.04146104234036672	0.04146104234036672	0.12547420708268878	0.06273710354134439	0.04746557175825399	0.07282959411103891	0.09410565531201659
UP000058290	0.0236146153474155	0.03135385903270293	0.03135385903270293	0.03135385903270293	0.03135385903270293	0.0236146153474155	0.03135385903270293	0.0236146153474155	0.0236146153474155	0.03135385903270293	0.0236146153474155	0.0236146153474155	0.08325898701121114	0.08325898701121114	0.08325898701121114	0.1254154361308117	0.06270771806540586	0.0236146153474155	0.11461284604391409	0.0940615770981088
UP000006622	0.043655325433332774	0.03181082001615252	0.03181082001615252	0.03181082001615252	0.03181082001615252	0.043655325433332774	0.03181082001615252	0.043655325433332774	0.043655325433332774	0.03181082001615252	0.043655325433332774	0.043655325433332774	0.04635990042705753	0.04635990042705753	0.04635990042705753	0.12724328006461008	0.06362164003230504	0.043655325433332774	0.07817072044321008	0.09543246004845755
UP000012672	0.02367144040714877	0.03136465853947213	0.03136465853947213	0.03136465853947213	0.03136465853947213	0.02367144040714877	0.03136465853947213	0.02367144040714877	0.02367144040714877	0.03136465853947213	0.02367144040714877	0.02367144040714877	0.08311634512960116	0.08311634512960116	0.08311634512960116	0.12545863415788852	0.06272931707894426	0.02367144040714877	0.11448100366907328	0.09409397561841638
