	AAA	AAC	AAG	AAT	ACA	ACC	ACG	ACT	AGA	AGC	AGG	AGT	ATA	ATC	ATG	ATT	CAA	CAC	CAG	CAT	CCA	CCC	CCG	CCT	CGA	CGC	CGG	CGT	CTA	CTC	CTG	CTT	GAA	GAC	GAG	GAT	GCA	GCC	GCG	GCT	GGA	GGC	GGG	GGT	GTA	GTC	GTG	GTT	TAA	TAC	TAG	TAT	TCA	TCC	TCG	TCT	TGA	TGC	TGG	TGT	TTA	TTC	TTG	TTT
Start	3231723.0	2256809.0	3345968.0	2374465.0	1997677.0	1856081.0	1319405.0	1734655.0	1755916.0	1994608.0	1470156.0	1575831.0	1341629.0	1912392.0	16432973.0	2045291.0	2032510.0	1335828.0	2365313.0	1277547.0	1871805.0	1741792.0	1491486.0	1769144.0	955603.0	1295733.0	1104152.0	913276.0	1030060.0	2221434.0	2578726.0	1817064.0	3239023.0	2455743.0	3394308.0	2695972.0	2404803.0	2690628.0	2387277.0	2651558.0	1974671.0	1989272.0	1603092.0	1576322.0	1065618.0	1582758.0	2335327.0	1805132.0	135904.0	1294821.0	72479.0	1285566.0	2184984.0	2247524.0	1644779.0	2450790.0	107452.0	1179528.0	1426923.0	1163822.0	1399151.0	2269831.0	2008236.0	2356829.0
AAA	17533868.0	7561333.0	13245780.0	11556471.0	7473250.0	4790223.0	2767919.0	6378140.0	6970748.0	4983496.0	4322190.0	5834393.0	6038947.0	6522290.0	8378103.0	9519275.0	8557418.0	4156792.0	7867940.0	5775366.0	6680764.0	3765519.0	2424734.0	5931230.0	2893247.0	2380002.0	2109816.0	2733366.0	3739146.0	5221833.0	7035559.0	6939812.0	16348731.0	7843022.0	11613701.0	12699185.0	7261215.0	5547496.0	2717665.0	7774482.0	7082217.0	4639200.0	3724007.0	5563612.0	4247312.0	4727273.0	6604000.0	7337657.0	1352426.0	4885188.0	596832.0	6640754.0	7013438.0	4714092.0	2754330.0	7069211.0	952678.0	3371123.0	4686799.0	4502451.0	6423676.0	6563843.0	7399323.0	9110415.0
AAC	7561333.0	7800682.0	9027224.0	6489044.0	4599981.0	5032637.0	2912544.0	4056886.0	3764144.0	4993596.0	3116071.0	3598894.0	3111839.0	6560043.0	6488596.0	5427507.0	5079783.0	4184644.0	7322944.0	3457345.0	4464803.0	4120789.0	2783956.0	4227357.0	2050254.0	3109092.0	2249161.0	2013593.0	2393581.0	5783254.0	7717445.0	4446011.0	8229747.0	7713573.0	9667996.0	7428743.0	4730810.0	6474634.0	3248441.0	5424613.0	4864241.0	5799753.0	3369601.0	4118143.0	2391886.0	4899897.0	6189200.0	4409521.0	505327.0	4994475.0	285384.0	3782658.0	4135730.0	4657916.0	2784879.0	4544181.0	510122.0	3295920.0	3762341.0	2871030.0	2864161.0	6325268.0	4756862.0	5285245.0
AAG	13245780.0	9027224.0	18479110.0	8662365.0	6430565.0	6578794.0	4037481.0	5862916.0	6102030.0	6793340.0	5531016.0	5266665.0	4468711.0	8784127.0	9555967.0	8047742.0	7117613.0	5611538.0	11197641.0	5035521.0	6366290.0	5698691.0	3871332.0	6107417.0	3082504.0	4494645.0	3619836.0	3065692.0	3408076.0	7629950.0	11313170.0	6592013.0	13898446.0	11026242.0	17411790.0	11838189.0	7401093.0	9355076.0	5018494.0	8605464.0	6938428.0	7696446.0	5167750.0	5872293.0	3558050.0	6795465.0	9506185.0	6848872.0	724162.0	6518522.0	456066.0	5440460.0	5847159.0	6131723.0	3815001.0	6488938.0	751331.0	4331006.0	5495325.0	3907199.0	4128202.0	8445169.0	7370444.0	7574991.0
AAT	11556471.0	6489044.0	8662365.0	12004024.0	6021035.0	3726524.0	2241551.0	5355596.0	5032764.0	3976011.0	3126279.0	5082082.0	5029765.0	5117168.0	6868732.0	8087718.0	6976658.0	3062356.0	6067055.0	4755382.0	5362347.0	2796157.0	2000893.0	4835916.0	2151210.0	1780107.0	1559068.0	2165157.0	2978709.0	3995311.0	5375609.0	5664742.0	11846733.0	5890227.0	8313407.0	10760711.0	5670507.0	4224645.0	2162608.0	6273220.0	5851689.0	3853830.0	3020527.0	4983290.0	3422046.0	3658075.0	5167029.0	6096906.0	1054288.0	3878159.0	438224.0	5814596.0	5971252.0	3717294.0	2370937.0	6029871.0	584992.0	2669277.0	3692782.0	3731751.0	5399718.0	5266573.0	6203104.0	7661494.0
ACA	7473250.0	4599981.0	6430565.0	6021035.0	6033964.0	3665585.0	2105353.0	4300956.0	3817594.0	3543044.0	2638586.0	3591427.0	3337510.0	4120965.0	5095285.0	5152489.0	4797286.0	2764779.0	5193496.0	3257603.0	4713848.0	2852575.0	1811492.0	4050723.0	1690221.0	1630335.0	1416187.0	1624857.0	2267512.0	3549313.0	4873212.0	4043053.0	7842345.0	4779476.0	6487000.0	6729197.0	4904395.0	3939448.0	1940047.0	4940486.0	4501147.0	3401610.0	2575970.0	3592933.0	2556791.0	3175812.0	4437637.0	4253575.0	586360.0	3081245.0	331877.0	3638746.0	4670713.0	3385873.0	1937170.0	4527137.0	690855.0	2309524.0	3104786.0	2743226.0	3237446.0	4231708.0	4216994.0	5108720.0
ACC	4790223.0	5032637.0	6578794.0	3726524.0	3665585.0	5183020.0	2451965.0	3294375.0	2564601.0	4210141.0	2467971.0	2575207.0	1954749.0	5159491.0	4592325.0	3543825.0	3405670.0	3394390.0	5827257.0	2390335.0	3701621.0	4232148.0	2510936.0	3579980.0	1535858.0	2787869.0	1966016.0	1534426.0	1688499.0	4990009.0	6360657.0	3095141.0	5331826.0	5884967.0	7341405.0	4847403.0	3672660.0	6159041.0	2767324.0	4276970.0	3507667.0	4979962.0	2869148.0	3014891.0	1659016.0	4175423.0	5019974.0	3041815.0	302021.0	3725227.0	211662.0	2462128.0	3114255.0	4447226.0	2302177.0	3548086.0	482309.0	2734969.0	3031426.0	2064720.0	1728722.0	5054146.0	3198468.0	3584506.0
ACG	2767919.0	2912544.0	4037481.0	2241551.0	2105353.0	2451965.0	2295714.0	1744153.0	1492143.0	2504627.0	1558148.0	1521747.0	1208948.0	2900192.0	2963834.0	2093786.0	1973025.0	1945553.0	3422498.0	1400785.0	1997884.0	2138118.0	2095678.0	1844802.0	1072873.0	1879948.0	1466409.0	1009739.0	969701.0	2758768.0	3887823.0	1744929.0	3231101.0	3706267.0	4769473.0	3042751.0	2289024.0	3486224.0	2775152.0	2455701.0	2116669.0	3164435.0	1899999.0	1790402.0	1025436.0	2454722.0	3385420.0	1840116.0	137061.0	2192065.0	108460.0	1436120.0	1750962.0	2235565.0	1971516.0	1850669.0	264059.0	1604288.0	1864044.0	1139119.0	1030728.0	2937439.0	2121904.0	2124069.0
ACT	6378140.0	4056886.0	5862916.0	5355596.0	4300956.0	3294375.0	1744153.0	4920968.0	3225765.0	3051180.0	2265067.0	3235288.0	2709722.0	3699860.0	4466951.0	4730451.0	4150377.0	2360472.0	4512190.0	2931996.0	3961042.0	2538743.0	1601127.0	3843156.0	1477243.0	1466276.0	1234511.0	1518851.0	1937480.0	3214533.0	4183132.0	3846258.0	6877428.0	4241310.0	5819266.0	6196664.0	4067220.0	3611249.0	1715210.0	4877787.0	4041311.0	3102588.0	2319572.0	3467890.0	2172710.0	2942573.0	3875089.0	4056429.0	508531.0	2781566.0	269983.0	3258950.0	3922946.0	3091918.0	1728437.0	4397142.0	519211.0	2025258.0	2689453.0	2425020.0	2783410.0	3874238.0	3854300.0	4621475.0
AGA	6970748.0	3764144.0	6102030.0	5032764.0	3817594.0	2564601.0	1492143.0	3225765.0	5024432.0	3073572.0	3131650.0	3140554.0	2706280.0	3192608.0	4309212.0	4295221.0	4160947.0	2311181.0	4465666.0	2942810.0	3723534.0	2205877.0	1429255.0	3338558.0	1662561.0	1344434.0	1350353.0	1489031.0	1891026.0	2805089.0	3940977.0	3488226.0	7346887.0	3983689.0	6098901.0	5991605.0	3886875.0	3019758.0	1549824.0	4165484.0	4273392.0	2732354.0	2381775.0	3108322.0	2050537.0	2462385.0	3548675.0	3639744.0	719017.0	2549004.0	406532.0	3229708.0	3652555.0	2675965.0	1485924.0	3731137.0	1002871.0	2055566.0	2880781.0	2467619.0	2827611.0	3383140.0	3749775.0	4322429.0
AGC	4983496.0	4993596.0	6793340.0	3976011.0	3543044.0	4210141.0	2504627.0	3051180.0	3073572.0	5785244.0	3048976.0	3232354.0	2011248.0	4575535.0	4722221.0	3476443.0	3457504.0	3479054.0	6391311.0	2574048.0	3752584.0	4098699.0	2757069.0	3588976.0	1659580.0	2872864.0	2337434.0	1546364.0	1694766.0	4513123.0	6751393.0	3113348.0	5708154.0	6063267.0	8132789.0	5193483.0	3987301.0	5915710.0	3238963.0	4336497.0	3848560.0	5491363.0	3345485.0	3124344.0	1692817.0	3763124.0	5272251.0	3056454.0	386196.0	3497468.0	271621.0	2479759.0	3383114.0	4347103.0	2571958.0	3731087.0	644246.0	2910697.0	3128603.0	2190539.0	1789119.0	4662283.0	3389187.0	3638170.0
AGG	4322190.0	3116071.0	5531016.0	3126279.0	2638586.0	2467971.0	1558148.0	2265067.0	3131650.0	3048976.0	3436822.0	2289001.0	1704406.0	2833316.0	3649039.0	2796975.0	2692573.0	2223740.0	4493265.0	2063414.0	2830014.0	2479142.0	1668506.0	2679339.0	1282305.0	1598928.0	1742381.0	1166235.0	1356370.0	2826563.0	4474781.0	2508522.0	4826458.0	3803411.0	6320323.0	4191627.0	3023328.0	3424981.0	2028357.0	3331959.0	3099262.0	2990943.0	2748294.0	2346707.0	1376863.0	2358991.0	3737821.0	2557733.0	375390.0	2245487.0	295378.0	2053210.0	2516874.0	2561708.0	1470639.0	2688893.0	693215.0	2001398.0	2620121.0	1825496.0	1577536.0	2988312.0	2906227.0	2932834.0
AGT	5834393.0	3598894.0	5266665.0	5082082.0	3591427.0	2575207.0	1521747.0	3235288.0	3140554.0	3232354.0	2289001.0	3762240.0	2456584.0	3037545.0	4010115.0	4072221.0	3671389.0	2125877.0	4227341.0	2716805.0	3408375.0	2143535.0	1435093.0	3173135.0	1369301.0	1278905.0	1213041.0	1350499.0	1682689.0	2608394.0	3804175.0	3194410.0	6388484.0	3865319.0	5549290.0	5832599.0	3555497.0	3007100.0	1581249.0	3938767.0	3683012.0	2798541.0	2265830.0	3163068.0	1964714.0	2410884.0	3553724.0	3464958.0	483939.0	2332177.0	269096.0	2908551.0	3629803.0	2729438.0	1628508.0	3859392.0	533826.0	1810065.0	2416770.0	2305366.0	2550634.0	3193774.0	3523067.0	4090916.0
ATA	6038947.0	3111839.0	4468711.0	5029765.0	3337510.0	1954749.0	1208948.0	2709722.0	2706280.0	2011248.0	1704406.0	2456584.0	3227428.0	2828450.0	3736126.0	4264014.0	3411916.0	1660383.0	3062141.0	2451103.0	2807979.0	1449135.0	1031097.0	2444455.0	1111795.0	898782.0	809233.0	1066825.0	1799925.0	2191306.0	2952711.0	3038928.0	6018940.0	3077772.0	4232166.0	5180188.0	3133472.0	2189542.0	1171080.0	3238750.0	3128668.0	1985704.0	1620257.0	2500979.0	2003727.0	1984871.0	2876498.0	3210818.0	610311.0	2138377.0	283974.0	3087651.0	3011891.0	1899008.0	1182116.0	2954465.0	400082.0	1450559.0	2077730.0	2000467.0	2959588.0	3007454.0	3269525.0	4304157.0
ATC	6522290.0	6560043.0	8784127.0	5117168.0	4120965.0	5159491.0	2900192.0	3699860.0	3192608.0	4575535.0	2833316.0	3037545.0	2828450.0	8074044.0	6345248.0	5269213.0	4273752.0	4007009.0	6947499.0	3157999.0	3981712.0	4157723.0	2722216.0	3854688.0	1982793.0	3246538.0	2309721.0	1939128.0	2309044.0	6381048.0	8065840.0	4281730.0	7207192.0	7532015.0	9530617.0	6724678.0	4498729.0	6902003.0	3381352.0	5261882.0	4543972.0	5945690.0	3357515.0	3901290.0	2217715.0	5386281.0	6486008.0	4193501.0	411537.0	4888970.0	243182.0	3487544.0	3644682.0	4651563.0	2704534.0	4111228.0	448217.0	3173263.0	3789289.0	2530745.0	2477482.0	7005705.0	4436699.0	5144563.0
ATG	8378103.0	6488596.0	9555967.0	6868732.0	5095285.0	4592325.0	2963834.0	4466951.0	4309212.0	4722221.0	3649039.0	4010115.0	3736126.0	6345248.0	8369058.0	6332169.0	5518361.0	3940018.0	7722535.0	3961850.0	4995803.0	3974034.0	2867921.0	4671005.0	2221290.0	2894437.0	2384336.0	2196028.0	2700887.0	5527310.0	8010737.0	5048940.0	9361084.0	7313612.0	10344159.0	8598610.0	5573476.0	6363932.0	3527403.0	6275635.0	5527828.0	5640154.0	3895505.0	4734601.0	2851690.0	4785467.0	6945103.0	5201368.0	580163.0	4744303.0	357273.0	4423446.0	4642651.0	4455114.0	2803630.0	4962832.0	602803.0	3164737.0	4246905.0	3127525.0	3515290.0	6584335.0	5685996.0	6414844.0
ATT	9519275.0	5427507.0	8047742.0	8087718.0	5152489.0	3543825.0	2093786.0	4730451.0	4295221.0	3476443.0	2796975.0	4072221.0	4264014.0	5269213.0	6332169.0	7622680.0	5643604.0	2912664.0	5462294.0	4129446.0	4654926.0	2640949.0	1817621.0	4337835.0	1976956.0	1783904.0	1511794.0	2021368.0	2736583.0	4107443.0	5327482.0	5451216.0	9949826.0	5514380.0	7724647.0	9061733.0	5292714.0	4283647.0	2162197.0	6047965.0	5424127.0	3838701.0	2881125.0	4653275.0	3075252.0	3821950.0	5143229.0	5833583.0	842829.0	3773798.0	382333.0	5004838.0	4944185.0	3424589.0	2123149.0	5229122.0	564230.0	2512294.0	3645473.0	3258407.0	4521236.0	5513704.0	5756056.0	7376992.0
CAA	8557418.0	5079783.0	7117613.0	6976658.0	4797286.0	3405670.0	1973025.0	4150377.0	4160947.0	3457504.0	2692573.0	3671389.0	3411916.0	4273752.0	5518361.0	5643604.0	7677444.0	3056130.0	6708026.0	3987271.0	5007309.0	2918937.0	2062798.0	4386845.0	2139528.0	1910892.0	1567062.0	2015651.0	2573264.0	3901661.0	4709212.0	4641773.0	9614635.0	5127355.0	7291653.0	7686992.0	5065140.0	4183243.0	2178522.0	5454219.0	4758187.0	3487228.0	2502705.0	3880704.0	2605668.0	3295052.0	4175079.0	4598229.0	686931.0	3211442.0	341666.0	3950298.0	4721769.0	3432012.0	2121668.0	4771191.0	718689.0	2233036.0	3066033.0	2694473.0	3708930.0	4377899.0	4747796.0	5364650.0
CAC	4156792.0	4184644.0	5611538.0	3062356.0	2764779.0	3394390.0	1945553.0	2360472.0	2311181.0	3479054.0	2223740.0	2125877.0	1660383.0	4007009.0	3940018.0	2912664.0	3056130.0	4217446.0	5394906.0	2615834.0	3018009.0	3420637.0	2232925.0	2963290.0	1439130.0	2616087.0	1905925.0	1392933.0	1500518.0	4305427.0	5709604.0	2746747.0	4541851.0	5280938.0	6497614.0	4188856.0	3060694.0	4914923.0	2556718.0	3480705.0	3013830.0	4222254.0	2537563.0	2463317.0	1405446.0	3265666.0	4288114.0	2499479.0	333096.0	3287461.0	219825.0	2206519.0	2446885.0	3378047.0	1872673.0	2796787.0	526616.0	2773943.0	2573702.0	2199860.0	1498189.0	4135395.0	2722294.0	3082906.0
CAG	7867940.0	7322944.0	11197641.0	6067055.0	5193496.0	5827257.0	3422498.0	4512190.0	4465666.0	6391311.0	4493265.0	4227341.0	3062141.0	6947499.0	7722535.0	5462294.0	6708026.0	5394906.0	13902248.0	4256034.0	5825646.0	5908526.0	3969070.0	5670780.0	2563156.0	4180503.0	3626780.0	2461585.0	2777778.0	6928944.0	11368538.0	5086662.0	9581188.0	9006759.0	14072376.0	8160743.0	6294557.0	8885299.0	4688190.0	7023440.0	5698070.0	7209597.0	4803366.0	4600334.0	2650244.0	5560571.0	8283765.0	4729380.0	490380.0	5298374.0	369528.0	3890105.0	4674708.0	5683682.0	3271885.0	5266373.0	799756.0	3890381.0	4510532.0	3241159.0	2864458.0	6800538.0	5423487.0	5498489.0
CAT	5775366.0	3457345.0	5035521.0	4755382.0	3257603.0	2390335.0	1400785.0	2931996.0	2942810.0	2574048.0	2063414.0	2716805.0	2451103.0	3157999.0	3961850.0	4129446.0	3987271.0	2615834.0	4256034.0	3595350.0	3376812.0	2145796.0	1472384.0	3219717.0	1487213.0	1420969.0	1227257.0	1494937.0	1791181.0	2871446.0	3720913.0	3484427.0	6102472.0	3827787.0	5174666.0	5724749.0	3485201.0	3000377.0	1559822.0	3930854.0	3526360.0	2713342.0	2079281.0	2937844.0	1882066.0	2455314.0	3313600.0	3428469.0	492773.0	2484706.0	258942.0	3137703.0	3225266.0	2513137.0	1491276.0	3523145.0	582872.0	1981931.0	2418135.0	2545770.0	2528472.0	3335000.0	3444134.0	4180706.0
CCA	6680764.0	4464803.0	6366290.0	5362347.0	4713848.0	3701621.0	1997884.0	3961042.0	3723534.0	3752584.0	2830014.0	3408375.0	2807979.0	3981712.0	4995803.0	4654926.0	5007309.0	3018009.0	5825646.0	3376812.0	6695716.0	4045308.0	2644344.0	5467426.0	1839302.0	1923808.0	1678668.0	1773889.0	2218098.0	3794953.0	4981907.0	3969464.0	7321246.0	4848453.0	6630127.0	6423961.0	4910823.0	4448205.0	2171363.0	5179219.0	4781717.0	3888896.0	2947143.0	3822679.0	2364887.0	3280025.0	4423775.0	4109469.0	475099.0	3090370.0	300646.0	3391954.0	4655060.0	3816170.0	2100108.0	4687159.0	706862.0	2418498.0	3163150.0	2593690.0	2799437.0	4220603.0	3996758.0	4666524.0
CCC	3765519.0	4120789.0	5698691.0	2796157.0	2852575.0	4232148.0	2138118.0	2538743.0	2205877.0	4098699.0	2479142.0	2143535.0	1449135.0	4157723.0	3974034.0	2640949.0	2918937.0	3420637.0	5908526.0	2145796.0	4045308.0	5975072.0	3259214.0	4245711.0	1457151.0	3026528.0	2246175.0	1405940.0	1421924.0	4859537.0	6196873.0	2645702.0	4263844.0	5393307.0	6852118.0	3914949.0	3293864.0	6278231.0	2996095.0	3845709.0	3226112.0	5145044.0	3222382.0	2658693.0	1326068.0	3630150.0	4598099.0	2378634.0	267520.0	3252236.0	211641.0	1941735.0	2657167.0	4494925.0	2210308.0	3235044.0	522333.0	2642807.0	2784631.0	1785696.0	1263556.0	4333453.0	2575404.0	2860328.0
CCG	2424734.0	2783956.0	3871332.0	2000893.0	1811492.0	2510936.0	2095678.0	1601127.0	1429255.0	2757069.0	1668506.0	1435093.0	1031097.0	2722216.0	2867921.0	1817621.0	2062798.0	2232925.0	3969070.0	1472384.0	2644344.0	3259214.0	3569696.0	2547654.0	1175561.0	2390964.0	1886801.0	1099607.0	944184.0	3073312.0	4158343.0	1710050.0	2990507.0	3866325.0	4972544.0	2870862.0	2361070.0	4283995.0	3428103.0	2640737.0	2257916.0	3837484.0	2319657.0	1881241.0	955150.0	2544060.0	3424140.0	1756679.0	126989.0	2213781.0	109429.0	1338252.0	1737887.0	2651537.0	2232581.0	1936260.0	290785.0	1739238.0	1921509.0	1078549.0	883066.0	2937245.0	1945364.0	1906933.0
CCT	5931230.0	4227357.0	6107417.0	4835916.0	4050723.0	3579980.0	1844802.0	3843156.0	3338558.0	3588976.0	2679339.0	3173135.0	2444455.0	3854688.0	4671005.0	4337835.0	4386845.0	2963290.0	5670780.0	3219717.0	5467426.0	4245711.0	2547654.0	6093782.0	1737008.0	1994273.0	1694593.0	1741346.0	1990192.0	3996222.0	4950880.0	4069636.0	6640064.0	4784488.0	6554409.0	6101324.0	4396961.0	4528874.0	2152186.0	5294118.0	4578498.0	4024583.0	3024705.0	3824941.0	2114974.0	3296236.0	4311777.0	4012475.0	437794.0	2996241.0	265916.0	3150027.0	4042767.0	3920579.0	2008801.0	4905059.0	618733.0	2347832.0	3008905.0	2490697.0	2459714.0	4203411.0	3761321.0	4490207.0
CGA	2893247.0	2050254.0	3082504.0	2151210.0	1690221.0	1535858.0	1072873.0	1477243.0	1662561.0	1659580.0	1282305.0	1369301.0	1111795.0	1982793.0	2221290.0	1976956.0	2139528.0	1439130.0	2563156.0	1487213.0	1839302.0	1457151.0	1175561.0	1737008.0	1368812.0	1323601.0	1119669.0	1100462.0	981652.0	1928477.0	2429612.0	1799435.0	3469043.0	2558006.0	3492432.0	2972076.0	2048833.0	2197180.0	1370911.0	2267614.0	2084418.0	1954195.0	1293303.0	1633216.0	965458.0	1647346.0	2041716.0	1723011.0	149220.0	1492865.0	92744.0	1427169.0	1605989.0	1554808.0	1135957.0	1713538.0	276577.0	1094967.0	1411009.0	1049500.0	1100294.0	1979344.0	1810260.0	1932237.0
CGC	2380002.0	3109092.0	4494645.0	1780107.0	1630335.0	2787869.0	1879948.0	1466276.0	1344434.0	2872864.0	1598928.0	1278905.0	898782.0	3246538.0	2894437.0	1783904.0	1910892.0	2616087.0	4180503.0	1420969.0	1923808.0	3026528.0	2390964.0	1994273.0	1323601.0	3614824.0	2129678.0	1387657.0	949503.0	3895019.0	4875146.0	1794174.0	3038574.0	4566195.0	5788364.0	2817214.0	2217495.0	4981479.0	3189034.0	2573554.0	1971605.0	4239411.0	2028094.0	1774501.0	846699.0	2922883.0	3540334.0	1595697.0	113032.0	2564827.0	91687.0	1281262.0	1467329.0	2802269.0	1904980.0	1755998.0	232612.0	1993018.0	1979135.0	1054668.0	751616.0	3313641.0	1791125.0	1822930.0
CGG	2109816.0	2249161.0	3619836.0	1559068.0	1416187.0	1966016.0	1466409.0	1234511.0	1350353.0	2337434.0	1742381.0	1213041.0	809233.0	2309721.0	2384336.0	1511794.0	1567062.0	1905925.0	3626780.0	1227257.0	1678668.0	2246175.0	1886801.0	1694593.0	1119669.0	2129678.0	2181678.0	996646.0	824125.0	2549896.0	4128851.0	1498145.0	2663920.0	3330910.0	4958824.0	2437891.0	1933766.0	3468044.0	2525178.0	2172795.0	1829945.0	3095489.0	2138401.0	1486388.0	770030.0	2007464.0	3088523.0	1396029.0	115676.0	1806279.0	104704.0	1104480.0	1304497.0	1998570.0	1419448.0	1478044.0	274313.0	1543881.0	1732855.0	987688.0	711178.0	2364985.0	1645206.0	1593075.0
CGT	2733366.0	2013593.0	3065692.0	2165157.0	1624857.0	1534426.0	1009739.0	1518851.0	1489031.0	1546364.0	1166235.0	1350499.0	1066825.0	1939128.0	2196028.0	2021368.0	2015651.0	1392933.0	2461585.0	1494937.0	1773889.0	1405940.0	1099607.0	1741346.0	1100462.0	1387657.0	996646.0	1358442.0	910977.0	1895110.0	2341143.0	1848673.0	3279264.0	2462898.0	3373795.0	3001063.0	1953108.0	2184077.0	1274283.0	2332156.0	1898056.0	1938794.0	1187470.0	1838535.0	946615.0	1638337.0	2002234.0	1816223.0	141835.0	1491068.0	88873.0	1465249.0	1583277.0	1541089.0	1087192.0	1794875.0	218252.0	1079207.0	1374901.0	1097573.0	1132620.0	1985278.0	1838566.0	1962820.0
CTA	3739146.0	2393581.0	3408076.0	2978709.0	2267512.0	1688499.0	969701.0	1937480.0	1891026.0	1694766.0	1356370.0	1682689.0	1799925.0	2309044.0	2700887.0	2736583.0	2573264.0	1500518.0	2777778.0	1791181.0	2218098.0	1421924.0	944184.0	1990192.0	981652.0	949503.0	824125.0	910977.0	2482002.0	2162203.0	2779097.0	2408873.0	4117960.0	2566117.0	3572866.0	3533484.0	2380893.0	2117110.0	1072156.0	2558404.0	2279197.0	1825639.0	1355189.0	1839865.0	1350239.0	1747117.0	2306762.0	2248761.0	326144.0	1691694.0	185261.0	1937428.0	2122485.0	1696835.0	981880.0	2248821.0	337881.0	1201531.0	1644715.0	1384431.0	1743191.0	2400892.0	2353008.0	2764686.0
CTC	5221833.0	5783254.0	7629950.0	3995311.0	3549313.0	4990009.0	2758768.0	3214533.0	2805089.0	4513123.0	2826563.0	2608394.0	2191306.0	6381048.0	5527310.0	4107443.0	3901661.0	4305427.0	6928944.0	2871446.0	3794953.0	4859537.0	3073312.0	3996222.0	1928477.0	3895019.0	2549896.0	1895110.0	2162203.0	8243234.0	7975690.0	4206501.0	6062216.0	7217311.0	8903669.0	5512458.0	4137222.0	7600283.0	3876541.0	4887088.0	3977905.0	6232065.0	3411957.0	3383559.0	1854947.0	5436986.0	5926085.0	3527327.0	354543.0	4452792.0	251069.0	2759805.0	3232607.0	5231081.0	2758423.0	4114629.0	561947.0	3240032.0	3698877.0	2278972.0	1937247.0	6626667.0	3837417.0	4336811.0
CTG	7035559.0	7717445.0	11313170.0	5375609.0	4873212.0	6360657.0	3887823.0	4183132.0	3940977.0	6751393.0	4474781.0	3804175.0	2952711.0	8065840.0	8010737.0	5327482.0	4709212.0	5709604.0	11368538.0	3720913.0	4981907.0	6196873.0	4158343.0	4950880.0	2429612.0	4875146.0	4128851.0	2341143.0	2779097.0	7975690.0	14688434.0	4846242.0	8288754.0	9984539.0	14686905.0	7580325.0	5743890.0	10093333.0	5527563.0	6640029.0	5421340.0	8514459.0	5458748.0	4381953.0	2531454.0	6301109.0	10232988.0	4499752.0	440509.0	5980854.0	339435.0	3717114.0	4118677.0	6004113.0	3461018.0	4767222.0	727230.0	4501104.0	5045517.0	3306798.0	2524101.0	8204975.0	5388213.0	5715206.0
CTT	6939812.0	4446011.0	6592013.0	5664742.0	4043053.0	3095141.0	1744929.0	3846258.0	3488226.0	3113348.0	2508522.0	3194410.0	3038928.0	4281730.0	5048940.0	5451216.0	4641773.0	2746747.0	5086662.0	3484427.0	3969464.0	2645702.0	1710050.0	4069636.0	1799435.0	1794174.0	1498145.0	1848673.0	2408873.0	4206501.0	4846242.0	5339598.0	7740075.0	4770311.0	6721903.0	7003407.0	4497847.0	3965494.0	2010268.0	5284556.0	4439397.0	3487214.0	2622324.0	3811885.0	2370433.0	3394710.0	4273292.0	4696783.0	529595.0	3089861.0	290464.0	3654545.0	3940668.0	3278113.0	1851984.0	4694936.0	591645.0	2294166.0	3144553.0	2683224.0	3117353.0	4824458.0	4616148.0	5771263.0
GAA	16348731.0	8229747.0	13898446.0	11846733.0	7842345.0	5331826.0	3231101.0	6877428.0	7346887.0	5708154.0	4826458.0	6388484.0	6018940.0	7207192.0	9361084.0	9949826.0	9614635.0	4541851.0	9581188.0	6102472.0	7321246.0	4263844.0	2990507.0	6640064.0	3469043.0	3038574.0	2663920.0	3279264.0	4117960.0	6062216.0	8288754.0	7740075.0	21216040.0	9977464.0	15895556.0	15437610.0	8542593.0	6880060.0	3610991.0	9328617.0	8126754.0	5655350.0	4367308.0	6407285.0	4672151.0	5545313.0	7696890.0	8163695.0	983933.0	5360154.0	448201.0	6789070.0	7374984.0	5265017.0	3278003.0	7731311.0	810452.0	3667629.0	5128213.0	4689913.0	6376713.0	7132305.0	8234989.0	9171121.0
GAC	7843022.0	7713573.0	11026242.0	5890227.0	4779476.0	5884967.0	3706267.0	4241310.0	3983689.0	6063267.0	3803411.0	3865319.0	3077772.0	7532015.0	7313612.0	5514380.0	5127355.0	5280938.0	9006759.0	3827787.0	4848453.0	5393307.0	3866325.0	4784488.0	2558006.0	4566195.0	3330910.0	2462898.0	2566117.0	7217311.0	9984539.0	4770311.0	9977464.0	11604462.0	13860342.0	9298791.0	5522914.0	8773797.0	4984473.0	6309080.0	5497149.0	7825521.0	4451671.0	4622459.0	2596797.0	6196636.0	8061496.0	4788358.0	346156.0	5910336.0	225859.0	3904970.0	4256400.0	5652424.0	3568342.0	4854242.0	462890.0	3958857.0	4507342.0	3026399.0	2678344.0	7445896.0	5081877.0	5550357.0
GAG	11613701.0	9667996.0	17411790.0	8313407.0	6487000.0	7341405.0	4769473.0	5819266.0	6098901.0	8132789.0	6320323.0	5549290.0	4232166.0	9530617.0	10344159.0	7724647.0	7291653.0	6497614.0	14072376.0	5174666.0	6630127.0	6852118.0	4972544.0	6554409.0	3492432.0	5788364.0	4958824.0	3373795.0	3572866.0	8903669.0	14686905.0	6721903.0	15895556.0	13860342.0	24629764.0	13205723.0	8185872.0	11649265.0	7109168.0	9427767.0	7540571.0	9533518.0	6683229.0	6185949.0	3632691.0	7629079.0	11668584.0	6848166.0	512120.0	7136525.0	360600.0	5322748.0	5795245.0	6938222.0	4479626.0	6614599.0	677228.0	4993495.0	6001431.0	4299162.0	3815227.0	9114983.0	7641280.0	7388919.0
GAT	12699185.0	7428743.0	11838189.0	10760711.0	6729197.0	4847403.0	3042751.0	6196664.0	5991605.0	5193483.0	4191627.0	5832599.0	5180188.0	6724678.0	8598610.0	9061733.0	7686992.0	4188856.0	8160743.0	5724749.0	6423961.0	3914949.0	2870862.0	6101324.0	2972076.0	2817214.0	2437891.0	3001063.0	3533484.0	5512458.0	7580325.0	7003407.0	15437610.0	9298791.0	13205723.0	15468984.0	7303822.0	6180654.0	3413534.0	8445576.0	7459339.0	5647290.0	4294050.0	6545773.0	4028041.0	5213507.0	7252669.0	7677409.0	710387.0	5144618.0	330405.0	6473354.0	6613714.0	4844212.0	3214153.0	7127307.0	531189.0	3440359.0	4804729.0	4248597.0	5355598.0	6860393.0	7579399.0	8618887.0
GCA	7261215.0	4730810.0	7401093.0	5670507.0	4904395.0	3672660.0	2289024.0	4067220.0	3886875.0	3987301.0	3023328.0	3555497.0	3133472.0	4498729.0	5573476.0	5292714.0	5065140.0	3060694.0	6294557.0	3485201.0	4910823.0	3293864.0	2361070.0	4396961.0	2048833.0	2217495.0	1933766.0	1953108.0	2380893.0	4137222.0	5743890.0	4497847.0	8542593.0	5522914.0	8185872.0	7303822.0	6417458.0	5266041.0	3069993.0	6264826.0	5138741.0	4450193.0	3229651.0	4170221.0	2701196.0	3708932.0	5231909.0	4711663.0	434234.0	3275925.0	267008.0	3552452.0	4439036.0	3615162.0	2267399.0	4542397.0	606135.0	2524610.0	3400669.0	2698830.0	3014498.0	4529926.0	4603902.0	5049359.0
GCC	5547496.0	6474634.0	9355076.0	4224645.0	3939448.0	6159041.0	3486224.0	3611249.0	3019758.0	5915710.0	3424981.0	3007100.0	2189542.0	6902003.0	6363932.0	4283647.0	4183243.0	4914923.0	8885299.0	3000377.0	4448205.0	6278231.0	4283995.0	4528874.0	2197180.0	4981479.0	3468044.0	2184077.0	2117110.0	7600283.0	10093333.0	3965494.0	6880060.0	8773797.0	11649265.0	6180654.0	5266041.0	11130988.0	5695304.0	6352959.0	4630979.0	8329423.0	4511949.0	4091952.0	2033450.0	6141149.0	7584799.0	3817661.0	283750.0	5016171.0	217959.0	2897220.0	3428046.0	5989393.0	3432252.0	4120167.0	504973.0	3817393.0	4110636.0	2400066.0	1887113.0	6776494.0	4118425.0	4251956.0
GCG	2717665.0	3248441.0	5018494.0	2162608.0	1940047.0	2767324.0	2775152.0	1715210.0	1549824.0	3238963.0	2028357.0	1581249.0	1171080.0	3381352.0	3527403.0	2162197.0	2178522.0	2556718.0	4688190.0	1559822.0	2171363.0	2996095.0	3428103.0	2152186.0	1370911.0	3189034.0	2525178.0	1274283.0	1072156.0	3876541.0	5527563.0	2010268.0	3610991.0	4984473.0	7109168.0	3413534.0	3069993.0	5695304.0	6072476.0	3335264.0	2584630.0	5197182.0	3027820.0	2246585.0	1109112.0	3249945.0	4788974.0	2095229.0	120009.0	2565703.0	107053.0	1435225.0	1706752.0	2750569.0	2692951.0	1945997.0	265760.0	2053203.0	2320173.0	1153650.0	966198.0	3501681.0	2430313.0	2176311.0
GCT	7774482.0	5424613.0	8605464.0	6273220.0	4940486.0	4276970.0	2455701.0	4877787.0	4165484.0	4336497.0	3331959.0	3938767.0	3238750.0	5261882.0	6275635.0	6047965.0	5454219.0	3480705.0	7023440.0	3930854.0	5179219.0	3845709.0	2640737.0	5294118.0	2267614.0	2573554.0	2172795.0	2332156.0	2558404.0	4887088.0	6640029.0	5284556.0	9328617.0	6309080.0	9427767.0	8445576.0	6264826.0	6352959.0	3335264.0	8112256.0	5800427.0	5213014.0	3712545.0	5192278.0	2808299.0	4462292.0	5913490.0	5664599.0	456261.0	3823551.0	267814.0	4040723.0	4649563.0	4242760.0	2551748.0	5483022.0	599046.0	2858776.0	3804546.0	3013548.0	3251081.0	5339887.0	5287279.0	5718109.0
GGA	7082217.0	4864241.0	6938428.0	5851689.0	4501147.0	3507667.0	2116669.0	4041311.0	4273392.0	3848560.0	3099262.0	3683012.0	3128668.0	4543972.0	5527828.0	5424127.0	4758187.0	3013830.0	5698070.0	3526360.0	4781717.0	3226112.0	2257916.0	4578498.0	2084418.0	1971605.0	1829945.0	1898056.0	2279197.0	3977905.0	5421340.0	4439397.0	8126754.0	5497149.0	7540571.0	7459339.0	5138741.0	4630979.0	2584630.0	5800427.0	6842720.0	4804097.0	3659784.0	4900357.0	2621530.0	3749280.0	5181508.0	4892268.0	540920.0	3497467.0	305654.0	3871225.0	4129109.0	3466080.0	2102348.0	4483262.0	843377.0	2729492.0	3655038.0	3039517.0	2993474.0	4737552.0	4533462.0	5338758.0
GGC	4639200.0	5799753.0	7696446.0	3853830.0	3401610.0	4979962.0	3164435.0	3102588.0	2732354.0	5491363.0	2990943.0	2798541.0	1985704.0	5945690.0	5640154.0	3838701.0	3487228.0	4222254.0	7209597.0	2713342.0	3888896.0	5145044.0	3837484.0	4024583.0	1954195.0	4239411.0	3095489.0	1938794.0	1825639.0	6232065.0	8514459.0	3487214.0	5655350.0	7825521.0	9533518.0	5647290.0	4450193.0	8329423.0	5197182.0	5213014.0	4804097.0	9117886.0	4430164.0	4356408.0	1836208.0	5297467.0	6844110.0	3485181.0	272502.0	4608443.0	202994.0	2735083.0	2993744.0	4832573.0	3124781.0	3566246.0	502617.0	3602470.0	3948593.0	2281987.0	1661199.0	6076328.0	3631813.0	3933265.0
GGG	3724007.0	3369601.0	5167750.0	3020527.0	2575970.0	2869148.0	1899999.0	2319572.0	2381775.0	3345485.0	2748294.0	2265830.0	1620257.0	3357515.0	3895505.0	2881125.0	2502705.0	2537563.0	4803366.0	2079281.0	2947143.0	3222382.0	2319657.0	3024705.0	1293303.0	2028094.0	2138401.0	1187470.0	1355189.0	3411957.0	5458748.0	2622324.0	4367308.0	4451671.0	6683229.0	4294050.0	3229651.0	4511949.0	3027820.0	3712545.0	3659784.0	4430164.0	4111850.0	2904729.0	1442216.0	2943283.0	4811381.0	2801198.0	262839.0	2624225.0	212715.0	2090257.0	2340847.0	2906962.0	1797128.0	2702825.0	506010.0	2307840.0	2837686.0	1919548.0	1437998.0	3542745.0	2981072.0	3081526.0
GGT	5563612.0	4118143.0	5872293.0	4983290.0	3592933.0	3014891.0	1790402.0	3467890.0	3108322.0	3124344.0	2346707.0	3163068.0	2500979.0	3901290.0	4734601.0	4653275.0	3880704.0	2463317.0	4600334.0	2937844.0	3822679.0	2658693.0	1881241.0	3824941.0	1633216.0	1774501.0	1486388.0	1838535.0	1839865.0	3383559.0	4381953.0	3811885.0	6407285.0	4622459.0	6185949.0	6545773.0	4170221.0	4091952.0	2246585.0	5192278.0	4900357.0	4356408.0	2904729.0	5277590.0	2178666.0	3311129.0	4285519.0	4352741.0	336643.0	3005239.0	196648.0	3290919.0	3441050.0	2930540.0	1892056.0	3899754.0	433374.0	2131385.0	3012059.0	2455250.0	2569694.0	4060907.0	4019392.0	4482388.0
GTA	4247312.0	2391886.0	3558050.0	3422046.0	2556791.0	1659016.0	1025436.0	2172710.0	2050537.0	1692817.0	1376863.0	1964714.0	2003727.0	2217715.0	2851690.0	3075252.0	2605668.0	1405446.0	2650244.0	1882066.0	2364887.0	1326068.0	955150.0	2114974.0	965458.0	846699.0	770030.0	946615.0	1350239.0	1854947.0	2531454.0	2370433.0	4672151.0	2596797.0	3632691.0	4028041.0	2701196.0	2033450.0	1109112.0	2808299.0	2621530.0	1836208.0	1442216.0	2178666.0	2249042.0	1765845.0	2511617.0	2619113.0	342286.0	1701381.0	177302.0	2155874.0	2307103.0	1601671.0	1001576.0	2359428.0	307203.0	1182276.0	1718574.0	1552888.0	1989603.0	2338134.0	2510854.0	3058884.0
GTC	4727273.0	4899897.0	6795465.0	3658075.0	3175812.0	4175423.0	2454722.0	2942573.0	2462385.0	3763124.0	2358991.0	2410884.0	1984871.0	5386281.0	4785467.0	3821950.0	3295052.0	3265666.0	5560571.0	2455314.0	3280025.0	3630150.0	2544060.0	3296236.0	1647346.0	2922883.0	2007464.0	1638337.0	1747117.0	5436986.0	6301109.0	3394710.0	5545313.0	6196636.0	7629079.0	5213507.0	3708932.0	6141149.0	3249945.0	4462292.0	3749280.0	5297467.0	2943283.0	3311129.0	1765845.0	4902210.0	5163679.0	3423624.0	278787.0	3808899.0	185615.0	2540226.0	2773084.0	3877199.0	2356358.0	3287648.0	396182.0	2606012.0	3157910.0	1989015.0	1756381.0	5346361.0	3467142.0	3786366.0
GTG	6604000.0	6189200.0	9506185.0	5167029.0	4437637.0	5019974.0	3385420.0	3875089.0	3548675.0	5272251.0	3737821.0	3553724.0	2876498.0	6486008.0	6945103.0	5143229.0	4175079.0	4288114.0	8283765.0	3313600.0	4423775.0	4598099.0	3424140.0	4311777.0	2041716.0	3540334.0	3088523.0	2002234.0	2306762.0	5926085.0	10232988.0	4273292.0	7696890.0	8061496.0	11668584.0	7252669.0	5231909.0	7584799.0	4788974.0	5913490.0	5181508.0	6844110.0	4811381.0	4285519.0	2511617.0	5163679.0	9240944.0	4541248.0	365918.0	4936793.0	265616.0	3555341.0	3754697.0	4618859.0	2990752.0	4230011.0	531808.0	3593521.0	4344334.0	2967185.0	2498086.0	6606913.0	5102141.0	5335977.0
GTT	7337657.0	4409521.0	6848872.0	6096906.0	4253575.0	3041815.0	1840116.0	4056429.0	3639744.0	3056454.0	2557733.0	3464958.0	3210818.0	4193501.0	5201368.0	5833583.0	4598229.0	2499479.0	4729380.0	3428469.0	4109469.0	2378634.0	1756679.0	4012475.0	1723011.0	1595697.0	1396029.0	1816223.0	2248761.0	3527327.0	4499752.0	4696783.0	8163695.0	4788358.0	6848166.0	7677409.0	4711663.0	3817661.0	2095229.0	5664599.0	4892268.0	3485181.0	2801198.0	4352741.0	2619113.0	3423624.0	4541248.0	5406234.0	513399.0	3100280.0	265611.0	3870056.0	4089344.0	2987407.0	1915429.0	4560035.0	491016.0	2178104.0	3175953.0	2747759.0	3354438.0	4487524.0	4881054.0	5736380.0
TAA	1352426.0	505327.0	724162.0	1054288.0	586360.0	302021.0	137061.0	508531.0	719017.0	386196.0	375390.0	483939.0	610311.0	411537.0	580163.0	842829.0	686931.0	333096.0	490380.0	492773.0	475099.0	267520.0	126989.0	437794.0	149220.0	113032.0	115676.0	141835.0	326144.0	354543.0	440509.0	529595.0	983933.0	346156.0	512120.0	710387.0	434234.0	283750.0	120009.0	456261.0	540920.0	272502.0	262839.0	336643.0	342286.0	278787.0	365918.0	513399.0	966020.0	352661.0	344006.0	666096.0	602922.0	343696.0	142064.0	578753.0	464999.0	371772.0	450591.0	551146.0	750435.0	505507.0	584950.0	1008751.0
TAC	4885188.0	4994475.0	6518522.0	3878159.0	3081245.0	3725227.0	2192065.0	2781566.0	2549004.0	3497468.0	2245487.0	2332177.0	2138377.0	4888970.0	4744303.0	3773798.0	3211442.0	3287461.0	5298374.0	2484706.0	3090370.0	3252236.0	2213781.0	2996241.0	1492865.0	2564827.0	1806279.0	1491068.0	1691694.0	4452792.0	5980854.0	3089861.0	5360154.0	5910336.0	7136525.0	5144618.0	3275925.0	5016171.0	2565703.0	3823551.0	3497467.0	4608443.0	2624225.0	3005239.0	1701381.0	3808899.0	4936793.0	3100280.0	352661.0	4832290.0	202789.0	3031537.0	2613536.0	3383847.0	2009076.0	2977823.0	356420.0	2596589.0	3057179.0	2090368.0	1880200.0	5233069.0	3282449.0	3984486.0
TAG	596832.0	285384.0	456066.0	438224.0	331877.0	211662.0	108460.0	269983.0	406532.0	271621.0	295378.0	269096.0	283974.0	243182.0	357273.0	382333.0	341666.0	219825.0	369528.0	258942.0	300646.0	211641.0	109429.0	265916.0	92744.0	91687.0	104704.0	88873.0	185261.0	251069.0	339435.0	290464.0	448201.0	225859.0	360600.0	330405.0	267008.0	217959.0	107053.0	267814.0	305654.0	202994.0	212715.0	196648.0	177302.0	185615.0	265616.0	265611.0	344006.0	202789.0	202802.0	295267.0	329461.0	240467.0	105208.0	313838.0	278033.0	242389.0	328024.0	302598.0	319853.0	301023.0	347609.0	482826.0
TAT	6640754.0	3782658.0	5440460.0	5814596.0	3638746.0	2462128.0	1436120.0	3258950.0	3229708.0	2479759.0	2053210.0	2908551.0	3087651.0	3487544.0	4423446.0	5004838.0	3950298.0	2206519.0	3890105.0	3137703.0	3391954.0	1941735.0	1338252.0	3150027.0	1427169.0	1281262.0	1104480.0	1465249.0	1937428.0	2759805.0	3717114.0	3654545.0	6789070.0	3904970.0	5322748.0	6473354.0	3552452.0	2897220.0	1435225.0	4040723.0	3871225.0	2735083.0	2090257.0	3290919.0	2155874.0	2540226.0	3555341.0	3870056.0	666096.0	3031537.0	295267.0	4913880.0	3407454.0	2385266.0	1442166.0	3739292.0	453765.0	1866475.0	2693243.0	2569005.0	3202194.0	3893238.0	3892606.0	5286641.0
TCA	7013438.0	4135730.0	5847159.0	5971252.0	4670713.0	3114255.0	1750962.0	3922946.0	3652555.0	3383114.0	2516874.0	3629803.0	3011891.0	3644682.0	4642651.0	4944185.0	4721769.0	2446885.0	4674708.0	3225266.0	4655060.0	2657167.0	1737887.0	4042767.0	1605989.0	1467329.0	1304497.0	1583277.0	2122485.0	3232607.0	4118677.0	3940668.0	7374984.0	4256400.0	5795245.0	6613714.0	4439036.0	3428046.0	1706752.0	4649563.0	4129109.0	2993744.0	2340847.0	3441050.0	2307103.0	2773084.0	3754697.0	4089344.0	602922.0	2613536.0	329461.0	3407454.0	5423366.0	3576026.0	2084699.0	5118950.0	686003.0	2094053.0	2816611.0	2681540.0	3242080.0	3858550.0	4099775.0	4905686.0
TCC	4714092.0	4657916.0	6131723.0	3717294.0	3385873.0	4447226.0	2235565.0	3091918.0	2675965.0	4347103.0	2561708.0	2729438.0	1899008.0	4651563.0	4455114.0	3424589.0	3432012.0	3378047.0	5683682.0	2513137.0	3816170.0	4494925.0	2651537.0	3920579.0	1554808.0	2802269.0	1998570.0	1541089.0	1696835.0	5231081.0	6004113.0	3278113.0	5265017.0	5652424.0	6938222.0	4844212.0	3615162.0	5989393.0	2750569.0	4242760.0	3466080.0	4832573.0	2906962.0	2930540.0	1601671.0	3877199.0	4618859.0	2987407.0	343696.0	3383847.0	240467.0	2385266.0	3576026.0	5628026.0	2605262.0	4412135.0	564299.0	2691464.0	2940651.0	2116895.0	1808941.0	4946164.0	3232664.0	3662987.0
TCG	2754330.0	2784879.0	3815001.0	2370937.0	1937170.0	2302177.0	1971516.0	1728437.0	1485924.0	2571958.0	1470639.0	1628508.0	1182116.0	2704534.0	2803630.0	2123149.0	2121668.0	1872673.0	3271885.0	1491276.0	2100108.0	2210308.0	2232581.0	2008801.0	1135957.0	1904980.0	1419448.0	1087192.0	981880.0	2758423.0	3461018.0	1851984.0	3278003.0	3568342.0	4479626.0	3214153.0	2267399.0	3432252.0	2692951.0	2551748.0	2102348.0	3124781.0	1797128.0	1892056.0	1001576.0	2356358.0	2990752.0	1915429.0	142064.0	2009076.0	105208.0	1442166.0	2084699.0	2605262.0	2519048.0	2301281.0	247671.0	1495059.0	1739749.0	1099828.0	1092075.0	2832028.0	2209732.0	2146869.0
TCT	7069211.0	4544181.0	6488938.0	6029871.0	4527137.0	3548086.0	1850669.0	4397142.0	3731137.0	3731087.0	2688893.0	3859392.0	2954465.0	4111228.0	4962832.0	5229122.0	4771191.0	2796787.0	5266373.0	3523145.0	4687159.0	3235044.0	1936260.0	4905059.0	1713538.0	1755998.0	1478044.0	1794875.0	2248821.0	4114629.0	4767222.0	4694936.0	7731311.0	4854242.0	6614599.0	7127307.0	4542397.0	4120167.0	1945997.0	5483022.0	4483262.0	3566246.0	2702825.0	3899754.0	2359428.0	3287648.0	4230011.0	4560035.0	578753.0	2977823.0	313838.0	3739292.0	5118950.0	4412135.0	2301281.0	7685412.0	627053.0	2345279.0	3012169.0	2910279.0	3182159.0	4623721.0	4444556.0	5685917.0
TGA	952678.0	510122.0	751331.0	584992.0	690855.0	482309.0	264059.0	519211.0	1002871.0	644246.0	693215.0	533826.0	400082.0	448217.0	602803.0	564230.0	718689.0	526616.0	799756.0	582872.0	706862.0	522333.0	290785.0	618733.0	276577.0	232612.0	274313.0	218252.0	337881.0	561947.0	727230.0	591645.0	810452.0	462890.0	677228.0	531189.0	606135.0	504973.0	265760.0	599046.0	843377.0	502617.0	506010.0	433374.0	307203.0	396182.0	531808.0	491016.0	464999.0	356420.0	278033.0	453765.0	686003.0	564299.0	247671.0	627053.0	904370.0	633676.0	818681.0	697323.0	436765.0	575660.0	586848.0	813077.0
TGC	3371123.0	3295920.0	4331006.0	2669277.0	2309524.0	2734969.0	1604288.0	2025258.0	2055566.0	2910697.0	2001398.0	1810065.0	1450559.0	3173263.0	3164737.0	2512294.0	2233036.0	2773943.0	3890381.0	1981931.0	2418498.0	2642807.0	1739238.0	2347832.0	1094967.0	1993018.0	1543881.0	1079207.0	1201531.0	3240032.0	4501104.0	2294166.0	3667629.0	3958857.0	4993495.0	3440359.0	2524610.0	3817393.0	2053203.0	2858776.0	2729492.0	3602470.0	2307840.0	2131385.0	1182276.0	2606012.0	3593521.0	2178104.0	371772.0	2596589.0	242389.0	1866475.0	2094053.0	2691464.0	1495059.0	2345279.0	633676.0	3247938.0	2525044.0	2339722.0	1332045.0	3421218.0	2399827.0	2760862.0
TGG	4686799.0	3762341.0	5495325.0	3692782.0	3104786.0	3031426.0	1864044.0	2689453.0	2880781.0	3128603.0	2620121.0	2416770.0	2077730.0	3789289.0	4246905.0	3645473.0	3066033.0	2573702.0	4510532.0	2418135.0	3163150.0	2784631.0	1921509.0	3008905.0	1411009.0	1979135.0	1732855.0	1374901.0	1644715.0	3698877.0	5045517.0	3144553.0	5128213.0	4507342.0	6001431.0	4804729.0	3400669.0	4110636.0	2320173.0	3804546.0	3655038.0	3948593.0	2837686.0	3012059.0	1718574.0	3157910.0	4344334.0	3175953.0	450591.0	3057179.0	328024.0	2693243.0	2816611.0	2940651.0	1739749.0	3012169.0	818681.0	2525044.0	3721290.0	2306886.0	1984248.0	4256248.0	3394386.0	3957172.0
TGT	4502451.0	2871030.0	3907199.0	3731751.0	2743226.0	2064720.0	1139119.0	2425020.0	2467619.0	2190539.0	1825496.0	2305366.0	2000467.0	2530745.0	3127525.0	3258407.0	2694473.0	2199860.0	3241159.0	2545770.0	2593690.0	1785696.0	1078549.0	2490697.0	1049500.0	1054668.0	987688.0	1097573.0	1384431.0	2278972.0	3306798.0	2683224.0	4689913.0	3026399.0	4299162.0	4248597.0	2698830.0	2400066.0	1153650.0	3013548.0	3039517.0	2281987.0	1919548.0	2455250.0	1552888.0	1989015.0	2967185.0	2747759.0	551146.0	2090368.0	302598.0	2569005.0	2681540.0	2116895.0	1099828.0	2910279.0	697323.0	2339722.0	2306886.0	3354494.0	2106654.0	2815938.0	2857135.0	3655057.0
TTA	6423676.0	2864161.0	4128202.0	5399718.0	3237446.0	1728722.0	1030728.0	2783410.0	2827611.0	1789119.0	1577536.0	2550634.0	2959588.0	2477482.0	3515290.0	4521236.0	3708930.0	1498189.0	2864458.0	2528472.0	2799437.0	1263556.0	883066.0	2459714.0	1100294.0	751616.0	711178.0	1132620.0	1743191.0	1937247.0	2524101.0	3117353.0	6376713.0	2678344.0	3815227.0	5355598.0	3014498.0	1887113.0	966198.0	3251081.0	2993474.0	1661199.0	1437998.0	2569694.0	1989603.0	1756381.0	2498086.0	3354438.0	750435.0	1880200.0	319853.0	3202194.0	3242080.0	1808941.0	1092075.0	3182159.0	436765.0	1332045.0	1984248.0	2106654.0	3601508.0	2761513.0	3385917.0	4591399.0
