	AAA	AAC	AAG	AAT	ACA	ACC	ACG	ACT	AGA	AGC	AGG	AGT	ATA	ATC	ATG	ATT	CAA	CAC	CAG	CAT	CCA	CCC	CCG	CCT	CGA	CGC	CGG	CGT	CTA	CTC	CTG	CTT	GAA	GAC	GAG	GAT	GCA	GCC	GCG	GCT	GGA	GGC	GGG	GGT	GTA	GTC	GTG	GTT	TAA	TAC	TAG	TAT	TCA	TCC	TCG	TCT	TGA	TGC	TGG	TGT	TTA	TTC	TTG	TTT
Start	2683.0	2159.0	3095.0	1887.0	1845.0	2048.0	1223.0	1607.5	1443.0	2006.5	1090.5	1544.5	977.5	1884.5	14577.0	1583.5	1699.5	1335.0	2238.5	1062.5	1844.5	1835.5	1396.0	1833.5	918.5	1298.5	880.0	871.5	922.0	2437.0	2140.0	1594.5	2960.5	2498.0	2983.0	2312.0	2302.0	2714.0	2004.0	2428.5	1706.0	1846.5	1024.5	1415.0	906.5	1672.5	2332.5	1478.5	0.0	1299.5	0.0	1020.5	1830.0	2371.0	1536.0	2145.5	1.0	1148.0	1329.0	1093.0	1022.0	2255.0	1857.5	2084.0
AAA	15619.0	7340.0	13449.5	9427.0	7123.5	4518.0	2533.0	6172.5	6391.0	4940.5	3514.0	5677.0	4894.5	6271.0	8731.5	8411.5	7797.5	3859.5	7156.5	5243.0	6618.5	3446.0	2284.5	5656.0	3032.0	2623.5	2110.5	2411.5	3494.0	4919.0	6559.0	6207.5	15743.0	7718.5	11651.0	11727.0	7388.0	5487.0	2701.0	7739.5	6795.5	4724.0	2951.0	5301.5	3971.0	4731.0	6741.5	6496.5	204.0	4807.0	116.5	5571.0	6552.0	4518.0	2366.0	6547.5	199.0	3250.5	4317.0	3984.5	4646.5	6186.0	6987.0	7859.0
AAC	7340.0	8020.0	9408.5	6368.5	4380.5	5212.5	2855.0	4098.0	3238.0	5009.0	2615.5	3501.5	2763.5	6880.0	6623.0	5315.0	4811.0	4100.5	6790.0	3435.0	4398.5	4278.0	2705.5	4019.0	2201.5	3307.5	2174.0	2016.0	2362.0	6234.0	6098.0	4147.5	8436.5	7853.5	10117.0	7468.5	4939.0	6594.5	3025.0	5559.5	4723.5	5985.5	2944.0	3980.5	2363.5	5302.5	5826.0	3975.0	107.0	5185.0	80.5	3799.5	3863.5	4621.0	2751.5	4193.0	126.0	3194.5	3779.5	2523.5	2606.5	6664.0	4820.0	4816.0
AAG	13449.5	9408.5	19371.0	8274.0	6091.0	6666.0	4203.5	5386.5	5160.5	6884.5	4346.5	4696.5	3949.5	9351.0	9148.5	7440.5	7203.0	5460.5	10377.0	4521.5	5907.5	5601.5	3979.0	5576.5	3413.0	4797.5	3548.5	3149.0	3157.0	7940.0	9239.5	5634.5	13702.5	11556.5	18093.0	11126.5	7163.5	9211.0	4745.0	8235.0	6225.5	7745.5	4328.0	5732.0	3378.0	7578.5	9172.5	5974.0	200.5	6924.5	174.0	5000.5	4803.0	5855.0	3838.0	5565.5	240.0	4103.5	5273.5	3274.5	3847.0	8649.0	6971.0	6579.0
AAT	9427.0	6368.5	8274.0	8011.0	5555.0	3801.0	2085.5	4798.0	4351.5	3868.0	2594.0	4488.5	3590.5	5215.0	6376.0	6519.5	5625.0	3194.0	5940.0	4058.5	5189.5	2727.0	1961.0	4379.5	2069.0	1912.0	1684.5	1698.0	2676.5	4010.0	5096.0	4678.5	10388.5	6104.5	7848.5	8680.5	5363.5	4302.0	2301.0	5761.5	5433.5	3996.5	2478.0	4053.5	2953.5	3834.0	5003.0	4825.5	123.0	3989.5	76.0	4584.0	4764.0	3686.5	2065.5	5101.0	121.0	2585.0	3367.0	3206.5	3699.0	5258.0	5262.0	6172.5
ACA	7123.5	4380.5	6091.0	5555.0	4936.0	3469.5	2016.5	4100.0	3034.0	3158.5	1795.5	3379.5	2770.5	4068.5	4799.0	4810.5	4358.5	2443.0	4246.5	3006.5	4390.0	2566.0	1853.0	3773.0	1782.0	1796.5	1337.0	1493.5	2060.0	3518.5	3802.0	3679.0	8140.0	4743.0	6167.0	6728.0	4746.5	3971.0	1991.5	4889.0	4112.5	3503.5	1899.5	3428.0	2483.0	3290.5	4081.5	3847.0	86.5	3017.0	57.0	3350.5	4096.5	3041.0	1985.0	4035.5	97.0	1981.0	2575.5	2353.5	2697.0	4078.0	3963.5	4616.5
ACC	4518.0	5212.5	6666.0	3801.0	3469.5	4998.0	2488.5	3329.5	1981.0	3636.0	1793.5	2249.5	1931.0	5324.5	4565.5	3748.5	3713.0	3094.0	4885.5	2322.5	3433.0	3909.5	2503.0	3266.5	1720.0	2910.5	1634.5	1674.0	1784.0	5139.5	4465.5	3130.0	5450.0	5855.0	6949.5	5417.5	3882.0	5840.5	2661.0	4575.5	3313.5	4786.5	2211.5	3268.0	1717.5	4382.5	4035.0	3143.5	79.0	3797.0	54.0	2492.0	2856.5	4155.5	2361.0	3399.5	89.0	2205.5	2836.0	1606.5	1659.0	5216.0	3329.0	3286.5
ACG	2533.0	2855.0	4203.5	2085.5	2016.5	2488.5	1903.0	1725.5	1273.0	2494.5	1448.0	1485.0	1084.5	2951.0	2989.0	2128.0	2027.5	1895.5	3411.0	1443.0	2006.5	2105.0	1832.5	1987.5	1067.5	1705.5	1312.5	979.5	961.5	2708.0	3583.5	1789.5	3222.5	3569.0	4862.5	3215.5	2311.0	3285.5	2053.0	2623.0	2052.0	2965.0	1850.0	1904.5	962.0	2302.0	3176.0	1845.5	42.0	2160.5	41.0	1400.5	1747.5	2264.5	1625.0	1857.0	65.0	1443.0	1893.0	1035.5	849.0	2962.5	2131.0	2106.0
ACT	6172.5	4098.0	5386.5	4798.0	4100.0	3329.5	1725.5	4082.0	2849.0	2912.5	1665.5	3021.0	2345.0	3899.0	4294.0	4306.5	3873.0	2150.5	4006.0	2697.5	3792.5	2409.0	1690.0	3545.0	1589.5	1684.0	1261.5	1428.5	1711.5	3367.5	3538.0	3335.5	6963.5	4290.5	5386.5	5969.0	3944.0	3812.0	1834.5	4671.0	3717.0	3348.5	1821.0	3276.0	2109.5	3194.0	3581.5	3604.5	77.0	2705.5	53.0	3025.0	3608.0	2942.5	1871.5	3897.5	86.0	1741.5	2381.0	2040.5	2381.0	3887.0	3548.5	3983.0
AGA	6391.0	3238.0	5160.5	4351.5	3034.0	1981.0	1273.0	2849.0	3710.0	2262.5	1991.0	2607.5	2156.5	2798.0	3518.0	3674.0	3497.5	1809.0	3107.0	2374.0	3007.5	1615.5	1228.0	2660.0	1669.0	1339.5	1078.5	1311.0	1484.0	2236.5	2685.5	2647.5	6955.5	3568.5	4979.0	5440.5	3285.0	2509.5	1440.0	3531.0	3267.0	2268.0	1489.5	2671.5	1785.5	2264.0	2777.5	2888.5	93.5	2274.0	62.0	2691.5	2765.5	1994.5	1263.0	3069.5	105.0	1461.0	1987.0	1770.5	2230.5	2792.0	3217.5	3507.0
AGC	4940.5	5009.0	6884.5	3868.0	3158.5	3636.0	2494.5	2912.5	2262.5	4397.0	2088.5	3004.0	1869.0	4495.5	4586.5	3417.5	3466.5	2776.0	4790.5	2263.5	3274.0	3104.0	2430.5	3089.0	1768.0	2658.0	1732.5	1656.0	1613.0	4269.5	4270.5	2841.5	5767.0	5874.5	7249.0	5305.0	3881.5	4872.5	2868.0	4225.0	3450.0	4613.5	2381.0	3130.0	1670.5	3843.0	4102.0	2824.0	83.0	3361.5	70.0	2315.5	2891.0	3553.5	2551.0	3259.0	112.0	2036.5	2741.5	1664.0	1654.5	4496.0	3107.0	3297.5
AGG	3514.0	2615.5	4346.5	2594.0	1795.5	1793.5	1448.0	1665.5	1991.0	2088.5	2141.0	1669.5	1299.5	2396.0	2719.5	2187.5	2103.0	1574.0	3050.0	1472.0	1862.5	1636.0	1413.0	1826.0	1172.5	1380.5	1301.5	984.5	967.5	2179.5	2860.0	1764.5	4279.5	3375.5	5033.5	3511.5	2187.0	2730.5	1781.5	2479.5	2122.5	2348.5	1853.5	1682.5	1035.0	2065.5	2627.5	1860.0	67.0	1913.0	65.0	1660.0	1589.0	1656.5	1302.5	1744.5	110.0	1148.5	1623.0	1036.0	1193.0	2372.0	2122.0	2115.0
AGT	5677.0	3501.5	4696.5	4488.5	3379.5	2249.5	1485.0	3021.0	2607.5	3004.0	1669.5	3457.0	2054.0	2946.0	3853.0	3748.0	3481.5	1848.0	3451.0	2434.0	3092.5	1778.5	1477.5	2827.5	1478.0	1421.0	1154.0	1258.0	1482.5	2368.0	3064.5	2735.5	6543.5	3565.5	5000.0	5626.5	3377.0	2808.5	1642.0	3720.5	3255.0	2713.0	1772.5	2954.5	1877.5	2356.5	3311.0	3038.0	77.0	2246.0	54.0	2625.5	3287.0	2362.5	1616.0	3276.0	90.5	1544.0	2009.0	1912.0	2088.0	2854.0	3290.0	3598.5
ATA	4894.5	2763.5	3949.5	3590.5	2770.5	1931.0	1084.5	2345.0	2156.5	1869.0	1299.5	2054.0	2036.0	2761.5	3308.0	3386.0	2761.5	1522.5	2943.5	1922.0	2560.5	1395.5	962.0	2191.0	1042.0	886.5	843.5	842.0	1438.0	2152.5	2888.5	2514.5	5326.5	2947.5	3792.5	4177.5	2772.0	2227.5	1130.5	2842.5	2812.0	1989.0	1268.5	1892.0	1544.0	1860.0	2676.0	2462.5	62.0	1917.5	37.5	2291.5	2355.5	1814.0	1025.0	2467.5	68.0	1264.0	1742.0	1564.5	1946.5	2779.5	2631.0	3441.5
ATC	6271.0	6880.0	9351.0	5215.0	4068.5	5324.5	2951.0	3899.0	2798.0	4495.5	2396.0	2946.0	2761.5	8031.0	6442.0	5461.5	4457.0	4038.5	6404.5	3222.5	3984.5	4325.0	2709.5	3854.5	2212.0	3467.5	2189.5	1959.5	2420.5	6717.5	6507.5	4423.5	7712.5	7818.0	9697.0	7098.0	5052.5	7178.5	3133.0	5757.5	4746.5	6395.5	3184.5	4131.5	2368.0	5888.0	5739.5	4095.5	99.5	5272.0	74.0	3557.5	3538.5	4703.5	2558.5	3900.5	121.5	2968.0	4151.0	2211.5	2432.5	7570.5	4692.0	4823.0
ATG	8731.5	6623.0	9148.5	6376.0	4799.0	4565.5	2989.0	4294.0	3518.0	4586.5	2719.5	3853.0	3308.0	6442.0	7766.0	6081.5	5321.5	3795.5	7109.0	3715.0	4628.0	3955.0	2842.0	4177.0	2471.0	3163.0	2328.5	2084.0	2529.0	5736.0	6541.5	4450.0	9443.0	7503.5	10039.0	8177.5	5264.0	6382.0	3362.5	5993.5	5086.5	5992.5	3238.0	4473.5	2793.0	5238.0	6656.0	4683.5	118.0	4905.5	90.0	4224.0	4096.0	4110.0	2907.0	4235.5	141.5	3066.5	3800.5	2782.0	3068.5	6598.5	5332.5	5827.5
ATT	8411.5	5315.0	7440.5	6519.5	4810.5	3748.5	2128.0	4306.5	3674.0	3417.5	2187.5	3748.0	3386.0	5461.5	6081.5	6472.0	4860.5	2826.0	5331.5	3550.0	4407.5	2742.5	1926.0	3851.0	1990.5	1947.5	1607.0	1711.5	2442.0	4339.5	5071.5	4510.0	9283.0	5778.5	7421.0	7801.0	4868.0	4859.0	2344.0	5623.0	5017.5	4395.5	2444.5	4024.0	2789.0	4170.0	4997.5	4736.0	116.0	3763.0	71.0	4230.0	4103.0	3223.5	2045.0	4332.5	112.5	2333.5	3350.0	2872.5	3365.0	5348.5	4925.5	5995.5
CAA	7797.5	4811.0	7203.0	5625.0	4358.5	3713.0	2027.5	3873.0	3497.5	3466.5	2103.0	3481.5	2761.5	4457.0	5321.5	4860.5	6305.0	3016.0	6520.0	3334.5	4786.0	3144.0	2243.5	4293.0	2102.0	2084.5	1684.0	1816.5	2318.0	4076.0	4603.5	4044.0	9429.5	5363.0	7489.5	6702.5	4740.5	4924.5	2405.5	5114.5	4312.5	3804.0	2006.0	3367.5	2311.0	3469.0	4292.5	3653.5	103.5	3211.0	67.0	3369.0	3948.0	3530.5	2229.5	4297.5	111.5	2057.5	2785.0	2357.5	2947.5	4301.5	4124.5	4673.5
CAC	3859.5	4100.5	5460.5	3194.0	2443.0	3094.0	1895.5	2150.5	1809.0	2776.0	1574.0	1848.0	1522.5	4038.5	3795.5	2826.0	3016.0	3296.0	3987.0	2381.5	2636.5	2842.5	1985.0	2522.0	1494.5	2432.5	1454.0	1455.0	1427.0	4004.5	3781.5	2507.0	4515.0	5069.5	5941.0	4263.0	2964.0	4288.0	2195.5	3338.5	2596.5	3686.5	1879.0	2460.0	1353.0	3299.0	3368.0	2317.5	65.0	3148.5	50.0	2043.0	2136.5	2923.0	1832.5	2315.0	83.0	2005.0	2292.5	1549.0	1324.5	3973.5	2685.0	2724.0
CAG	7156.5	6790.0	10377.0	5940.0	4246.5	4885.5	3411.0	4006.0	3107.0	4790.5	3050.0	3451.0	2943.5	6404.5	7109.0	5331.5	6520.0	3987.0	9548.0	3752.5	4733.0	4422.0	3631.0	4525.5	2579.0	3959.0	2619.5	2609.5	2473.5	6112.5	6785.5	4593.0	9082.5	8078.5	11783.5	8086.5	5743.5	7205.5	4298.0	6571.0	4802.0	6243.5	3360.5	4443.0	2530.5	5564.5	5925.5	4403.0	116.0	4853.5	101.0	3671.0	3899.0	4535.5	3410.5	4109.0	139.0	2711.5	3917.5	2326.5	2803.5	6323.5	5133.0	4727.5
CAT	5243.0	3435.0	4521.5	4058.5	3006.5	2322.5	1443.0	2697.5	2374.0	2263.5	1472.0	2434.0	1922.0	3222.5	3715.0	3550.0	3334.5	2381.5	3752.5	3062.0	3104.5	1981.5	1514.5	2675.5	1458.5	1542.5	1246.0	1329.0	1539.5	2785.5	3253.5	2794.0	5910.0	3919.0	4687.5	5183.0	3194.5	3058.0	1671.0	3582.0	2976.0	2754.5	1594.0	2516.5	1674.0	2586.0	3029.0	2776.0	75.5	2461.0	51.0	2712.0	2705.0	2212.0	1531.0	2828.0	82.5	1695.0	2044.5	2073.5	2030.5	3143.5	3038.5	3390.0
CCA	6618.5	4398.5	5907.5	5189.5	4390.0	3433.0	2006.5	3792.5	3007.5	3274.0	1862.5	3092.5	2560.5	3984.5	4628.0	4407.5	4786.0	2636.5	4733.0	3104.5	5963.0	3412.0	2758.5	4871.5	1989.5	2070.0	1454.0	1687.5	1983.0	3562.0	3850.0	3439.5	7528.0	4793.0	5922.5	6357.0	4714.5	4185.0	2234.0	4787.0	4188.0	3692.5	2023.0	3793.0	2342.0	3283.5	4083.5	3796.5	96.0	3096.0	60.0	3251.5	4215.5	3268.5	2194.0	4046.5	101.5	1971.5	2541.5	2185.5	2508.5	4049.0	3752.0	4160.5
CCC	3446.0	4278.0	5601.5	2727.0	2566.0	3909.5	2105.0	2409.0	1615.5	3104.0	1636.0	1778.5	1395.5	4325.0	3955.0	2742.5	3144.0	2842.5	4422.0	1981.5	3412.0	4425.0	2684.0	3469.5	1529.0	2783.5	1514.0	1538.5	1390.5	4304.5	3696.0	2510.5	4323.5	5148.0	5974.5	4116.5	3193.5	5162.0	2531.5	3747.5	2703.5	4290.0	1864.5	2776.0	1304.0	3604.0	3165.0	2486.0	64.0	3301.0	49.0	1894.5	2366.5	3759.0	2308.0	2764.0	74.0	1729.0	2400.5	1227.0	1122.0	4241.5	2529.0	2557.5
CCG	2284.5	2705.5	3979.0	1961.0	1853.0	2503.0	1832.5	1690.0	1228.0	2430.5	1413.0	1477.5	962.0	2709.5	2842.0	1926.0	2243.5	1985.0	3631.0	1514.5	2758.5	2684.0	2756.0	2654.0	1235.5	1961.5	1442.5	1095.0	970.0	2756.5	3317.5	1737.5	3152.0	3652.0	4744.0	3117.5	2408.5	3474.5	2468.5	2814.0	2171.0	3112.0	1839.5	1948.0	953.0	2391.0	2936.0	1822.5	41.0	2171.0	43.0	1415.0	1753.5	2461.5	2004.5	1943.0	69.0	1358.0	1827.0	992.5	742.5	2914.0	2005.5	1954.0
CCT	5656.0	4019.0	5576.5	4379.5	3773.0	3266.5	1987.5	3545.0	2660.0	3089.0	1826.0	2827.5	2191.0	3854.5	4177.0	3851.0	4293.0	2522.0	4525.5	2675.5	4871.5	3469.5	2654.0	4981.0	1833.0	2120.0	1489.0	1691.0	1729.0	3505.5	3564.0	3175.0	6611.0	4739.5	5904.0	5749.0	4062.5	4260.0	2252.0	4638.5	3993.0	3854.5	2065.5	3521.5	2005.5	3440.5	3385.0	3465.5	80.0	2981.5	59.0	2829.5	3423.5	3264.5	2140.5	3977.0	92.5	1759.0	2398.5	1991.5	2123.0	3927.5	3225.5	3651.5
CGA	3032.0	2201.5	3413.0	2069.0	1782.0	1720.0	1067.5	1589.5	1669.0	1768.0	1172.5	1478.0	1042.0	2212.0	2471.0	1990.5	2102.0	1494.5	2579.0	1458.5	1989.5	1529.0	1235.5	1833.0	1277.0	1436.0	1121.5	1106.0	1054.0	2194.0	2321.0	1812.0	3757.5	2912.5	3844.5	3019.0	2186.0	2470.0	1319.5	2459.5	2068.0	2155.5	1262.5	1648.5	1003.5	1799.5	2113.0	1580.5	46.5	1630.5	36.0	1487.5	1566.5	1732.5	1164.5	1850.5	66.0	1098.0	1502.0	1051.5	985.5	2236.0	1838.5	2023.0
CGC	2623.5	3307.5	4797.5	1912.0	1796.5	2910.5	1705.5	1684.0	1339.5	2658.0	1380.5	1421.0	886.5	3467.5	3163.0	1947.5	2084.5	2432.5	3959.0	1542.5	2070.0	2783.5	1961.5	2120.0	1436.0	3061.0	1651.0	1351.0	1059.5	3854.5	3673.5	1962.0	3497.5	4542.5	5608.0	3059.5	2375.0	4440.0	2316.0	2897.0	2119.0	3634.0	1520.0	1915.5	905.0	2933.0	2878.5	1698.0	48.0	2705.0	42.0	1464.0	1615.0	2835.0	1717.5	1979.0	71.0	1613.0	2113.5	920.0	731.5	3516.5	2007.5	2056.5
CGG	2110.5	2174.0	3548.5	1684.5	1337.0	1634.5	1312.5	1261.5	1078.5	1732.5	1301.5	1154.0	843.5	2189.5	2328.5	1607.0	1684.0	1454.0	2619.5	1246.0	1454.0	1514.0	1442.5	1489.0	1121.5	1651.0	1383.0	1000.5	837.0	2099.0	2439.0	1550.5	2799.0	2973.5	4236.5	2710.0	1887.0	2492.5	1826.0	2100.0	1602.0	2204.5	1508.5	1498.0	773.5	1847.0	2292.0	1453.5	39.0	1640.5	40.0	1163.0	1220.5	1597.5	1318.0	1393.0	69.0	1029.0	1478.0	777.0	699.5	2205.0	1766.5	1576.5
CGT	2411.5	2016.0	3149.0	1698.0	1493.5	1674.0	979.5	1428.5	1311.0	1656.0	984.5	1258.0	842.0	1959.5	2084.0	1711.5	1816.5	1455.0	2609.5	1329.0	1687.5	1538.5	1095.0	1691.0	1106.0	1351.0	1000.5	1257.0	889.5	2015.0	2208.0	1643.5	3074.0	2620.5	3630.5	2591.5	1953.0	2461.5	1196.5	2267.0	1771.0	2100.0	1113.0	1774.5	816.0	1715.5	2020.5	1509.0	43.0	1517.0	32.0	1245.0	1338.0	1620.5	1093.0	1596.0	50.0	1056.0	1374.0	964.0	828.0	2057.0	1637.5	1686.5
CTA	3494.0	2362.0	3157.0	2676.5	2060.0	1784.0	961.5	1711.5	1484.0	1613.0	967.5	1482.5	1438.0	2420.5	2529.0	2442.0	2318.0	1427.0	2473.5	1539.5	1983.0	1390.5	970.0	1729.0	1054.0	1059.5	837.0	889.5	1270.0	2230.0	2357.5	1992.5	4048.5	2708.0	3322.0	3288.0	2250.0	2325.0	1115.0	2398.0	1999.5	2015.0	1059.0	1630.0	1202.5	1846.5	2100.0	1869.5	48.0	1683.0	33.0	1705.5	1811.0	1675.0	1031.5	1849.5	53.0	1035.0	1465.0	1081.0	1445.5	2395.5	2086.0	2305.0
CTC	4919.0	6234.0	7940.0	4010.0	3518.5	5139.5	2708.0	3367.5	2236.5	4269.5	2179.5	2368.0	2152.5	6717.5	5736.0	4339.5	4076.0	4004.5	6112.5	2785.5	3562.0	4304.5	2756.5	3505.5	2194.0	3854.5	2099.0	2015.0	2230.0	7366.0	6171.5	4174.0	6661.5	7024.5	8710.5	6040.0	4562.5	7068.5	3240.0	5176.5	3776.5	5759.5	2741.5	3738.5	1976.5	5447.0	5079.0	3487.5	80.5	4578.0	64.5	2774.0	3097.5	4844.0	2522.5	3538.0	102.0	2777.0	3746.5	1776.5	1830.0	6756.5	3833.5	4048.0
CTG	6559.0	6098.0	9239.5	5096.0	3802.0	4465.5	3583.5	3538.0	2685.5	4270.5	2860.0	3064.5	2888.5	6507.5	6541.5	5071.5	4603.5	3781.5	6785.5	3253.5	3850.0	3696.0	3317.5	3564.0	2321.0	3673.5	2439.0	2208.0	2357.5	6171.5	7182.0	4408.5	7970.0	7893.5	10301.5	7424.0	4955.5	6496.0	4241.0	5750.5	4429.0	6049.0	3336.5	4210.0	2416.0	5520.5	6045.5	4462.0	90.5	4652.5	83.0	3341.5	3324.5	3984.5	3261.5	3535.5	120.5	2692.0	3972.0	2254.5	2469.0	6602.0	5249.5	4913.5
CTT	6207.5	4147.5	5634.5	4678.5	3679.0	3130.0	1789.5	3335.5	2647.5	2841.5	1764.5	2735.5	2514.5	4423.5	4450.0	4510.0	4044.0	2507.0	4593.0	2794.0	3439.5	2510.5	1737.5	3175.0	1812.0	1962.0	1550.5	1643.5	1992.5	4174.0	4408.5	3783.0	7137.0	4984.5	6177.5	6075.0	4062.0	4367.0	2072.5	4616.0	3813.5	3763.0	1964.5	3234.5	2104.5	3619.5	3690.5	3734.5	76.5	3059.5	54.0	3036.5	3166.0	2929.5	1874.5	3535.0	88.0	1839.0	2672.5	2073.5	2484.5	4426.5	3873.0	4430.5
GAA	15743.0	8436.5	13702.5	10388.5	8140.0	5450.0	3222.5	6963.5	6955.5	5767.0	4279.5	6543.5	5326.5	7712.5	9443.0	9283.0	9429.5	4515.0	9082.5	5910.0	7528.0	4323.5	3152.0	6611.0	3757.5	3497.5	2799.0	3074.0	4048.5	6661.5	7970.0	7137.0	21122.0	10509.5	15654.5	14723.5	8792.5	7482.0	3838.0	9502.0	7628.0	6239.0	3689.0	6351.0	4661.0	6224.0	7956.0	7479.5	197.5	5698.0	123.0	6256.0	7244.5	5101.0	3234.0	7339.5	202.0	3698.0	5078.0	4773.5	5291.5	7384.5	8020.0	8470.5
GAC	7718.5	7853.5	11556.5	6104.5	4743.0	5855.0	3569.0	4290.5	3568.5	5874.5	3375.5	3565.5	2947.5	7818.0	7503.5	5778.5	5363.0	5069.5	8078.5	3919.0	4793.0	5148.0	3652.0	4739.5	2912.5	4542.5	2973.5	2620.5	2708.0	7024.5	7893.5	4984.5	10509.5	11500.0	13535.0	9630.5	5961.5	8032.0	4165.5	6726.5	5362.5	7311.5	3956.5	4901.0	2674.5	6367.5	6953.5	4631.0	119.0	6064.0	102.0	4041.0	4308.5	5395.0	3274.5	4698.5	160.5	3597.5	4747.0	2600.5	2617.5	7610.5	5321.0	5325.0
GAG	11651.0	10117.0	18093.0	7848.5	6167.0	6949.5	4862.5	5386.5	4979.0	7249.0	5033.5	5000.0	3792.5	9697.0	10039.0	7421.0	7489.5	5941.0	11783.5	4687.5	5922.5	5974.5	4744.0	5904.0	3844.5	5608.0	4236.5	3630.5	3322.0	8710.5	10301.5	6177.5	15654.5	13535.0	23403.0	12550.5	8128.5	10320.5	6494.0	9049.5	6405.5	8703.0	5603.0	6044.0	3487.0	8067.5	10209.5	6279.0	182.0	7314.0	177.5	4929.0	4894.0	6210.5	4492.5	5650.0	261.5	4334.5	6026.0	3346.0	3463.0	9308.5	7352.5	6683.0
GAT	11727.0	7468.5	11126.5	8680.5	6728.0	5417.5	3215.5	5969.0	5440.5	5305.0	3511.5	5626.5	4177.5	7098.0	8177.5	7801.0	6702.5	4263.0	8086.5	5183.0	6357.0	4116.5	3117.5	5749.0	3019.0	3059.5	2710.0	2591.5	3288.0	6040.0	7424.0	6075.0	14723.5	9630.5	12550.5	12884.0	6891.0	6983.5	3570.5	7978.5	6850.5	6361.0	3790.5	5536.5	3672.0	5581.0	7072.0	6198.5	153.0	5287.5	109.0	5647.5	5918.5	4892.5	3279.0	6438.0	172.0	3327.5	4673.5	4034.0	4167.5	7133.5	6526.0	7646.0
GCA	7388.0	4939.0	7163.5	5363.5	4746.5	3882.0	2311.0	3944.0	3285.0	3881.5	2187.0	3377.0	2772.0	5052.5	5264.0	4868.0	4740.5	2964.0	5743.5	3194.5	4714.5	3193.5	2408.5	4062.5	2186.0	2375.0	1887.0	1953.0	2250.0	4562.5	4955.5	4062.0	8792.5	5961.5	8128.5	6891.0	5859.0	5603.0	2917.5	5873.0	4486.0	4661.0	2600.5	3854.5	2589.5	4200.0	4892.0	4077.0	91.0	3470.0	68.0	3336.5	3885.5	3553.5	2373.5	4095.0	117.5	2216.0	3007.5	2391.5	2630.5	4833.0	4247.0	4664.0
GCC	5487.0	6594.5	9211.0	4302.0	3971.0	5840.5	3285.5	3812.0	2509.5	4872.5	2730.5	2808.5	2227.5	7178.5	6382.0	4859.0	4924.5	4288.0	7205.5	3058.0	4185.0	5162.0	3474.5	4260.0	2470.0	4440.0	2492.5	2461.5	2325.0	7068.5	6496.0	4367.0	7482.0	8032.0	10320.5	6983.5	5603.0	9187.0	4350.0	6824.0	4435.5	6895.0	3127.5	4616.5	2196.0	6223.5	5668.0	4234.5	101.0	5072.0	79.0	3002.5	3455.5	5316.5	3263.5	4081.0	123.0	2901.0	3955.5	1977.5	1900.5	6822.5	4468.0	4360.5
GCG	2701.0	3025.0	4745.0	2301.0	1991.5	2661.0	2053.0	1834.5	1440.0	2868.0	1781.5	1642.0	1130.5	3133.0	3362.5	2344.0	2405.5	2195.5	4298.0	1671.0	2234.0	2531.5	2468.5	2252.0	1319.5	2316.0	1826.0	1196.5	1115.0	3240.0	4241.0	2072.5	3838.0	4165.5	6494.0	3570.5	2917.5	4350.0	3491.0	3393.5	2585.0	3810.5	2391.0	2369.0	1086.0	2704.0	3957.0	2256.5	54.0	2359.5	50.0	1506.0	1791.0	2482.5	2017.0	2058.5	81.0	1552.0	2180.0	1093.5	862.5	3264.0	2508.0	2284.0
GCT	7739.5	5559.5	8235.0	5761.5	4889.0	4575.5	2623.0	4671.0	3531.0	4225.0	2479.5	3720.5	2842.5	5757.5	5993.5	5623.0	5114.5	3338.5	6571.0	3582.0	4787.0	3747.5	2814.0	4638.5	2459.5	2897.0	2100.0	2267.0	2398.0	5176.5	5750.5	4616.0	9502.0	6726.5	9049.5	7978.5	5873.0	6824.0	3393.5	7655.0	5188.0	5489.0	2941.5	4850.0	2748.0	5071.5	5467.0	4872.5	111.0	3922.0	79.0	3729.5	4317.5	4141.5	2784.0	4726.0	133.5	2541.5	3434.5	2609.0	2855.0	5655.5	4931.5	5099.5
GGA	6795.5	4723.5	6225.5	5433.5	4112.5	3313.5	2052.0	3717.0	3267.0	3450.0	2122.5	3255.0	2812.0	4746.5	5086.5	5017.5	4312.5	2596.5	4802.0	2976.0	4188.0	2703.5	2171.0	3993.0	2068.0	2119.0	1602.0	1771.0	1999.5	3776.5	4429.0	3813.5	7628.0	5362.5	6405.5	6850.5	4486.0	4435.5	2585.0	5188.0	5839.0	4739.0	2772.5	4440.5	2453.0	3929.0	4571.0	4124.0	102.0	3496.0	71.0	3600.5	3484.0	3026.5	2086.5	3721.5	122.0	2379.5	3136.5	2557.0	2645.5	4643.5	4047.5	4644.0
GGC	4724.0	5985.5	7745.5	3996.5	3503.5	4786.5	2965.0	3348.5	2268.0	4613.5	2348.5	2713.0	1989.0	6395.5	5992.5	4395.5	3804.0	3686.5	6243.5	2754.5	3692.5	4290.0	3112.0	3854.5	2155.5	3634.0	2204.5	2100.0	2015.0	5759.5	6049.0	3763.0	6239.0	7311.5	8703.0	6361.0	4661.0	6895.0	3810.5	5489.0	4739.0	7136.0	3284.5	4861.0	2025.0	5426.5	5472.0	3655.0	85.5	4693.0	78.5	2878.0	3042.0	4359.5	2919.0	3530.0	119.0	2823.5	3927.5	1882.5	1681.5	6342.5	3941.5	4153.5
GGG	2951.0	2944.0	4328.0	2478.0	1899.5	2211.5	1850.0	1821.0	1489.5	2381.0	1853.5	1772.5	1268.5	3184.5	3238.0	2444.5	2006.0	1879.0	3360.5	1594.0	2023.0	1864.5	1839.5	2065.5	1262.5	1520.0	1508.5	1113.0	1059.0	2741.5	3336.5	1964.5	3689.0	3956.5	5603.0	3790.5	2600.5	3127.5	2391.0	2941.5	2772.5	3284.5	2928.0	2309.0	1195.5	2727.0	3717.0	2212.0	59.0	2343.0	60.5	1765.0	1636.5	2076.5	1711.0	1844.0	106.0	1486.5	2238.0	1171.0	1144.0	3152.5	2476.5	2474.5
GGT	5301.5	3980.5	5732.0	4053.5	3428.0	3268.0	1904.5	3276.0	2671.5	3130.0	1682.5	2954.5	1892.0	4131.5	4473.5	4024.0	3367.5	2460.0	4443.0	2516.5	3793.0	2776.0	1948.0	3521.5	1648.5	1915.5	1498.0	1774.5	1630.0	3738.5	4210.0	3234.5	6351.0	4901.0	6044.0	5536.5	3854.5	4616.5	2369.0	4850.0	4440.5	4861.0	2309.0	4663.0	1892.0	3521.0	3993.0	3467.5	81.0	2970.5	59.0	2834.0	2865.0	2987.0	2038.5	3477.5	94.0	2034.5	2814.0	2169.0	1931.0	4067.5	3472.0	3935.5
GTA	3971.0	2363.5	3378.0	2953.5	2483.0	1717.5	962.0	2109.5	1785.5	1670.5	1035.0	1877.5	1544.0	2368.0	2793.0	2789.0	2311.0	1353.0	2530.5	1674.0	2342.0	1304.0	953.0	2005.5	1003.5	905.0	773.5	816.0	1202.5	1976.5	2416.0	2104.5	4661.0	2674.5	3487.0	3672.0	2589.5	2196.0	1086.0	2748.0	2453.0	2025.0	1195.5	1892.0	1446.0	1852.5	2402.0	2217.0	50.0	1679.5	34.0	1867.0	2026.0	1570.0	967.5	2152.0	58.0	1119.0	1592.0	1395.0	1559.0	2324.5	2260.5	2698.5
GTC	4731.0	5302.5	7578.5	3834.0	3290.5	4382.5	2302.0	3194.0	2264.0	3843.0	2065.5	2356.5	1860.0	5888.0	5238.0	4170.0	3469.0	3299.0	5564.5	2586.0	3283.5	3604.0	2391.0	3440.5	1799.5	2933.0	1847.0	1715.5	1846.5	5447.0	5520.5	3619.5	6224.0	6367.5	8067.5	5581.0	4200.0	6223.5	2704.0	5071.5	3929.0	5426.5	2727.0	3521.0	1852.5	4996.0	4906.5	3286.0	78.0	4137.0	66.5	2722.0	2756.0	3943.0	2121.0	3330.0	104.5	2487.0	3524.0	1649.0	1731.5	5838.5	3730.0	3861.0
GTG	6741.5	5826.0	9172.5	5003.0	4081.5	4035.0	3176.0	3581.5	2777.5	4102.0	2627.5	3311.0	2676.0	5739.5	6656.0	4997.5	4292.5	3368.0	5925.5	3029.0	4083.5	3165.0	2936.0	3385.0	2113.0	2878.5	2292.0	2020.5	2100.0	5079.0	6045.5	3690.5	7956.0	6953.5	10209.5	7072.0	4892.0	5668.0	3957.0	5467.0	4571.0	5472.0	3717.0	3993.0	2402.0	4906.5	7421.0	4030.0	86.0	4435.5	86.0	3418.5	3189.5	3727.5	2855.5	3421.5	131.5	2889.5	3883.0	2478.0	2417.5	6035.5	5019.5	4986.5
GTT	6496.5	3975.0	5974.0	4825.5	3847.0	3143.5	1845.5	3604.5	2888.5	2824.0	1860.0	3038.0	2462.5	4095.5	4683.5	4736.0	3653.5	2317.5	4403.0	2776.0	3796.5	2486.0	1822.5	3465.5	1580.5	1698.0	1453.5	1509.0	1869.5	3487.5	4462.0	3734.5	7479.5	4631.0	6279.0	6198.5	4077.0	4234.5	2256.5	4872.5	4124.0	3655.0	2212.0	3467.5	2217.0	3286.0	4030.0	4038.0	93.0	2811.0	61.5	3165.0	3309.0	2810.0	1841.0	3717.0	99.0	1877.5	2645.0	2240.5	2518.5	3990.5	3834.0	4515.5
TAA	204.0	107.0	200.5	123.0	86.5	79.0	42.0	77.0	93.5	83.0	67.0	77.0	62.0	99.5	118.0	116.0	103.5	65.0	116.0	75.5	96.0	64.0	41.0	80.0	46.5	48.0	39.0	43.0	48.0	80.5	90.5	76.5	197.5	119.0	182.0	153.0	91.0	101.0	54.0	111.0	102.0	85.5	59.0	81.0	50.0	78.0	86.0	93.0	0.0	82.0	0.0	84.0	80.0	76.0	43.0	89.0	0.0	52.0	76.0	56.5	62.0	96.0	88.5	111.0
TAC	4807.0	5185.0	6924.5	3989.5	3017.0	3797.0	2160.5	2705.5	2274.0	3361.5	1913.0	2246.0	1917.5	5272.0	4905.5	3763.0	3211.0	3148.5	4853.5	2461.0	3096.0	3301.0	2171.0	2981.5	1630.5	2705.0	1640.5	1517.0	1683.0	4578.0	4652.5	3059.5	5698.0	6064.0	7314.0	5287.5	3470.0	5072.0	2359.5	3922.0	3496.0	4693.0	2343.0	2970.5	1679.5	4137.0	4435.5	2811.0	82.0	4656.0	62.0	3063.0	2453.5	3302.5	1947.5	2782.5	94.0	2404.0	3181.0	1873.5	1751.0	5399.5	3360.5	3826.5
TAG	116.5	80.5	174.0	76.0	57.0	54.0	41.0	53.0	62.0	70.0	65.0	54.0	37.5	74.0	90.0	71.0	67.0	50.0	101.0	51.0	60.0	49.0	43.0	59.0	36.0	42.0	40.0	32.0	33.0	64.5	83.0	54.0	123.0	102.0	177.5	109.0	68.0	79.0	50.0	79.0	71.0	78.5	60.5	59.0	34.0	66.5	86.0	61.5	0.0	62.0	0.0	55.0	50.0	51.0	42.0	54.5	0.0	38.0	67.0	33.0	37.0	75.0	73.0	68.0
TAT	5571.0	3799.5	5000.5	4584.0	3350.5	2492.0	1400.5	3025.0	2691.5	2315.5	1660.0	2625.5	2291.5	3557.5	4224.0	4230.0	3369.0	2043.0	3671.0	2712.0	3251.5	1894.5	1415.0	2829.5	1487.5	1464.0	1163.0	1245.0	1705.5	2774.0	3341.5	3036.5	6256.0	4041.0	4929.0	5647.5	3336.5	3002.5	1506.0	3729.5	3600.5	2878.0	1765.0	2834.0	1867.0	2722.0	3418.5	3165.0	84.0	3063.0	55.0	3557.0	2784.5	2212.5	1407.0	2988.0	86.0	1678.5	2572.5	2140.5	2299.0	3754.5	3413.0	4268.0
TCA	6552.0	3863.5	4803.0	4764.0	4096.5	2856.5	1747.5	3608.0	2765.5	2891.0	1589.0	3287.0	2355.5	3538.5	4096.0	4103.0	3948.0	2136.5	3899.0	2705.0	4215.5	2366.5	1753.5	3423.5	1566.5	1615.0	1220.5	1338.0	1811.0	3097.5	3324.5	3166.0	7244.5	4308.5	4894.0	5918.5	3885.5	3455.5	1791.0	4317.5	3484.0	3042.0	1636.5	2865.0	2026.0	2756.0	3189.5	3309.0	80.0	2453.5	50.0	2784.5	4302.0	3114.5	2113.5	4310.5	93.0	1594.0	2218.5	2027.0	2435.5	3452.0	3426.5	3943.0
TCC	4518.0	4621.0	5855.0	3686.5	3041.0	4155.5	2264.5	2942.5	1994.5	3553.5	1656.5	2362.5	1814.0	4703.5	4110.0	3223.5	3530.5	2923.0	4535.5	2212.0	3268.5	3759.0	2461.5	3264.5	1732.5	2835.0	1597.5	1620.5	1675.0	4844.0	3984.5	2929.5	5101.0	5395.0	6210.5	4892.5	3553.5	5316.5	2482.5	4141.5	3026.5	4359.5	2076.5	2987.0	1570.0	3943.0	3727.5	2810.0	76.0	3302.5	51.0	2212.5	3114.5	4739.0	2575.5	3609.0	87.0	1982.5	2449.0	1487.0	1719.0	4604.0	2985.5	3082.0
TCG	2366.0	2751.5	3838.0	2065.5	1985.0	2361.0	1625.0	1871.5	1263.0	2551.0	1302.5	1616.0	1025.0	2558.5	2907.0	2045.0	2229.5	1832.5	3410.5	1531.0	2194.0	2308.0	2004.5	2140.5	1164.5	1717.5	1318.0	1093.0	1031.5	2522.5	3261.5	1874.5	3234.0	3274.5	4492.5	3279.0	2373.5	3263.5	2017.0	2784.0	2086.5	2919.0	1711.0	2038.5	967.5	2121.0	2855.5	1841.0	43.0	1947.5	42.0	1407.0	2113.5	2575.5	2113.0	2308.5	65.0	1363.5	1773.0	962.5	878.0	2685.5	2134.0	2004.0
TCT	6547.5	4193.0	5565.5	5101.0	4035.5	3399.5	1857.0	3897.5	3069.5	3259.0	1744.5	3276.0	2467.5	3900.5	4235.5	4332.5	4297.5	2315.0	4109.0	2828.0	4046.5	2764.0	1943.0	3977.0	1850.5	1979.0	1393.0	1596.0	1849.5	3538.0	3535.5	3535.0	7339.5	4698.5	5650.0	6438.0	4095.0	4081.0	2058.5	4726.0	3721.5	3530.0	1844.0	3477.5	2152.0	3330.0	3421.5	3717.0	89.0	2782.5	54.5	2988.0	4310.5	3609.0	2308.5	4893.0	92.5	1730.0	2329.0	2035.5	2536.0	3819.5	3614.5	4100.5
TGA	199.0	126.0	240.0	121.0	97.0	89.0	65.0	86.0	105.0	112.0	110.0	90.5	68.0	121.5	141.5	112.5	111.5	83.0	139.0	82.5	101.5	74.0	69.0	92.5	66.0	71.0	69.0	50.0	53.0	102.0	120.5	88.0	202.0	160.5	261.5	172.0	117.5	123.0	81.0	133.5	122.0	119.0	106.0	94.0	58.0	104.5	131.5	99.0	0.0	94.0	0.0	86.0	93.0	87.0	65.0	92.5	2.0	72.0	118.5	65.0	63.0	123.5	115.0	117.0
TGC	3250.5	3194.5	4103.5	2585.0	1981.0	2205.5	1443.0	1741.5	1461.0	2036.5	1148.5	1544.0	1264.0	2968.0	3066.5	2333.5	2057.5	2005.0	2711.5	1695.0	1971.5	1729.0	1358.0	1759.0	1098.0	1613.0	1029.0	1056.0	1035.0	2777.0	2692.0	1839.0	3698.0	3597.5	4334.5	3327.5	2216.0	2901.0	1552.0	2541.5	2379.5	2823.5	1486.5	2034.5	1119.0	2487.0	2889.5	1877.5	52.0	2404.0	38.0	1678.5	1594.0	1982.5	1363.5	1730.0	72.0	2637.0	1999.0	1945.5	1112.5	3226.5	2121.5	2350.5
TGG	4317.0	3779.5	5273.5	3367.0	2575.5	2836.0	1893.0	2381.0	1987.0	2741.5	1623.0	2009.0	1742.0	4151.0	3800.5	3350.0	2785.0	2292.5	3917.5	2044.5	2541.5	2400.5	1827.0	2398.5	1502.0	2113.5	1478.0	1374.0	1465.0	3746.5	3972.0	2672.5	5078.0	4747.0	6026.0	4673.5	3007.5	3955.5	2180.0	3434.5	3136.5	3927.5	2238.0	2814.0	1592.0	3524.0	3883.0	2645.0	76.0	3181.0	67.0	2572.5	2218.5	2449.0	1773.0	2329.0	118.5	1999.0	3233.0	1670.5	1645.0	4383.0	3013.0	3387.5
TGT	3984.5	2523.5	3274.5	3206.5	2353.5	1606.5	1035.5	2040.5	1770.5	1664.0	1036.0	1912.0	1564.5	2211.5	2782.0	2872.5	2357.5	1549.0	2326.5	2073.5	2185.5	1227.0	992.5	1991.5	1051.5	920.0	777.0	964.0	1081.0	1776.5	2254.5	2073.5	4773.5	2600.5	3346.0	4034.0	2391.5	1977.5	1093.5	2609.0	2557.0	1882.5	1171.0	2169.0	1395.0	1649.0	2478.0	2240.5	56.5	1873.5	33.0	2140.5	2027.0	1487.0	962.5	2035.5	65.0	1945.5	1670.5	2286.0	1564.0	2292.5	2403.0	2933.5
TTA	4646.5	2606.5	3847.0	3699.0	2697.0	1659.0	849.0	2381.0	2230.5	1654.5	1193.0	2088.0	1946.5	2432.5	3068.5	3365.0	2947.5	1324.5	2803.5	2030.5	2508.5	1122.0	742.5	2123.0	985.5	731.5	699.5	828.0	1445.5	1830.0	2469.0	2484.5	5291.5	2617.5	3463.0	4167.5	2630.5	1900.5	862.5	2855.0	2645.5	1681.5	1144.0	1931.0	1559.0	1731.5	2417.5	2518.5	62.0	1751.0	37.0	2299.0	2435.5	1719.0	878.0	2536.0	63.0	1112.5	1645.0	1564.0	2073.0	2503.5	2725.0	3362.5
TTC	6186.0	6664.0	8649.0	5258.0	4078.0	5216.0	2962.5	3887.0	2792.0	4496.0	2372.0	2854.0	2779.5	7570.5	6598.5	5348.5	4301.5	3973.5	6323.5	3143.5	4049.0	4241.5	2914.0	3927.5	2236.0	3516.5	2205.0	2057.0	2395.5	6756.5	6602.0	4426.5	7384.5	7610.5	9308.5	7133.5	4833.0	6822.5	3264.0	5655.5	4643.5	6342.5	3152.5	4067.5	2324.5	5838.5	6035.5	3990.5	96.0	5399.5	75.0	3754.5	3452.0	4604.0	2685.5	3819.5	123.5	3226.5	4383.0	2292.5	2503.5	8306.0	4702.0	5127.0
TTG	6987.0	4820.0	6971.0	5262.0	3963.5	3329.0	2131.0	3548.5	3217.5	3107.0	2122.0	3290.0	2631.0	4692.0	5332.5	4925.5	4124.5	2685.0	5133.0	3038.5	3752.0	2529.0	2005.5	3225.5	1838.5	2007.5	1766.5	1637.5	2086.0	3833.5	5249.5	3873.0	8020.0	5321.0	7352.5	6526.0	4247.0	4468.0	2508.0	4931.5	4047.5	3941.5	2476.5	3472.0	2260.5	3730.0	5019.5	3834.0	88.5	3360.5	73.0	3413.0	3426.5	2985.5	2134.0	3614.5	115.0	2121.5	3013.0	2403.0	2725.0	4702.0	4576.0	4773.0
TTT	7859.0	4816.0	6579.0	6172.5	4616.5	3286.5	2106.0	3983.0	3507.0	3297.5	2115.0	3598.5	3441.5	4823.0	5827.5	5995.5	4673.5	2724.0	4727.5	3390.0	4160.5	2557.5	1954.0	3651.5	2023.0	2056.5	1576.5	1686.5	2305.0	4048.0	4913.5	4430.5	8470.5	5325.0	6683.0	7646.0	4664.0	4360.5	2284.0	5099.5	4644.0	4153.5	2474.5	3935.5	2698.5	3861.0	4986.5	4515.5	111.0	3826.5	68.0	4268.0	3943.0	3082.0	2004.0	4100.5	117.0	2350.5	3387.5	2933.5	3362.5	5127.0	4773.0	6688.0
End	4340.5	2354.0	4394.5	2307.0	1864.5	1492.5	916.0	1655.5	1842.0	1841.0	1700.0	1577.0	1238.0	1886.5	2380.5	2009.5	1931.0	1429.5	2538.5	1440.0	1673.5	1308.5	920.5	1539.0	871.0	995.0	980.5	733.0	918.5	1734.5	2106.0	1581.0	3538.5	2471.5	3824.5	2672.5	1840.0	1887.5	995.5	2110.0	1876.5	1843.5	1555.0	1432.5	1083.0	1589.0	2133.0	1705.5	4988.5	1735.0	3428.0	1575.0	1671.0	1474.5	938.0	1708.0	5380.0	1247.5	1716.5	1210.0	1260.5	2173.0	1898.5	2287.5
