	AAA	AAC	AAG	AAT	ACA	ACC	ACG	ACT	AGA	AGC	AGG	AGT	ATA	ATC	ATG	ATT	CAA	CAC	CAG	CAT	CCA	CCC	CCG	CCT	CGA	CGC	CGG	CGT	CTA	CTC	CTG	CTT	GAA	GAC	GAG	GAT	GCA	GCC	GCG	GCT	GGA	GGC	GGG	GGT	GTA	GTC	GTG	GTT	TAA	TAC	TAG	TAT	TCA	TCC	TCG	TCT	TGA	TGC	TGG	TGT	TTA	TTC	TTG	TTT
AAA	15039.0	7377.5	13030.5	9383.0	6999.0	4436.0	2514.5	6115.5	6172.0	4987.5	3453.5	5637.5	5013.5	6370.0	8793.0	8499.0	7727.5	3815.5	7084.0	5051.5	6509.0	3388.0	2230.5	5569.0	3023.5	2626.5	2093.5	2401.0	3550.5	4984.0	6623.0	6222.0	15316.0	7744.5	11471.5	11852.0	7411.5	5514.0	2689.5	7820.5	6867.0	4803.0	3060.0	5195.5	4035.0	4839.0	6942.0	6581.0	196.0	4866.5	114.0	5623.0	6358.5	4462.5	2344.0	6489.0	189.0	3333.0	4327.0	4067.0	4593.5	6342.5	6904.5	7956.0
AAC	7377.5	7983.0	9409.0	6371.0	4459.0	5287.0	2888.0	4103.5	3200.0	5075.5	2569.5	3531.0	2769.0	6762.5	6488.0	5341.0	4890.5	4075.0	6758.5	3484.5	4458.5	4264.5	2692.0	4043.5	2192.5	3342.5	2147.0	2004.0	2330.0	6090.5	5975.5	4135.0	8361.5	7908.5	10053.0	7374.0	4953.0	6618.0	3023.0	5561.0	4758.5	5979.5	2976.5	3972.0	2342.5	5326.0	5769.5	3917.5	113.0	5125.0	84.0	3770.0	3912.5	4672.5	2756.5	4232.5	131.0	3275.0	3736.5	2571.5	2598.5	6720.0	4756.5	4766.0
AAG	13030.5	9409.0	18401.0	8176.0	6115.0	6669.5	4226.5	5324.0	5054.0	6839.0	4216.0	4688.5	4019.0	9496.0	9226.5	7606.5	7167.5	5419.5	10214.5	4468.5	5817.5	5510.0	3917.5	5439.5	3352.5	4752.5	3488.5	3104.5	3190.5	8164.5	9436.0	5784.5	13572.0	11608.0	17687.0	11087.0	7231.5	9279.5	4728.0	8224.0	6227.5	7823.5	4333.5	5793.0	3457.5	7668.5	9346.0	6097.5	199.0	6936.0	169.5	5045.0	4794.5	5795.0	3829.0	5560.0	241.0	4201.5	5339.5	3338.5	3881.0	8848.0	7052.5	6696.5
AAT	9383.0	6371.0	8176.0	8007.0	5535.5	3795.5	2072.5	4883.5	4296.0	3885.5	2481.0	4451.0	3580.5	5237.5	6406.5	6501.5	5608.0	3231.0	5988.5	4101.5	5119.5	2735.0	1948.5	4398.0	2080.5	1941.0	1663.5	1732.5	2650.0	3965.0	5085.0	4635.5	10318.5	6170.0	7786.5	8712.0	5356.0	4366.5	2309.5	5764.5	5275.0	4076.0	2438.5	3996.0	2927.5	3882.5	5066.5	4811.5	118.0	3948.5	70.0	4551.5	4703.0	3700.5	2075.5	5080.5	124.0	2656.5	3330.5	3269.5	3697.5	5215.5	5259.0	6055.0
ACA	6999.0	4459.0	6115.0	5535.5	4739.0	3386.5	1984.5	3985.0	3058.5	3119.0	1786.0	3359.0	2775.5	4102.0	4765.0	4838.5	4399.5	2466.5	4231.0	3021.0	4330.0	2532.0	1830.5	3745.0	1786.5	1819.5	1334.5	1490.5	2057.0	3519.5	3810.0	3674.5	8074.0	4751.5	6199.0	6797.0	4697.5	3912.0	1983.0	4834.0	4036.5	3493.0	1907.0	3377.0	2433.5	3303.0	4107.0	3833.0	86.0	3014.0	54.0	3310.0	4078.0	2984.5	1990.5	4064.5	96.0	1987.5	2591.5	2412.5	2653.0	4114.5	3976.0	4558.5
ACC	4436.0	5287.0	6669.5	3795.5	3386.5	4861.0	2453.0	3272.5	1996.0	3585.0	1809.0	2243.0	1933.5	5344.5	4509.0	3809.5	3712.0	3125.0	4862.0	2354.0	3385.0	3877.5	2476.0	3232.0	1693.0	2874.5	1632.5	1672.5	1802.0	5140.5	4520.5	3136.5	5497.5	5874.5	7024.0	5366.0	3857.0	5802.0	2660.0	4521.0	3287.0	4763.0	2217.5	3251.5	1705.0	4397.5	4074.0	3193.5	76.0	3719.0	54.5	2476.5	2815.0	4156.0	2318.0	3346.5	87.0	2177.0	2856.5	1632.5	1679.0	5147.0	3354.5	3315.5
ACG	2514.5	2888.0	4226.5	2072.5	1984.5	2453.0	1859.0	1709.5	1271.0	2463.5	1421.5	1466.5	1087.5	2959.5	2952.5	2103.0	2022.5	1922.0	3433.0	1420.5	2005.5	2123.0	1795.0	1987.5	1090.0	1713.5	1325.0	987.5	976.0	2660.5	3551.5	1799.5	3249.0	3587.5	4897.0	3238.5	2301.0	3279.0	2055.5	2589.5	2088.5	2972.0	1872.0	1907.0	970.5	2283.5	3154.0	1849.0	41.0	2136.0	42.0	1406.0	1734.0	2264.5	1635.0	1838.0	67.5	1466.0	1909.5	1045.0	857.0	2907.0	2138.0	2057.5
ACT	6115.5	4103.5	5324.0	4883.5	3985.0	3272.5	1709.5	3905.0	2833.5	2866.0	1663.0	2977.0	2354.5	3923.0	4280.0	4313.5	3934.0	2162.5	4031.0	2717.5	3713.5	2404.5	1685.0	3499.5	1586.5	1678.0	1243.0	1420.5	1728.5	3390.0	3575.5	3357.5	6951.5	4321.5	5396.5	5965.5	3895.0	3852.0	1818.5	4660.0	3676.5	3397.0	1821.5	3167.5	2078.5	3195.5	3627.0	3688.5	77.0	2686.5	53.5	2981.0	3588.0	2887.0	1874.5	3832.0	84.0	1789.0	2370.5	2066.5	2400.0	3837.0	3573.5	3943.5
AGA	6172.0	3200.0	5054.0	4296.0	3058.5	1996.0	1271.0	2833.5	3535.0	2269.0	1964.5	2628.5	2151.5	2781.0	3560.5	3652.0	3530.0	1825.5	3090.0	2351.5	2990.5	1631.0	1227.5	2653.5	1646.5	1338.0	1059.0	1321.5	1476.5	2259.5	2700.5	2649.0	6978.0	3616.5	4978.5	5503.0	3251.0	2491.0	1436.5	3571.0	3147.5	2259.0	1483.0	2596.0	1795.0	2273.5	2761.0	2876.0	94.5	2272.0	60.0	2732.0	2761.0	1996.5	1284.5	3055.0	103.0	1459.5	2011.5	1770.5	2221.5	2786.5	3147.5	3461.0
AGC	4987.5	5075.5	6839.0	3885.5	3119.0	3585.0	2463.5	2866.0	2269.0	4226.0	2061.5	2925.5	1881.0	4487.5	4596.5	3441.0	3479.5	2746.0	4717.0	2254.0	3314.5	3123.5	2388.5	3110.0	1789.0	2617.5	1736.5	1671.0	1623.5	4298.0	4273.5	2869.0	5753.5	5843.0	7204.0	5215.0	3895.5	4860.5	2886.5	4243.0	3465.5	4628.0	2388.5	3082.0	1692.5	3832.0	4051.5	2865.5	81.0	3323.0	71.0	2311.5	2850.5	3518.5	2540.0	3228.5	110.5	2064.5	2679.5	1670.5	1673.5	4468.0	3166.0	3299.0
AGG	3453.5	2569.5	4216.0	2481.0	1786.0	1809.0	1421.5	1663.0	1964.5	2061.5	2041.0	1666.5	1331.0	2469.0	2681.0	2209.5	2091.5	1579.0	3056.5	1475.5	1866.5	1600.5	1414.0	1830.0	1168.0	1359.0	1264.0	973.5	954.5	2201.5	2836.0	1784.5	4321.5	3391.0	5029.0	3515.5	2189.0	2688.0	1769.5	2511.5	2147.0	2369.5	1826.5	1698.0	1076.5	2082.5	2589.5	1854.5	67.5	1901.0	64.0	1651.0	1619.0	1654.5	1332.0	1759.0	108.0	1164.5	1637.5	1034.5	1195.5	2399.5	2086.5	2071.5
AGT	5637.5	3531.0	4688.5	4451.0	3359.0	2243.0	1466.5	2977.0	2628.5	2925.5	1666.5	3294.0	2056.5	2976.0	3804.5	3729.5	3509.5	1846.0	3460.5	2437.0	3136.5	1790.5	1467.0	2856.0	1471.5	1442.5	1134.0	1289.5	1482.0	2357.5	3106.5	2776.5	6498.0	3619.0	4938.5	5604.0	3356.0	2815.5	1634.0	3712.0	3240.0	2694.5	1776.5	2949.5	1895.5	2376.0	3290.5	3010.0	75.0	2228.0	55.0	2634.0	3234.0	2343.0	1584.0	3283.5	91.0	1561.5	1982.5	1891.5	2182.0	2845.0	3307.5	3530.5
ATA	5013.5	2769.0	4019.0	3580.5	2775.5	1933.5	1087.5	2354.5	2151.5	1881.0	1331.0	2056.5	2031.0	2654.5	3263.5	3359.5	2791.5	1521.5	3002.0	1902.0	2598.5	1416.5	977.5	2231.5	1023.5	897.0	853.0	846.0	1413.5	2111.0	2844.0	2469.0	5435.5	2975.5	3857.0	4154.5	2765.5	2245.0	1145.0	2794.0	2751.5	1962.0	1274.0	1860.0	1520.5	1874.5	2684.5	2442.0	60.5	1921.5	38.0	2253.5	2362.5	1866.0	1032.0	2524.0	65.0	1238.0	1730.5	1561.0	1916.5	2620.5	2575.5	3277.5
ATC	6370.0	6762.5	9496.0	5237.5	4102.0	5344.5	2959.5	3923.0	2781.0	4487.5	2469.0	2976.0	2654.5	7810.0	6371.5	5412.5	4498.0	4004.5	6499.5	3169.5	4041.0	4392.0	2718.5	3983.5	2215.0	3468.0	2215.5	1940.0	2406.5	6676.5	6349.5	4399.0	7901.0	7866.5	9857.5	7077.0	5015.5	7213.0	3092.0	5801.0	4598.0	6255.5	3044.0	4034.5	2373.5	5839.0	5743.5	4098.0	99.0	5254.0	76.0	3546.0	3537.5	4747.5	2539.5	4011.0	117.5	2901.5	4093.0	2111.0	2434.0	7479.0	4672.0	4677.5
ATG	8793.0	6488.0	9226.5	6406.5	4765.0	4509.0	2952.5	4280.0	3560.5	4596.5	2681.0	3804.5	3263.5	6371.5	7598.0	6063.5	5336.5	3706.0	7089.5	3666.5	4706.5	3952.5	2862.0	4235.5	2477.5	3199.5	2370.5	2125.0	2517.0	5686.5	6447.5	4409.0	9713.0	7515.0	10211.5	8317.5	5263.0	6440.0	3369.0	5915.5	4950.5	5856.0	3191.5	4439.0	2782.5	5235.0	6741.0	4694.0	116.0	4790.0	89.5	4220.5	4104.0	4122.0	2883.0	4205.5	145.0	2988.0	3836.5	2741.0	3022.5	6449.0	5232.5	5747.5
ATT	8499.0	5341.0	7606.5	6501.5	4838.5	3809.5	2103.0	4313.5	3652.0	3441.0	2209.5	3729.5	3359.5	5412.5	6063.5	6404.0	4987.5	2787.5	5416.5	3562.0	4407.5	2831.0	1927.0	3914.5	1974.5	1974.0	1632.5	1722.0	2387.5	4308.5	4988.0	4418.0	9425.5	5830.5	7594.5	7869.0	4818.5	4888.0	2354.5	5630.0	4868.0	4322.0	2399.0	3917.5	2737.0	4179.5	4961.0	4714.0	108.0	3763.5	73.0	4232.5	4086.0	3277.5	2069.5	4346.0	111.0	2247.0	3317.0	2831.5	3363.5	5270.5	4922.5	5754.0
CAA	7727.5	4890.5	7167.5	5608.0	4399.5	3712.0	2022.5	3934.0	3530.0	3479.5	2091.5	3509.5	2791.5	4498.0	5336.5	4987.5	5929.0	3051.5	6344.0	3364.0	4700.5	3114.5	2218.0	4257.5	2087.0	2094.5	1670.5	1815.5	2293.5	4099.0	4666.5	4052.0	9333.0	5325.5	7339.5	6699.5	4640.5	4841.5	2429.5	5113.0	4149.0	3800.0	2038.5	3364.5	2344.5	3520.0	4337.5	3683.0	101.5	3279.5	65.0	3541.5	3869.0	3470.0	2220.0	4240.5	116.5	2151.5	2813.0	2440.5	2916.0	4296.5	4141.5	4614.0
CAC	3815.5	4075.0	5419.5	3231.0	2466.5	3125.0	1922.0	2162.5	1825.5	2746.0	1579.0	1846.0	1521.5	4004.5	3706.0	2787.5	3051.5	3158.0	4044.0	2337.0	2635.0	2867.0	2012.5	2542.5	1493.0	2397.0	1443.0	1456.5	1414.0	3865.5	3738.0	2445.5	4614.5	4926.5	5983.5	4218.5	3003.5	4232.5	2182.0	3315.0	2616.0	3657.5	1888.0	2426.0	1347.0	3283.0	3246.0	2325.0	67.0	3121.5	49.0	2062.5	2129.0	2940.0	1875.0	2350.0	84.0	1904.5	2351.0	1468.0	1351.0	4201.0	2683.0	2964.5
CAG	7084.0	6758.5	10214.5	5988.5	4231.0	4862.0	3433.0	4031.0	3090.0	4717.0	3056.5	3460.5	3002.0	6499.5	7089.5	5416.5	6344.0	4044.0	9215.0	3796.5	4761.5	4373.0	3617.5	4498.5	2555.5	3893.5	2631.5	2569.5	2519.5	6208.0	6832.5	4589.5	8886.5	7962.0	11491.5	8062.5	5709.0	7125.5	4245.5	6547.5	4773.0	6288.0	3487.0	4447.5	2555.5	5602.0	6012.5	4480.5	117.5	4899.5	106.0	3679.0	3909.5	4445.0	3414.0	4115.5	148.0	2825.0	4008.5	2375.5	2847.5	6424.0	5150.0	4761.0
CAT	5051.5	3484.5	4468.5	4101.5	3021.0	2354.0	1420.5	2717.5	2351.5	2254.0	1475.5	2437.0	1902.0	3169.5	3666.5	3562.0	3364.0	2337.0	3796.5	2805.0	3122.0	1996.0	1569.5	2713.0	1465.5	1522.5	1241.0	1292.5	1536.5	2763.0	3264.5	2786.0	6042.0	3813.0	4746.5	5116.5	3206.0	3057.5	1677.0	3589.5	3027.5	2800.0	1582.0	2487.0	1683.0	2561.0	3023.5	2767.5	70.0	2427.5	45.0	2624.5	2825.5	2202.0	1545.5	2810.5	85.0	1590.0	2131.0	1912.0	2041.0	3377.0	2999.5	3613.0
CCA	6509.0	4458.5	5817.5	5119.5	4330.0	3385.0	2005.5	3713.5	2990.5	3314.5	1866.5	3136.5	2598.5	4041.0	4706.5	4407.5	4700.5	2635.0	4761.5	3122.0	5856.0	3335.0	2714.0	4774.5	1979.5	2026.0	1452.5	1671.5	1981.5	3619.5	3898.5	3501.5	7543.0	4757.0	5960.0	6412.0	4710.5	4163.5	2252.0	4804.0	3990.0	3650.5	2026.5	3557.5	2317.5	3284.5	4088.5	3772.0	96.0	3139.5	61.0	3304.5	4250.0	3291.5	2192.5	4070.5	102.5	1952.0	2560.0	2129.0	2570.5	4073.5	3787.0	4168.0
CCC	3388.0	4264.5	5510.0	2735.0	2532.0	3877.5	2123.0	2404.5	1631.0	3123.5	1600.5	1790.5	1416.5	4392.0	3952.5	2831.0	3114.5	2867.0	4373.0	1996.0	3335.0	4251.0	2592.5	3421.0	1508.0	2730.5	1477.5	1499.0	1423.5	4446.5	3847.0	2566.0	4280.5	5137.0	5810.5	4160.0	3170.0	5173.0	2531.0	3807.5	2640.5	4257.5	1817.0	2703.5	1317.5	3604.5	3204.0	2517.0	68.0	3303.0	49.0	1893.0	2329.0	3742.0	2285.5	2817.5	72.0	1703.5	2368.0	1232.5	1150.0	4276.5	2574.0	2565.5
CCG	2230.5	2692.0	3917.5	1948.5	1830.5	2476.0	1795.0	1685.0	1227.5	2388.5	1414.0	1467.0	977.5	2718.5	2862.0	1927.0	2218.0	2012.5	3617.5	1569.5	2714.0	2592.5	2680.0	2630.0	1210.0	1955.5	1425.5	1098.5	991.5	2836.5	3373.5	1772.0	3123.5	3671.0	4705.5	3108.5	2411.5	3467.0	2471.0	2824.5	2138.5	3051.5	1822.0	1957.5	958.0	2377.5	2911.5	1781.0	42.0	2198.0	43.5	1410.0	1771.0	2464.0	1971.5	1956.5	69.0	1326.5	1868.0	976.5	749.0	2915.0	2042.5	1950.5
CCT	5569.0	4043.5	5439.5	4398.0	3745.0	3232.0	1987.5	3499.5	2653.5	3110.0	1830.0	2856.0	2231.5	3983.5	4235.5	3914.5	4257.5	2542.5	4498.5	2713.0	4774.5	3421.0	2630.0	4860.0	1840.5	2113.5	1453.5	1718.0	1734.5	3567.5	3611.5	3231.5	6560.5	4741.0	5804.0	5842.0	4071.0	4281.0	2239.5	4715.5	3778.5	3785.5	2059.0	3339.0	2022.0	3433.5	3429.5	3467.5	84.0	3016.0	57.0	2816.0	3434.5	3261.5	2143.0	3995.5	90.5	1753.5	2408.0	1921.0	2168.0	3936.5	3296.5	3696.5
CGA	3023.5	2192.5	3352.5	2080.5	1786.5	1693.0	1090.0	1586.5	1646.5	1789.0	1168.0	1471.5	1023.5	2215.0	2477.5	1974.5	2087.0	1493.0	2555.5	1465.5	1979.5	1508.0	1210.0	1840.5	1274.0	1441.0	1107.0	1071.0	1044.5	2162.5	2331.0	1807.5	3732.0	2945.5	3839.5	3068.0	2168.0	2469.5	1317.0	2429.5	2047.5	2160.0	1266.0	1657.5	1002.5	1796.0	2098.0	1582.0	45.0	1643.5	35.0	1485.5	1580.0	1725.5	1180.0	1839.0	65.0	1109.0	1522.0	1035.5	982.0	2226.5	1788.0	2020.0
CGC	2626.5	3342.5	4752.5	1941.0	1819.5	2874.5	1713.5	1678.0	1338.0	2617.5	1359.0	1442.5	897.0	3468.0	3199.5	1974.0	2094.5	2397.0	3893.5	1522.5	2026.0	2730.5	1955.5	2113.5	1441.0	3028.0	1587.0	1360.5	1048.0	3764.0	3672.0	1933.5	3517.0	4531.5	5602.5	3063.5	2386.5	4390.0	2308.0	2899.0	2096.0	3664.5	1525.5	1903.5	906.0	2966.5	2906.5	1751.5	47.0	2675.0	45.0	1473.5	1598.0	2840.0	1712.5	1975.0	67.0	1616.0	2134.5	929.5	738.0	3520.0	2004.5	2097.5
CGG	2093.5	2147.0	3488.5	1663.5	1334.5	1632.5	1325.0	1243.0	1059.0	1736.5	1264.0	1134.0	853.0	2215.5	2370.5	1632.5	1670.5	1443.0	2631.5	1241.0	1452.5	1477.5	1425.5	1453.5	1107.0	1587.0	1325.0	982.0	849.5	2098.5	2455.5	1553.0	2830.0	2956.0	4333.5	2717.5	1850.0	2413.0	1798.0	2079.0	1623.5	2185.0	1499.5	1485.0	793.5	1827.5	2308.0	1454.5	41.0	1664.5	40.5	1176.5	1234.5	1613.5	1348.5	1409.0	67.0	1018.0	1468.5	760.5	716.5	2233.5	1741.0	1588.5
CGT	2401.0	2004.0	3104.5	1732.5	1490.5	1672.5	987.5	1420.5	1321.5	1671.0	973.5	1289.5	846.0	1940.0	2125.0	1722.0	1815.5	1456.5	2569.5	1292.5	1671.5	1499.0	1098.5	1718.0	1071.0	1360.5	982.0	1235.0	875.0	1993.0	2178.0	1616.0	3057.0	2627.0	3657.5	2593.0	1961.0	2446.0	1206.5	2282.0	1718.0	2056.5	1110.5	1760.5	823.0	1732.0	2020.5	1517.5	43.0	1523.5	32.0	1249.0	1325.5	1618.5	1089.5	1606.0	50.0	1044.0	1387.0	995.5	809.5	2041.5	1616.0	1680.0
CTA	3550.5	2330.0	3190.5	2650.0	2057.0	1802.0	976.0	1728.5	1476.5	1623.5	954.5	1482.0	1413.5	2406.5	2517.0	2387.5	2293.5	1414.0	2519.5	1536.5	1981.5	1423.5	991.5	1734.5	1044.5	1048.0	849.5	875.0	1236.0	2153.5	2301.5	1949.0	4064.0	2725.0	3386.5	3326.0	2268.0	2327.0	1128.0	2378.0	1952.0	2016.5	1045.0	1625.0	1186.5	1822.0	2071.5	1832.0	46.0	1649.0	32.0	1701.0	1817.5	1661.5	1040.0	1869.5	52.0	1022.5	1448.0	1057.0	1394.5	2319.5	2012.5	2219.5
CTC	4984.0	6090.5	8164.5	3965.0	3519.5	5140.5	2660.5	3390.0	2259.5	4298.0	2201.5	2357.5	2111.0	6676.5	5686.5	4308.5	4099.0	3865.5	6208.0	2763.0	3619.5	4446.5	2836.5	3567.5	2162.5	3764.0	2098.5	1993.0	2153.5	7036.0	6001.5	4045.0	6796.0	7053.5	8802.0	6061.5	4550.0	7071.5	3230.0	5313.5	3739.5	5611.5	2670.5	3744.0	1962.5	5403.5	4988.5	3461.0	83.0	4498.5	70.0	2715.0	3108.5	4893.5	2512.5	3579.5	107.0	2652.0	3636.0	1721.5	1810.0	6614.5	3748.5	3993.5
CTG	6623.0	5975.5	9436.0	5085.0	3810.0	4520.5	3551.5	3575.5	2700.5	4273.5	2836.0	3106.5	2844.0	6349.5	6447.5	4988.0	4666.5	3738.0	6832.5	3264.5	3898.5	3847.0	3373.5	3611.5	2331.0	3672.0	2455.5	2178.0	2301.5	6001.5	6959.0	4245.5	8136.0	7985.0	10444.0	7440.5	4944.5	6645.0	4279.5	5742.0	4361.5	5933.5	3257.0	4136.0	2407.5	5459.0	5934.5	4383.0	92.5	4688.5	83.0	3317.5	3400.0	4032.0	3270.5	3559.0	125.0	2582.5	3936.0	2253.5	2424.0	6350.5	5119.0	4850.0
CTT	6222.0	4135.0	5784.5	4635.5	3674.5	3136.5	1799.5	3357.5	2649.0	2869.0	1784.5	2776.5	2469.0	4399.0	4409.0	4418.0	4052.0	2445.5	4589.5	2786.0	3501.5	2566.0	1772.0	3231.5	1807.5	1933.5	1553.0	1616.0	1949.0	4045.0	4245.5	3648.0	7308.5	5034.5	6366.5	6145.0	4056.5	4441.5	2113.5	4623.5	3714.0	3735.5	1917.0	3319.5	2040.5	3579.5	3639.5	3627.0	83.0	3003.0	52.0	2937.0	3198.0	2963.5	1882.0	3574.5	92.0	1813.0	2621.5	2020.0	2414.0	4335.5	3778.0	4259.5
GAA	15316.0	8361.5	13572.0	10318.5	8074.0	5497.5	3249.0	6951.5	6978.0	5753.5	4321.5	6498.0	5435.5	7901.0	9713.0	9425.5	9333.0	4614.5	8886.5	6042.0	7543.0	4280.5	3123.5	6560.5	3732.0	3517.0	2830.0	3057.0	4064.0	6796.0	8136.0	7308.5	20089.0	10316.5	14796.5	14638.0	8641.0	7366.0	3813.5	9428.5	7684.0	6305.0	3726.5	6350.0	4741.5	6313.5	8188.5	7586.5	196.5	5882.5	116.0	6495.5	7059.0	5047.5	3212.0	7256.5	203.0	3757.0	5154.5	4702.0	5354.5	7486.0	8131.0	8705.0
GAC	7744.5	7908.5	11608.0	6170.0	4751.5	5874.5	3587.5	4321.5	3616.5	5843.0	3391.0	3619.0	2975.5	7866.5	7515.0	5830.5	5325.5	4926.5	7962.0	3813.0	4757.0	5137.0	3671.0	4741.0	2945.5	4531.5	2956.0	2627.0	2725.0	7053.5	7985.0	5034.5	10316.5	11056.0	13267.0	9464.5	5905.0	7952.5	4153.0	6709.5	5435.5	7272.0	3952.5	4911.5	2680.0	6323.5	6807.0	4610.0	119.0	6060.0	106.5	4064.0	4278.5	5366.0	3270.0	4752.5	158.5	3559.5	4670.5	2608.5	2677.0	7612.5	5437.0	5387.5
GAG	11471.5	10053.0	17687.0	7786.5	6199.0	7024.0	4897.0	5396.5	4978.5	7204.0	5029.0	4938.5	3857.0	9857.5	10211.5	7594.5	7339.5	5983.5	11491.5	4746.5	5960.0	5810.5	4705.5	5804.0	3839.5	5602.5	4333.5	3657.5	3386.5	8802.0	10444.0	6366.5	14796.5	13267.0	22098.0	12320.0	8005.5	10167.0	6372.0	8831.5	6550.5	8878.5	5672.5	6166.0	3544.0	8197.5	10412.0	6402.0	181.0	7473.5	179.0	5046.5	4895.5	6131.0	4524.5	5659.0	261.0	4375.0	6046.0	3353.5	3581.5	9539.5	7459.0	6907.5
GAT	11852.0	7374.0	11087.0	8712.0	6797.0	5366.0	3238.5	5965.5	5503.0	5215.0	3515.5	5604.0	4154.5	7077.0	8317.5	7869.0	6699.5	4218.5	8062.5	5116.5	6412.0	4160.0	3108.5	5842.0	3068.0	3063.5	2717.5	2593.0	3326.0	6061.5	7440.5	6145.0	14638.0	9464.5	12320.0	12628.0	6841.0	6941.0	3545.5	7910.5	6958.0	6445.5	3881.0	5548.5	3667.5	5622.0	7005.0	6178.0	150.0	5278.5	109.5	5613.5	5845.0	4922.5	3300.0	6377.5	179.0	3352.5	4677.5	4127.0	4266.5	6987.5	6594.5	7533.0
GCA	7411.5	4953.0	7231.5	5356.0	4697.5	3857.0	2301.0	3895.0	3251.0	3895.5	2189.0	3356.0	2765.5	5015.5	5263.0	4818.5	4640.5	3003.5	5709.0	3206.0	4710.5	3170.0	2411.5	4071.0	2168.0	2386.5	1850.0	1961.0	2268.0	4550.0	4944.5	4056.5	8641.0	5905.0	8005.5	6841.0	5745.0	5457.0	2839.5	5742.5	4438.5	4649.0	2606.5	3803.5	2546.5	4178.5	4893.0	4004.5	95.5	3548.0	67.0	3419.5	3874.0	3569.0	2366.5	4114.0	115.0	2211.5	3065.5	2297.5	2683.5	4842.5	4331.5	4738.0
GCC	5514.0	6618.0	9279.5	4366.5	3912.0	5802.0	3279.0	3852.0	2491.0	4860.5	2688.0	2815.5	2245.0	7213.0	6440.0	4888.0	4841.5	4232.5	7125.5	3057.5	4163.5	5173.0	3467.0	4281.0	2469.5	4390.0	2413.0	2446.0	2327.0	7071.5	6645.0	4441.5	7366.0	7952.5	10167.0	6941.0	5457.0	8871.0	4250.5	6645.5	4455.0	6853.5	3102.5	4600.0	2175.5	6171.0	5579.0	4203.0	105.0	5115.5	83.0	3080.0	3460.5	5270.0	3281.5	4092.0	118.5	2789.0	3876.0	1947.5	1940.0	6924.0	4506.0	4489.5
GCG	2689.5	3023.0	4728.0	2309.5	1983.0	2660.0	2055.5	1818.5	1436.5	2886.5	1769.5	1634.0	1145.0	3092.0	3369.0	2354.5	2429.5	2182.0	4245.5	1677.0	2252.0	2531.0	2471.0	2239.5	1317.0	2308.0	1798.0	1206.5	1128.0	3230.0	4279.5	2113.5	3813.5	4153.0	6372.0	3545.5	2839.5	4250.5	3349.0	3305.0	2607.0	3806.5	2359.0	2327.0	1075.5	2675.0	3904.0	2235.5	57.0	2397.5	51.0	1590.0	1793.0	2470.5	2041.0	2058.5	81.5	1551.5	2175.0	1060.0	875.0	3263.0	2527.5	2289.5
GCT	7820.5	5561.0	8224.0	5764.5	4834.0	4521.0	2589.5	4660.0	3571.0	4243.0	2511.5	3712.0	2794.0	5801.0	5915.5	5630.0	5113.0	3315.0	6547.5	3589.5	4804.0	3807.5	2824.5	4715.5	2429.5	2899.0	2079.0	2282.0	2378.0	5313.5	5742.0	4623.5	9428.5	6709.5	8831.5	7910.5	5742.5	6645.5	3305.0	7482.0	5169.5	5458.5	2882.5	4663.5	2686.0	5072.5	5421.5	4779.0	115.0	4002.5	81.5	3814.0	4305.0	4119.5	2772.0	4690.0	131.0	2538.5	3507.5	2632.5	2863.5	5632.5	4951.0	5143.5
GGA	6867.0	4758.5	6227.5	5275.0	4036.5	3287.0	2088.5	3676.5	3147.5	3465.5	2147.0	3240.0	2751.5	4598.0	4950.5	4868.0	4149.0	2616.0	4773.0	3027.5	3990.0	2640.5	2138.5	3778.5	2047.5	2096.0	1623.5	1718.0	1952.0	3739.5	4361.5	3714.0	7684.0	5435.5	6550.5	6958.0	4438.5	4455.0	2607.0	5169.5	6330.0	4931.5	2871.5	5088.0	2406.0	3804.5	4467.5	3989.5	102.0	3480.5	77.0	3539.5	3458.0	3025.0	2107.0	3743.5	123.0	2286.0	3097.0	2541.0	2572.0	4557.0	3979.5	4632.0
GGC	4803.0	5979.5	7823.5	4076.0	3493.0	4763.0	2972.0	3397.0	2259.0	4628.0	2369.5	2694.5	1962.0	6255.5	5856.0	4322.0	3800.0	3657.5	6288.0	2800.0	3650.5	4257.5	3051.5	3785.5	2160.0	3664.5	2185.0	2056.5	2016.5	5611.5	5933.5	3735.5	6305.0	7272.0	8878.5	6445.5	4649.0	6853.5	3806.5	5458.5	4931.5	7037.0	3292.5	5003.5	1975.0	5253.5	5322.0	3567.0	88.0	4666.5	81.0	2858.0	3051.0	4340.0	2927.0	3550.0	123.0	2811.0	3888.5	1933.5	1661.5	6292.5	3873.5	4232.0
GGG	3060.0	2976.5	4333.5	2438.5	1907.0	2217.5	1872.0	1821.5	1483.0	2388.5	1826.5	1776.5	1274.0	3044.0	3191.5	2399.0	2038.5	1888.0	3487.0	1582.0	2026.5	1817.0	1822.0	2059.0	1266.0	1525.5	1499.5	1110.5	1045.0	2670.5	3257.0	1917.0	3726.5	3952.5	5672.5	3881.0	2606.5	3102.5	2359.0	2882.5	2871.5	3292.5	2962.0	2349.5	1158.0	2622.5	3635.0	2171.5	58.0	2331.5	63.0	1763.0	1691.0	2069.0	1723.5	1824.0	112.0	1472.0	2218.5	1188.5	1126.5	3135.5	2442.5	2404.5
GGT	5195.5	3972.0	5793.0	3996.0	3377.0	3251.5	1907.0	3167.5	2596.0	3082.0	1698.0	2949.5	1860.0	4034.5	4439.0	3917.5	3364.5	2426.0	4447.5	2487.0	3557.5	2703.5	1957.5	3339.0	1657.5	1903.5	1485.0	1760.5	1625.0	3744.0	4136.0	3319.5	6350.0	4911.5	6166.0	5548.5	3803.5	4600.0	2327.0	4663.5	5088.0	5003.5	2349.5	5075.0	1818.0	3419.0	3874.5	3381.5	82.0	2923.5	60.0	2754.5	2885.5	3004.5	2035.0	3434.5	96.0	2004.0	2798.0	2154.0	1871.0	4008.0	3420.5	3902.5
GTA	4035.0	2342.5	3457.5	2927.5	2433.5	1705.0	970.5	2078.5	1795.0	1692.5	1076.5	1895.5	1520.5	2373.5	2782.5	2737.0	2344.5	1347.0	2555.5	1683.0	2317.5	1317.5	958.0	2022.0	1002.5	906.0	793.5	823.0	1186.5	1962.5	2407.5	2040.5	4741.5	2680.0	3544.0	3667.5	2546.5	2175.5	1075.5	2686.0	2406.0	1975.0	1158.0	1818.0	1450.0	1870.0	2398.5	2212.5	49.0	1662.0	33.0	1862.5	2017.5	1586.0	953.0	2145.0	54.0	1092.0	1541.0	1389.5	1552.5	2305.5	2239.0	2637.0
GTC	4839.0	5326.0	7668.5	3882.5	3303.0	4397.5	2283.5	3195.5	2273.5	3832.0	2082.5	2376.0	1874.5	5839.0	5235.0	4179.5	3520.0	3283.0	5602.0	2561.0	3284.5	3604.5	2377.5	3433.5	1796.0	2966.5	1827.5	1732.0	1822.0	5403.5	5459.0	3579.5	6313.5	6323.5	8197.5	5622.0	4178.5	6171.0	2675.0	5072.5	3804.5	5253.5	2622.5	3419.0	1870.0	4938.0	4857.0	3276.5	77.5	4099.0	65.0	2679.5	2747.5	4018.5	2111.0	3374.5	105.0	2389.0	3400.5	1643.0	1727.5	5762.5	3713.0	3942.0
GTG	6942.0	5769.5	9346.0	5066.5	4107.0	4074.0	3154.0	3627.0	2761.0	4051.5	2589.5	3290.5	2684.5	5743.5	6741.0	4961.0	4337.5	3246.0	6012.5	3023.5	4088.5	3204.0	2911.5	3429.5	2098.0	2906.5	2308.0	2020.5	2071.5	4988.5	5934.5	3639.5	8188.5	6807.0	10412.0	7005.0	4893.0	5579.0	3904.0	5421.5	4467.5	5322.0	3635.0	3874.5	2398.5	4857.0	7322.0	3960.5	88.5	4399.5	88.0	3319.5	3282.0	3757.0	2889.5	3403.5	133.0	2820.0	3762.0	2492.5	2350.0	5935.0	4871.5	4950.5
GTT	6581.0	3917.5	6097.5	4811.5	3833.0	3193.5	1849.0	3688.5	2876.0	2865.5	1854.5	3010.0	2442.0	4098.0	4694.0	4714.0	3683.0	2325.0	4480.5	2767.5	3772.0	2517.0	1781.0	3467.5	1582.0	1751.5	1454.5	1517.5	1832.0	3461.0	4383.0	3627.0	7586.5	4610.0	6402.0	6178.0	4004.5	4203.0	2235.5	4779.0	3989.5	3567.0	2171.5	3381.5	2212.5	3276.5	3960.5	3958.0	89.0	2822.0	61.0	3135.5	3246.5	2816.5	1853.0	3689.5	97.0	1853.0	2685.5	2227.5	2545.0	3957.5	3773.5	4526.5
TAA	196.0	113.0	199.0	118.0	86.0	76.0	41.0	77.0	94.5	81.0	67.5	75.0	60.5	99.0	116.0	108.0	101.5	67.0	117.5	70.0	96.0	68.0	42.0	84.0	45.0	47.0	41.0	43.0	46.0	83.0	92.5	83.0	196.5	119.0	181.0	150.0	95.5	105.0	57.0	115.0	102.0	88.0	58.0	82.0	49.0	77.5	88.5	89.0	0.0	71.0	0.0	81.0	76.0	75.0	44.0	85.0	0.0	48.0	80.0	56.0	61.0	99.5	90.0	110.0
TAC	4866.5	5125.0	6936.0	3948.5	3014.0	3719.0	2136.0	2686.5	2272.0	3323.0	1901.0	2228.0	1921.5	5254.0	4790.0	3763.5	3279.5	3121.5	4899.5	2427.5	3139.5	3303.0	2198.0	3016.0	1643.5	2675.0	1664.5	1523.5	1649.0	4498.5	4688.5	3003.0	5882.5	6060.0	7473.5	5278.5	3548.0	5115.5	2397.5	4002.5	3480.5	4666.5	2331.5	2923.5	1662.0	4099.0	4399.5	2822.0	71.0	4440.0	59.0	2968.0	2482.5	3304.5	1927.0	2807.5	90.0	2355.5	3141.5	1846.5	1747.0	5431.5	3347.0	3800.0
TAG	114.0	84.0	169.5	70.0	54.0	54.5	42.0	53.5	60.0	71.0	64.0	55.0	38.0	76.0	89.5	73.0	65.0	49.0	106.0	45.0	61.0	49.0	43.5	57.0	35.0	45.0	40.5	32.0	32.0	70.0	83.0	52.0	116.0	106.5	179.0	109.5	67.0	83.0	51.0	81.5	77.0	81.0	63.0	60.0	33.0	65.0	88.0	61.0	0.0	59.0	0.0	51.0	51.0	52.0	42.0	53.0	0.0	38.0	65.0	35.0	36.0	74.0	71.0	63.0
TAT	5623.0	3770.0	5045.0	4551.5	3310.0	2476.5	1406.0	2981.0	2732.0	2311.5	1651.0	2634.0	2253.5	3546.0	4220.5	4232.5	3541.5	2062.5	3679.0	2624.5	3304.5	1893.0	1410.0	2816.0	1485.5	1473.5	1176.5	1249.0	1701.0	2715.0	3317.5	2937.0	6495.5	4064.0	5046.5	5613.5	3419.5	3080.0	1590.0	3814.0	3539.5	2858.0	1763.0	2754.5	1862.5	2679.5	3319.5	3135.5	81.0	2968.0	51.0	3374.0	2784.0	2215.0	1403.0	2977.0	82.5	1699.0	2507.5	2107.5	2236.0	3650.5	3315.0	4225.0
TCA	6358.5	3912.5	4794.5	4703.0	4078.0	2815.0	1734.0	3588.0	2761.0	2850.5	1619.0	3234.0	2362.5	3537.5	4104.0	4086.0	3869.0	2129.0	3909.5	2825.5	4250.0	2329.0	1771.0	3434.5	1580.0	1598.0	1234.5	1325.5	1817.5	3108.5	3400.0	3198.0	7059.0	4278.5	4895.5	5845.0	3874.0	3460.5	1793.0	4305.0	3458.0	3051.0	1691.0	2885.5	2017.5	2747.5	3282.0	3246.5	76.0	2482.5	51.0	2784.0	4197.0	3028.0	2065.0	4214.5	94.0	1588.0	2222.0	2065.5	2436.5	3447.0	3415.0	3896.0
TCC	4462.5	4672.5	5795.0	3700.5	2984.5	4156.0	2264.5	2887.0	1996.5	3518.5	1654.5	2343.0	1866.0	4747.5	4122.0	3277.5	3470.0	2940.0	4445.0	2202.0	3291.5	3742.0	2464.0	3261.5	1725.5	2840.0	1613.5	1618.5	1661.5	4893.5	4032.0	2963.5	5047.5	5366.0	6131.0	4922.5	3569.0	5270.0	2470.5	4119.5	3025.0	4340.0	2069.0	3004.5	1586.0	4018.5	3757.0	2816.5	75.0	3304.5	52.0	2215.0	3028.0	4620.0	2518.0	3573.5	84.5	1963.5	2446.0	1493.0	1700.0	4686.0	3001.5	3018.0
TCG	2344.0	2756.5	3829.0	2075.5	1990.5	2318.0	1635.0	1874.5	1284.5	2540.0	1332.0	1584.0	1032.0	2539.5	2883.0	2069.5	2220.0	1875.0	3414.0	1545.5	2192.5	2285.5	1971.5	2143.0	1180.0	1712.5	1348.5	1089.5	1040.0	2512.5	3270.5	1882.0	3212.0	3270.0	4524.5	3300.0	2366.5	3281.5	2041.0	2772.0	2107.0	2927.0	1723.5	2035.0	953.0	2111.0	2889.5	1853.0	44.0	1927.0	42.0	1403.0	2065.0	2518.0	2041.0	2265.5	67.0	1339.5	1776.0	936.5	877.0	2681.0	2132.5	2024.5
TCT	6489.0	4232.5	5560.0	5080.5	4064.5	3346.5	1838.0	3832.0	3055.0	3228.5	1759.0	3283.5	2524.0	4011.0	4205.5	4346.0	4240.5	2350.0	4115.5	2810.5	4070.5	2817.5	1956.5	3995.5	1839.0	1975.0	1409.0	1606.0	1869.5	3579.5	3559.0	3574.5	7256.5	4752.5	5659.0	6377.5	4114.0	4092.0	2058.5	4690.0	3743.5	3550.0	1824.0	3434.5	2145.0	3374.5	3403.5	3689.5	85.0	2807.5	53.0	2977.0	4214.5	3573.5	2265.5	4686.0	91.0	1735.0	2317.5	2041.0	2584.0	3802.5	3668.5	4117.5
TGA	189.0	131.0	241.0	124.0	96.0	87.0	67.5	84.0	103.0	110.5	108.0	91.0	65.0	117.5	145.0	111.0	116.5	84.0	148.0	85.0	102.5	72.0	69.0	90.5	65.0	67.0	67.0	50.0	52.0	107.0	125.0	92.0	203.0	158.5	261.0	179.0	115.0	118.5	81.5	131.0	123.0	123.0	112.0	96.0	54.0	105.0	133.0	97.0	0.0	90.0	0.0	82.5	94.0	84.5	67.0	91.0	2.0	71.0	111.0	63.0	62.5	122.5	115.0	113.5
TGC	3333.0	3275.0	4201.5	2656.5	1987.5	2177.0	1466.0	1789.0	1459.5	2064.5	1164.5	1561.5	1238.0	2901.5	2988.0	2247.0	2151.5	1904.5	2825.0	1590.0	1952.0	1703.5	1326.5	1753.5	1109.0	1616.0	1018.0	1044.0	1022.5	2652.0	2582.5	1813.0	3757.0	3559.5	4375.0	3352.5	2211.5	2789.0	1551.5	2538.5	2286.0	2811.0	1472.0	2004.0	1092.0	2389.0	2820.0	1853.0	48.0	2355.5	38.0	1699.0	1588.0	1963.5	1339.5	1735.0	71.0	2493.0	1973.5	2101.5	1100.0	3215.5	2073.5	2369.0
TGG	4327.0	3736.5	5339.5	3330.5	2591.5	2856.5	1909.5	2370.5	2011.5	2679.5	1637.5	1982.5	1730.5	4093.0	3836.5	3317.0	2813.0	2351.0	4008.5	2131.0	2560.0	2368.0	1868.0	2408.0	1522.0	2134.5	1468.5	1387.0	1448.0	3636.0	3936.0	2621.5	5154.5	4670.5	6046.0	4677.5	3065.5	3876.0	2175.0	3507.5	3097.0	3888.5	2218.5	2798.0	1541.0	3400.5	3762.0	2685.5	80.0	3141.5	65.0	2507.5	2222.0	2446.0	1776.0	2317.5	111.0	1973.5	3088.0	1659.0	1615.5	4284.0	2961.5	3256.5
TGT	4067.0	2571.5	3338.5	3269.5	2412.5	1632.5	1045.0	2066.5	1770.5	1670.5	1034.5	1891.5	1561.0	2111.0	2741.0	2831.5	2440.5	1468.0	2375.5	1912.0	2129.0	1232.5	976.5	1921.0	1035.5	929.5	760.5	995.5	1057.0	1721.5	2253.5	2020.0	4702.0	2608.5	3353.5	4127.0	2297.5	1947.5	1060.0	2632.5	2541.0	1933.5	1188.5	2154.0	1389.5	1643.0	2492.5	2227.5	56.0	1846.5	35.0	2107.5	2065.5	1493.0	936.5	2041.0	63.0	2101.5	1659.0	2338.0	1510.5	2274.5	2291.0	2926.0
TTA	4593.5	2598.5	3881.0	3697.5	2653.0	1679.0	857.0	2400.0	2221.5	1673.5	1195.5	2182.0	1916.5	2434.0	3022.5	3363.5	2916.0	1351.0	2847.5	2041.0	2570.5	1150.0	749.0	2168.0	982.0	738.0	716.5	809.5	1394.5	1810.0	2424.0	2414.0	5354.5	2677.0	3581.5	4266.5	2683.5	1940.0	875.0	2863.5	2572.0	1661.5	1126.5	1871.0	1552.5	1727.5	2350.0	2545.0	61.0	1747.0	36.0	2236.0	2436.5	1700.0	877.0	2584.0	62.5	1100.0	1615.5	1510.5	2011.0	2429.5	2674.5	3217.0
TTC	6342.5	6720.0	8848.0	5215.5	4114.5	5147.0	2907.0	3837.0	2786.5	4468.0	2399.5	2845.0	2620.5	7479.0	6449.0	5270.5	4296.5	4201.0	6424.0	3377.0	4073.5	4276.5	2915.0	3936.5	2226.5	3520.0	2233.5	2041.5	2319.5	6614.5	6350.5	4335.5	7486.0	7612.5	9539.5	6987.5	4842.5	6924.0	3263.0	5632.5	4557.0	6292.5	3135.5	4008.0	2305.5	5762.5	5935.0	3957.5	99.5	5431.5	74.0	3650.5	3447.0	4686.0	2681.0	3802.5	122.5	3215.5	4284.0	2274.5	2429.5	8078.0	4641.5	4982.5
TTG	6904.5	4756.5	7052.5	5259.0	3976.0	3354.5	2138.0	3573.5	3147.5	3166.0	2086.5	3307.5	2575.5	4672.0	5232.5	4922.5	4141.5	2683.0	5150.0	2999.5	3787.0	2574.0	2042.5	3296.5	1788.0	2004.5	1741.0	1616.0	2012.5	3748.5	5119.0	3778.0	8131.0	5437.0	7459.0	6594.5	4331.5	4506.0	2527.5	4951.0	3979.5	3873.5	2442.5	3420.5	2239.0	3713.0	4871.5	3773.5	90.0	3347.0	71.0	3315.0	3415.0	3001.5	2132.5	3668.5	115.0	2073.5	2961.5	2291.0	2674.5	4641.5	4460.0	4699.5
TTT	7956.0	4766.0	6696.5	6055.0	4558.5	3315.5	2057.5	3943.5	3461.0	3299.0	2071.5	3530.5	3277.5	4677.5	5747.5	5754.0	4614.0	2964.5	4761.0	3613.0	4168.0	2565.5	1950.5	3696.5	2020.0	2097.5	1588.5	1680.0	2219.5	3993.5	4850.0	4259.5	8705.0	5387.5	6907.5	7533.0	4738.0	4489.5	2289.5	5143.5	4632.0	4232.0	2404.5	3902.5	2637.0	3942.0	4950.5	4526.5	110.0	3800.0	63.0	4225.0	3896.0	3018.0	2024.5	4117.5	113.5	2369.0	3256.5	2926.0	3217.0	4982.5	4699.5	6388.0
