Proteome_ID	M	W	C	D	E	F	H	K	N	Q	Y	I	A	G	P	T	V	L	R	S
UP000002036	0.017151352622674428	0.016277259493833837	0.033428612116508265	0.033428612116508265	0.033428612116508265	0.03522373740579828	0.033428612116508265	0.03522373740579828	0.03522373740579828	0.033428612116508265	0.03522373740579828	0.05329612218892212	0.06344994542526955	0.06344994542526955	0.06344994542526955	0.06685722423301653	0.06685722423301653	0.08400857685569095	0.09687855754177782	0.10028583634952479
UP000001300	0.015204600492685981	0.017634285091737974	0.03283888558442395	0.03283888558442395	0.03283888558442395	0.028314282849500057	0.03283888558442395	0.028314282849500057	0.028314282849500057	0.03283888558442395	0.028314282849500057	0.04142396520631413	0.07617303338805408	0.07617303338805408	0.07617303338805408	0.0656777711688479	0.0656777711688479	0.08088237166153389	0.10901191897247804	0.09851665675327187
UP000000267	0.02075742970403988	0.010781244164700781	0.03153867386874066	0.03153867386874066	0.03153867386874066	0.0607222873156396	0.03153867386874066	0.0607222873156396	0.0607222873156396	0.03153867386874066	0.0607222873156396	0.10068714492723933	0.03276187355157795	0.03276187355157795	0.03276187355157795	0.06307734773748132	0.06307734773748132	0.0838347774415212	0.06430054742031861	0.094616021606222
UP000000314	0.019271508222962665	0.013979181628599303	0.03325068985156197	0.03325068985156197	0.03325068985156197	0.045838945363053	0.03325068985156197	0.045838945363053	0.045838945363053	0.03325068985156197	0.045838945363053	0.07240638250314334	0.0482388225491726	0.0482388225491726	0.0482388225491726	0.06650137970312393	0.06650137970312393	0.0857728879260866	0.08148951240073457	0.0997520695546859
UP000007796	0.01206821355090886	0.018854264358051338	0.0309224779089602	0.0309224779089602	0.0309224779089602	0.019792820331875457	0.0309224779089602	0.019792820331875457	0.019792820331875457	0.0309224779089602	0.019792820331875457	0.02751742711284206	0.09662085786634605	0.09662085786634605	0.09662085786634605	0.0618449558179204	0.0618449558179204	0.07391316936882925	0.12754333577530624	0.0927674337268806
UP000029964	0.011816140848398911	0.018905825357438264	0.030721966205837174	0.030721966205837174	0.030721966205837174	0.01920122887864823	0.030721966205837174	0.01920122887864823	0.01920122887864823	0.030721966205837174	0.01920122887864823	0.02658631690889755	0.09831029185867897	0.09831029185867897	0.09831029185867897	0.06144393241167435	0.06144393241167435	0.07326007326007326	0.12903225806451613	0.09216589861751152
UP000002037	0.02085216505298651	0.010308397384837692	0.031160562437824203	0.031160562437824203	0.031160562437824203	0.06303260990434088	0.031160562437824203	0.06303260990434088	0.06303260990434088	0.031160562437824203	0.06303260990434088	0.10521305475569526	0.03080883539219187	0.03080883539219187	0.03080883539219187	0.062321124875648407	0.062321124875648407	0.08317328992863492	0.061969397830016065	0.0934816873134726
UP000009058	0.013459348974160946	0.018446564502627508	0.03190591347678846	0.03190591347678846	0.03190591347678846	0.023279826645352452	0.03190591347678846	0.023279826645352452	0.023279826645352452	0.03190591347678846	0.023279826645352452	0.03310030431654396	0.08745660612481755	0.08745660612481755	0.08745660612481755	0.06381182695357691	0.06381182695357691	0.07727117592773784	0.119362519601606	0.09571774043036536
UP000054166	0.017578036543680328	0.01590086608446679	0.03347890262814712	0.03347890262814712	0.03347890262814712	0.03701014590738373	0.03347890262814712	0.03701014590738373	0.03701014590738373	0.03347890262814712	0.03701014590738373	0.056442255271087136	0.060569170626335884	0.060569170626335884	0.060569170626335884	0.06695780525629424	0.06695780525629424	0.08453584179997457	0.094048073254483	0.10043670788444135
UP000016922	0.01776553007948865	0.015724426808507296	0.03348995688799595	0.03348995688799595	0.03348995688799595	0.037837108067594466	0.03348995688799595	0.037837108067594466	0.037837108067594466	0.03348995688799595	0.037837108067594466	0.057908686055700286	0.059284510346624505	0.059284510346624505	0.059284510346624505	0.0669799137759919	0.0669799137759919	0.08474544385548054	0.09277446723462045	0.10046987066398784
UP000009082	0.020933492671875952	0.008836395187141086	0.02976988785901704	0.02976988785901704	0.02976988785901704	0.07052510850195773	0.02976988785901704	0.07052510850195773	0.07052510850195773	0.02976988785901704	0.07052510850195773	0.1201167243320395	0.025132785810995203	0.025132785810995203	0.025132785810995203	0.05953977571803408	0.05953977571803408	0.08047326838991004	0.05490267367001224	0.08930966357705111
UP000005206	0.014285933815276718	0.018104865257038204	0.03239079907231492	0.03239079907231492	0.03239079907231492	0.025558478629998736	0.03239079907231492	0.025558478629998736	0.025558478629998736	0.03239079907231492	0.025558478629998736	0.03683102344472075	0.08209908576574218	0.08209908576574218	0.08209908576574218	0.06478159814462985	0.06478159814462985	0.07906753195990658	0.11448988483805711	0.09717239721694478
UP000016927	0.020626754402191576	0.011266761057309935	0.03189351545950151	0.03189351545950151	0.03189351545950151	0.05838942594587243	0.03189351545950151	0.05838942594587243	0.05838942594587243	0.03189351545950151	0.05838942594587243	0.09615209748955329	0.03484179924318532	0.03484179924318532	0.03484179924318532	0.06378703091900302	0.06378703091900302	0.08441378532119459	0.06673531470268683	0.09568054637850452
UP000249829	0.011114686758648632	0.019012757585897416	0.03012744434454605	0.03012744434454605	0.03012744434454605	0.017612232482079698	0.03012744434454605	0.017612232482079698	0.017612232482079698	0.03012744434454605	0.017612232482079698	0.02410977820551076	0.1030718738986962	0.1030718738986962	0.1030718738986962	0.0602548886890921	0.0602548886890921	0.07136957544774075	0.13319931824324227	0.09038233303363817
UP000000559	0.020544668152227726	0.011521826739096694	0.03206649489132442	0.03206649489132442	0.03206649489132442	0.05717804227274945	0.03206649489132442	0.05717804227274945	0.05717804227274945	0.03206649489132442	0.05717804227274945	0.09381141639327117	0.035966957025578145	0.035966957025578145	0.035966957025578145	0.06413298978264884	0.06413298978264884	0.08467765793487655	0.06803345191690256	0.09619948467397325
UP000005221	0.019579738647043314	0.013517653909402646	0.03309739255644596	0.03309739255644596	0.03309739255644596	0.04794014556794092	0.03309739255644596	0.04794014556794092	0.04794014556794092	0.03309739255644596	0.04794014556794092	0.07630055248883853	0.0457002114223048	0.0457002114223048	0.0457002114223048	0.06619478511289192	0.06619478511289192	0.08577452375993522	0.07879760397875075	0.09929217766933786
UP000001312	0.017946393062381445	0.015547255114117392	0.03349364817649884	0.03349364817649884	0.03349364817649884	0.03866214137843246	0.03349364817649884	0.03866214137843246	0.03866214137843246	0.03349364817649884	0.03866214137843246	0.05937788969448348	0.05803219522635597	0.05803219522635597	0.05803219522635597	0.06698729635299767	0.06698729635299767	0.08493368941537913	0.09152584340285481	0.10048094452949652
UP000193067	0.009095000950658136	0.019004479598390137	0.028099480549048275	0.028099480549048275	0.028099480549048275	0.013447608548473102	0.028099480549048275	0.013447608548473102	0.013447608548473102	0.028099480549048275	0.013447608548473102	0.01780021614628807	0.11743066498109726	0.11743066498109726	0.11743066498109726	0.05619896109809655	0.05619896109809655	0.06529396204875469	0.14553014553014554	0.08429844164714483
UP000007963	0.013716943193566903	0.018348143359974742	0.03206508655354164	0.03206508655354164	0.03206508655354164	0.023971633648296402	0.03206508655354164	0.023971633648296402	0.023971633648296402	0.03206508655354164	0.023971633648296402	0.0342263241030259	0.0857822033133888	0.0857822033133888	0.0857822033133888	0.06413017310708329	0.06413017310708329	0.0778471163006502	0.11784728986693045	0.09619525966062492
UP000002038	0.01579650753233772	0.017277042850784196	0.033073550383121916	0.033073550383121916	0.033073550383121916	0.03023935243202935	0.033073550383121916	0.03023935243202935	0.03023935243202935	0.033073550383121916	0.03023935243202935	0.04468219733172099	0.07234676981946833	0.07234676981946833	0.07234676981946833	0.06614710076624383	0.06614710076624383	0.08194360829858155	0.10542032020259025	0.09922065114936575
UP000005222	0.01843818332934964	0.01502680003468954	0.03346498336403918	0.03346498336403918	0.03346498336403918	0.041062201996124356	0.03346498336403918	0.041062201996124356	0.041062201996124356	0.03346498336403918	0.041062201996124356	0.06368622066289906	0.054546763549656756	0.054546763549656756	0.054546763549656756	0.06692996672807836	0.06692996672807836	0.08536815005742801	0.08801174691369591	0.10039495009211755
UP000000560	0.015048833481326615	0.017721072785372785	0.0327699062666994	0.0327699062666994	0.0327699062666994	0.027828386496628613	0.0327699062666994	0.027828386496628613	0.027828386496628613	0.0327699062666994	0.027828386496628613	0.04060793951193061	0.07717779518825948	0.07717779518825948	0.07717779518825948	0.0655398125333988	0.0655398125333988	0.08058864601472542	0.1099477014549589	0.0983097188000982
UP000016930	0.014320858356197627	0.01808875622510792	0.03240961458130555	0.03240961458130555	0.03240961458130555	0.02565867404159044	0.03240961458130555	0.02565867404159044	0.02565867404159044	0.03240961458130555	0.02565867404159044	0.03699648972698325	0.08187353061239214	0.08187353061239214	0.08187353061239214	0.0648192291626111	0.0648192291626111	0.07914008751880873	0.1142831451936977	0.09722884374391666
UP000002058	0.015842697323429855	0.017247274809676735	0.03308997213310659	0.03308997213310659	0.03308997213310659	0.030395202646821048	0.03308997213310659	0.030395202646821048	0.030395202646821048	0.03308997213310659	0.030395202646821048	0.04494770797021225	0.07204730749734206	0.07204730749734206	0.07204730749734206	0.06617994426621318	0.06617994426621318	0.08202264158964302	0.10513727963044865	0.09926991639931977
UP000030143	0.015563699537138983	0.017422848151500667	0.03298654768863965	0.03298654768863965	0.03298654768863965	0.029466635565510234	0.03298654768863965	0.029466635565510234	0.029466635565510234	0.03298654768863965	0.029466635565510234	0.04336957159388149	0.07385385589717605	0.07385385589717605	0.07385385589717605	0.0659730953772793	0.0659730953772793	0.08153679491441829	0.10684040358581572	0.09895964306591896
UP000005426	0.013180516137390566	0.018544979753758777	0.03172549589114934	0.03172549589114934	0.03172549589114934	0.022548334703641714	0.03172549589114934	0.022548334703641714	0.022548334703641714	0.03172549589114934	0.022548334703641714	0.03191615326989286	0.08927551437994008	0.08927551437994008	0.08927551437994008	0.06345099178229868	0.06345099178229868	0.07663150791968926	0.12100101027108942	0.09517648767344804
UP000016932	0.015001066577097964	0.017747101633525598	0.03274816821062356	0.03274816821062356	0.03274816821062356	0.027680996128266105	0.03274816821062356	0.027680996128266105	0.027680996128266105	0.03274816821062356	0.027680996128266105	0.040360925679434244	0.07748583296510664	0.07748583296510664	0.07748583296510664	0.06549633642124712	0.06549633642124712	0.08049740299834507	0.11023400117573018	0.09824450463187068
UP000009096	0.016211924690536783	0.016998988894729356	0.03321091358526614	0.03321091358526614	0.03321091358526614	0.03167322675969263	0.03321091358526614	0.03167322675969263	0.03167322675969263	0.03321091358526614	0.03167322675969263	0.047134528828848464	0.06964650551939652	0.06964650551939652	0.06964650551939652	0.06642182717053229	0.06642182717053229	0.08263375186106907	0.10285741910466266	0.09963274075579842
UP000000561	0.01480340219978126	0.017851930432496624	0.032655332632277885	0.032655332632277885	0.032655332632277885	0.02707886549027098	0.032655332632277885	0.02707886549027098	0.02707886549027098	0.032655332632277885	0.02707886549027098	0.03935432878076071	0.07876037123548202	0.07876037123548202	0.07876037123548202	0.06531066526455577	0.06531066526455577	0.08011406746433704	0.1114157038677599	0.09796599789683363
UP000094112	0.020941110957521138	0.009418442420848631	0.03035955337836977	0.03035955337836977	0.03035955337836977	0.0675019018548019	0.03035955337836977	0.0675019018548019	0.0675019018548019	0.03035955337836977	0.0675019018548019	0.11406269275208267	0.027308933704318018	0.027308933704318018	0.027308933704318018	0.06071910675673954	0.06071910675673954	0.08166021771426067	0.057668487082687785	0.09107866013510932
UP000002059	0.016116490726766252	0.01706495326058705	0.0331814439873533	0.0331814439873533	0.0331814439873533	0.031337234046693	0.0331814439873533	0.031337234046693	0.031337234046693	0.0331814439873533	0.031337234046693	0.046557977366619756	0.07026837298054729	0.07026837298054729	0.07026837298054729	0.0663628879747066	0.0663628879747066	0.08247937870147287	0.10344981696790059	0.09954433196205992
UP000094389	0.018851673976536178	0.01453755538478478	0.03338922936132096	0.03338922936132096	0.03338922936132096	0.043297710625143766	0.03338922936132096	0.043297710625143766	0.043297710625143766	0.03338922936132096	0.043297710625143766	0.06774374727375136	0.05149651661700049	0.05149651661700049	0.05149651661700049	0.06677845872264192	0.06677845872264192	0.08563013269917809	0.08488574597832146	0.10016768808396288
UP000000591	0.014886559709825352	0.017808391532882974	0.032694951242708326	0.032694951242708326	0.032694951242708326	0.02733067402441665	0.032694951242708326	0.02733067402441665	0.02733067402441665	0.032694951242708326	0.02733067402441665	0.039774788339007945	0.07822418399254175	0.07822418399254175	0.07822418399254175	0.06538990248541665	0.06538990248541665	0.080276462195242	0.11091913523525006	0.09808485372812498
UP000002149	0.016190219646679292	0.017014103301347897	0.033204322948027186	0.033204322948027186	0.033204322948027186	0.03159645102808592	0.033204322948027186	0.03159645102808592	0.03159645102808592	0.033204322948027186	0.03159645102808592	0.047002682409492555	0.06978803166576235	0.06978803166576235	0.06978803166576235	0.06640864589605437	0.06640864589605437	0.08259886554273366	0.10299235461378953	0.09961296884408155
UP000007978	0.01629344432533392	0.016941628328386662	0.03323507265372058	0.03323507265372058	0.03323507265372058	0.031963504064393085	0.03323507265372058	0.031963504064393085	0.031963504064393085	0.03323507265372058	0.031963504064393085	0.04763356380345225	0.06911445328852801	0.06911445328852801	0.06911445328852801	0.06647014530744116	0.06647014530744116	0.0827635896327751	0.10234952594224861	0.09970521796116176
UP000002258	0.0189155125761989	0.0144570570348506	0.0333725696110495	0.0333725696110495	0.0333725696110495	0.04366443728181664	0.0333725696110495	0.04366443728181664	0.04366443728181664	0.0333725696110495	0.04366443728181664	0.06841336198743439	0.05101306563307705	0.05101306563307705	0.05101306563307705	0.066745139222099	0.066745139222099	0.0856606517982979	0.08438563524412655	0.10011770883314851
UP000000598	0.019674341598550363	0.013364971328662562	0.033039312927212926	0.033039312927212926	0.033039312927212926	0.048636597320440074	0.033039312927212926	0.048636597320440074	0.048636597320440074	0.033039312927212926	0.048636597320440074	0.07759885304232977	0.04488785231048817	0.04488785231048817	0.04488785231048817	0.06607862585442585	0.06607862585442585	0.08575296745297621	0.07792716523770109	0.09911793878163878
UP000030651	0.015446511416486071	0.01749361721948384	0.03294012863596991	0.03294012863596991	0.03294012863596991	0.02908546966886484	0.03294012863596991	0.02908546966886484	0.02908546966886484	0.03294012863596991	0.02908546966886484	0.04272442792124361	0.07461128095282311	0.07461128095282311	0.07461128095282311	0.06588025727193982	0.06588025727193982	0.0813267686884259	0.10755140958879303	0.09882038590790972
UP000016933	0.014504248011132063	0.018001898671026296	0.03250614668215836	0.03250614668215836	0.03250614668215836	0.026190415910022642	0.03250614668215836	0.026190415910022642	0.026190415910022642	0.03250614668215836	0.026190415910022642	0.03787658380891321	0.0806897894063326	0.0806897894063326	0.0806897894063326	0.06501229336431671	0.06501229336431671	0.07951654137544878	0.11319593608849096	0.09751844004647507
UP000001471	0.014965145473941104	0.017766496075718063	0.032731641549659164	0.032731641549659164	0.032731641549659164	0.027570646192921135	0.032731641549659164	0.027570646192921135	0.027570646192921135	0.032731641549659164	0.027570646192921135	0.04017614691190117	0.0777174645119816	0.0777174645119816	0.0777174645119816	0.06546328309931833	0.06546328309931833	0.08042842857325944	0.11044910606164077	0.0981949246489775
UP000000599	0.020251870250701708	0.012267120419564195	0.0325189906702659	0.0325189906702659	0.0325189906702659	0.05368581681872826	0.0325189906702659	0.05368581681872826	0.05368581681872826	0.0325189906702659	0.05368581681872826	0.08711976338675483	0.039395312090843994	0.039395312090843994	0.039395312090843994	0.0650379813405318	0.0650379813405318	0.0852898515912335	0.0719143027611099	0.09755697201079772
UP000008062	0.014514297924915745	0.017997028068630908	0.032511325993546655	0.032511325993546655	0.032511325993546655	0.026219833052707506	0.032511325993546655	0.026219833052707506	0.026219833052707506	0.032511325993546655	0.026219833052707506	0.03792536818049927	0.08062494644675214	0.08062494644675214	0.08062494644675214	0.06502265198709331	0.06502265198709331	0.07953694991200905	0.11313627244029878	0.09753397798063995
UP000054270	0.01744780447062751	0.016019329250810052	0.033467133721437566	0.033467133721437566	0.033467133721437566	0.036451464116979776	0.033467133721437566	0.036451464116979776	0.036451464116979776	0.033467133721437566	0.036451464116979776	0.05545512376333205	0.06145426893878007	0.06145426893878007	0.06145426893878007	0.06693426744287513	0.06693426744287513	0.08438207191350264	0.09492140266021763	0.10040140116431269
UP000094569	0.015740697933169703	0.017312636473414255	0.03305333440658396	0.03305333440658396	0.03305333440658396	0.030052184909966938	0.03305333440658396	0.030052184909966938	0.030052184909966938	0.03305333440658396	0.030052184909966938	0.044363671886764176	0.07270838500871377	0.07270838500871377	0.07270838500871377	0.06610666881316792	0.06610666881316792	0.08184736674633761	0.10576171941529773	0.0991600032197519
UP000016934	0.014716152850880114	0.017896740725102594	0.03261289357598271	0.03261289357598271	0.03261289357598271	0.02681696819245262	0.03261289357598271	0.02681696819245262	0.02681696819245262	0.03261289357598271	0.02681696819245262	0.03891778353402513	0.0793229734073902	0.0793229734073902	0.0793229734073902	0.06522578715196542	0.06522578715196542	0.07994194000284552	0.11193586698337292	0.09783868072794813
UP000008066	0.013626206702320101	0.018383637421018107	0.03200984412333821	0.03200984412333821	0.03200984412333821	0.023726139857119587	0.03200984412333821	0.023726139857119587	0.023726139857119587	0.03200984412333821	0.023726139857119587	0.03382607301191907	0.0863714137209678	0.0863714137209678	0.0863714137209678	0.06401968824667642	0.06401968824667642	0.07764589494899653	0.118381257844306	0.09602953237001463
UP000009097	0.015788194086731107	0.017282370788267633	0.033070564874998744	0.033070564874998744	0.033070564874998744	0.03021139305486743	0.033070564874998744	0.03021139305486743	0.03021139305486743	0.033070564874998744	0.03021139305486743	0.04463459202300376	0.0724006509177039	0.0724006509177039	0.0724006509177039	0.06614112974999749	0.06614112974999749	0.08192932383672859	0.10547121579270263	0.0992116946249962
UP000006564	0.015471224335159217	0.017478837421917533	0.03295006175707675	0.03295006175707675	0.03295006175707675	0.02916542931292734	0.03295006175707675	0.02916542931292734	0.02916542931292734	0.03295006175707675	0.02916542931292734	0.04285963429069546	0.074451609002302	0.074451609002302	0.074451609002302	0.0659001235141535	0.0659001235141535	0.08137134784931271	0.10740167075937875	0.09885018527123024
UP000095358	0.02029338119859018	0.012172612614126633	0.032465993812716816	0.032465993812716816	0.032465993812716816	0.05412517503990278	0.032465993812716816	0.05412517503990278	0.05412517503990278	0.032465993812716816	0.05412517503990278	0.08795696888121537	0.03894826218927863	0.03894826218927863	0.03894826218927863	0.06493198762543363	0.06493198762543363	0.0852253688240238	0.07141425600199544	0.09739798143815043
UP000001610	0.013587839387097064	0.018398375338301746	0.03198621472539881	0.03198621472539881	0.03198621472539881	0.02362293084569911	0.03198621472539881	0.02362293084569911	0.02362293084569911	0.03198621472539881	0.02362293084569911	0.033658022304301156	0.08662074482985609	0.08662074482985609	0.08662074482985609	0.06397242945079762	0.06397242945079762	0.07756026883789469	0.11860695955525488	0.09595864417619643
UP000002311	0.01973743539442049	0.013259785934072215	0.032997221328492705	0.032997221328492705	0.032997221328492705	0.04911697122447464	0.032997221328492705	0.04911697122447464	0.04911697122447464	0.032997221328492705	0.04911697122447464	0.07849650705452879	0.044335657849317235	0.044335657849317235	0.044335657849317235	0.06599444265698541	0.06599444265698541	0.08573187805140589	0.07733287917780994	0.09899166398547811
UP000030669	0.012095313597670727	0.018848311594465424	0.030943625192136153	0.030943625192136153	0.030943625192136153	0.01985710224875375	0.030943625192136153	0.01985710224875375	0.01985710224875375	0.030943625192136153	0.01985710224875375	0.027618890899836775	0.09643984585832477	0.09643984585832477	0.09643984585832477	0.061887250384272306	0.061887250384272306	0.07398256398194303	0.1273834710504609	0.09283087557640844
UP000001611	0.012634339500418743	0.018713469993584128	0.03134780949400287	0.03134780949400287	0.03134780949400287	0.021164373463471504	0.03134780949400287	0.021164373463471504	0.021164373463471504	0.03134780949400287	0.021164373463471504	0.02969440742652426	0.09286220182878127	0.09286220182878127	0.09286220182878127	0.06269561898800574	0.06269561898800574	0.07532995848842448	0.12421001132278414	0.09404342848200861
UP000016935	0.016601725148970677	0.016716004859007396	0.03331773000797807	0.03331773000797807	0.03331773000797807	0.03308995186622061	0.03331773000797807	0.03308995186622061	0.03308995186622061	0.03331773000797807	0.03308995186622061	0.04957817858347054	0.06709415216875685	0.06709415216875685	0.06709415216875685	0.06663546001595615	0.06663546001595615	0.08323718516492681	0.10041188217673491	0.09995319002393421
UP000008142	0.01671206708740832	0.016631789585435493	0.033343856672843813	0.033343856672843813	0.033343856672843813	0.03350479915627807	0.033343856672843813	0.03350479915627807	0.03350479915627807	0.033343856672843813	0.03350479915627807	0.05029753122514782	0.06636737457420763	0.06636737457420763	0.06636737457420763	0.06668771334568763	0.06668771334568763	0.08339978043309594	0.09971123124705145	0.10003157001853145
UP000009138	0.019552099383254105	0.013561194550854673	0.03311329393410878	0.03311329393410878	0.03311329393410878	0.04774169498702433	0.03311329393410878	0.04774169498702433	0.04774169498702433	0.03311329393410878	0.04774169498702433	0.07593129059079455	0.04593428178302841	0.04593428178302841	0.04593428178302841	0.06622658786821756	0.06622658786821756	0.08577868725147167	0.0790475757171372	0.09933988180232635
UP000006701	0.014301346674416083	0.01809777300173812	0.032399119676154206	0.032399119676154206	0.032399119676154206	0.025602655221174237	0.032399119676154206	0.025602655221174237	0.025602655221174237	0.032399119676154206	0.025602655221174237	0.036903963767932396	0.08199953846362183	0.08199953846362183	0.08199953846362183	0.06479823935230841	0.06479823935230841	0.07909958602672448	0.11439865813977604	0.09719735902846262
UP000054279	0.01695302757086862	0.016441238059295225	0.033394265630163844	0.033394265630163844	0.033394265630163844	0.034433775844332375	0.033394265630163844	0.034433775844332375	0.034433775844332375	0.033394265630163844	0.034433775844332375	0.05191452411779613	0.06477227371284608	0.06477227371284608	0.06477227371284608	0.06678853126032769	0.06678853126032769	0.08374155883119631	0.09816653934300992	0.10018279689049153
UP000054317	0.012214445071763398	0.018821202960184236	0.031035648031947638	0.031035648031947638	0.031035648031947638	0.020141285281007112	0.031035648031947638	0.020141285281007112	0.020141285281007112	0.031035648031947638	0.020141285281007112	0.028068125490250822	0.09564547995069878	0.09564547995069878	0.09564547995069878	0.062071296063895276	0.062071296063895276	0.07428574113565867	0.1266811279826464	0.09310694409584291
UP000217790	0.015829895610660605	0.017255553373151	0.033085448983811605	0.033085448983811605	0.033085448983811605	0.030351921628922862	0.033085448983811605	0.030351921628922862	0.030351921628922862	0.033085448983811605	0.030351921628922862	0.04487394764718512	0.07213032162136927	0.07213032162136927	0.07213032162136927	0.06617089796762321	0.06617089796762321	0.08200079357828381	0.10521577060518088	0.0992563469514348
UP000002428	0.019373031933317783	0.013832686422740817	0.0332057183560586	0.0332057183560586	0.0332057183560586	0.04650545977989551	0.0332057183560586	0.04650545977989551	0.04650545977989551	0.0332057183560586	0.04650545977989551	0.07363788762647323	0.04741893690592233	0.04741893690592233	0.04741893690592233	0.0664114367121172	0.0664114367121172	0.08578446864543497	0.08062465526198094	0.09961715506817578
UP000009297	0.01617722356478523	0.017023121567993797	0.03320034513277902	0.03320034513277902	0.03320034513277902	0.03155058274686881	0.03320034513277902	0.03155058274686881	0.03155058274686881	0.03320034513277902	0.03155058274686881	0.04692394192895239	0.06987274534858068	0.06987274534858068	0.06987274534858068	0.06640069026555805	0.06640069026555805	0.08257791383034328	0.10307309048135972	0.09960103539833709
UP000001628	0.01601383596084224	0.017134502465689594	0.03314833842653183	0.03314833842653183	0.03314833842653183	0.030980301587391342	0.03314833842653183	0.030980301587391342	0.030980301587391342	0.03314833842653183	0.030980301587391342	0.04594676721394044	0.07093619391278566	0.07093619391278566	0.07093619391278566	0.06629667685306366	0.06629667685306366	0.08231051281390589	0.10408453233931748	0.0994450152795955
UP000016936	0.01456955877531701	0.017970039582390674	0.032539598357707686	0.032539598357707686	0.032539598357707686	0.026382111660032296	0.032539598357707686	0.026382111660032296	0.026382111660032296	0.032539598357707686	0.026382111660032296	0.03819466454474758	0.08026843907912082	0.08026843907912082	0.08026843907912082	0.06507919671541537	0.06507919671541537	0.07964875549073237	0.1128080374368285	0.09761879507312306
UP000009328	0.02092467904987498	0.009715229573604576	0.030639908623479553	0.030639908623479553	0.030639908623479553	0.06599229068201341	0.030639908623479553	0.06599229068201341	0.06599229068201341	0.030639908623479553	0.06599229068201341	0.11105990231415186	0.02845192948306167	0.02845192948306167	0.02845192948306167	0.061279817246959106	0.061279817246959106	0.08220449629683409	0.05909183810654123	0.09191972587043867
UP000008177	0.017779706825790508	0.015710792604635086	0.03349049943042559	0.03349049943042559	0.03349049943042559	0.03790077791152292	0.03349049943042559	0.03790077791152292	0.03790077791152292	0.03349049943042559	0.03790077791152292	0.058021848997255335	0.05918683541101325	0.05918683541101325	0.05918683541101325	0.06698099886085118	0.06698099886085118	0.08476070568664171	0.09267733484143885	0.10047149829127679
UP000030671	0.015119865905844803	0.017681859844669322	0.03280172575051413	0.03280172575051413	0.03280172575051413	0.028048955210873364	0.03280172575051413	0.028048955210873364	0.028048955210873364	0.03280172575051413	0.028048955210873364	0.04097804451590193	0.07671966418163347	0.07671966418163347	0.07671966418163347	0.06560345150102825	0.06560345150102825	0.08072331740687304	0.10952138993214759	0.09840517725154238
UP000018087	0.014469850395870117	0.018018481782595134	0.03248833217846525	0.03248833217846525	0.03248833217846525	0.02608995096844493	0.03248833217846525	0.02608995096844493	0.02608995096844493	0.03248833217846525	0.02608995096844493	0.037710051541019744	0.08091174483347159	0.08091174483347159	0.08091174483347159	0.0649766643569305	0.0649766643569305	0.07944651475280062	0.11340007701193686	0.09746499653539575
UP000002485	0.019803855862226685	0.013145899833559412	0.03294975569578609	0.03294975569578609	0.03294975569578609	0.04963769850346179	0.03294975569578609	0.04963769850346179	0.04963769850346179	0.03294975569578609	0.04963769850346179	0.0794715411446969	0.04374442946166294	0.04374442946166294	0.04374442946166294	0.06589951139157219	0.06589951139157219	0.08570336725379887	0.07669418515744904	0.09884926708735829
UP000006702	0.01465397200818605	0.017928135413419862	0.03258210742160591	0.03258210742160591	0.03258210742160591	0.026631731583560546	0.03258210742160591	0.026631731583560546	0.026631731583560546	0.03258210742160591	0.026631731583560546	0.03860949115893504	0.07972397293823555	0.07972397293823555	0.07972397293823555	0.06516421484321182	0.06516421484321182	0.07981818685139787	0.11230608035984146	0.09774632226481773
UP000001631	0.015951956247466998	0.017175732403662304	0.0331276886511293	0.0331276886511293	0.0331276886511293	0.030767330761967637	0.0331276886511293	0.030767330761967637	0.030767330761967637	0.0331276886511293	0.030767330761967637	0.04558270527646828	0.07133824925253134	0.07133824925253134	0.07133824925253134	0.0662553773022586	0.0662553773022586	0.08220733354972559	0.10446593790366064	0.0993830659533879
UP000054321	0.017439435713224122	0.016026831033653856	0.03346626674687798	0.03346626674687798	0.03346626674687798	0.036415983064165984	0.03346626674687798	0.036415983064165984	0.036415983064165984	0.03346626674687798	0.036415983064165984	0.05539253041510786	0.0615109584162391	0.0615109584162391	0.0615109584162391	0.06693253349375596	0.06693253349375596	0.08437196920698009	0.09497722516311707	0.10039880024063395
UP000008181	0.010205020193194185	0.019069159236963503	0.029274179430157685	0.029274179430157685	0.029274179430157685	0.015666322175592665	0.029274179430157685	0.015666322175592665	0.015666322175592665	0.029274179430157685	0.015666322175592665	0.021127624157991146	0.10940379901598027	0.10940379901598027	0.10940379901598027	0.05854835886031537	0.05854835886031537	0.06875337905350955	0.13867797844613794	0.08782253829047305
UP000000724	0.015290328183383906	0.0175852619533408	0.032875590136724704	0.032875590136724704	0.032875590136724704	0.028585218903574097	0.032875590136724704	0.028585218903574097	0.028585218903574097	0.032875590136724704	0.028585218903574097	0.04188010962376428	0.07561981109774006	0.07561981109774006	0.07561981109774006	0.06575118027344941	0.06575118027344941	0.08104150845683332	0.10849540123446476	0.0986267704101741
UP000030816	0.015640131882805816	0.01737575085684628	0.0330158827396521	0.0330158827396521	0.0330158827396521	0.02971801129802417	0.0330158827396521	0.02971801129802417	0.02971801129802417	0.0330158827396521	0.02971801129802417	0.043795890713242525	0.07335945209435533	0.07335945209435533	0.07335945209435533	0.0660317654793042	0.0660317654793042	0.08167189736211	0.10637533483400745	0.09904764821895629
UP000269793	0.014722164460617082	0.017893681702620092	0.03261584616323717	0.03261584616323717	0.03261584616323717	0.026834938679335864	0.03261584616323717	0.026834938679335864	0.026834938679335864	0.03261584616323717	0.026834938679335864	0.038947712898054654	0.0792842073280475	0.0792842073280475	0.0792842073280475	0.06523169232647434	0.06523169232647434	0.07995385678709142	0.11190005349128468	0.09784753848971153
UP000009882	0.014640687957744387	0.017934784366820836	0.03257547232456522	0.03257547232456522	0.03257547232456522	0.026592308868926696	0.03257547232456522	0.026592308868926696	0.026592308868926696	0.03257547232456522	0.026592308868926696	0.03854392978010901	0.07980964739834905	0.07980964739834905	0.07980964739834905	0.06515094464913045	0.06515094464913045	0.07979163260687483	0.11238511972291428	0.09772641697369566
UP000001640	0.020562580221893466	0.011468539008143633	0.0320311192300371	0.0320311192300371	0.0320311192300371	0.05743037175851087	0.0320311192300371	0.05743037175851087	0.05743037175851087	0.0320311192300371	0.05743037175851087	0.09429816329512829	0.0357299654420853	0.0357299654420853	0.0357299654420853	0.0640622384600742	0.0640622384600742	0.08462481868196767	0.0677610846721224	0.09609335769011129
UP000054361	0.014185716614891429	0.018150328517115462	0.03233604513200689	0.03233604513200689	0.03233604513200689	0.025272819291200888	0.03233604513200689	0.025272819291200888	0.025272819291200888	0.03233604513200689	0.025272819291200888	0.036359921967510346	0.08274659053517111	0.08274659053517111	0.08274659053517111	0.06467209026401378	0.06467209026401378	0.07885780687890522	0.115082635667178	0.09700813539602067
UP000218811	0.010834878972254117	0.01904016934000611	0.029875048312260226	0.029875048312260226	0.029875048312260226	0.017000507031912786	0.029875048312260226	0.017000507031912786	0.017000507031912786	0.029875048312260226	0.017000507031912786	0.02316613509157146	0.10499904620308989	0.10499904620308989	0.10499904620308989	0.05975009662452045	0.05975009662452045	0.07058497559677457	0.13487409451535012	0.08962514493678068
UP000000741	0.019939835513606	0.005864657504001764	0.025804493017607764	0.025804493017607764	0.025804493017607764	0.08773527625986645	0.025804493017607764	0.08773527625986645	0.08773527625986645	0.025804493017607764	0.08773527625986645	0.1555307170061269	0.01517911353976927	0.01517911353976927	0.01517911353976927	0.05160898603521553	0.05160898603521553	0.07154882154882154	0.04098360655737703	0.07741347905282331
UP000001742	0.020854617661962643	0.008157189395530852	0.029011807057493493	0.029011807057493493	0.029011807057493493	0.07417139832478813	0.029011807057493493	0.07417139832478813	0.07417139832478813	0.029011807057493493	0.07417139832478813	0.1274881789876136	0.022695674282843817	0.022695674282843817	0.022695674282843817	0.058023614114986986	0.058023614114986986	0.07887823177694964	0.051707481340337307	0.08703542117248048
UP000184304	0.014848699913194754	0.017828314699881803	0.03267701461307656	0.03267701461307656	0.03267701461307656	0.027215762802968158	0.03267701461307656	0.027215762802968158	0.027215762802968158	0.03267701461307656	0.027215762802968158	0.03958282569274156	0.07846829734324152	0.07846829734324152	0.07846829734324152	0.06535402922615312	0.06535402922615312	0.08020272913934787	0.11114531195631808	0.09803104383922966
UP000000819	0.017320578512755206	0.016131969350836942	0.03345254786359215	0.03345254786359215	0.03345254786359215	0.03591734332752055	0.03345254786359215	0.03591734332752055	0.03591734332752055	0.03345254786359215	0.03591734332752055	0.0545141081422859	0.06231379355435059	0.06231379355435059	0.06231379355435059	0.0669050957271843	0.0669050957271843	0.0842256742399395	0.09576634141794273	0.10035764359077645
UP000006706	0.014496336318297384	0.01800572487548237	0.032502061193779755	0.032502061193779755	0.032502061193779755	0.026167278094117338	0.032502061193779755	0.026167278094117338	0.026167278094117338	0.032502061193779755	0.026167278094117338	0.037838219869937295	0.08074083808370495	0.08074083808370495	0.08074083808370495	0.06500412238755951	0.06500412238755951	0.0795004587058569	0.11324289927748471	0.09750618358133926
UP000011064	0.013448020135394747	0.01845072718620182	0.03189874732159657	0.03189874732159657	0.03189874732159657	0.02324976094142806	0.03189874732159657	0.02324976094142806	0.02324976094142806	0.03189874732159657	0.02324976094142806	0.03305150174746137	0.08753036930147161	0.08753036930147161	0.08753036930147161	0.06379749464319313	0.06379749464319313	0.07724551477858788	0.11942911662306818	0.09569624196478972
UP000031176	0.01498994909993506	0.017753120587473803	0.032743069687408866	0.032743069687408866	0.032743069687408866	0.027646798520379264	0.032743069687408866	0.027646798520379264	0.027646798520379264	0.032743069687408866	0.027646798520379264	0.04030364794082347	0.07755752346979564	0.07755752346979564	0.07755752346979564	0.06548613937481773	0.06548613937481773	0.0804760884747528	0.1103005931572045	0.0982292090622266
UP000011185	0.018760019274546482	0.014650662254672271	0.03341068152921876	0.03341068152921876	0.03341068152921876	0.04278202708986679	0.03341068152921876	0.04278202708986679	0.04278202708986679	0.03341068152921876	0.04278202708986679	0.06680403490518709	0.052184233248324795	0.052184233248324795	0.052184233248324795	0.06682136305843751	0.06682136305843751	0.085581382332984	0.08559491477754357	0.10023204458765626
UP000001743	0.014065151092738669	0.018203532333245488	0.03226868342598416	0.03226868342598416	0.03226868342598416	0.024932738308230333	0.03226868342598416	0.024932738308230333	0.024932738308230333	0.03226868342598416	0.024932738308230333	0.035800325523722	0.08352615883371788	0.08352615883371788	0.08352615883371788	0.06453736685196831	0.06453736685196831	0.07860251794470699	0.11579484225970205	0.09680605027795247
UP000054383	0.016820493442881303	0.016547192999616177	0.03336768644249748	0.03336768644249748	0.03336768644249748	0.03391880127482451	0.03336768644249748	0.03391880127482451	0.03391880127482451	0.03336768644249748	0.03391880127482451	0.051017109106767704	0.06565105231777334	0.06565105231777334	0.06565105231777334	0.06673537288499495	0.06673537288499495	0.08355586632787626	0.0990187387602708	0.10010305932749244
UP000001744	0.01803751149418005	0.015455253788034019	0.033492765282214065	0.033492765282214065	0.033492765282214065	0.03908872329340497	0.033492765282214065	0.03908872329340497	0.03908872329340497	0.033492765282214065	0.03908872329340497	0.060139935092629895	0.05739585393103629	0.05739585393103629	0.05739585393103629	0.06698553056442813	0.06698553056442813	0.0850230420586082	0.09088861921325037	0.10047829584664222
UP000033540	0.014582393762051045	0.017963721008939754	0.0325461147709908	0.0325461147709908	0.0325461147709908	0.02641993052437776	0.0325461147709908	0.02641993052437776	0.02641993052437776	0.0325461147709908	0.02641993052437776	0.03825746728670448	0.08018564512947014	0.08018564512947014	0.08018564512947014	0.0650922295419816	0.0650922295419816	0.07967462330403265	0.11273175990046093	0.09763834431297239
UP000006753	0.0123020106430121	0.01880030149055496	0.031102312133567064	0.031102312133567064	0.031102312133567064	0.020351853138187728	0.031102312133567064	0.020351853138187728	0.020351853138187728	0.031102312133567064	0.020351853138187728	0.02840169563336336	0.09506297175845017	0.09506297175845017	0.09506297175845017	0.06220462426713413	0.06220462426713413	0.07450663491014622	0.12616528389201723	0.09330693640070119
UP000219338	0.01623667241868441	0.016981674827885207	0.03321834724656962	0.03321834724656962	0.03321834724656962	0.03176102640046996	0.03321834724656962	0.03176102640046996	0.03176102640046996	0.03321834724656962	0.03176102640046996	0.04728538038225551	0.06948507141301655	0.06948507141301655	0.06948507141301655	0.06643669449313924	0.06643669449313924	0.08267336691182366	0.10270341865958615	0.09965504173970886
UP000184499	0.014809742838843325	0.017848639266133635	0.032658382104976964	0.032658382104976964	0.032658382104976964	0.027097989560756153	0.032658382104976964	0.027097989560756153	0.027097989560756153	0.032658382104976964	0.027097989560756153	0.039386236282668984	0.07871948723895793	0.07871948723895793	0.07871948723895793	0.06531676420995393	0.06531676420995393	0.08012650704879726	0.1113778693439349	0.0979751463149309
UP000011976	0.01226323844720946	0.01880965812227712	0.03107289656948658	0.03107289656948658	0.03107289656948658	0.02025844049902167	0.03107289656948658	0.02025844049902167	0.02025844049902167	0.03107289656948658	0.02025844049902167	0.02825364255083388	0.09532075297352118	0.09532075297352118	0.09532075297352118	0.06214579313897316	0.06214579313897316	0.07440903158618262	0.12639364954300775	0.09321868970845973
