Proteome_ID	M	W	C	D	E	F	H	K	N	Q	Y	I	A	G	P	T	V	L	R	S
UP000006687	0.031291403540099016	0.03323626979260405	0.03323626979260405	0.03323626979260405	0.03323626979260405	0.031291403540099016	0.03323626979260405	0.031291403540099016	0.031291403540099016	0.03323626979260405	0.031291403540099016	0.031291403540099016	0.0706040320825615	0.0706040320825615	0.0706040320825615	0.0664725395852081	0.0664725395852081	0.09776394312530713	0.0706040320825615	0.09970880937781215
UP000007251	0.027299810723002197	0.032847744929499954	0.032847744929499954	0.032847744929499954	0.032847744929499954	0.027299810723002197	0.032847744929499954	0.027299810723002197	0.027299810723002197	0.032847744929499954	0.027299810723002197	0.027299810723002197	0.07904628774912134	0.07904628774912134	0.07904628774912134	0.06569548985899991	0.06569548985899991	0.09299530058200212	0.07904628774912134	0.09854323478849987
UP000006677	0.046296659917385255	0.032724767614992024	0.032724767614992024	0.032724767614992024	0.032724767614992024	0.046296659917385255	0.032724767614992024	0.046296659917385255	0.046296659917385255	0.032724767614992024	0.046296659917385255	0.046296659917385255	0.046262966588355714	0.046262966588355714	0.046262966588355714	0.06544953522998405	0.06544953522998405	0.11174619514736929	0.046262966588355714	0.09817430284497607
UP000007666	0.04784644881231096	0.03253742044811289	0.03253742044811289	0.03253742044811289	0.03253742044811289	0.04784644881231096	0.03253742044811289	0.04784644881231096	0.04784644881231096	0.03253742044811289	0.04784644881231096	0.04784644881231096	0.04425338789803244	0.04425338789803244	0.04425338789803244	0.06507484089622578	0.06507484089622578	0.11292128970853675	0.04425338789803244	0.09761226134433869
UP000099345	0.017457017457017457	0.030360030360030356	0.030360030360030356	0.030360030360030356	0.030360030360030356	0.017457017457017457	0.030360030360030356	0.017457017457017457	0.017457017457017457	0.030360030360030356	0.017457017457017457	0.017457017457017457	0.10560010560010558	0.10560010560010558	0.10560010560010558	0.06072006072006071	0.06072006072006071	0.07817707817707818	0.10560010560010558	0.09108009108009109
UP000007699	0.04273718498975192	0.03307268015018685	0.03307268015018685	0.03307268015018685	0.03307268015018685	0.04273718498975192	0.03307268015018685	0.04273718498975192	0.04273718498975192	0.03307268015018685	0.04273718498975192	0.04273718498975192	0.05118737570473346	0.05118737570473346	0.05118737570473346	0.0661453603003737	0.0661453603003737	0.10888254529012563	0.05118737570473346	0.09921804045056057
UP000002135	0.03323261230456207	0.033330010601981735	0.033330010601981735	0.033330010601981735	0.033330010601981735	0.03323261230456207	0.033330010601981735	0.03323261230456207	0.03323261230456207	0.033330010601981735	0.03323261230456207	0.03323261230456207	0.06685538870958485	0.06685538870958485	0.06685538870958485	0.06666002120396347	0.06666002120396347	0.09989263350852555	0.06685538870958485	0.09999003180594519
UP000008222	0.04573528041862605	0.03278743841460131	0.03278743841460131	0.03278743841460131	0.03278743841460131	0.04573528041862605	0.03278743841460131	0.04573528041862605	0.04573528041862605	0.03278743841460131	0.04573528041862605	0.04573528041862605	0.04701036521264948	0.04701036521264948	0.04701036521264948	0.06557487682920261	0.06557487682920261	0.11131015724782865	0.04701036521264948	0.09836231524380391
UP000008623	0.029517098340008593	0.03309811316607648	0.03309811316607648	0.03309811316607648	0.03309811316607648	0.029517098340008593	0.03309811316607648	0.029517098340008593	0.029517098340008593	0.03309811316607648	0.029517098340008593	0.029517098340008593	0.07422715353219819	0.07422715353219819	0.07422715353219819	0.06619622633215295	0.06619622633215295	0.09571332467216154	0.07422715353219819	0.09929433949822943
UP000172353	0.09167013139644375	0.021258096289776884	0.021258096289776884	0.021258096289776884	0.021258096289776884	0.09167013139644375	0.021258096289776884	0.09167013139644375	0.09167013139644375	0.021258096289776884	0.09167013139644375	0.09167013139644375	0.009859408969560106	0.009859408969560106	0.009859408969560106	0.04251619257955377	0.04251619257955377	0.1341863239759975	0.009859408969560106	0.06377428886933063
UP000163220	0.05927395224949177	0.030587319280024002	0.030587319280024002	0.030587319280024002	0.030587319280024002	0.05927395224949177	0.030587319280024002	0.05927395224949177	0.05927395224949177	0.030587319280024002	0.05927395224949177	0.05927395224949177	0.03156813626329937	0.03156813626329937	0.03156813626329937	0.061174638560048004	0.061174638560048004	0.12044859080953976	0.03156813626329937	0.091761957840072
UP000000360	0.03375198900597893	0.03334557546580205	0.03334557546580205	0.03334557546580205	0.03334557546580205	0.03375198900597893	0.03334557546580205	0.03375198900597893	0.03375198900597893	0.03334557546580205	0.03375198900597893	0.03375198900597893	0.06588811124277917	0.06588811124277917	0.06588811124277917	0.0666911509316041	0.0666911509316041	0.10044313993758303	0.06588811124277917	0.10003672639740614
UP000004993	0.03733255052164219	0.033352859173562406	0.033352859173562406	0.033352859173562406	0.033352859173562406	0.03733255052164219	0.033352859173562406	0.03733255052164219	0.03733255052164219	0.033352859173562406	0.03733255052164219	0.03733255052164219	0.05959481468626714	0.05959481468626714	0.05959481468626714	0.06670571834712481	0.06670571834712481	0.104038268868767	0.05959481468626714	0.10005857752068723
UP000008865	0.0339378477345653	0.03335020796944021	0.03335020796944021	0.03335020796944021	0.03335020796944021	0.0339378477345653	0.03335020796944021	0.0339378477345653	0.0339378477345653	0.03335020796944021	0.0339378477345653	0.0339378477345653	0.06554548657910995	0.06554548657910995	0.06554548657910995	0.06670041593888042	0.06670041593888042	0.10063826367344574	0.06554548657910995	0.10005062390832063
UP000009108	0.04564604497453205	0.03279713997704391	0.03279713997704391	0.03279713997704391	0.03279713997704391	0.04564604497453205	0.03279713997704391	0.04564604497453205	0.04564604497453205	0.03279713997704391	0.04564604497453205	0.04564604497453205	0.04713014638065426	0.04713014638065426	0.04713014638065426	0.06559427995408781	0.06559427995408781	0.11124032492861986	0.04713014638065426	0.09839141993113172
UP000000396	0.04289713399805952	0.033059648342444445	0.033059648342444445	0.033059648342444445	0.033059648342444445	0.04289713399805952	0.033059648342444445	0.04289713399805952	0.04289713399805952	0.033059648342444445	0.04289713399805952	0.04289713399805952	0.05095633421922919	0.05095633421922919	0.05095633421922919	0.06611929668488889	0.06611929668488889	0.1090164306829484	0.05095633421922919	0.09917894502733333
UP000007661	0.03808768280063488	0.03333356095609701	0.03333356095609701	0.03333356095609701	0.03333356095609701	0.03808768280063488	0.03333356095609701	0.03808768280063488	0.03808768280063488	0.03333356095609701	0.03808768280063488	0.03808768280063488	0.05834570151352518	0.05834570151352518	0.05834570151352518	0.06666712191219402	0.06666712191219402	0.1047548047128289	0.05834570151352518	0.10000068286829103
UP000007068	0.04267805570099455	0.0330774331033167	0.0330774331033167	0.0330774331033167	0.0330774331033167	0.04267805570099455	0.0330774331033167	0.04267805570099455	0.04267805570099455	0.0330774331033167	0.04267805570099455	0.04267805570099455	0.051273028385821935	0.051273028385821935	0.051273028385821935	0.0661548662066334	0.0661548662066334	0.10883292190762794	0.051273028385821935	0.0992322993099501
UP000134285	0.03978446089612744	0.033265801070187714	0.033265801070187714	0.033265801070187714	0.033265801070187714	0.03978446089612744	0.033265801070187714	0.03978446089612744	0.03978446089612744	0.033265801070187714	0.03978446089612744	0.03978446089612744	0.055630439418573006	0.055630439418573006	0.055630439418573006	0.06653160214037543	0.06653160214037543	0.10631606303650286	0.055630439418573006	0.09979740321056314
UP000006372	0.044290475915654104	0.032935533821999805	0.032935533821999805	0.032935533821999805	0.032935533821999805	0.044290475915654104	0.032935533821999805	0.044290475915654104	0.044290475915654104	0.032935533821999805	0.044290475915654104	0.044290475915654104	0.048983415315106034	0.048983415315106034	0.048983415315106034	0.06587106764399961	0.06587106764399961	0.11016154355965371	0.048983415315106034	0.09880660146599941
UP000009089	0.04899554649330564	0.03238538629296177	0.03238538629296177	0.03238538629296177	0.03238538629296177	0.04899554649330564	0.03238538629296177	0.04899554649330564	0.04899554649330564	0.03238538629296177	0.04899554649330564	0.04899554649330564	0.042812595038108504	0.042812595038108504	0.042812595038108504	0.06477077258592354	0.06477077258592354	0.11376631907922916	0.042812595038108504	0.09715615887888528
UP000002317	0.039387677457546066	0.03328459145001696	0.03328459145001696	0.03328459145001696	0.03328459145001696	0.039387677457546066	0.03328459145001696	0.039387677457546066	0.039387677457546066	0.03328459145001696	0.039387677457546066	0.039387677457546066	0.056254346511730786	0.056254346511730786	0.056254346511730786	0.06656918290003393	0.06656918290003393	0.10595686035758	0.056254346511730786	0.09985377435005088
UP000000862	0.04543990846071452	0.03281927518718501	0.03281927518718501	0.03281927518718501	0.03281927518718501	0.04543990846071452	0.03281927518718501	0.04543990846071452	0.04543990846071452	0.03281927518718501	0.04543990846071452	0.04543990846071452	0.0474078782418058	0.0474078782418058	0.0474078782418058	0.06563855037437002	0.06563855037437002	0.11107845883508452	0.0474078782418058	0.09845782556155502
UP000000344	0.05885558067557351	0.03067438555496894	0.03067438555496894	0.03067438555496894	0.03067438555496894	0.05885558067557351	0.03067438555496894	0.05885558067557351	0.05885558067557351	0.03067438555496894	0.05885558067557351	0.05885558067557351	0.03197378798661284	0.03197378798661284	0.03197378798661284	0.06134877110993788	0.06134877110993788	0.12020435178551142	0.03197378798661284	0.09202315666490683
UP000125273	0.016713725591898473	0.03005075654161452	0.03005075654161452	0.03005075654161452	0.03005075654161452	0.016713725591898473	0.03005075654161452	0.016713725591898473	0.016713725591898473	0.03005075654161452	0.016713725591898473	0.016713725591898473	0.10806064318312322	0.10806064318312322	0.10806064318312322	0.06010151308322904	0.06010151308322904	0.07681523867512752	0.10806064318312322	0.09015226962484356
UP000000470	0.036643095335928605	0.03336439209588228	0.03336439209588228	0.03336439209588228	0.03336439209588228	0.036643095335928605	0.03336439209588228	0.036643095335928605	0.036643095335928605	0.03336439209588228	0.036643095335928605	0.036643095335928605	0.06075811280256638	0.06075811280256638	0.06075811280256638	0.06672878419176456	0.06672878419176456	0.10337187952769315	0.06075811280256638	0.10009317628764684
UP000008687	0.039773401464036545	0.033266348645028455	0.033266348645028455	0.033266348645028455	0.033266348645028455	0.039773401464036545	0.033266348645028455	0.039773401464036545	0.039773401464036545	0.033266348645028455	0.039773401464036545	0.039773401464036545	0.0556477400190793	0.0556477400190793	0.0556477400190793	0.06653269729005691	0.06653269729005691	0.10630609875409346	0.0556477400190793	0.09979904593508539
UP000008226	0.046590993229809044	0.032690790850080954	0.032690790850080954	0.032690790850080954	0.032690790850080954	0.046590993229809044	0.032690790850080954	0.046590993229809044	0.046590993229809044	0.032690790850080954	0.046590993229809044	0.046590993229809044	0.04587529616003065	0.04587529616003065	0.04587529616003065	0.06538158170016191	0.06538158170016191	0.11197257492997094	0.04587529616003065	0.09807237255024284
UP000009116	0.049840508768155385	0.03226671896794706	0.03226671896794706	0.03226671896794706	0.03226671896794706	0.049840508768155385	0.03226671896794706	0.049840508768155385	0.049840508768155385	0.03226671896794706	0.049840508768155385	0.049840508768155385	0.04177891352592659	0.04177891352592659	0.04177891352592659	0.06453343793589413	0.06453343793589413	0.11437394670404952	0.04177891352592659	0.0968001569038412
UP000002241	0.04227766040579228	0.0331086937008562	0.0331086937008562	0.0331086937008562	0.0331086937008562	0.04227766040579228	0.0331086937008562	0.04227766040579228	0.04227766040579228	0.0331086937008562	0.04227766040579228	0.04227766040579228	0.05185649291165276	0.05185649291165276	0.05185649291165276	0.0662173874017124	0.0662173874017124	0.10849504780750467	0.05185649291165276	0.09932608110256859
UP000006674	0.05401521675631769	0.031600014078735285	0.031600014078735285	0.031600014078735285	0.031600014078735285	0.05401521675631769	0.031600014078735285	0.05401521675631769	0.05401521675631769	0.031600014078735285	0.05401521675631769	0.05401521675631769	0.0369733178811867	0.0369733178811867	0.0369733178811867	0.06320002815747057	0.06320002815747057	0.11721524491378826	0.0369733178811867	0.09480004223620586
UP000006716	0.050946806290220616	0.03210281694622427	0.03210281694622427	0.03210281694622427	0.03210281694622427	0.050946806290220616	0.03210281694622427	0.050946806290220616	0.050946806290220616	0.03210281694622427	0.050946806290220616	0.050946806290220616	0.040457525443772874	0.040457525443772874	0.040457525443772874	0.06420563389244854	0.06420563389244854	0.11515244018266915	0.040457525443772874	0.0963084508386728
UP000001795	0.03718458568745242	0.03335582986819728	0.03335582986819728	0.03335582986819728	0.03335582986819728	0.03718458568745242	0.03335582986819728	0.03718458568745242	0.03718458568745242	0.03335582986819728	0.03718458568745242	0.03718458568745242	0.05984261304121841	0.05984261304121841	0.05984261304121841	0.06671165973639456	0.06671165973639456	0.10389624542384698	0.05984261304121841	0.10006748960459184
UP000007453	0.04031274357406916	0.033238071092903346	0.033238071092903346	0.033238071092903346	0.033238071092903346	0.04031274357406916	0.033238071092903346	0.04031274357406916	0.04031274357406916	0.033238071092903346	0.04031274357406916	0.04031274357406916	0.05480993214699141	0.05480993214699141	0.05480993214699141	0.06647614218580669	0.06647614218580669	0.10678888575987586	0.05480993214699141	0.09971421327871004
UP000140422	0.028320863005336712	0.0329743197993034	0.0329743197993034	0.0329743197993034	0.0329743197993034	0.028320863005336712	0.0329743197993034	0.028320863005336712	0.028320863005336712	0.0329743197993034	0.028320863005336712	0.028320863005336712	0.07678479049327298	0.07678479049327298	0.07678479049327298	0.0659486395986068	0.0659486395986068	0.09426950260394353	0.07678479049327298	0.09892295939791022
UP000009190	0.020997610934433055	0.03156338491272293	0.03156338491272293	0.03156338491272293	0.03156338491272293	0.020997610934433055	0.03156338491272293	0.020997610934433055	0.020997610934433055	0.03156338491272293	0.020997610934433055	0.020997610934433055	0.09489148744203119	0.09489148744203119	0.09489148744203119	0.06312676982544586	0.06312676982544586	0.08412438075987892	0.09489148744203119	0.09469015473816879
UP000007225	0.029134740163820536	0.03306132726364137	0.03306132726364137	0.03306132726364137	0.03306132726364137	0.029134740163820536	0.03306132726364137	0.029134740163820536	0.029134740163820536	0.03306132726364137	0.029134740163820536	0.029134740163820536	0.07503422747465895	0.07503422747465895	0.07503422747465895	0.06612265452728273	0.06612265452728273	0.09525739469110327	0.07503422747465895	0.09918398179092411
UP000008479	0.03694756933063483	0.03336002636230025	0.03336002636230025	0.03336002636230025	0.03336002636230025	0.03694756933063483	0.03336002636230025	0.03694756933063483	0.03694756933063483	0.03336002636230025	0.03694756933063483	0.03694756933063483	0.06024165481276308	0.06024165481276308	0.06024165481276308	0.0667200527246005	0.0667200527246005	0.10366762205523535	0.06024165481276308	0.10008007908690077
UP000002242	0.03614338612496978	0.033369022804464465	0.033369022804464465	0.033369022804464465	0.033369022804464465	0.03614338612496978	0.033369022804464465	0.03614338612496978	0.03614338612496978	0.033369022804464465	0.03614338612496978	0.03614338612496978	0.061615238764561146	0.061615238764561146	0.061615238764561146	0.06673804560892893	0.06673804560892893	0.10288143173389871	0.061615238764561146	0.1001070684133934
UP000007544	0.04124315997204053	0.03318187234732812	0.03318187234732812	0.03318187234732812	0.03318187234732812	0.04124315997204053	0.03318187234732812	0.04124315997204053	0.04124315997204053	0.03318187234732812	0.04124315997204053	0.04124315997204053	0.05339244874644865	0.05339244874644865	0.05339244874644865	0.06636374469465624	0.06636374469465624	0.10760690466669677	0.05339244874644865	0.09954561704198435
UP000007711	0.0556914450156408	0.03129703045249889	0.03129703045249889	0.03129703045249889	0.03129703045249889	0.0556914450156408	0.03129703045249889	0.0556914450156408	0.0556914450156408	0.03129703045249889	0.0556914450156408	0.0556914450156408	0.035176107025757776	0.035176107025757776	0.035176107025757776	0.06259406090499778	0.06259406090499778	0.11828550592063856	0.035176107025757776	0.09389109135749665
UP000009246	0.05949559123339307	0.03054076060469648	0.03054076060469648	0.03054076060469648	0.03054076060469648	0.05949559123339307	0.03054076060469648	0.05949559123339307	0.05949559123339307	0.03054076060469648	0.05949559123339307	0.05949559123339307	0.031354863073950356	0.031354863073950356	0.031354863073950356	0.06108152120939296	0.06108152120939296	0.12057711244278603	0.031354863073950356	0.09162228181408943
UP000002665	0.03416202164025553	0.03335514712126713	0.03335514712126713	0.03335514712126713	0.03335514712126713	0.03416202164025553	0.03335514712126713	0.03416202164025553	0.03416202164025553	0.03335514712126713	0.03416202164025553	0.03416202164025553	0.06513466042480108	0.06513466042480108	0.06513466042480108	0.06671029424253426	0.06671029424253426	0.10087231588278979	0.06513466042480108	0.1000654413638014
UP000002092	0.03229155207578613	0.033291732892292786	0.033291732892292786	0.033291732892292786	0.033291732892292786	0.03229155207578613	0.033291732892292786	0.03229155207578613	0.03229155207578613	0.033291732892292786	0.03229155207578613	0.03229155207578613	0.06864578552127629	0.06864578552127629	0.06864578552127629	0.06658346578458557	0.06658346578458557	0.0988750178603717	0.06864578552127629	0.09987519867687836
UP000007016	0.045027122808006144	0.03286243480742241	0.03286243480742241	0.03286243480742241	0.03286243480742241	0.045027122808006144	0.03286243480742241	0.045027122808006144	0.045027122808006144	0.03286243480742241	0.045027122808006144	0.045027122808006144	0.0479684045581552	0.0479684045581552	0.0479684045581552	0.06572486961484482	0.06572486961484482	0.11075199242285097	0.0479684045581552	0.09858730442226722
UP000009115	0.034633402927060186	0.03336324993478659	0.03336324993478659	0.03336324993478659	0.03336324993478659	0.034633402927060186	0.03336324993478659	0.034633402927060186	0.034633402927060186	0.03336324993478659	0.034633402927060186	0.034633402927060186	0.06427935762219494	0.06427935762219494	0.06427935762219494	0.06672649986957319	0.06672649986957319	0.10135990279663337	0.06427935762219494	0.10008974980435976
UP000002131	0.017495270791282238	0.030375362807302676	0.030375362807302676	0.030375362807302676	0.030375362807302676	0.017495270791282238	0.030375362807302676	0.017495270791282238	0.017495270791282238	0.030375362807302676	0.017495270791282238	0.017495270791282238	0.10547566558787103	0.10547566558787103	0.10547566558787103	0.06075072561460535	0.06075072561460535	0.07824599640588759	0.10547566558787103	0.09112608842190802
UP000009294	0.014182382633909555	0.02881795141238008	0.02881795141238008	0.02881795141238008	0.02881795141238008	0.014182382633909555	0.02881795141238008	0.014182382633909555	0.014182382633909555	0.02881795141238008	0.014182382633909555	0.014182382633909555	0.11711351259423297	0.11711351259423297	0.11711351259423297	0.05763590282476016	0.05763590282476016	0.07181828545866971	0.11711351259423297	0.08645385423714023
UP000008446	0.05489774141482602	0.03144289754357162	0.03144289754357162	0.03144289754357162	0.03144289754357162	0.05489774141482602	0.03144289754357162	0.05489774141482602	0.05489774141482602	0.03144289754357162	0.05489774141482602	0.05489774141482602	0.036018086735660856	0.036018086735660856	0.036018086735660856	0.06288579508714325	0.06288579508714325	0.11778353650196925	0.036018086735660856	0.09432869263071486
UP000002326	0.044971229518736895	0.0328681584049311	0.0328681584049311	0.0328681584049311	0.0328681584049311	0.044971229518736895	0.0328681584049311	0.044971229518736895	0.044971229518736895	0.0328681584049311	0.044971229518736895	0.044971229518736895	0.048044754323718804	0.048044754323718804	0.048044754323718804	0.0657363168098622	0.0657363168098622	0.1107075463285991	0.048044754323718804	0.0986044752147933
UP000007219	0.03169388719671993	0.03326046515265801	0.03326046515265801	0.03326046515265801	0.03326046515265801	0.03169388719671993	0.03326046515265801	0.03169388719671993	0.03169388719671993	0.03326046515265801	0.03169388719671993	0.03169388719671993	0.0698089530832726	0.0698089530832726	0.0698089530832726	0.06652093030531601	0.06652093030531601	0.09821481750203594	0.0698089530832726	0.09978139545797401
UP000006540	0.043508956609710166	0.03300746844679636	0.03300746844679636	0.03300746844679636	0.03300746844679636	0.043508956609710166	0.03300746844679636	0.043508956609710166	0.043508956609710166	0.03300746844679636	0.043508956609710166	0.043508956609710166	0.050081319257520816	0.050081319257520816	0.050081319257520816	0.06601493689359272	0.06601493689359272	0.10952389350330288	0.050081319257520816	0.0990224053403891
UP000000840	0.0360394292079286	0.03336958540515024	0.03336958540515024	0.03336958540515024	0.03336958540515024	0.0360394292079286	0.03336958540515024	0.0360394292079286	0.0360394292079286	0.03336958540515024	0.0360394292079286	0.0360394292079286	0.06179505361681155	0.06179505361681155	0.06179505361681155	0.06673917081030048	0.06673917081030048	0.10277860001822908	0.06179505361681155	0.10010875621545073
UP000201106	0.039020567603663424	0.03330039460535164	0.03330039460535164	0.03330039460535164	0.03330039460535164	0.039020567603663424	0.03330039460535164	0.039020567603663424	0.039020567603663424	0.03330039460535164	0.039020567603663424	0.039020567603663424	0.05683752692352034	0.05683752692352034	0.05683752692352034	0.06660078921070328	0.06660078921070328	0.10562135681436671	0.05683752692352034	0.09990118381605492
UP000008920	0.0429240095168197	0.03305743370176827	0.03305743370176827	0.03305743370176827	0.03305743370176827	0.0429240095168197	0.03305743370176827	0.0429240095168197	0.0429240095168197	0.03305743370176827	0.0429240095168197	0.0429240095168197	0.050917606963934506	0.050917606963934506	0.050917606963934506	0.06611486740353655	0.06611486740353655	0.10903887692035624	0.050917606963934506	0.09917230110530482
UP000009253	0.047574329504511285	0.03257180913667767	0.03257180913667767	0.03257180913667767	0.03257180913667767	0.047574329504511285	0.03257180913667767	0.047574329504511285	0.047574329504511285	0.03257180913667767	0.047574329504511285	0.047574329504511285	0.04460063910456397	0.04460063910456397	0.04460063910456397	0.06514361827335534	0.06514361827335534	0.11271794777786663	0.04460063910456397	0.097715427410033
UP000008286	0.05335767643183229	0.03171352772756264	0.03171352772756264	0.03171352772756264	0.03171352772756264	0.05335767643183229	0.03171352772756264	0.05335767643183229	0.05335767643183229	0.03171352772756264	0.05335767643183229	0.05335767643183229	0.03769833726593358	0.03769833726593358	0.03769833726593358	0.06342705545512528	0.06342705545512528	0.11678473188695758	0.03769833726593358	0.09514058318268792
UP000007908	0.03634981889500768	0.03336749479155133	0.03336749479155133	0.03336749479155133	0.03336749479155133	0.03634981889500768	0.03336749479155133	0.03634981889500768	0.03634981889500768	0.03336749479155133	0.03634981889500768	0.03634981889500768	0.061259711465419114	0.061259711465419114	0.061259711465419114	0.06673498958310266	0.06673498958310266	0.10308480847811032	0.061259711465419114	0.10010248437465398
UP000007670	0.036119467025170715	0.03336916456529781	0.03336916456529781	0.03336916456529781	0.03336916456529781	0.036119467025170715	0.03336916456529781	0.036119467025170715	0.036119467025170715	0.03336916456529781	0.036119467025170715	0.036119467025170715	0.06165656558608445	0.06165656558608445	0.06165656558608445	0.06673832913059562	0.06673832913059562	0.10285779615576633	0.06165656558608445	0.1001074936958934
UP000002501	0.051547952958441466	0.03200979956553168	0.03200979956553168	0.03200979956553168	0.03200979956553168	0.051547952958441466	0.03200979956553168	0.051547952958441466	0.051547952958441466	0.03200979956553168	0.051547952958441466	0.051547952958441466	0.03975433395198363	0.03975433395198363	0.03975433395198363	0.06401959913106336	0.06401959913106336	0.11556755208950485	0.03975433395198363	0.09602939869659506
UP000008167	0.026345024757210404	0.03271093980791586	0.03271093980791586	0.03271093980791586	0.03271093980791586	0.026345024757210404	0.03271093980791586	0.026345024757210404	0.026345024757210404	0.03271093980791586	0.026345024757210404	0.026345024757210404	0.08123018239519728	0.08123018239519728	0.08123018239519728	0.06542187961583172	0.06542187961583172	0.09176690437304214	0.08123018239519728	0.09813281942374757
UP000110594	0.008599451521898763	0.024728566338091663	0.024728566338091663	0.024728566338091663	0.024728566338091663	0.008599451521898763	0.024728566338091663	0.008599451521898763	0.008599451521898763	0.024728566338091663	0.008599451521898763	0.008599451521898763	0.14221883606883345	0.14221883606883345	0.14221883606883345	0.049457132676183325	0.049457132676183325	0.058056584198082094	0.14221883606883345	0.074185699014275
UP000008447	0.04073250252662195	0.0332138658452982	0.0332138658452982	0.0332138658452982	0.0332138658452982	0.04073250252662195	0.0332138658452982	0.04073250252662195	0.04073250252662195	0.0332138658452982	0.04073250252662195	0.04073250252662195	0.054166123658543314	0.054166123658543314	0.054166123658543314	0.0664277316905964	0.0664277316905964	0.10716023421721836	0.054166123658543314	0.0996415975358946
UP000002325	0.03961986020961319	0.03327380998265781	0.03327380998265781	0.03327380998265781	0.03327380998265781	0.03961986020961319	0.03327380998265781	0.03961986020961319	0.03961986020961319	0.03327380998265781	0.03961986020961319	0.03961986020961319	0.055888457198210166	0.055888457198210166	0.055888457198210166	0.06654761996531562	0.06654761996531562	0.10616748017492879	0.055888457198210166	0.09982142994797341
UP000006541	0.034531918969161725	0.03336176459997551	0.03336176459997551	0.03336176459997551	0.03336176459997551	0.034531918969161725	0.03336176459997551	0.034531918969161725	0.034531918969161725	0.03336176459997551	0.034531918969161725	0.034531918969161725	0.06446252455405883	0.06446252455405883	0.06446252455405883	0.06672352919995102	0.06672352919995102	0.10125544816911275	0.06446252455405883	0.10008529379992652
UP000138352	0.04624856500665627	0.032730246802887324	0.032730246802887324	0.032730246802887324	0.032730246802887324	0.04624856500665627	0.032730246802887324	0.04624856500665627	0.04624856500665627	0.032730246802887324	0.04624856500665627	0.04624856500665627	0.04632658572752408	0.04632658572752408	0.04632658572752408	0.06546049360577465	0.06546049360577465	0.11170905861243093	0.04632658572752408	0.09819074040866198
UP000006711	0.021849017817864733	0.031794571688242484	0.031794571688242484	0.031794571688242484	0.031794571688242484	0.021849017817864733	0.031794571688242484	0.021849017817864733	0.021849017817864733	0.031794571688242484	0.021849017817864733	0.021849017817864733	0.0925345749878274	0.0925345749878274	0.0925345749878274	0.06358914337648497	0.06358914337648497	0.08543816119434969	0.0925345749878274	0.09538371506472745
UP000008622	0.05742449526563927	0.030963964055607352	0.030963964055607352	0.030963964055607352	0.030963964055607352	0.05742449526563927	0.030963964055607352	0.05742449526563927	0.05742449526563927	0.030963964055607352	0.05742449526563927	0.05742449526563927	0.03339226807660373	0.03339226807660373	0.03339226807660373	0.061927928111214704	0.061927928111214704	0.11935242337685398	0.03339226807660373	0.09289189216682205
UP000001189	0.02553702126885798	0.03258049935655502	0.03258049935655502	0.03258049935655502	0.03258049935655502	0.02553702126885798	0.03258049935655502	0.02553702126885798	0.02553702126885798	0.03258049935655502	0.02553702126885798	0.02553702126885798	0.08313334019241722	0.08313334019241722	0.08313334019241722	0.06516099871311004	0.06516099871311004	0.09069801998196803	0.08313334019241722	0.09774149806966506
UP000516359	0.05996551685043562	0.03044106061696094	0.03044106061696094	0.03044106061696094	0.03044106061696094	0.05996551685043562	0.03044106061696094	0.05996551685043562	0.05996551685043562	0.03044106061696094	0.05996551685043562	0.05996551685043562	0.030906368198134145	0.030906368198134145	0.030906368198134145	0.06088212123392188	0.06088212123392188	0.12084763808435751	0.030906368198134145	0.09132318185088283
UP000002477	0.03782521143009479	0.03334104653706917	0.03334104653706917	0.03334104653706917	0.03334104653706917	0.03782521143009479	0.03334104653706917	0.03782521143009479	0.03782521143009479	0.03334104653706917	0.03782521143009479	0.03782521143009479	0.058776955483324664	0.058776955483324664	0.058776955483324664	0.06668209307413835	0.06668209307413835	0.10450730450423314	0.058776955483324664	0.10002313961120753
UP000009104	0.045821844231532315	0.03277795869264253	0.03277795869264253	0.03277795869264253	0.03277795869264253	0.045821844231532315	0.03277795869264253	0.045821844231532315	0.045821844231532315	0.03277795869264253	0.045821844231532315	0.045821844231532315	0.04689442749740897	0.04689442749740897	0.04689442749740897	0.06555591738528506	0.06555591738528506	0.11137776161681738	0.04689442749740897	0.0983338760779276
UP000007218	0.04625960442532947	0.032728990955391495	0.032728990955391495	0.032728990955391495	0.032728990955391495	0.04625960442532947	0.032728990955391495	0.04625960442532947	0.04625960442532947	0.032728990955391495	0.04625960442532947	0.04625960442532947	0.04631197617295533	0.04631197617295533	0.04631197617295533	0.06545798191078299	0.06545798191078299	0.11171758633611246	0.04631197617295533	0.09818697286617449
UP000000518	0.022310453549824492	0.031911509407737126	0.031911509407737126	0.031911509407737126	0.031911509407737126	0.022310453549824492	0.031911509407737126	0.022310453549824492	0.022310453549824492	0.031911509407737126	0.022310453549824492	0.022310453549824492	0.09128854600879291	0.09128854600879291	0.09128854600879291	0.06382301881547425	0.06382301881547425	0.08613347236529874	0.09128854600879291	0.09573452822321138
UP000008774	0.021319646675308942	0.03165323530512593	0.03165323530512593	0.03165323530512593	0.03165323530512593	0.021319646675308942	0.03165323530512593	0.021319646675308942	0.021319646675308942	0.03165323530512593	0.021319646675308942	0.021319646675308942	0.09399098592398711	0.09399098592398711	0.09399098592398711	0.06330647061025187	0.06330647061025187	0.08462611728556081	0.09399098592398711	0.09495970591537779
UP000001833	0.04735585685933895	0.03259896309245501	0.03259896309245501	0.03259896309245501	0.03259896309245501	0.04735585685933895	0.03259896309245501	0.04735585685933895	0.04735585685933895	0.03259896309245501	0.04735585685933895	0.04735585685933895	0.044881138899450536	0.044881138899450536	0.044881138899450536	0.06519792618491002	0.06519792618491002	0.11255378304424898	0.044881138899450536	0.09779688927736503
UP000002138	0.025813188646180027	0.03262663822916612	0.03262663822916612	0.03262663822916612	0.03262663822916612	0.025813188646180027	0.03262663822916612	0.025813188646180027	0.025813188646180027	0.03262663822916612	0.025813188646180027	0.025813188646180027	0.08247702650981201	0.08247702650981201	0.08247702650981201	0.06525327645833225	0.06525327645833225	0.09106646510451227	0.08247702650981201	0.09787991468749836
UP000008478	0.04861825452729631	0.03243650749982035	0.03243650749982035	0.03243650749982035	0.03243650749982035	0.04861825452729631	0.03243650749982035	0.04861825452729631	0.04861825452729631	0.03243650749982035	0.04861825452729631	0.04861825452729631	0.04328115145290516	0.04328115145290516	0.04328115145290516	0.0648730149996407	0.0648730149996407	0.11349126952693701	0.04328115145290516	0.09730952249946107
UP000158064	0.04774460577367455	0.03255036406749149	0.03255036406749149	0.03255036406749149	0.03255036406749149	0.04774460577367455	0.03255036406749149	0.04774460577367455	0.04774460577367455	0.03255036406749149	0.04774460577367455	0.04774460577367455	0.04438307464297645	0.04438307464297645	0.04438307464297645	0.06510072813498298	0.06510072813498298	0.11284533390865753	0.04438307464297645	0.09765109220247448
UP000001065	0.06157051218936592	0.0300906412185524	0.0300906412185524	0.0300906412185524	0.0300906412185524	0.06157051218936592	0.0300906412185524	0.06157051218936592	0.06157051218936592	0.0300906412185524	0.06157051218936592	0.06157051218936592	0.029411699099038124	0.029411699099038124	0.029411699099038124	0.0601812824371048	0.0601812824371048	0.12175179462647072	0.029411699099038124	0.0902719236556572
UP000002473	0.04043883086144405	0.03323100075377951	0.03323100075377951	0.03323100075377951	0.03323100075377951	0.04043883086144405	0.03323100075377951	0.04043883086144405	0.04043883086144405	0.03323100075377951	0.04043883086144405	0.04043883086144405	0.054615793165799766	0.054615793165799766	0.054615793165799766	0.06646200150755902	0.06646200150755902	0.10690083236900307	0.054615793165799766	0.09969300226133852
UP000001594	0.027556354475550947	0.03288142270824145	0.03288142270824145	0.03288142270824145	0.03288142270824145	0.027556354475550947	0.03288142270824145	0.027556354475550947	0.027556354475550947	0.03288142270824145	0.027556354475550947	0.027556354475550947	0.0784710445118804	0.0784710445118804	0.0784710445118804	0.0657628454164829	0.0657628454164829	0.09331919989203386	0.0784710445118804	0.09864426812472435
UP000000868	0.04862896630058585	0.03243507219425223	0.03243507219425223	0.03243507219425223	0.03243507219425223	0.04862896630058585	0.03243507219425223	0.04862896630058585	0.04862896630058585	0.03243507219425223	0.04862896630058585	0.04862896630058585	0.04326778824552888	0.04326778824552888	0.04326778824552888	0.06487014438850446	0.06487014438850446	0.11349911068909033	0.04326778824552888	0.09730521658275669
UP000009165	0.04615108686646638	0.032741288999453284	0.032741288999453284	0.032741288999453284	0.032741288999453284	0.04615108686646638	0.032741288999453284	0.04615108686646638	0.04615108686646638	0.032741288999453284	0.04615108686646638	0.04615108686646638	0.046455764235734005	0.046455764235734005	0.046455764235734005	0.06548257799890657	0.06548257799890657	0.11163366486537296	0.046455764235734005	0.09822386699835987
UP000002243	0.05074490411242904	0.03213343871001068	0.03213343871001068	0.03213343871001068	0.03213343871001068	0.05074490411242904	0.03213343871001068	0.05074490411242904	0.05074490411242904	0.03213343871001068	0.05074490411242904	0.05074490411242904	0.04069602264070913	0.04069602264070913	0.04069602264070913	0.06426687742002136	0.06426687742002136	0.1150117815324504	0.04069602264070913	0.09640031613003203
UP000242267	0.05523164755938656	0.03138205295924222	0.03138205295924222	0.03138205295924222	0.03138205295924222	0.05523164755938656	0.03138205295924222	0.05523164755938656	0.05523164755938656	0.03138205295924222	0.05523164755938656	0.05523164755938656	0.0356619181739152	0.0356619181739152	0.0356619181739152	0.06276410591848444	0.06276410591848444	0.117995753477871	0.0356619181739152	0.09414615887772665
UP000158680	0.018687547069406917	0.03082613323807548	0.03082613323807548	0.03082613323807548	0.03082613323807548	0.018687547069406917	0.03082613323807548	0.018687547069406917	0.018687547069406917	0.03082613323807548	0.018687547069406917	0.018687547069406917	0.10169879298575486	0.10169879298575486	0.10169879298575486	0.06165226647615096	0.06165226647615096	0.08033981354555789	0.10169879298575486	0.09247839971422646
UP000153037	0.023098272320573432	0.03209821280895469	0.03209821280895469	0.03209821280895469	0.03209821280895469	0.023098272320573432	0.03209821280895469	0.023098272320573432	0.023098272320573432	0.03209821280895469	0.023098272320573432	0.023098272320573432	0.0892097254054164	0.0892097254054164	0.0892097254054164	0.06419642561790938	0.06419642561790938	0.0872946979384828	0.0892097254054164	0.09629463842686407
UP000000373	0.04522411322198536	0.03284203297500761	0.03284203297500761	0.03284203297500761	0.03284203297500761	0.04522411322198536	0.03284203297500761	0.04522411322198536	0.04522411322198536	0.03284203297500761	0.04522411322198536	0.04522411322198536	0.04770017820524711	0.04770017820524711	0.04770017820524711	0.06568406595001522	0.06568406595001522	0.11090817917200058	0.04770017820524711	0.09852609892502281
UP000000522	0.043154091210619513	0.03303818161075789	0.03303818161075789	0.03303818161075789	0.03303818161075789	0.043154091210619513	0.03303818161075789	0.043154091210619513	0.043154091210619513	0.03303818161075789	0.043154091210619513	0.043154091210619513	0.05058715934107379	0.05058715934107379	0.05058715934107379	0.06607636322151578	0.06607636322151578	0.10923045443213529	0.05058715934107379	0.09911454483227365
UP000007081	0.0452482129151135	0.03283951254709041	0.03283951254709041	0.03283951254709041	0.03283951254709041	0.0452482129151135	0.03283951254709041	0.0452482129151135	0.0452482129151135	0.03283951254709041	0.0452482129151135	0.0452482129151135	0.047667455346962324	0.047667455346962324	0.047667455346962324	0.06567902509418082	0.06567902509418082	0.11092723800929431	0.047667455346962324	0.0985185376412712
UP000002246	0.05997051722282512	0.030439992576845477	0.030439992576845477	0.030439992576845477	0.030439992576845477	0.05997051722282512	0.030439992576845477	0.05997051722282512	0.05997051722282512	0.030439992576845477	0.05997051722282512	0.05997051722282512	0.030901622696885497	0.030901622696885497	0.030901622696885497	0.06087998515369095	0.06087998515369095	0.12085050237651607	0.030901622696885497	0.09131997773053645
UP000006723	0.032833897620395985	0.033315400273755576	0.033315400273755576	0.033315400273755576	0.033315400273755576	0.032833897620395985	0.033315400273755576	0.032833897620395985	0.032833897620395985	0.033315400273755576	0.032833897620395985	0.032833897620395985	0.06760792813772361	0.06760792813772361	0.06760792813772361	0.06663080054751115	0.06663080054751115	0.09946469816790712	0.06760792813772361	0.09994620082126672
UP000000469	0.04838541597499558	0.03246747251496681	0.03246747251496681	0.03246747251496681	0.03246747251496681	0.04838541597499558	0.03246747251496681	0.04838541597499558	0.04838541597499558	0.03246747251496681	0.04838541597499558	0.04838541597499558	0.043572500112632195	0.043572500112632195	0.043572500112632195	0.06493494502993362	0.06493494502993362	0.11332036100492919	0.043572500112632195	0.09740241754490041
UP000000869	0.01921439307798122	0.031009371506836976	0.031009371506836976	0.031009371506836976	0.031009371506836976	0.01921439307798122	0.031009371506836976	0.01921439307798122	0.01921439307798122	0.031009371506836976	0.01921439307798122	0.01921439307798122	0.1000896689628942	0.1000896689628942	0.1000896689628942	0.06201874301367395	0.06201874301367395	0.08123313609165517	0.1000896689628942	0.09302811452051092
UP000126245	0.04182701558766024	0.03314193036550919	0.03314193036550919	0.03314193036550919	0.03314193036550919	0.04182701558766024	0.03314193036550919	0.04182701558766024	0.04182701558766024	0.03314193036550919	0.04182701558766024	0.04182701558766024	0.05252048385093511	0.05252048385093511	0.05252048385093511	0.06628386073101838	0.06628386073101838	0.10811087631867862	0.05252048385093511	0.09942579109652758
