	M	W	C	D	E	F	H	K	N	Q	Y	I	A	G	P	T	V	L	R	S
Start	2335.5	90.5	103.0	535.5	790.0	388.5	134.5	820.5	448.5	252.5	314.5	888.0	632.5	500.0	386.5	543.5	838.0	926.0	789.5	746.0
M	646.0	270.5	260.5	1604.0	2129.0	1065.5	448.0	1569.0	989.5	647.5	933.5	2062.5	2238.5	2156.5	1223.5	1447.0	2158.0	2564.0	1532.5	1732.5
W	270.5	204.0	121.5	652.0	885.0	515.5	228.0	613.0	491.5	269.0	516.5	912.5	930.0	990.0	598.5	586.0	995.0	1251.0	724.0	760.5
C	260.5	121.5	337.0	743.5	1010.0	391.5	280.5	586.5	440.0	263.0	437.5	665.5	897.0	975.5	578.0	681.5	914.5	1010.5	682.0	722.0
D	1604.0	652.0	743.5	3555.0	4659.0	2687.0	1034.5	3492.0	2705.5	1323.5	2574.0	5539.5	4818.5	4489.0	2468.5	3080.0	5470.0	6097.5	3453.0	3794.5
E	2129.0	885.0	1010.0	4659.0	7085.0	3414.5	1417.5	4453.5	3230.5	1783.5	3305.5	7200.5	6521.0	6242.0	3545.0	4099.5	7244.5	8894.0	5381.5	4870.0
F	1065.5	515.5	391.5	2687.0	3414.5	1984.0	760.5	2210.0	1864.0	1016.5	1754.5	3323.0	3384.5	3634.0	2095.0	2352.5	3516.0	4242.0	2566.0	3027.0
H	448.0	228.0	280.5	1034.5	1417.5	760.5	364.0	1068.5	749.5	409.0	783.0	1460.0	1442.5	1421.0	863.5	951.5	1580.0	1885.5	1054.0	1127.0
K	1569.0	613.0	586.5	3492.0	4453.5	2210.0	1068.5	3739.0	2272.0	1310.5	2415.0	4823.5	4654.0	4222.0	2498.0	2973.5	4898.0	6189.5	3258.0	3578.5
N	989.5	491.5	440.0	2705.5	3230.5	1864.0	749.5	2272.0	1753.0	970.0	1671.0	3260.5	3248.0	3176.5	1642.5	2573.5	3765.5	4210.0	2100.0	2549.5
Q	647.5	269.0	263.0	1323.5	1783.5	1016.5	409.0	1310.5	970.0	725.0	1005.5	1931.5	1862.5	1824.5	1100.5	1418.0	1944.0	2459.5	1285.5	1541.5
Y	933.5	516.5	437.5	2574.0	3305.5	1754.5	783.0	2415.0	1671.0	1005.5	1815.0	2882.5	3241.0	3412.0	2018.0	2205.5	3124.5	4181.0	2471.0	2737.0
I	2062.5	912.5	665.5	5539.5	7200.5	3323.0	1460.0	4823.5	3260.5	1931.5	2882.5	6200.0	6472.5	7128.5	3792.5	4514.0	6535.0	8034.0	5021.0	5411.0
A	2238.5	930.0	897.0	4818.5	6521.0	3384.5	1442.5	4654.0	3248.0	1862.5	3241.0	6472.5	7541.0	6792.5	3842.0	4246.5	7147.0	8672.5	4921.5	5693.0
G	2156.5	990.0	975.5	4489.0	6242.0	3634.0	1421.0	4222.0	3176.5	1824.5	3412.0	7128.5	6792.5	6619.0	3426.0	4530.0	7983.5	8963.0	4896.0	5374.0
P	1223.5	598.5	578.0	2468.5	3545.0	2095.0	863.5	2498.0	1642.5	1100.5	2018.0	3792.5	3842.0	3426.0	2280.0	2518.0	4523.5	5036.0	2758.0	2963.5
T	1447.0	586.0	681.5	3080.0	4099.5	2352.5	951.5	2973.5	2573.5	1418.0	2205.5	4514.0	4246.5	4530.0	2518.0	3428.0	4608.5	5202.5	2918.5	4122.5
V	2158.0	995.0	914.5	5470.0	7244.5	3516.0	1580.0	4898.0	3765.5	1944.0	3124.5	6535.0	7147.0	7983.5	4523.5	4608.5	7210.0	8971.0	5601.5	6167.5
L	2564.0	1251.0	1010.5	6097.5	8894.0	4242.0	1885.5	6189.5	4210.0	2459.5	4181.0	8034.0	8672.5	8963.0	5036.0	5202.5	8971.0	11426.0	6919.0	7307.0
R	1532.5	724.0	682.0	3453.0	5381.5	2566.0	1054.0	3258.0	2100.0	1285.5	2471.0	5021.0	4921.5	4896.0	2758.0	2918.5	5601.5	6919.0	4238.0	3940.5
S	1732.5	760.5	722.0	3794.5	4870.0	3027.0	1127.0	3578.5	2549.5	1541.5	2737.0	5411.0	5693.0	5374.0	2963.5	4122.5	6167.5	7307.0	3940.5	5126.0
End	229.0	164.5	118.5	517.0	1090.0	460.5	170.5	1049.5	417.0	353.0	410.5	803.0	665.5	941.0	468.5	478.5	860.5	1215.5	1077.0	818.0
