	AAA	AAC	AAG	AAT	ACA	ACC	ACG	ACT	AGA	AGC	AGG	AGT	ATA	ATC	ATG	ATT	CAA	CAC	CAG	CAT	CCA	CCC	CCG	CCT	CGA	CGC	CGG	CGT	CTA	CTC	CTG	CTT	GAA	GAC	GAG	GAT	GCA	GCC	GCG	GCT	GGA	GGC	GGG	GGT	GTA	GTC	GTG	GTT	TAA	TAC	TAG	TAT	TCA	TCC	TCG	TCT	TGA	TGC	TGG	TGT	TTA	TTC	TTG	TTT
Start	640.0	334.0	411.0	285.0	266.0	353.0	215.0	194.0	153.0	292.0	84.0	181.0	126.0	374.0	3106.0	310.0	231.0	132.0	250.0	131.0	127.0	150.0	156.0	133.0	124.0	217.0	89.0	173.0	73.0	184.0	309.0	185.0	459.0	228.0	209.0	322.0	290.0	213.0	175.0	209.0	135.0	132.0	73.0	111.0	136.0	158.0	483.0	180.0	0.0	131.0	0.0	139.0	159.0	182.0	125.0	139.0	0.0	47.0	124.0	36.0	130.0	196.0	354.0	247.0
AAA	1196.0	571.0	790.0	680.0	318.0	542.0	313.0	311.0	160.0	409.0	101.0	288.0	244.0	839.0	791.0	922.0	501.0	292.0	573.0	405.0	249.0	263.0	384.0	309.0	132.0	486.0	228.0	281.0	158.0	440.0	717.0	509.0	1369.0	719.0	746.0	1081.0	636.0	848.0	589.0	619.0	364.0	728.0	298.0	535.0	369.0	533.0	602.0	592.0	42.0	433.0	15.0	645.0	259.0	261.0	257.0	282.0	31.0	151.0	404.0	135.0	308.0	566.0	481.0	839.0
AAC	571.0	802.0	798.0	460.0	220.0	997.0	517.0	207.0	85.0	553.0	101.0	181.0	128.0	1323.0	878.0	565.0	352.0	413.0	952.0	299.0	171.0	425.0	673.0	183.0	126.0	909.0	377.0	315.0	109.0	659.0	1526.0	336.0	990.0	1045.0	972.0	772.0	453.0	1445.0	946.0	411.0	324.0	1330.0	410.0	506.0	228.0	854.0	1057.0	405.0	16.0	624.0	9.0	464.0	170.0	436.0	419.0	165.0	22.0	241.0	521.0	88.0	176.0	863.0	386.0	481.0
AAG	790.0	798.0	1250.0	506.0	219.0	953.0	546.0	225.0	96.0	550.0	132.0	206.0	143.0	1310.0	987.0	649.0	372.0	419.0	1010.0	352.0	189.0	472.0	705.0	223.0	142.0	832.0	411.0	396.0	119.0	665.0	1568.0	399.0	1221.0	1087.0	1285.0	982.0	513.0	1434.0	1010.0	486.0	336.0	1166.0	468.0	576.0	251.0	831.0	1101.0	460.0	31.0	636.0	17.0	538.0	180.0	468.0	416.0	206.0	43.0	225.0	531.0	98.0	182.0	844.0	472.0	552.0
AAT	680.0	460.0	506.0	518.0	229.0	445.0	280.0	230.0	112.0	329.0	77.0	205.0	179.0	686.0	627.0	663.0	349.0	215.0	497.0	314.0	167.0	207.0	336.0	215.0	97.0	369.0	192.0	215.0	114.0	330.0	620.0	369.0	875.0	547.0	599.0	802.0	424.0	682.0	531.0	434.0	274.0	643.0	275.0	411.0	237.0	439.0	586.0	422.0	17.0	342.0	8.0	531.0	183.0	214.0	231.0	200.0	14.0	136.0	324.0	95.0	218.0	468.0	384.0	595.0
ACA	318.0	220.0	219.0	229.0	140.0	258.0	170.0	122.0	60.0	174.0	47.0	105.0	86.0	305.0	270.0	293.0	185.0	125.0	243.0	134.0	107.0	135.0	196.0	119.0	61.0	211.0	109.0	108.0	62.0	197.0	319.0	186.0	414.0	307.0	299.0	372.0	263.0	394.0	304.0	224.0	170.0	343.0	157.0	227.0	122.0	230.0	265.0	198.0	10.0	147.0	5.0	192.0	105.0	127.0	127.0	106.0	11.0	66.0	164.0	47.0	114.0	216.0	186.0	259.0
ACC	542.0	997.0	953.0	445.0	258.0	1374.0	685.0	212.0	98.0	762.0	117.0	201.0	127.0	1556.0	1092.0	528.0	382.0	524.0	1250.0	365.0	201.0	626.0	904.0	242.0	166.0	1192.0	484.0	421.0	110.0	834.0	2016.0	378.0	1328.0	1332.0	1238.0	954.0	603.0	1930.0	1315.0	501.0	439.0	1901.0	573.0	682.0	262.0	1028.0	1365.0	400.0	14.0	677.0	9.0	452.0	179.0	581.0	534.0	167.0	19.0	312.0	658.0	99.0	134.0	1037.0	465.0	458.0
ACG	313.0	517.0	546.0	280.0	170.0	685.0	444.0	144.0	65.0	426.0	84.0	138.0	91.0	821.0	645.0	340.0	231.0	286.0	683.0	234.0	140.0	321.0	537.0	166.0	110.0	610.0	323.0	253.0	70.0	439.0	1105.0	240.0	699.0	724.0	728.0	589.0	393.0	1027.0	810.0	323.0	291.0	953.0	407.0	437.0	167.0	557.0	810.0	269.0	10.0	366.0	7.0	277.0	121.0	313.0	331.0	116.0	17.0	174.0	350.0	68.0	84.0	560.0	324.0	313.0
ACT	311.0	207.0	225.0	230.0	122.0	212.0	144.0	118.0	50.0	148.0	38.0	103.0	71.0	278.0	261.0	286.0	166.0	105.0	205.0	118.0	88.0	109.0	173.0	118.0	50.0	165.0	91.0	99.0	54.0	153.0	263.0	166.0	412.0	263.0	273.0	367.0	227.0	330.0	251.0	225.0	148.0	309.0	137.0	227.0	120.0	191.0	237.0	203.0	9.0	135.0	4.0	189.0	97.0	112.0	104.0	106.0	8.0	59.0	131.0	45.0	101.0	188.0	178.0	241.0
AGA	160.0	85.0	96.0	112.0	60.0	98.0	65.0	50.0	42.0	75.0	29.0	49.0	49.0	120.0	124.0	129.0	87.0	55.0	101.0	68.0	46.0	52.0	76.0	52.0	35.0	90.0	52.0	61.0	32.0	78.0	133.0	84.0	193.0	120.0	133.0	165.0	104.0	151.0	124.0	93.0	70.0	126.0	65.0	87.0	50.0	92.0	106.0	86.0	7.0	65.0	4.0	95.0	53.0	52.0	51.0	51.0	10.0	31.0	73.0	25.0	61.0	85.0	87.0	117.0
AGC	409.0	553.0	550.0	329.0	174.0	762.0	426.0	148.0	75.0	486.0	94.0	147.0	100.0	967.0	647.0	387.0	272.0	310.0	749.0	232.0	130.0	381.0	538.0	152.0	114.0	690.0	341.0	237.0	84.0	534.0	1219.0	267.0	761.0	775.0	792.0	584.0	379.0	1193.0	840.0	320.0	286.0	1029.0	379.0	382.0	177.0	661.0	870.0	285.0	13.0	410.0	8.0	339.0	131.0	366.0	333.0	126.0	19.0	192.0	419.0	70.0	128.0	649.0	310.0	355.0
AGG	101.0	101.0	132.0	77.0	47.0	117.0	84.0	38.0	29.0	94.0	38.0	41.0	32.0	155.0	141.0	90.0	66.0	61.0	142.0	60.0	39.0	71.0	108.0	43.0	36.0	123.0	79.0	60.0	24.0	99.0	217.0	70.0	170.0	150.0	180.0	145.0	95.0	197.0	161.0	84.0	75.0	158.0	85.0	85.0	41.0	109.0	145.0	68.0	5.0	76.0	4.0	74.0	39.0	67.0	68.0	35.0	16.0	40.0	91.0	21.0	36.0	108.0	83.0	88.0
AGT	288.0	181.0	206.0	205.0	105.0	201.0	138.0	103.0	49.0	147.0	41.0	102.0	77.0	271.0	241.0	263.0	152.0	100.0	204.0	117.0	74.0	102.0	166.0	97.0	47.0	169.0	103.0	93.0	50.0	163.0	305.0	164.0	354.0	242.0	263.0	312.0	195.0	321.0	267.0	198.0	134.0	285.0	142.0	194.0	106.0	205.0	258.0	186.0	8.0	141.0	4.0	179.0	85.0	110.0	113.0	92.0	9.0	59.0	136.0	44.0	97.0	199.0	178.0	247.0
ATA	244.0	128.0	143.0	179.0	86.0	127.0	91.0	71.0	49.0	100.0	32.0	77.0	78.0	172.0	183.0	198.0	129.0	71.0	134.0	95.0	69.0	75.0	106.0	75.0	42.0	106.0	62.0	71.0	44.0	107.0	174.0	119.0	286.0	172.0	179.0	257.0	148.0	214.0	176.0	130.0	105.0	208.0	98.0	140.0	76.0	124.0	141.0	125.0	8.0	83.0	3.0	134.0	74.0	71.0	72.0	72.0	7.0	40.0	90.0	35.0	95.0	121.0	128.0	193.0
ATC	839.0	1323.0	1310.0	686.0	305.0	1556.0	821.0	278.0	120.0	967.0	155.0	271.0	172.0	1886.0	1458.0	745.0	524.0	681.0	1644.0	474.0	272.0	791.0	1254.0	305.0	205.0	1434.0	595.0	521.0	142.0	967.0	2579.0	476.0	1676.0	1761.0	1715.0	1347.0	715.0	2355.0	1641.0	657.0	602.0	2481.0	848.0	961.0	308.0	1150.0	1632.0	517.0	21.0	798.0	12.0	568.0	240.0	742.0	656.0	230.0	27.0	388.0	732.0	133.0	208.0	1251.0	583.0	667.0
ATG	791.0	878.0	987.0	627.0	270.0	1092.0	645.0	261.0	124.0	647.0	141.0	241.0	183.0	1458.0	1166.0	726.0	444.0	501.0	1138.0	414.0	239.0	553.0	872.0	287.0	172.0	1090.0	495.0	417.0	140.0	778.0	1726.0	486.0	1336.0	1263.0	1296.0	1103.0	626.0	1785.0	1241.0	571.0	453.0	1661.0	617.0	722.0	280.0	923.0	1209.0	503.0	19.0	613.0	11.0	563.0	232.0	558.0	548.0	246.0	26.0	282.0	615.0	122.0	228.0	997.0	546.0	689.0
ATT	922.0	565.0	649.0	663.0	293.0	528.0	340.0	286.0	129.0	387.0	90.0	263.0	198.0	745.0	726.0	772.0	433.0	262.0	557.0	362.0	226.0	265.0	429.0	302.0	114.0	458.0	220.0	248.0	133.0	381.0	696.0	441.0	1223.0	728.0	753.0	1046.0	575.0	859.0	656.0	569.0	420.0	870.0	379.0	623.0	287.0	453.0	613.0	496.0	22.0	339.0	10.0	497.0	244.0	262.0	283.0	278.0	15.0	152.0	328.0	128.0	253.0	510.0	456.0	724.0
CAA	501.0	352.0	372.0	349.0	185.0	382.0	231.0	166.0	87.0	272.0	66.0	152.0	129.0	524.0	444.0	433.0	340.0	200.0	425.0	207.0	139.0	198.0	298.0	168.0	95.0	377.0	196.0	169.0	100.0	325.0	525.0	297.0	754.0	487.0	497.0	572.0	376.0	645.0	463.0	329.0	226.0	503.0	203.0	294.0	183.0	357.0	403.0	298.0	17.0	256.0	8.0	326.0	155.0	188.0	188.0	155.0	18.0	99.0	244.0	67.0	152.0	345.0	283.0	385.0
CAC	292.0	413.0	419.0	215.0	125.0	524.0	286.0	105.0	55.0	310.0	61.0	100.0	71.0	681.0	501.0	262.0	200.0	294.0	510.0	236.0	110.0	272.0	402.0	121.0	86.0	557.0	232.0	207.0	59.0	349.0	866.0	192.0	649.0	589.0	561.0	478.0	277.0	785.0	551.0	234.0	199.0	757.0	249.0	303.0	141.0	443.0	601.0	202.0	8.0	310.0	5.0	249.0	93.0	235.0	222.0	81.0	12.0	154.0	307.0	56.0	80.0	441.0	224.0	238.0
CAG	573.0	952.0	1010.0	497.0	243.0	1250.0	683.0	205.0	101.0	749.0	142.0	204.0	134.0	1644.0	1138.0	557.0	425.0	510.0	1494.0	398.0	193.0	570.0	921.0	240.0	183.0	1316.0	633.0	430.0	123.0	930.0	2213.0	420.0	1291.0	1310.0	1493.0	992.0	584.0	2014.0	1415.0	515.0	419.0	1670.0	612.0	603.0	259.0	1060.0	1425.0	422.0	19.0	692.0	14.0	521.0	178.0	609.0	569.0	177.0	36.0	293.0	674.0	96.0	161.0	1048.0	531.0	497.0
CAT	405.0	299.0	352.0	314.0	134.0	365.0	234.0	118.0	68.0	232.0	60.0	117.0	95.0	474.0	414.0	362.0	207.0	236.0	398.0	258.0	115.0	198.0	303.0	137.0	82.0	351.0	212.0	174.0	70.0	286.0	540.0	236.0	627.0	477.0	511.0	562.0	283.0	581.0	453.0	264.0	206.0	509.0	231.0	279.0	137.0	347.0	457.0	247.0	9.0	241.0	5.0	319.0	108.0	178.0	179.0	112.0	11.0	109.0	252.0	67.0	115.0	334.0	249.0	349.0
CCA	249.0	171.0	189.0	167.0	107.0	201.0	140.0	88.0	46.0	130.0	39.0	74.0	69.0	272.0	239.0	226.0	139.0	110.0	193.0	115.0	110.0	129.0	203.0	103.0	54.0	184.0	101.0	92.0	51.0	164.0	273.0	143.0	337.0	249.0	268.0	286.0	203.0	336.0	263.0	178.0	135.0	276.0	126.0	168.0	104.0	204.0	234.0	167.0	8.0	133.0	4.0	160.0	86.0	105.0	103.0	79.0	10.0	58.0	152.0	40.0	81.0	191.0	147.0	202.0
CCC	263.0	425.0	472.0	207.0	135.0	626.0	321.0	109.0	52.0	381.0	71.0	102.0	75.0	791.0	553.0	265.0	198.0	272.0	570.0	198.0	129.0	378.0	496.0	156.0	90.0	547.0	258.0	235.0	62.0	426.0	1024.0	209.0	628.0	609.0	593.0	482.0	323.0	951.0	664.0	274.0	218.0	793.0	281.0	301.0	142.0	520.0	685.0	209.0	9.0	326.0	6.0	236.0	99.0	281.0	238.0	89.0	12.0	166.0	378.0	58.0	65.0	495.0	265.0	243.0
CCG	384.0	673.0	705.0	336.0	196.0	904.0	537.0	173.0	76.0	538.0	108.0	166.0	106.0	1254.0	872.0	429.0	298.0	402.0	921.0	303.0	203.0	496.0	886.0	246.0	134.0	827.0	416.0	340.0	90.0	623.0	1746.0	308.0	1013.0	954.0	1021.0	737.0	508.0	1377.0	1079.0	440.0	344.0	1241.0	489.0	478.0	215.0	815.0	1231.0	349.0	14.0	535.0	10.0	383.0	145.0	451.0	410.0	139.0	23.0	261.0	547.0	95.0	85.0	873.0	438.0	405.0
CCT	309.0	183.0	223.0	215.0	119.0	242.0	166.0	118.0	52.0	152.0	43.0	97.0	75.0	305.0	287.0	302.0	168.0	121.0	240.0	137.0	103.0	156.0	246.0	138.0	60.0	221.0	125.0	112.0	55.0	188.0	339.0	185.0	409.0	288.0	315.0	369.0	244.0	402.0	321.0	232.0	146.0	335.0	155.0	207.0	118.0	239.0	292.0	211.0	8.0	153.0	4.0	197.0	95.0	126.0	127.0	100.0	10.0	70.0	163.0	50.0	98.0	217.0	188.0	271.0
CGA	132.0	126.0	142.0	97.0	61.0	166.0	110.0	50.0	35.0	114.0	36.0	47.0	42.0	205.0	172.0	114.0	95.0	86.0	183.0	82.0	54.0	90.0	134.0	60.0	60.0	182.0	99.0	93.0	34.0	131.0	282.0	96.0	227.0	194.0	222.0	191.0	130.0	281.0	216.0	113.0	96.0	226.0	103.0	116.0	59.0	152.0	192.0	89.0	6.0	100.0	4.0	92.0	49.0	86.0	87.0	45.0	10.0	48.0	111.0	25.0	46.0	141.0	109.0	105.0
CGC	486.0	909.0	832.0	369.0	211.0	1192.0	610.0	165.0	90.0	690.0	123.0	169.0	106.0	1434.0	1090.0	458.0	377.0	557.0	1316.0	351.0	184.0	547.0	827.0	221.0	182.0	1370.0	523.0	515.0	97.0	737.0	2121.0	345.0	1293.0	1299.0	1302.0	875.0	544.0	1778.0	1223.0	471.0	389.0	1596.0	566.0	613.0	228.0	898.0	1364.0	341.0	16.0	663.0	11.0	387.0	150.0	528.0	472.0	137.0	22.0	300.0	624.0	100.0	87.0	904.0	467.0	382.0
CGG	228.0	377.0	411.0	192.0	109.0	484.0	323.0	91.0	52.0	341.0	79.0	103.0	62.0	595.0	495.0	220.0	196.0	232.0	633.0	212.0	101.0	258.0	416.0	125.0	99.0	523.0	330.0	253.0	58.0	349.0	950.0	198.0	643.0	518.0	617.0	506.0	283.0	763.0	617.0	250.0	198.0	648.0	288.0	276.0	114.0	405.0	615.0	186.0	10.0	284.0	8.0	217.0	87.0	228.0	233.0	80.0	21.0	136.0	327.0	55.0	47.0	376.0	275.0	207.0
CGT	281.0	315.0	396.0	215.0	108.0	421.0	253.0	99.0	61.0	237.0	60.0	93.0	71.0	521.0	417.0	248.0	169.0	207.0	430.0	174.0	92.0	235.0	340.0	112.0	93.0	515.0	253.0	242.0	55.0	342.0	662.0	192.0	544.0	537.0	584.0	426.0	265.0	716.0	560.0	241.0	190.0	632.0	238.0	310.0	121.0	408.0	509.0	202.0	9.0	249.0	6.0	219.0	86.0	197.0	210.0	87.0	14.0	105.0	249.0	50.0	89.0	356.0	229.0	226.0
CTA	158.0	109.0	119.0	114.0	62.0	110.0	70.0	54.0	32.0	84.0	24.0	50.0	44.0	142.0	140.0	133.0	100.0	59.0	123.0	70.0	51.0	62.0	90.0	55.0	34.0	97.0	58.0	55.0	36.0	89.0	149.0	95.0	239.0	151.0	162.0	197.0	123.0	180.0	133.0	110.0	89.0	161.0	75.0	107.0	61.0	96.0	119.0	95.0	6.0	73.0	3.0	90.0	53.0	58.0	55.0	51.0	5.0	32.0	72.0	23.0	56.0	106.0	95.0	125.0
CTC	440.0	659.0	665.0	330.0	197.0	834.0	439.0	153.0	78.0	534.0	99.0	163.0	107.0	967.0	778.0	381.0	325.0	349.0	930.0	286.0	164.0	426.0	623.0	188.0	131.0	737.0	349.0	342.0	89.0	550.0	1453.0	290.0	1023.0	866.0	983.0	730.0	474.0	1236.0	860.0	380.0	348.0	1125.0	422.0	488.0	193.0	594.0	859.0	288.0	12.0	416.0	7.0	302.0	140.0	374.0	324.0	125.0	15.0	203.0	441.0	75.0	92.0	623.0	360.0	346.0
CTG	717.0	1526.0	1568.0	620.0	319.0	2016.0	1105.0	263.0	133.0	1219.0	217.0	305.0	174.0	2579.0	1726.0	696.0	525.0	866.0	2213.0	540.0	273.0	1024.0	1746.0	339.0	282.0	2121.0	950.0	662.0	149.0	1453.0	3462.0	536.0	2052.0	2375.0	2618.0	1483.0	878.0	3421.0	2466.0	735.0	724.0	3154.0	1132.0	1051.0	335.0	1627.0	2237.0	543.0	22.0	967.0	17.0	616.0	232.0	1043.0	913.0	217.0	42.0	501.0	1031.0	156.0	157.0	1713.0	774.0	633.0
CTT	509.0	336.0	399.0	369.0	186.0	378.0	240.0	166.0	84.0	267.0	70.0	164.0	119.0	476.0	486.0	441.0	297.0	192.0	420.0	236.0	143.0	209.0	308.0	185.0	96.0	345.0	198.0	192.0	95.0	290.0	536.0	298.0	778.0	493.0	566.0	672.0	388.0	636.0	493.0	365.0	250.0	560.0	273.0	374.0	177.0	332.0	438.0	321.0	13.0	225.0	6.0	309.0	153.0	196.0	195.0	154.0	13.0	95.0	248.0	77.0	162.0	336.0	309.0	399.0
GAA	1369.0	990.0	1221.0	875.0	414.0	1328.0	699.0	412.0	193.0	761.0	170.0	354.0	286.0	1676.0	1336.0	1223.0	754.0	649.0	1291.0	627.0	337.0	628.0	1013.0	409.0	227.0	1293.0	643.0	544.0	239.0	1023.0	2052.0	778.0	2256.0	1602.0	1773.0	1622.0	972.0	2208.0	1515.0	910.0	537.0	1694.0	618.0	838.0	466.0	1249.0	1468.0	865.0	43.0	837.0	19.0	921.0	340.0	602.0	553.0	373.0	51.0	341.0	720.0	185.0	384.0	1142.0	799.0	1095.0
GAC	719.0	1045.0	1087.0	547.0	307.0	1332.0	724.0	263.0	120.0	775.0	150.0	242.0	172.0	1761.0	1263.0	728.0	487.0	589.0	1310.0	477.0	249.0	609.0	954.0	288.0	194.0	1299.0	518.0	537.0	151.0	866.0	2375.0	493.0	1602.0	1386.0	1312.0	1188.0	705.0	1841.0	1379.0	608.0	469.0	1657.0	558.0	721.0	367.0	1084.0	1445.0	548.0	19.0	820.0	11.0	626.0	224.0	584.0	479.0	206.0	23.0	357.0	743.0	137.0	190.0	1114.0	607.0	615.0
GAG	746.0	972.0	1285.0	599.0	299.0	1238.0	728.0	273.0	133.0	792.0	180.0	263.0	179.0	1715.0	1296.0	753.0	497.0	561.0	1493.0	511.0	268.0	593.0	1021.0	315.0	222.0	1302.0	617.0	584.0	162.0	983.0	2618.0	566.0	1773.0	1312.0	1658.0	1308.0	753.0	2022.0	1557.0	678.0	501.0	1631.0	633.0	754.0	357.0	1059.0	1538.0	589.0	28.0	786.0	17.0	696.0	237.0	579.0	550.0	231.0	56.0	359.0	750.0	155.0	209.0	1075.0	682.0	693.0
GAT	1081.0	772.0	982.0	802.0	372.0	954.0	589.0	367.0	165.0	584.0	145.0	312.0	257.0	1347.0	1103.0	1046.0	572.0	478.0	992.0	562.0	286.0	482.0	737.0	369.0	191.0	875.0	506.0	426.0	197.0	730.0	1483.0	672.0	1622.0	1188.0	1308.0	1466.0	765.0	1529.0	1146.0	733.0	495.0	1253.0	549.0	769.0	396.0	923.0	1254.0	739.0	23.0	652.0	12.0	865.0	281.0	458.0	441.0	315.0	25.0	261.0	615.0	162.0	338.0	905.0	724.0	937.0
GCA	636.0	453.0	513.0	424.0	263.0	603.0	393.0	227.0	104.0	379.0	95.0	195.0	148.0	715.0	626.0	575.0	376.0	277.0	584.0	283.0	203.0	323.0	508.0	244.0	130.0	544.0	283.0	265.0	123.0	474.0	878.0	388.0	972.0	705.0	753.0	765.0	602.0	1076.0	840.0	531.0	352.0	852.0	358.0	500.0	245.0	569.0	682.0	434.0	19.0	331.0	9.0	384.0	199.0	299.0	296.0	198.0	22.0	157.0	348.0	93.0	211.0	500.0	409.0	499.0
GCC	848.0	1445.0	1434.0	682.0	394.0	1930.0	1027.0	330.0	151.0	1193.0	197.0	321.0	214.0	2355.0	1785.0	859.0	645.0	785.0	2014.0	581.0	336.0	951.0	1377.0	402.0	281.0	1778.0	763.0	716.0	180.0	1236.0	3421.0	636.0	2208.0	1841.0	2022.0	1529.0	1076.0	3266.0	2194.0	934.0	717.0	2657.0	924.0	1079.0	418.0	1514.0	2190.0	647.0	24.0	926.0	15.0	688.0	288.0	857.0	740.0	262.0	28.0	499.0	1027.0	177.0	196.0	1477.0	868.0	722.0
GCG	589.0	946.0	1010.0	531.0	304.0	1315.0	810.0	251.0	124.0	840.0	161.0	267.0	176.0	1641.0	1241.0	656.0	463.0	551.0	1415.0	453.0	263.0	664.0	1079.0	321.0	216.0	1223.0	617.0	560.0	133.0	860.0	2466.0	493.0	1515.0	1379.0	1557.0	1146.0	840.0	2194.0	1756.0	713.0	574.0	1862.0	803.0	845.0	335.0	1053.0	1842.0	524.0	21.0	655.0	15.0	527.0	228.0	676.0	630.0	208.0	30.0	334.0	689.0	142.0	151.0	1122.0	702.0	586.0
GCT	619.0	411.0	486.0	434.0	224.0	501.0	323.0	225.0	93.0	320.0	84.0	198.0	130.0	657.0	571.0	569.0	329.0	234.0	515.0	264.0	178.0	274.0	440.0	232.0	113.0	471.0	250.0	241.0	110.0	380.0	735.0	365.0	910.0	608.0	678.0	733.0	531.0	934.0	713.0	532.0	310.0	744.0	323.0	495.0	240.0	490.0	593.0	425.0	17.0	298.0	8.0	375.0	180.0	262.0	253.0	201.0	17.0	131.0	295.0	94.0	193.0	429.0	377.0	493.0
GGA	364.0	324.0	336.0	274.0	170.0	439.0	291.0	148.0	70.0	286.0	75.0	134.0	105.0	602.0	453.0	420.0	226.0	199.0	419.0	206.0	135.0	218.0	344.0	146.0	96.0	389.0	198.0	190.0	89.0	348.0	724.0	250.0	537.0	469.0	501.0	495.0	352.0	717.0	574.0	310.0	300.0	636.0	297.0	383.0	186.0	440.0	558.0	302.0	12.0	278.0	7.0	280.0	130.0	221.0	210.0	125.0	27.0	129.0	305.0	78.0	146.0	430.0	297.0	383.0
GGC	728.0	1330.0	1166.0	643.0	343.0	1901.0	953.0	309.0	126.0	1029.0	158.0	285.0	208.0	2481.0	1661.0	870.0	503.0	757.0	1670.0	509.0	276.0	793.0	1241.0	335.0	226.0	1596.0	648.0	632.0	161.0	1125.0	3154.0	560.0	1694.0	1657.0	1631.0	1253.0	852.0	2657.0	1862.0	744.0	636.0	2626.0	884.0	1053.0	440.0	1583.0	2247.0	651.0	19.0	1019.0	12.0	691.0	240.0	775.0	700.0	232.0	25.0	478.0	975.0	167.0	181.0	1496.0	746.0	742.0
GGG	298.0	410.0	468.0	275.0	157.0	573.0	407.0	137.0	65.0	379.0	85.0	142.0	98.0	848.0	617.0	379.0	203.0	249.0	612.0	231.0	126.0	281.0	489.0	155.0	103.0	566.0	288.0	238.0	75.0	422.0	1132.0	273.0	618.0	558.0	633.0	549.0	358.0	924.0	803.0	323.0	297.0	884.0	374.0	399.0	186.0	562.0	829.0	294.0	9.0	333.0	7.0	309.0	119.0	278.0	292.0	114.0	23.0	167.0	389.0	84.0	102.0	549.0	346.0	369.0
GGT	535.0	506.0	576.0	411.0	227.0	682.0	437.0	227.0	87.0	382.0	85.0	194.0	140.0	961.0	722.0	623.0	294.0	303.0	603.0	279.0	168.0	301.0	478.0	207.0	116.0	613.0	276.0	310.0	107.0	488.0	1051.0	374.0	838.0	721.0	754.0	769.0	500.0	1079.0	845.0	495.0	383.0	1053.0	399.0	668.0	259.0	680.0	898.0	481.0	12.0	425.0	7.0	421.0	170.0	311.0	328.0	188.0	16.0	181.0	415.0	108.0	182.0	650.0	411.0	547.0
GTA	369.0	228.0	251.0	237.0	122.0	262.0	167.0	120.0	50.0	177.0	41.0	106.0	76.0	308.0	280.0	287.0	183.0	141.0	259.0	137.0	104.0	142.0	215.0	118.0	59.0	228.0	114.0	121.0	61.0	193.0	335.0	177.0	466.0	367.0	357.0	396.0	245.0	418.0	335.0	240.0	186.0	440.0	186.0	259.0	124.0	241.0	310.0	218.0	9.0	161.0	5.0	188.0	104.0	131.0	132.0	106.0	10.0	73.0	158.0	48.0	115.0	232.0	192.0	259.0
GTC	533.0	854.0	831.0	439.0	230.0	1028.0	557.0	191.0	92.0	661.0	109.0	205.0	124.0	1150.0	923.0	453.0	357.0	443.0	1060.0	347.0	204.0	520.0	815.0	239.0	152.0	898.0	405.0	408.0	96.0	594.0	1627.0	332.0	1249.0	1084.0	1059.0	923.0	569.0	1514.0	1053.0	490.0	440.0	1583.0	562.0	680.0	241.0	812.0	1121.0	373.0	15.0	509.0	9.0	385.0	174.0	491.0	438.0	155.0	17.0	253.0	514.0	104.0	108.0	773.0	443.0	411.0
GTG	602.0	1057.0	1101.0	586.0	265.0	1365.0	810.0	237.0	106.0	870.0	145.0	258.0	141.0	1632.0	1209.0	613.0	403.0	601.0	1425.0	457.0	234.0	685.0	1231.0	292.0	192.0	1364.0	615.0	509.0	119.0	859.0	2237.0	438.0	1468.0	1445.0	1538.0	1254.0	682.0	2190.0	1842.0	593.0	558.0	2247.0	829.0	898.0	310.0	1121.0	1606.0	465.0	18.0	648.0	13.0	535.0	210.0	677.0	674.0	209.0	32.0	362.0	691.0	137.0	157.0	1106.0	583.0	570.0
GTT	592.0	405.0	460.0	422.0	198.0	400.0	269.0	203.0	86.0	285.0	68.0	186.0	125.0	517.0	503.0	496.0	298.0	202.0	422.0	247.0	167.0	209.0	349.0	211.0	89.0	341.0	186.0	202.0	95.0	288.0	543.0	321.0	865.0	548.0	589.0	739.0	434.0	647.0	524.0	425.0	302.0	651.0	294.0	481.0	218.0	373.0	465.0	398.0	16.0	249.0	7.0	333.0	167.0	209.0	215.0	197.0	14.0	106.0	253.0	88.0	182.0	370.0	333.0	462.0
TAA	42.0	16.0	31.0	17.0	10.0	14.0	10.0	9.0	7.0	13.0	5.0	8.0	8.0	21.0	19.0	22.0	17.0	8.0	19.0	9.0	8.0	9.0	14.0	8.0	6.0	16.0	10.0	9.0	6.0	12.0	22.0	13.0	43.0	19.0	28.0	23.0	19.0	24.0	21.0	17.0	12.0	19.0	9.0	12.0	9.0	15.0	18.0	16.0	0.0	11.0	0.0	13.0	9.0	8.0	8.0	8.0	0.0	4.0	12.0	3.0	11.0	16.0	16.0	19.0
TAC	433.0	624.0	636.0	342.0	147.0	677.0	366.0	135.0	65.0	410.0	76.0	141.0	83.0	798.0	613.0	339.0	256.0	310.0	692.0	241.0	133.0	326.0	535.0	153.0	100.0	663.0	284.0	249.0	73.0	416.0	967.0	225.0	837.0	820.0	786.0	652.0	331.0	926.0	655.0	298.0	278.0	1019.0	333.0	425.0	161.0	509.0	648.0	249.0	11.0	452.0	7.0	340.0	123.0	311.0	301.0	119.0	14.0	162.0	369.0	65.0	102.0	589.0	268.0	326.0
TAG	15.0	9.0	17.0	8.0	5.0	9.0	7.0	4.0	4.0	8.0	4.0	4.0	3.0	12.0	11.0	10.0	8.0	5.0	14.0	5.0	4.0	6.0	10.0	4.0	4.0	11.0	8.0	6.0	3.0	7.0	17.0	6.0	19.0	11.0	17.0	12.0	9.0	15.0	15.0	8.0	7.0	12.0	7.0	7.0	5.0	9.0	13.0	7.0	0.0	7.0	0.0	7.0	4.0	5.0	6.0	4.0	0.0	3.0	8.0	2.0	5.0	10.0	9.0	9.0
TAT	645.0	464.0	538.0	531.0	192.0	452.0	277.0	189.0	95.0	339.0	74.0	179.0	134.0	568.0	563.0	497.0	326.0	249.0	521.0	319.0	160.0	236.0	383.0	197.0	92.0	387.0	217.0	219.0	90.0	302.0	616.0	309.0	921.0	626.0	696.0	865.0	384.0	688.0	527.0	375.0	280.0	691.0	309.0	421.0	188.0	385.0	535.0	333.0	13.0	340.0	7.0	488.0	157.0	224.0	237.0	176.0	13.0	127.0	324.0	86.0	167.0	440.0	336.0	506.0
TCA	259.0	170.0	180.0	183.0	105.0	179.0	121.0	97.0	53.0	131.0	39.0	85.0	74.0	240.0	232.0	244.0	155.0	93.0	178.0	108.0	86.0	99.0	145.0	95.0	49.0	150.0	87.0	86.0	53.0	140.0	232.0	153.0	340.0	224.0	237.0	281.0	199.0	288.0	228.0	180.0	130.0	240.0	119.0	170.0	104.0	174.0	210.0	167.0	9.0	123.0	4.0	157.0	92.0	104.0	105.0	93.0	9.0	51.0	129.0	40.0	98.0	173.0	159.0	224.0
TCC	261.0	436.0	468.0	214.0	127.0	581.0	313.0	112.0	52.0	366.0	67.0	110.0	71.0	742.0	558.0	262.0	188.0	235.0	609.0	178.0	105.0	281.0	451.0	126.0	86.0	528.0	228.0	197.0	58.0	374.0	1043.0	196.0	602.0	584.0	579.0	458.0	299.0	857.0	676.0	262.0	221.0	775.0	278.0	311.0	131.0	491.0	677.0	209.0	8.0	311.0	5.0	224.0	104.0	296.0	275.0	103.0	12.0	149.0	313.0	54.0	81.0	479.0	245.0	231.0
TCG	257.0	419.0	416.0	231.0	127.0	534.0	331.0	104.0	51.0	333.0	68.0	113.0	72.0	656.0	548.0	283.0	188.0	222.0	569.0	179.0	103.0	238.0	410.0	127.0	87.0	472.0	233.0	210.0	55.0	324.0	913.0	195.0	553.0	479.0	550.0	441.0	296.0	740.0	630.0	253.0	210.0	700.0	292.0	328.0	132.0	438.0	674.0	215.0	8.0	301.0	6.0	237.0	105.0	275.0	272.0	97.0	13.0	136.0	289.0	60.0	74.0	439.0	263.0	260.0
TCT	282.0	165.0	206.0	200.0	106.0	167.0	116.0	106.0	51.0	126.0	35.0	92.0	72.0	230.0	246.0	278.0	155.0	81.0	177.0	112.0	79.0	89.0	139.0	100.0	45.0	137.0	80.0	87.0	51.0	125.0	217.0	154.0	373.0	206.0	231.0	315.0	198.0	262.0	208.0	201.0	125.0	232.0	114.0	188.0	106.0	155.0	209.0	197.0	8.0	119.0	4.0	176.0	93.0	103.0	97.0	102.0	7.0	51.0	122.0	43.0	102.0	167.0	171.0	248.0
TGA	31.0	22.0	43.0	14.0	11.0	19.0	17.0	8.0	10.0	19.0	16.0	9.0	7.0	27.0	26.0	15.0	18.0	12.0	36.0	11.0	10.0	12.0	23.0	10.0	10.0	22.0	21.0	14.0	5.0	15.0	42.0	13.0	51.0	23.0	56.0	25.0	22.0	28.0	30.0	17.0	27.0	25.0	23.0	16.0	10.0	17.0	32.0	14.0	0.0	14.0	0.0	13.0	9.0	12.0	13.0	7.0	0.0	7.0	20.0	4.0	7.0	20.0	19.0	15.0
TGC	151.0	241.0	225.0	136.0	66.0	312.0	174.0	59.0	31.0	192.0	40.0	59.0	40.0	388.0	282.0	152.0	99.0	154.0	293.0	109.0	58.0	166.0	261.0	70.0	48.0	300.0	136.0	105.0	32.0	203.0	501.0	95.0	341.0	357.0	359.0	261.0	157.0	499.0	334.0	131.0	129.0	478.0	167.0	181.0	73.0	253.0	362.0	106.0	4.0	162.0	3.0	127.0	51.0	149.0	136.0	51.0	7.0	150.0	165.0	52.0	46.0	251.0	126.0	135.0
TGG	404.0	521.0	531.0	324.0	164.0	658.0	350.0	131.0	73.0	419.0	91.0	136.0	90.0	732.0	615.0	328.0	244.0	307.0	674.0	252.0	152.0	378.0	547.0	163.0	111.0	624.0	327.0	249.0	72.0	441.0	1031.0	248.0	720.0	743.0	750.0	615.0	348.0	1027.0	689.0	295.0	305.0	975.0	389.0	415.0	158.0	514.0	691.0	253.0	12.0	369.0	8.0	324.0	129.0	313.0	289.0	122.0	20.0	165.0	508.0	70.0	105.0	575.0	290.0	378.0
TGT	135.0	88.0	98.0	95.0	47.0	99.0	68.0	45.0	25.0	70.0	21.0	44.0	35.0	133.0	122.0	128.0	67.0	56.0	96.0	67.0	40.0	58.0	95.0	50.0	25.0	100.0	55.0	50.0	23.0	75.0	156.0	77.0	185.0	137.0	155.0	162.0	93.0	177.0	142.0	94.0	78.0	167.0	84.0	108.0	48.0	104.0	137.0	88.0	3.0	65.0	2.0	86.0	40.0	54.0	60.0	43.0	4.0	52.0	70.0	38.0	48.0	94.0	87.0	122.0
TTA	308.0	176.0	182.0	218.0	114.0	134.0	84.0	101.0	61.0	128.0	36.0	97.0	95.0	208.0	228.0	253.0	152.0	80.0	161.0	115.0	81.0	65.0	85.0	98.0	46.0	87.0	47.0	89.0	56.0	92.0	157.0	162.0	384.0	190.0	209.0	338.0	211.0	196.0	151.0	193.0	146.0	181.0	102.0	182.0	115.0	108.0	157.0	182.0	11.0	102.0	5.0	167.0	98.0	81.0	74.0	102.0	7.0	46.0	105.0	48.0	116.0	148.0	182.0	243.0
TTC	566.0	863.0	844.0	468.0	216.0	1037.0	560.0	188.0	85.0	649.0	108.0	199.0	121.0	1251.0	997.0	510.0	345.0	441.0	1048.0	334.0	191.0	495.0	873.0	217.0	141.0	904.0	376.0	356.0	106.0	623.0	1713.0	336.0	1142.0	1114.0	1075.0	905.0	500.0	1477.0	1122.0	429.0	430.0	1496.0	549.0	650.0	232.0	773.0	1106.0	370.0	16.0	589.0	10.0	440.0	173.0	479.0	439.0	167.0	20.0	251.0	575.0	94.0	148.0	928.0	422.0	502.0
TTG	481.0	386.0	472.0	384.0	186.0	465.0	324.0	178.0	87.0	310.0	83.0	178.0	128.0	583.0	546.0	456.0	283.0	224.0	531.0	249.0	147.0	265.0	438.0	188.0	109.0	467.0	275.0	229.0	95.0	360.0	774.0	309.0	799.0	607.0	682.0	724.0	409.0	868.0	702.0	377.0	297.0	746.0	346.0	411.0	192.0	443.0	583.0	333.0	16.0	268.0	9.0	336.0	159.0	245.0	263.0	171.0	19.0	126.0	290.0	87.0	182.0	422.0	374.0	462.0
TTT	839.0	481.0	552.0	595.0	259.0	458.0	313.0	241.0	117.0	355.0	88.0	247.0	193.0	667.0	689.0	724.0	385.0	238.0	497.0	349.0	202.0	243.0	405.0	271.0	105.0	382.0	207.0	226.0	125.0	346.0	633.0	399.0	1095.0	615.0	693.0	937.0	499.0	722.0	586.0	493.0	383.0	742.0	369.0	547.0	259.0	411.0	570.0	462.0	19.0	326.0	9.0	506.0	224.0	231.0	260.0	248.0	15.0	135.0	378.0	122.0	243.0	502.0	462.0	822.0
End	463.0	252.0	454.0	192.0	117.0	192.0	152.0	84.0	103.0	217.0	132.0	101.0	74.0	250.0	200.0	167.0	202.0	143.0	308.0	129.0	125.0	141.0	200.0	102.0	125.0	306.0	185.0	147.0	67.0	166.0	368.0	131.0	454.0	273.0	475.0	266.0	274.0	335.0	302.0	195.0	248.0	309.0	214.0	182.0	106.0	188.0	258.0	150.0	1004.0	141.0	590.0	133.0	130.0	153.0	138.0	86.0	1280.0	75.0	172.0	42.0	102.0	232.0	169.0	182.0
