Proteome_ID	M	W	C	D	E	F	H	K	N	Q	Y	I	A	G	P	T	V	L	R	S
UP000000278	0.044272444862540034	0.03174769575546221	0.03174769575546221	0.03174769575546221	0.03174769575546221	0.044272444862540034	0.03174769575546221	0.044272444862540034	0.044272444862540034	0.03174769575546221	0.044272444862540034	0.044272444862540034	0.04553243846870609	0.05611500372052681	0.04553243846870609	0.06349539151092443	0.06349539151092443	0.10776783637346446	0.05611500372052681	0.10582565251820737
UP000000280	0.039562675873360466	0.03213798764834364	0.03213798764834364	0.03213798764834364	0.03213798764834364	0.039562675873360466	0.03213798764834364	0.039562675873360466	0.039562675873360466	0.03213798764834364	0.039562675873360466	0.039562675873360466	0.05221336662824461	0.0629260291776925	0.05221336662824461	0.06427597529668728	0.06427597529668728	0.10383865117004776	0.0629260291776925	0.10712662549447881
UP000000287	0.036038558477929944	0.032278108755528834	0.032278108755528834	0.032278108755528834	0.032278108755528834	0.036038558477929944	0.032278108755528834	0.036038558477929944	0.036038558477929944	0.032278108755528834	0.036038558477929944	0.036038558477929944	0.05782008764150727	0.06857945722668354	0.05782008764150727	0.06455621751105767	0.06455621751105767	0.1005947759889876	0.06857945722668354	0.10759369585176276
UP000000327	0.04426687243668546	0.03174828101314588	0.03174828101314588	0.03174828101314588	0.03174828101314588	0.04426687243668546	0.03174828101314588	0.04426687243668546	0.04426687243668546	0.03174828101314588	0.04426687243668546	0.04426687243668546	0.045539849183216935	0.05612260952093223	0.045539849183216935	0.06349656202629177	0.06349656202629177	0.10776343446297722	0.05612260952093223	0.10582760337715293
UP000000339	0.03957826290309311	0.03213706129397047	0.03213706129397047	0.03213706129397047	0.03213706129397047	0.03957826290309311	0.03213706129397047	0.03957826290309311	0.03957826290309311	0.03213706129397047	0.03957826290309311	0.03957826290309311	0.052189794743705165	0.062902148508362	0.052189794743705165	0.06427412258794094	0.06427412258794094	0.10385238549103405	0.062902148508362	0.10712353764656823
UP000000344	0.05710395203416508	0.029761470727199892	0.029761470727199892	0.029761470727199892	0.029761470727199892	0.05710395203416508	0.029761470727199892	0.05710395203416508	0.05710395203416508	0.029761470727199892	0.05710395203416508	0.05710395203416508	0.031022201031411567	0.04094269127381152	0.031022201031411567	0.059522941454399785	0.059522941454399785	0.11662689348856489	0.04094269127381152	0.09920490242399965
UP000000348	0.04003353266265093	0.032108875461924515	0.032108875461924515	0.032108875461924515	0.032108875461924515	0.04003353266265093	0.032108875461924515	0.04003353266265093	0.04003353266265093	0.032108875461924515	0.04003353266265093	0.04003353266265093	0.05150581599266283	0.062208774479970995	0.05150581599266283	0.06421775092384903	0.06421775092384903	0.10425128358649995	0.062208774479970995	0.10702958487308169
UP000000349	0.03962596822629871	0.032134210132044955	0.032134210132044955	0.032134210132044955	0.032134210132044955	0.03962596822629871	0.032134210132044955	0.03962596822629871	0.03962596822629871	0.032134210132044955	0.03962596822629871	0.03962596822629871	0.05211771507579748	0.0628291184531458	0.05211771507579748	0.06426842026408991	0.06426842026408991	0.10389438849038862	0.0628291184531458	0.10711403377348315
UP000000350	0.032981283565511665	0.0322769042647717	0.0322769042647717	0.0322769042647717	0.0322769042647717	0.032981283565511665	0.0322769042647717	0.032981283565511665	0.032981283565511665	0.0322769042647717	0.032981283565511665	0.032981283565511665	0.06317513670126776	0.07393410478952499	0.06317513670126776	0.0645538085295434	0.0645538085295434	0.09753509209505508	0.07393410478952499	0.10758968088257233
UP000000351	0.03811409687106395	0.03221262391428263	0.03221262391428263	0.03221262391428263	0.03221262391428263	0.03811409687106395	0.03221262391428263	0.03811409687106395	0.03811409687106395	0.03221262391428263	0.03811409687106395	0.03811409687106395	0.054449834818507535	0.06518737612326841	0.054449834818507535	0.06442524782856526	0.06442524782856526	0.10253934469962922	0.06518737612326841	0.10737541304760878
UP000000352	0.02206967598376394	0.03103016697950699	0.03103016697950699	0.03103016697950699	0.03103016697950699	0.02206967598376394	0.03103016697950699	0.02206967598376394	0.02206967598376394	0.03103016697950699	0.02206967598376394	0.02206967598376394	0.08725739911038514	0.09760078810355415	0.08725739911038514	0.06206033395901398	0.06206033395901398	0.08413000994277792	0.09760078810355415	0.10343388993168996
UP000000353	0.0338387800575201	0.0322897341149809	0.0322897341149809	0.0322897341149809	0.0322897341149809	0.0338387800575201	0.0322897341149809	0.0338387800575201	0.0338387800575201	0.0322897341149809	0.0338387800575201	0.0338387800575201	0.061623198439416264	0.0723864431444099	0.061623198439416264	0.0645794682299618	0.0645794682299618	0.0984182482874819	0.0723864431444099	0.10763244704993633
UP000000354	0.04467922097125872	0.031704230899759524	0.031704230899759524	0.031704230899759524	0.031704230899759524	0.04467922097125872	0.031704230899759524	0.04467922097125872	0.04467922097125872	0.031704230899759524	0.04467922097125872	0.04467922097125872	0.04499443970125914	0.05556251666784564	0.04499443970125914	0.06340846179951905	0.06340846179951905	0.10808768277077775	0.05556251666784564	0.10568076966586505
UP000000355	0.04794723054568279	0.031304084477069075	0.031304084477069075	0.031304084477069075	0.031304084477069075	0.04794723054568279	0.031304084477069075	0.04794723054568279	0.04794723054568279	0.031304084477069075	0.04794723054568279	0.04794723054568279	0.0408760086367788	0.051310703462468486	0.0408760086367788	0.06260816895413815	0.06260816895413815	0.11055539949982095	0.051310703462468486	0.1043469482568969
UP000000356	0.03780254909281655	0.032225643275267744	0.032225643275267744	0.032225643275267744	0.032225643275267744	0.03780254909281655	0.032225643275267744	0.03780254909281655	0.03780254909281655	0.032225643275267744	0.03780254909281655	0.03780254909281655	0.05494296598650008	0.06568484707825598	0.05494296598650008	0.06445128655053549	0.06445128655053549	0.10225383564335204	0.06568484707825598	0.10741881091755916
UP000000357	0.03965297750954784	0.03213258522325428	0.03213258522325428	0.03213258522325428	0.03213258522325428	0.03965297750954784	0.03213258522325428	0.03965297750954784	0.03965297750954784	0.03213258522325428	0.03965297750954784	0.03965297750954784	0.052076948465274164	0.06278781020635893	0.052076948465274164	0.06426517044650856	0.06426517044650856	0.10391814795605639	0.06278781020635893	0.10710861741084758
UP000000358	0.03950020980822092	0.03214167422541753	0.03214167422541753	0.03214167422541753	0.03214167422541753	0.03950020980822092	0.03214167422541753	0.03950020980822092	0.03950020980822092	0.03214167422541753	0.03950020980822092	0.03950020980822092	0.05230793593394331	0.0630218273424158	0.05230793593394331	0.06428334845083505	0.06428334845083505	0.10378355825905598	0.0630218273424158	0.10713891408472509
UP000000359	0.03984097286520912	0.03212106225058601	0.03212106225058601	0.03212106225058601	0.03212106225058601	0.03984097286520912	0.03212106225058601	0.03984097286520912	0.03984097286520912	0.03212106225058601	0.03984097286520912	0.03984097286520912	0.05179404848354001	0.06250106923373533	0.05179404848354001	0.06424212450117202	0.06424212450117202	0.10408309736638115	0.06250106923373533	0.10707020750195335
UP000000360	0.032662828203202515	0.03226952943672386	0.03226952943672386	0.03226952943672386	0.03226952943672386	0.032662828203202515	0.03226952943672386	0.032662828203202515	0.032662828203202515	0.03226952943672386	0.032662828203202515	0.032662828203202515	0.06376193289750019	0.07451844270974146	0.06376193289750019	0.06453905887344771	0.06453905887344771	0.09720188707665023	0.07451844270974146	0.10756509812241286
UP000000369	0.028866644004966167	0.03206356929381075	0.03206356929381075	0.03206356929381075	0.03206356929381075	0.028866644004966167	0.03206356929381075	0.028866644004966167	0.028866644004966167	0.03206356929381075	0.028866644004966167	0.028866644004966167	0.07122909581606618	0.08191695224733644	0.07122909581606618	0.0641271385876215	0.0641271385876215	0.09299378259258768	0.08191695224733644	0.1068785643127025
UP000000372	0.04847096770238825	0.031231919958908415	0.031231919958908415	0.031231919958908415	0.031231919958908415	0.04847096770238825	0.031231919958908415	0.04847096770238825	0.04847096770238825	0.031231919958908415	0.04847096770238825	0.04847096770238825	0.040248126685186875	0.05065876667148968	0.040248126685186875	0.06246383991781683	0.06246383991781683	0.11093480762020508	0.05065876667148968	0.10410639986302804
UP000000373	0.043786089041827056	0.03179773084990462	0.03179773084990462	0.03179773084990462	0.03179773084990462	0.043786089041827056	0.03179773084990462	0.043786089041827056	0.043786089041827056	0.03179773084990462	0.043786089041827056	0.043786089041827056	0.046183420777184174	0.056782664393819036	0.046183420777184174	0.06359546169980924	0.06359546169980924	0.1073815507416363	0.056782664393819036	0.10599243616634872
UP000000375	0.02703072863751352	0.0318774508966017	0.0318774508966017	0.0318774508966017	0.0318774508966017	0.02703072863751352	0.0318774508966017	0.02703072863751352	0.02703072863751352	0.0318774508966017	0.02703072863751352	0.02703072863751352	0.07518642129794449	0.0858122382634784	0.07518642129794449	0.0637549017932034	0.0637549017932034	0.09078563043071693	0.0858122382634784	0.10625816965533899
UP000000394	0.029256029149235724	0.0320953608012135	0.0320953608012135	0.0320953608012135	0.0320953608012135	0.029256029149235724	0.0320953608012135	0.029256029149235724	0.029256029149235724	0.0320953608012135	0.029256029149235724	0.029256029149235724	0.0704205057839835	0.081118959384388	0.0704205057839835	0.064190721602427	0.064190721602427	0.09344675075166273	0.081118959384388	0.10698453600404499
UP000000395	0.04474447369953656	0.03169712298232988	0.03169712298232988	0.03169712298232988	0.03169712298232988	0.04474447369953656	0.03169712298232988	0.04474447369953656	0.04474447369953656	0.03169712298232988	0.04474447369953656	0.04474447369953656	0.04490867909649148	0.0554743867572681	0.04490867909649148	0.06339424596465976	0.06339424596465976	0.10813871966419632	0.0554743867572681	0.10565707660776626
UP000000396	0.041524353474543745	0.03200168392550132	0.03200168392550132	0.03200168392550132	0.03200168392550132	0.041524353474543745	0.03200168392550132	0.041524353474543745	0.041524353474543745	0.03200168392550132	0.041524353474543745	0.041524353474543745	0.049325645717543214	0.059992873692710315	0.049325645717543214	0.06400336785100263	0.06400336785100263	0.10552772132554639	0.059992873692710315	0.10667227975167104
UP000000398	0.026436202274759096	0.03180368425658542	0.03180368425658542	0.03180368425658542	0.03180368425658542	0.026436202274759096	0.03180368425658542	0.026436202274759096	0.026436202274759096	0.03180368425658542	0.026436202274759096	0.026436202274759096	0.07652190899282992	0.08712313707835838	0.07652190899282992	0.06360736851317084	0.06360736851317084	0.09004357078792993	0.08712313707835838	0.10601228085528473
UP000000399	0.012577653836649546	0.02732198778561965	0.02732198778561965	0.02732198778561965	0.02732198778561965	0.012577653836649546	0.02732198778561965	0.012577653836649546	0.012577653836649546	0.02732198778561965	0.012577653836649546	0.012577653836649546	0.11870115464338468	0.1278084839052579	0.11870115464338468	0.0546439755712393	0.0546439755712393	0.06722162940788884	0.1278084839052579	0.09107329261873215
UP000000400	0.01768286409639969	0.029745434127144327	0.029745434127144327	0.029745434127144327	0.029745434127144327	0.01768286409639969	0.029745434127144327	0.01768286409639969	0.01768286409639969	0.029745434127144327	0.01768286409639969	0.01768286409639969	0.10007325132272323	0.10998839603177132	0.10007325132272323	0.059490868254288655	0.059490868254288655	0.07717373235068835	0.10998839603177132	0.0991514470904811
UP000000401	0.023825625008881756	0.031393580680744035	0.031393580680744035	0.031393580680744035	0.031393580680744035	0.023825625008881756	0.031393580680744035	0.023825625008881756	0.023825625008881756	0.031393580680744035	0.023825625008881756	0.023825625008881756	0.08273083351148082	0.09319536040506214	0.08273083351148082	0.06278716136148807	0.06278716136148807	0.08661278637036983	0.09319536040506214	0.10464526893581344
UP000000409	0.041468172550135386	0.03200612728047136	0.03200612728047136	0.03200612728047136	0.03200612728047136	0.041468172550135386	0.03200612728047136	0.041468172550135386	0.041468172550135386	0.03200612728047136	0.041468172550135386	0.041468172550135386	0.049406188915377625	0.06007489800886808	0.049406188915377625	0.06401225456094271	0.06401225456094271	0.1054804271110781	0.06007489800886808	0.10668709093490453
UP000000410	0.030005703999895817	0.0321493905946195	0.0321493905946195	0.0321493905946195	0.0321493905946195	0.030005703999895817	0.0321493905946195	0.030005703999895817	0.030005703999895817	0.0321493905946195	0.030005703999895817	0.030005703999895817	0.0688924556217043	0.07960891915324414	0.0688924556217043	0.064298781189239	0.064298781189239	0.09430448518913481	0.07960891915324414	0.10716463531539833
UP000000411	0.03699825548349299	0.03225411486611563	0.03225411486611563	0.03225411486611563	0.03225411486611563	0.03699825548349299	0.03225411486611563	0.03699825548349299	0.03699825548349299	0.03225411486611563	0.03699825548349299	0.03699825548349299	0.05623659343942476	0.06698796506146329	0.05623659343942476	0.06450822973223126	0.06450822973223126	0.10150648521572424	0.06698796506146329	0.10751371622038543
UP000000412	0.028830155297510426	0.032060456819618305	0.032060456819618305	0.032060456819618305	0.032060456819618305	0.028830155297510426	0.032060456819618305	0.028830155297510426	0.028830155297510426	0.032060456819618305	0.028830155297510426	0.028830155297510426	0.07130540095088352	0.08199221989075627	0.07130540095088352	0.06412091363923661	0.06412091363923661	0.09295106893674704	0.08199221989075627	0.10686818939872766
UP000000413	0.04053658768343204	0.0320752249096721	0.0320752249096721	0.0320752249096721	0.0320752249096721	0.04053658768343204	0.0320752249096721	0.04053658768343204	0.04053658768343204	0.0320752249096721	0.04053658768343204	0.04053658768343204	0.05076007191530555	0.061451813551862904	0.05076007191530555	0.0641504498193442	0.0641504498193442	0.10468703750277625	0.061451813551862904	0.10691741636557366
UP000000414	0.02444650766398349	0.03150451936071542	0.03150451936071542	0.03150451936071542	0.03150451936071542	0.02444650766398349	0.03150451936071542	0.02444650766398349	0.02444650766398349	0.03150451936071542	0.02444650766398349	0.02444650766398349	0.08120053414516729	0.09170204059873907	0.08120053414516729	0.06300903872143084	0.06300903872143084	0.0874555463854143	0.09170204059873907	0.10501506453571804
UP000000469	0.04686386473477418	0.03144648463924965	0.03144648463924965	0.03144648463924965	0.03144648463924965	0.04686386473477418	0.03144648463924965	0.04686386473477418	0.04686386473477418	0.03144648463924965	0.04686386473477418	0.04686386473477418	0.0422022981571466	0.05268445970356314	0.0422022981571466	0.0628929692784993	0.0628929692784993	0.10975683401327345	0.05268445970356314	0.10482161546416546
UP000000470	0.03545999418618309	0.032287150932511055	0.032287150932511055	0.032287150932511055	0.032287150932511055	0.03545999418618309	0.032287150932511055	0.03545999418618309	0.03545999418618309	0.032287150932511055	0.03545999418618309	0.03545999418618309	0.05879640644413539	0.06955879008830573	0.05879640644413539	0.06457430186502211	0.06457430186502211	0.10003429605120519	0.06955879008830573	0.10762383644170351
UP000000472	0.045067302084812536	0.0316614114144508	0.0316614114144508	0.0316614114144508	0.0316614114144508	0.045067302084812536	0.0316614114144508	0.045067302084812536	0.045067302084812536	0.0316614114144508	0.045067302084812536	0.045067302084812536	0.044486575693774864	0.0550403794985918	0.044486575693774864	0.0633228228289016	0.0633228228289016	0.10839012491371414	0.0550403794985918	0.10553803804816933
UP000000473	0.023334956304702306	0.031299598340737825	0.031299598340737825	0.031299598340737825	0.031299598340737825	0.023334956304702306	0.031299598340737825	0.023334956304702306	0.023334956304702306	0.031299598340737825	0.023334956304702306	0.023334956304702306	0.08396543310381965	0.09439863255073228	0.08396543310381965	0.06259919668147565	0.06259919668147565	0.08593415298617796	0.09439863255073228	0.10433199446912608
UP000000477	0.032793404664812474	0.03227272713038746	0.03227272713038746	0.03227272713038746	0.03227272713038746	0.032793404664812474	0.03227272713038746	0.032793404664812474	0.032793404664812474	0.03227272713038746	0.032793404664812474	0.032793404664812474	0.06352063331502834	0.0742782090251575	0.06352063331502834	0.06454545426077492	0.06454545426077492	0.0973388589255874	0.0742782090251575	0.10757575710129152
UP000000513	0.05679432237866609	0.02982259097628869	0.02982259097628869	0.02982259097628869	0.02982259097628869	0.05679432237866609	0.02982259097628869	0.05679432237866609	0.05679432237866609	0.02982259097628869	0.05679432237866609	0.05679432237866609	0.03131957193217961	0.0412604355909425	0.03131957193217961	0.05964518195257738	0.05964518195257738	0.11643950433124345	0.0412604355909425	0.09940863658762894
UP000000514	0.05264639445761198	0.03058373628465471	0.03058373628465471	0.03058373628465471	0.03058373628465471	0.05264639445761198	0.03058373628465471	0.05264639445761198	0.05264639445761198	0.03058373628465471	0.05264639445761198	0.05264639445761198	0.03553386456056018	0.04572844332211174	0.03553386456056018	0.06116747256930942	0.06116747256930942	0.1138138670269214	0.04572844332211174	0.1019457876155157
UP000000515	0.03824578228531084	0.032206792319814694	0.032206792319814694	0.032206792319814694	0.032206792319814694	0.03824578228531084	0.032206792319814694	0.03824578228531084	0.03824578228531084	0.032206792319814694	0.03824578228531084	0.03824578228531084	0.05424271172144723	0.06497830916138546	0.05424271172144723	0.06441358463962939	0.06441358463962939	0.10265936692494024	0.06497830916138546	0.10735597439938228
UP000000516	0.056547906970357616	0.029870821289989573	0.029870821289989573	0.029870821289989573	0.029870821289989573	0.056547906970357616	0.029870821289989573	0.056547906970357616	0.056547906970357616	0.029870821289989573	0.056547906970357616	0.056547906970357616	0.031557877641915894	0.04151481807191242	0.031557877641915894	0.059741642579979146	0.059741642579979146	0.11628954955033677	0.04151481807191242	0.09956940429996525
UP000000518	0.021620510427904343	0.03092465692727146	0.03092465692727146	0.03092465692727146	0.03092465692727146	0.021620510427904343	0.03092465692727146	0.021620510427904343	0.021620510427904343	0.03092465692727146	0.021620510427904343	0.021620510427904343	0.08846547904208155	0.09877369801783871	0.08846547904208155	0.06184931385454292	0.06184931385454292	0.08346982428244726	0.09877369801783871	0.10308218975757152
UP000000519	0.030998837307784598	0.0322069429087224	0.0322069429087224	0.0322069429087224	0.0322069429087224	0.030998837307784598	0.0322069429087224	0.030998837307784598	0.030998837307784598	0.0322069429087224	0.030998837307784598	0.030998837307784598	0.06692426307648737	0.07765991071272815	0.06692426307648737	0.0644138858174448	0.0644138858174448	0.09541272312522939	0.07765991071272815	0.10735647636240797
UP000000520	0.04315402540345197	0.0318595527940765	0.0318595527940765	0.0318595527940765	0.0318595527940765	0.04315402540345197	0.0318595527940765	0.04315402540345197	0.04315402540345197	0.0318595527940765	0.04315402540345197	0.04315402540345197	0.04704224436765305	0.05766209529901188	0.04704224436765305	0.063719105588153	0.063719105588153	0.10687313099160498	0.05766209529901188	0.10619850931358833
UP000000521	0.03698383264113133	0.032254556744705905	0.032254556744705905	0.032254556744705905	0.032254556744705905	0.03698383264113133	0.032254556744705905	0.03698383264113133	0.03698383264113133	0.032254556744705905	0.03698383264113133	0.03698383264113133	0.05626006589919658	0.06701158481409855	0.05626006589919658	0.06450911348941181	0.06450911348941181	0.10149294613054315	0.06701158481409855	0.10751518914901967
UP000000522	0.04177395567638341	0.03198156873470381	0.03198156873470381	0.03198156873470381	0.03198156873470381	0.04177395567638341	0.03198156873470381	0.04177395567638341	0.04177395567638341	0.03198156873470381	0.04177395567638341	0.04177395567638341	0.04896930262751382	0.05962982553908175	0.04896930262751382	0.06396313746940761	0.06396313746940761	0.10573709314579102	0.05962982553908175	0.10660522911567935
UP000000568	0.037610341121525094	0.03223312571754527	0.03223312571754527	0.03223312571754527	0.03223312571754527	0.037610341121525094	0.03223312571754527	0.037610341121525094	0.037610341121525094	0.03223312571754527	0.037610341121525094	0.037610341121525094	0.05524940016714999	0.06599377540633175	0.05524940016714999	0.06446625143509054	0.06446625143509054	0.10207659255661565	0.06599377540633175	0.10744375239181757
UP000000569	0.030691159395313604	0.03219078024193652	0.03219078024193652	0.03219078024193652	0.03219078024193652	0.030691159395313604	0.03219078024193652	0.030691159395313604	0.030691159395313604	0.03219078024193652	0.030691159395313604	0.030691159395313604	0.0675273500904551	0.0782576101711006	0.0675273500904551	0.06438156048387304	0.06438156048387304	0.09507271987918665	0.0782576101711006	0.10730260080645507
UP000000570	0.027397778812615965	0.03191960596672275	0.03191960596672275	0.03191960596672275	0.03191960596672275	0.027397778812615965	0.03191960596672275	0.027397778812615965	0.027397778812615965	0.03191960596672275	0.027397778812615965	0.027397778812615965	0.07437546321103106	0.0850153318666053	0.07437546321103106	0.0638392119334455	0.0638392119334455	0.09123699074606145	0.0850153318666053	0.10639868655574249
UP000000571	0.011586199387714722	0.026689836528976354	0.026689836528976354	0.026689836528976354	0.026689836528976354	0.011586199387714722	0.026689836528976354	0.011586199387714722	0.011586199387714722	0.026689836528976354	0.011586199387714722	0.011586199387714722	0.12296480495559381	0.13186141713191923	0.12296480495559381	0.05337967305795271	0.05337967305795271	0.06496587244566744	0.13186141713191923	0.08896612176325451
UP000000572	0.035115349078235936	0.03229054534050379	0.03229054534050379	0.03229054534050379	0.03229054534050379	0.035115349078235936	0.03229054534050379	0.035115349078235936	0.035115349078235936	0.03229054534050379	0.035115349078235936	0.035115349078235936	0.059385957751071944	0.07014947286457321	0.059385957751071944	0.06458109068100758	0.06458109068100758	0.09969643975924351	0.07014947286457321	0.10763515113501264
UP000000573	0.03291899661645881	0.03227557462483899	0.03227557462483899	0.03227557462483899	0.03227557462483899	0.03291899661645881	0.03227557462483899	0.03291899661645881	0.03291899661645881	0.03227557462483899	0.03291899661645881	0.03291899661645881	0.06328945742184111	0.07404798229678743	0.06328945742184111	0.06455114924967797	0.06455114924967797	0.09747014586613678	0.07404798229678743	0.10758524874946328
UP000000574	0.032912799109904155	0.03227543933764199	0.03227543933764199	0.03227543933764199	0.03227543933764199	0.032912799109904155	0.03227543933764199	0.032912799109904155	0.032912799109904155	0.03227543933764199	0.032912799109904155	0.032912799109904155	0.06330084420709979	0.07405932398631378	0.06330084420709979	0.06455087867528397	0.06455087867528397	0.09746367778518814	0.07405932398631378	0.10758479779213996
UP000000575	0.03290596045594149	0.03227528942608888	0.03227528942608888	0.03227528942608888	0.03227528942608888	0.03290596045594149	0.03227528942608888	0.03290596045594149	0.03290596045594149	0.03227528942608888	0.03290596045594149	0.03290596045594149	0.06331341149774687	0.07407184130644316	0.06331341149774687	0.06455057885217776	0.06455057885217776	0.09745653930811925	0.07407184130644316	0.10758429808696292
UP000000587	0.05589743529568735	0.029996364370181217	0.029996364370181217	0.029996364370181217	0.029996364370181217	0.05589743529568735	0.029996364370181217	0.05589743529568735	0.05589743529568735	0.029996364370181217	0.05589743529568735	0.05589743529568735	0.03219403075182227	0.042192818875216004	0.03219403075182227	0.05999272874036243	0.05999272874036243	0.11589016403604978	0.042192818875216004	0.09998788123393738
UP000000624	0.049363528737867056	0.03110407864805663	0.03110407864805663	0.03110407864805663	0.03110407864805663	0.049363528737867056	0.03110407864805663	0.049363528737867056	0.049363528737867056	0.03110407864805663	0.049363528737867056	0.049363528737867056	0.03919751011650613	0.04956553633252499	0.03919751011650613	0.06220815729611326	0.06220815729611326	0.11157168603398031	0.04956553633252499	0.10368026216018876
UP000000668	0.025953228513560727	0.03173862379662021	0.03173862379662021	0.03173862379662021	0.03173862379662021	0.025953228513560727	0.03173862379662021	0.025953228513560727	0.025953228513560727	0.03173862379662021	0.025953228513560727	0.025953228513560727	0.07762735491478794	0.088206896180328	0.07762735491478794	0.06347724759324042	0.06347724759324042	0.08943047610680115	0.088206896180328	0.10579541265540067
UP000000670	0.049002308466781316	0.031156545303291164	0.031156545303291164	0.031156545303291164	0.031156545303291164	0.049002308466781316	0.031156545303291164	0.049002308466781316	0.049002308466781316	0.031156545303291164	0.049002308466781316	0.049002308466781316	0.03961977896996804	0.05000529407106509	0.03961977896996804	0.06231309060658233	0.06231309060658233	0.11131539907336364	0.05000529407106509	0.10385515101097054
UP000000672	0.030751689811790436	0.03219407676356296	0.03219407676356296	0.03219407676356296	0.03219407676356296	0.030751689811790436	0.03219407676356296	0.030751689811790436	0.030751689811790436	0.03219407676356296	0.030751689811790436	0.030751689811790436	0.06740823577511493	0.07813959469630258	0.06740823577511493	0.06438815352712592	0.06438815352712592	0.09513984333891637	0.07813959469630258	0.10731358921187653
UP000000675	0.034577488416936766	0.03229280685884335	0.03229280685884335	0.03229280685884335	0.03229280685884335	0.034577488416936766	0.03229280685884335	0.034577488416936766	0.034577488416936766	0.03229280685884335	0.034577488416936766	0.034577488416936766	0.06031816783498727	0.07108243678793506	0.06031816783498727	0.0645856137176867	0.0645856137176867	0.09916310213462347	0.07108243678793506	0.10764268952947782
UP000000676	0.04171109514351876	0.03198669196843464	0.03198669196843464	0.03198669196843464	0.03198669196843464	0.04171109514351876	0.03198669196843464	0.04171109514351876	0.04171109514351876	0.03198669196843464	0.04171109514351876	0.04171109514351876	0.04905881562510362	0.059721046281248504	0.04905881562510362	0.06397338393686929	0.06397338393686929	0.10568447908038806	0.059721046281248504	0.1066223065614488
UP000000677	0.03244470664464481	0.03226364447202122	0.03226364447202122	0.03226364447202122	0.03226364447202122	0.03244470664464481	0.03226364447202122	0.03244470664464481	0.03244470664464481	0.03226364447202122	0.03244470664464481	0.03244470664464481	0.06416718548378672	0.07492173364112713	0.06416718548378672	0.06452728894404244	0.06452728894404244	0.09697199558868724	0.07492173364112713	0.10754548157340406
UP000000678	0.038805301948974615	0.0321798667557676	0.0321798667557676	0.0321798667557676	0.0321798667557676	0.038805301948974615	0.0321798667557676	0.038805301948974615	0.038805301948974615	0.0321798667557676	0.038805301948974615	0.038805301948974615	0.05337125456622403	0.06409787681814656	0.05337125456622403	0.0643597335115352	0.0643597335115352	0.1031650354605098	0.06409787681814656	0.10726622251922531
UP000000679	0.03456794920686289	0.03229281312728862	0.03229281312728862	0.03229281312728862	0.03229281312728862	0.03456794920686289	0.03229281312728862	0.03456794920686289	0.03456794920686289	0.03229281312728862	0.03456794920686289	0.03456794920686289	0.06033483637883547	0.071099107421265	0.06033483637883547	0.06458562625457724	0.06458562625457724	0.09915357546144013	0.071099107421265	0.10764271042429538
UP000000680	0.041037140000890183	0.03203917871826025	0.03203917871826025	0.03203917871826025	0.03203917871826025	0.041037140000890183	0.03203917871826025	0.041037140000890183	0.041037140000890183	0.03203917871826025	0.041037140000890183	0.041037140000890183	0.050028290125401206	0.06070801636482129	0.050028290125401206	0.0640783574365205	0.0640783574365205	0.1051154974374107	0.06070801636482129	0.10679726239420083
UP000000725	0.03675137991249346	0.03226133978283326	0.03226133978283326	0.03226133978283326	0.03226133978283326	0.03675137991249346	0.03226133978283326	0.03675137991249346	0.03675137991249346	0.03226133978283326	0.03675137991249346	0.03675137991249346	0.056639726021803415	0.0673935059494145	0.056639726021803415	0.06452267956566651	0.06452267956566651	0.10127405947815997	0.0673935059494145	0.10753779927611083
UP000000728	0.03196171986660022	0.03224816196967874	0.03224816196967874	0.03224816196967874	0.03224816196967874	0.03196171986660022	0.03224816196967874	0.03196171986660022	0.03196171986660022	0.03224816196967874	0.03196171986660022	0.03196171986660022	0.06507434235473468	0.07582372967796092	0.06507434235473468	0.06449632393935747	0.06449632393935747	0.0964580438059577	0.07582372967796092	0.10749387323226244
UP000000729	0.016697456669575637	0.02936806966087021	0.02936806966087021	0.02936806966087021	0.02936806966087021	0.016697456669575637	0.02936806966087021	0.016697456669575637	0.016697456669575637	0.02936806966087021	0.016697456669575637	0.016697456669575637	0.10330717218476183	0.1130965287383852	0.10330717218476183	0.05873613932174042	0.05873613932174042	0.07543359599131604	0.1130965287383852	0.097893565536234
UP000000730	0.01586466859051448	0.02901900926124102	0.02901900926124102	0.02901900926124102	0.02901900926124102	0.01586466859051448	0.02901900926124102	0.01586466859051448	0.01586466859051448	0.02901900926124102	0.01586466859051448	0.01586466859051448	0.10616079292163558	0.11583379600871593	0.10616079292163558	0.05803801852248204	0.05803801852248204	0.07390268711299652	0.11583379600871593	0.09673003087080338
UP000000735	0.04858741701693908	0.03121558583172963	0.03121558583172963	0.03121558583172963	0.03121558583172963	0.04858741701693908	0.03121558583172963	0.04858741701693908	0.04858741701693908	0.03121558583172963	0.04858741701693908	0.04858741701693908	0.04010967689343804	0.05051487217068125	0.04010967689343804	0.06243117166345926	0.06243117166345926	0.11101858868039835	0.05051487217068125	0.1040519527724321
UP000000744	0.05305517623027122	0.030513678580519652	0.030513678580519652	0.030513678580519652	0.030513678580519652	0.05305517623027122	0.030513678580519652	0.05305517623027122	0.05305517623027122	0.030513678580519652	0.05305517623027122	0.05305517623027122	0.03509872727494676	0.04526995346845331	0.03509872727494676	0.061027357161039304	0.061027357161039304	0.11408253339131054	0.04526995346845331	0.1017122619350655
UP000000825	0.04035421864629298	0.03208772501278981	0.03208772501278981	0.03208772501278981	0.03208772501278981	0.04035421864629298	0.03208772501278981	0.04035421864629298	0.04035421864629298	0.03208772501278981	0.04035421864629298	0.04035421864629298	0.05102921731782805	0.06172512565542465	0.05102921731782805	0.06417545002557962	0.06417545002557962	0.10452966867187259	0.06172512565542465	0.10695908337596602
UP000000826	0.03553091623508991	0.03228626654663113	0.03228626654663113	0.03228626654663113	0.03228626654663113	0.03553091623508991	0.03228626654663113	0.03553091623508991	0.03553091623508991	0.03228626654663113	0.03553091623508991	0.03553091623508991	0.05867583040206814	0.06943791925094518	0.05867583040206814	0.06457253309326226	0.06457253309326226	0.10010344932835218	0.06943791925094518	0.10762088848877042
UP000000831	0.023998293437764294	0.031425315617503544	0.031425315617503544	0.031425315617503544	0.031425315617503544	0.023998293437764294	0.031425315617503544	0.023998293437764294	0.023998293437764294	0.031425315617503544	0.023998293437764294	0.023998293437764294	0.08230172401389832	0.09277682921973283	0.08230172401389832	0.06285063123500709	0.06285063123500709	0.08684892467277139	0.09277682921973283	0.10475105205834513
UP000000832	0.05044711454647898	0.03094086514996065	0.03094086514996065	0.03094086514996065	0.03094086514996065	0.05044711454647898	0.03094086514996065	0.05044711454647898	0.05044711454647898	0.03094086514996065	0.05044711454647898	0.05044711454647898	0.0379540889438192	0.04826771066047275	0.0379540889438192	0.0618817302999213	0.0618817302999213	0.11232884484640028	0.04826771066047275	0.10313621716653548
UP000000834	0.04122799493752585	0.032024771651947156	0.032024771651947156	0.032024771651947156	0.032024771651947156	0.04122799493752585	0.032024771651947156	0.04122799493752585	0.04122799493752585	0.032024771651947156	0.04122799493752585	0.04122799493752585	0.04975192225154112	0.060426846135523495	0.04975192225154112	0.06404954330389431	0.06404954330389431	0.10527753824142017	0.060426846135523495	0.10674923883982386
UP000000835	0.052890974878417714	0.030541954848105082	0.030541954848105082	0.030541954848105082	0.030541954848105082	0.052890974878417714	0.030541954848105082	0.052890974878417714	0.052890974878417714	0.030541954848105082	0.052890974878417714	0.052890974878417714	0.035272974570348684	0.04545362618638372	0.035272974570348684	0.061083909696210165	0.061083909696210165	0.1139748845746279	0.04545362618638372	0.10180651616035029
UP000000839	0.05907910351821492	0.02935833481443557	0.02935833481443557	0.02935833481443557	0.02935833481443557	0.05907910351821492	0.02935833481443557	0.05907910351821492	0.05907910351821492	0.02935833481443557	0.05907910351821492	0.05907910351821492	0.029178229585381573	0.03896434119019343	0.029178229585381573	0.05871666962887114	0.05871666962887114	0.11779577314708607	0.03896434119019343	0.09786111604811856
UP000000840	0.034875643445417194	0.03229201427683506	0.03229201427683506	0.03229201427683506	0.03229201427683506	0.034875643445417194	0.03229201427683506	0.034875643445417194	0.034875643445417194	0.03229201427683506	0.034875643445417194	0.034875643445417194	0.059799566863179665	0.07056357162212466	0.059799566863179665	0.06458402855367013	0.06458402855367013	0.09945967199908733	0.07056357162212466	0.1076400475894502
UP000000842	0.01866487495862025	0.030086089795732535	0.030086089795732535	0.030086089795732535	0.030086089795732535	0.01866487495862025	0.030086089795732535	0.01866487495862025	0.01866487495862025	0.030086089795732535	0.01866487495862025	0.01866487495862025	0.09699210963948443	0.10702080623806194	0.09699210963948443	0.06017217959146507	0.06017217959146507	0.07883705455008531	0.10702080623806194	0.10028696598577512
UP000000846	0.0368028506449756	0.032259892984071586	0.032259892984071586	0.032259892984071586	0.032259892984071586	0.0368028506449756	0.032259892984071586	0.0368028506449756	0.0368028506449756	0.032259892984071586	0.0368028506449756	0.0368028506449756	0.05655543943500636	0.06730873709636355	0.05655543943500636	0.06451978596814317	0.06451978596814317	0.10132263661311877	0.06730873709636355	0.10753297661357195
UP000000853	0.04010965046710558	0.03210395154776673	0.03210395154776673	0.03210395154776673	0.03210395154776673	0.04010965046710558	0.03210395154776673	0.04010965046710558	0.04010965046710558	0.03210395154776673	0.04010965046710558	0.04010965046710558	0.051392305491498314	0.06209362267408722	0.051392305491498314	0.06420790309553347	0.06420790309553347	0.10431755356263904	0.06209362267408722	0.1070131718258891
UP000000854	0.04854752466505567	0.031221193213696666	0.031221193213696666	0.031221193213696666	0.031221193213696666	0.04854752466505567	0.031221193213696666	0.04854752466505567	0.04854752466505567	0.031221193213696666	0.04854752466505567	0.04854752466505567	0.040157058981365915	0.05056412338593146	0.040157058981365915	0.06244238642739333	0.06244238642739333	0.11098991109244899	0.05056412338593146	0.10407064404565552
UP000000862	0.046207880628573374	0.03152808985867746	0.03152808985867746	0.03152808985867746	0.03152808985867746	0.046207880628573374	0.03152808985867746	0.046207880628573374	0.046207880628573374	0.03152808985867746	0.046207880628573374	0.046207880628573374	0.04302384946528674	0.05353321275151256	0.04302384946528674	0.06305617971735492	0.06305617971735492	0.1092640603459283	0.05353321275151256	0.10509363286225817
UP000000866	0.07218947402122333	0.02617260847292441	0.02617260847292441	0.02617260847292441	0.02617260847292441	0.07218947402122333	0.02617260847292441	0.07218947402122333	0.07218947402122333	0.02617260847292441	0.07218947402122333	0.07218947402122333	0.01897798657116151	0.02770218939546965	0.01897798657116151	0.05234521694584882	0.05234521694584882	0.12453469096707216	0.02770218939546965	0.08724202824308137
UP000000867	0.04243403588380003	0.03192546526197459	0.03192546526197459	0.03192546526197459	0.03192546526197459	0.04243403588380003	0.03192546526197459	0.04243403588380003	0.04243403588380003	0.03192546526197459	0.04243403588380003	0.04243403588380003	0.04803857615545158	0.058680397909443106	0.04803857615545158	0.06385093052394918	0.06385093052394918	0.10628496640774923	0.058680397909443106	0.10641821753991532
UP000000868	0.048477009617758596	0.03123107504060499	0.03123107504060499	0.03123107504060499	0.03123107504060499	0.048477009617758596	0.03123107504060499	0.048477009617758596	0.048477009617758596	0.03123107504060499	0.048477009617758596	0.048477009617758596	0.04024093300650248	0.050651291353370806	0.04024093300650248	0.06246215008120998	0.06246215008120998	0.11093915969896857	0.050651291353370806	0.10410358346868329
UP000000869	0.016572792542226916	0.029317634012331565	0.029317634012331565	0.029317634012331565	0.029317634012331565	0.016572792542226916	0.029317634012331565	0.016572792542226916	0.016572792542226916	0.029317634012331565	0.016572792542226916	0.016572792542226916	0.10372707700177665	0.11349962167255383	0.10372707700177665	0.05863526802466313	0.05863526802466313	0.07520806056689004	0.11349962167255383	0.09772544670777188
UP000000870	0.016302089812873496	0.029205942369836414	0.029205942369836414	0.029205942369836414	0.029205942369836414	0.016302089812873496	0.029205942369836414	0.016302089812873496	0.016302089812873496	0.029205942369836414	0.016302089812873496	0.016302089812873496	0.10464757334812572	0.11438288747140453	0.10464757334812572	0.05841188473967283	0.05841188473967283	0.07471397455254633	0.11438288747140453	0.09735314123278803
UP000000871	0.07004467652419816	0.026748229487540198	0.026748229487540198	0.026748229487540198	0.026748229487540198	0.07004467652419816	0.026748229487540198	0.07004467652419816	0.07004467652419816	0.026748229487540198	0.07004467652419816	0.07004467652419816	0.020428898132492455	0.029344974628339186	0.020428898132492455	0.053496458975080395	0.053496458975080395	0.12354113549927855	0.029344974628339186	0.08916076495846731
UP000000872	0.09113722773142384	0.020354488334161754	0.020354488334161754	0.020354488334161754	0.020354488334161754	0.09113722773142384	0.020354488334161754	0.09113722773142384	0.09113722773142384	0.020354488334161754	0.09113722773142384	0.09113722773142384	0.009091898133361278	0.015876727578081864	0.009091898133361278	0.04070897666832351	0.04070897666832351	0.13184620439974734	0.015876727578081864	0.06784829444720585
UP000000875	0.016790034343072132	0.029405121783292562	0.029405121783292562	0.029405121783292562	0.029405121783292562	0.016790034343072132	0.029405121783292562	0.016790034343072132	0.016790034343072132	0.029405121783292562	0.016790034343072132	0.016790034343072132	0.10299695276645354	0.11279866002755105	0.10299695276645354	0.058810243566585124	0.058810243566585124	0.07560027790965725	0.11279866002755105	0.0980170726109752
