Proteome_ID	M	W	C	D	E	F	H	K	N	Q	Y	I	A	G	P	T	V	L	R	S
UP000000226	0.0178222182866707	0.014285123580014313	0.03210734186668501	0.03210734186668501	0.03210734186668501	0.04005734022164113	0.03210734186668501	0.04005734022164113	0.04005734022164113	0.03210734186668501	0.04005734022164113	0.06229246215661155	0.05147028714538798	0.05147028714538798	0.05147028714538798	0.06421468373337003	0.06421468373337003	0.12209424224168185	0.083577629012073	0.09632202560005505
UP000000267	0.019519493690623134	0.010483148723353031	0.030002642413976165	0.030002642413976165	0.030002642413976165	0.05586455031368801	0.030002642413976165	0.05586455031368801	0.05586455031368801	0.030002642413976165	0.05586455031368801	0.0922096069367529	0.03222646729514131	0.03222646729514131	0.03222646729514131	0.06000528482795233	0.06000528482795233	0.13538932883226348	0.06222910970911748	0.09000792724192849
UP000000304	0.014602999164341737	0.01726533936651665	0.03186833853085839	0.03186833853085839	0.03186833853085839	0.02695419482096027	0.03186833853085839	0.02695419482096027	0.02695419482096027	0.03186833853085839	0.02695419482096027	0.0393053904775788	0.07535680493988595	0.07535680493988595	0.07535680493988595	0.06373667706171678	0.06373667706171678	0.10529387104701877	0.10722514347074433	0.09560501559257517
UP000000305	0.017146335680533628	0.015119297784221131	0.03226563346475476	0.03226563346475476	0.03226563346475476	0.0365914733757752	0.03226563346475476	0.0365914733757752	0.0365914733757752	0.03226563346475476	0.0365914733757752	0.05603661107101677	0.056902387733374346	0.056902387733374346	0.056902387733374346	0.06453126692950951	0.06453126692950951	0.11826907598581836	0.08916802119812911	0.09679690039426429
UP000000311	0.01810375461478785	0.013882891879249902	0.03198664649403775	0.03198664649403775	0.03198664649403775	0.041711655187889524	0.03198664649403775	0.041711655187889524	0.041711655187889524	0.03198664649403775	0.041711655187889524	0.0653195557609912	0.04905801744504234	0.04905801744504234	0.04905801744504234	0.0639732929880755	0.0639732929880755	0.12378870279075288	0.0810446639390801	0.09595993948211325
UP000000314	0.01842601482567466	0.013367887649368767	0.03179390247504343	0.03179390247504343	0.03179390247504343	0.04382404563363217	0.03179390247504343	0.04382404563363217	0.04382404563363217	0.03179390247504343	0.04382404563363217	0.06922207644158967	0.04613231024097	0.04613231024097	0.04613231024097	0.06358780495008685	0.06358780495008685	0.12583786540939368	0.07792621271601342	0.09538170742513029
UP000000437	0.016286509621485604	0.01598813675533282	0.03227464637681843	0.03227464637681843	0.03227464637681843	0.03287696038569172	0.03227464637681843	0.03287696038569172	0.03287696038569172	0.03227464637681843	0.03287696038569172	0.049467411149897826	0.0633667338177658	0.0633667338177658	0.0633667338177658	0.06454929275363686	0.06454929275363686	0.11371276276081417	0.09564138019458421	0.09682393913045528
UP000000539	0.015839708499863842	0.016375183757031765	0.032214892256895604	0.032214892256895604	0.032214892256895604	0.031161452004141766	0.032214892256895604	0.031161452004141766	0.031161452004141766	0.032214892256895604	0.031161452004141766	0.046483195508419686	0.06660788996516949	0.06660788996516949	0.06660788996516949	0.06442978451379121	0.06442978451379121	0.11143094501779681	0.0988227822220651	0.09664467677068682
UP000000542	0.011664078235844531	0.018532383230573615	0.03019646146641815	0.03019646146641815	0.03019646146641815	0.01900532082721582	0.03019646146641815	0.01900532082721582	0.01900532082721582	0.03019646146641815	0.01900532082721582	0.02634656341858711	0.09595484268669972	0.09595484268669972	0.09595484268669972	0.0603929229328363	0.0603929229328363	0.09106232199589666	0.12615130415311787	0.09058938439925443
UP000000559	0.01950714320753446	0.010550734574716916	0.03005787778225138	0.03005787778225138	0.03005787778225138	0.05557369700286275	0.03005787778225138	0.05557369700286275	0.05557369700286275	0.03005787778225138	0.05557369700286275	0.09164025079819105	0.032514519115984686	0.032514519115984686	0.032514519115984686	0.06011575556450276	0.06011575556450276	0.13519659577489995	0.06257239689823606	0.09017363334675413
UP000000560	0.014890002703118814	0.01708020257055948	0.0319702052736783	0.0319702052736783	0.0319702052736783	0.02787065557201645	0.0319702052736783	0.02787065557201645	0.02787065557201645	0.0319702052736783	0.02787065557201645	0.04085130844091408	0.07334553165425801	0.07334553165425801	0.07334553165425801	0.0639404105473566	0.0639404105473566	0.10670106882249186	0.1053157369279363	0.09591061582103487
UP000000561	0.01398913864184844	0.017621976521965392	0.03161111516381383	0.03161111516381383	0.03161111516381383	0.025094362831480442	0.03161111516381383	0.025094362831480442	0.025094362831480442	0.03161111516381383	0.025094362831480442	0.036199587021112443	0.07964040438965388	0.07964040438965388	0.07964040438965388	0.06322223032762767	0.06322223032762767	0.10230573180095655	0.1112515195534677	0.09483334549144151
UP000000589	0.016117007221586724	0.016139585346735805	0.03225659256832253	0.03225659256832253	0.03225659256832253	0.032211467903206045	0.03225659256832253	0.032211467903206045	0.032211467903206045	0.03225659256832253	0.032211467903206045	0.04830592858482537	0.06460356089609932	0.06460356089609932	0.06460356089609932	0.06451318513664506	0.06451318513664506	0.11284166026143781	0.09686015346442184	0.09676977770496759
UP000000591	0.014315136415348708	0.01743908869878645	0.03175422511413516	0.03175422511413516	0.03175422511413516	0.026065929941864963	0.03175422511413516	0.026065929941864963	0.026065929941864963	0.03175422511413516	0.026065929941864963	0.03781672346838121	0.07736772214519565	0.07736772214519565	0.07736772214519565	0.06350845022827031	0.06350845022827031	0.10388951658548398	0.10912194725933082	0.09526267534240548
UP000000598	0.018758563656910476	0.012751705573960994	0.031510269230871475	0.031510269230871475	0.031510269230871475	0.046353594645463875	0.031510269230871475	0.046353594645463875	0.046353594645463875	0.031510269230871475	0.046353594645463875	0.07394862563401727	0.04284013244695229	0.04284013244695229	0.04284013244695229	0.06302053846174295	0.06302053846174295	0.1281326967641173	0.07435040167782377	0.09453080769261442
UP000000599	0.01917968630050901	0.011758530426604366	0.030938216727113377	0.030938216727113377	0.030938216727113377	0.05046423915191188	0.030938216727113377	0.05046423915191188	0.05046423915191188	0.030938216727113377	0.05046423915191188	0.08174879200331475	0.03793471457570067	0.03793471457570067	0.03793471457570067	0.061876433454226755	0.061876433454226755	0.13152035890664765	0.06887293130281405	0.09281465018134014
UP000000600	0.01959533576423875	0.008568396043340218	0.02816373180757897	0.02816373180757897	0.02816373180757897	0.06440852854513271	0.02816373180757897	0.06440852854513271	0.06440852854513271	0.02816373180757897	0.06440852854513271	0.10922172132602669	0.024630147815701844	0.024630147815701844	0.024630147815701844	0.05632746361515794	0.05632746361515794	0.1403313279245294	0.05279387962328082	0.0844911954227369
UP000000673	0.014657859685965453	0.017230884769041607	0.031888744455007056	0.031888744455007056	0.031888744455007056	0.027126914725987144	0.031888744455007056	0.027126914725987144	0.027126914725987144	0.031888744455007056	0.027126914725987144	0.03959596976600884	0.07497292140949427	0.07497292140949427	0.07497292140949427	0.06377748891001411	0.06377748891001411	0.1055622633219667	0.10686166586450133	0.09566623336502118
UP000000715	0.01461867050985816	0.017255541578028524	0.03187421208788668	0.03187421208788668	0.03187421208788668	0.027003418129017666	0.03187421208788668	0.027003418129017666	0.027003418129017666	0.03187421208788668	0.027003418129017666	0.039388165748177176	0.07524716992267233	0.07524716992267233	0.07524716992267233	0.06374842417577337	0.06374842417577337	0.1053705128146492	0.10712138201055901	0.09562263626366005
UP000000724	0.01514763179423981	0.016903448938642922	0.03205108073288273	0.03205108073288273	0.03205108073288273	0.02872182897771035	0.03205108073288273	0.02872182897771035	0.02872182897771035	0.03205108073288273	0.02872182897771035	0.04229602616118089	0.07153247635747595	0.07153247635747595	0.07153247635747595	0.06410216146576546	0.06410216146576546	0.10797162223771561	0.10358355709035869	0.09615324219864821
UP000000741	0.016258427859898273	0.016013633688069184	0.032272061547967454	0.032272061547967454	0.032272061547967454	0.03276539196464471	0.032272061547967454	0.03276539196464471	0.03276539196464471	0.032272061547967454	0.03276539196464471	0.049272356069391156	0.0635723178700019	0.0635723178700019	0.0635723178700019	0.06454412309593491	0.06454412309593491	0.11356794292047791	0.09584437941796933	0.09681618464390236
UP000000759	0.01580273248587748	0.01640550875006266	0.03220824123594014	0.03220824123594014	0.03220824123594014	0.03102483609904666	0.03220824123594014	0.03102483609904666	0.03102483609904666	0.03220824123594014	0.03102483609904666	0.046246939712215836	0.0668735718829078	0.0668735718829078	0.0668735718829078	0.06441648247188028	0.06441648247188028	0.11124405105680442	0.09908181311884794	0.09662472370782041
UP000000768	0.013660266847951913	0.017792055310736625	0.03145232215868854	0.03145232215868854	0.03145232215868854	0.024148256408362535	0.03145232215868854	0.024148256408362535	0.024148256408362535	0.03145232215868854	0.024148256408362535	0.034636245968773155	0.08193126265061136	0.08193126265061136	0.08193126265061136	0.06290464431737708	0.06290464431737708	0.10071316757369152	0.11338358480929991	0.09435696647606562
UP000000803	0.015007819180622875	0.01700063967518287	0.03200845885580575	0.03200845885580575	0.03200845885580575	0.028256416931157165	0.03200845885580575	0.028256416931157165	0.028256416931157165	0.03200845885580575	0.028256416931157165	0.04150501468169146	0.07251743494725196	0.07251743494725196	0.07251743494725196	0.0640169177116115	0.0640169177116115	0.10728115382339153	0.1045258938030577	0.09602537656741725
UP000000819	0.017008400019298726	0.01527133488031838	0.03227973489961711	0.03227973489961711	0.03227973489961711	0.0359514507403795	0.03227973489961711	0.0359514507403795	0.0359514507403795	0.03227973489961711	0.0359514507403795	0.05489450146146026	0.05796602160586745	0.05796602160586745	0.05796602160586745	0.06455946979923421	0.06455946979923421	0.11751932055891243	0.09024575650548457	0.09683920469885132
UP000001038	0.015252493118375468	0.01682853547591745	0.03208102859429292	0.03208102859429292	0.03208102859429292	0.0290765449295987	0.03208102859429292	0.0290765449295987	0.0290765449295987	0.03208102859429292	0.0290765449295987	0.04290059674082193	0.07079193199603061	0.07079193199603061	0.07079193199603061	0.06416205718858584	0.06416205718858584	0.10849109523656002	0.10287296059032355	0.09624308578287875
UP000001055	0.014531159558341868	0.017309801577897625	0.03184096113623949	0.03184096113623949	0.03184096113623949	0.026729716379444157	0.03184096113623949	0.026729716379444157	0.026729716379444157	0.03184096113623949	0.026729716379444157	0.03892827320054645	0.07585915179101474	0.07585915179101474	0.07585915179101474	0.06368192227247899	0.06368192227247899	0.104942798210265	0.10770011292725425	0.09552288340871846
UP000001056	0.012288104294861078	0.01835343758441542	0.030641541879276497	0.030641541879276497	0.030641541879276497	0.020515310041298508	0.030641541879276497	0.020515310041298508	0.020515310041298508	0.030641541879276497	0.020515310041298508	0.02874251578773594	0.09153203991062159	0.09153203991062159	0.09153203991062159	0.06128308375855299	0.06128308375855299	0.09408649809471258	0.1221735817898981	0.0919246256378295
UP000001064	0.019583316022768058	0.008462433549331613	0.02804574957209967	0.02804574957209967	0.02804574957209967	0.06490198992572528	0.02804574957209967	0.06490198992572528	0.06490198992572528	0.02804574957209967	0.06490198992572528	0.1102206638286825	0.02423851934158209	0.02423851934158209	0.02423851934158209	0.05609149914419934	0.05609149914419934	0.14057680509269269	0.05228426891368175	0.08413724871629902
UP000001067	0.014775329002066644	0.017155633127218843	0.031930962129285485	0.031930962129285485	0.031930962129285485	0.02750061553042823	0.031930962129285485	0.02750061553042823	0.02750061553042823	0.031930962129285485	0.02750061553042823	0.040225902058789814	0.07415007430460864	0.07415007430460864	0.07415007430460864	0.06386192425857097	0.06386192425857097	0.10613786879106585	0.10608103643389413	0.09579288638785646
UP000001070	0.015695811940721588	0.016491805315491707	0.032187617256213295	0.032187617256213295	0.032187617256213295	0.030634049918044765	0.032187617256213295	0.030634049918044765	0.030634049918044765	0.032187617256213295	0.030634049918044765	0.045572287895367936	0.06763994361856847	0.06763994361856847	0.06763994361856847	0.06437523451242659	0.06437523451242659	0.11070509637119294	0.09982756087478176	0.09656285176863988
UP000001072	0.018072379232805837	0.013929691273718528	0.032002070506524365	0.032002070506524365	0.032002070506524365	0.04151948116180379	0.032002070506524365	0.04151948116180379	0.04151948116180379	0.032002070506524365	0.04151948116180379	0.06496658309080175	0.04933262594074592	0.04933262594074592	0.04933262594074592	0.06400414101304873	0.06400414101304873	0.12359600140765836	0.08133469644727029	0.0960062115195731
UP000001073	0.015382137074846796	0.016733466874367317	0.03211560394921411	0.03211560394921411	0.03211560394921411	0.02952207249682566	0.03211560394921411	0.02952207249682566	0.02952207249682566	0.03211560394921411	0.02952207249682566	0.04366200791880453	0.06987395733369864	0.06987395733369864	0.06987395733369864	0.06423120789842822	0.06423120789842822	0.10913541747010068	0.10198956128291276	0.09634681184764234
UP000001074	0.01481820715326164	0.017127658254249372	0.03194586540751101	0.03194586540751101	0.03194586540751101	0.02763836388323941	0.03194586540751101	0.02763836388323941	0.02763836388323941	0.03194586540751101	0.02763836388323941	0.040458520613217176	0.073849401574287	0.073849401574287	0.073849401574287	0.06389173081502202	0.06389173081502202	0.10634830185152307	0.10579526698179802	0.09583759622253303
UP000001075	0.015765294122671705	0.01643595945330451	0.03220125357597621	0.03220125357597621	0.03220125357597621	0.030887289250517813	0.03220125357597621	0.030887289250517813	0.030887289250517813	0.03220125357597621	0.030887289250517813	0.04600928437836392	0.06714222950768897	0.06714222950768897	0.06714222950768897	0.06440250715195242	0.06440250715195242	0.11105509052514194	0.09934348308366518	0.09660376072792863
UP000001194	0.015992002932438174	0.016247608586998512	0.03223961151943669	0.03223961151943669	0.03223961151943669	0.03173242137135601	0.03223961151943669	0.03173242137135601	0.03173242137135601	0.03223961151943669	0.03173242137135601	0.04747283981027385	0.06550981652238022	0.06550981652238022	0.06550981652238022	0.06447922303887338	0.06447922303887338	0.11220364734266756	0.0977494280418169	0.09671883455831005
UP000001197	0.013942123680740728	0.017647166865558676	0.03158929054629941	0.03158929054629941	0.03158929054629941	0.024957082297607507	0.03158929054629941	0.024957082297607507	0.024957082297607507	0.03158929054629941	0.024957082297607507	0.03597204091447428	0.07996794379398928	0.07996794379398928	0.07996794379398928	0.06317858109259882	0.06317858109259882	0.10207778707094704	0.11155723434028868	0.09476787163889822
UP000001261	0.015808116129863426	0.01640110901387116	0.03220922514373459	0.03220922514373459	0.03220922514373459	0.031044679423473588	0.03220922514373459	0.031044679423473588	0.031044679423473588	0.03220922514373459	0.031044679423473588	0.04628124271708376	0.06683491043398287	0.06683491043398287	0.06683491043398287	0.06441845028746918	0.06441845028746918	0.1112712458408062	0.09904413557771746	0.09662767543120375
UP000001292	0.014625733615592613	0.017251114093896274	0.03187684770948889	0.03187684770948889	0.03187684770948889	0.0270256332759839	0.03187684770948889	0.0270256332759839	0.0270256332759839	0.03187684770948889	0.0270256332759839	0.039425532936375185	0.07519775092907262	0.07519775092907262	0.07519775092907262	0.06375369541897778	0.06375369541897778	0.10540506231055428	0.1070745986385615	0.09563054312846667
UP000001294	0.01612300332611346	0.016134326796717332	0.032257330122830795	0.032257330122830795	0.032257330122830795	0.03223469112871548	0.032257330122830795	0.03223469112871548	0.03223469112871548	0.032257330122830795	0.03223469112871548	0.048346378931317505	0.06455997003342474	0.06455997003342474	0.06455997003342474	0.06451466024566159	0.06451466024566159	0.11287235470049052	0.09681730015625553	0.09677199036849238
UP000001300	0.014778418802877412	0.017153626376039125	0.03193204517891654	0.03193204517891654	0.03193204517891654	0.027510517399726465	0.03193204517891654	0.027510517399726465	0.027510517399726465	0.03193204517891654	0.027510517399726465	0.04024261599657552	0.07412841383481251	0.07412841383481251	0.07412841383481251	0.06386409035783308	0.06386409035783308	0.10615302656043696	0.10606045901372907	0.09579613553674962
UP000001307	0.01762034678922542	0.014551652713057937	0.032171999502283354	0.032171999502283354	0.032171999502283354	0.0389565226240129	0.032171999502283354	0.0389565226240129	0.0389565226240129	0.032171999502283354	0.0389565226240129	0.060292698458800385	0.05313808739884399	0.05313808739884399	0.05313808739884399	0.06434399900456671	0.06434399900456671	0.12092086841780504	0.08531008690112735	0.09651599850685008
UP000001312	0.017556004927807442	0.014633232118050185	0.032189237045857626	0.032189237045857626	0.032189237045857626	0.038618563529950856	0.032189237045857626	0.038618563529950856	0.038618563529950856	0.032189237045857626	0.038618563529950856	0.05968112213209427	0.05366056563915554	0.05366056563915554	0.05366056563915554	0.06437847409171525	0.06437847409171525	0.12055304254947355	0.08584980268501316	0.09656771113757287
UP000001357	0.013436041217959974	0.0178999369087936	0.03133597812675357	0.03133597812675357	0.03133597812675357	0.023521395402757838	0.03133597812675357	0.023521395402757838	0.023521395402757838	0.03133597812675357	0.023521395402757838	0.033606749587555704	0.0834936455381595	0.0834936455381595	0.0834936455381595	0.06267195625350715	0.06267195625350715	0.09962939287422497	0.11482962366491307	0.09400793438026071
UP000001396	0.01928030763016571	0.011457004092038712	0.030737311722204425	0.030737311722204425	0.030737311722204425	0.05172598534203242	0.030737311722204425	0.05172598534203242	0.05172598534203242	0.030737311722204425	0.05172598534203242	0.08417166305389913	0.036530278762625615	0.036530278762625615	0.036530278762625615	0.06147462344440885	0.06147462344440885	0.13248091641660698	0.06726759048483004	0.09221193516661327
UP000001449	0.016798198643834094	0.01549307374658537	0.03229127239041946	0.03229127239041946	0.03229127239041946	0.035011464926123705	0.03229127239041946	0.035011464926123705	0.035011464926123705	0.03229127239041946	0.035011464926123705	0.053224731208413305	0.059564846817605696	0.059564846817605696	0.059564846817605696	0.06458254478083893	0.06458254478083893	0.11639220835079672	0.09185611920802517	0.09687381717125838
UP000001450	0.01888537441160014	0.006260637901058476	0.025146012312658613	0.025146012312658613	0.025146012312658613	0.07585358952048253	0.025146012312658613	0.07585358952048253	0.07585358952048253	0.025146012312658613	0.07585358952048253	0.1328218046293649	0.016672169088521104	0.016672169088521104	0.016672169088521104	0.050292024625317226	0.050292024625317226	0.1450309885573999	0.041818181401179724	0.07543803693797585
UP000001460	0.019594082690215026	0.00855656392938878	0.028150646619603804	0.028150646619603804	0.028150646619603804	0.0644635045328225	0.028150646619603804	0.0644635045328225	0.0644635045328225	0.028150646619603804	0.0644635045328225	0.10933292637542996	0.024586280589145432	0.024586280589145432	0.024586280589145432	0.05630129323920761	0.05630129323920761	0.14035888046224515	0.052736927208749236	0.0844519398588114
UP000001471	0.014770123982005537	0.017159010467865356	0.031929134449870895	0.031929134449870895	0.031929134449870895	0.027483943514452887	0.031929134449870895	0.027483943514452887	0.027483943514452887	0.031929134449870895	0.027483943514452887	0.04019776304690023	0.0741865610502239	0.0741865610502239	0.0741865610502239	0.06385826889974179	0.06385826889974179	0.10611233639620021	0.1061156955000948	0.09578740334961267
UP000001514	0.01505831667520679	0.01696588707148217	0.03202420374668896	0.03202420374668896	0.03202420374668896	0.02842354185532473	0.03202420374668896	0.02842354185532473	0.02842354185532473	0.03202420374668896	0.02842354185532473	0.04178876703544267	0.07216198676642584	0.07216198676642584	0.07216198676642584	0.06404840749337792	0.06404840749337792	0.10753026602390944	0.10418619051311483	0.0960726112400669
UP000001519	0.01534474491243784	0.016761168409005073	0.032105913321442914	0.032105913321442914	0.032105913321442914	0.029392762967150755	0.032105913321442914	0.029392762967150755	0.029392762967150755	0.032105913321442914	0.029392762967150755	0.04344078102186367	0.07013901152171453	0.07013901152171453	0.07013901152171453	0.06421182664288583	0.06421182664288583	0.10894933452247442	0.10224492484315743	0.09631773996432873
UP000001529	0.013877501938262619	0.01768131055699277	0.03155881249525539	0.03155881249525539	0.03155881249525539	0.024769514689563874	0.03155881249525539	0.024769514689563874	0.024769514689563874	0.03155881249525539	0.024769514689563874	0.035661527440865134	0.08041809931224163	0.08041809931224163	0.08041809931224163	0.06311762499051078	0.06311762499051078	0.10176464161833727	0.11197691180749703	0.09467643748576618
UP000001542	0.019458365621760867	0.010789721703604373	0.03024808732536524	0.03024808732536524	0.03024808732536524	0.05454990950686794	0.03024808732536524	0.05454990950686794	0.05454990950686794	0.03024808732536524	0.05454990950686794	0.089641453391975	0.03354530906152017	0.03354530906152017	0.03354530906152017	0.06049617465073048	0.06049617465073048	0.13450444977935927	0.06379339638688541	0.09074426197609572
UP000001548	0.016182565265046567	0.01608170150479449	0.03226426676984106	0.03226426676984106	0.03226426676984106	0.03246662690363735	0.03226426676984106	0.03246662690363735	0.03246662690363735	0.03226426676984106	0.03246662690363735	0.04875068854222813	0.0641263358392704	0.0641263358392704	0.0641263358392704	0.06452853353968212	0.06452853353968212	0.11317772570836604	0.09639060260911143	0.09679280030952318
UP000001554	0.01502479900199846	0.016988998019146488	0.03201379702114495	0.03201379702114495	0.03201379702114495	0.02831249170736233	0.03201379702114495	0.02831249170736233	0.02831249170736233	0.03201379702114495	0.02831249170736233	0.0416001844127262	0.07239795142753616	0.07239795142753616	0.07239795142753616	0.0640275940422899	0.0640275940422899	0.10736488475165068	0.10441174844868112	0.09604139106343484
UP000001555	0.013523682107893039	0.01785854006177768	0.031382222169670716	0.031382222169670716	0.031382222169670716	0.023764719567992167	0.031382222169670716	0.023764719567992167	0.023764719567992167	0.031382222169670716	0.023764719567992167	0.034005757028091305	0.08288285207733084	0.08288285207733084	0.08288285207733084	0.06276444433934143	0.06276444433934143	0.10005284601522665	0.11426507424700157	0.09414666650901214
UP000001568	0.012186528079608079	0.018385778227728914	0.030572306307336993	0.030572306307336993	0.030572306307336993	0.02026404673536426	0.030572306307336993	0.02026404673536426	0.02026404673536426	0.030572306307336993	0.02026404673536426	0.028341565391120444	0.09224869298376458	0.09224869298376458	0.09224869298376458	0.061144612614673986	0.061144612614673986	0.09359518742964633	0.12282099929110159	0.09171691892201099
UP000001593	0.017079614470934586	0.015193513958497044	0.032273128429431634	0.032273128429431634	0.032273128429431634	0.03627946720234411	0.032273128429431634	0.03627946720234411	0.03627946720234411	0.032273128429431634	0.03627946720234411	0.05547931993375363	0.057418418678171254	0.057418418678171254	0.057418418678171254	0.06454625685886327	0.06454625685886327	0.11790533853214195	0.0896915471076029	0.09681938528829488
UP000001595	0.01539321839442253	0.01672521312912484	0.03211843152354737	0.03211843152354737	0.03211843152354737	0.029560522016148446	0.03211843152354737	0.029560522016148446	0.029560522016148446	0.03211843152354737	0.029560522016148446	0.04372782563787436	0.06979536037755071	0.06979536037755071	0.06979536037755071	0.06423686304709474	0.06423686304709474	0.10919060345766572	0.10191379190109807	0.0963552945706421
UP000001610	0.012542838964879462	0.01826681699055822	0.030809655955437682	0.030809655955437682	0.030809655955437682	0.02115533064201269	0.030809655955437682	0.02115533064201269	0.02115533064201269	0.030809655955437682	0.02115533064201269	0.029767822319145917	0.08973954755472711	0.08973954755472711	0.08973954755472711	0.061619311910875364	0.061619311910875364	0.09531748151776752	0.12054920351016478	0.09242896786631304
UP000001611	0.012258869386065727	0.018362873922994915	0.03062174330906064	0.03062174330906064	0.03062174330906064	0.020442766920559578	0.03062174330906064	0.020442766920559578	0.020442766920559578	0.03062174330906064	0.020442766920559578	0.028626664455053425	0.09173818465277819	0.09173818465277819	0.09173818465277819	0.06124348661812128	0.06124348661812128	0.09394512292474659	0.12235992796183884	0.09186522992718194
UP000001628	0.015813654077197252	0.016396577663972484	0.032210231741169736	0.032210231741169736	0.032210231741169736	0.031065108398834702	0.032210231741169736	0.031065108398834702	0.031065108398834702	0.032210231741169736	0.031065108398834702	0.04631656272047216	0.06679513333736033	0.06679513333736033	0.06679513333736033	0.06442046348233947	0.06442046348233947	0.11129922595837143	0.09900536507853006	0.09663069522350921
UP000001631	0.015675201185120478	0.016508205882278897	0.032183407067399375	0.032183407067399375	0.032183407067399375	0.03055943112180715	0.032183407067399375	0.03055943112180715	0.03055943112180715	0.032183407067399375	0.03055943112180715	0.04544366105849382	0.06778736726723995	0.06778736726723995	0.06778736726723995	0.06436681413479875	0.06436681413479875	0.11060144644172638	0.09997077433463933	0.09655022120219812
UP000001640	0.019142268179910032	0.011861975750337745	0.031004243930247775	0.031004243930247775	0.031004243930247775	0.050033111221901815	0.031004243930247775	0.050033111221901815	0.050033111221901815	0.031004243930247775	0.050033111221901815	0.08092395426389361	0.0384250796406807	0.0384250796406807	0.0384250796406807	0.06200848786049555	0.06200848786049555	0.1311838672623074	0.06942932357092847	0.09301273179074333
UP000001645	0.01611720257637059	0.016139414134085237	0.03225661671045583	0.03225661671045583	0.03225661671045583	0.032212224163254845	0.03225661671045583	0.032212224163254845	0.032212224163254845	0.03225661671045583	0.032212224163254845	0.0483072457501391	0.0646021408724807	0.0646021408724807	0.0646021408724807	0.06451323342091166	0.06451323342091166	0.11284266016053708	0.09685875758293654	0.09676985013136749
UP000001646	0.016603597752353674	0.015688437527575993	0.032292035279929666	0.032292035279929666	0.032292035279929666	0.03417574015578898	0.032292035279929666	0.03417574015578898	0.03417574015578898	0.032292035279929666	0.03417574015578898	0.0517478825592243	0.0610243136076506	0.0610243136076506	0.0610243136076506	0.06458407055985933	0.06458407055985933	0.115363408468002	0.09331634888758028	0.096876105839789
UP000001742	0.019558128767292782	0.010243479093297779	0.02980160786059056	0.02980160786059056	0.02980160786059056	0.056900949247913016	0.02980160786059056	0.056900949247913016	0.056900949247913016	0.02980160786059056	0.056900949247913016	0.09424376972853324	0.031216907373789998	0.031216907373789998	0.031216907373789998	0.05960321572118112	0.05960321572118112	0.1360622937363869	0.06101851523438056	0.08940482358177168
UP000001743	0.013603776067656673	0.01781984530091802	0.03142362136857469	0.03142362136857469	0.03142362136857469	0.023988979764650305	0.03142362136857469	0.023988979764650305	0.023988979764650305	0.03142362136857469	0.023988979764650305	0.03437418346164394	0.08232479993756318	0.08232479993756318	0.08232479993756318	0.06284724273714938	0.06284724273714938	0.10043999856945636	0.1137484213061379	0.0942708641057241
UP000001744	0.017394963415288203	0.014830889949803343	0.032225853365091546	0.032225853365091546	0.032225853365091546	0.037797296197969746	0.032225853365091546	0.037797296197969746	0.037797296197969746	0.032225853365091546	0.037797296197969746	0.05819962898065128	0.05495131819318678	0.05495131819318678	0.05495131819318678	0.06445170673018309	0.06445170673018309	0.11964396634344103	0.08717717155827832	0.09667756009527463
UP000001745	0.016504991984910393	0.01578402314630725	0.032289015131217645	0.032289015131217645	0.032289015131217645	0.03376388459402882	0.032289015131217645	0.03376388459402882	0.03376388459402882	0.032289015131217645	0.03376388459402882	0.05102277720314724	0.061757141435578984	0.061757141435578984	0.061757141435578984	0.06457803026243529	0.06457803026243529	0.1148469068413745	0.09404615656679664	0.09686704539365293
UP000001798	0.017251026087227565	0.015000201020122755	0.032251227107350317	0.032251227107350317	0.032251227107350317	0.03709062028086394	0.032251227107350317	0.03709062028086394	0.03709062028086394	0.032251227107350317	0.03709062028086394	0.056930214474500314	0.056086506079086815	0.056086506079086815	0.056086506079086815	0.06450245421470063	0.06450245421470063	0.11884410058279214	0.08833773318643712	0.09675368132205096
UP000001805	0.0138480205023795	0.017696703590031525	0.03154472409241102	0.03154472409241102	0.03154472409241102	0.024684370382949627	0.03154472409241102	0.024684370382949627	0.024684370382949627	0.03154472409241102	0.024684370382949627	0.035520720263519746	0.08062345546019407	0.08062345546019407	0.08062345546019407	0.06308944818482204	0.06308944818482204	0.10162183907015117	0.11216817955260511	0.09463417227723307
UP000001811	0.014814935343491117	0.017129802502399278	0.03194473784589039	0.03194473784589039	0.03194473784589039	0.027627827331071275	0.03194473784589039	0.027627827331071275	0.027627827331071275	0.03194473784589039	0.027627827331071275	0.04044071931865143	0.07387235078706374	0.07387235078706374	0.07387235078706374	0.06388947569178079	0.06388947569178079	0.10633223836634319	0.10581708863295412	0.09583421353767117
UP000001819	0.014520715403845098	0.01731620403159504	0.03183691943544014	0.03183691943544014	0.03183691943544014	0.026697239511250307	0.03183691943544014	0.026697239511250307	0.026697239511250307	0.03183691943544014	0.026697239511250307	0.038873763618655514	0.07593215311355139	0.07593215311355139	0.07593215311355139	0.06367383887088028	0.06367383887088028	0.10489179378597568	0.10776907254899153	0.09551075830632041
UP000001861	0.014739023879261985	0.017179106777073735	0.03191813065633572	0.03191813065633572	0.03191813065633572	0.027384548919211653	0.03191813065633572	0.027384548919211653	0.027384548919211653	0.03191813065633572	0.027384548919211653	0.040030073959161326	0.07440451676603672	0.07440451676603672	0.07440451676603672	0.06383626131267144	0.06383626131267144	0.10595983411114507	0.10632264742237243	0.09575439196900715
UP000001876	0.009329368635523453	0.0187768749992443	0.028106243634767755	0.028106243634767755	0.028106243634767755	0.013964704341863919	0.028106243634767755	0.013964704341863919	0.013964704341863919	0.028106243634767755	0.013964704341863919	0.018600040048204387	0.1131367928626671	0.1131367928626671	0.1131367928626671	0.05621248726953551	0.05621248726953551	0.07950656024692287	0.14124303649743486	0.08431873090430328
UP000001881	0.013706351456719132	0.017769077701599606	0.03147542915831874	0.03147542915831874	0.03147542915831874	0.02427887938472717	0.03147542915831874	0.02427887938472717	0.02427887938472717	0.03147542915831874	0.02427887938472717	0.034851407312735214	0.08161024444345245	0.08161024444345245	0.08161024444345245	0.06295085831663748	0.06295085831663748	0.10093608915808379	0.11308567360177119	0.09442628747495622
UP000001926	0.019461958174917558	0.007781448298506611	0.027243406473424166	0.027243406473424166	0.027243406473424166	0.06813770611697254	0.027243406473424166	0.06813770611697254	0.06813770611697254	0.027243406473424166	0.06813770611697254	0.11681345405902749	0.021785388401601425	0.021785388401601425	0.021785388401601425	0.05448681294684833	0.05448681294684833	0.1420864772387384	0.049028794875025594	0.0817302194202725
UP000001940	0.01826386151601264	0.01363533369312374	0.03189919520913638	0.03189919520913638	0.03189919520913638	0.04272740930907511	0.03189919520913638	0.04272740930907511	0.04272740930907511	0.03189919520913638	0.04272740930907511	0.06719095710213756	0.047630252872573046	0.047630252872573046	0.047630252872573046	0.06379839041827276	0.06379839041827276	0.12478966124336051	0.07952944808170942	0.09569758562740913
UP000001949	0.01918454946139268	0.011744777115750973	0.030929326577143652	0.030929326577143652	0.030929326577143652	0.0505216224777067	0.030929326577143652	0.0505216224777067	0.0505216224777067	0.030929326577143652	0.0505216224777067	0.08185869549402072	0.03786985435543867	0.03786985435543867	0.03786985435543867	0.061858653154287305	0.061858653154287305	0.13156482509338668	0.06879918093258232	0.09278797973143095
UP000001950	0.019439648868466188	0.01087237841281275	0.03031202728127894	0.03031202728127894	0.03031202728127894	0.05419744829199581	0.03031202728127894	0.05419744829199581	0.05419744829199581	0.03031202728127894	0.05419744829199581	0.08895524771552543	0.03390635636389159	0.03390635636389159	0.03390635636389159	0.06062405456255788	0.06062405456255788	0.1342611517230199	0.06421838364517052	0.09093608184383682
UP000001996	0.01874765321508385	0.0127736998989786	0.03152135311406245	0.03152135311406245	0.03152135311406245	0.046263134544119	0.03152135311406245	0.046263134544119	0.046263134544119	0.03152135311406245	0.046263134544119	0.07377861587315417	0.042954102091541956	0.042954102091541956	0.042954102091541956	0.0630427062281249	0.0630427062281249	0.12805349398732774	0.0744754552056044	0.09456405934218735
UP000001997	0.017749286385347406	0.014383345775197134	0.032132632160544544	0.032132632160544544	0.032132632160544544	0.03965219910905692	0.032132632160544544	0.03965219910905692	0.03965219910905692	0.032132632160544544	0.03965219910905692	0.06155511183276643	0.052078122916972225	0.052078122916972225	0.052078122916972225	0.06426526432108909	0.06426526432108909	0.12166674981549341	0.08421075507751677	0.09639789648163362
UP000002009	0.010188885963737732	0.018766783893351482	0.028955669857089215	0.028955669857089215	0.028955669857089215	0.015720648772538967	0.028955669857089215	0.015720648772538967	0.015720648772538967	0.028955669857089215	0.015720648772538967	0.0212524115813402	0.10666618521969996	0.10666618521969996	0.10666618521969996	0.05791133971417843	0.05791133971417843	0.08382087445045512	0.13562185507678917	0.08686700957126764
UP000002035	0.01575379341594511	0.016445262777719915	0.032199056193665025	0.032199056193665025	0.032199056193665025	0.030845191488860862	0.032199056193665025	0.030845191488860862	0.030845191488860862	0.032199056193665025	0.030845191488860862	0.04593658956177662	0.06722469011983345	0.06722469011983345	0.06722469011983345	0.06439811238733005	0.06439811238733005	0.11099709729213601	0.09942374631349848	0.09659716858099507
UP000002036	0.016396614624462555	0.015886564169036294	0.03228317879349885	0.03228317879349885	0.03228317879349885	0.03331965526953415	0.03228317879349885	0.03331965526953415	0.03331965526953415	0.03228317879349885	0.03331965526953415	0.05024269591460574	0.06255788810431982	0.06255788810431982	0.06255788810431982	0.0645663575869977	0.0645663575869977	0.11428262748099441	0.09484106689781867	0.09684953638049654
UP000002037	0.01957406969443984	0.010126313082996493	0.02970038277743633	0.02970038277743633	0.02970038277743633	0.057410565688835	0.02970038277743633	0.057410565688835	0.057410565688835	0.02970038277743633	0.057410565688835	0.09524706168323015	0.03072997893479342	0.03072997893479342	0.03072997893479342	0.05940076555487266	0.05940076555487266	0.13638540093814752	0.06043036171222975	0.08910114833230899
UP000002038	0.015840468480746075	0.016374557850952782	0.03221502633169886	0.03221502633169886	0.03221502633169886	0.031164267997867673	0.03221502633169886	0.031164267997867673	0.031164267997867673	0.03221502633169886	0.031164267997867673	0.046488067514989274	0.06660242567693615	0.06660242567693615	0.06660242567693615	0.06443005266339771	0.06443005266339771	0.11143478914201145	0.09881745200863501	0.09664507899509658
UP000002051	0.01871379719678747	0.012841071130017647	0.03155486832680511	0.03155486832680511	0.03155486832680511	0.04598614869897943	0.03155486832680511	0.04598614869897943	0.04598614869897943	0.03155486832680511	0.04598614869897943	0.07325850020117139	0.0433047664695655	0.0433047664695655	0.0433047664695655	0.06310973665361022	0.06310973665361022	0.12780968254937713	0.07485963479637062	0.09466460498041533
UP000002058	0.015513052156904673	0.016634648106664398	0.03214770026356907	0.03214770026356907	0.03214770026356907	0.0299801322946823	0.03214770026356907	0.0299801322946823	0.0299801322946823	0.03214770026356907	0.0299801322946823	0.04444721243245993	0.0689439674300297	0.0689439674300297	0.0689439674300297	0.06429540052713814	0.06429540052713814	0.10978858497872512	0.10109166769359877	0.09644310079070721
UP000002059	0.01588711265181176	0.01633593864586089	0.032223051297672646	0.032223051297672646	0.032223051297672646	0.03133773069605307	0.032223051297672646	0.03133773069605307	0.03133773069605307	0.032223051297672646	0.03133773069605307	0.046788348740294375	0.06626676609121657	0.06626676609121657	0.06626676609121657	0.06444610259534529	0.06444610259534529	0.11167094594321011	0.0984898173888892	0.09666915389301793
UP000002149	0.015708568432580314	0.016481616916751457	0.032190185349331775	0.032190185349331775	0.032190185349331775	0.030680347199641675	0.032190185349331775	0.030680347199641675	0.030680347199641675	0.032190185349331775	0.030680347199641675	0.04565212596670303	0.06754865100329999	0.06754865100329999	0.06754865100329999	0.06438037069866355	0.06438037069866355	0.11076928633088554	0.09973883635263178	0.09657055604799532
UP000002173	0.01802665731376082	0.013996953679439919	0.03202361099320074	0.03202361099320074	0.03202361099320074	0.04124316437308616	0.03202361099320074	0.04124316437308616	0.04124316437308616	0.03202361099320074	0.04124316437308616	0.06445967143241149	0.04973001837429625	0.04973001837429625	0.04973001837429625	0.06404722198640148	0.06404722198640148	0.12331704367324846	0.08175362936749697	0.09607083297960221
UP000002195	0.01936568077745382	0.007422056406912505	0.026787737184366327	0.026787737184366327	0.026787737184366327	0.06989474865478254	0.026787737184366327	0.06989474865478254	0.06989474865478254	0.026787737184366327	0.06989474865478254	0.12042381653211126	0.020533241116665258	0.020533241116665258	0.020533241116665258	0.05357547436873265	0.05357547436873265	0.142835903800969	0.04732097830103158	0.08036321155309897
UP000002226	0.013794211191233577	0.017724503231146046	0.03151871442237962	0.03151871442237962	0.03151871442237962	0.024529646757855676	0.03151871442237962	0.024529646757855676	0.024529646757855676	0.03151871442237962	0.024529646757855676	0.03526508232447778	0.08099826048423409	0.08099826048423409	0.08099826048423409	0.06303742884475924	0.06303742884475924	0.10136128679384851	0.1125169749066137	0.09455614326713888
