Proteome_ID	M	W	C	D	E	F	H	K	N	Q	Y	I	A	G	P	T	V	L	R	S
UP000008323	0.020007493322470857	0.008970746711200756	0.028978240033671616	0.028978240033671616	0.028978240033671616	0.06463028805023938	0.028978240033671616	0.06463028805023938	0.06463028805023938	0.028978240033671616	0.06463028805023938	0.1092530827780079	0.02598590910801234	0.02598590910801234	0.02598590910801234	0.05795648006734323	0.05795648006734323	0.14259426144005347	0.05496414914168395	0.06692722677854399
UP000002535	0.019606945922835538	0.011840430026746769	0.0314473759495823	0.0314473759495823	0.0314473759495823	0.05207471335633155	0.0314473759495823	0.05207471335633155	0.05207471335633155	0.0314473759495823	0.05207471335633155	0.08454248078982755	0.03798148430879944	0.03798148430879944	0.03798148430879944	0.0628947518991646	0.0628947518991646	0.1345764111783317	0.06942886025838174	0.07473518192591137
UP000001961	0.014352824078574427	0.017785347345509687	0.03213817142408411	0.03213817142408411	0.03213817142408411	0.025935592468111456	0.03213817142408411	0.025935592468111456	0.025935592468111456	0.03213817142408411	0.025935592468111456	0.03751836085764849	0.07964823350411214	0.07964823350411214	0.07964823350411214	0.06427634284816822	0.06427634284816822	0.10456475939485411	0.11178640492819625	0.08206169019367791
UP000000815	0.016782439612819784	0.016048482917456187	0.03283092253027597	0.03283092253027597	0.03283092253027597	0.03433240248511018	0.03283092253027597	0.03433240248511018	0.03433240248511018	0.03283092253027597	0.03433240248511018	0.051882365357400574	0.06279021543315821	0.06279021543315821	0.06279021543315821	0.06566184506055193	0.06566184506055193	0.1167766871584819	0.0956211379634342	0.08171032797800813
UP000000425	0.015004154929841218	0.017408403071459033	0.03241255800130025	0.03241255800130025	0.03241255800130025	0.02793610878193056	0.03241255800130025	0.02793610878193056	0.02793610878193056	0.03241255800130025	0.02793610878193056	0.040868062634019896	0.07521261635888088	0.07521261635888088	0.07521261635888088	0.0648251160026005	0.0648251160026005	0.10776537971437229	0.1076251743601811	0.08223351907405953
UP000010481	0.01766966418036335	0.015131957119649944	0.032801621300013295	0.032801621300013295	0.032801621300013295	0.03830262195166044	0.032801621300013295	0.03830262195166044	0.03830262195166044	0.032801621300013295	0.03830262195166044	0.05893557972295753	0.05618134242963192	0.05618134242963192	0.05618134242963192	0.06560324260002659	0.06560324260002659	0.12157552873205038	0.08898296372964522	0.08073519971967653
UP000002194	0.011222020470154016	0.018863344230144956	0.030085364700298968	0.030085364700298968	0.030085364700298968	0.017898129536292176	0.030085364700298968	0.017898129536292176	0.017898129536292176	0.030085364700298968	0.017898129536292176	0.02457423860243034	0.10114231962783128	0.10114231962783128	0.10114231962783128	0.060170729400597936	0.060170729400597936	0.08929087940704412	0.13122768432813026	0.07903407363074291
UP000010378	0.019894815478695583	0.010762871468215739	0.03065768694691132	0.03065768694691132	0.03065768694691132	0.05666973043519292	0.03065768694691132	0.05666973043519292	0.05666973043519292	0.03065768694691132	0.05666973043519292	0.09344464539169026	0.03317092782044102	0.03317092782044102	0.03317092782044102	0.06131537389382264	0.06131537389382264	0.13787991980771114	0.06382861476735235	0.0720782453620384
UP000001168	0.01772191532655441	0.015071254686665776	0.032793170013220185	0.032793170013220185	0.032793170013220185	0.038560676887622894	0.032793170013220185	0.038560676887622894	0.038560676887622894	0.032793170013220185	0.038560676887622894	0.05939943844869139	0.055776614225417805	0.055776614225417805	0.055776614225417805	0.06558634002644037	0.06558634002644037	0.12186893224061768	0.088569784238638	0.08065759471310613
UP000000430	0.018586678449914587	0.013915230398572046	0.03250190884848663	0.03250190884848663	0.03250190884848663	0.043413045380638934	0.03250190884848663	0.043413045380638934	0.043413045380638934	0.03250190884848663	0.043413045380638934	0.0682394123113633	0.048666204802413994	0.048666204802413994	0.048666204802413994	0.06500381769697326	0.06500381769697326	0.1270035415275268	0.08116811365090064	0.07891904809554531
UP000001054	0.012227584989143024	0.01864360096362102	0.030871185952764044	0.030871185952764044	0.030871185952764044	0.020247164198034052	0.030871185952764044	0.020247164198034052	0.020247164198034052	0.030871185952764044	0.020247164198034052	0.028266743406925077	0.09413961508966998	0.09413961508966998	0.09413961508966998	0.06174237190552809	0.06174237190552809	0.09421712109270516	0.125010801042434	0.0803859728691491
UP000008561	0.01292740175582425	0.01842088672048149	0.03134828847630574	0.03134828847630574	0.03134828847630574	0.021999588056751663	0.03134828847630574	0.021999588056751663	0.021999588056751663	0.03134828847630574	0.021999588056751663	0.031071774357679074	0.0893394174344177	0.0893394174344177	0.0893394174344177	0.06269657695261148	0.06269657695261148	0.0976235667651874	0.12068770591072343	0.08111746367309297
UP000008898	0.018321252571662696	0.014305137278636602	0.032626389850299295	0.032626389850299295	0.032626389850299295	0.04178613020663279	0.032626389850299295	0.04178613020663279	0.04178613020663279	0.032626389850299295	0.04178613020663279	0.06525100784160288	0.050949025880111104	0.050949025880111104	0.050949025880111104	0.06525277970059859	0.06525277970059859	0.1253601624788941	0.0835754157304104	0.0795579169792352
UP000008204	0.01817751708318104	0.014501886499937014	0.03267940358311806	0.03267940358311806	0.03267940358311806	0.04096228562421007	0.03267940358311806	0.04096228562421007	0.04096228562421007	0.03267940358311806	0.04096228562421007	0.0637470541652391	0.052142765095955446	0.052142765095955446	0.052142765095955446	0.06535880716623611	0.06535880716623611	0.12449860987362721	0.0848221686790735	0.07986069366617313
UP000001946	0.01669046408825295	0.016132818944875168	0.03282328303312811	0.03282328303312811	0.03282328303312811	0.033957848817054714	0.03282328303312811	0.033957848817054714	0.033957848817054714	0.03282328303312811	0.033957848817054714	0.05122523354585649	0.063453248459705	0.063453248459705	0.063453248459705	0.06564656606625623	0.06564656606625623	0.11629487897156389	0.09627653149283312	0.0817793850111314
UP000017700	0.017107084532228624	0.015735943579971653	0.03284302811220027	0.03284302811220027	0.03284302811220027	0.035704783469411965	0.03284302811220027	0.035704783469411965	0.035704783469411965	0.03284302811220027	0.035704783469411965	0.054302482406595305	0.06042128761278509	0.06042128761278509	0.06042128761278509	0.06568605622440055	0.06568605622440055	0.11849792422604113	0.09326431572498538	0.0814219998043722
UP000002084	0.015098203003124642	0.017349132254935274	0.032447335258059914	0.032447335258059914	0.032447335258059914	0.028237519170290055	0.032447335258059914	0.028237519170290055	0.028237519170290055	0.032447335258059914	0.028237519170290055	0.04137683533745547	0.0745695511705339	0.0745695511705339	0.0745695511705339	0.06489467051611983	0.06489467051611983	0.10823039268953452	0.10701688642859382	0.0822438027710551
UP000065734	0.010915217318290942	0.018906715712039668	0.029821933030330608	0.029821933030330608	0.029821933030330608	0.017216786079366126	0.029821933030330608	0.017216786079366126	0.017216786079366126	0.029821933030330608	0.017216786079366126	0.023518354840441312	0.1033116965693596	0.1033116965693596	0.1033116965693596	0.059643866060661216	0.059643866060661216	0.08777586945831829	0.13313362959969022	0.0785505817727009
UP000001191	0.01799408003149289	0.014740347038212627	0.032734427069705516	0.032734427069705516	0.032734427069705516	0.03996011077285817	0.032734427069705516	0.03996011077285817	0.03996011077285817	0.032734427069705516	0.03996011077285817	0.061926141514223446	0.053630617876549325	0.053630617876549325	0.053630617876549325	0.06546885413941103	0.06546885413941103	0.1234230449437621	0.08636504494625485	0.08020920117762366
UP000002186	0.007883566568230003	0.018694101981553773	0.026577668549783776	0.026577668549783776	0.026577668549783776	0.01120817782246625	0.026577668549783776	0.01120817782246625	0.01120817782246625	0.026577668549783776	0.01120817782246625	0.014532789076702496	0.12604590625360645	0.12604590625360645	0.12604590625360645	0.05315533709956755	0.05315533709956755	0.0722470814902638	0.15262357480339023	0.07184943908112133
UP000254519	0.018322339186384706	0.014303614063383489	0.03262595324976819	0.03262595324976819	0.03262595324976819	0.04179249936921039	0.03262595324976819	0.04179249936921039	0.04179249936921039	0.03262595324976819	0.04179249936921039	0.06526265955203608	0.05093989790140522	0.05093989790140522	0.05093989790140522	0.06525190649953638	0.06525190649953638	0.12536674505513148	0.08356585115117342	0.07955552056291987
UP000001688	0.016130673470627663	0.01661001094115975	0.03274068441178741	0.03274068441178741	0.03274068441178741	0.03179584235809881	0.03274068441178741	0.03179584235809881	0.03179584235809881	0.03274068441178741	0.03179584235809881	0.04746101124556996	0.06742720659383436	0.06742720659383436	0.06742720659383436	0.06548136882357482	0.06548136882357482	0.1134078846523013	0.10016789100562178	0.08209137976473457
UP000001430	0.01997129293851465	0.010277803064248432	0.03024909600276308	0.03024909600276308	0.03024909600276308	0.05877847178234585	0.03024909600276308	0.05877847178234585	0.05877847178234585	0.03024909600276308	0.05877847178234585	0.09758565062617704	0.031134113604471107	0.031134113604471107	0.031134113604471107	0.06049819200552616	0.06049819200552616	0.13924795672638665	0.06138320960723419	0.07077599506977458
UP000029482	0.007366542009903312	0.018527296922497785	0.025893838932401096	0.025893838932401096	0.025893838932401096	0.010295514401864868	0.025893838932401096	0.010295514401864868	0.010295514401864868	0.025893838932401096	0.010295514401864868	0.013224486793826422	0.1302491295696079	0.1302491295696079	0.1302491295696079	0.05178767786480219	0.05178767786480219	0.06944973427657036	0.15614296850200904	0.07031497478729998
UP000889800	0.01390895435639528	0.018010217760741392	0.03191917211713667	0.03191917211713667	0.03191917211713667	0.024650579685878443	0.03191917211713667	0.024650579685878443	0.024650579685878443	0.03191917211713667	0.024650579685878443	0.035392205015361604	0.08266203567026485	0.08266203567026485	0.08266203567026485	0.06383834423427334	0.06383834423427334	0.10239787827654707	0.11458120778740152	0.08184856199501474
UP000002384	0.018631280963440827	0.013845865263248403	0.032477146226689235	0.032477146226689235	0.032477146226689235	0.04370191567921106	0.032477146226689235	0.04370191567921106	0.04370191567921106	0.032477146226689235	0.04370191567921106	0.0687725503949813	0.048270882895483896	0.048270882895483896	0.048270882895483896	0.06495429245337847	0.06495429245337847	0.12728748909603035	0.08074802912217313	0.07880015771662686
UP000002417	0.009183580794786357	0.018935294665555637	0.02811887546034199	0.02811887546034199	0.02811887546034199	0.013637599478096557	0.02811887546034199	0.013637599478096557	0.013637599478096557	0.02811887546034199	0.013637599478096557	0.018091618161406756	0.11595459427065964	0.11595459427065964	0.11595459427065964	0.05623775092068398	0.05623775092068398	0.0790589311935669	0.14407346973100163	0.07517304558623963
UP000000817	0.01937589482321718	0.01244131991875407	0.031817214741971245	0.031817214741971245	0.031817214741971245	0.04955157575193097	0.031817214741971245	0.04955157575193097	0.04955157575193097	0.031817214741971245	0.04955157575193097	0.07972725668064476	0.040859857172040104	0.040859857172040104	0.040859857172040104	0.06363442948394249	0.06363442948394249	0.13256190005909063	0.07267707191401136	0.07607574940269655
UP000001566	0.011970614664196577	0.01871099951407775	0.03068161417827433	0.03068161417827433	0.03068161417827433	0.019628977079890385	0.03068161417827433	0.019628977079890385	0.019628977079890385	0.03068161417827433	0.019628977079890385	0.02728733949558419	0.09591548706314362	0.09591548706314362	0.09591548706314362	0.06136322835654866	0.06136322835654866	0.09296282010063563	0.12659710124141796	0.08007422787062642
UP000000562	0.019141700133681622	0.006191114773564441	0.02533281490724606	0.02533281490724606	0.02533281490724606	0.07832404409091294	0.02533281490724606	0.07832404409091294	0.07832404409091294	0.02533281490724606	0.07832404409091294	0.13750638804814427	0.01638708824533854	0.01638708824533854	0.01638708824533854	0.05066562981449212	0.05066562981449212	0.1481313740390867	0.0417199031525846	0.05685674458805657
UP000000585	0.018798669640024534	0.013574076040847542	0.032372745680872075	0.032372745680872075	0.032372745680872075	0.04483285267917562	0.032372745680872075	0.04483285267917562	0.04483285267917562	0.032372745680872075	0.04483285267917562	0.0708670357183267	0.046751192497960496	0.046751192497960496	0.046751192497960496	0.06474549136174415	0.06474549136174415	0.1283770136809443	0.07912393817883256	0.07831956740259169
UP000001020	0.01014720985314495	0.01896565361141215	0.029112863464557097	0.029112863464557097	0.029112863464557097	0.01557628020913862	0.029112863464557097	0.01557628020913862	0.01557628020913862	0.029112863464557097	0.01557628020913862	0.02100535056513229	0.10882685823906531	0.10882685823906531	0.10882685823906531	0.058225726929114194	0.058225726929114194	0.08394921699139776	0.1379397217036224	0.07719138054052634
UP000000594	0.01966178836191707	0.011674600760604104	0.03133638912252117	0.03133638912252117	0.03133638912252117	0.05277520521582355	0.03133638912252117	0.05277520521582355	0.05277520521582355	0.03133638912252117	0.05277520521582355	0.08588862206973004	0.0372132814727034	0.0372132814727034	0.0372132814727034	0.06267277824504235	0.06267277824504235	0.13510977182278297	0.06854967059522457	0.07434737900564645
UP000000586	0.018778228778279737	0.013608303092268932	0.03238653187054867	0.03238653187054867	0.03238653187054867	0.04469048790849729	0.03238653187054867	0.04469048790849729	0.04469048790849729	0.03238653187054867	0.04469048790849729	0.07060274703871484	0.04694007587250499	0.04694007587250499	0.04694007587250499	0.06477306374109734	0.06477306374109734	0.12824178042787437	0.07932660774305365	0.07838136683336626
UP000037395	0.007191218709633402	0.018460718682573703	0.025651937392207103	0.025651937392207103	0.025651937392207103	0.009992497869940276	0.025651937392207103	0.009992497869940276	0.009992497869940276	0.025651937392207103	0.009992497869940276	0.01279377703024715	0.1317031838361845	0.1317031838361845	0.1317031838361845	0.051303874784414207	0.051303874784414207	0.06848759136398788	0.1573551212283916	0.06976459346698792
UP000001174	0.019930163265786834	0.010564189305067272	0.030494352570854106	0.030494352570854106	0.030494352570854106	0.05752996352782781	0.030494352570854106	0.05752996352782781	0.05752996352782781	0.030494352570854106	0.05752996352782781	0.0951297637898688	0.03232769435933162	0.03232769435933162	0.03232769435933162	0.06098870514170821	0.06098870514170821	0.13844883193532287	0.06282204693018573	0.0715528944467755
UP000061569	0.00839696085641776	0.018818516093906765	0.027215476950324523	0.027215476950324523	0.027215476950324523	0.012143746802363952	0.027215476950324523	0.012143746802363952	0.012143746802363952	0.027215476950324523	0.012143746802363952	0.015890532748310142	0.12198577550866939	0.12198577550866939	0.12198577550866939	0.054430953900649046	0.054430953900649046	0.07497166155943076	0.1492012524589939	0.07324946999455582
UP000002516	0.015463280820578195	0.017106827382834783	0.032570108203412974	0.032570108203412974	0.032570108203412974	0.02944091959514084	0.032570108203412974	0.02944091959514084	0.02944091959514084	0.032570108203412974	0.02944091959514084	0.043418558369703486	0.07206377809999617	0.07206377809999617	0.07206377809999617	0.06514021640682595	0.06514021640682595	0.11004441682254498	0.10463388630340915	0.08224704378966073
UP000001584	0.01010622260757146	0.018966768206901324	0.029072990814472784	0.029072990814472784	0.029072990814472784	0.015491206189361896	0.029072990814472784	0.015491206189361896	0.015491206189361896	0.029072990814472784	0.015491206189361896	0.020876189771152333	0.10912498156261843	0.10912498156261843	0.10912498156261843	0.05814598162894557	0.05814598162894557	0.08374341042587892	0.13819797237709122	0.07711274983584689
UP000001962	0.009220331944537297	0.018938670832157122	0.02815900277669442	0.02815900277669442	0.02815900277669442	0.013709270050114568	0.02815900277669442	0.013709270050114568	0.013709270050114568	0.02815900277669442	0.013709270050114568	0.01819820815569184	0.11567784929165613	0.11567784929165613	0.11567784929165613	0.05631800555338884	0.05631800555338884	0.07924760754804071	0.14383685206835056	0.07525667638554596
UP000000579	0.019506609438366233	0.012117811066202529	0.03162442050456876	0.03162442050456876	0.03162442050456876	0.05090731454114036	0.03162442050456876	0.05090731454114036	0.05090731454114036	0.03162442050456876	0.05090731454114036	0.08230801964391449	0.039291169894320896	0.039291169894320896	0.039291169894320896	0.06324884100913752	0.06324884100913752	0.1336627649886441	0.07091559039888966	0.07536665207534006
UP000002357	0.0074279910554608695	0.01854940391557793	0.0259773949710388	0.0259773949710388	0.0259773949710388	0.010402482924370482	0.0259773949710388	0.010402482924370482	0.010402482924370482	0.0259773949710388	0.010402482924370482	0.013376974793280094	0.1297430727620617	0.1297430727620617	0.1297430727620617	0.0519547899420776	0.0519547899420776	0.06978526392190895	0.1557204677331005	0.07050419385765552
UP000002521	0.01988200008042356	0.008084315066070864	0.027966315146494423	0.027966315146494423	0.027966315146494423	0.06877840304930033	0.027966315146494423	0.06877840304930033	0.06877840304930033	0.027966315146494423	0.06877840304930033	0.11767480601817709	0.022743034097852607	0.022743034097852607	0.022743034097852607	0.055932630292988846	0.055932630292988846	0.14459303342271276	0.05070934924434703	0.06401694535905972
UP000069205	0.011009443287401286	0.018894585101350857	0.029904028388752144	0.029904028388752144	0.029904028388752144	0.017424394494233532	0.029904028388752144	0.017424394494233532	0.017424394494233532	0.029904028388752144	0.017424394494233532	0.02383934570106578	0.10264355690193305	0.10264355690193305	0.10264355690193305	0.05980805677750429	0.05980805677750429	0.08824189455913911	0.1325475852906852	0.07870264187885515
UP000000558	0.015800904624195047	0.01686461109487598	0.032665515719071024	0.032665515719071024	0.032665515719071024	0.03060519424216115	0.032665515719071024	0.03060519424216115	0.03060519424216115	0.032665515719071024	0.03060519424216115	0.045409483860127255	0.06972907335598265	0.06972907335598265	0.06972907335598265	0.06533103143814205	0.06533103143814205	0.11173713030449826	0.10239458907505367	0.08219564253301803
UP000035170	0.010247775470108578	0.0189620358461154	0.029209811316223976	0.029209811316223976	0.029209811316223976	0.015786046937266103	0.029209811316223976	0.015786046937266103	0.015786046937266103	0.029209811316223976	0.015786046937266103	0.021324318404423625	0.10809711646241557	0.10809711646241557	0.10809711646241557	0.05841962263244795	0.05841962263244795	0.08445344503982263	0.13730692777863956	0.07738165847856335
UP000001010	0.01003907479760698	0.018968141788382655	0.029007216585989638	0.029007216585989638	0.029007216585989638	0.015352353447478411	0.029007216585989638	0.015352353447478411	0.015352353447478411	0.029007216585989638	0.015352353447478411	0.020665632097349847	0.10961428382235601	0.10961428382235601	0.10961428382235601	0.058014433171979275	0.058014433171979275	0.08340586141706467	0.13862150040834564	0.07698257496036193
UP000001423	0.015044181862722368	0.01738333158296754	0.03242751344568991	0.03242751344568991	0.03242751344568991	0.02806397653432743	0.03242751344568991	0.02806397653432743	0.02806397653432743	0.03242751344568991	0.02806397653432743	0.041083771205932484	0.07493903274784795	0.07493903274784795	0.07493903274784795	0.06485502689137981	0.06485502689137981	0.1079631852884296	0.10736654619353785	0.08223835847434735
UP000000818	0.02001755666004216	0.009147405030493534	0.029164961690535694	0.029164961690535694	0.029164961690535694	0.06382261102269772	0.029164961690535694	0.06382261102269772	0.06382261102269772	0.029164961690535694	0.06382261102269772	0.10762766538535327	0.02665497311314672	0.02665497311314672	0.02665497311314672	0.05832992338107139	0.05832992338107139	0.1421700910638113	0.055819934803682414	0.06747732841156491
UP000001203	0.01878164054564454	0.013602611449482369	0.03238425199512691	0.03238425199512691	0.03238425199512691	0.04471416261288496	0.03238425199512691	0.04471416261288496	0.04471416261288496	0.03238425199512691	0.04471416261288496	0.07064668468012539	0.046908617583354816	0.046908617583354816	0.046908617583354816	0.06476850399025381	0.06476850399025381	0.1282643071487833	0.07929286957848172	0.07837111543973617
UP000000429	0.019093775426970667	0.013041312278188997	0.032135087705159666	0.032135087705159666	0.032135087705159666	0.04704895756499212	0.032135087705159666	0.04704895756499212	0.04704895756499212	0.032135087705159666	0.04704895756499212	0.07500413970301356	0.043897417297367784	0.043897417297367784	0.043897417297367784	0.06427017541031933	0.06427017541031933	0.13041290840228212	0.07603250500252745	0.07731148768850833
UP000000640	0.00777661087265832	0.018663110402262727	0.026439721274921047	0.026439721274921047	0.026439721274921047	0.011016996604793062	0.026439721274921047	0.011016996604793062	0.011016996604793062	0.026439721274921047	0.011016996604793062	0.0142573823369278	0.12690552356009255	0.12690552356009255	0.12690552356009255	0.052879442549842094	0.052879442549842094	0.07167305002729348	0.15334524483501358	0.07154255295210482
UP000001170	0.019035745378253442	0.013152442936790215	0.03218818831504366	0.03218818831504366	0.03218818831504366	0.04658649042593577	0.03218818831504366	0.04658649042593577	0.04658649042593577	0.03218818831504366	0.04658649042593577	0.0741372354736181	0.044479824839001134	0.044479824839001134	0.044479824839001134	0.06437637663008731	0.06437637663008731	0.12999861243427652	0.07666801315404478	0.07752881956687753
UP000006552	0.010284057604355613	0.018960423777900217	0.029244481382255827	0.029244481382255827	0.029244481382255827	0.015862089089758266	0.029244481382255827	0.015862089089758266	0.015862089089758266	0.029244481382255827	0.015862089089758266	0.02144012057516092	0.10783443296498865	0.10783443296498865	0.10783443296498865	0.058488962764511654	0.058488962764511654	0.08463510945862554	0.13707891434724448	0.07744938654241187
UP000001409	0.010890931779206258	0.018909670587092007	0.029800602366298265	0.029800602366298265	0.029800602366298265	0.01716351037717989	0.029800602366298265	0.01716351037717989	0.01716351037717989	0.029800602366298265	0.01716351037717989	0.02343608897515352	0.10348418031954372	0.10348418031954372	0.10348418031954372	0.05960120473259653	0.05960120473259653	0.08765564688898268	0.13328478268584196	0.07851087531968853
UP000001937	0.008230380579540304	0.018782477905656104	0.027012858485196408	0.027012858485196408	0.027012858485196408	0.011836888987234232	0.027012858485196408	0.011836888987234232	0.011836888987234232	0.027012858485196408	0.011836888987234232	0.015443397394928159	0.12329160547643954	0.12329160547643954	0.12329160547643954	0.054025716970392816	0.054025716970392816	0.07409298653716735	0.15030446396163596	0.07280819487604892
UP000198251	0.0121353894767457	0.018668668423579348	0.03080405790032505	0.03080405790032505	0.03080405790032505	0.02002388341808673	0.03080405790032505	0.02002388341808673	0.02002388341808673	0.03080405790032505	0.02002388341808673	0.027912377359427757	0.09477581978623446	0.09477581978623446	0.09477581978623446	0.0616081158006501	0.0616081158006501	0.09376738869548254	0.1255798776865595	0.08027678422422944
UP000183015	0.006024726774818744	0.017874565883121876	0.02389929265794062	0.02389929265794062	0.02389929265794062	0.008055396103996231	0.02389929265794062	0.008055396103996231	0.008055396103996231	0.02389929265794062	0.008055396103996231	0.010086065433173717	0.14181206787994882	0.14181206787994882	0.14181206787994882	0.04779858531588124	0.04779858531588124	0.061878708194696215	0.16571136053788943	0.06567315119900312
UP000008080	0.016604491321703004	0.016210063852726764	0.03281455517442977	0.03281455517442977	0.03281455517442977	0.033613007423638784	0.03281455517442977	0.033613007423638784	0.033613007423638784	0.03281455517442977	0.033613007423638784	0.05062152352557457	0.0640701391413388	0.0640701391413388	0.0640701391413388	0.06562911034885954	0.06562911034885954	0.11584660909420133	0.09688469431576856	0.0818391742015863
UP000006647	0.019918613808756456	0.00826816404613278	0.028186777854889235	0.028186777854889235	0.028186777854889235	0.06790401587004641	0.028186777854889235	0.06790401587004641	0.06790401587004641	0.028186777854889235	0.06790401587004641	0.11588941793133636	0.02340051426005097	0.02340051426005097	0.02340051426005097	0.05637355570977847	0.05637355570977847	0.14419618538858134	0.051587292114940196	0.06464171975591125
UP000000809	0.018984048119023177	0.013248600687489235	0.03223264880651241	0.03223264880651241	0.03223264880651241	0.046186474359079646	0.03223264880651241	0.046186474359079646	0.046186474359079646	0.03223264880651241	0.046186474359079646	0.07338890059913612	0.044989086675316814	0.044989086675316814	0.044989086675316814	0.06446529761302482	0.06446529761302482	0.12963582009112765	0.07722173548182922	0.07771389830051405
UP000001572	0.01950338824412471	0.012126248052625667	0.03162963629675038	0.03162963629675038	0.03162963629675038	0.05087188337553501	0.03162963629675038	0.05087188337553501	0.05087188337553501	0.03162963629675038	0.05087188337553501	0.08224037850694532	0.039331505966843414	0.039331505966843414	0.039331505966843414	0.06325927259350075	0.06325927259350075	0.13363454421316048	0.07096114226359379	0.07538552064612643
UP000002207	0.011592852243558117	0.01879608382584972	0.030388936069407835	0.030388936069407835	0.030388936069407835	0.018742970554700245	0.030388936069407835	0.018742970554700245	0.018742970554700245	0.030388936069407835	0.018742970554700245	0.025893088865842375	0.09854227031253274	0.09854227031253274	0.09854227031253274	0.06077787213881567	0.06077787213881567	0.09111369493707404	0.12893120638194058	0.07957395596466539
UP000194841	0.019120292337342245	0.012989329033520548	0.03210962137086279	0.03210962137086279	0.03210962137086279	0.04726536265791003	0.03210962137086279	0.04726536265791003	0.04726536265791003	0.03210962137086279	0.04726536265791003	0.07541043297847781	0.04362720294954184	0.04362720294954184	0.04362720294954184	0.06421924274172558	0.06421924274172558	0.13060489773697787	0.07573682432040464	0.07720857177524615
UP000001410	0.015842793499384607	0.01683328501348286	0.03267607851286747	0.03267607851286747	0.03267607851286747	0.03075337724243333	0.03267607851286747	0.03075337724243333	0.03075337724243333	0.03267607851286747	0.03075337724243333	0.045663960985482054	0.06943797414911797	0.06943797414911797	0.06943797414911797	0.06535215702573494	0.06535215702573494	0.11194832776755288	0.10211405266198544	0.08218544203921781
UP000006637	0.007828447021649153	0.018678354479673292	0.02650680150132245	0.02650680150132245	0.02650680150132245	0.011109495298008852	0.02650680150132245	0.011109495298008852	0.011109495298008852	0.02650680150132245	0.011109495298008852	0.014390543574368551	0.12648828897860703	0.12648828897860703	0.12648828897860703	0.0530136030026449	0.0530136030026449	0.0719515453223029	0.15299509047992946	0.07169195748231817
UP000000625	0.016130573259610682	0.016610091152134028	0.03274066441174471	0.03274066441174471	0.03274066441174471	0.03179547186254447	0.03274066441174471	0.03179547186254447	0.03179547186254447	0.03274066441174471	0.03179547186254447	0.04746037046547826	0.067427909908471	0.067427909908471	0.067427909908471	0.06548132882348942	0.06548132882348942	0.11340737394564457	0.1001685743202157	0.08209141997562344
UP000001806	0.0196997492865104	0.007417208140853984	0.027116957427364384	0.027116957427364384	0.027116957427364384	0.07202133910597651	0.027116957427364384	0.07202133910597651	0.07202133910597651	0.027116957427364384	0.07202133910597651	0.12434292892544262	0.020419764176711146	0.020419764176711146	0.020419764176711146	0.05423391485472877	0.05423391485472877	0.14595500324721566	0.04753672160407553	0.06165112299558275
UP000002361	0.00967368974068429	0.018965661296841272	0.028639351037525556	0.028639351037525556	0.028639351037525556	0.01460788484911461	0.028639351037525556	0.01460788484911461	0.01460788484911461	0.028639351037525556	0.01460788484911461	0.019542079957544936	0.11229721979911825	0.11229721979911825	0.11229721979911825	0.05727870207505111	0.05727870207505111	0.08156027666485001	0.1409365708366438	0.0762443633718924
UP000000588	0.016343710938818153	0.016435405972532756	0.03277911691135091	0.03277911691135091	0.03277911691135091	0.03259623842113628	0.03277911691135091	0.03259623842113628	0.03259623842113628	0.03277911691135091	0.03259623842113628	0.048848765903454404	0.0659260428523124	0.0659260428523124	0.0659260428523124	0.06555823382270182	0.06555823382270182	0.11449818318265627	0.09870515976366331	0.0819936397952346
UP000002480	0.019977496113993125	0.008656113455051823	0.028633609569044947	0.028633609569044947	0.028633609569044947	0.06608367910905197	0.028633609569044947	0.06608367910905197	0.06608367910905197	0.028633609569044947	0.06608367910905197	0.1121898621041108	0.024813497311477525	0.024813497311477525	0.024813497311477525	0.057267219138089895	0.057267219138089895	0.14332839436113498	0.05344710688052247	0.06592333259314172
UP000001983	0.011807765476448465	0.01874972289147849	0.030557488367926957	0.030557488367926957	0.030557488367926957	0.019243786070127444	0.030557488367926957	0.019243786070127444	0.019243786070127444	0.030557488367926957	0.019243786070127444	0.026679806663806423	0.09704536227468123	0.09704536227468123	0.09704536227468123	0.061114976735853914	0.061114976735853914	0.09216652828242983	0.1276028506426082	0.0798646996273324
UP000001116	0.007144774893483453	0.018442199458196293	0.025586974351679743	0.025586974351679743	0.025586974351679743	0.009912764058456085	0.025586974351679743	0.009912764058456085	0.009912764058456085	0.025586974351679743	0.009912764058456085	0.012680753223428716	0.1320909592143537	0.1320909592143537	0.1320909592143537	0.051173948703359486	0.051173948703359486	0.06823148765529903	0.15767793356603346	0.06961614816155577
UP000002145	0.018883196924534402	0.013429178501946377	0.03231237542648078	0.03231237542648078	0.03231237542648078	0.045435463397056515	0.03231237542648078	0.045435463397056515	0.045435463397056515	0.03231237542648078	0.045435463397056515	0.07198772986957863	0.04595923658036155	0.04595923658036155	0.04595923658036155	0.06462475085296156	0.06462475085296156	0.1289434111745525	0.07827161200684232	0.07805392935490793
UP000000423	0.019720922453882513	0.007481875957225943	0.02720279841110846	0.02720279841110846	0.02720279841110846	0.07170184069624343	0.02720279841110846	0.07170184069624343	0.07170184069624343	0.02720279841110846	0.07170184069624343	0.12368275893860434	0.020640815750610827	0.020640815750610827	0.020640815750610827	0.05440559682221692	0.05440559682221692	0.14582835997234286	0.04784361416171929	0.06188747277944286
UP000009072	0.019696710455467607	0.00740811689962499	0.027104827355092596	0.027104827355092596	0.027104827355092596	0.07206634878908597	0.027104827355092596	0.07206634878908597	0.07206634878908597	0.027104827355092596	0.07206634878908597	0.1244359871227043	0.0203887578125961	0.0203887578125961	0.0203887578125961	0.05420965471018519	0.05420965471018519	0.14597271395473874	0.0474935851676887	0.06161777160981019
UP000000774	0.01912301311925708	0.012983950691391398	0.03210696381064848	0.03210696381064848	0.03210696381064848	0.047287755842882605	0.03210696381064848	0.047287755842882605	0.047287755842882605	0.03210696381064848	0.047287755842882605	0.07545249856650812	0.043599325312175835	0.043599325312175835	0.043599325312175835	0.06421392762129696	0.06421392762129696	0.13062469658343664	0.0757062891228243	0.07719787831268836
UP000001422	0.011602526553193066	0.01879411303924338	0.03039663959243645	0.03039663959243645	0.03039663959243645	0.018765334509943003	0.03039663959243645	0.018765334509943003	0.018765334509943003	0.03039663959243645	0.018765334509943003	0.025928142466692942	0.09847473787615219	0.09847473787615219	0.09847473787615219	0.0607932791848729	0.0607932791848729	0.09116114024800896	0.12887137746858865	0.07958739222411627
UP000006697	0.014522248353395752	0.017692796133777753	0.03221504448717351	0.03221504448717351	0.03221504448717351	0.02644211085806111	0.03221504448717351	0.02644211085806111	0.02644211085806111	0.03221504448717351	0.02644211085806111	0.03836197336272646	0.07849669013804796	0.07849669013804796	0.07849669013804796	0.06443008897434702	0.06443008897434702	0.10539444818580386	0.11071173462522146	0.08212288510812477
UP000001006	0.01599982476721468	0.016713249767747455	0.03271307453496214	0.03271307453496214	0.03271307453496214	0.031316677930959276	0.03271307453496214	0.031316677930959276	0.031316677930959276	0.03271307453496214	0.031316677930959276	0.046633531094703876	0.06834347167277638	0.06834347167277638	0.06834347167277638	0.06542614906992428	0.06542614906992428	0.11274265176809822	0.10105654620773853	0.08213939883767173
UP000028341	0.008613947118296335	0.01885940525650519	0.02747335237480153	0.02747335237480153	0.02747335237480153	0.012548328078226756	0.02747335237480153	0.012548328078226756	0.012548328078226756	0.02747335237480153	0.012548328078226756	0.016482709038157177	0.12030050314347117	0.12030050314347117	0.12030050314347117	0.05494670474960306	0.05494670474960306	0.07610897994612614	0.14777385551827268	0.07380611000610823
UP000005954	0.011228463639211768	0.018862313799984393	0.030090777439196158	0.030090777439196158	0.030090777439196158	0.017912606265298555	0.030090777439196158	0.017912606265298555	0.017912606265298555	0.030090777439196158	0.017912606265298555	0.024596748891385342	0.10109694518874585	0.10109694518874585	0.10109694518874585	0.060181554878392315	0.060181554878392315	0.08932262478290263	0.131187722627942	0.07904386867837672
UP000001822	0.019121656115624178	0.012986634218627363	0.03210829033425154	0.03210829033425154	0.03210829033425154	0.04727658266924463	0.03210829033425154	0.04727658266924463	0.04727658266924463	0.03210829033425154	0.04727658266924463	0.07543150922286508	0.04361323302072176	0.04361323302072176	0.04361323302072176	0.06421658066850308	0.06421658066850308	0.1306148194533719	0.07572152335497331	0.07720321488713044
UP000008320	0.02002300118351804	0.00953294776885531	0.02955594895237335	0.02955594895237335	0.02955594895237335	0.062079308017065946	0.02955594895237335	0.062079308017065946	0.062079308017065946	0.02955594895237335	0.062079308017065946	0.10413561485061384	0.028143165456520697	0.028143165456520697	0.028143165456520697	0.0591118979047467	0.0591118979047467	0.14121420710533067	0.057699114408894046	0.06864484567360199
UP000061018	0.007935334073828678	0.018708461178497036	0.026643795252325717	0.026643795252325717	0.026643795252325717	0.011301165515681406	0.026643795252325717	0.011301165515681406	0.011301165515681406	0.026643795252325717	0.011301165515681406	0.014666996957534132	0.12563161285671184	0.12563161285671184	0.12563161285671184	0.053287590504651434	0.053287590504651434	0.07252409009416153	0.15227540810903756	0.07199605168314846
UP000001025	0.014060456734105147	0.017936285791364935	0.03199674252547008	0.03199674252547008	0.03199674252547008	0.025082607354988972	0.03199674252547008	0.025082607354988972	0.025082607354988972	0.03199674252547008	0.025082607354988972	0.0361047579758728	0.08163358121041525	0.08163358121041525	0.08163358121041525	0.06399348505094016	0.06399348505094016	0.10313654914003428	0.11363032373588532	0.08192977084230509
UP000007065	0.020023455263051774	0.009495187581163576	0.02951864284421535	0.02951864284421535	0.02951864284421535	0.06224892550724291	0.02951864284421535	0.06224892550724291	0.06224892550724291	0.02951864284421535	0.06224892550724291	0.10447439575143407	0.027995672801226452	0.027995672801226452	0.027995672801226452	0.0590372856884307	0.0590372856884307	0.1413096664587254	0.05751431564544181	0.06853247326959429
UP000002484	0.006139957357000845	0.017944404712358107	0.024084362069358954	0.024084362069358954	0.024084362069358954	0.008240839328294431	0.024084362069358954	0.008240839328294431	0.008240839328294431	0.024084362069358954	0.008240839328294431	0.01034172129958802	0.14077607223729915	0.14077607223729915	0.14077607223729915	0.04816872413871791	0.04816872413871791	0.06254952082401319	0.16486043430665812	0.06611312885107602
UP000002709	0.013165425645941892	0.018331974736408813	0.03149740038235071	0.03149740038235071	0.03149740038235071	0.022620404442884042	0.03149740038235071	0.022620404442884042	0.022620404442884042	0.03149740038235071	0.022620404442884042	0.03207538323982619	0.08771604710703555	0.08771604710703555	0.08771604710703555	0.06299480076470142	0.06299480076470142	0.09878063085352735	0.11921344748938627	0.08132677550111023
UP000001652	0.017400713178393628	0.015431454545672218	0.032832167724065844	0.032832167724065844	0.032832167724065844	0.03702198855593983	0.032832167724065844	0.03702198855593983	0.03702198855593983	0.032832167724065844	0.03702198855593983	0.05664326393348602	0.05823302742544034	0.05823302742544034	0.05823302742544034	0.06566433544813169	0.06566433544813169	0.12008703718246515	0.09106519514950619	0.0810957899938039
UP000006821	0.010996817028049412	0.018896271959151088	0.0298930889872005	0.0298930889872005	0.0298930889872005	0.01739649126060794	0.0298930889872005	0.01739649126060794	0.01739649126060794	0.0298930889872005	0.01739649126060794	0.02379616549316647	0.10273298860214641	0.10273298860214641	0.10273298860214641	0.059786177974401	0.059786177974401	0.08817948626305835	0.13262607758934694	0.0786824499335521
UP000002171	0.016276378828026922	0.016491485156150624	0.032767863984177546	0.032767863984177546	0.032767863984177546	0.0323404570626448	0.032767863984177546	0.0323404570626448	0.0323404570626448	0.032767863984177546	0.0323404570626448	0.048404535297262685	0.06640183891066814	0.06640183891066814	0.06640183891066814	0.06553572796835509	0.06553572796835509	0.11415256385902683	0.0991697028948457	0.08202721312450573
UP000009134	0.010153330567319095	0.01896546924550231	0.029118799812821408	0.029118799812821408	0.029118799812821408	0.015589005280914923	0.029118799812821408	0.015589005280914923	0.015589005280914923	0.029118799812821408	0.015589005280914923	0.021024679994510753	0.10878237414894304	0.10878237414894304	0.10878237414894304	0.058237599625642816	0.058237599625642816	0.08397993547387683	0.13790117396176446	0.07720306887114511
UP000007073	0.012641806059292115	0.01851871906980888	0.031160525129100995	0.031160525129100995	0.031160525129100995	0.021271736662932087	0.031160525129100995	0.021271736662932087	0.021271736662932087	0.031160525129100995	0.021271736662932087	0.029901667266572063	0.0912928118382879	0.0912928118382879	0.0912928118382879	0.06232105025820199	0.06232105025820199	0.09623459298042619	0.12245333696738887	0.08083976932801086
UP000000245	0.008966533237591933	0.018911642395194182	0.027878175632786117	0.027878175632786117	0.027878175632786117	0.013217814888373978	0.027878175632786117	0.013217814888373978	0.013217814888373978	0.027878175632786117	0.013217814888373978	0.017469096539156025	0.11759775472359907	0.11759775472359907	0.11759775472359907	0.055756351265572233	0.055756351265572233	0.07794069939153815	0.14547593035638515	0.07466799366076642
