	AAA	AAC	AAG	AAT	ACA	ACC	ACG	ACT	AGA	AGC	AGG	AGT	ATA	ATC	ATG	ATT	CAA	CAC	CAG	CAT	CCA	CCC	CCG	CCT	CGA	CGC	CGG	CGT	CTA	CTC	CTG	CTT	GAA	GAC	GAG	GAT	GCA	GCC	GCG	GCT	GGA	GGC	GGG	GGT	GTA	GTC	GTG	GTT	TAA	TAC	TAG	TAT	TCA	TCC	TCG	TCT	TGA	TGC	TGG	TGT	TTA	TTC	TTG	TTT
Start	254.0	118.0	222.0	125.0	108.0	71.5	64.5	83.0	115.0	113.0	98.0	107.0	198.5	129.0	1797.5	158.5	63.0	33.5	81.5	39.0	69.0	60.5	58.5	51.0	23.5	30.0	25.5	29.5	48.5	101.5	93.0	85.0	307.5	116.5	254.5	214.0	125.0	65.5	69.5	91.5	107.0	59.5	67.5	74.5	111.5	85.5	343.5	126.0	0.0	86.5	0.0	82.5	95.5	61.5	50.5	67.5	0.0	25.5	53.5	29.5	73.5	100.5	185.0	95.0
AAA	790.0	493.0	807.5	416.0	295.0	284.5	198.0	228.5	373.0	256.0	402.5	183.0	671.0	529.0	515.0	501.5	164.5	195.0	301.0	141.5	226.0	201.0	208.0	231.0	88.5	105.0	66.0	88.0	203.5	397.0	281.5	411.0	1077.0	655.0	1075.5	759.5	442.0	348.5	241.0	344.0	418.0	330.5	251.5	298.0	347.0	407.0	345.0	508.5	28.5	459.0	13.0	406.5	257.0	221.5	165.0	197.5	20.0	101.0	252.0	86.5	240.0	477.0	217.0	348.0
AAC	493.0	556.0	649.5	305.5	302.0	342.5	246.5	207.0	243.0	332.5	290.0	151.5	648.0	533.5	566.5	434.0	171.0	204.0	377.0	146.5	190.5	260.5	220.0	150.5	37.0	100.5	62.5	69.5	146.0	564.0	491.5	314.5	761.5	567.5	977.5	647.0	439.0	547.0	315.0	299.0	411.0	446.5	295.0	331.0	316.5	494.5	525.5	421.5	12.0	602.5	5.0	355.0	211.0	262.0	167.5	151.5	11.0	114.5	295.5	102.0	152.5	545.0	195.5	303.5
AAG	807.5	649.5	1186.0	376.5	377.0	470.5	394.0	250.0	382.0	388.0	602.0	194.0	1014.0	674.5	692.5	459.0	169.0	337.5	520.0	200.5	263.5	355.0	426.0	290.0	63.0	170.5	103.0	111.0	201.0	851.5	586.0	460.0	1144.0	1051.0	1989.0	935.0	600.0	724.0	528.0	389.0	485.0	667.0	424.5	405.5	432.5	734.0	558.0	529.0	22.5	742.5	13.5	432.0	259.5	313.5	294.0	215.5	27.0	131.0	364.5	110.0	250.0	685.0	203.0	382.5
AAT	416.0	305.5	376.5	304.0	208.0	176.5	141.0	164.5	238.0	173.0	214.0	116.5	467.0	355.0	362.0	368.0	109.5	124.0	194.0	116.0	120.5	108.5	106.5	125.5	42.0	52.0	40.0	55.5	140.0	272.0	184.5	281.0	507.5	340.5	513.0	476.0	275.5	229.0	163.0	211.0	274.0	190.0	157.5	196.5	254.5	255.0	247.0	355.0	12.0	315.0	5.0	304.5	146.0	120.5	102.5	140.5	11.0	62.5	179.5	65.0	189.0	335.5	185.5	315.0
ACA	295.0	302.0	377.0	208.0	276.0	197.0	135.5	172.0	175.5	164.5	199.0	113.5	449.0	290.0	354.0	276.0	109.0	123.5	170.5	99.0	167.0	131.0	126.0	123.0	33.0	50.5	32.0	42.5	108.0	240.5	187.0	233.0	399.5	310.5	474.0	410.0	354.5	254.5	149.5	224.0	312.0	228.5	180.0	243.0	236.5	228.5	224.0	318.0	8.0	273.0	3.0	215.0	162.5	123.0	92.5	122.5	7.0	54.0	145.5	51.5	107.5	286.0	122.5	211.5
ACC	284.5	342.5	470.5	176.5	197.0	327.0	184.5	161.5	137.0	234.0	172.5	101.0	390.5	340.5	418.5	263.0	85.0	163.0	257.0	95.0	148.5	238.0	188.0	111.5	20.0	82.0	49.0	46.0	104.5	442.5	379.0	224.0	399.0	419.0	715.5	389.0	290.0	426.0	275.5	227.5	342.0	358.5	278.5	266.0	199.0	348.0	388.0	298.0	7.0	445.0	4.0	202.5	146.0	185.0	122.5	100.0	6.5	83.5	198.5	55.5	113.5	368.5	151.5	181.5
ACG	198.0	246.5	394.0	141.0	135.5	184.5	150.0	122.0	103.5	179.5	125.0	69.5	232.0	274.5	295.0	178.5	53.5	110.5	181.5	61.5	111.0	159.0	147.5	89.0	15.0	43.5	29.5	32.0	80.0	327.5	286.0	163.0	270.0	301.0	507.0	255.0	202.0	271.5	182.0	184.0	233.0	277.0	242.0	158.5	160.5	273.5	312.5	219.5	6.0	288.0	3.0	140.0	112.0	155.5	101.5	79.5	6.0	59.5	140.5	33.5	86.5	295.0	98.0	164.0
ACT	228.5	207.0	250.0	164.5	172.0	161.5	122.0	147.0	124.5	126.5	150.5	88.5	350.5	226.0	262.0	229.5	75.5	95.0	145.0	75.0	125.0	113.5	104.5	107.0	24.0	36.5	22.0	44.0	90.5	205.5	168.0	175.0	309.0	250.5	346.5	311.0	248.0	192.5	131.0	222.0	219.5	180.0	140.0	175.5	175.0	193.5	204.0	265.5	7.0	199.0	4.0	168.5	110.5	95.5	76.5	104.0	7.0	46.0	114.0	41.5	117.5	223.0	109.5	174.0
AGA	373.0	243.0	382.0	238.0	175.5	137.0	103.5	124.5	244.0	133.0	254.5	105.0	460.0	277.5	383.0	230.5	84.5	103.5	160.0	99.0	158.0	114.5	102.5	130.0	43.5	58.5	49.5	47.5	114.0	212.5	180.5	253.5	527.0	306.0	574.5	481.5	266.5	196.0	133.0	209.0	260.0	177.0	136.5	194.5	229.5	185.0	199.5	284.5	15.0	269.5	5.0	236.0	188.0	120.5	78.0	117.0	13.5	59.5	128.5	50.5	138.5	237.5	109.0	180.0
AGC	256.0	332.5	388.0	173.0	164.5	234.0	179.5	126.5	133.0	206.0	162.0	117.0	373.0	305.0	337.5	217.0	93.5	136.5	221.0	87.5	124.5	182.0	195.0	108.5	26.5	80.0	39.0	48.5	79.5	367.0	322.5	203.0	381.5	385.0	607.0	364.5	263.5	318.0	226.0	206.5	264.5	273.0	256.5	216.5	190.0	321.5	317.0	248.5	8.0	343.5	5.0	201.5	144.0	196.0	134.5	100.0	11.5	72.5	171.0	53.0	101.0	360.5	111.5	164.5
AGG	402.5	290.0	602.0	214.0	199.0	172.5	125.0	150.5	254.5	162.0	376.0	109.0	492.0	295.5	369.0	257.0	79.5	109.0	219.0	122.5	155.0	151.0	126.0	182.0	40.0	68.5	60.0	50.0	101.5	257.5	213.5	291.5	612.0	314.0	825.5	497.5	312.0	235.0	142.0	229.5	348.5	171.5	190.5	215.0	238.0	207.5	242.0	329.5	14.5	304.0	5.5	279.5	150.5	164.0	90.0	142.5	25.5	63.0	190.5	58.0	139.5	287.5	126.5	220.5
AGT	183.0	151.5	194.0	116.5	113.5	101.0	69.5	88.5	105.0	117.0	109.0	86.0	195.0	176.5	188.5	145.0	61.5	71.5	105.0	57.0	80.0	78.5	64.0	66.5	23.0	33.0	22.5	33.5	57.0	134.5	116.5	135.5	263.5	153.0	323.0	255.5	183.0	140.0	91.0	149.0	171.0	129.5	107.0	149.5	98.0	125.5	141.0	191.0	6.0	155.5	3.0	110.5	87.0	83.5	58.0	76.0	7.0	33.5	86.5	34.5	69.5	170.0	83.5	130.0
ATA	671.0	648.0	1014.0	467.0	449.0	390.5	232.0	350.5	460.0	373.0	492.0	195.0	1189.0	523.0	772.0	580.5	191.5	239.0	352.5	233.5	338.5	290.0	225.0	326.0	54.0	79.5	61.5	76.5	261.5	442.0	425.0	522.0	770.5	625.0	956.0	941.5	633.5	419.5	259.0	506.0	586.0	416.0	363.5	426.5	557.0	385.5	433.0	654.5	18.0	525.0	8.0	426.0	323.5	279.0	147.0	296.0	14.5	125.0	270.0	98.0	323.5	631.5	293.0	468.0
ATC	529.0	533.5	674.5	355.0	290.0	340.5	274.5	226.0	277.5	305.0	295.5	176.5	523.0	542.0	594.0	488.5	140.5	208.5	347.0	138.0	220.5	264.0	223.0	185.0	37.0	155.5	69.0	89.0	172.5	492.0	481.0	356.5	747.5	600.0	910.5	679.5	498.0	471.0	288.5	348.0	585.5	444.0	324.0	408.5	296.0	373.0	456.0	483.0	14.0	446.5	8.0	315.0	229.0	277.5	186.0	169.5	17.0	96.5	204.5	101.5	217.0	490.5	264.0	339.0
ATG	515.0	566.5	692.5	362.0	354.0	418.5	295.0	262.0	383.0	337.5	369.0	188.5	772.0	594.0	766.0	507.0	171.0	249.5	448.5	200.0	259.0	303.0	269.0	204.0	46.5	167.0	67.5	103.5	167.5	621.0	605.0	401.0	845.5	604.5	1080.5	752.5	574.0	646.0	443.0	382.5	564.5	623.5	398.5	402.5	348.5	480.5	502.5	521.5	12.0	572.0	6.0	405.0	241.5	287.0	216.0	188.0	16.0	119.5	274.5	118.5	259.5	637.0	243.0	433.0
ATT	501.5	434.0	459.0	368.0	276.0	263.0	178.5	229.5	230.5	217.0	257.0	145.0	580.5	488.5	507.0	515.0	138.5	193.5	245.5	155.0	189.0	167.5	163.5	183.0	49.0	68.0	54.0	78.5	153.0	338.5	294.5	438.0	598.0	523.0	620.0	648.0	448.5	306.0	199.0	337.0	370.0	319.0	262.5	355.5	299.5	340.5	284.0	491.0	17.0	367.5	7.0	319.5	215.0	185.5	137.0	168.5	14.5	69.0	195.5	93.0	236.5	423.5	224.5	366.5
CAA	164.5	171.0	169.0	109.5	109.0	85.0	53.5	75.5	84.5	93.5	79.5	61.5	191.5	140.5	171.0	138.5	113.0	62.0	119.5	54.5	77.5	64.5	63.0	60.5	22.0	24.0	17.5	31.0	58.5	113.5	97.5	99.5	352.0	170.5	302.5	243.0	143.5	99.5	60.0	120.5	131.0	100.0	88.5	101.0	92.5	93.5	103.5	135.0	7.0	152.5	4.0	101.5	84.5	71.0	46.0	64.0	7.0	32.0	94.0	34.0	85.5	152.0	79.0	89.5
CAC	195.0	204.0	337.5	124.0	123.5	163.0	110.5	95.0	103.5	136.5	109.0	71.5	239.0	208.5	249.5	193.5	62.0	159.0	170.5	79.5	99.0	124.0	121.0	81.5	17.0	56.0	28.5	29.0	68.0	301.0	231.5	150.0	315.0	319.5	507.5	257.0	196.5	246.0	158.0	146.0	225.0	238.0	178.5	167.5	137.5	245.0	255.5	196.0	4.0	264.5	2.0	141.0	92.5	121.5	73.5	68.5	5.0	76.0	151.5	47.5	72.5	253.5	86.5	140.0
CAG	301.0	377.0	520.0	194.0	170.5	257.0	181.5	145.0	160.0	221.0	219.0	105.0	352.5	347.0	448.5	245.5	119.5	170.5	398.0	95.0	152.0	217.0	184.0	119.5	24.5	111.0	57.0	57.5	98.5	425.5	403.0	242.5	527.5	481.5	978.5	442.5	303.0	377.0	282.5	240.0	356.0	367.0	259.5	248.0	174.5	306.5	352.5	269.5	10.0	389.0	4.0	208.0	143.0	186.0	118.5	106.5	13.5	77.5	221.5	53.5	114.5	361.0	144.0	196.5
CAT	141.5	146.5	200.5	116.0	99.0	95.0	61.5	75.0	99.0	87.5	122.5	57.0	233.5	138.0	200.0	155.0	54.5	79.5	95.0	85.0	74.5	72.0	68.5	77.0	22.5	39.5	18.5	34.0	54.5	150.0	109.5	125.0	236.0	176.0	293.0	259.5	163.5	138.5	82.5	110.0	163.0	125.5	94.0	111.0	121.0	126.5	147.5	199.5	5.0	140.0	3.0	127.5	85.5	63.0	52.0	61.0	5.0	33.5	91.0	39.0	74.5	165.0	74.0	120.5
CCA	226.0	190.5	263.5	120.5	167.0	148.5	111.0	125.0	158.0	124.5	155.0	80.0	338.5	220.5	259.0	189.0	77.5	99.0	152.0	74.5	167.0	112.5	112.0	111.5	26.0	44.5	28.5	44.5	80.5	197.5	150.5	168.0	349.0	264.5	398.5	311.5	248.0	191.5	120.5	176.5	218.5	173.5	129.0	195.0	144.5	181.5	177.5	255.0	7.0	206.5	3.0	171.0	109.5	99.5	72.5	86.5	7.0	43.5	118.0	42.0	75.0	235.5	101.0	166.0
CCC	201.0	260.5	355.0	108.5	131.0	238.0	159.0	113.5	114.5	182.0	151.0	78.5	290.0	264.0	303.0	167.5	64.5	124.0	217.0	72.0	112.5	214.0	171.0	105.0	23.0	77.5	41.0	41.5	54.5	456.0	342.5	178.5	336.0	341.5	710.0	283.5	219.0	332.5	205.0	182.0	228.5	291.5	239.5	184.5	146.0	296.0	308.5	228.5	5.0	383.0	2.0	160.0	95.5	187.5	116.5	82.0	7.0	74.5	176.5	47.5	70.5	399.5	103.5	123.5
CCG	208.0	220.0	426.0	106.5	126.0	188.0	147.5	104.5	102.5	195.0	126.0	64.0	225.0	223.0	269.0	163.5	63.0	121.0	184.0	68.5	112.0	171.0	174.0	98.5	16.0	70.5	32.5	47.0	73.0	352.5	292.0	169.5	264.0	338.0	626.0	272.0	192.5	280.0	207.0	183.0	216.5	281.5	211.5	165.0	147.0	321.5	322.0	219.0	5.0	313.5	3.0	141.0	96.5	157.5	111.0	77.0	9.5	76.0	163.0	38.0	79.0	324.0	104.5	149.0
CCT	231.0	150.5	290.0	125.5	123.0	111.5	89.0	107.0	130.0	108.5	182.0	66.5	326.0	185.0	204.0	183.0	60.5	81.5	119.5	77.0	111.5	105.0	98.5	102.0	25.0	52.0	29.0	40.5	64.0	166.0	143.5	178.0	241.5	204.0	352.0	252.5	199.5	158.0	115.5	189.5	163.0	149.0	121.5	144.0	151.0	172.5	169.0	262.5	5.0	184.0	3.0	176.5	98.0	95.0	72.0	80.0	6.0	46.0	108.0	40.0	110.0	194.0	103.5	155.5
CGA	88.5	37.0	63.0	42.0	33.0	20.0	15.0	24.0	43.5	26.5	40.0	23.0	54.0	37.0	46.5	49.0	22.0	17.0	24.5	22.5	26.0	23.0	16.0	25.0	11.0	11.0	7.5	11.0	20.5	38.0	31.5	40.5	112.0	46.5	87.0	73.5	43.5	34.0	21.0	32.5	44.5	28.0	24.5	31.0	37.5	26.5	36.0	45.5	3.0	41.0	1.5	50.0	28.0	20.0	13.5	25.0	3.0	11.5	24.0	11.5	28.5	39.5	26.0	42.0
CGC	105.0	100.5	170.5	52.0	50.5	82.0	43.5	36.5	58.5	80.0	68.5	33.0	79.5	155.5	167.0	68.0	24.0	56.0	111.0	39.5	44.5	77.5	70.5	52.0	11.0	43.0	23.0	33.5	22.5	132.5	130.5	91.0	154.0	130.0	323.0	183.0	95.0	134.5	65.0	64.5	113.5	127.5	100.5	79.5	67.0	104.5	118.0	97.5	3.0	121.0	2.0	77.0	50.5	79.0	39.5	44.5	4.0	41.5	67.5	17.5	39.0	122.0	38.5	58.5
CGG	66.0	62.5	103.0	40.0	32.0	49.0	29.5	22.0	49.5	39.0	60.0	22.5	61.5	69.0	67.5	54.0	17.5	28.5	57.0	18.5	28.5	41.0	32.5	29.0	7.5	23.0	20.0	18.0	22.0	58.5	80.0	67.5	110.0	102.0	138.0	87.5	51.5	83.0	33.5	39.0	60.5	55.0	58.5	37.5	42.0	53.5	68.0	67.5	3.0	68.5	1.0	43.5	34.0	51.0	28.5	26.5	4.5	22.0	37.5	14.0	29.5	75.5	26.0	40.0
CGT	88.0	69.5	111.0	55.5	42.5	46.0	32.0	44.0	47.5	48.5	50.0	33.5	76.5	89.0	103.5	78.5	31.0	29.0	57.5	34.0	44.5	41.5	47.0	40.5	11.0	33.5	18.0	28.0	29.0	68.5	75.5	65.0	164.5	99.5	186.5	142.5	75.0	76.0	44.5	67.0	71.0	71.5	57.5	84.0	52.0	65.0	80.0	81.5	4.0	75.5	2.0	66.0	39.0	45.0	28.5	35.0	4.0	21.0	44.0	21.5	32.5	79.5	41.0	61.0
CTA	203.5	146.0	201.0	140.0	108.0	104.5	80.0	90.5	114.0	79.5	101.5	57.0	261.5	172.5	167.5	153.0	58.5	68.0	98.5	54.5	80.5	54.5	73.0	64.0	20.5	22.5	22.0	29.0	69.0	183.0	141.5	149.5	250.5	198.5	261.0	199.0	174.0	131.5	107.0	125.5	182.5	146.0	96.0	111.5	113.0	140.0	110.0	162.5	7.0	140.0	3.0	134.5	95.5	71.0	63.5	72.5	6.0	30.0	66.5	30.5	91.0	159.0	74.0	157.0
CTC	397.0	564.0	851.5	272.0	240.5	442.5	327.5	205.5	212.5	367.0	257.5	134.5	442.0	492.0	621.0	338.5	113.5	301.0	425.5	150.0	197.5	456.0	352.5	166.0	38.0	132.5	58.5	68.5	183.0	863.0	775.5	395.0	555.5	770.0	1254.0	569.5	447.5	781.5	497.0	400.5	567.5	656.5	561.0	378.0	303.5	651.5	687.5	450.0	13.0	736.5	6.5	323.0	190.5	437.5	251.5	164.5	15.5	152.5	277.0	78.0	173.5	695.5	233.0	290.0
CTG	281.5	491.5	586.0	184.5	187.0	379.0	286.0	168.0	180.5	322.5	213.5	116.5	425.0	481.0	605.0	294.5	97.5	231.5	403.0	109.5	150.5	342.5	292.0	143.5	31.5	130.5	80.0	75.5	141.5	775.5	815.0	348.0	457.5	668.0	1113.0	516.5	386.5	667.0	479.5	325.0	467.5	597.5	485.0	385.0	242.0	466.5	532.5	413.5	12.0	537.0	7.0	263.5	146.5	347.5	200.5	128.0	21.5	114.5	233.0	63.5	133.0	676.0	217.5	251.0
CTT	411.0	314.5	460.0	281.0	233.0	224.0	163.0	175.0	253.5	203.0	291.5	135.5	522.0	356.5	401.0	438.0	99.5	150.0	242.5	125.0	168.0	178.5	169.5	178.0	40.5	91.0	67.5	65.0	149.5	395.0	348.0	387.0	497.5	436.5	644.0	557.5	414.0	379.0	251.0	323.0	353.0	363.0	247.0	335.5	266.5	348.0	326.5	454.5	11.0	338.0	6.0	297.0	193.0	178.5	137.0	147.5	12.5	70.0	169.5	67.0	158.0	417.0	199.5	361.5
GAA	1077.0	761.5	1144.0	507.5	399.5	399.0	270.0	309.0	527.0	381.5	612.0	263.5	770.5	747.5	845.5	598.0	352.0	315.0	527.5	236.0	349.0	336.0	264.0	241.5	112.0	154.0	110.0	164.5	250.5	555.5	457.5	497.5	1916.0	846.0	1608.5	1208.0	682.5	556.0	300.0	486.5	643.0	454.5	402.5	503.5	411.5	530.5	603.0	700.5	34.0	628.0	14.0	443.0	321.0	312.5	220.0	263.5	33.0	123.0	361.5	140.5	288.0	693.0	316.5	442.0
GAC	655.0	567.5	1051.0	340.5	310.5	419.0	301.0	250.5	306.0	385.0	314.0	153.0	625.0	600.0	604.5	523.0	170.5	319.5	481.5	176.0	264.5	341.5	338.0	204.0	46.5	130.0	102.0	99.5	198.5	770.0	668.0	436.5	846.0	796.0	1379.5	698.0	547.0	660.0	449.5	402.5	524.0	539.5	440.5	359.5	415.0	750.0	709.0	561.5	10.0	727.5	4.5	366.5	246.5	323.5	225.5	185.5	11.0	187.0	332.0	102.5	204.0	681.0	249.5	421.0
GAG	1075.5	977.5	1989.0	513.0	474.0	715.5	507.0	346.5	574.5	607.0	825.5	323.0	956.0	910.5	1080.5	620.0	302.5	507.5	978.5	293.0	398.5	710.0	626.0	352.0	87.0	323.0	138.0	186.5	261.0	1254.0	1113.0	644.0	1608.5	1379.5	3021.0	1369.0	774.0	1139.5	774.0	699.0	830.0	874.5	829.0	582.0	500.0	1086.5	1035.5	836.0	30.5	1113.0	17.5	544.5	381.0	649.0	433.0	280.5	65.5	236.5	567.5	145.0	271.0	1084.5	386.0	450.0
GAT	759.5	647.0	935.0	476.0	410.0	389.0	255.0	311.0	481.5	364.5	497.5	255.5	941.5	679.5	752.5	648.0	243.0	257.0	442.5	259.5	311.5	283.5	272.0	252.5	73.5	183.0	87.5	142.5	199.0	569.5	516.5	557.5	1208.0	698.0	1369.0	1188.0	700.0	552.0	343.5	529.0	656.5	467.5	362.5	479.0	494.5	595.5	591.0	707.0	15.5	670.0	7.0	500.5	329.0	317.5	226.5	258.5	20.0	150.5	353.5	131.0	364.0	709.0	337.0	560.5
GCA	442.0	439.0	600.0	275.5	354.5	290.0	202.0	248.0	266.5	263.5	312.0	183.0	633.5	498.0	574.0	448.5	143.5	196.5	303.0	163.5	248.0	219.0	192.5	199.5	43.5	95.0	51.5	75.0	174.0	447.5	386.5	414.0	682.5	547.0	774.0	700.0	845.0	630.5	352.5	508.5	687.5	533.5	342.0	461.0	363.5	376.5	403.0	567.0	13.0	424.5	4.5	331.0	264.0	201.5	161.0	201.5	11.5	93.5	229.5	87.5	211.5	489.5	203.5	354.5
GCC	348.5	547.0	724.0	229.0	254.5	426.0	271.5	192.5	196.0	318.0	235.0	140.0	419.5	471.0	646.0	306.0	99.5	246.0	377.0	138.5	191.5	332.5	280.0	158.0	34.0	134.5	83.0	76.0	131.5	781.5	667.0	379.0	556.0	660.0	1139.5	552.0	630.5	838.0	565.0	471.5	552.5	634.0	505.5	393.0	265.0	539.0	519.5	425.0	8.5	595.0	4.5	280.5	200.0	392.0	240.5	154.5	12.5	167.5	274.5	76.0	148.5	622.5	210.0	272.5
GCG	241.0	315.0	528.0	163.0	149.5	275.5	182.0	131.0	133.0	226.0	142.0	91.0	259.0	288.5	443.0	199.0	60.0	158.0	282.5	82.5	120.5	205.0	207.0	115.5	21.0	65.0	33.5	44.5	107.0	497.0	479.5	251.0	300.0	449.5	774.0	343.5	352.5	565.0	396.0	313.0	394.5	410.5	354.0	234.5	182.5	328.5	401.5	292.5	6.5	318.5	3.0	170.0	136.0	209.5	165.0	103.0	10.0	84.5	162.0	51.0	112.5	439.0	127.5	173.0
GCT	344.0	299.0	389.0	211.0	224.0	227.5	184.0	222.0	209.0	206.5	229.5	149.0	506.0	348.0	382.5	337.0	120.5	146.0	240.0	110.0	176.5	182.0	183.0	189.5	32.5	64.5	39.0	67.0	125.5	400.5	325.0	323.0	486.5	402.5	699.0	529.0	508.5	471.5	313.0	451.0	366.0	353.5	289.0	348.5	275.5	334.5	314.0	425.5	10.0	292.0	5.0	277.0	202.0	183.5	142.5	146.0	12.0	77.0	171.5	73.0	146.0	359.5	206.0	230.5
GGA	418.0	411.0	485.0	274.0	312.0	342.0	233.0	219.5	260.0	264.5	348.5	171.0	586.0	585.5	564.5	370.0	131.0	225.0	356.0	163.0	218.5	228.5	216.5	163.0	44.5	113.5	60.5	71.0	182.5	567.5	467.5	353.0	643.0	524.0	830.0	656.5	687.5	552.5	394.5	366.0	644.0	430.5	351.0	471.5	323.5	516.0	465.5	478.5	15.5	450.0	7.0	315.5	231.0	230.0	182.5	187.0	21.0	117.5	251.5	138.0	237.0	548.5	223.5	375.5
GGC	330.5	446.5	667.0	190.0	228.5	358.5	277.0	180.0	177.0	273.0	171.5	129.5	416.0	444.0	623.5	319.0	100.0	238.0	367.0	125.5	173.5	291.5	281.5	149.0	28.0	127.5	55.0	71.5	146.0	656.5	597.5	363.0	454.5	539.5	874.5	467.5	533.5	634.0	410.5	353.5	430.5	476.0	377.0	322.5	260.5	654.0	493.5	453.0	9.0	573.0	4.0	271.0	180.5	274.5	203.0	141.0	13.0	203.5	219.0	102.0	149.5	658.0	178.5	279.5
GGG	251.5	295.0	424.5	157.5	180.0	278.5	242.0	140.0	136.5	256.5	190.5	107.0	363.5	324.0	398.5	262.5	88.5	178.5	259.5	94.0	129.0	239.5	211.5	121.5	24.5	100.5	58.5	57.5	96.0	561.0	485.0	247.0	402.5	440.5	829.0	362.5	342.0	505.5	354.0	289.0	351.0	377.0	358.0	248.5	211.5	464.5	481.5	303.0	9.0	426.0	5.0	247.0	156.0	231.0	179.0	118.5	24.0	133.0	209.0	78.0	109.5	479.0	168.5	204.0
GGT	298.0	331.0	405.5	196.5	243.0	266.0	158.5	175.5	194.5	216.5	215.0	149.5	426.5	408.5	402.5	355.5	101.0	167.5	248.0	111.0	195.0	184.5	165.0	144.0	31.0	79.5	37.5	84.0	111.5	378.0	385.0	335.5	503.5	359.5	582.0	479.0	461.0	393.0	234.5	348.5	471.5	322.5	248.5	382.0	253.0	349.0	360.5	518.0	9.0	376.5	5.0	241.0	171.5	192.5	122.0	147.5	25.0	112.5	200.5	130.5	147.5	424.5	181.0	280.0
GTA	347.0	316.5	432.5	254.5	236.5	199.0	160.5	175.0	229.5	190.0	238.0	98.0	557.0	296.0	348.5	299.5	92.5	137.5	174.5	121.0	144.5	146.0	147.0	151.0	37.5	67.0	42.0	52.0	113.0	303.5	242.0	266.5	411.5	415.0	500.0	494.5	363.5	265.0	182.5	275.5	323.5	260.5	211.5	253.0	275.0	286.0	256.0	395.5	10.5	273.5	5.0	241.0	166.0	142.0	119.0	126.5	10.0	70.5	144.5	57.5	161.0	312.5	161.5	241.0
GTC	407.0	494.5	734.0	255.0	228.5	348.0	273.5	193.5	185.0	321.5	207.5	125.5	385.5	373.0	480.5	340.5	93.5	245.0	306.5	126.5	181.5	296.0	321.5	172.5	26.5	104.5	53.5	65.0	140.0	651.5	466.5	348.0	530.5	750.0	1086.5	595.5	376.5	539.0	328.5	334.5	516.0	654.0	464.5	349.0	286.0	520.0	562.0	392.0	9.5	532.0	5.0	277.5	181.5	299.5	184.0	152.0	13.0	139.0	230.5	77.5	156.5	541.5	167.0	278.0
GTG	345.0	525.5	558.0	247.0	224.0	388.0	312.5	204.0	199.5	317.0	242.0	141.0	433.0	456.0	502.5	284.0	103.5	255.5	352.5	147.5	177.5	308.5	322.0	169.0	36.0	118.0	68.0	80.0	110.0	687.5	532.5	326.5	603.0	709.0	1035.5	591.0	403.0	519.5	401.5	314.0	465.5	493.5	481.5	360.5	256.0	562.0	526.0	382.5	12.0	557.0	8.0	250.0	168.0	320.5	222.5	143.0	29.5	113.5	226.0	83.5	142.5	629.5	185.0	229.5
GTT	508.5	421.5	529.0	355.0	318.0	298.0	219.5	265.5	284.5	248.5	329.5	191.0	654.5	483.0	521.5	491.0	135.0	196.0	269.5	199.5	255.0	228.5	219.0	262.5	45.5	97.5	67.5	81.5	162.5	450.0	413.5	454.5	700.5	561.5	836.0	707.0	567.0	425.0	292.5	425.5	478.5	453.0	303.0	518.0	395.5	392.0	382.5	568.0	15.0	363.0	7.0	377.0	253.5	215.5	160.0	209.5	13.0	92.0	200.0	102.5	167.5	415.5	224.5	389.5
TAA	28.5	12.0	22.5	12.0	8.0	7.0	6.0	7.0	15.0	8.0	14.5	6.0	18.0	14.0	12.0	17.0	7.0	4.0	10.0	5.0	7.0	5.0	5.0	5.0	3.0	3.0	3.0	4.0	7.0	13.0	12.0	11.0	34.0	10.0	30.5	15.5	13.0	8.5	6.5	10.0	15.5	9.0	9.0	9.0	10.5	9.5	12.0	15.0	0.0	11.5	0.0	9.0	9.0	6.5	5.0	7.0	0.0	3.0	10.5	3.0	8.0	14.0	8.0	14.0
TAC	459.0	602.5	742.5	315.0	273.0	445.0	288.0	199.0	269.5	343.5	304.0	155.5	525.0	446.5	572.0	367.5	152.5	264.5	389.0	140.0	206.5	383.0	313.5	184.0	41.0	121.0	68.5	75.5	140.0	736.5	537.0	338.0	628.0	727.5	1113.0	670.0	424.5	595.0	318.5	292.0	450.0	573.0	426.0	376.5	273.5	532.0	557.0	363.0	11.5	637.0	7.0	318.0	203.5	317.5	214.5	158.5	13.5	141.5	298.5	87.0	165.5	640.5	207.5	302.5
TAG	13.0	5.0	13.5	5.0	3.0	4.0	3.0	4.0	5.0	5.0	5.5	3.0	8.0	8.0	6.0	7.0	4.0	2.0	4.0	3.0	3.0	2.0	3.0	3.0	1.5	2.0	1.0	2.0	3.0	6.5	7.0	6.0	14.0	4.5	17.5	7.0	4.5	4.5	3.0	5.0	7.0	4.0	5.0	5.0	5.0	5.0	8.0	7.0	0.0	7.0	0.0	5.0	4.0	5.0	3.0	3.0	0.0	2.0	6.0	1.0	3.0	6.5	4.0	6.0
TAT	406.5	355.0	432.0	304.5	215.0	202.5	140.0	168.5	236.0	201.5	279.5	110.5	426.0	315.0	405.0	319.5	101.5	141.0	208.0	127.5	171.0	160.0	141.0	176.5	50.0	77.0	43.5	66.0	134.5	323.0	263.5	297.0	443.0	366.5	544.5	500.5	331.0	280.5	170.0	277.0	315.5	271.0	247.0	241.0	241.0	277.5	250.0	377.0	9.0	318.0	5.0	389.0	171.0	140.0	117.5	160.0	12.0	67.5	188.0	74.5	201.5	369.0	168.0	332.5
TCA	257.0	211.0	259.5	146.0	162.5	146.0	112.0	110.5	188.0	144.0	150.5	87.0	323.5	229.0	241.5	215.0	84.5	92.5	143.0	85.5	109.5	95.5	96.5	98.0	28.0	50.5	34.0	39.0	95.5	190.5	146.5	193.0	321.0	246.5	381.0	329.0	264.0	200.0	136.0	202.0	231.0	180.5	156.0	171.5	166.0	181.5	168.0	253.5	9.0	203.5	4.0	171.0	140.0	123.5	93.5	102.5	9.5	43.0	120.5	41.0	100.0	214.0	126.5	206.5
TCC	221.5	262.0	313.5	120.5	123.0	185.0	155.5	95.5	120.5	196.0	164.0	83.5	279.0	277.5	287.0	185.5	71.0	121.5	186.0	63.0	99.5	187.5	157.5	95.0	20.0	79.0	51.0	45.0	71.0	437.5	347.5	178.5	312.5	323.5	649.0	317.5	201.5	392.0	209.5	183.5	230.0	274.5	231.0	192.5	142.0	299.5	320.5	215.5	6.5	317.5	5.0	140.0	123.5	180.0	120.0	105.0	10.0	61.0	147.0	45.5	91.0	335.5	107.0	132.0
TCG	165.0	167.5	294.0	102.5	92.5	122.5	101.5	76.5	78.0	134.5	90.0	58.0	147.0	186.0	216.0	137.0	46.0	73.5	118.5	52.0	72.5	116.5	111.0	72.0	13.5	39.5	28.5	28.5	63.5	251.5	200.5	137.0	220.0	225.5	433.0	226.5	161.0	240.5	165.0	142.5	182.5	203.0	179.0	122.0	119.0	184.0	222.5	160.0	5.0	214.5	3.0	117.5	93.5	120.0	95.0	75.0	7.0	46.0	101.0	31.5	65.0	246.0	90.0	128.5
TCT	197.5	151.5	215.5	140.5	122.5	100.0	79.5	104.0	117.0	100.0	142.5	76.0	296.0	169.5	188.0	168.5	64.0	68.5	106.5	61.0	86.5	82.0	77.0	80.0	25.0	44.5	26.5	35.0	72.5	164.5	128.0	147.5	263.5	185.5	280.5	258.5	201.5	154.5	103.0	146.0	187.0	141.0	118.5	147.5	126.5	152.0	143.0	209.5	7.0	158.5	3.0	160.0	102.5	105.0	75.0	110.0	6.0	34.5	87.5	32.0	120.0	180.5	94.0	171.0
TGA	20.0	11.0	27.0	11.0	7.0	6.5	6.0	7.0	13.5	11.5	25.5	7.0	14.5	17.0	16.0	14.5	7.0	5.0	13.5	5.0	7.0	7.0	9.5	6.0	3.0	4.0	4.5	4.0	6.0	15.5	21.5	12.5	33.0	11.0	65.5	20.0	11.5	12.5	10.0	12.0	21.0	13.0	24.0	25.0	10.0	13.0	29.5	13.0	0.0	13.5	0.0	12.0	9.5	10.0	7.0	6.0	0.0	4.0	11.5	3.0	7.0	15.0	10.0	10.0
TGC	101.0	114.5	131.0	62.5	54.0	83.5	59.5	46.0	59.5	72.5	63.0	33.5	125.0	96.5	119.5	69.0	32.0	76.0	77.5	33.5	43.5	74.5	76.0	46.0	11.5	41.5	22.0	21.0	30.0	152.5	114.5	70.0	123.0	187.0	236.5	150.5	93.5	167.5	84.5	77.0	117.5	203.5	133.0	112.5	70.5	139.0	113.5	92.0	3.0	141.5	2.0	67.5	43.0	61.0	46.0	34.5	4.0	98.0	70.5	75.5	34.5	127.0	43.0	56.5
TGG	252.0	295.5	364.5	179.5	145.5	198.5	140.5	114.0	128.5	171.0	190.5	86.5	270.0	204.5	274.5	195.5	94.0	151.5	221.5	91.0	118.0	176.5	163.0	108.0	24.0	67.5	37.5	44.0	66.5	277.0	233.0	169.5	361.5	332.0	567.5	353.5	229.5	274.5	162.0	171.5	251.5	219.0	209.0	200.5	144.5	230.5	226.0	200.0	10.5	298.5	6.0	188.0	120.5	147.0	101.0	87.5	11.5	70.5	218.0	54.0	99.5	330.5	109.5	202.5
TGT	86.5	102.0	110.0	65.0	51.5	55.5	33.5	41.5	50.5	53.0	58.0	34.5	98.0	101.5	118.5	93.0	34.0	47.5	53.5	39.0	42.0	47.5	38.0	40.0	11.5	17.5	14.0	21.5	30.5	78.0	63.5	67.0	140.5	102.5	145.0	131.0	87.5	76.0	51.0	73.0	138.0	102.0	78.0	130.5	57.5	77.5	83.5	102.5	3.0	87.0	1.0	74.5	41.0	45.5	31.5	32.0	3.0	75.5	54.0	87.0	39.5	99.0	47.5	69.0
TTA	240.0	152.5	250.0	189.0	107.5	113.5	86.5	117.5	138.5	101.0	139.5	69.5	323.5	217.0	259.5	236.5	85.5	72.5	114.5	74.5	75.0	70.5	79.0	110.0	28.5	39.0	29.5	32.5	91.0	173.5	133.0	158.0	288.0	204.0	271.0	364.0	211.5	148.5	112.5	146.0	237.0	149.5	109.5	147.5	161.0	156.5	142.5	167.5	8.0	165.5	3.0	201.5	100.0	91.0	65.0	120.0	7.0	34.5	99.5	39.5	148.0	194.5	137.5	179.5
TTC	477.0	545.0	685.0	335.5	286.0	368.5	295.0	223.0	237.5	360.5	287.5	170.0	631.5	490.5	637.0	423.5	152.0	253.5	361.0	165.0	235.5	399.5	324.0	194.0	39.5	122.0	75.5	79.5	159.0	695.5	676.0	417.0	693.0	681.0	1084.5	709.0	489.5	622.5	439.0	359.5	548.5	658.0	479.0	424.5	312.5	541.5	629.5	415.5	14.0	640.5	6.5	369.0	214.0	335.5	246.0	180.5	15.0	127.0	330.5	99.0	194.5	765.0	237.5	427.0
TTG	217.0	195.5	203.0	185.5	122.5	151.5	98.0	109.5	109.0	111.5	126.5	83.5	293.0	264.0	243.0	224.5	79.0	86.5	144.0	74.0	101.0	103.5	104.5	103.5	26.0	38.5	26.0	41.0	74.0	233.0	217.5	199.5	316.5	249.5	386.0	337.0	203.5	210.0	127.5	206.0	223.5	178.5	168.5	181.0	161.5	167.0	185.0	224.5	8.0	207.5	4.0	168.0	126.5	107.0	90.0	94.0	10.0	43.0	109.5	47.5	137.5	237.5	143.0	184.5
TTT	348.0	303.5	382.5	315.0	211.5	181.5	164.0	174.0	180.0	164.5	220.5	130.0	468.0	339.0	433.0	366.5	89.5	140.0	196.5	120.5	166.0	123.5	149.0	155.5	42.0	58.5	40.0	61.0	157.0	290.0	251.0	361.5	442.0	421.0	450.0	560.5	354.5	272.5	173.0	230.5	375.5	279.5	204.0	280.0	241.0	278.0	229.5	389.5	14.0	302.5	6.0	332.5	206.5	132.0	128.5	171.0	10.0	56.5	202.5	69.0	179.5	427.0	184.5	415.0
End	269.0	96.0	217.0	95.0	66.0	60.0	47.0	53.0	139.5	92.5	149.0	63.5	126.5	104.5	102.5	116.0	85.5	40.5	110.0	44.5	54.5	53.0	51.0	46.5	32.5	46.5	32.0	35.5	58.5	128.0	115.5	80.0	282.5	86.0	286.0	160.5	85.0	76.5	65.0	73.0	141.0	86.5	126.5	107.0	76.0	82.0	127.5	86.5	777.0	88.5	383.5	79.5	73.5	77.5	50.5	63.0	928.5	29.0	84.0	26.5	79.0	116.0	70.0	90.0
