	M	W	C	D	E	F	H	K	N	Q	Y	I	A	G	P	T	V	L	R	S
Start	180338.0	6831.0	7779.0	53653.0	63603.0	27855.0	12853.0	63733.0	33296.0	21685.0	23614.0	67004.0	52763.0	40638.0	34581.0	55933.0	62038.0	70872.0	57675.0	66131.0
M	50032.0	20589.0	20656.0	122364.0	154969.0	77590.0	35561.0	110342.0	74665.0	50083.0	70708.0	148604.0	168924.0	158547.0	90728.0	108221.0	158876.0	188737.0	114709.0	127416.0
W	20589.0	15464.0	9182.0	62611.0	74042.0	39904.0	19102.0	48021.0	35925.0	23496.0	38554.0	64279.0	82246.0	80101.0	50786.0	53926.0	75781.0	92731.0	58189.0	60148.0
C	20656.0	9182.0	27542.0	58093.0	71598.0	30928.0	19036.0	50486.0	35176.0	21050.0	32417.0	56523.0	69566.0	71160.0	44709.0	50537.0	66328.0	73747.0	53087.0	55571.0
D	122364.0	62611.0	58093.0	424636.0	474245.0	220631.0	109838.0	270189.0	200889.0	135820.0	210565.0	415216.0	520203.0	443868.0	251055.0	337698.0	515370.0	564517.0	348179.0	341250.0
E	154969.0	74042.0	71598.0	474245.0	618454.0	269767.0	128841.0	382946.0	241818.0	167419.0	258089.0	524947.0	613196.0	523625.0	299995.0	383160.0	603776.0	721162.0	431239.0	410328.0
F	77590.0	39904.0	30928.0	220631.0	269767.0	149970.0	62226.0	187262.0	139356.0	83251.0	132360.0	245818.0	284794.0	283148.0	164490.0	190034.0	269010.0	332783.0	192728.0	225854.0
H	35561.0	19102.0	19036.0	109838.0	128841.0	62226.0	37122.0	80296.0	57698.0	40110.0	60621.0	110701.0	138647.0	127337.0	76516.0	92976.0	134377.0	153895.0	97016.0	95801.0
K	110342.0	48021.0	50486.0	270189.0	382946.0	187262.0	80296.0	332822.0	190284.0	107084.0	185133.0	391637.0	345626.0	330201.0	185266.0	231165.0	369471.0	466632.0	252294.0	277371.0
N	74665.0	35925.0	35176.0	200889.0	241818.0	139356.0	57698.0	190284.0	156756.0	79793.0	136100.0	274077.0	254242.0	235277.0	128551.0	191046.0	273006.0	321406.0	163985.0	211810.0
Q	50083.0	23496.0	21050.0	135820.0	167419.0	83251.0	40110.0	107084.0	79793.0	64642.0	79948.0	154079.0	185132.0	161350.0	95050.0	126076.0	171253.0	211927.0	123609.0	134466.0
Y	70708.0	38554.0	32417.0	210565.0	258089.0	132360.0	60621.0	185133.0	136100.0	79948.0	135436.0	233601.0	253608.0	256290.0	153860.0	177315.0	249526.0	307165.0	183092.0	209367.0
I	148604.0	64279.0	56523.0	415216.0	524947.0	245818.0	110701.0	391637.0	274077.0	154079.0	233601.0	483578.0	498166.0	519493.0	285710.0	345186.0	478690.0	597947.0	348507.0	420063.0
A	168924.0	82246.0	69566.0	520203.0	613196.0	284794.0	138647.0	345626.0	254242.0	185132.0	253608.0	498166.0	789958.0	649804.0	354282.0	454592.0	651358.0	751357.0	466186.0	483568.0
G	158547.0	80101.0	71160.0	443868.0	523625.0	283148.0	127337.0	330201.0	235277.0	161350.0	256290.0	519493.0	649804.0	591480.0	306297.0	413156.0	653635.0	697924.0	398919.0	432915.0
P	90728.0	50786.0	44709.0	251055.0	299995.0	164490.0	76516.0	185266.0	128551.0	95050.0	153860.0	285710.0	354282.0	306297.0	199068.0	233927.0	353162.0	395924.0	230009.0	243306.0
T	108221.0	53926.0	50537.0	337698.0	383160.0	190034.0	92976.0	231165.0	191046.0	126076.0	177315.0	345186.0	454592.0	413156.0	233927.0	338618.0	420423.0	467653.0	276911.0	329657.0
V	158876.0	75781.0	66328.0	515370.0	603776.0	269010.0	134377.0	369471.0	273006.0	171253.0	249526.0	478690.0	651358.0	653635.0	353162.0	420423.0	605234.0	685220.0	436017.0	473407.0
L	188737.0	92731.0	73747.0	564517.0	721162.0	332783.0	153895.0	466632.0	321406.0	211927.0	307165.0	597947.0	751357.0	697924.0	395924.0	467653.0	685220.0	839082.0	522699.0	562150.0
R	114709.0	58189.0	53087.0	348179.0	431239.0	192728.0	97016.0	252294.0	163985.0	123609.0	183092.0	348507.0	466186.0	398919.0	230009.0	276911.0	436017.0	522699.0	346708.0	310527.0
S	127416.0	60148.0	55571.0	341250.0	410328.0	225854.0	95801.0	277371.0	211810.0	134466.0	209367.0	420063.0	483568.0	432915.0	243306.0	329657.0	473407.0	562150.0	310527.0	387228.0
End	16552.0	13085.0	9090.0	56085.0	96063.0	34329.0	14709.0	75631.0	33261.0	28670.0	30594.0	61687.0	65554.0	74132.0	39224.0	44365.0	68730.0	93948.0	81694.0	65459.0
