Proteome_ID	M	W	C	D	E	F	H	K	N	Q	Y	I	A	G	P	T	V	L	R	S
UP000008323	0.06336256201385258	0.028409830538872596	0.028409830538872596	0.028409830538872596	0.028409830538872596	0.06336256201385258	0.028409830538872596	0.06336256201385258	0.06336256201385258	0.028409830538872596	0.06336256201385258	0.06336256201385258	0.02547619432026762	0.034946137833225144	0.02547619432026762	0.05681966107774519	0.05681966107774519	0.12018222309159776	0.034946137833225144	0.09469943512957531
UP000002535	0.051073321503512584	0.030842645860086424	0.030842645860086424	0.030842645860086424	0.030842645860086424	0.051073321503512584	0.030842645860086424	0.051073321503512584	0.051073321503512584	0.030842645860086424	0.051073321503512584	0.051073321503512584	0.03725110392850727	0.04753198588186941	0.03725110392850727	0.06168529172017285	0.06168529172017285	0.11275861322368544	0.04753198588186941	0.10280881953362139
UP000001961	0.025568610696846066	0.031683424801698584	0.031683424801698584	0.031683424801698584	0.031683424801698584	0.025568610696846066	0.031683424801698584	0.025568610696846066	0.025568610696846066	0.031683424801698584	0.025568610696846066	0.025568610696846066	0.07852123207372504	0.08908237367429121	0.07852123207372504	0.06336684960339717	0.06336684960339717	0.08893546030024324	0.08908237367429121	0.10561141600566196
UP000000815	0.03376573114124946	0.03228903377086022	0.03228903377086022	0.03228903377086022	0.03228903377086022	0.03376573114124946	0.03228903377086022	0.03376573114124946	0.03376573114124946	0.03228903377086022	0.03376573114124946	0.03376573114124946	0.0617538354193726	0.072516846676326	0.0617538354193726	0.06457806754172044	0.06457806754172044	0.0983437986829699	0.072516846676326	0.10763011256953406
UP000000425	0.027523147216930895	0.031933423960752806	0.031933423960752806	0.031933423960752806	0.031933423960752806	0.027523147216930895	0.031933423960752806	0.027523147216930895	0.027523147216930895	0.031933423960752806	0.027523147216930895	0.027523147216930895	0.07410079652735972	0.08474527118094397	0.07410079652735972	0.06386684792150561	0.06386684792150561	0.09138999513843651	0.08474527118094397	0.10644474653584267
UP000010481	0.037637578577631656	0.03223209107488912	0.03223209107488912	0.03223209107488912	0.03223209107488912	0.037637578577631656	0.03223209107488912	0.037637578577631656	0.037637578577631656	0.03223209107488912	0.037637578577631656	0.037637578577631656	0.05520587318958818	0.06594990354788455	0.05520587318958818	0.06446418214977824	0.06446418214977824	0.10210176072740988	0.06594990354788455	0.10744030358296372
UP000002194	0.017699505325220945	0.029751492838646042	0.029751492838646042	0.029751492838646042	0.029751492838646042	0.017699505325220945	0.029751492838646042	0.017699505325220945	0.017699505325220945	0.029751492838646042	0.017699505325220945	0.017699505325220945	0.10001989432627913	0.1099370586058278	0.10001989432627913	0.059502985677292085	0.059502985677292085	0.07720249100251303	0.1099370586058278	0.0991716427954868
UP000010378	0.05556428915524443	0.030059655644510644	0.030059655644510644	0.030059655644510644	0.030059655644510644	0.05556428915524443	0.030059655644510644	0.05556428915524443	0.05556428915524443	0.030059655644510644	0.05556428915524443	0.05556428915524443	0.032523871400279625	0.04254375661511651	0.032523871400279625	0.06011931128902129	0.06011931128902129	0.11568360044426572	0.04254375661511651	0.10019885214836882
UP000001168	0.03788920755946383	0.03222213211621556	0.03222213211621556	0.03222213211621556	0.03222213211621556	0.03788920755946383	0.03222213211621556	0.03788920755946383	0.03788920755946383	0.03222213211621556	0.03788920755946383	0.03788920755946383	0.054805358306076045	0.06554606901148123	0.054805358306076045	0.06444426423243112	0.06444426423243112	0.10233347179189495	0.06554606901148123	0.10740710705405186
UP000000430	0.04262086506639269	0.03190882969130132	0.03190882969130132	0.03190882969130132	0.03190882969130132	0.04262086506639269	0.03190882969130132	0.04262086506639269	0.04262086506639269	0.03190882969130132	0.04262086506639269	0.04262086506639269	0.047778167368607474	0.058414443932374584	0.047778167368607474	0.06381765938260264	0.06381765938260264	0.10643852444899533	0.058414443932374584	0.10636276563767107
UP000001054	0.02000258093959297	0.030498265815483747	0.030498265815483747	0.030498265815483747	0.030498265815483747	0.02000258093959297	0.030498265815483747	0.02000258093959297	0.02000258093959297	0.030498265815483747	0.02000258093959297	0.02000258093959297	0.09300242009377734	0.10316850869893858	0.09300242009377734	0.06099653163096749	0.06099653163096749	0.08099911257056046	0.10316850869893858	0.10166088605161247
UP000008561	0.021718820143099327	0.030948208550747196	0.030948208550747196	0.030948208550747196	0.030948208550747196	0.021718820143099327	0.030948208550747196	0.021718820143099327	0.021718820143099327	0.030948208550747196	0.021718820143099327	0.021718820143099327	0.0881992305465874	0.09851530006350312	0.0881992305465874	0.06189641710149439	0.06189641710149439	0.08361523724459372	0.09851530006350312	0.10316069516915732
UP000008898	0.04103432988470616	0.03203938812816171	0.03203938812816171	0.03203938812816171	0.03203938812816171	0.04103432988470616	0.03203938812816171	0.04103432988470616	0.04103432988470616	0.03203938812816171	0.04103432988470616	0.04103432988470616	0.050032370189117346	0.060712166231837915	0.050032370189117346	0.06407877625632342	0.06407877625632342	0.10511310614102959	0.060712166231837915	0.10679796042720571
UP000008204	0.04023098618554903	0.03209597838767469	0.03209597838767469	0.03209597838767469	0.03209597838767469	0.04023098618554903	0.03209597838767469	0.04023098618554903	0.04023098618554903	0.03209597838767469	0.04023098618554903	0.04023098618554903	0.05121186062459047	0.061910520087148695	0.05121186062459047	0.06419195677534938	0.06419195677534938	0.10442294296089842	0.061910520087148695	0.10698659462558228
UP000001946	0.03340038095813893	0.0322844407344406	0.0322844407344406	0.0322844407344406	0.0322844407344406	0.03340038095813893	0.0322844407344406	0.03340038095813893	0.03340038095813893	0.0322844407344406	0.03340038095813893	0.03340038095813893	0.06241157038549443	0.07317305063030798	0.06241157038549443	0.0645688814688812	0.0645688814688812	0.09796926242702016	0.07317305063030798	0.10761480244813536
UP000017700	0.03510425206194756	0.03229062958233636	0.03229062958233636	0.03229062958233636	0.03229062958233636	0.03510425206194756	0.03229062958233636	0.03510425206194756	0.03510425206194756	0.03229062958233636	0.03510425206194756	0.03510425206194756	0.05940504056224627	0.07016858375635839	0.05940504056224627	0.06458125916467272	0.06458125916467272	0.0996855112266203	0.07016858375635839	0.10763543194112118
UP000002084	0.027817524537774335	0.031964725345849154	0.031964725345849154	0.031964725345849154	0.031964725345849154	0.027817524537774335	0.031964725345849154	0.027817524537774335	0.027817524537774335	0.031964725345849154	0.027817524537774335	0.027817524537774335	0.07346043067549826	0.08411533912411465	0.07346043067549826	0.06392945069169831	0.06392945069169831	0.09174697522947266	0.08411533912411465	0.10654908448616386
UP000065734	0.017030890211582748	0.029499934830777255	0.029499934830777255	0.029499934830777255	0.029499934830777255	0.017030890211582748	0.029499934830777255	0.017030890211582748	0.017030890211582748	0.029499934830777255	0.017030890211582748	0.017030890211582748	0.1021962028066212	0.11202951441688029	0.1021962028066212	0.05899986966155451	0.05899986966155451	0.07603075987313726	0.11202951441688029	0.09833311610259084
UP000001191	0.039253775200364584	0.032155812800692164	0.032155812800692164	0.032155812800692164	0.032155812800692164	0.039253775200364584	0.032155812800692164	0.039253775200364584	0.039253775200364584	0.032155812800692164	0.039253775200364584	0.039253775200364584	0.05268264219659333	0.06340124646349073	0.05268264219659333	0.06431162560138433	0.06431162560138433	0.10356540080174892	0.06340124646349073	0.10718604266897387
UP000002186	0.011120508553015976	0.026369780628806957	0.026369780628806957	0.026369780628806957	0.026369780628806957	0.011120508553015976	0.026369780628806957	0.011120508553015976	0.011120508553015976	0.026369780628806957	0.011120508553015976	0.011120508553015976	0.1250599875169942	0.1338499143932632	0.1250599875169942	0.052739561257613914	0.052739561257613914	0.06386006981062989	0.1338499143932632	0.08789926876268984
UP000254519	0.04104054066279406	0.03203892519517499	0.03203892519517499	0.03203892519517499	0.03203892519517499	0.04104054066279406	0.03203892519517499	0.04104054066279406	0.04104054066279406	0.03203892519517499	0.04104054066279406	0.04104054066279406	0.05002335305941043	0.060702994791135424	0.05002335305941043	0.06407785039034998	0.06407785039034998	0.10511839105314405	0.060702994791135424	0.10679641731724997
UP000001688	0.031291095907477195	0.03222093896640333	0.03222093896640333	0.03222093896640333	0.03222093896640333	0.031291095907477195	0.03222093896640333	0.031291095907477195	0.031291095907477195	0.03222093896640333	0.031291095907477195	0.031291095907477195	0.06635682629630156	0.07709713928510264	0.06635682629630156	0.06444187793280666	0.06444187793280666	0.09573297384028384	0.07709713928510264	0.10740312988801108
UP000001430	0.057627574608503325	0.029656811139866603	0.029656811139866603	0.029656811139866603	0.029656811139866603	0.057627574608503325	0.029656811139866603	0.057627574608503325	0.057627574608503325	0.029656811139866603	0.057627574608503325	0.057627574608503325	0.030524499875652793	0.04041010358894166	0.030524499875652793	0.059313622279733205	0.059313622279733205	0.11694119688823652	0.04041010358894166	0.09885603713288868
UP000029482	0.010220226672729472	0.0257044857582202	0.0257044857582202	0.0257044857582202	0.0257044857582202	0.010220226672729472	0.0257044857582202	0.010220226672729472	0.010220226672729472	0.0257044857582202	0.010220226672729472	0.010220226672729472	0.1292966602898426	0.13786482220924934	0.1292966602898426	0.0514089715164404	0.0514089715164404	0.06162919818916988	0.13786482220924934	0.08568161919406735
UP000889800	0.024312419354779277	0.03148130015026663	0.03148130015026663	0.03148130015026663	0.03148130015026663	0.024312419354779277	0.03148130015026663	0.024312419354779277	0.024312419354779277	0.03148130015026663	0.024312419354779277	0.024312419354779277	0.08152806552806972	0.09202183224482527	0.08152806552806972	0.06296260030053326	0.06296260030053326	0.08727501965531254	0.09202183224482527	0.10493766716755541
UP000002384	0.042902585553701994	0.031883122807667696	0.031883122807667696	0.031883122807667696	0.031883122807667696	0.042902585553701994	0.031883122807667696	0.042902585553701994	0.042902585553701994	0.031883122807667696	0.042902585553701994	0.042902585553701994	0.04738798405035077	0.058015691652906674	0.04738798405035077	0.06376624561533539	0.06376624561533539	0.10666883116903737	0.058015691652906674	0.10627707602555897
UP000002417	0.013513497184879103	0.02786299340918415	0.02786299340918415	0.02786299340918415	0.02786299340918415	0.013513497184879103	0.02786299340918415	0.013513497184879103	0.013513497184879103	0.02786299340918415	0.013513497184879103	0.013513497184879103	0.11489940628972498	0.12418707075945304	0.11489940628972498	0.0557259868183683	0.0557259868183683	0.0692394840032474	0.12418707075945304	0.09287664469728049
UP000000817	0.04860971895016639	0.031212445677351503	0.031212445677351503	0.031212445677351503	0.031212445677351503	0.04860971895016639	0.031212445677351503	0.04860971895016639	0.04860971895016639	0.031212445677351503	0.04860971895016639	0.04860971895016639	0.04008320912780278	0.050487357686919934	0.04008320912780278	0.062424891354703006	0.062424891354703006	0.1110346103048694	0.050487357686919934	0.10404148559117167
UP000001566	0.019396785633349536	0.03031868093171406	0.03031868093171406	0.03031868093171406	0.03031868093171406	0.019396785633349536	0.03031868093171406	0.019396785633349536	0.019396785633349536	0.03031868093171406	0.019396785633349536	0.019396785633349536	0.09478090141478207	0.10488712839202008	0.09478090141478207	0.06063736186342812	0.06063736186342812	0.08003414749677766	0.10488712839202008	0.1010622697723802
UP000000562	0.07685294800579656	0.024857009485455394	0.024857009485455394	0.024857009485455394	0.024857009485455394	0.07685294800579656	0.024857009485455394	0.07685294800579656	0.07685294800579656	0.024857009485455394	0.07685294800579656	0.07685294800579656	0.01607930304803447	0.024364972876519602	0.01607930304803447	0.04971401897091079	0.04971401897091079	0.12656696697670736	0.024364972876519602	0.08285669828485132
UP000000585	0.04400560583281539	0.03177541024107388	0.03177541024107388	0.03177541024107388	0.03177541024107388	0.04400560583281539	0.03177541024107388	0.04400560583281539	0.04400560583281539	0.03177541024107388	0.04400560583281539	0.04400560583281539	0.04588854882827758	0.05648035224196887	0.04588854882827758	0.06355082048214776	0.06355082048214776	0.10755642631496315	0.05648035224196887	0.10591803413691295
UP000001020	0.01541981213946341	0.028820416648766983	0.028820416648766983	0.028820416648766983	0.028820416648766983	0.01541981213946341	0.028820416648766983	0.01541981213946341	0.01541981213946341	0.028820416648766983	0.01541981213946341	0.01541981213946341	0.1077336621608711	0.11734046771046008	0.1077336621608711	0.057640833297533965	0.057640833297533965	0.07306064543699736	0.11734046771046008	0.09606805549588993
UP000000594	0.05175755904377541	0.030732140284341698	0.030732140284341698	0.030732140284341698	0.030732140284341698	0.05175755904377541	0.030732140284341698	0.05175755904377541	0.05175755904377541	0.030732140284341698	0.05175755904377541	0.05175755904377541	0.036495710536026266	0.0467397572974735	0.036495710536026266	0.061464280568683395	0.061464280568683395	0.11322183961245881	0.0467397572974735	0.10244046761447231
UP000000586	0.043866748077341804	0.03178957986704	0.03178957986704	0.03178957986704	0.03178957986704	0.043866748077341804	0.03178957986704	0.043866748077341804	0.043866748077341804	0.03178957986704	0.043866748077341804	0.043866748077341804	0.04607487139649185	0.056671398018838505	0.04607487139649185	0.06357915973408	0.06357915973408	0.1074459078114218	0.056671398018838505	0.10596526622346665
UP000037395	0.009921152691087	0.02546878578337008	0.02546878578337008	0.02546878578337008	0.02546878578337008	0.009921152691087	0.02546878578337008	0.009921152691087	0.009921152691087	0.02546878578337008	0.009921152691087	0.009921152691087	0.13076283965711744	0.13925243491824077	0.13076283965711744	0.05093757156674016	0.05093757156674016	0.060858724257827165	0.13925243491824077	0.0848959526112336
UP000001174	0.05640578698409952	0.02989847115925278	0.02989847115925278	0.02989847115925278	0.02989847115925278	0.05640578698409952	0.02989847115925278	0.05640578698409952	0.05640578698409952	0.02989847115925278	0.05640578698409952	0.05640578698409952	0.031695988140814736	0.041662145193899	0.031695988140814736	0.05979694231850556	0.05979694231850556	0.11620272930260507	0.041662145193899	0.0996615705308426
UP000061569	0.012042625348702396	0.02698885261138708	0.02698885261138708	0.02698885261138708	0.02698885261138708	0.012042625348702396	0.02698885261138708	0.012042625348702396	0.012042625348702396	0.02698885261138708	0.012042625348702396	0.012042625348702396	0.12096999519422248	0.1299662793980182	0.12096999519422248	0.05397770522277416	0.05397770522277416	0.06602033057147656	0.1299662793980182	0.08996284203795696
UP000002516	0.028992598896683045	0.03207413681870765	0.03207413681870765	0.03207413681870765	0.03207413681870765	0.028992598896683045	0.03207413681870765	0.028992598896683045	0.028992598896683045	0.03207413681870765	0.028992598896683045	0.028992598896683045	0.07096640465597406	0.08165778359554328	0.07096640465597406	0.0641482736374153	0.0641482736374153	0.09314087253409836	0.08165778359554328	0.10691378939569217
UP000001584	0.015336214986748246	0.028782112379647926	0.028782112379647926	0.028782112379647926	0.028782112379647926	0.015336214986748246	0.028782112379647926	0.015336214986748246	0.015336214986748246	0.028782112379647926	0.015336214986748246	0.015336214986748246	0.1080331742545989	0.11762721171448152	0.1080331742545989	0.05756422475929585	0.05756422475929585	0.07290043974604409	0.11762721171448152	0.0959403745988264
UP000001962	0.013584020868564878	0.027901739476887514	0.027901739476887514	0.027901739476887514	0.027901739476887514	0.013584020868564878	0.027901739476887514	0.013584020868564878	0.013584020868564878	0.027901739476887514	0.013584020868564878	0.013584020868564878	0.11462100557246138	0.12392158539809056	0.11462100557246138	0.05580347895377503	0.05580347895377503	0.06938749982233991	0.12392158539809056	0.09300579825629171
UP000000579	0.04993328544400961	0.0310193383856435	0.0310193383856435	0.0310193383856435	0.0310193383856435	0.04993328544400961	0.0310193383856435	0.04993328544400961	0.04993328544400961	0.0310193383856435	0.04993328544400961	0.04993328544400961	0.03853939693040923	0.0488791763922904	0.03853939693040923	0.062038676771287	0.062038676771287	0.11197196221529661	0.0488791763922904	0.10339779461881164
UP000002357	0.010325783099864063	0.025785857849574774	0.025785857849574774	0.025785857849574774	0.025785857849574774	0.010325783099864063	0.025785857849574774	0.010325783099864063	0.010325783099864063	0.025785857849574774	0.010325783099864063	0.010325783099864063	0.12878644817693882	0.13738173412679705	0.12878644817693882	0.05157171569914955	0.05157171569914955	0.0618974987990136	0.13738173412679705	0.08595285949858256
UP000002521	0.06743760851145206	0.027421128271985503	0.027421128271985503	0.027421128271985503	0.027421128271985503	0.06743760851145206	0.027421128271985503	0.06743760851145206	0.06743760851145206	0.027421128271985503	0.06743760851145206	0.06743760851145206	0.02229967201701686	0.03144004810767869	0.02229967201701686	0.054842256543971006	0.054842256543971006	0.12227986505542308	0.03144004810767869	0.09140376090661834
UP000069205	0.017234650586028473	0.029578386816562385	0.029578386816562385	0.029578386816562385	0.029578386816562385	0.017234650586028473	0.029578386816562385	0.017234650586028473	0.017234650586028473	0.029578386816562385	0.017234650586028473	0.017234650586028473	0.10152581420820063	0.11138527648038807	0.10152581420820063	0.05915677363312477	0.05915677363312477	0.07639142421915325	0.11138527648038807	0.09859462272187461
UP000000558	0.030129126783445648	0.032157399713240005	0.032157399713240005	0.032157399713240005	0.032157399713240005	0.030129126783445648	0.032157399713240005	0.030129126783445648	0.030129126783445648	0.032157399713240005	0.030129126783445648	0.030129126783445648	0.06864442927601011	0.07936356251375677	0.06864442927601011	0.06431479942648001	0.06431479942648001	0.09444392620992566	0.07936356251375677	0.10719133237746667
UP000035170	0.015625916057989065	0.028913512135803992	0.028913512135803992	0.028913512135803992	0.028913512135803992	0.015625916057989065	0.028913512135803992	0.015625916057989065	0.015625916057989065	0.028913512135803992	0.015625916057989065	0.015625916057989065	0.10700059835530314	0.11663843573390448	0.10700059835530314	0.057827024271607984	0.057827024271607984	0.07345294032959704	0.11663843573390448	0.09637837378601331
UP000001010	0.015199761900849961	0.028718905347104657	0.028718905347104657	0.028718905347104657	0.028718905347104657	0.015199761900849961	0.028718905347104657	0.015199761900849961	0.015199761900849961	0.028718905347104657	0.015199761900849961	0.015199761900849961	0.10852479528509397	0.11809776373412885	0.10852479528509397	0.057437810694209314	0.057437810694209314	0.07263757259505929	0.11809776373412885	0.09572968449034885
UP000001423	0.027648034475530728	0.031946898494784444	0.031946898494784444	0.031946898494784444	0.031946898494784444	0.027648034475530728	0.031946898494784444	0.027648034475530728	0.027648034475530728	0.031946898494784444	0.027648034475530728	0.027648034475530728	0.07382834568868347	0.08447731185361161	0.07382834568868347	0.06389379698956889	0.06389379698956889	0.09154183146509962	0.08447731185361161	0.10648966164928145
UP000000818	0.0625701102946495	0.028592607548867888	0.028592607548867888	0.028592607548867888	0.028592607548867888	0.0625701102946495	0.028592607548867888	0.0625701102946495	0.0625701102946495	0.028592607548867888	0.0625701102946495	0.0625701102946495	0.026131876788891843	0.0356627459718478	0.026131876788891843	0.057185215097735775	0.057185215097735775	0.11975532539238527	0.0356627459718478	0.09530869182955962
UP000001203	0.0438898394251949	0.031787235562845816	0.031787235562845816	0.031787235562845816	0.031787235562845816	0.0438898394251949	0.031787235562845816	0.0438898394251949	0.0438898394251949	0.031787235562845816	0.0438898394251949	0.0438898394251949	0.0460438387545257	0.05663958394214096	0.0460438387545257	0.06357447112569163	0.06357447112569163	0.10746431055088652	0.05663958394214096	0.10595745187615269
UP000000429	0.04616744670555953	0.031533003615585815	0.031533003615585815	0.031533003615585815	0.031533003615585815	0.04616744670555953	0.031533003615585815	0.04616744670555953	0.04616744670555953	0.031533003615585815	0.04616744670555953	0.04616744670555953	0.04307495380292755	0.05358595500812282	0.04307495380292755	0.06306600723117163	0.06306600723117163	0.10923345393673116	0.05358595500812282	0.10511001205195271
UP000000640	0.010931982828271016	0.02623569647248139	0.02623569647248139	0.02623569647248139	0.02623569647248139	0.010931982828271016	0.02623569647248139	0.010931982828271016	0.010931982828271016	0.02623569647248139	0.010931982828271016	0.010931982828271016	0.12592624416060022	0.134671476318094	0.12592624416060022	0.05247139294496278	0.05247139294496278	0.0634033757732338	0.134671476318094	0.08745232157493796
UP000001170	0.04571624757740313	0.03158690797749769	0.03158690797749769	0.03158690797749769	0.03158690797749769	0.04571624757740313	0.03158690797749769	0.04571624757740313	0.04571624757740313	0.03158690797749769	0.04571624757740313	0.04571624757740313	0.04364893482955377	0.05417790415538633	0.04364893482955377	0.06317381595499538	0.06317381595499538	0.1088900635323985	0.05417790415538633	0.10528969325832563
UP000006552	0.01570062297862185	0.02894679091700412	0.02894679091700412	0.02894679091700412	0.02894679091700412	0.01570062297862185	0.02894679091700412	0.01570062297862185	0.01570062297862185	0.02894679091700412	0.01570062297862185	0.01570062297862185	0.1067367461193953	0.11638567642506334	0.1067367461193953	0.05789358183400824	0.05789358183400824	0.07359420481263008	0.11638567642506334	0.09648930305668038
UP000001409	0.016978597628699136	0.029479542678108782	0.029479542678108782	0.029479542678108782	0.029479542678108782	0.016978597628699136	0.029479542678108782	0.016978597628699136	0.016978597628699136	0.029479542678108782	0.016978597628699136	0.016978597628699136	0.1023692834373414	0.11219579766337764	0.1023692834373414	0.058959085356217564	0.058959085356217564	0.0759376829849167	0.11219579766337764	0.09826514226036259
UP000001937	0.011740262161541172	0.02679234727054065	0.02679234727054065	0.02679234727054065	0.02679234727054065	0.011740262161541172	0.02679234727054065	0.011740262161541172	0.011740262161541172	0.02679234727054065	0.011740262161541172	0.011740262161541172	0.12228515213514035	0.13121593455865388	0.12228515213514035	0.0535846945410813	0.0535846945410813	0.06532495670262248	0.13121593455865388	0.0893078242351355
UP000198251	0.019783799308152522	0.030434720710882504	0.030434720710882504	0.030434720710882504	0.030434720710882504	0.019783799308152522	0.030434720710882504	0.019783799308152522	0.019783799308152522	0.030434720710882504	0.019783799308152522	0.019783799308152522	0.09363946836720302	0.10378437527083052	0.09363946836720302	0.06086944142176501	0.06086944142176501	0.08065324072991754	0.10378437527083052	0.10144906903627501
UP000183015	0.008007155181782416	0.023756168235107466	0.023756168235107466	0.023756168235107466	0.023756168235107466	0.008007155181782416	0.023756168235107466	0.008007155181782416	0.008007155181782416	0.023756168235107466	0.008007155181782416	0.008007155181782416	0.1409628054914509	0.1488815282364867	0.1409628054914509	0.04751233647021493	0.04751233647021493	0.05551949165199734	0.1488815282364867	0.07918722745035822
UP000008080	0.033063996579375726	0.03227858567865175	0.03227858567865175	0.03227858567865175	0.03227858567865175	0.033063996579375726	0.03227858567865175	0.033063996579375726	0.033063996579375726	0.03227858567865175	0.033063996579375726	0.033063996579375726	0.0630236632714855	0.07378319183103607	0.0630236632714855	0.0645571713573035	0.0645571713573035	0.09762116793667923	0.07378319183103607	0.10759528559550584
UP000006647	0.06657787685280836	0.027636301047226988	0.027636301047226988	0.027636301047226988	0.027636301047226988	0.06657787685280836	0.027636301047226988	0.06657787685280836	0.06657787685280836	0.027636301047226988	0.06657787685280836	0.06657787685280836	0.0229435113186774	0.03215561166775306	0.0229435113186774	0.055272602094453976	0.055272602094453976	0.12185047894726235	0.03215561166775306	0.09212100349075662
UP000000809	0.045326003330804644	0.03163214268762277	0.03163214268762277	0.03163214268762277	0.03163214268762277	0.045326003330804644	0.03163214268762277	0.045326003330804644	0.045326003330804644	0.03163214268762277	0.045326003330804644	0.045326003330804644	0.04415092342060082	0.054694970983141744	0.04415092342060082	0.06326428537524555	0.06326428537524555	0.1085902887060502	0.054694970983141744	0.10544047562540923
UP000001572	0.04989868985443088	0.031024552406074515	0.031024552406074515	0.031024552406074515	0.031024552406074515	0.04989868985443088	0.031024552406074515	0.04989868985443088	0.04989868985443088	0.031024552406074515	0.04989868985443088	0.04989868985443088	0.03857908313044792	0.04892060059913942	0.03857908313044792	0.06204910481214903	0.06204910481214903	0.11194779466657992	0.04892060059913942	0.10341517468691502
UP000002207	0.018528176146293648	0.030040678917421994	0.030040678917421994	0.030040678917421994	0.030040678917421994	0.018528176146293648	0.030040678917421994	0.018528176146293648	0.018528176146293648	0.030040678917421994	0.018528176146293648	0.018528176146293648	0.09741297607429816	0.10742653571343883	0.09741297607429816	0.06008135783484399	0.06008135783484399	0.07860953398113764	0.10742653571343883	0.10013559639140665
UP000194841	0.0463785904503063	0.03150719459939287	0.03150719459939287	0.03150719459939287	0.03150719459939287	0.0463785904503063	0.03150719459939287	0.0463785904503063	0.0463785904503063	0.03150719459939287	0.0463785904503063	0.0463785904503063	0.04280868831439249	0.0533110865141901	0.04280868831439249	0.06301438919878574	0.06301438919878574	0.10939297964909205	0.0533110865141901	0.10502398199797623
UP000001410	0.030273756371784467	0.03216647174343248	0.03216647174343248	0.03216647174343248	0.03216647174343248	0.030273756371784467	0.03216647174343248	0.030273756371784467	0.030273756371784467	0.03216647174343248	0.030273756371784467	0.030273756371784467	0.06835503937564728	0.07907719662345811	0.06835503937564728	0.06433294348686495	0.06433294348686495	0.09460669985864943	0.07907719662345811	0.10722157247810825
UP000006637	0.011023200754890192	0.02630090625012201	0.02630090625012201	0.02630090625012201	0.02630090625012201	0.011023200754890192	0.02630090625012201	0.011023200754890192	0.011023200754890192	0.02630090625012201	0.011023200754890192	0.011023200754890192	0.12550577367845417	0.13427274242849482	0.12550577367845417	0.05260181250024402	0.05260181250024402	0.0636250132551342	0.13427274242849482	0.0876696875004067
UP000000625	0.03129073437929228	0.03222092246148745	0.03222092246148745	0.03222092246148745	0.03222092246148745	0.03129073437929228	0.03222092246148745	0.03129073437929228	0.03129073437929228	0.03222092246148745	0.03129073437929228	0.03129073437929228	0.0663575249902887	0.07709783247745118	0.0663575249902887	0.0644418449229749	0.0644418449229749	0.0957325793022672	0.07709783247745118	0.10740307487162483
UP000001806	0.07062994686070115	0.026593080410521112	0.026593080410521112	0.026593080410521112	0.026593080410521112	0.07062994686070115	0.026593080410521112	0.07062994686070115	0.07062994686070115	0.026593080410521112	0.07062994686070115	0.07062994686070115	0.020025271351688544	0.02888963148852891	0.020025271351688544	0.053186160821042223	0.053186160821042223	0.12381610768174336	0.02888963148852891	0.08864360136840368
UP000002361	0.01446792661584197	0.028364957241661947	0.028364957241661947	0.028364957241661947	0.028364957241661947	0.01446792661584197	0.028364957241661947	0.01446792661584197	0.01446792661584197	0.028364957241661947	0.01446792661584197	0.01446792661584197	0.11122129945562878	0.12067628520284943	0.11122129945562878	0.056729914483323894	0.056729914483323894	0.07119784109916587	0.12067628520284943	0.0945498574722065
UP000000588	0.032072061912034114	0.03225199955345042	0.03225199955345042	0.03225199955345042	0.03225199955345042	0.032072061912034114	0.03225199955345042	0.032072061912034114	0.032072061912034114	0.03225199955345042	0.032072061912034114	0.032072061912034114	0.06486589344013859	0.07561655995795541	0.06486589344013859	0.06450399910690084	0.06450399910690084	0.09657606101893497	0.07561655995795541	0.10750666517816808
UP000002480	0.064789350118825	0.028072785603737327	0.028072785603737327	0.028072785603737327	0.028072785603737327	0.064789350118825	0.028072785603737327	0.064789350118825	0.064789350118825	0.028072785603737327	0.064789350118825	0.064789350118825	0.024327494877106937	0.03368509007835271	0.024327494877106937	0.056145571207474654	0.056145571207474654	0.12093492132629965	0.03368509007835271	0.09357595201245773
UP000001983	0.019019211679074013	0.030200883419329957	0.030200883419329957	0.030200883419329957	0.030200883419329957	0.019019211679074013	0.030200883419329957	0.019019211679074013	0.019019211679074013	0.030200883419329957	0.019019211679074013	0.019019211679074013	0.0959128458843007	0.10597980702407735	0.0959128458843007	0.060401766838659915	0.060401766838659915	0.07942097851773393	0.10597980702407735	0.10066961139776649
UP000001116	0.00984244202577973	0.02540545807268459	0.02540545807268459	0.02540545807268459	0.02540545807268459	0.00984244202577973	0.02540545807268459	0.00984244202577973	0.00984244202577973	0.02540545807268459	0.00984244202577973	0.00984244202577973	0.13115389416414716	0.13962238018837536	0.13115389416414716	0.05081091614536918	0.05081091614536918	0.060653358171148905	0.13962238018837536	0.08468486024228196
UP000002145	0.0445933974907055	0.031713522731569854	0.031713522731569854	0.031713522731569854	0.031713522731569854	0.0445933974907055	0.031713522731569854	0.0445933974907055	0.0445933974907055	0.031713522731569854	0.0445933974907055	0.0445933974907055	0.04510746346498599	0.0556786377088426	0.04510746346498599	0.06342704546313971	0.06342704546313971	0.1080204429538452	0.0556786377088426	0.10571174243856618
UP000000423	0.07031516086156031	0.026676709099629874	0.026676709099629874	0.026676709099629874	0.026676709099629874	0.07031516086156031	0.026676709099629874	0.07031516086156031	0.07031516086156031	0.026676709099629874	0.07031516086156031	0.07031516086156031	0.02024163209374996	0.029133868460293255	0.02024163209374996	0.05335341819925975	0.05335341819925975	0.12366857906082006	0.029133868460293255	0.0889223636654329
UP000009072	0.07067429761237153	0.02658126389658126	0.02658126389658126	0.02658126389658126	0.02658126389658126	0.07067429761237153	0.02658126389658126	0.07067429761237153	0.07067429761237153	0.02658126389658126	0.07067429761237153	0.07067429761237153	0.019994923592024788	0.028855344890885204	0.019994923592024788	0.05316252779316252	0.05316252779316252	0.12383682540553405	0.028855344890885204	0.08860421298860419
UP000000774	0.046400439627153255	0.03150450279047064	0.03150450279047064	0.03150450279047064	0.03150450279047064	0.046400439627153255	0.03150450279047064	0.046400439627153255	0.046400439627153255	0.03150450279047064	0.046400439627153255	0.046400439627153255	0.04278121949059928	0.05328272042075616	0.04278121949059928	0.06300900558094127	0.06300900558094127	0.10940944520809451	0.05328272042075616	0.10501500930156876
UP000001422	0.018550106407782155	0.0300480067957186	0.0300480067957186	0.0300480067957186	0.0300480067957186	0.018550106407782155	0.0300480067957186	0.018550106407782155	0.018550106407782155	0.0300480067957186	0.018550106407782155	0.018550106407782155	0.09734528660350682	0.10736128886874635	0.09734528660350682	0.0600960135914372	0.0600960135914372	0.07864611999921936	0.10736128886874635	0.10016002265239533
UP000006697	0.02606360866011323	0.031753906372639557	0.031753906372639557	0.031753906372639557	0.031753906372639557	0.02606360866011323	0.031753906372639557	0.02606360866011323	0.02606360866011323	0.031753906372639557	0.02606360866011323	0.02606360866011323	0.0773730593542436	0.08795769481179012	0.0773730593542436	0.06350781274527911	0.06350781274527911	0.08957142140539234	0.08795769481179012	0.10584635457546519
UP000001006	0.030823507216779823	0.03219791356013013	0.03219791356013013	0.03219791356013013	0.03219791356013013	0.030823507216779823	0.03219791356013013	0.030823507216779823	0.030823507216779823	0.03219791356013013	0.030823507216779823	0.030823507216779823	0.06726720813011478	0.07799984598349148	0.06726720813011478	0.06439582712026026	0.06439582712026026	0.09521933433704008	0.07799984598349148	0.10732637853376709
UP000028341	0.012441160578909791	0.027238719485582607	0.027238719485582607	0.027238719485582607	0.027238719485582607	0.012441160578909791	0.027238719485582607	0.012441160578909791	0.012441160578909791	0.027238719485582607	0.012441160578909791	0.012441160578909791	0.11927309104457742	0.1283526642064383	0.11927309104457742	0.054477438971165214	0.054477438971165214	0.06691859955007501	0.1283526642064383	0.09079573161860868
UP000005954	0.017713708533118835	0.029756655910283012	0.029756655910283012	0.029756655910283012	0.029756655910283012	0.017713708533118835	0.029756655910283012	0.017713708533118835	0.017713708533118835	0.029756655910283012	0.017713708533118835	0.017713708533118835	0.09997438642591001	0.10989327172933767	0.09997438642591001	0.059513311820566024	0.059513311820566024	0.07722702035368487	0.10989327172933767	0.09918885303427671
UP000001822	0.046389537878567935	0.031505846374251426	0.031505846374251426	0.031505846374251426	0.031505846374251426	0.046389537878567935	0.031505846374251426	0.046389537878567935	0.046389537878567935	0.031505846374251426	0.046389537878567935	0.046389537878567935	0.04279492321550042	0.05329687200691756	0.04279492321550042	0.06301169274850285	0.06301169274850285	0.1094012306270708	0.05329687200691756	0.10501948791417143
UP000008320	0.06086069426379231	0.02897576713278035	0.02897576713278035	0.02897576713278035	0.02897576713278035	0.06086069426379231	0.02897576713278035	0.06086069426379231	0.06086069426379231	0.02897576713278035	0.06086069426379231	0.06086069426379231	0.02759071650724208	0.037249305551502195	0.02759071650724208	0.0579515342655607	0.0579515342655607	0.11881222852935301	0.037249305551502195	0.09658589044260114
UP000061018	0.011212193018380306	0.02643403237451553	0.02643403237451553	0.02643403237451553	0.02643403237451553	0.011212193018380306	0.02643403237451553	0.011212193018380306	0.011212193018380306	0.02643403237451553	0.011212193018380306	0.011212193018380306	0.12464253271977231	0.13345387684461082	0.12464253271977231	0.05286806474903106	0.05286806474903106	0.06408025776741137	0.13345387684461082	0.08811344124838509
UP000001025	0.02473482442631705	0.031553091645560416	0.031553091645560416	0.031553091645560416	0.031553091645560416	0.02473482442631705	0.031553091645560416	0.02473482442631705	0.02473482442631705	0.031553091645560416	0.02473482442631705	0.02473482442631705	0.08050169067170343	0.09101938788689024	0.08050169067170343	0.06310618329112083	0.06310618329112083	0.0878410077174379	0.09101938788689024	0.10517697215186807
UP000007065	0.061026955003882395	0.028939180458946258	0.028939180458946258	0.028939180458946258	0.028939180458946258	0.061026955003882395	0.028939180458946258	0.061026955003882395	0.061026955003882395	0.028939180458946258	0.061026955003882395	0.061026955003882395	0.027446106907420775	0.03709250039373619	0.027446106907420775	0.057878360917892516	0.057878360917892516	0.11890531592177492	0.03709250039373619	0.09646393486315419
UP000002484	0.008190549702391354	0.02393738753068256	0.02393738753068256	0.02393738753068256	0.02393738753068256	0.008190549702391354	0.02393738753068256	0.008190549702391354	0.008190549702391354	0.02393738753068256	0.008190549702391354	0.008190549702391354	0.1399169878980849	0.1478961170749791	0.1399169878980849	0.04787477506136512	0.04787477506136512	0.05606532476375647	0.1478961170749791	0.07979129176894185
UP000002709	0.02232646700163741	0.03108811215332343	0.03108811215332343	0.03108811215332343	0.03108811215332343	0.02232646700163741	0.03108811215332343	0.02232646700163741	0.02232646700163741	0.03108811215332343	0.02232646700163741	0.02232646700163741	0.08657623413384083	0.09693893818494861	0.08657623413384083	0.06217622430664686	0.06217622430664686	0.08450269130828428	0.09693893818494861	0.10362704051107807
UP000001652	0.03638879752726131	0.03227063564905224	0.03227063564905224	0.03227063564905224	0.03227063564905224	0.03638879752726131	0.03227063564905224	0.03638879752726131	0.03638879752726131	0.03227063564905224	0.03638879752726131	0.03638879752726131	0.05723706173108374	0.06799394028076783	0.05723706173108374	0.06454127129810448	0.06454127129810448	0.10093006882536582	0.06799394028076783	0.1075687854968408
UP000006821	0.017207266103712465	0.02956793580723128	0.02956793580723128	0.02956793580723128	0.02956793580723128	0.017207266103712465	0.02956793580723128	0.017207266103712465	0.017207266103712465	0.02956793580723128	0.017207266103712465	0.017207266103712465	0.10161554108957813	0.11147151969198855	0.10161554108957813	0.05913587161446256	0.05913587161446256	0.07634313771817502	0.11147151969198855	0.09855978602410426
UP000002171	0.03182250196540032	0.03224306366538358	0.03224306366538358	0.03224306366538358	0.03224306366538358	0.03182250196540032	0.03224306366538358	0.03182250196540032	0.03182250196540032	0.03224306366538358	0.03182250196540032	0.03182250196540032	0.06533836689901515	0.07608605478747635	0.06533836689901515	0.06448612733076715	0.06448612733076715	0.09630862929616746	0.07608605478747635	0.10747687888461191
UP000009134	0.015432315876402522	0.028826118700680615	0.028826118700680615	0.028826118700680615	0.028826118700680615	0.015432315876402522	0.028826118700680615	0.015432315876402522	0.015432315876402522	0.028826118700680615	0.015432315876402522	0.015432315876402522	0.10768897241357311	0.11729767864713334	0.10768897241357311	0.05765223740136123	0.05765223740136123	0.07308455327776374	0.11729767864713334	0.09608706233560206
UP000007073	0.021006180601718695	0.0307715175718081	0.0307715175718081	0.0307715175718081	0.0307715175718081	0.021006180601718695	0.0307715175718081	0.021006180601718695	0.021006180601718695	0.0307715175718081	0.021006180601718695	0.021006180601718695	0.09015311365975989	0.1004102861836959	0.09015311365975989	0.0615430351436162	0.0615430351436162	0.0825492157453349	0.1004102861836959	0.10257172523936031
UP000000245	0.013100350163211451	0.027630426495247638	0.027630426495247638	0.027630426495247638	0.027630426495247638	0.013100350163211451	0.027630426495247638	0.013100350163211451	0.013100350163211451	0.027630426495247638	0.013100350163211451	0.013100350163211451	0.11655268123338942	0.12576282339847195	0.11655268123338942	0.055260852990495275	0.055260852990495275	0.06836120315370674	0.12576282339847195	0.09210142165082544
