	M	W	C	D	E	F	H	K	N	Q	Y	I	A	G	P	T	V	L	R	S
Start	9.0	1.0	1.0	3.0	3.0	2.0	1.0	3.0	2.0	2.0	1.0	3.0	4.0	3.0	3.0	3.0	3.0	4.0	4.0	5.0
M	4.0	3.0	3.0	10.0	10.0	8.0	4.0	11.0	9.0	7.0	6.0	10.0	11.0	12.0	9.0	11.0	11.0	17.0	8.0	14.0
W	3.0	2.0	2.0	6.0	6.0	5.0	3.0	7.0	5.0	4.0	5.0	7.0	7.0	7.0	6.0	7.0	8.0	11.0	7.0	8.0
C	3.0	2.0	4.0	7.0	8.0	6.0	4.0	9.0	7.0	5.0	5.0	8.0	8.0	8.0	7.0	9.0	9.0	14.0	7.0	10.0
D	10.0	6.0	7.0	24.0	26.0	17.0	10.0	24.0	19.0	15.0	14.0	23.0	25.0	22.0	20.0	23.0	24.0	34.0	21.0	30.0
E	10.0	6.0	8.0	26.0	36.0	17.0	11.0	32.0	21.0	19.0	15.0	27.0	29.0	27.0	22.0	26.0	28.0	39.0	26.0	32.0
F	8.0	5.0	6.0	17.0	17.0	14.0	7.0	19.0	13.0	12.0	11.0	17.0	19.0	18.0	14.0	18.0	19.0	30.0	15.0	23.0
H	4.0	3.0	4.0	10.0	11.0	7.0	4.0	11.0	8.0	7.0	6.0	10.0	11.0	10.0	9.0	10.0	10.0	15.0	9.0	12.0
K	11.0	7.0	9.0	24.0	32.0	19.0	11.0	32.0	20.0	19.0	15.0	28.0	28.0	27.0	22.0	26.0	29.0	42.0	25.0	33.0
N	9.0	5.0	7.0	19.0	21.0	13.0	8.0	20.0	18.0	14.0	12.0	21.0	21.0	21.0	16.0	21.0	21.0	29.0	18.0	25.0
Q	7.0	4.0	5.0	15.0	19.0	12.0	7.0	19.0	14.0	14.0	11.0	16.0	19.0	17.0	14.0	20.0	19.0	26.0	16.0	22.0
Y	6.0	5.0	5.0	14.0	15.0	11.0	6.0	15.0	12.0	11.0	10.0	15.0	16.0	16.0	13.0	15.0	16.0	25.0	14.0	18.0
I	10.0	7.0	8.0	23.0	27.0	17.0	10.0	28.0	21.0	16.0	15.0	32.0	28.0	28.0	21.0	27.0	29.0	45.0	23.0	32.0
A	11.0	7.0	8.0	25.0	29.0	19.0	11.0	28.0	21.0	19.0	16.0	28.0	34.0	28.0	23.0	31.0	31.0	43.0	26.0	34.0
G	12.0	7.0	8.0	22.0	27.0	18.0	10.0	27.0	21.0	17.0	16.0	28.0	28.0	32.0	24.0	29.0	30.0	42.0	26.0	35.0
P	9.0	6.0	7.0	20.0	22.0	14.0	9.0	22.0	16.0	14.0	13.0	21.0	23.0	24.0	22.0	25.0	23.0	32.0	21.0	28.0
T	11.0	7.0	9.0	23.0	26.0	18.0	10.0	26.0	21.0	20.0	15.0	27.0	31.0	29.0	25.0	32.0	30.0	43.0	23.0	35.0
V	11.0	8.0	9.0	24.0	28.0	19.0	10.0	29.0	21.0	19.0	16.0	29.0	31.0	30.0	23.0	30.0	34.0	46.0	24.0	34.0
L	17.0	11.0	14.0	34.0	39.0	30.0	15.0	42.0	29.0	26.0	25.0	45.0	43.0	42.0	32.0	43.0	46.0	72.0	36.0	53.0
R	8.0	7.0	7.0	21.0	26.0	15.0	9.0	25.0	18.0	16.0	14.0	23.0	26.0	26.0	21.0	23.0	24.0	36.0	30.0	31.0
S	14.0	8.0	10.0	30.0	32.0	23.0	12.0	33.0	25.0	22.0	18.0	32.0	34.0	35.0	28.0	35.0	34.0	53.0	31.0	46.0
End	1.0	1.0	1.0	3.0	3.0	2.0	2.0	4.0	3.0	2.0	2.0	3.0	4.0	4.0	3.0	3.0	4.0	6.0	4.0	5.0
