Proteome_ID	M	W	C	D	E	F	H	K	N	Q	Y	I	A	G	P	T	V	L	R	S
UP000006687	0.015373048190124477	0.03170158316705264	0.03170158316705264	0.03170158316705264	0.03170158316705264	0.029846521223058482	0.03170158316705264	0.04617505619998665	0.029846521223058482	0.03170158316705264	0.04431999425599249	0.04431999425599249	0.06734388693320356	0.06734388693320356	0.06734388693320356	0.06340316633410528	0.06340316633410528	0.09324968755716379	0.06734388693320356	0.11047779769128242
UP000007251	0.01426368611484294	0.03142607335659911	0.03142607335659911	0.03142607335659911	0.03142607335659911	0.026118257318536668	0.03142607335659911	0.04328064456029284	0.026118257318536668	0.03142607335659911	0.0379728285222304	0.0379728285222304	0.07562511346524099	0.07562511346524099	0.07562511346524099	0.06285214671319822	0.06285214671319822	0.08897040403173488	0.07562511346524099	0.10854190618464027
UP000006677	0.018089953174358003	0.030876826241515273	0.030876826241515273	0.030876826241515273	0.030876826241515273	0.04368232467376615	0.030876826241515273	0.05646919774092342	0.04368232467376615	0.030876826241515273	0.06927469617317428	0.06927469617317428	0.043650533979996124	0.043650533979996124	0.043650533979996124	0.061753652483030545	0.061753652483030545	0.10543597715679669	0.043650533979996124	0.1107204318989038
UP000007666	0.01825331135409402	0.03066626322076745	0.03066626322076745	0.03066626322076745	0.03066626322076745	0.04509490221565499	0.03066626322076745	0.057507854082328426	0.04509490221565499	0.03066626322076745	0.07193649307721596	0.07193649307721596	0.04170847052414371	0.04170847052414371	0.04170847052414371	0.0613325264415349	0.0613325264415349	0.1064274286571899	0.04170847052414371	0.11025210101639638
UP000099345	0.010691101931269755	0.029284322681304112	0.029284322681304112	0.029284322681304112	0.029284322681304112	0.016838485541749867	0.029284322681304112	0.03543170629178422	0.016838485541749867	0.029284322681304112	0.022985869152229978	0.022985869152229978	0.10185851367410124	0.10185851367410124	0.10185851367410124	0.058568645362608224	0.058568645362608224	0.0754071309043581	0.10185851367410124	0.09854406997518209
UP000007699	0.017636265679473188	0.03128430014877201	0.03128430014877201	0.03128430014877201	0.03128430014877201	0.04042620424657175	0.03128430014877201	0.054074238715870575	0.04042620424657175	0.03128430014877201	0.0632161428136703	0.0632161428136703	0.048419457331636745	0.048419457331636745	0.048419457331636745	0.06256860029754402	0.06256860029754402	0.10299480454411579	0.048419457331636745	0.11148916612578923
UP000002135	0.01584938695673887	0.03174522537177973	0.03174522537177973	0.03174522537177973	0.03174522537177973	0.031652458197495334	0.03174522537177973	0.04754829661253619	0.031652458197495334	0.03174522537177973	0.0474555294382518	0.0474555294382518	0.0636765288570751	0.0636765288570751	0.0636765288570751	0.06349045074355945	0.06349045074355945	0.0951429089410548	0.0636765288570751	0.11108506307207806
UP000008222	0.018025734255460165	0.030948310576609663	0.030948310576609663	0.030948310576609663	0.030948310576609663	0.043169876365627774	0.030948310576609663	0.056092452686777275	0.043169876365627774	0.030948310576609663	0.0683140184757954	0.0683140184757954	0.044373438526170816	0.044373438526170816	0.044373438526170816	0.061896621153219325	0.061896621153219325	0.1050664975188471	0.044373438526170816	0.11087066598528915
UP000008623	0.01490201976242116	0.03161195279236207	0.03161195279236207	0.03161195279236207	0.03161195279236207	0.028191731492664764	0.03161195279236207	0.044901664522605675	0.028191731492664764	0.03161195279236207	0.041481443222908365	0.041481443222908365	0.07089423078582748	0.07089423078582748	0.07089423078582748	0.06322390558472414	0.06322390558472414	0.0914156370773889	0.07089423078582748	0.10973787813950737
UP000172353	0.01574958841010968	0.019401882367217002	0.019401882367217002	0.019401882367217002	0.019401882367217002	0.08366568114551498	0.019401882367217002	0.0873179751026223	0.08366568114551498	0.019401882367217002	0.15158177388092028	0.15158177388092028	0.008998505342629488	0.008998505342629488	0.008998505342629488	0.038803764734434004	0.038803764734434004	0.12246944587994897	0.008998505342629488	0.07395523551176068
UP000163220	0.01886151975867494	0.028594687618593007	0.028594687618593007	0.028594687618593007	0.028594687618593007	0.05541251042553885	0.028594687618593007	0.06514567828545693	0.05541251042553885	0.028594687618593007	0.09196350109240277	0.09196350109240277	0.029511608614219007	0.029511608614219007	0.029511608614219007	0.057189375237186015	0.057189375237186015	0.11260188566272486	0.029511608614219007	0.10464558261445397
UP000000360	0.015970099773166265	0.03174790081144492	0.03174790081144492	0.03174790081144492	0.03174790081144492	0.032134842004743445	0.03174790081144492	0.0479126430430221	0.032134842004743445	0.03174790081144492	0.04829958423632063	0.04829958423632063	0.06273123768802497	0.06273123768802497	0.06273123768802497	0.06349580162288984	0.06349580162288984	0.0956306436276333	0.06273123768802497	0.11121380220750102
UP000004993	0.016727601776116697	0.03167202262480269	0.03167202262480269	0.03167202262480269	0.03167202262480269	0.03545115513515807	0.03167202262480269	0.05039557598384407	0.03545115513515807	0.03167202262480269	0.05417470849419945	0.05417470849419945	0.056591499674502256	0.056591499674502256	0.056591499674502256	0.06334404524960538	0.06334404524960538	0.09879520038476346	0.056591499674502256	0.11174366965052476
UP000008865	0.016012616990616305	0.03174797271938128	0.03174797271938128	0.03174797271938128	0.03174797271938128	0.03230738066217763	0.03174797271938128	0.048042736390942614	0.03230738066217763	0.03174797271938128	0.04860214433373897	0.04860214433373897	0.062396502045773704	0.062396502045773704	0.062396502045773704	0.06349594543876257	0.06349594543876257	0.09580332610094021	0.062396502045773704	0.11125653514876016
UP000009108	0.018015276556819025	0.03095943299553814	0.03095943299553814	0.03095943299553814	0.03095943299553814	0.043088381239629006	0.03095943299553814	0.05603253767834812	0.043088381239629006	0.03095943299553814	0.068161485922439	0.068161485922439	0.04448932467779419	0.04448932467779419	0.04448932467779419	0.06191886599107628	0.06191886599107628	0.10500724723070529	0.04448932467779419	0.11089357554343345
UP000000396	0.017659053456494676	0.03126840314774796	0.03126840314774796	0.03126840314774796	0.03126840314774796	0.040572871974932576	0.03126840314774796	0.05418222166618586	0.040572871974932576	0.03126840314774796	0.06348669049337045	0.06348669049337045	0.04819540682326665	0.04819540682326665	0.04819540682326665	0.06253680629549592	0.06253680629549592	0.1031096782704285	0.04819540682326665	0.11146426289973856
UP000007661	0.01687114367060546	0.031636423535145376	0.031636423535145376	0.031636423535145376	0.031636423535145376	0.036148495089984065	0.031636423535145376	0.050913774954523976	0.036148495089984065	0.031636423535145376	0.05542584650936266	0.05542584650936266	0.05537510159710173	0.05537510159710173	0.05537510159710173	0.06327284707029075	0.06327284707029075	0.09942134216027482	0.05537510159710173	0.11178041427604159
UP000007068	0.017627783415152636	0.03129011683445316	0.03129011683445316	0.03129011683445316	0.03129011683445316	0.04037197641607557	0.03129011683445316	0.05403430983537609	0.04037197641607557	0.03129011683445316	0.0631161694169985	0.0631161694169985	0.0485025256838244	0.0485025256838244	0.0485025256838244	0.06258023366890632	0.06258023366890632	0.10295221008498188	0.0485025256838244	0.11149813391851211
UP000134285	0.01717373505021185	0.03153356401217893	0.03153356401217893	0.03153356401217893	0.03153356401217893	0.037712780212660155	0.03153356401217893	0.052072609174627235	0.037712780212660155	0.03153356401217893	0.05825182537510846	0.05825182537510846	0.05273361728851688	0.05273361728851688	0.05273361728851688	0.06306712802435786	0.06306712802435786	0.10077990823701802	0.05273361728851688	0.11177442708674865
UP000006372	0.017847916248064304	0.03112008452098588	0.03112008452098588	0.03112008452098588	0.03112008452098588	0.04184912749308993	0.03112008452098588	0.055121295766011505	0.04184912749308993	0.03112008452098588	0.06585033873811555	0.06585033873811555	0.046283385991892696	0.046283385991892696	0.046283385991892696	0.06224016904197176	0.06224016904197176	0.10408929653506169	0.046283385991892696	0.11120816981102195
UP000009089	0.0183614195640066	0.030498066831503582	0.030498066831503582	0.030498066831503582	0.030498066831503582	0.04614023862125808	0.030498066831503582	0.05827688588875506	0.04614023862125808	0.030498066831503582	0.07391905767850956	0.07391905767850956	0.04031761032247118	0.04031761032247118	0.04031761032247118	0.060996133663007164	0.060996133663007164	0.10713637228426524	0.04031761032247118	0.10985562005851733
UP000002317	0.017105422288218416	0.031560374425394666	0.031560374425394666	0.031560374425394666	0.031560374425394666	0.037347306791298995	0.031560374425394666	0.05180225892847524	0.037347306791298995	0.031560374425394666	0.05758919129437958	0.05758919129437958	0.05334024428787793	0.05334024428787793	0.05334024428787793	0.06312074885078933	0.06312074885078933	0.10046805564208833	0.05334024428787793	0.11178654556440241
UP000000862	0.017990856158408258	0.030984871311989362	0.030984871311989362	0.030984871311989362	0.030984871311989362	0.042900085637283675	0.030984871311989362	0.05589410079086478	0.042900085637283675	0.030984871311989362	0.06780931511615909	0.06780931511615909	0.04475805751707726	0.04475805751707726	0.04475805751707726	0.061969742623978724	0.061969742623978724	0.10486982826126238	0.04475805751707726	0.11094547009437634
UP000000344	0.018856847520752378	0.028684670210859284	0.028684670210859284	0.028684670210859284	0.028684670210859284	0.05503787251816585	0.028684670210859284	0.06486569520827276	0.05503787251816585	0.028684670210859284	0.09121889751557932	0.09121889751557932	0.029899786000419277	0.029899786000419277	0.029899786000419277	0.05736934042171857	0.05736934042171857	0.11240721293988444	0.029899786000419277	0.10491085815333022
UP000125273	0.010366749768027586	0.029005842033479216	0.029005842033479216	0.029005842033479216	0.029005842033479216	0.016132561708993156	0.029005842033479216	0.03477165397444478	0.016132561708993156	0.029005842033479216	0.021898373649958724	0.021898373649958724	0.10430319589010371	0.10430319589010371	0.10430319589010371	0.05801168406695843	0.05801168406695843	0.07414424577595159	0.10430319589010371	0.09738427586846524
UP000000470	0.016591689674402433	0.03169880971311779	0.03169880971311779	0.03169880971311779	0.03169880971311779	0.03481383694973985	0.03169880971311779	0.04992095698845521	0.03481383694973985	0.03169880971311779	0.05303598422507727	0.05303598422507727	0.05772500966664975	0.05772500966664975	0.05772500966664975	0.06339761942623558	0.06339761942623558	0.09821145637597542	0.05772500966664975	0.1116881188137558
UP000008687	0.017171851049152767	0.031534333584073454	0.031534333584073454	0.031534333584073454	0.031534333584073454	0.03770259618581987	0.031534333584073454	0.05206507872074055	0.03770259618581987	0.031534333584073454	0.05823334132248697	0.05823334132248697	0.052750436054354644	0.052750436054354644	0.052750436054354644	0.06306866716814691	0.06306866716814691	0.10077126335396677	0.052750436054354644	0.11177485180137314
UP000008226	0.01812254507918114	0.030838314582794762	0.030838314582794762	0.030838314582794762	0.030838314582794762	0.04395083962742842	0.030838314582794762	0.05666660913104204	0.04395083962742842	0.030838314582794762	0.06977913417567569	0.06977913417567569	0.0432756986837594	0.0432756986837594	0.0432756986837594	0.061676629165589525	0.061676629165589525	0.10562746879301795	0.0432756986837594	0.11063748882756543
UP000009116	0.018433952155604717	0.030368083013705374	0.030368083013705374	0.030368083013705374	0.030368083013705374	0.046907797139838905	0.030368083013705374	0.058841927997939567	0.046907797139838905	0.030368083013705374	0.07538164212407311	0.07538164212407311	0.039320561704401874	0.039320561704401874	0.039320561704401874	0.06073616602741075	0.06073616602741075	0.10764396316724965	0.039320561704401874	0.10953820119672085
UP000002241	0.01756951685731806	0.03132864511838135	0.03132864511838135	0.03132864511838135	0.03132864511838135	0.040004653498433164	0.03132864511838135	0.05376378175949646	0.040004653498433164	0.03132864511838135	0.06243979013954827	0.06243979013954827	0.04906849174393778	0.04906849174393778	0.04906849174393778	0.0626572902367627	0.0626572902367627	0.10266194373519585	0.04906849174393778	0.1115554522124621
UP000006674	0.018707947127236755	0.029652481428967065	0.029652481428967065	0.029652481428967065	0.029652481428967065	0.05068621829590161	0.029652481428967065	0.06163075259763192	0.05068621829590161	0.029652481428967065	0.08266448946456646	0.08266448946456646	0.03469462447413768	0.03469462447413768	0.03469462447413768	0.05930496285793413	0.05930496285793413	0.10999118115383573	0.03469462447413768	0.10766539141413795
UP000006716	0.018520115696705794	0.030190089289306946	0.030190089289306946	0.030190089289306946	0.030190089289306946	0.04791132919840809	0.030190089289306946	0.05958130279100925	0.04791132919840809	0.030190089289306946	0.07730254270011039	0.07730254270011039	0.03804701337013249	0.03804701337013249	0.03804701337013249	0.06038017857861389	0.06038017857861389	0.10829150777702197	0.03804701337013249	0.10909038356462662
UP000001795	0.016698825929191467	0.03167823705869902	0.03167823705869902	0.03167823705869902	0.03167823705869902	0.03531443004090027	0.03167823705869902	0.050293841170407826	0.03531443004090027	0.03167823705869902	0.053930034152609066	0.053930034152609066	0.0568328981657012	0.0568328981657012	0.0568328981657012	0.06335647411739805	0.06335647411739805	0.09867090415829831	0.0568328981657012	0.11173353710528854
UP000007453	0.017262395626604397	0.031495332464968655	0.031495332464968655	0.031495332464968655	0.031495332464968655	0.038199065700639356	0.031495332464968655	0.05243200253900361	0.038199065700639356	0.031495332464968655	0.05913573577467431	0.05913573577467431	0.05193613764549773	0.05193613764549773	0.05193613764549773	0.06299066492993731	0.06299066492993731	0.10118973063057667	0.05193613764549773	0.11174839302151036
UP000140422	0.014564631793736514	0.03152240693057719	0.03152240693057719	0.03152240693057719	0.03152240693057719	0.027073849398955994	0.03152240693057719	0.04403162453579667	0.027073849398955994	0.03152240693057719	0.039583067004175465	0.039583067004175465	0.07340383142821338	0.07340383142821338	0.07340383142821338	0.06304481386115438	0.06304481386115438	0.09011866326011038	0.07340383142821338	0.10913185258546808
UP000009190	0.012124858809474559	0.030350817315462953	0.030350817315462953	0.030350817315462953	0.030350817315462953	0.020190947684931505	0.030350817315462953	0.038416906190919906	0.020190947684931505	0.030350817315462953	0.028257036560388447	0.028257036560388447	0.09124605007065381	0.09124605007065381	0.09124605007065381	0.060701634630925906	0.060701634630925906	0.08089258231585741	0.09124605007065381	0.10317731075586342
UP000007225	0.01479593925262139	0.031585977092441486	0.031585977092441486	0.031585977092441486	0.031585977092441486	0.027834612569250922	0.031585977092441486	0.04462465040907102	0.027834612569250922	0.031585977092441486	0.040873285885880455	0.040873285885880455	0.07168585130488757	0.07168585130488757	0.07168585130488757	0.06317195418488297	0.06317195418488297	0.09100656675413389	0.07168585130488757	0.10955387052994583
UP000008479	0.016652285379298953	0.03168766360065745	0.03168766360065745	0.03168766360065745	0.03168766360065745	0.035095360390188755	0.03168766360065745	0.05013073861154725	0.035095360390188755	0.03168766360065745	0.05353843540107856	0.05353843540107856	0.05722169616181739	0.05722169616181739	0.05722169616181739	0.0633753272013149	0.0633753272013149	0.09847068759150367	0.05722169616181739	0.1117152761812713
UP000002242	0.016490255277614257	0.0317147199281468	0.0317147199281468	0.0317147199281468	0.0317147199281468	0.034351541395899736	0.0317147199281468	0.04957600604643228	0.034351541395899736	0.0317147199281468	0.05221282751418522	0.05221282751418522	0.0585606013150169	0.0585606013150169	0.0585606013150169	0.0634294398562936	0.0634294398562936	0.09778098125219334	0.0585606013150169	0.11163441506205465
UP000007544	0.017412239364967122	0.0314211248209104	0.0314211248209104	0.0314211248209104	0.0314211248209104	0.039054652007743336	0.0314211248209104	0.05306353746368662	0.039054652007743336	0.0314211248209104	0.06069706465051956	0.06069706465051956	0.0505592565421135	0.0505592565421135	0.0505592565421135	0.0628422496418208	0.0628422496418208	0.10189690164956414	0.0505592565421135	0.11167561382769832
UP000007711	0.018779549877514366	0.029333130310482528	0.029333130310482528	0.029333130310482528	0.029333130310482528	0.05219678641084717	0.029333130310482528	0.06275036684381534	0.05219678641084717	0.029333130310482528	0.08561402294417998	0.08561402294417998	0.03296879340575417	0.03296879340575417	0.03296879340575417	0.058666260620965055	0.058666260620965055	0.11086304703181221	0.03296879340575417	0.10677894080896194
UP000009246	0.018863477435685703	0.028546631037359983	0.028546631037359983	0.028546631037359983	0.028546631037359983	0.05561088387000046	0.028546631037359983	0.06529403747167474	0.05561088387000046	0.028546631037359983	0.09235829030431522	0.09235829030431522	0.029307577469480615	0.029307577469480615	0.029307577469480615	0.057093262074719965	0.057093262074719965	0.11270414594472042	0.029307577469480615	0.10450337054776565
UP000002665	0.01606342506107393	0.03174744727222439	0.03174744727222439	0.03174744727222439	0.03174744727222439	0.03251543088068381	0.03174744727222439	0.048199453091834266	0.03251543088068381	0.03174744727222439	0.04896743670029368	0.04896743670029368	0.06199520541500333	0.06199520541500333	0.06199520541500333	0.06349489454444877	0.06349489454444877	0.09601032542513258	0.06199520541500333	0.1113057668777471
UP000002092	0.015623469499794781	0.031730851771707105	0.031730851771707105	0.031730851771707105	0.031730851771707105	0.030777564379424048	0.031730851771707105	0.04688494665133637	0.030777564379424048	0.031730851771707105	0.04593165925905331	0.04593165925905331	0.06542733152927217	0.06542733152927217	0.06542733152927217	0.06346170354341421	0.06346170354341421	0.09423926792283825	0.06542733152927217	0.11081602481491608
UP000007016	0.0179408483347861	0.03103473313186067	0.03103473313186067	0.03103473313186067	0.03103473313186067	0.04252286077495284	0.03103473313186067	0.05561674557202741	0.04252286077495284	0.03103473313186067	0.06710487321511958	0.06710487321511958	0.04530055800634822	0.04530055800634822	0.04530055800634822	0.06206946626372134	0.06206946626372134	0.10459232703867417	0.04530055800634822	0.1110450477303681
UP000009115	0.016168578877492498	0.03174418775762985	0.03174418775762985	0.03174418775762985	0.03174418775762985	0.03295270237015889	0.03174418775762985	0.04852831125029623	0.03295270237015889	0.03174418775762985	0.04973682586282528	0.04973682586282528	0.06115998894853597	0.06115998894853597	0.06115998894853597	0.0634883755152597	0.0634883755152597	0.09644107788541857	0.06115998894853597	0.11140114215038203
UP000002131	0.010707567354515694	0.029298090876970235	0.029298090876970235	0.029298090876970235	0.029298090876970235	0.016874795432466696	0.029298090876970235	0.035465318954921235	0.016874795432466696	0.029298090876970235	0.0230420235104177	0.0230420235104177	0.10173493746581458	0.10173493746581458	0.10173493746581458	0.05859618175394047	0.05859618175394047	0.07547097718640718	0.10173493746581458	0.0986018399854264
UP000009294	0.009196696324546944	0.027883961692887194	0.027883961692887194	0.027883961692887194	0.027883961692887194	0.013722731654961226	0.027883961692887194	0.032409997023301475	0.013722731654961226	0.027883961692887194	0.018248766985375506	0.018248766985375506	0.11331786399966551	0.11331786399966551	0.11331786399966551	0.05576792338577439	0.05576792338577439	0.06949065504073561	0.11331786399966551	0.09284858140320852
UP000008446	0.018748333242999182	0.029486514925518396	0.029486514925518396	0.029486514925518396	0.029486514925518396	0.05148199428383987	0.029486514925518396	0.062220175966359086	0.05148199428383987	0.029486514925518396	0.08421565532468055	0.08421565532468055	0.03377703504099645	0.03377703504099645	0.03377703504099645	0.05897302985103679	0.05897302985103679	0.11045502413487665	0.03377703504099645	0.10720787801955436
UP000002326	0.017933963234538983	0.031041373254882	0.031041373254882	0.031041373254882	0.031041373254882	0.042471765653065825	0.031041373254882	0.05557917567340884	0.042471765653065825	0.031041373254882	0.06700956807159268	0.06700956807159268	0.045374466482975065	0.045374466482975065	0.045374466482975065	0.062082746509764	0.062082746509764	0.10455451216282984	0.045374466482975065	0.11105808299918499
UP000007219	0.0154751141645781	0.0317151383752285	0.0317151383752285	0.0317151383752285	0.0317151383752285	0.030221345777316246	0.0317151383752285	0.04646136998796664	0.030221345777316246	0.0317151383752285	0.04496757739005439	0.04496757739005439	0.06656553348559807	0.06656553348559807	0.06656553348559807	0.063430276750457	0.063430276750457	0.09365162252777323	0.06656553348559807	0.1106205292902636
UP000006540	0.017744107105145783	0.03120542865885463	0.03120542865885463	0.03120542865885463	0.03120542865885463	0.041133589014679166	0.03120542865885463	0.054594910568388014	0.041133589014679166	0.03120542865885463	0.06452307092421254	0.06452307092421254	0.047347134111509585	0.047347134111509585	0.047347134111509585	0.06241085731770926	0.06241085731770926	0.10354444633238842	0.047347134111509585	0.11136039308170967
UP000000840	0.01646884211659941	0.03171765281121767	0.03171765281121767	0.03171765281121767	0.03171765281121767	0.034255328295301916	0.03171765281121767	0.04950413898992017	0.034255328295301916	0.03171765281121767	0.05204181447400442	0.05204181447400442	0.05873594269367533	0.05873594269367533	0.05873594269367533	0.06343530562243534	0.06343530562243534	0.09769063391773725	0.05873594269367533	0.11162180055025242
UP000201106	0.017040894461100964	0.0315836995721557	0.0315836995721557	0.0315836995721557	0.0315836995721557	0.03700898739893725	0.0315836995721557	0.05155179250999199	0.03700898739893725	0.0315836995721557	0.05697708033677354	0.05697708033677354	0.05390745052877795	0.05390745052877795	0.05390745052877795	0.0631673991443114	0.0631673991443114	0.10017638654324866	0.05390745052877795	0.11179199317756805
UP000008920	0.017662859863404417	0.031265708839787194	0.031265708839787194	0.031265708839787194	0.031265708839787194	0.04059751267737857	0.031265708839787194	0.054200361653761346	0.04059751267737857	0.031265708839787194	0.06353216549135274	0.06353216549135274	0.04815785425194517	0.04815785425194517	0.04815785425194517	0.06253141767957439	0.06253141767957439	0.10312893035695295	0.04815785425194517	0.111459986382766
UP000009253	0.0182260962812	0.030704610125975532	0.030704610125975532	0.030704610125975532	0.030704610125975532	0.044847101777832375	0.030704610125975532	0.057325615622607906	0.044847101777832375	0.030704610125975532	0.07146810727446475	0.07146810727446475	0.04204388001073308	0.04204388001073308	0.04204388001073308	0.061409220251951065	0.061409220251951065	0.10625632202978344	0.04204388001073308	0.1103399266591266
UP000008286	0.018673934837317403	0.02977292545776835	0.02977292545776835	0.02977292545776835	0.02977292545776835	0.05009263354905739	0.02977292545776835	0.06119162416950833	0.05009263354905739	0.02977292545776835	0.08151133226079738	0.08151133226079738	0.0353915147801412	0.0353915147801412	0.0353915147801412	0.0595458509155367	0.0595458509155367	0.1096384844645941	0.0353915147801412	0.10799271121062246
UP000007908	0.01653245820080418	0.031708509407558254	0.031708509407558254	0.031708509407558254	0.031708509407558254	0.03454255650883411	0.031708509407558254	0.04971860771558819	0.03454255650883411	0.031708509407558254	0.052552654816864046	0.052552654816864046	0.05821396390229981	0.05821396390229981	0.05821396390229981	0.06341701881511651	0.06341701881511651	0.09795957532395061	0.05821396390229981	0.11165798642347895
UP000007670	0.01648533791798605	0.03171540633279596	0.03171540633279596	0.03171540633279596	0.03171540633279596	0.034329405250337605	0.03171540633279596	0.049559473665147506	0.034329405250337605	0.03171540633279596	0.052173472582689166	0.052173472582689166	0.058600898647637456	0.058600898647637456	0.058600898647637456	0.06343081266559192	0.06343081266559192	0.09776021791592952	0.058600898647637456	0.11163155691637391
UP000002501	0.018562795198650794	0.030089758338464893	0.030089758338464893	0.030089758338464893	0.030089758338464893	0.04845595625135546	0.030089758338464893	0.05998291939116956	0.04845595625135546	0.030089758338464893	0.07834911730406012	0.07834911730406012	0.03736975294309215	0.03736975294309215	0.03736975294309215	0.060179516676929785	0.060179516676929785	0.10863547292828526	0.03736975294309215	0.10883207021404546
UP000008167	0.013971228225262977	0.03131841274040192	0.03131841274040192	0.03131841274040192	0.03131841274040192	0.02522349904489007	0.03131841274040192	0.042570683560029014	0.02522349904489007	0.03131841274040192	0.036475769864517164	0.036475769864517164	0.0777721580049279	0.0777721580049279	0.0777721580049279	0.06263682548080383	0.06263682548080383	0.08786032452569391	0.0777721580049279	0.10792646644646874
UP000110594	0.006213152169443073	0.024079680656693254	0.024079680656693254	0.024079680656693254	0.024079680656693254	0.008373799096919949	0.024079680656693254	0.026240327584170126	0.008373799096919949	0.024079680656693254	0.010534446024396822	0.010534446024396822	0.13848696722174786	0.13848696722174786	0.13848696722174786	0.04815936131338651	0.04815936131338651	0.056533160410306454	0.13848696722174786	0.07845219413952283
UP000008447	0.017330989153039475	0.03146292588634359	0.03146292588634359	0.03146292588634359	0.03146292588634359	0.0385852015579761	0.03146292588634359	0.05271713829128022	0.0385852015579761	0.03146292588634359	0.05983941396291274	0.05983941396291274	0.05131064062693331	0.05131064062693331	0.05131064062693331	0.06292585177268718	0.06292585177268718	0.10151105333066329	0.05131064062693331	0.11171976681207024
UP000002325	0.01714557621342564	0.03154488610372857	0.03154488610372857	0.03154488610372857	0.03154488610372857	0.03756119237350002	0.03154488610372857	0.05196050226380294	0.03756119237350002	0.03154488610372857	0.057976808533574405	0.057976808533574405	0.05298446489144211	0.05298446489144211	0.05298446489144211	0.06308977220745714	0.06308977220745714	0.10065096458095714	0.05298446489144211	0.11178023452461133
UP000006541	0.01614613225718914	0.031745133982099404	0.031745133982099404	0.031745133982099404	0.031745133982099404	0.03285858549388133	0.031745133982099404	0.04845758721879159	0.03285858549388133	0.031745133982099404	0.049571038730573516	0.049571038730573516	0.06133882614813703	0.06133882614813703	0.06133882614813703	0.06349026796419881	0.06349026796419881	0.09634885345808014	0.06133882614813703	0.11138153420348733
UP000138352	0.018084557217100616	0.030883052066647848	0.030883052066647848	0.030883052066647848	0.030883052066647848	0.04363843785566306	0.030883052066647848	0.05643693270521029	0.04363843785566306	0.030883052066647848	0.0691923184942255	0.0691923184942255	0.04371205532635764	0.04371205532635764	0.04371205532635764	0.061766104133295696	0.061766104133295696	0.10540454198895877	0.04371205532635764	0.11073371341704415
UP000006711	0.012443545902759742	0.030551326104107743	0.030551326104107743	0.030551326104107743	0.030551326104107743	0.02099466773615608	0.030551326104107743	0.03910244793750408	0.02099466773615608	0.030551326104107743	0.029545789569552415	0.029545789569552415	0.08891624658694681	0.08891624658694681	0.08891624658694681	0.06110265220821549	0.06110265220821549	0.08209731994437156	0.08891624658694681	0.10409752421508296
UP000008622	0.018831133267684663	0.02898510207367324	0.02898510207367324	0.02898510207367324	0.02898510207367324	0.053754579155775084	0.02898510207367324	0.06390854796176366	0.053754579155775084	0.02898510207367324	0.0886780250438655	0.0886780250438655	0.03125821671067803	0.03125821671067803	0.03125821671067803	0.05797020414734648	0.05797020414734648	0.11172478330312158	0.03125821671067803	0.10578643948870438
UP000001189	0.013715225739816721	0.031213308178117037	0.031213308178117037	0.031213308178117037	0.031213308178117037	0.024465398952076597	0.031213308178117037	0.041963481390376915	0.024465398952076597	0.031213308178117037	0.035215572164336476	0.035215572164336476	0.07964477581833285	0.07964477581833285	0.07964477581833285	0.062426616356234074	0.062426616356234074	0.08689201530831067	0.07964477581833285	0.10735515027416784
UP000516359	0.018866447474735364	0.028443862985679243	0.028443862985679243	0.028443862985679243	0.028443862985679243	0.05603125878632784	0.028443862985679243	0.06560867429727171	0.05603125878632784	0.028443862985679243	0.0931960700979203	0.0931960700979203	0.028878642353311206	0.028878642353311206	0.028878642353311206	0.05688772597135849	0.05688772597135849	0.11291898475768633	0.028878642353311206	0.10419803643177311
UP000002477	0.016821877236159296	0.03164952711746086	0.03164952711746086	0.03164952711746086	0.03164952711746086	0.03590619309293314	0.03164952711746086	0.05073384297423471	0.03590619309293314	0.03164952711746086	0.05499050894970697	0.05499050894970697	0.055794974653330096	0.055794974653330096	0.055794974653330096	0.06329905423492171	0.06329905423492171	0.09920524732785485	0.055794974653330096	0.11177045858854188
UP000009104	0.018035813288946552	0.03093745775323646	0.03093745775323646	0.03093745775323646	0.03093745775323646	0.043248921733695864	0.03093745775323646	0.056150566197985766	0.043248921733695864	0.03093745775323646	0.06846203017844517	0.06846203017844517	0.04426127884189906	0.04426127884189906	0.04426127884189906	0.06187491550647292	0.06187491550647292	0.10512383724016879	0.04426127884189906	0.11084818654865591
UP000007218	0.01808579752282655	0.030881624700750288	0.030881624700750288	0.030881624700750288	0.030881624700750288	0.04364851163958237	0.030881624700750288	0.05644433881750611	0.04364851163958237	0.030881624700750288	0.06921122575633819	0.06921122575633819	0.043697927298540766	0.043697927298540766	0.043697927298540766	0.061763249401500575	0.061763249401500575	0.10541176104108295	0.043697927298540766	0.11073067162507741
UP000000518	0.012612222248947938	0.030651974244619035	0.030651974244619035	0.030651974244619035	0.030651974244619035	0.021429868416978862	0.030651974244619035	0.03946962041264996	0.021429868416978862	0.030651974244619035	0.030247514585009787	0.030247514585009787	0.08768542174980312	0.08768542174980312	0.08768542174980312	0.06130394848923807	0.06130394848923807	0.08273381690621692	0.08768542174980312	0.10456814498280503
UP000008774	0.01224654619216401	0.03042896798363791	0.03042896798363791	0.03042896798363791	0.03042896798363791	0.020495056503762567	0.03042896798363791	0.03867747829523647	0.020495056503762567	0.03042896798363791	0.028743566815361127	0.028743566815361127	0.09035565160596422	0.09035565160596422	0.09035565160596422	0.06085793596727582	0.06085793596727582	0.08135299247103839	0.09035565160596422	0.10353345014307773
UP000001833	0.018203796022641005	0.030734978310130865	0.030734978310130865	0.030734978310130865	0.030734978310130865	0.044648083722832084	0.030734978310130865	0.057179266010321944	0.044648083722832084	0.030734978310130865	0.07109237142302316	0.07109237142302316	0.04231486831947265	0.04231486831947265	0.04231486831947265	0.06146995662026173	0.06146995662026173	0.10611804034309383	0.04231486831947265	0.1104087309530336
UP000002138	0.013803611348073027	0.031250717162187094	0.031250717162187094	0.031250717162187094	0.031250717162187094	0.02472460238685671	0.031250717162187094	0.04217170820097077	0.02472460238685671	0.031250717162187094	0.035645593425640394	0.035645593425640394	0.07899882941455648	0.07899882941455648	0.07899882941455648	0.06250143432437419	0.06250143432437419	0.0872260367112309	0.07899882941455648	0.10755576283463429
UP000008478	0.01832713319157082	0.030554396366657334	0.030554396366657334	0.030554396366657334	0.030554396366657334	0.0457972061107464	0.030554396366657334	0.05802446928583291	0.0457972061107464	0.030554396366657334	0.07326727902992197	0.07326727902992197	0.040769785609770584	0.040769785609770584	0.040769785609770584	0.06110879273331467	0.06110879273331467	0.10690599884406107	0.040769785609770584	0.10999032229154282
UP000158064	0.018243198634269688	0.030680682359990687	0.030680682359990687	0.030680682359990687	0.030680682359990687	0.04500217205275562	0.030680682359990687	0.057439655778476616	0.04500217205275562	0.030680682359990687	0.07176114547124154	0.07176114547124154	0.04183372611309345	0.04183372611309345	0.04183372611309345	0.061361364719981375	0.061361364719981375	0.10636353677273698	0.04183372611309345	0.11028524571424174
UP000001065	0.018864595879822803	0.028084070692812428	0.028084070692812428	0.028084070692812428	0.028084070692812428	0.05746473145453321	0.028084070692812428	0.06668420626752283	0.05746473145453321	0.028084070692812428	0.09606486702924362	0.09606486702924362	0.027450403289639547	0.027450403289639547	0.027450403289639547	0.056168141385624856	0.056168141385624856	0.11363287284015806	0.027450403289639547	0.10311680795826009
UP000002473	0.0172831716867012	0.031485785340798295	0.031485785340798295	0.031485785340798295	0.031485785340798295	0.03831507685760756	0.031485785340798295	0.05251769051170466	0.03831507685760756	0.031485785340798295	0.05934698202851392	0.05934698202851392	0.051747497843267015	0.051747497843267015	0.051747497843267015	0.06297157068159659	0.06297157068159659	0.10128664753920415	0.051747497843267015	0.11174052770909608
UP000001594	0.014340438415986879	0.031452063895907746	0.031452063895907746	0.031452063895907746	0.031452063895907746	0.02635847692460338	0.031452063895907746	0.04347010240452425	0.02635847692460338	0.031452063895907746	0.038376515433219884	0.038376515433219884	0.07505990017115899	0.07505990017115899	0.07505990017115899	0.06290412779181549	0.06290412779181549	0.08926260471641888	0.07505990017115899	0.10869663010371013
UP000000868	0.01832812287911158	0.03055281186580609	0.03055281186580609	0.03055281186580609	0.03055281186580609	0.045806947791339016	0.03055281186580609	0.05803163677803353	0.045806947791339016	0.03055281186580609	0.07328577270356645	0.07328577270356645	0.04075688767387548	0.04075688767387548	0.04075688767387548	0.06110562373161218	0.06110562373161218	0.10691257152295121	0.04075688767387548	0.10998655847652987
UP000009165	0.018073560029045626	0.030895612386601694	0.030895612386601694	0.030895612386601694	0.030895612386601694	0.04354947940719556	0.030895612386601694	0.05637153176475163	0.04354947940719556	0.030895612386601694	0.06902539878534548	0.06902539878534548	0.04383698164646352	0.04383698164646352	0.04383698164646352	0.06179122477320339	0.06179122477320339	0.10534070418039895	0.04383698164646352	0.11076039718885072
UP000002243	0.018505129708463797	0.030223221637266453	0.030223221637266453	0.030223221637266453	0.030223221637266453	0.047728302525990904	0.030223221637266453	0.059446394454793564	0.047728302525990904	0.030223221637266453	0.07695147534351801	0.07695147534351801	0.03827679082606832	0.03827679082606832	0.03827679082606832	0.060446443274532906	0.060446443274532906	0.10817474580052382	0.03827679082606832	0.10917479462026317
UP000242267	0.018762052136656295	0.029422456810326892	0.029422456810326892	0.029422456810326892	0.029422456810326892	0.05178280614686999	0.029422456810326892	0.062443210820540586	0.05178280614686999	0.029422456810326892	0.08480356015708368	0.08480356015708368	0.03343507349911655	0.03343507349911655	0.03343507349911655	0.058844913620653784	0.058844913620653784	0.11062771976752378	0.03343507349911655	0.10702942256763696
UP000158680	0.011209837696053715	0.02970107943646688	0.02970107943646688	0.02970107943646688	0.02970107943646688	0.018005512261122653	0.02970107943646688	0.03649675400153582	0.018005512261122653	0.02970107943646688	0.02480118682619159	0.02480118682619159	0.09798711715590065	0.09798711715590065	0.09798711715590065	0.05940215887293376	0.05940215887293376	0.07740767113405642	0.09798711715590065	0.10031307600545433
UP000153037	0.01289375710772774	0.030811398470981986	0.030811398470981986	0.030811398470981986	0.030811398470981986	0.022172264751821196	0.030811398470981986	0.040089906115075444	0.022172264751821196	0.030811398470981986	0.03145077239591465	0.03145077239591465	0.0856333158893616	0.0856333158893616	0.0856333158893616	0.06162279694196397	0.06162279694196397	0.08379506169378516	0.0856333158893616	0.1053279525206737
UP000000373	0.017964897601871203	0.031011118243881784	0.031011118243881784	0.031011118243881784	0.031011118243881784	0.04270290830256864	0.031011118243881784	0.05574912894457923	0.04270290830256864	0.031011118243881784	0.06744091900326608	0.06744091900326608	0.045040934819803376	0.045040934819803376	0.045040934819803376	0.06202223648776357	0.06202223648776357	0.10472514479033221	0.045040934819803376	0.11099825233351654
UP000000522	0.01769518190517871	0.031242370990111325	0.031242370990111325	0.031242370990111325	0.031242370990111325	0.04080842412054133	0.031242370990111325	0.05435561320547395	0.04080842412054133	0.031242370990111325	0.06392166633590393	0.06392166633590393	0.04783746327476669	0.04783746327476669	0.04783746327476669	0.06248474198022265	0.06248474198022265	0.10329316610076399	0.04783746327476669	0.11142229487551268
UP000007081	0.01796781663819213	0.03100820656565033	0.03100820656565033	0.03100820656565033	0.03100820656565033	0.042724931765854686	0.03100820656565033	0.055765321693312886	0.042724931765854686	0.03100820656565033	0.06748204689351724	0.06748204689351724	0.04500926436523734	0.04500926436523734	0.04500926436523734	0.06201641313130066	0.06201641313130066	0.10474134489715534	0.04500926436523734	0.11099243633514311
UP000002246	0.018866470472995972	0.028442763087172255	0.028442763087172255	0.028442763087172255	0.028442763087172255	0.05603573027417487	0.028442763087172255	0.06561202288835115	0.05603573027417487	0.028442763087172255	0.09320499007535377	0.09320499007535377	0.02887410472121026	0.02887410472121026	0.02887410472121026	0.05688552617434451	0.05688552617434451	0.11292125644851939	0.02887410472121026	0.10419475973451274
UP000006723	0.0157548073666362	0.03174065588586137	0.03174065588586137	0.03174065588586137	0.03174065588586137	0.03128191278498813	0.03174065588586137	0.047267761304213306	0.03128191278498813	0.03174065588586137	0.046809018203340054	0.046809018203340054	0.06441225272823728	0.06441225272823728	0.06441225272823728	0.06348131177172274	0.06348131177172274	0.09476322455671086	0.06441225272823728	0.11097677502422032
UP000000469	0.01830538527103695	0.030588623539989847	0.030588623539989847	0.030588623539989847	0.030588623539989847	0.04558541701706784	0.030588623539989847	0.05786865528602073	0.04558541701706784	0.030588623539989847	0.07286544876309872	0.07286544876309872	0.041051018123664185	0.041051018123664185	0.041051018123664185	0.061177247079979694	0.061177247079979694	0.10676266409704752	0.041051018123664185	0.1100712558910065
UP000000869	0.011425159820560122	0.02986378673752123	0.02986378673752123	0.02986378673752123	0.02986378673752123	0.018504552310749673	0.02986378673752123	0.03694317922771078	0.018504552310749673	0.02986378673752123	0.025583944800939225	0.025583944800939225	0.09639203838355577	0.09639203838355577	0.09639203838355577	0.05972757347504246	0.05972757347504246	0.07823212578579214	0.09639203838355577	0.10101652003312381
