Proteome_ID	M	W	C	D	E	F	H	K	N	Q	Y	I	A	G	P	T	V	L	R	S
UP000001015	0.020848650637820605	0.010329370337525658	0.03117802097534626	0.03117802097534626	0.03117802097534626	0.0629292634162002	0.03117802097534626	0.0629292634162002	0.0629292634162002	0.03117802097534626	0.0629292634162002	0.1050098761945798	0.030894020974314682	0.030894020974314682	0.030894020974314682	0.06235604195069252	0.06235604195069252	0.08320469258851311	0.06207204194966095	0.09353406292603877
UP000007478	0.020187286011882303	0.012408698741248751	0.03259598475313105	0.03259598475313105	0.03259598475313105	0.05302928862822814	0.03259598475313105	0.05302928862822814	0.05302928862822814	0.03259598475313105	0.05302928862822814	0.08587129124457399	0.04007212804513358	0.04007212804513358	0.04007212804513358	0.0651919695062621	0.0651919695062621	0.08537925551814442	0.07266811279826463	0.09778795425939317
UP000000674	0.01443818533284867	0.018033628176680958	0.03247181350952962	0.03247181350952962	0.03247181350952962	0.025997766891441787	0.03247181350952962	0.025997766891441787	0.025997766891441787	0.03247181350952962	0.025997766891441787	0.0375573484500349	0.08111609562471885	0.08111609562471885	0.08111609562471885	0.06494362701905924	0.06494362701905924	0.07938181235190792	0.11358790913424847	0.09741544052858889
UP000001931	0.020938404177878133	0.009489507102798734	0.030427911280676866	0.030427911280676866	0.030427911280676866	0.06713856660642856	0.030427911280676866	0.06713856660642856	0.06713856660642856	0.030427911280676866	0.06713856660642856	0.11333872903497898	0.02758050496764973	0.02758050496764973	0.02758050496764973	0.06085582256135373	0.06085582256135373	0.08179422673923187	0.0580084162483266	0.0912837338420306
UP000000641	0.014540607209995964	0.017984222732523706	0.03252482994251967	0.03252482994251967	0.03252482994251967	0.026296981737821724	0.03252482994251967	0.026296981737821724	0.026296981737821724	0.03252482994251967	0.026296981737821724	0.03805335626564748	0.08045520762318871	0.08045520762318871	0.08045520762318871	0.06504965988503934	0.06504965988503934	0.0795902670950353	0.11298003756570836	0.09757448982755901
UP000002518	0.01365196166409001	0.01837365412919338	0.03202561579328339	0.03202561579328339	0.03202561579328339	0.023795619314728792	0.03202561579328339	0.023795619314728792	0.023795619314728792	0.03202561579328339	0.023795619314728792	0.033939276965367575	0.08620410785477321	0.08620410785477321	0.08620410785477321	0.06405123158656678	0.06405123158656678	0.0777031932506568	0.11822972364805662	0.09607684737985019
UP000001826	0.012174998483751096	0.018830348685314167	0.031005347169065264	0.031005347169065264	0.031005347169065264	0.02004689669214417	0.031005347169065264	0.02004689669214417	0.02004689669214417	0.031005347169065264	0.02004689669214417	0.027918794900537246	0.09590826628552268	0.09590826628552268	0.09590826628552268	0.06201069433813053	0.06201069433813053	0.07418569282188162	0.12691361345458796	0.09301604150719579
UP000005223	0.016358264201737218	0.016895341935902752	0.03325360613763997	0.03325360613763997	0.03325360613763997	0.032196523569853364	0.03325360613763997	0.032196523569853364	0.032196523569853364	0.03325360613763997	0.032196523569853364	0.04803478293796951	0.06869079009466007	0.06869079009466007	0.06869079009466007	0.06650721227527993	0.06650721227527993	0.08286547647701714	0.10194439623230006	0.09976081841291991
UP000000536	0.014609040899554776	0.017950542263956638	0.032559583163511416	0.032559583163511416	0.032559583163511416	0.026498602388368625	0.032559583163511416	0.026498602388368625	0.026498602388368625	0.032559583163511416	0.026498602388368625	0.038388163877182475	0.08001376376340141	0.08001376376340141	0.08001376376340141	0.06511916632702283	0.06511916632702283	0.07972820722657761	0.11257334692691283	0.09767874949053425
UP000002199	0.017231684706914576	0.016208922063746488	0.03344060677066107	0.03344060677066107	0.03344060677066107	0.03555066709641234	0.03344060677066107	0.03555066709641234	0.03555066709641234	0.03344060677066107	0.03555066709641234	0.0538696494859101	0.0629115722727372	0.0629115722727372	0.0629115722727372	0.06688121354132213	0.06688121354132213	0.08411289824823671	0.09635217904339828	0.1003218203119832
UP000002439	0.015977492277039596	0.017158780737944197	0.03313627301498379	0.03313627301498379	0.03313627301498379	0.030855021360347016	0.03313627301498379	0.030855021360347016	0.030855021360347016	0.03313627301498379	0.030855021360347016	0.045732550443654436	0.0711723758995443	0.0711723758995443	0.0711723758995443	0.06627254602996759	0.06627254602996759	0.0822500383070072	0.1043086489145281	0.09940881904495137
UP000001024	0.017440832123320364	0.016025580202905274	0.03346641232622564	0.03346641232622564	0.03346641232622564	0.03642189997250178	0.03346641232622564	0.03642189997250178	0.03642189997250178	0.03346641232622564	0.03642189997250178	0.05540296782168319	0.061501500736344805	0.061501500736344805	0.061501500736344805	0.06693282465245128	0.06693282465245128	0.08437365677577163	0.09496791306257042	0.1003992369786769
UP000000578	0.02086192156213605	0.010248031401364556	0.031109952963500605	0.031109952963500605	0.031109952963500605	0.06333054350710456	0.031109952963500605	0.06333054350710456	0.06333054350710456	0.031109952963500605	0.06333054350710456	0.10579916545207307	0.03056437288534077	0.03056437288534077	0.03056437288534077	0.06221990592700121	0.06221990592700121	0.08308182748913727	0.061674325848841374	0.09332985889050183
UP000001686	0.016576278698309087	0.01673516235275768	0.033311441051066766	0.033311441051066766	0.033311441051066766	0.032995182183803956	0.033311441051066766	0.032995182183803956	0.032995182183803956	0.033311441051066766	0.032995182183803956	0.04941408566929882	0.067261462520027	0.067261462520027	0.067261462520027	0.06662288210213353	0.06662288210213353	0.08319916080044262	0.10057290357109377	0.0999343231532003
UP000002698	0.01043810966861291	0.01906378604335831	0.02950189571197122	0.02950189571197122	0.02950189571197122	0.016153350765328284	0.02950189571197122	0.016153350765328284	0.016153350765328284	0.02950189571197122	0.016153350765328284	0.02186859186204365	0.10776239100412273	0.10776239100412273	0.10776239100412273	0.05900379142394244	0.05900379142394244	0.06944190109255535	0.13726428671609395	0.08850568713591365
UP000001975	0.01717899091858817	0.01625387523151093	0.0334328661500991	0.0334328661500991	0.0334328661500991	0.03533575198494596	0.0334328661500991	0.03533575198494596	0.03533575198494596	0.0334328661500991	0.03533575198494596	0.05349251305130374	0.06326490742218469	0.06326490742218469	0.06326490742218469	0.0668657323001982	0.0668657323001982	0.08404472321878637	0.09669777357228378	0.10029859845029729
UP000001013	0.019346907592829025	0.013870866339993359	0.03321777393282238	0.03321777393282238	0.03321777393282238	0.046331727735335324	0.03321777393282238	0.046331727735335324	0.046331727735335324	0.03321777393282238	0.046331727735335324	0.07331654787784161	0.0476313126657075	0.0476313126657075	0.0476313126657075	0.06643554786564476	0.06643554786564476	0.0857824554584738	0.08084908659852988	0.09965332179846717
UP000000590	0.020636516612279943	0.011234373665238728	0.03187089027751867	0.03187089027751867	0.03187089027751867	0.05854390963469785	0.03187089027751867	0.05854390963469785	0.05854390963469785	0.03187089027751867	0.05854390963469785	0.09645130265711574	0.03470057443787856	0.03470057443787856	0.03470057443787856	0.06374178055503733	0.06374178055503733	0.08437829716731729	0.06657146471539722	0.09561267083255601
UP000001974	0.020564649336030028	0.01146230518498729	0.032026954521017316	0.032026954521017316	0.032026954521017316	0.05745991564492033	0.032026954521017316	0.05745991564492033	0.05745991564492033	0.032026954521017316	0.05745991564492033	0.09435518195381064	0.03570230844855024	0.03570230844855024	0.03570230844855024	0.06405390904203463	0.06405390904203463	0.08461855837806467	0.06772926296956755	0.09608086356305195
UP000001018	0.020454395808622548	0.011774116671296336	0.03222851247991888	0.03222851247991888	0.03222851247991888	0.05598846766946572	0.03222851247991888	0.05598846766946572	0.05598846766946572	0.03222851247991888	0.05598846766946572	0.09152253953030891	0.03710324857612589	0.03710324857612589	0.03710324857612589	0.06445702495983777	0.06445702495983777	0.08491142076846031	0.06933176105604477	0.09668553743975664
UP000001137	0.018142618519178165	0.015346731277362656	0.03348934979654082	0.03348934979654082	0.03348934979654082	0.03959048261372638	0.03348934979654082	0.03959048261372638	0.03959048261372638	0.03348934979654082	0.03959048261372638	0.06103834670827459	0.05665687689324716	0.05665687689324716	0.05665687689324716	0.06697869959308164	0.06697869959308164	0.0851213181122598	0.09014622668978797	0.10046804938962246
UP000000554	0.009230535044676103	0.019020661435389614	0.028251196480065716	0.028251196480065716	0.028251196480065716	0.013710020550499068	0.028251196480065716	0.013710020550499068	0.013710020550499068	0.028251196480065716	0.013710020550499068	0.018189506056322035	0.11643018325398852	0.11643018325398852	0.11643018325398852	0.05650239296013143	0.05650239296013143	0.06573292800480754	0.14468137973405426	0.08475358944019716
UP000000365	0.015686295569189407	0.017346941528238718	0.03303323709742812	0.03303323709742812	0.03303323709742812	0.029870921042412776	0.03303323709742812	0.029870921042412776	0.029870921042412776	0.03303323709742812	0.029870921042412776	0.044055546515636146	0.07306067004666836	0.07306067004666836	0.07306067004666836	0.06606647419485624	0.06606647419485624	0.08175276976404566	0.10609390714409647	0.09909971129228436
UP000008243	0.010254066739847991	0.019068558221135075	0.029322624960983062	0.029322624960983062	0.029322624960983062	0.01576816400330632	0.029322624960983062	0.01576816400330632	0.01576816400330632	0.029322624960983062	0.01576816400330632	0.021282261266764656	0.10905725415110828	0.10905725415110828	0.10905725415110828	0.058645249921966125	0.058645249921966125	0.06889931666181412	0.13837987911209135	0.0879678748829492
UP000000805	0.02092802208037681	0.009670396604900457	0.030598418685277268	0.030598418685277268	0.030598418685277268	0.06621904023518471	0.030598418685277268	0.06621904023518471	0.06621904023518471	0.030598418685277268	0.06621904023518471	0.1115100583899926	0.02827776490611389	0.02827776490611389	0.02827776490611389	0.061196837370554535	0.061196837370554535	0.08212485945093136	0.058876183591391164	0.0917952560558318
UP000001400	0.019399064106497763	0.013794295813811766	0.03319335992030953	0.03319335992030953	0.03319335992030953	0.04668017314514906	0.03319335992030953	0.04668017314514906	0.04668017314514906	0.03319335992030953	0.04668017314514906	0.07396128218380035	0.04720630060103831	0.04720630060103831	0.04720630060103831	0.06638671984061906	0.06638671984061906	0.08578578394711682	0.08039966052134784	0.0995800797609286
UP000002408	0.013663850453056963	0.018369021282595405	0.03203287173565237	0.03203287173565237	0.03203287173565237	0.023827745759792955	0.03203287173565237	0.023827745759792955	0.023827745759792955	0.03203287173565237	0.023827745759792955	0.033991641066528945	0.08612689441770109	0.08612689441770109	0.08612689441770109	0.06406574347130474	0.06406574347130474	0.0777295939243617	0.11815976615335347	0.09609861520695709
UP000000254	0.020284444126794764	0.012193207726969644	0.03247765185376441	0.03247765185376441	0.03247765185376441	0.05402935217285147	0.03247765185376441	0.05402935217285147	0.05402935217285147	0.03247765185376441	0.05402935217285147	0.08777426021890816	0.03904536432566515	0.03904536432566515	0.03904536432566515	0.06495530370752882	0.06495530370752882	0.08523974783432357	0.07152301617942956	0.09743295556129321
UP000000663	0.013319173186966493	0.018497091659792478	0.031816264846758965	0.031816264846758965	0.031816264846758965	0.022909890346574136	0.031816264846758965	0.022909890346574136	0.022909890346574136	0.031816264846758965	0.022909890346574136	0.03250060750618178	0.08837010509310293	0.08837010509310293	0.08837010509310293	0.06363252969351793	0.06363252969351793	0.07695170288048443	0.1201863699398619	0.0954487945402769
UP000002613	0.018379453146428557	0.015092195870090598	0.03347164901651915	0.03347164901651915	0.03347164901651915	0.04076216676010595	0.03347164901651915	0.04076216676010595	0.04076216676010595	0.03347164901651915	0.04076216676010595	0.06314488037378334	0.054970153793764395	0.054970153793764395	0.054970153793764395	0.0669432980330383	0.0669432980330383	0.08532275117946686	0.08844180281028355	0.10041494704955746
UP000002487	0.017319860413410187	0.016132596683630828	0.03345245709704102	0.03345245709704102	0.03345245709704102	0.03591436014725588	0.03345245709704102	0.03591436014725588	0.03591436014725588	0.03345245709704102	0.03591436014725588	0.05450885988110158	0.062318631390952124	0.062318631390952124	0.062318631390952124	0.06690491419408204	0.06690491419408204	0.08422477460749223	0.09577108848799314	0.10035737129112307
UP000007722	0.02090322303395268	0.009941187274944146	0.030844410308896824	0.030844410308896824	0.030844410308896824	0.06485619576472992	0.030844410308896824	0.06485619576472992	0.06485619576472992	0.030844410308896824	0.06485619576472992	0.10880916849550717	0.02933806511731786	0.02933806511731786	0.02933806511731786	0.06168882061779365	0.06168882061779365	0.08259204365174633	0.06018247542621468	0.09253323092669047
UP000002071	0.011027152592406123	0.01902227878381028	0.030049431376216403	0.030049431376216403	0.030049431376216403	0.017419556766384493	0.030049431376216403	0.017419556766384493	0.017419556766384493	0.030049431376216403	0.017419556766384493	0.023811960940362864	0.10367293934555764	0.10367293934555764	0.10367293934555764	0.060098862752432806	0.060098862752432806	0.07112601534483894	0.13372237072177404	0.0901482941286492
UP000002376	0.017467024557772545	0.016002050274412243	0.03346907483218479	0.03346907483218479	0.03346907483218479	0.03653314056602483	0.03346907483218479	0.03653314056602483	0.03653314056602483	0.03346907483218479	0.03653314056602483	0.055599256574277105	0.0613239898222236	0.0613239898222236	0.0613239898222236	0.06693814966436958	0.06693814966436958	0.08440517422214211	0.09479306465440838	0.10040722449655436
UP000001941	0.01697278823316298	0.016425195117753803	0.03339798335091678	0.03339798335091678	0.03339798335091678	0.03451142557308829	0.03339798335091678	0.03451142557308829	0.03451142557308829	0.03339798335091678	0.03451142557308829	0.052050062913013596	0.06464092823670047	0.06464092823670047	0.06464092823670047	0.06679596670183356	0.06679596670183356	0.08376875493499654	0.09803891158761724	0.10019395005275034
UP000000391	0.020132343598350137	0.012524436837356942	0.03265678043570708	0.03265678043570708	0.03265678043570708	0.05249397901760492	0.03265678043570708	0.05249397901760492	0.05249397901760492	0.03265678043570708	0.05249397901760492	0.0848556144368597	0.040631909730764366	0.040631909730764366	0.040631909730764366	0.06531356087141416	0.06531356087141416	0.08544590446976429	0.07328869016647144	0.09797034130712125
UP000009079	0.019747544011676565	0.013242668149497134	0.0329902121611737	0.0329902121611737	0.0329902121611737	0.04919519686310825	0.0329902121611737	0.04919519686310825	0.04919519686310825	0.0329902121611737	0.04919519686310825	0.07864284971453994	0.04424635606064281	0.04424635606064281	0.04424635606064281	0.0659804243223474	0.0659804243223474	0.08572796833402396	0.07723656822181652	0.09897063648352109
UP000000242	0.01780986513303574	0.015681647555097513	0.03349151268813325	0.03349151268813325	0.03349151268813325	0.03803677655560595	0.03349151268813325	0.03803677655560595	0.03803677655560595	0.03349151268813325	0.03803677655560595	0.05826368797817616	0.05897878441405805	0.05897878441405805	0.05897878441405805	0.0669830253762665	0.0669830253762665	0.08479289050930225	0.0924702971021913	0.10047453806439974
UP000002654	0.011553282937347262	0.018952232116812108	0.03050551505415937	0.03050551505415937	0.03050551505415937	0.01859616558081139	0.03050551505415937	0.01859616558081139	0.01859616558081139	0.03050551505415937	0.01859616558081139	0.025639048224275523	0.10008369141214543	0.10008369141214543	0.10008369141214543	0.06101103010831874	0.06101103010831874	0.07256431304566599	0.1305892064663048	0.09151654516247812
UP000002593	0.015481841328154083	0.01747246424875396	0.03295430557690804	0.03295430557690804	0.03295430557690804	0.02919984970394647	0.03295430557690804	0.02919984970394647	0.02919984970394647	0.03295430557690804	0.02919984970394647	0.04291785807973885	0.07438300313644815	0.07438300313644815	0.07438300313644815	0.06590861115381608	0.06590861115381608	0.08139045248197016	0.1073373087133562	0.09886291673072413
UP000001746	0.010213549098559146	0.019069075109556546	0.029282624208115695	0.029282624208115695	0.029282624208115695	0.015684007659834603	0.029282624208115695	0.015684007659834603	0.015684007659834603	0.029282624208115695	0.015684007659834603	0.02115446622111006	0.10934349167778533	0.10934349167778533	0.10934349167778533	0.05856524841623139	0.05856524841623139	0.06877879751479053	0.138626115885901	0.08784787262434707
UP000001059	0.018798090137389097	0.014604025461071648	0.03340211559846075	0.03340211559846075	0.03340211559846075	0.04299471960474657	0.03340211559846075	0.04299471960474657	0.04299471960474657	0.03340211559846075	0.04299471960474657	0.06719134907210406	0.05189945819903717	0.05189945819903717	0.05189945819903717	0.0668042311969215	0.0668042311969215	0.08560232133431059	0.0853015737974979	0.10020634679538222
UP000000262	0.013911851731367912	0.018268846535831374	0.03218069826719929	0.03218069826719929	0.03218069826719929	0.024505822084995212	0.03218069826719929	0.024505822084995212	0.024505822084995212	0.03218069826719929	0.024505822084995212	0.03509979243862251	0.08451847380371004	0.08451847380371004	0.08451847380371004	0.06436139653439858	0.06436139653439858	0.07827324826576648	0.11669917207090932	0.09654209480159787
UP000001879	0.012840917597869659	0.018653513973133883	0.03149443157100354	0.03149443157100354	0.03149443157100354	0.02168049415126136	0.03149443157100354	0.02168049415126136	0.02168049415126136	0.03149443157100354	0.02168049415126136	0.030520070704653058	0.09150153248909378	0.09150153248909378	0.09150153248909378	0.06298886314200708	0.06298886314200708	0.07582978073987674	0.12299596406009732	0.09448329471301062
UP000000740	0.009139580006462936	0.019010065223285154	0.028149645229748086	0.028149645229748086	0.028149645229748086	0.01353366922779922	0.028149645229748086	0.01353366922779922	0.01353366922779922	0.028149645229748086	0.01353366922779922	0.0179277584491355	0.11710091523930882	0.11710091523930882	0.11710091523930882	0.05629929045949617	0.05629929045949617	0.06543887046595911	0.1452505604690569	0.08444893568924425
UP000008680	0.02041440255971006	0.01187850331617025	0.03229290587588031	0.03229290587588031	0.03229290587588031	0.05549860641749544	0.03229290587588031	0.05549860641749544	0.05549860641749544	0.03229290587588031	0.05549860641749544	0.09058281027528081	0.037580466870235564	0.037580466870235564	0.037580466870235564	0.06458581175176062	0.06458581175176062	0.08500021431147069	0.06987337274611588	0.09687871762764094
UP000000792	0.020623864985855153	0.011276253384782374	0.031900118370637526	0.031900118370637526	0.031900118370637526	0.05834417796931432	0.031900118370637526	0.05834417796931432	0.05834417796931432	0.031900118370637526	0.05834417796931432	0.09606449095277349	0.03488325956347843	0.03488325956347843	0.03488325956347843	0.06380023674127505	0.06380023674127505	0.0844241017271302	0.06678337793411596	0.09570035511191258
UP000002457	0.013346427963434928	0.018487434235205623	0.03183386219864055	0.03183386219864055	0.03183386219864055	0.02298146639640202	0.03183386219864055	0.02298146639640202	0.02298146639640202	0.03183386219864055	0.02298146639640202	0.03261650482936912	0.08819235161083479	0.08819235161083479	0.08819235161083479	0.0636677243972811	0.0636677243972811	0.07701415236071602	0.12002621380947535	0.09550158659592164
UP000000758	0.012888758667070942	0.018638974991898535	0.03152773365896948	0.03152773365896948	0.03152773365896948	0.02180127129451965	0.03152773365896948	0.02180127129451965	0.02180127129451965	0.03152773365896948	0.02180127129451965	0.030713783921968354	0.09118715842234262	0.09118715842234262	0.09118715842234262	0.06305546731793896	0.06305546731793896	0.0759442259850099	0.12271489208131212	0.09458320097690844
UP000006565	0.01737139460161464	0.01608733758197744	0.03345873218359208	0.03345873218359208	0.03345873218359208	0.03612933691912232	0.03345873218359208	0.03612933691912232	0.03612933691912232	0.03345873218359208	0.03612933691912232	0.05488727923663	0.061971065886948236	0.061971065886948236	0.061971065886948236	0.06691746436718415	0.06691746436718415	0.08428885896879879	0.0954297980705403	0.10037619655077622
UP000001169	0.010935044378732384	0.019031369308531915	0.029966413687264302	0.029966413687264302	0.029966413687264302	0.0172181022936056	0.029966413687264302	0.0172181022936056	0.0172181022936056	0.029966413687264302	0.0172181022936056	0.02350116020847882	0.10430719181053442	0.10430719181053442	0.10430719181053442	0.059932827374528604	0.059932827374528604	0.07086787175326098	0.1342736054977987	0.0898992410617929
UP000006681	0.018543069789969464	0.01490761205251682	0.033450681842486285	0.033450681842486285	0.033450681842486285	0.04160816137032271	0.033450681842486285	0.04160816137032271	0.04160816137032271	0.033450681842486285	0.04160816137032271	0.06467325295067596	0.05378503057457081	0.05378503057457081	0.05378503057457081	0.06690136368497257	0.06690136368497257	0.08544443347494204	0.08723571241705712	0.10035204552745886
UP000009227	0.020173089604904187	0.012438997743599068	0.03261208734850326	0.03261208734850326	0.03261208734850326	0.0528890328501633	0.03261208734850326	0.0528890328501633	0.0528890328501633	0.03261208734850326	0.0528890328501633	0.08560497609542243	0.04021810133074204	0.04021810133074204	0.04021810133074204	0.06522417469700652	0.06522417469700652	0.0853972643019107	0.07283018867924529	0.09783626204550976
UP000000346	0.011867280432453728	0.01889592202045063	0.030763202452904356	0.030763202452904356	0.030763202452904356	0.019320335367274028	0.030763202452904356	0.019320335367274028	0.019320335367274028	0.030763202452904356	0.019320335367274028	0.02677339030209433	0.09796668713747154	0.09796668713747154	0.09796668713747154	0.06152640490580871	0.06152640490580871	0.07339368533826243	0.1287298895903759	0.09228960735871307
UP000005877	0.011683512256634563	0.018930183243042006	0.030613695499676567	0.030613695499676567	0.030613695499676567	0.018894454533228938	0.030613695499676567	0.018894454533228938	0.018894454533228938	0.030613695499676567	0.018894454533228938	0.02610539680982332	0.09920353620145034	0.09920353620145034	0.09920353620145034	0.061227390999353135	0.061227390999353135	0.07291090325598769	0.1298172317011269	0.09184108649902971
UP000001304	0.02073911350958489	0.010857583961855316	0.031596697471440206	0.031596697471440206	0.031596697471440206	0.06035297518217291	0.031596697471440206	0.06035297518217291	0.06035297518217291	0.031596697471440206	0.06035297518217291	0.09996683685476093	0.0330837473409798	0.0330837473409798	0.0330837473409798	0.06319339494288041	0.06319339494288041	0.08393250845246533	0.06468044481242001	0.09479009241432064
UP000002315	0.02090076926402271	0.009962809910021783	0.030863579174044493	0.030863579174044493	0.030863579174044493	0.06474805329063937	0.030863579174044493	0.06474805329063937	0.06474805329063937	0.030863579174044493	0.06474805329063937	0.10859533731725605	0.029423603367862938	0.029423603367862938	0.029423603367862938	0.061727158348088985	0.061727158348088985	0.08262792761211171	0.06028718254190744	0.0925907375221335
UP000012076	0.012996394448216436	0.018605364683762483	0.03160175913197892	0.03160175913197892	0.03160175913197892	0.022074758217191154	0.03160175913197892	0.022074758217191154	0.022074758217191154	0.03160175913197892	0.022074758217191154	0.031153121986165867	0.09048082614629757	0.09048082614629757	0.09048082614629757	0.06320351826395784	0.06320351826395784	0.07619991271217429	0.12208258527827648	0.09480527739593678
UP000006663	0.013291306698213748	0.01850688274434826	0.031798189442562005	0.031798189442562005	0.031798189442562005	0.022836881508749077	0.031798189442562005	0.022836881508749077	0.022836881508749077	0.031798189442562005	0.022836881508749077	0.03238245631928441	0.08855191996662835	0.08855191996662835	0.08855191996662835	0.06359637888512401	0.06359637888512401	0.07688768558333775	0.12035010940919036	0.09539456832768602
UP000014070	0.01993111854837266	0.012917654929914774	0.032848773478287435	0.032848773478287435	0.032848773478287435	0.050683564618853476	0.032848773478287435	0.050683564618853476	0.050683564618853476	0.032848773478287435	0.050683564618853476	0.08143601068933429	0.04257955915857006	0.04257955915857006	0.04257955915857006	0.06569754695657487	0.06569754695657487	0.08562866550494753	0.07542833263685751	0.0985463204348623
UP000001901	0.01851514136646502	0.014939655662961637	0.03345479702942666	0.03345479702942666	0.03345479702942666	0.0414614841439682	0.03345479702942666	0.0414614841439682	0.0414614841439682	0.03345479702942666	0.0414614841439682	0.06440782692147137	0.05398858566634108	0.05398858566634108	0.05398858566634108	0.06690959405885331	0.06690959405885331	0.08542473542531832	0.08744338269576775	0.10036439108827996
UP000006794	0.008715839814916219	0.018946347370943712	0.02766218718585993	0.02766218718585993	0.02766218718585993	0.012725365355220664	0.02766218718585993	0.012725365355220664	0.012725365355220664	0.02766218718585993	0.012725365355220664	0.01673489089552511	0.12026320322372927	0.12026320322372927	0.12026320322372927	0.05532437437171986	0.05532437437171986	0.06404021418663608	0.1479253904095892	0.0829865615575798
UP000011511	0.01607392380398576	0.017093968098609212	0.03316789190259497	0.03316789190259497	0.03316789190259497	0.031188672174047444	0.03316789190259497	0.031188672174047444	0.031188672174047444	0.03316789190259497	0.031188672174047444	0.04630342054410913	0.07054542412854896	0.07054542412854896	0.07054542412854896	0.06633578380518994	0.06633578380518994	0.0824097076091757	0.10371331603114393	0.09950367570778491
UP000007807	0.015210840589355372	0.017630747046752816	0.032841587636108185	0.032841587636108185	0.032841587636108185	0.028333918744877652	0.032841587636108185	0.028333918744877652	0.028333918744877652	0.032841587636108185	0.028333918744877652	0.04145699690039994	0.07613277133825079	0.07613277133825079	0.07613277133825079	0.06568317527221637	0.06568317527221637	0.08089401586157176	0.10897435897435899	0.09852476290832457
UP000007490	0.019827970312215868	0.013103702119377437	0.032931672431593305	0.032931672431593305	0.032931672431593305	0.04983082012675304	0.032931672431593305	0.04983082012675304	0.04983082012675304	0.032931672431593305	0.04983082012675304	0.07983366994129021	0.043527080083497226	0.043527080083497226	0.043527080083497226	0.06586334486318661	0.06586334486318661	0.08569131517540247	0.07645875251509053	0.09879501729477991
UP000058290	0.01379548342778954	0.01831669228227519	0.03211217571006473	0.03211217571006473	0.03211217571006473	0.024185752591757613	0.03211217571006473	0.024185752591757613	0.024185752591757613	0.03211217571006473	0.024185752591757613	0.03457602175572569	0.08527266827210464	0.08527266827210464	0.08527266827210464	0.06422435142012946	0.06422435142012946	0.07801983484791898	0.11738484398216939	0.09633652713019418
UP000006622	0.019241790524330095	0.014021133254240052	0.03326292377857015	0.03326292377857015	0.03326292377857015	0.04564810846373312	0.03326292377857015	0.04564810846373312	0.04564810846373312	0.03326292377857015	0.04564810846373312	0.07205442640313614	0.04847614219011973	0.04847614219011973	0.04847614219011973	0.0665258475571403	0.0665258475571403	0.0857676380814704	0.0817390659686899	0.09978877133571044
UP000012672	0.0138172499240703	0.01830785614939315	0.03212510607346345	0.03212510607346345	0.03212510607346345	0.02424536307431203	0.03212510607346345	0.02424536307431203	0.02424536307431203	0.03212510607346345	0.02424536307431203	0.034673476224553766	0.08513153109467816	0.08513153109467816	0.08513153109467816	0.0642502121469269	0.0642502121469269	0.07806746207099721	0.11725663716814161	0.09637531822039035
