Proteome_ID	M	W	C	D	E	F	H	K	N	Q	Y	I	A	G	P	T	V	L	R	S
UP000006687	0.015845996047455353	0.016830878138491358	0.03267687418594671	0.03267687418594671	0.03267687418594671	0.03076474174033325	0.03267687418594671	0.03076474174033325	0.03076474174033325	0.03267687418594671	0.03076474174033325	0.04568348743321115	0.08624658236098513	0.06941570422249377	0.06941570422249377	0.06535374837189342	0.06535374837189342	0.07928761197373531	0.10209257840844048	0.09803062255784013
UP000007251	0.014646219853726427	0.017622660421276252	0.03226888027500268	0.03226888027500268	0.03226888027500268	0.02681871542906561	0.03226888027500268	0.02681871542906561	0.02681871542906561	0.03226888027500268	0.02681871542906561	0.038991211004404794	0.09527594228383233	0.07765328186255607	0.07765328186255607	0.06453776055000536	0.06453776055000536	0.07373381555779471	0.10992216213755876	0.09680664082500803
UP000006677	0.018916259357212944	0.01337094712046937	0.032287206477682316	0.032287206477682316	0.032287206477682316	0.04567762972577554	0.032287206477682316	0.04567762972577554	0.04567762972577554	0.032287206477682316	0.04567762972577554	0.07243900009433814	0.05901533402893614	0.04564438690846677	0.04564438690846677	0.06457441295536463	0.06457441295536463	0.0968810955606708	0.07793159338614909	0.09686161943304694
UP000007666	0.019115314596651497	0.012999147135642122	0.03211446173229362	0.03211446173229362	0.03211446173229362	0.047224485784281754	0.03211446173229362	0.047224485784281754	0.047224485784281754	0.03211446173229362	0.047224485784281754	0.07533365697191201	0.056677278733137396	0.043678131597495264	0.043678131597495264	0.06422892346458724	0.06422892346458724	0.09845426211322687	0.0757925933297889	0.09634338519688088
UP000099345	0.010874207110477525	0.01891166453996091	0.029785871650438438	0.029785871650438438	0.029785871650438438	0.017126876199002102	0.029785871650438438	0.017126876199002102	0.017126876199002102	0.029785871650438438	0.017126876199002102	0.02337954528752668	0.12251469636757285	0.10360303182761194	0.10360303182761194	0.059571743300876875	0.059571743300876875	0.05778695495991807	0.13338890347805038	0.08935761495131532
UP000007699	0.018379269794071156	0.014223017062051806	0.032602286856122965	0.032602286856122965	0.032602286856122965	0.042129333278458615	0.032602286856122965	0.042129333278458615	0.042129333278458615	0.032602286856122965	0.042129333278458615	0.06587939676284606	0.0646823538487752	0.05045933678672338	0.05045933678672338	0.06520457371224593	0.06520457371224593	0.09311088992865274	0.08306162364284635	0.0978068605683689
UP000002135	0.016367457211939062	0.01641542703299683	0.032782884244935896	0.032782884244935896	0.032782884244935896	0.03268708478216066	0.032782884244935896	0.03268708478216066	0.03268708478216066	0.032782884244935896	0.03268708478216066	0.04900671235238226	0.08217335598745686	0.06575792895446002	0.06575792895446002	0.06556576848987179	0.06556576848987179	0.08183742623903562	0.09854081319939592	0.09834865273480768
UP000008222	0.01883901207770527	0.013505611917886823	0.0323446239955921	0.0323446239955921	0.0323446239955921	0.04511759747033637	0.0323446239955921	0.04511759747033637	0.04511759747033637	0.0323446239955921	0.04511759747033637	0.07139618286296746	0.05988107338185614	0.046375461463969314	0.046375461463969314	0.0646892479911842	0.0646892479911842	0.09630123354363372	0.07872008545956143	0.09703387198677628
UP000008623	0.015334320817531385	0.017194680855727652	0.032529001673259034	0.032529001673259034	0.032529001673259034	0.02900956125426502	0.032529001673259034	0.02900956125426502	0.02900956125426502	0.032529001673259034	0.02900956125426502	0.04268480169099865	0.0901455221721106	0.07295084131638295	0.07295084131638295	0.06505800334651807	0.06505800334651807	0.07687288374505544	0.10547984298964198	0.0975870050197771
UP000172353	0.01718760073266527	0.003985765764697183	0.021173366497362452	0.021173366497362452	0.021173366497362452	0.09130475572507853	0.021173366497362452	0.09130475572507853	0.09130475572507853	0.021173366497362452	0.09130475572507853	0.16542191071749177	0.013805877439526269	0.009820111674829086	0.009820111674829086	0.042346732994724905	0.042346732994724905	0.12966572295510626	0.03099347817219154	0.06352009949208735
UP000163220	0.019967996577185343	0.010304146484411818	0.03027214306159716	0.03027214306159716	0.03027214306159716	0.058663184762802974	0.03027214306159716	0.058663184762802974	0.058663184762802974	0.03027214306159716	0.058663184762802974	0.0973583729484206	0.041547000047414274	0.031242853563002458	0.031242853563002458	0.06054428612319432	0.06054428612319432	0.10890332440158547	0.06151499662459962	0.09081642918479148
UP000000360	0.016500335445740404	0.01630165205136559	0.03280198749710599	0.03280198749710599	0.03280198749710599	0.03320177582516194	0.03280198749710599	0.03320177582516194	0.03320177582516194	0.03280198749710599	0.03320177582516194	0.04990321620458348	0.08111567823034332	0.06481402617897773	0.06481402617897773	0.06560397499421199	0.06560397499421199	0.08250409876800834	0.09761601367608372	0.09840596249131799
UP000004993	0.017342410252391798	0.015493690058568358	0.032836100310960153	0.032836100310960153	0.032836100310960153	0.03675413155476402	0.032836100310960153	0.03675413155476402	0.03675413155476402	0.032836100310960153	0.03675413155476402	0.05616585285713625	0.07416516115698867	0.0586714710984203	0.0586714710984203	0.06567220062192031	0.06567220062192031	0.08693264211811598	0.09150757140938048	0.09850830093288046
UP000008865	0.016547214136626874	0.01626069623175637	0.03280791036838324	0.03280791036838324	0.03280791036838324	0.03338599470179393	0.03280791036838324	0.03338599470179393	0.03338599470179393	0.03280791036838324	0.03338599470179393	0.050224775266960994	0.08074036756424074	0.06447967133248438	0.06447967133248438	0.06561582073676649	0.06561582073676649	0.08274111920680405	0.09728758170086761	0.09842373110514974
UP000009108	0.01882647906413434	0.013527013555847081	0.032353492619981425	0.032353492619981425	0.032353492619981425	0.04502859030539075	0.032353492619981425	0.04502859030539075	0.04502859030539075	0.032353492619981425	0.04502859030539075	0.07123070154664717	0.06001962980752118	0.0464926162516741	0.0464926162516741	0.06470698523996285	0.06470698523996285	0.09620856198950652	0.07884610887165552	0.09706047785994427
UP000000396	0.018405830876228147	0.014184870631360457	0.0325907015075886	0.0325907015075886	0.0325907015075886	0.04228864370184091	0.0325907015075886	0.04228864370184091	0.04228864370184091	0.0325907015075886	0.04228864370184091	0.06617145652745367	0.06441839584184152	0.050233525210481064	0.050233525210481064	0.0651814030151772	0.0651814030151772	0.09328517608565766	0.08282422671806965	0.09777210452276582
UP000007661	0.017503882688008596	0.015319040110767252	0.032822922798775855	0.032822922798775855	0.032822922798775855	0.03750421606008578	0.032822922798775855	0.03750421606008578	0.03750421606008578	0.032822922798775855	0.03750421606008578	0.057504549432162946	0.0727709414825159	0.05745190137174863	0.05745190137174863	0.06564584559755171	0.06564584559755171	0.08783102154687024	0.09027482417052449	0.09846876839632757
UP000007068	0.0183693920789413	0.014237113843628474	0.03260650592256977	0.03260650592256977	0.03260650592256977	0.04207044336335476	0.03260650592256977	0.04207044336335476	0.04207044336335476	0.03260650592256977	0.04207044336335476	0.06577149464776824	0.06478016228721387	0.050543048443585384	0.050543048443585384	0.06521301184513954	0.06521301184513954	0.09304634136486584	0.08314955436615516	0.09781951776770932
UP000134285	0.01784678700607409	0.014922601762434847	0.032769388768508934	0.032769388768508934	0.032769388768508934	0.03919077322984138	0.032769388768508934	0.03919077322984138	0.03919077322984138	0.032769388768508934	0.03919077322984138	0.06053475945360867	0.06972289028769524	0.0548002885252604	0.0548002885252604	0.06553877753701787	0.06553877753701787	0.0898069490044244	0.08756967729376934	0.0983081663055268
UP000006372	0.018627459161381272	0.013851856376434974	0.032479315537816245	0.032479315537816245	0.032479315537816245	0.04367697060442651	0.032479315537816245	0.04367697060442651	0.04367697060442651	0.032479315537816245	0.04367697060442651	0.06872648204747175	0.062156760457768884	0.048304904081333915	0.048304904081333915	0.06495863107563249	0.06495863107563249	0.09478374530362403	0.08078421961915015	0.09743794661344873
UP000009089	0.01924960073529715	0.012723722877201835	0.03197332361249899	0.03197332361249899	0.03197332361249899	0.048372140737507764	0.03197332361249899	0.048372140737507764	0.048372140737507764	0.03197332361249899	0.048372140737507764	0.07749468073971837	0.05499158232039157	0.04226785944318975	0.04226785944318975	0.06394664722499797	0.06394664722499797	0.09959506508530391	0.07424118305568875	0.09591997083749695
UP000002317	0.017769048389822562	0.015015749957542006	0.03278479834736457	0.03278479834736457	0.03278479834736457	0.038796241941435244	0.03278479834736457	0.038796241941435244	0.038796241941435244	0.03278479834736457	0.038796241941435244	0.05982343549304794	0.07042539526802771	0.055409645310485714	0.055409645310485714	0.06556959669472914	0.06556959669472914	0.08935008867862236	0.08819444365785027	0.0983543950420937
UP000000862	0.01879726023211218	0.013576445842891076	0.032373706075003256	0.032373706075003256	0.032373706075003256	0.044822996004391706	0.032373706075003256	0.044822996004391706	0.044822996004391706	0.032373706075003256	0.044822996004391706	0.07084873177667124	0.060340693593220626	0.04676424775032955	0.04676424775032955	0.06474741215000651	0.06474741215000651	0.09599396231150716	0.07913795382533281	0.09712111822500977
UP000000344	0.01995513573755884	0.010400229177751713	0.030355364915310552	0.030355364915310552	0.030355364915310552	0.058243469148157895	0.030355364915310552	0.058243469148157895	0.058243469148157895	0.030355364915310552	0.058243469148157895	0.09653180255875696	0.04204148244162293	0.03164125326387122	0.03164125326387122	0.060710729830621105	0.060710729830621105	0.1085539698010273	0.06199661817918177	0.09106609474593166
UP000125273	0.010536734284076718	0.018944719115644305	0.029481453399721025	0.029481453399721025	0.029481453399721025	0.016397088755184	0.029481453399721025	0.016397088755184	0.016397088755184	0.029481453399721025	0.016397088755184	0.022257443226291283	0.12495818376620739	0.10601346465056309	0.10601346465056309	0.05896290679944205	0.05896290679944205	0.05641527643898175	0.1354949180502841	0.08844436019916306
UP000000470	0.01719014456441027	0.015652027160203582	0.03284217172461385	0.03284217172461385	0.03284217172461385	0.03606955661249672	0.03284217172461385	0.03606955661249672	0.03606955661249672	0.03284217172461385	0.03606955661249672	0.05494896866058318	0.0754591523309815	0.059807125170777894	0.059807125170777894	0.0656843434492277	0.0656843434492277	0.08610187290152084	0.09264929689539177	0.09852651517384156
UP000008687	0.017844640317109965	0.014925201375368239	0.0327698416924782	0.0327698416924782	0.0327698416924782	0.03917977543780243	0.0327698416924782	0.03917977543780243	0.03917977543780243	0.0327698416924782	0.03917977543780243	0.06051491055849491	0.06974238766857865	0.05481718629321041	0.05481718629321041	0.0655396833849564	0.0655396833849564	0.08979425744739061	0.08758702798568861	0.09830952507743462
UP000008226	0.01895566235539478	0.013300330182454525	0.032255992537849304	0.032255992537849304	0.032255992537849304	0.045971317636324074	0.032255992537849304	0.045971317636324074	0.045971317636324074	0.032255992537849304	0.045971317636324074	0.07298697291725335	0.05856546975633888	0.04526513957388435	0.04526513957388435	0.06451198507569861	0.06451198507569861	0.09718297252956817	0.07752113211173364	0.09676797761354791
UP000009116	0.019341205499620873	0.012521486192298276	0.031862691691919146	0.031862691691919146	0.031862691691919146	0.049216431525797806	0.031862691691919146	0.049216431525797806	0.049216431525797806	0.031862691691919146	0.049216431525797806	0.07909165755197475	0.053777265629380754	0.041255779437082474	0.041255779437082474	0.06372538338383829	0.06372538338383829	0.10042032871733783	0.07311847112900163	0.09558807507575744
UP000002241	0.018301668775109407	0.014332494747192857	0.032634163522302265	0.032634163522302265	0.032634163522302265	0.04167171606010267	0.032634163522302265	0.04167171606010267	0.04167171606010267	0.032634163522302265	0.04167171606010267	0.06504176334509593	0.06544575474658151	0.051113259999388656	0.051113259999388656	0.06526832704460453	0.06526832704460453	0.09260754835751434	0.08374742352169091	0.09790249056690678
UP000006674	0.019706810843569986	0.011528890144293438	0.031235700987863425	0.031235700987863425	0.031235700987863425	0.05339248125621391	0.031235700987863425	0.05339248125621391	0.05339248125621391	0.031235700987863425	0.05339248125621391	0.08707815166885784	0.048075946705357905	0.03654705656106447	0.03654705656106447	0.06247140197572685	0.06247140197572685	0.10433499308764733	0.0677827575489279	0.09370710296359028
UP000006716	0.01945209124388924	0.012257233964117915	0.03170932520800716	0.03170932520800716	0.03170932520800716	0.050322339365796796	0.03170932520800716	0.050322339365796796	0.050322339365796796	0.03170932520800716	0.050322339365796796	0.08119258748770435	0.05221886205291722	0.03996162808879931	0.03996162808879931	0.06341865041601431	0.06341865041601431	0.10148375581769319	0.07167095329680646	0.09512797562402145
UP000001795	0.01731012305895636	0.015527765311284428	0.032837888370240785	0.032837888370240785	0.032837888370240785	0.03660719216770032	0.032837888370240785	0.03660719216770032	0.03660719216770032	0.032837888370240785	0.03660719216770032	0.05590426127644428	0.0744411563015848	0.05891339099030037	0.05891339099030037	0.06567577674048157	0.06567577674048157	0.08675520359689746	0.09175127936054117	0.09851366511072236
UP000007453	0.017947992158252032	0.014798214818467059	0.032746206976719094	0.032746206976719094	0.032746206976719094	0.03971618693473831	0.032746206976719094	0.03971618693473831	0.03971618693473831	0.032746206976719094	0.03971618693473831	0.061484381711224584	0.06879705781536169	0.053998842996894635	0.053998842996894635	0.06549241395343819	0.06549241395343819	0.09041038606970944	0.08674504997361374	0.09823862093015727
UP000140422	0.01496992529673391	0.017429663213764667	0.032399588510498574	0.032399588510498574	0.032399588510498574	0.027827239901230528	0.032399588510498574	0.027827239901230528	0.027827239901230528	0.032399588510498574	0.027827239901230528	0.04068455450572714	0.09287612066880041	0.07544645745503577	0.07544645745503577	0.06479917702099715	0.06479917702099715	0.07519675370846302	0.10784604596553433	0.09719876553149573
UP000009190	0.012374716053935454	0.01860154125227212	0.030976257306207573	0.030976257306207573	0.030976257306207573	0.020607023008437038	0.030976257306207573	0.020607023008437038	0.020607023008437038	0.030976257306207573	0.020607023008437038	0.02883932996293862	0.11172790077616089	0.09312635952388879	0.09312635952388879	0.06195251461241515	0.06195251461241515	0.06395799636858007	0.12410261683009635	0.09292877191862273
UP000007225	0.015219570089534132	0.01727076283202493	0.03249033292155906	0.03249033292155906	0.03249033292155906	0.02863156097627852	0.03249033292155906	0.02863156097627852	0.02863156097627852	0.03249033292155906	0.02863156097627852	0.04204355186302291	0.09100909195968482	0.0737383291276599	0.0737383291276599	0.06498066584311812	0.06498066584311812	0.07634146398737171	0.10622866204921896	0.09747099876467719
UP000008479	0.017257959694372306	0.015582242642587476	0.03284020233695978	0.03284020233695978	0.03284020233695978	0.03637184334027106	0.03284020233695978	0.03637184334027106	0.03637184334027106	0.03284020233695978	0.03637184334027106	0.055485726986169825	0.07488519737286708	0.05930295473027961	0.05930295473027961	0.06568040467391956	0.06568040467391956	0.08647000537160315	0.0921431570672394	0.09852060701087935
UP000002242	0.017076872158478727	0.015766052868287462	0.03284292502676619	0.03284292502676619	0.03284292502676619	0.03557354758848457	0.03284292502676619	0.03557354758848457	0.03557354758848457	0.03284292502676619	0.03557354758848457	0.05407022301849042	0.07640986252099437	0.060643809652706916	0.060643809652706916	0.06568585005353238	0.06568585005353238	0.0854933447737295	0.09348673467947309	0.09852877508029856
UP000007544	0.01811990598773098	0.014578233283726936	0.03269813927145791	0.03269813927145791	0.03269813927145791	0.04064190756461006	0.03269813927145791	0.04064190756461006	0.04064190756461006	0.03269813927145791	0.04064190756461006	0.06316390914148913	0.06719231445676041	0.05261408117303348	0.05261408117303348	0.06539627854291583	0.06539627854291583	0.09145995282379896	0.08531222044449141	0.09809441781437375
UP000007711	0.019813764722742117	0.011134780175521594	0.03094854489826371	0.03094854489826371	0.03094854489826371	0.0550713330177345	0.03094854489826371	0.0550713330177345	0.0550713330177345	0.03094854489826371	0.0550713330177345	0.09032890131272688	0.04591920898211694	0.034784428806595345	0.034784428806595345	0.06189708979652742	0.06189708979652742	0.10583364263874033	0.06573297370485906	0.09284563469479112
UP000009246	0.0199742639061599	0.010253351543646282	0.03022761544980618	0.03022761544980618	0.03022761544980618	0.058885562021180005	0.03022761544980618	0.058885562021180005	0.058885562021180005	0.03022761544980618	0.058885562021180005	0.09779686013620012	0.04128672218389653	0.03103337064025025	0.03103337064025025	0.06045523089961236	0.06045523089961236	0.10908744137714609	0.06126098609005643	0.09068284634941855
UP000002665	0.016603288128611886	0.016211134225559115	0.032814422354171	0.032814422354171	0.032814422354171	0.03360821652202889	0.032814422354171	0.03360821652202889	0.03360821652202889	0.032814422354171	0.03360821652202889	0.0506131449154459	0.08028988792747753	0.06407875370191841	0.06407875370191841	0.065628844708342	0.065628844708342	0.08302592700481178	0.09689317605608942	0.098443267062513
UP000002092	0.01611959125749225	0.01661887063272431	0.032738461890216564	0.032738461890216564	0.032738461890216564	0.031754902949308765	0.032738461890216564	0.031754902949308765	0.031754902949308765	0.032738461890216564	0.031754902949308765	0.04739021464112528	0.08412384072494078	0.06750497009221647	0.06750497009221647	0.06547692378043313	0.06547692378043313	0.08061295609701756	0.10024343198243303	0.09821538567064969
UP000007016	0.018737625787396735	0.013675402012911096	0.03241302780030783	0.03241302780030783	0.03241302780030783	0.04441135880212194	0.03241302780030783	0.04441135880212194	0.04441135880212194	0.03241302780030783	0.04441135880212194	0.07008509181684715	0.06098781935481557	0.04731241734190448	0.04731241734190448	0.06482605560061566	0.06482605560061566	0.0955620123898265	0.07972544514221232	0.09723908340092348
UP000009115	0.0167195326610399	0.01610635686414922	0.03282588952518912	0.03282588952518912	0.03282588952518912	0.034075584980097086	0.03282588952518912	0.034075584980097086	0.034075584980097086	0.03282588952518912	0.034075584980097086	0.05143163729915428	0.07935040821348283	0.0632440513493336	0.0632440513493336	0.06565177905037824	0.06565177905037824	0.08362100716632609	0.09606994087452272	0.09847766857556733
UP000002131	0.01089135677202564	0.018909619482934854	0.029800976254960494	0.029800976254960494	0.029800976254960494	0.017164441877868187	0.029800976254960494	0.017164441877868187	0.017164441877868187	0.029800976254960494	0.017164441877868187	0.023437526983710738	0.12239078036982996	0.10348116088689512	0.10348116088689512	0.05960195250992099	0.05960195250992099	0.05785677490485432	0.13328213714185563	0.08940292876488147
UP000009294	0.009324656077675691	0.018947273721209513	0.028271929798885202	0.028271929798885202	0.028271929798885202	0.013913665148125946	0.028271929798885202	0.013913665148125946	0.013913665148125946	0.028271929798885202	0.013913665148125946	0.018502674218576202	0.13384180453586725	0.11489453081465775	0.11489453081465775	0.056543859597770404	0.056543859597770404	0.05151025102468684	0.14316646061354293	0.0848157893966556
UP000008446	0.019765922344134754	0.011321009846736183	0.031086932190870935	0.031086932190870935	0.031086932190870935	0.05427624354370521	0.031086932190870935	0.05427624354370521	0.05427624354370521	0.031086932190870935	0.05427624354370521	0.08878656474327566	0.046931335467802024	0.03561032562106585	0.03561032562106585	0.06217386438174187	0.06217386438174187	0.10512909807871089	0.06669725781193678	0.0932607965726128
UP000002326	0.018729435426800275	0.013688797416279538	0.03241823284307981	0.03241823284307981	0.03241823284307981	0.0443556274682939	0.03241823284307981	0.0443556274682939	0.0443556274682939	0.03241823284307981	0.0443556274682939	0.06998181950978753	0.06107587683114605	0.0473870794148665	0.0473870794148665	0.06483646568615963	0.06483646568615963	0.095503295738174	0.07980531225794632	0.09725469852923944
UP000007219	0.01595736727880654	0.016746114322002088	0.03270348160080863	0.03270348160080863	0.03270348160080863	0.031163137738415017	0.03270348160080863	0.031163137738415017	0.031163137738415017	0.03270348160080863	0.031163137738415017	0.04636890819802349	0.08538603869624294	0.06863992437424084	0.06863992437424084	0.06540696320161726	0.06540696320161726	0.07982398661803018	0.10134340597504947	0.09811044480242588
UP000006540	0.018505296360221996	0.014038787259088721	0.032544083619310715	0.032544083619310715	0.032544083619310715	0.04289814362400153	0.032544083619310715	0.04289814362400153	0.04289814362400153	0.032544083619310715	0.04289814362400153	0.06729099088778107	0.06341702552989871	0.04937823827080999	0.04937823827080999	0.06508816723862143	0.06508816723862143	0.09394752360353424	0.0819223218901207	0.09763225085793215
UP000000840	0.01705299816723731	0.015789691769877025	0.03284268993711433	0.03284268993711433	0.03284268993711433	0.03547037772917311	0.03284268993711433	0.03547037772917311	0.03547037772917311	0.03284268993711433	0.03547037772917311	0.05388775729110891	0.0766090205371761	0.06081932876729907	0.06081932876729907	0.06568537987422866	0.06568537987422866	0.08536606583352475	0.0936620187044134	0.098528069811343
UP000201106	0.01769579802730773	0.015101703879638767	0.0327975019069465	0.0327975019069465	0.0327975019069465	0.038431290546497465	0.0327975019069465	0.038431290546497465	0.038431290546497465	0.0327975019069465	0.038431290546497465	0.0591667830656872	0.0710808873023091	0.055979183422670345	0.055979183422670345	0.065595003813893	0.065595003813893	0.08892459048075171	0.08877668532961684	0.0983925057208395
UP000008920	0.018410271076840422	0.014178459151532824	0.03258873022837325	0.03258873022837325	0.03258873022837325	0.04231541320126546	0.03258873022837325	0.04231541320126546	0.04231541320126546	0.03258873022837325	0.04231541320126546	0.0662205553256905	0.06437413290503538	0.050195673753502555	0.050195673753502555	0.0651774604567465	0.0651774604567465	0.09331441450647913	0.08278440398187581	0.09776619068511973
UP000009253	0.019081862511357454	0.01306441499366423	0.032146277505021685	0.032146277505021685	0.032146277505021685	0.046952798720819026	0.032146277505021685	0.046952798720819026	0.046952798720819026	0.032146277505021685	0.046952798720819026	0.07482373493028059	0.057082372839983526	0.044017957846319296	0.044017957846319296	0.06429255501004337	0.06429255501004337	0.09818093873719817	0.076164235351341	0.09643883251506506
UP000008286	0.019658690412189584	0.011684287344690417	0.03134297775688	0.03134297775688	0.03134297775688	0.052734230008357766	0.03134297775688	0.052734230008357766	0.052734230008357766	0.03134297775688	0.052734230008357766	0.08580976960452594	0.04894214640559178	0.037257859060901365	0.037257859060901365	0.06268595551376	0.06268595551376	0.10373589817742734	0.06860083681778135	0.09402893327063999
UP000007908	0.01712396368401447	0.015719026570323334	0.0328429902543378	0.0328429902543378	0.0328429902543378	0.0357784351259706	0.0328429902543378	0.0357784351259706	0.0357784351259706	0.0328429902543378	0.0357784351259706	0.05443290656792674	0.07601579500352716	0.06029676843320384	0.06029676843320384	0.0656859805086756	0.0656859805086756	0.08574538906432287	0.09313975868754164	0.09852897076301341
UP000007670	0.01707138853312569	0.01577149443880302	0.03284288297192871	0.03284288297192871	0.03284288297192871	0.035549809051850706	0.03284288297192871	0.035549809051850706	0.035549809051850706	0.03284288297192871	0.035549809051850706	0.054028229570575736	0.07645564384363085	0.06068414940482783	0.06068414940482783	0.06568576594385742	0.06568576594385742	0.0854640805569051	0.09352703237675654	0.09852864891578612
UP000002501	0.019508077761195317	0.012113956485296448	0.031622034246491765	0.031622034246491765	0.031622034246491765	0.050923503299396794	0.031622034246491765	0.050923503299396794	0.050923503299396794	0.031622034246491765	0.050923503299396794	0.08233892883759827	0.0513867081656838	0.03927275168038735	0.03927275168038735	0.06324406849298353	0.06324406849298353	0.10205361530708389	0.07089478592687912	0.09486610273947531
UP000008167	0.014332750339768786	0.01779606350598496	0.032128813845753744	0.032128813845753744	0.032128813845753744	0.02587618702356435	0.032128813845753744	0.02587618702356435	0.02587618702356435	0.032128813845753744	0.02587618702356435	0.03741962370735991	0.09758066841667458	0.07978460491068963	0.07978460491068963	0.06425762769150749	0.06425762769150749	0.07233775120908688	0.11191341875644337	0.09638644153726124
UP000110594	0.006265619205891008	0.018017402596844482	0.024283021802735488	0.024283021802735488	0.024283021802735488	0.008444511741716666	0.024283021802735488	0.008444511741716666	0.008444511741716666	0.024283021802735488	0.008444511741716666	0.010623404277542324	0.15767382463937113	0.13965642204252665	0.13965642204252665	0.048566043605470975	0.048566043605470975	0.03899315275034316	0.16393944384526213	0.07284906540820647
UP000008447	0.01802654710653966	0.01469910464890385	0.03272565175544351	0.03272565175544351	0.03272565175544351	0.040133771209371394	0.03272565175544351	0.040133771209371394	0.040133771209371394	0.03272565175544351	0.040133771209371394	0.06224099531220313	0.06806903478736478	0.05336993013846092	0.05336993013846092	0.06545130351088702	0.06545130351088702	0.09088597007135456	0.08609558189390444	0.09817695526633052
UP000002325	0.017814718273579257	0.01496127314921299	0.03277599142279225	0.03277599142279225	0.03277599142279225	0.03902709665888353	0.03277599142279225	0.03902709665888353	0.03902709665888353	0.03277599142279225	0.03902709665888353	0.06023947504418779	0.07001356787339263	0.055052294724179635	0.055052294724179635	0.0655519828455845	0.0655519828455845	0.08961780635525501	0.08782828614697188	0.09832797426837674
UP000006541	0.016694696364992635	0.016128977097807418	0.03282367346280005	0.03282367346280005	0.03282367346280005	0.03397495443896477	0.03282367346280005	0.03397495443896477	0.03397495443896477	0.03282367346280005	0.03397495443896477	0.0512552125129369	0.07955178706966698	0.06342280997185956	0.06342280997185956	0.0656473469256001	0.0656473469256001	0.08349332426675747	0.09624648343465961	0.09847102038840017
UP000138352	0.018909749129347845	0.013382485616476128	0.032292234745823975	0.032292234745823975	0.032292234745823975	0.045629644250672036	0.032292234745823975	0.045629644250672036	0.045629644250672036	0.032292234745823975	0.045629644250672036	0.07234953937199622	0.059089106476841166	0.04570662086036504	0.04570662086036504	0.06458446949164795	0.06458446949164795	0.09683162812584385	0.07799885560618901	0.09687670423747193
UP000006711	0.012710396453087122	0.01849609966829876	0.03120649612138588	0.03120649612138588	0.03120649612138588	0.02144489620665107	0.03120649612138588	0.02144489620665107	0.02144489620665107	0.03120649612138588	0.02144489620665107	0.030179395960215016	0.10931914593438763	0.09082304626608888	0.09082304626608888	0.06241299224277176	0.06241299224277176	0.06536178878112407	0.12202954238747477	0.09361948836415765
UP000008622	0.019900897645437305	0.010730798355599301	0.030631696001036605	0.030631696001036605	0.030631696001036605	0.05680828458627163	0.030631696001036605	0.05680828458627163	0.05680828458627163	0.030631696001036605	0.05680828458627163	0.09371567152710594	0.04376474073683688	0.03303394238123759	0.03303394238123759	0.06126339200207321	0.06126339200207321	0.10734087823274553	0.0636656383822742	0.0918950880031098
UP000001189	0.014059189417867666	0.01793691625033474	0.03199610566820241	0.03199610566820241	0.03199610566820241	0.025078965857075454	0.03199610566820241	0.025078965857075454	0.025078965857075454	0.03199610566820241	0.025078965857075454	0.036098742296283244	0.09957910068210997	0.08164218443177523	0.08164218443177523	0.06399221133640481	0.06399221133640481	0.07113426094314552	0.11363829009997764	0.09598831700460721
UP000516359	0.019986305320320818	0.010145903241065039	0.030132208561385855	0.030132208561385855	0.030132208561385855	0.059357112518670645	0.030132208561385855	0.059357112518670645	0.059357112518670645	0.030132208561385855	0.059357112518670645	0.09872791971702047	0.04073869841792819	0.030592795176863145	0.030592795176863145	0.06026441712277171	0.06026441712277171	0.10947562640037732	0.06072500373824901	0.09039662568415757
UP000002477	0.017448382217209728	0.015379882927440967	0.032828265144650697	0.032828265144650697	0.032828265144650697	0.037243464106594244	0.032828265144650697	0.037243464106594244	0.037243464106594244	0.032828265144650697	0.037243464106594244	0.05703854599597874	0.0732528557166007	0.05787297278915974	0.05787297278915974	0.06565653028930139	0.06565653028930139	0.08752011146845465	0.09070123793381044	0.0984847954339521
UP000009104	0.018851103174744924	0.013484849672360478	0.0323359528471054	0.0323359528471054	0.0323359528471054	0.04520394355035978	0.0323359528471054	0.04520394355035978	0.04520394355035978	0.0323359528471054	0.04520394355035978	0.07155678392597463	0.05974691286449548	0.046262063192135	0.046262063192135	0.0646719056942108	0.0646719056942108	0.0963909995722101	0.0785980160392404	0.0970078585413162
UP000007218	0.018911245230383955	0.013379837155752309	0.03229108238613627	0.03229108238613627	0.03229108238613627	0.045640658451229034	0.03229108238613627	0.045640658451229034	0.045640658451229034	0.03229108238613627	0.045640658451229034	0.07237007167207411	0.0590721666291524	0.045692329473400094	0.045692329473400094	0.06458216477227254	0.06458216477227254	0.09684298606774926	0.07798341185953636	0.0968732471584088
UP000000518	0.012888419380372156	0.018434807494572113	0.031323226874944265	0.031323226874944265	0.031323226874944265	0.021899164633516887	0.031323226874944265	0.021899164633516887	0.021899164633516887	0.031323226874944265	0.021899164633516887	0.030909909886661622	0.10804046673123353	0.08960565923666143	0.08960565923666143	0.06264645374988853	0.06264645374988853	0.06611081088883332	0.1209288861116057	0.0939696806248328
UP000008774	0.012502791612721505	0.018562868837163498	0.031065660449885003	0.031065660449885003	0.031065660449885003	0.02092389287042051	0.031065660449885003	0.02092389287042051	0.02092389287042051	0.031065660449885003	0.02092389287042051	0.029344994128119518	0.11080911241756797	0.09224624358040445	0.09224624358040445	0.062131320899770005	0.062131320899770005	0.06449234493302702	0.12331190403028947	0.093196981349655
UP000001833	0.019054544940442335	0.01311682331294377	0.0321713682533861	0.0321713682533861	0.0321713682533861	0.04673469845208194	0.0321713682533861	0.04673469845208194	0.04673469845208194	0.0321713682533861	0.04673469845208194	0.07441485196372154	0.05740926424336651	0.044292440930422755	0.044292440930422755	0.0643427365067722	0.0643427365067722	0.0979606116459104	0.07646380918380885	0.09651410476015831
UP000002138	0.01415355230107878	0.017889414473915295	0.032042966774994075	0.032042966774994075	0.032042966774994075	0.025351405815595147	0.032042966774994075	0.025351405815595147	0.025351405815595147	0.032042966774994075	0.025351405815595147	0.036549259330111515	0.09889097527191716	0.08100156079800187	0.08100156079800187	0.06408593354998815	0.06408593354998815	0.071547924891668	0.11304452757299595	0.09612890032498222
UP000008478	0.019206748616686503	0.0128141137852355	0.03202086240192201	0.03202086240192201	0.03202086240192201	0.04799525468174399	0.03202086240192201	0.04799525468174399	0.04799525468174399	0.03202086240192201	0.04799525468174399	0.07678376074680149	0.05554065563866712	0.042726541853431624	0.042726541853431624	0.06404172480384401	0.06404172480384401	0.0992228657003525	0.07474740425535363	0.09606258720576602
UP000158064	0.01910286924262771	0.013023572789118492	0.0321264420317462	0.0321264420317462	0.0321264420317462	0.04712280042509333	0.0321264420317462	0.04712280042509333	0.04712280042509333	0.0321264420317462	0.04712280042509333	0.07514273160755894	0.05682862122887725	0.04380504843975876	0.04380504843975876	0.0642528840634924	0.0642528840634924	0.09835211169946725	0.07593149047150496	0.09637932609523861
UP000001065	0.020014737389015592	0.009781570112720815	0.029796307501736407	0.029796307501736407	0.029796307501736407	0.06096825590750951	0.029796307501736407	0.06096825590750951	0.06096825590750951	0.029796307501736407	0.06096825590750951	0.10192177442600343	0.03890557661488745	0.02912400650216664	0.02912400650216664	0.059592615003472814	0.059592615003472814	0.11077930079826151	0.05892031400390304	0.08938892250520922
UP000002473	0.0179717610942957	0.014768468666108198	0.032740229760403895	0.032740229760403895	0.032740229760403895	0.039841611254972764	0.032740229760403895	0.039841611254972764	0.039841611254972764	0.032740229760403895	0.039841611254972764	0.06171146141564983	0.0685776702018642	0.053809201535756	0.053809201535756	0.06548045952080779	0.06548045952080779	0.09055360210967235	0.0865494312961599	0.09822068928121169
UP000001594	0.014728663554416205	0.017574872347135694	0.0323035359015519	0.0323035359015519	0.0323035359015519	0.027072055063290714	0.0323035359015519	0.027072055063290714	0.027072055063290714	0.0323035359015519	0.027072055063290714	0.03941544657216523	0.09466679826877339	0.0770919259216377	0.0770919259216377	0.0646070718031038	0.0646070718031038	0.07410425451925882	0.1093954618231896	0.09691060770465569
UP000000868	0.019207981903334618	0.012811546844108903	0.032019528747443515	0.032019528747443515	0.032019528747443515	0.04800595402084531	0.032019528747443515	0.04800595402084531	0.04800595402084531	0.032019528747443515	0.04800595402084531	0.076803926138356	0.05552500779368922	0.04271346094958031	0.04271346094958031	0.06403905749488703	0.06403905749488703	0.09923346467162346	0.07473298969702383	0.09605858624233056
UP000009165	0.018896492437312597	0.013405871063365634	0.03230236350067823	0.03230236350067823	0.03230236350067823	0.04553239134650034	0.03230236350067823	0.04553239134650034	0.04553239134650034	0.03230236350067823	0.04553239134650034	0.07216829025568809	0.05923885531360528	0.04583298425023965	0.04583298425023965	0.06460472700135646	0.06460472700135646	0.09673124728449117	0.07813534775091786	0.09690709050203469
UP000002243	0.019432615457910182	0.012305408172778844	0.031738023630689026	0.031738023630689026	0.031738023630689026	0.05012046735463707	0.031738023630689026	0.05012046735463707	0.05012046735463707	0.031738023630689026	0.05012046735463707	0.08080831925136396	0.05250064964388539	0.04019524147110655	0.04019524147110655	0.06347604726137805	0.06347604726137805	0.10129110644323627	0.07193326510179558	0.09521407089206706
UP000242267	0.019786660965738997	0.01124257685135563	0.03102923781709463	0.03102923781709463	0.03102923781709463	0.054610701517073174	0.03102923781709463	0.054610701517073174	0.054610701517073174	0.03102923781709463	0.054610701517073174	0.08943474206840733	0.04650356316953383	0.03526098631817821	0.03526098631817821	0.06205847563418926	0.06205847563418926	0.10542660029990679	0.06629022413527284	0.09308771345128387
UP000158680	0.011415377414047691	0.01883029077178504	0.03024566818583273	0.03024566818583273	0.03024566818583273	0.018335655124278566	0.03024566818583273	0.018335655124278566	0.018335655124278566	0.03024566818583273	0.018335655124278566	0.025255932834509436	0.11861406591447857	0.09978377514269351	0.09978377514269351	0.06049133637166546	0.06049133637166546	0.05999670072415899	0.13002944332852626	0.09073700455749821
UP000153037	0.013186123325142976	0.018323924263312738	0.031510047588455714	0.031510047588455714	0.031510047588455714	0.022675021327957873	0.031510047588455714	0.022675021327957873	0.022675021327957873	0.031510047588455714	0.022675021327957873	0.03216391933077277	0.10589897741684937	0.08757505315353664	0.08757505315353664	0.06302009517691143	0.06302009517691143	0.06737119224155656	0.11908510074199236	0.09453014276536714
UP000000373	0.018766271994012585	0.013628183721813753	0.03239445571582634	0.03239445571582634	0.03239445571582634	0.04460779069834003	0.03239445571582634	0.04460779069834003	0.04460779069834003	0.03239445571582634	0.04460779069834003	0.07044930940266748	0.06067829513491649	0.047050111413102745	0.047050111413102745	0.06478891143165268	0.06478891143165268	0.09576851840817895	0.07944456712892907	0.09718336714747901
UP000000522	0.018448016381872878	0.014123548856766739	0.03257156523863962	0.03257156523863962	0.03257156523863962	0.04254460229503697	0.03257156523863962	0.04254460229503697	0.04254460229503697	0.03257156523863962	0.04254460229503697	0.06664118820820104	0.06399623798136182	0.04987268912459509	0.04987268912459509	0.06514313047727924	0.06514313047727924	0.09356418391554946	0.0824442543632347	0.09771469571591884
UP000007081	0.018769753056806112	0.01362240630742989	0.032392159364236006	0.032392159364236006	0.032392159364236006	0.04463182337409873	0.032392159364236006	0.04463182337409873	0.04463182337409873	0.032392159364236006	0.04463182337409873	0.07049389369139135	0.060640516210014615	0.04701810990258473	0.04701810990258473	0.06478431872847201	0.06478431872847201	0.09579373579514085	0.07941026926682072	0.09717647809270799
UP000002246	0.01998642435743436	0.010144761747134476	0.030131186104568837	0.030131186104568837	0.030131186104568837	0.059362130613747136	0.030131186104568837	0.059362130613747136	0.059362130613747136	0.030131186104568837	0.059362130613747136	0.09873783687005991	0.04073289484416023	0.030588133097025752	0.030588133097025752	0.060262372209137674	0.060262372209137674	0.10947974107575034	0.06071931920159458	0.09039355831370652
UP000006723	0.016263562717126537	0.01650206466690761	0.03276562738403415	0.03276562738403415	0.03276562738403415	0.03229207051859759	0.03276562738403415	0.03229207051859759	0.03229207051859759	0.03276562738403415	0.03229207051859759	0.048320578320068634	0.08299432240250687	0.06649225773559926	0.06649225773559926	0.0655312547680683	0.0655312547680683	0.08132126061975829	0.0992578851196334	0.09829688215210246
UP000000469	0.01917969988872677	0.01286991888845914	0.032049618777185915	0.032049618777185915	0.032049618777185915	0.04776269959601303	0.032049618777185915	0.04776269959601303	0.04776269959601303	0.032049618777185915	0.04776269959601303	0.07634569930329928	0.05588164445887438	0.04301172557041524	0.04301172557041524	0.06409923755437183	0.06409923755437183	0.09899201826192569	0.07506134434760116	0.09614885633155772
UP000000869	0.011640563231809734	0.018786258214820505	0.03042682144663024	0.03042682144663024	0.03042682144663024	0.018853426528177203	0.03042682144663024	0.018853426528177203	0.018853426528177203	0.03042682144663024	0.018853426528177203	0.02606628982454467	0.11699561681194187	0.09820935859712136	0.09820935859712136	0.06085364289326048	0.06085364289326048	0.06092081120661717	0.1286361800437516	0.09128046433989072
