Proteome_ID	M	W	C	D	E	F	H	K	N	Q	Y	I	A	G	P	T	V	L	R	S
UP000000278	0.018837442685125723	0.013508298469514818	0.03234574115464054	0.03234574115464054	0.03234574115464054	0.04510642450516852	0.03234574115464054	0.04510642450516852	0.04510642450516852	0.03234574115464054	0.04510642450516852	0.07137540632521132	0.05989845163818917	0.04639015316867435	0.04639015316867435	0.06469148230928108	0.06469148230928108	0.09628960834493479	0.07873589432331489	0.0970372234639216
UP000000280	0.018053091777615386	0.014665085911291674	0.03271817768890706	0.03271817768890706	0.03271817768890706	0.04027690449187028	0.03271817768890706	0.04027690449187028	0.04027690449187028	0.03271817768890706	0.04027690449187028	0.06250071720612517	0.06782106523929426	0.05315597932800259	0.05315597932800259	0.06543635537781411	0.06543635537781411	0.09104817395839274	0.08587415701690965	0.09815453306672117
UP000000287	0.017322374208697654	0.01551486802544349	0.03283724223414115	0.03283724223414115	0.03283724223414115	0.036662831873826685	0.03283724223414115	0.036662831873826685	0.036662831873826685	0.03283724223414115	0.036662831873826685	0.05600328953895571	0.07433653686185665	0.058821668836413155	0.058821668836413155	0.0656744844682823	0.0656744844682823	0.08682244831666548	0.0916589110705543	0.09851172670242345
UP000000327	0.018836639798293416	0.013509672148512088	0.032346311946805505	0.032346311946805505	0.032346311946805505	0.0451007115677723	0.032346311946805505	0.0451007115677723	0.0451007115677723	0.032346311946805505	0.0451007115677723	0.07136478333725119	0.059907339067261894	0.046397666918749796	0.046397666918749796	0.06469262389361101	0.06469262389361101	0.09628366331287122	0.07874397886555531	0.09703893584041653
UP000000339	0.018056044265976415	0.014661285229296384	0.0327173294952728	0.0327173294952728	0.0327173294952728	0.04029288977004181	0.0327173294952728	0.04029288977004181	0.04029288977004181	0.0327173294952728	0.04029288977004181	0.06252973527410721	0.06779342121712612	0.053132135987829725	0.053132135987829725	0.0654346589905456	0.0654346589905456	0.09106626353129102	0.08584946548310253	0.09815198848581841
UP000000344	0.01995513573755884	0.010400229177751713	0.030355364915310552	0.030355364915310552	0.030355364915310552	0.058243469148157895	0.030355364915310552	0.058243469148157895	0.058243469148157895	0.030355364915310552	0.058243469148157895	0.09653180255875696	0.04204148244162293	0.03164125326387122	0.03164125326387122	0.060710729830621105	0.060710729830621105	0.1085539698010273	0.06199661817918177	0.09106609474593166
UP000000348	0.018141216005716575	0.014550153501663363	0.03269136950737994	0.03269136950737994	0.03269136950737994	0.04075978962615599	0.03269136950737994	0.04075978962615599	0.04075978962615599	0.03269136950737994	0.04075978962615599	0.06337836324659542	0.06699034762779978	0.05244019412613642	0.05244019412613642	0.06538273901475988	0.06538273901475988	0.09159237513925252	0.08513156363351634	0.0980741085221398
UP000000349	0.018065065554623144	0.01464965119000323	0.03271471674462638	0.03271471674462638	0.03271471674462638	0.040341813939972215	0.03271471674462638	0.040341813939972215	0.040341813939972215	0.03271471674462638	0.040341813939972215	0.06261856232532129	0.06770887620520218	0.05305922501519893	0.05305922501519893	0.06542943348925276	0.06542943348925276	0.09112159623922174	0.0857739417598253	0.09814415023387914
UP000000350	0.016583161484254087	0.01622899589615213	0.03281215738040622	0.03281215738040622	0.03281215738040622	0.03352821751683652	0.03281215738040622	0.03352821751683652	0.03352821751683652	0.03281215738040622	0.03352821751683652	0.05047327354941896	0.08045177609112684	0.06422278019497471	0.06422278019497471	0.06562431476081244	0.06562431476081244	0.08292353638149684	0.09703493757538094	0.09843647214121866
UP000000351	0.01776806722937602	0.015016912752250195	0.03278497998162621	0.03278497998162621	0.03278497998162621	0.038791310706655965	0.03278497998162621	0.038791310706655965	0.038791310706655965	0.03278497998162621	0.038791310706655965	0.059814554183935914	0.0704342158964414	0.055417303144191195	0.055417303144191195	0.06556995996325242	0.06556995996325242	0.08934435791765818	0.0882022831258174	0.09835493994487864
UP000000352	0.013065448932785068	0.018370141108768466	0.03143559004155354	0.03143559004155354	0.03143559004155354	0.02235802620829292	0.03143559004155354	0.02235802620829292	0.02235802620829292	0.03143559004155354	0.02235802620829292	0.03165060348380077	0.10676759731123801	0.08839745620246954	0.08839745620246954	0.06287118008310708	0.06287118008310708	0.06685906518263152	0.11983304624402308	0.09430677012466061
UP000000353	0.01680065521192065	0.01603156759281063	0.03283222280473128	0.03283222280473128	0.03283222280473128	0.03440729373405851	0.03283222280473128	0.03440729373405851	0.03440729373405851	0.03283222280473128	0.03440729373405851	0.05201393225619636	0.07869007614226327	0.06265850854945265	0.06265850854945265	0.06566444560946257	0.06566444560946257	0.08404017175071044	0.09549073135418393	0.09849666841419383
UP000000354	0.018895269009003724	0.013408021862330323	0.032303290871334045	0.032303290871334045	0.032303290871334045	0.04552344687062337	0.032303290871334045	0.04552344687062337	0.04552344687062337	0.032303290871334045	0.04552344687062337	0.07215162473224303	0.059252643605654146	0.04584462174332382	0.04584462174332382	0.06460658174266809	0.06460658174266809	0.09672200675096114	0.07814791261465787	0.09690987261400215
UP000000355	0.019304655896820462	0.012603743159243437	0.0319083990560639	0.0319083990560639	0.0319083990560639	0.04887283533257272	0.0319083990560639	0.04887283533257272	0.04887283533257272	0.0319083990560639	0.04887283533257272	0.07844101476832499	0.05426884907719072	0.04166510591794728	0.04166510591794728	0.0638167981121278	0.0638167981121278	0.10008589028545709	0.07357350497401118	0.09572519716819171
UP000000356	0.017703993605562733	0.015092172252185499	0.03279616585774823	0.03279616585774823	0.03279616585774823	0.038471805180229746	0.03279616585774823	0.038471805180229746	0.038471805180229746	0.03279616585774823	0.038471805180229746	0.05923961675489675	0.07100784815718124	0.05591567590499573	0.05591567590499573	0.06559233171549646	0.06559233171549646	0.08897196464354072	0.08871184176274395	0.09838849757324471
UP000000357	0.0180701630872563	0.014643063191397344	0.03271322627865365	0.03271322627865365	0.03271322627865365	0.040369513280040674	0.03271322627865365	0.040369513280040674	0.040369513280040674	0.03271322627865365	0.040369513280040674	0.06266886347282505	0.06766105060852565	0.053017987417128314	0.053017987417128314	0.0654264525573073	0.0654264525573073	0.09115290264595062	0.08573121369578195	0.09813967883596093
UP000000358	0.018041235193702362	0.014680314535935279	0.032721549729637645	0.032721549729637645	0.032721549729637645	0.04021284238357162	0.032721549729637645	0.04021284238357162	0.04021284238357162	0.032721549729637645	0.04021284238357162	0.062384449573440866	0.06793195024455996	0.053251635708624685	0.053251635708624685	0.06544309945927529	0.06544309945927529	0.09097562730691162	0.08597318543826232	0.09816464918891292
UP000000359	0.01810544303192992	0.014597185281359145	0.032702628313289066	0.032702628313289066	0.032702628313289066	0.04056231132975683	0.032702628313289066	0.04056231132975683	0.04056231132975683	0.032702628313289066	0.04056231132975683	0.06301917962758373	0.06732898795911088	0.05273180267775175	0.05273180267775175	0.06540525662657813	0.06540525662657813	0.09137038267497581	0.08543443099104081	0.09810788493986719
UP000000360	0.016500335445740404	0.01630165205136559	0.03280198749710599	0.03280198749710599	0.03280198749710599	0.03320177582516194	0.03280198749710599	0.03320177582516194	0.03320177582516194	0.03280198749710599	0.03320177582516194	0.04990321620458348	0.08111567823034332	0.06481402617897773	0.06481402617897773	0.06560397499421199	0.06560397499421199	0.08250409876800834	0.09761601367608372	0.09840596249131799
UP000000369	0.015424933022710927	0.017133214679925908	0.03255814770263683	0.03255814770263683	0.03255814770263683	0.02931191005533321	0.03255814770263683	0.02931191005533321	0.02931191005533321	0.03255814770263683	0.02931191005533321	0.043198887087955495	0.08946101452822318	0.07232779984829726	0.07232779984829726	0.06511629540527367	0.06511629540527367	0.07729499078068097	0.1048859475509341	0.09767444310791051
UP000000372	0.01936129746659764	0.012475312985088177	0.031836610451685815	0.031836610451685815	0.031836610451685815	0.049409428526568044	0.031836610451685815	0.049409428526568044	0.049409428526568044	0.031836610451685815	0.049409428526568044	0.07945755958653844	0.05350269562350027	0.041027382638412095	0.041027382638412095	0.06367322090337163	0.06367322090337163	0.1006073364448515	0.0728639930900979	0.09550983135505745
UP000000373	0.018766271994012585	0.013628183721813753	0.03239445571582634	0.03239445571582634	0.03239445571582634	0.04460779069834003	0.03239445571582634	0.04460779069834003	0.04460779069834003	0.03239445571582634	0.04460779069834003	0.07044930940266748	0.06067829513491649	0.047050111413102745	0.047050111413102745	0.06478891143165268	0.06478891143165268	0.09576851840817895	0.07944456712892907	0.09718336714747901
UP000000375	0.014844488368334775	0.017506166977313695	0.032350655345648474	0.032350655345648474	0.032350655345648474	0.02743198597436071	0.032350655345648474	0.02743198597436071	0.02743198597436071	0.032350655345648474	0.02743198597436071	0.04001948358038664	0.09380869223167226	0.07630252525435856	0.07630252525435856	0.06470131069129695	0.06470131069129695	0.07462712968834395	0.10865318060000706	0.09705196603694542
UP000000394	0.015542880272764414	0.017051334878693526	0.03259421515145794	0.03259421515145794	0.03259421515145794	0.029710752107558802	0.03259421515145794	0.029710752107558802	0.029710752107558802	0.03259421515145794	0.029710752107558802	0.04387862394235319	0.088566378152825	0.07151504327413147	0.07151504327413147	0.06518843030291588	0.06518843030291588	0.07784784753178116	0.10410925842558941	0.09778264545437382
UP000000395	0.018904401722563146	0.013391936406074193	0.03229633812863734	0.03229633812863734	0.03229633812863734	0.045590341205217266	0.03229633812863734	0.045590341205217266	0.045590341205217266	0.03229633812863734	0.045590341205217266	0.07227628068787138	0.059149587213035426	0.04575765080696124	0.04575765080696124	0.06459267625727468	0.06459267625727468	0.09679108105641773	0.07805398893559859	0.09688901438591202
UP000000396	0.018405830876228147	0.014184870631360457	0.0325907015075886	0.0325907015075886	0.0325907015075886	0.04228864370184091	0.0325907015075886	0.04228864370184091	0.04228864370184091	0.0325907015075886	0.04228864370184091	0.06617145652745367	0.06441839584184152	0.050233525210481064	0.050233525210481064	0.0651814030151772	0.0651814030151772	0.09328517608565766	0.08282422671806965	0.09777210452276582
UP000000398	0.014647762210145092	0.017621774850837327	0.03226953706098242	0.03226953706098242	0.03226953706098242	0.026823433479419064	0.03226953706098242	0.026823433479419064	0.026823433479419064	0.03226953706098242	0.026823433479419064	0.03899910474869304	0.09526455857046058	0.07764278371962326	0.07764278371962326	0.06453907412196484	0.06453907412196484	0.07374073275054657	0.10991232078060567	0.09680861118294727
UP000000399	0.008687595988257434	0.018871754188839785	0.02755935017709722	0.02755935017709722	0.02755935017709722	0.012686923411662514	0.02755935017709722	0.012686923411662514	0.012686923411662514	0.02755935017709722	0.012686923411662514	0.016686250835067595	0.1386041365071059	0.11973238231826609	0.11973238231826609	0.05511870035419444	0.05511870035419444	0.04893386957701717	0.14729173249536331	0.08267805053129165
UP000000400	0.011214467412271821	0.018864545916555252	0.03007901332882707	0.03007901332882707	0.03007901332882707	0.017881167999564396	0.03007901332882707	0.017881167999564396	0.017881167999564396	0.03007901332882707	0.017881167999564396	0.02454786858685697	0.12006006545507725	0.10119551953852202	0.10119551953852202	0.06015802665765414	0.06015802665765414	0.05917464874066329	0.13127453286734908	0.09023703998648121
UP000000401	0.013731498736871607	0.018093162857335938	0.03182466159420754	0.03182466159420754	0.03182466159420754	0.02415278654859639	0.03182466159420754	0.02415278654859639	0.02415278654859639	0.03182466159420754	0.02415278654859639	0.03457407436032117	0.10196001470467998	0.08386685184734405	0.08386685184734405	0.06364932318841508	0.06364932318841508	0.06970894687967553	0.11569151344155158	0.09547398478262263
UP000000409	0.01839625247461834	0.014198667604039341	0.03259492007865768	0.03259492007865768	0.03259492007865768	0.042231031522028714	0.03259492007865768	0.042231031522028714	0.042231031522028714	0.03259492007865768	0.042231031522028714	0.0660658105694391	0.06451374524451295	0.050315077640473604	0.050315077640473604	0.06518984015731535	0.06518984015731535	0.09322220407530474	0.08290999771913128	0.09778476023597305
UP000000410	0.01576496693839156	0.016891257736041554	0.03265622467443311	0.03265622467443311	0.03265622467443311	0.030478742931417335	0.03265622467443311	0.030478742931417335	0.030478742931417335	0.03265622467443311	0.030478742931417335	0.045192518924443106	0.08686980064292663	0.06997854290688507	0.06997854290688507	0.06531244934886622	0.06531244934886622	0.078899934544242	0.10263476758131819	0.09796867402329934
UP000000411	0.017533986026136983	0.01528567203932654	0.032819658065463525	0.032819658065463525	0.032819658065463525	0.037646982378132	0.032819658065463525	0.037646982378132	0.037646982378132	0.032819658065463525	0.037646982378132	0.057759978730127025	0.07250831712227572	0.057222645082949185	0.057222645082949185	0.06563931613092705	0.06563931613092705	0.0880006264697325	0.09004230314841272	0.09845897419639056
UP000000412	0.015413788824262219	0.01714084110638306	0.03255462993064528	0.03255462993064528	0.03255462993064528	0.029274537223036936	0.03255462993064528	0.029274537223036936	0.029274537223036936	0.03255462993064528	0.029274537223036936	0.04313528562181165	0.08954532844955283	0.07240448734316979	0.07240448734316979	0.06510925986129056	0.06510925986129056	0.07724295597794444	0.10495911727381506	0.09766388979193583
UP000000413	0.01823294253826081	0.01442710810409113	0.03266005064235194	0.03266005064235194	0.03266005064235194	0.04127568895736122	0.03266005064235194	0.04127568895736122	0.04127568895736122	0.03266005064235194	0.04127568895736122	0.06431843537646163	0.06611268549386641	0.05168557738977529	0.05168557738977529	0.06532010128470388	0.06532010128470388	0.09216868213797395	0.08434562803212722	0.09798015192705581
UP000000414	0.01395729591621564	0.01798694134391542	0.031944237260131056	0.031944237260131056	0.031944237260131056	0.024787714805567733	0.031944237260131056	0.024787714805567733	0.024787714805567733	0.031944237260131056	0.024787714805567733	0.035618133694919826	0.10032081537270156	0.08233387402878614	0.08233387402878614	0.06388847452026211	0.06388847452026211	0.07068924798191444	0.11427811128891721	0.09583271178039317
UP000000469	0.01917969988872677	0.01286991888845914	0.032049618777185915	0.032049618777185915	0.032049618777185915	0.04776269959601303	0.032049618777185915	0.04776269959601303	0.04776269959601303	0.032049618777185915	0.04776269959601303	0.07634569930329928	0.05588164445887438	0.04301172557041524	0.04301172557041524	0.06409923755437183	0.06409923755437183	0.09899201826192569	0.07506134434760116	0.09614885633155772
UP000000470	0.01719014456441027	0.015652027160203582	0.03284217172461385	0.03284217172461385	0.03284217172461385	0.03606955661249672	0.03284217172461385	0.03606955661249672	0.03606955661249672	0.03284217172461385	0.03606955661249672	0.05494896866058318	0.0754591523309815	0.059807125170777894	0.059807125170777894	0.0656843434492277	0.0656843434492277	0.08610187290152084	0.09264929689539177	0.09852651517384156
UP000000472	0.018949002953385564	0.013312360639466026	0.03226136359285159	0.03226136359285159	0.03226136359285159	0.04592128252511878	0.03226136359285159	0.04592128252511878	0.04592128252511878	0.03226136359285159	0.04592128252511878	0.072893562096852	0.058641912587448254	0.04532955194798223	0.04532955194798223	0.06452272718570318	0.06452272718570318	0.09713164907135594	0.07759091554083382	0.09678409077855477
UP000000473	0.013549501377873571	0.018174190913708976	0.03172369229158255	0.03172369229158255	0.03172369229158255	0.023651133327305493	0.03172369229158255	0.023651133327305493	0.023651133327305493	0.03172369229158255	0.023651133327305493	0.03375276527673741	0.1032773137690626	0.08510312285535362	0.08510312285535362	0.0634473845831651	0.0634473845831651	0.06892432699676161	0.11682681514693617	0.09517107687474764
UP000000477	0.016534431955758336	0.016271906385393265	0.032806338341151604	0.032806338341151604	0.032806338341151604	0.03333562498284046	0.032806338341151604	0.03333562498284046	0.03333562498284046	0.032806338341151604	0.03333562498284046	0.05013681800992259	0.08084281728975562	0.06457091090436236	0.06457091090436236	0.06561267668230321	0.06561267668230321	0.08267639527975039	0.09737724924551394	0.0984190150234548
UP000000513	0.019944545820829045	0.010472843187682069	0.030417389008511115	0.030417389008511115	0.030417389008511115	0.05792705934371032	0.030417389008511115	0.05792705934371032	0.05792705934371032	0.030417389008511115	0.05792705934371032	0.0959095728665916	0.04241706975735177	0.03194422656966971	0.03194422656966971	0.06083477801702223	0.06083477801702223	0.10828899417305048	0.06236161557818082	0.09125216702553333
UP000000514	0.019727068126250687	0.011459995607646694	0.03118706373389738	0.03118706373389738	0.03118706373389738	0.05368495346767877	0.03118706373389738	0.05368495346767877	0.05368495346767877	0.03118706373389738	0.05368495346767877	0.08764283880910685	0.04769483913518201	0.03623484352753532	0.03623484352753532	0.06237412746779476	0.06237412746779476	0.10459908532782684	0.0674219072614327	0.09356119120169215
UP000000515	0.01779485293177141	0.014985054520778496	0.032779907452549904	0.032779907452549904	0.032779907452549904	0.0389263603563385	0.032779907452549904	0.0389263603563385	0.0389263603563385	0.032779907452549904	0.0389263603563385	0.060057867780905605	0.07019300731992935	0.05520795279915086	0.05520795279915086	0.06555981490509981	0.06555981490509981	0.08950112074065981	0.08798786025170077	0.0983397223576497
UP000000516	0.019935565686938318	0.010530747323000638	0.030466313009938958	0.030466313009938958	0.030466313009938958	0.05767522148422406	0.030466313009938958	0.05767522148422406	0.05767522148422406	0.030466313009938958	0.05767522148422406	0.09541487728150981	0.04271774910758731	0.032187001784586666	0.032187001784586666	0.060932626019877915	0.060932626019877915	0.10807710018110135	0.06265331479452564	0.09139893902981688
UP000000518	0.012888419380372156	0.018434807494572113	0.031323226874944265	0.031323226874944265	0.031323226874944265	0.021899164633516887	0.031323226874944265	0.021899164633516887	0.021899164633516887	0.031323226874944265	0.021899164633516887	0.030909909886661622	0.10804046673123353	0.08960565923666143	0.08960565923666143	0.06264645374988853	0.06264645374988853	0.06611081088883332	0.1209288861116057	0.0939696806248328
UP000000519	0.016049179749665778	0.016674658174985927	0.0327238379246517	0.0327238379246517	0.0327238379246517	0.031496343219767874	0.0327238379246517	0.031496343219767874	0.031496343219767874	0.0327238379246517	0.031496343219767874	0.04694350668986997	0.08467300077920177	0.06799834260421583	0.06799834260421583	0.0654476758493034	0.0654476758493034	0.08026936089408535	0.10072218052886754	0.09817151377395511
UP000000520	0.018670451261412244	0.01378393376031645	0.03245438502172869	0.03245438502172869	0.03245438502172869	0.04395973053148087	0.03245438502172869	0.04395973053148087	0.04395973053148087	0.03245438502172869	0.04395973053148087	0.06924900980154951	0.06170447805866321	0.04792054429834676	0.04792054429834676	0.06490877004345738	0.06490877004345738	0.09508456681462181	0.08037492932007545	0.09736315506518609
UP000000521	0.017530876608986567	0.015289130790088326	0.03282000739907489	0.03282000739907489	0.03282000739907489	0.037632191647690404	0.03282000739907489	0.037632191647690404	0.037632191647690404	0.03282000739907489	0.037632191647690404	0.05773350668639425	0.07253548496257717	0.05724635417248884	0.05724635417248884	0.06564001479814978	0.06564001479814978	0.08798307565575186	0.09006636157156374	0.09846002219722469
UP000000522	0.018448016381872878	0.014123548856766739	0.03257156523863962	0.03257156523863962	0.03257156523863962	0.04254460229503697	0.03257156523863962	0.04254460229503697	0.04254460229503697	0.03257156523863962	0.04254460229503697	0.06664118820820104	0.06399623798136182	0.04987268912459509	0.04987268912459509	0.06514313047727924	0.06514313047727924	0.09356418391554946	0.0824442543632347	0.09771469571591884
UP000000568	0.017663969435977152	0.015138521229068851	0.032802490665046	0.032802490665046	0.032802490665046	0.0382746890375724	0.032802490665046	0.0382746890375724	0.0382746890375724	0.032802490665046	0.0382746890375724	0.058885408639167636	0.07136384511212746	0.056225323883058606	0.056225323883058606	0.065604981330092	0.065604981330092	0.08874114913859554	0.0890278145481046	0.09840747199513801
UP000000569	0.0159623370587699	0.01674228326757321	0.03270462032634311	0.03270462032634311	0.03270462032634311	0.031181062026306036	0.03270462032634311	0.031181062026306036	0.031181062026306036	0.03270462032634311	0.031181062026306036	0.046399786993842174	0.0853475276808577	0.0686052444132845	0.0686052444132845	0.06540924065268622	0.06540924065268622	0.07984801941141904	0.10130986473962761	0.09811386097902931
UP000000570	0.014963783888703569	0.017433460163517787	0.03239724405222136	0.03239724405222136	0.03239724405222136	0.02780775325379845	0.03239724405222136	0.02780775325379845	0.02780775325379845	0.03239724405222136	0.02780775325379845	0.04065172261889333	0.09292186173266093	0.07548840156914315	0.07548840156914315	0.06479448810444272	0.06479448810444272	0.07516878119472337	0.1078856456213645	0.09719173215666407
UP000000571	0.008144846290617711	0.018762374854408872	0.026907221145026583	0.026907221145026583	0.026907221145026583	0.011680567200820108	0.026907221145026583	0.011680567200820108	0.011680567200820108	0.026907221145026583	0.011680567200820108	0.015216288111022507	0.14272870924552178	0.12396633439111292	0.12396633439111292	0.053814442290053166	0.053814442290053166	0.046732634636464404	0.15087355553613951	0.08072166343507975
UP000000572	0.017109695806454005	0.01573333094225032	0.032843026748704325	0.032843026748704325	0.032843026748704325	0.035716162019102	0.032843026748704325	0.035716162019102	0.035716162019102	0.032843026748704325	0.035716162019102	0.05432262823174999	0.07613536436561803	0.06040203342336772	0.06040203342336772	0.06568605349740865	0.06568605349740865	0.08566888457426032	0.09324506017207204	0.09852908024611298
UP000000573	0.016567049406142117	0.01624323625811821	0.03281028566426032	0.03281028566426032	0.03281028566426032	0.033464367259804305	0.03281028566426032	0.033464367259804305	0.033464367259804305	0.03281028566426032	0.033464367259804305	0.05036168511346649	0.08058121324795488	0.06433797698983668	0.06433797698983668	0.06562057132852064	0.06562057132852064	0.08284170233020675	0.097148262654097	0.09843085699278098
UP000000574	0.01656544393004225	0.016244652388264925	0.032810096318307176	0.032810096318307176	0.032810096318307176	0.033458014238140016	0.032810096318307176	0.033458014238140016	0.033458014238140016	0.032810096318307176	0.033458014238140016	0.05035058454623779	0.08059410318080178	0.06434945079253684	0.06434945079253684	0.06562019263661435	0.06562019263661435	0.08283355448648944	0.09715954711084403	0.09843028895492154
UP000000575	0.016563671872611034	0.016246214857125133	0.03280988672973617	0.03280988672973617	0.03280988672973617	0.03345100398758682	0.03280988672973617	0.03345100398758682	0.03345100398758682	0.03280988672973617	0.03345100398758682	0.0503383361025626	0.08060832892805628	0.06436211407093115	0.06436211407093115	0.06561977345947234	0.06561977345947234	0.08282456258993402	0.09717200080066732	0.09842966018920851
UP000000587	0.019909498641902744	0.010684078303968616	0.03059357694587136	0.03059357694587136	0.03059357694587136	0.057010325207792686	0.03059357694587136	0.057010325207792686	0.057010325207792686	0.03059357694587136	0.057010325207792686	0.09411115177368265	0.043519076067321666	0.03283499776335305	0.03283499776335305	0.06118715389174272	0.06118715389174272	0.10751340079556679	0.06342857470922442	0.09178073083761407
UP000000624	0.019452227028530486	0.012256895218901411	0.031709122247431894	0.031709122247431894	0.031709122247431894	0.05032375930580544	0.031709122247431894	0.05032375930580544	0.05032375930580544	0.031709122247431894	0.05032375930580544	0.08119529158308038	0.05221688420114694	0.03995998898224553	0.03995998898224553	0.06341824449486379	0.06341824449486379	0.1014851085817678	0.07166911122967742	0.0951273667422957
UP000000668	0.014484733700658574	0.017713615609681058	0.03219834931033963	0.03219834931033963	0.03219834931033963	0.026329154117251993	0.03219834931033963	0.026329154117251993	0.026329154117251993	0.03219834931033963	0.026329154117251993	0.038173574533845414	0.09646538208829619	0.07875176647861513	0.07875176647861513	0.06439669862067926	0.06439669862067926	0.0730122371282502	0.11095011578895476	0.0965950479310189
UP000000670	0.019416274367321174	0.012345214967916563	0.03176148933523774	0.03176148933523774	0.03176148933523774	0.049953750732604454	0.03176148933523774	0.049953750732604454	0.049953750732604454	0.03176148933523774	0.049953750732604454	0.08049122709788772	0.05273426243673813	0.04038904746882156	0.04038904746882156	0.06352297867047547	0.06352297867047547	0.10113151443516337	0.0721505368040593	0.09528446800571323
UP000000672	0.015979507201291585	0.016729015043753664	0.032708522245045245	0.032708522245045245	0.032708522245045245	0.031243086660589822	0.032708522245045245	0.031243086660589822	0.031243086660589822	0.032708522245045245	0.031243086660589822	0.04650666611988806	0.0852144012078634	0.06848538616410974	0.06848538616410974	0.06541704449009049	0.06541704449009049	0.07993111610692666	0.10119390840915497	0.09812556673513576
UP000000675	0.016981619374992842	0.01585957163847754	0.03284119101347038	0.03284119101347038	0.03284119101347038	0.035164670164176404	0.03284119101347038	0.035164670164176404	0.035164670164176404	0.03284119101347038	0.035164670164176404	0.05334772095335997	0.07720203964103549	0.06134246800255796	0.06134246800255796	0.06568238202694077	0.06568238202694077	0.08498748055263962	0.09418365901602835	0.09852357304041114
UP000000676	0.01843744905947067	0.01413899591271296	0.03257644497218363	0.03257644497218363	0.03257644497218363	0.042480141335442125	0.03257644497218363	0.042480141335442125	0.042480141335442125	0.03257644497218363	0.042480141335442125	0.06652283361141359	0.06410233095182238	0.04996333503910943	0.04996333503910943	0.06515288994436726	0.06515288994436726	0.09349403536709644	0.08253978001129306	0.0977293349165509
UP000000677	0.01644295821620476	0.016351196013772384	0.03279415422997714	0.03279415422997714	0.03279415422997714	0.03297819360033972	0.03279415422997714	0.03297819360033972	0.03297819360033972	0.03279415422997714	0.03297819360033972	0.04951342898447467	0.08157347984732045	0.06522228383354807	0.06522228383354807	0.06558830845995428	0.06558830845995428	0.08221530604652161	0.09801643806352521	0.09838246268993144
UP000000678	0.017906704407987098	0.014849397709664452	0.03275610211765155	0.03275610211765155	0.03275610211765155	0.0395001770204376	0.03275610211765155	0.0395001770204376	0.0395001770204376	0.03275610211765155	0.0395001770204376	0.06109364963288809	0.0691763555552893	0.05432695784562485	0.05432695784562485	0.0655122042353031	0.0655122042353031	0.09016298354607623	0.0870830599632764	0.09826830635295462
UP000000679	0.016979319959147404	0.015861803174610403	0.0328411231337578	0.0328411231337578	0.0328411231337578	0.035154889476777765	0.0328411231337578	0.035154889476777765	0.035154889476777765	0.0328411231337578	0.035154889476777765	0.053330458994408136	0.07722108404500493	0.06135928087039453	0.06135928087039453	0.0656822462675156	0.0656822462675156	0.08497533256968298	0.09420040400415233	0.09852336940127342
UP000000680	0.018321744265813157	0.014304448091409735	0.03262619235722289	0.03262619235722289	0.03262619235722289	0.041789011985386856	0.03262619235722289	0.041789011985386856	0.041789011985386856	0.03262619235722289	0.041789011985386856	0.06525627970496055	0.06524934375454444	0.050944895663134704	0.050944895663134704	0.06525238471444578	0.06525238471444578	0.09273694860842291	0.08357108802035759	0.09787857707166868
UP000000725	0.0174804652243549	0.015344817786643273	0.03282528301099817	0.03282528301099817	0.03282528301099817	0.03739381113100086	0.03282528301099817	0.03739381113100086	0.03739381113100086	0.03282528301099817	0.03739381113100086	0.05730715703764682	0.07297463256948782	0.05762981478284454	0.05762981478284454	0.06565056602199634	0.06565056602199634	0.08769955936635394	0.09045509779384271	0.09847584903299451
UP000000728	0.016314026214741803	0.01646023311468751	0.03277425932942932	0.03277425932942932	0.03277425932942932	0.03248314420237217	0.03277425932942932	0.03248314420237217	0.03248314420237217	0.03277425932942932	0.03248314420237217	0.048652262190002536	0.08259619999650442	0.0661359668818169	0.0661359668818169	0.06554851865885863	0.06554851865885863	0.08157142974654329	0.09891022621124622	0.09832277798828795
UP000000729	0.010759636003335304	0.01892442339720646	0.029684059400541765	0.029684059400541765	0.029684059400541765	0.016877115225521735	0.029684059400541765	0.016877115225521735	0.016877115225521735	0.029684059400541765	0.016877115225521735	0.022994594447708166	0.1233431431512102	0.10441871975400376	0.10441871975400376	0.05936811880108353	0.05936811880108353	0.057320810629398804	0.1341027791545455	0.08905217820162528
UP000000730	0.010363411893360111	0.01895633331359238	0.02931974520695249	0.02931974520695249	0.02931974520695249	0.016029080685669637	0.02931974520695249	0.016029080685669637	0.016029080685669637	0.02931974520695249	0.016029080685669637	0.02169474947797916	0.12621731425920057	0.1072609809456082	0.1072609809456082	0.05863949041390498	0.05863949041390498	0.055712237785982235	0.1365807261525607	0.08795923562085747
UP000000735	0.019373560052822644	0.012446782805602049	0.03182034285842469	0.03182034285842469	0.03182034285842469	0.04952872825832829	0.03182034285842469	0.04952872825832829	0.04952872825832829	0.03182034285842469	0.04952872825832829	0.07968389646383395	0.05333352693303443	0.04088674412743238	0.04088674412743238	0.06364068571684937	0.06364068571684937	0.10072263116957564	0.07270708698585707	0.09546102857527408
UP000000744	0.019754846333284833	0.01136162527865623	0.03111647161194106	0.03111647161194106	0.03111647161194106	0.05410327308388557	0.03111647161194106	0.05410327308388557	0.05410327308388557	0.03111647161194106	0.05410327308388557	0.08845169983448631	0.04715372251741344	0.03579209723875721	0.03579209723875721	0.06223294322388212	0.06223294322388212	0.10497459102911147	0.06690856885069828	0.0933494148358232
UP000000825	0.01819997783078938	0.01447174306587367	0.03267172089666305	0.03267172089666305	0.03267172089666305	0.041088664531034345	0.03267172089666305	0.041088664531034345	0.041088664531034345	0.03267172089666305	0.041088664531034345	0.0639773512312793	0.06642969100760873	0.051957947941735055	0.051957947941735055	0.0653434417933261	0.0653434417933261	0.09196036325848678	0.0846296688383981	0.09801516268998915
UP000000826	0.01720654343926277	0.01563525815519458	0.032841801594457355	0.032841801594457355	0.032841801594457355	0.03614228048872579	0.032841801594457355	0.03614228048872579	0.03614228048872579	0.032841801594457355	0.03614228048872579	0.055078017538188806	0.07532069678191072	0.05968543862671614	0.05968543862671614	0.06568360318891471	0.06568360318891471	0.08619062552244593	0.09252724022117349	0.09852540478337206
UP000000831	0.013794795357843866	0.018064026057658795	0.03185882141550266	0.03185882141550266	0.03185882141550266	0.02432934498467574	0.03185882141550266	0.02432934498467574	0.02432934498467574	0.03185882141550266	0.02432934498467574	0.034863894611507615	0.10150108551192658	0.0834370594542678	0.0834370594542678	0.06371764283100532	0.06371764283100532	0.06998296175802227	0.11529588086977045	0.09557646424650798
UP000000832	0.019553225945403124	0.011992632931780954	0.03154585887718408	0.03154585887718408	0.03154585887718408	0.05143351837549992	0.03154585887718408	0.05143351837549992	0.05143351837549992	0.03154585887718408	0.05143351837549992	0.0833138108055967	0.05068884675227058	0.03869621382048962	0.03869621382048962	0.06309171775436816	0.06309171775436816	0.10253260319808712	0.0702420726976737	0.09463757663155223
UP000000834	0.018354958483197934	0.01425762652285461	0.03261258500605254	0.03261258500605254	0.03261258500605254	0.04198473307294963	0.03261258500605254	0.04198473307294963	0.04198473307294963	0.03261258500605254	0.04198473307294963	0.06561450766270133	0.06492274324178204	0.05066511671892744	0.05066511671892744	0.06522517001210508	0.06522517001210508	0.09295227656220009	0.08327770172497999	0.09783775501815763
UP000000835	0.01974385744640792	0.011401113404352773	0.031144970850760692	0.031144970850760692	0.031144970850760692	0.053935246746618724	0.031144970850760692	0.053935246746618724	0.053935246746618724	0.031144970850760692	0.053935246746618724	0.08812663604682953	0.047370512556329195	0.03596939915197642	0.03596939915197642	0.062289941701521384	0.062289941701521384	0.10482407504378735	0.06711437000273711	0.09343491255228209
UP000000839	0.02000466670269988	0.009940971814644747	0.02994563851734463	0.02994563851734463	0.02994563851734463	0.060260961293191126	0.02994563851734463	0.060260961293191126	0.060260961293191126	0.02994563851734463	0.060260961293191126	0.10051725588368236	0.03970290215785675	0.02976193034321199	0.02976193034321199	0.05989127703468926	0.05989127703468926	0.11021126651323561	0.05970756886055662	0.08983691555203388
UP000000840	0.01705299816723731	0.015789691769877025	0.03284268993711433	0.03284268993711433	0.03284268993711433	0.035470377729173115	0.03284268993711433	0.035470377729173115	0.035470377729173115	0.03284268993711433	0.035470377729173115	0.053887757291108916	0.07660902053717608	0.06081932876729906	0.06081932876729906	0.06568537987422866	0.06568537987422866	0.08536606583352475	0.09366201870441339	0.09852806981134302
UP000000842	0.011653039221685967	0.018783644958463408	0.030436684180149373	0.030436684180149373	0.030436684180149373	0.018882377478580917	0.030436684180149373	0.018882377478580917	0.018882377478580917	0.030436684180149373	0.018882377478580917	0.02611171573547587	0.11690600745577082	0.0981223624973074	0.0981223624973074	0.060873368360298746	0.060873368360298746	0.06097210088041626	0.12855904667745677	0.0913100525404481
UP000000846	0.017491675790413462	0.015332496782768936	0.032824172573182396	0.032824172573182396	0.032824172573182396	0.037446594176620523	0.032824172573182396	0.037446594176620523	0.037446594176620523	0.032824172573182396	0.037446594176620523	0.05740151256282757	0.07287718562855679	0.05754468884578786	0.05754468884578786	0.06564834514636479	0.06564834514636479	0.08776244254021638	0.09036886141897026	0.09847251771954718
UP000000853	0.018155255614576416	0.014531551379777997	0.03268680699435442	0.03268680699435442	0.03268680699435442	0.0408378514239472	0.03268680699435442	0.0408378514239472	0.0408378514239472	0.03268680699435442	0.0408378514239472	0.06352044723331798	0.06685689731409686	0.05232534593431887	0.05232534593431887	0.06537361398870883	0.06537361398870883	0.09167991403287803	0.08501215292867327	0.09806042098306325
UP000000854	0.019369372764254076	0.012456555378943475	0.031825928143197554	0.031825928143197554	0.031825928143197554	0.04948785976707495	0.031825928143197554	0.04948785976707495	0.04948785976707495	0.031825928143197554	0.04948785976707495	0.07960634676989582	0.0533914314048356	0.040934876025892124	0.040934876025892124	0.06365185628639511	0.06365185628639511	0.10068316067452657	0.07276080416908967	0.09547778442959265
UP000000862	0.01909888487172295	0.013031356345390722	0.03213024121711368	0.03213024121711368	0.03213024121711368	0.047090399620864816	0.03213024121711368	0.047090399620864816	0.047090399620864816	0.03213024121711368	0.047090399620864816	0.07508191437000669	0.05687691335835332	0.0438455570129626	0.0438455570129626	0.06426048243422736	0.06426048243422736	0.09831952570970144	0.07597579823007627	0.096390723651341
UP000000866	0.0195846796505609	0.007100510974925291	0.02668519062548619	0.02668519062548619	0.02668519062548619	0.07360328174407149	0.02668519062548619	0.07360328174407149	0.07360328174407149	0.02668519062548619	0.07360328174407149	0.12762188383758208	0.026450175333495647	0.019349664358570356	0.019349664358570356	0.05337038125097238	0.05337038125097238	0.11987315202011858	0.04603485498405655	0.08005557187645858
UP000000867	0.018556681287088532	0.013961214658694536	0.03251789594578307	0.03251789594578307	0.03251789594578307	0.04322147076342058	0.03251789594578307	0.04322147076342058	0.04322147076342058	0.03251789594578307	0.04322147076342058	0.06788626023975264	0.06289122736134836	0.04893001270265382	0.04893001270265382	0.06503579189156614	0.06503579189156614	0.0942960479962922	0.0814479086484369	0.09755368783734922
UP000000868	0.019361936662757585	0.012473832474693433	0.031835769137451016	0.031835769137451016	0.031835769137451016	0.04941561840757753	0.031835769137451016	0.04941561840757753	0.04941561840757753	0.031835769137451016	0.04941561840757753	0.07946930015239748	0.05349390787731809	0.04102007540262466	0.04102007540262466	0.06367153827490203	0.06367153827490203	0.10061332420778613	0.07285584454007567	0.09550730741235305
UP000000869	0.010701021161746675	0.018930341472563193	0.029631362634309866	0.029631362634309866	0.029631362634309866	0.01675013834593052	0.029631362634309866	0.01675013834593052	0.01675013834593052	0.029631362634309866	0.01675013834593052	0.022799255530114373	0.12376740412038197	0.10483706264781878	0.10483706264781878	0.05926272526861973	0.05926272526861973	0.057082522141987065	0.13446842528212866	0.0888940879029296
UP000000870	0.010572899311961587	0.01894183454586206	0.029514733857823647	0.029514733857823647	0.029514733857823647	0.01647445016703956	0.029514733857823647	0.01647445016703956	0.01647445016703956	0.029514733857823647	0.01647445016703956	0.022376001022117536	0.12469583615023862	0.10575400160437656	0.10575400160437656	0.059029467715647294	0.059029467715647294	0.05656208333682479	0.1352687354622002	0.08854420157347094
UP000000871	0.019738560994318154	0.007537640052451874	0.02727620104677003	0.02727620104677003	0.02727620104677003	0.07142725764409832	0.02727620104677003	0.07142725764409832	0.07142725764409832	0.02727620104677003	0.07142725764409832	0.1231159542938785	0.028369775236779245	0.02083213518432737	0.02083213518432737	0.05455240209354006	0.05455240209354006	0.1184420196851865	0.0481083362310974	0.08182860314031008
UP000000872	0.016919993401510756	0.003778892740956145	0.0206988861424669	0.0206988861424669	0.0206988861424669	0.0926792690232715	0.0206988861424669	0.0926792690232715	0.0926792690232715	0.0206988861424669	0.0926792690232715	0.16843854464503227	0.013024625730741105	0.009245732989784958	0.009245732989784958	0.0413977722849338	0.0413977722849338	0.13029814856724917	0.029944619132251857	0.0620966584274007
UP000000875	0.010803006882918678	0.01891977863339185	0.02972278551631053	0.02972278551631053	0.02972278551631053	0.01697141719964478	0.02972278551631053	0.01697141719964478	0.01697141719964478	0.02972278551631053	0.01697141719964478	0.02313982751637088	0.12302940818950103	0.10410962955610918	0.10410962955610918	0.05944557103262106	0.05944557103262106	0.057497209598873986	0.1338324150724197	0.08916835654893158
