Proteome_ID	M	W	C	D	E	F	H	K	N	Q	Y	I	A	G	P	T	V	L	R	S
UP000000231	0.039303594695156686	0.032153006864039574	0.032153006864039574	0.032153006864039574	0.032153006864039574	0.039303594695156686	0.032153006864039574	0.039303594695156686	0.039303594695156686	0.032153006864039574	0.039303594695156686	0.039303594695156686	0.0526066818273175	0.06332435078199736	0.0526066818273175	0.06430601372807915	0.06430601372807915	0.10360960842323583	0.06332435078199736	0.10717668954679857
UP000000233	0.016629054378692533	0.02934047333834798	0.02934047333834798	0.02934047333834798	0.02934047333834798	0.016629054378692533	0.02934047333834798	0.016629054378692533	0.016629054378692533	0.02934047333834798	0.016629054378692533	0.016629054378692533	0.10353726148389618	0.11331741926334549	0.10353726148389618	0.05868094667669596	0.05868094667669596	0.07531000105538849	0.11331741926334549	0.09780157779449326
UP000000235	0.01180340536296956	0.026833891613417354	0.026833891613417354	0.026833891613417354	0.026833891613417354	0.01180340536296956	0.026833891613417354	0.01180340536296956	0.01180340536296956	0.026833891613417354	0.01180340536296956	0.01180340536296956	0.12200847416113386	0.13095310469893964	0.12200847416113386	0.05366778322683471	0.05366778322683471	0.06547118858980427	0.13095310469893964	0.08944630537805784
UP000000238	0.027949602967159447	0.03197825290260835	0.03197825290260835	0.03197825290260835	0.03197825290260835	0.027949602967159447	0.03197825290260835	0.027949602967159447	0.027949602967159447	0.03197825290260835	0.027949602967159447	0.027949602967159447	0.07317518319703761	0.08383460083124036	0.07317518319703761	0.0639565058052167	0.0639565058052167	0.09190610877237615	0.08383460083124036	0.10659417634202781
UP000000239	0.016382515880773826	0.029239439781162717	0.029239439781162717	0.029239439781162717	0.029239439781162717	0.016382515880773826	0.029239439781162717	0.016382515880773826	0.016382515880773826	0.029239439781162717	0.016382515880773826	0.016382515880773826	0.10437283808399492	0.11411931801104915	0.10437283808399492	0.058478879562325434	0.058478879562325434	0.07486139544309925	0.11411931801104915	0.09746479927054238
UP000000245	0.013424073750449154	0.027813469075395014	0.027813469075395014	0.027813469075395014	0.027813469075395014	0.013424073750449154	0.027813469075395014	0.013424073750449154	0.013424073750449154	0.027813469075395014	0.013424073750449154	0.013424073750449154	0.11525399463513393	0.12452515099359894	0.11525399463513393	0.05562693815079003	0.05562693815079003	0.06905101190123918	0.12452515099359894	0.09271156358465003
UP000000247	0.06051099320806233	0.0290522341142381	0.0290522341142381	0.0290522341142381	0.0290522341142381	0.06051099320806233	0.0290522341142381	0.06051099320806233	0.06051099320806233	0.0290522341142381	0.06051099320806233	0.06051099320806233	0.027896825428938524	0.03758090346701788	0.027896825428938524	0.0581044682284762	0.0581044682284762	0.11861546143653852	0.03758090346701788	0.09684078038079365
UP000000248	0.04019894702891358	0.0320980985289332	0.0320980985289332	0.0320980985289332	0.0320980985289332	0.04019894702891358	0.0320980985289332	0.04019894702891358	0.04019894702891358	0.0320980985289332	0.04019894702891358	0.04019894702891358	0.05125944858366845	0.061958814759979525	0.05125944858366845	0.0641961970578664	0.0641961970578664	0.10439514408677998	0.061958814759979525	0.10699366176311066
UP000000260	0.024391897771769436	0.03149511150663744	0.03149511150663744	0.03149511150663744	0.03149511150663744	0.024391897771769436	0.03149511150663744	0.024391897771769436	0.024391897771769436	0.03149511150663744	0.024391897771769436	0.024391897771769436	0.08133373287285374	0.09183210337506621	0.08133373287285374	0.06299022301327488	0.06299022301327488	0.08738212078504431	0.09183210337506621	0.10498370502212477
UP000000263	0.02002187768685006	0.030503800528485715	0.030503800528485715	0.030503800528485715	0.030503800528485715	0.02002187768685006	0.030503800528485715	0.02002187768685006	0.02002187768685006	0.030503800528485715	0.02002187768685006	0.02002187768685006	0.09294651193406955	0.10311444544356478	0.09294651193406955	0.06100760105697143	0.06100760105697143	0.08102947874382148	0.10311444544356478	0.10167933509495236
UP000000268	0.036462273664018406	0.03226887926604687	0.03226887926604687	0.03226887926604687	0.03226887926604687	0.036462273664018406	0.03226887926604687	0.036462273664018406	0.036462273664018406	0.03226887926604687	0.036462273664018406	0.036462273664018406	0.05711550402378024	0.06787179711246252	0.05711550402378024	0.06453775853209374	0.06453775853209374	0.10100003219611216	0.06787179711246252	0.10756293088682291
UP000000269	0.052997778194225215	0.03052358336058116	0.03052358336058116	0.03052358336058116	0.03052358336058116	0.052997778194225215	0.03052358336058116	0.052997778194225215	0.052997778194225215	0.03052358336058116	0.052997778194225215	0.052997778194225215	0.03515955471778122	0.045334082504641604	0.03515955471778122	0.06104716672116232	0.06104716672116232	0.11404494491538752	0.045334082504641604	0.10174527786860384
UP000000270	0.013448380484095027	0.02782697448370024	0.02782697448370024	0.02782697448370024	0.02782697448370024	0.013448380484095027	0.02782697448370024	0.013448380484095027	0.013448380484095027	0.02782697448370024	0.013448380484095027	0.013448380484095027	0.11515743621803269	0.1244330943792661	0.11515743621803269	0.05565394896740048	0.05565394896740048	0.06910232945149551	0.1244330943792661	0.09275658161233413
UP000000272	0.03623285272614104	0.032274147228986964	0.032274147228986964	0.032274147228986964	0.032274147228986964	0.03623285272614104	0.032274147228986964	0.03623285272614104	0.03623285272614104	0.032274147228986964	0.03623285272614104	0.03623285272614104	0.057495918813305326	0.06825396788963431	0.057495918813305326	0.06454829445797393	0.06454829445797393	0.10078114718411496	0.06825396788963431	0.10758049076328985
UP000000276	0.028857367161235273	0.03206278016367852	0.03206278016367852	0.03206278016367852	0.03206278016367852	0.028857367161235273	0.03206278016367852	0.028857367161235273	0.028857367161235273	0.03206278016367852	0.028857367161235273	0.028857367161235273	0.07124848681312415	0.08193608020101699	0.07124848681312415	0.06412556032735704	0.06412556032735704	0.09298292748859231	0.08193608020101699	0.1068759338789284
UP000000321	0.01397010079853197	0.02810908722068531	0.02810908722068531	0.02810908722068531	0.02810908722068531	0.01397010079853197	0.02810908722068531	0.01397010079853197	0.01397010079853197	0.02810908722068531	0.01397010079853197	0.01397010079853197	0.11311597471982779	0.12248567046005623	0.11311597471982779	0.05621817444137062	0.05621817444137062	0.07018827523990259	0.12248567046005623	0.09369695740228437
UP000000323	0.027582329630164895	0.03193984537418954	0.03193984537418954	0.03193984537418954	0.03193984537418954	0.027582329630164895	0.03193984537418954	0.027582329630164895	0.027582329630164895	0.03193984537418954	0.027582329630164895	0.027582329630164895	0.07397154165045326	0.08461815677518311	0.07397154165045326	0.06387969074837908	0.06387969074837908	0.09146202037854398	0.08461815677518311	0.10646615124729845
UP000000328	0.010201593341346163	0.025690024496333504	0.025690024496333504	0.025690024496333504	0.025690024496333504	0.010201593341346163	0.025690024496333504	0.010201593341346163	0.010201593341346163	0.025690024496333504	0.010201593341346163	0.010201593341346163	0.12938711366731023	0.13795045516608806	0.12938711366731023	0.05138004899266701	0.05138004899266701	0.06158164233401318	0.13795045516608806	0.08563341498777835
UP000000329	0.016768722966513605	0.029396622581366365	0.029396622581366365	0.029396622581366365	0.029396622581366365	0.016768722966513605	0.029396622581366365	0.016768722966513605	0.016768722966513605	0.029396622581366365	0.016768722966513605	0.016768722966513605	0.10306824448313576	0.11286711867692455	0.10306824448313576	0.05879324516273273	0.05879324516273273	0.07556196812924634	0.11286711867692455	0.09798874193788787
UP000000333	0.015785936677557056	0.028984495074807277	0.028984495074807277	0.028984495074807277	0.028984495074807277	0.015785936677557056	0.028984495074807277	0.015785936677557056	0.015785936677557056	0.028984495074807277	0.015785936677557056	0.015785936677557056	0.10643663051504607	0.11609812887331515	0.10643663051504607	0.057968990149614555	0.057968990149614555	0.0737549268271716	0.11609812887331515	0.09661498358269091
UP000000343	0.02024598701970426	0.030567258067214626	0.030567258067214626	0.030567258067214626	0.030567258067214626	0.02024598701970426	0.030567258067214626	0.02024598701970426	0.02024598701970426	0.030567258067214626	0.02024598701970426	0.02024598701970426	0.09230049044665903	0.10248957646906388	0.09230049044665903	0.06113451613442925	0.06113451613442925	0.08138050315413352	0.10248957646906388	0.10189086022404874
UP000000361	0.014053200108915533	0.028152682985471855	0.028152682985471855	0.028152682985471855	0.028152682985471855	0.014053200108915533	0.028152682985471855	0.014053200108915533	0.014053200108915533	0.028152682985471855	0.014053200108915533	0.014053200108915533	0.11279616786751046	0.12218039552933438	0.11279616786751046	0.05630536597094371	0.05630536597094371	0.07035856607985924	0.12218039552933438	0.09384227661823949
UP000000366	0.012377456099873138	0.027199458761219538	0.027199458761219538	0.027199458761219538	0.027199458761219538	0.012377456099873138	0.027199458761219538	0.012377456099873138	0.012377456099873138	0.027199458761219538	0.012377456099873138	0.012377456099873138	0.11954161678034386	0.1286081030340837	0.11954161678034386	0.054398917522439076	0.054398917522439076	0.0667763736223122	0.1286081030340837	0.09066486253739844
UP000000370	0.05403969472523063	0.03034038536719014	0.03034038536719014	0.03034038536719014	0.03034038536719014	0.05403969472523063	0.03034038536719014	0.05403969472523063	0.05403969472523063	0.03034038536719014	0.05403969472523063	0.05403969472523063	0.034068992762085845	0.04418245455114922	0.034068992762085845	0.06068077073438028	0.06068077073438028	0.11472046545961093	0.04418245455114922	0.1011346178906338
UP000000374	0.015436184934613628	0.028827881671310108	0.028827881671310108	0.028827881671310108	0.028827881671310108	0.015436184934613628	0.028827881671310108	0.015436184934613628	0.015436184934613628	0.028827881671310108	0.015436184934613628	0.015436184934613628	0.10767514967918573	0.11728444356962245	0.10767514967918573	0.057655763342620216	0.057655763342620216	0.07309194827723384	0.11728444356962245	0.096092938904367
UP000000376	0.02797476781841034	0.031980794322337185	0.031980794322337185	0.031980794322337185	0.031980794322337185	0.02797476781841034	0.031980794322337185	0.02797476781841034	0.02797476781841034	0.031980794322337185	0.02797476781841034	0.02797476781841034	0.07312097902843316	0.08378124380254556	0.07312097902843316	0.06396158864467437	0.06396158864467437	0.09193635646308472	0.08378124380254556	0.10660264774112396
UP000000377	0.0109236445885642	0.026229704183217916	0.026229704183217916	0.026229704183217916	0.026229704183217916	0.0109236445885642	0.026229704183217916	0.0109236445885642	0.0109236445885642	0.026229704183217916	0.0109236445885642	0.0109236445885642	0.125964805237141	0.13470803996488026	0.125964805237141	0.05245940836643583	0.05245940836643583	0.06338305295500003	0.13470803996488026	0.08743234727739303
UP000000379	0.01268563739403645	0.027387050920652124	0.027387050920652124	0.027387050920652124	0.027387050920652124	0.01268563739403645	0.027387050920652124	0.01268563739403645	0.01268563739403645	0.027387050920652124	0.01268563739403645	0.01268563739403645	0.1182519308778277	0.12738094785137843	0.1182519308778277	0.05477410184130425	0.05477410184130425	0.06745973923534071	0.12738094785137843	0.09129016973550708
UP000000417	0.012224828428125003	0.027104351035445833	0.027104351035445833	0.027104351035445833	0.027104351035445833	0.012224828428125003	0.027104351035445833	0.012224828428125003	0.012224828428125003	0.027104351035445833	0.012224828428125003	0.012224828428125003	0.1201891461089979	0.12922392978747985	0.1201891461089979	0.054208702070891665	0.054208702070891665	0.06643353049901667	0.12922392978747985	0.09034783678481943
UP000000422	0.03400710908767337	0.03229107391549637	0.03229107391549637	0.03229107391549637	0.03229107391549637	0.03400710908767337	0.03229107391549637	0.03400710908767337	0.03400710908767337	0.03229107391549637	0.03400710908767337	0.03400710908767337	0.06132326343458609	0.07208695473975155	0.06132326343458609	0.06458214783099274	0.06458214783099274	0.09858925691866612	0.07208695473975155	0.10763691305165457
UP000000423	0.07380949705965176	0.02572525749613802	0.02572525749613802	0.02572525749613802	0.02572525749613802	0.07380949705965176	0.02572525749613802	0.07380949705965176	0.07380949705965176	0.02572525749613802	0.07380949705965176	0.07380949705965176	0.017932350161057382	0.026507435993103384	0.017932350161057382	0.05145051499227604	0.05145051499227604	0.12526001205192777	0.026507435993103384	0.08575085832046005
UP000000425	0.030408035724750506	0.03217459401524624	0.03217459401524624	0.03217459401524624	0.03217459401524624	0.030408035724750506	0.03217459401524624	0.030408035724750506	0.030408035724750506	0.03217459401524624	0.030408035724750506	0.030408035724750506	0.0680875614207016	0.07881242609245036	0.0680875614207016	0.06434918803049249	0.06434918803049249	0.094757223755243	0.07881242609245036	0.10724864671748748
UP000000428	0.010858015637453618	0.026182354469088252	0.026182354469088252	0.026182354469088252	0.026182354469088252	0.010858015637453618	0.026182354469088252	0.010858015637453618	0.010858015637453618	0.026182354469088252	0.010858015637453618	0.010858015637453618	0.12626905475810316	0.13499650624779921	0.12626905475810316	0.052364708938176505	0.052364708938176505	0.06322272457563012	0.13499650624779921	0.08727451489696084
UP000000429	0.04854900061778255	0.03122098596768705	0.03122098596768705	0.03122098596768705	0.03122098596768705	0.04854900061778255	0.03122098596768705	0.04854900061778255	0.04854900061778255	0.03122098596768705	0.04854900061778255	0.04854900061778255	0.040155305048132334	0.05056230037069468	0.040155305048132334	0.0624419719353741	0.0624419719353741	0.11099097255315667	0.05056230037069468	0.10406995322562348
UP000000430	0.045738269768774216	0.03158431675209252	0.03158431675209252	0.03158431675209252	0.03158431675209252	0.045738269768774216	0.03158431675209252	0.045738269768774216	0.045738269768774216	0.03158431675209252	0.045738269768774216	0.045738269768774216	0.043620760896275035	0.05414886648030587	0.043620760896275035	0.06316863350418504	0.06316863350418504	0.10890690327295927	0.05414886648030587	0.1052810558403084
UP000000431	0.04463170591137427	0.031709383192015585	0.031709383192015585	0.031709383192015585	0.031709383192015585	0.04463170591137427	0.031709383192015585	0.04463170591137427	0.04463170591137427	0.031709383192015585	0.04463170591137427	0.04463170591137427	0.04505698188703271	0.05562677628437124	0.04505698188703271	0.06341876638403117	0.06341876638403117	0.10805047229540544	0.05562677628437124	0.10569794397338529
UP000000432	0.039302614568595906	0.03215306232320492	0.03215306232320492	0.03215306232320492	0.03215306232320492	0.039302614568595906	0.03215306232320492	0.039302614568595906	0.039302614568595906	0.03215306232320492	0.039302614568595906	0.039302614568595906	0.05260817521213745	0.06332586265320575	0.05260817521213745	0.06430612464640983	0.06430612464640983	0.10360873921500574	0.06332586265320575	0.10717687441068303
UP000000439	0.020177010962040602	0.030547887674382157	0.030547887674382157	0.030547887674382157	0.030547887674382157	0.020177010962040602	0.030547887674382157	0.020177010962040602	0.020177010962040602	0.030547887674382157	0.020177010962040602	0.020177010962040602	0.09249868011890029	0.10268130934369434	0.09249868011890029	0.061095775348764314	0.061095775348764314	0.08127278631080491	0.10268130934369434	0.10182629224794053
UP000000440	0.02701768152359378	0.03187590539224125	0.03187590539224125	0.03187590539224125	0.03187590539224125	0.02701768152359378	0.03187590539224125	0.02701768152359378	0.02701768152359378	0.03187590539224125	0.02701768152359378	0.02701768152359378	0.07521543576474589	0.08584073756215964	0.07521543576474589	0.0637518107844825	0.0637518107844825	0.09076949230807628	0.08584073756215964	0.1062530179741375
UP000000442	0.0338117184077273	0.03228948308419978	0.03228948308419978	0.03228948308419978	0.03228948308419978	0.0338117184077273	0.03228948308419978	0.0338117184077273	0.0338117184077273	0.03228948308419978	0.0338117184077273	0.0338117184077273	0.061671560449678094	0.07243472147774468	0.061671560449678094	0.06457896616839956	0.06457896616839956	0.09839068457612686	0.07243472147774468	0.10763161028066595
UP000000449	0.05287204043338367	0.030545203806771067	0.030545203806771067	0.030545203806771067	0.030545203806771067	0.05287204043338367	0.030545203806771067	0.05287204043338367	0.05287204043338367	0.030545203806771067	0.05287204043338367	0.05287204043338367	0.03529311401449431	0.04547484861675132	0.03529311401449431	0.06109040761354213	0.06109040761354213	0.11396244804692582	0.04547484861675132	0.10181734602257021
UP000000467	0.027033595690742436	0.03187779007923518	0.03187779007923518	0.03187779007923518	0.03187779007923518	0.027033595690742436	0.03187779007923518	0.027033595690742436	0.027033595690742436	0.03187779007923518	0.027033595690742436	0.027033595690742436	0.07518004722426004	0.08580597725067175	0.07518004722426004	0.06375558015847035	0.06375558015847035	0.09078917584921278	0.08580597725067175	0.10625930026411724
UP000000492	0.023215353732298466	0.03127582259609232	0.03127582259609232	0.03127582259609232	0.03127582259609232	0.023215353732298466	0.03127582259609232	0.023215353732298466	0.023215353732298466	0.03127582259609232	0.023215353732298466	0.023215353732298466	0.08426984058410843	0.09469511478280587	0.08426984058410843	0.06255164519218465	0.06255164519218465	0.08576699892448313	0.09469511478280587	0.10425274198697439
UP000000504	0.0397320599152242	0.03212778326955735	0.03212778326955735	0.03212778326955735	0.03212778326955735	0.0397320599152242	0.03212778326955735	0.0397320599152242	0.0397320599152242	0.03212778326955735	0.0397320599152242	0.0397320599152242	0.05195776207012824	0.06266702315998068	0.05195776207012824	0.0642555665391147	0.0642555665391147	0.10398762645433891	0.06266702315998068	0.1070926108985245
UP000000528	0.07123270462554769	0.0264317738414327	0.0264317738414327	0.0264317738414327	0.0264317738414327	0.07123270462554769	0.0264317738414327	0.07123270462554769	0.07123270462554769	0.0264317738414327	0.07123270462554769	0.07123270462554769	0.019615671539560734	0.0284262628200383	0.019615671539560734	0.0528635476828654	0.0528635476828654	0.12409625230841308	0.0284262628200383	0.08810591280477566
UP000000529	0.05435626684025908	0.03028331505340085	0.03028331505340085	0.03028331505340085	0.03028331505340085	0.05435626684025908	0.03028331505340085	0.05435626684025908	0.05435626684025908	0.03028331505340085	0.05435626684025908	0.05435626684025908	0.0337432728159432	0.04383771116707681	0.0337432728159432	0.0605666301068017	0.0605666301068017	0.11492289694706079	0.04383771116707681	0.10094438351133615
UP000000531	0.06117803169105528	0.028905806518586298	0.028905806518586298	0.028905806518586298	0.028905806518586298	0.06117803169105528	0.028905806518586298	0.06117803169105528	0.06117803169105528	0.028905806518586298	0.06117803169105528	0.06117803169105528	0.027315218466308046	0.036950487305836804	0.027315218466308046	0.057811613037172596	0.057811613037172596	0.11898964472822789	0.036950487305836804	0.09635268839528764
UP000000532	0.011889978575078872	0.0268904129997794	0.0268904129997794	0.0268904129997794	0.0268904129997794	0.011889978575078872	0.0268904129997794	0.011889978575078872	0.011889978575078872	0.0268904129997794	0.011889978575078872	0.011889978575078872	0.12163088549449438	0.13059435649442083	0.12163088549449438	0.0537808259995588	0.0537808259995588	0.06567080457463767	0.13059435649442083	0.08963470999926466
UP000000534	0.05656693574378513	0.02986710989451257	0.02986710989451257	0.02986710989451257	0.02986710989451257	0.05656693574378513	0.02986710989451257	0.05656693574378513	0.05656693574378513	0.02986710989451257	0.05656693574378513	0.05656693574378513	0.03153942287032571	0.04149512616849656	0.03153942287032571	0.05973421978902514	0.05973421978902514	0.11630115553281027	0.04149512616849656	0.09955703298170857
UP000000535	0.02903925831593672	0.03207798233622748	0.03207798233622748	0.03207798233622748	0.03207798233622748	0.02903925831593672	0.03207798233622748	0.02903925831593672	0.02903925831593672	0.03207798233622748	0.02903925831593672	0.02903925831593672	0.0708693686022008	0.0815620293809433	0.0708693686022008	0.06415596467245496	0.06415596467245496	0.09319522298839168	0.0815620293809433	0.10692660778742492
UP000000537	0.04947792939999299	0.03108725763642467	0.03108725763642467	0.03108725763642467	0.03108725763642467	0.04947792939999299	0.03108725763642467	0.04947792939999299	0.04947792939999299	0.03108725763642467	0.04947792939999299	0.04947792939999299	0.03906459300431359	0.049427012216455145	0.03906459300431359	0.06217451527284934	0.06217451527284934	0.11165244467284233	0.049427012216455145	0.10362419212141556
UP000000545	0.018612405220112403	0.030068734413463957	0.030068734413463957	0.030068734413463957	0.030068734413463957	0.018612405220112403	0.030068734413463957	0.018612405220112403	0.018612405220112403	0.030068734413463957	0.018612405220112403	0.018612405220112403	0.09715335321094751	0.10717626468210216	0.09715335321094751	0.060137468826927915	0.060137468826927915	0.07874987404704031	0.10717626468210216	0.10022911471154651
UP000000546	0.040657026781008736	0.032066783459929894	0.032066783459929894	0.032066783459929894	0.032066783459929894	0.040657026781008736	0.032066783459929894	0.040657026781008736	0.040657026781008736	0.032066783459929894	0.040657026781008736	0.040657026781008736	0.05058306929351516	0.06127199711349178	0.05058306929351516	0.06413356691985979	0.06413356691985979	0.10479059370086852	0.06127199711349178	0.10688927819976629
UP000000549	0.06769263336551157	0.02735664725871852	0.02735664725871852	0.02735664725871852	0.02735664725871852	0.06769263336551157	0.02735664725871852	0.06769263336551157	0.06769263336551157	0.02735664725871852	0.06769263336551157	0.06769263336551157	0.022111302575480656	0.031230184995053492	0.022111302575480656	0.05471329451743704	0.05471329451743704	0.12240592788294861	0.031230184995053492	0.09118882419572841
UP000000555	0.05146302320223819	0.03078011173873446	0.03078011173873446	0.03078011173873446	0.03078011173873446	0.05146302320223819	0.03078011173873446	0.05146302320223819	0.05146302320223819	0.03078011173873446	0.05146302320223819	0.05146302320223819	0.036819262441145306	0.047079299687390136	0.036819262441145306	0.06156022347746892	0.06156022347746892	0.11302324667970712	0.047079299687390136	0.10260037246244819
UP000000556	0.01875851613954961	0.030116833050133112	0.030116833050133112	0.030116833050133112	0.030116833050133112	0.01875851613954961	0.030116833050133112	0.01875851613954961	0.01875851613954961	0.030116833050133112	0.01875851613954961	0.01875851613954961	0.09670526455525576	0.10674420890530012	0.09670526455525576	0.060233666100266224	0.060233666100266224	0.07899218223981584	0.10674420890530012	0.10038944350044368
UP000000557	0.018274327129538408	0.029954655548898573	0.029954655548898573	0.029954655548898573	0.029954655548898573	0.018274327129538408	0.029954655548898573	0.018274327129538408	0.018274327129538408	0.029954655548898573	0.018274327129538408	0.018274327129538408	0.09820130532771353	0.10818619051067971	0.09820130532771353	0.059909311097797145	0.059909311097797145	0.07818363822733555	0.10818619051067971	0.09984885182966188
UP000000558	0.03135344002138743	0.0322237554013447	0.0322237554013447	0.0322237554013447	0.0322237554013447	0.03135344002138743	0.0322237554013447	0.03135344002138743	0.03135344002138743	0.0322237554013447	0.03135344002138743	0.03135344002138743	0.0662364583571932	0.07697771015764142	0.0662364583571932	0.0644475108026894	0.0644475108026894	0.09580095082407683	0.07697771015764142	0.10741251800448233
UP000000562	0.07892312264468082	0.024246629422402872	0.024246629422402872	0.024246629422402872	0.024246629422402872	0.07892312264468082	0.024246629422402872	0.07892312264468082	0.07892312264468082	0.024246629422402872	0.07892312264468082	0.07892312264468082	0.0148980176821971	0.022980227489664724	0.0148980176821971	0.048493258844805744	0.048493258844805744	0.12741638148948656	0.022980227489664724	0.08082209807467623
UP000000566	0.038682409994348965	0.03218607633536592	0.03218607633536592	0.03218607633536592	0.03218607633536592	0.038682409994348965	0.03218607633536592	0.038682409994348965	0.038682409994348965	0.03218607633536592	0.038682409994348965	0.038682409994348965	0.05356147716842567	0.0642901692802143	0.05356147716842567	0.06437215267073183	0.06437215267073183	0.1030545626650808	0.0642901692802143	0.10728692111788637
UP000000577	0.019613834143735846	0.030384336614745187	0.030384336614745187	0.030384336614745187	0.030384336614745187	0.019613834143735846	0.030384336614745187	0.019613834143735846	0.019613834143735846	0.030384336614745187	0.019613834143735846	0.019613834143735846	0.09413844378948151	0.10426655599439656	0.09413844378948151	0.06076867322949037	0.06076867322949037	0.08038250737322622	0.10426655599439656	0.10128112204915062
UP000000579	0.04993328544400961	0.0310193383856435	0.0310193383856435	0.0310193383856435	0.0310193383856435	0.04993328544400961	0.0310193383856435	0.04993328544400961	0.04993328544400961	0.0310193383856435	0.04993328544400961	0.04993328544400961	0.03853939693040923	0.0488791763922904	0.03853939693040923	0.062038676771287	0.062038676771287	0.11197196221529661	0.0488791763922904	0.10339779461881164
UP000000580	0.011831954269156295	0.026852586265441798	0.026852586265441798	0.026852586265441798	0.026852586265441798	0.011831954269156295	0.026852586265441798	0.011831954269156295	0.011831954269156295	0.026852586265441798	0.011831954269156295	0.011831954269156295	0.12188373496720932	0.13083459705568992	0.12188373496720932	0.053705172530883596	0.053705172530883596	0.06553712680003988	0.13083459705568992	0.08950862088480598
UP000000582	0.027025995473457368	0.03187689060268145	0.03187689060268145	0.03187689060268145	0.03187689060268145	0.027025995473457368	0.03187689060268145	0.027025995473457368	0.027025995473457368	0.03187689060268145	0.027025995473457368	0.027025995473457368	0.07519694551072383	0.08582257571161764	0.07519694551072383	0.0637537812053629	0.0637537812053629	0.09077977667882028	0.08582257571161764	0.10625630200893818
UP000000584	0.036302536466140144	0.03227261448157522	0.03227261448157522	0.03227261448157522	0.03227261448157522	0.036302536466140144	0.03227261448157522	0.036302536466140144	0.036302536466140144	0.03227261448157522	0.036302536466140144	0.036302536466140144	0.05738010325795388	0.06813764141847897	0.05738010325795388	0.06454522896315044	0.06454522896315044	0.10084776542929058	0.06813764141847897	0.10757538160525074
UP000000585	0.04805154654295497	0.03128988152911588	0.03128988152911588	0.03128988152911588	0.03128988152911588	0.04805154654295497	0.03128988152911588	0.04805154654295497	0.04805154654295497	0.03128988152911588	0.04805154654295497	0.04805154654295497	0.04075026743336528	0.05118022794307057	0.04075026743336528	0.06257976305823176	0.06257976305823176	0.11063130960118674	0.05118022794307057	0.10429960509705292
UP000000586	0.04732836847469277	0.03138657843595523	0.03138657843595523	0.03138657843595523	0.03138657843595523	0.04732836847469277	0.03138657843595523	0.04732836847469277	0.04732836847469277	0.03138657843595523	0.04732836847469277	0.04732836847469277	0.041629041425466744	0.052091234237451815	0.041629041425466744	0.06277315687191046	0.06277315687191046	0.11010152534660322	0.052091234237451815	0.10462192811985076
UP000000588	0.033865844112332115	0.032289975274337204	0.032289975274337204	0.032289975274337204	0.032289975274337204	0.033865844112332115	0.032289975274337204	0.033865844112332115	0.033865844112332115	0.032289975274337204	0.033865844112332115	0.033865844112332115	0.061574871706069984	0.07233819679751573	0.061574871706069984	0.06457995054867441	0.06457995054867441	0.09844579466100653	0.07233819679751573	0.10763325091445734
UP000000593	0.043670323189991526	0.0318093266481518	0.0318093266481518	0.0318093266481518	0.0318093266481518	0.043670323189991526	0.0318093266481518	0.043670323189991526	0.043670323189991526	0.0318093266481518	0.043670323189991526	0.043670323189991526	0.04633962782490764	0.0569427367076249	0.04633962782490764	0.0636186532963036	0.0636186532963036	0.10728897648629512	0.0569427367076249	0.10603108882717266
UP000000594	0.055133481662059315	0.0301404757210714	0.0301404757210714	0.0301404757210714	0.0301404757210714	0.055133481662059315	0.0301404757210714	0.055133481662059315	0.055133481662059315	0.0301404757210714	0.055133481662059315	0.055133481662059315	0.0329545042071106	0.043001329447467734	0.0329545042071106	0.0602809514421428	0.0602809514421428	0.11541443310420212	0.043001329447467734	0.10046825240357132
UP000000601	0.07152982959462961	0.026351697082053847	0.026351697082053847	0.026351697082053847	0.026351697082053847	0.07152982959462961	0.026351697082053847	0.07152982959462961	0.07152982959462961	0.026351697082053847	0.07152982959462961	0.07152982959462961	0.01941600988118279	0.028199908908534074	0.01941600988118279	0.05270339416410769	0.05270339416410769	0.12423322375873731	0.028199908908534074	0.0878389902735128
UP000000602	0.036966591751619926	0.03225508174858417	0.03225508174858417	0.03225508174858417	0.03225508174858417	0.036966591751619926	0.03225508174858417	0.036966591751619926	0.036966591751619926	0.03225508174858417	0.036966591751619926	0.036966591751619926	0.05628813744032847	0.06703983135652318	0.05628813744032847	0.06451016349716834	0.06451016349716834	0.10147675524878827	0.06703983135652318	0.10751693916194721
UP000000605	0.013179131487259048	0.0276755209314336	0.0276755209314336	0.0276755209314336	0.0276755209314336	0.013179131487259048	0.0276755209314336	0.013179131487259048	0.013179131487259048	0.0276755209314336	0.013179131487259048	0.013179131487259048	0.11623443617156229	0.1254596098153735	0.11623443617156229	0.0553510418628672	0.0553510418628672	0.06853017335012625	0.1254596098153735	0.09225173643811199
UP000000606	0.0376241879407188	0.03223260079426863	0.03223260079426863	0.03223260079426863	0.03223260079426863	0.0376241879407188	0.03223260079426863	0.0376241879407188	0.0376241879407188	0.03223260079426863	0.0376241879407188	0.0376241879407188	0.05522726792666761	0.06597146819142381	0.05522726792666761	0.06446520158853726	0.06446520158853726	0.10208938952925606	0.06597146819142381	0.10744200264756208
UP000000609	0.04935487646835682	0.031105346856249036	0.031105346856249036	0.031105346856249036	0.031105346856249036	0.04935487646835682	0.031105346856249036	0.04935487646835682	0.04935487646835682	0.031105346856249036	0.04935487646835682	0.04935487646835682	0.039207578755379446	0.04957602770746246	0.039207578755379446	0.06221069371249807	0.06221069371249807	0.11156557018085489	0.04957602770746246	0.1036844895208301
UP000000625	0.0312896481172325	0.032220872858166466	0.032220872858166466	0.032220872858166466	0.032220872858166466	0.0312896481172325	0.032220872858166466	0.0312896481172325	0.0312896481172325	0.032220872858166466	0.0312896481172325	0.0312896481172325	0.0663596243621773	0.07709991531489944	0.0663596243621773	0.06444174571633293	0.06444174571633293	0.09573139383356542	0.07709991531489944	0.10740290952722154
UP000000628	0.0221761129050043	0.031054391611414427	0.031054391611414427	0.031054391611414427	0.031054391611414427	0.0221761129050043	0.031054391611414427	0.0221761129050043	0.0221761129050043	0.031054391611414427	0.0221761129050043	0.0221761129050043	0.08697423597058476	0.09732569984105625	0.08697423597058476	0.06210878322282885	0.06210878322282885	0.08428489612783316	0.09732569984105625	0.10351463870471475
UP000000636	0.020245657928603795	0.03056716598618891	0.03056716598618891	0.03056716598618891	0.03056716598618891	0.020245657928603795	0.03056716598618891	0.020245657928603795	0.020245657928603795	0.03056716598618891	0.020245657928603795	0.020245657928603795	0.09230143468018774	0.10249049000891737	0.09230143468018774	0.06113433197237782	0.06113433197237782	0.08137998990098161	0.10249049000891737	0.10189055328729636
UP000000639	0.046050134484592775	0.031547182938951146	0.031547182938951146	0.031547182938951146	0.031547182938951146	0.046050134484592775	0.031547182938951146	0.046050134484592775	0.046050134484592775	0.031547182938951146	0.046050134484592775	0.046050134484592775	0.043223532896158094	0.053739260542475145	0.043223532896158094	0.06309436587790229	0.06309436587790229	0.10914450036249507	0.053739260542475145	0.10515727646317047
UP000000640	0.01020757647495959	0.025694671178306733	0.025694671178306733	0.025694671178306733	0.025694671178306733	0.01020757647495959	0.025694671178306733	0.01020757647495959	0.01020757647495959	0.025694671178306733	0.01020757647495959	0.01020757647495959	0.12935805645559376	0.13792294684836268	0.12935805645559376	0.051389342356613466	0.051389342356613466	0.06159691883157305	0.13792294684836268	0.0856489039276891
UP000000643	0.0488442493724566	0.03117919255959176	0.03117919255959176	0.03117919255959176	0.03117919255959176	0.0488442493724566	0.03117919255959176	0.0488442493724566	0.0488442493724566	0.03117919255959176	0.0488442493724566	0.0488442493724566	0.03980579335983391	0.05019885754636451	0.03980579335983391	0.06235838511918352	0.06235838511918352	0.11120263449164014	0.05019885754636451	0.10393064186530587
UP000000644	0.01836672894050409	0.029986225561364304	0.029986225561364304	0.029986225561364304	0.029986225561364304	0.01836672894050409	0.029986225561364304	0.01836672894050409	0.01836672894050409	0.029986225561364304	0.01836672894050409	0.01836672894050409	0.0979133221086606	0.10790873062911538	0.0979133221086606	0.05997245112272861	0.05997245112272861	0.0783391800632327	0.10790873062911538	0.09995408520454767
UP000000647	0.013037945878287396	0.027594451772805853	0.027594451772805853	0.027594451772805853	0.027594451772805853	0.013037945878287396	0.027594451772805853	0.013037945878287396	0.013037945878287396	0.027594451772805853	0.013037945878287396	0.013037945878287396	0.1168057876217736	0.1260039382127089	0.1168057876217736	0.055188903545611706	0.055188903545611706	0.06822684942389909	0.1260039382127089	0.09198150590935285
UP000000657	0.009810379086300175	0.025379503380321338	0.025379503380321338	0.025379503380321338	0.025379503380321338	0.009810379086300175	0.025379503380321338	0.009810379086300175	0.009810379086300175	0.025379503380321338	0.009810379086300175	0.009810379086300175	0.13131382307768932	0.13977365753779644	0.13131382307768932	0.050759006760642676	0.050759006760642676	0.060569385846942846	0.13977365753779644	0.08459834460107112
UP000000669	0.08348647906848754	0.022848176180718813	0.022848176180718813	0.022848176180718813	0.022848176180718813	0.08348647906848754	0.022848176180718813	0.08348647906848754	0.08348647906848754	0.022848176180718813	0.08348647906848754	0.08348647906848754	0.012505956907271546	0.020122015634177814	0.012505956907271546	0.045696352361437625	0.045696352361437625	0.12918283142992515	0.020122015634177814	0.07616058726906269
UP000000684	0.04375255754970037	0.031801102058752924	0.031801102058752924	0.031801102058752924	0.031801102058752924	0.04375255754970037	0.031801102058752924	0.04375255754970037	0.04375255754970037	0.031801102058752924	0.04375255754970037	0.04375255754970037	0.04622861605301266	0.05682898340593029	0.04622861605301266	0.06360220411750585	0.06360220411750585	0.1073547616672062	0.05682898340593029	0.10600367352917639
UP000000686	0.016688966519614268	0.029364654569159897	0.029364654569159897	0.029364654569159897	0.029364654569159897	0.016688966519614268	0.029364654569159897	0.016688966519614268	0.016688966519614268	0.029364654569159897	0.016688966519614268	0.016688966519614268	0.10333569031403544	0.1131239085037554	0.10333569031403544	0.058729309138319793	0.058729309138319793	0.07541827565793405	0.1131239085037554	0.09788218189719963
UP000000718	0.05790033203611413	0.029601654002779865	0.029601654002779865	0.029601654002779865	0.029601654002779865	0.05790033203611413	0.029601654002779865	0.05790033203611413	0.05790033203611413	0.029601654002779865	0.05790033203611413	0.05790033203611413	0.030267802925680824	0.040135020926607444	0.030267802925680824	0.05920330800555973	0.05920330800555973	0.11710364004167387	0.040135020926607444	0.0986721800092662
UP000000719	0.04998692325052665	0.031011237026868456	0.031011237026868456	0.031011237026868456	0.031011237026868456	0.04998692325052665	0.031011237026868456	0.04998692325052665	0.04998692325052665	0.031011237026868456	0.04998692325052665	0.04998692325052665	0.038477936204104536	0.048815015213060683	0.038477936204104536	0.06202247405373691	0.06202247405373691	0.11200939730426357	0.048815015213060683	0.10337079008956152
UP000000723	0.05750457352822656	0.02968154169725657	0.02968154169725657	0.02968154169725657	0.02968154169725657	0.05750457352822656	0.02968154169725657	0.05750457352822656	0.05750457352822656	0.02968154169725657	0.05750457352822656	0.05750457352822656	0.030640829536577225	0.040534676768996074	0.030640829536577225	0.05936308339451314	0.05936308339451314	0.11686765692273972	0.040534676768996074	0.09893847232418856
UP000000738	0.009176741826993101	0.024847063107112204	0.024847063107112204	0.024847063107112204	0.024847063107112204	0.009176741826993101	0.024847063107112204	0.009176741826993101	0.009176741826993101	0.024847063107112204	0.009176741826993101	0.009176741826993101	0.1345524493743133	0.1428348037433507	0.1345524493743133	0.04969412621422441	0.04969412621422441	0.0588708680412175	0.1428348037433507	0.082823543690374
UP000000739	0.026308264399545856	0.031786904477976	0.031786904477976	0.031786904477976	0.031786904477976	0.026308264399545856	0.031786904477976	0.026308264399545856	0.026308264399545856	0.031786904477976	0.026308264399545856	0.026308264399545856	0.07681291938889079	0.08740855421488278	0.07681291938889079	0.063573808955952	0.063573808955952	0.08988207335549785	0.08740855421488278	0.10595634825991997
UP000000742	0.044692265932455545	0.03170281290662354	0.03170281290662354	0.03170281290662354	0.03170281290662354	0.044692265932455545	0.03170281290662354	0.044692265932455545	0.044692265932455545	0.03170281290662354	0.044692265932455545	0.044692265932455545	0.04497728299170864	0.055544887293916476	0.04497728299170864	0.06340562581324707	0.06340562581324707	0.1080978917457026	0.055544887293916476	0.10567604302207845
UP000000746	0.031294943429693044	0.03222111449462316	0.03222111449462316	0.03222111449462316	0.03222111449462316	0.031294943429693044	0.03222111449462316	0.031294943429693044	0.031294943429693044	0.03222111449462316	0.031294943429693044	0.031294943429693044	0.06634939101954451	0.07708976251775222	0.06634939101954451	0.06444222898924631	0.06444222898924631	0.09573717241893936	0.07708976251775222	0.10740371498207718
UP000000747	0.031134981768070388	0.03221362600843136	0.03221362600843136	0.03221362600843136	0.03221362600843136	0.031134981768070388	0.03221362600843136	0.031134981768070388	0.031134981768070388	0.03221362600843136	0.031134981768070388	0.031134981768070388	0.0666592778721514	0.07739715320829517	0.0666592778721514	0.06442725201686272	0.06442725201686272	0.09556223378493311	0.07739715320829517	0.10737875336143786
