	M	W	C	D	E	F	H	K	N	Q	Y	I	A	G	P	T	V	L	R	S
Start	3840.0	124.0	87.0	634.0	701.0	505.0	295.0	1059.0	664.0	530.0	293.0	953.0	978.0	477.0	624.0	1148.0	706.0	1298.0	922.0	1206.0
M	1190.0	621.0	452.0	2840.0	3075.0	1940.0	1094.0	1941.0	1530.0	1762.0	1279.0	2683.0	4916.0	4117.0	2323.0	2724.0	3570.0	5043.0	2950.0	2952.0
W	621.0	508.0	261.0	1620.0	1738.0	1157.0	644.0	1079.0	913.0	1038.0	793.0	1401.0	2732.0	2448.0	1544.0	1483.0	1866.0	2890.0	1763.0	1665.0
C	452.0	261.0	344.0	1167.0	1284.0	757.0	486.0	727.0	649.0	658.0	544.0	1108.0	2032.0	1762.0	1014.0	1087.0	1494.0	2039.0	1224.0	1197.0
D	2840.0	1620.0	1167.0	6774.0	7549.0	4885.0	2717.0	5008.0	3811.0	4359.0	3689.0	7355.0	11368.0	8632.0	5363.0	6665.0	9284.0	12950.0	7254.0	6817.0
E	3075.0	1738.0	1284.0	7549.0	9040.0	5252.0	2971.0	5407.0	3866.0	4892.0	4001.0	7783.0	13530.0	9471.0	6152.0	7169.0	10264.0	15009.0	8490.0	7360.0
F	1940.0	1157.0	757.0	4885.0	5252.0	3538.0	1833.0	3392.0	2795.0	2908.0	2371.0	4432.0	8059.0	7264.0	4192.0	4549.0	6015.0	8589.0	4755.0	4997.0
H	1094.0	644.0	486.0	2717.0	2971.0	1833.0	1312.0	1782.0	1447.0	1687.0	1366.0	2557.0	4576.0	3553.0	2255.0	2480.0	3411.0	4791.0	2970.0	2617.0
K	1941.0	1079.0	727.0	5008.0	5407.0	3392.0	1782.0	4780.0	3007.0	3064.0	2647.0	5112.0	8522.0	6100.0	3893.0	4725.0	6567.0	9045.0	5233.0	4925.0
N	1530.0	913.0	649.0	3811.0	3866.0	2795.0	1447.0	3007.0	2524.0	2420.0	2181.0	4143.0	6780.0	5278.0	3057.0	3975.0	5443.0	7086.0	4045.0	4035.0
Q	1762.0	1038.0	658.0	4359.0	4892.0	2908.0	1687.0	3064.0	2420.0	3240.0	2191.0	4176.0	8357.0	5710.0	3625.0	4187.0	5714.0	8459.0	4957.0	4544.0
Y	1279.0	793.0	544.0	3689.0	4001.0	2371.0	1366.0	2647.0	2181.0	2191.0	1914.0	3005.0	5714.0	5008.0	2940.0	3198.0	4105.0	5684.0	3640.0	3528.0
I	2683.0	1401.0	1108.0	7355.0	7783.0	4432.0	2557.0	5112.0	4143.0	4176.0	3005.0	6376.0	12471.0	11103.0	6008.0	6785.0	8574.0	11977.0	7087.0	7062.0
A	4916.0	2732.0	2032.0	11368.0	13530.0	8059.0	4576.0	8522.0	6780.0	8357.0	5714.0	12471.0	23636.0	16357.0	10034.0	11527.0	15923.0	22982.0	12329.0	12488.0
G	4117.0	2448.0	1762.0	8632.0	9471.0	7264.0	3553.0	6100.0	5278.0	5710.0	5008.0	11103.0	16357.0	13790.0	7350.0	9546.0	14141.0	18702.0	9202.0	9918.0
P	2323.0	1544.0	1014.0	5363.0	6152.0	4192.0	2255.0	3893.0	3057.0	3625.0	2940.0	6008.0	10034.0	7350.0	5370.0	5541.0	7782.0	10910.0	5838.0	5924.0
T	2724.0	1483.0	1087.0	6665.0	7169.0	4549.0	2480.0	4725.0	3975.0	4187.0	3198.0	6785.0	11527.0	9546.0	5541.0	7062.0	8604.0	12511.0	6724.0	7233.0
V	3570.0	1866.0	1494.0	9284.0	10264.0	6015.0	3411.0	6567.0	5443.0	5714.0	4105.0	8574.0	15923.0	14141.0	7782.0	8604.0	11150.0	15842.0	9084.0	9592.0
L	5043.0	2890.0	2039.0	12950.0	15009.0	8589.0	4791.0	9045.0	7086.0	8459.0	5684.0	11977.0	22982.0	18702.0	10910.0	12511.0	15842.0	23628.0	13768.0	13511.0
R	2950.0	1763.0	1224.0	7254.0	8490.0	4755.0	2970.0	5233.0	4045.0	4957.0	3640.0	7087.0	12329.0	9202.0	5838.0	6724.0	9084.0	13768.0	8634.0	7302.0
S	2952.0	1665.0	1197.0	6817.0	7360.0	4997.0	2617.0	4925.0	4035.0	4544.0	3528.0	7062.0	12488.0	9918.0	5924.0	7233.0	9592.0	13511.0	7302.0	7942.0
End	264.0	224.0	153.0	790.0	1262.0	586.0	375.0	1171.0	558.0	700.0	378.0	726.0	1586.0	1278.0	823.0	781.0	1066.0	1609.0	1373.0	1151.0
