	M	W	C	D	E	F	H	K	N	Q	Y	I	A	G	P	T	V	L	R	S
Start	3363351.0	112716.0	81337.0	608240.0	643377.0	436844.0	267943.0	1028845.0	611662.0	468023.0	264003.0	830677.0	1029762.0	509830.0	666820.0	1144182.0	676594.0	1114549.0	932344.0	1103742.0
M	1013756.0	537902.0	394503.0	2375828.0	2558519.0	1662389.0	915644.0	1854825.0	1440337.0	1549959.0	1131734.0	2424667.0	4465338.0	3508235.0	2062997.0	2306435.0	3045294.0	4255003.0	2643829.0	2512742.0
W	537902.0	475708.0	240992.0	1588535.0	1573169.0	1005069.0	620254.0	983786.0	841280.0	959526.0	733036.0	1208056.0	2918461.0	2382839.0	1521887.0	1451182.0	1832245.0	2654502.0	1795636.0	1525197.0
C	394503.0	240992.0	317080.0	1054718.0	1122752.0	663357.0	429023.0	712208.0	609173.0	610241.0	491630.0	1000734.0	1961265.0	1579113.0	939735.0	995323.0	1377489.0	1814679.0	1143229.0	1074183.0
D	2375828.0	1588535.0	1054718.0	6418026.0	6690053.0	4210679.0	2518696.0	4425451.0	3410490.0	3847109.0	3328548.0	6292882.0	12047869.0	8461065.0	5412370.0	6220339.0	9028033.0	11990668.0	7510373.0	6026775.0
E	2558519.0	1573169.0	1122752.0	6690053.0	7981422.0	4514247.0	2640092.0	5245889.0	3725185.0	4345634.0	3555680.0	6856076.0	12826311.0	8606323.0	5679995.0	6377961.0	9236971.0	13250183.0	8008558.0	6515612.0
F	1662389.0	1005069.0	663357.0	4210679.0	4514247.0	3134614.0	1565185.0	3279771.0	2701124.0	2597552.0	2144143.0	4125790.0	7316043.0	6283690.0	3654661.0	3972481.0	5183952.0	7453617.0	4306351.0	4401394.0
H	915644.0	620254.0	429023.0	2518696.0	2640092.0	1565185.0	1188874.0	1608967.0	1317216.0	1521785.0	1214429.0	2215433.0	4582664.0	3377333.0	2181107.0	2322922.0	3203123.0	4372594.0	2896956.0	2333766.0
K	1854825.0	983786.0	712208.0	4425451.0	5245889.0	3279771.0	1608967.0	4970808.0	3201007.0	2967074.0	2685352.0	5308596.0	7351588.0	5355656.0	3383852.0	4327824.0	5776985.0	8246902.0	4456713.0	4703388.0
N	1440337.0	841280.0	609173.0	3410490.0	3725185.0	2701124.0	1317216.0	3201007.0	2657774.0	2390746.0	2176873.0	4219847.0	5890946.0	4590997.0	2702841.0	3619452.0	4773712.0	6566910.0	3507802.0	3843314.0
Q	1549959.0	959526.0	610241.0	3847109.0	4345634.0	2597552.0	1521785.0	2967074.0	2390746.0	3072132.0	2019838.0	3891558.0	7583275.0	5110432.0	3316178.0	3855267.0	5117339.0	7668395.0	4493366.0	4100242.0
Y	1131734.0	733036.0	491630.0	3328548.0	3555680.0	2144143.0	1214429.0	2685352.0	2176873.0	2019838.0	1768032.0	2904705.0	5120837.0	4454038.0	2639294.0	2933278.0	3608102.0	5077356.0	3246362.0	3229682.0
I	2424667.0	1208056.0	1000734.0	6292882.0	6856076.0	4125790.0	2215433.0	5308596.0	4219847.0	3891558.0	2904705.0	6282814.0	10617679.0	9242321.0	5053110.0	5870794.0	7280244.0	10473122.0	6079011.0	6459066.0
A	4465338.0	2918461.0	1961265.0	12047869.0	12826311.0	7316043.0	4582664.0	7351588.0	5890946.0	7583275.0	5120837.0	10617679.0	27909224.0	18378392.0	11452474.0	12146191.0	17168636.0	23454057.0	14678306.0	12013932.0
G	3508235.0	2382839.0	1579113.0	8461065.0	8606323.0	6283690.0	3377333.0	5355656.0	4590997.0	5110432.0	4454038.0	9242321.0	18378392.0	14106638.0	7786939.0	9330904.0	14139250.0	17622049.0	10014030.0	8962144.0
P	2062997.0	1521887.0	939735.0	5412370.0	5679995.0	3654661.0	2181107.0	3383852.0	2702841.0	3316178.0	2639294.0	5053110.0	11452474.0	7786939.0	6179444.0	5680504.0	7953662.0	10493512.0	6534963.0	5501356.0
T	2306435.0	1451182.0	995323.0	6220339.0	6377961.0	3972481.0	2322922.0	4327824.0	3619452.0	3855267.0	2933278.0	5870794.0	12146191.0	9330904.0	5680504.0	6716874.0	8409792.0	11247585.0	6894475.0	6511995.0
V	3045294.0	1832245.0	1377489.0	9028033.0	9236971.0	5183952.0	3203123.0	5776985.0	4773712.0	5117339.0	3608102.0	7280244.0	17168636.0	14139250.0	7953662.0	8409792.0	11244172.0	14762121.0	9714557.0	8726841.0
L	4255003.0	2654502.0	1814679.0	11990668.0	13250183.0	7453617.0	4372594.0	8246902.0	6566910.0	7668395.0	5077356.0	10473122.0	23454057.0	17622049.0	10493512.0	11247585.0	14762121.0	21042090.0	13748184.0	11929282.0
R	2643829.0	1795636.0	1143229.0	7510373.0	8008558.0	4306351.0	2896956.0	4456713.0	3507802.0	4493366.0	3246362.0	6079011.0	14678306.0	10014030.0	6534963.0	6894475.0	9714557.0	13748184.0	9839006.0	6934875.0
S	2512742.0	1525197.0	1074183.0	6026775.0	6515612.0	4401394.0	2333766.0	4703388.0	3843314.0	4100242.0	3229682.0	6459066.0	12013932.0	8962144.0	5501356.0	6511995.0	8726841.0	11929282.0	6934875.0	7165864.0
End	228019.0	204286.0	146282.0	700599.0	1101213.0	509633.0	342517.0	1100064.0	536200.0	610805.0	349145.0	670027.0	1689236.0	1284370.0	866626.0	743355.0	967651.0	1390287.0	1425601.0	1028877.0
