	AAA	AAC	AAG	AAT	ACA	ACC	ACG	ACT	AGA	AGC	AGG	AGT	ATA	ATC	ATG	ATT	CAA	CAC	CAG	CAT	CCA	CCC	CCG	CCT	CGA	CGC	CGG	CGT	CTA	CTC	CTG	CTT	GAA	GAC	GAG	GAT	GCA	GCC	GCG	GCT	GGA	GGC	GGG	GGT	GTA	GTC	GTG	GTT	TAA	TAC	TAG	TAT	TCA	TCC	TCG	TCT	TGA	TGC	TGG	TGT	TTA	TTC	TTG	TTT
Start	2812966.0	1948435.0	2881864.0	2060540.0	1736432.0	1591795.0	1139327.0	1506972.0	1522365.0	1725635.0	1271333.0	1369966.0	1146678.0	1601207.0	16146719.0	1738137.0	1749603.0	1136000.0	2018133.0	1091718.0	1601905.0	1478805.0	1264743.0	1516887.0	817350.0	1096430.0	934506.0	778193.0	872221.0	1838864.0	2139126.0	1530773.0	2835665.0	2140044.0	2945860.0	2347942.0	2124059.0	2326782.0	2113639.0	2332693.0	1714397.0	1698660.0	1384881.0	1362051.0	913996.0	1331673.0	1975267.0	1530187.0	119084.0	1098590.0	62818.0	1097361.0	1915262.0	1949389.0	1435304.0	2152484.0	93657.0	993259.0	1211957.0	988184.0	1190660.0	1921829.0	1692978.0	2019149.0
AAA	18089864.0	7661704.0	13565123.0	11749348.0	7422815.0	4724748.0	2743542.0	6321595.0	7040851.0	5035760.0	4338227.0	5901801.0	6024788.0	6382151.0	8174302.0	9422687.0	8736856.0	4053143.0	8212387.0	5572486.0	6618026.0	3635406.0	2399121.0	5833826.0	2869593.0	2349644.0	2108098.0	2686478.0	3637161.0	4922485.0	6804135.0	6628138.0	17252639.0	7953859.0	12027086.0	12947837.0	7304409.0	5528356.0	2694384.0	7733929.0	7166517.0	4634039.0	3689978.0	5565612.0	4254796.0	4613792.0	6479299.0	7314686.0	1382763.0	4867449.0	600017.0	6641893.0	7009206.0	4733525.0	2730553.0	7109101.0	947954.0	3393859.0	4629424.0	4762467.0	6278145.0	6540963.0	7215329.0	9184698.0
AAC	7661704.0	7714094.0	9122840.0	6489978.0	4631783.0	5110902.0	2928266.0	4108057.0	3767206.0	5041668.0	3147736.0	3636207.0	3116926.0	6584051.0	6449137.0	5443502.0	5152209.0	4204273.0	7422510.0	3487035.0	4473559.0	4122450.0	2789355.0	4245891.0	2041528.0	3112805.0	2246744.0	2003726.0	2350214.0	5633760.0	7580400.0	4349361.0	8314078.0	7806178.0	9703922.0	7487822.0	4739522.0	6499095.0	3255642.0	5444460.0	4788217.0	5724889.0	3320518.0	4072384.0	2410940.0	4942268.0	6322159.0	4454729.0	499601.0	5022770.0	281538.0	3770357.0	4139690.0	4683621.0	2790555.0	4544867.0	503704.0	3337802.0	3764514.0	2898172.0	2802330.0	6408866.0	4671441.0	5313579.0
AAG	13565123.0	9122840.0	19014032.0	8715335.0	6426944.0	6519876.0	4083199.0	5802067.0	6168066.0	6887570.0	5627033.0	5299289.0	4406306.0	8636865.0	9455072.0	7924620.0	7271451.0	5496760.0	11492269.0	4956260.0	6292063.0	5535455.0	3819490.0	6028254.0	3087946.0	4466473.0	3640911.0	3045041.0	3288021.0	7269569.0	10856727.0	6321860.0	14486293.0	11268685.0	18185414.0	12057116.0	7439512.0	9372569.0	5079209.0	8614150.0	7029420.0	7733703.0	5235679.0	5920746.0	3532053.0	6655760.0	9449674.0	6762039.0	733926.0	6442194.0	452995.0	5367246.0	5833625.0	6098039.0	3835399.0	6474297.0	747882.0	4370978.0	5485257.0	4088353.0	4008805.0	8418373.0	7238484.0	7561655.0
AAT	11749348.0	6489978.0	8715335.0	11975508.0	6023465.0	3736504.0	2237269.0	5403704.0	5064441.0	3998903.0	3127503.0	5143585.0	5032002.0	5116167.0	6844435.0	8134710.0	7052864.0	3085393.0	6160592.0	4819778.0	5358060.0	2787812.0	1972592.0	4851655.0	2142512.0	1765250.0	1548754.0	2167070.0	2915731.0	3853051.0	5233191.0	5534010.0	12100569.0	5947948.0	8367092.0	10928825.0	5684383.0	4204124.0	2157513.0	6279131.0	5784445.0	3802180.0	2979908.0	4907431.0	3447753.0	3675460.0	5224877.0	6220477.0	1054524.0	3900244.0	433665.0	5843671.0	5915509.0	3724097.0	2352764.0	6054321.0	577589.0	2714066.0	3682729.0	3820700.0	5303858.0	5305188.0	6113244.0	7740894.0
ACA	7422815.0	4631783.0	6426944.0	6023465.0	5698448.0	3623072.0	2079806.0	4276656.0	3827651.0	3551168.0	2651133.0	3602250.0	3304403.0	4119298.0	5109210.0	5161818.0	4821880.0	3040349.0	5305482.0	3307827.0	4751157.0	2832032.0	1819306.0	4045525.0	1699347.0	1638576.0	1423944.0	1621602.0	2254386.0	3549229.0	4857240.0	4007531.0	7869940.0	4847160.0	6537757.0	6733090.0	4948058.0	3974285.0	1959086.0	4999444.0	4557033.0	3414553.0	2622750.0	3602633.0	2554262.0	3188550.0	4437741.0	4271684.0	591365.0	3134166.0	336914.0	3632559.0	4671629.0	3379323.0	1933635.0	4518616.0	703145.0	2360808.0	3099974.0	2796411.0	3248228.0	4187988.0	4220387.0	5033910.0
ACC	4724748.0	5110902.0	6519876.0	3736504.0	3623072.0	5265146.0	2437942.0	3320672.0	2538123.0	4262018.0	2445531.0	2573620.0	1930394.0	5173211.0	4653260.0	3558284.0	3376031.0	3424561.0	5824114.0	2395406.0	3696087.0	4269507.0	2512906.0	3597784.0	1532157.0	2794652.0	1956158.0	1530964.0	1672524.0	5064269.0	6317576.0	3102586.0	5312429.0	5914672.0	7317204.0	4871286.0	3686946.0	6312783.0	2795782.0	4364841.0	3501236.0	5068607.0	2892558.0	3069329.0	1656144.0	4214786.0	4991727.0	3059815.0	299448.0	3733104.0	210553.0	2430781.0	3101889.0	4500249.0	2296446.0	3556919.0	491170.0	2715895.0	3033594.0	2026298.0	1702684.0	5044082.0	3192199.0	3515077.0
ACG	2743542.0	2928266.0	4083199.0	2237269.0	2079806.0	2437942.0	2318898.0	1740705.0	1488752.0	2512363.0	1560434.0	1517373.0	1202648.0	2903866.0	2982623.0	2085052.0	1977058.0	1961787.0	3449542.0	1396883.0	1991510.0	2137393.0	2120292.0	1835408.0	1086859.0	1875010.0	1485712.0	1008496.0	966137.0	2766783.0	3904920.0	1736722.0	3229208.0	3726356.0	4825403.0	3035709.0	2293948.0	3501489.0	2833333.0	2466769.0	2137643.0	3155209.0	1936505.0	1807149.0	1019272.0	2440980.0	3415102.0	1832650.0	137118.0	2215377.0	109314.0	1435167.0	1745918.0	2209162.0	1988260.0	1842056.0	268775.0	1627736.0	1894779.0	1143849.0	1017295.0	2904413.0	2121555.0	2085790.0
ACT	6321595.0	4108057.0	5802067.0	5403704.0	4276656.0	3320672.0	1740705.0	4975048.0	3190894.0	3058737.0	2241603.0	3216775.0	2712112.0	3741577.0	4468974.0	4808678.0	4110354.0	2372216.0	4509073.0	2926677.0	3980926.0	2551942.0	1599731.0	3873247.0	1466740.0	1462564.0	1224352.0	1523915.0	1936984.0	3245406.0	4159436.0	3792497.0	6862156.0	4242512.0	5833774.0	6228231.0	4099035.0	3658083.0	1721055.0	4985751.0	4010068.0	3105715.0	2315022.0	3515619.0	2179173.0	2977054.0	3853067.0	4094904.0	502814.0	2784064.0	265725.0	3247936.0	3907855.0	3105521.0	1725387.0	4417866.0	508526.0	2054098.0	2656195.0	2513927.0	2761353.0	3914396.0	3851747.0	4648719.0
AGA	7040851.0	3767206.0	6168066.0	5064441.0	3827651.0	2538123.0	1488752.0	3190894.0	4849028.0	3077872.0	3174740.0	3170108.0	2721541.0	3167374.0	4303115.0	4296254.0	4219243.0	2324500.0	4631337.0	2923318.0	3755536.0	2251991.0	1432810.0	3364444.0	1652038.0	1341085.0	1368982.0	1473346.0	1881992.0	2740639.0	3872879.0	3427155.0	7633328.0	4077022.0	6453056.0	6020054.0	3914940.0	3008548.0	1554718.0	4125357.0	4359871.0	2702424.0	2419220.0	3117622.0	2045405.0	2447552.0	3508686.0	3595990.0	727501.0	2469345.0	409614.0	3091078.0	3771653.0	2660047.0	1485304.0	3742563.0	1004749.0	2006960.0	2901395.0	2457277.0	2793252.0	3307906.0	3698956.0	4272954.0
AGC	5035760.0	5041668.0	6887570.0	3998903.0	3551168.0	4262018.0	2512363.0	3058737.0	3077872.0	5809200.0	3067397.0	3250452.0	1989302.0	4571964.0	4747738.0	3445510.0	3462559.0	3408989.0	6440822.0	2517459.0	3729183.0	4061081.0	2731831.0	3578677.0	1660177.0	2897457.0	2340284.0	1543349.0	1663278.0	4501653.0	6693337.0	3078961.0	5787561.0	6170678.0	8346812.0	5294844.0	3986583.0	5951877.0	3268704.0	4363845.0	3886034.0	5594365.0	3395317.0	3184320.0	1686388.0	3775016.0	5312716.0	3045314.0	384372.0	3494575.0	271921.0	2446272.0	3390907.0	4401252.0	2585020.0	3756801.0	638205.0	2822008.0	3099706.0	2133063.0	1747244.0	4582426.0	3330978.0	3530850.0
AGG	4338227.0	3147736.0	5627033.0	3127503.0	2651133.0	2445531.0	1560434.0	2241603.0	3174740.0	3067397.0	3503810.0	2313482.0	1700709.0	2806999.0	3667127.0	2766905.0	2715113.0	2215255.0	4592977.0	2079568.0	2803956.0	2449874.0	1668169.0	2645308.0	1289994.0	1608589.0	1749764.0	1163378.0	1329111.0	2750891.0	4353302.0	2479399.0	4974785.0	3882762.0	6628386.0	4281895.0	3028869.0	3421762.0	2045365.0	3313467.0	3142085.0	3028335.0	2796264.0	2365717.0	1372079.0	2326214.0	3747317.0	2529808.0	373352.0	2195002.0	292175.0	1988340.0	2536998.0	2545283.0	1471929.0	2682996.0	688397.0	1956128.0	2646867.0	1828803.0	1547007.0	2925360.0	2874187.0	2879813.0
AGT	5901801.0	3636207.0	5299289.0	5143585.0	3602250.0	2573620.0	1517373.0	3216775.0	3170108.0	3250452.0	2313482.0	3775098.0	2467017.0	3046471.0	3999833.0	4057248.0	3677259.0	2066292.0	4223381.0	2674389.0	3370370.0	2128625.0	1419616.0	3159926.0	1371402.0	1276784.0	1214157.0	1350033.0	1685236.0	2576953.0	3765470.0	3154860.0	6488472.0	3915304.0	5655885.0	5931627.0	3585430.0	3020142.0	1590182.0	3982442.0	3734225.0	2843761.0	2283728.0	3217460.0	1970352.0	2427290.0	3601316.0	3491091.0	480132.0	2316608.0	266291.0	2867736.0	3646756.0	2745464.0	1627056.0	3879243.0	520644.0	1763905.0	2365129.0	2249968.0	2530279.0	3184104.0	3493964.0	4066417.0
ATA	6024788.0	3116926.0	4406306.0	5032002.0	3304403.0	1930394.0	1202648.0	2712112.0	2721541.0	1989302.0	1700709.0	2467017.0	3220206.0	2857684.0	3742812.0	4386297.0	3328720.0	1693690.0	2990076.0	2499527.0	2875418.0	1468836.0	1045152.0	2496448.0	1105588.0	877820.0	808164.0	1067512.0	1819094.0	2229230.0	3048801.0	3108145.0	5808667.0	3058723.0	4053298.0	5176082.0	3102609.0	2161168.0	1142029.0	3194074.0	3178538.0	2011900.0	1658478.0	2520381.0	2012972.0	1980010.0	2877849.0	3249627.0	613213.0	2191879.0	286034.0	3240273.0	3016344.0	1899434.0	1169026.0	2994955.0	400018.0	1470991.0	2099568.0	2065175.0	3054318.0	2986399.0	3349405.0	4294332.0
ATC	6382151.0	6584051.0	8636865.0	5116167.0	4119298.0	5173211.0	2903866.0	3741577.0	3167374.0	4571964.0	2806999.0	3046471.0	2857684.0	7864964.0	6341040.0	5451623.0	4137839.0	4125402.0	6643666.0	3238121.0	4058676.0	4250857.0	2754715.0	3947274.0	1954566.0	3232712.0	2256915.0	1943771.0	2351640.0	6525867.0	8271291.0	4388985.0	6882797.0	7559874.0	9058243.0	6721518.0	4433256.0	6885432.0	3294889.0	5214395.0	4566580.0	6059386.0	3386909.0	3971789.0	2230746.0	5440474.0	6498248.0	4219700.0	406532.0	4974373.0	241328.0	3825318.0	3596432.0	4742043.0	2700213.0	4427196.0	441186.0	3226950.0	3761126.0	2600566.0	2521768.0	7033950.0	4560762.0	5121750.0
ATG	8174302.0	6449137.0	9455072.0	6844435.0	5109210.0	4653260.0	2982623.0	4468974.0	4303115.0	4747738.0	3667127.0	3999833.0	3742812.0	6341040.0	8745192.0	6378960.0	5430889.0	3974198.0	7552768.0	4004826.0	5023889.0	4004165.0	2890235.0	4723301.0	2204276.0	2849302.0	2357922.0	2183156.0	2773358.0	5630790.0	8310440.0	5181371.0	9062417.0	7176674.0	10055813.0	8373906.0	5662100.0	6408637.0	3550142.0	6365376.0	5478597.0	5559952.0	3858242.0	4657612.0	2889065.0	4813932.0	7013870.0	5261140.0	577662.0	4805124.0	355848.0	4515916.0	4601950.0	4403080.0	2811965.0	4948409.0	602299.0	3263869.0	4272878.0	3236301.0	3620701.0	6634595.0	5888735.0	6519925.0
ATT	9422687.0	5443502.0	7924620.0	8134710.0	5161818.0	3558284.0	2085052.0	4808678.0	4296254.0	3445510.0	2766905.0	4057248.0	4386297.0	5451623.0	6378960.0	7981354.0	5488474.0	2945958.0	5246772.0	4169783.0	4725477.0	2676060.0	1824817.0	4422082.0	1965915.0	1756306.0	1474992.0	2027560.0	2808644.0	4198074.0	5485724.0	5640366.0	9539670.0	5497472.0	7281451.0	9011717.0	5201772.0	4221705.0	2100720.0	6000119.0	5467239.0	3862043.0	2912534.0	4706733.0	3081366.0	3824994.0	5120818.0	5921143.0	836099.0	3852796.0	373278.0	5178345.0	4849253.0	3438912.0	2094687.0	5260708.0	553885.0	2557875.0	3582494.0	3358634.0	4648931.0	5595516.0	5923403.0	7467839.0
CAA	8736856.0	5152209.0	7271451.0	7052864.0	4821880.0	3376031.0	1977058.0	4110354.0	4219243.0	3462559.0	2715113.0	3677259.0	3328720.0	4137839.0	5430889.0	5488474.0	7941798.0	3092612.0	6992382.0	4026127.0	5015872.0	2887038.0	2052412.0	4382476.0	2171804.0	1925317.0	1576545.0	2040953.0	2487520.0	3757119.0	4514245.0	4502831.0	10075402.0	5236193.0	7606268.0	7838743.0	5046896.0	4142804.0	2173048.0	5430273.0	4811507.0	3500344.0	2502516.0	3896868.0	2590133.0	3274295.0	4120637.0	4555421.0	699095.0	3206099.0	345710.0	3920037.0	4774104.0	3419773.0	2129495.0	4773443.0	728701.0	2205002.0	3087616.0	2653583.0	3580299.0	4280840.0	4600692.0	5270455.0
CAC	4053143.0	4204273.0	5496760.0	3085393.0	3040349.0	3424561.0	1961787.0	2372216.0	2324500.0	3408989.0	2215255.0	2066292.0	1693690.0	4125402.0	3974198.0	2945958.0	3092612.0	3965702.0	5475866.0	2607158.0	3043617.0	3460289.0	2249994.0	2975154.0	1455830.0	2650226.0	1910333.0	1415345.0	1558646.0	4555700.0	6003676.0	2938661.0	4568113.0	5153829.0	6565036.0	4086201.0	3060743.0	4883363.0	2539859.0	3452710.0	2965785.0	4167638.0	2491723.0	2437519.0	1416615.0	3325311.0	4347890.0	2518228.0	328241.0	3291957.0	216349.0	2149778.0	2471813.0	3360366.0	1874727.0	2800009.0	526988.0	2454627.0	2656171.0	1892522.0	1536215.0	4155190.0	2805468.0	3092356.0
CAG	8212387.0	7422510.0	11492269.0	6160592.0	5305482.0	5824114.0	3449542.0	4509073.0	4631337.0	6440822.0	4592977.0	4223381.0	2990076.0	6643666.0	7552768.0	5246772.0	6992382.0	5475866.0	14453454.0	4295739.0	5838297.0	5784096.0	3970177.0	5604555.0	2634415.0	4258492.0	3704181.0	2502382.0	2654255.0	6642693.0	10765858.0	4878172.0	10066487.0	9192020.0	14787217.0	8308734.0	6307364.0	8804884.0	4714860.0	7012015.0	5692044.0	7167835.0	4806451.0	4543229.0	2617206.0	5414666.0	8071158.0	4636395.0	498398.0	5272603.0	371563.0	3856268.0	4707017.0	5700710.0	3285338.0	5302411.0	807391.0	3813287.0	4567756.0	3151689.0	2753057.0	6679990.0	5222732.0	5465254.0
CAT	5572486.0	3487035.0	4956260.0	4819778.0	3307827.0	2395406.0	1396883.0	2926677.0	2923318.0	2517459.0	2079568.0	2674389.0	2499527.0	3238121.0	4004826.0	4169783.0	4026127.0	2607158.0	4295739.0	3534388.0	3386243.0	2157474.0	1476693.0	3231785.0	1501882.0	1430309.0	1238894.0	1524255.0	1881616.0	3007519.0	3832670.0	3681232.0	6104634.0	3749022.0	5270106.0	5612386.0	3447221.0	2952241.0	1529922.0	3904587.0	3490392.0	2689131.0	2065953.0	2932612.0	1908661.0	2474616.0	3368177.0	3478534.0	489783.0	2485522.0	256604.0	3129744.0	3244362.0	2513874.0	1483088.0	3513587.0	575708.0	1858330.0	2492389.0	2301163.0	2622404.0	3362717.0	3549594.0	4213637.0
CCA	6618026.0	4473559.0	6292063.0	5358060.0	4751157.0	3696087.0	1991510.0	3980926.0	3755536.0	3729183.0	2803956.0	3370370.0	2875418.0	4058676.0	5023889.0	4725477.0	5015872.0	3043617.0	5838297.0	3386243.0	6695754.0	4122969.0	2689260.0	5571093.0	1868488.0	1957982.0	1700438.0	1788884.0	2199273.0	3813116.0	5003475.0	3972290.0	7353847.0	4758051.0	6605375.0	6282871.0	4902948.0	4460332.0	2163515.0	5134123.0	4799940.0	3884367.0	2955673.0	3808199.0	2419644.0	3343089.0	4478864.0	4177486.0	477610.0	3105189.0	298768.0	3401446.0	4668124.0	3842493.0	2109974.0	4725202.0	723116.0	2440670.0	3168557.0	2583341.0	2799963.0	4191875.0	3962248.0	4639590.0
CCC	3635406.0	4122450.0	5535455.0	2787812.0	2832032.0	4269507.0	2137393.0	2551942.0	2251991.0	4061081.0	2449874.0	2128625.0	1468836.0	4250857.0	4004165.0	2676060.0	2887038.0	3460289.0	5784096.0	2157474.0	4122969.0	6121168.0	3312549.0	4345495.0	1477735.0	3129224.0	2258193.0	1431120.0	1405771.0	4934179.0	6186011.0	2669218.0	4219571.0	5269187.0	6827739.0	3809005.0	3278197.0	6332783.0	2998219.0	3851579.0	3209243.0	5219544.0	3240648.0	2668694.0	1349857.0	3754457.0	4687319.0	2437074.0	264837.0	3231585.0	208033.0	1935959.0	2670705.0	4531621.0	2211173.0	3250703.0	517803.0	2658768.0	2793824.0	1769249.0	1261984.0	4328097.0	2539627.0	2827002.0
CCG	2399121.0	2789355.0	3819490.0	1972592.0	1819306.0	2512906.0	2120292.0	1599731.0	1432810.0	2731831.0	1668169.0	1419616.0	1045152.0	2754715.0	2890235.0	1824817.0	2052412.0	2249994.0	3970177.0	1476693.0	2689260.0	3312549.0	3672014.0	2572639.0	1202826.0	2427791.0	1928101.0	1110975.0	936583.0	3084791.0	4214333.0	1709666.0	2978082.0	3801255.0	4979228.0	2801061.0	2362398.0	4283269.0	3457619.0	2612662.0	2256160.0	3820623.0	2327743.0	1873290.0	958466.0	2581778.0	3483606.0	1766554.0	126682.0	2215360.0	108190.0	1320883.0	1746795.0	2660800.0	2280993.0	1950220.0	293874.0	1730321.0	1922495.0	1073045.0	871052.0	2934737.0	1942774.0	1904116.0
CCT	5833826.0	4245891.0	6028254.0	4851655.0	4045525.0	3597784.0	1835408.0	3873247.0	3364444.0	3578677.0	2645308.0	3159926.0	2496448.0	3947274.0	4723301.0	4422082.0	4382476.0	2975154.0	5604555.0	3231785.0	5571093.0	4345495.0	2572639.0	6117838.0	1750405.0	2030125.0	1684069.0	1763715.0	1994367.0	4076748.0	4944144.0	4091867.0	6636735.0	4676923.0	6520360.0	5998708.0	4365675.0	4540006.0	2133804.0	5324270.0	4546310.0	3999142.0	2989680.0	3804530.0	2173259.0	3381609.0	4362340.0	4076084.0	432570.0	2997517.0	263416.0	3161484.0	4090850.0	3997750.0	2021217.0	4943727.0	609927.0	2350963.0	2986416.0	2457857.0	2439491.0	4226425.0	3716602.0	4515749.0
CGA	2869593.0	2041528.0	3087946.0	2142512.0	1699347.0	1532157.0	1086859.0	1466740.0	1652038.0	1660177.0	1289994.0	1371402.0	1105588.0	1954566.0	2204276.0	1965915.0	2171804.0	1455830.0	2634415.0	1501882.0	1868488.0	1477735.0	1202826.0	1750405.0	1398438.0	1337840.0	1141990.0	1115099.0	971756.0	1893404.0	2381919.0	1779385.0	3536307.0	2597403.0	3615064.0	2992986.0	2045702.0	2176241.0	1389378.0	2231609.0	2122385.0	1959262.0	1306597.0	1655908.0	964485.0	1640353.0	2031381.0	1726458.0	150615.0	1449534.0	94031.0	1384746.0	1630467.0	1559584.0	1155241.0	1716686.0	279674.0	1075272.0	1437506.0	1046979.0	1079292.0	1956327.0	1787764.0	1912589.0
CGC	2349644.0	3112805.0	4466473.0	1765250.0	1638576.0	2794652.0	1875010.0	1462564.0	1341085.0	2897457.0	1608589.0	1276784.0	877820.0	3232712.0	2849302.0	1756306.0	1925317.0	2650226.0	4258492.0	1430309.0	1957982.0	3129224.0	2427791.0	2030125.0	1337840.0	3724672.0	2166514.0	1416890.0	926191.0	3869636.0	4729922.0	1774403.0	3080493.0	4648401.0	6011238.0	2826989.0	2221013.0	5057644.0	3207342.0	2588695.0	1952511.0	4315065.0	2039653.0	1793769.0	842947.0	2934056.0	3496914.0	1588775.0	111181.0	2446341.0	91497.0	1225329.0	1466798.0	2839372.0	1915529.0	1765963.0	230564.0	1930903.0	2003878.0	1036017.0	724798.0	3243856.0	1746846.0	1793958.0
CGG	2108098.0	2246744.0	3640911.0	1548754.0	1423944.0	1956158.0	1485712.0	1224352.0	1368982.0	2340284.0	1749764.0	1214157.0	808164.0	2256915.0	2357922.0	1474992.0	1576545.0	1910333.0	3704181.0	1238894.0	1700438.0	2258193.0	1928101.0	1684069.0	1141990.0	2166514.0	2249722.0	1012779.0	800669.0	2479821.0	4049045.0	1456726.0	2738490.0	3383689.0	5216259.0	2468831.0	1928647.0	3461191.0	2554955.0	2149751.0	1849675.0	3088003.0	2171703.0	1500481.0	756462.0	1964007.0	3067676.0	1383081.0	114697.0	1765842.0	104339.0	1074871.0	1315799.0	2002830.0	1460592.0	1483488.0	274021.0	1528564.0	1765816.0	989976.0	699135.0	2312146.0	1615101.0	1574416.0
CGT	2686478.0	2003726.0	3045041.0	2167070.0	1621602.0	1530964.0	1008496.0	1523915.0	1473346.0	1543349.0	1163378.0	1350033.0	1067512.0	1943771.0	2183156.0	2027560.0	2040953.0	1415345.0	2502382.0	1524255.0	1788884.0	1431120.0	1110975.0	1763715.0	1115099.0	1416890.0	1012779.0	1381804.0	901585.0	1888477.0	2282925.0	1837185.0	3326034.0	2478485.0	3475354.0	3034753.0	1939393.0	2194364.0	1284952.0	2366396.0	1886462.0	1957592.0	1183804.0	1872836.0	950886.0	1660515.0	2019529.0	1832737.0	137824.0	1445668.0	86930.0	1421105.0	1583050.0	1569000.0	1105898.0	1799828.0	213478.0	1049954.0	1386381.0	1085338.0	1103490.0	1971280.0	1809689.0	1944764.0
CTA	3637161.0	2350214.0	3288021.0	2915731.0	2254386.0	1672524.0	966137.0	1936984.0	1881992.0	1663278.0	1329111.0	1685236.0	1819094.0	2351640.0	2773358.0	2808644.0	2487520.0	1558646.0	2654255.0	1881616.0	2199273.0	1405771.0	936583.0	1994367.0	971756.0	926191.0	800669.0	901585.0	2166930.0	2242949.0	3002624.0	2552923.0	3904042.0	2507410.0	3352369.0	3443729.0	2390725.0	2082164.0	1059688.0	2562051.0	2281493.0	1783624.0	1340607.0	1823435.0	1358430.0	1750546.0	2350039.0	2269543.0	325592.0	1748338.0	185560.0	2269010.0	2128986.0	1681170.0	977103.0	2526634.0	339825.0	1230999.0	1665740.0	1444189.0	1851217.0	2469021.0	2488478.0	2855632.0
CTC	4922485.0	5633760.0	7269569.0	3853051.0	3549229.0	5064269.0	2766783.0	3245406.0	2740639.0	4501653.0	2750891.0	2576953.0	2229230.0	6525867.0	5630790.0	4198074.0	3757119.0	4555700.0	6642693.0	3007519.0	3813116.0	4934179.0	3084791.0	4076748.0	1893404.0	3869636.0	2479821.0	1888477.0	2242949.0	8407404.0	8439472.0	4454264.0	5696955.0	7126758.0	8340557.0	5379597.0	4137687.0	7700210.0	3841298.0	4951674.0	3895551.0	6176369.0	3314676.0	3350837.0	1877874.0	5564473.0	5955185.0	3598249.0	348343.0	4508092.0	251010.0	2851406.0	3253375.0	5302983.0	2770066.0	4500563.0	557856.0	3335678.0	3657304.0	2358811.0	2012517.0	6844970.0	4020994.0	4461972.0
CTG	6804135.0	7580400.0	10856727.0	5233191.0	4857240.0	6317576.0	3904920.0	4159436.0	3872879.0	6693337.0	4353302.0	3765470.0	3048801.0	8271291.0	8310440.0	5485724.0	4514245.0	6003676.0	10765858.0	3832670.0	5003475.0	6186011.0	4214333.0	4944144.0	2381919.0	4729922.0	4049045.0	2282925.0	3002624.0	8439472.0	16374188.0	5177891.0	7794094.0	9744651.0	13582280.0	7318043.0	5718026.0	9924508.0	5507475.0	6564439.0	5367529.0	8311368.0	5380404.0	4273968.0	2599757.0	6358502.0	10546301.0	4571221.0	442807.0	6160116.0	338078.0	3856694.0	4094315.0	5943956.0	3474632.0	4801350.0	730422.0	4675791.0	5165409.0	3405371.0	2715370.0	8341333.0	5827521.0	5886660.0
CTT	6628138.0	4349361.0	6321860.0	5534010.0	4007531.0	3102586.0	1736722.0	3792497.0	3427155.0	3078961.0	2479399.0	3154860.0	3108145.0	4388985.0	5181371.0	5640366.0	4502831.0	2938661.0	4878172.0	3681232.0	3972290.0	2669218.0	1709666.0	4091867.0	1779385.0	1774403.0	1456726.0	1837185.0	2552923.0	4454264.0	5177891.0	5546088.0	7262287.0	4679237.0	6307820.0	6812803.0	4506650.0	3993542.0	1983913.0	5342427.0	4392351.0	3431789.0	2555453.0	3750688.0	2395546.0	3450543.0	4320214.0	4772549.0	522806.0	3171789.0	289986.0	3783089.0	3936409.0	3295416.0	1838041.0	4823729.0	583701.0	2347313.0	3146576.0	2744850.0	3320003.0	4966270.0	4885798.0	6041879.0
GAA	17252639.0	8314078.0	14486293.0	12100569.0	7869940.0	5312429.0	3229208.0	6862156.0	7633328.0	5787561.0	4974785.0	6488472.0	5808667.0	6882797.0	9062417.0	9539670.0	10075402.0	4568113.0	10066487.0	6104634.0	7353847.0	4219571.0	2978082.0	6636735.0	3536307.0	3080493.0	2738490.0	3326034.0	3904042.0	5696955.0	7794094.0	7262287.0	22407392.0	10202586.0	16786091.0	15917011.0	8525782.0	6774229.0	3581126.0	9202162.0	8158021.0	5618027.0	4362841.0	6405603.0	4613513.0	5420769.0	7540202.0	8009264.0	1017738.0	5228808.0	454690.0	6581340.0	7420727.0	5270182.0	3261196.0	7734382.0	808588.0	3511682.0	4986305.0	4418809.0	6077495.0	6920030.0	7868432.0	8983871.0
GAC	7953859.0	7806178.0	11268685.0	5947948.0	4847160.0	5914672.0	3726356.0	4242512.0	4077022.0	6170678.0	3882762.0	3915304.0	3058723.0	7559874.0	7176674.0	5497472.0	5236193.0	5153829.0	9192020.0	3749022.0	4758051.0	5269187.0	3801255.0	4676923.0	2597403.0	4648401.0	3383689.0	2478485.0	2507410.0	7126758.0	9744651.0	4679237.0	10202586.0	11876948.0	14365535.0	9636318.0	5475602.0	8763579.0	4994007.0	6268874.0	5477664.0	7819321.0	4492253.0	4621095.0	2582931.0	6170713.0	8015926.0	4719384.0	341219.0	5889437.0	223221.0	3902498.0	4265147.0	5663047.0	3584412.0	4846994.0	467194.0	3824479.0	4488194.0	2933694.0	2617539.0	7328399.0	4997202.0	5394922.0
GAG	12027086.0	9703922.0	18185414.0	8367092.0	6537757.0	7317204.0	4825403.0	5833774.0	6453056.0	8346812.0	6628386.0	5655885.0	4053298.0	9058243.0	10055813.0	7281451.0	7606268.0	6565036.0	14787217.0	5270106.0	6605375.0	6827739.0	4979228.0	6520360.0	3615064.0	6011238.0	5216259.0	3475354.0	3352369.0	8340557.0	13582280.0	6307820.0	16786091.0	14365535.0	26204926.0	13593580.0	8154567.0	11580009.0	7142874.0	9377513.0	7595836.0	9588485.0	6773469.0	6231422.0	3519693.0	7399686.0	11429205.0	6600154.0	516963.0	6896717.0	359325.0	5091340.0	5795866.0	6917914.0	4492244.0	6602153.0	683134.0	4768256.0	5886920.0	3906954.0	3593751.0	8924221.0	7302433.0	7185713.0
GAT	12947837.0	7487822.0	12057116.0	10928825.0	6733090.0	4871286.0	3035709.0	6228231.0	6020054.0	5294844.0	4281895.0	5931627.0	5176082.0	6721518.0	8373906.0	9011717.0	7838743.0	4086201.0	8308734.0	5612386.0	6282871.0	3809005.0	2801061.0	5998708.0	2992986.0	2826989.0	2468831.0	3034753.0	3443729.0	5379597.0	7318043.0	6812803.0	15917011.0	9636318.0	13593580.0	16155496.0	7235978.0	6129627.0	3388089.0	8395142.0	7437703.0	5612335.0	4283015.0	6554489.0	4021930.0	5183084.0	7219814.0	7696178.0	713761.0	5141875.0	332404.0	6475797.0	6614750.0	4859738.0	3214765.0	7178125.0	519985.0	3320425.0	4816310.0	4139696.0	5257767.0	6760769.0	7420950.0	8464676.0
GCA	7304409.0	4739522.0	7439512.0	5684383.0	4948058.0	3686946.0	2293948.0	4099035.0	3914940.0	3986583.0	3028869.0	3585430.0	3102609.0	4433256.0	5662100.0	5201772.0	5046896.0	3060743.0	6307364.0	3447221.0	4902948.0	3278197.0	2362398.0	4365675.0	2045702.0	2221013.0	1928647.0	1939393.0	2390725.0	4137687.0	5718026.0	4506650.0	8525782.0	5475602.0	8154567.0	7235978.0	6579242.0	5403415.0	3142882.0	6447338.0	5267250.0	4513308.0	3291310.0	4229525.0	2703889.0	3674828.0	5209306.0	4647247.0	435257.0	3243106.0	266301.0	3513794.0	4512528.0	3624932.0	2289537.0	4585195.0	615626.0	2510389.0	3404505.0	2635242.0	3049503.0	4467171.0	4605665.0	4997176.0
GCC	5528356.0	6499095.0	9372569.0	4204124.0	3974285.0	6312783.0	3501489.0	3658083.0	3008548.0	5951877.0	3421762.0	3020142.0	2161168.0	6885432.0	6408637.0	4221705.0	4142804.0	4883363.0	8804884.0	2952241.0	4460332.0	6332783.0	4283269.0	4540006.0	2176241.0	5057644.0	3461191.0	2194364.0	2082164.0	7700210.0	9924508.0	3993542.0	6774229.0	8763579.0	11580009.0	6129627.0	5403415.0	11522384.0	5837066.0	6574391.0	4648046.0	8450064.0	4533175.0	4150244.0	2009629.0	6173419.0	7455182.0	3791034.0	278873.0	4945963.0	215901.0	2803671.0	3488585.0	6111750.0	3470518.0	4174680.0	501094.0	3763260.0	4071157.0	2381476.0	1872497.0	6762472.0	4081425.0	4174716.0
GCG	2694384.0	3255642.0	5079209.0	2157513.0	1959086.0	2795782.0	2833333.0	1721055.0	1554718.0	3268704.0	2045365.0	1590182.0	1142029.0	3294889.0	3550142.0	2100720.0	2173048.0	2539859.0	4714860.0	1529922.0	2163515.0	2998219.0	3457619.0	2133804.0	1389378.0	3207342.0	2554955.0	1284952.0	1059688.0	3841298.0	5507475.0	1983913.0	3581126.0	4994007.0	7142874.0	3388089.0	3142882.0	5837066.0	6268380.0	3405332.0	2624237.0	5243583.0	3077002.0	2276966.0	1091926.0	3220057.0	4766653.0	2057761.0	118763.0	2530865.0	106176.0	1408069.0	1724520.0	2766074.0	2746977.0	1958812.0	266774.0	2036645.0	2324816.0	1155516.0	951387.0	3449683.0	2426257.0	2116960.0
GCT	7733929.0	5444460.0	8614150.0	6279131.0	4999444.0	4364841.0	2466769.0	4985751.0	4125357.0	4363845.0	3313467.0	3982442.0	3194074.0	5214395.0	6365376.0	6000119.0	5430273.0	3452710.0	7012015.0	3904587.0	5134123.0	3851579.0	2612662.0	5324270.0	2231609.0	2588695.0	2149751.0	2366396.0	2562051.0	4951674.0	6564439.0	5342427.0	9202162.0	6268874.0	9377513.0	8395142.0	6447338.0	6574391.0	3405332.0	8435208.0	5808367.0	5268155.0	3722544.0	5285956.0	2795070.0	4442548.0	5841038.0	5636020.0	445680.0	3745631.0	263703.0	3942739.0	4723791.0	4330951.0	2558051.0	5574466.0	584686.0	2818249.0	3770939.0	2988024.0	3251076.0	5362726.0	5278342.0	5687229.0
GGA	7166517.0	4788217.0	7029420.0	5784445.0	4557033.0	3501236.0	2137643.0	4010068.0	4359871.0	3886034.0	3142085.0	3734225.0	3178538.0	4566580.0	5478597.0	5467239.0	4811507.0	2965785.0	5692044.0	3490392.0	4799940.0	3209243.0	2256160.0	4546310.0	2122385.0	1952511.0	1849675.0	1886462.0	2281493.0	3895551.0	5367529.0	4392351.0	8158021.0	5477664.0	7595836.0	7437703.0	5267250.0	4648046.0	2624237.0	5808367.0	6971770.0	4851330.0	3739085.0	4916798.0	2680574.0	3782593.0	5252369.0	4928444.0	541556.0	3473209.0	306701.0	3819904.0	4221553.0	3442503.0	2119149.0	4470226.0	863754.0	2693370.0	3549133.0	2970268.0	2992963.0	4687682.0	4482543.0	5341286.0
GGC	4634039.0	5724889.0	7733703.0	3802180.0	3414553.0	5068607.0	3155209.0	3105715.0	2702424.0	5594365.0	3028335.0	2843761.0	2011900.0	6059386.0	5559952.0	3862043.0	3500344.0	4167638.0	7167835.0	2689131.0	3884367.0	5219544.0	3820623.0	3999142.0	1959262.0	4315065.0	3088003.0	1957592.0	1783624.0	6176369.0	8311368.0	3431789.0	5618027.0	7819321.0	9588485.0	5612335.0	4513308.0	8450064.0	5243583.0	5268155.0	4851330.0	9303980.0	4533621.0	4436388.0	1853330.0	5441650.0	6962097.0	3531602.0	267930.0	4601536.0	203062.0	2697721.0	3059334.0	4896330.0	3145506.0	3564676.0	509976.0	3565509.0	3810132.0	2239320.0	1624013.0	6028938.0	3550179.0	3862941.0
GGG	3689978.0	3320518.0	5235679.0	2979908.0	2622750.0	2892558.0	1936505.0	2315022.0	2419220.0	3395317.0	2796264.0	2283728.0	1658478.0	3386909.0	3858242.0	2912534.0	2502516.0	2491723.0	4806451.0	2065953.0	2955673.0	3240648.0	2327743.0	2989680.0	1306597.0	2039653.0	2171703.0	1183804.0	1340607.0	3314676.0	5380404.0	2555453.0	4362841.0	4492253.0	6773469.0	4283015.0	3291310.0	4533175.0	3077002.0	3722544.0	3739085.0	4533621.0	4240804.0	2940078.0	1449425.0	2950961.0	4891924.0	2768696.0	262751.0	2589265.0	213978.0	2060127.0	2425600.0	2901344.0	1827959.0	2697849.0	505700.0	2274362.0	2791955.0	1856779.0	1430640.0	3469266.0	2924525.0	3071142.0
GGT	5565612.0	4072384.0	5920746.0	4907431.0	3602633.0	3069329.0	1807149.0	3515619.0	3117622.0	3184320.0	2365717.0	3217460.0	2520381.0	3971789.0	4657612.0	4706733.0	3896868.0	2437519.0	4543229.0	2932612.0	3808199.0	2668694.0	1873290.0	3804530.0	1655908.0	1793769.0	1500481.0	1872836.0	1823435.0	3350837.0	4273968.0	3750688.0	6405603.0	4621095.0	6231422.0	6554489.0	4229525.0	4150244.0	2276966.0	5285956.0	4916798.0	4436388.0	2940078.0	5301984.0	2206718.0	3387827.0	4368123.0	4435403.0	333392.0	2953581.0	196114.0	3234899.0	3495285.0	2967179.0	1917676.0	3913044.0	427445.0	2111512.0	2910976.0	2412980.0	2522853.0	4047355.0	3938097.0	4470660.0
GTA	4254796.0	2410940.0	3532053.0	3447753.0	2554262.0	1656144.0	1019272.0	2179173.0	2045405.0	1686388.0	1372079.0	1970352.0	2012972.0	2230746.0	2889065.0	3081366.0	2590133.0	1416615.0	2617206.0	1908661.0	2419644.0	1349857.0	958466.0	2173259.0	964485.0	842947.0	756462.0	950886.0	1358430.0	1877874.0	2599757.0	2395546.0	4613513.0	2582931.0	3519693.0	4021930.0	2703889.0	2009629.0	1091926.0	2795070.0	2680574.0	1853330.0	1449425.0	2206718.0	2230094.0	1760640.0	2527248.0	2647911.0	343659.0	1696194.0	178731.0	2189510.0	2323447.0	1583814.0	998148.0	2371594.0	305915.0	1199497.0	1685795.0	1610824.0	2038915.0	2309991.0	2538670.0	3033648.0
GTC	4613792.0	4942268.0	6655760.0	3675460.0	3188550.0	4214786.0	2440980.0	2977054.0	2447552.0	3775016.0	2326214.0	2427290.0	1980010.0	5440474.0	4813932.0	3824994.0	3274295.0	3325311.0	5414666.0	2474616.0	3343089.0	3754457.0	2581778.0	3381609.0	1640353.0	2934056.0	1964007.0	1660515.0	1750546.0	5564473.0	6358502.0	3450543.0	5420769.0	6170713.0	7399686.0	5183084.0	3674828.0	6173419.0	3220057.0	4442548.0	3782593.0	5441650.0	2950961.0	3387827.0	1760640.0	4950204.0	5158336.0	3439703.0	275306.0	3772907.0	188466.0	2547093.0	2796812.0	3929909.0	2349474.0	3364641.0	400135.0	2648003.0	3106143.0	2084345.0	1764386.0	5356081.0	3506009.0	3760406.0
GTG	6479299.0	6322159.0	9449674.0	5224877.0	4437741.0	4991727.0	3415102.0	3853067.0	3508686.0	5312716.0	3747317.0	3601316.0	2877849.0	6498248.0	7013870.0	5120818.0	4120637.0	4347890.0	8071158.0	3368177.0	4478864.0	4687319.0	3483606.0	4362340.0	2031381.0	3496914.0	3067676.0	2019529.0	2350039.0	5955185.0	10546301.0	4320214.0	7540202.0	8015926.0	11429205.0	7219814.0	5209306.0	7455182.0	4766653.0	5841038.0	5252369.0	6962097.0	4891924.0	4368123.0	2527248.0	5158336.0	9254814.0	4564161.0	366761.0	4890311.0	267780.0	3558663.0	3777438.0	4562981.0	3011110.0	4212280.0	535916.0	3699287.0	4312511.0	3343538.0	2530863.0	6552990.0	5201038.0	5272081.0
GTT	7314686.0	4454729.0	6762039.0	6220477.0	4271684.0	3059815.0	1832650.0	4094904.0	3595990.0	3045314.0	2529808.0	3491091.0	3249627.0	4219700.0	5261140.0	5921143.0	4555421.0	2518228.0	4636395.0	3478534.0	4177486.0	2437074.0	1766554.0	4076084.0	1726458.0	1588775.0	1383081.0	1832737.0	2269543.0	3598249.0	4571221.0	4772549.0	8009264.0	4719384.0	6600154.0	7696178.0	4647247.0	3791034.0	2057761.0	5636020.0	4928444.0	3531602.0	2768696.0	4435403.0	2647911.0	3439703.0	4564161.0	5479646.0	511784.0	3083129.0	264220.0	3904060.0	4073923.0	2995740.0	1894642.0	4603015.0	484496.0	2193470.0	3098824.0	2831735.0	3411984.0	4521535.0	4941545.0	5781265.0
TAA	1382763.0	499601.0	733926.0	1054524.0	591365.0	299448.0	137118.0	502814.0	727501.0	384372.0	373352.0	480132.0	613213.0	406532.0	577662.0	836099.0	699095.0	328241.0	498398.0	489783.0	477610.0	264837.0	126682.0	432570.0	150615.0	111181.0	114697.0	137824.0	325592.0	348343.0	442807.0	522806.0	1017738.0	341219.0	516963.0	713761.0	435257.0	278873.0	118763.0	445680.0	541556.0	267930.0	262751.0	333392.0	343659.0	275306.0	366761.0	511784.0	1005736.0	350084.0	356987.0	660501.0	609514.0	340880.0	140311.0	572096.0	474355.0	369575.0	463190.0	545256.0	742286.0	513079.0	580229.0	1012501.0
TAC	4867449.0	5022770.0	6442194.0	3900244.0	3134166.0	3733104.0	2215377.0	2784064.0	2469345.0	3494575.0	2195002.0	2316608.0	2191879.0	4974373.0	4805124.0	3852796.0	3206099.0	3291957.0	5272603.0	2485522.0	3105189.0	3231585.0	2215360.0	2997517.0	1449534.0	2446341.0	1765842.0	1445668.0	1748338.0	4508092.0	6160116.0	3171789.0	5228808.0	5889437.0	6896717.0	5141875.0	3243106.0	4945963.0	2530865.0	3745631.0	3473209.0	4601536.0	2589265.0	2953581.0	1696194.0	3772907.0	4890311.0	3083129.0	350084.0	4938364.0	202728.0	3153834.0	2622816.0	3394209.0	2014756.0	2967604.0	357005.0	2693530.0	3256379.0	2163069.0	1940576.0	5322929.0	3390079.0	4107377.0
TAG	600017.0	281538.0	452995.0	433665.0	336914.0	210553.0	109314.0	265725.0	409614.0	271921.0	292175.0	266291.0	286034.0	241328.0	355848.0	373278.0	345710.0	216349.0	371563.0	256604.0	298768.0	208033.0	108190.0	263416.0	94031.0	91497.0	104339.0	86930.0	185560.0	251010.0	338078.0	289986.0	454690.0	223221.0	359325.0	332404.0	266301.0	215901.0	106176.0	263703.0	306701.0	203062.0	213978.0	196114.0	178731.0	188466.0	267780.0	264220.0	356987.0	202728.0	204848.0	291408.0	337110.0	241088.0	105931.0	313429.0	281501.0	248026.0	338048.0	299670.0	320322.0	309449.0	353245.0	480669.0
TAT	6641893.0	3770357.0	5367246.0	5843671.0	3632559.0	2430781.0	1435167.0	3247936.0	3091078.0	2446272.0	1988340.0	2867736.0	3240273.0	3825318.0	4515916.0	5178345.0	3920037.0	2149778.0	3856268.0	3129744.0	3401446.0	1935959.0	1320883.0	3161484.0	1384746.0	1225329.0	1074871.0	1421105.0	2269010.0	2851406.0	3856694.0	3783089.0	6581340.0	3902498.0	5091340.0	6475797.0	3513794.0	2803671.0	1408069.0	3942739.0	3819904.0	2697721.0	2060127.0	3234899.0	2189510.0	2547093.0	3558663.0	3904060.0	660501.0	3153834.0	291408.0	4577874.0	3370588.0	2360111.0	1427631.0	3611810.0	444898.0	1957201.0	2936349.0	2634547.0	3330320.0	3958271.0	4002609.0	5486533.0
TCA	7009206.0	4139690.0	5833625.0	5915509.0	4671629.0	3101889.0	1745918.0	3907855.0	3771653.0	3390907.0	2536998.0	3646756.0	3016344.0	3596432.0	4601950.0	4849253.0	4774104.0	2471813.0	4707017.0	3244362.0	4668124.0	2670705.0	1746795.0	4090850.0	1630467.0	1466798.0	1315799.0	1583050.0	2128986.0	3253375.0	4094315.0	3936409.0	7420727.0	4265147.0	5795866.0	6614750.0	4512528.0	3488585.0	1724520.0	4723791.0	4221553.0	3059334.0	2425600.0	3495285.0	2323447.0	2796812.0	3777438.0	4073923.0	609514.0	2622816.0	337110.0	3370588.0	5450664.0	3591164.0	2105189.0	5157951.0	702195.0	2056091.0	2808401.0	2502274.0	3237407.0	3831316.0	4068084.0	4856227.0
TCC	4733525.0	4683621.0	6098039.0	3724097.0	3379323.0	4500249.0	2209162.0	3105521.0	2660047.0	4401252.0	2545283.0	2745464.0	1899434.0	4742043.0	4403080.0	3438912.0	3419773.0	3360366.0	5700710.0	2513874.0	3842493.0	4531621.0	2660800.0	3997750.0	1559584.0	2839372.0	2002830.0	1569000.0	1681170.0	5302983.0	5943956.0	3295416.0	5270182.0	5663047.0	6917914.0	4859738.0	3624932.0	6111750.0	2766074.0	4330951.0	3442503.0	4896330.0	2901344.0	2967179.0	1583814.0	3929909.0	4562981.0	2995740.0	340880.0	3394209.0	241088.0	2360111.0	3591164.0	5696728.0	2626549.0	4429547.0	564584.0	2621703.0	2891974.0	2036314.0	1788734.0	4963443.0	3204062.0	3637240.0
TCG	2730553.0	2790555.0	3835399.0	2352764.0	1933635.0	2296446.0	1988260.0	1725387.0	1485304.0	2585020.0	1471929.0	1627056.0	1169026.0	2700213.0	2811965.0	2094687.0	2129495.0	1874727.0	3285338.0	1483088.0	2109974.0	2211173.0	2280993.0	2021217.0	1155241.0	1915529.0	1460592.0	1105898.0	977103.0	2770066.0	3474632.0	1838041.0	3261196.0	3584412.0	4492244.0	3214765.0	2289537.0	3470518.0	2746977.0	2558051.0	2119149.0	3145506.0	1827959.0	1917676.0	998148.0	2349474.0	3011110.0	1894642.0	140311.0	2014756.0	105931.0	1427631.0	2105189.0	2626549.0	2567380.0	2300541.0	248130.0	1457683.0	1738085.0	1073017.0	1080911.0	2830729.0	2214847.0	2125312.0
TCT	7109101.0	4544867.0	6474297.0	6054321.0	4518616.0	3556919.0	1842056.0	4417866.0	3742563.0	3756801.0	2682996.0	3879243.0	2994955.0	4427196.0	4948409.0	5260708.0	4773443.0	2800009.0	5302411.0	3513587.0	4725202.0	3250703.0	1950220.0	4943727.0	1716686.0	1765963.0	1483488.0	1799828.0	2526634.0	4500563.0	4801350.0	4823729.0	7734382.0	4846994.0	6602153.0	7178125.0	4585195.0	4174680.0	1958812.0	5574466.0	4470226.0	3564676.0	2697849.0	3913044.0	2371594.0	3364641.0	4212280.0	4603015.0	572096.0	2967604.0	313429.0	3611810.0	5157951.0	4429547.0	2300541.0	6711592.0	621141.0	2275611.0	2956093.0	2760376.0	3200585.0	4777991.0	4396141.0	5655747.0
TGA	947954.0	503704.0	747882.0	577589.0	703145.0	491170.0	268775.0	508526.0	1004749.0	638205.0	688397.0	520644.0	400018.0	441186.0	602299.0	553885.0	728701.0	526988.0	807391.0	575708.0	723116.0	517803.0	293874.0	609927.0	279674.0	230564.0	274021.0	213478.0	339825.0	557856.0	730422.0	583701.0	808588.0	467194.0	683134.0	519985.0	615626.0	501094.0	266774.0	584686.0	863754.0	509976.0	505700.0	427445.0	305915.0	400135.0	535916.0	484496.0	474355.0	357005.0	281501.0	444898.0	702195.0	564584.0	248130.0	621141.0	937828.0	641606.0	837473.0	684262.0	437390.0	580477.0	590862.0	803986.0
TGC	3393859.0	3337802.0	4370978.0	2714066.0	2360808.0	2715895.0	1627736.0	2054098.0	2006960.0	2822008.0	1956128.0	1763905.0	1470991.0	3226950.0	3263869.0	2557875.0	2205002.0	2454627.0	3813287.0	1858330.0	2440670.0	2658768.0	1730321.0	2350963.0	1075272.0	1930903.0	1528564.0	1049954.0	1230999.0	3335678.0	4675791.0	2347313.0	3511682.0	3824479.0	4768256.0	3320425.0	2510389.0	3763260.0	2036645.0	2818249.0	2693370.0	3565509.0	2274362.0	2111512.0	1199497.0	2648003.0	3699287.0	2193470.0	369575.0	2693530.0	248026.0	1957201.0	2056091.0	2621703.0	1457683.0	2275611.0	641606.0	3299454.0	2732740.0	2388589.0	1365385.0	3902874.0	2459831.0	3021422.0
TGG	4629424.0	3764514.0	5485257.0	3682729.0	3099974.0	3033594.0	1894779.0	2656195.0	2901395.0	3099706.0	2646867.0	2365129.0	2099568.0	3761126.0	4272878.0	3582494.0	3087616.0	2656171.0	4567756.0	2492389.0	3168557.0	2793824.0	1922495.0	2986416.0	1437506.0	2003878.0	1765816.0	1386381.0	1665740.0	3657304.0	5165409.0	3146576.0	4986305.0	4488194.0	5886920.0	4816310.0	3404505.0	4071157.0	2324816.0	3770939.0	3549133.0	3810132.0	2791955.0	2910976.0	1685795.0	3106143.0	4312511.0	3098824.0	463190.0	3256379.0	338048.0	2936349.0	2808401.0	2891974.0	1738085.0	2956093.0	837473.0	2732740.0	3971278.0	2432208.0	2024169.0	4255334.0	3470768.0	3981031.0
TGT	4762467.0	2898172.0	4088353.0	3820700.0	2796411.0	2026298.0	1143849.0	2513927.0	2457277.0	2133063.0	1828803.0	2249968.0	2065175.0	2600566.0	3236301.0	3358634.0	2653583.0	1892522.0	3151689.0	2301163.0	2583341.0	1769249.0	1073045.0	2457857.0	1046979.0	1036017.0	989976.0	1085338.0	1444189.0	2358811.0	3405371.0	2744850.0	4418809.0	2933694.0	3906954.0	4139696.0	2635242.0	2381476.0	1155516.0	2988024.0	2970268.0	2239320.0	1856779.0	2412980.0	1610824.0	2084345.0	3343538.0	2831735.0	545256.0	2163069.0	299670.0	2634547.0	2502274.0	2036314.0	1073017.0	2760376.0	684262.0	2388589.0	2432208.0	3080434.0	2154163.0	3227368.0	2919199.0	4071550.0
TTA	6278145.0	2802330.0	4008805.0	5303858.0	3248228.0	1702684.0	1017295.0	2761353.0	2793252.0	1747244.0	1547007.0	2530279.0	3054318.0	2521768.0	3620701.0	4648931.0	3580299.0	1536215.0	2753057.0	2622404.0	2799963.0	1261984.0	871052.0	2439491.0	1079292.0	724798.0	699135.0	1103490.0	1851217.0	2012517.0	2715370.0	3320003.0	6077495.0	2617539.0	3593751.0	5257767.0	3049503.0	1872497.0	951387.0	3251076.0	2992963.0	1624013.0	1430640.0	2522853.0	2038915.0	1764386.0	2530863.0	3411984.0	742286.0	1940576.0	320322.0	3330320.0	3237407.0	1788734.0	1080911.0	3200585.0	437390.0	1365385.0	2024169.0	2154163.0	3847606.0	2819169.0	3596611.0	4706314.0
