Proteome_ID	M	W	C	D	E	F	H	K	N	Q	Y	I	A	G	P	T	V	L	R	S
UP000008323	0.018792902613274813	0.02721906408161868	0.02721906408161868	0.02721906408161868	0.02721906408161868	0.060706790681864874	0.02721906408161868	0.018792902613274813	0.10262067875045493	0.02721906408161868	0.10262067875045493	0.10262067875045493	0.024408387963114276	0.024408387963114276	0.024408387963114276	0.05443812816323736	0.05443812816323736	0.11514491884510224	0.024408387963114276	0.10887625632647473
UP000002535	0.01863645772863926	0.02989082006282501	0.02989082006282501	0.02989082006282501	0.02989082006282501	0.04949716279198714	0.02989082006282501	0.01863645772863926	0.08035786785533502	0.02989082006282501	0.08035786785533502	0.08035786785533502	0.03610150859688549	0.03610150859688549	0.03610150859688549	0.05978164012565002	0.05978164012565002	0.10927880291763717	0.03610150859688549	0.11956328025130004
UP000001961	0.013989985515606864	0.03132572030839552	0.03132572030839552	0.03132572030839552	0.03132572030839552	0.025279942189857883	0.03132572030839552	0.013989985515606864	0.036569898864108906	0.03132572030839552	0.036569898864108906	0.036569898864108906	0.07763473076560387	0.07763473076560387	0.07763473076560387	0.06265144061679104	0.06265144061679104	0.08793138280664892	0.07763473076560387	0.12530288123358208
UP000000815	0.016225383225448534	0.03174117184320598	0.03174117184320598	0.03174117184320598	0.03174117184320598	0.03319281345399447	0.03174117184320598	0.016225383225448534	0.0501602436825404	0.03174117184320598	0.0501602436825404	0.0501602436825404	0.06070603152554929	0.06070603152554929	0.06070603152554929	0.06348234368641197	0.06348234368641197	0.09667515714040643	0.06070603152554929	0.12696468737282393
UP000000425	0.014596388629270577	0.03153168540767385	0.03153168540767385	0.03153168540767385	0.03153168540767385	0.02717689216602566	0.03153168540767385	0.014596388629270577	0.039757395702780744	0.03153168540767385	0.039757395702780744	0.039757395702780744	0.07316857119457089	0.07316857119457089	0.07316857119457089	0.0630633708153477	0.0630633708153477	0.09024026298137337	0.07316857119457089	0.1261267416306954
UP000010481	0.017017836425328788	0.03159158091920952	0.03159158091920952	0.03159158091920952	0.03159158091920952	0.03688965157351174	0.03159158091920952	0.017017836425328788	0.0567614667216947	0.03159158091920952	0.0567614667216947	0.0567614667216947	0.05410883228247065	0.05410883228247065	0.05410883228247065	0.06318316183841904	0.06318316183841904	0.10007281341193079	0.05410883228247065	0.1263663236768381
UP000002194	0.011024698979716422	0.02955636112034559	0.02955636112034559	0.02955636112034559	0.02955636112034559	0.017583419221377038	0.02955636112034559	0.011024698979716422	0.024142139463037657	0.02955636112034559	0.024142139463037657	0.024142139463037657	0.0993638918207926	0.0993638918207926	0.0993638918207926	0.05911272224069118	0.05911272224069118	0.07669614146206823	0.0993638918207926	0.11822544448138236
UP000010378	0.01882784649324802	0.02901349973778926	0.02901349973778926	0.02901349973778926	0.02901349973778926	0.053630504218052405	0.02901349973778926	0.01882784649324802	0.08843316194285679	0.02901349973778926	0.08843316194285679	0.08843316194285679	0.03139195423605014	0.03139195423605014	0.03139195423605014	0.05802699947557852	0.05802699947557852	0.11165750369363092	0.03139195423605014	0.11605399895115703
UP000001168	0.01706391905734748	0.03157559374527383	0.03157559374527383	0.03157559374527383	0.03157559374527383	0.037128959092869	0.03157559374527383	0.01706391905734748	0.05719399912839053	0.03157559374527383	0.05719399912839053	0.05719399912839053	0.05370568659750353	0.05370568659750353	0.05370568659750353	0.06315118749054766	0.06315118749054766	0.10028014658341666	0.05370568659750353	0.1263023749810953
UP000000430	0.01781334681620176	0.031149609440267137	0.031149609440267137	0.031149609440267137	0.031149609440267137	0.04160676883697748	0.031149609440267137	0.01781334681620176	0.0654001908577532	0.031149609440267137	0.0654001908577532	0.0654001908577532	0.04664136126902695	0.04664136126902695	0.04664136126902695	0.062299218880534274	0.062299218880534274	0.10390598771751175	0.04664136126902695	0.12459843776106855
UP000001054	0.011984924259754769	0.030258536397923107	0.030258536397923107	0.030258536397923107	0.030258536397923107	0.019845352095586903	0.030258536397923107	0.011984924259754769	0.02770577993141904	0.030258536397923107	0.02770577993141904	0.02770577993141904	0.09227138128207245	0.09227138128207245	0.09227138128207245	0.06051707279584621	0.06051707279584621	0.08036242489143311	0.09227138128207245	0.12103414559169243
UP000008561	0.012649126190358491	0.03067348445405143	0.03067348445405143	0.03067348445405143	0.03067348445405143	0.02152602438772218	0.03067348445405143	0.012649126190358491	0.030402922585085864	0.03067348445405143	0.030402922585085864	0.030402922585085864	0.08741629495593951	0.08741629495593951	0.08741629495593951	0.06134696890810286	0.06134696890810286	0.08287299329582504	0.08741629495593951	0.12269393781620572
UP000008898	0.01758638557419532	0.031317742581030546	0.031317742581030546	0.031317742581030546	0.031317742581030546	0.04011008497333779	0.031317742581030546	0.01758638557419532	0.06263378437248025	0.031317742581030546	0.06263378437248025	0.06263378437248025	0.04890545612275106	0.04890545612275106	0.04890545612275106	0.06263548516206109	0.06263548516206109	0.1027455701353989	0.04890545612275106	0.12527097032412218
UP000008204	0.017462224457325985	0.03139345587676305	0.03139345587676305	0.03139345587676305	0.03139345587676305	0.03935040317012748	0.03139345587676305	0.017462224457325985	0.06123858188292898	0.03139345587676305	0.06123858188292898	0.06123858188292898	0.05009092626702435	0.05009092626702435	0.05009092626702435	0.0627869117535261	0.0627869117535261	0.10213731492365358	0.05009092626702435	0.1255738235070522
UP000001946	0.01614230609821127	0.03174528156121746	0.03174528156121746	0.03174528156121746	0.03174528156121746	0.03284258527163917	0.03174528156121746	0.01614230609821127	0.04954286444506707	0.03174528156121746	0.04954286444506707	0.04954286444506707	0.06136927973640464	0.06136927973640464	0.06136927973640464	0.06349056312243492	0.06349056312243492	0.09633314839407411	0.06136927973640464	0.12698112624486985
UP000017700	0.016517336605246895	0.03171080083475375	0.03171080083475375	0.03171080083475375	0.03171080083475375	0.03447390032303202	0.03171080083475375	0.016517336605246895	0.052430464040817144	0.03171080083475375	0.052430464040817144	0.052430464040817144	0.0583383301662327	0.0583383301662327	0.0583383301662327	0.0634216016695075	0.0634216016695075	0.09789550199253953	0.0583383301662327	0.126843203339015
UP000002084	0.014683575265088313	0.03155626463061031	0.03155626463061031	0.03155626463061031	0.03155626463061031	0.02746205875960994	0.03155626463061031	0.014683575265088313	0.04024054225413155	0.03155626463061031	0.04024054225413155	0.04024054225413155	0.07252171777461096	0.07252171777461096	0.07252171777461096	0.06311252926122062	0.06311252926122062	0.09057458802083056	0.07252171777461096	0.12622505852244123
UP000065734	0.010730473059101981	0.02931718532218934	0.02931718532218934	0.02931718532218934	0.02931718532218934	0.01692538534064539	0.02931718532218934	0.010730473059101981	0.023120297622188805	0.02931718532218934	0.023120297622188805	0.023120297622188805	0.10156310629472734	0.10156310629472734	0.10156310629472734	0.05863437064437868	0.05863437064437868	0.07555975598502408	0.10156310629472734	0.11726874128875736
UP000001191	0.017302663674398422	0.03147661793044981	0.03147661793044981	0.03147661793044981	0.03147661793044981	0.0384246572141708	0.03147661793044981	0.017302663674398422	0.059546650753943185	0.03147661793044981	0.059546650753943185	0.059546650753943185	0.05156987976845874	0.05156987976845874	0.05156987976845874	0.06295323586089963	0.06295323586089963	0.10137789307507043	0.05156987976845874	0.12590647172179925
UP000002186	0.0077961855344232485	0.0262830830808905	0.0262830830808905	0.0262830830808905	0.0262830830808905	0.011083946973809012	0.0262830830808905	0.0077961855344232485	0.014371708413194774	0.0262830830808905	0.014371708413194774	0.014371708413194774	0.12464882011242576	0.12464882011242576	0.12464882011242576	0.052566166161781	0.052566166161781	0.06365011313559	0.12464882011242576	0.105132332323562
UP000254519	0.01758732108119285	0.031317132029192674	0.031317132029192674	0.031317132029192674	0.031317132029192674	0.040115953411562384	0.031317132029192674	0.01758732108119285	0.06264458574193194	0.031317132029192674	0.06264458574193194	0.06264458574193194	0.048896395330402694	0.048896395330402694	0.048896395330402694	0.06263426405838535	0.06263426405838535	0.10275021746994774	0.048896395330402694	0.1252685281167707
UP000001688	0.015633590298020694	0.03173174679300977	0.03173174679300977	0.03173174679300977	0.03173174679300977	0.03081602101190056	0.03173174679300977	0.015633590298020694	0.045998451725780425	0.03173174679300977	0.045998451725780425	0.045998451725780425	0.06534936837866501	0.06534936837866501	0.06534936837866501	0.06346349358601953	0.06346349358601953	0.09427951459792008	0.06534936837866501	0.12692698717203907
UP000001430	0.018862579350423524	0.028569806441041255	0.028569806441041255	0.028569806441041255	0.028569806441041255	0.055515363552300294	0.028569806441041255	0.018862579350423524	0.09216814775417706	0.028569806441041255	0.09216814775417706	0.09216814775417706	0.029405691968840277	0.029405691968840277	0.029405691968840277	0.05713961288208251	0.05713961288208251	0.1126549764343828	0.029405691968840277	0.11427922576416502
UP000029482	0.007291472549261587	0.025629965255988766	0.025629965255988766	0.025629965255988766	0.025629965255988766	0.01019059696405781	0.025629965255988766	0.007291472549261587	0.013089721378854034	0.025629965255988766	0.013089721378854034	0.013089721378854034	0.1289218131852447	0.1289218131852447	0.1289218131852447	0.05125993051197753	0.05125993051197753	0.06145052747603535	0.1289218131852447	0.10251986102395506
UP000889800	0.013574339030442233	0.03115127512729457	0.03115127512729457	0.03115127512729457	0.03115127512729457	0.0240575472015401	0.03115127512729457	0.013574339030442233	0.034540755372637955	0.03115127512729457	0.034540755372637955	0.034540755372637955	0.08067338984535206	0.08067338984535206	0.08067338984535206	0.06230255025458914	0.06230255025458914	0.08636009745612924	0.08067338984535206	0.12460510050917828
UP000002384	0.017851151448080006	0.031117262255434344	0.031117262255434344	0.031117262255434344	0.031117262255434344	0.041872027848843335	0.031117262255434344	0.017851151448080006	0.06589290424960666	0.031117262255434344	0.06589290424960666	0.06589290424960666	0.04624968314259594	0.04624968314259594	0.04624968314259594	0.06223452451086869	0.06223452451086869	0.10410655235971202	0.04624968314259594	0.12446904902173737
UP000002417	0.009060023818685115	0.027740560802815412	0.027740560802815412	0.027740560802815412	0.027740560802815412	0.013454117610789407	0.027740560802815412	0.009060023818685115	0.0178482114028937	0.027740560802815412	0.0178482114028937	0.0178482114028937	0.11439452752183082	0.11439452752183082	0.11439452752183082	0.055481121605630825	0.055481121605630825	0.06893523921642024	0.11439452752183082	0.11096224321126165
UP000000817	0.018461117367515448	0.030315055950610546	0.030315055950610546	0.030315055950610546	0.030315055950610546	0.04721213982879374	0.030315055950610546	0.018461117367515448	0.07596316229007202	0.030315055950610546	0.07596316229007202	0.07596316229007202	0.038930775881849206	0.038930775881849206	0.038930775881849206	0.06063011190122109	0.06063011190122109	0.10784225173001483	0.038930775881849206	0.12126022380244218
UP000001566	0.011740167191480917	0.030090959425401215	0.030090959425401215	0.030090959425401215	0.030090959425401215	0.01925109772390512	0.030090959425401215	0.011740167191480917	0.026762028256329323	0.030090959425401215	0.026762028256329323	0.026762028256329323	0.09406900864845508	0.09406900864845508	0.09406900864845508	0.06018191885080243	0.06018191885080243	0.07943301657470755	0.09406900864845508	0.12036383770160486
UP000000562	0.01775134315011879	0.02349276643330626	0.02349276643330626	0.02349276643330626	0.02349276643330626	0.07263497880819718	0.02349276643330626	0.01775134315011879	0.12751861446627558	0.02349276643330626	0.12751861446627558	0.12751861446627558	0.015196812437910314	0.015196812437910314	0.015196812437910314	0.04698553286661252	0.04698553286661252	0.1196205116748097	0.015196812437910314	0.09397106573322504
UP000000585	0.017992035368930747	0.030983659824498643	0.030983659824498643	0.030983659824498643	0.030983659824498643	0.042909114662899976	0.030983659824498643	0.017992035368930747	0.0678261939568692	0.030983659824498643	0.0678261939568692	0.0678261939568692	0.04474514021843821	0.04474514021843821	0.04474514021843821	0.061967319648997286	0.061967319648997286	0.10487643431189726	0.04474514021843821	0.12393463929799457
UP000001020	0.00999157823088909	0.028666348389469923	0.028666348389469923	0.028666348389469923	0.028666348389469923	0.015337380867078719	0.028666348389469923	0.00999157823088909	0.020683183503268348	0.028666348389469923	0.020683183503268348	0.020683183503268348	0.10715773926568517	0.10715773926568517	0.10715773926568517	0.057332696778939846	0.057332696778939846	0.07267007764601856	0.10715773926568517	0.11466539355787969
UP000000594	0.018676150677281875	0.029765508312951834	0.029765508312951834	0.029765508312951834	0.029765508312951834	0.05012960502332917	0.029765508312951834	0.018676150677281875	0.08158305936937647	0.029765508312951834	0.08158305936937647	0.08158305936937647	0.03534779437085481	0.03534779437085481	0.03534779437085481	0.05953101662590367	0.05953101662590367	0.10966062164923285	0.03534779437085481	0.11906203325180734
UP000000586	0.017974920797713335	0.031001078544696536	0.031001078544696536	0.031001078544696536	0.031001078544696536	0.042778687492377794	0.031001078544696536	0.017974920797713335	0.06758245418704226	0.031001078544696536	0.06758245418704226	0.06758245418704226	0.04493204103588659	0.04493204103588659	0.04493204103588659	0.06200215708939307	0.06200215708939307	0.10478084458177085	0.04493204103588659	0.12400431417878614
UP000037395	0.007120071411222934	0.025398146467727898	0.025398146467727898	0.025398146467727898	0.025398146467727898	0.009893635735923098	0.025398146467727898	0.007120071411222934	0.012667200060623263	0.025398146467727898	0.012667200060623263	0.012667200060623263	0.13040016051004796	0.13040016051004796	0.13040016051004796	0.050796292935455796	0.050796292935455796	0.0606899286713789	0.13040016051004796	0.10159258587091159
UP000001174	0.018845956098777143	0.028835450174033467	0.028835450174033467	0.028835450174033467	0.028835450174033467	0.05440031536876068	0.028835450174033467	0.018845956098777143	0.08995467463874422	0.028835450174033467	0.08995467463874422	0.08995467463874422	0.030569057591039072	0.030569057591039072	0.030569057591039072	0.057670900348066934	0.057670900348066934	0.1120712157168276	0.030569057591039072	0.11534180069613387
UP000061569	0.008296213737372812	0.02688894441753514	0.02688894441753514	0.02688894441753514	0.02688894441753514	0.011998045574780595	0.02688894441753514	0.008296213737372812	0.015699877412188375	0.02688894441753514	0.015699877412188375	0.015699877412188375	0.12052218461464144	0.12052218461464144	0.12052218461464144	0.05377788883507028	0.05377788883507028	0.06577593440985088	0.12052218461464144	0.10755577767014056
UP000002516	0.015021047372645343	0.03163863761722448	0.03163863761722448	0.03163863761722448	0.03163863761722448	0.02859894048773521	0.03163863761722448	0.015021047372645343	0.042176833602825085	0.03163863761722448	0.042176833602825085	0.042176833602825085	0.07000283039879304	0.07000283039879304	0.07000283039879304	0.06327727523444895	0.06327727523444895	0.09187621572218417	0.07000283039879304	0.1265545504688979
UP000001584	0.009952053297925773	0.028629485550711358	0.028629485550711358	0.028629485550711358	0.028629485550711358	0.015254889549947715	0.028629485550711358	0.009952053297925773	0.020557725801969656	0.028629485550711358	0.020557725801969656	0.020557725801969656	0.10746029202174061	0.10746029202174061	0.10746029202174061	0.057258971101422716	0.057258971101422716	0.07251386065137042	0.10746029202174061	0.11451794220284543
UP000001962	0.009095637395208463	0.027778184148698107	0.027778184148698107	0.027778184148698107	0.027778184148698107	0.013523867695751491	0.027778184148698107	0.009095637395208463	0.017952097996294516	0.027778184148698107	0.017952097996294516	0.017952097996294516	0.1141134373625067	0.1141134373625067	0.1141134373625067	0.055556368297396214	0.055556368297396214	0.0690802359931477	0.1141134373625067	0.11111273659479243
UP000000579	0.018561683954862792	0.030092492522403834	0.030092492522403834	0.030092492522403834	0.030092492522403834	0.04844129813994882	0.030092492522403834	0.018561683954862792	0.07832091232503485	0.030092492522403834	0.07832091232503485	0.07832091232503485	0.03738785461920271	0.03738785461920271	0.03738785461920271	0.06018498504480767	0.06018498504480767	0.10862628318475649	0.03738785461920271	0.12036997008961534
UP000002357	0.007351517025138646	0.02570994767931823	0.02570994767931823	0.02570994767931823	0.02570994767931823	0.010295385354025417	0.02570994767931823	0.007351517025138646	0.01323925368291219	0.02570994767931823	0.01323925368291219	0.01323925368291219	0.1284073178309609	0.1284073178309609	0.1284073178309609	0.05141989535863646	0.05141989535863646	0.06171528071266188	0.1284073178309609	0.10283979071727292
UP000002521	0.018602546630525848	0.026166617015000067	0.026166617015000067	0.026166617015000067	0.026166617015000067	0.06435235110764839	0.026166617015000067	0.018602546630525848	0.11010215558477095	0.026166617015000067	0.11010215558477095	0.11010215558477095	0.021279466382334376	0.021279466382334376	0.021279466382334376	0.052333234030000134	0.052333234030000134	0.11668558513764854	0.021279466382334376	0.10466646806000027
UP000069205	0.010820895731396468	0.029391892459603924	0.029391892459603924	0.029391892459603924	0.029391892459603924	0.01712598458276134	0.029391892459603924	0.010820895731396468	0.02343107343412621	0.029391892459603924	0.02343107343412621	0.02343107343412621	0.10088568492891077	0.10088568492891077	0.10088568492891077	0.05878378491920785	0.05878378491920785	0.07590976950196919	0.10088568492891077	0.1175675698384157
UP000000558	0.015331675711002007	0.031695469711940545	0.031695469711940545	0.031695469711940545	0.031695469711940545	0.029696332226101563	0.031695469711940545	0.015331675711002007	0.04406098874120112	0.031695469711940545	0.04406098874120112	0.04406098874120112	0.06765837562778518	0.06765837562778518	0.06765837562778518	0.06339093942388109	0.06339093942388109	0.09308727164998266	0.06765837562778518	0.12678187884776218
UP000035170	0.010088517656850102	0.028755869805748516	0.028755869805748516	0.028755869805748516	0.028755869805748516	0.015540720395661263	0.028755869805748516	0.010088517656850102	0.020992923134472423	0.028755869805748516	0.020992923134472423	0.020992923134472423	0.10641720939989593	0.10641720939989593	0.10641720939989593	0.05751173961149703	0.05751173961149703	0.07305246000715829	0.10641720939989593	0.11502347922299407
UP000001010	0.00988728175349256	0.02856862101860495	0.02856862101860495	0.02856862101860495	0.02856862101860495	0.015120222448248403	0.02856862101860495	0.00988728175349256	0.02035316314300425	0.02856862101860495	0.02035316314300425	0.02035316314300425	0.10795689146745654	0.10795689146745654	0.10795689146745654	0.0571372420372099	0.0571372420372099	0.0722574644854583	0.10795689146745654	0.1142744840744198
UP000001423	0.014633507452947931	0.0315423107762274	0.0315423107762274	0.0315423107762274	0.0315423107762274	0.027297889212043958	0.0315423107762274	0.014633507452947931	0.03996227097113998	0.0315423107762274	0.03996227097113998	0.03996227097113998	0.07289335533423946	0.07289335533423946	0.07289335533423946	0.0630846215524548	0.0630846215524548	0.09038251076449876	0.07289335533423946	0.1261692431049096
UP000000818	0.01881663019062778	0.02741524892246668	0.02741524892246668	0.02741524892246668	0.02741524892246668	0.05999365905688201	0.02741524892246668	0.01881663019062778	0.10117068792313623	0.02741524892246668	0.10117068792313623	0.10117068792313623	0.025055843744026245	0.025055843744026245	0.025055843744026245	0.05483049784493336	0.05483049784493336	0.11482415690181537	0.025055843744026245	0.10966099568986672
UP000001203	0.017977779202945493	0.030998193720406922	0.030998193720406922	0.030998193720406922	0.030998193720406922	0.042800379484712346	0.030998193720406922	0.017977779202945493	0.0676229797664792	0.030998193720406922	0.0676229797664792	0.0676229797664792	0.04490091094968397	0.04490091094968397	0.04490091094968397	0.061996387440813844	0.061996387440813844	0.1047967669255262	0.04490091094968397	0.12399277488162769
UP000000429	0.01823580004451271	0.030691103288897535	0.030691103288897535	0.030691103288897535	0.030691103288897535	0.04493482107504196	0.030691103288897535	0.01823580004451271	0.0716338421055712	0.030691103288897535	0.0716338421055712	0.0716338421055712	0.04192489470545411	0.04192489470545411	0.04192489470545411	0.06138220657779507	0.06138220657779507	0.10631702765283702	0.04192489470545411	0.12276441315559014
UP000000640	0.007691869571702364	0.026151609086406236	0.026151609086406236	0.026151609086406236	0.026151609086406236	0.010896944998739333	0.026151609086406236	0.007691869571702364	0.014102020425776301	0.026151609086406236	0.014102020425776301	0.014102020425776301	0.125522641049822	0.125522641049822	0.125522641049822	0.05230321817281247	0.05230321817281247	0.0632001631715518	0.125522641049822	0.10460643634562494
UP000001170	0.018188411136958543	0.030755402070920902	0.030755402070920902	0.030755402070920902	0.030755402070920902	0.04451279550434115	0.030755402070920902	0.018188411136958543	0.07083717987172376	0.030755402070920902	0.07083717987172376	0.07083717987172376	0.04249990349187377	0.04249990349187377	0.04249990349187377	0.061510804141841804	0.061510804141841804	0.10602359964618294	0.04249990349187377	0.12302160828368361
UP000006552	0.01012347809294707	0.028787846004234417	0.028787846004234417	0.028787846004234417	0.028787846004234417	0.015614411897161312	0.028787846004234417	0.01012347809294707	0.021105345701375552	0.028787846004234417	0.021105345701375552	0.021105345701375552	0.10615066171197647	0.10615066171197647	0.10615066171197647	0.057575692008468835	0.057575692008468835	0.07319010390563015	0.10615066171197647	0.11515138401693767
UP000001409	0.010707159338784904	0.029297750127949183	0.029297750127949183	0.029297750127949183	0.029297750127949183	0.01687389510346807	0.029297750127949183	0.010707159338784904	0.023040630868151238	0.029297750127949183	0.023040630868151238	0.023040630868151238	0.10173799911596336	0.10173799911596336	0.10173799911596336	0.05859550025589837	0.05859550025589837	0.07546939535936643	0.10173799911596336	0.11719100051179673
UP000001937	0.008134098162578594	0.026696850825664264	0.026696850825664264	0.026696850825664264	0.026696850825664264	0.011698416134128087	0.026696850825664264	0.008134098162578594	0.015262734105677578	0.026696850825664264	0.015262734105677578	0.015262734105677578	0.12184928896973139	0.12184928896973139	0.12184928896973139	0.05339370165132853	0.05339370165132853	0.06509211778545662	0.12184928896973139	0.10678740330265706
UP000198251	0.011897162090048487	0.03019934964375643	0.03019934964375643	0.03019934964375643	0.03019934964375643	0.019630798595604404	0.03019934964375643	0.011897162090048487	0.02736443510116032	0.03019934964375643	0.02736443510116032	0.02736443510116032	0.09291529475627759	0.09291529475627759	0.09291529475627759	0.06039869928751286	0.06039869928751286	0.08002949788311728	0.09291529475627759	0.12079739857502572
UP000183015	0.005976583031154373	0.02370831280732021	0.02370831280732021	0.02370831280732021	0.02370831280732021	0.007991025230487624	0.02370831280732021	0.005976583031154373	0.010005467429820876	0.02370831280732021	0.010005467429820876	0.010005467429820876	0.14067884406753253	0.14067884406753253	0.14067884406753253	0.04741662561464042	0.04741662561464042	0.05540765084512804	0.14067884406753253	0.09483325122928084
UP000008080	0.01606451467081572	0.03174742862052657	0.03174742862052657	0.03174742862052657	0.03174742862052657	0.03251991527024397	0.03174742862052657	0.01606451467081572	0.04897531586967223	0.03174742862052657	0.04897531586967223	0.04897531586967223	0.06198658364510972	0.06198658364510972	0.06198658364510972	0.06349485724105314	0.06349485724105314	0.0960147725112971	0.06198658364510972	0.12698971448210628
UP000006647	0.01865206377422253	0.026394486242216072	0.026394486242216072	0.026394486242216072	0.026394486242216072	0.06358625387762346	0.026394486242216072	0.01865206377422253	0.10852044398102438	0.026394486242216072	0.10852044398102438	0.10852044398102438	0.02191256321944442	0.02191256321944442	0.02191256321944442	0.052788972484432144	0.052788972484432144	0.1163752263620556	0.02191256321944442	0.10557794496886429
UP000000809	0.01814595063528544	0.030809659268687208	0.030809659268687208	0.030809659268687208	0.030809659268687208	0.04414745888143378	0.030809659268687208	0.01814595063528544	0.07014896712758213	0.030809659268687208	0.07014896712758213	0.07014896712758213	0.043002932821205	0.043002932821205	0.043002932821205	0.061619318537374415	0.061619318537374415	0.1057667774188082	0.043002932821205	0.12323863707474883
UP000001572	0.018559244521299142	0.030098470419773656	0.030098470419773656	0.030098470419773656	0.030098470419773656	0.04840921541465931	0.030098470419773656	0.018559244521299142	0.07825918630801948	0.030098470419773656	0.07825918630801948	0.07825918630801948	0.037427498621911526	0.037427498621911526	0.037427498621911526	0.06019694083954731	0.06019694083954731	0.10860615625420662	0.037427498621911526	0.12039388167909462
UP000002207	0.011379565384628733	0.02982983632550732	0.02982983632550732	0.02982983632550732	0.02982983632550732	0.018398134854854305	0.02982983632550732	0.011379565384628733	0.02541670432507988	0.02982983632550732	0.02541670432507988	0.02541670432507988	0.09672927633441926	0.09672927633441926	0.09672927633441926	0.05965967265101464	0.05965967265101464	0.07805780750586895	0.09672927633441926	0.11931934530202928
UP000194841	0.018257351975067566	0.03066044434943412	0.03066044434943412	0.03066044434943412	0.03066044434943412	0.04513217408236703	0.03066044434943412	0.018257351975067566	0.07200699618966648	0.03066044434943412	0.07200699618966648	0.07200699618966648	0.04165821243129636	0.04165821243129636	0.04165821243129636	0.06132088869886824	0.06132088869886824	0.10645306278123527	0.04165821243129636	0.12264177739773648
UP000001410	0.015370110687164288	0.0317011607570819	0.0317011607570819	0.0317011607570819	0.0317011607570819	0.029835824865020188	0.0317011607570819	0.015370110687164288	0.04430153904287609	0.0317011607570819	0.04430153904287609	0.04430153904287609	0.06736623491342308	0.06736623491342308	0.06736623491342308	0.0634023215141638	0.0634023215141638	0.093238146379184	0.06736623491342308	0.1268046430283276
UP000006637	0.007742432504149157	0.02621555986229758	0.02621555986229758	0.02621555986229758	0.02621555986229758	0.010987430490635932	0.02621555986229758	0.007742432504149157	0.014232428477122708	0.02621555986229758	0.014232428477122708	0.014232428477122708	0.1250985076955751	0.1250985076955751	0.1250985076955751	0.05243111972459516	0.05243111972459516	0.06341855021523109	0.1250985076955751	0.10486223944919032
UP000000625	0.015633498788759557	0.03173173880346939	0.03173173880346939	0.03173173880346939	0.03173173880346939	0.030815672998786195	0.03173173880346939	0.015633498788759557	0.045997847208812837	0.03173173880346939	0.045997847208812837	0.045997847208812837	0.06535007348573994	0.06535007348573994	0.06535007348573994	0.06346347760693878	0.06346347760693878	0.09427915060572498	0.06535007348573994	0.12692695521387756
UP000001806	0.018376266001327187	0.02529516571934926	0.02529516571934926	0.02529516571934926	0.02529516571934926	0.06718274765504151	0.02529516571934926	0.018376266001327187	0.11598922930875584	0.02529516571934926	0.11598922930875584	0.11598922930875584	0.019047908312851705	0.019047908312851705	0.019047908312851705	0.05059033143869852	0.05059033143869852	0.11777307909374003	0.019047908312851705	0.10118066287739703
UP000002361	0.00953441214595222	0.028227014066409116	0.028227014066409116	0.028227014066409116	0.028227014066409116	0.014397566850455724	0.028227014066409116	0.00953441214595222	0.019260721554959233	0.028227014066409116	0.019260721554959233	0.019260721554959233	0.11068041306994013	0.11068041306994013	0.11068041306994013	0.05645402813281823	0.05645402813281823	0.07085159498327395	0.11068041306994013	0.11290805626563646
UP000000588	0.01582778469521453	0.03174436986277516	0.03174436986277516	0.03174436986277516	0.03174436986277516	0.03156726434620437	0.03174436986277516	0.01582778469521453	0.04730674399719421	0.03174436986277516	0.04730674399719421	0.04730674399719421	0.06384493803029426	0.06384493803029426	0.06384493803029426	0.06348873972555032	0.06348873972555032	0.09505600407175469	0.06384493803029426	0.12697747945110063
UP000002480	0.018739144501948225	0.026858688609673345	0.026858688609673345	0.026858688609673345	0.026858688609673345	0.061987328390844004	0.026858688609673345	0.018739144501948225	0.10523551227973979	0.026858688609673345	0.10523551227973979	0.10523551227973979	0.023275374905105645	0.023275374905105645	0.023275374905105645	0.05371737721934669	0.05371737721934669	0.1157047056101907	0.023275374905105645	0.10743475443869338
UP000001983	0.011584829495969133	0.029980549094880134	0.029980549094880134	0.029980549094880134	0.029980549094880134	0.018880454640126113	0.029980549094880134	0.011584829495969133	0.026176079784283095	0.029980549094880134	0.026176079784283095	0.026176079784283095	0.09521310171421951	0.09521310171421951	0.09521310171421951	0.05996109818976027	0.05996109818976027	0.07884155282988638	0.09521310171421951	0.11992219637952053
UP000001116	0.007074645600845081	0.02533582628350533	0.02533582628350533	0.02533582628350533	0.02533582628350533	0.00981546566321278	0.02533582628350533	0.007074645600845081	0.012556285725580478	0.02533582628350533	0.012556285725580478	0.012556285725580478	0.1307944249397644	0.1307944249397644	0.1307944249397644	0.05067165256701066	0.05067165256701066	0.06048711823022344	0.1307944249397644	0.10134330513402132
UP000002145	0.018062518046953385	0.03090805368461902	0.03090805368461902	0.03090805368461902	0.03090805368461902	0.0434608017308096	0.03090805368461902	0.018062518046953385	0.0688590854146658	0.03090805368461902	0.0688590854146658	0.0688590854146658	0.0439618113116431	0.0439618113116431	0.0439618113116431	0.06181610736923804	0.06181610736923804	0.10527690910004764	0.0439618113116431	0.12363221473847608
UP000000423	0.018401500963244208	0.0253828045993052	0.0253828045993052	0.0253828045993052	0.0253828045993052	0.06690465386311317	0.0253828045993052	0.018401500963244208	0.11540780676298214	0.0253828045993052	0.11540780676298214	0.11540780676298214	0.019259849117363913	0.019259849117363913	0.019259849117363913	0.0507656091986104	0.0507656091986104	0.11767026306172357	0.019259849117363913	0.1015312183972208
UP000009072	0.018372659936313943	0.025282789060311315	0.025282789060311315	0.025282789060311315	0.025282789060311315	0.06722191109765353	0.025282789060311315	0.018372659936313943	0.11607116225899312	0.025282789060311315	0.11607116225899312	0.11607116225899312	0.019018186547526177	0.019018186547526177	0.019018186547526177	0.05056557812062263	0.05056557812062263	0.11778748921827617	0.019018186547526177	0.10113115624124526
UP000000774	0.018259559526566233	0.03065725120103979	0.03065725120103979	0.03065725120103979	0.03065725120103979	0.045152591137499046	0.03065725120103979	0.018259559526566233	0.07204562274843183	0.03065725120103979	0.07204562274843183	0.07204562274843183	0.04163070280248434	0.04163070280248434	0.04163070280248434	0.06131450240207958	0.06131450240207958	0.1064670935395786	0.04163070280248434	0.12262900480415916
UP000001422	0.01138881169211969	0.029836743126971585	0.029836743126971585	0.029836743126971585	0.029836743126971585	0.018419682996938344	0.029836743126971585	0.01138881169211969	0.025450554301757	0.029836743126971585	0.025450554301757	0.025450554301757	0.09666086442126687	0.09666086442126687	0.09666086442126687	0.05967348625394317	0.05967348625394317	0.07809316925088151	0.09666086442126687	0.11934697250788634
UP000006697	0.01414814162413483	0.03138515474608025	0.03138515474608025	0.03138515474608025	0.03138515474608025	0.02576093729821417	0.03138515474608025	0.01414814162413483	0.03737373297229351	0.03138515474608025	0.03737373297229351	0.03737373297229351	0.07647454182528436	0.07647454182528436	0.07647454182528436	0.0627703094921605	0.0627703094921605	0.08853124679037466	0.07647454182528436	0.125540618984321
UP000001006	0.01551397849912961	0.031719718331901244	0.031719718331901244	0.031719718331901244	0.031719718331901244	0.030365724322220015	0.031719718331901244	0.01551397849912961	0.04521747014531042	0.031719718331901244	0.04521747014531042	0.04521747014531042	0.06626817265273739	0.06626817265273739	0.06626817265273739	0.06343943666380249	0.06343943666380249	0.09380516098602248	0.06626817265273739	0.12687887332760497
UP000028341	0.00850719603146769	0.027132880093678858	0.027132880093678858	0.027132880093678858	0.027132880093678858	0.012392818920597046	0.027132880093678858	0.00850719603146769	0.01627844180972641	0.027132880093678858	0.01627844180972641	0.01627844180972641	0.11880964079195741	0.11880964079195741	0.11880964079195741	0.054265760187357716	0.054265760187357716	0.06665857910795475	0.11880964079195741	0.10853152037471543
UP000005954	0.011030871972800083	0.02956125825929068	0.02956125825929068	0.02956125825929068	0.02956125825929068	0.017597391126748647	0.02956125825929068	0.011030871972800083	0.024163910280697212	0.02956125825929068	0.024163910280697212	0.024163910280697212	0.09931790270254001	0.09931790270254001	0.09931790270254001	0.05912251651858136	0.05912251651858136	0.07671990764533002	0.09931790270254001	0.11824503303716272
UP000001822	0.018258458588740603	0.030658844917944777	0.030658844917944777	0.030658844917944777	0.030658844917944777	0.045142404071280305	0.030658844917944777	0.018258458588740603	0.07202634955382001	0.030658844917944777	0.07202634955382001	0.07202634955382001	0.04164442683284544	0.04164442683284544	0.04164442683284544	0.061317689835889554	0.061317689835889554	0.10646009390716987	0.04164442683284544	0.12263537967177911
UP000008320	0.01885264220136403	0.027828382239698465	0.027828382239698465	0.027828382239698465	0.027828382239698465	0.0584507273124169	0.027828382239698465	0.01885264220136403	0.09804881242346976	0.027828382239698465	0.09804881242346976	0.09804881242346976	0.026498176966713378	0.026498176966713378	0.026498176966713378	0.05565676447939693	0.05565676447939693	0.11410749179181383	0.026498176966713378	0.11131352895879386
UP000061018	0.007846657696456132	0.026346054133873708	0.026346054133873708	0.026346054133873708	0.026346054133873708	0.0111748763880033	0.026346054133873708	0.007846657696456132	0.014503095079550467	0.026346054133873708	0.014503095079550467	0.014503095079550467	0.1242276951126126	0.1242276951126126	0.1242276951126126	0.052692108267747416	0.052692108267747416	0.06386698465575072	0.1242276951126126	0.10538421653549483
UP000001025	0.013716413324371205	0.03121381857022331	0.03121381857022331	0.03121381857022331	0.03121381857022331	0.02446886443592033	0.03121381857022331	0.013716413324371205	0.03522131554746946	0.03121381857022331	0.03522131554746946	0.03522131554746946	0.07963610017835891	0.07963610017835891	0.07963610017835891	0.06242763714044662	0.06242763714044662	0.08689650157636696	0.07963610017835891	0.12485527428089324
UP000007065	0.018850059324362428	0.02778881873673788	0.02778881873673788	0.02778881873673788	0.02778881873673788	0.05860107175680873	0.02778881873673788	0.018850059324362428	0.09835208418925503	0.02778881873673788	0.09835208418925503	0.09835208418925503	0.02635509637052164	0.02635509637052164	0.02635509637052164	0.05557763747347576	0.05557763747347576	0.11417870923028449	0.02635509637052164	0.11115527494695152
UP000002484	0.006089772520116701	0.023887508946180285	0.023887508946180285	0.023887508946180285	0.023887508946180285	0.008173482968399301	0.023887508946180285	0.006089772520116701	0.010257193416681904	0.023887508946180285	0.010257193416681904	0.010257193416681904	0.1396254414085094	0.1396254414085094	0.1396254414085094	0.04777501789236057	0.04777501789236057	0.055948500860759864	0.1396254414085094	0.09555003578472114
UP000002709	0.012874205901567471	0.030800676620089795	0.030800676620089795	0.030800676620089795	0.030800676620089795	0.022120040187548838	0.030800676620089795	0.012874205901567471	0.03136587447353021	0.030800676620089795	0.03136587447353021	0.03136587447353021	0.085775764619935	0.085775764619935	0.085775764619935	0.06160135324017959	0.06160135324017959	0.08372139342772844	0.085775764619935	0.12320270648035918
UP000001652	0.01677950262426377	0.03166004972544975	0.03166004972544975	0.03166004972544975	0.03166004972544975	0.035700292727151514	0.03166004972544975	0.01677950262426377	0.05462108283003926	0.03166004972544975	0.05462108283003926	0.05462108283003926	0.056154091299963876	0.056154091299963876	0.056154091299963876	0.0633200994508995	0.0633200994508995	0.09902039217805104	0.056154091299963876	0.126640198901799
UP000006821	0.010808782143944469	0.02938194621662336	0.02938194621662336	0.02938194621662336	0.02938194621662336	0.017099028166543774	0.02938194621662336	0.010808782143944469	0.02338927418914308	0.02938194621662336	0.02338927418914308	0.02338927418914308	0.1009763543364051	0.1009763543364051	0.1009763543364051	0.05876389243324672	0.05876389243324672	0.0758629205997905	0.1009763543364051	0.11752778486649344
UP000002171	0.01576648354394507	0.03174133471181893	0.03174133471181893	0.03174133471181893	0.03174133471181893	0.031327317302534345	0.03174133471181893	0.01576648354394507	0.046888151061123616	0.03174133471181893	0.046888151061123616	0.046888151061123616	0.06432164743364187	0.06432164743364187	0.06432164743364187	0.06348266942363787	0.06348266942363787	0.0948099867261722	0.06432164743364187	0.12696533884727573
UP000009134	0.009997479801891565	0.028671834434409873	0.028671834434409873	0.028671834434409873	0.028671834434409873	0.015349718439107124	0.028671834434409873	0.009997479801891565	0.020701957076322684	0.028671834434409873	0.020701957076322684	0.020701957076322684	0.10711259533461916	0.10711259533461916	0.10711259533461916	0.057343668868819746	0.057343668868819746	0.07269338730792686	0.10711259533461916	0.11468733773763949
UP000007073	0.012378493994752063	0.030511492691377047	0.030511492691377047	0.030511492691377047	0.030511492691377047	0.020828674582182006	0.030511492691377047	0.012378493994752063	0.02927885516961195	0.030511492691377047	0.02927885516961195	0.02927885516961195	0.08939130356881582	0.08939130356881582	0.08939130356881582	0.061022985382754094	0.061022985382754094	0.08185165996493611	0.08939130356881582	0.12204597076550819
UP000000245	0.008849561373513525	0.027514494142463777	0.027514494142463777	0.027514494142463777	0.027514494142463777	0.013045383425112972	0.027514494142463777	0.008849561373513525	0.01724120547671242	0.027514494142463777	0.01724120547671242	0.01724120547671242	0.1160636469232973	0.1160636469232973	0.1160636469232973	0.055028988284927555	0.055028988284927555	0.06807437171004053	0.1160636469232973	0.11005797656985511
