Proteome_ID	M	W	C	D	E	F	H	K	N	Q	Y	I	A	G	P	T	V	L	R	S
UP000000242	0.016925487597800083	0.01469536367973974	0.03162085127753982	0.03162085127753982	0.03162085127753982	0.0364195359702292	0.03162085127753982	0.0364195359702292	0.0364195359702292	0.03162085127753982	0.0728390719404584	0.055913584342658314	0.054908894848832386	0.054908894848832386	0.054908894848832386	0.06324170255507965	0.06324170255507965	0.09966123852530885	0.08652974612637221	0.09486255383261946
UP000000254	0.01878377291362755	0.010526271182105647	0.029310044095733196	0.029310044095733196	0.029310044095733196	0.052302776819828325	0.029310044095733196	0.052302776819828325	0.052302776819828325	0.029310044095733196	0.10460555363965665	0.0858217807260291	0.03285021320581747	0.03285021320581747	0.03285021320581747	0.05862008819146639	0.05862008819146639	0.11092286501129471	0.06216025730155067	0.08793013228719958
UP000000262	0.01363884704086639	0.01754119531094767	0.031180042351814055	0.031180042351814055	0.031180042351814055	0.024243492009847135	0.031180042351814055	0.024243492009847135	0.024243492009847135	0.031180042351814055	0.04848698401969427	0.03484813697882788	0.08020255833326614	0.08020255833326614	0.08020255833326614	0.06236008470362811	0.06236008470362811	0.08660357671347524	0.11138260068508019	0.09354012705544215
UP000000346	0.013250506893935043	0.017747227134850437	0.03099773402878548	0.03099773402878548	0.03099773402878548	0.023143654235326733	0.03099773402878548	0.023143654235326733	0.023143654235326733	0.03099773402878548	0.04628730847065347	0.03303680157671843	0.08303438213768838	0.08303438213768838	0.08303438213768838	0.06199546805757096	0.06199546805757096	0.08513912229289769	0.11403211616647385	0.09299320208635643
UP000000365	0.015594649784233425	0.016133527958169448	0.03172817774240287	0.03172817774240287	0.03172817774240287	0.03066842053812159	0.03172817774240287	0.03066842053812159	0.03066842053812159	0.03172817774240287	0.06133684107624318	0.04574219129200975	0.06564911040020369	0.06564911040020369	0.06564911040020369	0.06345635548480574	0.06345635548480574	0.09412477602292733	0.09737728814260656	0.09518453322720863
UP000000391	0.018690224402557624	0.011026845362351115	0.02971706976490874	0.02971706976490874	0.02971706976490874	0.05036968273709243	0.02971706976490874	0.05036968273709243	0.05036968273709243	0.02971706976490874	0.10073936547418486	0.08204914107162722	0.0350649115668196	0.0350649115668196	0.0350649115668196	0.05943413952981748	0.05943413952981748	0.10980382226690989	0.06478198133172833	0.08915120929472621
UP000000536	0.015067362319648872	0.016580940063826065	0.03164830238347494	0.03164830238347494	0.03164830238347494	0.028759312619069253	0.03164830238347494	0.028759312619069253	0.028759312619069253	0.03164830238347494	0.057518625238138506	0.042451262918489635	0.06965500580787393	0.06965500580787393	0.06965500580787393	0.06329660476694988	0.06329660476694988	0.09205591738601912	0.10130330819134886	0.09494490715042482
UP000000554	0.009352470294860237	0.0186917092928189	0.028044179587679137	0.028044179587679137	0.028044179587679137	0.01403201560802469	0.028044179587679137	0.01403201560802469	0.01403201560802469	0.028044179587679137	0.02806403121604938	0.018711560921189144	0.11209736800694917	0.11209736800694917	0.11209736800694917	0.056088359175358274	0.056088359175358274	0.07012037478338297	0.1401415475946283	0.0841325387630374
UP000000578	0.018801430976673465	0.008484386731703413	0.02728581770837688	0.02728581770837688	0.02728581770837688	0.060465468455036434	0.02728581770837688	0.060465468455036434	0.060465468455036434	0.02728581770837688	0.12093093691007287	0.1021295059333994	0.024626150000587956	0.024626150000587956	0.024626150000587956	0.05457163541675376	0.05457163541675376	0.11503710387179018	0.051911967708964835	0.08185745312513064
UP000000590	0.018865919424792807	0.009601144546862	0.028467063971654806	0.028467063971654806	0.028467063971654806	0.05593680342258688	0.028467063971654806	0.05593680342258688	0.05593680342258688	0.028467063971654806	0.11187360684517376	0.09300768742038097	0.02897461712440521	0.02897461712440521	0.02897461712440521	0.05693412794330961	0.05693412794330961	0.1128709313658965	0.057441681096060015	0.08540119191496442
UP000000641	0.0130509041146088	0.01784475926016591	0.030895663374774708	0.030895663374774708	0.030895663374774708	0.02259578481181857	0.030895663374774708	0.02259578481181857	0.02259578481181857	0.030895663374774708	0.04519156962363714	0.032140665509028346	0.08448850290591622	0.08448850290591622	0.08448850290591622	0.061791326749549416	0.061791326749549416	0.08438711156136801	0.11538416628069091	0.09268699012432413
UP000000663	0.013801892313127328	0.017448108462876883	0.031250000776004205	0.031250000776004205	0.031250000776004205	0.02471953601235468	0.031250000776004205	0.02471953601235468	0.02471953601235468	0.031250000776004205	0.04943907202470936	0.035637179711582034	0.07901139794955564	0.07901139794955564	0.07901139794955564	0.06250000155200841	0.06250000155200841	0.0872195375643631	0.11026139872555984	0.09375000232801263
UP000000674	0.014263749630516288	0.017162345629702237	0.03142609526021852	0.03142609526021852	0.03142609526021852	0.026118455153399025	0.03142609526021852	0.026118455153399025	0.026118455153399025	0.03142609526021852	0.05223691030679805	0.03797316067628176	0.0756246460599569	0.0756246460599569	0.0756246460599569	0.06285219052043704	0.06285219052043704	0.08897064567383609	0.10705074132017542	0.09427828578065557
UP000000740	0.010119093782661714	0.018664751122459185	0.0287838449051209	0.0287838449051209	0.0287838449051209	0.015605159913974355	0.0287838449051209	0.015605159913974355	0.015605159913974355	0.0287838449051209	0.03121031982794871	0.021091226045286997	0.1061840739972331	0.1061840739972331	0.1061840739972331	0.0575676898102418	0.0575676898102418	0.07317284972421616	0.13496791890235402	0.08635153471536271
UP000000758	0.01336358717341752	0.01768947524137145	0.03105306241478897	0.03105306241478897	0.03105306241478897	0.023459164329028136	0.03105306241478897	0.023459164329028136	0.023459164329028136	0.03105306241478897	0.04691832865805627	0.03355474148463875	0.08221031847614224	0.08221031847614224	0.08221031847614224	0.06210612482957794	0.06210612482957794	0.08556528915860608	0.11326338089093121	0.0931591872443669
UP000000792	0.018855782488076362	0.009846398339231306	0.028702180827307668	0.028702180827307668	0.028702180827307668	0.054964471268323684	0.028702180827307668	0.054964471268323684	0.054964471268323684	0.028702180827307668	0.10992894253664737	0.09107316004857101	0.02997627977614103	0.02997627977614103	0.02997627977614103	0.057404361654615335	0.057404361654615335	0.11236883292293902	0.0586784606034487	0.08610654248192301
UP000000805	0.018828459465936608	0.008700233103520354	0.02752869256945696	0.02752869256945696	0.02752869256945696	0.05957574538830725	0.02752869256945696	0.05957574538830725	0.05957574538830725	0.02752869256945696	0.1191514907766145	0.1003230313106779	0.02544085381204183	0.02544085381204183	0.02544085381204183	0.05505738513891392	0.05505738513891392	0.11463313052722117	0.05296954638149879	0.08258607770837088
UP000001013	0.0181909273936384	0.012561162993100491	0.03075209038673889	0.03075209038673889	0.03075209038673889	0.0445348128779987	0.03075209038673889	0.0445348128779987	0.0445348128779987	0.03075209038673889	0.0890696257559974	0.07087869836235902	0.04246974454545662	0.04246974454545662	0.04246974454545662	0.06150418077347778	0.06150418077347778	0.10603899365147647	0.0732218349321955	0.09225627116021666
UP000001015	0.018867813498839345	0.009394710206310764	0.02826252370515011	0.02826252370515011	0.02826252370515011	0.056760880811107264	0.02826252370515011	0.056760880811107264	0.056760880811107264	0.02826252370515011	0.11352176162221453	0.09465394812337519	0.02814509693189484	0.02814509693189484	0.02814509693189484	0.05652504741030022	0.05652504741030022	0.1132859282214075	0.05640762063704495	0.08478757111545034
UP000001018	0.018698550306502405	0.01098870745639527	0.029687257762897677	0.029687257762897677	0.029687257762897677	0.050516285463453756	0.029687257762897677	0.050516285463453756	0.050516285463453756	0.029687257762897677	0.10103257092690751	0.08233402062040511	0.03489303559812738	0.03489303559812738	0.03489303559812738	0.059374515525795354	0.059374515525795354	0.10989080098924911	0.06458029336102505	0.08906177328869302
UP000001024	0.01686331984690453	0.014775248163664774	0.0316385680105693	0.0316385680105693	0.0316385680105693	0.03610980241755465	0.0316385680105693	0.03610980241755465	0.03610980241755465	0.0316385680105693	0.0722196048351093	0.05535628498820477	0.05544195308433963	0.05544195308433963	0.05544195308433963	0.0632771360211386	0.0632771360211386	0.09938693843869327	0.08708052109490894	0.09491570403170792
UP000001059	0.017770691619836125	0.013413811211836794	0.031184502831672917	0.031184502831672917	0.031184502831672917	0.04131340261077684	0.031184502831672917	0.04131340261077684	0.04131340261077684	0.031184502831672917	0.08262680522155368	0.06485611360171754	0.0470778563567137	0.0470778563567137	0.0470778563567137	0.062369005663345835	0.062369005663345835	0.10368240827412267	0.07826235918838662	0.09355350849501874
UP000001137	0.017650657163366404	0.013623649570262979	0.03127430673362938	0.03127430673362938	0.03127430673362938	0.040518663030070734	0.03127430673362938	0.040518663030070734	0.040518663030070734	0.03127430673362938	0.08103732606014147	0.06338666889677506	0.04827811129618255	0.04827811129618255	0.04827811129618255	0.06254861346725876	0.06254861346725876	0.10306727649732951	0.07955241802981193	0.09382292020088816
UP000001169	0.011481111258099889	0.018423968643785787	0.029905079901885675	0.029905079901885675	0.029905079901885675	0.018635699841560605	0.029905079901885675	0.018635699841560605	0.018635699841560605	0.029905079901885675	0.03727139968312121	0.025790288425021325	0.09597855852386108	0.09597855852386108	0.09597855852386108	0.05981015980377135	0.05981015980377135	0.07844585964533196	0.12588363842574676	0.08971523970565702
UP000001304	0.018790384093962255	0.010482122859081509	0.029272506953043766	0.029272506953043766	0.029272506953043766	0.052474260837758406	0.029272506953043766	0.052474260837758406	0.052474260837758406	0.029272506953043766	0.10494852167551681	0.08615813758155456	0.0326590465357987	0.0326590465357987	0.0326590465357987	0.05854501390608753	0.05854501390608753	0.11101927474384592	0.06193155348884246	0.08781752085913129
UP000001400	0.01843382345202094	0.01193450470436896	0.0303683281563899	0.0303683281563899	0.0303683281563899	0.04690637891013575	0.0303683281563899	0.04690637891013575	0.04690637891013575	0.0303683281563899	0.0938127578202715	0.07537893436825056	0.03932238541717415	0.03932238541717415	0.03932238541717415	0.0607366563127798	0.0607366563127798	0.10764303522291556	0.06969071357356404	0.0911049844691697
UP000001686	0.01604898135413459	0.015698683725934727	0.031747665080069314	0.031747665080069314	0.031747665080069314	0.03245607681525572	0.031747665080069314	0.03245607681525572	0.03245607681525572	0.031747665080069314	0.06491215363051143	0.04886317227637684	0.06210943138774497	0.06210943138774497	0.06210943138774497	0.06349533016013863	0.06349533016013863	0.09595140697539435	0.09385709646781429	0.09524299524020796
UP000001746	0.009605196482403459	0.018691709965771793	0.02829690644817525	0.02829690644817525	0.02829690644817525	0.014541063753751115	0.02829690644817525	0.014541063753751115	0.014541063753751115	0.02829690644817525	0.02908212750750223	0.019476931025098766	0.11013154582039765	0.11013154582039765	0.11013154582039765	0.0565938128963505	0.0565938128963505	0.07113487665010161	0.1384284522685729	0.08489071934452576
UP000001826	0.011808102609900303	0.018330154976252504	0.03013825758615281	0.03013825758615281	0.03013825758615281	0.019414764278968214	0.03013825758615281	0.019414764278968214	0.019414764278968214	0.03013825758615281	0.03882952855793643	0.027021425948036127	0.0935694667499274	0.0935694667499274	0.0935694667499274	0.06027651517230562	0.06027651517230562	0.07969127945127384	0.12370772433608021	0.09041477275845843
UP000001879	0.011546466733785945	0.01840633127202901	0.029952798005814955	0.029952798005814955	0.029952798005814955	0.018789675174624192	0.029952798005814955	0.018789675174624192	0.018789675174624192	0.029952798005814955	0.037579350349248385	0.02603288361546244	0.0954960743109383	0.0954960743109383	0.0954960743109383	0.05990559601162991	0.05990559601162991	0.0786952711862541	0.12544887231675328	0.08985839401744486
UP000001901	0.01799621864497664	0.01298312972988163	0.03097934837485827	0.03097934837485827	0.03097934837485827	0.04294119664765408	0.03097934837485827	0.04294119664765408	0.04294119664765408	0.03097934837485827	0.08588239329530815	0.06788617465033152	0.04469926786650293	0.04469926786650293	0.04469926786650293	0.06195869674971654	0.06195869674971654	0.1048998933973706	0.07567861624136121	0.0929380451245748
UP000001931	0.018612756529474635	0.007599283592328411	0.026212040121803042	0.026212040121803042	0.026212040121803042	0.06420056772462882	0.026212040121803042	0.06420056772462882	0.06420056772462882	0.026212040121803042	0.12840113544925763	0.10978837891978302	0.02140389319589884	0.02140389319589884	0.02140389319589884	0.052424080243606085	0.052424080243606085	0.11662464796823492	0.04761593331770188	0.07863612036540914
UP000001941	0.017077433967406873	0.01449329047724032	0.031570724444647195	0.031570724444647195	0.031570724444647195	0.03719976239028089	0.031570724444647195	0.03719976239028089	0.03719976239028089	0.031570724444647195	0.07439952478056178	0.05732209081315489	0.05358693593270117	0.05358693593270117	0.05358693593270117	0.06314144888929439	0.06314144888929439	0.10034121127957527	0.08515766037734836	0.0947121733339416
UP000001974	0.01876047621770912	0.010669582274322399	0.029430058492031518	0.029430058492031518	0.029430058492031518	0.05174728477930122	0.029430058492031518	0.05174728477930122	0.05174728477930122	0.029430058492031518	0.10349456955860244	0.08473409334089332	0.03347531552769878	0.03347531552769878	0.03347531552769878	0.058860116984063036	0.058860116984063036	0.11060740176336425	0.06290537401973029	0.08829017547609454
UP000001975	0.01631812435342683	0.015416160339068744	0.03173428469249557	0.03173428469249557	0.03173428469249557	0.033590984557084196	0.03173428469249557	0.033590984557084196	0.033590984557084196	0.03173428469249557	0.06718196911416839	0.05086384476074158	0.05996042320420601	0.05996042320420601	0.05996042320420601	0.06346856938499114	0.06346856938499114	0.09705955394207534	0.09169470789670159	0.09520285407748671
UP000002071	0.010773473417322574	0.018579372062957067	0.02935284548027964	0.02935284548027964	0.02935284548027964	0.017020602172829233	0.02935284548027964	0.017020602172829233	0.017020602172829233	0.02935284548027964	0.034041204345658466	0.023267730928335895	0.1012407820875536	0.1012407820875536	0.1012407820875536	0.05870569096055928	0.05870569096055928	0.07572629313338852	0.13059362756783324	0.08805853644083893
UP000002199	0.016262376104819728	0.015476344583441989	0.031738720688261716	0.031738720688261716	0.031738720688261716	0.033350705661500724	0.031738720688261716	0.033350705661500724	0.033350705661500724	0.031738720688261716	0.06670141132300145	0.05043903521818172	0.06040929995015664	0.06040929995015664	0.06040929995015664	0.06347744137652343	0.06347744137652343	0.09682814703802416	0.09214802063841836	0.09521616206478514
UP000002315	0.018819208100927513	0.008619645738795851	0.027438853839723363	0.027438853839723363	0.027438853839723363	0.05990704445503405	0.027438853839723363	0.05990704445503405	0.05990704445503405	0.027438853839723363	0.1198140889100681	0.1009948808091406	0.025135297756270315	0.025135297756270315	0.025135297756270315	0.054877707679446726	0.054877707679446726	0.11478475213448079	0.052574151595993684	0.08231656151917009
UP000002376	0.016852700094736824	0.01478874010949468	0.03164144020423151	0.03164144020423151	0.03164144020423151	0.03605741248945934	0.03164144020423151	0.03605741248945934	0.03605741248945934	0.03164144020423151	0.07211482497891868	0.055262124884181855	0.05553258922783952	0.05553258922783952	0.05553258922783952	0.06328288040846301	0.06328288040846301	0.09934029289792234	0.08717402943207103	0.09492432061269453
UP000002408	0.014060758971547772	0.017292041932678075	0.03135280090422585	0.03135280090422585	0.03135280090422585	0.025494049708736147	0.03135280090422585	0.025494049708736147	0.025494049708736147	0.03135280090422585	0.050988099417472295	0.03692734044592452	0.07711588670851122	0.07711588670851122	0.07711588670851122	0.0627056018084517	0.0627056018084517	0.08819965151718784	0.10846868761273706	0.09405840271267753
UP000002439	0.015374102665071164	0.016327631698151497	0.03170173436322266	0.03170173436322266	0.03170173436322266	0.029850362120562662	0.03170173436322266	0.029850362120562662	0.029850362120562662	0.03170173436322266	0.059700724241125325	0.04432662157605416	0.06733586397225182	0.06733586397225182	0.06733586397225182	0.06340346872644533	0.06340346872644533	0.093253830847008	0.09903759833547447	0.095105203089668
UP000002457	0.013725364518482682	0.017492294266515385	0.031217658784998065	0.031217658784998065	0.031217658784998065	0.024494999895920876	0.031217658784998065	0.024494999895920876	0.024494999895920876	0.031217658784998065	0.04898999979184175	0.03526463527335907	0.07957070619778664	0.07957070619778664	0.07957070619778664	0.06243531756999613	0.06243531756999613	0.08693031746591702	0.11078836498278472	0.09365297635499421
UP000002487	0.0174689449853084	0.013920672387485648	0.03138961737279405	0.03138961737279405	0.03138961737279405	0.039390590032717665	0.03138961737279405	0.039390590032717665	0.039390590032717665	0.03138961737279405	0.07878118006543533	0.061312235080126926	0.05002758668971555	0.05002758668971555	0.05002758668971555	0.0627792347455881	0.0627792347455881	0.10216982477830575	0.08141720406250959	0.09416885211838215
UP000002518	0.013515847237056674	0.017608816183621107	0.03112466342067778	0.03112466342067778	0.03112466342067778	0.0238900895842152	0.03112466342067778	0.0238900895842152	0.0238900895842152	0.03112466342067778	0.0477801791684304	0.03426433193137373	0.08110012895812263	0.08110012895812263	0.08110012895812263	0.06224932684135556	0.06224932684135556	0.08613941642557077	0.11222479237880041	0.09337399026203334
UP000002593	0.01459197432391804	0.01693843168990621	0.03153040601382425	0.03153040601382425	0.03153040601382425	0.027162542754805778	0.03153040601382425	0.027162542754805778	0.027162542754805778	0.03153040601382425	0.054325085509611556	0.03973311118569351	0.07320128401607098	0.07320128401607098	0.07320128401607098	0.0630608120276485	0.0630608120276485	0.09022335478245427	0.10473169002989523	0.09459121804147275
UP000002613	0.017507317742133176	0.013859828339910726	0.0313671460820439	0.0313671460820439	0.0313671460820439	0.039622034245612274	0.0313671460820439	0.039622034245612274	0.039622034245612274	0.0313671460820439	0.07924406849122455	0.06173675074909138	0.049664176616133156	0.049664176616133156	0.049664176616133156	0.0627342921640878	0.0627342921640878	0.10235632640970006	0.08103132269817706	0.09410143824613171
UP000002654	0.0141062180414677	0.017263564405812226	0.03136978244727993	0.03136978244727993	0.03136978244727993	0.025632539185578312	0.03136978244727993	0.025632539185578312	0.025632539185578312	0.03136978244727993	0.051265078371156625	0.037158860329688924	0.0767823463500906	0.0767823463500906	0.0767823463500906	0.06273956489455985	0.06273956489455985	0.08837210408013817	0.10815212879737053	0.09410934734183976
UP000002698	0.010651872469673208	0.018599503862843633	0.029251376332516843	0.029251376332516843	0.029251376332516843	0.016752163528342072	0.029251376332516843	0.016752163528342072	0.016752163528342072	0.029251376332516843	0.033504327056684144	0.022852454587010938	0.10215313573066676	0.10215313573066676	0.10215313573066676	0.058502752665033686	0.058502752665033686	0.07525491619337575	0.13140451206318357	0.08775412899755052
UP000005223	0.0159189560039413	0.015828252222627983	0.03174720822656928	0.03174720822656928	0.03174720822656928	0.0319291355671113	0.03174720822656928	0.0319291355671113	0.0319291355671113	0.03174720822656928	0.0638582711342226	0.0479393151302813	0.06313263496048563	0.06313263496048563	0.06313263496048563	0.06349441645313857	0.06349441645313857	0.09542355202024987	0.0948798431870549	0.09524162467970783
UP000005877	0.01141742191818267	0.01844062207821536	0.02985804399639803	0.02985804399639803	0.02985804399639803	0.018486463445355147	0.02985804399639803	0.018486463445355147	0.018486463445355147	0.02985804399639803	0.03697292689071029	0.025555504972527624	0.09644925260324326	0.09644925260324326	0.09644925260324326	0.05971608799279606	0.05971608799279606	0.07820255143815122	0.1263072965996413	0.08957413198919412
UP000006565	0.016483340464104445	0.015232342488859893	0.03171568295296434	0.03171568295296434	0.03171568295296434	0.03432042054908086	0.03171568295296434	0.03432042054908086	0.03432042054908086	0.03171568295296434	0.06864084109816172	0.05215750063405729	0.05861726220600705	0.05861726220600705	0.05861726220600705	0.06343136590592868	0.06343136590592868	0.09775178645500955	0.09033294515897138	0.09514704885889302
UP000006622	0.018331004710595344	0.0122171796586029	0.030548184369198244	0.030548184369198244	0.030548184369198244	0.04583536685388686	0.030548184369198244	0.04583536685388686	0.04583536685388686	0.030548184369198244	0.09167073370777372	0.07333972899717839	0.04071927999308214	0.04071927999308214	0.04071927999308214	0.06109636873839649	0.06109636873839649	0.10693173559228335	0.07126746436228037	0.09164455310759473
UP000006663	0.011907875453676562	0.018298753331550042	0.030206628785226605	0.030206628785226605	0.030206628785226605	0.01965690049658977	0.030206628785226605	0.01965690049658977	0.01965690049658977	0.030206628785226605	0.03931380099317954	0.027405925539502978	0.09283665272933317	0.09283665272933317	0.09283665272933317	0.06041325757045321	0.06041325757045321	0.080070158067043	0.12304328151455979	0.09061988635567983
UP000006681	0.01715032885526963	0.014392673246441577	0.0315430021017112	0.0315430021017112	0.0315430021017112	0.037586683853922526	0.0315430021017112	0.037586683853922526	0.037586683853922526	0.0315430021017112	0.07517336770784505	0.05802303885257541	0.052942206099127524	0.052942206099127524	0.052942206099127524	0.0630860042034224	0.0630860042034224	0.10067268805734494	0.08448520820083874	0.09462900630513363
UP000006794	0.009770079651467613	0.018686965071844648	0.02845704472331226	0.02845704472331226	0.02845704472331226	0.014878156646797435	0.02845704472331226	0.014878156646797435	0.014878156646797435	0.02845704472331226	0.02975631329359487	0.019986233642127257	0.10885802772602299	0.10885802772602299	0.10885802772602299	0.05691408944662452	0.05691408944662452	0.07179224609342195	0.13731507244933525	0.08537113416993679
UP000007478	0.018042249998309785	0.012888207454495043	0.03093045745280483	0.03093045745280483	0.03093045745280483	0.04329966350215406	0.03093045745280483	0.04329966350215406	0.04329966350215406	0.03093045745280483	0.08659932700430811	0.06855707700599833	0.04418940568405002	0.04418940568405002	0.04418940568405002	0.06186091490560966	0.06186091490560966	0.10516057840776373	0.07511986313685484	0.09279137235841449
UP000007490	0.018674735725248207	0.011095515203543642	0.02977025092879185	0.02977025092879185	0.02977025092879185	0.05010597150026481	0.02977025092879185	0.05010597150026481	0.05010597150026481	0.02977025092879185	0.10021194300052962	0.08153720727528141	0.03537573721561502	0.03537573721561502	0.03537573721561502	0.0595405018575837	0.0595405018575837	0.10964647335784851	0.06514598814440689	0.08931075278637556
UP000007722	0.018801033404166192	0.00848158974328086	0.027282623147447053	0.027282623147447053	0.027282623147447053	0.06047704789715673	0.027282623147447053	0.06047704789715673	0.06047704789715673	0.027282623147447053	0.12095409579431346	0.10215306239014726	0.02461566996693991	0.02461566996693991	0.02461566996693991	0.05456524629489411	0.05456524629489411	0.11504229419205082	0.051898293114386956	0.08184786944234115
UP000007807	0.015247074333771978	0.01643480677855704	0.03168188111232902	0.03168188111232902	0.03168188111232902	0.02939225284861054	0.03168188111232902	0.02939225284861054	0.02939225284861054	0.03168188111232902	0.05878450569722108	0.043537431363449106	0.06829973843690584	0.06829973843690584	0.06829973843690584	0.06336376222465805	0.06336376222465805	0.09275601507326857	0.09998161954923486	0.09504564333698705
UP000008243	0.009539647741092998	0.01869255961952969	0.028232207360622687	0.028232207360622687	0.028232207360622687	0.014408155900299846	0.028232207360622687	0.014408155900299846	0.014408155900299846	0.028232207360622687	0.02881631180059969	0.019276664059506694	0.11063977069218281	0.11063977069218281	0.11063977069218281	0.05646441472124537	0.05646441472124537	0.07087257062154523	0.1388719780528055	0.08469662208186807
UP000008680	0.018794179819372533	0.010455933393690896	0.02925011321306343	0.02925011321306343	0.02925011321306343	0.05257607013784407	0.02925011321306343	0.05257607013784407	0.05257607013784407	0.02925011321306343	0.10515214027568814	0.08635796045631562	0.032545951826901266	0.032545951826901266	0.032545951826901266	0.05850022642612686	0.05850022642612686	0.11107629656397093	0.06179606503996469	0.08775033963919028
UP000009079	0.018299410917637392	0.012298421952603913	0.030597832870241305	0.030597832870241305	0.030597832870241305	0.04552798066610385	0.030597832870241305	0.04552798066610385	0.04552798066610385	0.030597832870241305	0.0910559613322077	0.0727565504145703	0.0411275599162364	0.0411275599162364	0.0411275599162364	0.06119566574048261	0.06119566574048261	0.10672364640658648	0.07172539278647772	0.09179349861072393
UP000009227	0.018867345959963935	0.009344410614879775	0.02821175657484371	0.02821175657484371	0.02821175657484371	0.05696249805078925	0.02821175657484371	0.05696249805078925	0.05696249805078925	0.02821175657484371	0.1139249961015785	0.09505765014161456	0.027944814089037644	0.027944814089037644	0.027944814089037644	0.05642351314968742	0.05642351314968742	0.11338601120047667	0.05615657066388135	0.08463526972453113
UP000011511	0.010075468943008847	0.01866842407139986	0.02874389301440871	0.02874389301440871	0.02874389301440871	0.015513264550890794	0.02874389301440871	0.015513264550890794	0.015513264550890794	0.02874389301440871	0.031026529101781587	0.020951060158772745	0.10651676607633581	0.10651676607633581	0.10651676607633581	0.05748778602881742	0.05748778602881742	0.0730010505797082	0.13526065909074453	0.08623167904322612
UP000011554	0.010931311918687578	0.0185503582486657	0.029481670167353275	0.029481670167353275	0.029481670167353275	0.017372889955178387	0.029481670167353275	0.017372889955178387	0.017372889955178387	0.029481670167353275	0.034745779910356774	0.0238144679916692	0.100060367399902	0.100060367399902	0.100060367399902	0.05896334033470655	0.05896334033470655	0.07633623028988494	0.12954203756725527	0.08844501050205984
UP000012076	0.012637801512942925	0.01802910167541394	0.030666903188356864	0.030666903188356864	0.030666903188356864	0.021496480661574193	0.030666903188356864	0.021496480661574193	0.021496480661574193	0.030666903188356864	0.042992961323148386	0.03035515981020546	0.08749887630165991	0.08749887630165991	0.08749887630165991	0.06133380637671373	0.06133380637671373	0.08283028703828792	0.11816577949001678	0.09200070956507059
UP000012672	0.013655038099981184	0.017532128314805523	0.031187166414786707	0.031187166414786707	0.031187166414786707	0.024290373534668598	0.031187166414786707	0.024290373534668598	0.024290373534668598	0.031187166414786707	0.048580747069337196	0.03492570896935601	0.08008434679651129	0.08008434679651129	0.08008434679651129	0.062374332829573415	0.062374332829573415	0.086664706364242	0.111271513211298	0.09356149924436012
UP000014070	0.01798463304960391	0.013006603811259307	0.03099123686086322	0.03099123686086322	0.03099123686086322	0.04285254096949533	0.03099123686086322	0.04285254096949533	0.04285254096949533	0.03099123686086322	0.08570508193899067	0.06772044888938676	0.04482612887995744	0.04482612887995744	0.04482612887995744	0.06198247372172644	0.06198247372172644	0.10483501469122176	0.07581736574082065	0.09297371058258966
UP000053352	0.010764302879634906	0.018580957770128137	0.029345260649763047	0.029345260649763047	0.029345260649763047	0.017000268641894817	0.029345260649763047	0.017000268641894817	0.017000268641894817	0.029345260649763047	0.034000537283789635	0.02323623440415473	0.10130949583706694	0.10130949583706694	0.10130949583706694	0.058690521299526094	0.058690521299526094	0.07569078994142091	0.13065475648682998	0.08803578194928914
UP000058290	0.014198373149350536	0.017204832955056773	0.031403206104407305	0.031403206104407305	0.031403206104407305	0.02591565053383956	0.031403206104407305	0.02591565053383956	0.02591565053383956	0.031403206104407305	0.05183130106767912	0.03763292791832859	0.07610546780202924	0.07610546780202924	0.07610546780202924	0.06280641220881461	0.06280641220881461	0.08872206274265416	0.10750867390643655	0.09420961831322193
UP000192315	0.018709236070588376	0.010938376296579408	0.029647612367167786	0.029647612367167786	0.029647612367167786	0.05070991924826133	0.029647612367167786	0.05070991924826133	0.05070991924826133	0.029647612367167786	0.10141983849652265	0.08271060242593428	0.03466702105245326	0.03466702105245326	0.03466702105245326	0.05929522473433557	0.05929522473433557	0.1100051439825969	0.06431463341962106	0.08894283710150337
UP000198397	0.010738862531149966	0.018585299164882316	0.029324161696032285	0.029324161696032285	0.029324161696032285	0.016943937167820035	0.029324161696032285	0.016943937167820035	0.016943937167820035	0.029324161696032285	0.03388787433564007	0.023149011804490107	0.10150019451301828	0.10150019451301828	0.10150019451301828	0.05864832339206457	0.05864832339206457	0.07559226055988459	0.13082435620905056	0.08797248508809685
