Proteome_ID	M	W	C	D	E	F	H	K	N	Q	Y	I	A	G	P	T	V	L	R	S
UP000002036	0.016283504953033625	0.015453640387479088	0.03173714534051271	0.03173714534051271	0.03173714534051271	0.03344143841771445	0.03173714534051271	0.03344143841771445	0.03344143841771445	0.03173714534051271	0.0668828768354289	0.050599371882395265	0.06023941804077864	0.06023941804077864	0.06023941804077864	0.06347429068102542	0.06347429068102542	0.09691572909873986	0.09197656338129136	0.09521143602153813
UP000001300	0.014599818134273327	0.016932858932475675	0.031532677066749004	0.031532677066749004	0.031532677066749004	0.027188046170889466	0.031532677066749004	0.027188046170889466	0.027188046170889466	0.031532677066749004	0.05437609234177893	0.0397762742075056	0.07314315392479336	0.07314315392479336	0.07314315392479336	0.06306535413349801	0.06306535413349801	0.09025340030438748	0.10467583099154236	0.09459803120024701
UP000000267	0.018858610096161382	0.009795012337873242	0.02865362243403462	0.02865362243403462	0.02865362243403462	0.05516761742470758	0.02865362243403462	0.05516761742470758	0.05516761742470758	0.02865362243403462	0.11033523484941515	0.09147662475325377	0.0297649279384867	0.0297649279384867	0.0297649279384867	0.05730724486806924	0.05730724486806924	0.11247486229277683	0.05841855037252133	0.08596086730210388
UP000000314	0.017970340849688272	0.013035339827025254	0.031005680676713526	0.031005680676713526	0.031005680676713526	0.042744006480135474	0.031005680676713526	0.042744006480135474	0.042744006480135474	0.031005680676713526	0.08548801296027095	0.06751767211058268	0.044981849545296985	0.044981849545296985	0.044981849545296985	0.06201136135342705	0.06201136135342705	0.10475536783356253	0.07598753022201052	0.09301704203014058
UP000007796	0.011745020797183547	0.018349337792769874	0.030094358589953425	0.030094358589953425	0.030094358589953425	0.019262758771391435	0.030094358589953425	0.019262758771391435	0.019262758771391435	0.030094358589953425	0.03852551754278287	0.026780496745599326	0.09403330329669936	0.09403330329669936	0.09403330329669936	0.06018871717990685	0.06018871717990685	0.07945147595129827	0.12412766188665278	0.09028307576986026
UP000029964	0.01151012891344383	0.018416206261510134	0.029926335174953963	0.029926335174953963	0.029926335174953963	0.018703959484346225	0.029926335174953963	0.018703959484346225	0.018703959484346225	0.029926335174953963	0.03740791896869245	0.025897790055248615	0.09576427255985269	0.09576427255985269	0.09576427255985269	0.059852670349907926	0.059852670349907926	0.07855662983425415	0.12569060773480664	0.08977900552486189
UP000002037	0.0188670998440168	0.009327068062108928	0.02819416790612573	0.02819416790612573	0.02819416790612573	0.05703208954428619	0.02819416790612573	0.05703208954428619	0.05703208954428619	0.02819416790612573	0.11406417908857237	0.09519707924455556	0.02787592424792891	0.02787592424792891	0.02787592424792891	0.05638833581225146	0.05638833581225146	0.11342042535653765	0.05607009215405463	0.08458250371837718
UP000009058	0.01302811442211808	0.01785554067262712	0.030883655094745204	0.030883655094745204	0.030883655094745204	0.02253394616968331	0.030883655094745204	0.02253394616968331	0.02253394616968331	0.030883655094745204	0.04506789233936662	0.032039777917248546	0.0846545158871821	0.0846545158871821	0.0846545158871821	0.06176731018949041	0.06176731018949041	0.08430125635917371	0.11553817098192731	0.09265096528423561
UP000054166	0.016638899529032695	0.015051334803326823	0.03169023433235952	0.03169023433235952	0.03169023433235952	0.03503281482989034	0.03169023433235952	0.03503281482989034	0.03503281482989034	0.03169023433235952	0.07006562965978068	0.05342673013074799	0.057333157893039416	0.057333157893039416	0.057333157893039416	0.06338046866471904	0.06338046866471904	0.09841328349460937	0.08902339222539894	0.09507070299707855
UP000016922	0.016793065709409697	0.014863690047894533	0.031656755757304235	0.031656755757304235	0.031656755757304235	0.035765948957906836	0.031656755757304235	0.035765948957906836	0.035765948957906836	0.031656755757304235	0.07153189791581367	0.05473883220640398	0.056039345482321805	0.056039345482321805	0.056039345482321805	0.06331351151460847	0.06331351151460847	0.0990794604725153	0.08769610123962603	0.09497026727191268
UP000009082	0.018688670758272307	0.007888816402067832	0.02657748716034014	0.02657748716034014	0.02657748716034014	0.06296228506365177	0.02657748716034014	0.06296228506365177	0.06296228506365177	0.02657748716034014	0.12592457012730354	0.10723589936903125	0.022437648920903903	0.022437648920903903	0.022437648920903903	0.05315497432068028	0.05315497432068028	0.11611725938433205	0.04901513608124405	0.07973246148102041
UP000005206	0.013778459066371084	0.01746173180359459	0.031240190869965673	0.031240190869965673	0.031240190869965673	0.02465057280508872	0.031240190869965673	0.02465057280508872	0.02465057280508872	0.031240190869965673	0.04930114561017744	0.03552268654380636	0.07918270567655267	0.07918270567655267	0.07918270567655267	0.06248038173993135	0.06248038173993135	0.08713095454502007	0.11042289654651834	0.09372057260989702
UP000016927	0.01881741999986289	0.010278465080816314	0.029095885080679205	0.029095885080679205	0.029095885080679205	0.05326763145333387	0.029095885080679205	0.05326763145333387	0.05326763145333387	0.029095885080679205	0.10653526290666775	0.08771784290680486	0.03178555177058116	0.03178555177058116	0.03178555177058116	0.05819177016135841	0.05819177016135841	0.11145940161469227	0.06088143685126035	0.08728765524203759
UP000249829	0.01085302278640896	0.018565155797274382	0.02941817858368334	0.02941817858368334	0.02941817858368334	0.01719760210955178	0.02941817858368334	0.01719760210955178	0.01719760210955178	0.02941817858368334	0.03439520421910356	0.023542181432694605	0.10064533714276529	0.10064533714276529	0.10064533714276529	0.05883635716736668	0.05883635716736668	0.07603395927691847	0.13006351572644864	0.08825453575105005
UP000000559	0.018782641910953555	0.010533650103130862	0.02931629201408442	0.02931629201408442	0.02931629201408442	0.05227413191689668	0.02931629201408442	0.05227413191689668	0.05227413191689668	0.02931629201408442	0.10454826383379336	0.08576562192283979	0.032882228587607386	0.032882228587607386	0.032882228587607386	0.05863258402816884	0.05863258402816884	0.1109067159450655	0.06219852060169181	0.08794887604225324
UP000005221	0.018191701752607214	0.012559367249365813	0.03075106900197303	0.03075106900197303	0.03075106900197303	0.04454159710044196	0.03075106900197303	0.04454159710044196	0.04454159710044196	0.03075106900197303	0.08908319420088393	0.07089149244827671	0.04246045522937584	0.04246045522937584	0.04246045522937584	0.06150213800394606	0.06150213800394606	0.106043735104388	0.07321152423134886	0.09225320700591906
UP000001312	0.01694050181428371	0.014675835002183312	0.03161633681646702	0.03161633681646702	0.03161633681646702	0.03649513715033483	0.03161633681646702	0.03649513715033483	0.03649513715033483	0.03161633681646702	0.07299027430066966	0.056049772486385964	0.05477950388703318	0.05477950388703318	0.05477950388703318	0.06323267363293404	0.06323267363293404	0.09972781078326888	0.08639584070350022	0.09484901044940107
UP000193067	0.008935939299654184	0.01867211196942665	0.027608051269080836	0.027608051269080836	0.027608051269080836	0.013212424535917257	0.027608051269080836	0.013212424535917257	0.013212424535917257	0.027608051269080836	0.026424849071834514	0.01748890977218033	0.11537693067675572	0.11537693067675572	0.11537693067675572	0.05521610253816167	0.05521610253816167	0.06842852707407893	0.14298498194583656	0.0828241538072425
UP000007963	0.013262999474958705	0.017740936323476297	0.031003935798435002	0.031003935798435002	0.031003935798435002	0.023178324791806825	0.031003935798435002	0.023178324791806825	0.023178324791806825	0.031003935798435002	0.04635664958361365	0.03309365010865494	0.08294335709138602	0.08294335709138602	0.08294335709138602	0.062007871596870004	0.062007871596870004	0.08518619638867683	0.11394729288982103	0.09301180739530501
UP000002038	0.015120873671135996	0.01653808487874343	0.03165895854987943	0.03165895854987943	0.03165895854987943	0.02894598233727473	0.03165895854987943	0.02894598233727473	0.02894598233727473	0.03165895854987943	0.05789196467454946	0.04277109100341347	0.06925241954371683	0.06925241954371683	0.06925241954371683	0.06331791709975886	0.06331791709975886	0.09226389943703359	0.10091137809359627	0.09497687564963828
UP000005222	0.017334231628815117	0.014127098520957336	0.031461330149772454	0.031461330149772454	0.031461330149772454	0.03860367954238799	0.031461330149772454	0.03860367954238799	0.03860367954238799	0.031461330149772454	0.07720735908477598	0.05987312745596085	0.051280878223337996	0.051280878223337996	0.051280878223337996	0.06292266029954491	0.06292266029954491	0.10152633984193289	0.08274220837311043	0.09438399044931736
UP000000560	0.014461578573372089	0.017029538323227074	0.03149111689659916	0.03149111689659916	0.03149111689659916	0.02674243145759658	0.03149111689659916	0.02674243145759658	0.02674243145759658	0.03149111689659916	0.05348486291519316	0.03902328434182107	0.0741660641417532	0.0741660641417532	0.0741660641417532	0.06298223379319833	0.06298223379319833	0.08972466525079491	0.10565718103835237	0.09447335068979748
UP000016930	0.013809939086648184	0.017443411240350738	0.03125335032699892	0.03125335032699892	0.03125335032699892	0.02474326026729923	0.03125335032699892	0.02474326026729923	0.02474326026729923	0.03125335032699892	0.04948652053459846	0.03567658144795028	0.07895256292906788	0.07895256292906788	0.07895256292906788	0.06250670065399784	0.06250670065399784	0.08724996092129707	0.11020591325606681	0.09376005098099678
UP000002058	0.015161234579100558	0.016505395129464594	0.03166662970856515	0.03166662970856515	0.03166662970856515	0.029087773880917978	0.03166662970856515	0.029087773880917978	0.029087773880917978	0.03166662970856515	0.058175547761835956	0.0430143131827354	0.06894824204867854	0.06894824204867854	0.06894824204867854	0.0633332594171303	0.0633332594171303	0.09242103329804827	0.10061487175724369	0.09499988912569546
UP000030143	0.014916765795041757	0.01669863548434235	0.03161540127938411	0.03161540127938411	0.03161540127938411	0.028241800765280274	0.03161540127938411	0.028241800765280274	0.028241800765280274	0.03161540127938411	0.05648360153056055	0.041566835735518795	0.07078398480066346	0.07078398480066346	0.07078398480066346	0.06323080255876821	0.06323080255876821	0.0914726033240485	0.10239938608004757	0.09484620383815233
UP000005426	0.01277285571664393	0.017971401741308356	0.030744257457952288	0.030744257457952288	0.030744257457952288	0.02185093685392121	0.030744257457952288	0.02185093685392121	0.02185093685392121	0.030744257457952288	0.04370187370784242	0.03092901799119849	0.08651431038950941	0.08651431038950941	0.08651431038950941	0.061488514915904575	0.061488514915904575	0.0833394517698258	0.11725856784746169	0.09223277237385687
UP000016932	0.014419098417504609	0.017058600717760903	0.03147769913526551	0.03147769913526551	0.03147769913526551	0.02660710859569079	0.03147769913526551	0.02660710859569079	0.02660710859569079	0.03147769913526551	0.05321421719138158	0.038795118773876966	0.07447976087193252	0.07447976087193252	0.07447976087193252	0.06295539827053102	0.06295539827053102	0.08956250686622182	0.10595746000719802	0.09443309740579653
UP000009096	0.015482179456605981	0.01623381564328856	0.03171599509989454	0.03171599509989454	0.03171599509989454	0.03024752396916665	0.03171599509989454	0.03024752396916665	0.03024752396916665	0.03171599509989454	0.0604950479383333	0.045012868481727315	0.06651151652624003	0.06651151652624003	0.06651151652624003	0.06343199019978908	0.06343199019978908	0.09367951416895573	0.09822751162613456	0.09514798529968362
UP000000561	0.01424288309564914	0.01717598122041619	0.03141886431606533	0.03141886431606533	0.03141886431606533	0.026053545687385053	0.03141886431606533	0.026053545687385053	0.026053545687385053	0.03141886431606533	0.052107091374770105	0.037864208279120966	0.07577817213488082	0.07577817213488082	0.07577817213488082	0.06283772863213066	0.06283772863213066	0.08889127431951571	0.10719703645094615	0.09425659294819598
UP000094112	0.018797066891980792	0.008454140401723837	0.02725120729370463	0.02725120729370463	0.02725120729370463	0.060590756960051444	0.02725120729370463	0.060590756960051444	0.060590756960051444	0.02725120729370463	0.12118151392010289	0.1023844470281221	0.024512923628073773	0.024512923628073773	0.024512923628073773	0.05450241458740926	0.05450241458740926	0.11509317154746071	0.0517641309217784	0.08175362188111389
UP000002059	0.015399520213222249	0.01630578871848686	0.03170530893170911	0.03170530893170911	0.03170530893170911	0.029943141922767324	0.03170530893170911	0.029943141922767324	0.029943141922767324	0.03170530893170911	0.05988628384553465	0.044486763632312396	0.06714236048093453	0.06714236048093453	0.06714236048093453	0.06341061786341821	0.06341061786341821	0.09335375978618556	0.09884766941264363	0.09511592679512733
UP000094389	0.01765561636363573	0.013615210036961796	0.03127082640059753	0.03127082640059753	0.03127082640059753	0.04055065715504768	0.03127082640059753	0.04055065715504768	0.04055065715504768	0.03127082640059753	0.08110131431009536	0.06344569794645963	0.04822928417842345	0.04822928417842345	0.04822928417842345	0.06254165280119506	0.06254165280119506	0.10309230995624273	0.07950011057902098	0.09381247920179259
UP000000591	0.014317100084342248	0.017127162278411327	0.03144426236275357	0.03144426236275357	0.03144426236275357	0.026285186302772486	0.03144426236275357	0.026285186302772486	0.026285186302772486	0.03144426236275357	0.05257037260554497	0.038253272521202725	0.07523185296452635	0.07523185296452635	0.07523185296452635	0.06288852472550714	0.06288852472550714	0.08917371102827963	0.10667611532727991	0.09433278708826072
UP000002149	0.015463398440795155	0.016250295808405122	0.03171369424920028	0.03171369424920028	0.03171369424920028	0.030178003895245283	0.03171369424920028	0.030178003895245283	0.030178003895245283	0.03171369424920028	0.060356007790490565	0.04489260934969541	0.06665506482290712	0.06665506482290712	0.06665506482290712	0.06342738849840056	0.06342738849840056	0.09360539239364583	0.09836875907210739	0.09514108274760083
UP000007978	0.015552617717000476	0.01617133023772146	0.031723947954721936	0.031723947954721936	0.031723947954721936	0.030510194755835256	0.031723947954721936	0.030510194755835256	0.030510194755835256	0.031723947954721936	0.06102038951167051	0.045467771794670035	0.06597197309869185	0.06597197309869185	0.06597197309869185	0.06344789590944387	0.06344789590944387	0.09395809066527913	0.09769592105341379	0.09517184386416581
UP000002258	0.01770430177044282	0.013531333048809838	0.031235634819252657	0.031235634819252657	0.031235634819252657	0.040868486706861475	0.031235634819252657	0.040868486706861475	0.040868486706861475	0.031235634819252657	0.08173697341372295	0.06403267164328014	0.04774656275187713	0.04774656275187713	0.04774656275187713	0.062471269638505314	0.062471269638505314	0.1033397563453668	0.0789821975711298	0.09370690445775799
UP000000598	0.01825757473943555	0.012402547841369654	0.030660122580805204	0.030660122580805204	0.030660122580805204	0.045134232635017056	0.030660122580805204	0.045134232635017056	0.045134232635017056	0.030660122580805204	0.09026846527003411	0.07201089053059856	0.04165543809160392	0.04165543809160392	0.04165543809160392	0.06132024516161041	0.06132024516161041	0.10645447779662746	0.07231556067240912	0.09198036774241561
UP000030651	0.014813608469190612	0.016776836478607098	0.03159044494779771	0.03159044494779771	0.03159044494779771	0.027893726175427867	0.03159044494779771	0.027893726175427867	0.027893726175427867	0.03159044494779771	0.055787452350855735	0.040973843881665126	0.07155416997525109	0.07155416997525109	0.07155416997525109	0.06318088989559542	0.06318088989559542	0.0910746160710233	0.1031446149230488	0.09477133484339313
UP000016933	0.013974925571499826	0.01734493190410073	0.03131985747560056	0.03131985747560056	0.03131985747560056	0.025234614903735648	0.03131985747560056	0.025234614903735648	0.025234614903735648	0.03131985747560056	0.050469229807471296	0.03649430423597146	0.07774507168300143	0.07774507168300143	0.07774507168300143	0.06263971495120112	0.06263971495120112	0.08787432985493676	0.10906492915860198	0.09395957242680167
UP000001471	0.01438712617893611	0.01708027638247969	0.031467402561415794	0.031467402561415794	0.031467402561415794	0.026505747391702365	0.031467402561415794	0.026505747391702365	0.026505747391702365	0.031467402561415794	0.05301149478340473	0.03862436860446862	0.07471567651566613	0.07471567651566613	0.07471567651566613	0.06293480512283159	0.06293480512283159	0.08944055251453396	0.10618307907708192	0.0944022076842474
UP000000599	0.01862892289586394	0.01128405612031913	0.02991297901618307	0.02991297901618307	0.02991297901618307	0.04938353493958968	0.02991297901618307	0.04938353493958968	0.04938353493958968	0.02991297901618307	0.09876706987917935	0.08013814698331541	0.03623824478005436	0.03623824478005436	0.03623824478005436	0.05982595803236614	0.05982595803236614	0.10920949297195581	0.06615122379623743	0.08973893704854922
UP000008062	0.013983951418741748	0.017339424028319107	0.031323375447060854	0.031323375447060854	0.031323375447060854	0.025261771083475215	0.031323375447060854	0.025261771083475215	0.025261771083475215	0.031323375447060854	0.05052354216695043	0.036539590748208686	0.07767894389949155	0.07767894389949155	0.07767894389949155	0.06264675089412171	0.06264675089412171	0.08790852197759692	0.10900231934655241	0.09397012634118257
UP000054270	0.016531071836020463	0.015177650750030481	0.031708722586050946	0.031708722586050946	0.031708722586050946	0.034536251988628745	0.031708722586050946	0.034536251988628745	0.034536251988628745	0.031708722586050946	0.06907250397725749	0.05254143214123704	0.05822537363754383	0.05822537363754383	0.05822537363754383	0.06341744517210189	0.06341744517210189	0.09795369716073064	0.08993409622359477	0.09512616775815284
UP000094569	0.015072046603011672	0.016577210544040627	0.0316492571470523	0.0316492571470523	0.0316492571470523	0.028775593903677416	0.0316492571470523	0.028775593903677416	0.028775593903677416	0.0316492571470523	0.05755118780735483	0.042479141204343165	0.06961979525518885	0.06961979525518885	0.06961979525518885	0.0632985142941046	0.0632985142941046	0.09207410819778201	0.10126905240224117	0.09494777144115692
UP000016934	0.014164886850642837	0.01722633013771726	0.031391216988360095	0.031391216988360095	0.031391216988360095	0.02581240654215286	0.031391216988360095	0.02581240654215286	0.02581240654215286	0.031391216988360095	0.05162481308430572	0.037459926233662885	0.07635154067491456	0.07635154067491456	0.07635154067491456	0.06278243397672019	0.06278243397672019	0.08859484051887306	0.10774275766327467	0.0941736509650803
UP000008066	0.013180366657441617	0.017782137538338287	0.030962504195779908	0.030962504195779908	0.030962504195779908	0.022949836995304763	0.030962504195779908	0.022949836995304763	0.022949836995304763	0.030962504195779908	0.04589967399060953	0.03271930733316791	0.08354540089063124	0.08354540089063124	0.08354540089063124	0.061925008391559816	0.061925008391559816	0.08487484538686459	0.11450790508641115	0.09288751258733972
UP000009097	0.015113604515198208	0.016543938828216653	0.03165754334341486	0.03165754334341486	0.03165754334341486	0.02892053669825453	0.03165754334341486	0.02892053669825453	0.02892053669825453	0.03165754334341486	0.05784107339650906	0.04272746888131086	0.06930715435863105	0.06930715435863105	0.06930715435863105	0.06331508668682972	0.06331508668682972	0.09223562338508424	0.1009646977020459	0.09497263003024456
UP000006564	0.014835385152942488	0.016760488993138395	0.031595874146080886	0.031595874146080886	0.031595874146080886	0.027966783212166713	0.031595874146080886	0.027966783212166713	0.027966783212166713	0.031595874146080886	0.05593356642433343	0.041098181271390935	0.07139178327957867	0.07139178327957867	0.07139178327957867	0.06319174829216177	0.06319174829216177	0.09115853150432847	0.10298765742565955	0.09478762243824262
UP000095358	0.01865274250640499	0.011188505577241863	0.029841248083646854	0.029841248083646854	0.029841248083646854	0.04974937114981818	0.029841248083646854	0.04974937114981818	0.04974937114981818	0.029841248083646854	0.09949874229963636	0.08084599979323137	0.03579945099237748	0.03579945099237748	0.03579945099237748	0.05968249616729371	0.05968249616729371	0.10943186731711188	0.06564069907602434	0.08952374425094056
UP000001610	0.013145391506570155	0.017799286554451375	0.03094467806102153	0.03094467806102153	0.03094467806102153	0.022853719833796922	0.03094467806102153	0.022853719833796922	0.022853719833796922	0.03094467806102153	0.045707439667593844	0.03256204816102369	0.08380019596496258	0.08380019596496258	0.08380019596496258	0.06188935612204306	0.06188935612204306	0.08474307595583998	0.11474487402598409	0.09283403418306459
UP000002311	0.018300880221045132	0.012294695297888247	0.030595575518933382	0.030595575518933382	0.030595575518933382	0.04554207723733618	0.030595575518933382	0.04554207723733618	0.04554207723733618	0.030595575518933382	0.09108415447467236	0.07278327425362724	0.04110876350485539	0.04110876350485539	0.04110876350485539	0.061191151037866764	0.061191151037866764	0.10673322827520293	0.07170433902378878	0.09178672655680013
UP000030669	0.011770232821507824	0.018341733264518774	0.0301119660860266	0.0301119660860266	0.0301119660860266	0.019323411066690138	0.0301119660860266	0.019323411066690138	0.019323411066690138	0.0301119660860266	0.038646822133380276	0.02687658931187245	0.09384787172789029	0.09384787172789029	0.09384787172789029	0.0602239321720532	0.0602239321720532	0.07954734323874334	0.12395983781391688	0.09033589825807978
UP000001611	0.012269989435016223	0.018173809490093267	0.030443798925109487	0.030443798925109487	0.030443798925109487	0.0205540336150478	0.030443798925109487	0.0205540336150478	0.0205540336150478	0.030443798925109487	0.0411080672300956	0.028838077795079374	0.09018423442822052	0.09018423442822052	0.09018423442822052	0.06088759785021897	0.06088759785021897	0.08144163146526677	0.12062803335333	0.09133139677532846
UP000016935	0.015817521255421546	0.015926402816003295	0.031743924071424845	0.031743924071424845	0.031743924071424845	0.03152690532388869	0.031743924071424845	0.03152690532388869	0.03152690532388869	0.031743924071424845	0.06305381064777738	0.04723628939235583	0.06392487338037868	0.06392487338037868	0.06392487338037868	0.06348784814284969	0.06348784814284969	0.09501475346673836	0.09566879745180353	0.09523177221427452
UP000008142	0.015911745567862165	0.015835312462398055	0.03174705803026022	0.03174705803026022	0.03174705803026022	0.031900293164733515	0.03174705803026022	0.031900293164733515	0.031900293164733515	0.03174705803026022	0.06380058632946703	0.04788884076160486	0.06318911794145761	0.06318911794145761	0.06318911794145761	0.06349411606052044	0.06349411606052044	0.09539440922525395	0.09493617597171784	0.09524117409078067
UP000009138	0.018172256494667083	0.012604145515099025	0.030776402009766106	0.030776402009766106	0.030776402009766106	0.04437243846752456	0.030776402009766106	0.04437243846752456	0.04437243846752456	0.030776402009766106	0.08874487693504912	0.07057262044038204	0.04269257914955318	0.04269257914955318	0.04269257914955318	0.06155280401953221	0.06155280401953221	0.10592524248705679	0.0734689811593193	0.09232920602929832
UP000006701	0.013792354137067262	0.017453663631464864	0.031246017768532124	0.031246017768532124	0.031246017768532124	0.024691443099646906	0.031246017768532124	0.024691443099646906	0.024691443099646906	0.031246017768532124	0.04938288619929381	0.03559053206222655	0.07908113126084453	0.07908113126084453	0.07908113126084453	0.06249203553706425	0.06249203553706425	0.08718347863671115	0.11032714902937664	0.09373805330559637
UP000054279	0.016116354686790287	0.01562982322454756	0.031746177911337846	0.031746177911337846	0.031746177911337846	0.032734385784064325	0.031746177911337846	0.032734385784064325	0.032734385784064325	0.031746177911337846	0.06546877156812865	0.04935241688133836	0.061575605458217546	0.061575605458217546	0.061575605458217546	0.06349235582267569	0.06349235582267569	0.09622674160674001	0.09332178336955539	0.09523853373401353
UP000054317	0.011880968555404579	0.018307349964000727	0.030188318519405306	0.030188318519405306	0.030188318519405306	0.01959139164187433	0.030188318519405306	0.01959139164187433	0.01959139164187433	0.030188318519405306	0.03918278328374866	0.027301814728344084	0.09303418477748125	0.09303418477748125	0.09303418477748125	0.06037663703881061	0.06037663703881061	0.07996802868068494	0.12322250329688655	0.09056495555821592
UP000217790	0.015150052928686637	0.0165144833135198	0.031664536242206436	0.031664536242206436	0.031664536242206436	0.029048405022699994	0.031664536242206436	0.029048405022699994	0.029048405022699994	0.031664536242206436	0.05809681004539999	0.04294675711671335	0.0690325582179459	0.0690325582179459	0.0690325582179459	0.06332907248441287	0.06332907248441287	0.09237747750711285	0.10069709446015233	0.0949936087266193
UP000002428	0.018044288634547337	0.01288394027647552	0.030928228911022853	0.030928228911022853	0.030928228911022853	0.043315777429116874	0.030928228911022853	0.043315777429116874	0.043315777429116874	0.030928228911022853	0.08663155485823375	0.06858726622368641	0.04416660165631165	0.04416660165631165	0.04416660165631165	0.061856457822045706	0.061856457822045706	0.10517223525116258	0.07509483056733451	0.09278468673306856
UP000009297	0.015452147875211233	0.016260132074760632	0.03171227994997186	0.03171227994997186	0.03171227994997186	0.030136461191953463	0.03171227994997186	0.030136461191953463	0.030136461191953463	0.03171227994997186	0.06027292238390693	0.04482077450869569	0.06674099478500843	0.06674099478500843	0.06674099478500843	0.06342455989994372	0.06342455989994372	0.09356102109189719	0.0984532747349803	0.09513683984991561
UP000001628	0.015310373780778397	0.016381811199943083	0.03169218498072148	0.03169218498072148	0.03169218498072148	0.02961938652950065	0.03169218498072148	0.02961938652950065	0.02961938652950065	0.03169218498072148	0.0592387730590013	0.0439283992782229	0.06782008046330736	0.06782008046330736	0.06782008046330736	0.06338436996144296	0.06338436996144296	0.09300375649094361	0.09951226544402884	0.09507655494216445
UP000016936	0.014033551965618911	0.017308930777707864	0.03134248274332677	0.03134248274332677	0.03134248274332677	0.025411526913982893	0.03134248274332677	0.025411526913982893	0.025411526913982893	0.03134248274332677	0.050823053827965786	0.03678950186234687	0.07731540319013183	0.07731540319013183	0.07731540319013183	0.06268496548665355	0.06268496548665355	0.08809649240063645	0.1086578859334586	0.09402744822998034
UP000009328	0.018833079122279883	0.008744109614044551	0.027577188736324434	0.027577188736324434	0.027577188736324434	0.05939579904248413	0.027577188736324434	0.05939579904248413	0.05939579904248413	0.027577188736324434	0.11879159808496827	0.0999585189626884	0.02560791675030398	0.02560791675030398	0.02560791675030398	0.05515437747264887	0.05515437747264887	0.114550176515133	0.053185105486628415	0.0827315662089733
UP000008177	0.01680466886637672	0.014849213765788535	0.03165388263216525	0.03165388263216525	0.03165388263216525	0.03582230172982112	0.03165388263216525	0.03582230172982112	0.03582230172982112	0.03165388263216525	0.07164460345964224	0.05483993459326552	0.05594103322829091	0.05594103322829091	0.05594103322829091	0.0633077652643305	0.0633077652643305	0.09913006699415162	0.08759491586045616	0.09496164789649576
UP000030671	0.01452467320084178	0.01698581438659652	0.0315104875874383	0.0315104875874383	0.0315104875874383	0.026944809603469875	0.0315104875874383	0.026944809603469875	0.026944809603469875	0.0315104875874383	0.05388961920693975	0.039364946006097974	0.0736995987435175	0.0736995987435175	0.0736995987435175	0.0630209751748766	0.0630209751748766	0.08996578477834648	0.1052100863309558	0.09453146276231492
UP000018087	0.013944020658161792	0.01736369591470887	0.03130771657287066	0.03130771657287066	0.03130771657287066	0.02514185049060751	0.03130771657287066	0.02514185049060751	0.02514185049060751	0.03130771657287066	0.05028370098121502	0.03633968032305323	0.07797143789184278	0.07797143789184278	0.07797143789184278	0.06261543314574132	0.06261543314574132	0.08775728363634884	0.10927915446471345	0.09392314971861199
UP000002485	0.01834588046779465	0.012178088381671637	0.030523968849466284	0.030523968849466284	0.030523968849466284	0.04598333222460391	0.030523968849466284	0.04598333222460391	0.04598333222460391	0.030523968849466284	0.09196666444920781	0.07362078398141317	0.04052393026987568	0.04052393026987568	0.04052393026987568	0.06104793769893257	0.06104793769893257	0.10703126992353647	0.07104789911934198	0.09157190654839885
UP000006702	0.014109222121429276	0.01726167107659945	0.03137089319802872	0.03137089319802872	0.03137089319802872	0.025641717902889043	0.03137089319802872	0.025641717902889043	0.025641717902889043	0.03137089319802872	0.051283435805778085	0.03717421368434881	0.07676029693246433	0.07676029693246433	0.07676029693246433	0.06274178639605744	0.06274178639605744	0.08838350429894648	0.10813119013049306	0.09411267959408617
UP000001631	0.015256522671010566	0.016426947688581724	0.031683470359592285	0.031683470359592285	0.031683470359592285	0.029426013462830067	0.031683470359592285	0.029426013462830067	0.029426013462830067	0.031683470359592285	0.058852026925660134	0.04359550425464957	0.06822822230372336	0.06822822230372336	0.06822822230372336	0.06336694071918457	0.06336694071918457	0.09279295418201465	0.09991169266331565	0.09505041107877688
UP000054321	0.016524122741673024	0.015185658957952042	0.031709781699625066	0.031709781699625066	0.031709781699625066	0.03450468144761534	0.031709781699625066	0.03450468144761534	0.03450468144761534	0.031709781699625066	0.06900936289523069	0.05248524015355767	0.05828254099168729	0.05828254099168729	0.05828254099168729	0.06341956339925013	0.06341956339925013	0.09792424484686547	0.08999232269131235	0.0951293450988752
UP000008181	0.009993873392279556	0.018674609114299197	0.02866848250657875	0.02866848250657875	0.02866848250657875	0.015342178396663119	0.02866848250657875	0.015342178396663119	0.015342178396663119	0.02866848250657875	0.030684356793326237	0.020690483401046685	0.1071401815284287	0.1071401815284287	0.1071401815284287	0.0573369650131575	0.0573369650131575	0.07267914340982062	0.13580866403500744	0.08600544751973625
UP000000724	0.014675707926611088	0.016878393004057878	0.03155410093066897	0.03155410093066897	0.03155410093066897	0.0274361883287095	0.03155410093066897	0.0274361883287095	0.0274361883287095	0.03155410093066897	0.054872376657419	0.04019666873080791	0.07258014660155793	0.07258014660155793	0.07258014660155793	0.06310820186133793	0.06310820186133793	0.09054439019004742	0.10413424753222689	0.0946623027920069
UP000030816	0.014983898693180965	0.01664669406292944	0.03163059275611041	0.03163059275611041	0.03163059275611041	0.028471094360907452	0.03163059275611041	0.028471094360907452	0.028471094360907452	0.03163059275611041	0.056942188721814904	0.04195829002863394	0.0702814149270387	0.0702814149270387	0.0702814149270387	0.06326118551222082	0.06326118551222082	0.09173227987312825	0.1019120076831491	0.09489177826833121
UP000269793	0.014170265045919277	0.017222889545333533	0.03139315459125281	0.03139315459125281	0.03139315459125281	0.02582895976976755	0.03139315459125281	0.02582895976976755	0.02582895976976755	0.03139315459125281	0.0516579195395351	0.03748765449361583	0.07631202835693345	0.07631202835693345	0.07631202835693345	0.06278630918250562	0.06278630918250562	0.08861526895227317	0.10770518294818626	0.09417946377375844
UP000009882	0.014097321777080975	0.017269162962242887	0.03136648473932386	0.03136648473932386	0.03136648473932386	0.025605377015257398	0.03136648473932386	0.025605377015257398	0.025605377015257398	0.03136648473932386	0.051210754030514796	0.03711343225343382	0.07684763745645998	0.07684763745645998	0.07684763745645998	0.06273296947864772	0.06273296947864772	0.08833834649390512	0.10821412219578383	0.09409945421797158
UP000001640	0.018790655884842064	0.010480268900031597	0.029270924784873663	0.029270924784873663	0.029270924784873663	0.052481465915630986	0.029270924784873663	0.052481465915630986	0.052481465915630986	0.029270924784873663	0.10496293183126197	0.08617227594641992	0.032651033000453876	0.032651033000453876	0.032651033000453876	0.058541849569747326	0.058541849569747326	0.11102331548537829	0.06192195778532753	0.08781277435462097
UP000054361	0.01368802123104115	0.01751353765461848	0.03120155888565963	0.03120155888565963	0.03120155888565963	0.024386141103585814	0.03120155888565963	0.024386141103585814	0.024386141103585814	0.03120155888565963	0.04877228220717163	0.035084260976130474	0.07984348755795016	0.07984348755795016	0.07984348755795016	0.06240311777131926	0.06240311777131926	0.08678925887490507	0.1110450464436098	0.09360467665697889
UP000218811	0.010589559799381374	0.018609069130598278	0.029198628929979653	0.029198628929979653	0.029198628929979653	0.0166155880739654	0.029198628929979653	0.0166155880739654	0.0166155880739654	0.029198628929979653	0.0332311761479308	0.02264161634854943	0.10262169808199592	0.10262169808199592	0.10262169808199592	0.058397257859959306	0.058397257859959306	0.0750128459339247	0.13182032701197557	0.08759588678993896
UP000000741	0.01725599780269647	0.005075293471381313	0.02233129127407778	0.02233129127407778	0.02233129127407778	0.07592639033186449	0.02233129127407778	0.07592639033186449	0.07592639033186449	0.02233129127407778	0.15185278066372898	0.13459678286103255	0.013136053690633987	0.013136053690633987	0.013136053690633987	0.04466258254815556	0.04466258254815556	0.12058897288002007	0.03546734496471177	0.06699387382223336
UP000001742	0.018496528877746887	0.0072348336306774395	0.025731362508424328	0.025731362508424328	0.025731362508424328	0.06578463500290317	0.025731362508424328	0.06578463500290317	0.06578463500290317	0.025731362508424328	0.13156927000580634	0.11307274112805947	0.020129412179933064	0.020129412179933064	0.020129412179933064	0.051462725016848655	0.051462725016848655	0.11724736001975183	0.045860774688357385	0.07719408752527297
UP000184304	0.014283325528487933	0.017149489448329083	0.03143281497681702	0.03143281497681702	0.03143281497681702	0.026179504057151515	0.03143281497681702	0.026179504057151515	0.026179504057151515	0.03143281497681702	0.05235900811430303	0.0380756825858151	0.07548056336055091	0.07548056336055091	0.07548056336055091	0.06286562995363404	0.06286562995363404	0.08904513401078554	0.10691337833736793	0.09429844493045104
UP000000819	0.016425174759651613	0.015298011877011559	0.03172318663666317	0.03172318663666317	0.03172318663666317	0.034060562158618565	0.03172318663666317	0.034060562158618565	0.034060562158618565	0.03172318663666317	0.06812112431723713	0.051695949557585524	0.05909242282602309	0.05909242282602309	0.05909242282602309	0.06344637327332633	0.06344637327332633	0.09750693543194493	0.09081560946268626	0.09516955990998952
UP000006706	0.013967818915084931	0.0173492597697345	0.031317078684819435	0.031317078684819435	0.031317078684819435	0.02521325346584041	0.031317078684819435	0.02521325346584041	0.02521325346584041	0.031317078684819435	0.05042650693168082	0.036458688016595894	0.07779713305781268	0.07779713305781268	0.07779713305781268	0.06263415736963887	0.06263415736963887	0.08784741083547928	0.10911421174263211	0.0939512360544583
UP000011064	0.013017763502252026	0.017860413691855093	0.030878177194107116	0.030878177194107116	0.030878177194107116	0.022505906919548405	0.030878177194107116	0.022505906919548405	0.022505906919548405	0.030878177194107116	0.04501181383909681	0.031994050336844784	0.08472991826003773	0.08472991826003773	0.08472991826003773	0.06175635438821423	0.06175635438821423	0.08426226130776264	0.11560809545414485	0.09263453158232136
UP000031176	0.014409205552250207	0.017065325708137544	0.03147453126038775	0.03147453126038775	0.03147453126038775	0.02657570083033288	0.03147453126038775	0.02657570083033288	0.02657570083033288	0.03147453126038775	0.05315140166066576	0.038742196108415554	0.07455277468584577	0.07455277468584577	0.07455277468584577	0.0629490625207755	0.0629490625207755	0.08952476335110839	0.10602730594623352	0.09442359378116326
UP000011185	0.017585253393059944	0.013733227261344542	0.031318480654404485	0.031318480654404485	0.031318480654404485	0.040102985825010554	0.031318480654404485	0.040102985825010554	0.040102985825010554	0.031318480654404485	0.08020597165002111	0.06262071825696117	0.0489164190806259	0.0489164190806259	0.0489164190806259	0.06263696130880897	0.06263696130880897	0.10273994713381951	0.0802348997350304	0.09395544196321345
UP000001743	0.01357901783398942	0.017574364367998634	0.03115338220198806	0.03115338220198806	0.03115338220198806	0.024070989064059065	0.03115338220198806	0.024070989064059065	0.024070989064059065	0.03115338220198806	0.04814197812811813	0.034562960294128704	0.08063924752242699	0.08063924752242699	0.08063924752242699	0.06230676440397612	0.06230676440397612	0.08637775346803517	0.11179262972441506	0.09346014660596416
UP000054383	0.016004014870106737	0.015743980622426983	0.031747995492533716	0.031747995492533716	0.031747995492533716	0.032272358823588726	0.031747995492533716	0.032272358823588726	0.032272358823588726	0.031747995492533716	0.06454471764717745	0.04854070277707071	0.062464304100214384	0.062464304100214384	0.062464304100214384	0.06349599098506743	0.06349599098506743	0.09576834980865616	0.0942122995927481	0.09524398647760117
UP000001744	0.01701427415108555	0.01457850353187913	0.03159277768296468	0.03159277768296468	0.03159277768296468	0.03687128651557644	0.03159277768296468	0.03687128651557644	0.03687128651557644	0.03159277768296468	0.07374257303115288	0.056728298880067335	0.05413988477475977	0.05413988477475977	0.05413988477475977	0.06318555536592936	0.06318555536592936	0.1000568418815058	0.08573266245772447	0.09477833304889406
UP000033540	0.014045065141847194	0.017301798036555086	0.031346863178402275	0.031346863178402275	0.031346863178402275	0.025446415129978705	0.031346863178402275	0.025446415129978705	0.025446415129978705	0.031346863178402275	0.05089283025995741	0.036847765118110214	0.0772309833118953	0.0772309833118953	0.0772309833118953	0.06269372635680455	0.06269372635680455	0.08814014148678326	0.10857784649029757	0.09404058953520683
UP000006753	0.011962262115326097	0.018281087604563304	0.0302433497198894	0.0302433497198894	0.0302433497198894	0.019789789558498933	0.0302433497198894	0.019789789558498933	0.019789789558498933	0.0302433497198894	0.039579579116997866	0.02761731700167177	0.09243758753227609	0.09243758753227609	0.09243758753227609	0.0604866994397788	0.0604866994397788	0.08027648899827773	0.1226809372521655	0.0907300491596682
UP000219338	0.015503579752787234	0.01621494498632928	0.03171852473911651	0.03171852473911651	0.03171852473911651	0.030327002549082938	0.03171852473911651	0.030327002549082938	0.030327002549082938	0.03171852473911651	0.060654005098165875	0.04515042534537864	0.06634779088356484	0.06634779088356484	0.06634779088356484	0.06343704947823302	0.06343704947823302	0.09376405202731597	0.09806631562268134	0.09515557421734955
UP000184499	0.014248546230330977	0.017172287493404485	0.03142083372373546	0.03142083372373546	0.03142083372373546	0.02607114527287876	0.03142083372373546	0.02607114527287876	0.02607114527287876	0.03142083372373546	0.05214229054575752	0.037893744315426546	0.07573651111688337	0.07573651111688337	0.07573651111688337	0.06284166744747093	0.06284166744747093	0.08891281272034969	0.10715734484061884	0.0942625011712064
