	M	W	C	D	E	F	H	K	N	Q	Y	I	A	G	P	T	V	L	R	S
Start	17643644.0	1607729.0	2619513.0	6003841.0	7673986.0	5314440.0	2939025.0	7561331.0	5298362.0	5118522.0	2959390.0	6117349.0	11559409.0	8057154.0	7797775.0	7878671.0	7904076.0	12916128.0	8360358.0	13711861.0
M	7992020.0	3969660.0	5958492.0	16262304.0	20462383.0	12367452.0	7621497.0	17880970.0	13147677.0	13430294.0	9001984.0	16089975.0	22022593.0	19374735.0	16285921.0	16647605.0	19706244.0	29416406.0	17280783.0	24992680.0
W	3969660.0	2923946.0	3821755.0	9079611.0	10961197.0	7317915.0	4517430.0	9575657.0	7064475.0	7009401.0	5417557.0	8924225.0	12441164.0	12209806.0	9343815.0	9419802.0	11391482.0	16671939.0	10155104.0	13726023.0
C	5958492.0	3821755.0	9833430.0	14468601.0	16850072.0	11250079.0	7550151.0	15291177.0	12065913.0	11359182.0	8361846.0	13717006.0	18531243.0	18870815.0	14485236.0	15428810.0	17439382.0	25775185.0	15412312.0	22888215.0
D	16262304.0	9079611.0	14468601.0	46297506.0	53253738.0	28327567.0	18425991.0	44293441.0	32555720.0	30694736.0	21849121.0	37511581.0	51167949.0	46783909.0	38451991.0	40054035.0	46287248.0	70144334.0	42432849.0	61457707.0
E	20462383.0	10961197.0	16850072.0	53253738.0	76114678.0	33286268.0	22346223.0	59567499.0	38455121.0	40833098.0	25457094.0	46150958.0	64609000.0	54728383.0	45804959.0	48289369.0	57573479.0	88278196.0	54477422.0	72799406.0
F	12367452.0	7317915.0	11250079.0	28327567.0	33286268.0	27223822.0	15091091.0	30796559.0	23481962.0	22065735.0	17919448.0	30389502.0	37337321.0	34427232.0	28564769.0	30002276.0	35443421.0	54927222.0	28965434.0	45550590.0
H	7621497.0	4517430.0	7550151.0	18425991.0	22346223.0	15091091.0	11243880.0	19322128.0	15074607.0	15857352.0	10552905.0	17345999.0	24812887.0	21864679.0	20763730.0	19531185.0	21455483.0	33923008.0	20483885.0	30495233.0
K	17880970.0	9575657.0	15291177.0	44293441.0	59567499.0	30796559.0	19322128.0	60919006.0	36587725.0	34893210.0	23277036.0	43323900.0	54223090.0	46252403.0	39308812.0	43413475.0	50321840.0	76216475.0	45791118.0	64907822.0
N	13147677.0	7064475.0	12065913.0	32555720.0	38455121.0	23481962.0	15074607.0	36587725.0	32435756.0	26118212.0	17974632.0	32487889.0	38600815.0	35752380.0	30182657.0	33873051.0	36002304.0	55578821.0	31354287.0	51443064.0
Q	13430294.0	7009401.0	11359182.0	30694736.0	40833098.0	22065735.0	15857352.0	34893210.0	26118212.0	34453590.0	17035026.0	29576313.0	43005865.0	35424666.0	33981612.0	32914971.0	36188435.0	58449205.0	34459666.0	50247153.0
Y	9001984.0	5417557.0	8361846.0	21849121.0	25457094.0	17919448.0	10552905.0	23277036.0	17974632.0	17035026.0	14459832.0	22158557.0	27449384.0	25417690.0	21315280.0	21896330.0	25230354.0	38312221.0	22102402.0	32344218.0
I	16089975.0	8924225.0	13717006.0	37511581.0	46150958.0	30389502.0	17345999.0	43323900.0	32487889.0	29576313.0	22158557.0	41574180.0	47585007.0	42387747.0	35594686.0	39786894.0	45743619.0	69569547.0	37131081.0	58084469.0
A	22022593.0	12441164.0	18531243.0	51167949.0	64609000.0	37337321.0	24812887.0	54223090.0	38600815.0	43005865.0	27449384.0	47585007.0	87657322.0	68199772.0	59412249.0	56409483.0	65452935.0	97414053.0	59388217.0	84789524.0
G	19374735.0	12209806.0	18870815.0	46783909.0	54728383.0	34427232.0	21864679.0	46252403.0	35752380.0	35424666.0	25417690.0	42387747.0	68199772.0	75456142.0	50332234.0	48517556.0	57334920.0	83462592.0	51004310.0	74740726.0
P	16285921.0	9343815.0	14485236.0	38451991.0	45804959.0	28564769.0	20763730.0	39308812.0	30182657.0	33981612.0	21315280.0	35594686.0	59412249.0	50332234.0	61343012.0	44962285.0	47298341.0	71793887.0	44252034.0	71702782.0
T	16647605.0	9419802.0	15428810.0	40054035.0	48289369.0	30002276.0	19531185.0	43413475.0	33873051.0	32914971.0	21896330.0	39786894.0	56409483.0	48517556.0	44962285.0	49919896.0	49287374.0	72931488.0	42065486.0	68997314.0
V	19706244.0	11391482.0	17439382.0	46287248.0	57573479.0	35443421.0	21455483.0	50321840.0	36002304.0	36188435.0	25230354.0	45743619.0	65452935.0	57334920.0	47298341.0	49287374.0	60929726.0	85102917.0	48792810.0	72419417.0
L	29416406.0	16671939.0	25775185.0	70144334.0	88278196.0	54927222.0	33923008.0	76216475.0	55578821.0	58449205.0	38312221.0	69569547.0	97414053.0	83462592.0	71793887.0	72931488.0	85102917.0	135628844.0	75323614.0	112973467.0
R	17280783.0	10155104.0	15412312.0	42432849.0	54477422.0	28965434.0	20483885.0	45791118.0	31354287.0	34459666.0	22102402.0	37131081.0	59388217.0	51004310.0	44252034.0	42065486.0	48792810.0	75323614.0	55095324.0	66685112.0
S	24992680.0	13726023.0	22888215.0	61457707.0	72799406.0	45550590.0	30495233.0	64907822.0	51443064.0	50247153.0	32344218.0	58084469.0	84789524.0	74740726.0	71702782.0	68997314.0	72419417.0	112973467.0	66685112.0	119982276.0
End	3177594.0	2144827.0	3272205.0	7307441.0	9408896.0	6141531.0	3867388.0	10661751.0	6307986.0	6343786.0	4432942.0	7327794.0	9552046.0	8817914.0	7708231.0	7796374.0	8810485.0	13540297.0	9556835.0	12894413.0
