	M	W	C	D	E	F	H	K	N	Q	Y	I	A	G	P	T	V	L	R	S
Start	16301.5	1514.0	2678.5	5740.0	7352.5	5026.5	2733.5	7369.0	4803.5	5205.0	2729.5	5186.5	10952.5	7210.0	8074.5	7703.5	7759.5	12643.5	7700.5	12846.0
M	7582.0	3810.0	5707.5	16007.0	19641.5	11740.5	7447.5	17480.0	13610.0	13055.0	9353.5	16203.5	22447.5	18313.5	15806.5	16895.5	18725.0	28186.5	16646.5	23414.0
W	3810.0	3054.0	3518.0	9335.5	10607.5	7307.0	4330.5	8964.0	6880.5	6747.5	5444.0	8888.5	13529.0	12127.5	9412.0	9719.5	11179.5	15904.5	10193.5	12935.5
C	5707.5	3518.0	9855.0	14312.0	16811.5	10627.5	7424.5	15345.0	12985.5	11012.0	8430.0	13699.5	18297.0	17343.5	14137.5	15178.0	16797.5	24785.5	14904.0	21671.0
D	16007.0	9335.5	14312.0	46688.0	53268.5	27250.5	18738.0	44440.0	33141.5	30482.0	22854.0	38703.0	54141.5	45647.0	39101.0	41068.0	45258.0	68872.5	43008.0	60025.0
E	19641.5	10607.5	16811.5	53268.5	72746.0	31422.5	22362.0	59519.0	40081.0	39559.0	26123.5	47288.5	64295.5	49394.0	44321.5	49281.0	55616.5	86017.0	51863.0	68253.5
F	11740.5	7307.0	10627.5	27250.5	31422.5	23324.0	13952.0	29034.5	23099.0	21422.5	17292.5	29709.5	37083.5	31760.5	27052.0	29533.5	32654.0	49815.0	27755.5	40733.5
H	7447.5	4330.5	7424.5	18738.0	22362.0	13952.0	11313.0	19043.0	15691.5	15279.0	10962.0	17704.5	25776.0	20479.5	20044.0	19647.5	20915.5	32471.5	20336.0	29593.0
K	17480.0	8964.0	15345.0	44440.0	59519.0	29034.5	19043.0	59951.0	37175.5	34234.5	23740.5	42896.5	54919.0	42688.0	38609.0	43828.5	47776.5	73130.5	44584.0	61846.5
N	13610.0	6880.5	12985.5	33141.5	40081.0	23099.0	15691.5	37175.5	30097.0	25945.0	18251.5	32804.5	40201.5	35781.5	31384.5	35234.0	36850.5	56681.0	32345.5	51695.5
Q	13055.0	6747.5	11012.0	30482.0	39559.0	21422.5	15279.0	34234.5	25945.0	31882.0	16806.5	29526.0	42881.0	33454.0	32526.5	32864.5	35623.0	56972.5	33138.5	49323.0
Y	9353.5	5444.0	8430.0	22854.0	26123.5	17292.5	10962.0	23740.5	18251.5	16806.5	14855.0	22635.0	29008.0	25300.0	22036.5	22669.0	25473.0	38061.5	22715.0	31766.0
I	16203.5	8888.5	13699.5	38703.0	47288.5	29709.5	17704.5	42896.5	32804.5	29526.0	22635.0	41421.0	50106.5	41323.5	36758.0	41740.0	45617.5	68468.5	37780.0	56660.0
A	22447.5	13529.0	18297.0	54141.5	64295.5	37083.5	25776.0	54919.0	40201.5	42881.0	29008.0	50106.5	90876.0	68240.0	61692.5	61312.0	65527.0	96373.5	60647.5	86402.5
G	18313.5	12127.5	17343.5	45647.0	49394.0	31760.5	20479.5	42688.0	35781.5	33454.0	25300.0	41323.5	68240.0	70023.0	47282.0	48216.0	53185.0	74056.0	47656.5	68477.0
P	15806.5	9412.0	14137.5	39101.0	44321.5	27052.0	20044.0	38609.0	31384.5	32526.5	22036.5	36758.0	61692.5	47282.0	57631.0	46177.5	46445.5	66094.0	43403.0	67772.5
T	16895.5	9719.5	15178.0	41068.0	49281.0	29533.5	19647.5	43828.5	35234.0	32864.5	22669.0	41740.0	61312.0	48216.0	46177.5	52237.0	49301.5	72687.5	42992.5	71614.5
V	18725.0	11179.5	16797.5	45258.0	55616.5	32654.0	20915.5	47776.5	36850.5	35623.0	25473.0	45617.5	65527.0	53185.0	46445.5	49301.5	56065.0	79186.5	47279.5	67931.0
L	28186.5	15904.5	24785.5	68872.5	86017.0	49815.0	32471.5	73130.5	56681.0	56972.5	38061.5	68468.5	96373.5	74056.0	66094.0	72687.5	79186.5	124643.0	72016.5	103317.0
R	16646.5	10193.5	14904.0	43008.0	51863.0	27755.5	20336.0	44584.0	32345.5	33138.5	22715.0	37780.0	60647.5	47656.5	43403.0	42992.5	47279.5	72016.5	54339.0	65176.5
S	23414.0	12935.5	21671.0	60025.0	68253.5	40733.5	29593.0	61846.5	51695.5	49323.0	31766.0	56660.0	86402.5	68477.0	67772.5	71614.5	67931.0	103317.0	65176.5	118344.0
End	2981.0	2152.5	2933.5	7048.0	9239.0	5520.5	3679.5	10427.0	6095.0	6144.5	4382.0	6827.0	9513.5	9023.5	7052.0	7437.5	8252.0	12312.0	9170.5	11637.0
