	M	W	C	D	E	F	H	K	N	Q	Y	I	A	G	P	T	V	L	R	S
Start	14293.5	4.0	7.0	13.0	15.0	15.5	7.5	14.0	12.0	12.0	9.0	20.0	18.5	17.0	17.0	16.5	24.0	30.5	17.0	26.5
M	8313.0	3785.5	5423.5	17345.5	22026.0	11475.0	7382.5	19227.5	14265.5	13147.5	8939.5	15058.5	24791.0	18284.0	15101.5	17008.0	18051.0	27057.5	16893.0	23964.5
W	3785.5	3214.0	3366.0	10297.5	10569.0	7208.5	4517.5	9959.5	7760.0	7239.0	5444.0	9097.0	12947.0	11909.5	8075.5	10363.0	10714.5	15876.5	11480.0	13363.0
C	5423.5	3366.0	7756.0	14210.0	15768.5	11363.0	7936.0	15204.5	12599.5	11048.5	9079.0	15367.5	17562.5	17705.0	13931.0	15203.0	18004.5	26464.5	15962.5	23108.5
D	17345.5	10297.5	14210.0	52235.0	57996.5	30338.0	16670.0	41769.0	30649.0	26842.5	24096.5	41992.0	53000.0	47636.5	39215.5	38159.5	49209.5	68592.5	39720.5	58665.0
E	22026.0	10569.0	15768.5	57996.5	90009.0	30309.5	20359.0	65643.0	42103.5	39430.5	25332.5	46281.5	65200.0	48543.5	43105.5	48600.5	54025.0	85278.0	52322.0	62303.5
F	11475.0	7208.5	11363.0	30338.0	30309.5	23853.0	14118.0	26693.5	24314.5	20833.0	18718.5	30514.0	37311.5	34731.5	25961.0	30351.0	33887.0	50029.0	28414.0	43394.5
H	7382.5	4517.5	7936.0	16670.0	20359.0	14118.0	14310.0	18686.5	14999.5	16565.5	11692.5	18749.0	23648.5	21898.0	20201.5	18684.5	21379.5	35481.0	21832.0	28535.0
K	19227.5	9959.5	15204.5	41769.0	65643.0	26693.5	18686.5	67276.0	36691.0	35769.5	24226.0	43062.0	54733.5	44726.5	39819.0	43319.0	46887.5	75263.5	51022.0	59723.5
N	14265.5	7760.0	12599.5	30649.0	42103.5	24314.5	14999.5	36691.0	29926.0	25579.5	19525.0	35114.0	38519.0	39660.0	32199.0	33875.0	39232.5	56851.0	32617.0	50703.0
Q	13147.5	7239.0	11048.5	26842.5	39430.5	20833.0	16565.5	35769.5	25579.5	40715.0	17133.0	29908.0	41531.5	31367.0	32510.5	30828.0	34971.0	62147.0	35840.5	45802.0
Y	8939.5	5444.0	9079.0	24096.5	25332.5	18718.5	11692.5	24226.0	19525.0	17133.0	16107.0	23372.5	26693.5	27783.5	20423.0	22577.0	25463.5	38588.0	23925.0	31797.5
I	15058.5	9097.0	15367.5	41992.0	46281.5	30514.0	18749.0	43062.0	35114.0	29908.0	23372.5	42008.0	50635.5	42134.0	37664.5	43144.0	46215.0	65140.5	39100.0	58401.0
A	24791.0	12947.0	17562.5	53000.0	65200.0	37311.5	23648.5	54733.5	38519.0	41531.5	26693.5	50635.5	108110.0	66425.5	60800.0	63609.5	68878.5	98606.0	57835.0	86280.5
G	18284.0	11909.5	17705.0	47636.5	48543.5	34731.5	21898.0	44726.5	39660.0	31367.0	27783.5	42134.0	66425.5	73991.0	44020.0	49510.5	51979.0	72004.5	47302.5	73122.0
P	15101.5	8075.5	13931.0	39215.5	43105.5	25961.0	20201.5	39819.0	32199.0	32510.5	20423.0	37664.5	60800.0	44020.0	67186.0	50817.5	49041.0	69405.0	42131.0	71563.0
T	17008.0	10363.0	15203.0	38159.5	48600.5	30351.0	18684.5	43319.0	33875.0	30828.0	22577.0	43144.0	63609.5	49510.5	50817.5	57161.0	52417.5	72332.0	40865.0	75942.5
V	18051.0	10714.5	18004.5	49209.5	54025.0	33887.0	21379.5	46887.5	39232.5	34971.0	25463.5	46215.0	68878.5	51979.0	49041.0	52417.5	60069.0	78639.0	45781.5	66920.5
L	27057.5	15876.5	26464.5	68592.5	85278.0	50029.0	35481.0	75263.5	56851.0	62147.0	38588.0	65140.5	98606.0	72004.5	69405.0	72332.0	78639.0	131905.0	76397.5	105045.0
R	16893.0	11480.0	15962.5	39720.5	52322.0	28414.0	21832.0	51022.0	32617.0	35840.5	23925.0	39100.0	57835.0	47302.5	42131.0	40865.0	45781.5	76397.5	64840.0	63426.5
S	23964.5	13363.0	23108.5	58665.0	62303.5	43394.5	28535.0	59723.5	50703.0	45802.0	31797.5	58401.0	86280.5	73122.0	71563.0	75942.5	66920.5	105045.0	63426.5	138062.0
End	334.0	247.0	361.0	769.0	902.0	699.0	457.5	1270.5	726.5	734.0	529.5	753.5	1030.5	713.0	620.0	684.0	1095.5	1548.5	1003.5	1296.5
