	M	W	C	D	E	F	H	K	N	Q	Y	I	A	G	P	T	V	L	R	S
Start	3936.0	207.0	153.0	927.0	1028.0	811.0	454.0	1420.0	909.0	777.0	465.0	1489.0	1462.0	791.0	956.0	1620.0	1164.0	2137.0	1353.0	1686.0
M	1290.0	631.0	492.0	2668.0	2842.0	2013.0	1096.0	1803.0	1485.0	1670.0	1355.0	2757.0	4805.0	3987.0	2324.0	2754.0	3738.0	5339.0	2797.0	2913.0
W	631.0	540.0	279.0	1511.0	1628.0	1201.0	633.0	1018.0	897.0	986.0	819.0	1474.0	2727.0	2285.0	1476.0	1512.0	2001.0	3079.0	1705.0	1619.0
C	492.0	279.0	402.0	1116.0	1175.0	821.0	505.0	716.0	620.0	650.0	588.0	1067.0	2000.0	1734.0	1013.0	1083.0	1451.0	2140.0	1209.0	1176.0
D	2668.0	1511.0	1116.0	7580.0	8285.0	4568.0	2718.0	5278.0	4071.0	4556.0	3383.0	6583.0	11491.0	9030.0	5372.0	6590.0	8452.0	11695.0	7365.0	7029.0
E	2842.0	1628.0	1175.0	8285.0	10356.0	4836.0	2904.0	5902.0	4101.0	5240.0	3577.0	7129.0	13258.0	9767.0	6361.0	7019.0	9485.0	13231.0	8755.0	7426.0
F	2013.0	1201.0	821.0	4568.0	4836.0	3704.0	1815.0	3251.0	2684.0	2775.0	2527.0	4688.0	8019.0	6835.0	4029.0	4575.0	6259.0	9000.0	4644.0	4928.0
H	1096.0	633.0	505.0	2718.0	2904.0	1815.0	1224.0	1731.0	1436.0	1654.0	1312.0	2560.0	4573.0	3617.0	2158.0	2467.0	3422.0	4909.0	2918.0	2552.0
K	1803.0	1018.0	716.0	5278.0	5902.0	3251.0	1731.0	4740.0	3046.0	3127.0	2447.0	4870.0	8439.0	6317.0	3868.0	4632.0	6423.0	8457.0	5157.0	4830.0
N	1485.0	897.0	620.0	4071.0	4101.0	2684.0	1436.0	3046.0	2580.0	2462.0	2073.0	3889.0	6765.0	5561.0	2998.0	3936.0	5210.0	6803.0	3986.0	4056.0
Q	1670.0	986.0	650.0	4556.0	5240.0	2775.0	1654.0	3127.0	2462.0	3406.0	2095.0	3912.0	8250.0	5869.0	3762.0	4247.0	5568.0	7800.0	5004.0	4500.0
Y	1355.0	819.0	588.0	3383.0	3577.0	2527.0	1312.0	2447.0	2073.0	2095.0	1964.0	3265.0	5594.0	4824.0	2847.0	3245.0	4398.0	6195.0	3455.0	3449.0
I	2757.0	1474.0	1067.0	6583.0	7129.0	4688.0	2560.0	4870.0	3889.0	3912.0	3265.0	6982.0	12057.0	10385.0	5965.0	6772.0	9192.0	12901.0	6972.0	6989.0
A	4805.0	2727.0	2000.0	11491.0	13258.0	8019.0	4573.0	8439.0	6765.0	8250.0	5594.0	12057.0	23830.0	16917.0	10142.0	11706.0	15671.0	22329.0	12309.0	12662.0
G	3987.0	2285.0	1734.0	9030.0	9767.0	6835.0	3617.0	6317.0	5561.0	5869.0	4824.0	10385.0	16917.0	14410.0	7538.0	9525.0	13177.0	17590.0	9452.0	10154.0
P	2324.0	1476.0	1013.0	5372.0	6361.0	4029.0	2158.0	3868.0	2998.0	3762.0	2847.0	5965.0	10142.0	7538.0	5070.0	5400.0	7673.0	10708.0	5938.0	5746.0
T	2754.0	1512.0	1083.0	6590.0	7019.0	4575.0	2467.0	4632.0	3936.0	4247.0	3245.0	6772.0	11706.0	9525.0	5400.0	6928.0	8586.0	12498.0	6498.0	7095.0
V	3738.0	2001.0	1451.0	8452.0	9485.0	6259.0	3422.0	6423.0	5210.0	5568.0	4398.0	9192.0	15671.0	13177.0	7673.0	8586.0	11752.0	16829.0	8901.0	9318.0
L	5339.0	3079.0	2140.0	11695.0	13231.0	9000.0	4909.0	8457.0	6803.0	7800.0	6195.0	12901.0	22329.0	17590.0	10708.0	12498.0	16829.0	26246.0	13149.0	13268.0
R	2797.0	1705.0	1209.0	7365.0	8755.0	4644.0	2918.0	5157.0	3986.0	5004.0	3455.0	6972.0	12309.0	9452.0	5938.0	6498.0	8901.0	13149.0	8656.0	7206.0
S	2913.0	1619.0	1176.0	7029.0	7426.0	4928.0	2552.0	4830.0	4056.0	4500.0	3449.0	6989.0	12662.0	10154.0	5746.0	7095.0	9318.0	13268.0	7206.0	7726.0
End	403.0	326.0	215.0	1138.0	1747.0	839.0	511.0	1575.0	759.0	979.0	563.0	1088.0	2196.0	1730.0	1139.0	1116.0	1530.0	2369.0	1874.0	1559.0
