Proteome_ID	M	W	C	D	E	F	H	K	N	Q	Y	I	A	G	P	T	V	L	R	S
UP000002036	0.016567773712042745	0.01572342181277988	0.032291195524822625	0.032291195524822625	0.032291195524822625	0.03402524124308299	0.032291195524822625	0.03402524124308299	0.03402524124308299	0.032291195524822625	0.03402524124308299	0.05148270877412322	0.061291045725314304	0.061291045725314304	0.061291045725314304	0.06458239104964525	0.06458239104964525	0.11517540600477097	0.09358224125013694	0.09687358657446786
UP000001300	0.014785947006933937	0.017148731069719918	0.03193467807665385	0.03193467807665385	0.03193467807665385	0.027534658733942747	0.03193467807665385	0.027534658733942747	0.027534658733942747	0.03193467807665385	0.027534658733942747	0.04028337046095156	0.07407563490898479	0.07407563490898479	0.07407563490898479	0.0638693561533077	0.0638693561533077	0.10618996189418438	0.10601031298563865	0.09580403422996157
UP000000267	0.019569146375316124	0.010164059239280036	0.02973320561459616	0.02973320561459616	0.02973320561459616	0.05724616899425102	0.02973320561459616	0.05724616899425102	0.05724616899425102	0.02973320561459616	0.05724616899425102	0.09492319161318594	0.03088638180167603	0.03088638180167603	0.03088638180167603	0.05946641122919232	0.05946641122919232	0.13628172659875948	0.0606195874162722	0.08919961684378849
UP000000314	0.01842684125352852	0.013366476445134258	0.03179331769866278	0.03179331769866278	0.03179331769866278	0.04382983208484405	0.03179331769866278	0.04382983208484405	0.04382983208484405	0.03179331769866278	0.04382983208484405	0.06923282291615958	0.04612452305687178	0.04612452305687178	0.04612452305687178	0.06358663539732556	0.06358663539732556	0.12584330873569813	0.07791784075553455	0.09537995309598833
UP000007796	0.011833985600115766	0.018488328199756803	0.030322313799872574	0.030322313799872574	0.030322313799872574	0.019408668052236528	0.030322313799872574	0.019408668052236528	0.019408668052236528	0.030322313799872574	0.019408668052236528	0.026983350504357292	0.09474557570909581	0.09474557570909581	0.09474557570909581	0.06064462759974515	0.06064462759974515	0.09188728125209744	0.12506788950896838	0.09096694139961771
UP000029964	0.011593530809808125	0.018549649295693006	0.03014318010550113	0.03014318010550113	0.03014318010550113	0.018839487565938205	0.03014318010550113	0.018839487565938205	0.018839487565938205	0.03014318010550113	0.018839487565938205	0.02608544432206828	0.09645817633760363	0.09645817633760363	0.09645817633760363	0.06028636021100226	0.06028636021100226	0.09071937858674858	0.12660135644310475	0.09042954031650338
UP000002037	0.019615734135251913	0.009697160076552415	0.02931289421180433	0.02931289421180433	0.02931289421180433	0.059295085886417916	0.02931289421180433	0.059295085886417916	0.059295085886417916	0.02931289421180433	0.059295085886417916	0.09897443763758391	0.02898202285155134	0.02898202285155134	0.02898202285155134	0.05862578842360866	0.05862578842360866	0.1375366084452785	0.05829491706335566	0.08793868263541298
UP000009058	0.013153146015088671	0.01802690136392252	0.031180047379011193	0.031180047379011193	0.031180047379011193	0.02275020579822371	0.031180047379011193	0.02275020579822371	0.02275020579822371	0.031180047379011193	0.02275020579822371	0.032347265581358746	0.08546695033706374	0.08546695033706374	0.08546695033706374	0.062360094758022386	0.062360094758022386	0.09826344657133476	0.11664699771607492	0.09354014213703357
UP000054166	0.01695068906804142	0.015333375615677837	0.032284064683719256	0.032284064683719256	0.032284064683719256	0.03568928043129208	0.032284064683719256	0.03568928043129208	0.03568928043129208	0.032284064683719256	0.03568928043129208	0.05442787179454274	0.05840750051036181	0.05840750051036181	0.05840750051036181	0.06456812936743851	0.06456812936743851	0.11720809886677201	0.09069156519408107	0.09685219405115778
UP000016922	0.017117840498657118	0.015151151068191676	0.032268991566848794	0.032268991566848794	0.032268991566848794	0.03645765580500917	0.032268991566848794	0.03645765580500917	0.03645765580500917	0.032268991566848794	0.03645765580500917	0.055797471111361234	0.05712313607383876	0.05712313607383876	0.05712313607383876	0.06453798313369759	0.06453798313369759	0.11811347943736387	0.08939212764068755	0.09680697470054637
UP000009082	0.019554415403828587	0.008254262433420473	0.027808677837249062	0.027808677837249062	0.027808677837249062	0.06587898587511622	0.027808677837249062	0.06587898587511622	0.06587898587511622	0.027808677837249062	0.06587898587511622	0.11220355634640385	0.023477063369550327	0.023477063369550327	0.023477063369550327	0.055617355674498124	0.055617355674498124	0.14105075695344294	0.05128574120679939	0.08342603351174717
UP000005206	0.01392990659524429	0.017653664451415533	0.03158357104665983	0.03158357104665983	0.03158357104665983	0.024921522431506055	0.03158357104665983	0.024921522431506055	0.024921522431506055	0.03158357104665983	0.024921522431506055	0.03591313826776782	0.0800530515582251	0.0800530515582251	0.0800530515582251	0.06316714209331965	0.06316714209331965	0.10201857112006998	0.11163662260488492	0.09475071313997947
UP000016927	0.019488813754689246	0.010645194274537405	0.030134008029226653	0.030134008029226653	0.030134008029226653	0.05516818716673247	0.030134008029226653	0.05516818716673247	0.05516818716673247	0.030134008029226653	0.05516818716673247	0.09084756057877569	0.03291964034131155	0.03291964034131155	0.03291964034131155	0.060268016058453305	0.060268016058453305	0.13492501697987502	0.0630536483705382	0.09040202408767994
UP000249829	0.010922320314034123	0.018683695988523052	0.029606016302557173	0.029606016302557173	0.029606016302557173	0.01730741034737891	0.029606016302557173	0.01730741034737891	0.01730741034737891	0.029606016302557173	0.01730741034737891	0.023692500380723694	0.10128796668185817	0.10128796668185817	0.10128796668185817	0.059212032605114345	0.059212032605114345	0.08744176326652738	0.13089398298441537	0.08881804890767153
UP000000559	0.019433498739777316	0.010898662551037065	0.03033216129081438	0.03033216129081438	0.03033216129081438	0.054085537143607886	0.03033216129081438	0.054085537143607886	0.054085537143607886	0.03033216129081438	0.054085537143607886	0.08873757554743844	0.03402166483542869	0.03402166483542869	0.03402166483542869	0.06066432258162876	0.06066432258162876	0.13418335846501395	0.06435382612624307	0.09099648387244313
UP000005221	0.018684023825074367	0.01289926143833017	0.03158328526340454	0.03158328526340454	0.03158328526340454	0.045747026460141296	0.03158328526340454	0.045747026460141296	0.045747026460141296	0.03158328526340454	0.045747026460141296	0.07281002909520821	0.04360956264113457	0.04360956264113457	0.04360956264113457	0.06316657052680907	0.06316657052680907	0.12759762081202475	0.07519284790453909	0.0947498557902136
UP000001312	0.017278374119388207	0.01496853933030068	0.03224691344968889	0.03224691344968889	0.03224691344968889	0.037223019727207006	0.03224691344968889	0.037223019727207006	0.037223019727207006	0.03224691344968889	0.037223019727207006	0.0571676653350258	0.05587206167863219	0.05587206167863219	0.05587206167863219	0.06449382689937778	0.06449382689937778	0.11899522074597299	0.08811897512832109	0.09674074034906668
UP000193067	0.008974317837391318	0.018752305928877385	0.027726623766268704	0.027726623766268704	0.027726623766268704	0.013269169945285736	0.027726623766268704	0.013269169945285736	0.013269169945285736	0.027726623766268704	0.013269169945285736	0.017564022053180153	0.11587245753067517	0.11587245753067517	0.11587245753067517	0.05545324753253741	0.05545324753253741	0.07769673531521445	0.14359908129694388	0.08317987129880611
UP000007963	0.013395823422075638	0.017918605122489925	0.031314428544565565	0.031314428544565565	0.031314428544565565	0.023410446989520748	0.031314428544565565	0.023410446989520748	0.023410446989520748	0.031314428544565565	0.023410446989520748	0.033425070556965863	0.08377400359007642	0.08377400359007642	0.08377400359007642	0.06262885708913113	0.06262885708913113	0.09943512750072751	0.115088432134642	0.09394328563369668
UP000002038	0.015332852016424894	0.016769930997102014	0.032102783013526905	0.032102783013526905	0.032102783013526905	0.029351773799598097	0.032102783013526905	0.029351773799598097	0.029351773799598097	0.032102783013526905	0.029351773799598097	0.043370695582771304	0.0702232637965957	0.0702232637965957	0.0702232637965957	0.06420556602705381	0.06420556602705381	0.10889019184307681	0.10232604681012261	0.09630834904058072
UP000005222	0.01771093340435991	0.01443410394295103	0.03214503734731094	0.03214503734731094	0.03214503734731094	0.03944260190927306	0.03214503734731094	0.03944260190927306	0.03944260190927306	0.03214503734731094	0.03944260190927306	0.06117427041418621	0.05239529726952839	0.05239529726952839	0.05239529726952839	0.06429007469462188	0.06429007469462188	0.12144361000825485	0.08454033461683931	0.09643511204193282
UP000000560	0.014641387296784856	0.0172412758960427	0.03188266319282756	0.03188266319282756	0.03188266319282756	0.027074934748087823	0.03188266319282756	0.027074934748087823	0.027074934748087823	0.03188266319282756	0.027074934748087823	0.03950848219939079	0.07508821141953606	0.07508821141953606	0.07508821141953606	0.06376532638565512	0.06376532638565512	0.10548164843052779	0.10697087461236363	0.09564798957848267
UP000016930	0.013962596640231717	0.017636233849443777	0.031598830489675496	0.031598830489675496	0.031598830489675496	0.025016776722106657	0.031598830489675496	0.025016776722106657	0.025016776722106657	0.031598830489675496	0.025016776722106657	0.036070956803981605	0.07982531877761136	0.07982531877761136	0.07982531877761136	0.06319766097935099	0.06319766097935099	0.10217703434168936	0.11142414926728686	0.0947964914690265
UP000002058	0.0153753601363186	0.016738504571229475	0.032113864707548075	0.032113864707548075	0.032113864707548075	0.029498587113705083	0.032113864707548075	0.029498587113705083	0.029498587113705083	0.032113864707548075	0.029498587113705083	0.043621814091091574	0.06992201372082382	0.06992201372082382	0.06992201372082382	0.06422772941509615	0.06422772941509615	0.10910167666511983	0.1020358784283719	0.09634159412264423
UP000030143	0.015118216559383177	0.016924150379997394	0.03204236693938057	0.03204236693938057	0.03204236693938057	0.02862320598600412	0.03204236693938057	0.02862320598600412	0.02862320598600412	0.03204236693938057	0.02862320598600412	0.042128195412625066	0.07173992176697051	0.07173992176697051	0.07173992176697051	0.06408473387876114	0.06408473387876114	0.10782615642414844	0.1037822887063511	0.09612710081814171
UP000005426	0.01288987101153569	0.018136042203944856	0.031025913215480545	0.031025913215480545	0.031025913215480545	0.022051118698635155	0.031025913215480545	0.022051118698635155	0.022051118698635155	0.031025913215480545	0.022051118698635155	0.03121236638573462	0.08730688941546631	0.08730688941546631	0.08730688941546631	0.06205182643096109	0.06205182643096109	0.09699281614113194	0.11833280263094685	0.09307773964644164
UP000016932	0.014597006886002259	0.01726907639665116	0.031866083282653425	0.031866083282653425	0.031866083282653425	0.026935397494507334	0.031866083282653425	0.026935397494507334	0.026935397494507334	0.031866083282653425	0.026935397494507334	0.03927378810301241	0.07539872125399848	0.07539872125399848	0.07539872125399848	0.06373216656530685	0.06373216656530685	0.10526457094581644	0.10726480453665188	0.09559824984796025
UP000009096	0.015714205108778134	0.01647710578680058	0.032191310895578716	0.032191310895578716	0.032191310895578716	0.030700832335421514	0.032191310895578716	0.030700832335421514	0.030700832335421514	0.032191310895578716	0.030700832335421514	0.045687459562064894	0.06750829983069753	0.06750829983069753	0.06750829983069753	0.06438262179115743	0.06438262179115743	0.11079765923535707	0.09969961072627623	0.09657393268673614
UP000000561	0.014413111492382745	0.017381265482446756	0.0317943769748295	0.0317943769748295	0.0317943769748295	0.026364933015484662	0.0317943769748295	0.026364933015484662	0.026364933015484662	0.0317943769748295	0.026364933015484662	0.03831675453858658	0.07668385932358382	0.07668385932358382	0.07668385932358382	0.063588753949659	0.063588753949659	0.1043667984575264	0.10847823629841331	0.0953831309244885
UP000094112	0.01961693081870451	0.008822881162538385	0.0284398119812429	0.0284398119812429	0.0284398119812429	0.06323351905745203	0.0284398119812429	0.06323351905745203	0.06323351905745203	0.0284398119812429	0.06323351905745203	0.10685010729619956	0.02558209372448733	0.02558209372448733	0.02558209372448733	0.0568796239624858	0.0568796239624858	0.13973007383864233	0.054021905705730226	0.08531943594372869
UP000002059	0.015626790340468395	0.016546433792202685	0.03217322413267108	0.03217322413267108	0.03217322413267108	0.030385050604382853	0.03217322413267108	0.030385050604382853	0.030385050604382853	0.03217322413267108	0.030385050604382853	0.04514331086829731	0.06813326491164572	0.06813326491164572	0.06813326491164572	0.06434644826534217	0.06434644826534217	0.1103582892101934	0.1003064890443168	0.09651967239801325
UP000094389	0.018069314045786853	0.013934234913708264	0.032003548959495115	0.032003548959495115	0.032003548959495115	0.04150082012467927	0.032003548959495115	0.04150082012467927	0.04150082012467927	0.032003548959495115	0.04150082012467927	0.06493232620357167	0.049359368943830806	0.049359368943830806	0.049359368943830806	0.06400709791899023	0.06400709791899023	0.12357723208945637	0.08136291790332593	0.09601064687848536
UP000000591	0.014490523924015083	0.017334624559706004	0.03182514848372109	0.03182514848372109	0.03182514848372109	0.026603580244861917	0.03182514848372109	0.026603580244861917	0.026603580244861917	0.03182514848372109	0.026603580244861917	0.03871663656570875	0.0761431406366073	0.0761431406366073	0.0761431406366073	0.06365029696744218	0.06365029696744218	0.10474440113631918	0.10796828912032838	0.09547544545116325
UP000002149	0.015694334379053133	0.016492983554171493	0.03218731793322462	0.03218731793322462	0.03218731793322462	0.030628693028748787	0.03218731793322462	0.030628693028748787	0.030628693028748787	0.03218731793322462	0.030628693028748787	0.04556305167844444	0.06765051546679111	0.06765051546679111	0.06765051546679111	0.06437463586644925	0.06437463586644925	0.11069766327425117	0.09983783340001574	0.09656195379967386
UP000007978	0.01578877960428069	0.016416887091124814	0.032205666695405505	0.032205666695405505	0.032205666695405505	0.03097348301418091	0.032205666695405505	0.03097348301418091	0.03097348301418091	0.032205666695405505	0.03097348301418091	0.04615818642408113	0.0669737379435614	0.0669737379435614	0.0669737379435614	0.06441133339081101	0.06441133339081101	0.11117359600927261	0.0991794046389669	0.09661700008621651
UP000002258	0.01812413252813674	0.013852208160415469	0.03197634068855221	0.03197634068855221	0.03197634068855221	0.041837621099305604	0.03197634068855221	0.041837621099305604	0.041837621099305604	0.03197634068855221	0.041837621099305604	0.06555110967047446	0.048878800322006366	0.048878800322006366	0.048878800322006366	0.06395268137710441	0.06395268137710441	0.12391443500454677	0.08085514101055857	0.09592902206565664
UP000000598	0.0187618300265543	0.012745093355328056	0.03150692338188235	0.03150692338188235	0.03150692338188235	0.04638079335083306	0.03150692338188235	0.04638079335083306	0.04638079335083306	0.03150692338188235	0.04638079335083306	0.07399975667511181	0.0428059181085127	0.0428059181085127	0.0428059181085127	0.0630138467637647	0.0630138467637647	0.12815647014115206	0.07431284149039505	0.09452077014564707
UP000030651	0.015009940254482835	0.01699918785668295	0.03200912811116578	0.03200912811116578	0.03200912811116578	0.0282634149700159	0.03200912811116578	0.0282634149700159	0.0282634149700159	0.03200912811116578	0.0282634149700159	0.041516889685548966	0.07250251135780904	0.07250251135780904	0.07250251135780904	0.06401825622233157	0.06401825622233157	0.1072916114468303	0.10451163946897482	0.09602738433349735
UP000016933	0.014134070817909305	0.017542454491803323	0.03167652530971263	0.03167652530971263	0.03167652530971263	0.025521984520579504	0.03167652530971263	0.025521984520579504	0.025521984520579504	0.03167652530971263	0.025521984520579504	0.0369098982232497	0.07863042585013535	0.07863042585013535	0.07863042585013535	0.06335305061942526	0.06335305061942526	0.10300910595791406	0.11030695115984798	0.09502957592913787
UP000001471	0.01456361713852565	0.01728980497987337	0.03185342211839902	0.03185342211839902	0.03185342211839902	0.026830900916709224	0.03185342211839902	0.026830900916709224	0.026830900916709224	0.03185342211839902	0.026830900916709224	0.0390981846948928	0.07563223492216276	0.07563223492216276	0.07563223492216276	0.06370684423679804	0.06370684423679804	0.10510136229203292	0.10748565704056177	0.09556026635519706
UP000000599	0.019220027381450226	0.011642104528464559	0.030862131909914787	0.030862131909914787	0.030862131909914787	0.050950497730733096	0.030862131909914787	0.050950497730733096	0.050950497730733096	0.030862131909914787	0.050950497730733096	0.08268096808001596	0.03738810133155792	0.03738810133155792	0.03738810133155792	0.061724263819829574	0.061724263819829574	0.1318947889320129	0.06825023324147271	0.09258639572974436
UP000008062	0.014143458796484083	0.017537205469022116	0.0316806642655062	0.0316806642655062	0.0316806642655062	0.025549918456273718	0.0316806642655062	0.025549918456273718	0.025549918456273718	0.0316806642655062	0.025549918456273718	0.03695637811606335	0.07856498563949617	0.07856498563949617	0.07856498563949617	0.0633613285310124	0.0633613285310124	0.1030547057837702	0.11024564990500237	0.0950419927965186
UP000054270	0.016834174174757355	0.015455937692613476	0.03229011186737083	0.03229011186737083	0.03229011186737083	0.03516948490013003	0.03229011186737083	0.03516948490013003	0.03516948490013003	0.03229011186737083	0.03516948490013003	0.053504795625502706	0.059292953955289114	0.059292953955289114	0.059292953955289114	0.06458022373474166	0.06458022373474166	0.11658388280962904	0.09158306582265995	0.0968703356021125
UP000094569	0.015281456768664142	0.016807533372619844	0.03208899014128399	0.03208899014128399	0.03208899014128399	0.02917540038283952	0.03208899014128399	0.02917540038283952	0.02917540038283952	0.03208899014128399	0.02917540038283952	0.043069343997014904	0.07058708876489489	0.07058708876489489	0.07058708876489489	0.06417798028256798	0.06417798028256798	0.10863483743407164	0.10267607890617889	0.09626697042385197
UP000016934	0.014331816971028005	0.017429338703475995	0.03176115567450401	0.03176115567450401	0.03176115567450401	0.02611660015675395	0.03176115567450401	0.02611660015675395	0.02611660015675395	0.03176115567450401	0.02611660015675395	0.0379013833424799	0.07725132702766457	0.07725132702766457	0.07725132702766457	0.06352231134900801	0.06352231134900801	0.10397072847678997	0.1090124827021686	0.09528346702351202
UP000008066	0.013310402237283787	0.01795757352018372	0.03126797575746751	0.03126797575746751	0.03126797575746751	0.0231762567481485	0.03126797575746751	0.0231762567481485	0.0231762567481485	0.03126797575746751	0.0231762567481485	0.03304211125901321	0.08436964766087007	0.08436964766087007	0.08436964766087007	0.06253595151493502	0.06253595151493502	0.09902261050036729	0.11563762341833758	0.09380392727240253
UP000009097	0.015325198491461696	0.016775557817333517	0.03210075630879521	0.03210075630879521	0.03210075630879521	0.02932543093440476	0.03210075630879521	0.02932543093440476	0.02932543093440476	0.03210075630879521	0.02932543093440476	0.04332566337734783	0.07027747062961082	0.07027747062961082	0.07027747062961082	0.06420151261759043	0.06420151261759043	0.10885214204345689	0.10237822693840602	0.09630226892638562
UP000006564	0.015032786658494576	0.016983506173139176	0.03201629283163376	0.03201629283163376	0.03201629283163376	0.028338912756133126	0.03201629283163376	0.028338912756133126	0.028338912756133126	0.03201629283163376	0.028338912756133126	0.041645038853771674	0.07234173135023203	0.07234173135023203	0.07234173135023203	0.06403258566326751	0.06403258566326751	0.1074042850778952	0.10435802418186578	0.09604887849490125
UP000095358	0.01925139601928395	0.011547596910078397	0.030798992929362345	0.030798992929362345	0.030798992929362345	0.05134606052630697	0.030798992929362345	0.05134606052630697	0.05134606052630697	0.030798992929362345	0.05134606052630697	0.08344072503332998	0.03694842236151345	0.03694842236151345	0.03694842236151345	0.06159798585872469	0.06159798585872469	0.1321954424043156	0.06774741529087579	0.09239697878808703
UP000001610	0.013274262404292792	0.017973781930716748	0.03124804433500954	0.03124804433500954	0.03124804433500954	0.023077766366744308	0.03124804433500954	0.023077766366744308	0.023077766366744308	0.03124804433500954	0.023077766366744308	0.03288127032919582	0.0846217315181593	0.0846217315181593	0.0846217315181593	0.06249608867001908	0.06249608867001908	0.09884811744105619	0.11586977585316882	0.09374413300502862
UP000002311	0.018813379190104975	0.012638996696999461	0.031452375887104436	0.031452375887104436	0.031452375887104436	0.046817440353812856	0.031452375887104436	0.046817440353812856	0.046817440353812856	0.031452375887104436	0.046817440353812856	0.07482150151752075	0.042259975832409764	0.042259975832409764	0.042259975832409764	0.06290475177420887	0.06290475177420887	0.12853557131812668	0.07371235171951421	0.09435712766131331
UP000030669	0.01185981209622498	0.018481326014110677	0.03034113811033566	0.03034113811033566	0.03034113811033566	0.019470475035148992	0.03034113811033566	0.019470475035148992	0.019470475035148992	0.03034113811033566	0.019470475035148992	0.027081137974073	0.09456211624714664	0.09456211624714664	0.09456211624714664	0.06068227622067132	0.06068227622067132	0.0920125633520453	0.1249032543574823	0.09102341433100697
UP000001611	0.012372483636074178	0.018325619733592806	0.030698103369666982	0.030698103369666982	0.030698103369666982	0.020725726448611342	0.030698103369666982	0.020725726448611342	0.020725726448611342	0.030698103369666982	0.020725726448611342	0.029078969261148505	0.0909375652362622	0.0909375652362622	0.0909375652362622	0.061396206739333964	0.061396206739333964	0.09449441682401949	0.12163566860592918	0.09209431010900095
UP000016935	0.016069970595474832	0.016180589917471216	0.03225056051294605	0.03225056051294605	0.03225056051294605	0.03203007812286376	0.03225056051294605	0.03203007812286376	0.03203007812286376	0.03225056051294605	0.03203007812286376	0.04799018565025269	0.06494512123320424	0.06494512123320424	0.06494512123320424	0.0645011210258921	0.0645011210258921	0.11260116974423069	0.09719568174615029	0.09675168153883815
UP000008142	0.01617028493825239	0.01609260992209536	0.03226289486034775	0.03226289486034775	0.03226289486034775	0.03241861981060017	0.03226289486034775	0.03241861981060017	0.03241861981060017	0.03226289486034775	0.03241861981060017	0.04866695468294796	0.0642158358900587	0.0642158358900587	0.0642158358900587	0.0645257897206955	0.0645257897206955	0.11311469446954805	0.09647873075040646	0.09678868458104326
UP000009138	0.01866118288200437	0.012943261316924701	0.03160444419892908	0.03160444419892908	0.03160444419892908	0.04556628338401249	0.03160444419892908	0.04556628338401249	0.04556628338401249	0.03160444419892908	0.04556628338401249	0.0724713838860206	0.04384122728226185	0.04384122728226185	0.04384122728226185	0.06320888839785815	0.06320888839785815	0.127436354663875	0.07544567148119094	0.09481333259678723
UP000006701	0.013944334681282543	0.0176459888335949	0.03159032351487744	0.03159032351487744	0.03159032351487744	0.02496352275497273	0.03159032351487744	0.02496352275497273	0.02496352275497273	0.03159032351487744	0.02496352275497273	0.03598271082866292	0.07995254111928793	0.07995254111928793	0.07995254111928793	0.06318064702975489	0.06318064702975489	0.10208850446601014	0.11154286463416538	0.09477097054463232
UP000054279	0.016388702657191473	0.0158939493694272	0.032282652026618675	0.032282652026618675	0.032282652026618675	0.0332875594827002	0.032282652026618675	0.0332875594827002	0.0332875594827002	0.032282652026618675	0.0332875594827002	0.05018641630820892	0.06261616279879997	0.06261616279879997	0.06261616279879997	0.06456530405323735	0.06456530405323735	0.11424156619312903	0.09489881482541865	0.09684795607985602
UP000054317	0.011973287669069112	0.01844960421830175	0.03042289188737086	0.03042289188737086	0.03042289188737086	0.019743623331016362	0.03042289188737086	0.019743623331016362	0.019743623331016362	0.03042289188737086	0.019743623331016362	0.02751395899296361	0.0937570916212379	0.0937570916212379	0.0937570916212379	0.06084578377474172	0.06084578377474172	0.09256269477482719	0.12417998350860876	0.09126867566211258
UP000217790	0.015363581392301881	0.01674724238478736	0.03211082377708924	0.03211082377708924	0.03211082377708924	0.029457820179476492	0.03211082377708924	0.029457820179476492	0.029457820179476492	0.03211082377708924	0.029457820179476492	0.043552058966651104	0.07000551957755918	0.07000551957755918	0.07000551957755918	0.06422164755417847	0.06422164755417847	0.10904304912595685	0.1021163433546484	0.09633247133126771
UP000002428	0.018512117402036662	0.013217978266114497	0.03173009566815116	0.03173009566815116	0.03173009566815116	0.04443881237817593	0.03173009566815116	0.04443881237817593	0.04443881237817593	0.03173009566815116	0.04443881237817593	0.07036550735431518	0.045311695665587494	0.045311695665587494	0.045311695665587494	0.06346019133630232	0.06346019133630232	0.1264111211165149	0.07704179133373866	0.09519028700445346
UP000009297	0.01568243364441484	0.016502459358477318	0.03218489300289216	0.03218489300289216	0.03218489300289216	0.030585589572209065	0.03218489300289216	0.030585589572209065	0.030585589572209065	0.03218489300289216	0.030585589572209065	0.045488745500003286	0.0677356462370655	0.0677356462370655	0.0677356462370655	0.06436978600578432	0.06436978600578432	0.11063780922240823	0.09992053923995768	0.0965546790086765
UP000001628	0.015532630387007274	0.016619621576966843	0.032152251963974116	0.032152251963974116	0.032152251963974116	0.03004936325135528	0.032152251963974116	0.03004936325135528	0.03004936325135528	0.032152251963974116	0.03004936325135528	0.04456609611570328	0.06880460645423178	0.06880460645423178	0.06880460645423178	0.06430450392794823	0.06430450392794823	0.10988649756631079	0.1009568584182059	0.09645675589192236
UP000016936	0.014195063037247158	0.01750813793249631	0.03170320096974347	0.03170320096974347	0.03170320096974347	0.025703986225327765	0.03170320096974347	0.025703986225327765	0.025703986225327765	0.03170320096974347	0.025703986225327765	0.03721290941340837	0.07820522022670254	0.07820522022670254	0.07820522022670254	0.06340640193948693	0.06340640193948693	0.10330545120206186	0.109908421196446	0.09510960290923041
UP000009328	0.01962929679021181	0.009113789713609325	0.028743086503821135	0.028743086503821135	0.028743086503821135	0.06190691176555515	0.028743086503821135	0.06190691176555515	0.06190691176555515	0.028743086503821135	0.06190691176555515	0.1041845267408985	0.026690558394993978	0.026690558394993978	0.026690558394993978	0.05748617300764227	0.05748617300764227	0.1390223815634092	0.05543364489881511	0.08622925951146342
UP000008177	0.01713044946508958	0.015137085296581568	0.03226753476167115	0.03226753476167115	0.03226753476167115	0.03651676414366636	0.03226753476167115	0.03651676414366636	0.03651676414366636	0.03226753476167115	0.03651676414366636	0.05590307882224314	0.05702552370189928	0.05702552370189928	0.05702552370189928	0.0645350695233423	0.0645350695233423	0.11818228313209823	0.08929305846357043	0.09680260428501346
UP000030671	0.014707340374411857	0.017199433699188398	0.03190677407360026	0.03190677407360026	0.03190677407360026	0.027283676588261273	0.03190677407360026	0.027283676588261273	0.027283676588261273	0.03190677407360026	0.027283676588261273	0.03986001280211069	0.07462646967614177	0.07462646967614177	0.07462646967614177	0.06381354814720051	0.06381354814720051	0.10580456510987363	0.10653324374974202	0.09572032222080078
UP000018087	0.014101931689529923	0.017560333541507663	0.03166226523103758	0.03166226523103758	0.03166226523103758	0.025426572927471608	0.03166226523103758	0.025426572927471608	0.025426572927471608	0.03166226523103758	0.025426572927471608	0.0367512141654133	0.07885443645277436	0.07885443645277436	0.07885443645277436	0.06332453046207516	0.06332453046207516	0.1028530350790767	0.11051670168381195	0.09498679569311276
UP000002485	0.018867325259432237	0.012524226075628184	0.03139155133506042	0.03139155133506042	0.03139155133506042	0.04729031605308532	0.03139155133506042	0.04729031605308532	0.04729031605308532	0.03139155133506042	0.04729031605308532	0.07571330684673841	0.041675741566859	0.041675741566859	0.041675741566859	0.06278310267012084	0.06278310267012084	0.12894074398263838	0.07306729290191943	0.09417465400518127
UP000006702	0.01427383506409116	0.017463063786043356	0.03173689885013452	0.03173689885013452	0.03173689885013452	0.025940881003630765	0.03173689885013452	0.025940881003630765	0.025940881003630765	0.03173689885013452	0.025940881003630765	0.03760792694317037	0.0776558628431081	0.0776558628431081	0.0776558628431081	0.06347379770026904	0.06347379770026904	0.10368851376799094	0.10939276169324261	0.09521069655040355
UP000001631	0.015475806975445114	0.016663054688554783	0.032138861663999894	0.032138861663999894	0.032138861663999894	0.029848957998332853	0.032138861663999894	0.029848957998332853	0.029848957998332853	0.032138861663999894	0.029848957998332853	0.0442221090212206	0.06920887684691794	0.06920887684691794	0.06920887684691794	0.06427772332799979	0.06427772332799979	0.10960248830177775	0.10134773851091784	0.09641658499199969
UP000054321	0.016826675773239617	0.01546370501376339	0.032290380787003005	0.032290380787003005	0.032290380787003005	0.03513645453102919	0.032290380787003005	0.03513645453102919	0.03513645453102919	0.032290380787003005	0.03513645453102919	0.05344623328881877	0.05934968142268689	0.05934968142268689	0.05934968142268689	0.06458076157400601	0.06458076157400601	0.11654389187827482	0.09164006220968988	0.09687114236100904
UP000008181	0.010047611080905662	0.018775023667336632	0.02882263474824229	0.02882263474824229	0.02882263474824229	0.015424674259194554	0.02882263474824229	0.015424674259194554	0.015424674259194554	0.02882263474824229	0.015424674259194554	0.020801737437483446	0.10771628105344039	0.10771628105344039	0.10771628105344039	0.05764526949648458	0.05764526949648458	0.0831175548365848	0.13653891580168268	0.08646790424472688
UP000000724	0.01486539754059728	0.017096553236576644	0.031961950777173925	0.031961950777173925	0.031961950777173925	0.027790812446288757	0.031961950777173925	0.027790812446288757	0.027790812446288757	0.031961950777173925	0.027790812446288757	0.04071622735198024	0.07351827511029897	0.07351827511029897	0.07351827511029897	0.06392390155434785	0.06392390155434785	0.1065801115412339	0.1054802258874729	0.09588585233152178
UP000030816	0.015188752368321156	0.016874280789692178	0.032063033158013336	0.032063033158013336	0.032063033158013336	0.028860339405506513	0.032063033158013336	0.028860339405506513	0.028860339405506513	0.032063033158013336	0.028860339405506513	0.042531926442691874	0.07124227340831024	0.07124227340831024	0.07124227340831024	0.06412606631602667	0.06412606631602667	0.10817515808985434	0.10330530656632358	0.09618909947404
UP000269793	0.014337420656480583	0.017426054596110702	0.03176347525259129	0.03176347525259129	0.03176347525259129	0.02613364394656227	0.03176347525259129	0.02613364394656227	0.02613364394656227	0.03176347525259129	0.02613364394656227	0.03792986723664396	0.07721222208315089	0.07721222208315089	0.07721222208315089	0.06352695050518258	0.06352695050518258	0.10399801510822541	0.10897569733574218	0.09529042575777387
UP000009882	0.01426144325382208	0.0174702111167976	0.03173165437061968	0.03173165437061968	0.03173165437061968	0.025903475643827324	0.03173165437061968	0.025903475643827324	0.025903475643827324	0.03173165437061968	0.025903475643827324	0.03754550803383257	0.07774230014082346	0.07774230014082346	0.07774230014082346	0.06346330874123936	0.06346330874123936	0.10362822763888876	0.10947395451144315	0.09519496311185903
UP000001640	0.019445800660801725	0.010845668248653958	0.030291468909455683	0.030291468909455683	0.030291468909455683	0.05431125612838596	0.030291468909455683	0.05431125612838596	0.05431125612838596	0.030291468909455683	0.05431125612838596	0.08917671159597021	0.03378942613750182	0.03378942613750182	0.03378942613750182	0.060582937818911366	0.060582937818911366	0.13433999460809903	0.0640808950469575	0.09087440672836704
UP000054361	0.013836040854665787	0.017702925675590696	0.031538966530256486	0.031538966530256486	0.031538966530256486	0.024649848133760803	0.031538966530256486	0.024649848133760803	0.024649848133760803	0.031538966530256486	0.024649848133760803	0.035463655412855816	0.08070689964489264	0.08070689964489264	0.08070689964489264	0.06307793306051297	0.06307793306051297	0.10156382204893956	0.11224586617514912	0.09461689959076944
UP000218811	0.010653759656300865	0.018721887755566914	0.02937564741186778	0.02937564741186778	0.02937564741186778	0.01671632109754624	0.02937564741186778	0.01671632109754624	0.01671632109754624	0.02937564741186778	0.01671632109754624	0.02277888253879162	0.10324384843182295	0.10324384843182295	0.10324384843182295	0.05875129482373556	0.05875129482373556	0.08612137557758266	0.13261949584369073	0.08812694223560334
UP000000741	0.01833151498236622	0.005391622053637123	0.023723137036003344	0.023723137036003344	0.023723137036003344	0.0806586659224114	0.023723137036003344	0.0806586659224114	0.0806586659224114	0.023723137036003344	0.0806586659224114	0.1429858168624566	0.01395478649176667	0.01395478649176667	0.01395478649176667	0.04744627407200669	0.04744627407200669	0.1464364549767843	0.03767792352777001	0.07116941110801003
UP000001742	0.019414608966954648	0.00759393650608488	0.027008545473039526	0.027008545473039526	0.027008545473039526	0.06904987271161873	0.027008545473039526	0.06904987271161873	0.06904987271161873	0.027008545473039526	0.06904987271161873	0.11868513645628281	0.021128540862509093	0.021128540862509093	0.021128540862509093	0.05401709094607905	0.05401709094607905	0.14248157262465244	0.04813708633554862	0.08102563641911859
UP000184304	0.014455288217810289	0.017355959035552183	0.03181124725336247	0.03181124725336247	0.03181124725336247	0.02649468961487155	0.03181124725336247	0.02649468961487155	0.02649468961487155	0.03181124725336247	0.02649468961487155	0.03853409101193281	0.07638930416052489	0.07638930416052489	0.07638930416052489	0.06362249450672494	0.06362249450672494	0.10457247233940678	0.10820055141388735	0.0954337417600874
UP000000819	0.01672003912698182	0.015572641441660448	0.03229268056864227	0.03229268056864227	0.03229268056864227	0.03467201660332155	0.03229268056864227	0.03467201660332155	0.03467201660332155	0.03229268056864227	0.03467201660332155	0.05262399407966129	0.060153248669618194	0.060153248669618194	0.060153248669618194	0.06458536113728454	0.06458536113728454	0.11597741686758792	0.09244592923826045	0.09687804170592682
UP000006706	0.014126679565558919	0.017546578671777658	0.031673258237336584	0.031673258237336584	0.031673258237336584	0.025500012183897903	0.031673258237336584	0.025500012183897903	0.025500012183897903	0.031673258237336584	0.025500012183897903	0.03687334480223689	0.07868194572883236	0.07868194572883236	0.07868194572883236	0.06334651647467317	0.06334651647467317	0.10297320822412998	0.11035520396616894	0.09501977471200974
UP000011064	0.013142461057622986	0.018031499141740785	0.03117396019936377	0.03117396019936377	0.03117396019936377	0.02272149169137104	0.03117396019936377	0.02272149169137104	0.02272149169137104	0.03117396019936377	0.02272149169137104	0.03230052232511909	0.08554154874264559	0.08554154874264559	0.08554154874264559	0.06234792039872754	0.06234792039872754	0.09821187314772155	0.11671550894200937	0.09352188059809133
UP000031176	0.014586674255705177	0.017275508095811718	0.031862182351516895	0.031862182351516895	0.031862182351516895	0.026903016250510906	0.031862182351516895	0.026903016250510906	0.026903016250510906	0.031862182351516895	0.026903016250510906	0.03921935824531664	0.07547099215553836	0.07547099215553836	0.07547099215553836	0.06372436470303379	0.06372436470303379	0.10521405520924987	0.10733317450705525	0.09558654705455069
UP000011185	0.017990355402366126	0.014049592219726358	0.03203994762209248	0.03203994762209248	0.03203994762209248	0.041026816706133964	0.03203994762209248	0.041026816706133964	0.041026816706133964	0.03203994762209248	0.041026816706133964	0.0640632780099018	0.050043280275895635	0.050043280275895635	0.050043280275895635	0.06407989524418496	0.06407989524418496	0.12309706735268505	0.08208322789798812	0.09611984286627745
UP000001743	0.013722999146221852	0.017760709218141005	0.03148370836436286	0.03148370836436286	0.03148370836436286	0.024326219054515413	0.03148370836436286	0.024326219054515413	0.024326219054515413	0.03148370836436286	0.024326219054515413	0.03492943896280897	0.0814942831971466	0.0814942831971466	0.0814942831971466	0.06296741672872572	0.06296741672872572	0.10101663492946299	0.11297799156150948	0.09445112509308856
UP000054383	0.01626867934129991	0.016004344808522145	0.032273024149822055	0.032273024149822055	0.032273024149822055	0.03280605907640188	0.032273024149822055	0.03280605907640188	0.03280605907640188	0.032273024149822055	0.03280605907640188	0.04934343881150385	0.06349730001700851	0.06349730001700851	0.06349730001700851	0.06454604829964411	0.06454604829964411	0.11362078671734589	0.09577032416683055	0.09681907244946616
UP000001744	0.017358971462042166	0.014873853831315186	0.03223282529335735	0.03223282529335735	0.03223282529335735	0.037618273028228774	0.03223282529335735	0.037618273028228774	0.037618273028228774	0.03223282529335735	0.037618273028228774	0.05787757459441538	0.05523672102717023	0.05523672102717023	0.05523672102717023	0.0644656505867147	0.0644656505867147	0.11944289507698565	0.08746954632052759	0.09669847588007208
UP000033540	0.01420704462997049	0.017501336903856145	0.031708381533826636	0.031708381533826636	0.031708381533826636	0.02573988456253021	0.031708381533826636	0.02573988456253021	0.02573988456253021	0.031708381533826636	0.02573988456253021	0.03727272449508993	0.07812167588026557	0.07812167588026557	0.07812167588026557	0.06341676306765327	0.06341676306765327	0.10336369226015397	0.1098300574140922	0.0951251446014799
UP000006753	0.012056635762630425	0.0184253122417849	0.030481948004415328	0.030481948004415328	0.030481948004415328	0.019945916769390577	0.030481948004415328	0.019945916769390577	0.019945916769390577	0.030481948004415328	0.019945916769390577	0.02783519777615073	0.0931668536359052	0.0931668536359052	0.0931668536359052	0.060963896008830655	0.060963896008830655	0.09296644854085166	0.12364880164032052	0.09144584401324597
UP000219338	0.01573685378999989	0.016458922554120497	0.03219577634412039	0.03219577634412039	0.03219577634412039	0.030783316667111794	0.03219577634412039	0.030783316667111794	0.030783316667111794	0.03219577634412039	0.030783316667111794	0.0458297795442237	0.06734609045607279	0.06734609045607279	0.06734609045607279	0.06439155268824077	0.06439155268824077	0.11091172314535247	0.09954186680019317	0.09658732903236117
UP000184499	0.014419016480771023	0.017377737516326656	0.03179675399709768	0.03179675399709768	0.03179675399709768	0.026383061632069545	0.03179675399709768	0.026383061632069545	0.026383061632069545	0.03179675399709768	0.026383061632069545	0.03834710678336807	0.07664262615548759	0.07664262615548759	0.07664262615548759	0.06359350799419536	0.06359350799419536	0.10439558610703593	0.10843938015258528	0.09539026199129305
