Proteome_ID	M	W	C	D	E	F	H	K	N	Q	Y	I	A	G	P	T	V	L	R	S
UP000000242	0.016925487597800083	0.031620851277539816	0.031620851277539816	0.031620851277539816	0.031620851277539816	0.03641953597022919	0.031620851277539816	0.016925487597800083	0.05591358434265831	0.031620851277539816	0.05591358434265831	0.05591358434265831	0.05490889484883238	0.05490889484883238	0.05490889484883238	0.06324170255507963	0.06324170255507963	0.09966123852530884	0.05490889484883238	0.12648340511015926
UP000000254	0.01878377291362755	0.029310044095733196	0.029310044095733196	0.029310044095733196	0.029310044095733196	0.052302776819828325	0.029310044095733196	0.01878377291362755	0.0858217807260291	0.029310044095733196	0.0858217807260291	0.0858217807260291	0.03285021320581747	0.03285021320581747	0.03285021320581747	0.05862008819146639	0.05862008819146639	0.11092286501129471	0.03285021320581747	0.11724017638293278
UP000000262	0.01363884704086639	0.031180042351814055	0.031180042351814055	0.031180042351814055	0.031180042351814055	0.024243492009847135	0.031180042351814055	0.01363884704086639	0.03484813697882788	0.031180042351814055	0.03484813697882788	0.03484813697882788	0.08020255833326614	0.08020255833326614	0.08020255833326614	0.06236008470362811	0.06236008470362811	0.08660357671347524	0.08020255833326614	0.12472016940725622
UP000000346	0.013250506893935043	0.03099773402878548	0.03099773402878548	0.03099773402878548	0.03099773402878548	0.023143654235326733	0.03099773402878548	0.013250506893935043	0.03303680157671843	0.03099773402878548	0.03303680157671843	0.03303680157671843	0.08303438213768838	0.08303438213768838	0.08303438213768838	0.06199546805757096	0.06199546805757096	0.08513912229289769	0.08303438213768838	0.12399093611514192
UP000000365	0.015594649784233427	0.03172817774240288	0.03172817774240288	0.03172817774240288	0.03172817774240288	0.030668420538121594	0.03172817774240288	0.015594649784233427	0.04574219129200975	0.03172817774240288	0.04574219129200975	0.04574219129200975	0.06564911040020369	0.06564911040020369	0.06564911040020369	0.06345635548480576	0.06345635548480576	0.09412477602292735	0.06564911040020369	0.12691271096961151
UP000000391	0.018690224402557624	0.02971706976490874	0.02971706976490874	0.02971706976490874	0.02971706976490874	0.05036968273709243	0.02971706976490874	0.018690224402557624	0.08204914107162722	0.02971706976490874	0.08204914107162722	0.08204914107162722	0.0350649115668196	0.0350649115668196	0.0350649115668196	0.05943413952981748	0.05943413952981748	0.10980382226690989	0.0350649115668196	0.11886827905963496
UP000000536	0.015067362319648872	0.03164830238347494	0.03164830238347494	0.03164830238347494	0.03164830238347494	0.028759312619069253	0.03164830238347494	0.015067362319648872	0.042451262918489635	0.03164830238347494	0.042451262918489635	0.042451262918489635	0.06965500580787393	0.06965500580787393	0.06965500580787393	0.06329660476694988	0.06329660476694988	0.09205591738601912	0.06965500580787393	0.12659320953389977
UP000000554	0.009352470294860237	0.028044179587679133	0.028044179587679133	0.028044179587679133	0.028044179587679133	0.014032015608024688	0.028044179587679133	0.009352470294860237	0.01871156092118914	0.028044179587679133	0.01871156092118914	0.01871156092118914	0.11209736800694915	0.11209736800694915	0.11209736800694915	0.05608835917535827	0.05608835917535827	0.07012037478338295	0.11209736800694915	0.11217671835071653
UP000000578	0.01880143097667347	0.027285817708376882	0.027285817708376882	0.027285817708376882	0.027285817708376882	0.06046546845503644	0.027285817708376882	0.01880143097667347	0.10212950593339941	0.027285817708376882	0.10212950593339941	0.10212950593339941	0.02462615000058796	0.02462615000058796	0.02462615000058796	0.054571635416753764	0.054571635416753764	0.1150371038717902	0.02462615000058796	0.10914327083350753
UP000000590	0.018865919424792807	0.028467063971654806	0.028467063971654806	0.028467063971654806	0.028467063971654806	0.05593680342258688	0.028467063971654806	0.018865919424792807	0.09300768742038097	0.028467063971654806	0.09300768742038097	0.09300768742038097	0.02897461712440521	0.02897461712440521	0.02897461712440521	0.05693412794330961	0.05693412794330961	0.1128709313658965	0.02897461712440521	0.11386825588661922
UP000000641	0.0130509041146088	0.030895663374774708	0.030895663374774708	0.030895663374774708	0.030895663374774708	0.02259578481181857	0.030895663374774708	0.0130509041146088	0.032140665509028346	0.030895663374774708	0.032140665509028346	0.032140665509028346	0.08448850290591622	0.08448850290591622	0.08448850290591622	0.061791326749549416	0.061791326749549416	0.08438711156136801	0.08448850290591622	0.12358265349909883
UP000000663	0.01380189231312733	0.03125000077600421	0.03125000077600421	0.03125000077600421	0.03125000077600421	0.024719536012354687	0.03125000077600421	0.01380189231312733	0.03563717971158204	0.03125000077600421	0.03563717971158204	0.03563717971158204	0.07901139794955565	0.07901139794955565	0.07901139794955565	0.06250000155200842	0.06250000155200842	0.08721953756436311	0.07901139794955565	0.12500000310401685
UP000000674	0.014263749630516288	0.03142609526021852	0.03142609526021852	0.03142609526021852	0.03142609526021852	0.026118455153399025	0.03142609526021852	0.014263749630516288	0.03797316067628176	0.03142609526021852	0.03797316067628176	0.03797316067628176	0.0756246460599569	0.0756246460599569	0.0756246460599569	0.06285219052043704	0.06285219052043704	0.08897064567383609	0.0756246460599569	0.12570438104087409
UP000000740	0.010119093782661714	0.0287838449051209	0.0287838449051209	0.0287838449051209	0.0287838449051209	0.015605159913974355	0.0287838449051209	0.010119093782661714	0.021091226045286997	0.0287838449051209	0.021091226045286997	0.021091226045286997	0.1061840739972331	0.1061840739972331	0.1061840739972331	0.0575676898102418	0.0575676898102418	0.07317284972421616	0.1061840739972331	0.1151353796204836
UP000000758	0.01336358717341752	0.03105306241478897	0.03105306241478897	0.03105306241478897	0.03105306241478897	0.023459164329028136	0.03105306241478897	0.01336358717341752	0.03355474148463875	0.03105306241478897	0.03355474148463875	0.03355474148463875	0.08221031847614224	0.08221031847614224	0.08221031847614224	0.06210612482957794	0.06210612482957794	0.08556528915860608	0.08221031847614224	0.12421224965915588
UP000000792	0.01885578248807637	0.028702180827307675	0.028702180827307675	0.028702180827307675	0.028702180827307675	0.0549644712683237	0.028702180827307675	0.01885578248807637	0.09107316004857102	0.028702180827307675	0.09107316004857102	0.09107316004857102	0.02997627977614104	0.02997627977614104	0.02997627977614104	0.05740436165461535	0.05740436165461535	0.11236883292293905	0.02997627977614104	0.1148087233092307
UP000000805	0.018828459465936608	0.02752869256945696	0.02752869256945696	0.02752869256945696	0.02752869256945696	0.05957574538830725	0.02752869256945696	0.018828459465936608	0.1003230313106779	0.02752869256945696	0.1003230313106779	0.1003230313106779	0.02544085381204183	0.02544085381204183	0.02544085381204183	0.05505738513891392	0.05505738513891392	0.11463313052722117	0.02544085381204183	0.11011477027782784
UP000001013	0.0181909273936384	0.030752090386738894	0.030752090386738894	0.030752090386738894	0.030752090386738894	0.04453481287799871	0.030752090386738894	0.0181909273936384	0.07087869836235902	0.030752090386738894	0.07087869836235902	0.07087869836235902	0.04246974454545663	0.04246974454545663	0.04246974454545663	0.06150418077347779	0.06150418077347779	0.10603899365147648	0.04246974454545663	0.12300836154695557
UP000001015	0.01886781349883935	0.028262523705150113	0.028262523705150113	0.028262523705150113	0.028262523705150113	0.05676088081110727	0.028262523705150113	0.01886781349883935	0.09465394812337519	0.028262523705150113	0.09465394812337519	0.09465394812337519	0.028145096931894844	0.028145096931894844	0.028145096931894844	0.056525047410300226	0.056525047410300226	0.11328592822140751	0.028145096931894844	0.11305009482060045
UP000001018	0.018698550306502408	0.029687257762897677	0.029687257762897677	0.029687257762897677	0.029687257762897677	0.05051628546345376	0.029687257762897677	0.018698550306502408	0.08233402062040512	0.029687257762897677	0.08233402062040512	0.08233402062040512	0.034893035598127384	0.034893035598127384	0.034893035598127384	0.059374515525795354	0.059374515525795354	0.10989080098924912	0.034893035598127384	0.11874903105159071
UP000001024	0.01686331984690453	0.0316385680105693	0.0316385680105693	0.0316385680105693	0.0316385680105693	0.03610980241755465	0.0316385680105693	0.01686331984690453	0.05535628498820477	0.0316385680105693	0.05535628498820477	0.05535628498820477	0.05544195308433963	0.05544195308433963	0.05544195308433963	0.0632771360211386	0.0632771360211386	0.09938693843869327	0.05544195308433963	0.1265542720422772
UP000001059	0.01777069161983613	0.031184502831672924	0.031184502831672924	0.031184502831672924	0.031184502831672924	0.041313402610776845	0.031184502831672924	0.01777069161983613	0.06485611360171756	0.031184502831672924	0.06485611360171756	0.06485611360171756	0.04707785635671371	0.04707785635671371	0.04707785635671371	0.06236900566334585	0.06236900566334585	0.10368240827412269	0.04707785635671371	0.1247380113266917
UP000001137	0.01765065716336641	0.031274306733629395	0.031274306733629395	0.031274306733629395	0.031274306733629395	0.04051866303007075	0.031274306733629395	0.01765065716336641	0.06338666889677509	0.031274306733629395	0.06338666889677509	0.06338666889677509	0.04827811129618257	0.04827811129618257	0.04827811129618257	0.06254861346725879	0.06254861346725879	0.10306727649732955	0.04827811129618257	0.12509722693451758
UP000001169	0.011481111258099887	0.02990507990188567	0.02990507990188567	0.02990507990188567	0.02990507990188567	0.018635699841560605	0.02990507990188567	0.011481111258099887	0.02579028842502132	0.02990507990188567	0.02579028842502132	0.02579028842502132	0.09597855852386107	0.09597855852386107	0.09597855852386107	0.05981015980377134	0.05981015980377134	0.07844585964533195	0.09597855852386107	0.11962031960754269
UP000001304	0.018790384093962255	0.029272506953043762	0.029272506953043762	0.029272506953043762	0.029272506953043762	0.052474260837758406	0.029272506953043762	0.018790384093962255	0.08615813758155455	0.029272506953043762	0.08615813758155455	0.08615813758155455	0.032659046535798694	0.032659046535798694	0.032659046535798694	0.058545013906087524	0.058545013906087524	0.1110192747438459	0.032659046535798694	0.11709002781217505
UP000001400	0.01843382345202094	0.0303683281563899	0.0303683281563899	0.0303683281563899	0.0303683281563899	0.04690637891013575	0.0303683281563899	0.01843382345202094	0.07537893436825056	0.0303683281563899	0.07537893436825056	0.07537893436825056	0.03932238541717415	0.03932238541717415	0.03932238541717415	0.0607366563127798	0.0607366563127798	0.10764303522291556	0.03932238541717415	0.1214733126255596
UP000001686	0.01604898135413459	0.031747665080069314	0.031747665080069314	0.031747665080069314	0.031747665080069314	0.03245607681525572	0.031747665080069314	0.01604898135413459	0.04886317227637684	0.031747665080069314	0.04886317227637684	0.04886317227637684	0.06210943138774497	0.06210943138774497	0.06210943138774497	0.06349533016013863	0.06349533016013863	0.09595140697539435	0.06210943138774497	0.12699066032027725
UP000001746	0.009605196482403459	0.028296906448175247	0.028296906448175247	0.028296906448175247	0.028296906448175247	0.014541063753751114	0.028296906448175247	0.009605196482403459	0.019476931025098766	0.028296906448175247	0.019476931025098766	0.019476931025098766	0.11013154582039764	0.11013154582039764	0.11013154582039764	0.056593812896350494	0.056593812896350494	0.07113487665010161	0.11013154582039764	0.11318762579270099
UP000001826	0.011808102609900303	0.03013825758615281	0.03013825758615281	0.03013825758615281	0.03013825758615281	0.019414764278968214	0.03013825758615281	0.011808102609900303	0.027021425948036127	0.03013825758615281	0.027021425948036127	0.027021425948036127	0.0935694667499274	0.0935694667499274	0.0935694667499274	0.06027651517230562	0.06027651517230562	0.07969127945127384	0.0935694667499274	0.12055303034461123
UP000001879	0.011546466733785943	0.029952798005814952	0.029952798005814952	0.029952798005814952	0.029952798005814952	0.01878967517462419	0.029952798005814952	0.011546466733785943	0.026032883615462438	0.029952798005814952	0.026032883615462438	0.026032883615462438	0.0954960743109383	0.0954960743109383	0.0954960743109383	0.059905596011629904	0.059905596011629904	0.07869527118625409	0.0954960743109383	0.11981119202325981
UP000001901	0.01799621864497664	0.03097934837485827	0.03097934837485827	0.03097934837485827	0.03097934837485827	0.04294119664765408	0.03097934837485827	0.01799621864497664	0.06788617465033152	0.03097934837485827	0.06788617465033152	0.06788617465033152	0.04469926786650293	0.04469926786650293	0.04469926786650293	0.06195869674971654	0.06195869674971654	0.1048998933973706	0.04469926786650293	0.12391739349943308
UP000001931	0.018612756529474635	0.026212040121803042	0.026212040121803042	0.026212040121803042	0.026212040121803042	0.06420056772462882	0.026212040121803042	0.018612756529474635	0.10978837891978302	0.026212040121803042	0.10978837891978302	0.10978837891978302	0.02140389319589884	0.02140389319589884	0.02140389319589884	0.052424080243606085	0.052424080243606085	0.11662464796823492	0.02140389319589884	0.10484816048721217
UP000001941	0.017077433967406873	0.031570724444647195	0.031570724444647195	0.031570724444647195	0.031570724444647195	0.03719976239028089	0.031570724444647195	0.017077433967406873	0.05732209081315489	0.031570724444647195	0.05732209081315489	0.05732209081315489	0.05358693593270117	0.05358693593270117	0.05358693593270117	0.06314144888929439	0.06314144888929439	0.10034121127957527	0.05358693593270117	0.12628289777858878
UP000001974	0.018760476217709116	0.029430058492031515	0.029430058492031515	0.029430058492031515	0.029430058492031515	0.05174728477930121	0.029430058492031515	0.018760476217709116	0.08473409334089331	0.029430058492031515	0.08473409334089331	0.08473409334089331	0.03347531552769877	0.03347531552769877	0.03347531552769877	0.05886011698406303	0.05886011698406303	0.11060740176336424	0.03347531552769877	0.11772023396812606
UP000001975	0.01631812435342683	0.03173428469249557	0.03173428469249557	0.03173428469249557	0.03173428469249557	0.033590984557084196	0.03173428469249557	0.01631812435342683	0.05086384476074158	0.03173428469249557	0.05086384476074158	0.05086384476074158	0.05996042320420601	0.05996042320420601	0.05996042320420601	0.06346856938499114	0.06346856938499114	0.09705955394207534	0.05996042320420601	0.12693713876998228
UP000002071	0.010773473417322574	0.02935284548027964	0.02935284548027964	0.02935284548027964	0.02935284548027964	0.017020602172829233	0.02935284548027964	0.010773473417322574	0.023267730928335895	0.02935284548027964	0.023267730928335895	0.023267730928335895	0.1012407820875536	0.1012407820875536	0.1012407820875536	0.05870569096055928	0.05870569096055928	0.07572629313338852	0.1012407820875536	0.11741138192111857
UP000002199	0.016262376104819728	0.031738720688261716	0.031738720688261716	0.031738720688261716	0.031738720688261716	0.033350705661500724	0.031738720688261716	0.016262376104819728	0.05043903521818172	0.031738720688261716	0.05043903521818172	0.05043903521818172	0.06040929995015664	0.06040929995015664	0.06040929995015664	0.06347744137652343	0.06347744137652343	0.09682814703802416	0.06040929995015664	0.12695488275304687
UP000002315	0.018819208100927513	0.027438853839723363	0.027438853839723363	0.027438853839723363	0.027438853839723363	0.05990704445503405	0.027438853839723363	0.018819208100927513	0.1009948808091406	0.027438853839723363	0.1009948808091406	0.1009948808091406	0.025135297756270315	0.025135297756270315	0.025135297756270315	0.054877707679446726	0.054877707679446726	0.11478475213448079	0.025135297756270315	0.10975541535889345
UP000002376	0.016852700094736824	0.03164144020423151	0.03164144020423151	0.03164144020423151	0.03164144020423151	0.03605741248945934	0.03164144020423151	0.016852700094736824	0.055262124884181855	0.03164144020423151	0.055262124884181855	0.055262124884181855	0.05553258922783952	0.05553258922783952	0.05553258922783952	0.06328288040846301	0.06328288040846301	0.09934029289792234	0.05553258922783952	0.12656576081692603
UP000002408	0.014060758971547774	0.031352800904225854	0.031352800904225854	0.031352800904225854	0.031352800904225854	0.02549404970873615	0.031352800904225854	0.014060758971547774	0.03692734044592452	0.031352800904225854	0.03692734044592452	0.03692734044592452	0.07711588670851123	0.07711588670851123	0.07711588670851123	0.06270560180845171	0.06270560180845171	0.08819965151718784	0.07711588670851123	0.12541120361690342
UP000002439	0.015374102665071165	0.03170173436322266	0.03170173436322266	0.03170173436322266	0.03170173436322266	0.029850362120562666	0.03170173436322266	0.015374102665071165	0.04432662157605416	0.03170173436322266	0.04432662157605416	0.04432662157605416	0.06733586397225182	0.06733586397225182	0.06733586397225182	0.06340346872644533	0.06340346872644533	0.093253830847008	0.06733586397225182	0.12680693745289065
UP000002457	0.013725364518482682	0.031217658784998065	0.031217658784998065	0.031217658784998065	0.031217658784998065	0.024494999895920876	0.031217658784998065	0.013725364518482682	0.03526463527335907	0.031217658784998065	0.03526463527335907	0.03526463527335907	0.07957070619778664	0.07957070619778664	0.07957070619778664	0.06243531756999613	0.06243531756999613	0.08693031746591702	0.07957070619778664	0.12487063513999226
UP000002487	0.0174689449853084	0.03138961737279405	0.03138961737279405	0.03138961737279405	0.03138961737279405	0.039390590032717665	0.03138961737279405	0.0174689449853084	0.061312235080126926	0.03138961737279405	0.061312235080126926	0.061312235080126926	0.05002758668971555	0.05002758668971555	0.05002758668971555	0.0627792347455881	0.0627792347455881	0.10216982477830575	0.05002758668971555	0.1255584694911762
UP000002518	0.013515847237056674	0.03112466342067778	0.03112466342067778	0.03112466342067778	0.03112466342067778	0.0238900895842152	0.03112466342067778	0.013515847237056674	0.03426433193137373	0.03112466342067778	0.03426433193137373	0.03426433193137373	0.08110012895812263	0.08110012895812263	0.08110012895812263	0.06224932684135556	0.06224932684135556	0.08613941642557077	0.08110012895812263	0.12449865368271112
UP000002593	0.014591974323918039	0.031530406013824244	0.031530406013824244	0.031530406013824244	0.031530406013824244	0.027162542754805775	0.031530406013824244	0.014591974323918039	0.03973311118569351	0.031530406013824244	0.03973311118569351	0.03973311118569351	0.07320128401607097	0.07320128401607097	0.07320128401607097	0.06306081202764849	0.06306081202764849	0.09022335478245426	0.07320128401607097	0.12612162405529698
UP000002613	0.017507317742133176	0.0313671460820439	0.0313671460820439	0.0313671460820439	0.0313671460820439	0.039622034245612274	0.0313671460820439	0.017507317742133176	0.06173675074909138	0.0313671460820439	0.06173675074909138	0.06173675074909138	0.049664176616133156	0.049664176616133156	0.049664176616133156	0.0627342921640878	0.0627342921640878	0.10235632640970006	0.049664176616133156	0.1254685843281756
UP000002654	0.014106218041467701	0.03136978244727993	0.03136978244727993	0.03136978244727993	0.03136978244727993	0.025632539185578312	0.03136978244727993	0.014106218041467701	0.03715886032968893	0.03136978244727993	0.03715886032968893	0.03715886032968893	0.07678234635009061	0.07678234635009061	0.07678234635009061	0.06273956489455985	0.06273956489455985	0.08837210408013817	0.07678234635009061	0.1254791297891197
UP000002698	0.010651872469673208	0.029251376332516843	0.029251376332516843	0.029251376332516843	0.029251376332516843	0.016752163528342072	0.029251376332516843	0.010651872469673208	0.022852454587010938	0.029251376332516843	0.022852454587010938	0.022852454587010938	0.10215313573066676	0.10215313573066676	0.10215313573066676	0.058502752665033686	0.058502752665033686	0.07525491619337575	0.10215313573066676	0.11700550533006737
UP000005223	0.0159189560039413	0.03174720822656928	0.03174720822656928	0.03174720822656928	0.03174720822656928	0.0319291355671113	0.03174720822656928	0.0159189560039413	0.0479393151302813	0.03174720822656928	0.0479393151302813	0.0479393151302813	0.06313263496048563	0.06313263496048563	0.06313263496048563	0.06349441645313857	0.06349441645313857	0.09542355202024987	0.06313263496048563	0.12698883290627713
UP000005877	0.01141742191818267	0.02985804399639803	0.02985804399639803	0.02985804399639803	0.02985804399639803	0.018486463445355147	0.02985804399639803	0.01141742191818267	0.025555504972527624	0.02985804399639803	0.025555504972527624	0.025555504972527624	0.09644925260324326	0.09644925260324326	0.09644925260324326	0.05971608799279606	0.05971608799279606	0.07820255143815122	0.09644925260324326	0.11943217598559212
UP000006565	0.016483340464104445	0.031715682952964334	0.031715682952964334	0.031715682952964334	0.031715682952964334	0.03432042054908086	0.031715682952964334	0.016483340464104445	0.05215750063405728	0.031715682952964334	0.05215750063405728	0.05215750063405728	0.05861726220600704	0.05861726220600704	0.05861726220600704	0.06343136590592867	0.06343136590592867	0.09775178645500954	0.05861726220600704	0.12686273181185734
UP000006622	0.018331004710595344	0.03054818436919824	0.03054818436919824	0.03054818436919824	0.03054818436919824	0.04583536685388686	0.03054818436919824	0.018331004710595344	0.07333972899717837	0.03054818436919824	0.07333972899717837	0.07333972899717837	0.04071927999308214	0.04071927999308214	0.04071927999308214	0.06109636873839648	0.06109636873839648	0.10693173559228333	0.04071927999308214	0.12219273747679296
UP000006663	0.011907875453676562	0.030206628785226605	0.030206628785226605	0.030206628785226605	0.030206628785226605	0.01965690049658977	0.030206628785226605	0.011907875453676562	0.027405925539502978	0.030206628785226605	0.027405925539502978	0.027405925539502978	0.09283665272933317	0.09283665272933317	0.09283665272933317	0.06041325757045321	0.06041325757045321	0.080070158067043	0.09283665272933317	0.12082651514090642
UP000006681	0.01715032885526963	0.0315430021017112	0.0315430021017112	0.0315430021017112	0.0315430021017112	0.037586683853922526	0.0315430021017112	0.01715032885526963	0.05802303885257541	0.0315430021017112	0.05802303885257541	0.05802303885257541	0.052942206099127524	0.052942206099127524	0.052942206099127524	0.0630860042034224	0.0630860042034224	0.10067268805734494	0.052942206099127524	0.1261720084068448
UP000006794	0.009770079651467612	0.028457044723312258	0.028457044723312258	0.028457044723312258	0.028457044723312258	0.014878156646797433	0.028457044723312258	0.009770079651467612	0.019986233642127253	0.028457044723312258	0.019986233642127253	0.019986233642127253	0.10885802772602297	0.10885802772602297	0.10885802772602297	0.056914089446624516	0.056914089446624516	0.07179224609342194	0.10885802772602297	0.11382817889324903
UP000007478	0.018042249998309785	0.03093045745280483	0.03093045745280483	0.03093045745280483	0.03093045745280483	0.04329966350215406	0.03093045745280483	0.018042249998309785	0.06855707700599833	0.03093045745280483	0.06855707700599833	0.06855707700599833	0.04418940568405002	0.04418940568405002	0.04418940568405002	0.06186091490560966	0.06186091490560966	0.10516057840776373	0.04418940568405002	0.12372182981121932
UP000007490	0.018674735725248207	0.02977025092879185	0.02977025092879185	0.02977025092879185	0.02977025092879185	0.05010597150026481	0.02977025092879185	0.018674735725248207	0.08153720727528141	0.02977025092879185	0.08153720727528141	0.08153720727528141	0.03537573721561502	0.03537573721561502	0.03537573721561502	0.0595405018575837	0.0595405018575837	0.10964647335784851	0.03537573721561502	0.1190810037151674
UP000007722	0.018801033404166192	0.027282623147447053	0.027282623147447053	0.027282623147447053	0.027282623147447053	0.06047704789715673	0.027282623147447053	0.018801033404166192	0.10215306239014726	0.027282623147447053	0.10215306239014726	0.10215306239014726	0.02461566996693991	0.02461566996693991	0.02461566996693991	0.05456524629489411	0.05456524629489411	0.11504229419205082	0.02461566996693991	0.10913049258978821
UP000007807	0.015247074333771978	0.03168188111232902	0.03168188111232902	0.03168188111232902	0.03168188111232902	0.02939225284861054	0.03168188111232902	0.015247074333771978	0.043537431363449106	0.03168188111232902	0.043537431363449106	0.043537431363449106	0.06829973843690584	0.06829973843690584	0.06829973843690584	0.06336376222465805	0.06336376222465805	0.09275601507326857	0.06829973843690584	0.1267275244493161
UP000008243	0.009539647741092998	0.028232207360622683	0.028232207360622683	0.028232207360622683	0.028232207360622683	0.014408155900299844	0.028232207360622683	0.009539647741092998	0.019276664059506694	0.028232207360622683	0.019276664059506694	0.019276664059506694	0.1106397706921828	0.1106397706921828	0.1106397706921828	0.056464414721245366	0.056464414721245366	0.07087257062154521	0.1106397706921828	0.11292882944249073
UP000008680	0.018794179819372533	0.02925011321306343	0.02925011321306343	0.02925011321306343	0.02925011321306343	0.05257607013784407	0.02925011321306343	0.018794179819372533	0.08635796045631562	0.02925011321306343	0.08635796045631562	0.08635796045631562	0.032545951826901266	0.032545951826901266	0.032545951826901266	0.05850022642612686	0.05850022642612686	0.11107629656397093	0.032545951826901266	0.11700045285225372
UP000009079	0.018299410917637395	0.030597832870241308	0.030597832870241308	0.030597832870241308	0.030597832870241308	0.045527980666103855	0.030597832870241308	0.018299410917637395	0.07275655041457031	0.030597832870241308	0.07275655041457031	0.07275655041457031	0.04112755991623641	0.04112755991623641	0.04112755991623641	0.061195665740482616	0.061195665740482616	0.10672364640658649	0.04112755991623641	0.12239133148096523
UP000009227	0.01886734595996394	0.028211756574843712	0.028211756574843712	0.028211756574843712	0.028211756574843712	0.056962498050789255	0.028211756574843712	0.01886734595996394	0.09505765014161457	0.028211756574843712	0.09505765014161457	0.09505765014161457	0.027944814089037647	0.027944814089037647	0.027944814089037647	0.056423513149687424	0.056423513149687424	0.11338601120047669	0.027944814089037647	0.11284702629937485
UP000011511	0.010075468943008845	0.028743893014408706	0.028743893014408706	0.028743893014408706	0.028743893014408706	0.015513264550890792	0.028743893014408706	0.010075468943008845	0.020951060158772742	0.028743893014408706	0.020951060158772742	0.020951060158772742	0.1065167660763358	0.1065167660763358	0.1065167660763358	0.05748778602881741	0.05748778602881741	0.07300105057970818	0.1065167660763358	0.11497557205763483
UP000011554	0.01093131191868758	0.02948167016735328	0.02948167016735328	0.02948167016735328	0.02948167016735328	0.01737288995517839	0.02948167016735328	0.01093131191868758	0.023814467991669204	0.02948167016735328	0.023814467991669204	0.023814467991669204	0.10006036739990201	0.10006036739990201	0.10006036739990201	0.05896334033470656	0.05896334033470656	0.07633623028988495	0.10006036739990201	0.11792668066941311
UP000012076	0.012637801512942925	0.030666903188356864	0.030666903188356864	0.030666903188356864	0.030666903188356864	0.021496480661574193	0.030666903188356864	0.012637801512942925	0.03035515981020546	0.030666903188356864	0.03035515981020546	0.03035515981020546	0.08749887630165991	0.08749887630165991	0.08749887630165991	0.06133380637671373	0.06133380637671373	0.08283028703828792	0.08749887630165991	0.12266761275342745
UP000012672	0.013655038099981184	0.031187166414786707	0.031187166414786707	0.031187166414786707	0.031187166414786707	0.024290373534668598	0.031187166414786707	0.013655038099981184	0.03492570896935601	0.031187166414786707	0.03492570896935601	0.03492570896935601	0.08008434679651129	0.08008434679651129	0.08008434679651129	0.062374332829573415	0.062374332829573415	0.086664706364242	0.08008434679651129	0.12474866565914683
UP000014070	0.01798463304960391	0.030991236860863216	0.030991236860863216	0.030991236860863216	0.030991236860863216	0.042852540969495326	0.030991236860863216	0.01798463304960391	0.06772044888938675	0.030991236860863216	0.06772044888938675	0.06772044888938675	0.04482612887995743	0.04482612887995743	0.04482612887995743	0.06198247372172643	0.06198247372172643	0.10483501469122176	0.04482612887995743	0.12396494744345286
UP000053352	0.010764302879634906	0.029345260649763043	0.029345260649763043	0.029345260649763043	0.029345260649763043	0.017000268641894817	0.029345260649763043	0.010764302879634906	0.023236234404154725	0.029345260649763043	0.023236234404154725	0.023236234404154725	0.10130949583706693	0.10130949583706693	0.10130949583706693	0.05869052129952609	0.05869052129952609	0.0756907899414209	0.10130949583706693	0.11738104259905217
UP000058290	0.014198373149350537	0.03140320610440731	0.03140320610440731	0.03140320610440731	0.03140320610440731	0.025915650533839565	0.03140320610440731	0.014198373149350537	0.0376329279183286	0.03140320610440731	0.0376329279183286	0.0376329279183286	0.07610546780202924	0.07610546780202924	0.07610546780202924	0.06280641220881462	0.06280641220881462	0.08872206274265418	0.07610546780202924	0.12561282441762925
UP000192315	0.018709236070588383	0.029647612367167793	0.029647612367167793	0.029647612367167793	0.029647612367167793	0.050709919248261334	0.029647612367167793	0.018709236070588383	0.0827106024259343	0.029647612367167793	0.0827106024259343	0.0827106024259343	0.03466702105245327	0.03466702105245327	0.03466702105245327	0.059295224734335586	0.059295224734335586	0.11000514398259693	0.03466702105245327	0.11859044946867117
UP000198397	0.010738862531149964	0.029324161696032282	0.029324161696032282	0.029324161696032282	0.029324161696032282	0.016943937167820035	0.029324161696032282	0.010738862531149964	0.023149011804490104	0.029324161696032282	0.023149011804490104	0.023149011804490104	0.10150019451301827	0.10150019451301827	0.10150019451301827	0.058648323392064564	0.058648323392064564	0.07559226055988459	0.10150019451301827	0.11729664678412913
