Proteome_ID	M	W	C	D	E	F	H	K	N	Q	Y	I	A	G	P	T	V	L	R	S
UP000008323	0.020007493322470853	0.008970746711200756	0.028978240033671613	0.028978240033671613	0.028978240033671613	0.06463028805023936	0.028978240033671613	0.06463028805023936	0.06463028805023936	0.028978240033671613	0.06463028805023936	0.10925308277800788	0.025985909108012337	0.025985909108012337	0.025985909108012337	0.057956480067343226	0.057956480067343226	0.11361602140638184	0.054964149141683946	0.09590546681221558
UP000002535	0.019606945922835538	0.011840430026746769	0.0314473759495823	0.0314473759495823	0.0314473759495823	0.05207471335633155	0.0314473759495823	0.05207471335633155	0.05207471335633155	0.0314473759495823	0.05207471335633155	0.08454248078982755	0.03798148430879944	0.03798148430879944	0.03798148430879944	0.0628947518991646	0.0628947518991646	0.10312903522874937	0.06942886025838174	0.10618255787549369
UP000001961	0.014352824078574425	0.017785347345509683	0.03213817142408411	0.03213817142408411	0.03213817142408411	0.025935592468111453	0.03213817142408411	0.025935592468111453	0.025935592468111453	0.03213817142408411	0.025935592468111453	0.03751836085764848	0.07964823350411213	0.07964823350411213	0.07964823350411213	0.06427634284816822	0.06427634284816822	0.07242658797076999	0.11178640492819625	0.11419986161776202
UP000000815	0.016782439612819788	0.016048482917456187	0.032830922530275974	0.032830922530275974	0.032830922530275974	0.03433240248511018	0.032830922530275974	0.03433240248511018	0.03433240248511018	0.032830922530275974	0.03433240248511018	0.051882365357400574	0.06279021543315823	0.06279021543315823	0.06279021543315823	0.06566184506055195	0.06566184506055195	0.08394576462820595	0.09562113796343422	0.11454125050828412
UP000000425	0.015004154929841217	0.01740840307145903	0.032412558001300246	0.032412558001300246	0.032412558001300246	0.027936108781930556	0.032412558001300246	0.027936108781930556	0.027936108781930556	0.032412558001300246	0.027936108781930556	0.040868062634019896	0.07521261635888087	0.07521261635888087	0.07521261635888087	0.06482511600260049	0.06482511600260049	0.07535282171307202	0.1076251743601811	0.11464607707535977
UP000010481	0.017669664180363347	0.015131957119649942	0.032801621300013295	0.032801621300013295	0.032801621300013295	0.03830262195166043	0.032801621300013295	0.03830262195166043	0.03830262195166043	0.032801621300013295	0.03830262195166043	0.05893557972295752	0.056181342429631916	0.056181342429631916	0.056181342429631916	0.06560324260002659	0.06560324260002659	0.08877390743203707	0.0889829637296452	0.11353682101968982
UP000002194	0.011222020470154017	0.018863344230144956	0.03008536470029897	0.03008536470029897	0.03008536470029897	0.01789812953629218	0.03008536470029897	0.01789812953629218	0.01789812953629218	0.03008536470029897	0.01789812953629218	0.02457423860243034	0.1011423196278313	0.1011423196278313	0.1011423196278313	0.06017072940059794	0.06017072940059794	0.05920551470674517	0.13122768432813028	0.10911943833104189
UP000010378	0.019894815478695583	0.010762871468215739	0.03065768694691132	0.03065768694691132	0.03065768694691132	0.05666973043519292	0.03065768694691132	0.05666973043519292	0.05666973043519292	0.03065768694691132	0.05666973043519292	0.09344464539169026	0.03317092782044102	0.03317092782044102	0.03317092782044102	0.06131537389382264	0.06131537389382264	0.10722223286079983	0.06382861476735235	0.10273593230894973
UP000001168	0.017721915326554406	0.015071254686665774	0.03279317001322018	0.03279317001322018	0.03279317001322018	0.03856067688762289	0.03279317001322018	0.03856067688762289	0.03856067688762289	0.03279317001322018	0.03856067688762289	0.05939943844869138	0.0557766142254178	0.0557766142254178	0.0557766142254178	0.06558634002644036	0.06558634002644036	0.08907576222739748	0.08856978423863798	0.11345076472632631
UP000000430	0.018586678449914587	0.013915230398572046	0.03250190884848663	0.03250190884848663	0.03250190884848663	0.043413045380638934	0.03250190884848663	0.043413045380638934	0.043413045380638934	0.03250190884848663	0.043413045380638934	0.0682394123113633	0.048666204802413994	0.048666204802413994	0.048666204802413994	0.06500381769697326	0.06500381769697326	0.09450163267904015	0.08116811365090064	0.11142095694403194
UP000001054	0.012227584989143024	0.01864360096362102	0.030871185952764044	0.030871185952764044	0.030871185952764044	0.020247164198034052	0.030871185952764044	0.020247164198034052	0.020247164198034052	0.030871185952764044	0.020247164198034052	0.028266743406925077	0.09413961508966998	0.09413961508966998	0.09413961508966998	0.06174237190552809	0.06174237190552809	0.06334593513994112	0.125010801042434	0.11125715882191316
UP000008561	0.012927401755824248	0.01842088672048149	0.03134828847630574	0.03134828847630574	0.03134828847630574	0.02199958805675166	0.03134828847630574	0.02199958805675166	0.02199958805675166	0.03134828847630574	0.02199958805675166	0.03107177435767907	0.0893394174344177	0.0893394174344177	0.0893394174344177	0.06269657695261148	0.06269657695261148	0.06627527828888165	0.12068770591072342	0.1124657521493987
UP000008898	0.018321252571662696	0.014305137278636604	0.0326263898502993	0.0326263898502993	0.0326263898502993	0.04178613020663279	0.0326263898502993	0.04178613020663279	0.04178613020663279	0.0326263898502993	0.04178613020663279	0.06525100784160288	0.050949025880111104	0.050949025880111104	0.050949025880111104	0.0652527797005986	0.0652527797005986	0.0927337726285948	0.0835754157304104	0.11218430682953452
UP000008204	0.01817751708318104	0.014501886499937014	0.03267940358311806	0.03267940358311806	0.03267940358311806	0.04096228562421007	0.03267940358311806	0.04096228562421007	0.04096228562421007	0.03267940358311806	0.04096228562421007	0.0637470541652391	0.052142765095955446	0.052142765095955446	0.052142765095955446	0.06535880716623611	0.06535880716623611	0.09181920629050916	0.0848221686790735	0.11254009724929119
UP000001946	0.01669046408825295	0.016132818944875168	0.03282328303312811	0.03282328303312811	0.03282328303312811	0.033957848817054714	0.03282328303312811	0.033957848817054714	0.033957848817054714	0.03282328303312811	0.033957848817054714	0.05122523354585649	0.063453248459705	0.063453248459705	0.063453248459705	0.06564656606625623	0.06564656606625623	0.0834715959384358	0.09627653149283312	0.11460266804425953
UP000017700	0.017107084532228624	0.015735943579971653	0.03284302811220027	0.03284302811220027	0.03284302811220027	0.035704783469411965	0.03284302811220027	0.035704783469411965	0.035704783469411965	0.03284302811220027	0.035704783469411965	0.054302482406595305	0.06042128761278509	0.06042128761278509	0.06042128761278509	0.06568605622440055	0.06568605622440055	0.08565489611384088	0.09326431572498538	0.11426502791657249
UP000002084	0.015098203003124642	0.017349132254935274	0.032447335258059914	0.032447335258059914	0.032447335258059914	0.028237519170290055	0.032447335258059914	0.028237519170290055	0.028237519170290055	0.032447335258059914	0.028237519170290055	0.04137683533745547	0.0745695511705339	0.0745695511705339	0.0745695511705339	0.06489467051611983	0.06489467051611983	0.0757830574314746	0.10701688642859382	0.11469113802911503
UP000065734	0.010915217318290942	0.018906715712039664	0.029821933030330604	0.029821933030330604	0.029821933030330604	0.017216786079366126	0.029821933030330604	0.017216786079366126	0.017216786079366126	0.029821933030330604	0.017216786079366126	0.02351835484044131	0.10331169656935958	0.10331169656935958	0.10331169656935958	0.05964386606066121	0.05964386606066121	0.05795393642798768	0.1331336295996902	0.10837251480303148
UP000001191	0.01799408003149289	0.014740347038212627	0.032734427069705516	0.032734427069705516	0.032734427069705516	0.03996011077285817	0.032734427069705516	0.03996011077285817	0.03996011077285817	0.032734427069705516	0.03996011077285817	0.061926141514223446	0.053630617876549325	0.053630617876549325	0.053630617876549325	0.06546885413941103	0.06546885413941103	0.09068861787405658	0.08636504494625485	0.11294362824732919
UP000002186	0.007883566568230003	0.018694101981553773	0.026577668549783776	0.026577668549783776	0.026577668549783776	0.01120817782246625	0.026577668549783776	0.01120817782246625	0.01120817782246625	0.026577668549783776	0.01120817782246625	0.014532789076702496	0.12604590625360645	0.12604590625360645	0.12604590625360645	0.05315533709956755	0.05315533709956755	0.045669412940480034	0.15262357480339023	0.0984271076309051
UP000254519	0.018322339186384706	0.014303614063383489	0.03262595324976819	0.03262595324976819	0.03262595324976819	0.04179249936921039	0.03262595324976819	0.04179249936921039	0.04179249936921039	0.03262595324976819	0.04179249936921039	0.06526265955203608	0.05093989790140522	0.05093989790140522	0.05093989790140522	0.06525190649953638	0.06525190649953638	0.09274079180536329	0.08356585115117342	0.11218147381268809
UP000001688	0.01613067347062766	0.01661001094115975	0.03274068441178741	0.03274068441178741	0.03274068441178741	0.031795842358098805	0.03274068441178741	0.031795842358098805	0.031795842358098805	0.03274068441178741	0.031795842358098805	0.04746101124556995	0.06742720659383436	0.06742720659383436	0.06742720659383436	0.06548136882357482	0.06548136882357482	0.08066720024051388	0.10016789100562176	0.11483206417652198
UP000001430	0.01997129293851465	0.010277803064248432	0.03024909600276308	0.03024909600276308	0.03024909600276308	0.05877847178234585	0.03024909600276308	0.05877847178234585	0.05877847178234585	0.03024909600276308	0.05877847178234585	0.09758565062617704	0.031134113604471107	0.031134113604471107	0.031134113604471107	0.06049819200552616	0.06049819200552616	0.10899886072362357	0.06138320960723419	0.10102509107253768
UP000029482	0.007366542009903313	0.01852729692249779	0.025893838932401096	0.025893838932401096	0.025893838932401096	0.01029551440186487	0.025893838932401096	0.01029551440186487	0.01029551440186487	0.025893838932401096	0.01029551440186487	0.013224486793826424	0.13024912956960794	0.13024912956960794	0.13024912956960794	0.05178767786480219	0.05178767786480219	0.04355589534416929	0.15614296850200907	0.09620881371970108
UP000889800	0.01390895435639528	0.018010217760741392	0.03191917211713667	0.03191917211713667	0.03191917211713667	0.024650579685878443	0.03191917211713667	0.024650579685878443	0.024650579685878443	0.03191917211713667	0.024650579685878443	0.035392205015361604	0.08266203567026485	0.08266203567026485	0.08266203567026485	0.06383834423427334	0.06383834423427334	0.07047870615941039	0.11458120778740152	0.1137677341121514
UP000002384	0.018631280963440827	0.013845865263248403	0.032477146226689235	0.032477146226689235	0.032477146226689235	0.04370191567921106	0.032477146226689235	0.04370191567921106	0.04370191567921106	0.032477146226689235	0.04370191567921106	0.0687725503949813	0.048270882895483896	0.048270882895483896	0.048270882895483896	0.06495429245337847	0.06495429245337847	0.09481034286934112	0.08074802912217313	0.11127730394331609
UP000002417	0.009183580794786357	0.018935294665555637	0.02811887546034199	0.02811887546034199	0.02811887546034199	0.013637599478096557	0.02811887546034199	0.013637599478096557	0.013637599478096557	0.02811887546034199	0.013637599478096557	0.018091618161406756	0.11595459427065964	0.11595459427065964	0.11595459427065964	0.05623775092068398	0.05623775092068398	0.0509400557332249	0.14407346973100163	0.10329192104658161
UP000000817	0.019375894823217183	0.012441319918754074	0.03181721474197125	0.03181721474197125	0.03181721474197125	0.049551575751930976	0.03181721474197125	0.049551575751930976	0.049551575751930976	0.03181721474197125	0.049551575751930976	0.07972725668064477	0.04085985717204011	0.04085985717204011	0.04085985717204011	0.0636344294839425	0.0636344294839425	0.1007446853171194	0.07267707191401138	0.10789296414466783
UP000001566	0.011970614664196577	0.01871099951407775	0.03068161417827433	0.03068161417827433	0.03068161417827433	0.019628977079890385	0.03068161417827433	0.019628977079890385	0.019628977079890385	0.03068161417827433	0.019628977079890385	0.02728733949558419	0.09591548706314362	0.09591548706314362	0.09591548706314362	0.06136322835654866	0.06136322835654866	0.06228120592236129	0.12659710124141796	0.11075584204890075
UP000000562	0.019141700133681622	0.006191114773564441	0.02533281490724606	0.02533281490724606	0.02533281490724606	0.07832404409091294	0.02533281490724606	0.07832404409091294	0.07832404409091294	0.02533281490724606	0.07832404409091294	0.13750638804814427	0.01638708824533854	0.01638708824533854	0.01638708824533854	0.05066562981449212	0.05066562981449212	0.12279855913184064	0.0417199031525846	0.08218955949530264
UP000000585	0.018798669640024537	0.013574076040847543	0.03237274568087208	0.03237274568087208	0.03237274568087208	0.044832852679175625	0.03237274568087208	0.044832852679175625	0.044832852679175625	0.03237274568087208	0.044832852679175625	0.07086703571832671	0.0467511924979605	0.0467511924979605	0.0467511924979605	0.06474549136174416	0.06474549136174416	0.09600426800007225	0.07912393817883258	0.11069231308346379
UP000001020	0.010147209853144948	0.018965653611412146	0.029112863464557093	0.029112863464557093	0.029112863464557093	0.015576280209138618	0.029112863464557093	0.015576280209138618	0.015576280209138618	0.029112863464557093	0.015576280209138618	0.021005350565132287	0.1088268582390653	0.1088268582390653	0.1088268582390653	0.05822572692911419	0.05822572692911419	0.05483635352684066	0.13793972170362237	0.10630424400508343
UP000000594	0.019661788361917065	0.011674600760604103	0.031336389122521166	0.031336389122521166	0.031336389122521166	0.052775205215823545	0.031336389122521166	0.052775205215823545	0.052775205215823545	0.031336389122521166	0.052775205215823545	0.08588862206973003	0.0372132814727034	0.0372132814727034	0.0372132814727034	0.06267277824504233	0.06267277824504233	0.10377338270026179	0.06854967059522456	0.10568376812816761
UP000000586	0.018778228778279737	0.013608303092268932	0.03238653187054867	0.03238653187054867	0.03238653187054867	0.04469048790849729	0.03238653187054867	0.04469048790849729	0.04469048790849729	0.03238653187054867	0.04469048790849729	0.07060274703871484	0.04694007587250499	0.04694007587250499	0.04694007587250499	0.06477306374109734	0.06477306374109734	0.0958552485573257	0.07932660774305365	0.11076789870391496
UP000037395	0.007191218709633402	0.018460718682573703	0.025651937392207103	0.025651937392207103	0.025651937392207103	0.009992497869940276	0.025651937392207103	0.009992497869940276	0.009992497869940276	0.025651937392207103	0.009992497869940276	0.01279377703024715	0.1317031838361845	0.1317031838361845	0.1317031838361845	0.051303874784414207	0.051303874784414207	0.042835653971780775	0.1573551212283916	0.095416530859195
UP000001174	0.01993016326578683	0.010564189305067272	0.030494352570854102	0.030494352570854102	0.030494352570854102	0.057529963527827806	0.030494352570854102	0.057529963527827806	0.057529963527827806	0.030494352570854102	0.057529963527827806	0.09512976378986879	0.03232769435933162	0.03232769435933162	0.03232769435933162	0.060988705141708205	0.060988705141708205	0.10795447936446873	0.06282204693018573	0.10204724701762957
UP000061569	0.00839696085641776	0.018818516093906765	0.027215476950324523	0.027215476950324523	0.027215476950324523	0.012143746802363952	0.027215476950324523	0.012143746802363952	0.012143746802363952	0.027215476950324523	0.012143746802363952	0.015890532748310142	0.12198577550866939	0.12198577550866939	0.12198577550866939	0.054430953900649046	0.054430953900649046	0.04775618460910624	0.1492012524589939	0.10046494694488034
UP000002516	0.015463280820578197	0.017106827382834783	0.03257010820341298	0.03257010820341298	0.03257010820341298	0.029440919595140842	0.03257010820341298	0.029440919595140842	0.029440919595140842	0.03257010820341298	0.029440919595140842	0.043418558369703486	0.07206377809999619	0.07206377809999619	0.07206377809999619	0.06514021640682596	0.06514021640682596	0.07747430861913202	0.10463388630340917	0.11481715199307371
UP000001584	0.010106222607571458	0.01896676820690132	0.02907299081447278	0.02907299081447278	0.02907299081447278	0.015491206189361895	0.02907299081447278	0.015491206189361895	0.015491206189361895	0.02907299081447278	0.015491206189361895	0.02087618977115233	0.10912498156261842	0.10912498156261842	0.10912498156261842	0.05814598162894556	0.05814598162894556	0.05467041961140613	0.1381979723770912	0.10618574065031966
UP000001962	0.009220331944537297	0.018938670832157122	0.02815900277669442	0.02815900277669442	0.02815900277669442	0.013709270050114568	0.02815900277669442	0.013709270050114568	0.013709270050114568	0.02815900277669442	0.013709270050114568	0.01819820815569184	0.11567784929165613	0.11567784929165613	0.11567784929165613	0.05631800555338884	0.05631800555338884	0.051088604771346274	0.14383685206835056	0.10341567916224037
UP000000579	0.019506609438366233	0.012117811066202529	0.03162442050456876	0.03162442050456876	0.03162442050456876	0.05090731454114036	0.03162442050456876	0.05090731454114036	0.05090731454114036	0.03162442050456876	0.05090731454114036	0.08230801964391449	0.039291169894320896	0.039291169894320896	0.039291169894320896	0.06324884100913752	0.06324884100913752	0.10203834448407537	0.07091559039888966	0.10699107257990882
UP000002357	0.0074279910554608695	0.01854940391557793	0.0259773949710388	0.0259773949710388	0.0259773949710388	0.010402482924370482	0.0259773949710388	0.010402482924370482	0.010402482924370482	0.0259773949710388	0.010402482924370482	0.013376974793280094	0.1297430727620617	0.1297430727620617	0.1297430727620617	0.0519547899420776	0.0519547899420776	0.04380786895087015	0.1557204677331005	0.09648158882869433
UP000002521	0.01988200008042356	0.008084315066070866	0.027966315146494426	0.027966315146494426	0.027966315146494426	0.06877840304930033	0.027966315146494426	0.06877840304930033	0.06877840304930033	0.027966315146494426	0.06877840304930033	0.1176748060181771	0.02274303409785261	0.02274303409785261	0.02274303409785261	0.05593263029298885	0.05593263029298885	0.11662671827621833	0.050709349244347036	0.09198326050555417
UP000069205	0.011009443287401286	0.018894585101350857	0.029904028388752144	0.029904028388752144	0.029904028388752144	0.017424394494233532	0.029904028388752144	0.017424394494233532	0.017424394494233532	0.029904028388752144	0.017424394494233532	0.02383934570106578	0.10264355690193305	0.10264355690193305	0.10264355690193305	0.05980805677750429	0.05980805677750429	0.05833786617038696	0.1325475852906852	0.1086066702676073
UP000000558	0.015800904624195044	0.016864611094875977	0.032665515719071024	0.032665515719071024	0.032665515719071024	0.030605194242161148	0.032665515719071024	0.030605194242161148	0.030605194242161148	0.032665515719071024	0.030605194242161148	0.045409483860127255	0.06972907335598263	0.06972907335598263	0.06972907335598263	0.06533103143814205	0.06533103143814205	0.07907161458542722	0.10239458907505365	0.11486115825208905
UP000035170	0.010247775470108576	0.018962035846115395	0.029209811316223973	0.029209811316223973	0.029209811316223973	0.0157860469372661	0.029209811316223973	0.0157860469372661	0.0157860469372661	0.029209811316223973	0.0157860469372661	0.02132431840442362	0.10809711646241556	0.10809711646241556	0.10809711646241556	0.058419622632447946	0.058419622632447946	0.055243633723598654	0.13730692777863954	0.10659146979478731
UP000001010	0.01003907479760698	0.018968141788382655	0.029007216585989638	0.029007216585989638	0.029007216585989638	0.015352353447478411	0.029007216585989638	0.015352353447478411	0.015352353447478411	0.029007216585989638	0.015352353447478411	0.020665632097349847	0.10961428382235601	0.10961428382235601	0.10961428382235601	0.058014433171979275	0.058014433171979275	0.054398644831075024	0.13862150040834564	0.10598979154635156
UP000001423	0.015044181862722368	0.01738333158296754	0.03242751344568991	0.03242751344568991	0.03242751344568991	0.02806397653432743	0.03242751344568991	0.02806397653432743	0.02806397653432743	0.03242751344568991	0.02806397653432743	0.041083771205932484	0.07493903274784795	0.07493903274784795	0.07493903274784795	0.06485502689137981	0.06485502689137981	0.0755356718427397	0.10736654619353785	0.11466587192003727
UP000000818	0.02001755666004216	0.009147405030493534	0.029164961690535694	0.029164961690535694	0.029164961690535694	0.06382261102269772	0.029164961690535694	0.06382261102269772	0.06382261102269772	0.029164961690535694	0.06382261102269772	0.10762766538535327	0.02665497311314672	0.02665497311314672	0.02665497311314672	0.05832992338107139	0.05832992338107139	0.11300512937327555	0.055819934803682414	0.0966422901021006
UP000001203	0.01878164054564454	0.013602611449482369	0.03238425199512691	0.03238425199512691	0.03238425199512691	0.04471416261288496	0.03238425199512691	0.04471416261288496	0.04471416261288496	0.03238425199512691	0.04471416261288496	0.07064668468012539	0.046908617583354816	0.046908617583354816	0.046908617583354816	0.06476850399025381	0.06476850399025381	0.0958800551536564	0.07929286957848172	0.11075536743486308
UP000000429	0.019093775426970667	0.013041312278188997	0.032135087705159666	0.032135087705159666	0.032135087705159666	0.04704895756499212	0.032135087705159666	0.04704895756499212	0.04704895756499212	0.032135087705159666	0.04704895756499212	0.07500413970301356	0.043897417297367784	0.043897417297367784	0.043897417297367784	0.06427017541031933	0.06427017541031933	0.09827782069712246	0.07603250500252745	0.10944657539366799
UP000000640	0.0077766108726583195	0.018663110402262723	0.026439721274921047	0.026439721274921047	0.026439721274921047	0.01101699660479306	0.026439721274921047	0.01101699660479306	0.01101699660479306	0.026439721274921047	0.01101699660479306	0.014257382336927799	0.12690552356009252	0.12690552356009252	0.12690552356009252	0.052879442549842094	0.052879442549842094	0.045233328752372425	0.15334524483501355	0.09798227422702585
UP000001170	0.019035745378253442	0.013152442936790215	0.03218818831504366	0.03218818831504366	0.03218818831504366	0.04658649042593577	0.03218818831504366	0.04658649042593577	0.04658649042593577	0.03218818831504366	0.04658649042593577	0.0741372354736181	0.044479824839001134	0.044479824839001134	0.044479824839001134	0.06437637663008731	0.06437637663008731	0.09781042411923287	0.07666801315404478	0.10971700788192118
UP000006552	0.010284057604355613	0.018960423777900217	0.029244481382255827	0.029244481382255827	0.029244481382255827	0.015862089089758266	0.029244481382255827	0.015862089089758266	0.015862089089758266	0.029244481382255827	0.015862089089758266	0.02144012057516092	0.10783443296498865	0.10783443296498865	0.10783443296498865	0.058488962764511654	0.058488962764511654	0.05539062807636971	0.13707891434724448	0.1066938679246677
UP000001409	0.01089093177920626	0.018909670587092007	0.02980060236629827	0.02980060236629827	0.02980060236629827	0.01716351037717989	0.02980060236629827	0.01716351037717989	0.01716351037717989	0.02980060236629827	0.01716351037717989	0.023436088975153525	0.10348418031954373	0.10348418031954373	0.10348418031954373	0.05960120473259654	0.05960120473259654	0.05785504452268442	0.13328478268584198	0.10831147768598681
UP000001937	0.008230380579540304	0.0187824779056561	0.027012858485196405	0.027012858485196405	0.027012858485196405	0.01183688898723423	0.027012858485196405	0.01183688898723423	0.01183688898723423	0.027012858485196405	0.01183688898723423	0.015443397394928157	0.12329160547643953	0.12329160547643953	0.12329160547643953	0.05402571697039281	0.05402571697039281	0.04708012805197094	0.15030446396163594	0.09982105336124532
UP000198251	0.012135389476745698	0.018668668423579348	0.030804057900325046	0.030804057900325046	0.030804057900325046	0.020023883418086728	0.030804057900325046	0.020023883418086728	0.020023883418086728	0.030804057900325046	0.020023883418086728	0.027912377359427754	0.09477581978623445	0.09477581978623445	0.09477581978623445	0.06160811580065009	0.06160811580065009	0.06296333079515748	0.1255798776865595	0.11108084212455449
UP000183015	0.006024726774818744	0.017874565883121876	0.02389929265794062	0.02389929265794062	0.02389929265794062	0.008055396103996231	0.02389929265794062	0.008055396103996231	0.008055396103996231	0.02389929265794062	0.008055396103996231	0.010086065433173717	0.14181206787994882	0.14181206787994882	0.14181206787994882	0.04779858531588124	0.04779858531588124	0.037979415536755594	0.16571136053788943	0.08957244385694374
UP000008080	0.016604491321703004	0.016210063852726764	0.03281455517442977	0.03281455517442977	0.03281455517442977	0.033613007423638784	0.03281455517442977	0.033613007423638784	0.033613007423638784	0.03281455517442977	0.033613007423638784	0.05062152352557457	0.0640701391413388	0.0640701391413388	0.0640701391413388	0.06562911034885954	0.06562911034885954	0.08303205391977156	0.09688469431576856	0.11465372937601608
UP000006647	0.019918613808756456	0.008268164046132781	0.02818677785488924	0.02818677785488924	0.02818677785488924	0.06790401587004641	0.02818677785488924	0.06790401587004641	0.06790401587004641	0.02818677785488924	0.06790401587004641	0.11588941793133638	0.023400514260050975	0.023400514260050975	0.023400514260050975	0.05637355570977848	0.05637355570977848	0.11600940753369211	0.0515872921149402	0.0928284976108005
UP000000809	0.018984048119023177	0.013248600687489235	0.03223264880651241	0.03223264880651241	0.03223264880651241	0.046186474359079646	0.03223264880651241	0.046186474359079646	0.046186474359079646	0.03223264880651241	0.046186474359079646	0.07338890059913612	0.044989086675316814	0.044989086675316814	0.044989086675316814	0.06446529761302482	0.06446529761302482	0.09740317128461524	0.07722173548182922	0.10994654710702646
UP000001572	0.01950338824412471	0.012126248052625667	0.03162963629675038	0.03162963629675038	0.03162963629675038	0.05087188337553501	0.03162963629675038	0.05087188337553501	0.05087188337553501	0.03162963629675038	0.05087188337553501	0.08224037850694532	0.039331505966843414	0.039331505966843414	0.039331505966843414	0.06325927259350075	0.06325927259350075	0.10200490791641009	0.07096114226359379	0.10701515694287679
UP000002207	0.011592852243558117	0.01879608382584972	0.030388936069407835	0.030388936069407835	0.030388936069407835	0.018742970554700245	0.030388936069407835	0.018742970554700245	0.018742970554700245	0.030388936069407835	0.018742970554700245	0.025893088865842375	0.09854227031253274	0.09854227031253274	0.09854227031253274	0.06077787213881567	0.06077787213881567	0.0607247588676662	0.12893120638194058	0.10996289203407324
UP000194841	0.019120292337342245	0.012989329033520548	0.03210962137086279	0.03210962137086279	0.03210962137086279	0.04726536265791003	0.03210962137086279	0.04726536265791003	0.04726536265791003	0.03210962137086279	0.04726536265791003	0.07541043297847781	0.04362720294954184	0.04362720294954184	0.04362720294954184	0.06421924274172558	0.06421924274172558	0.09849527636611506	0.07573682432040464	0.10931819314610892
UP000001410	0.015842793499384607	0.01683328501348286	0.03267607851286747	0.03267607851286747	0.03267607851286747	0.03075337724243333	0.03267607851286747	0.03075337724243333	0.03075337724243333	0.03267607851286747	0.03075337724243333	0.045663960985482054	0.06943797414911797	0.06943797414911797	0.06943797414911797	0.06535215702573494	0.06535215702573494	0.0792722492546854	0.10211405266198544	0.11486152055208528
UP000006637	0.007828447021649153	0.018678354479673292	0.02650680150132245	0.02650680150132245	0.02650680150132245	0.011109495298008852	0.02650680150132245	0.011109495298008852	0.011109495298008852	0.02650680150132245	0.011109495298008852	0.014390543574368551	0.12648828897860703	0.12648828897860703	0.12648828897860703	0.0530136030026449	0.0530136030026449	0.04544474382098045	0.15299509047992946	0.09819875898364062
UP000000625	0.016130573259610682	0.016610091152134028	0.03274066441174471	0.03274066441174471	0.03274066441174471	0.03179547186254447	0.03274066441174471	0.03179547186254447	0.03179547186254447	0.03274066441174471	0.03179547186254447	0.04746037046547826	0.067427909908471	0.067427909908471	0.067427909908471	0.06548132882348942	0.06548132882348942	0.08066670953389987	0.1001685743202157	0.11483208438736815
UP000001806	0.0196997492865104	0.007417208140853984	0.027116957427364384	0.027116957427364384	0.027116957427364384	0.07202133910597651	0.027116957427364384	0.07202133910597651	0.07202133910597651	0.027116957427364384	0.07202133910597651	0.12434292892544262	0.020419764176711146	0.020419764176711146	0.020419764176711146	0.05423391485472877	0.05423391485472877	0.11883804581985127	0.04753672160407553	0.08876808042294712
UP000002361	0.00967368974068429	0.018965661296841272	0.028639351037525556	0.028639351037525556	0.028639351037525556	0.01460788484911461	0.028639351037525556	0.01460788484911461	0.01460788484911461	0.028639351037525556	0.01460788484911461	0.019542079957544936	0.11229721979911825	0.11229721979911825	0.11229721979911825	0.05727870207505111	0.05727870207505111	0.05292092562732446	0.1409365708366438	0.10488371440941796
UP000000588	0.016343710938818153	0.016435405972532756	0.03277911691135091	0.03277911691135091	0.03277911691135091	0.03259623842113628	0.03277911691135091	0.03259623842113628	0.03259623842113628	0.03277911691135091	0.03259623842113628	0.048848765903454404	0.0659260428523124	0.0659260428523124	0.0659260428523124	0.06555823382270182	0.06555823382270182	0.08171906627130535	0.09870515976366331	0.11477275670658549
UP000002480	0.019977496113993125	0.008656113455051823	0.028633609569044947	0.028633609569044947	0.028633609569044947	0.06608367910905197	0.028633609569044947	0.06608367910905197	0.06608367910905197	0.028633609569044947	0.06608367910905197	0.1121898621041108	0.024813497311477525	0.024813497311477525	0.024813497311477525	0.057267219138089895	0.057267219138089895	0.11469478479209001	0.05344710688052247	0.09455694216218664
UP000001983	0.011807765476448465	0.01874972289147849	0.030557488367926957	0.030557488367926957	0.030557488367926957	0.019243786070127444	0.030557488367926957	0.019243786070127444	0.019243786070127444	0.030557488367926957	0.019243786070127444	0.026679806663806423	0.09704536227468123	0.09704536227468123	0.09704536227468123	0.061114976735853914	0.061114976735853914	0.06160903991450287	0.1276028506426082	0.11042218799525937
UP000001116	0.0071447748934834535	0.018442199458196293	0.025586974351679746	0.025586974351679746	0.025586974351679746	0.009912764058456085	0.025586974351679746	0.009912764058456085	0.009912764058456085	0.025586974351679746	0.009912764058456085	0.012680753223428718	0.13209095921435374	0.13209095921435374	0.13209095921435374	0.05117394870335949	0.05117394870335949	0.04264451330361928	0.1576779335660335	0.09520312251323554
UP000002145	0.018883196924534405	0.013429178501946379	0.03231237542648078	0.03231237542648078	0.03231237542648078	0.04543546339705652	0.03231237542648078	0.04543546339705652	0.04543546339705652	0.03231237542648078	0.04543546339705652	0.07198772986957863	0.04595923658036155	0.04595923658036155	0.04595923658036155	0.06462475085296156	0.06462475085296156	0.09663103574807172	0.07827161200684232	0.11036630478138873
UP000000423	0.019720922453882513	0.007481875957225943	0.02720279841110846	0.02720279841110846	0.02720279841110846	0.07170184069624343	0.02720279841110846	0.07170184069624343	0.07170184069624343	0.02720279841110846	0.07170184069624343	0.12368275893860434	0.020640815750610827	0.020640815750610827	0.020640815750610827	0.05440559682221692	0.05440559682221692	0.1186255615612344	0.04784361416171929	0.08909027119055131
UP000009072	0.019696710455467607	0.00740811689962499	0.027104827355092596	0.027104827355092596	0.027104827355092596	0.07206634878908597	0.027104827355092596	0.07206634878908597	0.07206634878908597	0.027104827355092596	0.07206634878908597	0.1244359871227043	0.0203887578125961	0.0203887578125961	0.0203887578125961	0.05420965471018519	0.05420965471018519	0.11886788659964616	0.0474935851676887	0.08872259896490278
UP000000774	0.01912301311925708	0.012983950691391398	0.03210696381064848	0.03210696381064848	0.03210696381064848	0.047287755842882605	0.03210696381064848	0.047287755842882605	0.047287755842882605	0.03210696381064848	0.047287755842882605	0.07545249856650812	0.043599325312175835	0.043599325312175835	0.043599325312175835	0.06421392762129696	0.06421392762129696	0.09851773277278816	0.0757062891228243	0.10930484212333683
UP000001422	0.011602526553193066	0.01879411303924338	0.03039663959243645	0.03039663959243645	0.03039663959243645	0.018765334509943003	0.03039663959243645	0.018765334509943003	0.018765334509943003	0.03039663959243645	0.018765334509943003	0.025928142466692942	0.09847473787615219	0.09847473787615219	0.09847473787615219	0.0607932791848729	0.0607932791848729	0.06076450065557252	0.12887137746858865	0.10998403181655272
UP000006697	0.014522248353395753	0.017692796133777753	0.03221504448717351	0.03221504448717351	0.03221504448717351	0.026442110858061113	0.03221504448717351	0.026442110858061113	0.026442110858061113	0.03221504448717351	0.026442110858061113	0.03836197336272647	0.07849669013804796	0.07849669013804796	0.07849669013804796	0.06443008897434702	0.06443008897434702	0.07317940369863037	0.11071173462522148	0.11433792959529829
UP000001006	0.01599982476721468	0.016713249767747455	0.03271307453496213	0.03271307453496213	0.03271307453496213	0.031316677930959276	0.03271307453496213	0.031316677930959276	0.031316677930959276	0.03271307453496213	0.031316677930959276	0.046633531094703876	0.06834347167277637	0.06834347167277637	0.06834347167277637	0.06542614906992426	0.06542614906992426	0.08002957723313608	0.10105654620773852	0.11485247337263385
UP000028341	0.008613947118296333	0.01885940525650519	0.027473352374801526	0.027473352374801526	0.027473352374801526	0.012548328078226754	0.027473352374801526	0.012548328078226754	0.012548328078226754	0.027473352374801526	0.012548328078226754	0.016482709038157177	0.12030050314347115	0.12030050314347115	0.12030050314347115	0.05494670474960305	0.05494670474960305	0.04863562757132461	0.14777385551827266	0.10127946238090976
UP000005954	0.011228463639211768	0.018862313799984393	0.030090777439196158	0.030090777439196158	0.030090777439196158	0.017912606265298555	0.030090777439196158	0.017912606265298555	0.017912606265298555	0.030090777439196158	0.017912606265298555	0.024596748891385342	0.10109694518874585	0.10109694518874585	0.10109694518874585	0.060181554878392315	0.060181554878392315	0.059231847343706484	0.131187722627942	0.10913464611757288
UP000001822	0.019121656115624178	0.012986634218627363	0.03210829033425154	0.03210829033425154	0.03210829033425154	0.04727658266924463	0.03210829033425154	0.04727658266924463	0.04727658266924463	0.03210829033425154	0.04727658266924463	0.07543150922286508	0.04361323302072176	0.04361323302072176	0.04361323302072176	0.06421658066850308	0.06421658066850308	0.09850652911912036	0.07572152335497331	0.10931150522138199
UP000008320	0.02002300118351804	0.009532947768855311	0.029555948952373352	0.029555948952373352	0.029555948952373352	0.06207930801706595	0.029555948952373352	0.06207930801706595	0.06207930801706595	0.029555948952373352	0.06207930801706595	0.10413561485061386	0.0281431654565207	0.0281431654565207	0.0281431654565207	0.059111897904746705	0.059111897904746705	0.11165825815295734	0.05769911440889405	0.09820079462597538
UP000061018	0.007935334073828678	0.018708461178497036	0.026643795252325717	0.026643795252325717	0.026643795252325717	0.011301165515681406	0.026643795252325717	0.011301165515681406	0.011301165515681406	0.026643795252325717	0.011301165515681406	0.014666996957534132	0.12563161285671184	0.12563161285671184	0.12563161285671184	0.053287590504651434	0.053287590504651434	0.0458802948418358	0.15227540810903756	0.09863984693547417
UP000001025	0.014060456734105147	0.017936285791364935	0.03199674252547008	0.03199674252547008	0.03199674252547008	0.025082607354988972	0.03199674252547008	0.025082607354988972	0.025082607354988972	0.03199674252547008	0.025082607354988972	0.0361047579758728	0.08163358121041525	0.08163358121041525	0.08163358121041525	0.06399348505094016	0.06399348505094016	0.07113980661456422	0.11363032373588532	0.11392651336777518
UP000007065	0.020023455263051774	0.009495187581163576	0.02951864284421535	0.02951864284421535	0.02951864284421535	0.06224892550724291	0.02951864284421535	0.06224892550724291	0.06224892550724291	0.02951864284421535	0.06224892550724291	0.10447439575143407	0.027995672801226452	0.027995672801226452	0.027995672801226452	0.0590372856884307	0.0590372856884307	0.11179102361451004	0.05751431564544181	0.09805111611380964
UP000002484	0.006139957357000845	0.017944404712358107	0.024084362069358954	0.024084362069358954	0.024084362069358954	0.00824083932829443	0.024084362069358954	0.00824083932829443	0.00824083932829443	0.024084362069358954	0.00824083932829443	0.010341721299588017	0.14077607223729913	0.14077607223729913	0.14077607223729913	0.04816872413871791	0.04816872413871791	0.03846515875465423	0.1648604343066581	0.09019749092043496
UP000002709	0.013165425645941892	0.018331974736408813	0.03149740038235071	0.03149740038235071	0.03149740038235071	0.022620404442884042	0.03149740038235071	0.022620404442884042	0.022620404442884042	0.03149740038235071	0.022620404442884042	0.03207538323982619	0.08771604710703555	0.08771604710703555	0.08771604710703555	0.06299480076470142	0.06299480076470142	0.06728323047117664	0.11921344748938627	0.11282417588346094
UP000001652	0.017400713178393628	0.015431454545672218	0.032832167724065844	0.032832167724065844	0.032832167724065844	0.03702198855593983	0.032832167724065844	0.03702198855593983	0.03702198855593983	0.032832167724065844	0.03702198855593983	0.05664326393348602	0.05823302742544034	0.05823302742544034	0.05823302742544034	0.06566433544813169	0.06566433544813169	0.08725486945839929	0.09106519514950619	0.11392795771786976
UP000006821	0.010996817028049412	0.01889627195915109	0.029893088987200504	0.029893088987200504	0.029893088987200504	0.01739649126060794	0.029893088987200504	0.01739649126060794	0.01739649126060794	0.029893088987200504	0.01739649126060794	0.02379616549316647	0.10273298860214643	0.10273298860214643	0.10273298860214643	0.05978617797440101	0.05978617797440101	0.05828639727585786	0.13262607758934694	0.10857553892075261
UP000002171	0.016276378828026926	0.016491485156150627	0.03276786398417755	0.03276786398417755	0.03276786398417755	0.03234045706264481	0.03276786398417755	0.03234045706264481	0.03234045706264481	0.03276786398417755	0.03234045706264481	0.04840453529726269	0.06640183891066814	0.06640183891066814	0.06640183891066814	0.0655357279683551	0.0655357279683551	0.08138469987484928	0.09916970289484571	0.1147950771086833
UP000009134	0.010153330567319095	0.01896546924550231	0.029118799812821408	0.029118799812821408	0.029118799812821408	0.015589005280914923	0.029118799812821408	0.015589005280914923	0.015589005280914923	0.029118799812821408	0.015589005280914923	0.021024679994510753	0.10878237414894304	0.10878237414894304	0.10878237414894304	0.058237599625642816	0.058237599625642816	0.054861135661055424	0.13790117396176446	0.10632186868396652
UP000007073	0.012641806059292113	0.018518719069808877	0.03116052512910099	0.03116052512910099	0.03116052512910099	0.021271736662932084	0.03116052512910099	0.021271736662932084	0.021271736662932084	0.03116052512910099	0.021271736662932084	0.02990166726657206	0.09129281183828789	0.09129281183828789	0.09129281183828789	0.06232105025820198	0.06232105025820198	0.06507406785132519	0.12245333696738886	0.11200029445711186
UP000000245	0.008966533237591931	0.018911642395194182	0.027878175632786113	0.027878175632786113	0.027878175632786113	0.013217814888373978	0.027878175632786113	0.013217814888373978	0.013217814888373978	0.027878175632786113	0.013217814888373978	0.017469096539156025	0.11759775472359905	0.11759775472359905	0.11759775472359905	0.05575635126557223	0.05575635126557223	0.050062523758752024	0.14547593035638515	0.10254616929355252
