Proteome_ID	M	W	C	D	E	F	H	K	N	Q	Y	I	A	G	P	T	V	L	R	S
UP000000242	0.03838139723850075	0.03332421519304635	0.03332421519304635	0.03332421519304635	0.03332421519304635	0.03838139723850075	0.03332421519304635	0.03838139723850075	0.03838139723850075	0.03332421519304635	0.03838139723850075	0.03838139723850075	0.05786674785869987	0.05786674785869987	0.05786674785869987	0.0666484303860927	0.0666484303860927	0.10502982762459345	0.05786674785869987	0.09997264557913904
UP000000254	0.05580921677983918	0.03127502408524681	0.03127502408524681	0.03127502408524681	0.03127502408524681	0.05580921677983918	0.03127502408524681	0.05580921677983918	0.05580921677983918	0.03127502408524681	0.05580921677983918	0.05580921677983918	0.03505253031560592	0.03505253031560592	0.03505253031560592	0.06255004817049362	0.06255004817049362	0.11835926495033279	0.03505253031560592	0.09382507225574041
UP000000262	0.025300672707954795	0.03253970369627418	0.03253970369627418	0.03253970369627418	0.03253970369627418	0.025300672707954795	0.03253970369627418	0.025300672707954795	0.025300672707954795	0.03253970369627418	0.025300672707954795	0.025300672707954795	0.08369993390005095	0.08369993390005095	0.08369993390005095	0.06507940739254836	0.06507940739254836	0.09038008010050315	0.08369993390005095	0.09761911108882254
UP000000346	0.024130366176050553	0.032319298635246685	0.032319298635246685	0.032319298635246685	0.032319298635246685	0.024130366176050553	0.032319298635246685	0.024130366176050553	0.024130366176050553	0.032319298635246685	0.024130366176050553	0.024130366176050553	0.08657448930973649	0.08657448930973649	0.08657448930973649	0.06463859727049337	0.06463859727049337	0.08876896344654392	0.08657448930973649	0.09695789590574005
UP000000365	0.032174237546689174	0.03328602874539072	0.03328602874539072	0.03328602874539072	0.03328602874539072	0.032174237546689174	0.03328602874539072	0.032174237546689174	0.032174237546689174	0.03328602874539072	0.032174237546689174	0.032174237546689174	0.06887247649807879	0.06887247649807879	0.06887247649807879	0.06657205749078143	0.06657205749078143	0.09874629503747061	0.06887247649807879	0.09985808623617216
UP000000391	0.0536644965046848	0.0316609416591389	0.0316609416591389	0.0316609416591389	0.0316609416591389	0.0536644965046848	0.0316609416591389	0.0536644965046848	0.0536644965046848	0.0316609416591389	0.0536644965046848	0.0536644965046848	0.03735859989503073	0.03735859989503073	0.03735859989503073	0.0633218833182778	0.0633218833182778	0.1169863798229626	0.03735859989503073	0.09498282497741671
UP000000536	0.030125196647174033	0.03315139501001971	0.03315139501001971	0.03315139501001971	0.03315139501001971	0.030125196647174033	0.03315139501001971	0.030125196647174033	0.030125196647174033	0.03315139501001971	0.030125196647174033	0.030125196647174033	0.07296317457987152	0.07296317457987152	0.07296317457987152	0.06630279002003941	0.06630279002003941	0.09642798666721344	0.07296317457987152	0.09945418503005912
UP000000554	0.01450672984467261	0.028992936464614823	0.028992936464614823	0.028992936464614823	0.028992936464614823	0.01450672984467261	0.028992936464614823	0.01450672984467261	0.01450672984467261	0.028992936464614823	0.01450672984467261	0.01450672984467261	0.11588971102951733	0.11588971102951733	0.11588971102951733	0.057985872929229645	0.057985872929229645	0.07249260277390225	0.11588971102951733	0.08697880939384446
UP000000578	0.06494329955468074	0.02930649639053498	0.02930649639053498	0.02930649639053498	0.02930649639053498	0.06494329955468074	0.02930649639053498	0.06494329955468074	0.06494329955468074	0.02930649639053498	0.06494329955468074	0.06494329955468074	0.02644986431480251	0.02644986431480251	0.02644986431480251	0.05861299278106996	0.05861299278106996	0.1235562923357507	0.02644986431480251	0.08791948917160496
UP000000590	0.05985989832442987	0.030463584807747877	0.030463584807747877	0.030463584807747877	0.030463584807747877	0.05985989832442987	0.030463584807747877	0.05985989832442987	0.05985989832442987	0.030463584807747877	0.05985989832442987	0.05985989832442987	0.031006734903193178	0.031006734903193178	0.031006734903193178	0.060927169615495755	0.060927169615495755	0.12078706793992562	0.031006734903193178	0.09139075442324364
UP000000641	0.023548082062268445	0.032197758235725675	0.032197758235725675	0.032197758235725675	0.032197758235725675	0.023548082062268445	0.032197758235725675	0.023548082062268445	0.023548082062268445	0.032197758235725675	0.023548082062268445	0.023548082062268445	0.08804926300705894	0.08804926300705894	0.08804926300705894	0.06439551647145135	0.06439551647145135	0.0879435985337198	0.08804926300705894	0.09659327470717702
UP000000663	0.025807789713693234	0.032625751882105966	0.032625751882105966	0.032625751882105966	0.032625751882105966	0.025807789713693234	0.032625751882105966	0.025807789713693234	0.025807789713693234	0.032625751882105966	0.025807789713693234	0.025807789713693234	0.08248979844313944	0.08248979844313944	0.08248979844313944	0.06525150376421193	0.06525150376421193	0.09105929347790517	0.08248979844313944	0.09787725564631791
UP000000674	0.02730002196546041	0.03284777318772495	0.03284777318772495	0.03284777318772495	0.03284777318772495	0.02730002196546041	0.03284777318772495	0.02730002196546041	0.02730002196546041	0.03284777318772495	0.02730002196546041	0.02730002196546041	0.07904581210647574	0.07904581210647574	0.07904581210647574	0.0656955463754499	0.0656955463754499	0.09299556834091031	0.07904581210647574	0.09854331956317484
UP000000740	0.01615892483035504	0.02980526881585732	0.02980526881585732	0.02980526881585732	0.02980526881585732	0.01615892483035504	0.02980526881585732	0.01615892483035504	0.01615892483035504	0.02980526881585732	0.01615892483035504	0.01615892483035504	0.10995212348741373	0.10995212348741373	0.10995212348741373	0.05961053763171464	0.05961053763171464	0.07576946246206967	0.10995212348741373	0.08941580644757195
UP000000758	0.02446590295133708	0.03238568947837343	0.03238568947837343	0.03238568947837343	0.03238568947837343	0.02446590295133708	0.03238568947837343	0.02446590295133708	0.02446590295133708	0.03238568947837343	0.02446590295133708	0.02446590295133708	0.08573833429125971	0.08573833429125971	0.08573833429125971	0.06477137895674687	0.06477137895674687	0.08923728190808396	0.08573833429125971	0.09715706843512031
UP000000792	0.05877364212440993	0.03069131140912964	0.03069131140912964	0.03069131140912964	0.03069131140912964	0.05877364212440993	0.03069131140912964	0.05877364212440993	0.05877364212440993	0.03069131140912964	0.05877364212440993	0.05877364212440993	0.03205370849804651	0.03205370849804651	0.03205370849804651	0.06138262281825928	0.06138262281825928	0.1201562649426692	0.03205370849804651	0.09207393422738892
UP000000805	0.06394140755528936	0.02954597277088181	0.02954597277088181	0.02954597277088181	0.02954597277088181	0.06394140755528936	0.02954597277088181	0.06394140755528936	0.06394140755528936	0.02954597277088181	0.06394140755528936	0.06394140755528936	0.027305138887436832	0.027305138887436832	0.027305138887436832	0.05909194554176362	0.05909194554176362	0.12303335309705299	0.027305138887436832	0.08863791831264543
UP000001013	0.047231543973038054	0.032614231777353085	0.032614231777353085	0.032614231777353085	0.032614231777353085	0.047231543973038054	0.032614231777353085	0.047231543973038054	0.047231543973038054	0.032614231777353085	0.047231543973038054	0.047231543973038054	0.04504142888210938	0.04504142888210938	0.04504142888210938	0.06522846355470617	0.06522846355470617	0.11246000752774421	0.04504142888210938	0.09784269533205925
UP000001015	0.060781946398274125	0.03026470302043353	0.03026470302043353	0.03026470302043353	0.03026470302043353	0.060781946398274125	0.03026470302043353	0.060781946398274125	0.060781946398274125	0.03026470302043353	0.060781946398274125	0.060781946398274125	0.030138957476394557	0.030138957476394557	0.030138957476394557	0.06052940604086706	0.06052940604086706	0.12131135243914119	0.030138957476394557	0.0907941090613006
UP000001018	0.053826909128286374	0.031632835059251706	0.031632835059251706	0.031632835059251706	0.031632835059251706	0.053826909128286374	0.031632835059251706	0.053826909128286374	0.053826909128286374	0.031632835059251706	0.053826909128286374	0.053826909128286374	0.03717977755330496	0.03717977755330496	0.03717977755330496	0.06326567011850341	0.06326567011850341	0.11709257924678979	0.03717977755330496	0.09489850517775511
UP000001024	0.03804576299179313	0.033334811584143885	0.033334811584143885	0.033334811584143885	0.033334811584143885	0.03804576299179313	0.033334811584143885	0.03804576299179313	0.03804576299179313	0.033334811584143885	0.03804576299179313	0.03804576299179313	0.05841437132382246	0.05841437132382246	0.05841437132382246	0.06666962316828777	0.06666962316828777	0.10471538616008091	0.05841437132382246	0.10000443475243166
UP000001059	0.04370527028271405	0.0329899509302291	0.0329899509302291	0.0329899509302291	0.0329899509302291	0.04370527028271405	0.0329899509302291	0.04370527028271405	0.04370527028271405	0.0329899509302291	0.04370527028271405	0.04370527028271405	0.049803461016891315	0.049803461016891315	0.049803461016891315	0.0659799018604582	0.0659799018604582	0.10968517214317225	0.049803461016891315	0.09896985279068729
UP000001137	0.042838012070784	0.03306449495548121	0.03306449495548121	0.03306449495548121	0.03306449495548121	0.042838012070784	0.03306449495548121	0.042838012070784	0.042838012070784	0.03306449495548121	0.042838012070784	0.042838012070784	0.05104162279307346	0.05104162279307346	0.05104162279307346	0.06612898991096242	0.06612898991096242	0.10896700198174643	0.05104162279307346	0.09919348486644364
UP000001169	0.019352912357765352	0.0310560051575019	0.0310560051575019	0.0310560051575019	0.0310560051575019	0.019352912357765352	0.0310560051575019	0.019352912357765352	0.019352912357765352	0.0310560051575019	0.019352912357765352	0.019352912357765352	0.09967238403327851	0.09967238403327851	0.09967238403327851	0.0621120103150038	0.0621120103150038	0.08146492267276915	0.09967238403327851	0.09316801547250571
UP000001304	0.055999806118717	0.031239214956215317	0.031239214956215317	0.031239214956215317	0.031239214956215317	0.055999806118717	0.031239214956215317	0.055999806118717	0.055999806118717	0.031239214956215317	0.055999806118717	0.055999806118717	0.034853283206437824	0.034853283206437824	0.034853283206437824	0.06247842991243063	0.06247842991243063	0.11847823603114761	0.034853283206437824	0.09371764486864594
UP000001400	0.049838946564401194	0.03226694363118844	0.03226694363118844	0.03226694363118844	0.03226694363118844	0.049838946564401194	0.03226694363118844	0.049838946564401194	0.049838946564401194	0.03226694363118844	0.049838946564401194	0.049838946564401194	0.04178080489534125	0.04178080489534125	0.04178080489534125	0.06453388726237688	0.06453388726237688	0.11437283382677808	0.04178080489534125	0.09680083089356534
UP000001686	0.034098060766379695	0.0333538098043334	0.0333538098043334	0.0333538098043334	0.0333538098043334	0.034098060766379695	0.0333538098043334	0.034098060766379695	0.034098060766379695	0.0333538098043334	0.034098060766379695	0.034098060766379695	0.0652516068925853	0.0652516068925853	0.0652516068925853	0.0667076196086668	0.0667076196086668	0.10080568037504649	0.0652516068925853	0.10006142941300021
UP000001746	0.015040915081178479	0.029269617007026873	0.029269617007026873	0.029269617007026873	0.029269617007026873	0.015040915081178479	0.029269617007026873	0.015040915081178479	0.015040915081178479	0.029269617007026873	0.015040915081178479	0.015040915081178479	0.1139173348315869	0.1139173348315869	0.1139173348315869	0.05853923401405375	0.05853923401405375	0.07358014909523222	0.1139173348315869	0.08780885102108063
UP000001826	0.02017631776383172	0.03132044526366749	0.03132044526366749	0.03132044526366749	0.03132044526366749	0.02017631776383172	0.03132044526366749	0.02017631776383172	0.02017631776383172	0.03132044526366749	0.02017631776383172	0.02017631776383172	0.09723977417454135	0.09723977417454135	0.09723977417454135	0.06264089052733499	0.06264089052733499	0.08281720829116672	0.09723977417454135	0.09396133579100249
UP000001879	0.01951557669103405	0.03110996444382253	0.03110996444382253	0.03110996444382253	0.03110996444382253	0.01951557669103405	0.03110996444382253	0.01951557669103405	0.01951557669103405	0.03110996444382253	0.01951557669103405	0.01951557669103405	0.09918537412635596	0.09918537412635596	0.09918537412635596	0.06221992888764506	0.06221992888764506	0.0817355055786791	0.09918537412635596	0.09332989333146759
UP000001901	0.045484909576037076	0.0328144758311471	0.0328144758311471	0.0328144758311471	0.0328144758311471	0.045484909576037076	0.0328144758311471	0.045484909576037076	0.045484909576037076	0.0328144758311471	0.045484909576037076	0.045484909576037076	0.04734712387513351	0.04734712387513351	0.04734712387513351	0.0656289516622942	0.0656289516622942	0.11111386123833127	0.04734712387513351	0.09844342749344129
UP000001931	0.06916672855064551	0.02823964223556034	0.02823964223556034	0.02823964223556034	0.02823964223556034	0.06916672855064551	0.02823964223556034	0.06916672855064551	0.06916672855064551	0.02823964223556034	0.06916672855064551	0.06916672855064551	0.023059566653019073	0.023059566653019073	0.023059566653019073	0.05647928447112068	0.05647928447112068	0.1256460130217662	0.023059566653019073	0.08471892670668103
UP000001941	0.03922755443558305	0.03329167263839179	0.03329167263839179	0.03329167263839179	0.03329167263839179	0.03922755443558305	0.03329167263839179	0.03922755443558305	0.03922755443558305	0.03329167263839179	0.03922755443558305	0.03922755443558305	0.05650800734376045	0.05650800734376045	0.05650800734376045	0.06658334527678358	0.06658334527678358	0.10581089971236662	0.05650800734376045	0.09987501791517538
UP000001974	0.05519220958752126	0.031389278942707606	0.031389278942707606	0.031389278942707606	0.031389278942707606	0.05519220958752126	0.031389278942707606	0.05519220958752126	0.05519220958752126	0.031389278942707606	0.05519220958752126	0.05519220958752126	0.035703837186684274	0.035703837186684274	0.035703837186684274	0.06277855788541521	0.06277855788541521	0.11797076747293647	0.035703837186684274	0.0941678368281228
UP000001975	0.035322015698441935	0.033369635241928534	0.033369635241928534	0.033369635241928534	0.033369635241928534	0.035322015698441935	0.033369635241928534	0.035322015698441935	0.035322015698441935	0.033369635241928534	0.035322015698441935	0.035322015698441935	0.0630503403704946	0.0630503403704946	0.0630503403704946	0.06673927048385707	0.06673927048385707	0.10206128618229902	0.0630503403704946	0.10010890572578562
UP000002071	0.01764890265254991	0.030436379817617428	0.030436379817617428	0.030436379817617428	0.030436379817617428	0.01764890265254991	0.030436379817617428	0.01764890265254991	0.01764890265254991	0.030436379817617428	0.01764890265254991	0.01764890265254991	0.1049779960419723	0.1049779960419723	0.1049779960419723	0.060872759635234856	0.060872759635234856	0.07852166228778477	0.1049779960419723	0.0913091394528523
UP000002199	0.03506271458843429	0.03336798076147451	0.03336798076147451	0.03336798076147451	0.03336798076147451	0.03506271458843429	0.03336798076147451	0.03506271458843429	0.03506271458843429	0.03336798076147451	0.03506271458843429	0.03506271458843429	0.06351032161471058	0.06351032161471058	0.06351032161471058	0.06673596152294901	0.06673596152294901	0.10179867611138332	0.06351032161471058	0.10010394228442354
UP000002315	0.06431428987213825	0.029457477257650147	0.029457477257650147	0.029457477257650147	0.029457477257650147	0.06431428987213825	0.029457477257650147	0.06431428987213825	0.06431428987213825	0.029457477257650147	0.06431428987213825	0.06431428987213825	0.02698445300757003	0.02698445300757003	0.02698445300757003	0.058914954515300294	0.058914954515300294	0.12322924438743856	0.02698445300757003	0.08837243177295044
UP000002376	0.037989007354488444	0.03333647152236854	0.03333647152236854	0.03333647152236854	0.03333647152236854	0.037989007354488444	0.03333647152236854	0.037989007354488444	0.037989007354488444	0.03333647152236854	0.037989007354488444	0.037989007354488444	0.058507468920763195	0.058507468920763195	0.058507468920763195	0.06667294304473707	0.06667294304473707	0.10466195039922552	0.058507468920763195	0.10000941456710562
UP000002408	0.026633597241031443	0.03275422622931703	0.03275422622931703	0.03275422622931703	0.03275422622931703	0.026633597241031443	0.03275422622931703	0.026633597241031443	0.026633597241031443	0.03275422622931703	0.026633597241031443	0.026633597241031443	0.08056285646825616	0.08056285646825616	0.08056285646825616	0.06550845245863406	0.06550845245863406	0.0921420496996655	0.08056285646825616	0.09826267868795108
UP000002439	0.03129552676192839	0.03323653067110861	0.03323653067110861	0.03323653067110861	0.03323653067110861	0.03129552676192839	0.03323653067110861	0.03129552676192839	0.03129552676192839	0.03323653067110861	0.03129552676192839	0.03129552676192839	0.07059583814996798	0.07059583814996798	0.07059583814996798	0.06647306134221723	0.06647306134221723	0.09776858810414564	0.07059583814996798	0.09970959201332587
UP000002457	0.025568554306913478	0.03258585047439985	0.03258585047439985	0.03258585047439985	0.03258585047439985	0.025568554306913478	0.03258585047439985	0.025568554306913478	0.025568554306913478	0.03258585047439985	0.025568554306913478	0.025568554306913478	0.08305809068390194	0.08305809068390194	0.08305809068390194	0.0651717009487997	0.0651717009487997	0.09074025525571319	0.08305809068390194	0.09775755142319957
UP000002487	0.041608808121473426	0.0331572734804487	0.0331572734804487	0.0331572734804487	0.0331572734804487	0.041608808121473426	0.0331572734804487	0.041608808121473426	0.041608808121473426	0.0331572734804487	0.041608808121473426	0.041608808121473426	0.05284481023573887	0.05284481023573887	0.05284481023573887	0.0663145469608974	0.0663145469608974	0.10792335508237082	0.05284481023573887	0.0994718204413461
UP000002518	0.024924425989678266	0.03247222523581064	0.03247222523581064	0.03247222523581064	0.03247222523581064	0.024924425989678266	0.03247222523581064	0.024924425989678266	0.024924425989678266	0.03247222523581064	0.024924425989678266	0.024924425989678266	0.08461140988377311	0.08461140988377311	0.08461140988377311	0.06494445047162128	0.06494445047162128	0.08986887646129955	0.08461140988377311	0.09741667570743193
UP000002593	0.028415702944175385	0.03298508019244818	0.03298508019244818	0.03298508019244818	0.03298508019244818	0.028415702944175385	0.03298508019244818	0.028415702944175385	0.028415702944175385	0.03298508019244818	0.028415702944175385	0.028415702944175385	0.07657846912601242	0.07657846912601242	0.07657846912601242	0.06597016038489636	0.06597016038489636	0.09438586332907174	0.07657846912601242	0.09895524057734455
UP000002613	0.04186082936967738	0.0331395087343248	0.0331395087343248	0.0331395087343248	0.0331395087343248	0.04186082936967738	0.0331395087343248	0.04186082936967738	0.04186082936967738	0.0331395087343248	0.04186082936967738	0.04186082936967738	0.05247039084934659	0.05247039084934659	0.05247039084934659	0.0662790174686496	0.0662790174686496	0.10813984683832698	0.05247039084934659	0.09941852620297441
UP000002654	0.026781354962361576	0.03277573371604733	0.03277573371604733	0.03277573371604733	0.03277573371604733	0.026781354962361576	0.03277573371604733	0.026781354962361576	0.026781354962361576	0.03277573371604733	0.026781354962361576	0.026781354962361576	0.08022362738068979	0.08022362738068979	0.08022362738068979	0.06555146743209465	0.06555146743209465	0.09233282239445623	0.08022362738068979	0.09832720114814196
UP000002698	0.01736608353744539	0.030323357584010786	0.030323357584010786	0.030323357584010786	0.030323357584010786	0.01736608353744539	0.030323357584010786	0.01736608353744539	0.01736608353744539	0.030323357584010786	0.01736608353744539	0.01736608353744539	0.10589676286943012	0.10589676286943012	0.10589676286943012	0.06064671516802157	0.06064671516802157	0.07801279870546696	0.10589676286943012	0.09097007275203234
UP000005223	0.03353046288592383	0.03333941142675866	0.03333941142675866	0.03333941142675866	0.03333941142675866	0.03353046288592383	0.03333941142675866	0.03353046288592383	0.03353046288592383	0.03333941142675866	0.03353046288592383	0.03353046288592383	0.06629889709928836	0.06629889709928836	0.06629889709928836	0.06667882285351732	0.06667882285351732	0.10020928573944116	0.06629889709928836	0.10001823428027598
UP000005877	0.019195289543995984	0.031002890380974143	0.031002890380974143	0.031002890380974143	0.031002890380974143	0.019195289543995984	0.031002890380974143	0.019195289543995984	0.019195289543995984	0.031002890380974143	0.019195289543995984	0.019195289543995984	0.10014740436935399	0.10014740436935399	0.10014740436935399	0.062005780761948286	0.062005780761948286	0.08120107030594428	0.10014740436935399	0.09300867114292245
UP000006565	0.036109758873917264	0.033369220004613884	0.033369220004613884	0.033369220004613884	0.033369220004613884	0.036109758873917264	0.033369220004613884	0.036109758873917264	0.036109758873917264	0.033369220004613884	0.036109758873917264	0.036109758873917264	0.06167334695334275	0.06167334695334275	0.06167334695334275	0.06673844000922777	0.06673844000922777	0.10284819888314504	0.06167334695334275	0.10010766001384165
UP000006622	0.0486602163254265	0.032430879510417725	0.032430879510417725	0.032430879510417725	0.032430879510417725	0.0486602163254265	0.032430879510417725	0.0486602163254265	0.0486602163254265	0.032430879510417725	0.0486602163254265	0.0486602163254265	0.04322882326643719	0.04322882326643719	0.04322882326643719	0.06486175902083545	0.06486175902083545	0.11352197534626195	0.04322882326643719	0.09729263853125317
UP000006663	0.020432426607783678	0.03139837462319068	0.03139837462319068	0.03139837462319068	0.03139837462319068	0.020432426607783678	0.03139837462319068	0.020432426607783678	0.020432426607783678	0.03139837462319068	0.020432426607783678	0.020432426607783678	0.09649934859941349	0.09649934859941349	0.09649934859941349	0.06279674924638136	0.06279674924638136	0.08322917585416505	0.09649934859941349	0.09419512386957206
UP000006681	0.03964753735631653	0.0332724844526941	0.0332724844526941	0.0332724844526941	0.0332724844526941	0.03964753735631653	0.0332724844526941	0.03964753735631653	0.03964753735631653	0.0332724844526941	0.03964753735631653	0.03964753735631653	0.05584499292884317	0.05584499292884317	0.05584499292884317	0.0665449689053882	0.0665449689053882	0.10619250626170475	0.05584499292884317	0.09981745335808233
UP000006794	0.015394887934152102	0.029445382573441814	0.029445382573441814	0.029445382573441814	0.029445382573441814	0.015394887934152102	0.029445382573441814	0.015394887934152102	0.015394887934152102	0.029445382573441814	0.015394887934152102	0.015394887934152102	0.11263876146482697	0.11263876146482697	0.11263876146482697	0.05889076514688363	0.05889076514688363	0.07428565308103573	0.11263876146482697	0.08833614772032544
UP000007478	0.04587741794126194	0.032771837213149586	0.032771837213149586	0.032771837213149586	0.032771837213149586	0.04587741794126194	0.032771837213149586	0.04587741794126194	0.04587741794126194	0.032771837213149586	0.04587741794126194	0.04587741794126194	0.046820129053480646	0.046820129053480646	0.046820129053480646	0.06554367442629917	0.06554367442629917	0.11142109236756113	0.046820129053480646	0.09831551163944877
UP000007490	0.053372444449596546	0.03171101200860053	0.03171101200860053	0.03171101200860053	0.03171101200860053	0.053372444449596546	0.03171101200860053	0.053372444449596546	0.053372444449596546	0.03171101200860053	0.053372444449596546	0.053372444449596546	0.03768192718095406	0.03768192718095406	0.03768192718095406	0.06342202401720105	0.06342202401720105	0.1167944684667976	0.03768192718095406	0.09513303602580159
UP000007722	0.06495634924735048	0.02930334166712421	0.02930334166712421	0.02930334166712421	0.02930334166712421	0.06495634924735048	0.02930334166712421	0.06495634924735048	0.06495634924735048	0.02930334166712421	0.06495634924735048	0.06495634924735048	0.026438857565420915	0.026438857565420915	0.026438857565420915	0.05860668333424842	0.05860668333424842	0.1235630325815989	0.026438857565420915	0.08791002500137263
UP000007807	0.030803905251312037	0.03320349988121617	0.03320349988121617	0.03320349988121617	0.03320349988121617	0.030803905251312037	0.03320349988121617	0.030803905251312037	0.030803905251312037	0.03320349988121617	0.030803905251312037	0.030803905251312037	0.07158004125564334	0.07158004125564334	0.07158004125564334	0.06640699976243233	0.06640699976243233	0.09721090501374437	0.07158004125564334	0.0996104996436485
UP000008243	0.014901403001912483	0.029198705401670695	0.029198705401670695	0.029198705401670695	0.029198705401670695	0.014901403001912483	0.029198705401670695	0.014901403001912483	0.014901403001912483	0.029198705401670695	0.014901403001912483	0.014901403001912483	0.11442739949038801	0.11442739949038801	0.11442739949038801	0.05839741080334139	0.05839741080334139	0.07329881380525388	0.11442739949038801	0.08759611620501209
UP000008680	0.056112983939695944	0.03121783595951015	0.03121783595951015	0.03121783595951015	0.03121783595951015	0.056112983939695944	0.03121783595951015	0.056112983939695944	0.056112983939695944	0.03121783595951015	0.056112983939695944	0.056112983939695944	0.034735393257369004	0.034735393257369004	0.034735393257369004	0.0624356719190203	0.0624356719190203	0.11854865585871625	0.034735393257369004	0.09365350787853045
UP000009079	0.048322284547821975	0.03247579103817589	0.03247579103817589	0.03247579103817589	0.03247579103817589	0.048322284547821975	0.03247579103817589	0.048322284547821975	0.048322284547821975	0.03247579103817589	0.048322284547821975	0.048322284547821975	0.043651785648151975	0.043651785648151975	0.043651785648151975	0.06495158207635178	0.06495158207635178	0.11327386662417377	0.043651785648151975	0.09742737311452769
UP000009227	0.061007732176088764	0.0302152354308701	0.0302152354308701	0.0302152354308701	0.0302152354308701	0.061007732176088764	0.0302152354308701	0.061007732176088764	0.061007732176088764	0.0302152354308701	0.061007732176088764	0.061007732176088764	0.029929335826081784	0.029929335826081784	0.029929335826081784	0.0604304708617402	0.0604304708617402	0.12143820303782897	0.029929335826081784	0.0906457062926103
UP000011511	0.016062301126556204	0.029761180416435103	0.029761180416435103	0.029761180416435103	0.029761180416435103	0.016062301126556204	0.029761180416435103	0.016062301126556204	0.016062301126556204	0.029761180416435103	0.016062301126556204	0.016062301126556204	0.11028654646689498	0.11028654646689498	0.11028654646689498	0.05952236083287021	0.05952236083287021	0.0755846619594264	0.11028654646689498	0.0892835412493053
UP000011554	0.018020235342063002	0.030580210665205287	0.030580210665205287	0.030580210665205287	0.030580210665205287	0.018020235342063002	0.030580210665205287	0.018020235342063002	0.018020235342063002	0.030580210665205287	0.018020235342063002	0.018020235342063002	0.10378879815686991	0.10378879815686991	0.10378879815686991	0.06116042133041057	0.06116042133041057	0.07918065667247358	0.10378879815686991	0.09174063199561587
UP000012076	0.022381106947000812	0.03192891202971793	0.03192891202971793	0.03192891202971793	0.03192891202971793	0.022381106947000812	0.03192891202971793	0.022381106947000812	0.022381106947000812	0.03192891202971793	0.022381106947000812	0.022381106947000812	0.09109964273130637	0.09109964273130637	0.09109964273130637	0.06385782405943587	0.06385782405943587	0.08623893100643668	0.09109964273130637	0.09578673608915379
UP000012672	0.025350599008590657	0.032548422891357995	0.032548422891357995	0.032548422891357995	0.032548422891357995	0.025350599008590657	0.032548422891357995	0.025350599008590657	0.025350599008590657	0.032548422891357995	0.025350599008590657	0.025350599008590657	0.0835798658923739	0.0835798658923739	0.0835798658923739	0.06509684578271599	0.06509684578271599	0.09044744479130665	0.0835798658923739	0.09764526867407397
UP000014070	0.04538786848657688	0.03282480224168091	0.03282480224168091	0.03282480224168091	0.03282480224168091	0.04538786848657688	0.03282480224168091	0.04538786848657688	0.04538786848657688	0.03282480224168091	0.04538786848657688	0.04538786848657688	0.047478221742187035	0.047478221742187035	0.047478221742187035	0.06564960448336182	0.06564960448336182	0.11103747296993871	0.047478221742187035	0.09847440672504273
UP000053352	0.017627475851229892	0.030427923484513217	0.030427923484513217	0.030427923484513217	0.030427923484513217	0.017627475851229892	0.030427923484513217	0.017627475851229892	0.017627475851229892	0.030427923484513217	0.017627475851229892	0.017627475851229892	0.10504720419342312	0.10504720419342312	0.10504720419342312	0.060855846969026434	0.060855846969026434	0.07848332282025632	0.10504720419342312	0.09128377045353965
UP000058290	0.02708350433535363	0.0328183491887329	0.0328183491887329	0.0328183491887329	0.0328183491887329	0.02708350433535363	0.0328183491887329	0.02708350433535363	0.02708350433535363	0.0328183491887329	0.02708350433535363	0.02708350433535363	0.07953505795538274	0.07953505795538274	0.07953505795538274	0.0656366983774658	0.0656366983774658	0.09272020271281943	0.07953505795538274	0.09845504756619872
UP000192315	0.05404148466667445	0.0315954159047244	0.0315954159047244	0.0315954159047244	0.0315954159047244	0.05404148466667445	0.0315954159047244	0.05404148466667445	0.05404148466667445	0.0315954159047244	0.05404148466667445	0.05404148466667445	0.036944592190603184	0.036944592190603184	0.036944592190603184	0.0631908318094488	0.0631908318094488	0.11723231647612327	0.036944592190603184	0.09478624771417321
UP000198397	0.017568119020417494	0.030404407060023547	0.030404407060023547	0.030404407060023547	0.030404407060023547	0.017568119020417494	0.030404407060023547	0.017568119020417494	0.017568119020417494	0.030404407060023547	0.017568119020417494	0.017568119020417494	0.1052392652391811	0.1052392652391811	0.1052392652391811	0.06080881412004709	0.06080881412004709	0.07837693314046458	0.1052392652391811	0.09121322118007064
