Proteome_ID	M	W	C	D	E	F	H	K	N	Q	Y	I	A	G	P	T	V	L	R	S
UP000000226	0.018145613369079973	0.014544335909426779	0.03268994927850675	0.03268994927850675	0.03268994927850675	0.040784205229896724	0.03268994927850675	0.040784205229896724	0.040784205229896724	0.03268994927850675	0.040784205229896724	0.06342279709071347	0.05240424707592372	0.05240424707592372	0.05240424707592372	0.0653798985570135	0.0653798985570135	0.10616410378691023	0.08509419635443047	0.09806984783552027
UP000000267	0.019908089518369306	0.010691848186571925	0.030599937704941228	0.030599937704941228	0.030599937704941228	0.05697670678223637	0.030599937704941228	0.05697670678223637	0.05697670678223637	0.030599937704941228	0.05697670678223637	0.09404532404610343	0.03286803469091379	0.03286803469091379	0.03286803469091379	0.061199875409882455	0.061199875409882455	0.11817658219211882	0.06346797239585501	0.09179981311482369
UP000000304	0.01481940695167306	0.017521201456747806	0.032340608408420866	0.032340608408420866	0.032340608408420866	0.02735364000306676	0.032340608408420866	0.02735364000306676	0.02735364000306676	0.032340608408420866	0.02735364000306676	0.039887873054460454	0.07647354809886797	0.07647354809886797	0.07647354809886797	0.06468121681684173	0.06468121681684173	0.09203485681990849	0.10881415650728883	0.0970218252252626
UP000000305	0.017445461418110347	0.015383060910384683	0.03282852232849503	0.03282852232849503	0.03282852232849503	0.0372298285127841	0.03282852232849503	0.0372298285127841	0.0372298285127841	0.03282852232849503	0.0372298285127841	0.05701419560745785	0.05789507614317529	0.05789507614317529	0.05789507614317529	0.06565704465699006	0.06565704465699006	0.10288687316977416	0.09072359847167032	0.0984855669854851
UP000000311	0.018437543375762155	0.014138858300454587	0.03257640167621674	0.03257640167621674	0.03257640167621674	0.04248071563969107	0.03257640167621674	0.04248071563969107	0.04248071563969107	0.03257640167621674	0.04248071563969107	0.06652388790361999	0.0499625267696142	0.0499625267696142	0.0499625267696142	0.06515280335243348	0.06515280335243348	0.10763351899212455	0.08253892844583095	0.09772920502865022
UP000000314	0.01877190624851599	0.013618828383063412	0.032390734631579404	0.032390734631579404	0.032390734631579404	0.04464670650969739	0.032390734631579404	0.04464670650969739	0.04464670650969739	0.032390734631579404	0.04464670650969739	0.0705215067708788	0.04699830164384094	0.04699830164384094	0.04699830164384094	0.06478146926315881	0.06478146926315881	0.10942817577285621	0.07938903627542035	0.09717220389473821
UP000000437	0.01655615154288355	0.01625283877034246	0.03280899031322601	0.03280899031322601	0.03280899031322601	0.0334212763241066	0.03280899031322601	0.0334212763241066	0.0334212763241066	0.03280899031322601	0.0334212763241066	0.050286401105329656	0.06441584306563028	0.06441584306563028	0.06441584306563028	0.06561798062645202	0.06561798062645202	0.09903925695055862	0.09722483337885628	0.09842697093967802
UP000000539	0.016094642952643096	0.016638736492885112	0.032733379445528205	0.032733379445528205	0.032733379445528205	0.03166298444803435	0.032733379445528205	0.03166298444803435	0.03166298444803435	0.032733379445528205	0.03166298444803435	0.047231325943425606	0.06767992017198783	0.06767992017198783	0.06767992017198783	0.06546675889105641	0.06546675889105641	0.09712974333909077	0.10041329961751604	0.09820013833658461
UP000000542	0.011801734591437733	0.018751097498807656	0.030552832090245393	0.030552832090245393	0.030552832090245393	0.019229616579443744	0.030552832090245393	0.019229616579443744	0.019229616579443744	0.030552832090245393	0.019229616579443744	0.026657498567449756	0.09708727627285131	0.09708727627285131	0.09708727627285131	0.061105664180490786	0.061105664180490786	0.08033528075993453	0.1276401083630967	0.09165849627073616
UP000000559	0.019895242553167738	0.010760643998195001	0.03065588655136274	0.03065588655136274	0.03065588655136274	0.05667934918431095	0.03065588655136274	0.05667934918431095	0.05667934918431095	0.03065588655136274	0.05667934918431095	0.09346345581545418	0.033161403360296805	0.033161403360296805	0.033161403360296805	0.06131177310272548	0.06131177310272548	0.11799112228703645	0.06381728991165954	0.09196765965408822
UP000000560	0.015115066077876212	0.017338370961037	0.032453437038913215	0.032453437038913215	0.032453437038913215	0.02829192237262121	0.032453437038913215	0.02829192237262121	0.02829192237262121	0.032453437038913215	0.02829192237262121	0.0414687786673662	0.07445415421172909	0.07445415421172909	0.07445415421172909	0.06490687407782643	0.06490687407782643	0.09319879645044762	0.1069075912506423	0.09736031111673962
UP000000561	0.014187611100530389	0.017871990271681713	0.0320596013722121	0.0320596013722121	0.0320596013722121	0.02545039189214909	0.0320596013722121	0.02545039189214909	0.02545039189214909	0.0320596013722121	0.02545039189214909	0.036713172683767795	0.08077031147502325	0.08077031147502325	0.08077031147502325	0.0641192027444242	0.0641192027444242	0.0895695946365733	0.11282991284723534	0.09617880411663632
UP000000589	0.01638102024314241	0.01640396822101661	0.03278498846415902	0.03278498846415902	0.03278498846415902	0.032739124610989795	0.03278498846415902	0.032739124610989795	0.032739124610989795	0.03278498846415902	0.032739124610989795	0.049097228978837185	0.06566183313491741	0.06566183313491741	0.06566183313491741	0.06556997692831804	0.06556997692831804	0.09830910153930783	0.09844682159907642	0.09835496539247705
UP000000591	0.014523035651870204	0.017692357205695057	0.03221539285756526	0.03221539285756526	0.03221539285756526	0.026444486371709822	0.03221539285756526	0.026444486371709822	0.026444486371709822	0.03221539285756526	0.026444486371709822	0.03836593709154944	0.07849133633221432	0.07849133633221432	0.07849133633221432	0.06443078571513051	0.06443078571513051	0.09087527208684036	0.1107067291897796	0.09664617857269579
UP000000598	0.019117174389638777	0.012995482153183736	0.03211265654282251	0.03211265654282251	0.03211265654282251	0.047239744397887834	0.03211265654282251	0.047239744397887834	0.047239744397887834	0.03211265654282251	0.047239744397887834	0.0753623144061369	0.0436591147298159	0.0436591147298159	0.0436591147298159	0.06422531308564502	0.06422531308564502	0.11146505748353286	0.07577177127263843	0.09633796962846754
UP000000599	0.01955474008094962	0.011988465432830556	0.031543205513780176	0.031543205513780176	0.031543205513780176	0.05145105423191041	0.031543205513780176	0.05145105423191041	0.05145105423191041	0.031543205513780176	0.05145105423191041	0.0833473683828712	0.03867651805927352	0.03867651805927352	0.03867651805927352	0.06308641102756035	0.06308641102756035	0.11453746525947077	0.0702197235730537	0.09462961654134053
UP000000600	0.019986987495121292	0.008739652467911705	0.028726639963033002	0.028726639963033002	0.028726639963033002	0.06569586099974345	0.028726639963033002	0.06569586099974345	0.06569586099974345	0.028726639963033002	0.06569586099974345	0.11140473450436561	0.025122430272097266	0.025122430272097266	0.025122430272097266	0.057453279926066005	0.057453279926066005	0.12314914092580945	0.053849070235130275	0.086179919889099
UP000000673	0.014875908667921078	0.017487209837133342	0.03236311850505442	0.03236311850505442	0.03236311850505442	0.02753045223189341	0.03236311850505442	0.02753045223189341	0.02753045223189341	0.03236311850505442	0.02753045223189341	0.04018499579586575	0.07608821174094914	0.07608821174094914	0.07608821174094914	0.06472623701010884	0.06472623701010884	0.09225668924200224	0.10845133024600355	0.09708935551516326
UP000000715	0.014835546475618923	0.01751153696707134	0.032347083442690265	0.032347083442690265	0.032347083442690265	0.02740402859367128	0.032347083442690265	0.02740402859367128	0.02740402859367128	0.032347083442690265	0.02740402859367128	0.03997251071172364	0.07636350280921894	0.07636350280921894	0.07636350280921894	0.06469416688538053	0.06469416688538053	0.0920981954790518	0.1087105862519092	0.09704125032807079
UP000000724	0.015380611636073249	0.017163434322078383	0.03254404595815163	0.03254404595815163	0.03254404595815163	0.02916358827469423	0.03254404595815163	0.02916358827469423	0.02916358827469423	0.03254404595815163	0.02916358827469423	0.0429465649133152	0.07263268959569688	0.07263268959569688	0.07263268959569688	0.06508809191630326	0.06508809191630326	0.09425168019099749	0.1051767355538485	0.0976321378744549
UP000000741	0.016527133060493242	0.016278293142813902	0.03280542620330714	0.03280542620330714	0.03280542620330714	0.03330690995742361	0.03280542620330714	0.03330690995742361	0.03330690995742361	0.03280542620330714	0.03330690995742361	0.05008668685435399	0.06462298602640339	0.06462298602640339	0.06462298602640339	0.06561085240661428	0.06561085240661428	0.0989177623640379	0.09742841222971052	0.09841627860992143
UP000000759	0.016056468563250426	0.01666892328557217	0.032725391848822595	0.032725391848822595	0.032725391848822595	0.031522985404551	0.032725391848822595	0.031522985404551	0.031522985404551	0.032725391848822595	0.031522985404551	0.046989502245851564	0.06794732528755797	0.06794732528755797	0.06794732528755797	0.06545078369764519	0.06545078369764519	0.09697376910219618	0.10067271713638057	0.09817617554646779
UP000000768	0.013849454086471574	0.018038465563866634	0.03188791965033821	0.03188791965033821	0.03188791965033821	0.024482696576758493	0.03188791965033821	0.024482696576758493	0.024482696576758493	0.03188791965033821	0.024482696576758493	0.03511593906704542	0.08306596591093765	0.08306596591093765	0.08306596591093765	0.06377583930067642	0.06377583930067642	0.0882585358774349	0.11495388556127586	0.09566375895101463
UP000000803	0.01523648560147802	0.01725966967680971	0.03249615527828773	0.03249615527828773	0.03249615527828773	0.0286869454208781	0.03249615527828773	0.0286869454208781	0.0286869454208781	0.03249615527828773	0.0286869454208781	0.04213740524027818	0.07362234580068189	0.07362234580068189	0.07362234580068189	0.06499231055657546	0.06499231055657546	0.09367925597745357	0.10611850107896961	0.0974884658348632
UP000000819	0.017302691111127144	0.01553557007060711	0.03283826118173425	0.03283826118173425	0.03283826118173425	0.03657350758753719	0.03283826118173425	0.03657350758753719	0.03657350758753719	0.03283826118173425	0.03657350758753719	0.05584432406394723	0.058968989772654704	0.058968989772654704	0.058968989772654704	0.0656765223634685	0.0656765223634685	0.1022500299510057	0.09180725095438896	0.09851478354520277
UP000001038	0.015488734941482774	0.017089188201357273	0.03257792314284005	0.03257792314284005	0.03257792314284005	0.029526903827027367	0.03257792314284005	0.029526903827027367	0.029526903827027367	0.03257792314284005	0.029526903827027367	0.04356507271257195	0.07188840946671259	0.07188840946671259	0.07188840946671259	0.0651558462856801	0.0651558462856801	0.09468275011270745	0.10446633260955265	0.09773376942852015
UP000001055	0.01474542772131631	0.01756504200593484	0.032310469727251157	0.032310469727251157	0.032310469727251157	0.027123857480328535	0.032310469727251157	0.027123857480328535	0.027123857480328535	0.032310469727251157	0.027123857480328535	0.03950228723934076	0.07697772743074952	0.07697772743074952	0.07697772743074952	0.06462093945450231	0.06462093945450231	0.09174479693483084	0.10928819715800067	0.09693140918175344
UP000001056	0.01244098035904332	0.01858177234092406	0.03102275269996738	0.03102275269996738	0.03102275269996738	0.02077054061058199	0.03102275269996738	0.02077054061058199	0.02077054061058199	0.03102275269996738	0.02077054061058199	0.029100100862120656	0.09267078822137281	0.09267078822137281	0.09267078822137281	0.06204550539993476	0.06204550539993476	0.08281604601051676	0.1236935409213402	0.09306825809990216
UP000001064	0.01997448262847273	0.008631466281257343	0.02860594890973008	0.02860594890973008	0.02860594890973008	0.06619837359604999	0.02860594890973008	0.06619837359604999	0.06619837359604999	0.02860594890973008	0.06619837359604999	0.11242226456362725	0.02472267122511042	0.02472267122511042	0.02472267122511042	0.05721189781946016	0.05721189781946016	0.12341027141551016	0.05332862013484049	0.08581784672919023
UP000001067	0.014996913330540864	0.0174129146703583	0.032409828000899164	0.032409828000899164	0.032409828000899164	0.02791303987807459	0.032409828000899164	0.02791303987807459	0.02791303987807459	0.032409828000899164	0.02791303987807459	0.04082916642560831	0.07526209654240802	0.07526209654240802	0.07526209654240802	0.06481965600179833	0.06481965600179833	0.09273269587987291	0.1076719245433072	0.09722948400269749
UP000001070	0.01594609891040749	0.01675478527426372	0.03270088418467121	0.03270088418467121	0.03270088418467121	0.031122543508064263	0.03270088418467121	0.031122543508064263	0.031122543508064263	0.03270088418467121	0.031122543508064263	0.046298988105721035	0.06871853684980454	0.06871853684980454	0.06871853684980454	0.06540176836934242	0.06540176836934242	0.09652431187740668	0.10141942103447575	0.09810265255401363
UP000001072	0.018405001397848068	0.014186067261082909	0.03259106865893098	0.03259106865893098	0.03259106865893098	0.04228364727062471	0.03259106865893098	0.04228364727062471	0.04228364727062471	0.03259106865893098	0.04228364727062471	0.06616229314340137	0.05024059299014486	0.05024059299014486	0.05024059299014486	0.06518213731786196	0.06518213731786196	0.10746578458848667	0.08283166164907585	0.09777320597679294
UP000001073	0.01562244364442948	0.016994884517588047	0.032617328162017525	0.032617328162017525	0.032617328162017525	0.029983279410674083	0.032617328162017525	0.029983279410674083	0.029983279410674083	0.032617328162017525	0.029983279410674083	0.04434411517691869	0.07096555929435762	0.07096555929435762	0.07096555929435762	0.06523465632403505	0.06523465632403505	0.09521793573470913	0.10358288745637516	0.09785198448605258
UP000001074	0.01504108912776757	0.017385276888601482	0.03242636601636905	0.03242636601636905	0.03242636601636905	0.028054074977752884	0.03242636601636905	0.028054074977752884	0.028054074977752884	0.03242636601636905	0.028054074977752884	0.0410670608277382	0.07496017700539814	0.07496017700539814	0.07496017700539814	0.0648527320327381	0.0648527320327381	0.09290680701049098	0.1073865430217672	0.09727909804910716
UP000001075	0.016017819762430364	0.016699227689450154	0.03271704745188052	0.03271704745188052	0.03271704745188052	0.031382036282682664	0.03271704745188052	0.031382036282682664	0.031382036282682664	0.03271704745188052	0.031382036282682664	0.046746252802934964	0.06821770163839087	0.06821770163839087	0.06821770163839087	0.06543409490376104	0.06543409490376104	0.09681613118644371	0.10093474909027139	0.09815114235564155
UP000001194	0.01625190341958183	0.01651166315255358	0.03276356657213541	0.03276356657213541	0.03276356657213541	0.03224813361875277	0.03276356657213541	0.03224813361875277	0.03224813361875277	0.03276356657213541	0.03224813361875277	0.048244363817923706	0.06657447573353646	0.06657447573353646	0.06657447573353646	0.06552713314427082	0.06552713314427082	0.09777526676302357	0.09933804230567186	0.09829069971640622
UP000001197	0.014139254921611355	0.017896684656515022	0.03203593957812638	0.03203593957812638	0.03203593957812638	0.02530995684631301	0.03203593957812638	0.02530995684631301	0.02530995684631301	0.03203593957812638	0.02530995684631301	0.03648065877101467	0.08109863093684958	0.08109863093684958	0.08109863093684958	0.06407187915625276	0.06407187915625276	0.08938183600256577	0.11313457051497595	0.09610781873437914
UP000001261	0.016062026510217896	0.016664544061648936	0.03272657057186683	0.03272657057186683	0.03272657057186683	0.03154331988737464	0.03272657057186683	0.03154331988737464	0.03154331988737464	0.03272657057186683	0.03154331988737464	0.04702461326453139	0.06790841453718155	0.06790841453718155	0.06790841453718155	0.06545314114373366	0.06545314114373366	0.09699646103110832	0.10063498510904838	0.09817971171560048
UP000001292	0.01484282075810464	0.017507169288269588	0.03234999004637423	0.03234999004637423	0.03234999004637423	0.027426769906573594	0.03234999004637423	0.027426769906573594	0.027426769906573594	0.03234999004637423	0.027426769906573594	0.04001071905504255	0.07631389766752544	0.07631389766752544	0.07631389766752544	0.06469998009274847	0.06469998009274847	0.09212674999932206	0.10866388771389968	0.09704997013912268
UP000001294	0.016387214439019505	0.01639872346976436	0.03278593790878387	0.03278593790878387	0.03278593790878387	0.032762927924617304	0.03278593790878387	0.032762927924617304	0.032762927924617304	0.03278593790878387	0.032762927924617304	0.0491386414102151	0.06561792810653914	0.06561792810653914	0.06561792810653914	0.06557187581756774	0.06557187581756774	0.09833480374218503	0.09840386601532301	0.09835781372635159
UP000001300	0.015000096511203558	0.01741093242719684	0.0324110289384004	0.0324110289384004	0.0324110289384004	0.027923177815795508	0.0324110289384004	0.027923177815795508	0.027923177815795508	0.0324110289384004	0.027923177815795508	0.04084625912038746	0.07524034719655714	0.07524034719655714	0.07524034719655714	0.0648220578768008	0.0648220578768008	0.09274523569259631	0.10765137613495757	0.09723308681520121
UP000001307	0.017936392240653302	0.01481265686386911	0.032749049104522414	0.032749049104522414	0.032749049104522414	0.039655262094129076	0.032749049104522414	0.039655262094129076	0.039655262094129076	0.032749049104522414	0.039655262094129076	0.06137413194760486	0.054091192977347775	0.054091192977347775	0.054091192977347775	0.06549809820904483	0.06549809820904483	0.10515336030317392	0.08684024208187019	0.09824714731356725
UP000001312	0.01786972592419111	0.014894723965384812	0.03276444988957592	0.03276444988957592	0.03276444988957592	0.03930866667581704	0.03276444988957592	0.03930866667581704	0.03930866667581704	0.03276444988957592	0.03930866667581704	0.060747607427442965	0.054619465240064315	0.054619465240064315	0.054619465240064315	0.06552889977915184	0.06552889977915184	0.10483756645496888	0.08738391512964024	0.09829334966872776
UP000001357	0.013619027026435675	0.018143716633325955	0.03176274365976163	0.03176274365976163	0.03176274365976163	0.02384173392244748	0.03176274365976163	0.02384173392244748	0.02384173392244748	0.03176274365976163	0.02384173392244748	0.03406444081845929	0.08463074775327933	0.08463074775327933	0.08463074775327933	0.06352548731952326	0.06352548731952326	0.08736722124197073	0.11639349141304096	0.09528823097928488
UP000001396	0.019659345866275324	0.011682241298075432	0.03134158716435075	0.03134158716435075	0.03134158716435075	0.05274288437814532	0.03134158716435075	0.05274288437814532	0.05274288437814532	0.03134158716435075	0.05274288437814532	0.08582642289001531	0.03724844014741152	0.03724844014741152	0.03724844014741152	0.0626831743287015	0.0626831743287015	0.11542605870684683	0.06859002731176228	0.09402476149305228
UP000001449	0.017085199214102058	0.015757775997984554	0.03284297521208661	0.03284297521208661	0.03284297521208661	0.03560964277916407	0.03284297521208661	0.03560964277916407	0.03560964277916407	0.03284297521208661	0.03560964277916407	0.05413408634422608	0.06058252409164196	0.06058252409164196	0.06058252409164196	0.06568595042417322	0.06568595042417322	0.1012955932033373	0.09342549930372858	0.09852892563625984
UP000001450	0.01924889703919569	0.006381148275415638	0.025630045314611327	0.025630045314611327	0.025630045314611327	0.07731368745521572	0.025630045314611327	0.07731368745521572	0.07731368745521572	0.025630045314611327	0.07731368745521572	0.13537847787123575	0.01699308995472611	0.01699308995472611	0.01699308995472611	0.051260090629222654	0.051260090629222654	0.12857377808443837	0.04262313526933744	0.07689013594383398
UP000001460	0.01998568383183652	0.00872757271076844	0.02871325654260496	0.02871325654260496	0.02871325654260496	0.06575185175310765	0.02871325654260496	0.06575185175310765	0.06575185175310765	0.02871325654260496	0.06575185175310765	0.11151801967437876	0.02507765421960091	0.02507765421960091	0.02507765421960091	0.05742651308520992	0.05742651308520992	0.12317836483831755	0.05379091076220587	0.08613976962781487
UP000001471	0.014991551049692053	0.01741625064925656	0.032407801698948614	0.032407801698948614	0.032407801698948614	0.02789597045669666	0.032407801698948614	0.02789597045669666	0.02789597045669666	0.032407801698948614	0.02789597045669666	0.04080038986370126	0.07529873266740944	0.07529873266740944	0.07529873266740944	0.06481560339789723	0.06481560339789723	0.09271157385459387	0.10770653436635803	0.09722340509684582
UP000001514	0.015288536296256209	0.01722527065177271	0.03251380694802892	0.03251380694802892	0.03251380694802892	0.02885809620664802	0.03251380694802892	0.02885809620664802	0.02885809620664802	0.03251380694802892	0.02885809620664802	0.04242765611703983	0.07326523792031431	0.07326523792031431	0.07326523792031431	0.06502761389605784	0.06502761389605784	0.09388571010270587	0.10577904486834325	0.09754142084408676
UP000001519	0.015583875506837448	0.017022372370840144	0.032606247877677595	0.032606247877677595	0.032606247877677595	0.029850816126032815	0.032606247877677595	0.029850816126032815	0.029850816126032815	0.032606247877677595	0.029850816126032815	0.04411775674522818	0.07123204914544157	0.07123204914544157	0.07123204914544157	0.06521249575535519	0.06521249575535519	0.09506331188138799	0.10383829702311916	0.09781874363303276
UP000001529	0.014072797208804584	0.017930136054847227	0.03200293326365181	0.03200293326365181	0.03200293326365181	0.025118091046750616	0.03200293326365181	0.025118091046750616	0.025118091046750616	0.03200293326365181	0.025118091046750616	0.036163384884696656	0.08154980691578033	0.08154980691578033	0.08154980691578033	0.06400586652730363	0.06400586652730363	0.08912395757405424	0.11355274017943215	0.09600879979095545
UP000001542	0.019844507300395667	0.011003838414720787	0.030848345715116455	0.030848345715116455	0.030848345715116455	0.055632425584312896	0.030848345715116455	0.055632425584312896	0.055632425584312896	0.030848345715116455	0.055632425584312896	0.09142034386823011	0.034210999192085534	0.034210999192085534	0.034210999192085534	0.06169669143023291	0.06169669143023291	0.1173291170145458	0.065059344907202	0.09254503714534937
UP000001548	0.016448748206425366	0.01634622536357775	0.03279497357000311	0.03279497357000311	0.03279497357000311	0.03300066227468724	0.03279497357000311	0.03300066227468724	0.03300066227468724	0.03279497357000311	0.03300066227468724	0.04955257634294911	0.06518113379089123	0.06518113379089123	0.06518113379089123	0.06558994714000622	0.06558994714000622	0.09859060941469346	0.09797610736089432	0.09838492071000934
UP000001554	0.015253987092035367	0.017248147975637156	0.03250213506767253	0.03250213506767253	0.03250213506767253	0.028744370090409786	0.03250213506767253	0.028744370090409786	0.028744370090409786	0.03250213506767253	0.028744370090409786	0.0422347530887842	0.07350230884410158	0.07350230884410158	0.07350230884410158	0.06500427013534506	0.06500427013534506	0.09374864022575484	0.10600444391177412	0.09750640520301758
UP000001555	0.013709079338863716	0.018103364204360865	0.03181244354322458	0.03181244354322458	0.03181244354322458	0.02409051199401562	0.03181244354322458	0.02409051199401562	0.02409051199401562	0.03181244354322458	0.02409051199401562	0.03447194464916752	0.08401909967229028	0.08401909967229028	0.08401909967229028	0.06362488708644916	0.06362488708644916	0.08771539908046477	0.11583154321551485	0.09543733062967373
UP000001568	0.012336871713154965	0.018612601215070922	0.03094947292822589	0.03094947292822589	0.03094947292822589	0.02051404168032783	0.03094947292822589	0.02051404168032783	0.02051404168032783	0.03094947292822589	0.02051404168032783	0.02869121164750069	0.0933867532748115	0.0933867532748115	0.0933867532748115	0.06189894585645178	0.06189894585645178	0.08241298753677959	0.1243362262030374	0.09284841878467767
UP000001593	0.017376396626204202	0.015457522483185658	0.03283391910938986	0.03283391910938986	0.03283391910938986	0.036909873613839406	0.03283391910938986	0.036909873613839406	0.036909873613839406	0.03283391910938986	0.036909873613839406	0.05644335060147461	0.05841614389477261	0.05841614389477261	0.05841614389477261	0.06566783821877972	0.06566783821877972	0.10257771183261913	0.09125006300416247	0.09850175732816957
UP000001595	0.015633874031744058	0.01698669300433965	0.03262056703608371	0.03262056703608371	0.03262056703608371	0.03002266749366151	0.03262056703608371	0.03002266749366151	0.03002266749366151	0.03262056703608371	0.03002266749366151	0.044411460955578956	0.07088653224969352	0.07088653224969352	0.07088653224969352	0.06524113407216742	0.06524113407216742	0.09526380156582892	0.10350709928577721	0.0978617011082511
UP000001610	0.012702160113691609	0.01849884502473979	0.031201005138431402	0.031201005138431402	0.031201005138431402	0.021424049039085617	0.031201005138431402	0.021424049039085617	0.021424049039085617	0.031201005138431402	0.021424049039085617	0.030145937964479626	0.09087943365629748	0.09087943365629748	0.09087943365629748	0.062402010276862804	0.062402010276862804	0.08382605931594841	0.12208043879472887	0.0936030154152942
UP000001611	0.012411014390426547	0.01859077581550279	0.03100179020592934	0.03100179020592934	0.03100179020592934	0.020696482394990775	0.03100179020592934	0.020696482394990775	0.020696482394990775	0.03100179020592934	0.020696482394990775	0.028981950399555003	0.09287674858265542	0.09287674858265542	0.09287674858265542	0.06200358041185868	0.06200358041185868	0.08270006280684945	0.12387853878858476	0.09300537061778802
UP000001628	0.016067743819764023	0.016660033673398057	0.03272777749316208	0.03272777749316208	0.03272777749316208	0.03156425460232038	0.03272777749316208	0.03156425460232038	0.03156425460232038	0.03272777749316208	0.03156425460232038	0.04706076538487674	0.06786838042823201	0.06786838042823201	0.06786838042823201	0.06545555498632416	0.06545555498632416	0.09701980958864453	0.10059615792139409	0.09818333247948624
UP000001631	0.01592482603708991	0.016771096189138652	0.03269592222622856	0.03269592222622856	0.03269592222622856	0.031046084746214363	0.03269592222622856	0.031046084746214363	0.031046084746214363	0.03269592222622856	0.031046084746214363	0.046167343455338815	0.06886686929848308	0.06886686929848308	0.06886686929848308	0.06539184445245712	0.06539184445245712	0.09643792919867147	0.10156279152471165	0.09808776667868568
UP000001640	0.019515845732682804	0.012093472239166164	0.03160931797184897	0.03160931797184897	0.03160931797184897	0.05100954970203462	0.03160931797184897	0.05100954970203462	0.05100954970203462	0.03160931797184897	0.05100954970203462	0.08250325367138645	0.03917497756721428	0.03917497756721428	0.03917497756721428	0.06321863594369793	0.06321863594369793	0.11422818564573255	0.07078429553906325	0.09482795391554691
UP000001645	0.016381222050608758	0.016403797460782417	0.03278501951139118	0.03278501951139118	0.03278501951139118	0.03273989976001711	0.03278501951139118	0.03273989976001711	0.03273989976001711	0.03278501951139118	0.03273989976001711	0.049098577469425454	0.0656604028870575	0.0656604028870575	0.0656604028870575	0.06557003902278236	0.06557003902278236	0.09830993878279948	0.0984454223984487	0.09835505853417355
UP000001646	0.016883931763838636	0.015953320036272832	0.03283725180011147	0.03283725180011147	0.03283725180011147	0.034752761020558	0.03283725180011147	0.034752761020558	0.034752761020558	0.03283725180011147	0.034752761020558	0.05262159027727738	0.062054643954537254	0.062054643954537254	0.062054643954537254	0.06567450360022294	0.06567450360022294	0.10042726462078094	0.09489189575464874	0.09851175540033441
UP000001742	0.019948279792153707	0.01044781888029596	0.03039609867244967	0.03039609867244967	0.03039609867244967	0.05803602530394952	0.03039609867244967	0.05803602530394952	0.05803602530394952	0.03039609867244967	0.05803602530394952	0.09612377081574533	0.03183963097632811	0.03183963097632811	0.03183963097632811	0.06079219734489934	0.06079219734489934	0.11882822264884886	0.06223572964877778	0.091188296017349
UP000001743	0.013791391063343884	0.018065605756151272	0.03185699681949516	0.03185699681949516	0.03185699681949516	0.024319821165795244	0.03185699681949516	0.024319821165795244	0.024319821165795244	0.03185699681949516	0.024319821165795244	0.0348482512682466	0.08346017344771367	0.08346017344771367	0.08346017344771367	0.06371399363899032	0.06371399363899032	0.08803381480478556	0.11531717026720884	0.0955709904584855
UP000001744	0.017702904796568848	0.015093439782633103	0.03279634457920195	0.03279634457920195	0.03279634457920195	0.03846641813413012	0.03279634457920195	0.03846641813413012	0.03846641813413012	0.03279634457920195	0.03846641813413012	0.05922993147169138	0.05592411614760673	0.05592411614760673	0.05592411614760673	0.0655926891584039	0.0655926891584039	0.10405910729253401	0.08872046072680868	0.09838903373760585
UP000001745	0.01678197840395867	0.016048910281876164	0.032830888685834836	0.032830888685834836	0.032830888685834836	0.03433050937611957	0.032830888685834836	0.03433050937611957	0.03433050937611957	0.032830888685834836	0.03433050937611957	0.051879040348280454	0.0627935484494411	0.0627935484494411	0.0627935484494411	0.06566177737166967	0.06566177737166967	0.09999228674778925	0.09562443713527595	0.09849266605750451
UP000001798	0.01755384797660317	0.015263512268448479	0.03281736024505165	0.03281736024505165	0.03281736024505165	0.037741703390632146	0.03281736024505165	0.037741703390632146	0.037741703390632146	0.03281736024505165	0.037741703390632146	0.05792955880466111	0.057071040080337934	0.057071040080337934	0.057071040080337934	0.0656347204901033	0.0656347204901033	0.10337642388073544	0.08988840032538957	0.09845208073515496
UP000001805	0.014042481068115033	0.017945209215162586	0.031987690283277616	0.031987690283277616	0.031987690283277616	0.025031000186730535	0.031987690283277616	0.025031000186730535	0.025031000186730535	0.031987690283277616	0.025031000186730535	0.03601951930534603	0.08175560880713988	0.08175560880713988	0.08175560880713988	0.06397538056655523	0.06397538056655523	0.08900638075328576	0.11374329909041749	0.09596307084983285
UP000001811	0.015037718165831554	0.017387395644666712	0.032425113810498264	0.032425113810498264	0.032425113810498264	0.028043286812010182	0.032425113810498264	0.028043286812010182	0.028043286812010182	0.032425113810498264	0.028043286812010182	0.04104885545818881	0.07498322237844704	0.07498322237844704	0.07498322237844704	0.06485022762099653	0.06485022762099653	0.0928935144330067	0.1074083361889453	0.09727534143149479
UP000001819	0.014734673402897174	0.017571352642578527	0.0323060260454757	0.0323060260454757	0.0323060260454757	0.027090614616207504	0.0323060260454757	0.027090614616207504	0.027090614616207504	0.0323060260454757	0.027090614616207504	0.03944655582951783	0.07705098859045835	0.07705098859045835	0.07705098859045835	0.0646120520909514	0.0646120520909514	0.09170266670715892	0.10935701463593404	0.0969180781364271
UP000001861	0.014959512491090282	0.017436097839491144	0.03239561033058143	0.03239561033058143	0.03239561033058143	0.027794208420831475	0.03239561033058143	0.027794208420831475	0.027794208420831475	0.03239561033058143	0.027794208420831475	0.04062890435057267	0.07551757206399179	0.07551757206399179	0.07551757206399179	0.06479122066116286	0.06479122066116286	0.09258542908199432	0.10791318239457322	0.09718683099174427
UP000001876	0.009417225402830274	0.018953701063472956	0.028370926466303226	0.028370926466303226	0.028370926466303226	0.014096213110335135	0.028370926466303226	0.014096213110335135	0.014096213110335135	0.028370926466303226	0.014096213110335135	0.01877520081784	0.11420222754240816	0.11420222754240816	0.11420222754240816	0.05674185293260645	0.05674185293260645	0.07083806604294159	0.14257315400871137	0.0851127793989097
UP000001881	0.01389682624131556	0.018016011486887168	0.03191283772820273	0.03191283772820273	0.03191283772820273	0.024616278752870584	0.03191283772820273	0.024616278752870584	0.024616278752870584	0.03191283772820273	0.024616278752870584	0.03533573126442561	0.0827443678299944	0.0827443678299944	0.0827443678299944	0.06382567545640545	0.06382567545640545	0.08844195420927604	0.11465720555819713	0.0957385131846082
UP000001926	0.019848243866900744	0.00793589638197305	0.027784140248873792	0.027784140248873792	0.027784140248873792	0.06949011992451341	0.027784140248873792	0.06949011992451341	0.06949011992451341	0.027784140248873792	0.06949011992451341	0.11913199598212608	0.02221779010333156	0.02221779010333156	0.02221779010333156	0.055568280497747584	0.055568280497747584	0.125058400422261	0.050001930352205355	0.08335242074662139
UP000001940	0.018603635742915594	0.013889000474383718	0.03249263621729931	0.03249263621729931	0.03249263621729931	0.0435222944680996	0.03249263621729931	0.0435222944680996	0.0435222944680996	0.03249263621729931	0.0435222944680996	0.0684409531932836	0.04851634874735736	0.04851634874735736	0.04851634874735736	0.06498527243459862	0.06498527243459862	0.10850756690269821	0.08100898496465665	0.09747790865189793
UP000001949	0.019559795322206263	0.011974502552239993	0.031534297874446254	0.031534297874446254	0.031534297874446254	0.051509815072716424	0.031534297874446254	0.051509815072716424	0.051509815072716424	0.031534297874446254	0.051509815072716424	0.08345983482322657	0.03861058095551281	0.03861058095551281	0.03861058095551281	0.06306859574889251	0.06306859574889251	0.11457841082160894	0.07014487882995905	0.09460289362333876
UP000001950	0.019825040698447052	0.01108792375733568	0.030912964455782732	0.030912964455782732	0.030912964455782732	0.05527191491013661	0.030912964455782732	0.05527191491013661	0.05527191491013661	0.030912964455782732	0.05527191491013661	0.09071878912182617	0.03457855125874179	0.03457855125874179	0.03457855125874179	0.061825928911565464	0.061825928911565464	0.11709784382170207	0.06549151571452452	0.0927388933673482
UP000001996	0.01910584293276927	0.013017752202918814	0.032123595135688084	0.032123595135688084	0.032123595135688084	0.04714703072629651	0.032123595135688084	0.04714703072629651	0.04714703072629651	0.032123595135688084	0.04714703072629651	0.07518821851982375	0.04377477641942109	0.04377477641942109	0.04377477641942109	0.06424719027137617	0.06424719027137617	0.11139422099767268	0.07589837155510917	0.09637078540706426
UP000001997	0.01807001627927617	0.014643253067505406	0.03271326934678158	0.03271326934678158	0.03271326934678158	0.040368714992466685	0.03271326934678158	0.040368714992466685	0.040368714992466685	0.03271326934678158	0.040368714992466685	0.06266741370565719	0.05301917544587606	0.05301917544587606	0.05301917544587606	0.06542653869356316	0.06542653869356316	0.10579525368602984	0.08573244479265764	0.09813980804034474
UP000002009	0.010293767991944832	0.01895996481270461	0.029253732804649445	0.029253732804649445	0.029253732804649445	0.015882473483686335	0.029253732804649445	0.015882473483686335	0.015882473483686335	0.029253732804649445	0.015882473483686335	0.02147117897542784	0.10776418218293737	0.10776418218293737	0.10776418218293737	0.05850746560929889	0.05850746560929889	0.07438993909298522	0.1370179149875868	0.08776119841394832
UP000002035	0.016005947811188977	0.016708484795481385	0.03271443260667036	0.03271443260667036	0.03271443260667036	0.031338898014057696	0.03271443260667036	0.031338898014057696	0.031338898014057696	0.03271443260667036	0.031338898014057696	0.04667184821692642	0.06830068500151486	0.06830068500151486	0.06830068500151486	0.06542886521334072	0.06542886521334072	0.09676776322739843	0.10101511760818523	0.09814329782001109
UP000002036	0.016669945293246797	0.016151392324631787	0.03282133761787858	0.03282133761787858	0.03282133761787858	0.03387509210006713	0.03282133761787858	0.03387509210006713	0.03387509210006713	0.03282133761787858	0.03387509210006713	0.05108023890688746	0.06360072467667989	0.06360072467667989	0.06360072467667989	0.06564267523575716	0.06564267523575716	0.09951776733582428	0.09642206229455848	0.09846401285363574
UP000002037	0.019964863320515575	0.010328483539639267	0.030293346860154842	0.030293346860154842	0.030293346860154842	0.05855675978596607	0.030293346860154842	0.05855675978596607	0.05855675978596607	0.030293346860154842	0.05855675978596607	0.09714865625141655	0.031343498764068896	0.031343498764068896	0.031343498764068896	0.060586693720309684	0.060586693720309684	0.11914345350627574	0.06163684562422373	0.09088004058046452
UP000002038	0.01609542759423671	0.01663811336123043	0.03273354095546714	0.03273354095546714	0.03273354095546714	0.03166587021695474	0.03273354095546714	0.03166587021695474	0.03166587021695474	0.03273354095546714	0.03166587021695474	0.04723631283967277	0.0676744201970198	0.0676744201970198	0.0676744201970198	0.06546708191093428	0.06546708191093428	0.09713295212788903	0.10040796115248694	0.09820062286640144
UP000002051	0.01907068207351565	0.013085959115021613	0.03215664118853727	0.03215664118853727	0.03215664118853727	0.04686313592060309	0.03215664118853727	0.04686313592060309	0.04686313592060309	0.03215664118853727	0.04686313592060309	0.07465558976769052	0.04413061790317443	0.04413061790317443	0.04413061790317443	0.06431328237707454	0.06431328237707454	0.1111764182976776	0.07628725909171169	0.09646992356561178
UP000002058	0.015757499061711377	0.01689676855859706	0.03265426762030844	0.03265426762030844	0.03265426762030844	0.030452544201185736	0.03265426762030844	0.030452544201185736	0.030452544201185736	0.03265426762030844	0.030452544201185736	0.0451475893406601	0.07003035193211905	0.07003035193211905	0.07003035193211905	0.06530853524061687	0.06530853524061687	0.09576107944180262	0.10268461955242748	0.09796280286092532
UP000002059	0.016143587647369922	0.016599659303192404	0.03274324695056232	0.03274324695056232	0.03274324695056232	0.031843634098214474	0.03274324695056232	0.031843634098214474	0.031843634098214474	0.03274324695056232	0.031843634098214474	0.04754368054905903	0.06733654943771789	0.06733654943771789	0.06733654943771789	0.06548649390112464	0.06548649390112464	0.09733012799933911	0.1000797963882802	0.09822974085168697
UP000002149	0.015959265649163935	0.016744651419453648	0.03270391706861758	0.03270391706861758	0.03270391706861758	0.031169983010809338	0.03270391706861758	0.031169983010809338	0.031169983010809338	0.03270391706861758	0.031169983010809338	0.04638070037245474	0.0686266778689043	0.0686266778689043	0.0686266778689043	0.06540783413723517	0.06540783413723517	0.09657781714804449	0.1013305949375219	0.09811175120585273
UP000002173	0.018357583174761105	0.014253903920803517	0.03261148709556462	0.03261148709556462	0.03261148709556462	0.042000289193455435	0.03261148709556462	0.042000289193455435	0.042000289193455435	0.03261148709556462	0.042000289193455435	0.06564299521214977	0.05064294132288479	0.05064294132288479	0.05064294132288479	0.06522297419112924	0.06522297419112924	0.10722326338458467	0.0832544284184494	0.09783446128669385
UP000002195	0.01974811649750038	0.007568628041487232	0.027316744538987615	0.027316744538987615	0.027316744538987615	0.0712750382937807	0.027316744538987615	0.0712750382937807	0.0712750382937807	0.027316744538987615	0.0712750382937807	0.122801960090061	0.02093873395430843	0.02093873395430843	0.02093873395430843	0.05463348907797523	0.05463348907797523	0.12590852737175592	0.04825547849329604	0.08195023361696284
UP000002226	0.01398715293275204	0.017972418568497146	0.03195957150124918	0.03195957150124918	0.03195957150124918	0.02487274667844419	0.03195957150124918	0.02487274667844419	0.02487274667844419	0.03195957150124918	0.02487274667844419	0.035758340424136344	0.08213119554091396	0.08213119554091396	0.08213119554091396	0.06391914300249836	0.06391914300249836	0.08879188968094258	0.11409076704216314	0.09587871450374756
UP000002258	0.018468541786564843	0.014093377789417246	0.03256191957598209	0.03256191957598209	0.03256191957598209	0.042670478385342096	0.03256191957598209	0.042670478385342096	0.042670478385342096	0.03256191957598209	0.042670478385342096	0.06687241498411936	0.04969611996836417	0.04969611996836417	0.04969611996836417	0.06512383915196418	0.06512383915196418	0.10779431753730628	0.08225803954434625	0.09768575872794627
