	M	W	C	D	E	F	H	K	N	Q	Y	I	A	G	P	T	V	L	R	S
Start	4048.0	289.0	230.0	1265.0	1372.0	1092.0	593.0	1730.0	1119.0	1024.0	624.0	1945.0	2060.0	1213.0	1302.0	2044.0	1650.0	3002.0	1785.0	2134.0
M	1184.0	626.0	459.0	2700.0	3021.0	1941.0	1053.0	1867.0	1444.0	1694.0	1279.0	2692.0	4879.0	3989.0	2350.0	2668.0	3740.0	5199.0	2806.0	2822.0
W	626.0	494.0	273.0	1470.0	1631.0	1210.0	603.0	1017.0	845.0	980.0	833.0	1509.0	2794.0	2256.0	1428.0	1486.0	1991.0	3032.0	1667.0	1620.0
C	459.0	273.0	296.0	1138.0	1298.0	764.0	489.0	777.0	624.0	699.0	543.0	1045.0	2014.0	1644.0	1021.0	1064.0	1423.0	2004.0	1259.0	1163.0
D	2700.0	1470.0	1138.0	7096.0	7872.0	4547.0	2715.0	5098.0	4064.0	4421.0	3447.0	6679.0	11400.0	9190.0	5393.0	6608.0	8540.0	12144.0	7231.0	7016.0
E	3021.0	1631.0	1298.0	7872.0	8922.0	4994.0	3002.0	5398.0	4124.0	4907.0	3802.0	7436.0	13143.0	10160.0	6138.0	7120.0	9923.0	14119.0	8272.0	7428.0
F	1941.0	1210.0	764.0	4547.0	4994.0	3566.0	1799.0	3222.0	2582.0	2843.0	2400.0	4684.0	8113.0	6743.0	3990.0	4520.0	6294.0	8880.0	4699.0	4771.0
H	1053.0	603.0	489.0	2715.0	3002.0	1799.0	1208.0	1755.0	1437.0	1676.0	1294.0	2457.0	4602.0	3657.0	2230.0	2437.0	3301.0	4731.0	2887.0	2567.0
K	1867.0	1017.0	777.0	5098.0	5398.0	3222.0	1755.0	4288.0	3014.0	3012.0	2519.0	4873.0	8558.0	6575.0	3863.0	4649.0	6409.0	8682.0	4948.0	4886.0
N	1444.0	845.0	624.0	4064.0	4124.0	2582.0	1437.0	3014.0	2564.0	2403.0	2008.0	3800.0	6761.0	5680.0	3143.0	3965.0	5022.0	6714.0	4006.0	4033.0
Q	1694.0	980.0	699.0	4421.0	4907.0	2843.0	1676.0	3012.0	2403.0	3102.0	2121.0	4045.0	8154.0	5936.0	3714.0	4229.0	5667.0	8097.0	4858.0	4487.0
Y	1279.0	833.0	543.0	3447.0	3802.0	2400.0	1294.0	2519.0	2008.0	2121.0	1910.0	3218.0	5839.0	4653.0	2838.0	3208.0	4302.0	5931.0	3546.0	3396.0
I	2692.0	1509.0	1045.0	6679.0	7436.0	4684.0	2457.0	4873.0	3800.0	4045.0	3218.0	6886.0	12295.0	9918.0	5723.0	6662.0	9137.0	12555.0	6941.0	6804.0
A	4879.0	2794.0	2014.0	11400.0	13143.0	8113.0	4602.0	8558.0	6761.0	8154.0	5839.0	12295.0	22754.0	16492.0	10210.0	11561.0	15781.0	22293.0	12285.0	12451.0
G	3989.0	2256.0	1644.0	9190.0	10160.0	6743.0	3657.0	6575.0	5680.0	5936.0	4653.0	9918.0	16492.0	14230.0	7716.0	9232.0	12602.0	17559.0	9524.0	10086.0
P	2350.0	1428.0	1021.0	5393.0	6138.0	3990.0	2230.0	3863.0	3143.0	3714.0	2838.0	5723.0	10210.0	7716.0	4952.0	5397.0	7372.0	10681.0	5986.0	5781.0
T	2668.0	1486.0	1064.0	6608.0	7120.0	4520.0	2437.0	4649.0	3965.0	4229.0	3208.0	6662.0	11561.0	9232.0	5397.0	6858.0	8470.0	12373.0	6641.0	7016.0
V	3740.0	1991.0	1423.0	8540.0	9923.0	6294.0	3301.0	6409.0	5022.0	5667.0	4302.0	9137.0	15781.0	12602.0	7372.0	8470.0	11782.0	16654.0	8995.0	9162.0
L	5199.0	3032.0	2004.0	12144.0	14119.0	8880.0	4731.0	8682.0	6714.0	8097.0	5931.0	12555.0	22293.0	17559.0	10681.0	12373.0	16654.0	24560.0	13199.0	13234.0
R	2806.0	1667.0	1259.0	7231.0	8272.0	4699.0	2887.0	4948.0	4006.0	4858.0	3546.0	6941.0	12285.0	9524.0	5986.0	6641.0	8995.0	13199.0	8222.0	7234.0
S	2822.0	1620.0	1163.0	7016.0	7428.0	4771.0	2567.0	4886.0	4033.0	4487.0	3396.0	6804.0	12451.0	10086.0	5781.0	7016.0	9162.0	13234.0	7234.0	7588.0
End	540.0	431.0	280.0	1492.0	2237.0	1087.0	650.0	1942.0	959.0	1252.0	754.0	1460.0	2862.0	2193.0	1464.0	1467.0	2010.0	3139.0	2369.0	1942.0
