Proteome_ID	M	W	C	D	E	F	H	K	N	Q	Y	I	A	G	P	T	V	L	R	S
UP000000226	0.018145613369079973	0.01454433590942678	0.032689949278506755	0.032689949278506755	0.032689949278506755	0.04078420522989673	0.032689949278506755	0.04078420522989673	0.04078420522989673	0.032689949278506755	0.04078420522989673	0.06342279709071348	0.05240424707592373	0.05240424707592373	0.05240424707592373	0.06537989855701351	0.06537989855701351	0.09161976787748347	0.08509419635443048	0.11261418374494704
UP000000267	0.019908089518369303	0.010691848186571923	0.030599937704941224	0.030599937704941224	0.030599937704941224	0.05697670678223636	0.030599937704941224	0.05697670678223636	0.05697670678223636	0.030599937704941224	0.05697670678223636	0.09404532404610341	0.03286803469091378	0.03286803469091378	0.03286803469091378	0.06119987540988245	0.06119987540988245	0.10748473400554688	0.06346797239585501	0.1024916613013956
UP000000304	0.01481940695167306	0.017521201456747806	0.032340608408420866	0.032340608408420866	0.032340608408420866	0.02735364000306676	0.032340608408420866	0.02735364000306676	0.02735364000306676	0.032340608408420866	0.02735364000306676	0.039887873054460454	0.07647354809886797	0.07647354809886797	0.07647354809886797	0.06468121681684173	0.06468121681684173	0.07451365536316068	0.10881415650728883	0.1145430266820104
UP000000305	0.017445461418110347	0.015383060910384683	0.03282852232849503	0.03282852232849503	0.03282852232849503	0.0372298285127841	0.03282852232849503	0.0372298285127841	0.0372298285127841	0.03282852232849503	0.0372298285127841	0.05701419560745785	0.05789507614317529	0.05789507614317529	0.05789507614317529	0.06565704465699006	0.06565704465699006	0.08750381225938948	0.09072359847167032	0.11386862789586978
UP000000311	0.018437543375762155	0.014138858300454587	0.03257640167621674	0.03257640167621674	0.03257640167621674	0.04248071563969107	0.03257640167621674	0.04248071563969107	0.04248071563969107	0.03257640167621674	0.04248071563969107	0.06652388790361999	0.0499625267696142	0.0499625267696142	0.0499625267696142	0.06515280335243348	0.06515280335243348	0.09349466069166996	0.08253892844583095	0.1118680633291048
UP000000314	0.01877190624851599	0.013618828383063412	0.032390734631579404	0.032390734631579404	0.032390734631579404	0.04464670650969739	0.032390734631579404	0.04464670650969739	0.04464670650969739	0.032390734631579404	0.04464670650969739	0.0705215067708788	0.04699830164384094	0.04699830164384094	0.04699830164384094	0.06478146926315881	0.06478146926315881	0.0958093473897928	0.07938903627542035	0.11079103227780163
UP000000437	0.016556151542883552	0.01625283877034246	0.03280899031322601	0.03280899031322601	0.03280899031322601	0.03342127632410661	0.03280899031322601	0.03342127632410661	0.03342127632410661	0.03280899031322601	0.03342127632410661	0.05028640110532966	0.0644158430656303	0.0644158430656303	0.0644158430656303	0.06561798062645202	0.06561798062645202	0.08278641818021618	0.09722483337885629	0.1146798097100205
UP000000539	0.016094642952643096	0.016638736492885112	0.032733379445528205	0.032733379445528205	0.032733379445528205	0.03166298444803435	0.032733379445528205	0.03166298444803435	0.03166298444803435	0.032733379445528205	0.03166298444803435	0.047231325943425606	0.06767992017198783	0.06767992017198783	0.06767992017198783	0.06546675889105641	0.06546675889105641	0.08049100684620565	0.10041329961751604	0.11483887482946972
UP000000542	0.011801734591437732	0.018751097498807656	0.03055283209024539	0.03055283209024539	0.03055283209024539	0.01922961657944374	0.03055283209024539	0.01922961657944374	0.01922961657944374	0.03055283209024539	0.01922961657944374	0.026657498567449756	0.0970872762728513	0.0970872762728513	0.0970872762728513	0.06110566418049078	0.06110566418049078	0.06158418326112687	0.12764010836309667	0.11040959376954382
UP000000559	0.019895242553167738	0.010760643998195001	0.03065588655136274	0.03065588655136274	0.03065588655136274	0.05667934918431095	0.03065588655136274	0.05667934918431095	0.05667934918431095	0.03065588655136274	0.05667934918431095	0.09346345581545418	0.033161403360296805	0.033161403360296805	0.033161403360296805	0.06131177310272548	0.06131177310272548	0.10723047828884144	0.06381728991165954	0.10272830365228322
UP000000560	0.015115066077876212	0.017338370961037	0.032453437038913215	0.032453437038913215	0.032453437038913215	0.02829192237262121	0.032453437038913215	0.02829192237262121	0.02829192237262121	0.032453437038913215	0.02829192237262121	0.0414687786673662	0.07445415421172909	0.07445415421172909	0.07445415421172909	0.06490687407782643	0.06490687407782643	0.07586042548941063	0.1069075912506423	0.11469868207777663
UP000000561	0.01418761110053039	0.017871990271681716	0.0320596013722121	0.0320596013722121	0.0320596013722121	0.025450391892149093	0.0320596013722121	0.025450391892149093	0.025450391892149093	0.0320596013722121	0.025450391892149093	0.0367131726837678	0.08077031147502327	0.08077031147502327	0.08077031147502327	0.0641192027444242	0.0641192027444242	0.07169760436489159	0.11282991284723536	0.11405079438831804
UP000000589	0.01638102024314241	0.01640396822101661	0.03278498846415902	0.03278498846415902	0.03278498846415902	0.032739124610989795	0.03278498846415902	0.032739124610989795	0.032739124610989795	0.03278498846415902	0.032739124610989795	0.049097228978837185	0.06566183313491741	0.06566183313491741	0.06566183313491741	0.06556997692831804	0.06556997692831804	0.08190513331829122	0.09844682159907642	0.11475893361349367
UP000000591	0.014523035651870202	0.017692357205695054	0.03221539285756526	0.03221539285756526	0.03221539285756526	0.02644448637170982	0.03221539285756526	0.02644448637170982	0.02644448637170982	0.03221539285756526	0.02644448637170982	0.03836593709154943	0.07849133633221432	0.07849133633221432	0.07849133633221432	0.06443078571513051	0.06443078571513051	0.07318291488114527	0.11070672918977958	0.11433853577839084
UP000000598	0.019117174389638777	0.012995482153183736	0.03211265654282251	0.03211265654282251	0.03211265654282251	0.047239744397887834	0.03211265654282251	0.047239744397887834	0.047239744397887834	0.03211265654282251	0.047239744397887834	0.0753623144061369	0.0436591147298159	0.0436591147298159	0.0436591147298159	0.06422531308564502	0.06422531308564502	0.09846957533034911	0.07577177127263843	0.10933345178165128
UP000000599	0.01955474008094962	0.011988465432830556	0.031543205513780176	0.031543205513780176	0.031543205513780176	0.05145105423191041	0.031543205513780176	0.05145105423191041	0.05145105423191041	0.031543205513780176	0.05145105423191041	0.0833473683828712	0.03867651805927352	0.03867651805927352	0.03867651805927352	0.06308641102756035	0.06308641102756035	0.10254899982664022	0.0702197235730537	0.10661808197417108
UP000000600	0.019986987495121292	0.008739652467911705	0.028726639963033002	0.028726639963033002	0.028726639963033002	0.06569586099974345	0.028726639963033002	0.06569586099974345	0.06569586099974345	0.028726639963033002	0.06569586099974345	0.11140473450436561	0.025122430272097266	0.025122430272097266	0.025122430272097266	0.057453279926066005	0.057453279926066005	0.11440948845789774	0.053849070235130275	0.09491957235701069
UP000000673	0.014875908667921076	0.01748720983713334	0.03236311850505441	0.03236311850505441	0.03236311850505441	0.027530452231893408	0.03236311850505441	0.027530452231893408	0.027530452231893408	0.03236311850505441	0.027530452231893408	0.04018499579586575	0.07608821174094912	0.07608821174094912	0.07608821174094912	0.06472623701010882	0.06472623701010882	0.0747694794048689	0.10845133024600354	0.11457656535229657
UP000000715	0.014835546475618923	0.01751153696707134	0.032347083442690265	0.032347083442690265	0.032347083442690265	0.02740402859367128	0.032347083442690265	0.02740402859367128	0.02740402859367128	0.032347083442690265	0.02740402859367128	0.03997251071172364	0.07636350280921894	0.07636350280921894	0.07636350280921894	0.06469416688538053	0.06469416688538053	0.07458665851198047	0.1087105862519092	0.11455278729514212
UP000000724	0.015380611636073249	0.017163434322078383	0.03254404595815163	0.03254404595815163	0.03254404595815163	0.02916358827469423	0.03254404595815163	0.02916358827469423	0.02916358827469423	0.03254404595815163	0.02916358827469423	0.0429465649133152	0.07263268959569688	0.07263268959569688	0.07263268959569688	0.06508809191630326	0.06508809191630326	0.07708824586891909	0.1051767355538485	0.11479557219653326
UP000000741	0.016527133060493245	0.016278293142813902	0.03280542620330715	0.03280542620330715	0.03280542620330715	0.033306909957423615	0.03280542620330715	0.033306909957423615	0.033306909957423615	0.03280542620330715	0.033306909957423615	0.05008668685435399	0.0646229860264034	0.0646229860264034	0.0646229860264034	0.0656108524066143	0.0656108524066143	0.082639469221224	0.09742841222971053	0.11469457175273534
UP000000759	0.01605646856325043	0.016668923285572172	0.0327253918488226	0.0327253918488226	0.0327253918488226	0.031522985404551	0.0327253918488226	0.031522985404551	0.031522985404551	0.0327253918488226	0.031522985404551	0.04698950224585157	0.06794732528755798	0.06794732528755798	0.06794732528755798	0.0654507836976452	0.0654507836976452	0.08030484581662403	0.10067271713638058	0.11484509883203997
UP000000768	0.013849454086471574	0.018038465563866634	0.03188791965033821	0.03188791965033821	0.03188791965033821	0.024482696576758493	0.03188791965033821	0.024482696576758493	0.024482696576758493	0.03188791965033821	0.024482696576758493	0.03511593906704542	0.08306596591093765	0.08306596591093765	0.08306596591093765	0.06377583930067642	0.06377583930067642	0.07022007031356826	0.11495388556127586	0.11370222451488127
UP000000803	0.015236485601478021	0.01725966967680971	0.03249615527828774	0.03249615527828774	0.03249615527828774	0.028686945420878105	0.03249615527828774	0.028686945420878105	0.028686945420878105	0.03249615527828774	0.028686945420878105	0.04213740524027819	0.07362234580068189	0.07362234580068189	0.07362234580068189	0.06499231055657548	0.06499231055657548	0.07641958630064387	0.10611850107896963	0.11474813551167291
UP000000819	0.017302691111127144	0.01553557007060711	0.03283826118173425	0.03283826118173425	0.03283826118173425	0.03657350758753719	0.03283826118173425	0.03657350758753719	0.03657350758753719	0.03283826118173425	0.03657350758753719	0.05584432406394723	0.058968989772654704	0.058968989772654704	0.058968989772654704	0.0656765223634685	0.0656765223634685	0.08671445988039858	0.09180725095438896	0.11405035361580987
UP000001038	0.015488734941482776	0.017089188201357276	0.03257792314284005	0.03257792314284005	0.03257792314284005	0.02952690382702737	0.03257792314284005	0.02952690382702737	0.02952690382702737	0.03257792314284005	0.02952690382702737	0.043565072712571956	0.0718884094667126	0.0718884094667126	0.0718884094667126	0.0651558462856801	0.0651558462856801	0.0775935619113502	0.10446633260955267	0.11482295762987743
UP000001055	0.01474542772131631	0.01756504200593484	0.032310469727251157	0.032310469727251157	0.032310469727251157	0.027123857480328535	0.032310469727251157	0.027123857480328535	0.027123857480328535	0.032310469727251157	0.027123857480328535	0.03950228723934076	0.07697772743074952	0.07697772743074952	0.07697772743074952	0.06462093945450231	0.06462093945450231	0.074179754928896	0.10928819715800067	0.1144964511876883
UP000001056	0.01244098035904332	0.01858177234092406	0.031022752699967376	0.031022752699967376	0.031022752699967376	0.020770540610581985	0.031022752699967376	0.020770540610581985	0.020770540610581985	0.031022752699967376	0.020770540610581985	0.029100100862120653	0.0926707882213728	0.0926707882213728	0.0926707882213728	0.06204550539993475	0.06204550539993475	0.06423427366959268	0.12369354092134019	0.11165003044082619
UP000001064	0.01997448262847273	0.008631466281257343	0.02860594890973008	0.02860594890973008	0.02860594890973008	0.06619837359604999	0.02860594890973008	0.06619837359604999	0.06619837359604999	0.02860594890973008	0.06619837359604999	0.11242226456362725	0.02472267122511042	0.02472267122511042	0.02472267122511042	0.05721189781946016	0.05721189781946016	0.1147788051342528	0.05332862013484049	0.09444931301044757
UP000001067	0.014996913330540863	0.017412914670358298	0.03240982800089916	0.03240982800089916	0.03240982800089916	0.027913039878074586	0.03240982800089916	0.027913039878074586	0.027913039878074586	0.03240982800089916	0.027913039878074586	0.040829166425608306	0.07526209654240802	0.07526209654240802	0.07526209654240802	0.06481965600179831	0.06481965600179831	0.0753197812095146	0.10767192454330718	0.11464239867305578
UP000001070	0.01594609891040749	0.016754785274263724	0.032700884184671215	0.032700884184671215	0.032700884184671215	0.03112254350806427	0.032700884184671215	0.03112254350806427	0.03112254350806427	0.032700884184671215	0.03112254350806427	0.04629898810572104	0.06871853684980456	0.06871853684980456	0.06871853684980456	0.06540176836934243	0.06540176836934243	0.07976952660314297	0.10141942103447577	0.11485743782827736
UP000001072	0.018405001397848068	0.014186067261082909	0.03259106865893098	0.03259106865893098	0.03259106865893098	0.04228364727062471	0.03259106865893098	0.04228364727062471	0.04228364727062471	0.03259106865893098	0.04228364727062471	0.06616229314340137	0.05024059299014486	0.05024059299014486	0.05024059299014486	0.06518213731786196	0.06518213731786196	0.09327971732740375	0.08283166164907585	0.11195927323787584
UP000001073	0.015622443644429482	0.01699488451758805	0.03261732816201753	0.03261732816201753	0.03261732816201753	0.029983279410674087	0.03261732816201753	0.029983279410674087	0.029983279410674087	0.03261732816201753	0.029983279410674087	0.04434411517691869	0.07096555929435763	0.07096555929435763	0.07096555929435763	0.06523465632403506	0.06523465632403506	0.0782230512171211	0.10358288745637517	0.11484686900364065
UP000001074	0.01504108912776757	0.017385276888601482	0.03242636601636905	0.03242636601636905	0.03242636601636905	0.028054074977752884	0.03242636601636905	0.028054074977752884	0.028054074977752884	0.03242636601636905	0.028054074977752884	0.0410670608277382	0.07496017700539814	0.07496017700539814	0.07496017700539814	0.0648527320327381	0.0648527320327381	0.0755215301218895	0.1073865430217672	0.11466437493770863
UP000001075	0.016017819762430364	0.016699227689450154	0.03271704745188052	0.03271704745188052	0.03271704745188052	0.031382036282682664	0.03271704745188052	0.031382036282682664	0.031382036282682664	0.03271704745188052	0.031382036282682664	0.046746252802934964	0.06821770163839087	0.06821770163839087	0.06821770163839087	0.06543409490376104	0.06543409490376104	0.08011690349699355	0.10093474909027139	0.11485037004509172
UP000001194	0.016251903419581833	0.016511663152553584	0.032763566572135416	0.032763566572135416	0.032763566572135416	0.03224813361875277	0.032763566572135416	0.03224813361875277	0.03224813361875277	0.032763566572135416	0.03224813361875277	0.04824436381792371	0.06657447573353648	0.06657447573353648	0.06657447573353648	0.06552713314427083	0.06552713314427083	0.08126360361047001	0.09933804230567188	0.11480236286895983
UP000001197	0.014139254921611357	0.017896684656515026	0.032035939578126386	0.032035939578126386	0.032035939578126386	0.025309956846313014	0.032035939578126386	0.025309956846313014	0.025309956846313014	0.032035939578126386	0.025309956846313014	0.03648065877101467	0.08109863093684958	0.08109863093684958	0.08109863093684958	0.06407187915625277	0.06407187915625277	0.07148515134605075	0.11313457051497597	0.11400450339089417
UP000001261	0.016062026510217896	0.016664544061648936	0.03272657057186683	0.03272657057186683	0.03272657057186683	0.03154331988737464	0.03272657057186683	0.03154331988737464	0.03154331988737464	0.03272657057186683	0.03154331988737464	0.04702461326453139	0.06790841453718155	0.06790841453718155	0.06790841453718155	0.06545314114373366	0.06545314114373366	0.08033191696945936	0.10063498510904838	0.11484425577724944
UP000001292	0.014842820758104641	0.01750716928826959	0.03234999004637423	0.03234999004637423	0.03234999004637423	0.027426769906573598	0.03234999004637423	0.027426769906573598	0.027426769906573598	0.03234999004637423	0.027426769906573598	0.040010719055042554	0.07631389766752544	0.07631389766752544	0.07631389766752544	0.06469998009274847	0.06469998009274847	0.07461958071105247	0.10866388771389969	0.11455713942739229
UP000001294	0.016387214439019502	0.01639872346976436	0.03278593790878386	0.03278593790878386	0.03278593790878386	0.0327629279246173	0.03278593790878386	0.0327629279246173	0.0327629279246173	0.03278593790878386	0.0327629279246173	0.049138641410215095	0.06561792810653914	0.06561792810653914	0.06561792810653914	0.06557187581756772	0.06557187581756772	0.08193608027242066	0.098403866015323	0.11475653719611595
UP000001300	0.015000096511203558	0.01741093242719684	0.0324110289384004	0.0324110289384004	0.0324110289384004	0.027923177815795508	0.0324110289384004	0.027923177815795508	0.027923177815795508	0.0324110289384004	0.027923177815795508	0.04084625912038746	0.07524034719655714	0.07524034719655714	0.07524034719655714	0.0648220578768008	0.0648220578768008	0.07533430326539947	0.10765137613495757	0.11464401924239803
UP000001307	0.017936392240653302	0.01481265686386911	0.032749049104522414	0.032749049104522414	0.032749049104522414	0.039655262094129076	0.032749049104522414	0.039655262094129076	0.039655262094129076	0.032749049104522414	0.039655262094129076	0.06137413194760486	0.054091192977347775	0.054091192977347775	0.054091192977347775	0.06549809820904483	0.06549809820904483	0.0903407034393048	0.08684024208187019	0.11305980417743636
UP000001312	0.01786972592419111	0.014894723965384812	0.03276444988957592	0.03276444988957592	0.03276444988957592	0.03930866667581704	0.03276444988957592	0.03930866667581704	0.03930866667581704	0.03276444988957592	0.03930866667581704	0.060747607427442965	0.054619465240064315	0.054619465240064315	0.054619465240064315	0.06552889977915184	0.06552889977915184	0.08994284248958408	0.08738391512964024	0.11318807363411258
UP000001357	0.013619027026435675	0.018143716633325955	0.03176274365976163	0.03176274365976163	0.03176274365976163	0.02384173392244748	0.03176274365976163	0.02384173392244748	0.02384173392244748	0.03176274365976163	0.02384173392244748	0.03406444081845929	0.08463074775327933	0.08463074775327933	0.08463074775327933	0.06352548731952326	0.06352548731952326	0.06922350460864479	0.11639349141304096	0.11343194761261084
UP000001396	0.019659345866275324	0.011682241298075432	0.03134158716435075	0.03134158716435075	0.03134158716435075	0.05274288437814532	0.03134158716435075	0.05274288437814532	0.05274288437814532	0.03134158716435075	0.05274288437814532	0.08582642289001531	0.03724844014741152	0.03724844014741152	0.03724844014741152	0.0626831743287015	0.0626831743287015	0.1037438174087714	0.06859002731176228	0.1057070027911277
UP000001449	0.017085199214102054	0.01575777599798455	0.0328429752120866	0.0328429752120866	0.0328429752120866	0.035609642779164064	0.0328429752120866	0.035609642779164064	0.035609642779164064	0.0328429752120866	0.035609642779164064	0.05413408634422607	0.06058252409164194	0.06058252409164194	0.06058252409164194	0.0656859504241732	0.0656859504241732	0.08553781720535272	0.09342549930372855	0.11428670163424437
UP000001450	0.01924889703919569	0.006381148275415638	0.025630045314611327	0.025630045314611327	0.025630045314611327	0.07731368745521572	0.025630045314611327	0.07731368745521572	0.07731368745521572	0.025630045314611327	0.07731368745521572	0.13537847787123575	0.01699308995472611	0.01699308995472611	0.01699308995472611	0.051260090629222654	0.051260090629222654	0.12219262980902273	0.04262313526933744	0.08327128421924963
UP000001460	0.01998568383183652	0.00872757271076844	0.02871325654260496	0.02871325654260496	0.02871325654260496	0.06575185175310765	0.02871325654260496	0.06575185175310765	0.06575185175310765	0.02871325654260496	0.06575185175310765	0.11151801967437876	0.02507765421960091	0.02507765421960091	0.02507765421960091	0.05742651308520992	0.05742651308520992	0.1144507921275491	0.05379091076220587	0.09486734233858332
UP000001471	0.014991551049692053	0.01741625064925656	0.032407801698948614	0.032407801698948614	0.032407801698948614	0.02789597045669666	0.032407801698948614	0.02789597045669666	0.02789597045669666	0.032407801698948614	0.02789597045669666	0.04080038986370126	0.07529873266740944	0.07529873266740944	0.07529873266740944	0.06481560339789723	0.06481560339789723	0.07529532320533731	0.10770653436635803	0.11463965574610241
UP000001514	0.015288536296256209	0.01722527065177271	0.03251380694802892	0.03251380694802892	0.03251380694802892	0.02885809620664802	0.03251380694802892	0.02885809620664802	0.02885809620664802	0.03251380694802892	0.02885809620664802	0.04242765611703983	0.07326523792031431	0.07326523792031431	0.07326523792031431	0.06502761389605784	0.06502761389605784	0.07666043945093316	0.10577904486834325	0.11476669149585947
UP000001519	0.015583875506837448	0.017022372370840144	0.032606247877677595	0.032606247877677595	0.032606247877677595	0.029850816126032815	0.032606247877677595	0.029850816126032815	0.029850816126032815	0.032606247877677595	0.029850816126032815	0.04411775674522818	0.07123204914544157	0.07123204914544157	0.07123204914544157	0.06521249575535519	0.06521249575535519	0.07804093951054784	0.10383829702311916	0.11484111600387291
UP000001529	0.014072797208804583	0.017930136054847227	0.032002933263651806	0.032002933263651806	0.032002933263651806	0.025118091046750612	0.032002933263651806	0.025118091046750612	0.025118091046750612	0.032002933263651806	0.025118091046750612	0.03616338488469665	0.08154980691578032	0.08154980691578032	0.08154980691578032	0.06400586652730361	0.06400586652730361	0.07119382151920702	0.11355274017943214	0.11393893584580264
UP000001542	0.019844507300395667	0.011003838414720787	0.030848345715116455	0.030848345715116455	0.030848345715116455	0.055632425584312896	0.030848345715116455	0.055632425584312896	0.055632425584312896	0.030848345715116455	0.055632425584312896	0.09142034386823011	0.034210999192085534	0.034210999192085534	0.034210999192085534	0.06169669143023291	0.06169669143023291	0.10632527859982503	0.065059344907202	0.10354887556007014
UP000001548	0.016448748206425366	0.01634622536357775	0.03279497357000311	0.03279497357000311	0.03279497357000311	0.03300066227468724	0.03279497357000311	0.03300066227468724	0.03300066227468724	0.03279497357000311	0.03300066227468724	0.04955257634294911	0.06518113379089123	0.06518113379089123	0.06518113379089123	0.06558994714000622	0.06558994714000622	0.08224438405111571	0.09797610736089432	0.11473114607358709
UP000001554	0.015253987092035369	0.01724814797563716	0.03250213506767253	0.03250213506767253	0.03250213506767253	0.02874437009040979	0.03250213506767253	0.02874437009040979	0.02874437009040979	0.03250213506767253	0.02874437009040979	0.04223475308878421	0.0735023088441016	0.0735023088441016	0.0735023088441016	0.06500427013534506	0.06500427013534506	0.07650049225011768	0.10600444391177413	0.11475455317865475
UP000001555	0.013709079338863717	0.01810336420436087	0.031812443543224586	0.031812443543224586	0.031812443543224586	0.024090511994015622	0.031812443543224586	0.024090511994015622	0.024090511994015622	0.031812443543224586	0.024090511994015622	0.03447194464916753	0.08401909967229029	0.08401909967229029	0.08401909967229029	0.06362488708644917	0.06362488708644917	0.06961203487610393	0.11583154321551486	0.1135406948340346
UP000001568	0.012336871713154967	0.018612601215070926	0.030949472928225894	0.030949472928225894	0.030949472928225894	0.02051404168032783	0.030949472928225894	0.02051404168032783	0.02051404168032783	0.030949472928225894	0.02051404168032783	0.028691211647500693	0.09338675327481151	0.09338675327481151	0.09338675327481151	0.06189894585645179	0.06189894585645179	0.06380038632170869	0.12433622620303741	0.1114610199997486
UP000001593	0.017376396626204202	0.01545752248318566	0.03283391910938987	0.03283391910938987	0.03283391910938987	0.03690987361383941	0.03283391910938987	0.03690987361383941	0.03690987361383941	0.03283391910938987	0.03690987361383941	0.056443350601474616	0.058416143894772614	0.058416143894772614	0.058416143894772614	0.06566783821877974	0.06566783821877974	0.08712018934943348	0.09125006300416248	0.11395927981135526
UP000001595	0.015633874031744058	0.01698669300433965	0.03262056703608371	0.03262056703608371	0.03262056703608371	0.03002266749366151	0.03262056703608371	0.03002266749366151	0.03002266749366151	0.03262056703608371	0.03002266749366151	0.044411460955578956	0.07088653224969352	0.07088653224969352	0.07088653224969352	0.06524113407216742	0.06524113407216742	0.07827710856148927	0.10350709928577721	0.11484839411259076
UP000001610	0.012702160113691607	0.01849884502473979	0.0312010051384314	0.0312010051384314	0.0312010051384314	0.021424049039085614	0.0312010051384314	0.021424049039085614	0.021424049039085614	0.0312010051384314	0.021424049039085614	0.030145937964479622	0.09087943365629748	0.09087943365629748	0.09087943365629748	0.0624020102768628	0.0624020102768628	0.06532721429120862	0.12208043879472885	0.11210186044003397
UP000001611	0.012411014390426547	0.01859077581550279	0.03100179020592934	0.03100179020592934	0.03100179020592934	0.020696482394990775	0.03100179020592934	0.020696482394990775	0.020696482394990775	0.03100179020592934	0.020696482394990775	0.028981950399555003	0.09287674858265542	0.09287674858265542	0.09287674858265542	0.06200358041185868	0.06200358041185868	0.06410928699134666	0.12387853878858476	0.1115961464332908
UP000001628	0.016067743819764023	0.016660033673398057	0.03272777749316208	0.03272777749316208	0.03272777749316208	0.03156425460232038	0.03272777749316208	0.03156425460232038	0.03156425460232038	0.03272777749316208	0.03156425460232038	0.04706076538487674	0.06786838042823201	0.06786838042823201	0.06786838042823201	0.06545555498632416	0.06545555498632416	0.08035977591524648	0.10059615792139409	0.1148433661528843
UP000001631	0.01592482603708991	0.016771096189138652	0.03269592222622856	0.03269592222622856	0.03269592222622856	0.031046084746214363	0.03269592222622856	0.031046084746214363	0.031046084746214363	0.03269592222622856	0.031046084746214363	0.046167343455338815	0.06886686929848308	0.06886686929848308	0.06886686929848308	0.06539184445245712	0.06539184445245712	0.07966683300953284	0.10156279152471165	0.11485886286782435
UP000001640	0.019515845732682804	0.012093472239166164	0.03160931797184897	0.03160931797184897	0.03160931797184897	0.05100954970203462	0.03160931797184897	0.05100954970203462	0.05100954970203462	0.03160931797184897	0.05100954970203462	0.08250325367138645	0.03917497756721428	0.03917497756721428	0.03917497756721428	0.06321863594369793	0.06321863594369793	0.1021347134065664	0.07078429553906325	0.10692142615471306
UP000001645	0.016381222050608758	0.016403797460782417	0.03278501951139118	0.03278501951139118	0.03278501951139118	0.03273989976001711	0.03278501951139118	0.03273989976001711	0.03273989976001711	0.03278501951139118	0.03273989976001711	0.049098577469425454	0.0656604028870575	0.0656604028870575	0.0656604028870575	0.06557003902278236	0.06557003902278236	0.08190614132201704	0.0984454223984487	0.11475885599495594
UP000001646	0.016883931763838636	0.015953320036272832	0.03283725180011147	0.03283725180011147	0.03283725180011147	0.034752761020558	0.03283725180011147	0.034752761020558	0.034752761020558	0.03283725180011147	0.034752761020558	0.05262159027727738	0.062054643954537254	0.062054643954537254	0.062054643954537254	0.06567450360022294	0.06567450360022294	0.08447394458450812	0.09489189575464874	0.11446507543660724
UP000001742	0.01994827979215371	0.010447818880295962	0.030396098672449672	0.030396098672449672	0.030396098672449672	0.05803602530394953	0.030396098672449672	0.05803602530394953	0.05803602530394953	0.030396098672449672	0.05803602530394953	0.09612377081574533	0.03183963097632811	0.03183963097632811	0.03183963097632811	0.060792197344899344	0.060792197344899344	0.10838040376855292	0.062235729648777785	0.10163611489764497
UP000001743	0.013791391063343884	0.018065605756151272	0.03185699681949516	0.03185699681949516	0.03185699681949516	0.024319821165795244	0.03185699681949516	0.024319821165795244	0.024319821165795244	0.03185699681949516	0.024319821165795244	0.0348482512682466	0.08346017344771367	0.08346017344771367	0.08346017344771367	0.06371399363899032	0.06371399363899032	0.06996820904863428	0.11531717026720884	0.11363659621463676
UP000001744	0.017702904796568848	0.015093439782633103	0.03279634457920195	0.03279634457920195	0.03279634457920195	0.03846641813413012	0.03279634457920195	0.03846641813413012	0.03846641813413012	0.03279634457920195	0.03846641813413012	0.05922993147169138	0.05592411614760673	0.05592411614760673	0.05592411614760673	0.0655926891584039	0.0655926891584039	0.08896566750990091	0.08872046072680868	0.11348247352023896
UP000001745	0.01678197840395867	0.016048910281876164	0.032830888685834836	0.032830888685834836	0.032830888685834836	0.03433050937611957	0.032830888685834836	0.03433050937611957	0.03433050937611957	0.032830888685834836	0.03433050937611957	0.051879040348280454	0.0627935484494411	0.0627935484494411	0.0627935484494411	0.06566177737166967	0.06566177737166967	0.08394337646591309	0.09562443713527595	0.11454157633938067
UP000001798	0.017553847976603174	0.01526351226844848	0.032817360245051656	0.032817360245051656	0.032817360245051656	0.037741703390632146	0.032817360245051656	0.037741703390632146	0.037741703390632146	0.032817360245051656	0.037741703390632146	0.057929558804661115	0.05707104008033794	0.05707104008033794	0.05707104008033794	0.06563472049010331	0.06563472049010331	0.08811291161228697	0.08988840032538958	0.11371559300360345
UP000001805	0.014042481068115033	0.017945209215162586	0.031987690283277616	0.031987690283277616	0.031987690283277616	0.025031000186730535	0.031987690283277616	0.025031000186730535	0.025031000186730535	0.031987690283277616	0.025031000186730535	0.03601951930534603	0.08175560880713988	0.08175560880713988	0.08175560880713988	0.06397538056655523	0.06397538056655523	0.07106117153812318	0.11374329909041749	0.11390828006499543
UP000001811	0.015037718165831552	0.017387395644666712	0.03242511381049826	0.03242511381049826	0.03242511381049826	0.02804328681201018	0.03242511381049826	0.02804328681201018	0.02804328681201018	0.03242511381049826	0.02804328681201018	0.0410488554581888	0.07498322237844703	0.07498322237844703	0.07498322237844703	0.06485022762099651	0.06485022762099651	0.07550611878833999	0.10740833618894528	0.11466273707616151
UP000001819	0.014734673402897174	0.017571352642578527	0.0323060260454757	0.0323060260454757	0.0323060260454757	0.027090614616207504	0.0323060260454757	0.027090614616207504	0.027090614616207504	0.0323060260454757	0.027090614616207504	0.03944655582951783	0.07705098859045835	0.07705098859045835	0.07705098859045835	0.0646120520909514	0.0646120520909514	0.07413131406458039	0.10935701463593404	0.11448943077900563
UP000001861	0.01495951249109028	0.017436097839491144	0.03239561033058142	0.03239561033058142	0.03239561033058142	0.02779420842083147	0.03239561033058142	0.02779420842083147	0.02779420842083147	0.03239561033058142	0.02779420842083147	0.04062890435057266	0.07551757206399178	0.07551757206399178	0.07551757206399178	0.06479122066116284	0.06479122066116284	0.07514933124250318	0.1079131823945732	0.11462292883123541
UP000001876	0.009417225402830274	0.018953701063472956	0.028370926466303226	0.028370926466303226	0.028370926466303226	0.014096213110335135	0.028370926466303226	0.014096213110335135	0.014096213110335135	0.028370926466303226	0.014096213110335135	0.01877520081784	0.11420222754240816	0.11420222754240816	0.11420222754240816	0.05674185293260645	0.05674185293260645	0.05188436497946864	0.14257315400871137	0.10406648046238265
UP000001881	0.013896826241315562	0.01801601148688717	0.031912837728202734	0.031912837728202734	0.031912837728202734	0.024616278752870587	0.031912837728202734	0.024616278752870587	0.024616278752870587	0.031912837728202734	0.024616278752870587	0.03533573126442561	0.0827443678299944	0.0827443678299944	0.0827443678299944	0.06382567545640547	0.06382567545640547	0.07042594272238889	0.11465720555819714	0.11375452467149537
UP000001926	0.019848243866900744	0.00793589638197305	0.027784140248873792	0.027784140248873792	0.027784140248873792	0.06949011992451341	0.027784140248873792	0.06949011992451341	0.06949011992451341	0.027784140248873792	0.06949011992451341	0.11913199598212608	0.02221779010333156	0.02221779010333156	0.02221779010333156	0.055568280497747584	0.055568280497747584	0.11712250404028796	0.050001930352205355	0.09128831712859443
UP000001940	0.018603635742915594	0.013889000474383718	0.03249263621729931	0.03249263621729931	0.03249263621729931	0.0435222944680996	0.03249263621729931	0.0435222944680996	0.0435222944680996	0.03249263621729931	0.0435222944680996	0.0684409531932836	0.04851634874735736	0.04851634874735736	0.04851634874735736	0.06498527243459862	0.06498527243459862	0.0946185664283145	0.08100898496465665	0.11136690912628165
UP000001949	0.019559795322206266	0.011974502552239995	0.03153429787444626	0.03153429787444626	0.03153429787444626	0.05150981507271643	0.03153429787444626	0.05150981507271643	0.05150981507271643	0.03153429787444626	0.05150981507271643	0.08345983482322658	0.03861058095551281	0.03861058095551281	0.03861058095551281	0.06306859574889252	0.06306859574889252	0.10260390826936897	0.07014487882995907	0.10657739617557878
UP000001950	0.019825040698447052	0.01108792375733568	0.030912964455782732	0.030912964455782732	0.030912964455782732	0.05527191491013661	0.030912964455782732	0.05527191491013661	0.05527191491013661	0.030912964455782732	0.05527191491013661	0.09071878912182617	0.03457855125874179	0.03457855125874179	0.03457855125874179	0.061825928911565464	0.061825928911565464	0.10600992006436641	0.06549151571452452	0.10382681712468388
UP000001996	0.01910584293276927	0.013017752202918814	0.032123595135688084	0.032123595135688084	0.032123595135688084	0.04714703072629651	0.032123595135688084	0.04714703072629651	0.04714703072629651	0.032123595135688084	0.04714703072629651	0.07518821851982375	0.04377477641942109	0.04377477641942109	0.04377477641942109	0.06424719027137617	0.06424719027137617	0.09837646879475387	0.07589837155510917	0.10938853760998307
UP000001997	0.01807001627927617	0.014643253067505406	0.03271326934678158	0.03271326934678158	0.03271326934678158	0.040368714992466685	0.03271326934678158	0.040368714992466685	0.040368714992466685	0.03271326934678158	0.040368714992466685	0.06266741370565719	0.05301917544587606	0.05301917544587606	0.05301917544587606	0.06542653869356316	0.06542653869356316	0.09115200061852444	0.08573244479265764	0.11278306110785014
UP000002009	0.010293767991944832	0.01895996481270461	0.029253732804649445	0.029253732804649445	0.029253732804649445	0.015882473483686335	0.029253732804649445	0.015882473483686335	0.015882473483686335	0.029253732804649445	0.015882473483686335	0.02147117897542784	0.10776418218293737	0.10776418218293737	0.10776418218293737	0.05850746560929889	0.05850746560929889	0.05542997428028061	0.1370179149875868	0.10672116322665294
UP000002035	0.016005947811188977	0.016708484795481385	0.03271443260667036	0.03271443260667036	0.03271443260667036	0.031338898014057696	0.03271443260667036	0.031338898014057696	0.031338898014057696	0.03271443260667036	0.031338898014057696	0.04667184821692642	0.06830068500151486	0.06830068500151486	0.06830068500151486	0.06542886521334072	0.06542886521334072	0.08005927843191704	0.10101511760818523	0.11485178261549249
UP000002036	0.016669945293246797	0.016151392324631787	0.03282133761787858	0.03282133761787858	0.03282133761787858	0.03387509210006713	0.03282133761787858	0.03387509210006713	0.03387509210006713	0.03282133761787858	0.03387509210006713	0.05108023890688746	0.06360072467667989	0.06360072467667989	0.06360072467667989	0.06564267523575716	0.06564267523575716	0.0833663750111925	0.09642206229455848	0.11461540517826753
UP000002037	0.01996486332051558	0.010328483539639268	0.030293346860154845	0.030293346860154845	0.030293346860154845	0.05855675978596608	0.030293346860154845	0.05855675978596608	0.05855675978596608	0.030293346860154845	0.05855675978596608	0.09714865625141657	0.031343498764068896	0.031343498764068896	0.031343498764068896	0.06058669372030969	0.06058669372030969	0.10881496996663649	0.06163684562422374	0.1012085241201038
UP000002038	0.01609542759423671	0.01663811336123043	0.03273354095546714	0.03273354095546714	0.03273354095546714	0.03166587021695474	0.03273354095546714	0.03166587021695474	0.03166587021695474	0.03273354095546714	0.03166587021695474	0.04723631283967277	0.0676744201970198	0.0676744201970198	0.0676744201970198	0.06546708191093428	0.06546708191093428	0.0804948387666586	0.10040796115248694	0.11483873622763187
UP000002051	0.01907068207351565	0.013085959115021613	0.03215664118853727	0.03215664118853727	0.03215664118853727	0.04686313592060309	0.03215664118853727	0.04686313592060309	0.04686313592060309	0.03215664118853727	0.04686313592060309	0.07465558976769052	0.04413061790317443	0.04413061790317443	0.04413061790317443	0.06431328237707454	0.06431328237707454	0.09809045918265599	0.07628725909171169	0.1095558826806334
UP000002058	0.01575749906171138	0.016896768558597064	0.032654267620308444	0.032654267620308444	0.032654267620308444	0.03045254420118574	0.032654267620308444	0.03045254420118574	0.03045254420118574	0.032654267620308444	0.03045254420118574	0.045147589340660106	0.07003035193211905	0.07003035193211905	0.07003035193211905	0.06530853524061689	0.06530853524061689	0.07886431088320557	0.1026846195524275	0.1148595714195224
UP000002059	0.01614358764736992	0.0165996593031924	0.03274324695056232	0.03274324695056232	0.03274324695056232	0.031843634098214474	0.03274324695056232	0.031843634098214474	0.031843634098214474	0.03274324695056232	0.031843634098214474	0.047543680549059025	0.06733654943771787	0.06733654943771787	0.06733654943771787	0.06548649390112464	0.06548649390112464	0.08073046869614671	0.10007979638828018	0.11482940015487936
UP000002149	0.015959265649163935	0.016744651419453648	0.03270391706861758	0.03270391706861758	0.03270391706861758	0.031169983010809338	0.03270391706861758	0.031169983010809338	0.031169983010809338	0.03270391706861758	0.031169983010809338	0.04638070037245474	0.0686266778689043	0.0686266778689043	0.0686266778689043	0.06540783413723517	0.06540783413723517	0.07983316572859084	0.1013305949375219	0.11485640262530639
UP000002173	0.018357583174761105	0.014253903920803517	0.03261148709556462	0.03261148709556462	0.03261148709556462	0.042000289193455435	0.03261148709556462	0.042000289193455435	0.042000289193455435	0.03261148709556462	0.042000289193455435	0.06564299521214977	0.05064294132288479	0.05064294132288479	0.05064294132288479	0.06522297419112924	0.06522297419112924	0.09296935946378115	0.0832544284184494	0.11208836520749736
UP000002195	0.01974811649750038	0.007568628041487232	0.027316744538987615	0.027316744538987615	0.027316744538987615	0.0712750382937807	0.027316744538987615	0.0712750382937807	0.0712750382937807	0.027316744538987615	0.0712750382937807	0.122801960090061	0.02093873395430843	0.02093873395430843	0.02093873395430843	0.05463348907797523	0.05463348907797523	0.1183398993302687	0.04825547849329604	0.08951886165845008
UP000002226	0.01398715293275204	0.017972418568497146	0.03195957150124918	0.03195957150124918	0.03195957150124918	0.02487274667844419	0.03195957150124918	0.02487274667844419	0.02487274667844419	0.03195957150124918	0.02487274667844419	0.035758340424136344	0.08213119554091396	0.08213119554091396	0.08213119554091396	0.06391914300249836	0.06391914300249836	0.07081947111244541	0.11409076704216314	0.11385113307224469
UP000002258	0.018468541786564843	0.014093377789417246	0.03256191957598209	0.03256191957598209	0.03256191957598209	0.042670478385342096	0.03256191957598209	0.042670478385342096	0.042670478385342096	0.03256191957598209	0.042670478385342096	0.06687241498411936	0.04969611996836417	0.04969611996836417	0.04969611996836417	0.06512383915196418	0.06512383915196418	0.09370093974788903	0.08225803954434625	0.1117791365173635
