	AAA	AAC	AAG	AAT	ACA	ACC	ACG	ACT	AGA	AGC	AGG	AGT	ATA	ATC	ATG	ATT	CAA	CAC	CAG	CAT	CCA	CCC	CCG	CCT	CGA	CGC	CGG	CGT	CTA	CTC	CTG	CTT	GAA	GAC	GAG	GAT	GCA	GCC	GCG	GCT	GGA	GGC	GGG	GGT	GTA	GTC	GTG	GTT	TAA	TAC	TAG	TAT	TCA	TCC	TCG	TCT	TGA	TGC	TGG	TGT	TTA	TTC	TTG	TTT
Start	1568.5	1276.0	1814.5	1136.0	1094.5	1163.0	745.5	951.5	840.5	1168.0	637.0	901.5	559.0	985.0	13863.5	888.0	968.5	748.0	1258.0	610.0	1059.5	986.0	803.5	1086.0	517.0	700.5	485.5	497.0	512.5	1203.5	1169.0	846.0	1803.5	1507.0	1754.0	1420.0	1459.0	1652.0	1282.5	1519.0	1020.0	1016.5	593.5	839.5	517.5	883.5	1262.0	832.0	0.0	713.0	0.0	583.0	1141.0	1466.0	996.0	1379.0	0.0	605.0	751.0	598.5	584.0	1290.0	1023.0	1208.5
AAA	15920.0	7268.5	13458.0	9498.5	6970.5	4418.0	2403.5	6096.0	6350.0	4857.5	3506.5	5533.0	5148.0	6545.5	8940.5	8943.5	7866.5	3833.0	7022.0	5109.0	6536.5	3360.0	2161.5	5533.5	3079.5	2584.5	2098.0	2423.0	3632.0	5091.5	6667.5	6568.5	15815.5	7429.5	11396.5	11538.0	7432.5	5378.5	2694.5	7808.5	6664.0	4613.0	2933.5	5214.5	4182.0	4832.0	6881.5	6724.5	224.0	4959.5	122.0	5910.5	6489.5	4434.5	2326.5	6508.0	205.0	3383.0	4506.0	4175.0	4896.5	6415.5	7312.5	8517.0
AAC	7268.5	7951.0	9162.0	6199.5	4476.5	5336.5	2846.0	4129.5	3175.5	5011.0	2539.5	3511.5	2929.0	7226.5	6732.0	5576.0	4791.5	4182.5	6732.5	3479.5	4395.5	4190.0	2626.5	3961.0	2203.0	3279.0	2137.5	1991.0	2460.5	6493.0	6266.5	4307.0	8175.0	7877.0	9583.0	7347.0	4914.0	6689.5	2980.0	5573.5	4507.0	5691.0	2832.5	3807.0	2454.5	5561.5	6039.0	4081.5	104.0	5531.5	78.0	4015.5	3936.0	4668.0	2750.5	4214.0	119.5	3195.5	3984.0	2486.0	2720.0	7224.5	4977.0	5158.5
AAG	13458.0	9162.0	19600.0	8179.5	5994.0	6612.0	4174.5	5299.5	5159.5	6808.0	4438.5	4670.5	4105.5	9593.0	9509.5	7755.0	7122.5	5327.5	10269.5	4426.0	5805.0	5455.0	3847.0	5431.0	3453.5	4754.0	3567.5	3141.5	3292.5	8172.0	9668.5	6009.0	13622.5	11339.0	18072.0	10895.5	7230.0	9289.5	4798.0	8233.5	6137.5	7576.5	4336.0	5620.0	3508.0	7720.5	9435.0	6299.5	217.5	7126.0	181.5	5204.5	4723.0	5716.5	3745.0	5509.5	250.5	4254.5	5550.5	3462.0	4047.0	9008.0	7462.5	6998.0
AAT	9498.5	6199.5	8179.5	7888.0	5528.0	3745.0	2070.5	4819.5	4325.0	3802.5	2454.0	4418.0	3805.5	5399.5	6565.0	6854.0	5725.0	3102.5	5866.0	4049.0	5090.5	2692.0	1899.5	4263.0	2093.0	1892.0	1653.5	1703.5	2750.0	4121.0	5218.0	4878.5	10364.5	6001.5	7444.5	8531.5	5470.5	4341.0	2326.5	5791.0	5134.5	3808.5	2355.0	3830.0	3099.0	3989.0	5256.0	5087.0	127.0	4214.0	74.0	4841.0	4846.5	3628.5	2073.0	5054.0	117.0	2591.5	3554.0	3219.0	3959.5	5539.5	5579.5	6684.0
ACA	6970.5	4476.5	5994.0	5528.0	4963.0	3485.5	2028.5	4148.0	3088.0	3130.0	1793.0	3347.5	2846.0	4087.5	4714.5	4814.0	4370.5	2519.5	4197.0	3099.5	4470.5	2597.0	1874.0	3792.5	1787.0	1807.0	1331.5	1479.0	2073.0	3624.0	3785.0	3698.0	8075.0	4782.0	5971.0	6681.0	4805.0	4050.5	2035.0	4968.5	4102.0	3528.0	1878.0	3384.5	2485.0	3317.0	4068.0	3880.0	90.0	3090.0	58.0	3347.0	4161.5	3091.0	2009.5	4111.5	101.5	1964.5	2604.5	2397.0	2683.5	4154.5	4004.5	4609.0
ACC	4418.0	5336.5	6612.0	3745.0	3485.5	5141.0	2529.0	3383.5	2008.5	3659.0	1767.0	2225.5	1933.0	5399.0	4519.5	3762.0	3670.0	3241.5	4869.0	2394.5	3505.5	3999.5	2531.0	3339.0	1690.0	2918.5	1637.0	1648.0	1814.5	5332.5	4546.5	3146.0	5382.0	5870.5	6806.5	5328.0	3913.0	5900.0	2639.5	4600.0	3294.0	4805.0	2218.0	3248.5	1724.0	4489.0	4023.5	3172.0	75.0	3857.0	57.0	2489.0	2935.5	4315.0	2368.5	3459.5	93.0	2208.5	2802.0	1599.0	1691.5	5276.0	3381.0	3280.5
ACG	2403.5	2846.0	4174.5	2070.5	2028.5	2529.0	1986.0	1753.0	1247.5	2490.5	1443.0	1479.5	1075.0	2924.5	2953.0	2092.5	2020.0	2011.0	3429.5	1475.0	2069.5	2221.5	1875.0	2022.0	1097.5	1705.5	1352.0	1006.0	969.0	2699.0	3608.0	1824.5	3130.0	3601.5	4833.5	3219.5	2349.5	3372.0	2128.0	2667.5	2069.0	3008.0	1870.5	1933.0	967.5	2304.5	3194.0	1865.0	42.0	2191.5	40.0	1418.5	1766.0	2280.5	1660.0	1864.5	66.0	1457.5	1932.5	1055.0	853.0	2951.5	2171.0	2060.0
ACT	6096.0	4129.5	5299.5	4819.5	4148.0	3383.5	1753.0	4081.0	2791.0	2878.0	1648.0	3005.0	2352.0	3939.5	4244.5	4351.5	3882.0	2221.5	3961.5	2800.5	3873.5	2467.0	1706.5	3612.0	1583.0	1693.5	1247.0	1429.5	1772.0	3409.5	3607.5	3356.5	6902.5	4278.5	5269.5	5992.5	3985.5	3955.5	1873.5	4855.0	3719.5	3406.0	1848.0	3257.0	2117.0	3212.0	3594.5	3695.5	80.0	2693.5	54.0	3081.0	3585.0	2943.5	1893.0	3960.5	91.5	1807.0	2367.5	2077.0	2393.5	3896.0	3550.0	4069.5
AGA	6350.0	3175.5	5159.5	4325.0	3088.0	2008.5	1247.5	2791.0	3642.0	2286.5	2030.5	2602.5	2227.0	2854.0	3622.0	3830.0	3490.0	1824.5	3110.5	2378.5	3010.5	1608.0	1214.0	2651.5	1677.0	1362.0	1088.0	1295.0	1502.0	2285.5	2725.0	2695.0	7114.0	3534.0	5088.5	5472.5	3291.0	2539.0	1456.5	3563.0	3229.5	2277.0	1512.0	2644.0	1824.5	2260.0	2865.0	2922.0	99.0	2313.0	66.0	2728.0	2833.5	1993.5	1287.5	3086.5	107.0	1448.5	2078.5	1749.5	2347.0	2746.5	3259.0	3591.0
AGC	4857.5	5011.0	6808.0	3802.5	3130.0	3659.0	2490.5	2878.0	2286.5	4369.0	2098.0	3015.5	1926.0	4638.5	4729.5	3452.0	3435.0	2873.5	4744.5	2298.0	3320.5	3112.0	2444.5	3087.0	1802.0	2660.0	1765.5	1647.0	1660.5	4340.0	4432.5	2897.5	5598.0	5802.5	7127.5	5138.0	3886.5	4837.0	2864.5	4136.5	3423.5	4637.5	2378.5	3084.5	1736.0	3954.0	4222.5	2925.5	82.5	3346.5	71.0	2318.0	2879.0	3574.0	2586.5	3271.0	107.5	2037.5	2781.5	1653.0	1681.5	4559.0	3255.5	3341.0
AGG	3506.5	2539.5	4438.5	2454.0	1793.0	1767.0	1443.0	1648.0	2030.5	2098.0	2207.0	1690.0	1297.0	2393.5	2809.5	2219.0	2076.5	1560.5	3099.5	1493.5	1837.0	1574.5	1399.0	1792.5	1178.5	1382.5	1319.0	1007.0	968.5	2200.5	2926.5	1783.5	4351.0	3343.0	5292.5	3460.0	2200.0	2693.5	1821.5	2535.5	2144.5	2371.5	1871.5	1674.0	1073.5	2087.0	2702.0	1877.0	64.0	1886.5	65.0	1634.5	1643.5	1634.0	1329.0	1755.5	110.0	1140.0	1728.5	1033.5	1219.0	2395.0	2184.0	2068.0
AGT	5533.0	3511.5	4670.5	4418.0	3347.5	2225.5	1479.5	3005.0	2602.5	3015.5	1690.0	3519.0	2094.5	3005.5	3927.5	3800.0	3495.0	1869.0	3461.0	2446.0	3104.0	1777.0	1477.5	2839.0	1492.0	1407.0	1152.0	1257.5	1496.5	2368.5	3194.5	2796.5	6476.0	3554.0	4933.0	5503.5	3464.0	2787.0	1648.5	3775.0	3272.0	2755.5	1800.5	3000.0	1969.0	2393.0	3411.0	3152.0	78.0	2248.0	55.0	2646.0	3282.0	2334.0	1589.5	3302.0	94.0	1562.5	2053.0	1908.5	2217.5	2918.5	3392.5	3599.0
ATA	5148.0	2929.0	4105.5	3805.5	2846.0	1933.0	1075.0	2352.0	2227.0	1926.0	1297.0	2094.5	1968.0	2584.5	3217.0	3294.5	2837.0	1533.0	3028.5	1944.5	2686.0	1427.0	968.0	2270.5	1019.0	879.5	837.5	835.5	1376.0	2076.5	2764.0	2425.0	5633.5	3133.0	4006.5	4471.5	2742.5	2228.0	1127.5	2797.0	2973.0	2093.0	1330.0	1985.0	1487.0	1818.0	2480.5	2345.0	62.5	1835.5	36.0	2216.0	2393.5	1863.5	1053.5	2541.5	67.0	1253.5	1643.0	1576.0	1890.0	2612.0	2519.5	3340.0
ATC	6545.5	7226.5	9593.0	5399.5	4087.5	5399.0	2924.5	3939.5	2854.0	4638.5	2393.5	3005.5	2584.5	7680.0	6234.5	5210.0	4550.5	4052.5	6624.0	3171.5	4139.0	4460.0	2737.5	4037.5	2238.0	3597.5	2176.5	1982.5	2344.0	6609.0	6217.5	4251.0	8141.0	8338.5	10173.0	7536.5	5012.5	7204.0	2987.5	5748.5	4895.0	6699.5	3202.0	4333.0	2256.0	5681.0	5411.5	3884.0	93.5	5156.0	73.0	3448.5	3651.5	4917.5	2628.0	4051.5	115.0	2943.0	3900.5	2126.5	2364.0	7415.0	4559.0	4627.0
ATG	8940.5	6732.0	9509.5	6565.0	4714.5	4519.5	2953.0	4244.5	3622.0	4729.5	2809.5	3927.5	3217.0	6234.5	7773.0	5925.0	5529.5	3821.5	7311.5	3692.0	4617.0	3902.5	2834.0	4136.5	2521.0	3202.5	2380.0	2212.5	2449.5	5511.5	6302.0	4308.0	10063.0	7823.0	10635.0	8514.5	5236.5	6312.0	3394.5	5956.0	5211.5	6077.0	3351.0	4632.5	2765.5	5137.5	6609.5	4559.5	119.5	4703.0	94.0	4161.0	4106.0	4152.0	2901.0	4293.0	145.0	3011.0	3701.5	2769.0	3028.0	6335.5	5179.0	5632.0
ATT	8943.5	5576.0	7755.0	6854.0	4814.0	3762.0	2092.5	4351.5	3830.0	3452.0	2219.0	3800.0	3294.5	5210.0	5925.0	6111.0	5141.0	2809.5	5430.5	3585.0	4525.0	2808.0	1943.5	3922.5	2031.0	1948.0	1652.5	1773.0	2317.0	4183.5	4792.0	4354.0	9892.5	6093.0	7799.5	8346.0	4803.5	4887.5	2326.0	5675.0	5345.5	4593.5	2580.5	4187.5	2634.5	4012.0	4689.5	4571.5	109.5	3593.5	69.0	4100.0	4175.5	3313.5	2099.5	4436.0	112.0	2254.0	3202.0	2851.0	3281.5	5107.5	4770.5	5744.0
CAA	7866.5	4791.5	7122.5	5725.0	4370.5	3670.0	2020.0	3882.0	3490.0	3435.0	2076.5	3495.0	2837.0	4550.5	5529.5	5141.0	6250.0	3068.5	6548.5	3490.0	4677.5	3090.0	2203.5	4245.0	2088.5	2105.0	1692.5	1846.5	2399.0	4228.5	4743.0	4260.5	9341.5	5128.0	7238.5	6514.0	4722.5	4883.0	2406.0	5277.0	4207.0	3703.0	1977.0	3320.0	2397.0	3512.0	4264.0	3834.5	105.0	3319.5	67.0	3590.5	3914.5	3471.5	2227.5	4290.5	112.0	2076.0	2924.0	2356.5	3047.0	4413.5	4297.0	4855.5
CAC	3833.0	4182.5	5327.5	3102.5	2519.5	3241.5	2011.0	2221.5	1824.5	2873.5	1560.5	1869.0	1533.0	4052.5	3821.5	2809.5	3068.5	3564.0	4153.5	2606.5	2656.0	2941.5	2029.5	2531.0	1482.5	2528.5	1468.5	1471.5	1413.5	4021.5	3744.5	2462.0	4457.5	4983.5	5808.5	4143.0	2986.0	4303.5	2165.0	3283.5	2594.0	3746.5	1884.0	2405.5	1349.5	3403.5	3274.0	2357.5	67.0	3229.0	48.0	2105.0	2192.5	3042.5	1933.5	2372.5	79.5	2003.0	2351.0	1482.5	1336.5	4014.0	2631.0	2682.5
CAG	7022.0	6732.5	10269.5	5866.0	4197.0	4869.0	3429.5	3961.5	3110.5	4744.5	3099.5	3461.0	3028.5	6624.0	7311.5	5430.5	6548.5	4153.5	9692.0	3836.5	4618.5	4325.5	3569.0	4467.5	2613.5	4008.5	2695.5	2611.0	2548.0	6312.0	7150.5	4708.5	8880.0	7832.5	11620.0	7846.0	5815.0	7428.0	4413.5	6657.0	4719.0	6161.5	3412.5	4336.5	2581.0	5690.5	6074.5	4466.5	117.0	4985.0	101.0	3750.5	3855.5	4454.5	3389.0	4103.5	141.0	2825.0	4129.0	2321.0	2883.0	6452.0	5308.5	4797.0
CAT	5109.0	3479.5	4426.0	4049.0	3099.5	2394.5	1475.0	2800.5	2378.5	2298.0	1493.5	2446.0	1944.5	3171.5	3692.0	3585.0	3490.0	2606.5	3836.5	3199.0	3173.0	1982.0	1577.0	2734.0	1516.5	1549.0	1270.5	1323.5	1550.5	2762.0	3210.5	2793.0	5895.5	3823.0	4652.0	5027.0	3246.0	3026.0	1659.5	3567.5	2999.0	2741.5	1591.5	2496.5	1697.5	2560.0	3014.0	2814.0	72.5	2517.5	49.5	2714.0	2852.0	2248.5	1556.5	2894.5	84.0	1603.5	2120.0	1956.0	2028.5	3204.0	3034.5	3411.5
CCA	6536.5	4395.5	5805.0	5090.5	4470.5	3505.5	2069.5	3873.5	3010.5	3320.5	1837.0	3104.0	2686.0	4139.0	4617.0	4525.0	4677.5	2656.0	4618.5	3173.0	6138.0	3577.0	2903.0	5142.5	1964.5	2039.0	1431.5	1662.5	2035.5	3665.5	3922.5	3521.5	7460.5	4731.0	5839.0	6227.5	4749.5	4154.0	2246.0	4782.0	4159.0	3583.0	2033.5	3702.5	2420.0	3379.0	4238.0	3890.0	96.5	3161.5	60.0	3302.0	4250.5	3357.5	2244.5	4215.0	102.0	1953.5	2612.0	2135.5	2653.5	4216.5	3803.0	4294.5
CCC	3360.0	4190.0	5455.0	2692.0	2597.0	3999.5	2221.5	2467.0	1608.0	3112.0	1574.5	1777.0	1427.0	4460.0	3902.5	2808.0	3090.0	2941.5	4325.5	1982.0	3577.0	4555.0	2864.0	3619.0	1495.5	2753.0	1487.5	1483.5	1467.0	4433.0	3824.5	2625.0	4241.0	5000.5	5714.5	3986.0	3167.0	5157.0	2566.0	3760.0	2626.0	4226.5	1811.5	2662.5	1349.0	3770.0	3262.5	2545.0	64.0	3385.0	52.0	1919.0	2411.5	3852.5	2376.0	2893.0	74.5	1718.5	2476.0	1186.5	1138.5	4470.0	2593.0	2628.0
CCG	2161.5	2626.5	3847.0	1899.5	1874.0	2531.0	1875.0	1706.5	1214.0	2444.5	1399.0	1477.5	968.0	2737.5	2834.0	1943.5	2203.5	2029.5	3569.0	1577.0	2903.0	2864.0	2962.0	2840.0	1219.5	1956.5	1440.0	1094.5	992.0	2810.5	3437.0	1774.0	3066.0	3588.0	4698.5	3069.5	2389.5	3495.5	2490.5	2840.5	2143.5	3027.5	1831.5	1931.5	973.5	2436.5	3034.5	1850.5	41.0	2153.0	41.0	1403.0	1780.0	2492.0	2048.5	1982.5	73.0	1363.0	1919.5	964.0	753.0	2969.0	2060.5	1969.0
CCT	5533.5	3961.0	5431.0	4263.0	3792.5	3339.0	2022.0	3612.0	2651.5	3087.0	1792.5	2839.0	2270.5	4037.5	4136.5	3922.5	4245.0	2531.0	4467.5	2734.0	5142.5	3619.0	2840.0	5184.0	1809.0	2106.0	1465.5	1675.0	1785.5	3567.5	3711.5	3260.0	6387.0	4626.5	5750.5	5684.5	4076.5	4217.5	2269.0	4704.5	3876.0	3781.5	2049.5	3472.0	2065.0	3532.5	3457.0	3575.0	85.0	2975.0	59.0	2840.0	3469.5	3352.0	2191.0	4077.0	93.0	1790.5	2416.0	1957.5	2138.5	4056.0	3297.0	3697.5
CGA	3079.5	2203.0	3453.5	2093.0	1787.0	1690.0	1097.5	1583.0	1677.0	1802.0	1178.5	1492.0	1019.0	2238.0	2521.0	2031.0	2088.5	1482.5	2613.5	1516.5	1964.5	1495.5	1219.5	1809.0	1325.0	1445.0	1155.0	1115.5	1061.0	2196.5	2376.0	1890.5	3752.5	2890.5	3889.0	3014.5	2165.5	2474.5	1347.5	2438.5	2092.5	2163.0	1264.5	1655.5	1005.0	1789.0	2133.0	1606.0	47.0	1616.0	36.0	1477.0	1573.5	1719.0	1192.5	1843.0	70.0	1077.0	1584.5	1038.0	1002.5	2252.5	1860.0	2041.5
CGC	2584.5	3279.0	4754.0	1892.0	1807.0	2918.5	1705.5	1693.5	1362.0	2660.0	1382.5	1407.0	879.5	3597.5	3202.5	1948.0	2105.0	2528.5	4008.5	1549.0	2039.0	2753.0	1956.5	2106.0	1445.0	3169.0	1649.5	1428.5	1099.5	3933.0	3818.0	1991.5	3490.5	4476.5	5702.0	3016.0	2388.0	4517.5	2331.0	2914.0	2072.0	3598.0	1498.5	1894.0	908.0	2937.5	2898.0	1719.5	45.5	2665.0	42.0	1454.0	1606.5	2920.0	1734.5	2006.0	68.0	1604.5	2205.5	917.5	735.5	3536.0	2027.0	2057.5
CGG	2098.0	2137.5	3567.5	1653.5	1331.5	1637.0	1352.0	1247.0	1088.0	1765.5	1319.0	1152.0	837.5	2176.5	2380.0	1652.5	1692.5	1468.5	2695.5	1270.5	1431.5	1487.5	1440.0	1465.5	1155.0	1649.5	1427.0	1030.5	869.0	2119.5	2536.0	1577.5	2815.5	2894.0	4373.0	2663.0	1880.5	2421.0	1902.5	2116.5	1600.5	2183.0	1496.5	1485.0	795.0	1825.0	2349.5	1442.5	38.0	1666.0	40.0	1181.5	1203.0	1580.5	1371.0	1405.5	70.0	1031.5	1579.5	779.5	722.5	2188.5	1803.0	1598.5
CGT	2423.0	1991.0	3141.5	1703.5	1479.0	1648.0	1006.0	1429.5	1295.0	1647.0	1007.0	1257.5	835.5	1982.5	2212.5	1773.0	1846.5	1471.5	2611.0	1323.5	1662.5	1483.5	1094.5	1675.0	1115.5	1428.5	1030.5	1283.0	888.5	2051.5	2280.5	1670.0	3082.5	2574.5	3648.5	2532.0	1969.0	2470.5	1216.5	2302.5	1754.0	2075.5	1105.5	1796.0	830.0	1745.5	2066.5	1541.0	43.0	1507.0	33.0	1252.0	1347.5	1636.0	1127.0	1587.0	53.0	1057.0	1456.0	988.5	828.5	2072.0	1685.5	1692.0
CTA	3632.0	2460.5	3292.5	2750.0	2073.0	1814.5	969.0	1772.0	1502.0	1660.5	968.5	1496.5	1376.0	2344.0	2449.5	2317.0	2399.0	1413.5	2548.0	1550.5	2035.5	1467.0	992.0	1785.5	1061.0	1099.5	869.0	888.5	1210.0	2166.0	2266.0	1914.0	4213.5	2851.0	3499.5	3436.0	2288.5	2402.0	1120.5	2437.0	1997.0	2046.0	1066.0	1662.0	1145.5	1800.0	2004.0	1809.0	45.0	1628.5	32.0	1664.0	1879.0	1715.0	1055.0	1918.5	51.0	1012.5	1389.0	1084.5	1368.0	2288.5	2003.5	2217.5
CTC	5091.5	6493.0	8172.0	4121.0	3624.0	5332.5	2699.0	3409.5	2285.5	4340.0	2200.5	2368.5	2076.5	6609.0	5511.5	4183.5	4228.5	4021.5	6312.0	2762.0	3665.5	4433.0	2810.5	3567.5	2196.5	3933.0	2119.5	2051.5	2166.0	7176.0	5898.0	4007.5	6939.5	7356.5	8961.5	6237.0	4593.0	7266.5	3251.0	5278.0	3745.0	5784.5	2696.0	3754.0	1857.0	5361.0	4717.5	3348.0	75.5	4549.5	65.0	2685.0	3138.0	5048.5	2623.5	3649.5	96.5	2747.0	3509.0	1735.0	1759.5	6720.5	3655.0	3907.5
CTG	6667.5	6266.5	9668.5	5218.0	3785.0	4546.5	3608.0	3607.5	2725.0	4432.5	2926.5	3194.5	2764.0	6217.5	6302.0	4792.0	4743.0	3744.5	7150.5	3210.5	3922.5	3824.5	3437.0	3711.5	2376.0	3818.0	2536.0	2280.5	2266.0	5898.0	6855.0	4189.5	8339.5	8402.0	10877.0	7712.5	4954.5	6690.5	4331.5	5877.0	4418.0	6188.0	3370.5	4337.5	2344.5	5359.5	5847.5	4237.0	82.0	4451.5	80.0	3197.5	3417.0	4150.0	3362.0	3640.0	121.0	2676.0	3822.5	2236.0	2321.5	6214.5	5003.0	4706.0
CTT	6568.5	4307.0	6009.0	4878.5	3698.0	3146.0	1824.5	3356.5	2695.0	2897.5	1783.5	2796.5	2425.0	4251.0	4308.0	4354.0	4260.5	2462.0	4708.5	2793.0	3521.5	2625.0	1774.0	3260.0	1890.5	1991.5	1577.5	1670.0	1914.0	4007.5	4189.5	3673.0	7556.5	5224.5	6631.0	6386.0	4112.0	4436.0	2116.5	4759.5	3841.5	3824.5	1954.5	3307.0	2023.5	3511.5	3478.5	3581.0	82.0	2951.5	58.0	2899.5	3227.0	3034.0	1907.0	3651.0	88.0	1784.0	2507.5	2009.0	2380.0	4316.5	3700.0	4242.0
GAA	15815.5	8175.0	13622.5	10364.5	8075.0	5382.0	3130.0	6902.5	7114.0	5598.0	4351.0	6476.0	5633.5	8141.0	10063.0	9892.5	9341.5	4457.5	8880.0	5895.5	7460.5	4241.0	3066.0	6387.0	3752.5	3490.5	2815.5	3082.5	4213.5	6939.5	8339.5	7556.5	20639.0	10284.0	15297.5	14621.0	8712.5	7414.5	3858.0	9401.5	7453.5	6049.5	3604.5	6249.5	4814.0	6371.0	8208.0	7780.0	198.5	6056.5	117.0	6708.0	6986.0	4910.0	3153.0	7147.5	194.0	3783.5	5370.5	4841.0	5590.0	7784.5	8599.5	9129.0
GAC	7429.5	7877.0	11339.0	6001.5	4782.0	5870.5	3601.5	4278.5	3534.0	5802.5	3343.0	3554.0	3133.0	8338.5	7823.0	6093.0	5128.0	4983.5	7832.5	3823.0	4731.0	5000.5	3588.0	4626.5	2890.5	4476.5	2894.0	2574.5	2851.0	7356.5	8402.0	5224.5	10284.0	11152.0	13274.5	9525.5	5901.0	7935.0	4118.0	6604.5	5127.0	7073.5	3860.0	4717.5	2841.5	6775.0	7397.0	4790.5	112.0	6462.0	100.0	4308.5	4243.5	5320.5	3292.5	4670.0	152.0	3578.0	5080.0	2678.5	2726.0	8064.0	5614.5	5638.5
GAG	11396.5	9583.0	18072.0	7444.5	5971.0	6806.5	4833.5	5269.5	5088.5	7127.5	5292.5	4933.0	4006.5	10173.0	10635.0	7799.5	7238.5	5808.5	11620.0	4652.0	5839.0	5714.5	4698.5	5750.5	3889.0	5702.0	4373.0	3648.5	3499.5	8961.5	10877.0	6631.0	15297.5	13274.5	23179.0	12441.5	8088.0	10193.0	6557.5	8875.5	6427.0	8596.5	5525.5	5973.5	3568.5	8250.0	10839.5	6440.5	166.5	7613.5	163.5	5168.0	4712.5	5881.0	4364.5	5496.0	237.5	4444.5	6326.5	3451.5	3658.5	9788.5	7899.0	7080.5
GAT	11538.0	7347.0	10895.5	8531.5	6681.0	5328.0	3219.5	5992.5	5472.5	5138.0	3460.0	5503.5	4471.5	7536.5	8514.5	8346.0	6514.0	4143.0	7846.0	5027.0	6227.5	3986.0	3069.5	5684.5	3014.5	3016.0	2663.0	2532.0	3436.0	6237.0	7712.5	6386.0	14621.0	9525.5	12441.5	12742.0	6822.5	6878.5	3594.0	7857.0	6704.0	6186.5	3720.0	5449.0	3919.5	5889.0	7496.0	6598.0	140.0	5551.5	104.0	5890.5	5843.0	4764.5	3250.0	6351.0	166.0	3381.0	5039.5	4099.5	4373.5	7409.0	6931.5	8023.0
GCA	7432.5	4914.0	7230.0	5470.5	4805.0	3913.0	2349.5	3985.5	3291.0	3886.5	2200.0	3464.0	2742.5	5012.5	5236.5	4803.5	4722.5	2986.0	5815.0	3246.0	4749.5	3167.0	2389.5	4076.5	2165.5	2388.0	1880.5	1969.0	2288.5	4593.0	4954.5	4112.0	8712.5	5901.0	8088.0	6822.5	6197.0	5667.0	3001.0	5999.5	4586.0	4706.0	2629.0	3924.0	2563.5	4131.5	4885.5	4071.5	89.0	3418.5	68.0	3344.0	3934.0	3582.5	2405.0	4138.0	115.5	2251.5	2992.0	2317.5	2731.0	4711.5	4309.0	4649.5
GCC	5378.5	6689.5	9289.5	4341.0	4050.5	5900.0	3372.0	3955.5	2539.0	4837.0	2693.5	2787.0	2228.0	7204.0	6312.0	4887.5	4883.0	4303.5	7428.0	3026.0	4154.0	5157.0	3495.5	4217.5	2474.5	4517.5	2421.0	2470.5	2402.0	7266.5	6690.5	4436.0	7414.5	7935.0	10193.0	6878.5	5667.0	9257.0	4400.0	6913.0	4491.5	6860.5	3097.0	4636.5	2175.0	6146.5	5574.0	4148.0	93.0	5161.0	76.5	3022.5	3538.5	5403.5	3365.0	4147.0	115.5	2872.5	3856.0	1964.5	1927.0	6885.5	4537.0	4395.5
GCG	2694.5	2980.0	4798.0	2326.5	2035.0	2639.5	2128.0	1873.5	1456.5	2864.5	1821.5	1648.5	1127.5	2987.5	3394.5	2326.0	2406.0	2165.0	4413.5	1659.5	2246.0	2566.0	2490.5	2269.0	1347.5	2331.0	1902.5	1216.5	1120.5	3251.0	4331.5	2116.5	3858.0	4118.0	6557.5	3594.0	3001.0	4400.0	3707.0	3495.5	2658.5	3874.0	2477.0	2405.0	1086.0	2595.5	4008.0	2248.0	48.0	2315.0	47.0	1511.5	1811.5	2470.5	2088.5	2062.5	74.0	1539.0	2202.5	1080.0	874.0	3171.5	2523.0	2257.0
GCT	7808.5	5573.5	8233.5	5791.0	4968.5	4600.0	2667.5	4855.0	3563.0	4136.5	2535.5	3775.0	2797.0	5748.5	5956.0	5675.0	5277.0	3283.5	6657.0	3567.5	4782.0	3760.0	2840.5	4704.5	2438.5	2914.0	2116.5	2302.5	2437.0	5278.0	5877.0	4759.5	9401.5	6604.5	8875.5	7857.0	5999.5	6913.0	3495.5	7770.0	5312.5	5510.5	2964.0	4928.0	2707.0	5015.5	5455.0	4812.5	109.0	3927.5	82.0	3751.5	4340.0	4160.0	2801.0	4746.5	133.0	2567.0	3430.5	2626.5	2868.0	5631.0	4998.0	5125.0
GGA	6664.0	4507.0	6137.5	5134.5	4102.0	3294.0	2069.0	3719.5	3229.5	3423.5	2144.5	3272.0	2973.0	4895.0	5211.5	5345.5	4207.0	2594.0	4719.0	2999.0	4159.0	2626.0	2143.5	3876.0	2092.5	2072.0	1600.5	1754.0	1997.0	3745.0	4418.0	3841.5	7453.5	5127.0	6427.0	6704.0	4586.0	4491.5	2658.5	5312.5	5918.0	4878.5	2822.5	4585.5	2662.5	4106.0	4874.5	4387.0	103.5	3646.5	70.0	3720.5	3419.0	2957.5	2079.0	3713.5	127.5	2396.5	3195.0	2609.5	2664.5	4691.5	4137.5	4807.5
GGC	4613.0	5691.0	7576.5	3808.5	3528.0	4805.0	3008.0	3406.0	2277.0	4637.5	2371.5	2755.5	2093.0	6699.5	6077.0	4593.5	3703.0	3746.5	6161.5	2741.5	3583.0	4226.5	3027.5	3781.5	2163.0	3598.0	2183.0	2075.5	2046.0	5784.5	6188.0	3824.5	6049.5	7073.5	8596.5	6186.5	4706.0	6860.5	3874.0	5510.5	4878.5	7162.0	3406.0	4953.5	2142.5	5658.0	5799.5	3799.5	85.0	4869.0	78.0	2945.5	3026.5	4347.0	2918.0	3576.0	120.5	2825.0	4012.5	1926.0	1671.5	6527.5	4024.0	4340.0
GGG	2933.5	2832.5	4336.0	2355.0	1878.0	2218.0	1870.5	1848.0	1512.0	2378.5	1871.5	1800.5	1330.0	3202.0	3351.0	2580.5	1977.0	1884.0	3412.5	1591.5	2033.5	1811.5	1831.5	2049.5	1264.5	1498.5	1496.5	1105.5	1066.0	2696.0	3370.5	1954.5	3604.5	3860.0	5525.5	3720.0	2629.0	3097.0	2477.0	2964.0	2822.5	3406.0	3057.0	2429.0	1242.5	2817.0	4045.5	2373.0	58.0	2379.5	62.0	1798.0	1666.0	2008.0	1712.0	1829.5	107.0	1473.0	2275.0	1210.5	1163.0	3113.0	2541.5	2514.0
GGT	5214.5	3807.0	5620.0	3830.0	3384.5	3248.5	1933.0	3257.0	2644.0	3084.5	1674.0	3000.0	1985.0	4333.0	4632.5	4187.5	3320.0	2405.5	4336.5	2496.5	3702.5	2662.5	1931.5	3472.0	1655.5	1894.0	1485.0	1796.0	1662.0	3754.0	4337.5	3307.0	6249.5	4717.5	5973.5	5449.0	3924.0	4636.5	2405.0	4928.0	4585.5	4953.5	2429.0	4890.0	1988.5	3648.5	4268.5	3675.0	81.5	3061.5	59.0	2830.0	2860.5	2878.0	2052.0	3467.5	96.0	2060.0	2811.5	2195.0	1957.5	4116.5	3578.0	4045.0
GTA	4182.0	2454.5	3508.0	3099.0	2485.0	1724.0	967.5	2117.0	1824.5	1736.0	1073.5	1969.0	1487.0	2256.0	2765.5	2634.5	2397.0	1349.5	2581.0	1697.5	2420.0	1349.0	973.5	2065.0	1005.0	908.0	795.0	830.0	1145.5	1857.0	2344.5	2023.5	4814.0	2841.5	3568.5	3919.5	2563.5	2175.0	1086.0	2707.0	2662.5	2142.5	1242.5	1988.5	1406.0	1823.0	2379.0	2177.5	51.5	1627.5	34.0	1829.5	2076.0	1602.0	969.5	2194.0	54.0	1116.5	1523.0	1404.0	1531.0	2233.0	2160.5	2616.0
GTC	4832.0	5561.5	7720.5	3989.0	3317.0	4489.0	2304.5	3212.0	2260.0	3954.0	2087.0	2393.0	1818.0	5681.0	5137.5	4012.0	3512.0	3403.5	5690.5	2560.0	3379.0	3770.0	2436.5	3532.5	1789.0	2937.5	1825.0	1745.5	1800.0	5361.0	5359.5	3511.5	6371.0	6775.0	8250.0	5889.0	4131.5	6146.5	2595.5	5015.5	4106.0	5658.0	2817.0	3648.5	1823.0	4869.0	4659.0	3192.5	78.5	4017.0	67.0	2616.5	2805.0	4163.0	2168.0	3455.0	102.0	2466.0	3390.0	1642.0	1690.5	5721.5	3564.0	3784.5
GTG	6881.5	6039.0	9435.0	5256.0	4068.0	4023.5	3194.0	3594.5	2865.0	4222.5	2702.0	3411.0	2480.5	5411.5	6609.5	4689.5	4264.0	3274.0	6074.5	3014.0	4238.0	3262.5	3034.5	3457.0	2133.0	2898.0	2349.5	2066.5	2004.0	4717.5	5847.5	3478.5	8208.0	7397.0	10839.5	7496.0	4885.5	5574.0	4008.0	5455.0	4874.5	5799.5	4045.5	4268.5	2379.0	4659.0	7275.0	3860.0	87.0	4219.0	81.5	3179.0	3235.5	3730.5	2954.5	3438.0	127.0	2835.0	3740.5	2539.5	2342.5	5742.0	4820.5	4830.5
GTT	6724.5	4081.5	6299.5	5087.0	3880.0	3172.0	1865.0	3695.5	2922.0	2925.5	1877.0	3152.0	2345.0	3884.0	4559.5	4571.5	3834.5	2357.5	4466.5	2814.0	3890.0	2545.0	1850.5	3575.0	1606.0	1719.5	1442.5	1541.0	1809.0	3348.0	4237.0	3581.0	7780.0	4790.5	6440.5	6598.0	4071.5	4148.0	2248.0	4812.5	4387.0	3799.5	2373.0	3675.0	2177.5	3192.5	3860.0	3945.0	88.0	2707.5	64.0	3078.0	3332.0	2814.5	1872.0	3773.0	104.0	1856.0	2598.0	2269.5	2453.0	3837.5	3725.0	4338.0
TAA	224.0	104.0	217.5	127.0	90.0	75.0	42.0	80.0	99.0	82.5	64.0	78.0	62.5	93.5	119.5	109.5	105.0	67.0	117.0	72.5	96.5	64.0	41.0	85.0	47.0	45.5	38.0	43.0	45.0	75.5	82.0	82.0	198.5	112.0	166.5	140.0	89.0	93.0	48.0	109.0	103.5	85.0	58.0	81.5	51.5	78.5	87.0	88.0	0.0	77.0	0.0	84.0	81.0	73.0	43.0	90.5	0.0	53.5	70.5	54.0	67.0	105.0	89.0	132.5
TAC	4959.5	5531.5	7126.0	4214.0	3090.0	3857.0	2191.5	2693.5	2313.0	3346.5	1886.5	2248.0	1835.5	5156.0	4703.0	3593.5	3319.5	3229.0	4985.0	2517.5	3161.5	3385.0	2153.0	2975.0	1616.0	2665.0	1666.0	1507.0	1628.5	4549.5	4451.5	2951.5	6056.5	6462.0	7613.5	5551.5	3418.5	5161.0	2315.0	3927.5	3646.5	4869.0	2379.5	3061.5	1627.5	4017.0	4219.0	2707.5	77.0	4496.0	60.0	3030.0	2517.5	3338.5	1967.5	2861.5	91.0	2488.5	3054.5	1930.5	1669.5	5311.0	3250.5	3674.5
TAG	122.0	78.0	181.5	74.0	58.0	57.0	40.0	54.0	66.0	71.0	65.0	55.0	36.0	73.0	94.0	69.0	67.0	48.0	101.0	49.5	60.0	52.0	41.0	59.0	36.0	42.0	40.0	33.0	32.0	65.0	80.0	58.0	117.0	100.0	163.5	104.0	68.0	76.5	47.0	82.0	70.0	78.0	62.0	59.0	34.0	67.0	81.5	64.0	0.0	60.0	0.0	54.0	53.5	52.0	40.0	58.0	0.0	40.0	64.5	36.0	38.0	87.0	72.0	78.5
TAT	5910.5	4015.5	5204.5	4841.0	3347.0	2489.0	1418.5	3081.0	2728.0	2318.0	1634.5	2646.0	2216.0	3448.5	4161.0	4100.0	3590.5	2105.0	3750.5	2714.0	3302.0	1919.0	1403.0	2840.0	1477.0	1454.0	1181.5	1252.0	1664.0	2685.0	3197.5	2899.5	6708.0	4308.5	5168.0	5890.5	3344.0	3022.5	1511.5	3751.5	3720.5	2945.5	1798.0	2830.0	1829.5	2616.5	3179.0	3078.0	84.0	3030.0	54.0	3498.0	2840.0	2212.5	1388.0	3019.0	89.5	1744.5	2445.5	2202.5	2209.5	3646.5	3300.5	4204.5
TCA	6489.5	3936.0	4723.0	4846.5	4161.5	2935.5	1766.0	3585.0	2833.5	2879.0	1643.5	3282.0	2393.5	3651.5	4106.0	4175.5	3914.5	2192.5	3855.5	2852.0	4250.5	2411.5	1780.0	3469.5	1573.5	1606.5	1203.0	1347.5	1879.0	3138.0	3417.0	3227.0	6986.0	4243.5	4712.5	5843.0	3934.0	3538.5	1811.5	4340.0	3419.0	3026.5	1666.0	2860.5	2076.0	2805.0	3235.5	3332.0	81.0	2517.5	53.5	2840.0	4348.0	3207.5	2140.0	4362.5	94.0	1601.5	2205.5	2003.5	2478.0	3592.0	3431.5	4023.5
TCC	4434.5	4668.0	5716.5	3628.5	3091.0	4315.0	2280.5	2943.5	1993.5	3574.0	1634.0	2334.0	1863.5	4917.5	4152.0	3313.5	3471.5	3042.5	4454.5	2248.5	3357.5	3852.5	2492.0	3352.0	1719.0	2920.0	1580.5	1636.0	1715.0	5048.5	4150.0	3034.0	4910.0	5320.5	5881.0	4764.5	3582.5	5403.5	2470.5	4160.0	2957.5	4347.0	2008.0	2878.0	1602.0	4163.0	3730.5	2814.5	73.0	3338.5	52.0	2212.5	3207.5	4942.0	2604.0	3678.5	91.0	2042.0	2495.0	1486.5	1725.0	4823.5	3021.5	3088.5
TCG	2326.5	2750.5	3745.0	2073.0	2009.5	2368.5	1660.0	1893.0	1287.5	2586.5	1329.0	1589.5	1053.5	2628.0	2901.0	2099.5	2227.5	1933.5	3389.0	1556.5	2244.5	2376.0	2048.5	2191.0	1192.5	1734.5	1371.0	1127.0	1055.0	2623.5	3362.0	1907.0	3153.0	3292.5	4364.5	3250.0	2405.0	3365.0	2088.5	2801.0	2079.0	2918.0	1712.0	2052.0	969.5	2168.0	2954.5	1872.0	43.0	1967.5	40.0	1388.0	2140.0	2604.0	2157.0	2306.0	66.0	1347.0	1779.0	927.5	892.5	2761.5	2179.0	2038.0
TCT	6508.0	4214.0	5509.5	5054.0	4111.5	3459.5	1864.5	3960.5	3086.5	3271.0	1755.5	3302.0	2541.5	4051.5	4293.0	4436.0	4290.5	2372.5	4103.5	2894.5	4215.0	2893.0	1982.5	4077.0	1843.0	2006.0	1405.5	1587.0	1918.5	3649.5	3640.0	3651.0	7147.5	4670.0	5496.0	6351.0	4138.0	4147.0	2062.5	4746.5	3713.5	3576.0	1829.5	3467.5	2194.0	3455.0	3438.0	3773.0	90.5	2861.5	58.0	3019.0	4362.5	3678.5	2306.0	4887.0	96.5	1737.0	2298.0	2063.5	2610.0	3902.5	3751.5	4182.0
TGA	205.0	119.5	250.5	117.0	101.5	93.0	66.0	91.5	107.0	107.5	110.0	94.0	67.0	115.0	145.0	112.0	112.0	79.5	141.0	84.0	102.0	74.5	73.0	93.0	70.0	68.0	70.0	53.0	51.0	96.5	121.0	88.0	194.0	152.0	237.5	166.0	115.5	115.5	74.0	133.0	127.5	120.5	107.0	96.0	54.0	102.0	127.0	104.0	0.0	91.0	0.0	89.5	94.0	91.0	66.0	96.5	0.0	72.0	114.5	69.0	68.0	134.0	115.0	125.0
TGC	3383.0	3195.5	4254.5	2591.5	1964.5	2208.5	1457.5	1807.0	1448.5	2037.5	1140.0	1562.5	1253.5	2943.0	3011.0	2254.0	2076.0	2003.0	2825.0	1603.5	1953.5	1718.5	1363.0	1790.5	1077.0	1604.5	1031.5	1057.0	1012.5	2747.0	2676.0	1784.0	3783.5	3578.0	4444.5	3381.0	2251.5	2872.5	1539.0	2567.0	2396.5	2825.0	1473.0	2060.0	1116.5	2466.0	2835.0	1856.0	53.5	2488.5	40.0	1744.5	1601.5	2042.0	1347.0	1737.0	72.0	2662.0	2045.5	2086.5	1069.0	3295.0	2049.5	2375.0
TGG	4506.0	3984.0	5550.5	3554.0	2604.5	2802.0	1932.5	2367.5	2078.5	2781.5	1728.5	2053.0	1643.0	3900.5	3701.5	3202.0	2924.0	2351.0	4129.0	2120.0	2612.0	2476.0	1919.5	2416.0	1584.5	2205.5	1579.5	1456.0	1389.0	3509.0	3822.5	2507.5	5370.5	5080.0	6326.5	5039.5	2992.0	3856.0	2202.5	3430.5	3195.0	4012.5	2275.0	2811.5	1523.0	3390.0	3740.5	2598.0	70.5	3054.5	64.5	2445.5	2205.5	2495.0	1779.0	2298.0	114.5	2045.5	3186.0	1687.5	1562.5	4194.0	2886.5	3203.5
TGT	4175.0	2486.0	3462.0	3219.0	2397.0	1599.0	1055.0	2077.0	1749.5	1653.0	1033.5	1908.5	1576.0	2126.5	2769.0	2851.0	2356.5	1482.5	2321.0	1956.0	2135.5	1186.5	964.0	1957.5	1038.0	917.5	779.5	988.5	1084.5	1735.0	2236.0	2009.0	4841.0	2678.5	3451.5	4099.5	2317.5	1964.5	1080.0	2626.5	2609.5	1926.0	1210.5	2195.0	1404.0	1642.0	2539.5	2269.5	54.0	1930.5	36.0	2202.5	2003.5	1486.5	927.5	2063.5	69.0	2086.5	1687.5	2444.0	1547.5	2396.0	2332.0	3008.0
TTA	4896.5	2720.0	4047.0	3959.5	2683.5	1691.5	853.0	2393.5	2347.0	1681.5	1219.0	2217.5	1890.0	2364.0	3028.0	3281.5	3047.0	1336.5	2883.0	2028.5	2653.5	1138.5	753.0	2138.5	1002.5	735.5	722.5	828.5	1368.0	1759.5	2321.5	2380.0	5590.0	2726.0	3658.5	4373.5	2731.0	1927.0	874.0	2868.0	2664.5	1671.5	1163.0	1957.5	1531.0	1690.5	2342.5	2453.0	67.0	1669.5	38.0	2209.5	2478.0	1725.0	892.5	2610.0	68.0	1069.0	1562.5	1547.5	1988.0	2339.5	2626.0	3248.0
TTC	6415.5	7224.5	9008.0	5539.5	4154.5	5276.0	2951.5	3896.0	2746.5	4559.0	2395.0	2918.5	2612.0	7415.0	6335.5	5107.5	4413.5	4014.0	6452.0	3204.0	4216.5	4470.0	2969.0	4056.0	2252.5	3536.0	2188.5	2072.0	2288.5	6720.5	6214.5	4316.5	7784.5	8064.0	9788.5	7409.0	4711.5	6885.5	3171.5	5631.0	4691.5	6527.5	3113.0	4116.5	2233.0	5721.5	5742.0	3837.5	105.0	5311.0	87.0	3646.5	3592.0	4823.5	2761.5	3902.5	134.0	3295.0	4194.0	2396.0	2339.5	8136.0	4433.5	4852.0
TTG	7312.5	4977.0	7462.5	5579.5	4004.5	3381.0	2171.0	3550.0	3259.0	3255.5	2184.0	3392.5	2519.5	4559.0	5179.0	4770.5	4297.0	2631.0	5308.5	3034.5	3803.0	2593.0	2060.5	3297.0	1860.0	2027.0	1803.0	1685.5	2003.5	3655.0	5003.0	3700.0	8599.5	5614.5	7899.0	6931.5	4309.0	4537.0	2523.0	4998.0	4137.5	4024.0	2541.5	3578.0	2160.5	3564.0	4820.5	3725.0	89.0	3250.5	72.0	3300.5	3431.5	3021.5	2179.0	3751.5	115.0	2049.5	2886.5	2332.0	2626.0	4433.5	4387.0	4608.0
TTT	8517.0	5158.5	6998.0	6684.0	4609.0	3280.5	2060.0	4069.5	3591.0	3341.0	2068.0	3599.0	3340.0	4627.0	5632.0	5744.0	4855.5	2682.5	4797.0	3411.5	4294.5	2628.0	1969.0	3697.5	2041.5	2057.5	1598.5	1692.0	2217.5	3907.5	4706.0	4242.0	9129.0	5638.5	7080.5	8023.0	4649.5	4395.5	2257.0	5125.0	4807.5	4340.0	2514.0	4045.0	2616.0	3784.5	4830.5	4338.0	132.5	3674.5	78.5	4204.5	4023.5	3088.5	2038.0	4182.0	125.0	2375.0	3203.5	3008.0	3248.0	4852.0	4608.0	6509.0
End	2570.0	1379.0	2567.5	1331.5	1090.0	849.5	536.0	979.5	1090.5	1078.0	996.5	938.0	732.5	1090.5	1403.5	1144.5	1101.5	838.5	1461.5	847.5	967.0	715.0	503.0	897.5	513.0	558.0	572.5	432.0	550.5	987.0	1216.5	931.5	2045.5	1397.0	2131.0	1527.5	1061.0	1056.5	555.5	1212.0	1052.5	1034.5	881.0	832.0	653.5	936.0	1203.5	1011.0	4640.5	1042.5	3400.0	927.0	992.0	862.0	564.5	1042.0	5333.0	776.5	1001.0	750.5	762.5	1289.0	1136.0	1343.5
