Proteome_ID	M	W	C	D	E	F	H	K	N	Q	Y	I	A	G	P	T	V	L	R	S
UP000000278	0.01825383236877432	0.022216708677536744	0.03134362486192391	0.03134362486192391	0.03134362486192391	0.0437089643979254	0.03134362486192391	0.0437089643979254	0.0437089643979254	0.0531981070608866	0.0437089643979254	0.06916409642707647	0.04495292135229103	0.04495292135229103	0.04495292135229103	0.06268724972384782	0.06268724972384782	0.1063962141217732	0.07629654621421493	0.0940308745857717
UP000000280	0.017541494133919033	0.02302024635800678	0.031790993424966295	0.031790993424966295	0.031790993424966295	0.03913551720556771	0.031790993424966295	0.03913551720556771	0.03913551720556771	0.05135875202775015	0.03913551720556771	0.06072954027721637	0.051649618306435226	0.051649618306435226	0.051649618306435226	0.06358198684993259	0.06358198684993259	0.1027175040555003	0.08344061173140152	0.09537298027489889
UP000000287	0.016867087608421344	0.02354063218975393	0.031974175993964606	0.031974175993964606	0.031974175993964606	0.035699217078347015	0.031974175993964606	0.035699217078347015	0.035699217078347015	0.049823784533138106	0.035699217078347015	0.05453134654827268	0.057275649953293616	0.057275649953293616	0.057275649953293616	0.06394835198792921	0.06394835198792921	0.09964756906627621	0.08924982594725822	0.09592252798189381
UP000000327	0.01825311198116158	0.02221772093274378	0.031344276923324574	0.031344276923324574	0.031344276923324574	0.043703566426491904	0.031344276923324574	0.043703566426491904	0.043703566426491904	0.05319606013657052	0.043703566426491904	0.06915402087182222	0.04496034425467459	0.04496034425467459	0.04496034425467459	0.06268855384664915	0.06268855384664915	0.10639212027314104	0.07630462117799917	0.09403283076997372
UP000000339	0.017544201536881365	0.02301777601510402	0.0317898767835447	0.0317898767835447	0.0317898767835447	0.039150689276997726	0.0317898767835447	0.039150689276997726	0.039150689276997726	0.05136522142204356	0.039150689276997726	0.06075717701711408	0.051625975663560635	0.051625975663560635	0.051625975663560635	0.0635797535670894	0.0635797535670894	0.10273044284408712	0.08341585244710534	0.09536963035063412
UP000000344	0.019204262471012676	0.019611019850195435	0.029213151085701775	0.029213151085701775	0.029213151085701775	0.05605187974934742	0.029213151085701775	0.05605187974934742	0.05605187974934742	0.057239090960375494	0.05605187974934742	0.09289949702768217	0.030450653936043053	0.030450653936043053	0.030450653936043053	0.05842630217140355	0.05842630217140355	0.11447818192075099	0.05966380502174482	0.08763945325710534
UP000000348	0.01762223240077448	0.022945019153334658	0.0317561353537219	0.0317561353537219	0.0317561353537219	0.03959373424430078	0.0317561353537219	0.03959373424430078	0.03959373424430078	0.05155300247587229	0.03959373424430078	0.06156523608782708	0.05093998592714528	0.05093998592714528	0.05093998592714528	0.0635122707074438	0.0635122707074438	0.10310600495174457	0.08269612128086716	0.09526840606116568
UP000000349	0.017552472967889317	0.023010206780041013	0.03178644326398567	0.03178644326398567	0.03178644326398567	0.039197123116764376	0.03178644326398567	0.039197123116764376	0.039197123116764376	0.05138500482236786	0.039197123116764376	0.060841773265639436	0.051553680221110273	0.051553680221110273	0.051553680221110273	0.06357288652797134	0.06357288652797134	0.10277000964473572	0.08334012348509595	0.09535932979195702
UP000000350	0.016177815170543734	0.023921214124694765	0.03201012170996663	0.03201012170996663	0.03201012170996663	0.03270867901155011	0.03201012170996663	0.03270867901155011	0.03270867901155011	0.04836446121574169	0.03270867901155011	0.0492395428525565	0.06265296690979494	0.06265296690979494	0.06265296690979494	0.06402024341993326	0.06402024341993326	0.09672892243148339	0.09466308861976158	0.09603036512989989
UP000000351	0.017279410864575274	0.023243623912211332	0.031883329344498966	0.031883329344498966	0.031883329344498966	0.03772447430677836	0.031883329344498966	0.03772447430677836	0.03772447430677836	0.050745566497888146	0.03772447430677836	0.058169537748981454	0.053893219654866605	0.053893219654866605	0.053893219654866605	0.06376665868899793	0.06376665868899793	0.10149113299577629	0.08577654899936557	0.09564998803349689
UP000000352	0.012838064503387418	0.024469468765889072	0.03088850101758278	0.03088850101758278	0.03088850101758278	0.021968918489301843	0.03088850101758278	0.021968918489301843	0.021968918489301843	0.0418729602622337	0.021968918489301843	0.03109977247521627	0.08685903182515137	0.08685903182515137	0.08685903182515137	0.06177700203516556	0.06177700203516556	0.0837459205244674	0.11774753284273415	0.09266550305274836
UP000000353	0.016381230601757106	0.02382195838440015	0.032012573685278704	0.032012573685278704	0.032012573685278704	0.033548323320157586	0.032012573685278704	0.033548323320157586	0.033548323320157586	0.0487867353453575	0.033548323320157586	0.05071541603855807	0.06109425285880933	0.06109425285880933	0.06109425285880933	0.06402514737055741	0.06402514737055741	0.097573470690715	0.09310682654408803	0.0960377210558361
UP000000354	0.018305655595602027	0.02214246188626868	0.031295289684069694	0.031295289684069694	0.031295289684069694	0.04410292012996628	0.031295289684069694	0.04410292012996628	0.04410292012996628	0.05334674974905283	0.04410292012996628	0.06990018466433054	0.04441407296948469	0.04441407296948469	0.04441407296948469	0.06259057936813939	0.06259057936813939	0.10669349949810567	0.07570936265355438	0.09388586905220908
UP000000355	0.01866827772634266	0.021522399505879856	0.030856538369051188	0.030856538369051188	0.030856538369051188	0.04726174183775793	0.030856538369051188	0.04726174183775793	0.04726174183775793	0.05448740928793016	0.04726174183775793	0.07585520594917321	0.04029161529379199	0.04029161529379199	0.04029161529379199	0.061713076738102376	0.061713076738102376	0.10897481857586032	0.07114815366284317	0.09256961510715357
UP000000356	0.017220311236050195	0.023290001826795463	0.03190015744482056	0.03190015744482056	0.03190015744482056	0.0374207353310432	0.03190015744482056	0.0374207353310432	0.0374207353310432	0.05061052511034216	0.0374207353310432	0.05762115942603621	0.05438803037951804	0.05438803037951804	0.05438803037951804	0.06380031488964112	0.06380031488964112	0.10122105022068432	0.08628818782433859	0.09570047233446169
UP000000357	0.01755714611870118	0.023005915603815333	0.031784488663165925	0.031784488663165925	0.031784488663165925	0.03922341154177923	0.031784488663165925	0.03922341154177923	0.03922341154177923	0.05139619443405554	0.03922341154177923	0.06088967696485729	0.05151279197133787	0.05151279197133787	0.05151279197133787	0.06356897732633185	0.06356897732633185	0.10279238886811108	0.08329728063450378	0.09535346598949779
UP000000358	0.01753062014087037	0.023030132568166037	0.03179544263860122	0.03179544263860122	0.03179544263860122	0.039074711739092265	0.03179544263860122	0.039074711739092265	0.039074711739092265	0.051332798508147356	0.039074711739092265	0.06061880333731416	0.051744472452405904	0.051744472452405904	0.051744472452405904	0.06359088527720244	0.06359088527720244	0.10266559701629471	0.08353991509100712	0.09538632791580366
UP000000359	0.017589475517426286	0.02297593358347134	0.03177067134218449	0.03177067134218449	0.03177067134218449	0.03940636972024039	0.03177067134218449	0.03940636972024039	0.03940636972024039	0.05147385620230468	0.03940636972024039	0.06122326392305449	0.0512290558454896	0.0512290558454896	0.0512290558454896	0.06354134268436898	0.06354134268436898	0.10294771240460936	0.08299972718767407	0.09531201402655344
UP000000360	0.016100227789207375	0.023956476054964516	0.032006589949568204	0.032006589949568204	0.032006589949568204	0.03239668402797852	0.032006589949568204	0.03239668402797852	0.03239668402797852	0.04820493196355747	0.03239668402797852	0.04869314026674966	0.0632423861229184	0.0632423861229184	0.0632423861229184	0.06401317989913641	0.06401317989913641	0.09640986392711494	0.0952489760724866	0.09601976984870461
UP000000369	0.01508745056844675	0.024302081977336437	0.03184580726155981	0.03184580726155981	0.03184580726155981	0.028670594120276654	0.03184580726155981	0.028670594120276654	0.028670594120276654	0.04618110432169815	0.028670594120276654	0.04225373767210656	0.07074533829929784	0.07074533829929784	0.07074533829929784	0.06369161452311962	0.06369161452311962	0.0923622086433963	0.10259114556085766	0.09553742178467946
UP000000372	0.01871768313746102	0.0214194462827682	0.03077828785149871	0.03077828785149871	0.03077828785149871	0.047766944790702016	0.03077828785149871	0.047766944790702016	0.047766944790702016	0.05466176024684972	0.047766944790702016	0.076816206443943	0.039663537503621484	0.039663537503621484	0.039663537503621484	0.06155657570299742	0.06155657570299742	0.10932352049369944	0.0704418253551202	0.09233486355449615
UP000000373	0.018189888429173903	0.02230455459810732	0.03139949881269427	0.03139949881269427	0.03139949881269427	0.04323771584114462	0.03139949881269427	0.04323771584114462	0.04323771584114462	0.05301835673326658	0.04323771584114462	0.06828554325311535	0.04560502360072351	0.04560502360072351	0.04560502360072351	0.06279899762538854	0.06279899762538854	0.10603671346653316	0.07700452241341778	0.0941984964380828
UP000000375	0.01453719763687966	0.02441237655592568	0.03168097537436551	0.03168097537436551	0.03168097537436551	0.026864125713625203	0.03168097537436551	0.026864125713625203	0.026864125713625203	0.04511303823117811	0.026864125713625203	0.039191053790370745	0.0747230124941007	0.0747230124941007	0.0747230124941007	0.06336195074873102	0.06336195074873102	0.09022607646235623	0.10640398786846622	0.09504292612309655
UP000000394	0.015198975840150617	0.024273542041029206	0.03187302996110451	0.03187302996110451	0.03187302996110451	0.029053366914675124	0.03187302996110451	0.029053366914675124	0.029053366914675124	0.04639971341844208	0.029053366914675124	0.04290775798919963	0.06993268917058494	0.06993268917058494	0.06993268917058494	0.06374605992220903	0.06374605992220903	0.09279942683688416	0.10180571913168945	0.09561908988331354
UP000000395	0.018313828879751675	0.02213048722513012	0.03128740166500595	0.03128740166500595	0.03128740166500595	0.044166100554524	0.03128740166500595	0.044166100554524	0.044166100554524	0.05337045194226796	0.044166100554524	0.07001837222929633	0.044328183410212656	0.044328183410212656	0.044328183410212656	0.0625748033300119	0.0625748033300119	0.10674090388453591	0.07561558507521861	0.09386220499501786
UP000000396	0.017863716434719682	0.022698936070339317	0.03163079428769915	0.03163079428769915	0.03163079428769915	0.041043099036308706	0.03163079428769915	0.041043099036308706	0.041043099036308706	0.052152343805853506	0.041043099036308706	0.06422248163789772	0.048753976710464525	0.048753976710464525	0.048753976710464525	0.0632615885753983	0.0632615885753983	0.10430468761170701	0.08038477099816367	0.09489238286309747
UP000000398	0.014350202188571559	0.024438900738429255	0.03161400183271503	0.03161400183271503	0.03161400183271503	0.02627853239962927	0.03161400183271503	0.02627853239962927	0.02627853239962927	0.044753268032529665	0.02627853239962927	0.03820686261068698	0.07606551969340641	0.07606551969340641	0.07606551969340641	0.06322800366543006	0.06322800366543006	0.08950653606505933	0.10767952152612145	0.0948420054981451
UP000000399	0.008595731176859295	0.022970065131582285	0.027267930720011935	0.027267930720011935	0.027267930720011935	0.012552768712478722	0.027267930720011935	0.012552768712478722	0.012552768712478722	0.03354431507625129	0.012552768712478722	0.016509806248098145	0.11846630218116207	0.11846630218116207	0.11846630218116207	0.05453586144002387	0.05453586144002387	0.06708863015250258	0.14573423290117402	0.08180379216003579
UP000000400	0.011053660770400969	0.024120873551358495	0.029647703936558977	0.029647703936558977	0.029647703936558977	0.01762476611501373	0.029647703936558977	0.01762476611501373	0.01762476611501373	0.03846008699406585	0.01762476611501373	0.024195871459626494	0.09974445538441347	0.09974445538441347	0.09974445538441347	0.059295407873117954	0.059295407873117954	0.0769201739881317	0.12939215932097242	0.08894311180967691
UP000000401	0.013476230064699763	0.024494925846366672	0.03123304087871655	0.03123304087871655	0.03123304087871655	0.02370378605202606	0.03123304087871655	0.02370378605202606	0.02370378605202606	0.04308493390472959	0.02370378605202606	0.033931342039352365	0.08230776639567239	0.08230776639567239	0.08230776639567239	0.0624660817574331	0.0624660817574331	0.08616986780945918	0.11354080727438894	0.09369912263614964
UP000000409	0.01785500232622201	0.02270841895868693	0.03163592012179793	0.03163592012179793	0.03163592012179793	0.04098852019480242	0.03163592012179793	0.04098852019480242	0.04098852019480242	0.05213018021919915	0.04098852019480242	0.06412203806338283	0.04883471943833145	0.04883471943833145	0.04883471943833145	0.06327184024359586	0.06327184024359586	0.1042603604383983	0.08047063956012938	0.0949077603653938
UP000000410	0.015408689456051743	0.024213871579171334	0.031918216307197204	0.031918216307197204	0.031918216307197204	0.02978994416393982	0.031918216307197204	0.02978994416393982	0.02978994416393982	0.04681318838916711	0.02978994416393982	0.04417119887182789	0.0683970756458305	0.0683970756458305	0.0683970756458305	0.06383643261439441	0.06383643261439441	0.09362637677833421	0.10031529195302771	0.0957546489215916
UP000000411	0.01706320396665713	0.023406858492924402	0.03193846047625297	0.03193846047625297	0.03193846047625297	0.03663617263579736	0.03193846047625297	0.03663617263579736	0.03663617263579736	0.05025654679415164	0.03663617263579736	0.05620914130493759	0.05568623489870025	0.05568623489870025	0.05568623489870025	0.06387692095250594	0.06387692095250594	0.10051309358830328	0.08762469537495321	0.0958153814287589
UP000000412	0.015076907935459748	0.024304668053295644	0.031843122021025516	0.031843122021025516	0.031843122021025516	0.02863471840681868	0.031843122021025516	0.02863471840681868	0.02863471840681868	0.04616048122443486	0.02863471840681868	0.04219252887817761	0.07082202839504535	0.07082202839504535	0.07082202839504535	0.06368624404205103	0.06368624404205103	0.09232096244886973	0.10266515041607087	0.09552936606307653
UP000000413	0.017706109369417876	0.02286329759747024	0.03171635228217918	0.03171635228217918	0.03171635228217918	0.04008304536930898	0.03171635228217918	0.04008304536930898	0.04008304536930898	0.05175787496683367	0.04008304536930898	0.062459981369200064	0.050192144475006216	0.050192144475006216	0.050192144475006216	0.06343270456435836	0.06343270456435836	0.10351574993366734	0.0819084967571854	0.09514905684653753
UP000000414	0.013692046668724202	0.02449113466444202	0.03133715799880412	0.03133715799880412	0.03133715799880412	0.024316640556037033	0.03133715799880412	0.024316640556037033	0.024316640556037033	0.04349547827682263	0.024316640556037033	0.034941234443349865	0.08076917279580463	0.08076917279580463	0.08076917279580463	0.06267431599760824	0.06267431599760824	0.08699095655364526	0.11210633079460876	0.09401147399641234
UP000000469	0.018558523830666983	0.021732360648677423	0.03101162256401092	0.03101162256401092	0.03101162256401092	0.046215801280112705	0.03101162256401092	0.046215801280112705	0.046215801280112705	0.054119523204067266	0.046215801280112705	0.07387307872955842	0.041618697822578384	0.041618697822578384	0.041618697822578384	0.06202324512802184	0.06202324512802184	0.10823904640813453	0.0726303203865893	0.09303486769203273
UP000000470	0.016744247748647734	0.02361815159427766	0.03199027546860153	0.03199027546860153	0.03199027546860153	0.035133944908987434	0.03199027546860153	0.035133944908987434	0.035133944908987434	0.04955724792309524	0.035133944908987434	0.05352364206932714	0.05825578238982344	0.05825578238982344	0.05825578238982344	0.06398055093720306	0.06398055093720306	0.09911449584619048	0.09024605785842499	0.09597082640580458
UP000000472	0.01835369813459677	0.02207098651804975	0.031247835585348133	0.031247835585348133	0.031247835585348133	0.044478612383612434	0.031247835585348133	0.044478612383612434	0.044478612383612434	0.05348714177715434	0.044478612383612434	0.07060352663262809	0.04390547170615876	0.04390547170615876	0.04390547170615876	0.062495671170696265	0.062495671170696265	0.10697428355430869	0.07515330729150689	0.09374350675604438
UP000000473	0.01330207849639163	0.024493357382304504	0.03114439663050032	0.03114439663050032	0.03114439663050032	0.023219247946806427	0.03114439663050032	0.023219247946806427	0.023219247946806427	0.04275402060390353	0.023219247946806427	0.03313641739722122	0.08354908338978563	0.08354908338978563	0.08354908338978563	0.06228879326100064	0.06228879326100064	0.08550804120780706	0.11469348002028595	0.09343318989150096
UP000000477	0.016132175695518836	0.02394212479977454	0.03200821264753396	0.03200821264753396	0.03200821264753396	0.032524622592542206	0.03200821264753396	0.032524622592542206	0.032524622592542206	0.048270523943805065	0.032524622592542206	0.04891706948956558	0.0630000040107874	0.0630000040107874	0.0630000040107874	0.06401642529506792	0.06401642529506792	0.09654104788761013	0.09500821665832135	0.09602463794260188
UP000000513	0.019197091650183754	0.019678902245240142	0.02927744807033202	0.02927744807033202	0.02927744807033202	0.05575614893599096	0.02927744807033202	0.05575614893599096	0.05575614893599096	0.05715552253832749	0.05575614893599096	0.09231520622179816	0.03074706491996185	0.03074706491996185	0.03074706491996185	0.05855489614066404	0.05855489614066404	0.11431104507665497	0.06002451299029386	0.08783234421099605
UP000000514	0.01902860398299954	0.0205685405975216	0.030082842589021372	0.030082842589021372	0.030082842589021372	0.05178416340656559	0.030082842589021372	0.05178416340656559	0.05178416340656559	0.05597492429230416	0.05178416340656559	0.08453972283013164	0.034951898754478995	0.034951898754478995	0.034951898754478995	0.060165685178042744	0.060165685178042744	0.11194984858460832	0.06503474134350037	0.09024852776706412
UP000000515	0.017304098209132115	0.023223838828873588	0.031875887933439644	0.031875887933439644	0.031875887933439644	0.037852831103060744	0.031875887933439644	0.037852831103060744	0.037852831103060744	0.050802303484970016	0.037852831103060744	0.058401563996989383	0.05368540222414404	0.05368540222414404	0.05368540222414404	0.06375177586687929	0.06375177586687929	0.10160460696994003	0.08556129015758368	0.09562766380031892
UP000000516	0.01919085693050547	0.019732791428543003	0.029328219893795738	0.029328219893795738	0.029328219893795738	0.05552071816372652	0.029328219893795738	0.05552071816372652	0.05552071816372652	0.057088578975659	0.05552071816372652	0.09185057939694757	0.030984630984143002	0.030984630984143002	0.030984630984143002	0.058656439787591476	0.058656439787591476	0.114177157951318	0.06031285087793875	0.08798465968138722
UP000000518	0.012668073544018816	0.024453675047182096	0.030787711819191505	0.030787711819191505	0.030787711819191505	0.02152476730796428	0.030787711819191505	0.02152476730796428	0.02152476730796428	0.04155009547317364	0.02152476730796428	0.030381461071909744	0.08807372321380334	0.08807372321380334	0.08807372321380334	0.06157542363838301	0.06157542363838301	0.08310019094634728	0.11886143503299484	0.09236313545757452
UP000000519	0.01567650591366643	0.024125713223703042	0.03196396618053626	0.03196396618053626	0.03196396618053626	0.030764974811490983	0.03196396618053626	0.030764974811490983	0.030764974811490983	0.04734645358628175	0.030764974811490983	0.045853443709315524	0.06641937074551767	0.06641937074551767	0.06641937074551767	0.06392793236107253	0.06392793236107253	0.0946929071725635	0.09838333692605393	0.09589189854160879
UP000000520	0.018103537343939564	0.022417163866890365	0.03146893253886014	0.03146893253886014	0.03146893253886014	0.04262492706595605	0.03146893253886014	0.04262492706595605	0.04262492706595605	0.05278139607183817	0.04262492706595605	0.06714631678797256	0.046465473763884275	0.046465473763884275	0.046465473763884275	0.06293786507772028	0.06293786507772028	0.10556279214367634	0.07793440630274442	0.09440679761658044
UP000000521	0.01706032662785965	0.023408915298372173	0.031939078612301997	0.031939078612301997	0.031939078612301997	0.036622098001802335	0.031939078612301997	0.036622098001802335	0.036622098001802335	0.05025012761320317	0.036622098001802335	0.05618386937574502	0.05570979262589505	0.05570979262589505	0.05570979262589505	0.06387815722460399	0.06387815722460399	0.10050025522640633	0.08764887123819706	0.095817235836906
UP000000522	0.01790206933755629	0.02265661394041435	0.0316076486091925	0.0316076486091925	0.0316076486091925	0.04128554552742572	0.0316076486091925	0.04128554552742572	0.04128554552742572	0.05225042137290536	0.04128554552742572	0.06466902171729513	0.04839676636650133	0.04839676636650133	0.04839676636650133	0.063215297218385	0.063215297218385	0.10450084274581072	0.08000441497569383	0.09482294582757747
UP000000568	0.017183362317912662	0.023318308499393214	0.03190998965834955	0.03190998965834955	0.03190998965834955	0.03723329864908497	0.03190998965834955	0.03723329864908497	0.03723329864908497	0.05052663898289204	0.03723329864908497	0.05728323498025729	0.054695526689306585	0.054695526689306585	0.054695526689306585	0.0638199793166991	0.0638199793166991	0.10105327796578407	0.08660551634765612	0.09572996897504864
UP000000569	0.015594742474712715	0.02415409864107003	0.03195146987842639	0.03195146987842639	0.03195146987842639	0.030462997404326144	0.03195146987842639	0.030462997404326144	0.030462997404326144	0.047182968580589464	0.030462997404326144	0.04533125233393957	0.06702534316252202	0.06702534316252202	0.06702534316252202	0.06390293975685278	0.06390293975685278	0.09436593716117893	0.09897681304094841	0.09585440963527916
UP000000570	0.01465047227908356	0.02439367462767962	0.031718910767221394	0.031718910767221394	0.031718910767221394	0.027225514697249868	0.031718910767221394	0.027225514697249868	0.027225514697249868	0.045331668115846324	0.027225514697249868	0.03980055711541618	0.07390782590865631	0.07390782590865631	0.07390782590865631	0.06343782153444279	0.06343782153444279	0.09066333623169265	0.10562673667587771	0.0951567323016642
UP000000571	0.008064901289204654	0.02261066510718454	0.026643115751786867	0.026643115751786867	0.026643115751786867	0.011565917650901585	0.026643115751786867	0.011565917650901585	0.011565917650901585	0.03242607457723767	0.011565917650901585	0.015066934012598517	0.1227495540585626	0.1227495540585626	0.1227495540585626	0.053286231503573735	0.053286231503573735	0.06485214915447533	0.14939266981034946	0.0799293472553606
UP000000572	0.01666940792004379	0.02366316534146197	0.031997869301483864	0.031997869301483864	0.031997869301483864	0.03479706949612778	0.031997869301483864	0.03479706949612778	0.03479706949612778	0.04939640404954775	0.03479706949612778	0.05292473107221176	0.05884769347883041	0.05884769347883041	0.05884769347883041	0.06399573860296773	0.06399573860296773	0.0987928080990955	0.09084556278031429	0.0959936079044516
UP000000573	0.01616272733330674	0.023928180574986684	0.032009544241640056	0.032009544241640056	0.032009544241640056	0.0326476628482395	0.032009544241640056	0.0326476628482395	0.0326476628482395	0.048333375665759806	0.0326476628482395	0.049132598363172256	0.06276779610965405	0.06276779610965405	0.06276779610965405	0.06401908848328011	0.06401908848328011	0.09666675133151961	0.0947773403512941	0.09602863272492017
UP000000574	0.016161223779209297	0.023928871892229676	0.032009483781834325	0.032009483781834325	0.032009483781834325	0.032641591592358396	0.032009483781834325	0.032641591592358396	0.032641591592358396	0.04833027957801352	0.032641591592358396	0.04912195940550751	0.06277923360939186	0.06277923360939186	0.06277923360939186	0.06401896756366865	0.06401896756366865	0.09666055915602705	0.0947887173912262	0.09602845134550299
UP000000575	0.01615956419010593	0.023929634340923475	0.03200941643597644	0.03200941643597644	0.03200941643597644	0.03263489220978438	0.03200941643597644	0.03263489220978438	0.03263489220978438	0.04832686254086863	0.03263489220978438	0.04911022022946284	0.06279185688651173	0.06279185688651173	0.06279185688651173	0.06401883287195288	0.06401883287195288	0.09665372508173727	0.09480127332248818	0.09602824930792933
UP000000587	0.019172139832532673	0.019874457731030446	0.029460527647296782	0.029460527647296782	0.029460527647296782	0.05489891766945594	0.029460527647296782	0.05489891766945594	0.05489891766945594	0.056909986482024756	0.05489891766945594	0.09062569550637922	0.03161893625964955	0.03161893625964955	0.03161893625964955	0.058921055294593565	0.058921055294593565	0.11381997296404951	0.06107946390694634	0.08838158294189034
UP000000624	0.018796456386549577	0.021241920747278095	0.03064014894055288	0.03064014894055288	0.03064014894055288	0.048627252067921636	0.03064014894055288	0.048627252067921636	0.048627252067921636	0.054953774974513696	0.048627252067921636	0.07845804774929369	0.038612863658754125	0.038612863658754125	0.038612863658754125	0.06128029788110576	0.06128029788110576	0.10990754994902739	0.06925301259930701	0.09192044682165865
UP000000668	0.014195055989300438	0.02445689203604343	0.03155442003069365	0.03155442003069365	0.03155442003069365	0.02580260186822208	0.03155442003069365	0.02580260186822208	0.02580260186822208	0.04445572096480469	0.02580260186822208	0.03741014774714372	0.07717682337297155	0.07717682337297155	0.07717682337297155	0.0631088400613873	0.0631088400613873	0.08891144192960938	0.1087312434036652	0.09466326009208095
UP000000670	0.018765396359100735	0.02131407325329576	0.030696771432846125	0.030696771432846125	0.030696771432846125	0.04827918654151017	0.030696771432846125	0.04827918654151017	0.04827918654151017	0.05483636470360121	0.04827918654151017	0.07779297672391959	0.0390351140481715	0.0390351140481715	0.0390351140481715	0.06139354286569225	0.06139354286569225	0.10967272940720242	0.06973188548101762	0.0920903142985384
UP000000672	0.015610913292186595	0.024148589135849618	0.031954045781942914	0.031954045781942914	0.031954045781942914	0.030522412906407843	0.031954045781942914	0.030522412906407843	0.030522412906407843	0.047215252235146846	0.030522412906407843	0.045433912520629095	0.06690565683423694	0.06690565683423694	0.06690565683423694	0.06390809156388583	0.06390809156388583	0.09443050447029369	0.09885970261617985	0.09586213734582875
UP000000675	0.016550106063643485	0.023731623276664254	0.03200667630848599	0.03200667630848599	0.03200667630848599	0.034271114436069755	0.03200667630848599	0.034271114436069755	0.034271114436069755	0.049142233526520876	0.034271114436069755	0.051992122808496036	0.059783718456380655	0.059783718456380655	0.059783718456380655	0.06401335261697198	0.06401335261697198	0.09828446705304175	0.09179039476486665	0.09602002892545798
UP000000676	0.01789246609898428	0.02266730174103904	0.03161353479053118	0.03161353479053118	0.03161353479053118	0.04122449294763124	0.03161353479053118	0.04122449294763124	0.04122449294763124	0.05222578126434681	0.04122449294763124	0.06455651979627822	0.04848649482343975	0.04848649482343975	0.04848649482343975	0.06322706958106236	0.06322706958106236	0.10445156252869361	0.08010002961397093	0.09484060437159356
UP000000677	0.016046441407741127	0.023980112726068325	0.03200333342993889	0.03200333342993889	0.03200333342993889	0.0321829347482911	0.03200333342993889	0.0321829347482911	0.0321829347482911	0.04809480080408444	0.0321829347482911	0.048319428088841064	0.06364946880316623	0.06364946880316623	0.06364946880316623	0.06400666685987778	0.06400666685987778	0.09618960160816888	0.09565280223310511	0.09601000028981668
UP000000678	0.017407061840441357	0.02313859269016553	0.03184212361038621	0.03184212361038621	0.03184212361038621	0.03839802168155795	0.03184212361038621	0.03839802168155795	0.03839802168155795	0.05104113445116518	0.03839802168155795	0.05938898152267454	0.05281109763558923	0.05281109763558923	0.05281109763558923	0.06368424722077241	0.06368424722077241	0.10208226890233035	0.08465322124597544	0.09552637083115859
UP000000679	0.016547962488101153	0.023732817319855163	0.032006798563905745	0.032006798563905745	0.032006798563905745	0.034261783966303916	0.032006798563905745	0.034261783966303916	0.034261783966303916	0.0491376905470577	0.034261783966303916	0.05197560544450668	0.05980045611856984	0.05980045611856984	0.05980045611856984	0.06401359712781149	0.06401359712781149	0.0982753810941154	0.09180725468247558	0.09602039569171723
UP000000680	0.01778714490006681	0.022780639490486757	0.03167421194052016	0.03167421194052016	0.03167421194052016	0.0405696750609959	0.03167421194052016	0.0405696750609959	0.0405696750609959	0.051959049471018114	0.0405696750609959	0.06335220522192499	0.049458404611060366	0.049458404611060366	0.049458404611060366	0.06334842388104032	0.06334842388104032	0.10391809894203623	0.08113261655158054	0.09502263582156051
UP000000725	0.017013659108487424	0.02344187250379071	0.03194870205803442	0.03194870205803442	0.03194870205803442	0.036395230171769634	0.03194870205803442	0.036395230171769634	0.036395230171769634	0.05014631714391923	0.036395230171769634	0.05577680123505183	0.05609084258435521	0.05609084258435521	0.05609084258435521	0.06389740411606884	0.06389740411606884	0.10029263428783847	0.08803954464238964	0.09584610617410326
UP000000728	0.015925467342792588	0.02403092563530493	0.03199365930670123	0.03199365930670123	0.03199365930670123	0.03170947780619878	0.03199365930670123	0.03170947780619878	0.03170947780619878	0.047848398209800615	0.03170947780619878	0.04749348826960498	0.06456077530442147	0.06456077530442147	0.06456077530442147	0.06398731861340246	0.06398731861340246	0.09569679641960123	0.0965544346111227	0.09598097792010367
UP000000729	0.010612981833964476	0.023972973841734163	0.0292794647587164	0.0292794647587164	0.0292794647587164	0.016647079626361375	0.0292794647587164	0.016647079626361375	0.016647079626361375	0.03760300457189708	0.016647079626361375	0.02268117741875827	0.10299548939495241	0.10299548939495241	0.10299548939495241	0.0585589295174328	0.0585589295174328	0.07520600914379416	0.1322749541536688	0.08783839427614919
UP000000730	0.010228434946647864	0.023823656422602986	0.028937873895926915	0.028937873895926915	0.028937873895926915	0.015820311952764007	0.028937873895926915	0.015820311952764007	0.015820311952764007	0.036848029872308924	0.015820311952764007	0.021412188958880148	0.1058639738731908	0.1058639738731908	0.1058639738731908	0.05787574779185383	0.05787574779185383	0.07369605974461785	0.13480184776911772	0.08681362168778074
UP000000735	0.01872834706818109	0.02139643129311925	0.030760604827209794	0.030760604827209794	0.030760604827209794	0.047879233870207275	0.030760604827209794	0.047879233870207275	0.047879233870207275	0.054700221762313435	0.047879233870207275	0.07703012067223346	0.03952506056804481	0.03952506056804481	0.03952506056804481	0.06152120965441959	0.06152120965441959	0.10940044352462687	0.0702856653952546	0.09228181448162939
UP000000744	0.019051299747387406	0.020482643674069264	0.030008293547762965	0.030008293547762965	0.030008293547762965	0.05217644599437743	0.030008293547762965	0.05217644599437743	0.05217644599437743	0.05609651654495169	0.05217644599437743	0.08530159224136745	0.03451740203791384	0.03451740203791384	0.03451740203791384	0.06001658709552593	0.06001658709552593	0.11219303308990337	0.0645256955856768	0.09002488064328891
UP000000825	0.01767598524694003	0.022893082102597963	0.031731074726067975	0.031731074726067975	0.031731074726067975	0.0399056875134408	0.031731074726067975	0.0399056875134408	0.0399056875134408	0.05168391848278837	0.0399056875134408	0.06213538977994156	0.05046203516389411	0.05046203516389411	0.05046203516389411	0.06346214945213595	0.06346214945213595	0.10336783696557673	0.08219310988996208	0.09519322417820392
UP000000826	0.016759493797402842	0.023608779562800695	0.03198852646150212	0.03198852646150212	0.03198852646150212	0.03520325437894844	0.03198852646150212	0.03520325437894844	0.03520325437894844	0.04959015365097633	0.03520325437894844	0.05364701496049403	0.05813472891813858	0.05813472891813858	0.05813472891813858	0.06397705292300424	0.06397705292300424	0.09918030730195267	0.09012325537964071	0.09596557938450635
UP000000831	0.013536756750769423	0.024494507711768528	0.03126288608715324	0.03126288608715324	0.03126288608715324	0.023874252311821435	0.03126288608715324	0.023874252311821435	0.023874252311821435	0.04320001224306396	0.023874252311821435	0.03421174787287345	0.081876327160568	0.081876327160568	0.081876327160568	0.06252577217430648	0.06252577217430648	0.08640002448612792	0.11313921324772123	0.09378865826145971
UP000000832	0.018883004441261952	0.021023066385314666	0.030464568605945642	0.030464568605945642	0.030464568605945642	0.049670543296852894	0.030464568605945642	0.049670543296852894	0.049670543296852894	0.05529984025437209	0.049670543296852894	0.08045808215244382	0.03736983244977601	0.03736983244977601	0.03736983244977601	0.060929137211891284	0.060929137211891284	0.11059968050874418	0.06783440105572165	0.09139370581783691
UP000000834	0.01781740997217277	0.022748778621794495	0.03165748360788088	0.03165748360788088	0.03165748360788088	0.040755156292930625	0.03165748360788088	0.040755156292930625	0.040755156292930625	0.05203506175434619	0.040755156292930625	0.06369290261368848	0.049181323765753154	0.049181323765753154	0.049181323765753154	0.06331496721576176	0.06331496721576176	0.10407012350869238	0.08083880737363404	0.09497245082364264
UP000000835	0.019042345950716664	0.020517197752094	0.03003837072745233	0.03003837072745233	0.03003837072745233	0.052018893991418846	0.03003837072745233	0.052018893991418846	0.052018893991418846	0.05604781772316176	0.052018893991418846	0.08499544203212105	0.0346913841001199	0.0346913841001199	0.0346913841001199	0.06007674145490466	0.06007674145490466	0.11209563544632352	0.06472975482757222	0.09011511218235702
UP000000839	0.019232800305384264	0.019173806361649965	0.028790206514342095	0.028790206514342095	0.028790206514342095	0.057935833272644115	0.028790206514342095	0.057935833272644115	0.057935833272644115	0.057758123150664156	0.057935833272644115	0.09663886623990396	0.028613586594596924	0.028613586594596924	0.028613586594596924	0.05758041302868419	0.05758041302868419	0.11551624630132831	0.057403793108939026	0.08637061954302629
UP000000840	0.01661661773746148	0.023693947790364066	0.032002256659094806	0.032002256659094806	0.032002256659094806	0.03456270281324511	0.032002256659094806	0.03456270281324511	0.03456270281324511	0.04928360806571737	0.03456270281324511	0.052508787889028734	0.059262982805968846	0.059262982805968846	0.059262982805968846	0.06400451331818961	0.06400451331818961	0.09856721613143474	0.09126523946506365	0.09600676997728444
UP000000842	0.011477799526021373	0.0242400741862452	0.029978973949255888	0.029978973949255888	0.029978973949255888	0.01859842219276907	0.029978973949255888	0.01859842219276907	0.01859842219276907	0.03927818504564042	0.01859842219276907	0.02571904485951677	0.09664678753228714	0.09664678753228714	0.09664678753228714	0.059957947898511776	0.059957947898511776	0.07855637009128084	0.12662576148154303	0.08993692184776766
UP000000846	0.017024040134007597	0.02343460631385481	0.03194662638085861	0.03194662638085861	0.03194662638085861	0.036445468677967885	0.03194662638085861	0.036445468677967885	0.036445468677967885	0.05016936071984256	0.036445468677967885	0.05586689722192816	0.056006245722126737	0.056006245722126737	0.056006245722126737	0.06389325276171721	0.06389325276171721	0.10033872143968511	0.08795287210298534	0.09583987914257582
UP000000853	0.01763508148960183	0.02293274232571239	0.03175028307051331	0.03175028307051331	0.03175028307051331	0.039667788380976954	0.03175028307051331	0.039667788380976954	0.039667788380976954	0.051584177261001785	0.039667788380976954	0.06170049527235208	0.05082614968981522	0.05082614968981522	0.05082614968981522	0.06350056614102662	0.06350056614102662	0.10316835452200357	0.08257643276032851	0.09525084921153992
UP000000854	0.01872470701185589	0.021404320620016713	0.03076667412594466	0.03076667412594466	0.03076667412594466	0.04784076831297304	0.03076667412594466	0.04784076831297304	0.04784076831297304	0.05468705828243117	0.04784076831297304	0.07695682961409019	0.0395724512858789	0.0395724512858789	0.0395724512858789	0.06153334825188932	0.06153334825188932	0.10937411656486234	0.07033912541182356	0.09230002237783397
UP000000862	0.01848706216324535	0.021857434796248652	0.03110096587787133	0.03110096587787133	0.03110096587787133	0.045581883493727646	0.03110096587787133	0.045581883493727646	0.045581883493727646	0.053891907624735155	0.045581883493727646	0.07267670482420996	0.042440987708180986	0.042440987708180986	0.042440987708180986	0.06220193175574266	0.06220193175574266	0.10778381524947031	0.07354195358605232	0.09330289763361396
UP000000866	0.01871277688556185	0.01614078726972088	0.025497175712501808	0.025497175712501808	0.025497175712501808	0.07032649059860988	0.025497175712501808	0.07032649059860988	0.07032649059860988	0.06066042101180674	0.07032649059860988	0.1219402043116579	0.018488224388294512	0.018488224388294512	0.018488224388294512	0.050994351425003616	0.050994351425003616	0.12132084202361348	0.04398540010079632	0.07649152713750543
UP000000867	0.018000657605798446	0.02254321618368714	0.03154354498658637	0.03154354498658637	0.03154354498658637	0.04192640291627433	0.03154354498658637	0.04192640291627433	0.04192640291627433	0.052506746444723536	0.04192640291627433	0.06585214822675022	0.047463896786364965	0.047463896786364965	0.047463896786364965	0.06308708997317274	0.06308708997317274	0.10501349288944707	0.07900744177295134	0.09463063495975911
UP000000868	0.018718239295765476	0.021418253259538094	0.03077737290742083	0.03077737290742083	0.03077737290742083	0.047772771206324775	0.03077737290742083	0.047772771206324775	0.047772771206324775	0.05466375851058322	0.047772771206324775	0.07682730311688409	0.039656342270428434	0.039656342270428434	0.039656342270428434	0.06155474581484166	0.06155474581484166	0.10932751702116644	0.07043371517784927	0.0923321187222625
UP000000869	0.010556132128327261	0.023952095654262383	0.029230161718426014	0.029230161718426014	0.029230161718426014	0.01652334584473831	0.029230161718426014	0.01652334584473831	0.01652334584473831	0.03749183464079517	0.01652334584473831	0.022490559561149363	0.10341759618345253	0.10341759618345253	0.10341759618345253	0.05846032343685203	0.05846032343685203	0.07498366928159034	0.13264775790187858	0.08769048515527804
UP000000870	0.010431822734361948	0.02390500074709167	0.029120912114272642	0.029120912114272642	0.029120912114272642	0.016254627866757906	0.029120912114272642	0.016254627866757906	0.016254627866757906	0.03724822604765159	0.016254627866757906	0.02207743299915386	0.1043429021345336	0.1043429021345336	0.1043429021345336	0.058241824228545284	0.058241824228545284	0.07449645209530319	0.13346381424880624	0.08736273634281792
UP000000871	0.018878044790508457	0.016648053821905723	0.026087076217159954	0.026087076217159954	0.026087076217159954	0.0683133369984074	0.026087076217159954	0.0683133369984074	0.0683133369984074	0.06024374471636366	0.0683133369984074	0.11774862920630637	0.019923943858159873	0.019923943858159873	0.019923943858159873	0.05217415243431991	0.05217415243431991	0.12048748943272732	0.046011020075319826	0.07826122865147986
UP000000872	0.016040954984088158	0.011603046758410498	0.019623524250454577	0.019623524250454577	0.019623524250454577	0.08786433582342608	0.019623524250454577	0.08786433582342608	0.08786433582342608	0.06355569216216761	0.08786433582342608	0.159687716662764	0.008765392702268842	0.008765392702268842	0.008765392702268842	0.039247048500909154	0.039247048500909154	0.12711138432433522	0.028388916952723418	0.058870572751363724
