Proteome_ID	M	W	C	D	E	F	H	K	N	Q	Y	I	A	G	P	T	V	L	R	S
UP000002036	0.01642440941500328	0.02379956857101066	0.0320117732785123	0.0320117732785123	0.0320117732785123	0.033730813948432824	0.0320117732785123	0.033730813948432824	0.033730813948432824	0.0488771802527287	0.033730813948432824	0.05103721848186236	0.0607606819095147	0.0607606819095147	0.0607606819095147	0.0640235465570246	0.0640235465570246	0.0977543605054574	0.092772455188027	0.09603531983553688
UP000001300	0.014692293102249286	0.024386257887234458	0.0317324044383591	0.0317324044383591	0.0317324044383591	0.027360254733753666	0.0317324044383591	0.027360254733753666	0.027360254733753666	0.04541253180523594	0.027360254733753666	0.040028216365258044	0.0736064412585566	0.0736064412585566	0.0736064412585566	0.0634648088767182	0.0634648088767182	0.09082506361047188	0.10533884569691572	0.09519721331507731
UP000000267	0.019207309262549155	0.01957977854733722	0.029183433178611797	0.029183433178611797	0.029183433178611797	0.05618767680922769	0.029183433178611797	0.05618767680922769	0.05618767680922769	0.057277271583225646	0.05618767680922769	0.09316804435590623	0.03031528692606952	0.03031528692606952	0.03031528692606952	0.058366866357223594	0.058366866357223594	0.11455454316645129	0.059498720104681324	0.0875502995358354
UP000000314	0.0181957282940175	0.022296695693759905	0.03139455984076866	0.03139455984076866	0.03139455984076866	0.04328010996651519	0.03139455984076866	0.04328010996651519	0.04328010996651519	0.05303461482402625	0.04328010996651519	0.06836449163901288	0.04554602048646152	0.04554602048646152	0.04554602048646152	0.06278911968153732	0.06278911968153732	0.1060692296480525	0.07694058032723018	0.09418367952230597
UP000007796	0.011789335364262844	0.024313238469420413	0.030207906151551837	0.030207906151551837	0.030207906151551837	0.019335438150206313	0.030207906151551837	0.019335438150206313	0.019335438150206313	0.03987562522665499	0.019335438150206313	0.02688154093614978	0.0943880957826887	0.0943880957826887	0.0943880957826887	0.06041581230310367	0.06041581230310367	0.07975125045330998	0.12459600193424053	0.09062371845465551
UP000029964	0.011551679325381927	0.02425852658330205	0.03003436624599301	0.03003436624599301	0.03003436624599301	0.01877147890374563	0.03003436624599301	0.01877147890374563	0.01877147890374563	0.03942010569786583	0.01877147890374563	0.02599127848210933	0.09610997198717765	0.09610997198717765	0.09610997198717765	0.06006873249198602	0.06006873249198602	0.07884021139573166	0.12614433823317064	0.09010309873797903
UP000002037	0.01923413512855423	0.019125581800327914	0.028742649364605032	0.028742649364605032	0.028742649364605032	0.05814157586633423	0.028742649364605032	0.05814157586633423	0.05814157586633423	0.05781343729777215	0.05814157586633423	0.09704901660411422	0.02841821468327248	0.02841821468327248	0.02841821468327248	0.057485298729210065	0.057485298729210065	0.1156268745955443	0.057160864047877506	0.0862279480938151
UP000009058	0.013090331667292635	0.024485977675665918	0.03103114350931224	0.03103114350931224	0.03103114350931224	0.022641559597702424	0.03103114350931224	0.022641559597702424	0.022641559597702424	0.042351923308163446	0.022641559597702424	0.03219278752811222	0.08505879317547059	0.08505879317547059	0.08505879317547059	0.06206228701862448	0.06206228701862448	0.08470384661632689	0.11608993668478282	0.09309343052793671
UP000054166	0.016793347232337448	0.02358771982817306	0.031984393444341785	0.031984393444341785	0.031984393444341785	0.03535800086646303	0.031984393444341785	0.03535800086646303	0.03535800086646303	0.0496633938775733	0.03535800086646303	0.053922654500588606	0.05786534300205688	0.05786534300205688	0.05786534300205688	0.06396878688868357	0.06396878688868357	0.0993267877551466	0.08984973644639867	0.09595318033302536
UP000016922	0.01695389787187471	0.02348299294432839	0.03195994188026575	0.03195994188026575	0.03195994188026575	0.03610849004081883	0.03195994188026575	0.03610849004081883	0.03610849004081883	0.05001418690067516	0.03610849004081883	0.05526308220976295	0.05657605088638602	0.05657605088638602	0.05657605088638602	0.0639198837605315	0.0639198837605315	0.10002837380135032	0.08853599276665176	0.09587982564079725
UP000009082	0.01911174374388226	0.01762327481723191	0.027179146689173036	0.027179146689173036	0.027179146689173036	0.06438762142209305	0.027179146689173036	0.06438762142209305	0.06438762142209305	0.059372957400219556	0.06438762142209305	0.10966349910030385	0.02294559104486865	0.02294559104486865	0.02294559104486865	0.05435829337834607	0.05435829337834607	0.11874591480043911	0.050124737734041684	0.08153744006751909
UP000005206	0.013853768942195815	0.024484058068835	0.03141094253993291	0.03141094253993291	0.03141094253993291	0.024785307144249383	0.03141094253993291	0.024785307144249383	0.024785307144249383	0.0438035961120576	0.024785307144249383	0.035716845346302956	0.07961550006257526	0.07961550006257526	0.07961550006257526	0.06282188507986582	0.06282188507986582	0.0876071922241152	0.11102644260250816	0.09423282761979873
UP000016927	0.01914723311463696	0.020032232401811498	0.029605848959129977	0.029605848959129977	0.029605848959129977	0.054201253780219776	0.029605848959129977	0.054201253780219776	0.054201253780219776	0.05670647584923986	0.054201253780219776	0.0892552744458026	0.0323426574648976	0.0323426574648976	0.0323426574648976	0.059211697918259955	0.059211697918259955	0.11341295169847972	0.06194850642402758	0.08881754687738992
UP000249829	0.01088756128451154	0.024068017914884766	0.029511798557140537	0.029511798557140537	0.029511798557140537	0.017252331502414894	0.029511798557140537	0.017252331502414894	0.017252331502414894	0.03813796430834799	0.017252331502414894	0.023617101720318247	0.10096562936497383	0.10096562936497383	0.10096562936497383	0.059023597114281075	0.059023597114281075	0.07627592861669598	0.1304774279221144	0.08853539567142163
UP000000559	0.019102527973306683	0.020264312061042497	0.02981557604769584	0.02981557604769584	0.02981557604769584	0.05316440956266664	0.02981557604769584	0.05316440956266664	0.05316440956266664	0.05639778082902915	0.05316440956266664	0.08722629115202658	0.03344224387588006	0.03344224387588006	0.03344224387588006	0.05963115209539168	0.05963115209539168	0.1127955616580583	0.0632578199235759	0.0894467281430875
UP000005221	0.018434576331161093	0.021944333572222436	0.031161621737802982	0.031161621737802982	0.031161621737802982	0.04513626503041372	0.031161621737802982	0.04513626503041372	0.04513626503041372	0.05372975425300983	0.04513626503041372	0.07183795372966635	0.043027338158157506	0.043027338158157506	0.043027338158157506	0.062323243475605965	0.062323243475605965	0.10745950850601967	0.07418895989596049	0.09348486521340893
UP000001312	0.017107769915337454	0.0233746270634966	0.031928512021165326	0.031928512021165326	0.031928512021165326	0.03685548493434707	0.031928512021165326	0.03685548493434707	0.03685548493434707	0.050356254488338865	0.03685548493434707	0.0566031999533567	0.055320388902855115	0.055320388902855115	0.055320388902855115	0.06385702404233065	0.06385702404233065	0.10071250897667773	0.08724890092402045	0.09578553606349599
UP000193067	0.008955087449287344	0.023189666753005288	0.02766721047764896	0.02766721047764896	0.02766721047764896	0.013240736442874858	0.02766721047764896	0.013240736442874858	0.013240736442874858	0.034287578699086385	0.013240736442874858	0.01752638543646237	0.11562416319017475	0.11562416319017475	0.11562416319017475	0.05533442095529792	0.05533442095529792	0.06857515739817277	0.1432913736678237	0.08300163143294688
UP000007963	0.013329080559921757	0.024493868397671138	0.031158408677632015	0.031158408677632015	0.031158408677632015	0.023293807632076887	0.031158408677632015	0.023293807632076887	0.023293807632076887	0.04280531249367046	0.023293807632076887	0.03325853470423202	0.083356611049318	0.083356611049318	0.083356611049318	0.06231681735526403	0.06231681735526403	0.08561062498734091	0.11451501972695002	0.09347522603289604
UP000002038	0.015226125088089524	0.024266263579767147	0.03187932612381191	0.03187932612381191	0.03187932612381191	0.029147465778137382	0.03187932612381191	0.029147465778137382	0.029147465778137382	0.046453059012880604	0.029147465778137382	0.04306880646818524	0.06973446280675594	0.06973446280675594	0.06973446280675594	0.06375865224762382	0.06375865224762382	0.09290611802576121	0.10161378893056784	0.09563797837143574
UP000005222	0.017520557925926227	0.023039230188597486	0.0317995091515606	0.0317995091515606	0.0317995091515606	0.03901863192205045	0.0317995091515606	0.03901863192205045	0.03901863192205045	0.051308825112585825	0.03901863192205045	0.060516705918174665	0.05183209828065377	0.05183209828065377	0.05183209828065377	0.0635990183031212	0.0635990183031212	0.10261765022517165	0.08363160743221436	0.09539852745468182
UP000000560	0.014550927473185697	0.024410216750304383	0.03168568048689723	0.03168568048689723	0.03168568048689723	0.026907655939623507	0.03168568048689723	0.026907655939623507	0.026907655939623507	0.045139508456708985	0.026907655939623507	0.03926438440606131	0.07462428909976523	0.07462428909976523	0.07462428909976523	0.06337136097379446	0.06337136097379446	0.09027901691341797	0.10630996958666247	0.09505704146069169
UP000016930	0.013885848306347733	0.02448221675316315	0.031425140906337024	0.031425140906337024	0.031425140906337024	0.024879266774491537	0.031425140906337024	0.024879266774491537	0.024879266774491537	0.04386477429358279	0.024879266774491537	0.035872685242635344	0.07938654221077372	0.07938654221077372	0.07938654221077372	0.06285028181267405	0.06285028181267405	0.08772954858716558	0.11081168311711076	0.09427542271901108
UP000002058	0.015267546623145343	0.024254905868937696	0.03188867918051037	0.03188867918051037	0.03188867918051037	0.029291740166239862	0.03188867918051037	0.029291740166239862	0.029291740166239862	0.04653454926363029	0.029291740166239862	0.043315933709334384	0.06943171379415194	0.06943171379415194	0.06943171379415194	0.06377735836102073	0.06377735836102073	0.09306909852726059	0.10132039297466232	0.09566603754153111
UP000030143	0.015016815591490876	0.02431904444067059	0.031827452236416025	0.031827452236416025	0.031827452236416025	0.028431224294264156	0.031827452236416025	0.028431224294264156	0.028431224294264156	0.04604306438354811	0.028431224294264156	0.04184563299703744	0.07125874745152695	0.07125874745152695	0.07125874745152695	0.06365490447283205	0.06365490447283205	0.09208612876709622	0.103086199687943	0.0954823567092481
UP000005426	0.012831096584581465	0.02446889490627968	0.030884443198570415	0.030884443198570415	0.030884443198570415	0.02195057138795594	0.030884443198570415	0.02195057138795594	0.02195057138795594	0.04185972889254839	0.02195057138795594	0.031070046191330417	0.08690879292637363	0.08690879292637363	0.08690879292637363	0.06176888639714083	0.06176888639714083	0.08371945778509678	0.11779323612494405	0.09265332959571125
UP000016932	0.014507507240458016	0.024416946925336323	0.03167070054556533	0.03167070054556533	0.03167070054556533	0.02677024661479764	0.03167070054556533	0.02677024661479764	0.02677024661479764	0.04505582385296415	0.02677024661479764	0.039032985989137264	0.07493642382005035	0.07493642382005035	0.07493642382005035	0.06334140109113066	0.06334140109113066	0.0901116477059283	0.10660712436561566	0.09501210163669599
UP000009096	0.015597329427844996	0.024153220683833906	0.031951885397756404	0.031951885397756404	0.031951885397756404	0.030472492393338664	0.031951885397756404	0.030472492393338664	0.030472492393338664	0.04718813159442574	0.030472492393338664	0.045347655358832326	0.06700620134994499	0.06700620134994499	0.06700620134994499	0.06390377079551281	0.06390377079551281	0.09437626318885148	0.09895808674770139	0.09585565619326922
UP000000561	0.014327491680662243	0.02444175945527809	0.03160550529560921	0.03160550529560921	0.03160550529560921	0.02620831446701909	0.03160550529560921	0.02620831446701909	0.02620831446701909	0.04470966252911875	0.02620831446701909	0.03808913725337594	0.0762283256519851	0.0762283256519851	0.0762283256519851	0.06321101059121842	0.06321101059121842	0.0894193250582375	0.10783383094759431	0.09481651588682763
UP000094112	0.019198249741759037	0.018233700664905754	0.027832825535785276	0.027832825535785276	0.027832825535785276	0.061883935980328535	0.027832825535785276	0.061883935980328535	0.061883935980328535	0.05877479352594954	0.061883935980328535	0.10456962221889804	0.025036099111462762	0.025036099111462762	0.025036099111462762	0.05566565107157055	0.05566565107157055	0.11754958705189908	0.05286892464724803	0.08349847660735582
UP000002059	0.015512322891205252	0.024181391329048053	0.03193755277465068	0.03193755277465068	0.03193755277465068	0.030162477755919653	0.03193755277465068	0.030162477755919653	0.030162477755919653	0.04701879165261051	0.030162477755919653	0.044812632620634056	0.06763418347044861	0.06763418347044861	0.06763418347044861	0.06387510554930136	0.06387510554930136	0.09403758330522102	0.09957173624509928	0.09581265832395204
UP000094389	0.017860069877830932	0.022702910246872616	0.03163294518578808	0.03163294518578808	0.03163294518578808	0.041020237156533794	0.03163294518578808	0.041020237156533794	0.041020237156533794	0.052143063764054975	0.041020237156533794	0.06418040443523666	0.04878778332307563	0.04878778332307563	0.04878778332307563	0.06326589037157616	0.06326589037157616	0.10428612752810995	0.08042072850886373	0.09489883555736425
UP000000591	0.014403289992572326	0.02443191394688122	0.031633558943167384	0.031633558943167384	0.031633558943167384	0.0264434248973133	0.031633558943167384	0.0264434248973133	0.0264434248973133	0.044855271391824034	0.0264434248973133	0.03848355980205428	0.07568475379393962	0.07568475379393962	0.07568475379393962	0.06326711788633477	0.06326711788633477	0.08971054278364807	0.10731831273710699	0.09490067682950215
UP000002149	0.015578010580523985	0.0241597455909279	0.03194875088118989	0.03194875088118989	0.03194875088118989	0.030401678245513212	0.03194875088118989	0.030401678245513212	0.030401678245513212	0.047149590003946494	0.030401678245513212	0.045225345910502444	0.06714910108746865	0.06714910108746865	0.06714910108746865	0.06389750176237978	0.06389750176237978	0.09429918000789299	0.09909785196865854	0.09584625264356965
UP000007978	0.015669808903932672	0.024128087963478456	0.03196299241544479	0.03196299241544479	0.03196299241544479	0.030740093413542276	0.03196299241544479	0.030740093413542276	0.030740093413542276	0.04733303912221593	0.030740093413542276	0.045810377923151874	0.06646908130082065	0.06646908130082065	0.06646908130082065	0.06392598483088958	0.06392598483088958	0.09466607824443186	0.09843207371626544	0.09588897724633438
UP000002258	0.017911757400928506	0.02264576932840659	0.031601648028870846	0.031601648028870846	0.031601648028870846	0.04134737583712486	0.031601648028870846	0.04134737583712486	0.04134737583712486	0.05227533594743328	0.04134737583712486	0.06478299427332122	0.04830604786502358	0.04830604786502358	0.04830604786502358	0.06320329605774169	0.06320329605774169	0.10455067189486655	0.07990769589389443	0.09480494408661255
UP000000598	0.018506268057183983	0.02182462165606268	0.03107775568465467	0.03107775568465467	0.03107775568465467	0.04574902305588207	0.03107775568465467	0.04574902305588207	0.04574902305588207	0.0539522672125957	0.04574902305588207	0.07299177805458015	0.04222284253875043	0.04222284253875043	0.04222284253875043	0.06215551136930934	0.06215551136930934	0.1079045344251914	0.0733005982234051	0.09323326705396402
UP000030651	0.014911128124692493	0.02434284434788991	0.03179840841023616	0.03179840841023616	0.03179840841023616	0.02807735372120437	0.03179840841023616	0.02807735372120437	0.02807735372120437	0.045837085270838344	0.02807735372120437	0.04124357931771625	0.07202521914738375	0.07202521914738375	0.07202521914738375	0.06359681682047232	0.06359681682047232	0.09167417054167669	0.1038236275576199	0.09539522523070847
UP000016933	0.01405404767685071	0.024470157877657234	0.03149718171608259	0.03149718171608259	0.03149718171608259	0.025377486209109484	0.03149718171608259	0.025377486209109484	0.025377486209109484	0.04418592482063733	0.025377486209109484	0.036700924741368254	0.07818524245319569	0.07818524245319569	0.07818524245319569	0.06299436343216518	0.06299436343216518	0.08837184964127466	0.10968242416927829	0.09449154514824777
UP000001471	0.01447483369225321	0.024421818857981073	0.031659235704107676	0.031659235704107676	0.031659235704107676	0.02666733304566994	0.031659235704107676	0.02666733304566994	0.02666733304566994	0.044992902226942647	0.02666733304566994	0.03885983239908668	0.0751711619344698	0.0751711619344698	0.0751711619344698	0.06331847140821535	0.06331847140821535	0.08998580445388529	0.10683039763857748	0.09497770711232303
UP000000599	0.0189198593631822	0.020920214102548886	0.030380143784139987	0.030380143784139987	0.030380143784139987	0.050154780345420515	0.030380143784139987	0.050154780345420515	0.050154780345420515	0.05545753395685024	0.050154780345420515	0.08138970132765883	0.03680419413617436	0.03680419413617436	0.03680419413617436	0.060760287568279975	0.060760287568279975	0.11091506791370048	0.06718433792031434	0.09114043135241996
UP000008062	0.014063252833419176	0.024469380367234707	0.031501006783944296	0.031501006783944296	0.031501006783944296	0.025405027744213615	0.031501006783944296	0.025405027744213615	0.025405027744213615	0.0442035206560511	0.025405027744213615	0.03674680265500805	0.0781194524479997	0.0781194524479997	0.0781194524479997	0.06300201356788859	0.06300201356788859	0.0884070413121022	0.109620459231944	0.09450302035183288
UP000054270	0.016681246258043514	0.023656153319155274	0.03199677644817703	0.03199677644817703	0.03199677644817703	0.03484999218240939	0.03199677644817703	0.03484999218240939	0.03484999218240939	0.04942177253938172	0.03484999218240939	0.05301873810677527	0.05875431464752974	0.05875431464752974	0.05875431464752974	0.06399355289635406	0.06399355289635406	0.09884354507876345	0.09075109109570677	0.09599032934453108
UP000094569	0.015176029320828807	0.024279592115041132	0.03186760677545554	0.03186760677545554	0.03186760677545554	0.028974118001944778	0.03186760677545554	0.028974118001944778	0.028974118001944778	0.046354665776427925	0.028974118001944778	0.042772206683060754	0.07010010530963498	0.07010010530963498	0.07010010530963498	0.06373521355091108	0.06373521355091108	0.09270933155285585	0.10196771208509052	0.09560282032636662
UP000016934	0.014247862982970884	0.024451171312711323	0.031575102804196765	0.031575102804196765	0.031575102804196765	0.025963612385413785	0.031575102804196765	0.025963612385413785	0.025963612385413785	0.04455690899690366	0.025963612385413785	0.037679361787856684	0.07679879843343343	0.07679879843343343	0.07679879843343343	0.06315020560839353	0.06315020560839353	0.08911381799380733	0.1083739012376302	0.09472530841259032
UP000008066	0.013245065293696531	0.02449195759367289	0.031114490240521157	0.031114490240521157	0.031114490240521157	0.023062491156942252	0.031114490240521157	0.023062491156942252	0.023062491156942252	0.04264573581899228	0.023062491156942252	0.03287991702018797	0.0839555012803607	0.0839555012803607	0.0839555012803607	0.06222898048104231	0.06222898048104231	0.08529147163798456	0.11506999152088186	0.09334347072156347
UP000009097	0.015218666060303804	0.0242682763084107	0.0318776093385626	0.0318776093385626	0.0318776093385626	0.029121576514252512	0.0318776093385626	0.029121576514252512	0.029121576514252512	0.04643839759568886	0.029121576514252512	0.04302448696820123	0.06978893993906407	0.06978893993906407	0.06978893993906407	0.0637552186771252	0.0637552186771252	0.09287679519137772	0.10166654927762667	0.0956328280156878
UP000006564	0.01493343358332933	0.02433797740423535	0.03180469419590001	0.03180469419590001	0.03180469419590001	0.028151618264890516	0.03180469419590001	0.028151618264890516	0.028151618264890516	0.04588050332834527	0.028151618264890516	0.0413698029464517	0.0718636181676464	0.0718636181676464	0.0718636181676464	0.06360938839180003	0.06360938839180003	0.09176100665669054	0.1036683123635464	0.09541408258770002
UP000095358	0.018947341731202518	0.020838886386089613	0.030312557251690873	0.030312557251690873	0.030312557251690873	0.050535106875804224	0.030312557251690873	0.050535106875804224	0.050535106875804224	0.055580110689592975	0.050535106875804224	0.08212287202040593	0.03636486331750394	0.03636486331750394	0.03636486331750394	0.06062511450338175	0.06062511450338175	0.11116022137918595	0.0666774205691948	0.09093767175507261
UP000001610	0.013209512649492118	0.024490864986891715	0.031095621311637775	0.031095621311637775	0.031095621311637775	0.02296519666847537	0.031095621311637775	0.02296519666847537	0.02296519666847537	0.04257821964587546	0.02296519666847537	0.032720880687458626	0.08420896008124411	0.08420896008124411	0.08420896008124411	0.06219124262327555	0.06219124262327555	0.08515643929175092	0.11530458139288187	0.09328686393491332
UP000002311	0.018553591238184695	0.02174126444244072	0.031018060061533067	0.031018060061533067	0.031018060061533067	0.04617095325435207	0.031018060061533067	0.04617095325435207	0.04617095325435207	0.0541035366887091	0.04617095325435207	0.07378831527051945	0.041676421306730695	0.041676421306730695	0.041676421306730695	0.062036120123066134	0.062036120123066134	0.1082070733774182	0.07269448136826377	0.0930541801845992
UP000030669	0.011814852665569631	0.02431869138061637	0.03022611771340119	0.03022611771340119	0.03022611771340119	0.019396664298092867	0.03022611771340119	0.019396664298092867	0.019396664298092867	0.03992444986244762	0.019396664298092867	0.026978475930616103	0.09420364017066732	0.09420364017066732	0.09420364017066732	0.06045223542680238	0.06045223542680238	0.07984889972489524	0.1244297578840685	0.09067835314020355
UP000001611	0.012321023386052855	0.024409910596507423	0.030570422289533848	0.030570422289533848	0.030570422289533848	0.020639522975138214	0.030570422289533848	0.020639522975138214	0.020639522975138214	0.040890183777102955	0.020639522975138214	0.028958022564223564	0.09055933318673709	0.09055933318673709	0.09055933318673709	0.061140844579067696	0.061140844579067696	0.08178036755420591	0.12112975547627093	0.09171126686860155
UP000016935	0.01594274662030385	0.024023863492923445	0.031995236803075366	0.031995236803075366	0.031995236803075366	0.03177649994488157	0.031995236803075366	0.03177649994488157	0.03177649994488157	0.04788348677551615	0.03177649994488157	0.047610253269459286	0.06443095871858356	0.06443095871858356	0.06443095871858356	0.06399047360615073	0.06399047360615073	0.0957669735510323	0.09642619552165893	0.0959857104092261
UP000008142	0.016039973507803198	0.023982911204985358	0.03200289795888696	0.03200289795888696	0.03200289795888696	0.03215736796891405	0.03200289795888696	0.03215736796891405	0.03215736796891405	0.048081581943343984	0.03215736796891405	0.04827476243002491	0.06369833991121368	0.06369833991121368	0.06369833991121368	0.06400579591777392	0.06400579591777392	0.09616316388668797	0.09570123787010064	0.09600869387666089
UP000009138	0.018413474688462238	0.02197819005182854	0.031184927396059662	0.031184927396059662	0.031184927396059662	0.04496143738819047	0.031184927396059662	0.04496143738819047	0.04496143738819047	0.0536656460901549	0.04496143738819047	0.0715094000879187	0.043259279648961944	0.043259279648961944	0.043259279648961944	0.062369854792119324	0.062369854792119324	0.1073312921803098	0.07444420704502162	0.09355478218817899
UP000006701	0.013867928027717635	0.024483263332576503	0.03141722734643532	0.03141722734643532	0.03141722734643532	0.024826737510033135	0.03141722734643532	0.024826737510033135	0.024826737510033135	0.04383059610145189	0.024826737510033135	0.03578554699234864	0.07951444878641131	0.07951444878641131	0.07951444878641131	0.06283445469287063	0.06283445469287063	0.08766119220290378	0.11093167613284663	0.09425168203930595
UP000054279	0.016251387720043052	0.023886473648893465	0.032012167508914995	0.032012167508914995	0.032012167508914995	0.03300865521347267	0.032012167508914995	0.03300865521347267	0.03300865521347267	0.04851649511565133	0.03300865521347267	0.049765922706902284	0.062091524904084164	0.062091524904084164	0.062091524904084164	0.06402433501782999	0.06402433501782999	0.09703299023130266	0.09410369241299915	0.09603650252674498
UP000054317	0.011926949468671781	0.024341676554136212	0.030305151288472103	0.030305151288472103	0.030305151288472103	0.0196672129081009	0.030305151288472103	0.0196672129081009	0.0196672129081009	0.040138757742522554	0.0196672129081009	0.02740747634753002	0.09339423932700637	0.09339423932700637	0.09339423932700637	0.060610302576944206	0.060610302576944206	0.08027751548504511	0.12369939061547848	0.09091545386541632
UP000217790	0.01525607004521631	0.024258083470462342	0.0318861184930705	0.0318861184930705	0.0318861184930705	0.02925168009736732	0.0318861184930705	0.02925168009736732	0.02925168009736732	0.046511958541754155	0.02925168009736732	0.04324729014951833	0.0695156346008063	0.0695156346008063	0.0695156346008063	0.063772236986141	0.063772236986141	0.09302391708350831	0.10140175309387679	0.09565835547921149
UP000002428	0.018275209510731773	0.022186426609475642	0.03132403136484153	0.03132403136484153	0.03132403136484153	0.04387010891201008	0.03132403136484153	0.04387010891201008	0.04387010891201008	0.05325908582084657	0.04387010891201008	0.06946500831328839	0.04473182151945647	0.04473182151945647	0.04473182151945647	0.06264806272968305	0.06264806272968305	0.10651817164169314	0.076055852884298	0.09397209409452457
UP000009297	0.015566439109768146	0.02416361908915201	0.03194683864403608	0.03194683864403608	0.03194683864403608	0.03035936440143739	0.03194683864403608	0.03035936440143739	0.03035936440143739	0.04712652084475478	0.03035936440143739	0.04515228969310663	0.06723464205988158	0.06723464205988158	0.06723464205988158	0.06389367728807216	0.06389367728807216	0.09425304168950956	0.09918148070391769	0.09584051593210827
UP000001628	0.015420701286429273	0.024210210193486202	0.03192056083670084	0.03192056083670084	0.03192056083670084	0.029832825670928514	0.03192056083670084	0.029832825670928514	0.029832825670928514	0.04683697367216509	0.029832825670928514	0.04424495005542775	0.06830879618100932	0.06830879618100932	0.06830879618100932	0.06384112167340168	0.06384112167340168	0.09367394734433018	0.10022935701771016	0.09576168251010252
UP000016936	0.014113845455628523	0.024464887197340267	0.03152180992515453	0.03152180992515453	0.03152180992515453	0.02555691991123659	0.03152180992515453	0.02555691991123659	0.02555691991123659	0.04430026988077282	0.02555691991123659	0.03699999436684465	0.07775776614776685	0.07775776614776685	0.07775776614776685	0.06304361985030905	0.06304361985030905	0.08860053976154564	0.10927957607292135	0.09456542977546357
UP000009328	0.019222946622218934	0.018536596562503824	0.02814806987361329	0.02814806987361329	0.02814806987361329	0.060625363869840534	0.02814806987361329	0.060625363869840534	0.060625363869840534	0.05846075180853356	0.060625363869840534	0.10202778111746215	0.0261380315773732	0.0261380315773732	0.0261380315773732	0.05629613974722658	0.05629613974722658	0.11692150361706712	0.05428610145098649	0.08444420962083987
UP000008177	0.016965995402238043	0.023474765434269098	0.03195776313538812	0.03195776313538812	0.03195776313538812	0.0361661994817259	0.03195776313538812	0.0361661994817259	0.0361661994817259	0.05004086287625107	0.0361661994817259	0.05536640356121375	0.05647807285549121	0.05647807285549121	0.05647807285549121	0.06391552627077624	0.06391552627077624	0.10008172575250214	0.08843583599087933	0.09587328940616437
UP000030671	0.01461543605553862	0.024399674630563077	0.03170739265833239	0.03170739265833239	0.03170739265833239	0.027113184327297188	0.03170739265833239	0.027113184327297188	0.027113184327297188	0.04526398482198098	0.027113184327297188	0.03961093259905576	0.07416013825993054	0.07416013825993054	0.07416013825993054	0.06341478531666478	0.06341478531666478	0.09052796964396197	0.10586753091826293	0.09512217797499717
UP000018087	0.014022531619610035	0.02447272695980567	0.03148399276961069	0.03148399276961069	0.03148399276961069	0.025283410152845257	0.03148399276961069	0.025283410152845257	0.025283410152845257	0.04412569784603332	0.025283410152845257	0.03654428868608048	0.07841045133742365	0.07841045133742365	0.07841045133742365	0.06296798553922138	0.06296798553922138	0.08825139569206664	0.10989444410703435	0.09445197830883206
UP000002485	0.018602949527849803	0.021650206889789716	0.030951681653714615	0.030951681653714615	0.030951681653714615	0.04662766717565376	0.030951681653714615	0.04662766717565376	0.04662766717565376	0.054265515241541495	0.04662766717565376	0.07465238482345772	0.04109176612177197	0.04109176612177197	0.04109176612177197	0.06190336330742923	0.06190336330742923	0.10853103048308299	0.07204344777548659	0.09285504496114386
UP000006702	0.014191051240713279	0.024457309044001993	0.03155283466435863	0.03155283466435863	0.03155283466435863	0.025790431926586737	0.03155283466435863	0.025790431926586737	0.025790431926586737	0.044448050627651996	0.025790431926586737	0.037389812612460195	0.07720548288530452	0.07720548288530452	0.07720548288530452	0.06310566932871726	0.06310566932871726	0.08889610125530399	0.10875831754966314	0.0946585039930759
UP000001631	0.01536538249389055	0.02422685008871039	0.03190954133565566	0.03190954133565566	0.03190954133565566	0.029635976813110036	0.03190954133565566	0.029635976813110036	0.029635976813110036	0.04672752974221069	0.029635976813110036	0.04390657113232952	0.06871505094453234	0.06871505094453234	0.06871505094453234	0.06381908267131133	0.06381908267131133	0.09345505948442138	0.10062459228018801	0.095728624006967
UP000054321	0.01667402690145607	0.023660434242238886	0.03199744769296692	0.03199744769296692	0.03199744769296692	0.03481770231788169	0.03199744769296692	0.03481770231788169	0.03481770231788169	0.04940629885190777	0.03481770231788169	0.05296137773430732	0.05881127074478614	0.05881127074478614	0.05881127074478614	0.06399489538593384	0.06399489538593384	0.09881259770381554	0.09080871843775305	0.09599234307890077
UP000008181	0.010020670192548597	0.02373501686517855	0.02874535196145285	0.02874535196145285	0.02874535196145285	0.01538331572891159	0.02874535196145285	0.01538331572891159	0.01538331572891159	0.036437009825908646	0.01538331572891159	0.020745961265274587	0.10742745893654795	0.10742745893654795	0.10742745893654795	0.0574907039229057	0.0574907039229057	0.07287401965181729	0.1361728108980008	0.08623605588435855
UP000000724	0.01476994371527049	0.02437174455172202	0.03175671640935727	0.03175671640935727	0.03175671640935727	0.027612361829701275	0.03175671640935727	0.027612361829701275	0.027612361829701275	0.045562897324207895	0.027612361829701275	0.040454779944132054	0.07304619889628987	0.07304619889628987	0.07304619889628987	0.06351343281871454	0.06351343281871454	0.09112579464841579	0.10480291530564713	0.09527014922807178
UP000030816	0.015085630115752011	0.024302529897494058	0.031845344955370065	0.031845344955370065	0.031845344955370065	0.028664395516420985	0.031845344955370065	0.028664395516420985	0.028664395516420985	0.04617754271358056	0.028664395516420985	0.042243160917089954	0.07075858234969935	0.07075858234969935	0.07075858234969935	0.06369068991074013	0.06369068991074013	0.09235508542716112	0.10260392730506943	0.09553603486611019
UP000269793	0.01425335279040661	0.02445055283395337	0.03157722922915667	0.03157722922915667	0.03157722922915667	0.02598040859607882	0.03157722922915667	0.02598040859607882	0.02598040859607882	0.04456743352719608	0.02598040859607882	0.03770746440175103	0.07675948606452636	0.07675948606452636	0.07675948606452636	0.06315445845831334	0.06315445845831334	0.08913486705439216	0.10833671529368304	0.09473168768747003
UP000009882	0.014178907603037352	0.024458559075225324	0.031548012876744	0.031548012876744	0.031548012876744	0.025753563732262785	0.031548012876744	0.025753563732262785	0.025753563732262785	0.04442479474287539	0.025753563732262785	0.03732821986148822	0.07729237994541092	0.07729237994541092	0.07729237994541092	0.063096025753488	0.063096025753488	0.08884958948575078	0.10884039282215492	0.09464403863023199
UP000001640	0.019112615636136344	0.020216146009838714	0.029772453827906886	0.029772453827906886	0.029772453827906886	0.053380685177444306	0.029772453827906886	0.053380685177444306	0.053380685177444306	0.05646279641662903	0.053380685177444306	0.08764875471875228	0.03321047693518142	0.03321047693518142	0.03321047693518142	0.05954490765581377	0.05954490765581377	0.11292559283325806	0.06298293076308831	0.08931736148372064
UP000054361	0.013761633030944657	0.024488538932641492	0.03136935544811382	0.03136935544811382	0.03136935544811382	0.02451728553337856	0.03136935544811382	0.02451728553337856	0.02451728553337856	0.0436279982148031	0.02451728553337856	0.035272938035812454	0.08027287196132803	0.08027287196132803	0.08027287196132803	0.06273871089622764	0.06273871089622764	0.0872559964296062	0.11164222740944184	0.09410806634434146
UP000218811	0.010621562718010872	0.023976089326386344	0.029286870685391778	0.029286870685391778	0.029286870685391778	0.016665802372121917	0.029286870685391778	0.016665802372121917	0.016665802372121917	0.03761977187145273	0.016665802372121917	0.022710042026232963	0.1029318331504556	0.1029318331504556	0.1029318331504556	0.058573741370783555	0.058573741370783555	0.07523954374290547	0.1322187038358474	0.08786061205617533
UP000000741	0.017777504382862238	0.01411742995109648	0.023006182142527597	0.023006182142527597	0.023006182142527597	0.07822101928459387	0.023006182142527597	0.07822101928459387	0.07822101928459387	0.06211669178482454	0.07822101928459387	0.13866453418632552	0.013533048319133878	0.013533048319133878	0.013533048319133878	0.046012364285055195	0.046012364285055195	0.12423338356964908	0.03653923046166147	0.0690185464275828
UP000001742	0.018944452518331815	0.01688226319638256	0.02635448945554847	0.02635448945554847	0.02635448945554847	0.0673777173266089	0.02635448945554847	0.0673777173266089	0.0673777173266089	0.060043348118852924	0.0673777173266089	0.11581098213488598	0.02061687875520589	0.02061687875520589	0.02061687875520589	0.05270897891109694	0.05270897891109694	0.12008669623770585	0.04697136821075435	0.07906346836664539
UP000184304	0.014368792388233798	0.024436502712012184	0.03162089890612908	0.03162089890612908	0.03162089890612908	0.026336153851137252	0.03162089890612908	0.026336153851137252	0.026336153851137252	0.0447889758316977	0.026336153851137252	0.038303515314040706	0.07593221495313056	0.07593221495313056	0.07593221495313056	0.06324179781225817	0.06324179781225817	0.0895779516633954	0.10755311385925963	0.09486269671838723
UP000000819	0.016571295366396163	0.023719752771403074	0.03200540045460115	0.03200540045460115	0.03200540045460115	0.034363569589681266	0.03200540045460115	0.034363569589681266	0.034363569589681266	0.049187185249441795	0.034363569589681266	0.05215584381296636	0.059618117121742545	0.059618117121742545	0.059618117121742545	0.0640108009092023	0.0640108009092023	0.09837437049888359	0.0916235175763437	0.09601620136380347
UP000006706	0.014046800100674772	0.024470761400143197	0.03149416145048058	0.03149416145048058	0.03149416145048058	0.025355822084707498	0.03149416145048058	0.025355822084707498	0.025355822084707498	0.044172072492834336	0.025355822084707498	0.036664844068740224	0.07823703780183543	0.07823703780183543	0.07823703780183543	0.06298832290096117	0.06298832290096117	0.08834414498566867	0.10973119925231602	0.09448248435144176
UP000011064	0.013079815082941357	0.02448545620302723	0.031025363744497905	0.031025363744497905	0.031025363744497905	0.022613185493088578	0.031025363744497905	0.022613185493088578	0.022613185493088578	0.0423319564910422	0.022613185493088578	0.03214655590323579	0.08513379910783493	0.08513379910783493	0.08513379910783493	0.06205072748899581	0.06205072748899581	0.0846639129820844	0.11615916285233284	0.09307609123349374
UP000031176	0.014497396807149544	0.024418472096995693	0.03166717050057047	0.03166717050057047	0.03166717050057047	0.026738356876674755	0.03166717050057047	0.026738356876674755	0.026738356876674755	0.045036348938907844	0.026738356876674755	0.038979316946199966	0.07500907345484664	0.07500907345484664	0.07500907345484664	0.06333434100114094	0.06333434100114094	0.09007269787781569	0.10667624395541711	0.0950015115017114
UP000011185	0.017785497934893417	0.022782357472744673	0.031675106440191385	0.031675106440191385	0.031675106440191385	0.040559641401315905	0.031675106440191385	0.040559641401315905	0.040559641401315905	0.05195492714084932	0.040559641401315905	0.0633337848677384	0.04947343385362881	0.04947343385362881	0.04947343385362881	0.06335021288038277	0.06335021288038277	0.10390985428169865	0.08114854029382021	0.09502531932057415
UP000001743	0.013650628836501892	0.0244923598524576	0.03131767427070854	0.03131767427070854	0.03131767427070854	0.024197931062325633	0.03131767427070854	0.024197931062325633	0.024197931062325633	0.043416639801871354	0.024197931062325633	0.03474523328814937	0.08106451077986802	0.08106451077986802	0.08106451077986802	0.06263534854141709	0.06263534854141709	0.08683327960374271	0.11238218505057658	0.09395302281212563
UP000054383	0.01613526186500645	0.02394072604034052	0.032008356972843745	0.032008356972843745	0.032008356972843745	0.03253702054430687	0.032008356972843745	0.03253702054430687	0.03253702054430687	0.04827686724499718	0.03253702054430687	0.04893877922360729	0.06297656632117546	0.06297656632117546	0.06297656632117546	0.06401671394568749	0.06401671394568749	0.09655373448999437	0.0949849232940192	0.09602507091853124
UP000001744	0.017184894482193243	0.02331714502596451	0.03190959226706113	0.03190959226706113	0.03190959226706113	0.03724103435540732	0.03190959226706113	0.03724103435540732	0.03724103435540732	0.05053010944476479	0.03724103435540732	0.0572971742286214	0.05468280332564091	0.05468280332564091	0.05468280332564091	0.06381918453412226	0.06381918453412226	0.10106021888952958	0.08659239559270206	0.09572877680118341
UP000033540	0.014125590542629976	0.024463790727539222	0.031526585998854204	0.031526585998854204	0.031526585998854204	0.02559230856344676	0.031526585998854204	0.02559230856344676	0.02559230856344676	0.04432274028057759	0.02559230856344676	0.03705902658426354	0.07767377626594925	0.07767377626594925	0.07767377626594925	0.06305317199770841	0.06305317199770841	0.08864548056115518	0.10920036226480345	0.09457975799656262
UP000006753	0.012009263535273422	0.024357548351310498	0.03036218011894721	0.03036218011894721	0.03036218011894721	0.01986754644099664	0.03036218011894721	0.01986754644099664	0.01986754644099664	0.04029595333944553	0.01986754644099664	0.027725829346719858	0.09280078788925168	0.09280078788925168	0.09280078788925168	0.06072436023789442	0.06072436023789442	0.08059190667889106	0.12316296800819888	0.09108654035684163
UP000219338	0.015619345836354152	0.024145695791436498	0.031955368709613574	0.031955368709613574	0.031955368709613574	0.03055345594677647	0.031955368709613574	0.03055345594677647	0.03055345594677647	0.047232096683001816	0.03055345594677647	0.045487566057198794	0.06684321349088405	0.06684321349088405	0.06684321349088405	0.06391073741922715	0.06391073741922715	0.09446419336600363	0.09879858220049763	0.09586610612884072
UP000184499	0.01433327450907476	0.024441038910179153	0.03160767616471653	0.03160767616471653	0.03160767616471653	0.026226176054836563	0.03160767616471653	0.026226176054836563	0.026226176054836563	0.04472076419213482	0.026226176054836563	0.038119077600598364	0.07618687455194967	0.07618687455194967	0.07618687455194967	0.06321535232943307	0.06321535232943307	0.08944152838426964	0.1077945507166662	0.09482302849414961
