	AAA	AAC	AAG	AAT	ACA	ACC	ACG	ACT	AGA	AGC	AGG	AGT	ATA	ATC	ATG	ATT	CAA	CAC	CAG	CAT	CCA	CCC	CCG	CCT	CGA	CGC	CGG	CGT	CTA	CTC	CTG	CTT	GAA	GAC	GAG	GAT	GCA	GCC	GCG	GCT	GGA	GGC	GGG	GGT	GTA	GTC	GTG	GTT	TAA	TAC	TAG	TAT	TCA	TCC	TCG	TCT	TGA	TGC	TGG	TGT	TTA	TTC	TTG	TTT
Start	75.0	73.0	88.0	47.0	56.0	126.0	86.0	47.0	54.0	72.0	80.0	43.0	2109.0	4609.0	2461795.0	2777.0	73.0	91.0	78.0	62.0	97.0	150.0	233.0	99.0	115.0	214.0	232.0	75.0	45.0	86.0	11775.0	45.0	80.0	124.0	111.0	92.0	111.0	236.0	197.0	97.0	81.0	240.0	141.0	116.0	48.0	142.0	514845.0	62.0	14.0	45.0	13.0	29.0	71.0	81.0	136.0	49.0	67.0	101.0	97.0	33.0	184.0	83.0	175242.0	45.0
AAA	1975412.0	760582.0	1021435.0	1260355.0	677941.0	688157.0	395104.0	428090.0	499529.0	484686.0	174577.0	422355.0	854659.0	890864.0	1009658.0	1102025.0	934877.0	276510.0	630396.0	387404.0	387830.0	356333.0	461829.0	354782.0	224314.0	542123.0	239627.0	369234.0	370112.0	541691.0	914108.0	530720.0	2290379.0	821228.0	1035918.0	1372293.0	940306.0	987828.0	723561.0	674126.0	791904.0	940075.0	483141.0	763683.0	745038.0	555538.0	702742.0	644038.0	96351.0	525524.0	33174.0	813058.0	499772.0	367944.0	301608.0	383967.0	39801.0	149227.0	469278.0	147479.0	1025706.0	547211.0	554607.0	846683.0
AAC	760582.0	902698.0	854605.0	489844.0	218177.0	1087255.0	433446.0	172516.0	170213.0	634393.0	135359.0	205626.0	215078.0	1343895.0	813651.0	451572.0	423475.0	511854.0	872575.0	251183.0	211260.0	616223.0	860815.0	198444.0	136439.0	1176058.0	466258.0	308545.0	143970.0	1087434.0	1446103.0	296837.0	987056.0	1296177.0	1101210.0	623297.0	354724.0	1767160.0	927852.0	291001.0	381212.0	1858912.0	397259.0	463850.0	250922.0	1188605.0	874579.0	279861.0	20774.0	744036.0	9626.0	409727.0	178907.0	478532.0	360272.0	156335.0	32390.0	255158.0	629467.0	93357.0	323093.0	963244.0	302419.0	447256.0
AAG	1021435.0	854605.0	1224502.0	465163.0	276655.0	1076304.0	533609.0	188302.0	198917.0	592110.0	132371.0	193547.0	329723.0	1410920.0	911695.0	515626.0	557437.0	530468.0	1054548.0	283171.0	246266.0	698238.0	902402.0	237645.0	169697.0	1366991.0	474076.0	319497.0	206174.0	1260818.0	1654403.0	384720.0	1328363.0	1541895.0	1363981.0	748606.0	548755.0	2091029.0	1388194.0	415144.0	444789.0	2090624.0	464950.0	423491.0	347189.0	1252678.0	1198928.0	399438.0	47945.0	622131.0	26865.0	350113.0	200703.0	499422.0	442937.0	167131.0	27993.0	189079.0	467918.0	70865.0	383123.0	866918.0	396130.0	424692.0
AAT	1260355.0	489844.0	465163.0	800900.0	381651.0	545324.0	276613.0	292418.0	270310.0	316053.0	86534.0	282313.0	494858.0	794863.0	649411.0	880412.0	633850.0	238459.0	459335.0	308783.0	331993.0	385261.0	455802.0	323056.0	142782.0	435898.0	141794.0	246567.0	219406.0	505940.0	646029.0	404091.0	1320628.0	599671.0	550749.0	856995.0	536119.0	974098.0	497165.0	465310.0	489793.0	782013.0	249296.0	509833.0	449675.0	587407.0	528568.0	478874.0	30671.0	352749.0	10289.0	531456.0	310302.0	282204.0	195820.0	260884.0	18587.0	121580.0	296105.0	116153.0	752469.0	516524.0	410336.0	711185.0
ACA	677941.0	218177.0	276655.0	381651.0	295820.0	260809.0	217942.0	189815.0	165538.0	167762.0	74249.0	153706.0	223746.0	278976.0	354396.0	412713.0	304903.0	105084.0	246083.0	148793.0	226931.0	186503.0	321581.0	176555.0	80160.0	189807.0	119325.0	118394.0	117367.0	203285.0	395702.0	225680.0	666634.0	261097.0	312332.0	462880.0	402465.0	359791.0	331905.0	270070.0	401273.0	377199.0	210625.0	340052.0	252970.0	208128.0	280779.0	261209.0	5657.0	144799.0	3005.0	236847.0	197129.0	150820.0	163627.0	156420.0	13699.0	53694.0	186393.0	55919.0	352225.0	215323.0	252520.0	365532.0
ACC	688157.0	1087255.0	1076304.0	545324.0	260809.0	1796826.0	806839.0	221072.0	134344.0	854772.0	171080.0	231575.0	195412.0	1950795.0	1115794.0	652508.0	418050.0	760037.0	1121085.0	335433.0	202183.0	806055.0	1110577.0	185207.0	178068.0	1751861.0	769774.0	397900.0	133631.0	1584986.0	2433828.0	316066.0	1189698.0	2219098.0	1767888.0	912794.0	551965.0	2923333.0	1821823.0	402685.0	573625.0	3144505.0	771152.0	671323.0	284809.0	2109067.0	1565176.0	407565.0	4683.0	953124.0	4534.0	528986.0	188960.0	758765.0	716925.0	181987.0	27317.0	400687.0	737762.0	125866.0	301446.0	1518987.0	499128.0	570296.0
ACG	395104.0	433446.0	533609.0	276613.0	217942.0	806839.0	694428.0	132960.0	88824.0	373606.0	97572.0	117878.0	138192.0	1006440.0	789894.0	422768.0	308167.0	385723.0	714963.0	221258.0	228676.0	606738.0	1107498.0	182204.0	121544.0	866575.0	461920.0	221849.0	124843.0	943648.0	1999819.0	281051.0	664994.0	832449.0	852771.0	516981.0	468689.0	1361954.0	1452875.0	286601.0	373192.0	1327504.0	466237.0	374613.0	265062.0	1071936.0	1373852.0	300582.0	4340.0	395521.0	3951.0	223163.0	128234.0	346955.0	463327.0	91301.0	10338.0	150085.0	377702.0	52713.0	210654.0	660087.0	372635.0	279983.0
ACT	428090.0	172516.0	188302.0	292418.0	189815.0	221072.0	132960.0	169694.0	100340.0	112732.0	36235.0	96563.0	182247.0	292793.0	271388.0	397941.0	282522.0	116786.0	225724.0	155395.0	166645.0	175285.0	214003.0	168889.0	63764.0	175608.0	76376.0	135076.0	97856.0	186770.0	302842.0	200199.0	513477.0	254735.0	238321.0	408695.0	304638.0	380109.0	273268.0	287526.0	257141.0	317993.0	126053.0	284306.0	222385.0	250227.0	251350.0	289914.0	5541.0	174477.0	2532.0	287752.0	189629.0	173581.0	142545.0	197633.0	7396.0	55245.0	152727.0	70040.0	358331.0	253815.0	246371.0	401464.0
AGA	499529.0	170213.0	198917.0	270310.0	165538.0	134344.0	88824.0	100340.0	189486.0	116926.0	66395.0	104203.0	210911.0	170566.0	216688.0	241581.0	190584.0	60292.0	116133.0	82339.0	101294.0	68378.0	81772.0	75134.0	55586.0	108541.0	54199.0	56605.0	78803.0	100770.0	136922.0	130097.0	448505.0	171651.0	195181.0	268464.0	223199.0	204765.0	126668.0	140087.0	218542.0	168610.0	91497.0	133167.0	161562.0	110792.0	118915.0	144377.0	15376.0	104063.0	7355.0	166184.0	108188.0	75424.0	53724.0	65253.0	12019.0	35386.0	93540.0	34836.0	243187.0	120796.0	130448.0	214767.0
AGC	484686.0	634393.0	592110.0	316053.0	167762.0	854772.0	373606.0	112732.0	116926.0	568384.0	121488.0	165272.0	146605.0	970486.0	696295.0	299968.0	337782.0	450557.0	707721.0	214054.0	144873.0	443816.0	572327.0	107939.0	126225.0	1045799.0	382838.0	226156.0	106357.0	733029.0	1218687.0	215513.0	781506.0	1176935.0	889508.0	492962.0	335165.0	1480639.0	900669.0	187285.0	346864.0	1676739.0	374873.0	369983.0	178756.0	974990.0	767214.0	191272.0	12860.0	581786.0	9385.0	310212.0	133263.0	386409.0	286776.0	94066.0	37520.0	186899.0	467509.0	64363.0	232197.0	788368.0	291455.0	346094.0
AGG	174577.0	135359.0	132371.0	86534.0	74249.0	171080.0	97572.0	36235.0	66395.0	121488.0	49488.0	36505.0	96981.0	227629.0	142067.0	99406.0	113542.0	89274.0	151521.0	60531.0	60614.0	127936.0	152139.0	39721.0	51256.0	244280.0	105765.0	49957.0	51201.0	214910.0	273149.0	103451.0	249357.0	240366.0	204178.0	145611.0	148858.0	350205.0	209856.0	79550.0	120062.0	285751.0	90887.0	59751.0	93668.0	193807.0	174278.0	83503.0	8425.0	87840.0	7538.0	69099.0	55222.0	87348.0	68252.0	33337.0	12313.0	41315.0	66009.0	16380.0	91619.0	154542.0	98116.0	95146.0
AGT	422355.0	205626.0	193547.0	282313.0	153706.0	231575.0	117878.0	96563.0	104203.0	165272.0	36505.0	121472.0	169217.0	308994.0	315650.0	325983.0	244816.0	118374.0	216550.0	131116.0	120096.0	128644.0	152271.0	93959.0	62045.0	212361.0	72814.0	103235.0	88678.0	194017.0	285368.0	149044.0	539556.0	316249.0	280953.0	389406.0	258868.0	436980.0	250970.0	199744.0	243364.0	399230.0	127126.0	251261.0	180623.0	273494.0	256281.0	198726.0	12305.0	172062.0	5517.0	237485.0	150577.0	158515.0	129489.0	120117.0	11409.0	70612.0	164051.0	57009.0	328791.0	263501.0	236597.0	360316.0
ATA	854659.0	215078.0	329723.0	494858.0	223746.0	195412.0	138192.0	182247.0	210911.0	146605.0	96981.0	169217.0	312438.0	187017.0	257921.0	349886.0	263224.0	76495.0	227209.0	140794.0	138754.0	111953.0	162348.0	153604.0	64277.0	127877.0	99327.0	86936.0	105906.0	133987.0	238547.0	221340.0	747838.0	248644.0	373630.0	543086.0	296695.0	291111.0	228399.0	263648.0	328230.0	263484.0	177663.0	271564.0	222670.0	139267.0	181671.0	249488.0	13096.0	131959.0	5501.0	283297.0	182224.0	141873.0	119170.0	182343.0	9720.0	56134.0	161114.0	72283.0	363955.0	178591.0	239043.0	424982.0
ATC	890864.0	1343895.0	1410920.0	794863.0	278976.0	1950795.0	1006440.0	292793.0	170566.0	970486.0	227629.0	308994.0	187017.0	2013484.0	1235615.0	734678.0	414948.0	751743.0	1419915.0	417702.0	193631.0	716377.0	1272348.0	224046.0	180125.0	1919013.0	1124431.0	469230.0	117864.0	1309807.0	2632208.0	374245.0	1451070.0	2646359.0	2477265.0	1172415.0	537488.0	3299753.0	2451849.0	531418.0	504294.0	3332860.0	911170.0	846869.0	267081.0	2131872.0	1955779.0	520054.0	10692.0	835083.0	6943.0	539892.0	193130.0	771886.0	860810.0	235593.0	25770.0	411171.0	749246.0	144880.0	299881.0	1306751.0	480593.0	613098.0
ATG	1009658.0	813651.0	911695.0	649411.0	354396.0	1115794.0	789894.0	271388.0	216688.0	696295.0	142067.0	315650.0	257921.0	1235615.0	1100584.0	686982.0	496083.0	474509.0	1065259.0	305274.0	272235.0	540671.0	1022623.0	256530.0	174780.0	1090013.0	724988.0	350982.0	166938.0	834965.0	1988626.0	381799.0	1205773.0	1205882.0	1228736.0	927885.0	660521.0	1749416.0	1817421.0	503723.0	543951.0	1709785.0	678267.0	537111.0	323148.0	991511.0	1406935.0	416310.0	13957.0	484549.0	7011.0	420612.0	245347.0	492563.0	640088.0	237909.0	11458.0	219862.0	511599.0	107304.0	386524.0	835573.0	554633.0	569488.0
ATT	1102025.0	451572.0	515626.0	880412.0	412713.0	652508.0	422768.0	397941.0	241581.0	299968.0	99406.0	325983.0	349886.0	734678.0	686982.0	1122494.0	678046.0	289631.0	648666.0	459488.0	353021.0	430938.0	596425.0	405785.0	182346.0	553162.0	259922.0	411748.0	197971.0	468607.0	871609.0	501177.0	1497697.0	650484.0	790838.0	1393976.0	677165.0	1230199.0	820404.0	732385.0	538351.0	871378.0	390713.0	780725.0	425695.0	632712.0	727195.0	704852.0	21558.0	351373.0	8152.0	670465.0	406496.0	444407.0	359516.0	445577.0	14073.0	146649.0	334618.0	180517.0	866898.0	532837.0	669721.0	956706.0
CAA	934877.0	423475.0	557437.0	633850.0	304903.0	418050.0	308167.0	282522.0	190584.0	337782.0	113542.0	244816.0	263224.0	414948.0	496083.0	678046.0	581452.0	188891.0	622478.0	277906.0	220224.0	225557.0	411156.0	215890.0	136874.0	388715.0	279979.0	254313.0	179073.0	308142.0	845756.0	318031.0	880288.0	381088.0	660089.0	602674.0	484366.0	565503.0	620402.0	435205.0	371629.0	459865.0	363015.0	393060.0	274336.0	233702.0	417634.0	357346.0	29037.0	299562.0	11606.0	513865.0	224661.0	213697.0	261891.0	239217.0	24269.0	109743.0	399309.0	82546.0	471115.0	297713.0	471383.0	468546.0
CAC	276510.0	511854.0	530468.0	238459.0	105084.0	760037.0	385723.0	116786.0	60292.0	450557.0	89274.0	118374.0	76495.0	751743.0	474509.0	289631.0	188891.0	547000.0	700499.0	249151.0	112575.0	406604.0	795682.0	127124.0	98031.0	887198.0	692658.0	243825.0	66718.0	519939.0	1468106.0	187828.0	502766.0	1072390.0	1061667.0	454655.0	224665.0	1211266.0	1014732.0	213438.0	239580.0	1302100.0	499613.0	351145.0	116828.0	679355.0	769000.0	202889.0	10695.0	477765.0	6667.0	277795.0	82116.0	273636.0	311030.0	93848.0	33047.0	229978.0	449880.0	72541.0	111529.0	640848.0	210404.0	246283.0
CAG	630396.0	872575.0	1054548.0	459335.0	246083.0	1121085.0	714963.0	225724.0	116133.0	707721.0	151521.0	216550.0	227209.0	1419915.0	1065259.0	648666.0	622478.0	700499.0	1853704.0	439394.0	255751.0	631651.0	1371853.0	257457.0	205983.0	1589448.0	1033750.0	552014.0	185168.0	1086317.0	1749906.0	520456.0	1250244.0	1513243.0	1980022.0	898164.0	688427.0	2245327.0	2360988.0	562297.0	475061.0	1833862.0	898262.0	561292.0	343364.0	1137406.0	1739549.0	486314.0	23395.0	737597.0	15718.0	502810.0	178798.0	467671.0	616700.0	183219.0	21983.0	267124.0	793732.0	103871.0	294344.0	1052416.0	733349.0	503032.0
CAT	387404.0	251183.0	283171.0	308783.0	148793.0	335433.0	221258.0	155395.0	82339.0	214054.0	60531.0	131116.0	140794.0	417702.0	305274.0	459488.0	277906.0	249151.0	439394.0	276272.0	154870.0	294522.0	468906.0	192340.0	85557.0	413079.0	222242.0	214536.0	90256.0	270551.0	700066.0	250553.0	536376.0	434227.0	514229.0	458972.0	244303.0	637718.0	529009.0	265994.0	231060.0	530036.0	269632.0	303484.0	162907.0	336867.0	474653.0	267765.0	14955.0	228928.0	4873.0	308241.0	123346.0	186963.0	191020.0	144500.0	13979.0	132186.0	232574.0	86469.0	263841.0	369618.0	281291.0	394868.0
CCA	387830.0	211260.0	246266.0	331993.0	226931.0	202183.0	228676.0	166645.0	101294.0	144873.0	60614.0	120096.0	138754.0	193631.0	272235.0	353021.0	220224.0	112575.0	255751.0	154870.0	146864.0	128566.0	273132.0	104638.0	69434.0	180173.0	132374.0	124299.0	90537.0	115730.0	346098.0	176498.0	427068.0	231853.0	312225.0	379559.0	262007.0	232690.0	298632.0	194186.0	175836.0	217841.0	162497.0	180935.0	154927.0	114558.0	230797.0	211050.0	7703.0	113027.0	4217.0	204377.0	148121.0	110347.0	164326.0	130638.0	28599.0	54151.0	140846.0	48179.0	231345.0	177897.0	246563.0	264037.0
CCC	356333.0	616223.0	698238.0	385261.0	186503.0	806055.0	606738.0	175285.0	68378.0	443816.0	127936.0	128644.0	111953.0	716377.0	540671.0	430938.0	225557.0	406604.0	631651.0	294522.0	128566.0	176578.0	659655.0	132725.0	106767.0	698412.0	602059.0	253951.0	91350.0	422395.0	1428980.0	264286.0	709756.0	1479363.0	1343169.0	786161.0	385281.0	1448403.0	1285936.0	342557.0	286325.0	1640021.0	480816.0	434479.0	171088.0	729489.0	923469.0	319736.0	5556.0	448351.0	6903.0	374821.0	129838.0	359154.0	483146.0	143012.0	38572.0	209644.0	436086.0	76493.0	139739.0	648553.0	318164.0	322206.0
CCG	461829.0	860815.0	902402.0	455802.0	321581.0	1110577.0	1107498.0	214003.0	81772.0	572327.0	152139.0	152271.0	162348.0	1272348.0	1022623.0	596425.0	411156.0	795682.0	1371853.0	468906.0	273132.0	659655.0	1663608.0	208200.0	180807.0	1277090.0	828816.0	430197.0	153343.0	897547.0	3085338.0	375618.0	1005354.0	1911768.0	1702178.0	1072583.0	672193.0	1844004.0	2249503.0	454480.0	429544.0	1608772.0	862772.0	491063.0	357973.0	1207302.0	2185483.0	472413.0	11148.0	582514.0	12617.0	396432.0	200544.0	485206.0	791640.0	149910.0	29126.0	260622.0	585967.0	86928.0	189538.0	1020270.0	583822.0	394166.0
CCT	354782.0	198444.0	237645.0	323056.0	176555.0	185207.0	182204.0	168889.0	75134.0	107939.0	39721.0	93959.0	153604.0	224046.0	256530.0	405785.0	215890.0	127124.0	257457.0	192340.0	104638.0	132725.0	208200.0	124312.0	60237.0	164038.0	111035.0	138312.0	88894.0	130497.0	327509.0	226094.0	513098.0	322542.0	374832.0	482221.0	273031.0	385726.0	365083.0	288751.0	166420.0	262468.0	145187.0	207911.0	197436.0	200236.0	296904.0	328713.0	8002.0	179938.0	4079.0	317997.0	154374.0	173301.0	184780.0	187290.0	11117.0	70810.0	150858.0	70763.0	264863.0	232431.0	272450.0	333307.0
CGA	224314.0	136439.0	169697.0	142782.0	80160.0	178068.0	121544.0	63764.0	55586.0	126225.0	51256.0	62045.0	64277.0	180125.0	174780.0	182346.0	136874.0	98031.0	205983.0	85557.0	69434.0	106767.0	180807.0	60237.0	78614.0	237097.0	173539.0	98147.0	51984.0	140635.0	334513.0	98782.0	256096.0	183777.0	260866.0	189349.0	137184.0	262310.0	251871.0	102597.0	130171.0	217380.0	143241.0	111936.0	79478.0	124500.0	187868.0	104684.0	11598.0	112326.0	8797.0	129122.0	60434.0	99502.0	117905.0	50463.0	41624.0	55096.0	140811.0	27691.0	108399.0	142320.0	168073.0	132193.0
CGC	542123.0	1176058.0	1366991.0	435898.0	189807.0	1751861.0	866575.0	175608.0	108541.0	1045799.0	244280.0	212361.0	127877.0	1919013.0	1090013.0	553162.0	388715.0	887198.0	1589448.0	413079.0	180173.0	698412.0	1277090.0	164038.0	237097.0	2203330.0	1270786.0	498176.0	133439.0	838716.0	3337139.0	314229.0	1176182.0	2317558.0	2447219.0	883765.0	492075.0	3016052.0	2137070.0	370229.0	433330.0	2532440.0	881093.0	531657.0	270402.0	1354057.0	1821649.0	336750.0	18334.0	1167723.0	18536.0	592298.0	169346.0	660888.0	785021.0	137311.0	90687.0	440916.0	1047485.0	102908.0	183217.0	1408963.0	547063.0	473219.0
CGG	239627.0	466258.0	474076.0	141794.0	119325.0	769774.0	461920.0	76376.0	54199.0	382838.0	105765.0	72814.0	99327.0	1124431.0	724988.0	259922.0	279979.0	692658.0	1033750.0	222242.0	132374.0	602059.0	828816.0	111035.0	173539.0	1270786.0	950326.0	250815.0	99430.0	939507.0	2394439.0	228979.0	686927.0	1400642.0	1497409.0	399456.0	354924.0	1803816.0	1586760.0	211002.0	289112.0	1228590.0	578947.0	219699.0	246198.0	1027933.0	1509194.0	213275.0	11407.0	563883.0	15938.0	190211.0	90096.0	370499.0	394465.0	56413.0	36350.0	207112.0	463576.0	43886.0	104348.0	763490.0	435166.0	194222.0
CGT	369234.0	308545.0	319497.0	246567.0	118394.0	397900.0	221849.0	135076.0	56605.0	226156.0	49957.0	103235.0	86936.0	469230.0	350982.0	411748.0	254313.0	243825.0	552014.0	214536.0	124299.0	253951.0	430197.0	138312.0	98147.0	498176.0	250815.0	301582.0	83401.0	240931.0	796043.0	213332.0	591152.0	568567.0	652027.0	434863.0	260064.0	716490.0	568313.0	258619.0	204812.0	569848.0	253720.0	323233.0	164625.0	316962.0	453704.0	252705.0	15888.0	304751.0	7796.0	330613.0	135413.0	248153.0	260226.0	142105.0	16747.0	120552.0	252946.0	65850.0	236587.0	449196.0	343544.0	349110.0
CTA	370112.0	143970.0	206174.0	219406.0	117367.0	133631.0	124843.0	97856.0	78803.0	106357.0	51201.0	88678.0	105906.0	117864.0	166938.0	197971.0	179073.0	66718.0	185168.0	90256.0	90537.0	91350.0	153343.0	88894.0	51984.0	133439.0	99430.0	83401.0	73874.0	95869.0	209210.0	118962.0	310256.0	132338.0	231132.0	222781.0	165447.0	167598.0	197701.0	142395.0	134852.0	136365.0	126689.0	135521.0	96087.0	73271.0	133723.0	115597.0	9418.0	90357.0	3957.0	157529.0	105482.0	91051.0	113851.0	110790.0	10743.0	43050.0	140693.0	38153.0	192688.0	121833.0	186723.0	222424.0
CTC	541691.0	1087434.0	1260818.0	505940.0	203285.0	1584986.0	943648.0	186770.0	100770.0	733029.0	214910.0	194017.0	133987.0	1309807.0	834965.0	468607.0	308142.0	519939.0	1086317.0	270551.0	115730.0	422395.0	897547.0	130497.0	140635.0	838716.0	939507.0	240931.0	95869.0	777148.0	2081713.0	260052.0	1158882.0	2589114.0	1246352.0	1049877.0	456782.0	2801547.0	2498169.0	367184.0	392934.0	2627624.0	946558.0	591292.0	204826.0	1462410.0	1614251.0	324541.0	9075.0	859270.0	9070.0	510514.0	157729.0	672656.0	755647.0	176442.0	29609.0	293717.0	625587.0	92635.0	161832.0	1034857.0	399524.0	407757.0
CTG	914108.0	1446103.0	1654403.0	646029.0	395702.0	2433828.0	1999819.0	302842.0	136922.0	1218687.0	273149.0	285368.0	238547.0	2632208.0	1988626.0	871609.0	845756.0	1468106.0	1749906.0	700066.0	346098.0	1428980.0	3085338.0	327509.0	334513.0	3337139.0	2394439.0	796043.0	209210.0	2081713.0	6085238.0	564941.0	2060528.0	2999546.0	3221577.0	1534776.0	1052052.0	4369680.0	5166499.0	716111.0	663133.0	3257544.0	1697756.0	894406.0	489005.0	2204161.0	4135082.0	616858.0	20364.0	1131853.0	14592.0	710795.0	278495.0	1011809.0	1694594.0	237275.0	25077.0	622778.0	1338302.0	169034.0	293133.0	2096309.0	1052095.0	717352.0
CTT	530720.0	296837.0	384720.0	404091.0	225680.0	316066.0	281051.0	200199.0	130097.0	215513.0	103451.0	149044.0	221340.0	374245.0	381799.0	501177.0	318031.0	187828.0	520456.0	250553.0	176498.0	264286.0	375618.0	226094.0	98782.0	314229.0	228979.0	213332.0	118962.0	260052.0	564941.0	324140.0	805515.0	453901.0	700125.0	703653.0	431914.0	749919.0	633385.0	419388.0	350549.0	570375.0	352945.0	403952.0	243334.0	308314.0	429560.0	373041.0	15097.0	279309.0	7067.0	443243.0	257450.0	338223.0	315201.0	299061.0	11321.0	129638.0	262753.0	102249.0	383409.0	345093.0	409087.0	458492.0
GAA	2290379.0	987056.0	1328363.0	1320628.0	666634.0	1189698.0	664994.0	513477.0	448505.0	781506.0	249357.0	539556.0	747838.0	1451070.0	1205773.0	1497697.0	880288.0	502766.0	1250244.0	536376.0	427068.0	709756.0	1005354.0	513098.0	256096.0	1176182.0	686927.0	591152.0	310256.0	1158882.0	2060528.0	805515.0	2461030.0	1341036.0	1596413.0	1721734.0	1045370.0	2081705.0	1451168.0	979917.0	766398.0	1663749.0	677133.0	970931.0	690992.0	1011197.0	1231111.0	898805.0	54324.0	685672.0	24222.0	930262.0	406235.0	519177.0	487588.0	426721.0	34056.0	256426.0	662290.0	202649.0	894876.0	752652.0	750149.0	1173579.0
GAC	821228.0	1296177.0	1541895.0	599671.0	261097.0	2219098.0	832449.0	254735.0	171651.0	1176935.0	240366.0	316249.0	248644.0	2646359.0	1205882.0	650484.0	381088.0	1072390.0	1513243.0	434227.0	231853.0	1479363.0	1911768.0	322542.0	183777.0	2317558.0	1400642.0	568567.0	132338.0	2589114.0	2999546.0	453901.0	1341036.0	2999914.0	2619764.0	1048146.0	517732.0	4273014.0	2291051.0	530247.0	513384.0	3694953.0	948225.0	907968.0	281651.0	2374376.0	1927651.0	424491.0	16340.0	1327658.0	12399.0	630599.0	172869.0	859870.0	612562.0	205358.0	59976.0	474468.0	1060418.0	135882.0	274439.0	1895081.0	384707.0	636257.0
GAG	1035918.0	1101210.0	1363981.0	550749.0	312332.0	1767888.0	852771.0	238321.0	195181.0	889508.0	204178.0	280953.0	373630.0	2477265.0	1228736.0	790838.0	660089.0	1061667.0	1980022.0	514229.0	312225.0	1343169.0	1702178.0	374832.0	260866.0	2447219.0	1497409.0	652027.0	231132.0	1246352.0	3221577.0	700125.0	1596413.0	2619764.0	2401890.0	1095937.0	685298.0	4024102.0	2562737.0	618667.0	490389.0	2714428.0	832775.0	711859.0	367738.0	2319085.0	1982373.0	551475.0	31941.0	982885.0	24252.0	510888.0	203310.0	746592.0	640780.0	219157.0	35109.0	361468.0	741684.0	126861.0	384740.0	1566680.0	647422.0	695784.0
GAT	1372293.0	623297.0	748606.0	856995.0	462880.0	912794.0	516981.0	408695.0	268464.0	492962.0	145611.0	389406.0	543086.0	1172415.0	927885.0	1393976.0	602674.0	454655.0	898164.0	458972.0	379559.0	786161.0	1072583.0	482221.0	189349.0	883765.0	399456.0	434863.0	222781.0	1049877.0	1534776.0	703653.0	1721734.0	1048146.0	1095937.0	1291524.0	765345.0	1910904.0	1197569.0	807031.0	571915.0	1348599.0	451843.0	808714.0	556401.0	1106006.0	1128505.0	824244.0	28402.0	594940.0	11651.0	838823.0	342528.0	474694.0	396728.0	385336.0	26538.0	233361.0	498717.0	185981.0	866394.0	942757.0	683551.0	1230989.0
GCA	940306.0	354724.0	548755.0	536119.0	402465.0	551965.0	468689.0	304638.0	223199.0	335165.0	148858.0	258868.0	296695.0	537488.0	660521.0	677165.0	484366.0	224665.0	688427.0	244303.0	262007.0	385281.0	672193.0	273031.0	137184.0	492075.0	354924.0	260064.0	165447.0	456782.0	1052052.0	431914.0	1045370.0	517732.0	685298.0	765345.0	713104.0	1004451.0	954098.0	546131.0	480843.0	836785.0	407160.0	576143.0	332584.0	399216.0	575932.0	438436.0	21199.0	221850.0	10087.0	354550.0	256778.0	294379.0	392276.0	248132.0	55905.0	112876.0	345624.0	104292.0	470177.0	363678.0	544074.0	580755.0
GCC	987828.0	1767160.0	2091029.0	974098.0	359791.0	2923333.0	1361954.0	380109.0	204765.0	1480639.0	350205.0	436980.0	291111.0	3299753.0	1749416.0	1230199.0	565503.0	1211266.0	2245327.0	637718.0	232690.0	1448403.0	1844004.0	385726.0	262310.0	3016052.0	1803816.0	716490.0	167598.0	2801547.0	4369680.0	749919.0	2081705.0	4273014.0	4024102.0	1910904.0	1004451.0	6519808.0	4125819.0	1005430.0	851887.0	4107776.0	1672156.0	1366327.0	403932.0	3244065.0	2667978.0	757534.0	14924.0	1485254.0	16290.0	965204.0	245005.0	1162748.0	1264929.0	312281.0	123452.0	783760.0	1194649.0	252458.0	323220.0	2313864.0	755021.0	1049068.0
GCG	723561.0	927852.0	1388194.0	497165.0	331905.0	1821823.0	1452875.0	273268.0	126668.0	900669.0	209856.0	250970.0	228399.0	2451849.0	1817421.0	820404.0	620402.0	1014732.0	2360988.0	529009.0	298632.0	1285936.0	2249503.0	365083.0	251871.0	2137070.0	1586760.0	568313.0	197701.0	2498169.0	5166499.0	633385.0	1451168.0	2291051.0	2562737.0	1197569.0	954098.0	4125819.0	4409150.0	784583.0	558214.0	3163160.0	1139180.0	882366.0	411559.0	2313927.0	3082942.0	575694.0	22223.0	823087.0	18078.0	452929.0	188895.0	725144.0	1106984.0	195761.0	45031.0	392544.0	809960.0	126612.0	288758.0	1507235.0	839298.0	572212.0
GCT	674126.0	291001.0	415144.0	465310.0	270070.0	402685.0	286601.0	287526.0	140087.0	187285.0	79550.0	199744.0	263648.0	531418.0	503723.0	732385.0	435205.0	213438.0	562297.0	265994.0	194186.0	342557.0	454480.0	288751.0	102597.0	370229.0	211002.0	258619.0	142395.0	367184.0	716111.0	419388.0	979917.0	530247.0	618667.0	807031.0	546131.0	1005430.0	784583.0	675346.0	348835.0	637198.0	279587.0	543966.0	326302.0	460808.0	528512.0	561403.0	21230.0	293754.0	8806.0	497974.0	258068.0	329317.0	347341.0	333268.0	21726.0	122588.0	256905.0	134996.0	503182.0	406650.0	507778.0	694905.0
GGA	791904.0	381212.0	444789.0	489793.0	401273.0	573625.0	373192.0	257141.0	218542.0	346864.0	120062.0	243364.0	328230.0	504294.0	543951.0	538351.0	371629.0	239580.0	475061.0	231060.0	175836.0	286325.0	429544.0	166420.0	130171.0	433330.0	289112.0	204812.0	134852.0	392934.0	663133.0	350549.0	766398.0	513384.0	490389.0	571915.0	480843.0	851887.0	558214.0	348835.0	364974.0	632386.0	248494.0	365927.0	269924.0	351370.0	381905.0	307670.0	18395.0	306675.0	10959.0	395794.0	216371.0	250495.0	294347.0	172020.0	24785.0	149527.0	312981.0	109852.0	418215.0	403994.0	383576.0	526433.0
GGC	940075.0	1858912.0	2090624.0	782013.0	377199.0	3144505.0	1327504.0	317993.0	168610.0	1676739.0	285751.0	399230.0	263484.0	3332860.0	1709785.0	871378.0	459865.0	1302100.0	1833862.0	530036.0	217841.0	1640021.0	1608772.0	262468.0	217380.0	2532440.0	1228590.0	569848.0	136365.0	2627624.0	3257544.0	570375.0	1663749.0	3694953.0	2714428.0	1348599.0	836785.0	4107776.0	3163160.0	637198.0	632386.0	5024826.0	1054252.0	1173415.0	373232.0	2910601.0	2185524.0	568742.0	16386.0	1652802.0	16520.0	828158.0	261319.0	1370112.0	1124341.0	252760.0	103813.0	750115.0	1316091.0	208572.0	306909.0	2350541.0	552501.0	849872.0
GGG	483141.0	397259.0	464950.0	249296.0	210625.0	771152.0	466237.0	126053.0	91497.0	374873.0	90887.0	127126.0	177663.0	911170.0	678267.0	390713.0	363015.0	499613.0	898262.0	269632.0	162497.0	480816.0	862772.0	145187.0	143241.0	881093.0	578947.0	253720.0	126689.0	946558.0	1697756.0	352945.0	677133.0	948225.0	832775.0	451843.0	407160.0	1672156.0	1139180.0	279587.0	248494.0	1054252.0	207320.0	272240.0	220863.0	807946.0	955354.0	267968.0	11749.0	410820.0	12570.0	249579.0	123990.0	394280.0	369211.0	94788.0	27674.0	196267.0	292317.0	71653.0	228616.0	692926.0	389959.0	316745.0
GGT	763683.0	463850.0	423491.0	509833.0	340052.0	671323.0	374613.0	284306.0	133167.0	369983.0	59751.0	251261.0	271564.0	846869.0	537111.0	780725.0	393060.0	351145.0	561292.0	303484.0	180935.0	434479.0	491063.0	207911.0	111936.0	531657.0	219699.0	323233.0	135521.0	591292.0	894406.0	403952.0	970931.0	907968.0	711859.0	808714.0	576143.0	1366327.0	882366.0	543966.0	365927.0	1173415.0	272240.0	747584.0	342762.0	766148.0	705332.0	537861.0	15538.0	434938.0	8436.0	527969.0	293776.0	487480.0	432388.0	308010.0	19445.0	201725.0	315566.0	156088.0	466257.0	684571.0	439176.0	769851.0
GTA	745038.0	250922.0	347189.0	449675.0	252970.0	284809.0	265062.0	222385.0	161562.0	178756.0	93668.0	180623.0	222670.0	267081.0	323148.0	425695.0	274336.0	116828.0	343364.0	162907.0	154927.0	171088.0	357973.0	197436.0	79478.0	270402.0	246198.0	164625.0	96087.0	204826.0	489005.0	243334.0	690992.0	281651.0	367738.0	556401.0	332584.0	403932.0	411559.0	326302.0	269924.0	373232.0	220863.0	342762.0	230088.0	197955.0	298598.0	293509.0	11451.0	133229.0	5226.0	308523.0	174708.0	176972.0	228454.0	210797.0	12757.0	75691.0	211821.0	83158.0	348116.0	249438.0	338528.0	480310.0
GTC	555538.0	1188605.0	1252678.0	587407.0	208128.0	2109067.0	1071936.0	250227.0	110792.0	974990.0	193807.0	273494.0	139267.0	2131872.0	991511.0	632712.0	233702.0	679355.0	1137406.0	336867.0	114558.0	729489.0	1207302.0	200236.0	124500.0	1354057.0	1027933.0	316962.0	73271.0	1462410.0	2204161.0	308314.0	1011197.0	2374376.0	2319085.0	1106006.0	399216.0	3244065.0	2313927.0	460808.0	351370.0	2910601.0	807946.0	766148.0	197955.0	2350506.0	1733682.0	414999.0	7459.0	886119.0	7861.0	536818.0	126966.0	757651.0	822485.0	185900.0	39878.0	409393.0	656031.0	126072.0	176989.0	1412983.0	327105.0	519765.0
GTG	702742.0	874579.0	1198928.0	528568.0	280779.0	1565176.0	1373852.0	251350.0	118915.0	767214.0	174278.0	256281.0	181671.0	1955779.0	1406935.0	727195.0	417634.0	769000.0	1739549.0	474653.0	230797.0	923469.0	2185483.0	296904.0	187868.0	1821649.0	1509194.0	453704.0	133723.0	1614251.0	4135082.0	429560.0	1231111.0	1927651.0	1982373.0	1128505.0	575932.0	2667978.0	3082942.0	528512.0	381905.0	2185524.0	955354.0	705332.0	298598.0	1733682.0	2905912.0	486164.0	10648.0	609071.0	8419.0	468254.0	152863.0	558374.0	1056238.0	179584.0	17963.0	356605.0	706174.0	127965.0	249243.0	1299709.0	636677.0	564278.0
GTT	644038.0	279861.0	399438.0	478874.0	261209.0	407565.0	300582.0	289914.0	144377.0	191272.0	83503.0	198726.0	249488.0	520054.0	416310.0	704852.0	357346.0	202889.0	486314.0	267765.0	211050.0	319736.0	472413.0	328713.0	104684.0	336750.0	213275.0	252705.0	115597.0	324541.0	616858.0	373041.0	898805.0	424491.0	551475.0	824244.0	438436.0	757534.0	575694.0	561403.0	307670.0	568742.0	267968.0	537861.0	293509.0	414999.0	486164.0	557414.0	16177.0	251480.0	7273.0	470172.0	260350.0	326305.0	304139.0	352295.0	13983.0	108640.0	228576.0	122987.0	486789.0	351974.0	400294.0	630375.0
TAA	96351.0	20774.0	47945.0	30671.0	5657.0	4683.0	4340.0	5541.0	15376.0	12860.0	8425.0	12305.0	13096.0	10692.0	13957.0	21558.0	29037.0	10695.0	23395.0	14955.0	7703.0	5556.0	11148.0	8002.0	11598.0	18334.0	11407.0	15888.0	9418.0	9075.0	20364.0	15097.0	54324.0	16340.0	31941.0	28402.0	21199.0	14924.0	22223.0	21230.0	18395.0	16386.0	11749.0	15538.0	11451.0	7459.0	10648.0	16177.0	170.0	8548.0	81.0	16110.0	11671.0	6471.0	8352.0	11404.0	431.0	3937.0	13343.0	4333.0	19091.0	17581.0	11697.0	28122.0
TAC	525524.0	744036.0	622131.0	352749.0	144799.0	953124.0	395521.0	174477.0	104063.0	581786.0	87840.0	172062.0	131959.0	835083.0	484549.0	351373.0	299562.0	477765.0	737597.0	228928.0	113027.0	448351.0	582514.0	179938.0	112326.0	1167723.0	563883.0	304751.0	90357.0	859270.0	1131853.0	279309.0	685672.0	1327658.0	982885.0	594940.0	221850.0	1485254.0	823087.0	293754.0	306675.0	1652802.0	410820.0	434938.0	133229.0	886119.0	609071.0	251480.0	8548.0	619828.0	4228.0	348009.0	102966.0	407322.0	308256.0	138591.0	18094.0	229448.0	466269.0	73826.0	165644.0	777757.0	178925.0	345282.0
TAG	33174.0	9626.0	26865.0	10289.0	3005.0	4534.0	3951.0	2532.0	7355.0	9385.0	7538.0	5517.0	5501.0	6943.0	7011.0	8152.0	11606.0	6667.0	15718.0	4873.0	4217.0	6903.0	12617.0	4079.0	8797.0	18536.0	15938.0	7796.0	3957.0	9070.0	14592.0	7067.0	24222.0	12399.0	24252.0	11651.0	10087.0	16290.0	18078.0	8806.0	10959.0	16520.0	12570.0	8436.0	5226.0	7861.0	8419.0	7273.0	81.0	4228.0	60.0	4902.0	4959.0	6467.0	7776.0	4056.0	186.0	2452.0	8202.0	2139.0	6513.0	10367.0	6630.0	10768.0
TAT	813058.0	409727.0	350113.0	531456.0	236847.0	528986.0	223163.0	287752.0	166184.0	310212.0	69099.0	237485.0	283297.0	539892.0	420612.0	670465.0	513865.0	277795.0	502810.0	308241.0	204377.0	374821.0	396432.0	317997.0	129122.0	592298.0	190211.0	330613.0	157529.0	510514.0	710795.0	443243.0	930262.0	630599.0	510888.0	838823.0	354550.0	965204.0	452929.0	497974.0	395794.0	828158.0	249579.0	527969.0	308523.0	536818.0	468254.0	470172.0	16110.0	348009.0	4902.0	514926.0	209113.0	311985.0	215392.0	276343.0	12972.0	142448.0	284928.0	116229.0	485488.0	525024.0	343126.0	701088.0
TCA	499772.0	178907.0	200703.0	310302.0	197129.0	188960.0	128234.0	189629.0	108188.0	133263.0	55222.0	150577.0	182224.0	193130.0	245347.0	406496.0	224661.0	82116.0	178798.0	123346.0	148121.0	129838.0	200544.0	154374.0	60434.0	169346.0	90096.0	135413.0	105482.0	157729.0	278495.0	257450.0	406235.0	172869.0	203310.0	342528.0	256778.0	245005.0	188895.0	258068.0	216371.0	261319.0	123990.0	293776.0	174708.0	126966.0	152863.0	260350.0	11671.0	102966.0	4959.0	209113.0	167812.0	121820.0	123401.0	174902.0	31092.0	51966.0	149203.0	57768.0	291925.0	181859.0	196828.0	370527.0
TCC	367944.0	478532.0	499422.0	282204.0	150820.0	758765.0	346955.0	173581.0	75424.0	386409.0	87348.0	158515.0	141873.0	771886.0	492563.0	444407.0	213697.0	273636.0	467671.0	186963.0	110347.0	359154.0	485206.0	173301.0	99502.0	660888.0	370499.0	248153.0	91051.0	672656.0	1011809.0	338223.0	519177.0	859870.0	746592.0	474694.0	294379.0	1162748.0	725144.0	329317.0	250495.0	1370112.0	394280.0	487480.0	176972.0	757651.0	558374.0	326305.0	6471.0	407322.0	6467.0	311985.0	121820.0	398994.0	354147.0	168854.0	39799.0	204045.0	368439.0	85215.0	167909.0	688783.0	232587.0	376691.0
TCG	301608.0	360272.0	442937.0	195820.0	163627.0	716925.0	463327.0	142545.0	53724.0	286776.0	68252.0	129489.0	119170.0	860810.0	640088.0	359516.0	261891.0	311030.0	616700.0	191020.0	164326.0	483146.0	791640.0	184780.0	117905.0	785021.0	394465.0	260226.0	113851.0	755647.0	1694594.0	315201.0	487588.0	612562.0	640780.0	396728.0	392276.0	1264929.0	1106984.0	347341.0	294347.0	1124341.0	369211.0	432388.0	228454.0	822485.0	1056238.0	304139.0	8352.0	308256.0	7776.0	215392.0	123401.0	354147.0	442612.0	122573.0	20755.0	160947.0	373123.0	63371.0	153907.0	625604.0	322039.0	280421.0
TCT	383967.0	156335.0	167131.0	260884.0	156420.0	181987.0	91301.0	197633.0	65253.0	94066.0	33337.0	120117.0	182343.0	235593.0	237909.0	445577.0	239217.0	93848.0	183219.0	144500.0	130638.0	143012.0	149910.0	187290.0	50463.0	137311.0	56413.0	142105.0	110790.0	176442.0	237275.0	299061.0	426721.0	205358.0	219157.0	385336.0	248132.0	312281.0	195761.0	333268.0	172020.0	252760.0	94788.0	308010.0	210797.0	185900.0	179584.0	352295.0	11404.0	138591.0	4056.0	276343.0	174902.0	168854.0	122573.0	248188.0	10133.0	54805.0	123825.0	72710.0	340676.0	224473.0	228094.0	422744.0
TGA	39801.0	32390.0	27993.0	18587.0	13699.0	27317.0	10338.0	7396.0	12019.0	37520.0	12313.0	11409.0	9720.0	25770.0	11458.0	14073.0	24269.0	33047.0	21983.0	13979.0	28599.0	38572.0	29126.0	11117.0	41624.0	90687.0	36350.0	16747.0	10743.0	29609.0	25077.0	11321.0	34056.0	59976.0	35109.0	26538.0	55905.0	123452.0	45031.0	21726.0	24785.0	103813.0	27674.0	19445.0	12757.0	39878.0	17963.0	13983.0	431.0	18094.0	186.0	12972.0	31092.0	39799.0	20755.0	10133.0	1750.0	14985.0	16150.0	4637.0	13947.0	35194.0	8837.0	15263.0
TGC	149227.0	255158.0	189079.0	121580.0	53694.0	400687.0	150085.0	55245.0	35386.0	186899.0	41315.0	70612.0	56134.0	411171.0	219862.0	146649.0	109743.0	229978.0	267124.0	132186.0	54151.0	209644.0	260622.0	70810.0	55096.0	440916.0	207112.0	120552.0	43050.0	293717.0	622778.0	129638.0	256426.0	474468.0	361468.0	233361.0	112876.0	783760.0	392544.0	122588.0	149527.0	750115.0	196267.0	201725.0	75691.0	409393.0	356605.0	108640.0	3937.0	229448.0	2452.0	142448.0	51966.0	204045.0	160947.0	54805.0	14985.0	149962.0	207160.0	48008.0	69211.0	337037.0	103820.0	149527.0
TGG	469278.0	629467.0	467918.0	296105.0	186393.0	737762.0	377702.0	152727.0	93540.0	467509.0	66009.0	164051.0	161114.0	749246.0	511599.0	334618.0	399309.0	449880.0	793732.0	232574.0	140846.0	436086.0	585967.0	150858.0	140811.0	1047485.0	463576.0	252946.0	140693.0	625587.0	1338302.0	262753.0	662290.0	1060418.0	741684.0	498717.0	345624.0	1194649.0	809960.0	256905.0	312981.0	1316091.0	292317.0	315566.0	211821.0	656031.0	706174.0	228576.0	13343.0	466269.0	8202.0	284928.0	149203.0	368439.0	373123.0	123825.0	16150.0	207160.0	505922.0	69892.0	220751.0	721400.0	306915.0	329622.0
TGT	147479.0	93357.0	70865.0	116153.0	55919.0	125866.0	52713.0	70040.0	34836.0	64363.0	16380.0	57009.0	72283.0	144880.0	107304.0	180517.0	82546.0	72541.0	103871.0	86469.0	48179.0	76493.0	86928.0	70763.0	27691.0	102908.0	43886.0	65850.0	38153.0	92635.0	169034.0	102249.0	202649.0	135882.0	126861.0	185981.0	104292.0	252458.0	126612.0	134996.0	109852.0	208572.0	71653.0	156088.0	83158.0	126072.0	127965.0	122987.0	4333.0	73826.0	2139.0	116229.0	57768.0	85215.0	63371.0	72710.0	4637.0	48008.0	69892.0	41408.0	117499.0	124763.0	96408.0	170149.0
TTA	1025706.0	323093.0	383123.0	752469.0	352225.0	301446.0	210654.0	358331.0	243187.0	232197.0	91619.0	328791.0	363955.0	299881.0	386524.0	866898.0	471115.0	111529.0	294344.0	263841.0	231345.0	139739.0	189538.0	264863.0	108399.0	183217.0	104348.0	236587.0	192688.0	161832.0	293133.0	383409.0	894876.0	274439.0	384740.0	866394.0	470177.0	323220.0	288758.0	503182.0	418215.0	306909.0	228616.0	466257.0	348116.0	176989.0	249243.0	486789.0	19091.0	165644.0	6513.0	485488.0	291925.0	167909.0	153907.0	340676.0	13947.0	69211.0	220751.0	117499.0	648978.0	259905.0	355540.0	759588.0
TTC	547211.0	963244.0	866918.0	516524.0	215323.0	1518987.0	660087.0	253815.0	120796.0	788368.0	154542.0	263501.0	178591.0	1306751.0	835573.0	532837.0	297713.0	640848.0	1052416.0	369618.0	177897.0	648553.0	1020270.0	232431.0	142320.0	1408963.0	763490.0	449196.0	121833.0	1034857.0	2096309.0	345093.0	752652.0	1895081.0	1566680.0	942757.0	363678.0	2313864.0	1507235.0	406650.0	403994.0	2350541.0	692926.0	684571.0	249438.0	1412983.0	1299709.0	351974.0	17581.0	777757.0	10367.0	525024.0	181859.0	688783.0	625604.0	224473.0	35194.0	337037.0	721400.0	124763.0	259905.0	1328668.0	359447.0	576814.0
TTG	554607.0	302419.0	396130.0	410336.0	252520.0	499128.0	372635.0	246371.0	130448.0	291455.0	98116.0	236597.0	239043.0	480593.0	554633.0	669721.0	471383.0	210404.0	733349.0	281291.0	246563.0	318164.0	583822.0	272450.0	168073.0	547063.0	435166.0	343544.0	186723.0	399524.0	1052095.0	409087.0	750149.0	384707.0	647422.0	683551.0	544074.0	755021.0	839298.0	507778.0	383576.0	552501.0	389959.0	439176.0	338528.0	327105.0	636677.0	400294.0	11697.0	178925.0	6630.0	343126.0	196828.0	232587.0	322039.0	228094.0	8837.0	103820.0	306915.0	96408.0	355540.0	359447.0	455582.0	522533.0
TTT	846683.0	447256.0	424692.0	711185.0	365532.0	570296.0	279983.0	401464.0	214767.0	346094.0	95146.0	360316.0	424982.0	613098.0	569488.0	956706.0	468546.0	246283.0	503032.0	394868.0	264037.0	322206.0	394166.0	333307.0	132193.0	473219.0	194222.0	349110.0	222424.0	407757.0	717352.0	458492.0	1173579.0	636257.0	695784.0	1230989.0	580755.0	1049068.0	572212.0	694905.0	526433.0	849872.0	316745.0	769851.0	480310.0	519765.0	564278.0	630375.0	28122.0	345282.0	10768.0	701088.0	370527.0	376691.0	280421.0	422744.0	15263.0	149527.0	329622.0	170149.0	759588.0	576814.0	522533.0	712442.0
End	90.0	124.0	157.0	174.0	43.0	190.0	159.0	145.0	41.0	111.0	43.0	141.0	175.0	179.0	276.0	140.0	61.0	103.0	167.0	167.0	41.0	135.0	260.0	175.0	57.0	233.0	211.0	178.0	141.0	164.0	748.0	111.0	138.0	283.0	210.0	183.0	112.0	438.0	352.0	252.0	89.0	374.0	183.0	197.0	252.0	182.0	370.0	92.0	1016334.0	104.0	581292.0	94.0	37.0	90.0	113.0	137.0	1570790.0	45.0	102.0	86.0	133.0	149.0	160.0	111.0
