Proteome_ID	M	W	C	D	E	F	H	K	N	Q	Y	I	A	G	P	T	V	L	R	S
UP000001015	0.018867388506624887	0.028215151418118332	0.028215151418118332	0.028215151418118332	0.028215151418118332	0.05694905065728034	0.028215151418118332	0.018867388506624887	0.0950307128079358	0.028215151418118332	0.0950307128079358	0.0950307128079358	0.02795814013962224	0.02795814013962224	0.02795814013962224	0.056430302836236665	0.056430302836236665	0.11337935349351701	0.02795814013962224	0.11286060567247333
UP000007478	0.018590864474135417	0.03001827658209021	0.03001827658209021	0.03001827658209021	0.03001827658209021	0.04883570369325124	0.03001827658209021	0.018590864474135417	0.07908054291236707	0.03001827658209021	0.07908054291236707	0.07908054291236707	0.036903202403670524	0.036903202403670524	0.036903202403670524	0.06003655316418042	0.06003655316418042	0.10887225685743165	0.036903202403670524	0.12007310632836084
UP000000674	0.013915554021584727	0.03129640357522209	0.03129640357522209	0.03129640357522209	0.03129640357522209	0.025056703545378773	0.03129640357522209	0.013915554021584727	0.036197853069172815	0.03129640357522209	0.036197853069172815	0.036197853069172815	0.0781798671137503	0.0781798671137503	0.0781798671137503	0.06259280715044419	0.06259280715044419	0.08764951069582295	0.0781798671137503	0.12518561430088837
UP000001931	0.018806858714083486	0.027330326779390134	0.027330326779390134	0.027330326779390134	0.027330326779390134	0.06030380948359085	0.027330326779390134	0.018806858714083486	0.10180076025309821	0.027330326779390134	0.10180076025309821	0.10180076025309821	0.02477278859377863	0.02477278859377863	0.02477278859377863	0.05466065355878027	0.05466065355878027	0.11496446304237112	0.02477278859377863	0.10932130711756054
UP000000641	0.01400757207924762	0.03133252230841617	0.03133252230841617	0.03133252230841617	0.03133252230841617	0.02533297694101582	0.03133252230841617	0.01400757207924762	0.03665838180278402	0.03133252230841617	0.03665838180278402	0.03665838180278402	0.0775058499041156	0.0775058499041156	0.0775058499041156	0.06266504461683234	0.06266504461683234	0.08799802155784815	0.0775058499041156	0.12533008923366468
UP000002518	0.013203833114995681	0.030974368134344617	0.030974368134344617	0.030974368134344617	0.030974368134344617	0.023014523042948334	0.030974368134344617	0.013203833114995681	0.03282521297090099	0.030974368134344617	0.03282521297090099	0.03282521297090099	0.08337443965547377	0.08337443965547377	0.08337443965547377	0.061948736268689235	0.061948736268689235	0.08496325931163758	0.08337443965547377	0.12389747253737847
UP000001826	0.011844319360780987	0.030163226242074282	0.030163226242074282	0.030163226242074282	0.030163226242074282	0.01950241282832457	0.030163226242074282	0.011844319360780987	0.027160506295868147	0.030163226242074282	0.027160506295868147	0.027160506295868147	0.09330334921524892	0.09330334921524892	0.09330334921524892	0.060326452484148564	0.060326452484148564	0.07982886531247313	0.09330334921524892	0.12065290496829713
UP000005223	0.015608512683023634	0.031729487111505694	0.031729487111505694	0.031729487111505694	0.031729487111505694	0.030720854015547493	0.031729487111505694	0.015608512683023634	0.04583319534807136	0.031729487111505694	0.04583319534807136	0.04583319534807136	0.06554247169363817	0.06554247169363817	0.06554247169363817	0.06345897422301139	0.06345897422301139	0.09417982823855887	0.06554247169363817	0.12691794844602278
UP000000536	0.014068959381246079	0.031355888189190176	0.031355888189190176	0.031355888189190176	0.031355888189190176	0.025518975764734164	0.031355888189190176	0.014068959381246079	0.036968992148222246	0.031355888189190176	0.036968992148222246	0.036968992148222246	0.07705573555908253	0.07705573555908253	0.07705573555908253	0.06271177637838035	0.06271177637838035	0.08823075214311452	0.07705573555908253	0.1254235527567607
UP000002199	0.016350869118700206	0.03173125517655223	0.03173125517655223	0.03173125517655223	0.03173125517655223	0.033733457561620044	0.03173125517655223	0.016350869118700206	0.05111604600453989	0.03173125517655223	0.05111604600453989	0.05111604600453989	0.05969578145022605	0.05969578145022605	0.05969578145022605	0.06346251035310446	0.06346251035310446	0.09719596791472451	0.05969578145022605	0.12692502070620892
UP000002439	0.015278755806406818	0.03168713931772101	0.03168713931772101	0.03168713931772101	0.03168713931772101	0.029505652613812876	0.03168713931772101	0.015278755806406818	0.04373254942121893	0.03168713931772101	0.04373254942121893	0.04373254942121893	0.0680598264530919	0.0680598264530919	0.0680598264530919	0.06337427863544202	0.06337427863544202	0.09287993124925491	0.0680598264530919	0.12674855727088405
UP000001024	0.016525282432470003	0.03170960604298774	0.03170960604298774	0.03170960604298774	0.03170960604298774	0.03450994651614007	0.03170960604298774	0.016525282432470003	0.05249461059981012	0.03170960604298774	0.05249461059981012	0.05249461059981012	0.05827300340388645	0.05827300340388645	0.05827300340388645	0.06341921208597548	0.06341921208597548	0.09792915860211554	0.05827300340388645	0.12683842417195096
UP000000578	0.01886592268642857	0.028133456721123697	0.028133456721123697	0.028133456721123697	0.028133456721123697	0.057271288933568455	0.028133456721123697	0.01886592268642857	0.09567665518070835	0.028133456721123697	0.09567665518070835	0.09567665518070835	0.027640075919975422	0.027640075919975422	0.027640075919975422	0.05626691344224739	0.05626691344224739	0.11353820237581586	0.027640075919975422	0.11253382688449479
UP000001686	0.015795746335667882	0.03174289492199953	0.03174289492199953	0.03174289492199953	0.03174289492199953	0.03144152783384852	0.03174289492199953	0.015795746335667882	0.04708730933202916	0.03174289492199953	0.04708730933202916	0.04708730933202916	0.06409430122822182	0.06409430122822182	0.06409430122822182	0.06348578984399907	0.06348578984399907	0.09492731767784761	0.06409430122822182	0.12697157968799813
UP000002698	0.010214727952047767	0.028870537706040082	0.028870537706040082	0.028870537706040082	0.028870537706040082	0.015807659511184045	0.028870537706040082	0.010214727952047767	0.02140059107032032	0.028870537706040082	0.02140059107032032	0.02140059107032032	0.10545621214148351	0.10545621214148351	0.10545621214148351	0.057741075412080164	0.057741075412080164	0.0735487349232642	0.10545621214148351	0.11548215082416033
UP000001975	0.01630670432467665	0.0317352669676457	0.0317352669676457	0.0317352669676457	0.0317352669676457	0.03354153119000395	0.0317352669676457	0.01630670432467665	0.050776358055331254	0.0317352669676457	0.050776358055331254	0.050776358055331254	0.06005254583057844	0.06005254583057844	0.06005254583057844	0.0634705339352914	0.0634705339352914	0.09701206512529537	0.06005254583057844	0.1269410678705828
UP000001013	0.018025351077537815	0.03094872057875234	0.03094872057875234	0.03094872057875234	0.03094872057875234	0.043166881035182285	0.03094872057875234	0.018025351077537815	0.06830841099282674	0.03094872057875234	0.06830841099282674	0.06830841099282674	0.04437769338401051	0.04437769338401051	0.04437769338401051	0.06189744115750468	0.06189744115750468	0.10506432219268698	0.04437769338401051	0.12379488231500936
UP000000590	0.018821188467075436	0.02906731033132385	0.02906731033132385	0.02906731033132385	0.02906731033132385	0.05339398976755634	0.02906731033132385	0.018821188467075436	0.08796679106803723	0.02906731033132385	0.08796679106803723	0.08796679106803723	0.031648076256360826	0.031648076256360826	0.031648076256360826	0.0581346206626477	0.0581346206626477	0.11152861043020404	0.031648076256360826	0.1162692413252954
UP000001974	0.018791567559733997	0.029265594067766815	0.029265594067766815	0.029265594067766815	0.029265594067766815	0.05250572811501115	0.029265594067766815	0.018791567559733997	0.08621988867028829	0.029265594067766815	0.08621988867028829	0.08621988867028829	0.03262405938884394	0.03262405938884394	0.03262405938884394	0.05853118813553363	0.05853118813553363	0.11103691625054476	0.03262405938884394	0.11706237627106726
UP000001018	0.018739325179143108	0.029526199700637492	0.029526199700637492	0.029526199700637492	0.029526199700637492	0.0512939180289928	0.029526199700637492	0.018739325179143108	0.0838485108788425	0.029526199700637492	0.0838485108788425	0.0838485108788425	0.0339921964342502	0.0339921964342502	0.0339921964342502	0.059052399401274984	0.059052399401274984	0.11034631743026778	0.0339921964342502	0.11810479880254997
UP000001137	0.01709892821071278	0.03156280816846716	0.03156280816846716	0.03156280816846716	0.03156280816846716	0.037312961154090614	0.03156280816846716	0.01709892821071278	0.05752699409746845	0.03156280816846716	0.05752699409746845	0.05752699409746845	0.05339757707062833	0.05339757707062833	0.05339757707062833	0.06312561633693432	0.06312561633693432	0.10043857749102493	0.05339757707062833	0.12625123267386865
UP000000554	0.009065635610828529	0.02774650132615193	0.02774650132615193	0.02774650132615193	0.02774650132615193	0.013465097085513165	0.02774650132615193	0.009065635610828529	0.0178645585601978	0.02774650132615193	0.0178645585601978	0.0178645585601978	0.1143502094270731	0.1143502094270731	0.1143502094270731	0.05549300265230386	0.05549300265230386	0.06895809973781702	0.1143502094270731	0.11098600530460773
UP000000365	0.015024387947116262	0.03163934831596951	0.03163934831596951	0.03163934831596951	0.03163934831596951	0.0286104711019467	0.03163934831596951	0.015024387947116262	0.04219655425677714	0.03163934831596951	0.04219655425677714	0.04219655425677714	0.06997776151900763	0.06997776151900763	0.06997776151900763	0.06327869663193902	0.06327869663193902	0.09188916773388572	0.06997776151900763	0.12655739326387805
UP000008243	0.010040384650497293	0.028711577663761877	0.028711577663761877	0.028711577663761877	0.028711577663761877	0.015439574935677443	0.028711577663761877	0.010040384650497293	0.020838765220857595	0.028711577663761877	0.020838765220857595	0.020838765220857595	0.10678463563622194	0.10678463563622194	0.10678463563622194	0.057423155327523755	0.057423155327523755	0.0728627302632012	0.10678463563622194	0.11484631065504751
UP000000805	0.01882845946593661	0.027528692569456968	0.027528692569456968	0.027528692569456968	0.027528692569456968	0.05957574538830724	0.027528692569456968	0.01882845946593661	0.10032303131067787	0.027528692569456968	0.10032303131067787	0.10032303131067787	0.02544085381204184	0.02544085381204184	0.02544085381204184	0.055057385138913936	0.055057385138913936	0.11463313052722118	0.02544085381204184	0.11011477027782787
UP000001400	0.018063094478649705	0.030907408368404044	0.030907408368404044	0.030907408368404044	0.030907408368404044	0.04346541529898477	0.030907408368404044	0.018063094478649705	0.06886773611931983	0.030907408368404044	0.06886773611931983	0.06886773611931983	0.04395530954807671	0.04395530954807671	0.04395530954807671	0.06181481673680809	0.06181481673680809	0.10528023203579284	0.04395530954807671	0.12362963347361618
UP000002408	0.013214662392205747	0.03097981691864694	0.03097981691864694	0.03097981691864694	0.03097981691864694	0.023044427840069777	0.03097981691864694	0.013214662392205747	0.03287419328793381	0.03097981691864694	0.03287419328793381	0.03287419328793381	0.08329554224332412	0.08329554224332412	0.08329554224332412	0.06195963383729388	0.06195963383729388	0.08500406167736367	0.08329554224332412	0.12391926767458776
UP000000254	0.018647659600543074	0.02985697772185607	0.02985697772185607	0.02985697772185607	0.02985697772185607	0.04966963656777315	0.02985697772185607	0.018647659600543074	0.08069161353500322	0.02985697772185607	0.08069161353500322	0.08069161353500322	0.035894730877165174	0.035894730877165174	0.035894730877165174	0.05971395544371214	0.05971395544371214	0.10938359201148527	0.035894730877165174	0.11942791088742429
UP000000663	0.012899918014708528	0.03081476622430799	0.03081476622430799	0.03081476622430799	0.03081476622430799	0.02218874272811212	0.03081476622430799	0.012899918014708528	0.03147756744151571	0.03081476622430799	0.03147756744151571	0.03147756744151571	0.08558842915022097	0.08558842915022097	0.08558842915022097	0.06162953244861598	0.06162953244861598	0.08381827517672809	0.08558842915022097	0.12325906489723196
UP000002613	0.017287816068837825	0.03148361962176887	0.03148361962176887	0.03148361962176887	0.03148361962176887	0.038341121245652504	0.03148361962176887	0.017287816068837825	0.059394426422467186	0.03148361962176887	0.059394426422467186	0.059394426422467186	0.05170523303882896	0.05170523303882896	0.05170523303882896	0.06296723924353774	0.06296723924353774	0.10130836048919023	0.05170523303882896	0.12593447848707548
UP000002487	0.016424575527381576	0.0317232584473618	0.0317232584473618	0.0317232584473618	0.0317232584473618	0.03405790270107859	0.0317232584473618	0.016424575527381576	0.05169122987477562	0.0317232584473618	0.05169122987477562	0.05169122987477562	0.059097304690241	0.059097304690241	0.059097304690241	0.0634465168947236	0.0634465168947236	0.0975044195958022	0.059097304690241	0.1268930337894472
UP000007722	0.0188519572419439	0.027817600345736854	0.027817600345736854	0.027817600345736854	0.027817600345736854	0.058491756388279456	0.027817600345736854	0.0188519572419439	0.098131555534615	0.027817600345736854	0.098131555534615	0.098131555534615	0.026459075150979623	0.026459075150979623	0.026459075150979623	0.05563520069147371	0.05563520069147371	0.11412695707975316	0.026459075150979623	0.11127040138294741
UP000002071	0.010770681544175138	0.029350537523136818	0.029350537523136818	0.029350537523136818	0.029350537523136818	0.017014410293062776	0.029350537523136818	0.010770681544175138	0.023258139041950416	0.029350537523136818	0.023258139041950416	0.023258139041950416	0.10126169970737098	0.10126169970737098	0.10126169970737098	0.058701075046273636	0.058701075046273636	0.07571548533933642	0.10126169970737098	0.11740215009254727
UP000002376	0.016547022413087007	0.0317062319092584	0.0317062319092584	0.0317062319092584	0.0317062319092584	0.034608910851818296	0.0317062319092584	0.016547022413087007	0.05267079929054958	0.0317062319092584	0.05267079929054958	0.05267079929054958	0.05809400626260155	0.05809400626260155	0.05809400626260155	0.0634124638185168	0.0634124638185168	0.09802137467033509	0.05809400626260155	0.1268249276370336
UP000001941	0.016133061373683255	0.03174562174203132	0.03174562174203132	0.03174562174203132	0.03174562174203132	0.03280397653086	0.03174562174203132	0.016133061373683255	0.04947489168803675	0.03174562174203132	0.04947489168803675	0.04947489168803675	0.06144282531357555	0.06144282531357555	0.06144282531357555	0.06349124348406264	0.06349124348406264	0.09629522001492265	0.06144282531357555	0.12698248696812528
UP000000391	0.018557624932236425	0.030102421005268023	0.030102421005268023	0.030102421005268023	0.030102421005268023	0.04838798667678384	0.030102421005268023	0.018557624932236425	0.07821834842133125	0.030102421005268023	0.07821834842133125	0.07821834842133125	0.03745374885841935	0.03745374885841935	0.03745374885841935	0.060204842010536046	0.060204842010536046	0.10859282868731988	0.03745374885841935	0.12040968402107209
UP000009079	0.018307768893941773	0.030584926391441315	0.030584926391441315	0.030584926391441315	0.030584926391441315	0.045608420689135086	0.030584926391441315	0.018307768893941773	0.0729090724843284	0.030584926391441315	0.0729090724843284	0.0729090724843284	0.041020395279450006	0.041020395279450006	0.041020395279450006	0.06116985278288263	0.06116985278288263	0.10677827347201772	0.041020395279450006	0.12233970556576526
UP000000242	0.016829326504683984	0.03164760642228889	0.03164760642228889	0.03164760642228889	0.03164760642228889	0.03594262657568419	0.03164760642228889	0.016829326504683984	0.0550559266466844	0.03164760642228889	0.0550559266466844	0.0550559266466844	0.055731652785647075	0.055731652785647075	0.055731652785647075	0.06329521284457779	0.06329521284457779	0.09923783942026197	0.055731652785647075	0.12659042568915557
UP000002654	0.011264472581606426	0.029742934521627882	0.029742934521627882	0.029742934521627882	0.029742934521627882	0.018131296398092075	0.029742934521627882	0.011264472581606426	0.024998120214577726	0.029742934521627882	0.024998120214577726	0.024998120214577726	0.09758178726270592	0.09758178726270592	0.09758178726270592	0.059485869043255764	0.059485869043255764	0.07761716544134784	0.09758178726270592	0.11897173808651153
UP000002593	0.014844737011848522	0.031598179397929575	0.031598179397929575	0.031598179397929575	0.031598179397929575	0.02799822582164848	0.031598179397929575	0.014844737011848522	0.041151714631448434	0.031598179397929575	0.041151714631448434	0.041151714631448434	0.0713220150179469	0.0713220150179469	0.0713220150179469	0.06319635879585915	0.06319635879585915	0.09119458461750762	0.0713220150179469	0.1263927175917183
UP000001746	0.010001962911992603	0.028675998760970156	0.028675998760970156	0.028675998760970156	0.028675998760970156	0.015359094219971371	0.028675998760970156	0.010001962911992603	0.020716225527950143	0.028675998760970156	0.020716225527950143	0.020716225527950143	0.10707830724417479	0.10707830724417479	0.10707830724417479	0.05735199752194031	0.05735199752194031	0.07271109174191169	0.10707830724417479	0.11470399504388062
UP000001059	0.017614545089532033	0.03129908767298671	0.03129908767298671	0.03129908767298671	0.03129908767298671	0.04028773250657382	0.03129908767298671	0.017614545089532033	0.06296091992361562	0.03129908767298671	0.06296091992361562	0.06296091992361562	0.048631820567288556	0.048631820567288556	0.048631820567288556	0.06259817534597342	0.06259817534597342	0.10288590785254724	0.048631820567288556	0.12519635069194684
UP000000262	0.013440106773273102	0.03108946451567131	0.03108946451567131	0.03108946451567131	0.03108946451567131	0.023674840111078774	0.03108946451567131	0.013440106773273102	0.03390957344888445	0.03108946451567131	0.03390957344888445	0.03390957344888445	0.08165248840847551	0.08165248840847551	0.08165248840847551	0.06217892903134262	0.06217892903134262	0.08585376914242139	0.08165248840847551	0.12435785806268523
UP000001879	0.012460618636072994	0.030561686731116408	0.030561686731116408	0.030561686731116408	0.030561686731116408	0.02103840067514317	0.030561686731116408	0.012460618636072994	0.029616182714213343	0.030561686731116408	0.029616182714213343	0.029616182714213343	0.08879160638426625	0.08879160638426625	0.08879160638426625	0.061123373462232816	0.061123373462232816	0.08216177413737599	0.08879160638426625	0.12224674692446563
UP000000740	0.008978613590798965	0.027653873269587903	0.027653873269587903	0.027653873269587903	0.027653873269587903	0.013295314049022936	0.027653873269587903	0.008978613590798965	0.017612014507246906	0.027653873269587903	0.017612014507246906	0.017612014507246906	0.11503853222130221	0.11503853222130221	0.11503853222130221	0.055307746539175806	0.055307746539175806	0.06860306058819873	0.11503853222130221	0.11061549307835161
UP000008680	0.018718800963456534	0.029610686663701456	0.029610686663701456	0.029610686663701456	0.029610686663701456	0.0508889429528847	0.029610686663701456	0.018718800963456534	0.08305908494231284	0.029610686663701456	0.08305908494231284	0.08305908494231284	0.0344590676802889	0.0344590676802889	0.0344590676802889	0.05922137332740291	0.05922137332740291	0.11011031628028761	0.0344590676802889	0.11844274665480582
UP000000792	0.018816287870002512	0.0291042348638699	0.0291042348638699	0.0291042348638699	0.0291042348638699	0.05323060682186465	0.0291042348638699	0.018816287870002512	0.08764492577372679	0.0291042348638699	0.08764492577372679	0.08764492577372679	0.03182591886829171	0.03182591886829171	0.03182591886829171	0.0582084697277398	0.0582084697277398	0.11143907654960446	0.03182591886829171	0.1164169394554796
UP000002457	0.012924864072011233	0.030828349198138004	0.030828349198138004	0.030828349198138004	0.030828349198138004	0.022255567569297672	0.030828349198138004	0.012924864072011233	0.03158627106658411	0.030828349198138004	0.03158627106658411	0.03158627106658411	0.08540668408685546	0.08540668408685546	0.08540668408685546	0.06165669839627601	0.06165669839627601	0.08391226596557368	0.08540668408685546	0.12331339679255202
UP000000758	0.012504692251255178	0.03058825267573634	0.03058825267573634	0.03058825267573634	0.03058825267573634	0.021151624859001735	0.03058825267573634	0.012504692251255178	0.02979855746674829	0.03058825267573634	0.02979855746674829	0.02979855746674829	0.08846991264186498	0.08846991264186498	0.08846991264186498	0.06117650535147268	0.06117650535147268	0.0823281302104744	0.08846991264186498	0.12235301070294537
UP000006565	0.016467536336380376	0.0317178269585396	0.0317178269585396	0.0317178269585396	0.0317178269585396	0.03424947634714805	0.0317178269585396	0.016467536336380376	0.052031416357915715	0.0317178269585396	0.052031416357915715	0.052031416357915715	0.0587466235556406	0.0587466235556406	0.0587466235556406	0.0634356539170792	0.0634356539170792	0.09768513026422725	0.0587466235556406	0.1268713078341584
UP000001169	0.010683958947838421	0.029278338757486495	0.029278338757486495	0.029278338757486495	0.029278338757486495	0.01682274819317099	0.029278338757486495	0.010683958947838421	0.022961537438503564	0.029278338757486495	0.022961537438503564	0.022961537438503564	0.10191213832067166	0.10191213832067166	0.10191213832067166	0.05855667751497299	0.05855667751497299	0.07537942570814397	0.10191213832067166	0.11711335502994598
UP000006681	0.017416676655094415	0.031418730347343465	0.031418730347343465	0.031418730347343465	0.031418730347343465	0.03908068626220136	0.031418730347343465	0.017416676655094415	0.06074469586930831	0.031418730347343465	0.06074469586930831	0.06074469586930831	0.05051787524999707	0.05051787524999707	0.05051787524999707	0.06283746069468693	0.06283746069468693	0.1019181469568883	0.05051787524999707	0.12567492138937386
UP000009227	0.018582348136852143	0.030040473345837652	0.030040473345837652	0.030040473345837652	0.030040473345837652	0.04871848786138437	0.030040473345837652	0.018582348136852143	0.0788546275859166	0.030040473345837652	0.0788546275859166	0.0788546275859166	0.03704671792809372	0.03704671792809372	0.03704671792809372	0.060080946691675303	0.060080946691675303	0.10879943455305967	0.03704671792809372	0.12016189338335061
UP000000346	0.011557837926596608	0.029961043735125717	0.029961043735125717	0.029961043735125717	0.029961043735125717	0.018816552464015115	0.029961043735125717	0.011557837926596608	0.026075267001433627	0.029961043735125717	0.026075267001433627	0.026075267001433627	0.09541217961311606	0.09541217961311606	0.09541217961311606	0.059922087470251434	0.059922087470251434	0.07873863993426655	0.09541217961311606	0.11984417494050287
UP000005877	0.011386269181468857	0.02983484503137299	0.02983484503137299	0.02983484503137299	0.02983484503137299	0.0184137561228818	0.02983484503137299	0.011386269181468857	0.025441243064294742	0.02983484503137299	0.025441243064294742	0.025441243064294742	0.09667967492411168	0.09667967492411168	0.09667967492411168	0.05966969006274598	0.05966969006274598	0.07808344618562779	0.09667967492411168	0.11933938012549196
UP000001304	0.018854307979762553	0.02872513644301098	0.02872513644301098	0.02872513644301098	0.02872513644301098	0.054867995252244034	0.02872513644301098	0.018854307979762553	0.09088168252472552	0.02872513644301098	0.09088168252472552	0.09088168252472552	0.030077040718408637	0.030077040718408637	0.030077040718408637	0.05745027288602196	0.05745027288602196	0.11231826813826601	0.030077040718408637	0.11490054577204392
UP000002315	0.01885338009322816	0.027840257066868764	0.027840257066868764	0.027840257066868764	0.027840257066868764	0.058405489461399285	0.027840257066868764	0.01885338009322816	0.09795759882957042	0.027840257066868764	0.09795759882957042	0.09795759882957042	0.02654133783303343	0.02654133783303343	0.02654133783303343	0.05568051413373753	0.05568051413373753	0.11408600359513682	0.02654133783303343	0.11136102826747506
UP000012076	0.012603748338736833	0.0306470091184022	0.0306470091184022	0.0306470091184022	0.0306470091184022	0.021407837251825063	0.0306470091184022	0.012603748338736833	0.03021192616491329	0.0306470091184022	0.03021192616491329	0.03021192616491329	0.08774722610742527	0.08774722610742527	0.08774722610742527	0.0612940182368044	0.0612940182368044	0.08270185548862949	0.08774722610742527	0.1225880364736088
UP000006663	0.012874401939762479	0.03080078438753302	0.03080078438753302	0.03080078438753302	0.03080078438753302	0.022120563332864624	0.03080078438753302	0.012874401939762479	0.03136672472596677	0.03080078438753302	0.03136672472596677	0.03136672472596677	0.08577433626907928	0.08577433626907928	0.08577433626907928	0.06160156877506604	0.06160156877506604	0.08372213210793066	0.08577433626907928	0.12320313755013208
UP000014070	0.018430233829247158	0.03037514300762817	0.03037514300762817	0.03037514300762817	0.03037514300762817	0.046866910402351504	0.03037514300762817	0.018430233829247158	0.07530358697545585	0.03037514300762817	0.07530358697545585	0.07530358697545585	0.03937316562209611	0.03937316562209611	0.03937316562209611	0.06075028601525634	0.06075028601525634	0.10761719641760784	0.03937316562209611	0.12150057203051268
UP000001901	0.01739478130296669	0.03143043125320314	0.03143043125320314	0.03143043125320314	0.03143043125320314	0.038952629899279285	0.03143043125320314	0.01739478130296669	0.06051047849559187	0.03143043125320314	0.06051047849559187	0.06051047849559187	0.05072171051437052	0.05072171051437052	0.05072171051437052	0.06286086250640628	0.06286086250640628	0.10181349240568557	0.05072171051437052	0.12572172501281256
UP000006794	0.008572381938461299	0.0272068829677867	0.0272068829677867	0.0272068829677867	0.0272068829677867	0.012515912918078723	0.0272068829677867	0.008572381938461299	0.016459443897696147	0.0272068829677867	0.016459443897696147	0.016459443897696147	0.11828373777731108	0.11828373777731108	0.11828373777731108	0.0544137659355734	0.0544137659355734	0.06692967885365213	0.11828373777731108	0.1088275318711468
UP000011511	0.015362583633365966	0.031700070219924034	0.031700070219924034	0.031700070219924034	0.031700070219924034	0.02980843946570336	0.031700070219924034	0.015362583633365966	0.04425429529804076	0.031700070219924034	0.04425429529804076	0.04425429529804076	0.06742348609723862	0.06742348609723862	0.06742348609723862	0.06340014043984807	0.06340014043984807	0.09320857990555143	0.06742348609723862	0.12680028087969614
UP000007807	0.014605346773439618	0.03153427144265372	0.03153427144265372	0.03153427144265372	0.03153427144265372	0.027206038107387524	0.03153427144265372	0.014605346773439618	0.03980672944133543	0.03153427144265372	0.03980672944133543	0.03980672944133543	0.07310217470796998	0.07310217470796998	0.07310217470796998	0.06306854288530744	0.06306854288530744	0.09027458099269497	0.07310217470796998	0.1261370857706149
UP000007490	0.01836205969878111	0.030496986108410357	0.030496986108410357	0.030496986108410357	0.030496986108410357	0.04614675529562095	0.030496986108410357	0.01836205969878111	0.07393145089246078	0.030496986108410357	0.07393145089246078	0.07393145089246078	0.04030905989981194	0.04030905989981194	0.04030905989981194	0.060993972216820715	0.060993972216820715	0.10714072751244165	0.04030905989981194	0.12198794443364143
UP000058290	0.013334431822978015	0.031038971554326972	0.031038971554326972	0.031038971554326972	0.031038971554326972	0.023377453259271583	0.031038971554326972	0.013334431822978015	0.03342047469556515	0.031038971554326972	0.03342047469556515	0.03342047469556515	0.08242281521989346	0.08242281521989346	0.08242281521989346	0.062077943108653943	0.062077943108653943	0.08545539636792553	0.08242281521989346	0.12415588621730789
UP000006622	0.01794852019676695	0.031027271525915917	0.031027271525915917	0.031027271525915917	0.031027271525915917	0.042580028904770896	0.031027271525915917	0.01794852019676695	0.06721153761277483	0.031027271525915917	0.06721153761277483	0.06721153761277483	0.04521798613598628	0.04521798613598628	0.04521798613598628	0.062054543051831834	0.062054543051831834	0.10463457195660272	0.04521798613598628	0.12410908610366367
UP000012672	0.013354212939224471	0.031048545083696897	0.031048545083696897	0.031048545083696897	0.031048545083696897	0.023432864214110862	0.031048545083696897	0.013354212939224471	0.03351151548899725	0.031048545083696897	0.03351151548899725	0.03351151548899725	0.0822786444717968	0.0822786444717968	0.0822786444717968	0.062097090167393794	0.062097090167393794	0.08552995438150467	0.0822786444717968	0.12419418033478759
