Proteome_ID	M	W	C	D	E	F	H	K	N	Q	Y	I	A	G	P	T	V	L	R	S
UP000000242	0.03714361540567431	0.032249525079426015	0.032249525079426015	0.032249525079426015	0.032249525079426015	0.03714361540567431	0.032249525079426015	0.03714361540567431	0.03714361540567431	0.032249525079426015	0.03714361540567431	0.03714361540567431	0.05600057272236592	0.06675041441550793	0.05600057272236592	0.06449905015885203	0.06449905015885203	0.10164266556452635	0.06675041441550793	0.10749841693142005
UP000000254	0.05411671520828561	0.030326560185037085	0.030326560185037085	0.030326560185037085	0.030326560185037085	0.05411671520828561	0.030326560185037085	0.05411671520828561	0.05411671520828561	0.030326560185037085	0.05411671520828561	0.05411671520828561	0.033989507645351864	0.04409836104036422	0.033989507645351864	0.06065312037007417	0.06065312037007417	0.11476983557835978	0.04409836104036422	0.10108853395012361
UP000000262	0.02450334124429668	0.031514239675035166	0.031514239675035166	0.031514239675035166	0.031514239675035166	0.02450334124429668	0.031514239675035166	0.02450334124429668	0.02450334124429668	0.031514239675035166	0.02450334124429668	0.02450334124429668	0.08106219412234014	0.0915669406806852	0.08106219412234014	0.06302847935007033	0.06302847935007033	0.08753182059436701	0.0915669406806852	0.10504746558345054
UP000000346	0.02337490562072368	0.03130746337685796	0.03130746337685796	0.03130746337685796	0.03130746337685796	0.02337490562072368	0.03130746337685796	0.02337490562072368	0.02337490562072368	0.03130746337685796	0.02337490562072368	0.02337490562072368	0.08386406165630172	0.09429988278192104	0.08386406165630172	0.06261492675371592	0.06261492675371592	0.08598983237443959	0.09429988278192104	0.10435821125619318
UP000000365	0.031137784361368874	0.0322137605845754	0.0322137605845754	0.0322137605845754	0.0322137605845754	0.031137784361368874	0.0322137605845754	0.031137784361368874	0.031137784361368874	0.0322137605845754	0.031137784361368874	0.031137784361368874	0.06665383502930289	0.07739175522416136	0.06665383502930289	0.0644275211691508	0.0644275211691508	0.09556530553051969	0.07739175522416136	0.10737920194858469
UP000000391	0.05201757121712917	0.030689289843832904	0.030689289843832904	0.030689289843832904	0.030689289843832904	0.05201757121712917	0.030689289843832904	0.05201757121712917	0.05201757121712917	0.030689289843832904	0.05201757121712917	0.05201757121712917	0.036212090994692345	0.04644185427596997	0.036212090994692345	0.06137857968766581	0.06137857968766581	0.11339615090479496	0.04644185427596997	0.10229763281277635
UP000000536	0.02915855003697873	0.03208764482159771	0.03208764482159771	0.03208764482159771	0.03208764482159771	0.02915855003697873	0.03208764482159771	0.02915855003697873	0.02915855003697873	0.03208764482159771	0.02915855003697873	0.02915855003697873	0.07062195814889638	0.0813178397560956	0.07062195814889638	0.06417528964319542	0.06417528964319542	0.09333383968017414	0.0813178397560956	0.10695881607199235
UP000000554	0.014097987780668769	0.028176030599615143	0.028176030599615143	0.028176030599615143	0.028176030599615143	0.014097987780668769	0.028176030599615143	0.014097987780668769	0.014097987780668769	0.028176030599615143	0.014097987780668769	0.014097987780668769	0.11262439898536912	0.12201640918524082	0.11262439898536912	0.05635206119923029	0.05635206119923029	0.07045004897989905	0.12201640918524082	0.09392010199871714
UP000000578	0.06309422876705544	0.028472079495567116	0.028472079495567116	0.028472079495567116	0.028472079495567116	0.06309422876705544	0.028472079495567116	0.06309422876705544	0.06309422876705544	0.028472079495567116	0.06309422876705544	0.06309422876705544	0.025696781675384486	0.035187474840573524	0.025696781675384486	0.05694415899113423	0.05694415899113423	0.12003838775818966	0.035187474840573524	0.09490693165189039
UP000000590	0.058090260739876456	0.029562990150138517	0.029562990150138517	0.029562990150138517	0.029562990150138517	0.058090260739876456	0.029562990150138517	0.058090260739876456	0.058090260739876456	0.029562990150138517	0.058090260739876456	0.058090260739876456	0.030090083104662123	0.0399444131547083	0.030090083104662123	0.059125980300277034	0.059125980300277034	0.11721624104015349	0.0399444131547083	0.09854330050046171
UP000000641	0.022813537303663384	0.031193400662639873	0.031193400662639873	0.031193400662639873	0.031193400662639873	0.022813537303663384	0.031193400662639873	0.022813537303663384	0.022813537303663384	0.031193400662639873	0.022813537303663384	0.022813537303663384	0.0853027070680296	0.09570050728890957	0.0853027070680296	0.062386801325279746	0.062386801325279746	0.08520033862894315	0.09570050728890957	0.10397800220879959
UP000000663	0.024992394065957487	0.031594943107549796	0.031594943107549796	0.031594943107549796	0.031594943107549796	0.024992394065957487	0.031594943107549796	0.024992394065957487	0.024992394065957487	0.031594943107549796	0.024992394065957487	0.024992394065957487	0.07988353795437521	0.0904151856568918	0.07988353795437521	0.06318988621509959	0.06318988621509959	0.08818228028105708	0.0904151856568918	0.10531647702516599
UP000000674	0.02643179631515602	0.03180311178514272	0.03180311178514272	0.03180311178514272	0.03180311178514272	0.02643179631515602	0.03180311178514272	0.02643179631515602	0.02643179631515602	0.03180311178514272	0.02643179631515602	0.02643179631515602	0.0765319093079061	0.08713294656962033	0.0765319093079061	0.06360622357028543	0.06360622357028543	0.09003801988544147	0.08713294656962033	0.10601037261714238
UP000000740	0.015691243111365813	0.028942626065731357	0.028942626065731357	0.028942626065731357	0.028942626065731357	0.015691243111365813	0.028942626065731357	0.015691243111365813	0.015691243111365813	0.028942626065731357	0.015691243111365813	0.015691243111365813	0.1067698202921844	0.11641736231409487	0.1067698202921844	0.057885252131462714	0.057885252131462714	0.07357649524282853	0.11641736231409487	0.0964754202191045
UP000000758	0.023698413490890993	0.031369758229346185	0.031369758229346185	0.031369758229346185	0.031369758229346185	0.023698413490890993	0.031369758229346185	0.023698413490890993	0.023698413490890993	0.031369758229346185	0.023698413490890993	0.023698413490890993	0.08304874347355604	0.09350532955000478	0.08304874347355604	0.06273951645869237	0.06273951645869237	0.08643792994958337	0.09350532955000478	0.10456586076448728
UP000000792	0.05702351564801337	0.029777403835072033	0.029777403835072033	0.029777403835072033	0.029777403835072033	0.05702351564801337	0.029777403835072033	0.05702351564801337	0.05702351564801337	0.029777403835072033	0.05702351564801337	0.05702351564801337	0.031099232275688497	0.04102503355404584	0.031099232275688497	0.059554807670144067	0.059554807670144067	0.11657832331815744	0.04102503355404584	0.09925801278357342
UP000000805	0.06210641316307599	0.02869806065227265	0.02869806065227265	0.02869806065227265	0.02869806065227265	0.06210641316307599	0.02869806065227265	0.06210641316307599	0.06210641316307599	0.02869806065227265	0.06210641316307599	0.06210641316307599	0.02652153435552644	0.03608755457295065	0.02652153435552644	0.0573961213045453	0.0573961213045453	0.11950253446762128	0.03608755457295065	0.09566020217424215
UP000001013	0.04573977630711356	0.03158413933654285	0.03158413933654285	0.03158413933654285	0.03158413933654285	0.04573977630711356	0.03158413933654285	0.04573977630711356	0.04573977630711356	0.03158413933654285	0.04573977630711356	0.04573977630711356	0.04361883411637984	0.054146880561894116	0.04361883411637984	0.0631682786730857	0.0631682786730857	0.10890805498019926	0.054146880561894116	0.10528046445514283
UP000001015	0.05899643676045516	0.02937565747104245	0.02937565747104245	0.02937565747104245	0.02937565747104245	0.05899643676045516	0.02937565747104245	0.05899643676045516	0.05899643676045516	0.02937565747104245	0.05899643676045516	0.05899643676045516	0.029253605785033675	0.03904549160871449	0.029253605785033675	0.0587513149420849	0.0587513149420849	0.11774775170254007	0.03904549160871449	0.09791885823680818
UP000001018	0.05217642100854111	0.030662881195939132	0.030662881195939132	0.030662881195939132	0.030662881195939132	0.05217642100854111	0.030662881195939132	0.05217642100854111	0.05217642100854111	0.030662881195939132	0.05217642100854111	0.05217642100854111	0.03603973845129653	0.046260698849942904	0.03603973845129653	0.061325762391878265	0.061325762391878265	0.11350218340041938	0.046260698849942904	0.10220960398646375
UP000001024	0.036818427643473504	0.032259448932181314	0.032259448932181314	0.032259448932181314	0.032259448932181314	0.036818427643473504	0.032259448932181314	0.036818427643473504	0.036818427643473504	0.032259448932181314	0.036818427643473504	0.036818427643473504	0.05652995589519614	0.06728310553925658	0.05652995589519614	0.06451889786436263	0.06451889786436263	0.10133732550783614	0.06728310553925658	0.10753149644060435
UP000001059	0.04230948253016067	0.03193637159831125	0.03193637159831125	0.03193637159831125	0.03193637159831125	0.04230948253016067	0.03193637159831125	0.04230948253016067	0.04230948253016067	0.03193637159831125	0.04230948253016067	0.04230948253016067	0.04821291917897387	0.058858376378410945	0.04821291917897387	0.0638727431966225	0.0638727431966225	0.10618222572678315	0.058858376378410945	0.10645457199437083
UP000001137	0.04146692900585075	0.032006225281129314	0.032006225281129314	0.032006225281129314	0.032006225281129314	0.04146692900585075	0.032006225281129314	0.04146692900585075	0.04146692900585075	0.032006225281129314	0.04146692900585075	0.04146692900585075	0.04940797311524393	0.06007671487562037	0.04940797311524393	0.06401245056225863	0.06401245056225863	0.1054793795681094	0.06007671487562037	0.10668741760376436
UP000001169	0.018769991407798493	0.03012058026155218	0.03012058026155218	0.03012058026155218	0.03012058026155218	0.018769991407798493	0.03012058026155218	0.018769991407798493	0.018769991407798493	0.03012058026155218	0.018769991407798493	0.018769991407798493	0.09667019399014387	0.10671038741066126	0.09667019399014387	0.06024116052310436	0.06024116052310436	0.07901115193090286	0.10671038741066126	0.10040193420517393
UP000001304	0.05430341021418067	0.03029288888858021	0.03029288888858021	0.03029288888858021	0.03029288888858021	0.05430341021418067	0.03029288888858021	0.05430341021418067	0.05430341021418067	0.03029288888858021	0.05430341021418067	0.05430341021418067	0.03379747657086298	0.043895106200389715	0.03379747657086298	0.06058577777716042	0.06058577777716042	0.11488918799134107	0.043895106200389715	0.10097629629526735
UP000001400	0.04828106418779967	0.03125833276970349	0.03125833276970349	0.03125833276970349	0.03125833276970349	0.04828106418779967	0.03125833276970349	0.04828106418779967	0.04828106418779967	0.03125833276970349	0.04828106418779967	0.04828106418779967	0.04047480659253661	0.05089425084910444	0.04047480659253661	0.06251666553940698	0.06251666553940698	0.11079772972720664	0.05089425084910444	0.10419444256567828
UP000001686	0.03299746944643887	0.03227724085194884	0.03227724085194884	0.03227724085194884	0.03227724085194884	0.03299746944643887	0.03227724085194884	0.03299746944643887	0.03299746944643887	0.03227724085194884	0.03299746944643887	0.03299746944643887	0.06314546506093664	0.07390454534491958	0.06314546506093664	0.06455448170389767	0.06455448170389767	0.09755195115033655	0.07390454534491958	0.10759080283982947
UP000001746	0.014613192532502194	0.028437269033685125	0.028437269033685125	0.028437269033685125	0.028437269033685125	0.014613192532502194	0.028437269033685125	0.014613192532502194	0.014613192532502194	0.028437269033685125	0.014613192532502194	0.014613192532502194	0.11067783693338067	0.12015692661127571	0.11067783693338067	0.05687453806737025	0.05687453806737025	0.07148773059987244	0.12015692661127571	0.09479089677895042
UP000001826	0.01956357779630117	0.0303692663201883	0.0303692663201883	0.0303692663201883	0.0303692663201883	0.01956357779630117	0.0303692663201883	0.01956357779630117	0.01956357779630117	0.0303692663201883	0.01956357779630117	0.01956357779630117	0.09428667357571975	0.10440976234911585	0.09428667357571975	0.0607385326403766	0.0607385326403766	0.08030211043667777	0.10440976234911585	0.101230887733961
UP000001879	0.018926765683581277	0.03017133527615859	0.03017133527615859	0.03017133527615859	0.03017133527615859	0.018926765683581277	0.03017133527615859	0.018926765683581277	0.018926765683581277	0.03017133527615859	0.018926765683581277	0.018926765683581277	0.09619281894909845	0.10624993070781798	0.09619281894909845	0.06034267055231718	0.06034267055231718	0.07926943623589845	0.10624993070781798	0.10057111758719528
UP000001901	0.044039767683768716	0.031771897663169346	0.031771897663169346	0.031771897663169346	0.031771897663169346	0.044039767683768716	0.031771897663169346	0.044039767683768716	0.044039767683768716	0.031771897663169346	0.044039767683768716	0.044039767683768716	0.04584281590072737	0.05643344845511715	0.04584281590072737	0.06354379532633869	0.06354379532633869	0.1075835630101074	0.05643344845511715	0.10590632554389783
UP000001931	0.06726712889639792	0.02746406681438849	0.02746406681438849	0.02746406681438849	0.02746406681438849	0.06726712889639792	0.02746406681438849	0.06726712889639792	0.06726712889639792	0.02746406681438849	0.06726712889639792	0.06726712889639792	0.022426257173749714	0.031580946111879206	0.022426257173749714	0.05492813362877698	0.05492813362877698	0.1221952625251749	0.031580946111879206	0.09154688938129497
UP000001941	0.03796368002794408	0.03221904668348417	0.03221904668348417	0.03221904668348417	0.03221904668348417	0.03796368002794408	0.03221904668348417	0.03796368002794408	0.03796368002794408	0.03221904668348417	0.03796368002794408	0.03796368002794408	0.05468737321716116	0.06542705544498921	0.05468737321716116	0.06443809336696835	0.06443809336696835	0.10240177339491241	0.06542705544498921	0.10739682227828054
UP000001974	0.053512491078150065	0.030433978308253527	0.030433978308253527	0.030433978308253527	0.030433978308253527	0.053512491078150065	0.030433978308253527	0.053512491078150065	0.053512491078150065	0.030433978308253527	0.053512491078150065	0.053512491078150065	0.03461722738022331	0.044761886816307814	0.03461722738022331	0.060867956616507055	0.060867956616507055	0.11438044769465712	0.044761886816307814	0.10144659436084508
UP000001975	0.034181395014739796	0.03229206094691971	0.03229206094691971	0.03229206094691971	0.03229206094691971	0.034181395014739796	0.03229206094691971	0.034181395014739796	0.034181395014739796	0.03229206094691971	0.034181395014739796	0.034181395014739796	0.061014314936526565	0.07177833525216648	0.061014314936526565	0.06458412189383941	0.06458412189383941	0.09876551690857921	0.07177833525216648	0.10764020315639901
UP000002071	0.017127600498415718	0.029537369228951848	0.029537369228951848	0.029537369228951848	0.029537369228951848	0.017127600498415718	0.029537369228951848	0.017127600498415718	0.017127600498415718	0.029537369228951848	0.017127600498415718	0.017127600498415718	0.10187722221196513	0.11172301195494906	0.10187722221196513	0.059074738457903696	0.059074738457903696	0.07620233895631942	0.11172301195494906	0.09845789742983947
UP000002199	0.033930521596573046	0.03229051159189789	0.03229051159189789	0.03229051159189789	0.03229051159189789	0.033930521596573046	0.03229051159189789	0.033930521596573046	0.033930521596573046	0.03229051159189789	0.033930521596573046	0.033930521596573046	0.06145954083840561	0.07222304470237156	0.06145954083840561	0.06458102318379579	0.06458102318379579	0.09851154478036885	0.07222304470237156	0.10763503863965963
UP000002315	0.06247396448415112	0.02861456437824056	0.02861456437824056	0.02861456437824056	0.02861456437824056	0.06247396448415112	0.02861456437824056	0.06247396448415112	0.06247396448415112	0.02861456437824056	0.06247396448415112	0.06247396448415112	0.02621230463977331	0.0357504927658535	0.02621230463977331	0.05722912875648112	0.05722912875648112	0.11970309324063226	0.0357504927658535	0.09538188126080185
UP000002376	0.03676344385534068	0.03226100349797525	0.03226100349797525	0.03226100349797525	0.03226100349797525	0.03676344385534068	0.03226100349797525	0.03676344385534068	0.03676344385534068	0.03226100349797525	0.03676344385534068	0.03676344385534068	0.056619959261252774	0.06737362709391119	0.056619959261252774	0.0645220069959505	0.0645220069959505	0.10128545085129118	0.06737362709391119	0.10753667832658416
UP000002408	0.02578890171989246	0.031715412435450195	0.031715412435450195	0.031715412435450195	0.031715412435450195	0.02578890171989246	0.031715412435450195	0.02578890171989246	0.02578890171989246	0.031715412435450195	0.02578890171989246	0.02578890171989246	0.07800777224838744	0.08857957639353749	0.07800777224838744	0.06343082487090039	0.06343082487090039	0.08921972659079284	0.08857957639353749	0.10571804145150064
UP000002439	0.030288831098142933	0.03216739796213051	0.03216739796213051	0.03216739796213051	0.03216739796213051	0.030288831098142933	0.03216739796213051	0.030288831098142933	0.030288831098142933	0.03216739796213051	0.030288831098142933	0.030288831098142933	0.0683249537297278	0.07904741971710462	0.0683249537297278	0.06433479592426102	0.06433479592426102	0.09462362702240397	0.07904741971710462	0.10722465987376836
UP000002457	0.024761674097283574	0.031557521788071155	0.031557521788071155	0.031557521788071155	0.031557521788071155	0.024761674097283574	0.031557521788071155	0.024761674097283574	0.024761674097283574	0.031557521788071155	0.024761674097283574	0.024761674097283574	0.08043698317746911	0.09095615710682615	0.08043698317746911	0.06311504357614231	0.06311504357614231	0.08787671767342589	0.09095615710682615	0.10519173929357052
UP000002487	0.04027345031536558	0.032093152060721726	0.032093152060721726	0.032093152060721726	0.032093152060721726	0.04027345031536558	0.032093152060721726	0.04027345031536558	0.04027345031536558	0.032093152060721726	0.04027345031536558	0.04027345031536558	0.05114885370522332	0.06184657105879721	0.05114885370522332	0.06418630412144345	0.06418630412144345	0.10445975443680902	0.06184657105879721	0.10697717353573907
UP000002518	0.024140529285410727	0.03145094312672109	0.03145094312672109	0.03145094312672109	0.03145094312672109	0.024140529285410727	0.03145094312672109	0.024140529285410727	0.024140529285410727	0.03145094312672109	0.024140529285410727	0.024140529285410727	0.08195030124364687	0.09243394895255388	0.08195030124364687	0.06290188625344217	0.06290188625344217	0.0870424155388529	0.09243394895255388	0.10483647708907029
UP000002593	0.027508338202601585	0.03193180697857027	0.03193180697857027	0.03193180697857027	0.03193180697857027	0.027508338202601585	0.03193180697857027	0.027508338202601585	0.027508338202601585	0.03193180697857027	0.027508338202601585	0.027508338202601585	0.07413318023116619	0.0847771158906896	0.07413318023116619	0.06386361395714053	0.06386361395714053	0.09137195215974211	0.0847771158906896	0.10643935659523421
UP000002613	0.040518080100295575	0.03207650898466098	0.03207650898466098	0.03207650898466098	0.03207650898466098	0.040518080100295575	0.03207650898466098	0.040518080100295575	0.040518080100295575	0.03207650898466098	0.040518080100295575	0.040518080100295575	0.05078732388583886	0.061479493547392516	0.05078732388583886	0.06415301796932196	0.06415301796932196	0.10467109806961754	0.061479493547392516	0.1069216966155366
UP000002654	0.02593143321251279	0.03173557689830339	0.03173557689830339	0.03173557689830339	0.03173557689830339	0.02593143321251279	0.03173557689830339	0.02593143321251279	0.02593143321251279	0.03173557689830339	0.02593143321251279	0.02593143321251279	0.07767768428488907	0.08825620991765686	0.07767768428488907	0.06347115379660678	0.06347115379660678	0.08940258700911956	0.08825620991765686	0.10578525632767793
UP000002698	0.016854983835527956	0.029430913470811296	0.029430913470811296	0.029430913470811296	0.029430913470811296	0.016854983835527956	0.029430913470811296	0.016854983835527956	0.016854983835527956	0.029430913470811296	0.016854983835527956	0.016854983835527956	0.10278012440458091	0.11259042889485134	0.10278012440458091	0.05886182694162259	0.05886182694162259	0.07571681077715053	0.11259042889485134	0.0981030449027043
UP000005223	0.032448644187128645	0.03226375676577173	0.03226375676577173	0.03226375676577173	0.03226375676577173	0.032448644187128645	0.03226375676577173	0.032448644187128645	0.032448644187128645	0.03226375676577173	0.032448644187128645	0.032448644187128645	0.064159845609438	0.07491443119802856	0.064159845609438	0.06452751353154346	0.06452751353154346	0.0969761577186721	0.07491443119802856	0.10754585588590575
UP000005877	0.018618075393467597	0.030070614418469782	0.030070614418469782	0.030070614418469782	0.030070614418469782	0.018618075393467597	0.030070614418469782	0.018618075393467597	0.018618075393467597	0.030070614418469782	0.018618075393467597	0.018618075393467597	0.09713591038755257	0.1071594485270425	0.09713591038755257	0.060141228836939564	0.060141228836939564	0.07875930423040717	0.1071594485270425	0.10023538139489926
UP000006565	0.0349437143809606	0.03229167209418613	0.03229167209418613	0.03229167209418613	0.03229167209418613	0.0349437143809606	0.03229167209418613	0.0349437143809606	0.0349437143809606	0.03229167209418613	0.0349437143809606	0.0349437143809606	0.059681811456574425	0.07044570215463646	0.059681811456574425	0.06458334418837226	0.06458334418837226	0.09952705856933287	0.07044570215463646	0.10763890698062042
UP000006622	0.047131694035053795	0.03141215567457315	0.03141215567457315	0.03141215567457315	0.03141215567457315	0.047131694035053795	0.03141215567457315	0.047131694035053795	0.047131694035053795	0.03141215567457315	0.047131694035053795	0.047131694035053795	0.04187091274036325	0.0523416312985543	0.04187091274036325	0.0628243113491463	0.0628243113491463	0.1099560053842001	0.0523416312985543	0.1047071855819105
UP000006663	0.019810411874314253	0.03044252870251197	0.03044252870251197	0.03044252870251197	0.03044252870251197	0.019810411874314253	0.03044252870251197	0.019810411874314253	0.019810411874314253	0.03044252870251197	0.019810411874314253	0.019810411874314253	0.09356166440990213	0.10370917397740613	0.09356166440990213	0.06088505740502394	0.06088505740502394	0.08069546927933821	0.10370917397740613	0.1014750956750399
UP000006681	0.03837084404441208	0.03220107469552713	0.03220107469552713	0.03220107469552713	0.03220107469552713	0.03837084404441208	0.03220107469552713	0.03837084404441208	0.03837084404441208	0.03220107469552713	0.03837084404441208	0.03837084404441208	0.05404672414017031	0.06478041570534601	0.05404672414017031	0.06440214939105426	0.06440214939105426	0.10277299343546636	0.06478041570534601	0.10733691565175713
UP000006794	0.014954545617240472	0.028603151825144203	0.028603151825144203	0.028603151825144203	0.028603151825144203	0.014954545617240472	0.028603151825144203	0.014954545617240472	0.014954545617240472	0.028603151825144203	0.014954545617240472	0.014954545617240472	0.10941693786925234	0.11895132181096706	0.10941693786925234	0.057206303650288406	0.057206303650288406	0.07216084926752887	0.11895132181096706	0.09534383941714733
UP000007478	0.04442163921225661	0.031731923772807084	0.031731923772807084	0.031731923772807084	0.031731923772807084	0.04442163921225661	0.031731923772807084	0.04442163921225661	0.04442163921225661	0.031731923772807084	0.04442163921225661	0.04442163921225661	0.04533443628732261	0.05591174421159163	0.04533443628732261	0.06346384754561417	0.06346384754561417	0.10788548675787078	0.05591174421159163	0.10577307924269028
UP000007490	0.051731971286889424	0.03073633182112064	0.03073633182112064	0.03073633182112064	0.03073633182112064	0.051731971286889424	0.03073633182112064	0.051731971286889424	0.051731971286889424	0.03073633182112064	0.051731971286889424	0.051731971286889424	0.03652372296346096	0.0467691669038345	0.03652372296346096	0.06147266364224128	0.06147266364224128	0.1132046349291307	0.0467691669038345	0.10245443940373546
UP000007722	0.06310710032490821	0.02846910184869572	0.02846910184869572	0.02846910184869572	0.02846910184869572	0.06310710032490821	0.02846910184869572	0.06310710032490821	0.06310710032490821	0.02846910184869572	0.06310710032490821	0.06310710032490821	0.025686167036627787	0.03517586765285969	0.025686167036627787	0.05693820369739144	0.05693820369739144	0.12004530402229965	0.03517586765285969	0.09489700616231907
UP000007807	0.029813976873726673	0.03213645703390809	0.03213645703390809	0.03213645703390809	0.03213645703390809	0.029813976873726673	0.03213645703390809	0.029813976873726673	0.029813976873726673	0.03213645703390809	0.029813976873726673	0.029813976873726673	0.06927971233534598	0.07999186467998201	0.06927971233534598	0.06427291406781618	0.06427291406781618	0.09408689094154285	0.07999186467998201	0.10712152344636028
UP000008243	0.014478645303092211	0.028370328536582418	0.028370328536582418	0.028370328536582418	0.028370328536582418	0.014478645303092211	0.028370328536582418	0.014478645303092211	0.014478645303092211	0.028370328536582418	0.014478645303092211	0.014478645303092211	0.11118105657325895	0.12063783275211977	0.11118105657325895	0.056740657073164835	0.056740657073164835	0.07121930237625705	0.12063783275211977	0.09456776178860807
UP000008680	0.05441428763446948	0.03027278511960871	0.03027278511960871	0.03027278511960871	0.03027278511960871	0.05441428763446948	0.03027278511960871	0.05441428763446948	0.05441428763446948	0.03027278511960871	0.05441428763446948	0.05441428763446948	0.03368385616124357	0.04377478453444647	0.03368385616124357	0.06054557023921742	0.06054557023921742	0.11495985787368691	0.04377478453444647	0.10090928373202901
UP000009079	0.046802341485637076	0.03145428814899457	0.03145428814899457	0.03145428814899457	0.03145428814899457	0.046802341485637076	0.03145428814899457	0.046802341485637076	0.046802341485637076	0.03145428814899457	0.046802341485637076	0.046802341485637076	0.04227874980415686	0.05276351252048838	0.04227874980415686	0.06290857629798914	0.06290857629798914	0.10971091778362624	0.05276351252048838	0.10484762716331525
UP000009227	0.0592184332729008	0.029329051242610572	0.029329051242610572	0.029329051242610572	0.029329051242610572	0.0592184332729008	0.029329051242610572	0.0592184332729008	0.0592184332729008	0.029329051242610572	0.0592184332729008	0.0592184332729008	0.029051536801981335	0.03882788721618485	0.029051536801981335	0.058658102485221145	0.058658102485221145	0.11787653575812194	0.03882788721618485	0.09776350414203523
UP000011511	0.015598083742155261	0.028901051022723244	0.028901051022723244	0.028901051022723244	0.028901051022723244	0.015598083742155261	0.028901051022723244	0.015598083742155261	0.015598083742155261	0.028901051022723244	0.015598083742155261	0.015598083742155261	0.10709914936033534	0.1167328330345764	0.10709914936033534	0.05780210204544649	0.05780210204544649	0.07340018578760174	0.1167328330345764	0.09633683674241081
UP000011554	0.017485524324624413	0.029672809887807544	0.029672809887807544	0.029672809887807544	0.029672809887807544	0.017485524324624413	0.029672809887807544	0.017485524324624413	0.017485524324624413	0.029672809887807544	0.017485524324624413	0.017485524324624413	0.10070909288067707	0.11060002950994624	0.10070909288067707	0.05934561977561509	0.05934561977561509	0.07683114410023952	0.11060002950994624	0.0989093662926918
UP000012076	0.021688613126440118	0.03094099957613982	0.03094099957613982	0.03094099957613982	0.03094099957613982	0.021688613126440118	0.03094099957613982	0.021688613126440118	0.021688613126440118	0.03094099957613982	0.021688613126440118	0.021688613126440118	0.08828092872417051	0.09859459524955046	0.08828092872417051	0.06188199915227964	0.06188199915227964	0.08357061227871976	0.09859459524955046	0.1031366652537994
UP000012672	0.02455148683255311	0.0315224179028964	0.0315224179028964	0.0315224179028964	0.0315224179028964	0.02455148683255311	0.0315224179028964	0.02455148683255311	0.02455148683255311	0.0315224179028964	0.02455148683255311	0.02455148683255311	0.08094522643144644	0.09145269906574524	0.08094522643144644	0.0630448358057928	0.0630448358057928	0.08759632263834591	0.09145269906574524	0.10507472634298799
UP000014070	0.043945370393957794	0.03178157822162748	0.03178157822162748	0.03178157822162748	0.03178157822162748	0.043945370393957794	0.03178157822162748	0.043945370393957794	0.043945370393957794	0.03178157822162748	0.043945370393957794	0.043945370393957794	0.04596928892406394	0.0565631483312731	0.04596928892406394	0.06356315644325496	0.06356315644325496	0.10750852683721275	0.0565631483312731	0.10593859407209157
UP000053352	0.017106946977543572	0.029529405008375174	0.029529405008375174	0.029529405008375174	0.029529405008375174	0.017106946977543572	0.029529405008375174	0.017106946977543572	0.017106946977543572	0.029529405008375174	0.017106946977543572	0.017106946977543572	0.10194522275579804	0.11178835775858977	0.10194522275579804	0.05905881001675035	0.05905881001675035	0.07616575699429391	0.11178835775858977	0.09843135002791724
UP000058290	0.026222911663631287	0.03177552878927001	0.03177552878927001	0.03177552878927001	0.03177552878927001	0.026222911663631287	0.03177552878927001	0.026222911663631287	0.026222911663631287	0.03177552878927001	0.026222911663631287	0.026222911663631287	0.07700778943156524	0.08759963236132189	0.07700778943156524	0.06355105757854002	0.06355105757854002	0.08977396924217129	0.08759963236132189	0.10591842929756667
UP000192315	0.05238631718742108	0.030627720342295973	0.030627720342295973	0.030627720342295973	0.030627720342295973	0.05238631718742108	0.030627720342295973	0.05238631718742108	0.05238631718742108	0.030627720342295973	0.05238631718742108	0.05238631718742108	0.035813063552829226	0.04602230366692789	0.035813063552829226	0.06125544068459195	0.06125544068459195	0.11364175787201304	0.04602230366692789	0.10209240114098658
UP000198397	0.017049732027586435	0.029507256424469483	0.029507256424469483	0.029507256424469483	0.029507256424469483	0.017049732027586435	0.029507256424469483	0.017049732027586435	0.017049732027586435	0.029507256424469483	0.017049732027586435	0.017049732027586435	0.10213394325384582	0.11196969539533565	0.10213394325384582	0.059014512848938966	0.059014512848938966	0.07606424487652538	0.11196969539533565	0.09835752141489826
