Proteome_ID	M	W	C	D	E	F	H	K	N	Q	Y	I	A	G	P	T	V	L	R	S
UP000002036	0.03402524124308298	0.03229119552482262	0.03229119552482262	0.03229119552482262	0.03229119552482262	0.03402524124308298	0.03229119552482262	0.03402524124308298	0.03402524124308298	0.03229119552482262	0.03402524124308298	0.03402524124308298	0.0612910457253143	0.07205477756692183	0.0612910457253143	0.06458239104964524	0.06458239104964524	0.0986076322927282	0.07205477756692183	0.10763731841607539
UP000001300	0.027534658733942747	0.03193467807665385	0.03193467807665385	0.03193467807665385	0.03193467807665385	0.027534658733942747	0.03193467807665385	0.027534658733942747	0.027534658733942747	0.03193467807665385	0.027534658733942747	0.027534658733942747	0.07407563490898479	0.08472052760120274	0.07407563490898479	0.0638693561533077	0.0638693561533077	0.09140401488725046	0.08472052760120274	0.10644892692217951
UP000000267	0.05724616899425103	0.029733205614596164	0.029733205614596164	0.029733205614596164	0.029733205614596164	0.05724616899425103	0.029733205614596164	0.05724616899425103	0.05724616899425103	0.029733205614596164	0.05724616899425103	0.05724616899425103	0.030886381801676032	0.04079745033987475	0.030886381801676032	0.05946641122919233	0.05946641122919233	0.11671258022344337	0.04079745033987475	0.09911068538198722
UP000000314	0.043829832084844055	0.03179331769866278	0.03179331769866278	0.03179331769866278	0.03179331769866278	0.043829832084844055	0.03179331769866278	0.043829832084844055	0.043829832084844055	0.03179331769866278	0.043829832084844055	0.043829832084844055	0.04612452305687178	0.0567222956230927	0.04612452305687178	0.06358663539732556	0.06358663539732556	0.10741646748216963	0.0567222956230927	0.10597772566220927
UP000007796	0.019408668052236528	0.030322313799872574	0.030322313799872574	0.030322313799872574	0.030322313799872574	0.019408668052236528	0.030322313799872574	0.019408668052236528	0.019408668052236528	0.030322313799872574	0.019408668052236528	0.019408668052236528	0.09474557570909581	0.10485301364238665	0.09474557570909581	0.06064462759974515	0.06064462759974515	0.08005329565198167	0.10485301364238665	0.10107437933290857
UP000029964	0.018839487565938205	0.030143180105501134	0.030143180105501134	0.030143180105501134	0.030143180105501134	0.018839487565938205	0.030143180105501134	0.018839487565938205	0.018839487565938205	0.030143180105501134	0.018839487565938205	0.018839487565938205	0.09645817633760365	0.10650590303943734	0.09645817633760365	0.06028636021100227	0.06028636021100227	0.07912584777694048	0.10650590303943734	0.10047726701833709
UP000002037	0.05929508588641792	0.029312894211804334	0.029312894211804334	0.029312894211804334	0.029312894211804334	0.05929508588641792	0.029312894211804334	0.05929508588641792	0.05929508588641792	0.029312894211804334	0.05929508588641792	0.05929508588641792	0.028982022851551343	0.038752987588819454	0.028982022851551343	0.05862578842360867	0.05862578842360867	0.1179208743100266	0.038752987588819454	0.09770964737268109
UP000009058	0.022750205798223712	0.0311800473790112	0.0311800473790112	0.0311800473790112	0.0311800473790112	0.022750205798223712	0.0311800473790112	0.022750205798223712	0.022750205798223712	0.0311800473790112	0.022750205798223712	0.022750205798223712	0.08546695033706377	0.09586029946340081	0.08546695033706377	0.0623600947580224	0.0623600947580224	0.0851103005562461	0.09586029946340081	0.10393349126337063
UP000054166	0.03568928043129208	0.03228406468371926	0.03228406468371926	0.03228406468371926	0.03228406468371926	0.03568928043129208	0.03228406468371926	0.03568928043129208	0.03568928043129208	0.03228406468371926	0.03568928043129208	0.03568928043129208	0.058407500510361816	0.06916885540493489	0.058407500510361816	0.06456812936743853	0.06456812936743853	0.1002574097987306	0.06916885540493489	0.10761354894573086
UP000016922	0.03645765580500917	0.032268991566848794	0.032268991566848794	0.032268991566848794	0.032268991566848794	0.03645765580500917	0.032268991566848794	0.03645765580500917	0.03645765580500917	0.032268991566848794	0.03645765580500917	0.03645765580500917	0.05712313607383876	0.0678794665961217	0.05712313607383876	0.06453798313369759	0.06453798313369759	0.10099563893870676	0.0678794665961217	0.1075633052228293
UP000009082	0.06587898587511622	0.027808677837249062	0.027808677837249062	0.027808677837249062	0.027808677837249062	0.06587898587511622	0.027808677837249062	0.06587898587511622	0.06587898587511622	0.027808677837249062	0.06587898587511622	0.06587898587511622	0.023477063369550327	0.03274662264863335	0.023477063369550327	0.055617355674498124	0.055617355674498124	0.12149634154961433	0.03274662264863335	0.0926955927908302
UP000005206	0.024921522431506058	0.031583571046659834	0.031583571046659834	0.031583571046659834	0.031583571046659834	0.024921522431506058	0.031583571046659834	0.024921522431506058	0.024921522431506058	0.031583571046659834	0.024921522431506058	0.024921522431506058	0.08005305155822512	0.0905809085737784	0.08005305155822512	0.06316714209331967	0.06316714209331967	0.08808866452482572	0.0905809085737784	0.10527857015553278
UP000016927	0.055168187166732476	0.030134008029226656	0.030134008029226656	0.030134008029226656	0.030134008029226656	0.055168187166732476	0.030134008029226656	0.055168187166732476	0.055168187166732476	0.030134008029226656	0.055168187166732476	0.055168187166732476	0.032919640341311555	0.0429643096843871	0.032919640341311555	0.06026801605845331	0.06026801605845331	0.11543620322518577	0.0429643096843871	0.10044669343075552
UP000249829	0.017307410347378913	0.02960601630255718	0.02960601630255718	0.02960601630255718	0.02960601630255718	0.017307410347378913	0.02960601630255718	0.017307410347378913	0.017307410347378913	0.02960601630255718	0.017307410347378913	0.017307410347378913	0.10128796668185819	0.11115663878271059	0.10128796668185819	0.05921203260511436	0.05921203260511436	0.07651944295249327	0.11115663878271059	0.09868672100852392
UP000000559	0.05408553714360789	0.030332161290814383	0.030332161290814383	0.030332161290814383	0.030332161290814383	0.05408553714360789	0.030332161290814383	0.05408553714360789	0.05408553714360789	0.030332161290814383	0.05408553714360789	0.05408553714360789	0.03402166483542869	0.04413238526570015	0.03402166483542869	0.060664322581628766	0.060664322581628766	0.11474985972523664	0.04413238526570015	0.10110720430271461
UP000005221	0.0457470264601413	0.031583285263404544	0.031583285263404544	0.031583285263404544	0.031583285263404544	0.0457470264601413	0.031583285263404544	0.0457470264601413	0.0457470264601413	0.031583285263404544	0.0457470264601413	0.0457470264601413	0.04360956264113458	0.05413732439560275	0.04360956264113458	0.06316657052680909	0.06316657052680909	0.10891359698695038	0.05413732439560275	0.1052776175446818
UP000001312	0.037223019727207006	0.03224691344968889	0.03224691344968889	0.03224691344968889	0.03224691344968889	0.037223019727207006	0.03224691344968889	0.037223019727207006	0.037223019727207006	0.03224691344968889	0.037223019727207006	0.037223019727207006	0.05587206167863219	0.06662103282852848	0.05587206167863219	0.06449382689937778	0.06449382689937778	0.10171684662658478	0.06662103282852848	0.10748971149896296
UP000193067	0.013269169945285734	0.0277266237662687	0.0277266237662687	0.0277266237662687	0.0277266237662687	0.013269169945285734	0.0277266237662687	0.013269169945285734	0.013269169945285734	0.0277266237662687	0.013269169945285734	0.013269169945285734	0.11587245753067515	0.1251146654527647	0.11587245753067515	0.0554532475325374	0.0554532475325374	0.06872241747782314	0.1251146654527647	0.09242207922089567
UP000007963	0.02341044698952075	0.031314428544565565	0.031314428544565565	0.031314428544565565	0.031314428544565565	0.02341044698952075	0.031314428544565565	0.02341044698952075	0.02341044698952075	0.031314428544565565	0.02341044698952075	0.02341044698952075	0.08377400359007643	0.09421214643826496	0.08377400359007643	0.06262885708913113	0.06262885708913113	0.08603930407865189	0.09421214643826496	0.10438142848188521
UP000002038	0.029351773799598097	0.032102783013526905	0.032102783013526905	0.032102783013526905	0.032102783013526905	0.029351773799598097	0.032102783013526905	0.029351773799598097	0.029351773799598097	0.032102783013526905	0.029351773799598097	0.029351773799598097	0.0702232637965957	0.08092419146777133	0.0702232637965957	0.06420556602705381	0.06420556602705381	0.09355733982665192	0.08092419146777133	0.10700927671175635
UP000005222	0.03944260190927306	0.03214503734731094	0.03214503734731094	0.03214503734731094	0.03214503734731094	0.03944260190927306	0.03214503734731094	0.03944260190927306	0.03944260190927306	0.03214503734731094	0.03944260190927306	0.03944260190927306	0.05239529726952839	0.06311030971863203	0.05239529726952839	0.06429007469462188	0.06429007469462188	0.10373267660389493	0.06311030971863203	0.10715012449103645
UP000000560	0.027074934748087823	0.03188266319282756	0.03188266319282756	0.03188266319282756	0.03188266319282756	0.027074934748087823	0.03188266319282756	0.027074934748087823	0.027074934748087823	0.03188266319282756	0.027074934748087823	0.027074934748087823	0.07508821141953606	0.08571576581714524	0.07508821141953606	0.06376532638565512	0.06376532638565512	0.09084026113374294	0.08571576581714524	0.10627554397609183
UP000016930	0.025016776722106657	0.031598830489675496	0.031598830489675496	0.031598830489675496	0.031598830489675496	0.025016776722106657	0.031598830489675496	0.025016776722106657	0.025016776722106657	0.031598830489675496	0.025016776722106657	0.025016776722106657	0.07982531877761136	0.09035826227416985	0.07982531877761136	0.06319766097935099	0.06319766097935099	0.08821443770145765	0.09035826227416985	0.10532943496558497
UP000002058	0.029498587113705083	0.032113864707548075	0.032113864707548075	0.032113864707548075	0.032113864707548075	0.029498587113705083	0.032113864707548075	0.029498587113705083	0.029498587113705083	0.032113864707548075	0.029498587113705083	0.029498587113705083	0.06992201372082382	0.08062663529000652	0.06992201372082382	0.06422772941509615	0.06422772941509615	0.09372631652880123	0.08062663529000652	0.1070462156918269
UP000030143	0.02862320598600412	0.03204236693938057	0.03204236693938057	0.03204236693938057	0.03204236693938057	0.02862320598600412	0.03204236693938057	0.02862320598600412	0.02862320598600412	0.03204236693938057	0.02862320598600412	0.02862320598600412	0.07173992176697051	0.08242071074676405	0.07173992176697051	0.06408473387876114	0.06408473387876114	0.09270793986476526	0.08242071074676405	0.10680788979793522
UP000005426	0.022051118698635155	0.03102591321548055	0.03102591321548055	0.03102591321548055	0.03102591321548055	0.022051118698635155	0.03102591321548055	0.022051118698635155	0.022051118698635155	0.03102591321548055	0.022051118698635155	0.022051118698635155	0.08730688941546631	0.09764886048729317	0.08730688941546631	0.0620518264309611	0.0620518264309611	0.08410294512959626	0.09764886048729317	0.1034197107182685
UP000016932	0.026935397494507334	0.031866083282653425	0.031866083282653425	0.031866083282653425	0.031866083282653425	0.026935397494507334	0.031866083282653425	0.026935397494507334	0.026935397494507334	0.031866083282653425	0.026935397494507334	0.026935397494507334	0.07539872125399848	0.08602074901488294	0.07539872125399848	0.06373216656530685	0.06373216656530685	0.09066756405981417	0.08602074901488294	0.10622027760884471
UP000009096	0.03070083233542151	0.03219131089557871	0.03219131089557871	0.03219131089557871	0.03219131089557871	0.03070083233542151	0.03219131089557871	0.03070083233542151	0.03070083233542151	0.03219131089557871	0.03070083233542151	0.03070083233542151	0.06750829983069752	0.07823873679589041	0.06750829983069752	0.06438262179115742	0.06438262179115742	0.09508345412657893	0.07823873679589041	0.10730436965192902
UP000000561	0.026364933015484666	0.03179437697482951	0.03179437697482951	0.03179437697482951	0.03179437697482951	0.026364933015484666	0.03179437697482951	0.026364933015484666	0.026364933015484666	0.03179437697482951	0.026364933015484666	0.026364933015484666	0.07668385932358382	0.08728198498186032	0.07668385932358382	0.06358875394965902	0.06358875394965902	0.08995368696514368	0.08728198498186032	0.10598125658276501
UP000094112	0.06323351905745205	0.028439811981242902	0.028439811981242902	0.028439811981242902	0.028439811981242902	0.06323351905745205	0.028439811981242902	0.06323351905745205	0.06323351905745205	0.028439811981242902	0.06323351905745205	0.06323351905745205	0.025582093724487335	0.0350620310515683	0.025582093724487335	0.056879623962485804	0.056879623962485804	0.12011314301993783	0.0350620310515683	0.09479937327080966
UP000002059	0.030385050604382846	0.032173224132671076	0.032173224132671076	0.032173224132671076	0.032173224132671076	0.030385050604382846	0.032173224132671076	0.030385050604382846	0.030385050604382846	0.032173224132671076	0.030385050604382846	0.030385050604382846	0.0681332649116457	0.07885767295586939	0.0681332649116457	0.06434644826534215	0.06434644826534215	0.09473149886972501	0.07885767295586939	0.10724408044223689
UP000094389	0.04150082012467927	0.03200354895949512	0.03200354895949512	0.03200354895949512	0.03200354895949512	0.04150082012467927	0.03200354895949512	0.04150082012467927	0.04150082012467927	0.03200354895949512	0.04150082012467927	0.04150082012467927	0.049359368943830806	0.06002721859699585	0.049359368943830806	0.06400709791899024	0.06400709791899024	0.1055079180436695	0.06002721859699585	0.10667849653165039
UP000000591	0.026603580244861917	0.03182514848372109	0.03182514848372109	0.03182514848372109	0.03182514848372109	0.026603580244861917	0.03182514848372109	0.026603580244861917	0.026603580244861917	0.03182514848372109	0.026603580244861917	0.026603580244861917	0.0761431406366073	0.08675152346451431	0.0761431406366073	0.06365029696744218	0.06365029696744218	0.09025387721230409	0.08675152346451431	0.10608382827907029
UP000002149	0.030628693028748787	0.03218731793322462	0.03218731793322462	0.03218731793322462	0.03218731793322462	0.030628693028748787	0.03218731793322462	0.030628693028748787	0.030628693028748787	0.03218731793322462	0.030628693028748787	0.030628693028748787	0.06765051546679111	0.07837962144453266	0.06765051546679111	0.06437463586644925	0.06437463586644925	0.09500332889519804	0.07837962144453266	0.1072910597774154
UP000007978	0.03097348301418091	0.032205666695405505	0.032205666695405505	0.032205666695405505	0.032205666695405505	0.03097348301418091	0.032205666695405505	0.03097348301418091	0.03097348301418091	0.032205666695405505	0.03097348301418091	0.03097348301418091	0.0669737379435614	0.07770896017536323	0.0669737379435614	0.06441133339081101	0.06441133339081101	0.09538481640499193	0.07770896017536323	0.10735222231801833
UP000002258	0.041837621099305604	0.03197634068855221	0.03197634068855221	0.03197634068855221	0.03197634068855221	0.041837621099305604	0.03197634068855221	0.041837621099305604	0.041837621099305604	0.03197634068855221	0.041837621099305604	0.041837621099305604	0.048878800322006366	0.05953758055152378	0.048878800322006366	0.06395268137710441	0.06395268137710441	0.10579030247641003	0.05953758055152378	0.10658780229517403
UP000000598	0.04638079335083306	0.03150692338188235	0.03150692338188235	0.03150692338188235	0.03150692338188235	0.04638079335083306	0.03150692338188235	0.04638079335083306	0.04638079335083306	0.03150692338188235	0.04638079335083306	0.04638079335083306	0.0428059181085127	0.05330822590247348	0.0428059181085127	0.0630138467637647	0.0630138467637647	0.10939464011459776	0.05330822590247348	0.10502307793960784
UP000030651	0.028263414970015898	0.03200912811116578	0.03200912811116578	0.03200912811116578	0.03200912811116578	0.028263414970015898	0.03200912811116578	0.028263414970015898	0.028263414970015898	0.03200912811116578	0.028263414970015898	0.028263414970015898	0.07250251135780902	0.08317222072819763	0.07250251135780902	0.06401825622233157	0.06401825622233157	0.09228167119234747	0.08317222072819763	0.10669709370388593
UP000016933	0.025521984520579504	0.03167652530971263	0.03167652530971263	0.03167652530971263	0.03167652530971263	0.025521984520579504	0.03167652530971263	0.025521984520579504	0.025521984520579504	0.03167652530971263	0.025521984520579504	0.025521984520579504	0.07863042585013535	0.08918926762003955	0.07863042585013535	0.06335305061942526	0.06335305061942526	0.08887503514000475	0.08918926762003955	0.10558841769904206
UP000001471	0.026830900916709224	0.03185342211839902	0.03185342211839902	0.03185342211839902	0.03185342211839902	0.026830900916709224	0.03185342211839902	0.026830900916709224	0.026830900916709224	0.03185342211839902	0.026830900916709224	0.026830900916709224	0.07563223492216276	0.08625004229496244	0.07563223492216276	0.06370684423679804	0.06370684423679804	0.09053774515350728	0.08625004229496244	0.10617807372799673
UP000000599	0.0509504977307331	0.030862131909914794	0.030862131909914794	0.030862131909914794	0.030862131909914794	0.0509504977307331	0.030862131909914794	0.0509504977307331	0.0509504977307331	0.030862131909914794	0.0509504977307331	0.0509504977307331	0.037388101331557934	0.04767547863486286	0.037388101331557934	0.06172426381982959	0.06172426381982959	0.11267476155056269	0.04767547863486286	0.1028737730330493
UP000008062	0.025549918456273725	0.031680664265506205	0.031680664265506205	0.031680664265506205	0.031680664265506205	0.025549918456273725	0.031680664265506205	0.025549918456273725	0.025549918456273725	0.031680664265506205	0.025549918456273725	0.025549918456273725	0.07856498563949618	0.08912520706133159	0.07856498563949618	0.06336132853101241	0.06336132853101241	0.08891124698728614	0.08912520706133159	0.105602214218354
UP000054270	0.03516948490013002	0.03229011186737083	0.03229011186737083	0.03229011186737083	0.03229011186737083	0.03516948490013002	0.03229011186737083	0.03516948490013002	0.03516948490013002	0.03229011186737083	0.03516948490013002	0.03516948490013002	0.05929295395528911	0.07005632457774605	0.05929295395528911	0.06458022373474166	0.06458022373474166	0.09974970863487168	0.07005632457774605	0.10763370622456943
UP000094569	0.029175400382839525	0.03208899014128399	0.03208899014128399	0.03208899014128399	0.03208899014128399	0.029175400382839525	0.03208899014128399	0.029175400382839525	0.029175400382839525	0.03208899014128399	0.029175400382839525	0.029175400382839525	0.0705870887648949	0.08128341881198956	0.0705870887648949	0.06417798028256798	0.06417798028256798	0.0933533806654075	0.08128341881198956	0.10696330047094663
UP000016934	0.026116600156753947	0.031761155674503994	0.031761155674503994	0.031761155674503994	0.031761155674503994	0.026116600156753947	0.031761155674503994	0.026116600156753947	0.026116600156753947	0.031761155674503994	0.026116600156753947	0.026116600156753947	0.07725132702766456	0.08783837891916589	0.07725132702766456	0.06352231134900799	0.06352231134900799	0.08963891150576195	0.08783837891916589	0.1058705189150133
UP000008066	0.0231762567481485	0.03126797575746751	0.03126797575746751	0.03126797575746751	0.03126797575746751	0.0231762567481485	0.03126797575746751	0.0231762567481485	0.0231762567481485	0.03126797575746751	0.0231762567481485	0.0231762567481485	0.08436964766087009	0.09479230624669259	0.08436964766087009	0.06253595151493502	0.06253595151493502	0.08571220826308353	0.09479230624669259	0.10422658585822502
UP000009097	0.02932543093440476	0.03210075630879521	0.03210075630879521	0.03210075630879521	0.03210075630879521	0.02932543093440476	0.03210075630879521	0.02932543093440476	0.02932543093440476	0.03210075630879521	0.02932543093440476	0.02932543093440476	0.07027747062961082	0.08097772273254254	0.07027747062961082	0.06420151261759043	0.06420151261759043	0.09352694355199517	0.08097772273254254	0.10700252102931736
UP000006564	0.028338912756133126	0.03201629283163376	0.03201629283163376	0.03201629283163376	0.03201629283163376	0.028338912756133126	0.03201629283163376	0.028338912756133126	0.028338912756133126	0.03201629283163376	0.028338912756133126	0.028338912756133126	0.07234173135023203	0.0830138289607766	0.07234173135023203	0.06403258566326751	0.06403258566326751	0.09237149841940064	0.0830138289607766	0.10672097610544583
UP000095358	0.05134606052630697	0.030798992929362345	0.030798992929362345	0.030798992929362345	0.030798992929362345	0.05134606052630697	0.030798992929362345	0.05134606052630697	0.05134606052630697	0.030798992929362345	0.05134606052630697	0.05134606052630697	0.03694842236151345	0.04721475333796757	0.03694842236151345	0.06159798585872469	0.06159798585872469	0.11294404638503165	0.04721475333796757	0.10266330976454113
UP000001610	0.023077766366744308	0.031248044335009544	0.031248044335009544	0.031248044335009544	0.031248044335009544	0.023077766366744308	0.031248044335009544	0.023077766366744308	0.023077766366744308	0.031248044335009544	0.023077766366744308	0.023077766366744308	0.08462173151815931	0.0950377462964958	0.08462173151815931	0.06249608867001909	0.06249608867001909	0.08557385503676339	0.0950377462964958	0.10416014778336512
UP000002311	0.046817440353812856	0.031452375887104436	0.031452375887104436	0.031452375887104436	0.031452375887104436	0.046817440353812856	0.031452375887104436	0.046817440353812856	0.046817440353812856	0.031452375887104436	0.046817440353812856	0.046817440353812856	0.042259975832409764	0.05274410112811123	0.042259975832409764	0.06290475177420887	0.06290475177420887	0.10972219212802171	0.05274410112811123	0.10484125295701477
UP000030669	0.01947047503514899	0.030341138110335657	0.030341138110335657	0.030341138110335657	0.030341138110335657	0.01947047503514899	0.030341138110335657	0.01947047503514899	0.01947047503514899	0.030341138110335657	0.01947047503514899	0.01947047503514899	0.09456211624714664	0.10467582895059184	0.09456211624714664	0.060682276220671315	0.060682276220671315	0.0801527512558203	0.10467582895059184	0.10113712703445218
UP000001611	0.02072572644861135	0.03069810336966699	0.03069810336966699	0.03069810336966699	0.03069810336966699	0.02072572644861135	0.03069810336966699	0.02072572644861135	0.02072572644861135	0.03069810336966699	0.02072572644861135	0.02072572644861135	0.09093756523626223	0.10117026635948455	0.09093756523626223	0.06139620673933398	0.06139620673933398	0.08212193318794532	0.10117026635948455	0.10232701123222329
UP000016935	0.03203007812286376	0.032250560512946044	0.032250560512946044	0.032250560512946044	0.032250560512946044	0.03203007812286376	0.032250560512946044	0.03203007812286376	0.03203007812286376	0.032250560512946044	0.03203007812286376	0.03203007812286376	0.06494512123320424	0.07569530807085292	0.06494512123320424	0.06450112102589209	0.06450112102589209	0.09653119914875584	0.07569530807085292	0.10750186837648683
UP000008142	0.03241861981060017	0.03226289486034775	0.03226289486034775	0.03226289486034775	0.03226289486034775	0.03241861981060017	0.03226289486034775	0.03241861981060017	0.03241861981060017	0.03226289486034775	0.03241861981060017	0.03241861981060017	0.0642158358900587	0.07497013417684127	0.0642158358900587	0.0645257897206955	0.0645257897206955	0.09694440953129567	0.07497013417684127	0.10754298286782582
UP000009138	0.04556628338401248	0.03160444419892907	0.03160444419892907	0.03160444419892907	0.03160444419892907	0.04556628338401248	0.03160444419892907	0.04556628338401248	0.04556628338401248	0.03160444419892907	0.04556628338401248	0.04556628338401248	0.04384122728226185	0.054376042015238206	0.04384122728226185	0.06320888839785814	0.06320888839785814	0.10877517178187064	0.054376042015238206	0.10534814732976357
UP000006701	0.024963522754972736	0.03159032351487745	0.03159032351487745	0.03159032351487745	0.03159032351487745	0.024963522754972736	0.03159032351487745	0.024963522754972736	0.024963522754972736	0.03159032351487745	0.024963522754972736	0.024963522754972736	0.07995254111928796	0.09048264895758044	0.07995254111928796	0.0631806470297549	0.0631806470297549	0.08814416978472762	0.09048264895758044	0.10530107838292481
UP000054279	0.033287559482700194	0.03228265202661867	0.03228265202661867	0.03228265202661867	0.03228265202661867	0.033287559482700194	0.03228265202661867	0.033287559482700194	0.033287559482700194	0.03228265202661867	0.033287559482700194	0.033287559482700194	0.06261616279879997	0.07337704680767286	0.06261616279879997	0.06456530405323734	0.06456530405323734	0.09785286353593753	0.07337704680767286	0.10760884008872888
UP000054317	0.019743623331016365	0.030422891887370865	0.030422891887370865	0.030422891887370865	0.030422891887370865	0.019743623331016365	0.030422891887370865	0.019743623331016365	0.019743623331016365	0.030422891887370865	0.019743623331016365	0.019743623331016365	0.09375709162123791	0.10389805558369486	0.09375709162123791	0.06084578377474173	0.06084578377474173	0.08058940710575808	0.10389805558369486	0.10140963962456953
UP000217790	0.029457820179476492	0.03211082377708924	0.03211082377708924	0.03211082377708924	0.03211082377708924	0.029457820179476492	0.03211082377708924	0.029457820179476492	0.029457820179476492	0.03211082377708924	0.029457820179476492	0.029457820179476492	0.07000551957755918	0.0807091275032556	0.07000551957755918	0.06422164755417847	0.06422164755417847	0.09367946773365496	0.0807091275032556	0.10703607925696412
UP000002428	0.04443881237817593	0.03173009566815116	0.03173009566815116	0.03173009566815116	0.03173009566815116	0.04443881237817593	0.03173009566815116	0.04443881237817593	0.04443881237817593	0.03173009566815116	0.04443881237817593	0.04443881237817593	0.045311695665587494	0.05588839422163788	0.045311695665587494	0.06346019133630232	0.06346019133630232	0.10789900371447823	0.05588839422163788	0.10576698556050385
UP000009297	0.03058558957220906	0.03218489300289215	0.03218489300289215	0.03218489300289215	0.03218489300289215	0.03058558957220906	0.03218489300289215	0.03058558957220906	0.03058558957220906	0.03218489300289215	0.03058558957220906	0.03058558957220906	0.0677356462370655	0.07846394390469623	0.0677356462370655	0.0643697860057843	0.0643697860057843	0.09495537557799337	0.07846394390469623	0.10728297667630718
UP000001628	0.030049363251355283	0.03215225196397412	0.03215225196397412	0.03215225196397412	0.03215225196397412	0.030049363251355283	0.03215225196397412	0.030049363251355283	0.030049363251355283	0.03215225196397412	0.030049363251355283	0.030049363251355283	0.0688046064542318	0.07952202377555649	0.0688046064542318	0.06430450392794824	0.06430450392794824	0.09435386717930352	0.07952202377555649	0.10717417321324706
UP000016936	0.025703986225327772	0.031703200969743474	0.031703200969743474	0.031703200969743474	0.031703200969743474	0.025703986225327772	0.031703200969743474	0.025703986225327772	0.025703986225327772	0.031703200969743474	0.025703986225327772	0.025703986225327772	0.07820522022670255	0.08877295388328368	0.07820522022670255	0.06340640193948695	0.06340640193948695	0.08911038816481473	0.08877295388328368	0.10567733656581157
UP000009328	0.06190691176555514	0.02874308650382113	0.02874308650382113	0.02874308650382113	0.02874308650382113	0.06190691176555514	0.02874308650382113	0.06190691176555514	0.06190691176555514	0.02874308650382113	0.06190691176555514	0.06190691176555514	0.026690558394993975	0.03627158722960102	0.026690558394993975	0.05748617300764226	0.05748617300764226	0.1193930847731974	0.03627158722960102	0.09581028834607043
UP000008177	0.03651676414366636	0.03226753476167115	0.03226753476167115	0.03226753476167115	0.03226753476167115	0.03651676414366636	0.03226753476167115	0.03651676414366636	0.03651676414366636	0.03226753476167115	0.03651676414366636	0.03651676414366636	0.05702552370189928	0.06778136862245633	0.05702552370189928	0.0645350695233423	0.0645350695233423	0.10105183366700866	0.06778136862245633	0.10755844920557049
UP000030671	0.027283676588261266	0.03190677407360025	0.03190677407360025	0.03190677407360025	0.03190677407360025	0.027283676588261266	0.03190677407360025	0.027283676588261266	0.027283676588261266	0.03190677407360025	0.027283676588261266	0.027283676588261266	0.07462646967614175	0.08526206103400849	0.07462646967614175	0.0638135481472005	0.0638135481472005	0.09109722473546177	0.08526206103400849	0.10635591357866749
UP000018087	0.025426572927471608	0.03166226523103758	0.03166226523103758	0.03166226523103758	0.03166226523103758	0.025426572927471608	0.03166226523103758	0.025426572927471608	0.025426572927471608	0.03166226523103758	0.025426572927471608	0.025426572927471608	0.07885443645277436	0.08940852486312022	0.07885443645277436	0.06332453046207516	0.06332453046207516	0.08875110338954678	0.08940852486312022	0.1055408841034586
UP000002485	0.04729031605308532	0.03139155133506042	0.03139155133506042	0.03139155133506042	0.03139155133506042	0.04729031605308532	0.03139155133506042	0.04729031605308532	0.04729031605308532	0.03139155133506042	0.04729031605308532	0.04729031605308532	0.041675741566859	0.05213959201187914	0.041675741566859	0.06278310267012084	0.06278310267012084	0.11007341872320615	0.05213959201187914	0.1046385044502014
UP000006702	0.025940881003630768	0.03173689885013452	0.03173689885013452	0.03173689885013452	0.03173689885013452	0.025940881003630768	0.03173689885013452	0.025940881003630768	0.025940881003630768	0.03173689885013452	0.025940881003630768	0.025940881003630768	0.0776558628431081	0.08823482912648628	0.0776558628431081	0.06347379770026904	0.06347379770026904	0.0894146787038998	0.08823482912648628	0.10578966283378172
UP000001631	0.02984895799833285	0.032138861663999894	0.032138861663999894	0.032138861663999894	0.032138861663999894	0.02984895799833285	0.032138861663999894	0.02984895799833285	0.02984895799833285	0.032138861663999894	0.02984895799833285	0.02984895799833285	0.06920887684691793	0.07992183073491789	0.06920887684691793	0.06427772332799979	0.06427772332799979	0.09412668132633265	0.07992183073491789	0.10712953887999964
UP000054321	0.035136454531029176	0.032290380787003	0.032290380787003	0.032290380787003	0.032290380787003	0.035136454531029176	0.032290380787003	0.035136454531029176	0.035136454531029176	0.032290380787003	0.035136454531029176	0.035136454531029176	0.05934968142268687	0.07011314168502121	0.05934968142268687	0.064580761574006	0.064580761574006	0.09971721610503519	0.07011314168502121	0.10763460262334333
UP000008181	0.015424674259194554	0.02882263474824229	0.02882263474824229	0.02882263474824229	0.02882263474824229	0.015424674259194554	0.02882263474824229	0.015424674259194554	0.015424674259194554	0.02882263474824229	0.015424674259194554	0.015424674259194554	0.10771628105344039	0.11732382596952115	0.10771628105344039	0.05764526949648458	0.05764526949648458	0.07306994375567914	0.11732382596952115	0.09607544916080764
UP000000724	0.027790812446288754	0.031961950777173925	0.031961950777173925	0.031961950777173925	0.031961950777173925	0.027790812446288754	0.031961950777173925	0.027790812446288754	0.027790812446288754	0.031961950777173925	0.027790812446288754	0.027790812446288754	0.07351827511029896	0.08417225870269025	0.07351827511029896	0.06392390155434785	0.06392390155434785	0.09171471400063659	0.08417225870269025	0.10653983592391306
UP000030816	0.028860339405506513	0.032063033158013336	0.032063033158013336	0.032063033158013336	0.032063033158013336	0.028860339405506513	0.032063033158013336	0.028860339405506513	0.028860339405506513	0.032063033158013336	0.028860339405506513	0.028860339405506513	0.07124227340831024	0.08192995112764802	0.07124227340831024	0.06412606631602667	0.06412606631602667	0.09298640572153317	0.08192995112764802	0.10687677719337778
UP000269793	0.026133643946562275	0.03176347525259129	0.03176347525259129	0.03176347525259129	0.03176347525259129	0.026133643946562275	0.03176347525259129	0.026133643946562275	0.026133643946562275	0.03176347525259129	0.026133643946562275	0.026133643946562275	0.0772122220831509	0.08780004716734799	0.0772122220831509	0.06352695050518258	0.06352695050518258	0.08966059445174486	0.08780004716734799	0.10587825084197096
UP000009882	0.025903475643827327	0.03173165437061968	0.03173165437061968	0.03173165437061968	0.03173165437061968	0.025903475643827327	0.03173165437061968	0.025903475643827327	0.025903475643827327	0.03173165437061968	0.025903475643827327	0.025903475643827327	0.07774230014082348	0.08831951826436336	0.07774230014082348	0.06346330874123936	0.06346330874123936	0.08936678438506669	0.08831951826436336	0.10577218123539894
UP000001640	0.05431125612838596	0.030291468909455683	0.030291468909455683	0.030291468909455683	0.030291468909455683	0.05431125612838596	0.030291468909455683	0.05431125612838596	0.05431125612838596	0.030291468909455683	0.05431125612838596	0.05431125612838596	0.03378942613750182	0.04388658244065371	0.03378942613750182	0.060582937818911366	0.060582937818911366	0.11489419394729732	0.04388658244065371	0.10097156303151893
UP000054361	0.024649848133760806	0.031538966530256486	0.031538966530256486	0.031538966530256486	0.031538966530256486	0.024649848133760806	0.031538966530256486	0.024649848133760806	0.024649848133760806	0.031538966530256486	0.024649848133760806	0.024649848133760806	0.08070689964489265	0.09121988848831147	0.08070689964489265	0.06307793306051297	0.06307793306051297	0.08772778119427377	0.09121988848831147	0.10512988843418827
UP000218811	0.01671632109754624	0.02937564741186778	0.02937564741186778	0.02937564741186778	0.02937564741186778	0.01671632109754624	0.02937564741186778	0.01671632109754624	0.01671632109754624	0.02937564741186778	0.01671632109754624	0.01671632109754624	0.10324384843182295	0.11303573090244555	0.10324384843182295	0.05875129482373556	0.05875129482373556	0.07546761592128179	0.11303573090244555	0.09791882470622593
UP000000741	0.08065866592241139	0.02372313703600334	0.02372313703600334	0.02372313703600334	0.02372313703600334	0.08065866592241139	0.02372313703600334	0.08065866592241139	0.08065866592241139	0.02372313703600334	0.08065866592241139	0.08065866592241139	0.013954786491766668	0.02186249883710111	0.013954786491766668	0.04744627407200668	0.04744627407200668	0.12810493999441808	0.02186249883710111	0.07907712345334447
UP000001742	0.06904987271161872	0.027008545473039523	0.027008545473039523	0.027008545473039523	0.027008545473039523	0.06904987271161872	0.027008545473039523	0.06904987271161872	0.06904987271161872	0.027008545473039523	0.06904987271161872	0.06904987271161872	0.02112854086250909	0.03013138935352227	0.02112854086250909	0.054017090946079045	0.054017090946079045	0.12306696365769779	0.03013138935352227	0.09002848491013174
UP000184304	0.026494689614871555	0.03181124725336248	0.03181124725336248	0.03181124725336248	0.03181124725336248	0.026494689614871555	0.03181124725336248	0.026494689614871555	0.026494689614871555	0.03181124725336248	0.026494689614871555	0.026494689614871555	0.07638930416052489	0.08699305324497904	0.07638930416052489	0.06362249450672496	0.06362249450672496	0.09011718412159649	0.08699305324497904	0.10603749084454157
UP000000819	0.03467201660332156	0.03229268056864227	0.03229268056864227	0.03229268056864227	0.03229268056864227	0.03467201660332156	0.03229268056864227	0.03467201660332156	0.03467201660332156	0.03229268056864227	0.03467201660332156	0.03467201660332156	0.0601532486696182	0.07091747552583227	0.0601532486696182	0.06458536113728454	0.06458536113728454	0.09925737774060611	0.07091747552583227	0.1076422685621409
UP000006706	0.025500012183897903	0.031673258237336584	0.031673258237336584	0.031673258237336584	0.031673258237336584	0.025500012183897903	0.031673258237336584	0.025500012183897903	0.025500012183897903	0.031673258237336584	0.025500012183897903	0.025500012183897903	0.07868194572883236	0.0892396984746112	0.07868194572883236	0.06334651647467317	0.06334651647467317	0.08884652865857107	0.0892396984746112	0.10557752745778858
UP000011064	0.022721491691371037	0.031173960199363762	0.031173960199363762	0.031173960199363762	0.031173960199363762	0.022721491691371037	0.031173960199363762	0.022721491691371037	0.022721491691371037	0.031173960199363762	0.022721491691371037	0.022721491691371037	0.08554154874264558	0.09593286880910018	0.08554154874264558	0.062347920398727524	0.062347920398727524	0.08506941209009858	0.09593286880910018	0.10391320066454587
UP000031176	0.026903016250510906	0.031862182351516895	0.031862182351516895	0.031862182351516895	0.031862182351516895	0.026903016250510906	0.031862182351516895	0.026903016250510906	0.026903016250510906	0.031862182351516895	0.026903016250510906	0.026903016250510906	0.07547099215553836	0.08609171960604398	0.07547099215553836	0.06372436470303379	0.06372436470303379	0.0906273809535447	0.08609171960604398	0.1062072745050563
UP000011185	0.041026816706133964	0.03203994762209248	0.03203994762209248	0.03203994762209248	0.03203994762209248	0.041026816706133964	0.03203994762209248	0.041026816706133964	0.041026816706133964	0.03203994762209248	0.041026816706133964	0.041026816706133964	0.050043280275895635	0.060723262816593127	0.050043280275895635	0.06407989524418496	0.06407989524418496	0.10510671195031891	0.060723262816593127	0.10679982540697493
UP000001743	0.024326219054515413	0.03148370836436286	0.03148370836436286	0.03148370836436286	0.03148370836436286	0.024326219054515413	0.03148370836436286	0.024326219054515413	0.024326219054515413	0.03148370836436286	0.024326219054515413	0.024326219054515413	0.0814942831971466	0.09198885265193422	0.0814942831971466	0.06296741672872572	0.06296741672872572	0.08729363578324112	0.09198885265193422	0.10494569454787618
UP000054383	0.03280605907640188	0.032273024149822055	0.032273024149822055	0.032273024149822055	0.032273024149822055	0.03280605907640188	0.032273024149822055	0.03280605907640188	0.03280605907640188	0.032273024149822055	0.03280605907640188	0.03280605907640188	0.06349730001700851	0.07425497473361588	0.06349730001700851	0.06454604829964411	0.06454604829964411	0.09735210737604598	0.07425497473361588	0.1075767471660735
UP000001744	0.037618273028228774	0.03223282529335735	0.03223282529335735	0.03223282529335735	0.03223282529335735	0.037618273028228774	0.03223282529335735	0.037618273028228774	0.037618273028228774	0.03223282529335735	0.037618273028228774	0.037618273028228774	0.05523672102717023	0.06598099612495602	0.05523672102717023	0.0644656505867147	0.0644656505867147	0.10208392361494349	0.06598099612495602	0.10744275097785783
UP000033540	0.025739884562530214	0.031708381533826636	0.031708381533826636	0.031708381533826636	0.031708381533826636	0.025739884562530214	0.031708381533826636	0.025739884562530214	0.025739884562530214	0.031708381533826636	0.025739884562530214	0.025739884562530214	0.07812167588026557	0.08869113639154111	0.07812167588026557	0.06341676306765327	0.06341676306765327	0.0891566476301835	0.08869113639154111	0.10569460511275547
UP000006753	0.019945916769390577	0.030481948004415328	0.030481948004415328	0.030481948004415328	0.030481948004415328	0.019945916769390577	0.030481948004415328	0.019945916769390577	0.019945916769390577	0.030481948004415328	0.019945916769390577	0.019945916769390577	0.0931668536359052	0.1033275029707103	0.0931668536359052	0.060963896008830655	0.060963896008830655	0.08090981277822124	0.1033275029707103	0.10160649334805108
UP000219338	0.030783316667111805	0.032195776344120394	0.032195776344120394	0.032195776344120394	0.032195776344120394	0.030783316667111805	0.032195776344120394	0.030783316667111805	0.030783316667111805	0.032195776344120394	0.030783316667111805	0.030783316667111805	0.0673460904560728	0.07807801590411292	0.0673460904560728	0.06439155268824079	0.06439155268824079	0.0951748693553526	0.07807801590411292	0.10731925448040133
UP000184499	0.026383061632069542	0.03179675399709768	0.03179675399709768	0.03179675399709768	0.03179675399709768	0.026383061632069542	0.03179675399709768	0.026383061632069542	0.026383061632069542	0.03179675399709768	0.026383061632069542	0.026383061632069542	0.07664262615548759	0.08724154415452014	0.07664262615548759	0.06359350799419536	0.06359350799419536	0.08997656962626491	0.08724154415452014	0.10598917999032556
