	M	W	C	D	E	F	H	K	N	Q	Y	I	A	G	P	T	V	L	R	S
Start	16785692.0	981526.0	1565707.0	3915958.0	5027944.0	3221289.0	1798411.0	4818773.0	3394150.0	3192400.0	1807582.0	3654597.0	7812222.0	5125327.0	4798948.0	5030057.0	4734973.0	7456931.0	5210929.0	9026370.0
M	8405418.0	3936755.0	5760627.0	16425266.0	20903038.0	12232434.0	7632466.0	18324062.0	13331954.0	13658005.0	9036009.0	15812710.0	22041983.0	19877865.0	16401598.0	16743361.0	19463800.0	29203453.0	17510408.0	25134968.0
W	3936755.0	2899050.0	3807457.0	10096460.0	11291421.0	7127686.0	4545046.0	9827285.0	7465939.0	7154474.0	5289816.0	8561486.0	12403965.0	12140815.0	9539679.0	9500138.0	11065176.0	16497638.0	10332940.0	13791125.0
C	5760627.0	3807457.0	9985704.0	14754657.0	17022531.0	10962068.0	7633909.0	15157395.0	11876059.0	11436280.0	8336370.0	13453660.0	18868401.0	19624692.0	15386820.0	15257775.0	17403887.0	25827201.0	15758750.0	23092672.0
D	16425266.0	10096460.0	14754657.0	46907634.0	52900087.0	29912600.0	18224545.0	43431864.0	31873112.0	30006389.0	22628048.0	39856557.0	50988766.0	45375736.0	37782763.0	39863694.0	48537153.0	72365064.0	41422543.0	61059224.0
E	20903038.0	11291421.0	17022531.0	52900087.0	78428964.0	34382588.0	21617057.0	59960653.0	38064384.0	40904507.0	25700765.0	47440429.0	65194351.0	53769957.0	44680976.0	47902286.0	58644581.0	91221332.0	54124401.0	72092983.0
F	12232434.0	7127686.0	10962068.0	29912600.0	34382588.0	26197522.0	14399607.0	31863395.0	24920621.0	22494149.0	17111688.0	29708626.0	37131050.0	34684790.0	29889123.0	30115456.0	34142574.0	55153914.0	29604846.0	46739630.0
H	7632466.0	4545046.0	7633909.0	18224545.0	21617057.0	14399607.0	12460744.0	19600570.0	15046231.0	15870985.0	11196060.0	17910898.0	24631123.0	22214037.0	20319056.0	19421213.0	22040685.0	34859974.0	20787342.0	30270124.0
K	18324062.0	9827285.0	15157395.0	43431864.0	59960653.0	31863395.0	19600570.0	62344254.0	36054558.0	34875697.0	23424900.0	44314458.0	54669487.0	46421892.0	38875254.0	43439328.0	50839433.0	78274380.0	45990004.0	64606119.0
N	13331954.0	7465939.0	11876059.0	31873112.0	38064384.0	24920621.0	15046231.0	36054558.0	32451274.0	25825822.0	18980967.0	34449044.0	38698485.0	34844102.0	29792595.0	33658206.0	37708377.0	57194885.0	31273419.0	50697582.0
Q	13658005.0	7154474.0	11436280.0	30006389.0	40904507.0	22494149.0	15870985.0	34875697.0	25825822.0	36312134.0	17009610.0	30214213.0	43524446.0	35274342.0	33691415.0	32775997.0	36742405.0	59945680.0	34301298.0	50023107.0
Y	9036009.0	5289816.0	8336370.0	22628048.0	25700765.0	17111688.0	11196060.0	23424900.0	18980967.0	17009610.0	14952214.0	21653642.0	26919706.0	25996786.0	21780600.0	22188928.0	24889920.0	38113602.0	21996126.0	32914306.0
I	15812710.0	8561486.0	13453660.0	39856557.0	47440429.0	29708626.0	17910898.0	44314458.0	34449044.0	30214213.0	21653642.0	39930896.0	47147325.0	44532485.0	36307164.0	40116051.0	43835659.0	68195144.0	37796810.0	58837642.0
A	22041983.0	12403965.0	18868401.0	50988766.0	65194351.0	37131050.0	24631123.0	54669487.0	38698485.0	43524446.0	26919706.0	47147325.0	91393102.0	68950815.0	59319775.0	57015349.0	65298628.0	97324777.0	60544265.0	85546927.0
G	19877865.0	12140815.0	19624692.0	45375736.0	53769957.0	34684790.0	22214037.0	46421892.0	34844102.0	35274342.0	25996786.0	44532485.0	68950815.0	78177746.0	48983951.0	48238557.0	60794012.0	82580394.0	51356981.0	74707513.0
P	16401598.0	9539679.0	15386820.0	37782763.0	44680976.0	29889123.0	20319056.0	38875254.0	29792595.0	33691415.0	21780600.0	36307164.0	59319775.0	48983951.0	66005518.0	45718015.0	48231565.0	72434703.0	44222867.0	71492907.0
T	16743361.0	9500138.0	15257775.0	39863694.0	47902286.0	30115456.0	19421213.0	43439328.0	33658206.0	32775997.0	22188928.0	40116051.0	57015349.0	48238557.0	45718015.0	52488540.0	49582893.0	73012340.0	42432249.0	70316262.0
V	19463800.0	11065176.0	17403887.0	48537153.0	58644581.0	34142574.0	22040685.0	50839433.0	37708377.0	36742405.0	24889920.0	43835659.0	65298628.0	60794012.0	48231565.0	49582893.0	60106444.0	83261372.0	49453129.0	73494471.0
L	29203453.0	16497638.0	25827201.0	72365064.0	91221332.0	55153914.0	34859974.0	78274380.0	57194885.0	59945680.0	38113602.0	68195144.0	97324777.0	82580394.0	72434703.0	73012340.0	83261372.0	136299524.0	76460975.0	113676839.0
R	17510408.0	10332940.0	15758750.0	41422543.0	54124401.0	29604846.0	20787342.0	45990004.0	31273419.0	34301298.0	21996126.0	37796810.0	60544265.0	51356981.0	44222867.0	42432249.0	49453129.0	76460975.0	57146676.0	66475930.0
S	25134968.0	13791125.0	23092672.0	61059224.0	72092983.0	46739630.0	30270124.0	64606119.0	50697582.0	50023107.0	32914306.0	58837642.0	85546927.0	74707513.0	71492907.0	70316262.0	73494471.0	113676839.0	66475930.0	125112456.0
End	2114074.0	1440838.0	2282078.0	4789462.0	6115692.0	4201304.0	2610237.0	7280110.0	4246501.0	4234024.0	3001882.0	4854706.0	6212039.0	5759097.0	5045082.0	5215293.0	5854926.0	9005983.0	6380470.0	8738281.0
