Proteome_ID	GC	Length	M	W	C	D	E	F	H	K	N	Q	Y	I	A	G	P	T	V	L	R	S	shannon_entropy
UP000002036	0.4740973312401884	355.0	0.017667612939826098	0.010889129700971348	0.012279949409153433	0.05657620380448884	0.06914353209226674	0.041074197731054383	0.020836496833210066	0.07291234357342008	0.047530066914545296	0.042361000127978	0.032122932617865634	0.04715292861338072	0.06852892291811327	0.05099410713227755	0.04744917358731115	0.05271455609085633	0.06167603062630201	0.10346817683478816	0.056239541604530714	0.08838309684766016	4.1487648375418384
UP000001300	0.5429200809444732	397.0	0.022648412671741617	0.01159456584966162	0.01077438194654551	0.06169065199358036	0.07035793367862885	0.03821912446740333	0.02087692059057576	0.06688346781795589	0.040315066300221976	0.040529923625319306	0.029572168680511574	0.05102190048536192	0.07996676456871814	0.06476462514350778	0.048199914933413086	0.05822096198049967	0.07006537187530988	0.09067149997639876	0.05066256034051143	0.0729637830741337	4.160203323644251
UP000000267	0.340913769250286	400.0	0.02011007423820061	0.010153752354341275	0.009997346578672397	0.06404122692316304	0.0717333295982915	0.0418617850942306	0.01838436547452945	0.08232766169872946	0.06692003197724086	0.03687007480066189	0.034034439994948436	0.0733729485605382	0.043249679799339164	0.0481980659165999	0.03716419616694866	0.05736550078747063	0.05675197814019881	0.09706916671467448	0.04336554215715186	0.0870288330240689	4.131271203966027
UP000000314	0.4180961991254625	434.0	0.017847859848511713	0.01222200879635251	0.011429841559551951	0.06265080147573664	0.06919410809594229	0.04491143564979871	0.020209935959915003	0.07415372668236929	0.05265667409519364	0.03851906957293938	0.03529804011038098	0.061177345792315554	0.051692750771843016	0.05143428701798383	0.04272496685199925	0.055166112259036254	0.0654908623520912	0.10044406219000206	0.04964999048493159	0.08312612043310517	4.156740823960153
UP000007796	0.6144125683060109	408.0	0.014481690204090738	0.01717595814903786	0.0072408451020453185	0.06516760591840866	0.05454027326094501	0.03838019229473906	0.0282801416908604	0.0434450706122724	0.03434017205318758	0.04007723568108847	0.02862659691506317	0.045858685646287485	0.09999050097839929	0.09160511012820226	0.04007723568108847	0.05151025807978146	0.08686043519335698	0.09413098632659023	0.04580255506410113	0.07240845102045398	4.112161891847614
UP000029964	0.6153846153846154	623.0	0.04654895666131625	0.004815409309791305	0.003210272873194203	0.04494382022471914	0.03210272873194223	0.014446227929373914	0.03852327447833064	0.022471910112359522	0.05939004815409316	0.06581059390048156	0.04173354735152484	0.01926163723916532	0.08667736757624399	0.11556982343499202	0.12841091492776893	0.05136436597110755	0.04173354735152484	0.04173354735152484	0.05136436597110755	0.08988764044943828	4.0044685565497184
UP000002037	0.3322510822510822	410.0	0.01665814105361082	0.009600486277003063	0.008915305293605373	0.06145952326047299	0.07351706996258293	0.043527628459293845	0.0186110780716088	0.08241563577622169	0.06335475085000294	0.03934156716916598	0.035706621420618534	0.07325056931893383	0.04709464901498381	0.047664494268065134	0.044146368301855664	0.05822481150992177	0.05512084072211059	0.0955583285245892	0.03886899579175858	0.08696313495359442	4.129101518371298
UP000009058	0.5730803653689226	448.0	0.022474592471635597	0.012335878667632956	0.010623065887495082	0.060527376345205386	0.06145637549943994	0.036010749044288935	0.021829816713863515	0.053497587568319675	0.036118424017483365	0.040086165596071165	0.027765604625867996	0.04690704417854976	0.09613206652441944	0.07393912713969802	0.054088777294451953	0.057242495061025335	0.06540605837035231	0.08499233961394312	0.06223852943535209	0.07632792594490412	4.150731645307277
UP000054166	0.4749518304431599	345.0	0.020289855072463718	0.014492753623188411	0.02318840579710142	0.06376811594202896	0.06086956521739135	0.057971014492753645	0.02318840579710142	0.03768115942028983	0.06086956521739135	0.028985507246376822	0.046376811594202934	0.057971014492753645	0.09565217391304347	0.052173913043478244	0.03188405797101443	0.05507246376811594	0.06956521739130435	0.07826086956521745	0.06086956521739135	0.06086956521739135	4.189193148090374
UP000016922	0.468174566968824	533.5	0.021200879674793054	0.012319181530818209	0.014362144738496176	0.05617119819248673	0.0643522545572352	0.042388176782240924	0.02460939674158106	0.048918435810719973	0.03812847370533499	0.03746123938025927	0.024505990705638834	0.05889733461726709	0.07388550498378767	0.06399190566200777	0.04916764619653919	0.06216381410926696	0.06808273268462074	0.10205552751925034	0.0545836085861858	0.08275455382146991	4.159501127686756
UP000009082	0.296140350877193	474.0	0.022174237665365987	0.00864434955005699	0.019935145262674234	0.06747180488060772	0.06923178275612005	0.0564829115775772	0.013930401204038661	0.09967572631337147	0.0688617676021492	0.023403784304554486	0.04402942155137412	0.08894807453083389	0.03576975442399535	0.04389645236586602	0.02926272347642558	0.050418989064216206	0.06110688536354306	0.09584032923822611	0.03686800961229525	0.06404744925670829	4.112342977357536
UP000005206	0.5522973744292238	393.5	0.01998204531675731	0.012961034551681478	0.01176338116910929	0.06095988318144694	0.06691265247351073	0.038516624597807934	0.025038956080202474	0.057961612150327635	0.03699698295535948	0.03630044093654148	0.028352398167139893	0.05168965943410975	0.08752109876362617	0.07528182884767139	0.05305155060067683	0.05502200784144759	0.06962172627723848	0.08735881765384969	0.05510718913066285	0.06960010987083272	4.161524115588423
UP000016927	0.3609431003584229	273.0	0.027318322028689754	0.010581968005946112	0.024957908572277074	0.06801103800855786	0.06964619405247431	0.05108177793589669	0.017584165913522347	0.07846360110867771	0.06093265962060015	0.02415385983021527	0.0466369998557602	0.06542457519395116	0.06255030048221898	0.04034299507437294	0.0266531814491807	0.05232605911506706	0.05598703303812943	0.09258106916549905	0.05215850225304973	0.07260778929591347	4.171554893299058
UP000249829	0.6439299063152274	545.0	0.021419533793612496	0.01618947628975604	0.013684998851515648	0.05004009420555661	0.050184714551837414	0.03850934545893691	0.03268422264815776	0.021860625364823413	0.024592624722642637	0.04397146626742429	0.032336801197255106	0.049988831138221154	0.10097103000602477	0.08172630977680026	0.06440344486973595	0.0587007481365193	0.07289649026276429	0.10096547101705597	0.05944148340688869	0.06543228803447121	4.1343795380151045
UP000000559	0.36167630654823385	435.5	0.017422003912851904	0.009881428698341512	0.01076206105566344	0.05878441053551043	0.06406631232489253	0.041486145612534955	0.01982955649798499	0.07760778671564234	0.06009348809461814	0.041463408885907306	0.03480817846701244	0.06972629481903879	0.057451104429276804	0.055649142596000505	0.04442962040421572	0.06192460730338143	0.05971735126363159	0.09175472472513994	0.038372461811740775	0.0847699118466145	4.149927853726772
UP000005221	0.4084205088467002	1075.0	0.014640502530210861	0.014706351866928462	0.014728301645834314	0.048830276327762094	0.07499241734910526	0.033371645674696276	0.01629870855482656	0.08361668502466361	0.036003623708953936	0.03761793017575788	0.03657830882939834	0.06194427150679245	0.07948214485257732	0.06508508532477696	0.0518373960378654	0.06086075060262121	0.05307656082882365	0.08624866305892123	0.04489328416582859	0.08518709193365583	4.142473602597515
UP000001312	0.4616552771450266	451.0	0.021521869902322393	0.011860233208982482	0.009532062749948299	0.05982350277933687	0.07049582059853111	0.03641987629917689	0.02050482391201537	0.062413422716735015	0.03701439198182187	0.03796283559415442	0.025790411620310046	0.054266254911333876	0.08281569369385824	0.07206239438960961	0.051312786392245374	0.05955569784265247	0.061767766619665376	0.08650947705835482	0.05858731251187767	0.07978336521706778	4.147835455966167
UP000193067	0.6763285024154589	275.0	0.01818181818181812	0.014545454545454512	0.02181818181818182	0.04363636363636364	0.029090909090909025	0.01818181818181812	0.02181818181818182	0.01818181818181812	0.047272727272727244	0.036363636363636334	0.04363636363636364	0.05818181818181815	0.1127272727272728	0.08363636363636368	0.10181818181818189	0.09454545454545459	0.08363636363636368	0.047272727272727244	0.01090909090909091	0.09454545454545459	4.020502676290047
UP000007963	0.5683702791461411	466.5	0.02184331291203288	0.016507426151697008	0.013444109863935533	0.05890339072158267	0.058912087259708375	0.03822374298241997	0.02510103481068717	0.04482806643537798	0.03757206421921068	0.03892218257291564	0.03025426613030058	0.048579589592151744	0.08888616187198974	0.07256418113447867	0.05526455126402594	0.059038484874413835	0.0672787477534451	0.09119836807896024	0.05708209545631115	0.07559613591435514	4.173570954401854
UP000002038	0.517125887309011	455.5	0.0180345711524181	0.011895326427503013	0.009981167625207425	0.05950562088998973	0.0639975063923152	0.03857136645708037	0.022717694239571876	0.05620227378474373	0.03764916807630337	0.035750832620510736	0.026370900552003154	0.053280008911145746	0.0804959707940059	0.07661519768629857	0.05258440673975325	0.060698872027012976	0.06429267198576595	0.0911134443106187	0.059369886037602536	0.08087311329014976	4.145264014667665
UP000005222	0.44903055445224116	542.5	0.03871632153195276	0.006012024048096154	0.02766644399910931	0.07030728122912495	0.053746381652193295	0.04670452015141392	0.024103763081718976	0.06883210866176799	0.03815965263861055	0.07492763304386554	0.02510576708973502	0.04316967267869071	0.0632932531730127	0.09443887775551112	0.02607993765308393	0.038660654642618544	0.05524938766421733	0.07334112669784014	0.033121799153863256	0.09836339345357388	4.147338780838322
UP000000560	0.5386284722222222	465.0	0.0202917335862108	0.013699994675781124	0.011178599463466	0.05887483161450316	0.06249024110872383	0.037042187642425554	0.02243448909789483	0.04663386992512497	0.03865202259624771	0.03788987252275255	0.030073159044397633	0.05137498003417935	0.08792783868930444	0.07315831346519139	0.05602279729090636	0.05987251638906427	0.06563879512966395	0.09055928683990927	0.05871426289620492	0.07747020798804811	4.15785581553115
UP000016930	0.5683269476372924	541.0	0.019205134622313772	0.013806808226447432	0.009602567311156886	0.06103398882836259	0.05178641476345914	0.033704855376327766	0.022194177755768214	0.030050112022268125	0.032648728857933414	0.03883981107259438	0.028807701933470663	0.057615403866941424	0.09015033606680437	0.06658253326730465	0.04801283655578453	0.06294280220880487	0.06337694425363555	0.11248487878605776	0.059288058854745224	0.0978659053698192	4.104446648685032
UP000002058	0.516597510373444	446.0	0.01875603643657868	0.01289679017361245	0.01114220889030861	0.06027220697597217	0.05801072394198559	0.03932039028744649	0.023504400091408747	0.05551113922933624	0.03710726633136082	0.03423391606233955	0.029473771543195127	0.04782168230518423	0.08436730144334678	0.07573640029453951	0.05529737174924784	0.05912641290694919	0.06519291475167707	0.09008678459692361	0.06010792779281533	0.0820343541957719	4.152774424794771
UP000030143	0.5297619047619048	466.0	0.024385482040554043	0.016305954858442728	0.013745857840887856	0.05756077970871783	0.05242703706997167	0.04261642209663615	0.025503660551207598	0.03809222235970652	0.03392910384194078	0.03577253532821359	0.030604392661449112	0.0517220733726401	0.0852328441932724	0.07167307352616087	0.05813036990834716	0.0590878987905733	0.06766971266253746	0.10230471762326189	0.05495470295843013	0.07828115860704848	4.165806054953661
UP000005426	0.5845449923741739	455.0	0.028237030680988217	0.02556323388954437	0.009837120573678807	0.05771519339697329	0.0757652370664338	0.03501728902032287	0.03199362579103012	0.052525933530484334	0.028045497959538066	0.03679982021461878	0.03234349222887902	0.04574567519114968	0.09409874916364047	0.06895177972204775	0.056665594083426536	0.05593266220267739	0.05322566640618218	0.07898043301717671	0.06147178850701524	0.07108417735419255	4.18798998608889
UP000016932	0.5421455938697318	360.0	0.02840120860832021	0.019880846025824177	0.016636306660537052	0.04855028827100086	0.060100310111795105	0.030874587135771594	0.022847194480470977	0.053486206731738435	0.032565005707458586	0.04005676954368286	0.032353544631436144	0.056802417216640526	0.09725494947768062	0.07131494230898455	0.051406187581059755	0.05997388551123635	0.0711867750838738	0.0907168016136348	0.04959734329614156	0.06599443000271175	4.181213860630926
UP000009096	0.5122716577738253	460.5	0.023088281173489447	0.015284507972553768	0.01350822919430096	0.05690594280367477	0.05355199273616534	0.04400249084832373	0.025968374641977317	0.046149359012263254	0.03333570596602231	0.036766636649939184	0.029732797592551107	0.06167288058083603	0.0879860876323386	0.07702479722793548	0.05207281551497159	0.05735930329397774	0.06343351507298352	0.09673600910109738	0.05161760942411788	0.07380266356048054	4.168921548985665
UP000000561	0.5572441898661411	495.0	0.021013381803388624	0.01168124546293229	0.010476331064751626	0.06028901693249182	0.05643631414852524	0.034495204584994346	0.02439928786044433	0.050390492803747036	0.03459666368748109	0.04295291300432387	0.025771747802594364	0.04671615915878128	0.10124953232904056	0.06707191003747037	0.05270296074150175	0.05853782155695315	0.06261550990872343	0.09252433263572214	0.05900065284015231	0.08707852163598027	4.135309155602178
UP000094112	0.310229939929188	366.0	0.026171708004890073	0.005490096076681255	0.0065813651738904555	0.05948729102759301	0.06129482265939656	0.0468533199330988	0.04189198310970444	0.08802904050820898	0.06640991217346305	0.05012712722472644	0.03109929423764913	0.07099624243424262	0.05617973314533004	0.03805566597415454	0.0554634706107357	0.059112284464978154	0.06219858847529831	0.08325520696612192	0.03768065941153968	0.0536221883882968	4.163567714043277
UP000002059	0.5095377811795723	459.0	0.01759268698597246	0.011986318365551791	0.009265828129774917	0.05706322816032476	0.06825856281702604	0.03929463480590659	0.021806604991964493	0.05643086916811642	0.03894887562228493	0.03705596646085726	0.026957174408748678	0.05693109513886631	0.08102543369252754	0.07899051025564237	0.04997977431776047	0.05787562167411092	0.06649029158872646	0.09193739686086709	0.05389938428864386	0.07820974226632676	4.142293644399106
UP000094389	0.4353965534054973	345.0	0.029156577885391426	0.007213478611783657	0.008625907990314709	0.0508726795803067	0.0538488700564972	0.04365920096852299	0.043356537530266345	0.0999546004842616	0.052360774818401956	0.036218724778046836	0.03339386602098469	0.06522397094430991	0.056371065375302655	0.04350786924939469	0.05659806295399515	0.06492130750605327	0.07957526230831324	0.08537631154156583	0.027592816787732028	0.06217211460855531	4.1542364580856175
UP000000591	0.5389998766802317	373.0	0.022181071710386663	0.010972551431201898	0.013377689163851833	0.05794493452432469	0.06927900990243238	0.038117869678249455	0.023665464654676362	0.058595220806505026	0.03916784181770814	0.04222803826132977	0.03200958107171311	0.05007652171874768	0.07960583510129407	0.05898721955554657	0.04565641118657058	0.05407026860099566	0.06718060224927459	0.10250045904394978	0.061577303554207784	0.07280610596703391	4.163744230700232
UP000002149	0.5090154283347611	437.5	0.022392612803158168	0.012060454720110003	0.009995174913435288	0.05668729437161671	0.07118334372545458	0.034088227390724236	0.021627098237083336	0.05729698613132615	0.033765172641285444	0.0369289130066179	0.024907460835009793	0.049956275067894386	0.08514948677004043	0.07179236831492072	0.0613588093033036	0.0546175555514771	0.06491077248641242	0.0943114008039886	0.05986652771939548	0.07710406520674577	4.1409259354291175
UP000007978	0.5037191445260976	466.0	0.023716145308826993	0.014163903323399042	0.013410390664755021	0.055546538615369054	0.055253275817533656	0.04080207796571215	0.02801411222783703	0.040021462181400576	0.035417547310424194	0.03989910039897496	0.02741320287593608	0.05881791838214259	0.08987842801623044	0.06982100952259088	0.05260263331088412	0.05695911961000605	0.06559712220671782	0.09429884602301654	0.056712158530587246	0.08165500770765581	4.166787630555882
UP000002258	0.4343712916977981	430.0	0.016460415463748188	0.009331846707839373	0.008606389115638205	0.06061240128671748	0.07162803569396446	0.04066365983867036	0.02006476419223939	0.08015939032243105	0.053850501738974904	0.0394905231554266	0.03254599546142765	0.06621628958310063	0.05878783657471406	0.053465887758045935	0.04278104754396988	0.056048333607837536	0.06236813426247015	0.09602894157661482	0.04422836153658996	0.08666124457957923	4.134008622744946
UP000000598	0.40317774105983706	384.5	0.020566617989642554	0.010627904514991078	0.011723091586669352	0.06304815045850008	0.0700877896223293	0.04163552945860002	0.020783348745356773	0.07640458482676843	0.0547448093535949	0.04199740391118364	0.033683441058906916	0.06316980480064728	0.055391101568619476	0.05005949189630173	0.041909134850196345	0.05699821464712272	0.061581120983545824	0.09825878710252843	0.04575950990008096	0.08157016272441406	4.158803776351844
UP000030651	0.529754657346716	401.0	0.02229268330498463	0.015780943113264514	0.013975910844263705	0.05783903005271546	0.05834022318285827	0.04240030799629357	0.02727104513420478	0.048014569030151576	0.03965993008621532	0.03751715511254011	0.027695113249476426	0.05648447214603384	0.08565516479175672	0.07835517984074059	0.05579822163577292	0.05971015246919995	0.0663587096919297	0.08512154583884853	0.04977426502054565	0.07195537745820385	4.182613303334615
UP000016933	0.5486935866983373	433.0	0.024883395856792414	0.011780822518804732	0.01326526185746258	0.056232555991334025	0.05086965690391358	0.039549974323447035	0.02555872810342768	0.04768881905537585	0.03592321232846795	0.03696446485972789	0.030568366445797454	0.048480613686806076	0.10091813095552295	0.07608777871756595	0.05329503440969719	0.06345062315038066	0.0650650019214598	0.09025016266521252	0.05304432738969612	0.07612306885910779	4.1572735253846425
UP000001471	0.5391849529780565	434.0	0.020223620504016233	0.013681454741385738	0.009471827825278088	0.05993203625651302	0.06750888704273988	0.038987770281155874	0.023145665737474282	0.06499501514879902	0.037024073423157874	0.03418719279728491	0.026558118027395976	0.05222435895685693	0.09034656962356553	0.07150896996817487	0.04847864711508396	0.05860661622391699	0.06658975827580346	0.0862158831535114	0.05860661622391699	0.0717069186739691	4.151305517604624
UP000000599	0.3761976802824004	404.0	0.019910055323163856	0.00994349051383414	0.01064666765238608	0.06416948952068136	0.06986353120985055	0.04115690598303552	0.019977287375479685	0.08168589820088208	0.06282172863669196	0.038383099228603064	0.03312045777421051	0.06865878158292443	0.051782530257676936	0.05330263377778193	0.04196105143930368	0.05470907331086888	0.05651310373166179	0.09406904636241639	0.04096912058964485	0.08635604752890257	4.144770888025647
UP000008062	0.5522365196078431	414.0	0.025535147265306167	0.01125926486881515	0.01530344359052057	0.05886654273826733	0.0546617896855339	0.0367282646172494	0.023700260161179355	0.04077139662758443	0.03763513534853949	0.034498874069494555	0.028498881801859534	0.06221318292309588	0.08173369611563254	0.07037040543009462	0.044437987802211316	0.06073532187281548	0.06517571544324338	0.10506475284800612	0.0631120031112908	0.07969793367926017	4.152995416257583
UP000054270	0.4786585365853658	327.0	0.03363914373088683	0.02446483180428132	0.027522935779816526	0.07033639143730887	0.061162079510703356	0.05198776758409785	0.03363914373088683	0.04281345565749233	0.058103975535168245	0.04587155963302754	0.027522935779816526	0.07645259938837927	0.07951070336391437	0.04281345565749233	0.03975535168195714	0.05504587155963305	0.04892966360856264	0.061162079510703356	0.05504587155963305	0.06422018348623855	4.248371590295145
UP000094569	0.5196998123827392	463.0	0.026089424207966543	0.021412486390987626	0.014579384116216529	0.0572228853815277	0.055361978539852	0.04845178781479501	0.01700928146891933	0.04616804970135249	0.026089424207966543	0.047453124462730305	0.03640122686467904	0.050605008440510496	0.07536672708786582	0.07532681793378575	0.056757658671108775	0.05588763911216361	0.05963296961820925	0.10249416653129713	0.050605008440510496	0.07708495100755552	4.178257332763266
UP000016934	0.5487627365356623	348.0	0.017241379310344824	0.0028735632183908037	0.005747126436781607	0.05747126436781608	0.04022988505747126	0.04885057471264366	0.01436781609195402	0.05459770114942527	0.03448275862068965	0.09195402298850583	0.05459770114942527	0.02298850574712643	0.04597701149425286	0.05747126436781608	0.074712643678161	0.05172413793103447	0.05747126436781608	0.10632183908045983	0.04597701149425286	0.11494252873563225	4.044774774805701
UP000008066	0.5768398268398268	517.0	0.020302276551545484	0.011703802723147768	0.008189565662096816	0.0586690623686001	0.07231196024616118	0.035905236442899606	0.02110421980092552	0.05556305318438015	0.033911722600795405	0.0426859015984832	0.024695296249359688	0.046757301452034224	0.09905227835612071	0.06828652544718995	0.056726677334838424	0.059513383211442374	0.0606991337308355	0.08888899359084892	0.06386910783283263	0.07116450161546231	4.132299621853386
UP000009097	0.5196109857075901	469.0	0.02129036179331037	0.014782495884495626	0.008482293387067564	0.05862097855982568	0.05938270938386273	0.04138415024511719	0.027676938948694756	0.04784235390772635	0.0371443823119057	0.0372834830399573	0.026615696870664864	0.0634186974138522	0.08871794606237152	0.07441236956481562	0.06105173312360153	0.053551104037914785	0.05331994689752882	0.09379317961512745	0.04666377711089355	0.08456540184126632	4.151285192305265
UP000006564	0.5277777777777778	476.0	0.019830642184347477	0.01413731538578353	0.011314061894579616	0.059227517990584524	0.061067553546068666	0.0377726517797095	0.022915408746357096	0.04903772931455492	0.04010915332643432	0.038735183312370115	0.030051554653729273	0.05051956106905811	0.08614391985731297	0.07332930798834278	0.05401489204498456	0.0609372327135563	0.06581032694191326	0.09087144847693333	0.05528542669575668	0.07888911207762282	4.161253895355351
UP000095358	0.3749342368616686	341.0	0.020824254070655236	0.00906267693838683	0.013360671207727801	0.050018015544841504	0.04416725288677656	0.05449616526259797	0.033898392327093636	0.09389873548032877	0.0693032273561759	0.03091295918192266	0.036703670023849125	0.06763035533517497	0.06177959267710997	0.047152686031947534	0.063212257433557	0.04255443268191407	0.07204845323679294	0.08786781737384833	0.02966044987389116	0.07144793507540793	4.156215978580787
UP000001610	0.5841881897848747	1291.5	0.022405572506780998	0.014737042776411776	0.016015638348957497	0.05418153714592344	0.05014776854190783	0.03638179590459222	0.025100552366333424	0.033246034246334474	0.03218874747527293	0.03884415994003306	0.024501332506481	0.05121479871684651	0.10329521934902292	0.07526332772181035	0.048968578899999685	0.05656516721175883	0.07245322777451976	0.10344130070396769	0.05606243432385805	0.08498576353918769	4.130233691912051
UP000002311	0.3977832312893832	395.0	0.021409605483422595	0.010508851621016647	0.013443141359352494	0.05844816664726017	0.06469511779188432	0.044187213697897104	0.021746258081305616	0.07560651216050222	0.05831672589690972	0.038254504433462	0.03450406282233827	0.06658678790275807	0.05448009919316572	0.05123031295442321	0.04324827506564509	0.05796682554152835	0.05750677137056378	0.09704267668782647	0.04573958021995891	0.08507851106877937	4.166041169499357
UP000030669	0.5975437605872389	286.5	0.01487631687599864	0.018321626666367923	0.0134063402857344	0.042539235447928	0.026114057857552494	0.031855717715204505	0.020378573104493296	0.024782197681085177	0.043528032720426116	0.039283150680188596	0.04136975754898027	0.06378611240123556	0.09865819018279771	0.10214804320858253	0.08385923787357333	0.10508531986461933	0.0716822526887841	0.04370513726658265	0.019840447752709853	0.09478025217715551	4.050862044320656
UP000001611	0.5918996731590864	366.5	0.020542944295589963	0.014118565278461536	0.009718240012063922	0.056688421900331014	0.058145623333651635	0.039082022577850435	0.023252954846679382	0.04934250698485557	0.046027803253167486	0.04532606433418218	0.03604463209339954	0.050300076768501685	0.08716133620207205	0.08013416774320113	0.04724533085066172	0.06003044109000009	0.06551892972931263	0.08388082168266307	0.04804310339182294	0.07939601363153208	4.16835302401694
UP000016935	0.5017149984409105	1068.0	0.022471910112359522	0.016853932584269617	0.012172284644194712	0.05898876404494385	0.058052434456928856	0.049625468164794045	0.02059925093632952	0.044007490636704144	0.04307116104868914	0.04307116104868914	0.025280898876404424	0.04588014981273405	0.08988764044943828	0.06554307116104867	0.05711610486891386	0.056179775280898854	0.06179775280898876	0.0983146067415731	0.05711610486891386	0.07397003745318356	4.1670163943048175
UP000008142	0.501727115716753	385.0	0.019033467597685483	0.01679423611560491	0.004649396665083439	0.05598078705201637	0.058221239489103585	0.04680531017751464	0.021690265692018904	0.04908849603983239	0.0447846296416131	0.03358847223120982	0.035347868395701705	0.05166226919371792	0.05707964655794471	0.07837310187282293	0.058221239489103585	0.06050442535142133	0.08105309811228147	0.09244827118875847	0.05038270834681474	0.08429107078975036	4.148757832422782
UP000009138	0.4105960264900662	363.0	0.021721755081188295	0.008297950659569038	0.011918755223119503	0.0652395022739176	0.058631392153482585	0.056524875070123874	0.023106197077607245	0.06584711405777262	0.056524875070123874	0.03163199798897759	0.03269144289769932	0.05955617751867945	0.05993431197911551	0.08475559269773916	0.04455900645506135	0.07151253133871734	0.06533243603784052	0.07233451445755323	0.036626523987237265	0.07325304797447453	4.163807803072257
UP000006701	0.5564304461942258	478.0	0.020152928736066635	0.01324417222768528	0.010397155863833408	0.059284642318133164	0.06354890194773036	0.0372361364544331	0.02351175019207781	0.05038232184016679	0.03771676593312483	0.038964859075383135	0.029021889633159964	0.04809066450141681	0.08965814073245675	0.0707440583044047	0.05480884812987678	0.05860564333591813	0.06506140586599789	0.09118842931638693	0.059798671008752795	0.07858261458299469	4.154333172876935
UP000054279	0.4923371647509578	347.0	0.028818443804034522	0.017291066282420713	0.03170028818443803	0.06916426512968306	0.06051873198847265	0.05763688760806914	0.020172910662824218	0.04899135446685873	0.06051873198847265	0.02593659942363112	0.046109510086455335	0.03746397694524493	0.09798270893371756	0.03458213256484153	0.046109510086455335	0.054755043227665744	0.07780979827089335	0.08357348703170027	0.054755043227665744	0.046109510086455335	4.19617186677543
UP000054317	0.6064382139148494	320.0	0.01875	0.009375	0.015625	0.065625	0.059375	0.0375	0.015625	0.046875	0.025	0.03125	0.0375	0.053125	0.109375	0.06875	0.0625	0.065625	0.084375	0.078125	0.053125	0.0625	4.120380386225827
UP000217790	0.524	356.0	0.027342101453028567	0.022017978351206946	0.009092684637658952	0.05631123651937233	0.05185416953617881	0.044711543603396804	0.024823059476549884	0.04391772061235758	0.0390896599283135	0.035414725880036774	0.029919754742122665	0.05478784074879996	0.09854466390890168	0.06890415224620351	0.05944671958495989	0.057283983407422905	0.07150353887199473	0.089759264226368	0.05047772575943741	0.06479747650568903	4.176698334360343
UP000002428	0.4052658942364824	400.0	0.022550419625855123	0.010133039435648318	0.011009306083988193	0.06342651898945746	0.07155610016214375	0.039697017129765304	0.020294542465217117	0.07805148291849924	0.05655465454103558	0.039697017129765304	0.03424020077381579	0.06425665029565134	0.056206860768480235	0.05160612226869497	0.040829746542028374	0.05659326853835873	0.06199989789174407	0.09595036932689296	0.0471186333757649	0.07822815173719305	4.158540725295181
UP000009297	0.5089875220424034	428.5	0.01916358417941185	0.011289598453736826	0.009512532030463454	0.05933832824719136	0.06591753388442213	0.035734033366610685	0.02283007687311241	0.05976456616888211	0.03736028369166844	0.03990526271450422	0.02733670369752024	0.052209932264042164	0.07908807298908299	0.07040623412835158	0.05163517469876278	0.05695965535650012	0.06496225770939461	0.09099207026159949	0.06306577114515105	0.08252832813959153	4.1474011020844435
UP000001628	0.5139778214140034	444.5	0.018939797187733906	0.01179215374193154	0.010897119011768479	0.056219458540705	0.06648076041799136	0.03833875764959413	0.021815356471234188	0.0530455460150302	0.038563574219304744	0.03725548788670242	0.02718523351075544	0.05634838495691722	0.08022343332762796	0.07998989319490335	0.05162748984856767	0.05752639176159417	0.06263746548899232	0.09089716414331525	0.05738338774816444	0.08283314487716631	4.147420175794544
UP000016936	0.5523535117795642	512.0	0.028065200448615647	0.013700905630218817	0.010833010601720197	0.05654718178563241	0.05490099261287565	0.043268361786485326	0.02467253536602431	0.049718855453159384	0.03953703112945445	0.042405388423997534	0.04378486874470268	0.0545717708339294	0.07865373666091824	0.06214061514668012	0.05601575351528887	0.05771015821339847	0.058783152281478415	0.09522379671356584	0.0588936087554268	0.07057307589642746	4.193658176275279
UP000009328	0.32155596287568	337.5	0.017521841193432357	0.00581818161259912	0.008018405652892678	0.06214453316092055	0.05433641615299417	0.043444252324266644	0.04198970692111688	0.08130649724273496	0.04855632075385074	0.044343278562691504	0.03326243450221805	0.08316167370822937	0.07043996975253691	0.061774220364509885	0.0447700613456516	0.056650300446827256	0.07024820914583235	0.06304479108935297	0.04328503145800465	0.06588387460933738	4.162749277125387
UP000008177	0.4749103942652329	371.0	0.024580905429929294	0.017351227362303035	0.010975080020719959	0.06651303822216173	0.07133802013468003	0.04048619717870712	0.02469393004662001	0.06217523138158599	0.03904026156518191	0.03841278007251996	0.03365086518749687	0.04337806840575764	0.08231310015539998	0.07851868543749273	0.0636211669951113	0.0506077464733839	0.064497491609369	0.07956933015022001	0.04938786009324002	0.058889014078119466	4.184855293441353
UP000030671	0.5390527309189572	294.5	0.021840104537894967	0.030886196246139225	0.011095272036113058	0.05287479211214064	0.04767759562841528	0.031385127108576875	0.02473865526253267	0.04153005464480873	0.051027559990496546	0.04368020907578998	0.03908291755761463	0.05562485150867189	0.09325849370396772	0.07091945830363511	0.06237229745782844	0.07007008790686625	0.06117248752672845	0.07951413637443575	0.031634592539795676	0.07961511047754816	4.185074838838068
UP000018087	0.5546139359698682	353.0	0.039660056657223754	0.008498583569405112	0.019830028328611828	0.06232294617563739	0.09631728045325784	0.04815864022662887	0.01416430594900842	0.05382436260623227	0.04815864022662887	0.05382436260623227	0.039660056657223754	0.08781869688385273	0.05099150141643058	0.05099150141643058	0.025495750708215238	0.05382436260623227	0.04532577903682726	0.08215297450424942	0.0679886685552409	0.05099150141643058	4.166032314011094
UP000002485	0.39598083504449005	378.5	0.02122781404576325	0.011313725068346272	0.014934539654976837	0.054001428889507264	0.06564090637642625	0.045155657071031516	0.02284487112988217	0.06709130403086616	0.05110480982268551	0.03784374419674943	0.03451002171685538	0.06277737690362914	0.0623090394411085	0.04981688618804119	0.04624492307813218	0.054186788485237815	0.06128267745354277	0.09934244555626934	0.049616818372024966	0.08875422251892401	4.172210742990017
UP000006702	0.5457860118664138	469.5	0.01909656714977272	0.014247892500756164	0.010448454500554588	0.059069507161415846	0.06265504775706937	0.036555914764374836	0.022952596055212337	0.04875054285845296	0.039296978774251964	0.03831099983536679	0.029146870602792384	0.048016382299805815	0.08927576412421953	0.07103733195459434	0.055488182035535	0.05873332423888536	0.06584068120513055	0.09102415038777525	0.05891468058325018	0.08113813121078392	4.153134723878017
UP000001631	0.5172890733056709	430.0	0.020095516295330948	0.01235884869730463	0.011007614573065936	0.05660561291529186	0.06405292962775469	0.03813779505613898	0.022830739805689417	0.05693593744689308	0.04104401740667359	0.034834223332487285	0.026702261378727464	0.055198067263194296	0.08171896605639098	0.07739728996687034	0.05341427879011064	0.056675361074138446	0.06488029052185253	0.09029683829468206	0.05791633943099138	0.07789707206641143	4.154942545596559
UP000054321	0.478895096213532	1073.0	0.02609506057781922	0.01304753028890961	0.014911463187325212	0.05964585274930105	0.05871388630009315	0.04287045666356013	0.02702702702702702	0.04100652376514444	0.04659832246039144	0.02516309412861132	0.02516309412861132	0.05964585274930105	0.08853681267474377	0.08014911463187326	0.044734389561975736	0.048462255358807035	0.06616961789375586	0.09785647716682207	0.06430568499534016	0.06989748369058715	4.156727839052633
UP000008181	0.6505982041838184	245.0	0.010791120623675751	0.01948998210484197	0.01746616082687687	0.050747698962507456	0.01962272988442372	0.03532605380087668	0.01757833338575363	0.03173359434435885	0.052696451180537944	0.04966858122594834	0.049526585324155825	0.04688329085185668	0.09518776392019468	0.10637770411665548	0.0878310408556752	0.09337413550788466	0.06759228217369298	0.05530203201578203	0.01857327538007435	0.07423118351422692	4.077699249944916
UP000000724	0.5369041247754119	468.0	0.021560719308693944	0.01513264324608838	0.011866784489519113	0.059262917005623895	0.05920431988775457	0.039806470491390085	0.025465087672431212	0.04646033350021068	0.034698454085585285	0.03949246153117105	0.029521553996366762	0.05060752823282036	0.08553315019522437	0.07106623079039234	0.055771035222743195	0.060735819613407245	0.06513320995568686	0.09126155401047516	0.057863516021471606	0.079556210742944	4.168238246505535
UP000030816	0.5262846065290265	1382.0	0.023002265036987376	0.022624246652385924	0.016546755956862818	0.06037537532922941	0.05815720647487101	0.038066912327394634	0.033672832771427935	0.04217747809491029	0.03981255820100129	0.03081310832531708	0.032148465952222136	0.04661381580362715	0.07499746451083501	0.07787947052839597	0.06032312888582927	0.05151268820244575	0.07317959561252811	0.08538451845682449	0.048789726505235394	0.08392238637166893	4.195894961592772
UP000269793	0.5505215455818518	392.0	0.02569500318161075	0.01483363219520704	0.011828185569636336	0.04743128299813026	0.05078563327640212	0.042421948605403416	0.03808036022227608	0.055018569753084806	0.04973608265415851	0.03482243388590784	0.04249341201069549	0.05323883119477316	0.08374759779206135	0.08922885460015802	0.057673029515076045	0.04743830172543577	0.06507017911093212	0.08250158103014041	0.04415815432746776	0.06379692635144277	4.196803644105088
UP000009882	0.5487243831033041	520.0	0.03127684629700659	0.011737846474049839	0.011728817361377456	0.06059888970045038	0.04086422129257149	0.028170831537719612	0.051646524485819294	0.03323164919056948	0.039587214377178596	0.0657319402546791	0.026817145223249957	0.023457634722754913	0.07278939417739298	0.05399409378062926	0.09774014467814575	0.0566892839133245	0.044960466551947034	0.06646329838113907	0.05864408680688739	0.12386967079310733	4.118634179206614
UP000001640	0.3773087071240105	685.0	0.025054610969415626	0.010129383537843864	0.012804421712800359	0.05046636003379008	0.053907248217912096	0.04328400032992145	0.01665652878938054	0.07578127136147185	0.06265859808154603	0.026650446063008985	0.03206807323713161	0.06995742091539861	0.06450476181904863	0.06218144036828225	0.04969263695834213	0.059631164350010625	0.07328872667327475	0.09759884816434	0.04496675862322707	0.06871729979385352	4.152050680291395
UP000054361	0.552647821851884	364.5	0.020721917129844517	0.013402110605771496	0.012107682188783388	0.060288100007988454	0.05983785910852365	0.03266392473749639	0.029960289210680783	0.039069828856602304	0.028322108345912575	0.046342730555590426	0.024069714908993674	0.051000500485342055	0.08893307052536162	0.07300662776413881	0.06117474994863544	0.051835198600119	0.06404573337542833	0.10055970003946015	0.05791879201908388	0.08473936158624301	4.139768331505673
UP000218811	0.6373268133659332	408.0	0.014705882352941114	0.02450980392156862	0.014705882352941114	0.07843137254901968	0.036764705882352935	0.03921568627450984	0.014705882352941114	0.007352941176470507	0.046568627450980345	0.029411764705882328	0.05147058823529415	0.03921568627450984	0.1102941176470589	0.06617647058823535	0.06862745098039215	0.08088235294117647	0.07352941176470587	0.08333333333333337	0.029411764705882328	0.09068627450980399	4.065533759378444
UP000000741	0.2272727272727272	87.0	0.03448275862068961	0.0	0.0	0.02298850574712641	0.02298850574712641	0.09195402298850575	0.0	0.011494252873563204	0.05747126436781603	0.011494252873563204	0.03448275862068961	0.18390804597701157	0.05747126436781603	0.06896551724137932	0.0	0.02298850574712641	0.06896551724137932	0.20689655172413798	0.02298850574712641	0.08045977011494254	3.5181303873174707
UP000001742	0.28456063907044293	466.0	0.020838687809959514	0.007993581491195867	0.019915043542720785	0.056665415923765	0.06904962365282993	0.05267993881708899	0.018894171337840507	0.09862399135097091	0.08021427984095557	0.029793497915494238	0.04574639048813995	0.10719323323468932	0.032985401496464575	0.0422722605855781	0.030388719694051745	0.05289796529405735	0.046812917208694196	0.0905345229277686	0.03526288281820592	0.06123747456952901	4.109156985366841
UP000184304	0.545591906451189	5073.0	0.024837374334713128	0.01576976148235752	0.01734673763059332	0.06012221565148827	0.05479992115119256	0.030356790853538335	0.025625862408831027	0.02739996057559623	0.027005716538537332	0.04573230829883695	0.023260398186477425	0.04967474866942635	0.09895525330179392	0.05913660555884096	0.05775675142913466	0.06603587620737236	0.07194953676325648	0.10940272028385582	0.06150206978119457	0.07332939089296278	4.13234364192689
UP000000819	0.48168253237851466	276.5	0.030050013313606513	0.009362772216180863	0.018716048720174842	0.054241881939025474	0.0797273083425841	0.04289638316618428	0.01916305715274398	0.07471383948420257	0.039272925473544	0.023534543648133156	0.034174118589060117	0.07103706834368409	0.05467870975063827	0.06947099156902618	0.03475334093802721	0.04413878330485262	0.07032219348651361	0.08799052937675456	0.06610083712790853	0.0756546540571549	4.155849287007669
UP000006706	0.5544747998115873	476.0	0.019971239003165307	0.014067768356932811	0.011453131611845732	0.06035696365100018	0.060522494640952926	0.0360873908471445	0.02294373737486836	0.04610246500610837	0.0394592292213391	0.03822561982820181	0.03009441039216439	0.048824317667821915	0.0876752721832947	0.07405642164195025	0.05385597128735714	0.0629617882548522	0.06677573149640462	0.08867757144953946	0.05629296020190853	0.08159551588314763	4.157381591576474
UP000011064	0.5943474646716542	400.0	0.00985317789376128	0.009755621676991363	0.00492658894688064	0.05172918394224671	0.03202282815472416	0.0246329447344032	0.022169650260962875	0.054192478415687036	0.05172918394224671	0.014779766840641917	0.03448612262816448	0.07143553972976927	0.13055460709233696	0.12070142919857567	0.027096239207843518	0.054192478415687036	0.08128871762353056	0.0492658894688064	0.027096239207843518	0.12809131261889664	3.9301538030501852
UP000031176	0.5352602436323366	484.5	0.022300091469197016	0.01727257055323682	0.013312105354632333	0.06519423683770287	0.05816371777276301	0.03624240917552467	0.030916544159395605	0.046328888797436074	0.039870338280293474	0.03704898678588535	0.0270443662019305	0.04871385256551745	0.09402118007337519	0.07386106395132079	0.04724587085591973	0.05720426362835722	0.07218721338568077	0.08987124010729675	0.048881662546977754	0.0743193974975566	4.170724638894798
