	M	W	C	D	E	F	H	K	N	Q	Y	I	A	G	P	T	V	L	R	S
Start	3774.0	87.0	60.0	469.0	533.0	358.0	217.0	839.0	542.0	400.0	210.0	672.0	751.0	358.0	458.0	891.0	470.0	881.0	699.0	955.0
M	1402.0	624.0	465.0	2717.0	2778.0	2117.0	1108.0	1792.0	1532.0	1709.0	1384.0	2859.0	4779.0	4045.0	2272.0	2814.0	3781.0	5457.0	2801.0	2915.0
W	624.0	510.0	288.0	1572.0	1685.0	1190.0	699.0	1061.0	966.0	1109.0	845.0	1382.0	2657.0	2392.0	1532.0	1525.0	1852.0	2939.0	1817.0	1673.0
C	465.0	288.0	422.0	1119.0	1063.0	880.0	515.0	653.0	639.0	614.0	589.0	1202.0	2000.0	1908.0	928.0	1120.0	1562.0	2231.0	1079.0	1134.0
D	2717.0	1572.0	1119.0	6726.0	7693.0	4837.0	2701.0	5506.0	3884.0	4986.0	3555.0	7103.0	11426.0	8269.0	5247.0	6509.0	9262.0	12328.0	7716.0	6770.0
E	2778.0	1685.0	1063.0	7693.0	9818.0	4794.0	2975.0	6621.0	4034.0	5654.0	3612.0	7106.0	13377.0	9247.0	6338.0	6966.0	9385.0	13473.0	9935.0	7288.0
F	2117.0	1190.0	880.0	4837.0	4794.0	3844.0	1880.0	3259.0	2821.0	2825.0	2533.0	4507.0	7820.0	7241.0	4045.0	4616.0	6256.0	9152.0	4516.0	4986.0
H	1108.0	699.0	515.0	2701.0	2975.0	1880.0	1424.0	1700.0	1460.0	1681.0	1381.0	2657.0	4432.0	3519.0	2243.0	2535.0	3443.0	4869.0	2834.0	2614.0
K	1792.0	1061.0	653.0	5506.0	6621.0	3259.0	1700.0	4876.0	2968.0	3104.0	2566.0	4891.0	8518.0	6022.0	4034.0	4693.0	6267.0	8334.0	5152.0	5006.0
N	1532.0	966.0	639.0	3884.0	4034.0	2821.0	1460.0	2968.0	2644.0	2484.0	2188.0	4187.0	6638.0	5218.0	3021.0	4146.0	5489.0	6788.0	3973.0	4126.0
Q	1709.0	1109.0	614.0	4986.0	5654.0	2825.0	1681.0	3104.0	2484.0	3456.0	2130.0	3942.0	8171.0	5640.0	3716.0	4194.0	5360.0	7905.0	5002.0	4533.0
Y	1384.0	845.0	589.0	3555.0	3612.0	2533.0	1381.0	2566.0	2188.0	2130.0	1956.0	3159.0	5521.0	4962.0	2893.0	3255.0	4312.0	6046.0	3539.0	3508.0
I	2859.0	1382.0	1202.0	7103.0	7106.0	4507.0	2657.0	4891.0	4187.0	3942.0	3159.0	7350.0	11885.0	10310.0	5799.0	7135.0	9414.0	13256.0	6952.0	7011.0
A	4779.0	2657.0	2000.0	11426.0	13377.0	7820.0	4432.0	8518.0	6638.0	8171.0	5521.0	11885.0	26354.0	17738.0	10062.0	11272.0	15235.0	22556.0	12326.0	12669.0
G	4045.0	2392.0	1908.0	8269.0	9247.0	7241.0	3519.0	6022.0	5218.0	5640.0	4962.0	10310.0	17738.0	14552.0	7607.0	9492.0	13721.0	18775.0	9062.0	10431.0
P	2272.0	1532.0	928.0	5247.0	6338.0	4045.0	2243.0	4034.0	3021.0	3716.0	2893.0	5799.0	10062.0	7607.0	5686.0	5560.0	7589.0	10726.0	6168.0	5976.0
T	2814.0	1525.0	1120.0	6509.0	6966.0	4616.0	2535.0	4693.0	4146.0	4194.0	3255.0	7135.0	11272.0	9492.0	5560.0	7248.0	8914.0	12389.0	6464.0	7234.0
V	3781.0	1852.0	1562.0	9262.0	9385.0	6256.0	3443.0	6267.0	5489.0	5360.0	4312.0	9414.0	15235.0	13721.0	7589.0	8914.0	12280.0	16811.0	8724.0	9295.0
L	5457.0	2939.0	2231.0	12328.0	13473.0	9152.0	4869.0	8334.0	6788.0	7905.0	6046.0	13256.0	22556.0	18775.0	10726.0	12389.0	16811.0	26842.0	12889.0	12994.0
R	2801.0	1817.0	1079.0	7716.0	9935.0	4516.0	2834.0	5152.0	3973.0	5002.0	3539.0	6952.0	12326.0	9062.0	6168.0	6464.0	8724.0	12889.0	8868.0	7342.0
S	2915.0	1673.0	1134.0	6770.0	7288.0	4986.0	2614.0	5006.0	4126.0	4533.0	3508.0	7011.0	12669.0	10431.0	5976.0	7234.0	9295.0	12994.0	7342.0	8248.0
End	200.0	172.0	125.0	632.0	1001.0	468.0	308.0	951.0	461.0	548.0	295.0	557.0	1262.0	1048.0	651.0	606.0	839.0	1245.0	1099.0	947.0
