	M	W	C	D	E	F	H	K	N	Q	Y	I	A	G	P	T	V	L	R	S
Start	3314056.0	78746.0	57303.0	453405.0	482807.0	306875.0	195543.0	832558.0	490445.0	349357.0	188706.0	588714.0	788807.0	379555.0	490526.0	901563.0	459870.0	761102.0	712675.0	883264.0
M	1186708.0	545957.0	407447.0	2265079.0	2344467.0	1790315.0	936291.0	1721681.0	1434659.0	1482113.0	1210436.0	2570751.0	4284612.0	3460611.0	1986588.0	2408247.0	3184023.0	4573554.0	2485700.0	2486318.0
W	545957.0	487100.0	262213.0	1549011.0	1512745.0	1047440.0	672354.0	965587.0	888727.0	1015282.0	766847.0	1199165.0	2806133.0	2320782.0	1493622.0	1489571.0	1845509.0	2669238.0	1854775.0	1536428.0
C	407447.0	262213.0	380636.0	1001392.0	943619.0	765083.0	458439.0	639408.0	598842.0	561204.0	526340.0	1078582.0	1891632.0	1715806.0	857145.0	1011491.0	1451993.0	1997809.0	1007223.0	1025949.0
D	2265079.0	1549011.0	1001392.0	6428652.0	6847290.0	4171766.0	2498150.0	4904460.0	3504157.0	4376517.0	3205664.0	6094129.0	12133753.0	8241705.0	5357464.0	6138378.0	8942410.0	11388910.0	8064484.0	6040637.0
E	2344467.0	1512745.0	943619.0	6847290.0	8724354.0	4115756.0	2635008.0	6428572.0	3885084.0	4989123.0	3228552.0	6251364.0	12961055.0	8445618.0	5839405.0	6262614.0	8397459.0	11862999.0	9588831.0	6442863.0
F	1790315.0	1047440.0	765083.0	4171766.0	4115756.0	3410344.0	1607272.0	3154150.0	2703270.0	2504420.0	2292052.0	4188803.0	7076485.0	6226373.0	3546012.0	4033070.0	5380652.0	7921003.0	4080236.0	4396995.0
H	936291.0	672354.0	458439.0	2498150.0	2635008.0	1607272.0	1278512.0	1547279.0	1325450.0	1519284.0	1243175.0	2282193.0	4436090.0	3340545.0	2164789.0	2360456.0	3286174.0	4422856.0	2798970.0	2345479.0
K	1721681.0	965587.0	639408.0	4904460.0	6428572.0	3154150.0	1547279.0	5122556.0	3212262.0	3035568.0	2623128.0	5127756.0	7282322.0	5236808.0	3550951.0	4326373.0	5533516.0	7665818.0	4376590.0	4785612.0
N	1434659.0	888727.0	598842.0	3504157.0	3885084.0	2703270.0	1325450.0	3212262.0	2740850.0	2484907.0	2171993.0	4203412.0	5770186.0	4573586.0	2702299.0	3737760.0	4801276.0	6265244.0	3434961.0	3963637.0
Q	1482113.0	1015282.0	561204.0	4376517.0	4989123.0	2504420.0	1519284.0	3035568.0	2484907.0	3325568.0	1960512.0	3631518.0	7443523.0	5042198.0	3377945.0	3838613.0	4829545.0	7153605.0	4577038.0	4114220.0
Y	1210436.0	766847.0	526340.0	3205664.0	3228552.0	2292052.0	1243175.0	2623128.0	2171993.0	1960512.0	1808046.0	3029069.0	4925049.0	4425988.0	2594185.0	2972441.0	3806110.0	5465294.0	3144994.0	3214946.0
I	2570751.0	1199165.0	1078582.0	6094129.0	6251364.0	4188803.0	2282193.0	5127756.0	4203412.0	3631518.0	3029069.0	7119620.0	10002081.0	8630141.0	4850727.0	6146919.0	8011880.0	11443221.0	5949125.0	6390695.0
A	4284612.0	2806133.0	1891632.0	12133753.0	12961055.0	7076485.0	4436090.0	7282322.0	5770186.0	7443523.0	4925049.0	10002081.0	30849140.0	19432787.0	11485880.0	11818122.0	16451587.0	22523272.0	14763645.0	12114523.0
G	3460611.0	2320782.0	1715806.0	8241705.0	8445618.0	6226373.0	3340545.0	5236808.0	4573586.0	5042198.0	4425988.0	8630141.0	19432787.0	14685026.0	8035476.0	9246737.0	13642138.0	17615948.0	9932781.0	9400689.0
P	1986588.0	1493622.0	857145.0	5357464.0	5839405.0	3546012.0	2164789.0	3550951.0	2702299.0	3377945.0	2594185.0	4850727.0	11485880.0	8035476.0	6570434.0	5698726.0	7716474.0	10134610.0	6899111.0	5618670.0
T	2408247.0	1489571.0	1011491.0	6138378.0	6262614.0	4033070.0	2360456.0	4326373.0	3737760.0	3838613.0	2972441.0	6146919.0	11818122.0	9246737.0	5698726.0	6949012.0	8645139.0	11220088.0	6725461.0	6565472.0
V	3184023.0	1845509.0	1451993.0	8942410.0	8397459.0	5380652.0	3286174.0	5533516.0	4801276.0	4829545.0	3806110.0	8011880.0	16451587.0	13642138.0	7716474.0	8645139.0	12272836.0	15939097.0	9332321.0	8541983.0
L	4573554.0	2669238.0	1997809.0	11388910.0	11862999.0	7921003.0	4422856.0	7665818.0	6265244.0	7153605.0	5465294.0	11443221.0	22523272.0	17615948.0	10134610.0	11220088.0	15939097.0	24115056.0	12938382.0	11475707.0
R	2485700.0	1854775.0	1007223.0	8064484.0	9588831.0	4080236.0	2798970.0	4376590.0	3434961.0	4577038.0	3144994.0	5949125.0	14763645.0	9932781.0	6899111.0	6725461.0	9332321.0	12938382.0	10021330.0	6950919.0
S	2486318.0	1536428.0	1025949.0	6040637.0	6442863.0	4396995.0	2345479.0	4785612.0	3963637.0	4114220.0	3214946.0	6390695.0	12114523.0	9400689.0	5618670.0	6565472.0	8541983.0	11475707.0	6950919.0	7462588.0
End	171696.0	159051.0	119469.0	559965.0	865613.0	404225.0	282262.0	902630.0	441936.0	484355.0	272586.0	517365.0	1361850.0	1055346.0	693235.0	582772.0	754946.0	1074818.0	1165035.0	846683.0
