	AAA	AAC	AAG	AAT	ACA	ACC	ACG	ACT	AGA	AGC	AGG	AGT	ATA	ATC	ATG	ATT	CAA	CAC	CAG	CAT	CCA	CCC	CCG	CCT	CGA	CGC	CGG	CGT	CTA	CTC	CTG	CTT	GAA	GAC	GAG	GAT	GCA	GCC	GCG	GCT	GGA	GGC	GGG	GGT	GTA	GTC	GTG	GTT	TAA	TAC	TAG	TAT	TCA	TCC	TCG	TCT	TGA	TGC	TGG	TGT	TTA	TTC	TTG	TTT
AAA	1384.0	653.0	876.0	647.0	404.0	541.0	284.0	232.0	225.0	430.0	110.0	247.0	321.0	777.0	858.0	614.0	658.0	278.0	543.0	304.0	292.0	323.0	430.0	245.0	159.0	536.0	212.0	213.0	203.0	520.0	691.0	343.0	1755.0	764.0	866.0	853.0	710.0	896.0	567.0	435.0	473.0	862.0	367.0	518.0	408.0	523.0	540.0	402.0	68.0	485.0	31.0	520.0	311.0	336.0	271.0	208.0	36.0	143.0	456.0	86.0	330.0	540.0	435.0	438.0
AAC	653.0	906.0	846.0	444.0	180.0	1021.0	364.0	144.0	103.0	667.0	108.0	160.0	110.0	1457.0	909.0	382.0	354.0	463.0	902.0	244.0	174.0	545.0	720.0	169.0	133.0	1123.0	355.0	288.0	102.0	964.0	1368.0	270.0	1009.0	1143.0	889.0	588.0	351.0	1548.0	601.0	254.0	316.0	1660.0	333.0	426.0	175.0	978.0	774.0	222.0	17.0	751.0	9.0	375.0	148.0	441.0	294.0	114.0	29.0	258.0	669.0	73.0	148.0	999.0	274.0	381.0
AAG	876.0	846.0	1126.0	376.0	215.0	908.0	421.0	147.0	111.0	561.0	103.0	150.0	165.0	1328.0	1003.0	451.0	506.0	489.0	1045.0	273.0	225.0	588.0	703.0	213.0	161.0	1080.0	355.0	306.0	150.0	1022.0	1526.0	320.0	1248.0	1261.0	1141.0	736.0	515.0	1572.0	1025.0	386.0	381.0	1502.0	418.0	431.0	250.0	940.0	1109.0	371.0	46.0	597.0	23.0	272.0	168.0	414.0	312.0	124.0	24.0	175.0	452.0	54.0	175.0	808.0	388.0	336.0
AAT	647.0	444.0	376.0	366.0	195.0	498.0	219.0	158.0	110.0	305.0	57.0	139.0	142.0	781.0	589.0	494.0	357.0	259.0	426.0	258.0	224.0	370.0	460.0	240.0	101.0	411.0	130.0	161.0	114.0	476.0	563.0	310.0	945.0	627.0	529.0	579.0	401.0	1007.0	475.0	346.0	281.0	760.0	220.0	354.0	201.0	637.0	528.0	320.0	18.0	348.0	8.0	311.0	177.0	262.0	187.0	124.0	14.0	125.0	276.0	70.0	203.0	539.0	330.0	438.0
ACA	404.0	180.0	215.0	195.0	172.0	246.0	206.0	108.0	79.0	159.0	56.0	79.0	85.0	243.0	302.0	209.0	194.0	104.0	243.0	98.0	152.0	173.0	328.0	127.0	68.0	196.0	113.0	81.0	62.0	198.0	354.0	136.0	447.0	246.0	288.0	277.0	299.0	373.0	341.0	167.0	232.0	390.0	195.0	206.0	133.0	203.0	273.0	149.0	5.0	126.0	3.0	113.0	124.0	153.0	155.0	91.0	11.0	53.0	182.0	31.0	110.0	196.0	215.0	206.0
ACC	541.0	1021.0	908.0	498.0	246.0	1320.0	613.0	192.0	113.0	753.0	86.0	196.0	124.0	1882.0	1157.0	522.0	306.0	506.0	979.0	336.0	176.0	458.0	678.0	172.0	180.0	1232.0	343.0	368.0	89.0	912.0	1808.0	285.0	1265.0	1350.0	959.0	951.0	584.0	1856.0	903.0	427.0	538.0	2077.0	519.0	637.0	251.0	1271.0	1228.0	388.0	4.0	795.0	3.0	519.0	173.0	580.0	445.0	150.0	16.0	368.0	599.0	117.0	123.0	1160.0	467.0	484.0
ACG	284.0	364.0	421.0	219.0	206.0	613.0	388.0	124.0	73.0	271.0	65.0	107.0	106.0	732.0	747.0	322.0	253.0	260.0	600.0	206.0	202.0	371.0	716.0	178.0	115.0	532.0	240.0	188.0	89.0	557.0	1370.0	243.0	632.0	535.0	562.0	499.0	506.0	912.0	882.0	297.0	365.0	865.0	340.0	375.0	215.0	709.0	1162.0	290.0	3.0	241.0	2.0	179.0	112.0	230.0	248.0	78.0	5.0	102.0	285.0	47.0	84.0	417.0	315.0	214.0
ACT	232.0	144.0	147.0	158.0	108.0	192.0	124.0	86.0	40.0	102.0	27.0	49.0	57.0	258.0	242.0	251.0	179.0	107.0	193.0	113.0	108.0	153.0	219.0	118.0	49.0	159.0	66.0	88.0	51.0	180.0	262.0	139.0	407.0	250.0	231.0	320.0	252.0	380.0	266.0	202.0	151.0	306.0	113.0	195.0	126.0	253.0	243.0	207.0	4.0	153.0	2.0	182.0	123.0	162.0	139.0	121.0	5.0	53.0	126.0	44.0	115.0	246.0	199.0	295.0
AGA	225.0	103.0	111.0	110.0	79.0	113.0	73.0	40.0	62.0	90.0	39.0	45.0	64.0	125.0	137.0	100.0	106.0	50.0	92.0	46.0	55.0	59.0	75.0	36.0	45.0	103.0	47.0	47.0	35.0	87.0	122.0	57.0	214.0	125.0	120.0	109.0	132.0	186.0	114.0	61.0	89.0	148.0	64.0	65.0	63.0	92.0	96.0	56.0	11.0	56.0	6.0	59.0	53.0	62.0	48.0	23.0	11.0	26.0	60.0	15.0	74.0	85.0	89.0	81.0
AGC	430.0	667.0	561.0	305.0	159.0	753.0	271.0	102.0	90.0	530.0	93.0	144.0	88.0	1093.0	793.0	257.0	308.0	419.0	707.0	205.0	136.0	364.0	395.0	97.0	131.0	910.0	277.0	221.0	83.0	652.0	1102.0	210.0	808.0	1062.0	732.0	461.0	335.0	1282.0	527.0	178.0	343.0	1403.0	325.0	371.0	140.0	852.0	688.0	177.0	11.0	582.0	7.0	315.0	125.0	363.0	202.0	75.0	22.0	191.0	476.0	56.0	138.0	811.0	273.0	302.0
AGG	110.0	108.0	103.0	57.0	56.0	86.0	65.0	27.0	39.0	93.0	34.0	29.0	40.0	177.0	128.0	72.0	94.0	74.0	145.0	53.0	54.0	82.0	99.0	30.0	49.0	164.0	66.0	51.0	35.0	154.0	233.0	71.0	180.0	186.0	149.0	104.0	128.0	232.0	151.0	64.0	87.0	197.0	69.0	48.0	51.0	152.0	150.0	56.0	8.0	63.0	6.0	38.0	41.0	56.0	47.0	22.0	9.0	33.0	56.0	12.0	45.0	128.0	86.0	60.0
AGT	247.0	160.0	150.0	139.0	79.0	196.0	107.0	49.0	45.0	144.0	29.0	52.0	53.0	262.0	262.0	187.0	150.0	116.0	191.0	96.0	82.0	115.0	158.0	66.0	47.0	200.0	64.0	70.0	46.0	185.0	243.0	121.0	403.0	326.0	274.0	272.0	212.0	395.0	254.0	131.0	150.0	383.0	117.0	176.0	87.0	265.0	243.0	133.0	8.0	152.0	5.0	159.0	97.0	158.0	130.0	74.0	10.0	69.0	146.0	35.0	107.0	267.0	181.0	269.0
ATA	321.0	110.0	165.0	142.0	85.0	124.0	106.0	57.0	64.0	88.0	40.0	53.0	50.0	117.0	142.0	100.0	128.0	61.0	158.0	64.0	72.0	87.0	156.0	63.0	47.0	117.0	87.0	53.0	37.0	108.0	181.0	78.0	346.0	170.0	236.0	216.0	143.0	227.0	211.0	105.0	122.0	217.0	129.0	112.0	59.0	112.0	129.0	82.0	6.0	61.0	4.0	88.0	82.0	97.0	104.0	64.0	8.0	40.0	129.0	26.0	86.0	129.0	169.0	158.0
ATC	777.0	1457.0	1328.0	781.0	243.0	1882.0	732.0	258.0	125.0	1093.0	177.0	262.0	117.0	2282.0	1440.0	635.0	337.0	633.0	1335.0	417.0	160.0	654.0	865.0	191.0	169.0	1633.0	532.0	499.0	92.0	1015.0	2205.0	344.0	1522.0	2012.0	1624.0	1159.0	524.0	2811.0	1341.0	519.0	451.0	2572.0	702.0	890.0	225.0	1615.0	1643.0	512.0	10.0	841.0	6.0	560.0	171.0	729.0	498.0	181.0	23.0	413.0	749.0	127.0	160.0	1187.0	449.0	565.0
ATG	858.0	909.0	1003.0	589.0	302.0	1157.0	747.0	242.0	137.0	793.0	128.0	262.0	142.0	1440.0	1250.0	519.0	410.0	488.0	1199.0	297.0	226.0	509.0	901.0	237.0	171.0	1103.0	546.0	331.0	119.0	750.0	1917.0	345.0	1263.0	1145.0	1291.0	936.0	662.0	1649.0	1493.0	487.0	475.0	1783.0	716.0	538.0	218.0	1004.0	1476.0	383.0	13.0	514.0	7.0	388.0	205.0	493.0	551.0	186.0	10.0	236.0	581.0	89.0	156.0	852.0	539.0	470.0
ATT	614.0	382.0	451.0	494.0	209.0	522.0	322.0	251.0	100.0	257.0	72.0	187.0	100.0	635.0	519.0	678.0	399.0	289.0	599.0	371.0	238.0	417.0	608.0	320.0	116.0	504.0	238.0	250.0	105.0	449.0	676.0	409.0	1118.0	668.0	765.0	1189.0	522.0	1141.0	728.0	580.0	321.0	794.0	327.0	561.0	219.0	570.0	634.0	508.0	16.0	318.0	7.0	461.0	273.0	414.0	334.0	272.0	9.0	131.0	302.0	112.0	255.0	536.0	491.0	699.0
CAA	658.0	354.0	506.0	357.0	194.0	306.0	253.0	179.0	106.0	308.0	94.0	150.0	128.0	337.0	410.0	399.0	316.0	171.0	512.0	188.0	153.0	190.0	394.0	159.0	103.0	373.0	263.0	168.0	98.0	286.0	747.0	247.0	604.0	312.0	575.0	397.0	342.0	495.0	531.0	295.0	265.0	419.0	337.0	271.0	154.0	188.0	355.0	224.0	23.0	264.0	11.0	407.0	152.0	201.0	240.0	146.0	23.0	106.0	363.0	56.0	167.0	273.0	368.0	313.0
CAC	278.0	463.0	489.0	259.0	104.0	506.0	260.0	107.0	50.0	419.0	74.0	116.0	61.0	633.0	488.0	289.0	171.0	332.0	562.0	276.0	105.0	247.0	443.0	126.0	83.0	605.0	287.0	256.0	56.0	263.0	942.0	193.0	544.0	562.0	583.0	485.0	223.0	691.0	456.0	217.0	211.0	795.0	287.0	329.0	113.0	345.0	307.0	202.0	9.0	355.0	5.0	296.0	80.0	202.0	196.0	82.0	19.0	197.0	386.0	71.0	67.0	473.0	209.0	254.0
CAG	543.0	902.0	1045.0	426.0	243.0	979.0	600.0	193.0	92.0	707.0	145.0	191.0	158.0	1335.0	1199.0	599.0	512.0	562.0	1820.0	427.0	239.0	502.0	1034.0	257.0	206.0	1370.0	769.0	524.0	142.0	710.0	1275.0	502.0	1398.0	1163.0	1766.0	904.0	710.0	1673.0	1740.0	564.0	497.0	1395.0	875.0	578.0	298.0	798.0	1635.0	477.0	22.0	603.0	13.0	484.0	168.0	407.0	495.0	153.0	17.0	254.0	755.0	87.0	156.0	952.0	699.0	449.0
CAT	304.0	244.0	273.0	258.0	98.0	336.0	206.0	113.0	46.0	205.0	53.0	96.0	64.0	417.0	297.0	371.0	188.0	276.0	427.0	256.0	134.0	301.0	419.0	176.0	77.0	369.0	212.0	197.0	67.0	249.0	627.0	239.0	523.0	471.0	576.0	453.0	216.0	640.0	436.0	248.0	204.0	486.0	293.0	287.0	113.0	331.0	493.0	249.0	11.0	241.0	4.0	273.0	102.0	193.0	180.0	113.0	11.0	128.0	244.0	75.0	108.0	371.0	253.0	373.0
CCA	292.0	174.0	225.0	224.0	152.0	176.0	202.0	108.0	55.0	136.0	54.0	82.0	72.0	160.0	226.0	238.0	153.0	105.0	239.0	134.0	126.0	100.0	254.0	91.0	64.0	172.0	120.0	100.0	54.0	105.0	303.0	125.0	286.0	226.0	276.0	292.0	208.0	238.0	281.0	159.0	140.0	206.0	156.0	147.0	87.0	108.0	216.0	149.0	7.0	101.0	4.0	148.0	112.0	113.0	153.0	94.0	26.0	54.0	143.0	37.0	89.0	167.0	208.0	207.0
CCC	323.0	545.0	588.0	370.0	173.0	458.0	371.0	153.0	59.0	364.0	82.0	115.0	87.0	654.0	509.0	417.0	190.0	247.0	502.0	301.0	100.0	100.0	294.0	114.0	79.0	414.0	203.0	229.0	70.0	215.0	859.0	246.0	689.0	707.0	595.0	782.0	330.0	698.0	482.0	327.0	219.0	879.0	188.0	374.0	156.0	356.0	536.0	341.0	4.0	343.0	4.0	346.0	126.0	222.0	274.0	129.0	18.0	179.0	333.0	74.0	77.0	468.0	282.0	294.0
CCG	430.0	720.0	703.0	460.0	328.0	678.0	716.0	219.0	75.0	395.0	99.0	158.0	156.0	865.0	901.0	608.0	394.0	443.0	1034.0	419.0	254.0	294.0	786.0	218.0	135.0	670.0	263.0	395.0	131.0	469.0	2005.0	374.0	1104.0	1021.0	1165.0	1123.0	660.0	796.0	1091.0	481.0	387.0	888.0	609.0	455.0	313.0	614.0	1567.0	512.0	10.0	294.0	5.0	395.0	192.0	291.0	417.0	150.0	10.0	201.0	400.0	90.0	96.0	704.0	526.0	404.0
CCT	245.0	169.0	213.0	240.0	127.0	172.0	178.0	118.0	36.0	97.0	30.0	66.0	63.0	191.0	237.0	320.0	159.0	126.0	257.0	176.0	91.0	114.0	218.0	92.0	54.0	176.0	100.0	120.0	59.0	119.0	319.0	170.0	472.0	341.0	374.0	454.0	251.0	416.0	365.0	261.0	134.0	262.0	146.0	194.0	118.0	201.0	293.0	272.0	6.0	171.0	3.0	268.0	131.0	171.0	188.0	140.0	9.0	70.0	136.0	53.0	126.0	227.0	242.0	280.0
CGA	159.0	133.0	161.0	101.0	68.0	180.0	115.0	49.0	45.0	131.0	49.0	47.0	47.0	169.0	171.0	116.0	103.0	83.0	206.0	77.0	64.0	79.0	135.0	54.0	56.0	192.0	120.0	86.0	41.0	97.0	307.0	90.0	217.0	177.0	252.0	145.0	131.0	228.0	208.0	85.0	122.0	198.0	142.0	98.0	66.0	97.0	173.0	76.0	11.0	107.0	8.0	103.0	58.0	95.0	82.0	40.0	23.0	53.0	134.0	24.0	50.0	134.0	150.0	98.0
CGC	536.0	1123.0	1080.0	411.0	196.0	1232.0	532.0	159.0	103.0	910.0	164.0	200.0	117.0	1633.0	1103.0	504.0	373.0	605.0	1370.0	369.0	172.0	414.0	670.0	176.0	192.0	1378.0	546.0	545.0	116.0	440.0	2164.0	317.0	1133.0	1307.0	1416.0	735.0	432.0	1676.0	898.0	377.0	425.0	1316.0	590.0	532.0	231.0	683.0	1266.0	311.0	15.0	924.0	13.0	516.0	172.0	489.0	460.0	127.0	35.0	384.0	850.0	100.0	95.0	1097.0	480.0	433.0
CGG	212.0	355.0	355.0	130.0	113.0	343.0	240.0	66.0	47.0	277.0	66.0	64.0	87.0	532.0	546.0	238.0	263.0	287.0	769.0	212.0	120.0	203.0	263.0	100.0	120.0	546.0	360.0	242.0	83.0	308.0	1041.0	208.0	675.0	556.0	786.0	370.0	349.0	648.0	736.0	197.0	230.0	515.0	332.0	182.0	170.0	389.0	839.0	210.0	11.0	294.0	7.0	182.0	83.0	139.0	164.0	53.0	11.0	134.0	294.0	37.0	64.0	327.0	357.0	171.0
CGT	213.0	288.0	306.0	161.0	81.0	368.0	188.0	88.0	47.0	221.0	51.0	70.0	53.0	499.0	331.0	250.0	168.0	256.0	524.0	197.0	100.0	229.0	395.0	120.0	86.0	545.0	242.0	252.0	59.0	220.0	717.0	193.0	518.0	573.0	691.0	381.0	223.0	713.0	519.0	212.0	200.0	574.0	263.0	263.0	113.0	324.0	474.0	198.0	10.0	317.0	8.0	244.0	106.0	238.0	255.0	98.0	13.0	129.0	247.0	48.0	87.0	482.0	290.0	293.0
CTA	203.0	102.0	150.0	114.0	62.0	89.0	89.0	51.0	35.0	83.0	35.0	46.0	37.0	92.0	119.0	105.0	98.0	56.0	142.0	67.0	54.0	70.0	131.0	59.0	41.0	116.0	83.0	59.0	34.0	78.0	165.0	80.0	175.0	97.0	156.0	129.0	98.0	118.0	149.0	77.0	79.0	103.0	99.0	76.0	45.0	54.0	103.0	67.0	7.0	68.0	3.0	97.0	65.0	75.0	96.0	62.0	11.0	40.0	119.0	26.0	66.0	100.0	145.0	141.0
CTC	520.0	964.0	1022.0	476.0	198.0	912.0	557.0	180.0	87.0	652.0	154.0	185.0	108.0	1015.0	750.0	449.0	286.0	263.0	710.0	249.0	105.0	215.0	469.0	119.0	97.0	440.0	308.0	220.0	78.0	232.0	1204.0	214.0	917.0	1058.0	552.0	917.0	414.0	1038.0	854.0	350.0	299.0	1099.0	407.0	484.0	187.0	414.0	728.0	290.0	8.0	595.0	6.0	459.0	147.0	423.0	439.0	139.0	16.0	219.0	487.0	83.0	96.0	645.0	371.0	387.0
CTG	691.0	1368.0	1526.0	563.0	354.0	1808.0	1370.0	262.0	122.0	1102.0	233.0	243.0	181.0	2205.0	1917.0	676.0	747.0	942.0	1275.0	627.0	303.0	859.0	2005.0	319.0	307.0	2164.0	1041.0	717.0	165.0	1204.0	4002.0	536.0	2089.0	1771.0	2134.0	1395.0	978.0	2352.0	3106.0	712.0	638.0	2154.0	1313.0	838.0	402.0	1263.0	3014.0	552.0	17.0	770.0	11.0	644.0	251.0	656.0	968.0	205.0	16.0	487.0	1096.0	142.0	145.0	1599.0	948.0	588.0
CTT	343.0	270.0	320.0	310.0	136.0	285.0	243.0	139.0	57.0	210.0	71.0	121.0	78.0	344.0	345.0	409.0	247.0	193.0	502.0	239.0	125.0	246.0	374.0	170.0	90.0	317.0	208.0	193.0	80.0	214.0	536.0	222.0	749.0	463.0	677.0	671.0	359.0	729.0	555.0	378.0	244.0	519.0	362.0	381.0	149.0	288.0	442.0	285.0	13.0	287.0	7.0	438.0	194.0	294.0	286.0	213.0	9.0	120.0	273.0	86.0	184.0	336.0	387.0	384.0
GAA	1755.0	1009.0	1248.0	945.0	447.0	1265.0	632.0	407.0	214.0	808.0	180.0	403.0	346.0	1522.0	1263.0	1118.0	604.0	544.0	1398.0	523.0	286.0	689.0	1104.0	472.0	217.0	1133.0	675.0	518.0	175.0	917.0	2089.0	749.0	2036.0	1477.0	1853.0	1478.0	927.0	2231.0	1472.0	941.0	518.0	1653.0	666.0	928.0	422.0	1046.0	1233.0	778.0	47.0	736.0	24.0	835.0	294.0	582.0	497.0	323.0	34.0	266.0	708.0	159.0	320.0	742.0	672.0	1080.0
GAC	764.0	1143.0	1261.0	627.0	246.0	1350.0	535.0	250.0	125.0	1062.0	186.0	326.0	170.0	2012.0	1145.0	668.0	312.0	562.0	1163.0	471.0	226.0	707.0	1021.0	341.0	177.0	1307.0	556.0	573.0	97.0	1058.0	1771.0	463.0	1477.0	1338.0	1114.0	1137.0	543.0	1821.0	975.0	541.0	467.0	2050.0	510.0	827.0	272.0	796.0	1058.0	430.0	15.0	904.0	11.0	689.0	163.0	541.0	372.0	196.0	34.0	380.0	874.0	139.0	144.0	1125.0	355.0	648.0
GAG	866.0	889.0	1141.0	529.0	288.0	959.0	562.0	231.0	120.0	732.0	149.0	274.0	236.0	1624.0	1291.0	765.0	575.0	583.0	1766.0	576.0	276.0	595.0	1165.0	374.0	252.0	1416.0	786.0	691.0	156.0	552.0	2134.0	677.0	1853.0	1114.0	1262.0	1211.0	754.0	1759.0	1460.0	648.0	483.0	1423.0	559.0	684.0	313.0	998.0	1371.0	559.0	32.0	594.0	20.0	524.0	184.0	447.0	421.0	185.0	29.0	275.0	619.0	122.0	191.0	929.0	605.0	662.0
GAT	853.0	588.0	736.0	579.0	277.0	951.0	499.0	320.0	109.0	461.0	104.0	272.0	216.0	1159.0	936.0	1189.0	397.0	485.0	904.0	453.0	292.0	782.0	1123.0	454.0	145.0	735.0	370.0	381.0	129.0	917.0	1395.0	671.0	1478.0	1137.0	1211.0	1196.0	679.0	1951.0	1210.0	752.0	400.0	1240.0	441.0	711.0	318.0	1078.0	1216.0	736.0	21.0	619.0	12.0	698.0	245.0	516.0	413.0	305.0	23.0	234.0	517.0	157.0	337.0	926.0	585.0	1121.0
GCA	710.0	351.0	515.0	401.0	299.0	584.0	506.0	252.0	132.0	335.0	128.0	212.0	143.0	524.0	662.0	522.0	342.0	223.0	710.0	216.0	208.0	330.0	660.0	251.0	131.0	432.0	349.0	223.0	98.0	414.0	978.0	359.0	927.0	543.0	754.0	679.0	636.0	1094.0	1029.0	506.0	377.0	840.0	423.0	517.0	220.0	407.0	600.0	372.0	19.0	226.0	9.0	274.0	209.0	316.0	382.0	206.0	44.0	112.0	359.0	84.0	200.0	375.0	506.0	484.0
GCC	896.0	1548.0	1572.0	1007.0	373.0	1856.0	912.0	380.0	186.0	1282.0	232.0	395.0	227.0	2811.0	1649.0	1141.0	495.0	691.0	1673.0	640.0	238.0	698.0	796.0	416.0	228.0	1676.0	648.0	713.0	118.0	1038.0	2352.0	729.0	2231.0	1821.0	1759.0	1951.0	1094.0	2998.0	1575.0	1139.0	795.0	1558.0	1001.0	1245.0	377.0	1411.0	1677.0	778.0	13.0	985.0	10.0	924.0	249.0	763.0	637.0	304.0	58.0	625.0	878.0	264.0	180.0	1250.0	622.0	1032.0
GCG	567.0	601.0	1025.0	475.0	341.0	903.0	882.0	266.0	114.0	527.0	151.0	254.0	211.0	1341.0	1493.0	728.0	531.0	456.0	1740.0	436.0	281.0	482.0	1091.0	365.0	208.0	898.0	736.0	519.0	149.0	854.0	3106.0	555.0	1472.0	975.0	1460.0	1210.0	1029.0	1575.0	2240.0	829.0	530.0	1557.0	799.0	818.0	396.0	946.0	2122.0	587.0	19.0	332.0	9.0	456.0	179.0	342.0	571.0	180.0	20.0	217.0	548.0	125.0	133.0	690.0	732.0	510.0
GCT	435.0	254.0	386.0	346.0	167.0	427.0	297.0	202.0	61.0	178.0	64.0	131.0	105.0	519.0	487.0	580.0	295.0	217.0	564.0	248.0	159.0	327.0	481.0	261.0	85.0	377.0	197.0	212.0	77.0	350.0	712.0	378.0	941.0	541.0	648.0	752.0	506.0	1139.0	829.0	624.0	264.0	617.0	278.0	474.0	211.0	492.0	541.0	508.0	18.0	286.0	8.0	413.0	209.0	345.0	351.0	267.0	17.0	123.0	239.0	103.0	203.0	429.0	434.0	653.0
GGA	473.0	316.0	381.0	281.0	232.0	538.0	365.0	151.0	89.0	343.0	87.0	150.0	122.0	451.0	475.0	321.0	265.0	211.0	497.0	204.0	140.0	219.0	387.0	134.0	122.0	425.0	230.0	200.0	79.0	299.0	638.0	244.0	518.0	467.0	483.0	400.0	377.0	795.0	530.0	264.0	216.0	617.0	223.0	292.0	133.0	294.0	347.0	192.0	18.0	257.0	11.0	259.0	165.0	197.0	267.0	121.0	21.0	149.0	319.0	77.0	171.0	364.0	361.0	381.0
GGC	862.0	1660.0	1502.0	760.0	390.0	2077.0	865.0	306.0	148.0	1403.0	197.0	383.0	217.0	2572.0	1783.0	794.0	419.0	795.0	1395.0	486.0	206.0	879.0	888.0	262.0	198.0	1316.0	515.0	574.0	103.0	1099.0	2154.0	519.0	1653.0	2050.0	1423.0	1240.0	840.0	1558.0	1557.0	617.0	617.0	3226.0	708.0	1205.0	353.0	1466.0	1646.0	538.0	14.0	1224.0	11.0	806.0	259.0	951.0	570.0	236.0	36.0	619.0	1032.0	208.0	158.0	1452.0	513.0	822.0
GGG	367.0	333.0	418.0	220.0	195.0	519.0	340.0	113.0	64.0	325.0	69.0	117.0	129.0	702.0	716.0	327.0	337.0	287.0	875.0	293.0	156.0	188.0	609.0	146.0	142.0	590.0	332.0	263.0	99.0	407.0	1313.0	362.0	666.0	510.0	559.0	441.0	423.0	1001.0	799.0	278.0	223.0	708.0	154.0	255.0	185.0	493.0	681.0	260.0	11.0	250.0	9.0	234.0	126.0	249.0	227.0	86.0	16.0	150.0	258.0	71.0	121.0	414.0	352.0	294.0
GGT	518.0	426.0	431.0	354.0	206.0	637.0	375.0	195.0	65.0	371.0	48.0	176.0	112.0	890.0	538.0	561.0	271.0	329.0	578.0	287.0	147.0	374.0	455.0	194.0	98.0	532.0	182.0	263.0	76.0	484.0	838.0	381.0	928.0	827.0	684.0	711.0	517.0	1245.0	818.0	474.0	292.0	1205.0	255.0	646.0	209.0	724.0	673.0	458.0	13.0	444.0	8.0	437.0	219.0	455.0	433.0	226.0	17.0	219.0	309.0	123.0	193.0	728.0	375.0	710.0
GTA	408.0	175.0	250.0	201.0	133.0	251.0	215.0	126.0	63.0	140.0	51.0	87.0	59.0	225.0	218.0	219.0	154.0	113.0	298.0	113.0	87.0	156.0	313.0	118.0	66.0	231.0	170.0	113.0	45.0	187.0	402.0	149.0	422.0	272.0	313.0	318.0	220.0	377.0	396.0	211.0	133.0	353.0	185.0	209.0	90.0	199.0	232.0	167.0	7.0	112.0	5.0	162.0	105.0	162.0	215.0	114.0	13.0	70.0	193.0	48.0	116.0	243.0	263.0	300.0
GTC	523.0	978.0	940.0	637.0	203.0	1271.0	709.0	253.0	92.0	852.0	152.0	265.0	112.0	1615.0	1004.0	570.0	188.0	345.0	798.0	331.0	108.0	356.0	614.0	201.0	97.0	683.0	389.0	324.0	54.0	414.0	1263.0	288.0	1046.0	796.0	998.0	1078.0	407.0	1411.0	946.0	492.0	294.0	1466.0	493.0	724.0	199.0	786.0	1111.0	407.0	7.0	504.0	5.0	537.0	122.0	441.0	429.0	169.0	21.0	306.0	543.0	123.0	86.0	707.0	281.0	525.0
GTG	540.0	774.0	1109.0	528.0	273.0	1228.0	1162.0	243.0	96.0	688.0	150.0	243.0	129.0	1643.0	1476.0	634.0	355.0	307.0	1635.0	493.0	216.0	536.0	1567.0	293.0	173.0	1266.0	839.0	474.0	103.0	728.0	3014.0	442.0	1233.0	1058.0	1371.0	1216.0	600.0	1677.0	2122.0	541.0	347.0	1646.0	681.0	673.0	232.0	1111.0	2226.0	477.0	9.0	369.0	7.0	515.0	148.0	377.0	677.0	167.0	12.0	273.0	602.0	118.0	126.0	811.0	544.0	515.0
GTT	402.0	222.0	371.0	320.0	149.0	388.0	290.0	207.0	56.0	177.0	56.0	133.0	82.0	512.0	383.0	508.0	224.0	202.0	477.0	249.0	149.0	341.0	512.0	272.0	76.0	311.0	210.0	198.0	67.0	290.0	552.0	285.0	778.0	430.0	559.0	736.0	372.0	778.0	587.0	508.0	192.0	538.0	260.0	458.0	167.0	407.0	477.0	426.0	14.0	236.0	7.0	393.0	197.0	310.0	306.0	276.0	11.0	108.0	229.0	96.0	197.0	350.0	343.0	567.0
TAA	68.0	17.0	46.0	18.0	5.0	4.0	3.0	4.0	11.0	11.0	8.0	8.0	6.0	10.0	13.0	16.0	23.0	9.0	22.0	11.0	7.0	4.0	10.0	6.0	11.0	15.0	11.0	10.0	7.0	8.0	17.0	13.0	47.0	15.0	32.0	21.0	19.0	13.0	19.0	18.0	18.0	14.0	11.0	13.0	7.0	7.0	9.0	14.0	0.0	7.0	0.0	11.0	9.0	5.0	8.0	8.0	0.0	3.0	13.0	3.0	11.0	17.0	10.0	22.0
TAC	485.0	751.0	597.0	348.0	126.0	795.0	241.0	153.0	56.0	582.0	63.0	152.0	61.0	841.0	514.0	318.0	264.0	355.0	603.0	241.0	101.0	343.0	294.0	171.0	107.0	924.0	294.0	317.0	68.0	595.0	770.0	287.0	736.0	904.0	594.0	619.0	226.0	985.0	332.0	286.0	257.0	1224.0	250.0	444.0	112.0	504.0	369.0	236.0	7.0	518.0	4.0	386.0	87.0	317.0	162.0	113.0	16.0	207.0	420.0	69.0	80.0	648.0	161.0	328.0
TAG	31.0	9.0	23.0	8.0	3.0	3.0	2.0	2.0	6.0	7.0	6.0	5.0	4.0	6.0	7.0	7.0	11.0	5.0	13.0	4.0	4.0	4.0	5.0	3.0	8.0	13.0	7.0	8.0	3.0	6.0	11.0	7.0	24.0	11.0	20.0	12.0	9.0	10.0	9.0	8.0	11.0	11.0	9.0	8.0	5.0	5.0	7.0	7.0	0.0	4.0	0.0	4.0	5.0	4.0	4.0	3.0	0.0	2.0	8.0	2.0	4.0	9.0	7.0	10.0
TAT	520.0	375.0	272.0	311.0	113.0	519.0	179.0	182.0	59.0	315.0	38.0	159.0	88.0	560.0	388.0	461.0	407.0	296.0	484.0	273.0	148.0	346.0	395.0	268.0	103.0	516.0	182.0	244.0	97.0	459.0	644.0	438.0	835.0	689.0	524.0	698.0	274.0	924.0	456.0	413.0	259.0	806.0	234.0	437.0	162.0	537.0	515.0	393.0	11.0	386.0	4.0	366.0	135.0	297.0	213.0	188.0	10.0	150.0	293.0	89.0	153.0	563.0	257.0	544.0
TCA	311.0	148.0	168.0	177.0	124.0	173.0	112.0	123.0	53.0	125.0	41.0	97.0	82.0	171.0	205.0	273.0	152.0	80.0	168.0	102.0	112.0	126.0	192.0	131.0	58.0	172.0	83.0	106.0	65.0	147.0	251.0	194.0	294.0	163.0	184.0	245.0	209.0	249.0	179.0	209.0	165.0	259.0	126.0	219.0	105.0	122.0	148.0	197.0	9.0	87.0	5.0	135.0	116.0	121.0	121.0	136.0	30.0	49.0	147.0	42.0	107.0	166.0	167.0	262.0
TCC	336.0	441.0	414.0	262.0	153.0	580.0	230.0	162.0	62.0	363.0	56.0	158.0	97.0	729.0	493.0	414.0	201.0	202.0	407.0	193.0	113.0	222.0	291.0	171.0	95.0	489.0	139.0	238.0	75.0	423.0	656.0	294.0	582.0	541.0	447.0	516.0	316.0	763.0	342.0	345.0	197.0	951.0	249.0	455.0	162.0	441.0	377.0	310.0	5.0	317.0	4.0	297.0	121.0	260.0	204.0	148.0	28.0	181.0	300.0	81.0	104.0	539.0	214.0	367.0
TCG	271.0	294.0	312.0	187.0	155.0	445.0	248.0	139.0	48.0	202.0	47.0	130.0	104.0	498.0	551.0	334.0	240.0	196.0	495.0	180.0	153.0	274.0	417.0	188.0	82.0	460.0	164.0	255.0	96.0	439.0	968.0	286.0	497.0	372.0	421.0	413.0	382.0	637.0	571.0	351.0	267.0	570.0	227.0	433.0	215.0	429.0	677.0	306.0	8.0	162.0	4.0	213.0	121.0	204.0	204.0	127.0	10.0	108.0	276.0	64.0	91.0	429.0	265.0	266.0
TCT	208.0	114.0	124.0	124.0	91.0	150.0	78.0	121.0	23.0	75.0	22.0	74.0	64.0	181.0	186.0	272.0	146.0	82.0	153.0	113.0	94.0	129.0	150.0	140.0	40.0	127.0	53.0	98.0	62.0	139.0	205.0	213.0	323.0	196.0	185.0	305.0	206.0	304.0	180.0	267.0	121.0	236.0	86.0	226.0	114.0	169.0	167.0	276.0	8.0	113.0	3.0	188.0	136.0	148.0	127.0	168.0	9.0	52.0	105.0	50.0	142.0	199.0	192.0	315.0
TGA	36.0	29.0	24.0	14.0	11.0	16.0	5.0	5.0	11.0	22.0	9.0	10.0	8.0	23.0	10.0	9.0	23.0	19.0	17.0	11.0	26.0	18.0	10.0	9.0	23.0	35.0	11.0	13.0	11.0	16.0	16.0	9.0	34.0	34.0	29.0	23.0	44.0	58.0	20.0	17.0	21.0	36.0	16.0	17.0	13.0	21.0	12.0	11.0	0.0	16.0	0.0	10.0	30.0	28.0	10.0	9.0	0.0	11.0	11.0	4.0	10.0	27.0	8.0	11.0
TGC	143.0	258.0	175.0	125.0	53.0	368.0	102.0	53.0	26.0	191.0	33.0	69.0	40.0	413.0	236.0	131.0	106.0	197.0	254.0	128.0	54.0	179.0	201.0	70.0	53.0	384.0	134.0	129.0	40.0	219.0	487.0	120.0	266.0	380.0	275.0	234.0	112.0	625.0	217.0	123.0	149.0	619.0	150.0	219.0	70.0	306.0	273.0	108.0	3.0	207.0	2.0	150.0	49.0	181.0	108.0	52.0	11.0	142.0	202.0	48.0	43.0	303.0	103.0	144.0
TGG	456.0	669.0	452.0	276.0	182.0	599.0	285.0	126.0	60.0	476.0	56.0	146.0	129.0	749.0	581.0	302.0	363.0	386.0	755.0	244.0	143.0	333.0	400.0	136.0	134.0	850.0	294.0	247.0	119.0	487.0	1096.0	273.0	708.0	874.0	619.0	517.0	359.0	878.0	548.0	239.0	319.0	1032.0	258.0	309.0	193.0	543.0	602.0	229.0	13.0	420.0	8.0	293.0	147.0	300.0	276.0	105.0	11.0	202.0	494.0	63.0	121.0	697.0	282.0	308.0
TGT	86.0	73.0	54.0	70.0	31.0	117.0	47.0	44.0	15.0	56.0	12.0	35.0	26.0	127.0	89.0	112.0	56.0	71.0	87.0	75.0	37.0	74.0	90.0	53.0	24.0	100.0	37.0	48.0	26.0	83.0	142.0	86.0	159.0	139.0	122.0	157.0	84.0	264.0	125.0	103.0	77.0	208.0	71.0	123.0	48.0	123.0	118.0	96.0	3.0	69.0	2.0	89.0	42.0	81.0	64.0	50.0	4.0	48.0	63.0	30.0	50.0	133.0	81.0	140.0
TTA	330.0	148.0	175.0	203.0	110.0	123.0	84.0	115.0	74.0	138.0	45.0	107.0	86.0	160.0	156.0	255.0	167.0	67.0	156.0	108.0	89.0	77.0	96.0	126.0	50.0	95.0	64.0	87.0	66.0	96.0	145.0	184.0	320.0	144.0	191.0	337.0	200.0	180.0	133.0	203.0	171.0	158.0	121.0	193.0	116.0	86.0	126.0	197.0	11.0	80.0	4.0	153.0	107.0	104.0	91.0	142.0	10.0	43.0	121.0	50.0	126.0	157.0	200.0	312.0
TTC	540.0	999.0	808.0	539.0	196.0	1160.0	417.0	246.0	85.0	811.0	128.0	267.0	129.0	1187.0	852.0	536.0	273.0	473.0	952.0	371.0	167.0	468.0	704.0	227.0	134.0	1097.0	327.0	482.0	100.0	645.0	1599.0	336.0	742.0	1125.0	929.0	926.0	375.0	1250.0	690.0	429.0	364.0	1452.0	414.0	728.0	243.0	707.0	811.0	350.0	17.0	648.0	9.0	563.0	166.0	539.0	429.0	199.0	27.0	303.0	697.0	133.0	157.0	1130.0	346.0	640.0
TTG	435.0	274.0	388.0	330.0	215.0	467.0	315.0	199.0	89.0	273.0	86.0	181.0	169.0	449.0	539.0	491.0	368.0	209.0	699.0	253.0	208.0	282.0	526.0	242.0	150.0	480.0	357.0	290.0	145.0	371.0	948.0	387.0	672.0	355.0	605.0	585.0	506.0	622.0	732.0	434.0	361.0	513.0	352.0	375.0	263.0	281.0	544.0	343.0	10.0	161.0	7.0	257.0	167.0	214.0	265.0	192.0	8.0	103.0	282.0	81.0	200.0	346.0	344.0	449.0
TTT	438.0	381.0	336.0	438.0	206.0	484.0	214.0	295.0	81.0	302.0	60.0	269.0	158.0	565.0	470.0	699.0	313.0	254.0	449.0	373.0	207.0	294.0	404.0	280.0	98.0	433.0	171.0	293.0	141.0	387.0	588.0	384.0	1080.0	648.0	662.0	1121.0	484.0	1032.0	510.0	653.0	381.0	822.0	294.0	710.0	300.0	525.0	515.0	567.0	22.0	328.0	10.0	544.0	262.0	367.0	266.0	315.0	11.0	144.0	308.0	140.0	312.0	640.0	449.0	572.0
