	AAA	AAC	AAG	AAT	ACA	ACC	ACG	ACT	AGA	AGC	AGG	AGT	ATA	ATC	ATG	ATT	CAA	CAC	CAG	CAT	CCA	CCC	CCG	CCT	CGA	CGC	CGG	CGT	CTA	CTC	CTG	CTT	GAA	GAC	GAG	GAT	GCA	GCC	GCG	GCT	GGA	GGC	GGG	GGT	GTA	GTC	GTG	GTT	TAA	TAC	TAG	TAT	TCA	TCC	TCG	TCT	TGA	TGC	TGG	TGT	TTA	TTC	TTG	TTT
Start	1958.0	1570.5	2244.0	1391.5	1340.5	1444.5	898.5	1173.0	1054.5	1466.0	784.0	1118.5	702.0	1262.0	14107.5	1118.5	1235.5	935.0	1575.0	763.0	1317.0	1266.0	981.0	1338.5	659.5	898.5	620.0	624.0	641.0	1573.0	1467.0	1109.5	2204.5	1835.5	2164.5	1727.5	1757.0	1995.5	1513.0	1824.0	1278.5	1297.5	735.0	1032.5	650.0	1135.5	1622.5	1035.0	0.0	895.5	0.0	730.5	1376.0	1783.5	1167.5	1637.0	0.0	781.0	937.5	770.0	720.5	1599.0	1285.0	1504.0
AAA	15602.0	7360.0	13367.0	9359.5	7014.5	4404.0	2484.0	6103.0	6289.5	4909.5	3497.5	5580.5	5135.0	6562.5	8918.5	8771.0	7741.5	3900.5	7035.5	5150.5	6513.5	3341.5	2216.0	5509.0	3053.0	2598.5	2110.0	2360.5	3630.0	5013.0	6746.0	6390.0	15673.5	7486.5	11330.0	11549.0	7549.5	5486.0	2710.5	7795.0	6876.5	4749.5	2969.5	5176.0	4125.5	4793.5	7016.5	6696.5	214.5	4967.0	119.0	5683.5	6619.5	4435.5	2374.0	6450.0	202.5	3376.0	4409.0	4058.5	4800.0	6440.0	7244.0	8440.5
AAC	7360.0	8042.0	9368.0	6304.0	4375.0	5324.0	2871.0	4118.0	3249.5	5014.5	2535.5	3507.5	2846.5	7263.0	6568.5	5534.5	4716.0	4075.0	6690.5	3436.5	4373.5	4245.0	2629.0	4034.0	2203.0	3354.0	2178.5	1994.0	2383.5	6286.5	6265.5	4239.0	8274.5	7800.0	9840.0	7333.5	4934.0	6661.0	2963.0	5603.5	4612.0	5832.5	2917.0	3888.0	2434.0	5512.5	5947.0	4140.0	123.5	5427.0	83.0	3951.0	3845.0	4597.0	2693.5	4088.0	127.0	3216.5	3953.0	2542.0	2675.5	6991.5	4898.5	5019.5
AAG	13367.0	9368.0	19445.0	8137.5	6165.5	6681.5	4231.0	5304.5	5073.0	6829.5	4416.0	4677.0	4107.0	9753.5	9440.5	7777.0	7106.5	5423.0	10119.0	4439.5	5813.5	5430.0	3832.5	5339.5	3383.0	4743.5	3529.5	3107.5	3236.5	8145.0	9695.5	5858.5	13463.5	11338.5	17954.5	10883.0	7342.5	9489.0	4847.5	8262.5	6255.0	7893.0	4446.5	5735.0	3548.0	7810.5	9498.5	6165.0	210.0	7017.0	179.0	5032.5	4716.0	5673.0	3851.5	5399.5	253.0	4232.0	5443.0	3311.0	3966.5	8955.0	7271.5	6804.0
AAT	9359.5	6304.0	8137.5	7885.0	5486.0	3802.5	2073.5	4783.0	4241.0	3822.5	2522.0	4455.5	3724.5	5451.0	6534.0	6784.0	5515.0	3136.5	5848.0	4063.0	5074.5	2702.5	1905.5	4301.0	2081.0	1899.5	1645.5	1698.5	2705.0	4114.0	5189.5	4754.0	10437.0	6078.5	7613.0	8663.0	5397.5	4370.0	2331.0	5760.0	5270.5	3935.0	2397.5	3953.0	3097.0	4026.0	5342.0	5096.0	126.5	4155.0	73.0	4730.5	4801.5	3685.0	2061.5	5018.0	126.0	2588.5	3527.0	3266.0	3763.0	5563.0	5413.0	6515.5
ACA	7014.5	4375.0	6165.5	5486.0	5042.0	3476.5	2065.0	4124.5	3086.5	3173.5	1798.0	3332.0	2810.5	4141.5	4789.0	4859.5	4368.5	2430.0	4250.5	3005.0	4430.5	2571.5	1865.5	3806.5	1808.0	1799.0	1348.0	1484.0	2064.5	3518.0	3824.0	3685.5	8126.0	4717.0	6215.0	6653.0	4760.0	3964.0	2025.0	4941.5	4048.0	3462.5	1884.0	3339.5	2464.0	3285.0	4105.0	3912.5	90.0	3033.0	58.0	3359.5	4139.5	3042.5	2029.5	4063.0	96.5	1987.5	2605.0	2377.0	2671.0	4140.5	3989.0	4613.0
ACC	4404.0	5324.0	6681.5	3802.5	3476.5	5183.0	2539.5	3406.0	1980.0	3683.0	1795.5	2258.5	1911.0	5489.0	4522.0	3824.0	3663.0	3185.0	4867.5	2374.5	3470.5	3924.5	2487.5	3323.0	1710.0	2912.0	1653.0	1665.5	1799.5	5170.5	4527.5	3124.5	5388.0	5822.0	6947.0	5371.5	3880.0	5918.5	2664.0	4609.5	3286.5	4870.5	2202.0	3308.0	1727.0	4441.5	4033.5	3166.5	77.5	3777.5	56.5	2517.5	2866.5	4278.0	2354.0	3440.0	86.5	2213.0	2832.0	1595.5	1656.5	5150.0	3330.5	3267.0
ACG	2484.0	2871.0	4231.0	2073.5	2065.0	2539.5	1981.0	1775.0	1277.0	2520.0	1446.5	1506.5	1090.5	2938.0	2992.5	2112.0	2048.5	1904.5	3456.0	1444.5	2040.0	2139.5	1862.0	2007.0	1073.0	1712.5	1369.0	998.5	965.5	2692.5	3603.0	1809.5	3198.5	3551.0	4912.5	3226.0	2318.0	3340.0	2109.5	2641.5	2052.0	2972.0	1876.5	1893.0	972.0	2272.0	3185.0	1869.5	41.0	2152.0	41.0	1398.0	1750.0	2256.0	1657.5	1863.0	64.0	1445.0	1914.5	1034.5	846.5	2903.0	2158.5	2067.0
ACT	6103.0	4118.0	5304.5	4783.0	4124.5	3406.0	1775.0	4177.0	2811.5	2896.5	1668.0	3061.0	2366.5	3954.0	4234.0	4373.0	3933.5	2156.0	3987.5	2711.0	3784.5	2458.0	1697.0	3589.5	1622.0	1682.5	1254.5	1434.0	1748.5	3386.5	3568.5	3363.0	6857.5	4288.5	5334.0	5959.5	3952.0	3899.5	1845.5	4729.5	3672.0	3361.5	1825.5	3176.0	2136.0	3247.0	3628.5	3728.5	83.0	2709.0	55.0	3016.5	3637.0	2950.5	1912.0	3951.0	89.0	1740.5	2355.5	2041.5	2399.0	3819.5	3622.0	3974.0
AGA	6289.5	3249.5	5073.0	4241.0	3086.5	1980.0	1277.0	2811.5	3761.0	2295.0	2054.5	2591.5	2199.0	2875.5	3583.5	3747.5	3548.5	1798.0	3092.5	2346.5	3045.0	1609.5	1221.0	2636.0	1702.0	1349.5	1094.5	1346.5	1483.0	2236.0	2746.5	2658.5	6983.5	3558.0	4962.0	5359.0	3373.0	2551.5	1464.0	3635.0	3140.0	2267.5	1459.0	2569.0	1824.5	2305.0	2889.0	2914.5	100.0	2256.0	60.0	2710.5	2752.5	1964.5	1289.5	3020.5	110.5	1497.0	2014.0	1816.5	2298.0	2798.0	3226.0	3530.0
AGC	4909.5	5014.5	6829.5	3822.5	3173.5	3683.0	2520.0	2896.5	2295.0	4564.0	2093.5	3095.0	1918.0	4599.0	4677.0	3503.0	3438.5	2793.0	4732.5	2233.5	3268.0	3065.0	2437.5	3041.5	1772.0	2634.5	1740.5	1628.5	1657.0	4310.5	4340.5	2881.0	5686.0	5790.5	7168.0	5204.5	3874.5	4875.5	2911.5	4203.0	3433.0	4667.5	2404.0	3148.5	1707.0	3882.5	4141.5	2892.0	82.0	3387.0	73.0	2282.0	2876.5	3586.0	2578.0	3220.0	110.0	2026.5	2755.5	1668.5	1680.0	4537.5	3178.5	3282.0
AGG	3497.5	2535.5	4416.0	2522.0	1798.0	1795.5	1446.5	1668.0	2054.5	2093.5	2180.0	1689.0	1341.0	2502.0	2764.0	2210.0	2073.5	1573.0	3027.0	1452.5	1901.5	1579.5	1412.5	1794.0	1199.5	1366.0	1303.0	1014.0	949.0	2219.0	2938.0	1771.0	4296.0	3316.5	5134.5	3442.0	2287.0	2712.0	1838.5	2550.0	2166.5	2388.0	1870.0	1663.5	1081.0	2097.5	2696.5	1849.5	64.0	1876.5	63.0	1602.0	1614.5	1641.5	1323.0	1738.0	109.5	1187.0	1682.0	1052.5	1190.0	2371.5	2138.0	2047.0
AGT	5580.5	3507.5	4677.0	4455.5	3332.0	2258.5	1506.5	3061.0	2591.5	3095.0	1689.0	3587.0	2113.0	3051.5	3898.5	3857.0	3466.5	1824.5	3413.0	2445.5	3088.0	1785.5	1448.0	2794.0	1466.0	1408.0	1150.0	1265.0	1514.0	2390.0	3147.5	2771.5	6546.0	3629.0	4976.0	5559.0	3405.0	2858.5	1642.0	3744.0	3265.5	2727.5	1785.5	2982.0	1938.5	2394.0	3388.5	3145.0	74.0	2246.0	53.0	2603.0	3371.0	2388.0	1631.0	3302.0	94.5	1562.0	2021.0	1902.5	2171.0	2949.5	3341.0	3604.0
ATA	5135.0	2846.5	4107.0	3724.5	2810.5	1911.0	1090.5	2366.5	2199.0	1918.0	1341.0	2113.0	1945.0	2558.0	3189.5	3213.0	2843.0	1517.5	3064.5	1992.5	2655.0	1426.5	989.5	2253.5	1025.5	909.5	871.5	838.0	1348.5	2072.0	2753.0	2400.0	5664.0	3069.5	4017.0	4501.0	2761.5	2241.0	1135.0	2853.0	2881.5	2044.5	1330.5	1955.0	1479.5	1801.0	2551.5	2336.5	65.0	1901.5	41.0	2255.0	2380.5	1882.0	1063.5	2564.0	69.0	1230.0	1648.0	1527.5	1858.5	2523.5	2484.0	3203.0
ATC	6562.5	7263.0	9753.5	5451.0	4141.5	5489.0	2938.0	3954.0	2875.5	4599.0	2502.0	3051.5	2558.0	7471.0	6310.0	5154.5	4557.5	4121.0	6738.0	3279.5	4068.0	4510.0	2739.5	4011.5	2221.0	3610.0	2232.0	1991.0	2329.0	6540.5	6196.0	4298.0	8196.0	8277.5	10250.5	7531.5	4965.5	7236.0	2982.5	5754.5	4830.0	6571.5	3209.5	4239.5	2228.5	5688.0	5425.0	3940.0	96.0	5221.0	74.5	3513.0	3586.0	4891.0	2580.5	3996.5	117.0	2872.5	3985.0	2114.0	2293.0	7265.5	4479.0	4579.0
ATG	8918.5	6568.5	9440.5	6534.0	4789.0	4522.0	2992.5	4234.0	3583.5	4677.0	2764.0	3898.5	3189.5	6310.0	7905.0	5946.5	5503.0	3723.0	7222.5	3668.0	4719.0	3997.0	2890.0	4204.0	2479.5	3211.5	2360.0	2143.5	2480.0	5579.0	6412.0	4320.0	9873.0	7613.0	10527.0	8338.0	5320.5	6384.0	3381.5	6036.0	5210.5	5933.5	3261.5	4566.5	2755.5	5134.0	6577.5	4573.0	117.0	4820.0	89.5	4222.0	4114.5	4103.5	2909.0	4256.0	140.0	2973.5	3781.5	2714.5	3017.5	6400.5	5220.5	5680.0
ATT	8771.0	5534.5	7777.0	6784.0	4859.5	3824.0	2112.0	4373.0	3747.5	3503.0	2210.0	3857.0	3213.0	5154.5	5946.5	6187.0	5028.5	2888.0	5521.5	3660.5	4552.5	2839.0	1964.5	3925.0	2034.0	1998.0	1651.0	1759.5	2291.5	4214.0	4830.0	4374.0	9823.5	6076.0	7828.0	8336.0	4850.5	4819.5	2313.0	5697.0	5175.0	4529.0	2545.0	4108.5	2665.0	4020.5	4723.5	4570.5	112.0	3703.0	69.0	4192.0	4082.0	3302.0	2117.0	4413.0	110.0	2241.5	3160.0	2792.0	3273.5	5113.0	4829.5	5735.5
CAA	7741.5	4716.0	7106.5	5515.0	4368.5	3663.0	2048.5	3933.5	3548.5	3438.5	2073.5	3466.5	2843.0	4557.5	5503.0	5028.5	6327.0	3036.0	6534.0	3350.0	4662.0	3121.5	2230.5	4168.0	2100.0	2072.0	1676.5	1814.5	2386.0	4238.0	4720.5	4199.0	9488.5	5252.5	7317.0	6586.0	4696.0	4940.5	2397.5	5167.5	4125.0	3774.0	2029.0	3321.0	2404.5	3569.5	4396.0	3804.5	105.0	3335.0	65.0	3482.0	3901.5	3461.0	2206.5	4200.0	110.0	2114.0	2884.0	2422.5	3059.5	4425.5	4346.0	4847.5
CAC	3900.5	4075.0	5423.0	3136.5	2430.0	3185.0	1904.5	2156.0	1798.0	2793.0	1573.0	1824.5	1517.5	4121.0	3723.0	2888.0	3036.0	3533.0	4082.0	2559.0	2621.5	2918.0	1997.0	2565.0	1478.0	2458.5	1470.0	1468.5	1434.0	4069.0	3829.5	2509.5	4433.5	4852.0	5769.0	4161.5	2958.5	4279.5	2152.0	3236.5	2597.0	3696.5	1848.0	2402.0	1380.5	3390.0	3312.0	2382.5	63.0	3196.5	48.0	2111.5	2134.5	2931.0	1857.5	2331.5	80.0	1958.5	2358.5	1476.5	1359.5	4126.5	2744.0	2824.0
CAG	7035.5	6690.5	10119.0	5848.0	4250.5	4867.5	3456.0	3987.5	3092.5	4732.5	3027.0	3413.0	3064.5	6738.0	7222.5	5521.5	6534.0	4082.0	9679.0	3735.5	4631.5	4294.0	3588.5	4450.5	2556.0	3890.5	2645.5	2528.5	2593.5	6314.5	7013.5	4690.0	8884.5	7882.5	11520.0	7882.0	5838.0	7263.0	4341.0	6616.0	4848.0	6259.5	3439.0	4377.5	2591.5	5750.0	6029.0	4517.5	113.5	4940.5	103.0	3726.5	3829.0	4442.0	3406.5	4077.0	147.0	2883.5	4049.0	2351.0	2901.5	6546.0	5305.5	4881.0
CAT	5150.5	3436.5	4439.5	4063.0	3005.0	2374.5	1444.5	2711.0	2346.5	2233.5	1452.5	2445.5	1992.5	3279.5	3668.0	3660.5	3350.0	2559.0	3735.5	3178.0	3099.5	2013.0	1569.0	2709.5	1473.5	1573.0	1242.0	1308.5	1566.5	2827.0	3336.0	2858.0	5824.0	3742.0	4578.0	5015.5	3163.5	3064.0	1652.0	3533.0	3012.5	2767.0	1601.0	2614.5	1713.5	2646.0	3060.5	2867.5	73.0	2516.5	48.0	2779.5	2757.5	2234.5	1537.0	2790.5	83.0	1599.0	2152.0	1910.5	2083.5	3266.5	3088.0	3550.0
CCA	6513.5	4373.5	5813.5	5074.5	4430.5	3470.5	2040.0	3784.5	3045.0	3268.0	1901.5	3088.0	2655.0	4068.0	4719.0	4552.5	4662.0	2621.5	4631.5	3099.5	6296.0	3552.5	2903.5	5078.0	1978.5	2033.0	1432.0	1657.0	2018.0	3716.0	3931.5	3570.0	7390.5	4790.0	5827.0	6353.0	4728.5	4124.5	2226.5	4746.0	3814.5	3520.5	1925.0	3490.5	2368.0	3395.5	4147.5	3894.0	96.0	3196.5	64.0	3348.5	4229.5	3294.5	2210.5	4094.0	99.5	1991.0	2626.0	2235.5	2546.0	4248.0	3870.5	4373.5
CCC	3341.5	4245.0	5430.0	2702.5	2571.5	3924.5	2139.5	2458.0	1609.5	3065.0	1579.5	1785.5	1426.5	4510.0	3997.0	2839.0	3121.5	2918.0	4294.0	2013.0	3552.5	4541.0	2774.0	3620.0	1515.5	2732.0	1492.5	1494.5	1421.0	4486.0	3792.0	2616.0	4246.5	5071.5	5758.5	4080.0	3173.5	5238.5	2511.5	3842.0	2578.5	4177.5	1823.0	2633.0	1334.0	3733.0	3237.0	2587.5	67.0	3384.5	51.0	1936.5	2356.5	3733.0	2265.5	2844.0	75.5	1742.0	2444.5	1210.0	1135.5	4455.0	2531.5	2644.5
CCG	2216.0	2629.0	3832.5	1905.5	1865.5	2487.5	1862.0	1697.0	1221.0	2437.5	1412.5	1448.0	989.5	2739.5	2890.0	1964.5	2230.5	1997.0	3588.5	1569.0	2903.5	2774.0	2958.0	2782.0	1219.0	1977.5	1429.5	1084.0	987.0	2823.0	3412.0	1793.0	3084.0	3604.0	4658.5	3113.5	2417.0	3495.5	2493.0	2806.0	2065.5	2982.5	1838.5	1896.5	973.0	2407.0	2999.5	1839.5	41.0	2198.0	45.0	1432.0	1756.0	2447.0	2022.0	1962.5	72.0	1359.0	1885.5	992.0	752.0	3029.0	2060.5	1980.5
CCT	5509.0	4034.0	5339.5	4301.0	3806.5	3323.0	2007.0	3589.5	2636.0	3041.5	1794.0	2794.0	2253.5	4011.5	4204.0	3925.0	4168.0	2565.0	4450.5	2709.5	5078.0	3620.0	2782.0	5336.0	1822.0	2104.0	1453.5	1693.5	1751.0	3553.5	3637.0	3289.0	6408.5	4669.5	5784.0	5724.0	4090.0	4289.0	2255.0	4695.5	3608.5	3706.0	2011.0	3260.5	2023.5	3525.0	3432.5	3569.5	87.5	3049.0	62.0	2864.0	3411.5	3312.5	2157.0	4024.0	94.0	1808.0	2430.0	1968.5	2202.0	4039.0	3314.0	3828.0
CGA	3053.0	2203.0	3383.0	2081.0	1808.0	1710.0	1073.0	1622.0	1702.0	1772.0	1199.5	1466.0	1025.5	2221.0	2479.5	2034.0	2100.0	1478.0	2556.0	1473.5	1978.5	1515.5	1219.0	1822.0	1339.0	1473.0	1143.0	1128.5	1064.0	2205.5	2356.0	1822.0	3729.0	2877.5	3787.0	2990.0	2194.0	2521.0	1326.0	2478.0	2058.0	2157.0	1255.5	1611.0	1019.5	1811.0	2123.5	1616.0	45.0	1634.0	36.0	1458.0	1581.5	1733.5	1169.0	1844.0	65.0	1105.5	1550.5	1061.0	1017.5	2274.0	1846.5	2045.5
CGC	2598.5	3354.0	4743.5	1899.5	1799.0	2912.0	1712.5	1682.5	1349.5	2634.5	1366.0	1408.0	909.5	3610.0	3211.5	1998.0	2072.0	2458.5	3890.5	1573.0	2033.0	2732.0	1977.5	2104.0	1473.0	3103.0	1622.0	1413.0	1078.0	3872.5	3777.5	1951.0	3465.5	4468.0	5568.0	2991.5	2400.5	4465.5	2306.0	2948.0	2102.5	3664.0	1541.0	1902.0	900.0	2926.0	2877.0	1741.0	45.5	2664.0	44.0	1444.0	1602.0	2842.5	1726.5	2010.5	67.5	1669.5	2144.0	942.5	737.0	3573.5	2011.0	2090.0
CGG	2110.0	2178.5	3529.5	1645.5	1348.0	1653.0	1369.0	1254.5	1094.5	1740.5	1303.0	1150.0	871.5	2232.0	2360.0	1651.0	1676.5	1470.0	2645.5	1242.0	1432.0	1492.5	1429.5	1453.5	1143.0	1622.0	1405.0	1034.5	857.0	2090.0	2492.0	1563.5	2799.5	2894.0	4268.5	2669.5	1899.5	2483.0	1829.0	2107.5	1612.5	2190.0	1523.5	1487.5	802.0	1822.5	2336.5	1460.5	37.0	1664.0	39.0	1180.5	1210.5	1586.0	1357.5	1371.5	68.0	1045.5	1514.0	774.5	724.5	2265.0	1779.5	1614.0
CGT	2360.5	1994.0	3107.5	1698.5	1484.0	1665.5	998.5	1434.0	1346.5	1628.5	1014.0	1265.0	838.0	1991.0	2143.5	1759.5	1814.5	1468.5	2528.5	1308.5	1657.0	1494.5	1084.0	1693.5	1128.5	1413.0	1034.5	1319.0	888.5	2047.0	2246.5	1657.5	3056.5	2577.0	3566.5	2512.5	1997.0	2531.0	1208.5	2321.0	1736.0	2087.0	1098.0	1746.5	837.5	1774.0	2038.5	1536.5	41.0	1520.5	32.0	1230.5	1320.5	1619.5	1100.5	1602.0	51.0	1069.0	1400.0	999.5	838.5	2111.0	1640.5	1742.5
CTA	3630.0	2383.5	3236.5	2705.0	2064.5	1799.5	965.5	1748.5	1483.0	1657.0	949.0	1514.0	1348.5	2329.0	2480.0	2291.5	2386.0	1434.0	2593.5	1566.5	2018.0	1421.0	987.0	1751.0	1064.0	1078.0	857.0	888.5	1206.0	2170.0	2264.5	1932.0	4212.5	2843.0	3468.5	3416.5	2278.0	2376.0	1125.0	2430.5	1957.5	2041.5	1041.5	1634.0	1143.5	1806.0	2013.5	1788.0	46.0	1659.5	32.0	1679.0	1850.5	1704.0	1049.0	1881.5	50.0	1038.5	1434.5	1104.0	1411.5	2355.5	2021.0	2246.5
CTC	5013.0	6286.5	8145.0	4114.0	3518.0	5170.5	2692.5	3386.5	2236.0	4310.5	2219.0	2390.0	2072.0	6540.5	5579.0	4214.0	4238.0	4069.0	6314.5	2827.0	3716.0	4486.0	2823.0	3553.5	2205.5	3872.5	2090.0	2047.0	2170.0	7347.0	5968.0	4055.5	6914.0	7328.0	8936.5	6248.5	4544.0	7164.0	3224.5	5285.5	3734.0	5695.5	2635.5	3631.0	1907.5	5385.0	4838.0	3416.5	80.0	4538.0	66.0	2751.5	3175.5	4963.0	2554.0	3616.0	100.5	2715.5	3600.5	1752.5	1781.0	6753.0	3717.0	4014.0
CTG	6746.0	6265.5	9695.5	5189.5	3824.0	4527.5	3603.0	3568.5	2746.5	4340.5	2938.0	3147.5	2753.0	6196.0	6412.0	4830.0	4720.5	3829.5	7013.5	3336.0	3931.5	3792.0	3412.0	3637.0	2356.0	3777.5	2492.0	2246.5	2264.5	5968.0	7000.0	4275.5	8410.5	8280.5	10924.5	7689.5	4979.0	6533.0	4332.5	5845.0	4431.0	6048.5	3324.0	4158.0	2342.0	5330.0	5831.5	4243.0	89.5	4584.0	81.0	3275.5	3341.0	4037.0	3301.5	3625.0	120.0	2601.5	3836.5	2192.0	2353.0	6281.5	5045.0	4814.0
CTT	6390.0	4239.0	5858.5	4754.0	3685.5	3124.5	1809.5	3363.0	2658.5	2881.0	1771.0	2771.5	2400.0	4298.0	4320.0	4374.0	4199.0	2509.5	4690.0	2858.0	3570.0	2616.0	1793.0	3289.0	1822.0	1951.0	1563.5	1657.5	1932.0	4055.5	4275.5	3738.0	7466.5	5220.0	6527.0	6256.5	4079.0	4440.0	2122.5	4685.0	3773.0	3753.0	1920.0	3166.0	2021.0	3545.5	3527.5	3591.5	84.5	2970.5	54.0	3009.5	3273.5	3058.0	1922.5	3654.0	92.0	1829.0	2564.5	2034.0	2398.5	4424.5	3756.5	4377.0
GAA	15673.5	8274.5	13463.5	10437.0	8126.0	5388.0	3198.5	6857.5	6983.5	5686.0	4296.0	6546.0	5664.0	8196.0	9873.0	9823.5	9488.5	4433.5	8884.5	5824.0	7390.5	4246.5	3084.0	6408.5	3729.0	3465.5	2799.5	3056.5	4212.5	6914.0	8410.5	7466.5	20974.0	10328.5	15179.0	14555.5	8784.5	7396.5	3876.0	9417.0	7581.0	6221.5	3695.0	6252.0	4881.5	6393.5	8316.5	7792.0	192.5	5848.5	114.0	6486.5	7077.0	4989.0	3183.5	7176.5	198.5	3753.0	5358.0	4814.0	5628.5	7804.5	8525.0	9017.0
GAC	7486.5	7800.0	11338.5	6078.5	4717.0	5822.0	3551.0	4288.5	3558.0	5790.5	3316.5	3629.0	3069.5	8277.5	7613.0	6076.0	5252.5	4852.0	7882.5	3742.0	4790.0	5071.5	3604.0	4669.5	2877.5	4468.0	2894.0	2577.0	2843.0	7328.0	8280.5	5220.0	10328.5	11397.0	13229.5	9665.0	5912.5	7923.0	4068.5	6604.0	5175.5	7065.5	3882.0	4765.5	2798.0	6623.5	7242.0	4756.0	110.0	6258.5	101.5	4171.0	4197.0	5304.0	3276.0	4727.5	155.0	3605.0	5200.5	2671.5	2721.0	7920.5	5573.0	5572.5
GAG	11330.0	9840.0	17954.5	7613.0	6215.0	6947.0	4912.5	5334.0	4962.0	7168.0	5134.5	4976.0	4017.0	10250.5	10527.0	7828.0	7317.0	5769.0	11520.0	4578.0	5827.0	5758.5	4658.5	5784.0	3787.0	5568.0	4268.5	3566.5	3468.5	8936.5	10924.5	6527.0	15179.0	13229.5	23039.0	12347.0	8103.0	10220.5	6562.0	8889.0	6469.5	8767.5	5712.5	6011.5	3533.0	8296.0	10831.0	6404.0	170.0	7577.5	166.0	5096.5	4843.0	5937.5	4474.5	5480.5	245.5	4436.0	6179.5	3353.5	3598.5	9813.0	7798.5	7054.0
GAT	11549.0	7333.5	10883.0	8663.0	6653.0	5371.5	3226.0	5959.5	5359.0	5204.5	3442.0	5559.0	4501.0	7531.5	8338.0	8336.0	6586.0	4161.5	7882.0	5015.5	6353.0	4080.0	3113.5	5724.0	2990.0	2991.5	2669.5	2512.5	3416.5	6248.5	7689.5	6256.5	14555.5	9665.0	12347.0	13028.0	6763.0	6868.0	3570.0	7829.5	6639.5	6226.5	3743.0	5453.5	3830.5	5882.5	7332.0	6437.0	144.5	5470.5	104.0	5794.5	5794.0	4891.0	3277.5	6302.0	177.0	3364.5	5225.0	4139.0	4403.0	7421.5	6751.0	8010.0
GCA	7549.5	4934.0	7342.5	5397.5	4760.0	3880.0	2318.0	3952.0	3373.0	3874.5	2287.0	3405.0	2761.5	4965.5	5320.5	4850.5	4696.0	2958.5	5838.0	3163.5	4728.5	3173.5	2417.0	4090.0	2194.0	2400.5	1899.5	1997.0	2278.0	4544.0	4979.0	4079.0	8784.5	5912.5	8103.0	6763.0	5987.0	5612.0	2997.0	5909.0	4479.0	4626.5	2579.5	3834.0	2565.5	4133.5	4896.5	3945.0	88.0	3487.0	67.0	3379.5	3939.5	3522.0	2407.5	4039.0	111.0	2208.5	3010.0	2308.5	2685.0	4801.5	4258.0	4652.5
GCC	5486.0	6661.0	9489.0	4370.0	3964.0	5918.5	3340.0	3899.5	2551.5	4875.5	2712.0	2858.5	2241.0	7236.0	6384.0	4819.5	4940.5	4279.5	7263.0	3064.0	4124.5	5238.5	3495.5	4289.0	2521.0	4465.5	2483.0	2531.0	2376.0	7164.0	6533.0	4440.0	7396.5	7923.0	10220.5	6868.0	5612.0	9230.0	4391.5	6957.5	4450.0	6921.5	3112.5	4608.5	2157.0	6186.5	5613.0	4188.0	97.0	5050.0	79.0	3024.5	3450.5	5345.0	3327.0	4153.5	116.0	2832.0	3882.0	1960.5	1906.5	6910.0	4485.5	4425.5
GCG	2710.5	2963.0	4847.5	2331.0	2025.0	2664.0	2109.5	1845.5	1464.0	2911.5	1838.5	1642.0	1135.0	2982.5	3381.5	2313.0	2397.5	2152.0	4341.0	1652.0	2226.5	2511.5	2493.0	2255.0	1326.0	2306.0	1829.0	1208.5	1125.0	3224.5	4332.5	2122.5	3876.0	4068.5	6562.0	3570.0	2997.0	4391.5	3676.0	3447.0	2623.0	3814.5	2416.5	2343.5	1087.5	2622.0	3958.0	2250.5	50.0	2335.5	46.0	1530.0	1801.0	2446.5	2033.0	2072.0	76.0	1558.5	2207.5	1077.5	877.0	3179.0	2533.0	2268.5
GCT	7795.0	5603.5	8262.5	5760.0	4941.5	4609.5	2641.5	4729.5	3635.0	4203.0	2550.0	3744.0	2853.0	5754.5	6036.0	5697.0	5167.5	3236.5	6616.0	3533.0	4746.0	3842.0	2806.0	4695.5	2478.0	2948.0	2107.5	2321.0	2430.5	5285.5	5845.0	4685.0	9417.0	6604.0	8889.0	7829.5	5909.0	6957.5	3447.0	7978.0	5165.0	5508.5	2926.5	4757.5	2719.0	5037.5	5529.5	4857.0	106.0	3931.0	80.0	3804.0	4367.0	4155.5	2827.0	4766.5	132.0	2537.5	3411.5	2642.0	2895.5	5597.0	4982.5	5167.0
GGA	6876.5	4612.0	6255.0	5270.5	4048.0	3286.5	2052.0	3672.0	3140.0	3433.0	2166.5	3265.5	2881.5	4830.0	5210.5	5175.0	4125.0	2597.0	4848.0	3012.5	3814.5	2578.5	2065.5	3608.5	2058.0	2102.5	1612.5	1736.0	1957.5	3734.0	4431.0	3773.0	7581.0	5175.5	6469.5	6639.5	4479.0	4450.0	2623.0	5165.0	6562.0	5009.5	3036.5	5268.0	2585.0	3968.0	4763.5	4205.0	101.0	3477.0	71.0	3616.0	3411.5	2954.0	2084.0	3680.5	127.5	2478.0	3122.0	2647.5	2595.0	4664.5	4076.5	4696.5
GGC	4749.5	5832.5	7893.0	3935.0	3462.5	4870.5	2972.0	3361.5	2267.5	4667.5	2388.0	2727.5	2044.5	6571.5	5933.5	4529.0	3774.0	3696.5	6259.5	2767.0	3520.5	4177.5	2982.5	3706.0	2157.0	3664.0	2190.0	2087.0	2041.5	5695.5	6048.5	3753.0	6221.5	7065.5	8767.5	6226.5	4626.5	6921.5	3814.5	5508.5	5009.5	7395.0	3344.5	5165.0	2116.5	5588.5	5621.0	3763.0	91.0	4738.0	81.0	2904.0	2996.0	4322.0	2886.0	3521.0	122.0	2856.0	3993.0	2031.5	1675.0	6345.0	3887.0	4247.0
GGG	2969.5	2917.0	4446.5	2397.5	1884.0	2202.0	1876.5	1825.5	1459.0	2404.0	1870.0	1785.5	1330.5	3209.5	3261.5	2545.0	2029.0	1848.0	3439.0	1601.0	1925.0	1823.0	1838.5	2011.0	1255.5	1541.0	1523.5	1098.0	1041.5	2635.5	3324.0	1920.0	3695.0	3882.0	5712.5	3743.0	2579.5	3112.5	2416.5	2926.5	3036.5	3344.5	3148.0	2430.5	1244.5	2738.5	3864.5	2278.0	58.0	2352.5	62.0	1764.5	1621.5	2027.0	1715.5	1807.5	109.0	1520.5	2218.5	1220.0	1114.0	3090.5	2445.0	2466.5
GGT	5176.0	3888.0	5735.0	3953.0	3339.5	3308.0	1893.0	3176.0	2569.0	3148.5	1663.5	2982.0	1955.0	4239.5	4566.5	4108.5	3321.0	2402.0	4377.5	2614.5	3490.5	2633.0	1896.5	3260.5	1611.0	1902.0	1487.5	1746.5	1634.0	3631.0	4158.0	3166.0	6252.0	4765.5	6011.5	5453.5	3834.0	4608.5	2343.5	4757.5	5268.0	5165.0	2430.5	5338.0	1956.5	3593.5	4130.5	3585.0	81.5	2945.0	59.0	2842.5	2869.0	2943.5	2036.5	3366.5	98.0	2121.0	2693.5	2271.5	1891.5	4107.0	3446.5	3929.5
GTA	4125.5	2434.0	3548.0	3097.0	2464.0	1727.0	972.0	2136.0	1824.5	1707.0	1081.0	1938.5	1479.5	2228.5	2755.5	2665.0	2404.5	1380.5	2591.5	1713.5	2368.0	1334.0	973.0	2023.5	1019.5	900.0	802.0	837.5	1143.5	1907.5	2342.0	2021.0	4881.5	2798.0	3533.0	3830.5	2565.5	2157.0	1087.5	2719.0	2585.0	2116.5	1244.5	1956.5	1427.0	1797.5	2402.0	2184.5	53.0	1664.5	35.0	1853.0	2058.5	1594.5	988.5	2182.5	58.0	1106.5	1522.0	1384.5	1537.5	2204.5	2172.5	2568.0
GTC	4793.5	5512.5	7810.5	4026.0	3285.0	4441.5	2272.0	3247.0	2305.0	3882.5	2097.5	2394.0	1801.0	5688.0	5134.0	4020.5	3569.5	3390.0	5750.0	2646.0	3395.5	3733.0	2407.0	3525.0	1811.0	2926.0	1822.5	1774.0	1806.0	5385.0	5330.0	3545.5	6393.5	6623.5	8296.0	5882.5	4133.5	6186.5	2622.0	5037.5	3968.0	5588.5	2738.5	3593.5	1797.5	4931.0	4681.5	3203.5	81.5	4034.0	67.5	2671.0	2812.5	4116.0	2140.0	3437.0	103.5	2413.0	3360.5	1650.5	1667.5	5662.5	3570.0	3769.0
GTG	7016.5	5947.0	9498.5	5342.0	4105.0	4033.5	3185.0	3628.5	2889.0	4141.5	2696.5	3388.5	2551.5	5425.0	6577.5	4723.5	4396.0	3312.0	6029.0	3060.5	4147.5	3237.0	2999.5	3432.5	2123.5	2877.0	2336.5	2038.5	2013.5	4838.0	5831.5	3527.5	8316.5	7242.0	10831.0	7332.0	4896.5	5613.0	3958.0	5529.5	4763.5	5621.0	3864.5	4130.5	2402.0	4681.5	7241.0	3917.5	89.0	4318.5	88.0	3279.0	3251.0	3689.5	2897.5	3471.5	131.0	2886.5	3731.5	2500.5	2322.5	5747.5	4756.5	4738.0
GTT	6696.5	4140.0	6165.0	5096.0	3912.5	3166.5	1869.5	3728.5	2914.5	2892.0	1849.5	3145.0	2336.5	3940.0	4573.0	4570.5	3804.5	2382.5	4517.5	2867.5	3894.0	2587.5	1839.5	3569.5	1616.0	1741.0	1460.5	1536.5	1788.0	3416.5	4243.0	3591.5	7792.0	4756.0	6404.0	6437.0	3945.0	4188.0	2250.5	4857.0	4205.0	3763.0	2278.0	3585.0	2184.5	3203.5	3917.5	3864.0	94.0	2758.5	64.5	3140.0	3323.5	2846.5	1877.5	3756.5	99.0	1858.0	2566.5	2221.0	2490.0	3815.0	3684.0	4405.0
TAA	214.5	123.5	210.0	126.5	90.0	77.5	41.0	83.0	100.0	82.0	64.0	74.0	65.0	96.0	117.0	112.0	105.0	63.0	113.5	73.0	96.0	67.0	41.0	87.5	45.0	45.5	37.0	41.0	46.0	80.0	89.5	84.5	192.5	110.0	170.0	144.5	88.0	97.0	50.0	106.0	101.0	91.0	58.0	81.5	53.0	81.5	89.0	94.0	0.0	81.0	0.0	84.0	83.0	68.0	44.0	87.0	0.0	50.0	69.0	55.0	62.0	105.0	89.0	114.0
TAC	4967.0	5427.0	7017.0	4155.0	3033.0	3777.5	2152.0	2709.0	2256.0	3387.0	1876.5	2246.0	1901.5	5221.0	4820.0	3703.0	3335.0	3196.5	4940.5	2516.5	3196.5	3384.5	2198.0	3049.0	1634.0	2664.0	1664.0	1520.5	1659.5	4538.0	4584.0	2970.5	5848.5	6258.5	7577.5	5470.5	3487.0	5050.0	2335.5	3931.0	3477.0	4738.0	2352.5	2945.0	1664.5	4034.0	4318.5	2758.5	81.0	4589.0	56.5	3069.5	2482.0	3307.0	1935.5	2767.0	89.0	2323.5	3106.0	1794.5	1719.5	5271.5	3368.5	3715.5
TAG	119.0	83.0	179.0	73.0	58.0	56.5	41.0	55.0	60.0	73.0	63.0	53.0	41.0	74.5	89.5	69.0	65.0	48.0	103.0	48.0	64.0	51.0	45.0	62.0	36.0	44.0	39.0	32.0	32.0	66.0	81.0	54.0	114.0	101.5	166.0	104.0	67.0	79.0	46.0	80.0	71.0	81.0	62.0	59.0	35.0	67.5	88.0	64.5	0.0	56.5	0.0	53.0	50.0	51.0	42.0	55.0	0.0	39.0	67.0	36.0	35.5	78.5	71.0	75.0
TAT	5683.5	3951.0	5032.5	4730.5	3359.5	2517.5	1398.0	3016.5	2710.5	2282.0	1602.0	2603.0	2255.0	3513.0	4222.0	4192.0	3482.0	2111.5	3726.5	2779.5	3348.5	1936.5	1432.0	2864.0	1458.0	1444.0	1180.5	1230.5	1679.0	2751.5	3275.5	3009.5	6486.5	4171.0	5096.5	5794.5	3379.5	3024.5	1530.0	3804.0	3616.0	2904.0	1764.5	2842.5	1853.0	2671.0	3279.0	3140.0	84.0	3069.5	53.0	3581.0	2749.0	2214.5	1416.5	3004.0	85.0	1717.5	2461.0	2141.0	2259.5	3634.5	3322.5	4144.0
TCA	6619.5	3845.0	4716.0	4801.5	4139.5	2866.5	1750.0	3637.0	2752.5	2876.5	1614.5	3371.0	2380.5	3586.0	4114.5	4082.0	3901.5	2134.5	3829.0	2757.5	4229.5	2356.5	1756.0	3411.5	1581.5	1602.0	1210.5	1320.5	1850.5	3175.5	3341.0	3273.5	7077.0	4197.0	4843.0	5794.0	3939.5	3450.5	1801.0	4367.0	3411.5	2996.0	1621.5	2869.0	2058.5	2812.5	3251.0	3323.5	83.0	2482.0	50.0	2749.0	4434.0	3226.5	2179.5	4407.0	98.0	1596.5	2207.5	2058.5	2456.5	3536.0	3450.0	3993.5
TCC	4435.5	4597.0	5673.0	3685.0	3042.5	4278.0	2256.0	2950.5	1964.5	3586.0	1641.5	2388.0	1882.0	4891.0	4103.5	3302.0	3461.0	2931.0	4442.0	2234.5	3294.5	3733.0	2447.0	3312.5	1733.5	2842.5	1586.0	1619.5	1704.0	4963.0	4037.0	3058.0	4989.0	5304.0	5937.5	4891.0	3522.0	5345.0	2446.5	4155.5	2954.0	4322.0	2027.0	2943.5	1594.5	4116.0	3689.5	2846.5	68.0	3307.0	51.0	2214.5	3226.5	4963.0	2653.5	3701.5	87.5	1970.0	2422.0	1504.0	1724.0	4785.0	3035.0	3136.0
TCG	2374.0	2693.5	3851.5	2061.5	2029.5	2354.0	1657.5	1912.0	1289.5	2578.0	1323.0	1631.0	1063.5	2580.5	2909.0	2117.0	2206.5	1857.5	3406.5	1537.0	2210.5	2265.5	2022.0	2157.0	1169.0	1726.5	1357.5	1100.5	1049.0	2554.0	3301.5	1922.5	3183.5	3276.0	4474.5	3277.5	2407.5	3327.0	2033.0	2827.0	2084.0	2886.0	1715.5	2036.5	988.5	2140.0	2897.5	1877.5	44.0	1935.5	42.0	1416.5	2179.5	2653.5	2152.0	2361.0	66.5	1366.0	1755.0	922.5	892.0	2740.0	2184.5	2039.5
TCT	6450.0	4088.0	5399.5	5018.0	4063.0	3440.0	1863.0	3951.0	3020.5	3220.0	1738.0	3302.0	2564.0	3996.5	4256.0	4413.0	4200.0	2331.5	4077.0	2790.5	4094.0	2844.0	1962.5	4024.0	1844.0	2010.5	1371.5	1602.0	1881.5	3616.0	3625.0	3654.0	7176.5	4727.5	5480.5	6302.0	4039.0	4153.5	2072.0	4766.5	3680.5	3521.0	1807.5	3366.5	2182.5	3437.0	3471.5	3756.5	87.0	2767.0	55.0	3004.0	4407.0	3701.5	2361.0	5068.0	94.5	1753.5	2305.5	2100.0	2638.5	3908.0	3737.0	4277.5
TGA	202.5	127.0	253.0	126.0	96.5	86.5	64.0	89.0	110.5	110.0	109.5	94.5	69.0	117.0	140.0	110.0	110.0	80.0	147.0	83.0	99.5	75.5	72.0	94.0	65.0	67.5	68.0	51.0	50.0	100.5	120.0	92.0	198.5	155.0	245.5	177.0	111.0	116.0	76.0	132.0	127.5	122.0	109.0	98.0	58.0	103.5	131.0	99.0	0.0	89.0	0.0	85.0	98.0	87.5	66.5	94.5	2.0	71.5	114.5	66.0	65.5	127.0	112.0	119.5
TGC	3376.0	3216.5	4232.0	2588.5	1987.5	2213.0	1445.0	1740.5	1497.0	2026.5	1187.0	1562.0	1230.0	2872.5	2973.5	2241.5	2114.0	1958.5	2883.5	1599.0	1991.0	1742.0	1359.0	1808.0	1105.5	1669.5	1045.5	1069.0	1038.5	2715.5	2601.5	1829.0	3753.0	3605.0	4436.0	3364.5	2208.5	2832.0	1558.5	2537.5	2478.0	2856.0	1520.5	2121.0	1106.5	2413.0	2886.5	1858.0	50.0	2323.5	39.0	1717.5	1596.5	1970.0	1366.0	1753.5	71.5	2565.0	1945.5	2099.5	1064.0	3163.0	2055.5	2282.5
TGG	4409.0	3953.0	5443.0	3527.0	2605.0	2832.0	1914.5	2355.5	2014.0	2755.5	1682.0	2021.0	1648.0	3985.0	3781.5	3160.0	2884.0	2358.5	4049.0	2152.0	2626.0	2444.5	1885.5	2430.0	1550.5	2144.0	1514.0	1400.0	1434.5	3600.5	3836.5	2564.5	5358.0	5200.5	6179.5	5225.0	3010.0	3882.0	2207.5	3411.5	3122.0	3993.0	2218.5	2693.5	1522.0	3360.5	3731.5	2566.5	69.0	3106.0	67.0	2461.0	2207.5	2422.0	1755.0	2305.5	114.5	1945.5	3206.0	1659.5	1607.0	4195.5	2926.5	3234.0
TGT	4058.5	2542.0	3311.0	3266.0	2377.0	1595.5	1034.5	2041.5	1816.5	1668.5	1052.5	1902.5	1527.5	2114.0	2714.5	2792.0	2422.5	1476.5	2351.0	1910.5	2235.5	1210.0	992.0	1968.5	1061.0	942.5	774.5	999.5	1104.0	1752.5	2192.0	2034.0	4814.0	2671.5	3353.5	4139.0	2308.5	1960.5	1077.5	2642.0	2647.5	2031.5	1220.0	2271.5	1384.5	1650.5	2500.5	2221.0	55.0	1794.5	36.0	2141.0	2058.5	1504.0	922.5	2100.0	66.0	2099.5	1659.5	2476.0	1538.0	2250.0	2301.5	2925.5
TTA	4800.0	2675.5	3966.5	3763.0	2671.0	1656.5	846.5	2399.0	2298.0	1680.0	1190.0	2171.0	1858.5	2293.0	3017.5	3273.5	3059.5	1359.5	2901.5	2083.5	2546.0	1135.5	752.0	2202.0	1017.5	737.0	724.5	838.5	1411.5	1781.0	2353.0	2398.5	5628.5	2721.0	3598.5	4403.0	2685.0	1906.5	877.0	2895.5	2595.0	1675.0	1114.0	1891.5	1537.5	1667.5	2322.5	2490.0	62.0	1719.5	35.5	2259.5	2456.5	1724.0	892.0	2638.5	65.5	1064.0	1607.0	1538.0	2039.0	2422.0	2664.0	3319.5
TTC	6440.0	6991.5	8955.0	5563.0	4140.5	5150.0	2903.0	3819.5	2798.0	4537.5	2371.5	2949.5	2523.5	7265.5	6400.5	5113.0	4425.5	4126.5	6546.0	3266.5	4248.0	4455.0	3029.0	4039.0	2274.0	3573.5	2265.0	2111.0	2355.5	6753.0	6281.5	4424.5	7804.5	7920.5	9813.0	7421.5	4801.5	6910.0	3179.0	5597.0	4664.5	6345.0	3090.5	4107.0	2204.5	5662.5	5747.5	3815.0	105.0	5271.5	78.5	3634.5	3536.0	4785.0	2740.0	3908.0	127.0	3163.0	4195.5	2250.0	2422.0	7877.0	4554.5	4854.5
TTG	7244.0	4898.5	7271.5	5413.0	3989.0	3330.5	2158.5	3622.0	3226.0	3178.5	2138.0	3341.0	2484.0	4479.0	5220.5	4829.5	4346.0	2744.0	5305.5	3088.0	3870.5	2531.5	2060.5	3314.0	1846.5	2011.0	1779.5	1640.5	2021.0	3717.0	5045.0	3756.5	8525.0	5573.0	7798.5	6751.0	4258.0	4485.5	2533.0	4982.5	4076.5	3887.0	2445.0	3446.5	2172.5	3570.0	4756.5	3684.0	89.0	3368.5	71.0	3322.5	3450.0	3035.0	2184.5	3737.0	112.0	2055.5	2926.5	2301.5	2664.0	4554.5	4432.0	4674.0
TTT	8440.5	5019.5	6804.0	6515.5	4613.0	3267.0	2067.0	3974.0	3530.0	3282.0	2047.0	3604.0	3203.0	4579.0	5680.0	5735.5	4847.5	2824.0	4881.0	3550.0	4373.5	2644.5	1980.5	3828.0	2045.5	2090.0	1614.0	1742.5	2246.5	4014.0	4814.0	4377.0	9017.0	5572.5	7054.0	8010.0	4652.5	4425.5	2268.5	5167.0	4696.5	4247.0	2466.5	3929.5	2568.0	3769.0	4738.0	4405.0	114.0	3715.5	75.0	4144.0	3993.5	3136.0	2039.5	4277.5	119.5	2282.5	3234.0	2925.5	3319.5	4854.5	4674.0	6184.0
End	3188.0	1715.0	3189.5	1645.0	1340.5	1081.5	666.0	1203.0	1343.5	1346.5	1235.0	1158.0	893.5	1368.0	1739.5	1425.5	1378.5	1046.0	1796.5	1051.0	1203.0	912.5	641.5	1118.0	637.0	703.5	706.5	533.0	663.5	1232.5	1500.5	1134.5	2550.0	1737.0	2683.0	1903.0	1329.5	1336.5	700.0	1525.0	1330.0	1317.0	1104.5	1028.5	795.5	1150.5	1509.0	1237.0	4776.5	1281.0	3404.0	1140.0	1224.0	1056.5	689.5	1262.5	5345.5	937.0	1234.5	906.0	927.0	1596.5	1394.0	1679.5
