	AAA	AAC	AAG	AAT	ACA	ACC	ACG	ACT	AGA	AGC	AGG	AGT	ATA	ATC	ATG	ATT	CAA	CAC	CAG	CAT	CCA	CCC	CCG	CCT	CGA	CGC	CGG	CGT	CTA	CTC	CTG	CTT	GAA	GAC	GAG	GAT	GCA	GCC	GCG	GCT	GGA	GGC	GGG	GGT	GTA	GTC	GTG	GTT	TAA	TAC	TAG	TAT	TCA	TCC	TCG	TCT	TGA	TGC	TGG	TGT	TTA	TTC	TTG	TTT
Start	2344749.0	1627471.0	2405889.0	1731344.0	1457881.0	1311599.0	963803.0	1268559.0	1274422.0	1447431.0	1073997.0	1162866.0	946950.0	1293822.0	15865982.0	1423386.0	1457161.0	934757.0	1678401.0	904340.0	1331558.0	1214968.0	1056523.0	1268024.0	681729.0	905566.0	776984.0	647881.0	711168.0	1461252.0	1736357.0	1240207.0	2401786.0	1815876.0	2506324.0	1995394.0	1839273.0	1977636.0	1865771.0	2026979.0	1448853.0	1419129.0	1186493.0	1157367.0	757528.0	1085773.0	1644837.0	1260851.0	101896.0	899803.0	53054.0	909610.0	1633591.0	1640898.0	1237013.0	1841365.0	79848.0	814672.0	1005008.0	818750.0	975034.0	1571739.0	1388681.0	1675744.0
AAA	17678984.0	7522079.0	13216608.0	11399331.0	7487841.0	4732289.0	2751790.0	6366304.0	7087274.0	4937257.0	4305793.0	5751191.0	6265494.0	6752119.0	8607370.0	9831648.0	8494629.0	4078630.0	7787540.0	5582513.0	6548462.0	3563204.0	2367938.0	5714505.0	2903965.0	2370223.0	2121185.0	2695948.0	3884385.0	5315235.0	7270202.0	7052476.0	16264621.0	7668875.0	11423413.0	12426697.0	7403681.0	5593979.0	2740880.0	7849438.0	7094453.0	4625572.0	3653901.0	5547917.0	4360398.0	4806206.0	6806544.0	7488814.0	1383590.0	4966616.0	602053.0	6689400.0	7079304.0	4690386.0	2745936.0	7007581.0	970877.0	3462827.0	4818597.0	4549807.0	6688969.0	6827260.0	7774786.0	9463964.0
AAC	7522079.0	7745076.0	8992548.0	6421043.0	4629590.0	5109899.0	2909147.0	4117700.0	3749576.0	4996718.0	3100754.0	3589358.0	3270204.0	6884312.0	6502736.0	5680517.0	5026376.0	4161208.0	7281149.0	3444891.0	4387052.0	4094337.0	2736104.0	4165554.0	2051823.0	3136614.0	2258033.0	2015081.0	2419482.0	5847569.0	7783272.0	4465864.0	8109880.0	7589741.0	9475549.0	7274180.0	4779448.0	6517605.0	3236149.0	5464201.0	4704138.0	5638047.0	3243780.0	4014887.0	2468424.0	5125545.0	6437929.0	4566947.0	513652.0	5190498.0	290162.0	3887427.0	4126563.0	4639052.0	2761419.0	4488124.0	519023.0	3310424.0	3965377.0	2868247.0	2896442.0	6654158.0	4810016.0	5479736.0
AAG	13216608.0	8992548.0	18488866.0	8522095.0	6473517.0	6533403.0	4081802.0	5797404.0	6094200.0	6744057.0	5487966.0	5191657.0	4652287.0	9135006.0	9863517.0	8311781.0	6986914.0	5534308.0	11002987.0	4956679.0	6193686.0	5421224.0	3746930.0	5882127.0	3077742.0	4450336.0	3624705.0	3014676.0	3531458.0	7758180.0	11659047.0	6728524.0	13795252.0	10844799.0	17314694.0	11613862.0	7545160.0	9440552.0	5104201.0	8679470.0	7023905.0	7744252.0	5248015.0	5922519.0	3675355.0	6944492.0	9869977.0	7007509.0	736280.0	6594311.0	465506.0	5462827.0	5835278.0	6014125.0	3783691.0	6346720.0	771660.0	4383512.0	5660730.0	3914845.0	4287521.0	8775022.0	7730336.0	7888487.0
AAT	11399331.0	6421043.0	8522095.0	12012170.0	5997301.0	3739628.0	2228036.0	5369173.0	4995064.0	3968929.0	3075928.0	5089120.0	5213965.0	5360547.0	6871027.0	8434803.0	6897126.0	3051695.0	5975763.0	4791579.0	5265704.0	2738875.0	1947756.0	4763482.0	2164520.0	1783672.0	1554262.0	2154246.0	2987090.0	4037207.0	5401074.0	5681903.0	11706985.0	5849124.0	8185954.0	10596937.0	5743364.0	4249180.0	2189946.0	6327622.0	5730130.0	3809774.0	2962165.0	4906171.0	3546864.0	3844339.0	5416244.0	6345126.0	1066232.0	4055674.0	437206.0	6023907.0	5919249.0	3689790.0	2353396.0	5965051.0	602378.0	2689101.0	3868921.0	3765426.0	5486288.0	5546027.0	6312230.0	7939113.0
ACA	7487841.0	4629590.0	6473517.0	5997301.0	6171320.0	3718308.0	2149666.0	4396851.0	3949092.0	3563616.0	2685396.0	3604877.0	3390173.0	4160144.0	5114757.0	5175617.0	4786204.0	2753077.0	5233723.0	3263500.0	4781069.0	2851744.0	1828615.0	4074008.0	1699164.0	1626696.0	1433257.0	1625355.0	2254677.0	3529885.0	4832717.0	4023270.0	7833893.0	4781355.0	6496166.0	6701659.0	4959440.0	3966977.0	1960401.0	4971989.0	4465005.0	3367001.0	2551511.0	3518690.0	2577293.0	3193292.0	4461467.0	4281767.0	590793.0	3094440.0	334088.0	3629014.0	4744982.0	3405523.0	1968348.0	4574672.0	689360.0	2333767.0	3121470.0	2774999.0	3250783.0	4209033.0	4229732.0	5086256.0
ACC	4732289.0	5109899.0	6533403.0	3739628.0	3718308.0	5408506.0	2479346.0	3385691.0	2566425.0	4254681.0	2451913.0	2578420.0	1941303.0	5251100.0	4650848.0	3585403.0	3373868.0	3421471.0	5793785.0	2400030.0	3739781.0	4324311.0	2522456.0	3639950.0	1539845.0	2806985.0	1953391.0	1528702.0	1706540.0	5106404.0	6358797.0	3129335.0	5279660.0	5915766.0	7272309.0	4836361.0	3675682.0	6263682.0	2751521.0	4322983.0	3455650.0	4983929.0	2805552.0	2983785.0	1661386.0	4224060.0	4963715.0	3058770.0	298039.0	3737195.0	211086.0	2435108.0	3150382.0	4556539.0	2319678.0	3607999.0	483803.0	2751175.0	3058108.0	2073185.0	1707400.0	5031556.0	3195268.0	3516095.0
ACG	2751790.0	2909147.0	4081802.0	2228036.0	2149666.0	2479346.0	2379630.0	1778144.0	1506293.0	2521280.0	1577556.0	1533979.0	1215015.0	2901772.0	2960274.0	2094846.0	1980522.0	1939527.0	3459286.0	1399599.0	2019660.0	2151477.0	2143563.0	1860109.0	1086207.0	1887743.0	1493274.0	1008730.0	963569.0	2724373.0	3909257.0	1735618.0	3240488.0	3709226.0	4837624.0	3036790.0	2303894.0	3492679.0	2832956.0	2471793.0	2133923.0	3139866.0	1919682.0	1790492.0	1029901.0	2433158.0	3421832.0	1851428.0	138142.0	2186409.0	109755.0	1437734.0	1763119.0	2224378.0	2001889.0	1862259.0	268505.0	1607765.0	1900649.0	1142644.0	1028319.0	2876845.0	2125962.0	2087583.0
ACT	6366304.0	4117700.0	5797404.0	5369173.0	4396851.0	3385691.0	1778144.0	5065430.0	3229256.0	3079128.0	2257745.0	3246881.0	2724742.0	3754665.0	4456274.0	4787170.0	4138643.0	2370974.0	4476679.0	2936213.0	4011034.0	2577259.0	1615712.0	3888255.0	1484831.0	1470755.0	1235941.0	1517555.0	1948530.0	3265269.0	4187788.0	3823112.0	6839822.0	4231953.0	5805756.0	6193819.0	4094459.0	3654313.0	1719234.0	4925025.0	3975369.0	3077152.0	2272141.0	3416632.0	2203451.0	2993617.0	3873608.0	4106487.0	514409.0	2771211.0	272618.0	3261087.0	3971243.0	3119423.0	1754655.0	4460830.0	530146.0	2043593.0	2699073.0	2430483.0	2806619.0	3865359.0	3883790.0	4619732.0
AGA	7087274.0	3749576.0	6094200.0	4995064.0	3949092.0	2566425.0	1506293.0	3229256.0	5078732.0	3034408.0	3185085.0	3142223.0	2766798.0	3227735.0	4410655.0	4344003.0	4150759.0	2340136.0	4471006.0	2971778.0	3732638.0	2164770.0	1419784.0	3285278.0	1694703.0	1358539.0	1382784.0	1505332.0	1918606.0	2799986.0	3988769.0	3509866.0	7406611.0	3937726.0	6077341.0	5888828.0	4006746.0	3074263.0	1589071.0	4259593.0	4241626.0	2696066.0	2382690.0	3091245.0	2082870.0	2478598.0	3571337.0	3648481.0	730588.0	2517068.0	410436.0	3127479.0	3713230.0	2663486.0	1491617.0	3710452.0	1016148.0	2081399.0	2927917.0	2477733.0	2854983.0	3413218.0	3813097.0	4381692.0
AGC	4937257.0	4996718.0	6744057.0	3968929.0	3563616.0	4254681.0	2521280.0	3079128.0	3034408.0	6014622.0	3028661.0	3310009.0	2043894.0	4655579.0	4804964.0	3528138.0	3412135.0	3487171.0	6315150.0	2578297.0	3725211.0	4033252.0	2714968.0	3554638.0	1643173.0	2880364.0	2318903.0	1528372.0	1732065.0	4616191.0	6924807.0	3172818.0	5659559.0	6056057.0	8077023.0	5194555.0	3999198.0	5940700.0	3254352.0	4350436.0	3861670.0	5556740.0	3376069.0	3149546.0	1721375.0	3827403.0	5389435.0	3094398.0	391215.0	3514189.0	276983.0	2448524.0	3401734.0	4372972.0	2569187.0	3757513.0	656980.0	2935080.0	3191231.0	2151915.0	1816622.0	4655919.0	3427279.0	3620124.0
AGG	4305793.0	3100754.0	5487966.0	3075928.0	2685396.0	2451913.0	1577556.0	2257745.0	3185085.0	3028661.0	3486806.0	2284460.0	1750051.0	2882751.0	3737751.0	2815098.0	2661035.0	2226825.0	4458521.0	2078356.0	2809172.0	2399412.0	1661870.0	2617380.0	1302470.0	1603801.0	1776055.0	1172337.0	1370970.0	2785931.0	4543415.0	2538702.0	4878097.0	3772356.0	6381204.0	4156617.0	3107482.0	3457110.0	2087323.0	3372259.0	3152020.0	3021941.0	2820982.0	2370648.0	1411962.0	2357220.0	3845192.0	2580552.0	374114.0	2232097.0	298910.0	2028121.0	2532994.0	2518774.0	1472107.0	2666636.0	718403.0	2008714.0	2711040.0	1818177.0	1593773.0	3000629.0	2950372.0	2963758.0
AGT	5751191.0	3589358.0	5191657.0	5089120.0	3604877.0	2578420.0	1533979.0	3246881.0	3142223.0	3310009.0	2284460.0	3874832.0	2521415.0	3102627.0	4065227.0	4144862.0	3605883.0	2094309.0	4126909.0	2672776.0	3370951.0	2108300.0	1414599.0	3123661.0	1365661.0	1270692.0	1210753.0	1346955.0	1727832.0	2657376.0	3883563.0	3251787.0	6373135.0	3865161.0	5526088.0	5812147.0	3585987.0	3021529.0	1592264.0	3973059.0	3685830.0	2804985.0	2272001.0	3208756.0	2012751.0	2468274.0	3656857.0	3569444.0	488167.0	2342666.0	271038.0	2909665.0	3664556.0	2732648.0	1636751.0	3851640.0	541850.0	1820256.0	2438553.0	2277370.0	2598446.0	3232543.0	3617281.0	4146913.0
ATA	6265494.0	3270204.0	4652287.0	5213965.0	3390173.0	1941303.0	1215015.0	2724742.0	2766798.0	2043894.0	1750051.0	2521415.0	3114702.0	2691067.0	3693908.0	4074922.0	3534811.0	1671967.0	3172140.0	2483570.0	2872864.0	1469307.0	1047833.0	2495683.0	1134681.0	911288.0	829392.0	1091991.0	1709124.0	2105247.0	2830546.0	2906807.0	6304394.0	3242579.0	4474945.0	5463917.0	3115985.0	2173589.0	1156881.0	3207622.0	3200037.0	2034034.0	1660505.0	2549178.0	1928247.0	1905659.0	2774215.0	3091231.0	629794.0	2116893.0	293811.0	3060069.0	3074040.0	1926197.0	1202653.0	3012593.0	404992.0	1435178.0	2020711.0	1995756.0	2866443.0	2842336.0	3165485.0	4102633.0
ATC	6752119.0	6884312.0	9135006.0	5360547.0	4160144.0	5251100.0	2901772.0	3754665.0	3227735.0	4655579.0	2882751.0	3102627.0	2691067.0	7151628.0	6137166.0	4973644.0	4429951.0	4084418.0	7198555.0	3196181.0	4127866.0	4336295.0	2754780.0	3989644.0	2005945.0	3343283.0	2325306.0	1988909.0	2712352.0	6257782.0	7727157.0	4192898.0	7572482.0	8008369.0	9933013.0	7115533.0	4437036.0	6883095.0	3300582.0	5235670.0	4608851.0	6136732.0	3401364.0	3988941.0	2120510.0	5205080.0	6106043.0	4057409.0	414119.0	4838415.0	244080.0	3464306.0	3671208.0	4800747.0	2728419.0	4181060.0	442998.0	3051344.0	3641238.0	2475270.0	2366991.0	6746452.0	4253287.0	4917568.0
ATG	8607370.0	6502736.0	9863517.0	6871027.0	5114757.0	4650848.0	2960274.0	4456274.0	4410655.0	4804964.0	3737751.0	4065227.0	3693908.0	6137166.0	8524004.0	6252374.0	5636015.0	3884434.0	7889241.0	3933652.0	5049425.0	4008729.0	2872954.0	4728329.0	2252670.0	2934333.0	2432242.0	2249830.0	2659677.0	5321989.0	7802586.0	4976182.0	9662401.0	7423228.0	10814532.0	8630404.0	5674952.0	6362127.0	3559791.0	6357006.0	5600519.0	5652658.0	3899315.0	4765003.0	2863470.0	4664054.0	6874480.0	5185643.0	583078.0	4681871.0	358439.0	4406960.0	4672684.0	4462694.0	2812552.0	4989714.0	613182.0	3121479.0	4258529.0	3112923.0	3493630.0	6303928.0	5635154.0	6245356.0
ATT	9831648.0	5680517.0	8311781.0	8434803.0	5175617.0	3585403.0	2094846.0	4787170.0	4344003.0	3528138.0	2815098.0	4144862.0	4074922.0	4973644.0	6252374.0	7297994.0	5805961.0	2944578.0	5591641.0	4187250.0	4765545.0	2732990.0	1846343.0	4477364.0	2031554.0	1843593.0	1534331.0	2088025.0	2647625.0	4011377.0	5120929.0	5354005.0	10431441.0	5803666.0	8089837.0	9559403.0	5220125.0	4244053.0	2134869.0	6018407.0	5536227.0	3941124.0	2947533.0	4789205.0	2965589.0	3678070.0	4905134.0	5638065.0	864957.0	3699096.0	379590.0	4976078.0	4947299.0	3470203.0	2141861.0	5323560.0	573316.0	2462420.0	3476281.0	3229338.0	4386419.0	5290586.0	5582379.0	7118166.0
CAA	8494629.0	5026376.0	6986914.0	6897126.0	4786204.0	3373868.0	1980522.0	4138643.0	4150759.0	3412135.0	2661035.0	3605883.0	3534811.0	4429951.0	5636015.0	5805961.0	7786890.0	3097934.0	6750939.0	4024437.0	4943404.0	2854130.0	2032412.0	4337487.0	2122508.0	1889763.0	1548416.0	1989826.0	2658685.0	4023272.0	4876244.0	4805300.0	9453956.0	5007737.0	7122941.0	7500252.0	5078122.0	4193030.0	2185717.0	5494045.0	4675863.0	3475843.0	2480218.0	3858376.0	2688044.0	3411519.0	4280065.0	4724245.0	693293.0	3304283.0	343244.0	4031508.0	4689741.0	3370967.0	2102808.0	4706673.0	712699.0	2303326.0	3172269.0	2806100.0	3837529.0	4542847.0	4953446.0	5539771.0
CAC	4078630.0	4161208.0	5534308.0	3051695.0	2753077.0	3421471.0	1939527.0	2370974.0	2340136.0	3487171.0	2226825.0	2094309.0	1671967.0	4084418.0	3884434.0	2944578.0	3097934.0	4525686.0	5439968.0	2755148.0	3047547.0	3501101.0	2266965.0	2995311.0	1441386.0	2674655.0	1887536.0	1402749.0	1526584.0	4476911.0	5840998.0	2785465.0	4472106.0	5100083.0	6362377.0	4033219.0	3015780.0	4927379.0	2509047.0	3410983.0	3070539.0	4260628.0	2552217.0	2460181.0	1415270.0	3366919.0	4320846.0	2514225.0	330287.0	3430724.0	221006.0	2296266.0	2459124.0	3414693.0	1867752.0	2784226.0	523268.0	2563467.0	2659049.0	1941017.0	1515127.0	4328082.0	2755527.0	3151110.0
CAG	7787540.0	7281149.0	11002987.0	5975763.0	5233723.0	5793785.0	3459286.0	4476679.0	4471006.0	6315150.0	4458521.0	4126909.0	3172140.0	7198555.0	7889241.0	5591641.0	6750939.0	5439968.0	14046438.0	4222962.0	5751930.0	5726089.0	3955451.0	5512775.0	2558726.0	4155031.0	3640011.0	2418561.0	2871428.0	7137900.0	11865329.0	5198996.0	9373094.0	8848408.0	13854380.0	7892259.0	6348255.0	8860889.0	4746479.0	7004366.0	5622231.0	7185912.0	4775050.0	4536341.0	2713328.0	5682388.0	8531050.0	4832050.0	484246.0	5463198.0	368928.0	3970587.0	4709773.0	5606564.0	3253337.0	5189214.0	802364.0	4047351.0	4695708.0	3363695.0	2930739.0	7035687.0	5582972.0	5657833.0
CAT	5582513.0	3444891.0	4956679.0	4791579.0	3263500.0	2400030.0	1399599.0	2936213.0	2971778.0	2578297.0	2078356.0	2672776.0	2483570.0	3196181.0	3933652.0	4187250.0	4024437.0	2755148.0	4222962.0	3689338.0	3404121.0	2177221.0	1485490.0	3258324.0	1500313.0	1444302.0	1231209.0	1503340.0	1840214.0	2960740.0	3768294.0	3558371.0	6010575.0	3698437.0	5069710.0	5542284.0	3470791.0	3000838.0	1547504.0	3878466.0	3660233.0	2717739.0	2113257.0	2963970.0	1923028.0	2520493.0	3367622.0	3486322.0	493473.0	2565160.0	260346.0	3236407.0	3251345.0	2564865.0	1482955.0	3524085.0	590933.0	1924127.0	2498217.0	2345356.0	2577849.0	3471154.0	3498230.0	4297640.0
CCA	6548462.0	4387052.0	6193686.0	5265704.0	4781069.0	3739781.0	2019660.0	4011034.0	3732638.0	3725211.0	2809172.0	3370951.0	2872864.0	4127866.0	5049425.0	4765545.0	4943404.0	3047547.0	5751930.0	3404121.0	7009486.0	4226644.0	2781199.0	5754453.0	1827062.0	1912782.0	1671864.0	1761958.0	2271328.0	3907838.0	5088416.0	4088313.0	7130914.0	4805519.0	6437925.0	6347087.0	4904992.0	4440363.0	2170506.0	5163694.0	4450361.0	3703489.0	2822589.0	3596758.0	2411288.0	3349902.0	4479280.0	4204550.0	470482.0	3198388.0	301382.0	3492991.0	4692723.0	3834498.0	2119794.0	4729090.0	705748.0	2454598.0	3251501.0	2669980.0	2865002.0	4399103.0	4091021.0	4832086.0
CCC	3563204.0	4094337.0	5421224.0	2738875.0	2851744.0	4324311.0	2151477.0	2577259.0	2164770.0	4033252.0	2399412.0	2108300.0	1469307.0	4336295.0	4008729.0	2732990.0	2854130.0	3501101.0	5726089.0	2177221.0	4226644.0	6396436.0	3398496.0	4498577.0	1441400.0	3020658.0	2168043.0	1403195.0	1450889.0	5109846.0	6304994.0	2735562.0	4133858.0	5316807.0	6603607.0	3830408.0	3265114.0	6370839.0	2954455.0	3850536.0	3015870.0	4974438.0	3028380.0	2517983.0	1343131.0	3773839.0	4629384.0	2441934.0	262362.0	3342916.0	213492.0	1990325.0	2651087.0	4597759.0	2204929.0	3259073.0	520426.0	2744793.0	2849644.0	1925527.0	1269073.0	4639929.0	2584995.0	2979684.0
CCG	2367938.0	2736104.0	3746930.0	1947756.0	1828615.0	2522456.0	2143563.0	1615712.0	1419784.0	2714968.0	1661870.0	1414599.0	1047833.0	2754780.0	2872954.0	1846343.0	2032412.0	2266965.0	3955451.0	1485490.0	2781199.0	3398496.0	3812492.0	2677359.0	1178581.0	2373916.0	1894210.0	1094304.0	962359.0	3134198.0	4316936.0	1749328.0	2939145.0	3820136.0	4880901.0	2846840.0	2359072.0	4268697.0	3469741.0	2630420.0	2163527.0	3691665.0	2256196.0	1810435.0	960165.0	2574553.0	3490676.0	1796554.0	124849.0	2268286.0	109111.0	1355545.0	1749633.0	2652890.0	2275929.0	1960689.0	291398.0	1754851.0	1952034.0	1097480.0	891034.0	3041542.0	1984864.0	1966183.0
CCT	5714505.0	4165554.0	5882127.0	4763482.0	4074008.0	3639950.0	1860109.0	3888255.0	3285278.0	3554638.0	2617380.0	3123661.0	2495683.0	3989644.0	4728329.0	4477364.0	4337487.0	2995311.0	5512775.0	3258324.0	5754453.0	4498577.0	2677359.0	6367328.0	1739131.0	1988297.0	1672672.0	1743352.0	2047381.0	4148483.0	5056847.0	4194497.0	6470234.0	4713268.0	6334859.0	6014963.0	4417023.0	4576528.0	2157541.0	5318388.0	4244061.0	3830617.0	2844814.0	3562447.0	2167053.0	3405285.0	4374442.0	4099368.0	437857.0	3099224.0	268598.0	3237546.0	4050132.0	4001533.0	2031840.0	4944724.0	627393.0	2403072.0	3057732.0	2590258.0	2512650.0	4463646.0	3839988.0	4684547.0
CGA	2903965.0	2051823.0	3077742.0	2164520.0	1699164.0	1539845.0	1086207.0	1484831.0	1694703.0	1643173.0	1302470.0	1365661.0	1134681.0	2005945.0	2252670.0	2031554.0	2122508.0	1441386.0	2558726.0	1500313.0	1827062.0	1441400.0	1178581.0	1739131.0	1389802.0	1338284.0	1148885.0	1125348.0	996131.0	1942076.0	2457370.0	1830130.0	3443029.0	2523625.0	3448671.0	2935222.0	2058121.0	2209700.0	1390090.0	2286720.0	2072128.0	1942271.0	1290720.0	1622311.0	978246.0	1653390.0	2061997.0	1755161.0	148951.0	1483687.0	93426.0	1415166.0	1610062.0	1556472.0	1144358.0	1708271.0	277060.0	1105828.0	1441528.0	1081385.0	1123536.0	2024310.0	1845705.0	1980160.0
CGC	2370223.0	3136614.0	4450336.0	1783672.0	1626696.0	2806985.0	1887743.0	1470755.0	1358539.0	2880364.0	1603801.0	1270692.0	911288.0	3343283.0	2934333.0	1843593.0	1889763.0	2674655.0	4155031.0	1444302.0	1912782.0	3020658.0	2373916.0	1988297.0	1338284.0	3637184.0	2143539.0	1414256.0	972204.0	3987174.0	4961974.0	1824170.0	3006287.0	4521630.0	5721121.0	2759798.0	2224101.0	5024246.0	3171715.0	2613036.0	1947777.0	4231182.0	2012115.0	1756943.0	853052.0	2949350.0	3537742.0	1607203.0	111417.0	2549689.0	92130.0	1267580.0	1476139.0	2830892.0	1911934.0	1777694.0	229754.0	2053647.0	2027813.0	1082973.0	756166.0	3381641.0	1805849.0	1867634.0
CGG	2121185.0	2258033.0	3624705.0	1554262.0	1433257.0	1953391.0	1493274.0	1235941.0	1382784.0	2318903.0	1776055.0	1210753.0	829392.0	2325306.0	2432242.0	1534331.0	1548416.0	1887536.0	3640011.0	1231209.0	1671864.0	2168043.0	1894210.0	1672672.0	1148885.0	2143539.0	2257852.0	1017679.0	828674.0	2521247.0	4238721.0	1506637.0	2676862.0	3285551.0	5059653.0	2407375.0	1947380.0	3453500.0	2562055.0	2171638.0	1826428.0	3054766.0	2154432.0	1484586.0	769920.0	1987016.0	3168436.0	1412701.0	112395.0	1811456.0	102655.0	1107838.0	1306382.0	1965492.0	1440721.0	1479567.0	276311.0	1542243.0	1785767.0	1006304.0	726857.0	2379538.0	1662635.0	1626478.0
CGT	2695948.0	2015081.0	3014676.0	2154246.0	1625355.0	1528702.0	1008730.0	1517555.0	1505332.0	1528372.0	1172337.0	1346955.0	1091991.0	1988909.0	2249830.0	2088025.0	1989826.0	1402749.0	2418561.0	1503340.0	1761958.0	1403195.0	1094304.0	1743352.0	1125348.0	1414256.0	1017679.0	1398946.0	922485.0	1919086.0	2374356.0	1872327.0	3231139.0	2418004.0	3305943.0	2933546.0	1982419.0	2227822.0	1290048.0	2391981.0	1858727.0	1940309.0	1187868.0	1830361.0	961554.0	1673564.0	2039460.0	1870202.0	138395.0	1487309.0	88325.0	1455749.0	1584545.0	1555488.0	1097890.0	1797162.0	219831.0	1096469.0	1415080.0	1127690.0	1141188.0	2055897.0	1871450.0	2013848.0
CTA	3884385.0	2419482.0	3531458.0	2987090.0	2254677.0	1706540.0	963569.0	1948530.0	1918606.0	1732065.0	1370970.0	1727832.0	1709124.0	2712352.0	2659677.0	2647625.0	2658685.0	1526584.0	2871428.0	1840214.0	2271328.0	1450889.0	962359.0	2047381.0	996131.0	972204.0	828674.0	922485.0	2046094.0	2108758.0	2666240.0	2347588.0	4316010.0	2692752.0	3755218.0	3673544.0	2407470.0	2125690.0	1077575.0	2575769.0	2266498.0	1817433.0	1349058.0	1831095.0	1302108.0	1686738.0	2214908.0	2152321.0	329238.0	1658305.0	189445.0	1908257.0	2179726.0	1728919.0	997224.0	2287395.0	342079.0	1184044.0	1604106.0	1373015.0	1694032.0	2362700.0	2290048.0	2700601.0
CTC	5315235.0	5847569.0	7758180.0	4037207.0	3529885.0	5106404.0	2724373.0	3265269.0	2799986.0	4616191.0	2785931.0	2657376.0	2105247.0	6257782.0	5321989.0	4011377.0	4023272.0	4476911.0	7137900.0	2960740.0	3907838.0	5109846.0	3134198.0	4148483.0	1942076.0	3987174.0	2521247.0	1919086.0	2108758.0	8279624.0	7713163.0	4167739.0	6290934.0	7504103.0	9109532.0	5683067.0	4123129.0	7772784.0	3846329.0	4957396.0	3876797.0	6179041.0	3309359.0	3311837.0	1789429.0	5359739.0	5571559.0	3431644.0	352345.0	4388647.0	252986.0	2730098.0	3291959.0	5493121.0	2804294.0	4228148.0	558272.0	3197192.0	3534407.0	2255108.0	1883412.0	6757643.0	3728965.0	4331075.0
CTG	7270202.0	7783272.0	11659047.0	5401074.0	4832717.0	6358797.0	3909257.0	4187788.0	3988769.0	6924807.0	4543415.0	3883563.0	2830546.0	7727157.0	7802586.0	5120929.0	4876244.0	5840998.0	11865329.0	3768294.0	5088416.0	6304994.0	4316936.0	5056847.0	2457370.0	4961974.0	4238721.0	2374356.0	2666240.0	7713163.0	14307200.0	4679483.0	8746247.0	10525073.0	15589645.0	7842984.0	5802536.0	10261194.0	5671253.0	6672402.0	5417175.0	8454705.0	5502525.0	4336592.0	2432201.0	6057338.0	9812994.0	4314916.0	441163.0	5900323.0	340246.0	3632260.0	4170984.0	6092481.0	3541663.0	4867254.0	736157.0	4416095.0	4957182.0	3203769.0	2430496.0	7919427.0	5238477.0	5499911.0
CTT	7052476.0	4465864.0	6728524.0	5681903.0	4023270.0	3129335.0	1735618.0	3823112.0	3509866.0	3172818.0	2538702.0	3251787.0	2906807.0	4192898.0	4976182.0	5354005.0	4805300.0	2785465.0	5198996.0	3558371.0	4088313.0	2735562.0	1749328.0	4194497.0	1830130.0	1824170.0	1506637.0	1872327.0	2347588.0	4167739.0	4679483.0	5120002.0	8044958.0	4931675.0	6975421.0	7219287.0	4524011.0	4010285.0	2014072.0	5347581.0	4402756.0	3465935.0	2558715.0	3772125.0	2300085.0	3320605.0	4110561.0	4570185.0	544669.0	3062523.0	291632.0	3633405.0	4043300.0	3405945.0	1898230.0	4821691.0	601343.0	2263360.0	3025529.0	2627895.0	3053449.0	5009569.0	4533245.0	5777080.0
GAA	16264621.0	8109880.0	13795252.0	11706985.0	7833893.0	5279660.0	3240488.0	6839822.0	7406611.0	5659559.0	4878097.0	6373135.0	6304394.0	7572482.0	9662401.0	10431441.0	9453956.0	4472106.0	9373094.0	6010575.0	7130914.0	4133858.0	2939145.0	6470234.0	3443029.0	3006287.0	2676862.0	3231139.0	4316010.0	6290934.0	8746247.0	8044958.0	20715094.0	9701429.0	15493648.0	15157264.0	8566893.0	6804523.0	3625220.0	9241740.0	8003839.0	5612068.0	4323264.0	6353243.0	4849453.0	5722195.0	8014357.0	8416612.0	980996.0	5516470.0	443694.0	6942514.0	7289056.0	5140832.0	3242551.0	7551428.0	805734.0	3749372.0	5365519.0	4703085.0	6737496.0	7452205.0	8762775.0	9573247.0
GAC	7668875.0	7589741.0	10844799.0	5849124.0	4781355.0	5915766.0	3709226.0	4231953.0	3937726.0	6056057.0	3772356.0	3865161.0	3242579.0	8008369.0	7423228.0	5803666.0	5007737.0	5100083.0	8848408.0	3698437.0	4805519.0	5316807.0	3820136.0	4713268.0	2523625.0	4521630.0	3285551.0	2418004.0	2692752.0	7504103.0	10525073.0	4931675.0	9701429.0	11574398.0	13596270.0	9261461.0	5432394.0	8629332.0	4935989.0	6212719.0	5313311.0	7649054.0	4364187.0	4492284.0	2690412.0	6459233.0	8365400.0	4933228.0	337691.0	6146362.0	226046.0	4034189.0	4188977.0	5601345.0	3531814.0	4778922.0	462081.0	4074181.0	4915931.0	3090693.0	2782220.0	7762285.0	5294031.0	5719021.0
GAG	11423413.0	9475549.0	17314694.0	8185954.0	6496166.0	7272309.0	4837624.0	5805756.0	6077341.0	8077023.0	6381204.0	5526088.0	4474945.0	9933013.0	10814532.0	8089837.0	7122941.0	6362377.0	13854380.0	5069710.0	6437925.0	6603607.0	4880901.0	6334859.0	3448671.0	5721121.0	5059653.0	3305943.0	3755218.0	9109532.0	15589645.0	6975421.0	15493648.0	13596270.0	24332870.0	12929898.0	8189986.0	11533237.0	7163846.0	9390079.0	7505806.0	9490358.0	6789233.0	6151392.0	3754016.0	7758898.0	12301333.0	7035739.0	498524.0	7394358.0	356980.0	5450703.0	5678064.0	6665585.0	4402114.0	6415766.0	664325.0	5056426.0	6303266.0	4139837.0	3976146.0	9530237.0	8066947.0	7783446.0
GAT	12426697.0	7274180.0	11613862.0	10596937.0	6701659.0	4836361.0	3036790.0	6193819.0	5888828.0	5194555.0	4156617.0	5812147.0	5463917.0	7115533.0	8630404.0	9559403.0	7500252.0	4033219.0	7892259.0	5542284.0	6347087.0	3830408.0	2846840.0	6014963.0	2935222.0	2759798.0	2407375.0	2933546.0	3673544.0	5683067.0	7842984.0	7219287.0	15157264.0	9261461.0	12929898.0	15474314.0	7241409.0	6103760.0	3409368.0	8386338.0	7265153.0	5544944.0	4204448.0	6451101.0	4195253.0	5458816.0	7607354.0	8001492.0	706884.0	5351938.0	332362.0	6681286.0	6531134.0	4791465.0	3197891.0	7016388.0	540318.0	3517729.0	5315037.0	4363184.0	5562764.0	7212565.0	7848845.0	8979778.0
GCA	7403681.0	4779448.0	7545160.0	5743364.0	4959440.0	3675682.0	2303894.0	4094459.0	4006746.0	3999198.0	3107482.0	3585987.0	3115985.0	4437036.0	5674952.0	5220125.0	5078122.0	3015780.0	6348255.0	3470791.0	4904992.0	3265114.0	2359072.0	4417023.0	2058121.0	2224101.0	1947380.0	1982419.0	2407470.0	4123129.0	5802536.0	4524011.0	8566893.0	5432394.0	8189986.0	7241409.0	6594288.0	5290976.0	3134542.0	6334322.0	5145247.0	4452746.0	3245366.0	4166566.0	2685607.0	3657777.0	5202449.0	4637741.0	435675.0	3303437.0	264787.0	3615999.0	4481316.0	3611731.0	2289617.0	4591133.0	593675.0	2505507.0	3353236.0	2679998.0	3055608.0	4530127.0	4641404.0	5070636.0
GCC	5593979.0	6517605.0	9440552.0	4249180.0	3966977.0	6263682.0	3492679.0	3654313.0	3074263.0	5940700.0	3457110.0	3021529.0	2173589.0	6883095.0	6362127.0	4244053.0	4193030.0	4927379.0	8860889.0	3000838.0	4440363.0	6370839.0	4268697.0	4576528.0	2209700.0	5024246.0	3453500.0	2227822.0	2125690.0	7772784.0	10261194.0	4010285.0	6804523.0	8629332.0	11533237.0	6103760.0	5290976.0	11374854.0	5700707.0	6482057.0	4591318.0	8307824.0	4458462.0	4083422.0	2003581.0	6168843.0	7545347.0	3790744.0	271837.0	5075865.0	212327.0	2898659.0	3443407.0	6133004.0	3461344.0	4197674.0	491327.0	3827190.0	4059720.0	2470417.0	1881635.0	6923137.0	4127888.0	4248685.0
GCG	2740880.0	3236149.0	5104201.0	2189946.0	1960401.0	2751521.0	2832956.0	1719234.0	1589071.0	3254352.0	2087323.0	1592264.0	1156881.0	3300582.0	3559791.0	2134869.0	2185717.0	2509047.0	4746479.0	1547504.0	2170506.0	2954455.0	3469741.0	2157541.0	1390090.0	3171715.0	2562055.0	1290048.0	1077575.0	3846329.0	5671253.0	2014072.0	3625220.0	4935989.0	7163846.0	3409368.0	3134542.0	5700707.0	6263538.0	3383327.0	2615849.0	5185142.0	3093631.0	2249215.0	1104407.0	3189527.0	4834004.0	2083542.0	115660.0	2579711.0	104900.0	1446631.0	1712664.0	2726785.0	2734854.0	1954501.0	260571.0	2027893.0	2350574.0	1149977.0	970545.0	3480749.0	2466286.0	2173462.0
GCT	7849438.0	5464201.0	8679470.0	6327622.0	4971989.0	4322983.0	2471793.0	4925025.0	4259593.0	4350436.0	3372259.0	3973059.0	3207622.0	5235670.0	6357006.0	6018407.0	5494045.0	3410983.0	7004366.0	3878466.0	5163694.0	3850536.0	2630420.0	5318388.0	2286720.0	2613036.0	2171638.0	2391981.0	2575769.0	4957396.0	6672402.0	5347581.0	9241740.0	6212719.0	9390079.0	8386338.0	6334322.0	6482057.0	3383327.0	8310908.0	5786462.0	5222098.0	3689932.0	5181047.0	2802039.0	4458335.0	5886081.0	5637823.0	455613.0	3824833.0	266709.0	4042222.0	4687210.0	4293719.0	2575253.0	5557256.0	606760.0	2854593.0	3775299.0	3065453.0	3290088.0	5396071.0	5349005.0	5785122.0
GGA	7094453.0	4704138.0	7023905.0	5730130.0	4465005.0	3455650.0	2133923.0	3975369.0	4241626.0	3861670.0	3152020.0	3685830.0	3200037.0	4608851.0	5600519.0	5536227.0	4675863.0	3070539.0	5622231.0	3660233.0	4450361.0	3015870.0	2163527.0	4244061.0	2072128.0	1947777.0	1826428.0	1858727.0	2266498.0	3876797.0	5417175.0	4402756.0	8003839.0	5313311.0	7505806.0	7265153.0	5145247.0	4591318.0	2615849.0	5786462.0	7660766.0	5175833.0	4009849.0	5423279.0	2695222.0	3793474.0	5335476.0	4961501.0	536330.0	3515475.0	304637.0	3923899.0	4104502.0	3383792.0	2095787.0	4425459.0	826099.0	2849461.0	3685455.0	3309480.0	2994886.0	4720681.0	4540791.0	5438853.0
GGC	4625572.0	5638047.0	7744252.0	3809774.0	3367001.0	4983929.0	3139866.0	3077152.0	2696066.0	5556740.0	3021941.0	2804985.0	2034034.0	6136732.0	5652658.0	3941124.0	3475843.0	4260628.0	7185912.0	2717739.0	3703489.0	4974438.0	3691665.0	3830617.0	1942271.0	4231182.0	3054766.0	1940309.0	1817433.0	6179041.0	8454705.0	3465935.0	5612068.0	7649054.0	9490358.0	5544944.0	4452746.0	8307824.0	5185142.0	5222098.0	5175833.0	9588510.0	4654558.0	4685047.0	1893088.0	5502454.0	7101627.0	3583824.0	271635.0	4688285.0	205203.0	2762033.0	2968420.0	4785046.0	3082856.0	3523263.0	506009.0	3762042.0	3921650.0	2433350.0	1642291.0	6101814.0	3550710.0	3965927.0
GGG	3653901.0	3243780.0	5248015.0	2962165.0	2551511.0	2805552.0	1919682.0	2272141.0	2382690.0	3376069.0	2820982.0	2272001.0	1660505.0	3401364.0	3899315.0	2947533.0	2480218.0	2552217.0	4775050.0	2113257.0	2822589.0	3028380.0	2256196.0	2844814.0	1290720.0	2012115.0	2154432.0	1187868.0	1349058.0	3309359.0	5502525.0	2558715.0	4323264.0	4364187.0	6789233.0	4204448.0	3245366.0	4458462.0	3093631.0	3689932.0	4009849.0	4654558.0	4465318.0	3108011.0	1478926.0	2947547.0	5034209.0	2818078.0	256568.0	2668183.0	214560.0	2217145.0	2333519.0	2821077.0	1797369.0	2657440.0	500840.0	2374121.0	2909058.0	1995425.0	1420915.0	3538497.0	2954078.0	3136665.0
GGT	5547917.0	4014887.0	5922519.0	4906171.0	3518690.0	2983785.0	1790492.0	3416632.0	3091245.0	3149546.0	2370648.0	3208756.0	2549178.0	3988941.0	4765003.0	4789205.0	3858376.0	2460181.0	4536341.0	2963970.0	3596758.0	2517983.0	1810435.0	3562447.0	1622311.0	1756943.0	1484586.0	1830361.0	1831095.0	3311837.0	4336592.0	3772125.0	6353243.0	4492284.0	6151392.0	6451101.0	4166566.0	4083422.0	2249215.0	5181047.0	5423279.0	4685047.0	3108011.0	5829852.0	2245438.0	3402853.0	4428258.0	4470431.0	338838.0	2981177.0	197363.0	3295835.0	3408880.0	2910169.0	1891548.0	3852097.0	442465.0	2195325.0	3015450.0	2592088.0	2534433.0	4071881.0	3992405.0	4528939.0
GTA	4360398.0	2468424.0	3675355.0	3546864.0	2577293.0	1661386.0	1029901.0	2203451.0	2082870.0	1721375.0	1411962.0	2012751.0	1928247.0	2120510.0	2863470.0	2965589.0	2688044.0	1415270.0	2713328.0	1923028.0	2411288.0	1343131.0	960165.0	2167053.0	978246.0	853052.0	769920.0	961554.0	1302108.0	1789429.0	2432201.0	2300085.0	4849453.0	2690412.0	3754016.0	4195253.0	2685607.0	2003581.0	1104407.0	2802039.0	2695222.0	1893088.0	1478926.0	2245438.0	2213376.0	1709562.0	2476926.0	2575637.0	348410.0	1669322.0	180870.0	2133008.0	2342976.0	1618627.0	1023309.0	2403603.0	311996.0	1177729.0	1642927.0	1558857.0	1943750.0	2209812.0	2437867.0	2927384.0
GTC	4806206.0	5125545.0	6944492.0	3844339.0	3193292.0	4224060.0	2433158.0	2993617.0	2478598.0	3827403.0	2357220.0	2468274.0	1905659.0	5205080.0	4664054.0	3678070.0	3411519.0	3366919.0	5682388.0	2520493.0	3349902.0	3773839.0	2574553.0	3405285.0	1653390.0	2949350.0	1987016.0	1673564.0	1686738.0	5359739.0	6057338.0	3320605.0	5722195.0	6459233.0	7758898.0	5458816.0	3657777.0	6168843.0	3189527.0	4458335.0	3793474.0	5502454.0	2947547.0	3402853.0	1709562.0	4801240.0	4994125.0	3363781.0	279483.0	3701404.0	187865.0	2505040.0	2817514.0	4022734.0	2390190.0	3380859.0	392932.0	2604692.0	2998015.0	2024543.0	1688037.0	5184387.0	3338765.0	3673658.0
GTG	6806544.0	6437929.0	9869977.0	5416244.0	4461467.0	4963715.0	3421832.0	3873608.0	3571337.0	5389435.0	3845192.0	3656857.0	2774215.0	6106043.0	6874480.0	4905134.0	4280065.0	4320846.0	8531050.0	3367622.0	4479280.0	4629384.0	3490676.0	4374442.0	2061997.0	3537742.0	3168436.0	2039460.0	2214908.0	5571559.0	9812994.0	4110561.0	8014357.0	8365400.0	12301333.0	7607354.0	5202449.0	7545347.0	4834004.0	5886081.0	5335476.0	7101627.0	5034209.0	4428258.0	2476926.0	4994125.0	9281456.0	4483448.0	365344.0	4748109.0	265482.0	3479187.0	3796404.0	4616573.0	3031868.0	4272757.0	535771.0	3545185.0	4179903.0	2980981.0	2425585.0	6213312.0	4943133.0	5085302.0
GTT	7488814.0	4566947.0	7007509.0	6345126.0	4281767.0	3058770.0	1851428.0	4106487.0	3648481.0	3094398.0	2580552.0	3569444.0	3091231.0	4057409.0	5185643.0	5638065.0	4724245.0	2514225.0	4832050.0	3486322.0	4204550.0	2441934.0	1796554.0	4099368.0	1755161.0	1607203.0	1412701.0	1870202.0	2152321.0	3431644.0	4314916.0	4570185.0	8416612.0	4933228.0	7035739.0	8001492.0	4637741.0	3790744.0	2083542.0	5637823.0	4961501.0	3583824.0	2818078.0	4470431.0	2575637.0	3363781.0	4483448.0	5343930.0	526063.0	3026422.0	269128.0	3829735.0	4137938.0	3038779.0	1954982.0	4650111.0	502354.0	2168201.0	3030224.0	2794654.0	3281539.0	4319371.0	4786271.0	5578750.0
TAA	1383590.0	513652.0	736280.0	1066232.0	590793.0	298039.0	138142.0	514409.0	730588.0	391215.0	374114.0	488167.0	629794.0	414119.0	583078.0	864957.0	693293.0	330287.0	484246.0	493473.0	470482.0	262362.0	124849.0	437857.0	148951.0	111417.0	112395.0	138395.0	329238.0	352345.0	441163.0	544669.0	980996.0	337691.0	498524.0	706884.0	435675.0	271837.0	115660.0	455613.0	536330.0	271635.0	256568.0	338838.0	348410.0	279483.0	365344.0	526063.0	982590.0	351487.0	345358.0	674736.0	599454.0	337021.0	138884.0	580280.0	461349.0	368116.0	442063.0	556693.0	764631.0	514518.0	586111.0	1037130.0
TAC	4966616.0	5190498.0	6594311.0	4055674.0	3094440.0	3737195.0	2186409.0	2771211.0	2517068.0	3514189.0	2232097.0	2342666.0	2116893.0	4838415.0	4681871.0	3699096.0	3304283.0	3430724.0	5463198.0	2565160.0	3198388.0	3342916.0	2268286.0	3099224.0	1483687.0	2549689.0	1811456.0	1487309.0	1658305.0	4388647.0	5900323.0	3062523.0	5516470.0	6146362.0	7394358.0	5351938.0	3303437.0	5075865.0	2579711.0	3824833.0	3515475.0	4688285.0	2668183.0	2981177.0	1669322.0	3701404.0	4748109.0	3026422.0	351487.0	4740190.0	198450.0	3005713.0	2642120.0	3405426.0	2010701.0	2977854.0	350187.0	2540967.0	2918784.0	2031703.0	1858000.0	5006153.0	3244247.0	3852312.0
TAG	602053.0	290162.0	465506.0	437206.0	334088.0	211086.0	109755.0	272618.0	410436.0	276983.0	298910.0	271038.0	293811.0	244080.0	358439.0	379590.0	343244.0	221006.0	368928.0	260346.0	301382.0	213492.0	109111.0	268598.0	93426.0	92130.0	102655.0	88325.0	189445.0	252986.0	340246.0	291632.0	443694.0	226046.0	356980.0	332362.0	264787.0	212327.0	104900.0	266709.0	304637.0	205203.0	214560.0	197363.0	180870.0	187865.0	265482.0	269128.0	345358.0	198450.0	201988.0	296717.0	326180.0	235854.0	103571.0	314858.0	272632.0	243184.0	321857.0	301612.0	320003.0	303819.0	344923.0	485425.0
TAT	6689400.0	3887427.0	5462827.0	6023907.0	3629014.0	2435108.0	1437734.0	3261087.0	3127479.0	2448524.0	2028121.0	2909665.0	3060069.0	3464306.0	4406960.0	4976078.0	4031508.0	2296266.0	3970587.0	3236407.0	3492991.0	1990325.0	1355545.0	3237546.0	1415166.0	1267580.0	1107838.0	1455749.0	1908257.0	2730098.0	3632260.0	3633405.0	6942514.0	4034189.0	5450703.0	6681286.0	3615999.0	2898659.0	1446631.0	4042222.0	3923899.0	2762033.0	2217145.0	3295835.0	2133008.0	2505040.0	3479187.0	3829735.0	674736.0	3005713.0	296717.0	4477390.0	3394465.0	2385818.0	1443027.0	4244384.0	452605.0	1847048.0	2630291.0	2586288.0	3180661.0	3746742.0	3821502.0	5179503.0
TCA	7079304.0	4126563.0	5835278.0	5919249.0	4744982.0	3150382.0	1763119.0	3971243.0	3713230.0	3401734.0	2532994.0	3664556.0	3074040.0	3671208.0	4672684.0	4947299.0	4689741.0	2459124.0	4709773.0	3251345.0	4692723.0	2651087.0	1749633.0	4050132.0	1610062.0	1476139.0	1306382.0	1584545.0	2179726.0	3291959.0	4170984.0	4043300.0	7289056.0	4188977.0	5678064.0	6531134.0	4481316.0	3443407.0	1712664.0	4687210.0	4104502.0	2968420.0	2333519.0	3408880.0	2342976.0	2817514.0	3796404.0	4137938.0	599454.0	2642120.0	326180.0	3394465.0	5560232.0	3626922.0	2131429.0	5231259.0	669719.0	2083011.0	2792491.0	2563613.0	3321664.0	3919272.0	4138635.0	4977136.0
TCC	4690386.0	4639052.0	6014125.0	3689790.0	3405523.0	4556539.0	2224378.0	3119423.0	2663486.0	4372972.0	2518774.0	2732648.0	1926197.0	4800747.0	4462694.0	3470203.0	3370967.0	3414693.0	5606564.0	2564865.0	3834498.0	4597759.0	2652890.0	4001533.0	1556472.0	2830892.0	1965492.0	1555488.0	1728919.0	5493121.0	6092481.0	3405945.0	5140832.0	5601345.0	6665585.0	4791465.0	3611731.0	6133004.0	2726785.0	4293719.0	3383792.0	4785046.0	2821077.0	2910169.0	1618627.0	4022734.0	4616573.0	3038779.0	337021.0	3405426.0	235854.0	2385818.0	3626922.0	5853320.0	2648605.0	4522362.0	550538.0	2702953.0	2869674.0	2090547.0	1823276.0	5082444.0	3249585.0	3731157.0
TCG	2745936.0	2761419.0	3783691.0	2353396.0	1968348.0	2319678.0	2001889.0	1754655.0	1491617.0	2569187.0	1472107.0	1636751.0	1202653.0	2728419.0	2812552.0	2141861.0	2102808.0	1867752.0	3253337.0	1482955.0	2119794.0	2204929.0	2275929.0	2031840.0	1144358.0	1911934.0	1440721.0	1097890.0	997224.0	2804294.0	3541663.0	1898230.0	3242551.0	3531814.0	4402114.0	3197891.0	2289617.0	3461344.0	2734854.0	2575253.0	2095787.0	3082856.0	1797369.0	1891548.0	1023309.0	2390190.0	3031868.0	1954982.0	138884.0	2010701.0	103571.0	1443027.0	2131429.0	2648605.0	2588342.0	2348313.0	241080.0	1492108.0	1726260.0	1103309.0	1096477.0	2855277.0	2236717.0	2181451.0
TCT	7007581.0	4488124.0	6346720.0	5965051.0	4574672.0	3607999.0	1862259.0	4460830.0	3710452.0	3757513.0	2666636.0	3851640.0	3012593.0	4181060.0	4989714.0	5323560.0	4706673.0	2784226.0	5189214.0	3524085.0	4729090.0	3259073.0	1960689.0	4944724.0	1708271.0	1777694.0	1479567.0	1797162.0	2287395.0	4228148.0	4867254.0	4821691.0	7551428.0	4778922.0	6415766.0	7016388.0	4591133.0	4197674.0	1954501.0	5557256.0	4425459.0	3523263.0	2657440.0	3852097.0	2403603.0	3380859.0	4272757.0	4650111.0	580280.0	2977854.0	314858.0	4244384.0	5231259.0	4522362.0	2348313.0	7308154.0	637569.0	2349152.0	2990458.0	2923938.0	3265878.0	4762703.0	4506406.0	5982690.0
TGA	970877.0	519023.0	771660.0	602378.0	689360.0	483803.0	268505.0	530146.0	1016148.0	656980.0	718403.0	541850.0	404992.0	442998.0	613182.0	573316.0	712699.0	523268.0	802364.0	590933.0	705748.0	520426.0	291398.0	627393.0	277060.0	229754.0	276311.0	219831.0	342079.0	558272.0	736157.0	601343.0	805734.0	462081.0	664325.0	540318.0	593675.0	491327.0	260571.0	606760.0	826099.0	506009.0	500840.0	442465.0	311996.0	392932.0	535771.0	502354.0	461349.0	350187.0	272632.0	452605.0	669719.0	550538.0	241080.0	637569.0	889638.0	621111.0	792312.0	700192.0	440717.0	570386.0	575417.0	823314.0
TGC	3462827.0	3310424.0	4383512.0	2689101.0	2333767.0	2751175.0	1607765.0	2043593.0	2081399.0	2935080.0	2008714.0	1820256.0	1435178.0	3051344.0	3121479.0	2462420.0	2303326.0	2563467.0	4047351.0	1924127.0	2454598.0	2744793.0	1754851.0	2403072.0	1105828.0	2053647.0	1542243.0	1096469.0	1184044.0	3197192.0	4416095.0	2263360.0	3749372.0	4074181.0	5056426.0	3517729.0	2505507.0	3827190.0	2027893.0	2854593.0	2849461.0	3762042.0	2374121.0	2195325.0	1177729.0	2604692.0	3545185.0	2168201.0	368116.0	2540967.0	243184.0	1847048.0	2083011.0	2702953.0	1492108.0	2349152.0	621111.0	3386202.0	2492618.0	2454924.0	1301375.0	3333471.0	2324985.0	2721288.0
TGG	4818597.0	3965377.0	5660730.0	3868921.0	3121470.0	3058108.0	1900649.0	2699073.0	2927917.0	3191231.0	2711040.0	2438553.0	2020711.0	3641238.0	4258529.0	3476281.0	3172269.0	2659049.0	4695708.0	2498217.0	3251501.0	2849644.0	1952034.0	3057732.0	1441528.0	2027813.0	1785767.0	1415080.0	1604106.0	3534407.0	4957182.0	3025529.0	5365519.0	4915931.0	6303266.0	5315037.0	3353236.0	4059720.0	2350574.0	3775299.0	3685455.0	3921650.0	2909058.0	3015450.0	1642927.0	2998015.0	4179903.0	3030224.0	442063.0	2918784.0	321857.0	2630291.0	2792491.0	2869674.0	1726260.0	2990458.0	792312.0	2492618.0	3672472.0	2300873.0	1921129.0	3998092.0	3285488.0	3759612.0
TGT	4549807.0	2868247.0	3914845.0	3765426.0	2774999.0	2073185.0	1142644.0	2430483.0	2477733.0	2151915.0	1818177.0	2277370.0	1995756.0	2475270.0	3112923.0	3229338.0	2806100.0	1941017.0	3363695.0	2345356.0	2669980.0	1925527.0	1097480.0	2590258.0	1081385.0	1082973.0	1006304.0	1127690.0	1373015.0	2255108.0	3203769.0	2627895.0	4703085.0	3090693.0	4139837.0	4363184.0	2679998.0	2470417.0	1149977.0	3065453.0	3309480.0	2433350.0	1995425.0	2592088.0	1558857.0	2024543.0	2980981.0	2794654.0	556693.0	2031703.0	301612.0	2586288.0	2563613.0	2090547.0	1103309.0	2923938.0	700192.0	2454924.0	2300873.0	3488688.0	2067994.0	2747751.0	2764965.0	3613126.0
TTA	6688969.0	2896442.0	4287521.0	5486288.0	3250783.0	1707400.0	1028319.0	2806619.0	2854983.0	1816622.0	1593773.0	2598446.0	2866443.0	2366991.0	3493630.0	4386419.0	3837529.0	1515127.0	2930739.0	2577849.0	2865002.0	1269073.0	891034.0	2512650.0	1123536.0	756166.0	726857.0	1141188.0	1694032.0	1883412.0	2430496.0	3053449.0	6737496.0	2782220.0	3976146.0	5562764.0	3055608.0	1881635.0	970545.0	3290088.0	2994886.0	1642291.0	1420915.0	2534433.0	1943750.0	1688037.0	2425585.0	3281539.0	764631.0	1858000.0	320003.0	3180661.0	3321664.0	1823276.0	1096477.0	3265878.0	440717.0	1301375.0	1921129.0	2067994.0	3550724.0	2687848.0	3309480.0	4520233.0
