Proteome_ID	M	W	C	D	E	F	H	K	N	Q	Y	I	A	G	P	T	V	L	R	S
UP000002036	0.01684688915938734	0.015988312557266075	0.03283520171665341	0.03283520171665341	0.03283520171665341	0.03459846071092662	0.03283520171665341	0.03459846071092662	0.03459846071092662	0.03283520171665341	0.03459846071092662	0.05235003226246589	0.07831192173637767	0.06232360917911161	0.06232360917911161	0.06567040343330682	0.06567040343330682	0.08428055158696737	0.09515881089576503	0.09850560514996023
UP000001300	0.015007852315965693	0.01740609669302048	0.03241394900898618	0.03241394900898618	0.03241394900898618	0.02794789482579227	0.03241394900898618	0.02794789482579227	0.02794789482579227	0.03241394900898618	0.02794789482579227	0.040887937335618844	0.09259344779093072	0.07518735109791021	0.07518735109791021	0.06482789801797235	0.06482789801797235	0.07536969615074414	0.10760130010689639	0.09724184702695854
UP000000267	0.019959741477910832	0.010366931234062238	0.03032667271197307	0.03032667271197307	0.03032667271197307	0.05838878772797707	0.03032667271197307	0.05838878772797707	0.05838878772797707	0.03032667271197307	0.05838878772797707	0.09681783397804332	0.04186979723168778	0.031502865997625536	0.031502865997625536	0.06065334542394614	0.06065334542394614	0.10867520191786097	0.06182953870959861	0.09098001813591922
UP000000314	0.018772763995564747	0.013617402152891039	0.03239016614845579	0.03239016614845579	0.03239016614845579	0.04465263917853805	0.03239016614845579	0.04465263917853805	0.04465263917853805	0.03239016614845579	0.04465263917853805	0.07053251436151137	0.060607809995517445	0.04699040784262641	0.04699040784262641	0.06478033229691157	0.06478033229691157	0.0958155693225586	0.0793805739910822	0.09717049844536735
UP000007796	0.01197570593166228	0.01870973898144515	0.030685444913107433	0.030685444913107433	0.030685444913107433	0.019641100553355363	0.030685444913107433	0.019641100553355363	0.019641100553355363	0.030685444913107433	0.019641100553355363	0.027306495175048448	0.11458995984355913	0.095880220862114	0.095880220862114	0.061370889826214865	0.061370889826214865	0.062302251398125064	0.1265656657752214	0.09205633473932229
UP000029964	0.011729517330361856	0.018767227728578972	0.030496745058940827	0.030496745058940827	0.030496745058940827	0.019060465661838014	0.030496745058940827	0.019060465661838014	0.019060465661838014	0.030496745058940827	0.019060465661838014	0.026391413993314173	0.11635681191718962	0.09758958418861066	0.09758958418861066	0.06099349011788165	0.06099349011788165	0.06128672805114071	0.12808632924755148	0.09149023517682248
UP000002037	0.02000820986039576	0.009891182890413927	0.02989939275080969	0.02989939275080969	0.02989939275080969	0.060481474408523556	0.02989939275080969	0.060481474408523556	0.060481474408523556	0.02989939275080969	0.060481474408523556	0.10095473895665134	0.03945308413735789	0.029561901246943963	0.029561901246943963	0.05979878550161938	0.05979878550161938	0.110389077019729	0.05946129399775365	0.08969817825242907
UP000009058	0.013328457158246947	0.01826717214644751	0.03159562930469446	0.03159562930469446	0.03159562930469446	0.023053430941546636	0.03159562930469446	0.023053430941546636	0.023053430941546636	0.03159562930469446	0.023053430941546636	0.032778404724846326	0.10487326506952482	0.08660609292307732	0.08660609292307732	0.06319125860938891	0.06319125860938891	0.06797751740448803	0.11820172222777177	0.09478688791408336
UP000054166	0.017242969278897808	0.01559776854036077	0.03284073781925858	0.03284073781925858	0.03284073781925858	0.036304669597354816	0.03284073781925858	0.036304669597354816	0.036304669597354816	0.03284073781925858	0.036304669597354816	0.05536636991581183	0.07501238778767996	0.05941461924731919	0.05941461924731919	0.06568147563851716	0.06568147563851716	0.08638837669551121	0.09225535706657777	0.09852221345777573
UP000016922	0.01741596419589273	0.015415022972721864	0.032830987168614593	0.032830987168614593	0.032830987168614593	0.03709260103317539	0.032830987168614593	0.03709260103317539	0.03709260103317539	0.032830987168614593	0.03709260103317539	0.05676923787045805	0.07353301353917971	0.05811799056645785	0.05811799056645785	0.06566197433722919	0.06566197433722919	0.08733955239768272	0.09094897773507243	0.09849296150584379
UP000009082	0.019944416815220516	0.00841888888389483	0.028363305699115347	0.028363305699115347	0.028363305699115347	0.06719290382877358	0.028363305699115347	0.06719290382877358	0.06719290382877358	0.028363305699115347	0.06719290382877358	0.11444139084232663	0.03236418859088482	0.023945299706989987	0.023945299706989987	0.056726611398230695	0.056726611398230695	0.11550062634310942	0.05230860540610534	0.08508991709734604
UP000005206	0.014126690068397027	0.017903052297692162	0.03202974236608919	0.03202974236608919	0.03202974236608919	0.025273581054928544	0.03202974236608919	0.025273581054928544	0.025273581054928544	0.03202974236608919	0.025273581054928544	0.03642047204146007	0.09908698850430973	0.08118393620661755	0.08118393620661755	0.06405948473217837	0.06405948473217837	0.07143001348941476	0.11321367857270674	0.09608922709826756
UP000016927	0.019876176863741976	0.010856780038687005	0.030732956902428984	0.030732956902428984	0.030732956902428984	0.05626471981211047	0.030732956902428984	0.05626471981211047	0.05626471981211047	0.030732956902428984	0.05626471981211047	0.09265326276047896	0.04443073697371324	0.03357395693502624	0.03357395693502624	0.06146591380485797	0.06146591380485797	0.10687385357828143	0.06430691383745521	0.09219887070728694
UP000249829	0.011042934784962473	0.018890018824866378	0.02993295360982885	0.02993295360982885	0.02993295360982885	0.0174985349511416	0.02993295360982885	0.0174985349511416	0.0174985349511416	0.02993295360982885	0.0174985349511416	0.023954135117320724	0.12129650191729377	0.10240648309242739	0.10240648309242739	0.0598659072196577	0.0598659072196577	0.058474423345932926	0.13233943670225626	0.08979886082948657
UP000000559	0.01981864433957453	0.011114659267913107	0.03093330360748764	0.03093330360748764	0.03093330360748764	0.055157439168171896	0.03093330360748764	0.055157439168171896	0.055157439168171896	0.03093330360748764	0.055157439168171896	0.09049623399676925	0.04581058737855537	0.03469592811064226	0.03469592811064226	0.06186660721497528	0.06186660721497528	0.10590938711523404	0.0656292317181299	0.0927999108224629
UP000005221	0.019039763214599728	0.013144860321759195	0.032184623536358925	0.032184623536358925	0.032184623536358925	0.04661803901171442	0.032184623536358925	0.04661803901171442	0.04661803901171442	0.032184623536358925	0.04661803901171442	0.07419631480882911	0.05758473870947323	0.04443987838771404	0.04443987838771404	0.06436924707271785	0.06436924707271785	0.09784242576267307	0.07662450192407294	0.09655387060907676
UP000001312	0.01758216535013682	0.015231718663856053	0.03281388401399287	0.03281388401399287	0.03281388401399287	0.03787748101488216	0.03281388401399287	0.03787748101488216	0.03787748101488216	0.03281388401399287	0.03787748101488216	0.05817279667962751	0.072086132169375	0.056854413505518946	0.056854413505518946	0.06562776802798574	0.06562776802798574	0.08827353037901187	0.08966829751951183	0.09844165204197862
UP000193067	0.009055585540233056	0.018922119039292952	0.02797770457952601	0.02797770457952601	0.02797770457952601	0.01338933004877316	0.02797770457952601	0.01338933004877316	0.01338933004877316	0.02797770457952601	0.01338933004877316	0.017723074557313267	0.13584386952089417	0.11692175048160122	0.11692175048160122	0.05595540915905202	0.05595540915905202	0.050422620168532224	0.14489945506112722	0.08393311373857802
UP000007963	0.013577708000932635	0.01816189871062711	0.031739606711559745	0.031739606711559745	0.031739606711559745	0.023728307202915775	0.031739606711559745	0.023728307202915775	0.023728307202915775	0.031739606711559745	0.023728307202915775	0.03387890640489891	0.10307336125951867	0.08491146254889156	0.08491146254889156	0.06347921342311949	0.06347921342311949	0.06904562191540815	0.11665106926045131	0.09521882013467924
UP000002038	0.01557160919588297	0.01703106580883081	0.03260267500471378	0.03260267500471378	0.03260267500471378	0.029808828150411398	0.03260267500471378	0.029808828150411398	0.029808828150411398	0.03260267500471378	0.029808828150411398	0.04404604710493983	0.0883478188257265	0.07131675301689569	0.07131675301689569	0.06520535000942757	0.06520535000942757	0.07798311235100815	0.10391942802160947	0.09780802501414135
UP000005222	0.018030266249161687	0.014694354680110511	0.0327246209292722	0.0327246209292722	0.0327246209292722	0.04015376252325695	0.0327246209292722	0.04015376252325695	0.04015376252325695	0.0327246209292722	0.04015376252325695	0.0622772587973522	0.06803435310961248	0.05333999842950197	0.05333999842950197	0.0654492418585444	0.0654492418585444	0.09090864970169084	0.08606461935877414	0.0981738627878166
UP000000560	0.01485894283363286	0.01749746302896089	0.03235640586259375	0.03235640586259375	0.03235640586259375	0.027477239655734	0.03235640586259375	0.027477239655734	0.027477239655734	0.03235640586259375	0.027477239655734	0.04009553647783514	0.09370140588945958	0.07620394286049868	0.07620394286049868	0.0647128117251875	0.0647128117251875	0.07469258835196062	0.10856034872309245	0.09706921758778125
UP000016930	0.014160311355995575	0.017885968411899048	0.03204627976789462	0.03204627976789462	0.03204627976789462	0.02537102206961511	0.03204627976789462	0.02537102206961511	0.02537102206961511	0.03204627976789462	0.02537102206961511	0.03658173278323465	0.09884163855749298	0.08095567014559393	0.08095567014559393	0.06409255953578924	0.06409255953578924	0.07157761319350531	0.11300194991348857	0.09613883930368389
UP000002058	0.015615453355348972	0.016999883908599803	0.032615337263948774	0.032615337263948774	0.032615337263948774	0.029959220924827838	0.032615337263948774	0.029959220924827838	0.029959220924827838	0.032615337263948774	0.029959220924827838	0.04430298849430671	0.0880137615731932	0.07101387766459341	0.07101387766459341	0.06523067452789755	0.06523067452789755	0.07819001154412558	0.10362921492854218	0.09784601179184632
UP000030143	0.015350285499817781	0.0171839409201722	0.03253422641998998	0.03253422641998998	0.03253422641998998	0.029062580369809375	0.03253422641998998	0.029062580369809375	0.029062580369809375	0.03253422641998998	0.029062580369809375	0.042774875239800975	0.09002509096800032	0.07284115004782811	0.07284115004782811	0.06506845283997996	0.06506845283997996	0.07694709228961716	0.1053753764678181	0.09760267925996996
UP000005426	0.013058189388396322	0.018372866077799917	0.03143105546619624	0.03143105546619624	0.03143105546619624	0.02233906638282794	0.03143105546619624	0.02233906638282794	0.02233906638282794	0.03143105546619624	0.02233906638282794	0.031619943377259555	0.10681982539016516	0.08844695931236524	0.08844695931236524	0.06286211093239248	0.06286211093239248	0.0668283112374205	0.11987801477856148	0.09429316639858873
UP000016932	0.014813235790845203	0.017524887297204878	0.032338123088050084	0.032338123088050084	0.032338123088050084	0.027334397888713616	0.032338123088050084	0.027334397888713616	0.027334397888713616	0.032338123088050084	0.027334397888713616	0.03985555998658203	0.09404050758746706	0.07651562029026218	0.07651562029026218	0.06467624617610017	0.06467624617610017	0.07448575676760891	0.10885374337831225	0.09701436926415023
UP000009096	0.015965083708756343	0.016740164159964887	0.03270524786872123	0.03270524786872123	0.03270524786872123	0.031190973693585016	0.03270524786872123	0.031190973693585016	0.031190973693585016	0.03270524786872123	0.031190973693585016	0.04641686367841368	0.08532623964849531	0.06858607548853043	0.06858607548853043	0.06541049573744245	0.06541049573744245	0.0798613052710626	0.10129132335725166	0.09811574360616368
UP000000561	0.014623887209180697	0.017635447148414883	0.032259334357595586	0.032259334357595586	0.032259334357595586	0.026750490822180718	0.032259334357595586	0.026750490822180718	0.026750490822180718	0.032259334357595586	0.026750490822180718	0.03887709443518074	0.09544072258151147	0.0778052754330966	0.0778052754330966	0.06451866871519117	0.06451866871519117	0.073633712388957	0.11006460979069217	0.09677800307278674
UP000094112	0.020009454911421864	0.008999422205349031	0.029008877116770897	0.029008877116770897	0.029008877116770897	0.06449878730592266	0.029008877116770897	0.06449878730592266	0.06449878730592266	0.029008877116770897	0.06449878730592266	0.10898811970042348	0.03509339968075627	0.026093977475407232	0.026093977475407232	0.058017754233541795	0.058017754233541795	0.11351711933411542	0.055102854592178126	0.08702663135031269
UP000002059	0.015874863504131	0.01680910617013404	0.03268396967426504	0.03268396967426504	0.03268396967426504	0.030867409135293535	0.03268396967426504	0.030867409135293535	0.030867409135293535	0.03268396967426504	0.030867409135293535	0.045859954766456074	0.08602397736234291	0.06921487119220888	0.06921487119220888	0.06536793934853008	0.06536793934853008	0.07942624231368958	0.10189884086647392	0.09805190902279513
UP000094389	0.018401822352896117	0.014190650229213848	0.03259247258210997	0.03259247258210997	0.03259247258210997	0.04226451084411312	0.03259247258210997	0.04226451084411312	0.04226451084411312	0.03259247258210997	0.04226451084411312	0.06612719933533011	0.06445832151180009	0.050267671282586246	0.050267671282586246	0.06518494516421994	0.06518494516421994	0.0932588057791192	0.08286014386469621	0.0977774177463299
UP000000591	0.014703586597373149	0.01758950571305259	0.03229309231042574	0.03229309231042574	0.03229309231042574	0.026994748290792413	0.03229309231042574	0.026994748290792413	0.026994748290792413	0.03229309231042574	0.026994748290792413	0.03928590998421168	0.09485222361180623	0.07726271789875364	0.07726271789875364	0.06458618462085149	0.06458618462085149	0.0739914271985913	0.10955581020917937	0.09687927693127722
UP000002149	0.01594457385262778	0.016755957148501154	0.032700531001128935	0.032700531001128935	0.032700531001128935	0.031117054486755134	0.032700531001128935	0.031117054486755134	0.031117054486755134	0.032700531001128935	0.031117054486755134	0.04628953512088249	0.08548513125532085	0.06872917410681971	0.06872917410681971	0.06540106200225787	0.06540106200225787	0.07976215934051185	0.10142970510794863	0.09810159300338679
UP000007978	0.01604206422065838	0.016680247848143932	0.03272231206880231	0.03272231206880231	0.03272231206880231	0.031470361617831864	0.03272231206880231	0.031470361617831864	0.031470361617831864	0.03272231206880231	0.031470361617831864	0.04689865901500535	0.08472838279689347	0.06804813494874955	0.06804813494874955	0.06544462413760462	0.06544462413760462	0.08023473790729255	0.10077044701755186	0.09816693620640694
UP000002258	0.018458680092426356	0.014107901639422278	0.032566581731848634	0.032566581731848634	0.032566581731848634	0.04260988836300584	0.032566581731848634	0.04260988836300584	0.04260988836300584	0.032566581731848634	0.04260988836300584	0.06676109663358532	0.06388894009987416	0.04978103846045187	0.04978103846045187	0.06513316346369727	0.06513316346369727	0.09363515018728083	0.0823476201923005	0.09769974519554592
UP000000598	0.01912056685183989	0.012988786764861546	0.03210935361670143	0.03210935361670143	0.03210935361670143	0.047267620410739036	0.03210935361670143	0.047267620410739036	0.047267620410739036	0.03210935361670143	0.047267620410739036	0.07541467396963818	0.05661317829222244	0.0436243915273609	0.0436243915273609	0.06421870723340287	0.06421870723340287	0.09849754087928037	0.07573374514406232	0.0963280608501043
UP000030651	0.015238671807876737	0.017258232901431386	0.03249690470930812	0.03249690470930812	0.03249690470930812	0.028694111874913802	0.03249690470930812	0.028694111874913802	0.028694111874913802	0.03249690470930812	0.028694111874913802	0.04214955194195087	0.09086558623506892	0.07360735333363755	0.07360735333363755	0.06499380941861624	0.06499380941861624	0.07642968839209865	0.10610425804294567	0.09749071412792436
UP000016933	0.014336706847791597	0.01779395551924303	0.03213066236703463	0.03213066236703463	0.03213066236703463	0.025887885730824928	0.03213066236703463	0.025887885730824928	0.025887885730824928	0.03213066236703463	0.025887885730824928	0.03743906461385826	0.0975516827341088	0.07975772721486576	0.07975772721486576	0.06426132473406926	0.06426132473406926	0.07235525494565115	0.1118883895819004	0.09639198710110387
UP000001471	0.014778850661304337	0.017545328425634	0.03232417908693833	0.03232417908693833	0.03232417908693833	0.02722743079446553	0.03232417908693833	0.02722743079446553	0.02722743079446553	0.03232417908693833	0.02722743079446553	0.039676010927626716	0.09429532085289209	0.07674999242725809	0.07674999242725809	0.06464835817387667	0.06464835817387667	0.0743304605427082	0.10907417151419643	0.09697253726081499
UP000000599	0.019596676031358347	0.01187025107923209	0.03146692711059044	0.03146692711059044	0.03146692711059044	0.05194895812839873	0.03146692711059044	0.05194895812839873	0.05194895812839873	0.03146692711059044	0.05194895812839873	0.08430124022543913	0.04999103492001215	0.03812078384078006	0.03812078384078006	0.06293385422118088	0.06293385422118088	0.10301256127034752	0.0695877109513705	0.09440078133177132
UP000008062	0.014346366033356135	0.017788800637882886	0.03213516667123902	0.03213516667123902	0.03213516667123902	0.025916466938569825	0.03213516667123902	0.025916466938569825	0.025916466938569825	0.03213516667123902	0.025916466938569825	0.03748656784378351	0.09748090831876864	0.07969210768088576	0.07969210768088576	0.06427033334247804	0.06427033334247804	0.07239799964316497	0.11182727435212478	0.09640550001371706
UP000054270	0.017122415906418647	0.0157205806860101	0.032842996592428744	0.032842996592428744	0.032842996592428744	0.03577167144780457	0.032842996592428744	0.03577167144780457	0.03577167144780457	0.032842996592428744	0.03577167144780457	0.0544209269891905	0.07602877325924182	0.06030819257323172	0.06030819257323172	0.06568599318485749	0.06568599318485749	0.08573708394665197	0.09315118916566047	0.09852898977728625
UP000094569	0.015518603639287953	0.017068362821183635	0.032586966460471586	0.032586966460471586	0.032586966460471586	0.029628161857398336	0.032586966460471586	0.029628161857398336	0.029628161857398336	0.032586966460471586	0.029628161857398336	0.043737720075508725	0.08875086463867217	0.07168250181748853	0.07168250181748853	0.06517393292094317	0.06517393292094317	0.07773373195715787	0.10426946827796012	0.09776089938141477
UP000016934	0.014540204520943482	0.017682764852889336	0.03222296937383282	0.03222296937383282	0.03222296937383282	0.02649634086442486	0.03222296937383282	0.02649634086442486	0.02649634086442486	0.03222296937383282	0.02649634086442486	0.03845247720790624	0.09605734197505046	0.07837457712216112	0.07837457712216112	0.06444593874766565	0.06444593874766565	0.07325951475920116	0.11059754649599395	0.09666890812149846
UP000008066	0.013489959017977542	0.018199820451033317	0.03168977946901086	0.03168977946901086	0.03168977946901086	0.023488903501871147	0.03168977946901086	0.023488903501871147	0.023488903501871147	0.03168977946901086	0.023488903501871147	0.033487847985764756	0.10370761120120973	0.08550779075017641	0.08550779075017641	0.06337955893802172	0.06337955893802172	0.06866864198885955	0.11719757021918727	0.09506933840703258
UP000009097	0.015563715521086995	0.01703664782691004	0.032600363347997034	0.032600363347997034	0.032600363347997034	0.02978184359900112	0.032600363347997034	0.02978184359900112	0.02978184359900112	0.032600363347997034	0.02978184359900112	0.043999971676915245	0.08840789701694166	0.07137124919003161	0.07137124919003161	0.06520072669599407	0.06520072669599407	0.07794592246808514	0.10397161253802865	0.0978010900439911
UP000006564	0.015262220361118198	0.017242712186858036	0.032504932547976234	0.032504932547976234	0.032504932547976234	0.02877142748741173	0.032504932547976234	0.02877142748741173	0.02877142748741173	0.032504932547976234	0.02877142748741173	0.042280634613705265	0.0906885389822621	0.07344582679540408	0.07344582679540408	0.06500986509595247	0.06500986509595247	0.07653858039650617	0.1059507593433803	0.09751479764392869
UP000095358	0.019629287200762083	0.01177426800630496	0.031403555207067044	0.031403555207067044	0.031403555207067044	0.052353947095005564	0.031403555207067044	0.052353947095005564	0.052353947095005564	0.031403555207067044	0.052353947095005564	0.08507860698924903	0.049447961561967624	0.03767369355566266	0.03767369355566266	0.06280711041413409	0.06280711041413409	0.10338678950283467	0.06907724876272969	0.09421066562120112
UP000001610	0.013452838918175334	0.01821558032378109	0.03166841924195642	0.03166841924195642	0.03166841924195642	0.023388227840267402	0.03166841924195642	0.023388227840267402	0.023388227840267402	0.03166841924195642	0.023388227840267402	0.033323616762359475	0.10397571436503127	0.08576013404125017	0.08576013404125017	0.06333683848391285	0.06333683848391285	0.06850948600039916	0.11742855328320659	0.09500525772586928
UP000002311	0.01917410897284347	0.012881338196975138	0.03205544716981861	0.03205544716981861	0.03205544716981861	0.04771512305698646	0.03205544716981861	0.04771512305698646	0.04771512305698646	0.03205544716981861	0.04771512305698646	0.07625613714112946	0.05595161141118526	0.04307027321421013	0.04307027321421013	0.06411089433963722	0.06411089433963722	0.09894467919964854	0.07512572038402875	0.09616634150945583
UP000030669	0.012002155404066905	0.01870314176100526	0.030705297165072164	0.030705297165072164	0.030705297165072164	0.019704162702311855	0.030705297165072164	0.019704162702311855	0.019704162702311855	0.030705297165072164	0.019704162702311855	0.0274061700005568	0.11440020722268758	0.09569706546168233	0.09569706546168233	0.06141059433014433	0.06141059433014433	0.06241161527145092	0.1264023626267545	0.09211589149521648
UP000001611	0.012527479673333753	0.018555193562306636	0.031082673235640387	0.031082673235640387	0.031082673235640387	0.0209853675654114	0.031082673235640387	0.0209853675654114	0.0209853675654114	0.031082673235640387	0.0209853675654114	0.029443255457489045	0.11063197729860859	0.09207678373630196	0.09207678373630196	0.062165346471280775	0.062165346471280775	0.06459552047438555	0.12315945697194235	0.09324801970692116
UP000016935	0.016332432302325794	0.01644485830691001	0.0327772906092358	0.0327772906092358	0.0327772906092358	0.03255320720544364	0.0327772906092358	0.03255320720544364	0.03255320720544364	0.0327772906092358	0.03255320720544364	0.04877398210856149	0.08245069133602191	0.06600583302911191	0.06600583302911191	0.0655545812184716	0.0655545812184716	0.08166293011700523	0.0987831236383477	0.0983318718277074
UP000008142	0.016436060723412384	0.016357109035973108	0.032793169759385496	0.032793169759385496	0.032793169759385496	0.03295145421437642	0.032793169759385496	0.03295145421437642	0.03295145421437642	0.032793169759385496	0.03295145421437642	0.04946684770534045	0.0816284003041255	0.0652712912681524	0.0652712912681524	0.06558633951877099	0.06558633951877099	0.0821806846971743	0.0980644610275379	0.09837950927815649
UP000009138	0.019016044771171588	0.013189390953612315	0.0322054357247839	0.0322054357247839	0.0322054357247839	0.046432773868898755	0.0322054357247839	0.046432773868898755	0.046432773868898755	0.0322054357247839	0.046432773868898755	0.07384950296662592	0.057864304976696763	0.04467491402308445	0.04467491402308445	0.0644108714495678	0.0644108714495678	0.09765425436485425	0.07688034974786837	0.09661630717435171
UP000006701	0.014141528893072576	0.017895530094532017	0.032037058987604596	0.032037058987604596	0.032037058987604596	0.025316545133285056	0.032037058987604596	0.025316545133285056	0.025316545133285056	0.032037058987604596	0.025316545133285056	0.03649156137349754	0.09897872238413295	0.08108319228960092	0.08108319228960092	0.06407411797520919	0.06407411797520919	0.07149513301396222	0.11312025127720553	0.09611117696281378
UP000054279	0.016661767409000872	0.016158770657031033	0.032820538066031905	0.032820538066031905	0.032820538066031905	0.03384218905641423	0.032820538066031905	0.03384218905641423	0.03384218905641423	0.032820538066031905	0.03384218905641423	0.05102261070382758	0.07981822939642874	0.06365945873939771	0.06365945873939771	0.06564107613206381	0.06564107613206381	0.08332449453144701	0.09647999680542962	0.09846161419809571
UP000054317	0.01211838457365388	0.01867318361745084	0.03079156819110472	0.03079156819110472	0.03079156819110472	0.019982884151418984	0.03079156819110472	0.019982884151418984	0.019982884151418984	0.03079156819110472	0.019982884151418984	0.02784738372918409	0.1135664597314622	0.09489327611401137	0.09489327611401137	0.06158313638220944	0.06158313638220944	0.06289283691617759	0.1256848443051161	0.09237470457331416
UP000217790	0.015603304023658183	0.017008554699275088	0.03261185872293327	0.03261185872293327	0.03261185872293327	0.02991745950361111	0.03261185872293327	0.02991745950361111	0.02991745950361111	0.03261185872293327	0.02991745950361111	0.044231614983564045	0.08810639168213706	0.07109783698286198	0.07109783698286198	0.06522371744586654	0.06522371744586654	0.07813262225020257	0.10370969570579525	0.09783557616879981
UP000002428	0.01886127962480367	0.013467286250266258	0.03232856587506992	0.03232856587506992	0.03232856587506992	0.04527698524463489	0.03232856587506992	0.04527698524463489	0.04527698524463489	0.03232856587506992	0.04527698524463489	0.0716926908644661	0.059633618478076404	0.046166332227810136	0.046166332227810136	0.06465713175013985	0.06465713175013985	0.09646683074450847	0.07849489810288007	0.09698569762520977
UP000009297	0.01593229073669661	0.0167653813388471	0.03269767207554371	0.03269767207554371	0.03269767207554371	0.031072888077626776	0.03269767207554371	0.031072888077626776	0.031072888077626776	0.03269767207554371	0.031072888077626776	0.04621348541855694	0.08558021158499958	0.06881483024615247	0.06881483024615247	0.06539534415108741	0.06539534415108741	0.0797028508898671	0.1015125023216962	0.09809301622663115
UP000001628	0.0157776995626715	0.016881840973053522	0.03265954053572502	0.03265954053572502	0.03265954053572502	0.030523473076784748	0.03265954053572502	0.030523473076784748	0.030523473076784748	0.03265954053572502	0.030523473076784748	0.045269246590897996	0.08677202583644802	0.06989018486339452	0.06989018486339452	0.06531908107145004	0.06531908107145004	0.07896071317518126	0.10254972539911952	0.09797862160717506
UP000016936	0.014399464341274136	0.0177602457403374	0.03215971008161154	0.03215971008161154	0.03215971008161154	0.026074109858407975	0.03215971008161154	0.026074109858407975	0.026074109858407975	0.03215971008161154	0.026074109858407975	0.03774875537554181	0.09709157924699582	0.07933133350665843	0.07933133350665843	0.06431942016322308	0.06431942016322308	0.07263328428129365	0.11149104358826996	0.09647913024483461
UP000009328	0.020022320868977827	0.0092962689355876	0.029318589804565427	0.029318589804565427	0.029318589804565427	0.0631464318169326	0.029318589804565427	0.0631464318169326	0.0631464318169326	0.029318589804565427	0.0631464318169326	0.10627054276488737	0.03652123425493834	0.027224965319350737	0.027224965319350737	0.058637179609130854	0.058637179609130854	0.11248734249047584	0.056543555123916164	0.08795576941369629
UP000008177	0.01742901634888029	0.015400909803690082	0.032829926152570375	0.032829926152570375	0.032829926152570375	0.037153215422934524	0.032829926152570375	0.037153215422934524	0.037153215422934524	0.032829926152570375	0.037153215422934524	0.05687741449698875	0.07342033229049322	0.05801942248680314	0.05801942248680314	0.06565985230514075	0.06565985230514075	0.0874121579243852	0.09084934863937351	0.09848977845771113
UP000030671	0.01492687500584918	0.017456167496187575	0.03238304250203675	0.03238304250203675	0.03238304250203675	0.02769093661839426	0.03238304250203675	0.02769093661839426	0.02769093661839426	0.03238304250203675	0.02769093661839426	0.04045499823093934	0.09319657715731292	0.07574040966112533	0.07574040966112533	0.0647660850040735	0.0647660850040735	0.07500085412628019	0.10812345216316209	0.09714912750611027
UP000018087	0.014303640652929111	0.017811510242230964	0.03211515089516007	0.03211515089516007	0.03211515089516007	0.025790265489661655	0.03211515089516007	0.025790265489661655	0.025790265489661655	0.03211515089516007	0.025790265489661655	0.0372768903263942	0.09779385221791503	0.07998234197568407	0.07998234197568407	0.06423030179032015	0.06423030179032015	0.07220905703775085	0.11209749287084415	0.09634545268548023
UP000002485	0.01923014669185404	0.012765068780264456	0.0319952154721185	0.0319952154721185	0.0319952154721185	0.04819971576789028	0.0319952154721185	0.04819971576789028	0.04819971576789028	0.0319952154721185	0.04819971576789028	0.07716928484392654	0.055242240970945954	0.04247717219068149	0.04247717219068149	0.063990430944237	0.063990430944237	0.09942507793186282	0.0744723876628	0.0959856464163555
UP000006702	0.014480527728529185	0.017715938165422232	0.03219646589395141	0.03219646589395141	0.03219646589395141	0.026316518650306316	0.03219646589395141	0.026316518650306316	0.026316518650306316	0.03219646589395141	0.026316518650306316	0.03815250957208345	0.09649629888371282	0.07878036071829059	0.07878036071829059	0.06439293178790283	0.06439293178790283	0.07299351227278691	0.11097682661224201	0.09658939768185425
UP000001631	0.01571907230425889	0.016924982450013996	0.032644054754272886	0.032644054754272886	0.032644054754272886	0.030318155927315432	0.032644054754272886	0.030318155927315432	0.030318155927315432	0.032644054754272886	0.030318155927315432	0.04491723955037198	0.08722175863618517	0.07029677618617118	0.07029677618617118	0.06528810950854577	0.06528810950854577	0.07868128298584721	0.10294083094044408	0.09793216426281866
UP000054321	0.017114658584205737	0.01572836104552082	0.03284301962972656	0.03284301962972656	0.03284301962972656	0.03573780295418722	0.03284301962972656	0.03573780295418722	0.03573780295418722	0.03284301962972656	0.03573780295418722	0.05436094732416871	0.07609379200283838	0.06036543095731755	0.06036543095731755	0.06568603925945311	0.06568603925945311	0.08569548116811954	0.0932084505870441	0.09852905888917969
UP000008181	0.010149590216026867	0.018965582463856302	0.02911517267988317	0.02911517267988317	0.02911517267988317	0.015581228382141077	0.02911517267988317	0.015581228382141077	0.015581228382141077	0.02911517267988317	0.015581228382141077	0.02101286654825529	0.12777513962958348	0.1088095571657272	0.1088095571657272	0.05823034535976634	0.05823034535976634	0.05484599127805111	0.13792472984561036	0.0873455180396495
UP000000724	0.015089712109883868	0.01735453530298789	0.03244424741287176	0.03244424741287176	0.03244424741287176	0.02821016780540303	0.03244424741287176	0.02821016780540303	0.02821016780540303	0.03244424741287176	0.02821016780540303	0.04133062350092219	0.09198218001951651	0.07462764471652862	0.07462764471652862	0.06488849482574352	0.06488849482574352	0.07574412732815865	0.10707189212940037	0.09733274223861527
UP000030816	0.015423008627133163	0.017134532967888267	0.03255754159502143	0.03255754159502143	0.03255754159502143	0.029305452669139632	0.03255754159502143	0.029305452669139632	0.029305452669139632	0.03255754159502143	0.029305452669139632	0.043187896711146104	0.08947557657359147	0.07234104360570319	0.07234104360570319	0.06511508319004286	0.06511508319004286	0.07728600289129423	0.10489858520072463	0.09767262478506429
UP000269793	0.01454597238136983	0.01767953350498197	0.032225505886351806	0.032225505886351806	0.032225505886351806	0.026513783209633518	0.032225505886351806	0.026513783209633518	0.026513783209633518	0.032225505886351806	0.026513783209633518	0.03848159403789721	0.09601488243805859	0.0783353489330766	0.0783353489330766	0.06445101177270361	0.06445101177270361	0.07328526147735516	0.1105608548194284	0.09667651765905542
UP000009882	0.01446777460029325	0.017722966193454964	0.032190740793748215	0.032190740793748215	0.032190740793748215	0.026278241290806404	0.032190740793748215	0.026278241290806404	0.026278241290806404	0.032190740793748215	0.026278241290806404	0.03808870798131955	0.0965900244096242	0.07886705821616925	0.07886705821616925	0.06438148158749643	0.06438148158749643	0.07293675668484786	0.11105779900991747	0.09657222238124465
UP000001640	0.01983143886784267	0.011060753455508042	0.03089219232335071	0.03089219232335071	0.03089219232335071	0.05538832648413179	0.03089219232335071	0.05538832648413179	0.05538832648413179	0.03089219232335071	0.05538832648413179	0.09094521410042093	0.045520272531835215	0.034459519076327175	0.034459519076327175	0.06178438464670142	0.06178438464670142	0.10611195767532518	0.06535171139967788	0.09267657697005212
UP000054361	0.014030162759808104	0.017951300604144023	0.03198146336395213	0.03198146336395213	0.03198146336395213	0.024995689515082024	0.03198146336395213	0.024995689515082024	0.024995689515082024	0.03198146336395213	0.024995689515082024	0.03596121627035594	0.09979053118689402	0.08183923058275	0.08183923058275	0.06396292672790425	0.06396292672790425	0.07100731563884226	0.11382069394670212	0.09594439009185637
UP000218811	0.010768484502048288	0.018923494113711824	0.02969197861576011	0.02969197861576011	0.02969197861576011	0.01689633054221643	0.02969197861576011	0.01689633054221643	0.01689633054221643	0.02969197861576011	0.01689633054221643	0.02302417658238457	0.12327912232730469	0.10435562821359286	0.10435562821359286	0.05938395723152022	0.05938395723152022	0.05735679366002482	0.134047606829353	0.08907593584728034
UP000000741	0.018673834662255587	0.005492304312428113	0.024166138974683702	0.024166138974683702	0.024166138974683702	0.08216487251392462	0.024166138974683702	0.08216487251392462	0.08216487251392462	0.024166138974683702	0.08216487251392462	0.14565591036559367	0.01970768017988911	0.014215375867460998	0.014215375867460998	0.048332277949367404	0.048332277949367404	0.12500484615086394	0.03838151484214469	0.07249841692405111
UP000001742	0.01979899878632842	0.007744288845752308	0.027543287632080728	0.027543287632080728	0.027543287632080728	0.07041699105763219	0.027543287632080728	0.07041699105763219	0.07041699105763219	0.027543287632080728	0.07041699105763219	0.12103498332893596	0.029291153663155104	0.021546864817402797	0.021546864817402797	0.055086575264161455	0.055086575264161455	0.11775927747604134	0.049090152449483525	0.08262986289624218
UP000184304	0.014667308387937433	0.017610524239095034	0.03227783262703247	0.03227783262703247	0.03227783262703247	0.026883295398095558	0.03227783262703247	0.026883295398095558	0.026883295398095558	0.03227783262703247	0.026883295398095558	0.03909928240825368	0.0951202538812823	0.07750972964218726	0.07750972964218726	0.06455566525406493	0.06455566525406493	0.07382843641306545	0.10978756226921972	0.0968334978810974
UP000000819	0.017004352567234985	0.015837444127137577	0.03284179669437256	0.03284179669437256	0.03284179669437256	0.03526159179786146	0.03284179669437256	0.03526159179786146	0.03526159179786146	0.03284179669437256	0.03526159179786146	0.05351883102848794	0.07701355984519852	0.06117611571806094	0.06117611571806094	0.06568359338874512	0.06568359338874512	0.085107741059469	0.0940179124124335	0.09852539008311768
UP000006706	0.014329102200811936	0.01779800539084015	0.03212710759165209	0.03212710759165209	0.03212710759165209	0.025865404464602927	0.03212710759165209	0.025865404464602927	0.025865404464602927	0.03212710759165209	0.025865404464602927	0.03740170672839392	0.0976073927613797	0.07980938737053955	0.07980938737053955	0.06425421518330418	0.06425421518330418	0.07232161425706696	0.11193649496219164	0.09638132277495627
UP000011064	0.013317485593419963	0.018271633371788682	0.03158911896520864	0.03158911896520864	0.03158911896520864	0.023024084829631884	0.03158911896520864	0.023024084829631884	0.023024084829631884	0.03158911896520864	0.023024084829631884	0.032730684065843806	0.1049523804574533	0.0866807470856646	0.0866807470856646	0.06317823793041728	0.06317823793041728	0.0679306893882605	0.11826986605087325	0.09476735689562595
UP000031176	0.01480259488543823	0.01753123044359413	0.03233382532903236	0.03233382532903236	0.03233382532903236	0.027301250701263578	0.03233382532903236	0.027301250701263578	0.027301250701263578	0.03233382532903236	0.027301250701263578	0.03979990651708892	0.094119389121613	0.07658815867801887	0.07658815867801887	0.06466765065806472	0.06466765065806472	0.07443767091573417	0.10892198400705122	0.09700147598709707
UP000011185	0.01831993759056964	0.014306979872364697	0.03262691746293434	0.03262691746293434	0.03262691746293434	0.04177842542773008	0.03262691746293434	0.04177842542773008	0.04177842542773008	0.03262691746293434	0.04177842542773008	0.06523691326489052	0.06526704991974212	0.05096007004737743	0.05096007004737743	0.06525383492586868	0.06525383492586868	0.09272528048123405	0.08358698751031178	0.09788075238880302
UP000001743	0.013913940134812463	0.018007830662954027	0.031921770797766494	0.031921770797766494	0.031921770797766494	0.024664692610146272	0.031921770797766494	0.024664692610146272	0.024664692610146272	0.031921770797766494	0.024664692610146272	0.03541544508548008	0.10063602043783518	0.08262818977488115	0.08262818977488115	0.06384354159553299	0.06384354159553299	0.07050040354272523	0.11454996057264766	0.09576531239329947
UP000054383	0.016537726307632967	0.016269020282698467	0.032806746590331434	0.032806746590331434	0.032806746590331434	0.03334859670263945	0.032806746590331434	0.03334859670263945	0.03334859670263945	0.032806746590331434	0.03334859670263945	0.050159467097645925	0.08081642126866193	0.06454740098596345	0.06454740098596345	0.06561349318066287	0.06561349318066287	0.08269306960060385	0.09735414757629487	0.09842023977099432
UP000001744	0.017665628604852844	0.015136609809022067	0.03280223841387491	0.03280223841387491	0.03280223841387491	0.03828282346830141	0.03280223841387491	0.03828282346830141	0.03828282346830141	0.03280223841387491	0.03828282346830141	0.05890001833174999	0.07134912223520815	0.05621251242618608	0.05621251242618608	0.06560447682774982	0.06560447682774982	0.08875069048702917	0.089014750840061	0.09840671524162475
UP000033540	0.014411793625201657	0.01775356255947965	0.032165356184681304	0.032165356184681304	0.032165356184681304	0.026110842466781917	0.032165356184681304	0.026110842466781917	0.026110842466781917	0.032165356184681304	0.026110842466781917	0.037809891308362174	0.0970011119101865	0.07924754935070687	0.07924754935070687	0.06433071236936261	0.06433071236936261	0.07268799227666489	0.11141290553538817	0.09649606855404391
UP000006753	0.012203772198963443	0.018650170555078418	0.030853942754041862	0.030853942754041862	0.030853942754041862	0.020189332193943706	0.030853942754041862	0.020189332193943706	0.020189332193943706	0.030853942754041862	0.020189332193943706	0.028174892188923967	0.11295401124925036	0.09430384069417196	0.09430384069417196	0.061707885508083725	0.061707885508083725	0.06324704714694901	0.12515778344821382	0.09256182826212558
UP000219338	0.015988461876883395	0.016722075409911632	0.03271053728679502	0.03271053728679502	0.03271053728679502	0.031275494552087946	0.03271053728679502	0.031275494552087946	0.031275494552087946	0.03271053728679502	0.031275494552087946	0.0465625272272925	0.08514492626579848	0.06842285085588685	0.06842285085588685	0.06542107457359005	0.06542107457359005	0.07997449371576637	0.10113338814268187	0.09813161186038508
UP000184499	0.0146299662045881	0.017631973228902715	0.032261939433490816	0.032261939433490816	0.032261939433490816	0.026769044932120286	0.032261939433490816	0.026769044932120286	0.026769044932120286	0.032261939433490816	0.026769044932120286	0.038908123659652474	0.09539587841487597	0.07776390518597324	0.07776390518597324	0.06452387886698163	0.06452387886698163	0.07366095057019921	0.11002584461946407	0.09678581830047246
