Proteome_ID	M	W	C	D	E	F	H	K	N	Q	Y	I	A	G	P	T	V	L	R	S
UP000001015	0.018867388506624883	0.009347762911493444	0.02821515141811833	0.02821515141811833	0.02821515141811833	0.05694905065728033	0.02821515141811833	0.05694905065728033	0.05694905065728033	0.02821515141811833	0.11389810131456066	0.09503071280793578	0.027958140139622233	0.027958140139622233	0.027958140139622233	0.05643030283623666	0.05643030283623666	0.11337935349351698	0.05617329155774057	0.08464545425435498
UP000007478	0.018590864474135414	0.011427412107954792	0.030018276582090206	0.030018276582090206	0.030018276582090206	0.048835703693251235	0.030018276582090206	0.048835703693251235	0.048835703693251235	0.030018276582090206	0.09767140738650247	0.07908054291236707	0.036903202403670524	0.036903202403670524	0.036903202403670524	0.06003655316418041	0.06003655316418041	0.10887225685743164	0.06692147898576073	0.09005482974627063
UP000000674	0.013915554021584727	0.017380849553637365	0.03129640357522209	0.03129640357522209	0.03129640357522209	0.025056703545378773	0.03129640357522209	0.025056703545378773	0.025056703545378773	0.03129640357522209	0.050113407090757546	0.036197853069172815	0.0781798671137503	0.0781798671137503	0.0781798671137503	0.06259280715044419	0.06259280715044419	0.08764951069582295	0.1094762706889724	0.09388921072566628
UP000001931	0.018806858714083486	0.008523468065306647	0.027330326779390134	0.027330326779390134	0.027330326779390134	0.06030380948359085	0.027330326779390134	0.06030380948359085	0.06030380948359085	0.027330326779390134	0.1206076189671817	0.10180076025309821	0.02477278859377863	0.02477278859377863	0.02477278859377863	0.05466065355878027	0.05466065355878027	0.11496446304237112	0.05210311537316877	0.08199098033817041
UP000000641	0.014007572079247618	0.017324950229168544	0.03133252230841616	0.03133252230841616	0.03133252230841616	0.025332976941015814	0.03133252230841616	0.025332976941015814	0.025332976941015814	0.03133252230841616	0.05066595388203163	0.03665838180278401	0.07750584990411559	0.07750584990411559	0.07750584990411559	0.06266504461683232	0.06266504461683232	0.08799802155784812	0.10883837221253174	0.09399756692524848
UP000002518	0.013203833114995681	0.017770535019348936	0.030974368134344617	0.030974368134344617	0.030974368134344617	0.023014523042948334	0.030974368134344617	0.023014523042948334	0.023014523042948334	0.030974368134344617	0.04602904608589667	0.03282521297090099	0.08337443965547377	0.08337443965547377	0.08337443965547377	0.061948736268689235	0.061948736268689235	0.08496325931163758	0.1143488077898184	0.09292310440303386
UP000001826	0.01184431936078099	0.018318906881293298	0.030163226242074286	0.030163226242074286	0.030163226242074286	0.01950241282832457	0.030163226242074286	0.01950241282832457	0.01950241282832457	0.030163226242074286	0.03900482565664914	0.02716050629586815	0.09330334921524894	0.09330334921524894	0.09330334921524894	0.06032645248414857	0.06032645248414857	0.07982886531247314	0.12346657545732323	0.09048967872622286
UP000005223	0.015608512683023634	0.016120974428482062	0.031729487111505694	0.031729487111505694	0.031729487111505694	0.030720854015547493	0.031729487111505694	0.030720854015547493	0.030720854015547493	0.031729487111505694	0.061441708031094985	0.04583319534807136	0.06554247169363817	0.06554247169363817	0.06554247169363817	0.06345897422301139	0.06345897422301139	0.09417982823855887	0.09727195880514387	0.0951884613345171
UP000000536	0.014068959381246077	0.017286928807944094	0.03135588818919017	0.03135588818919017	0.03135588818919017	0.02551897576473416	0.03135588818919017	0.02551897576473416	0.02551897576473416	0.03135588818919017	0.05103795152946832	0.036968992148222246	0.07705573555908252	0.07705573555908252	0.07705573555908252	0.06271177637838034	0.06271177637838034	0.0882307521431145	0.10841162374827269	0.09406766456757051
UP000002199	0.016350869118700206	0.015380386057852025	0.03173125517655223	0.03173125517655223	0.03173125517655223	0.033733457561620044	0.03173125517655223	0.033733457561620044	0.033733457561620044	0.03173125517655223	0.06746691512324009	0.05111604600453989	0.05969578145022605	0.05969578145022605	0.05969578145022605	0.06346251035310446	0.06346251035310446	0.09719596791472451	0.09142703662677829	0.0951937655296567
UP000002439	0.015278755806406818	0.016408383511314194	0.03168713931772101	0.03168713931772101	0.03168713931772101	0.029505652613812876	0.03168713931772101	0.029505652613812876	0.029505652613812876	0.03168713931772101	0.05901130522762575	0.04373254942121893	0.0680598264530919	0.0680598264530919	0.0680598264530919	0.06337427863544202	0.06337427863544202	0.09287993124925491	0.09974696577081292	0.09506141795316303
UP000001024	0.01652528243247	0.015184323610517735	0.03170960604298773	0.03170960604298773	0.03170960604298773	0.03450994651614006	0.03170960604298773	0.03450994651614006	0.03450994651614006	0.03170960604298773	0.06901989303228012	0.052494610599810115	0.05827300340388644	0.05827300340388644	0.05827300340388644	0.06341921208597547	0.06341921208597547	0.09792915860211554	0.08998260944687417	0.09512881812896319
UP000000578	0.01886592268642857	0.009267534034695126	0.028133456721123697	0.028133456721123697	0.028133456721123697	0.057271288933568455	0.028133456721123697	0.057271288933568455	0.057271288933568455	0.028133456721123697	0.11454257786713691	0.09567665518070835	0.027640075919975422	0.027640075919975422	0.027640075919975422	0.05626691344224739	0.05626691344224739	0.11353820237581586	0.05577353264109912	0.0844003701633711
UP000001686	0.015795746335667882	0.01594714858633165	0.03174289492199953	0.03174289492199953	0.03174289492199953	0.03144152783384852	0.03174289492199953	0.03144152783384852	0.03144152783384852	0.03174289492199953	0.06288305566769704	0.04708730933202916	0.06409430122822182	0.06409430122822182	0.06409430122822182	0.06348578984399907	0.06348578984399907	0.09492731767784761	0.09583719615022135	0.09522868476599862
UP000002698	0.010214727952047767	0.018655809753992315	0.028870537706040082	0.028870537706040082	0.028870537706040082	0.015807659511184045	0.028870537706040082	0.015807659511184045	0.015807659511184045	0.028870537706040082	0.03161531902236809	0.02140059107032032	0.10545621214148351	0.10545621214148351	0.10545621214148351	0.057741075412080164	0.057741075412080164	0.0735487349232642	0.1343267498475236	0.08661161311812024
UP000001975	0.01630670432467665	0.01542856264296905	0.0317352669676457	0.0317352669676457	0.0317352669676457	0.03354153119000395	0.0317352669676457	0.03354153119000395	0.03354153119000395	0.0317352669676457	0.0670830623800079	0.050776358055331254	0.06005254583057844	0.06005254583057844	0.06005254583057844	0.0634705339352914	0.0634705339352914	0.09701206512529537	0.09178781279822414	0.0952058009029371
UP000001013	0.018025351077537822	0.012923369501214527	0.030948720578752347	0.030948720578752347	0.030948720578752347	0.04316688103518229	0.030948720578752347	0.04316688103518229	0.04316688103518229	0.030948720578752347	0.08633376207036458	0.06830841099282677	0.04437769338401052	0.04437769338401052	0.04437769338401052	0.061897441157504694	0.061897441157504694	0.105064322192687	0.07532641396276286	0.09284616173625705
UP000000590	0.018821188467075433	0.010246121864248413	0.029067310331323842	0.029067310331323842	0.029067310331323842	0.05339398976755633	0.029067310331323842	0.05339398976755633	0.05339398976755633	0.029067310331323842	0.10678797953511265	0.08796679106803722	0.03164807625636082	0.03164807625636082	0.03164807625636082	0.058134620662647685	0.058134620662647685	0.11152861043020401	0.06071538658768466	0.08720193099397154
UP000001974	0.018791567559734	0.010474026508032818	0.02926559406776682	0.02926559406776682	0.02926559406776682	0.052505728115011155	0.02926559406776682	0.052505728115011155	0.052505728115011155	0.02926559406776682	0.10501145623002231	0.0862198886702883	0.03262405938884395	0.03262405938884395	0.03262405938884395	0.05853118813553364	0.05853118813553364	0.11103691625054478	0.06188965345661076	0.08779678220330046
UP000001018	0.018739325179143108	0.010786874521494384	0.029526199700637492	0.029526199700637492	0.029526199700637492	0.0512939180289928	0.029526199700637492	0.0512939180289928	0.0512939180289928	0.029526199700637492	0.1025878360579856	0.0838485108788425	0.0339921964342502	0.0339921964342502	0.0339921964342502	0.059052399401274984	0.059052399401274984	0.11034631743026778	0.06351839613488769	0.08857859910191247
UP000001137	0.01709892821071278	0.01446387995775438	0.03156280816846716	0.03156280816846716	0.03156280816846716	0.037312961154090614	0.03156280816846716	0.037312961154090614	0.037312961154090614	0.03156280816846716	0.07462592230818123	0.05752699409746845	0.05339757707062833	0.05339757707062833	0.05339757707062833	0.06312561633693432	0.06312561633693432	0.10043857749102493	0.08496038523909549	0.09468842450540148
UP000000554	0.009065635610828529	0.018680865715323403	0.02774650132615193	0.02774650132615193	0.02774650132615193	0.013465097085513165	0.02774650132615193	0.013465097085513165	0.013465097085513165	0.02774650132615193	0.02693019417102633	0.0178645585601978	0.11435020942707308	0.11435020942707308	0.11435020942707308	0.05549300265230386	0.05549300265230386	0.06895809973781701	0.14209671075322503	0.0832395039784558
UP000000365	0.01502438794711626	0.016614960368853248	0.03163934831596951	0.03163934831596951	0.03163934831596951	0.028610471101946696	0.03163934831596951	0.028610471101946696	0.028610471101946696	0.03163934831596951	0.05722094220389339	0.04219655425677713	0.06997776151900763	0.06997776151900763	0.06997776151900763	0.06327869663193902	0.06327869663193902	0.09188916773388572	0.10161710983497713	0.09491804494790852
UP000008243	0.010040384650497293	0.018671193013264586	0.028711577663761877	0.028711577663761877	0.028711577663761877	0.015439574935677443	0.028711577663761877	0.015439574935677443	0.015439574935677443	0.028711577663761877	0.030879149871354886	0.020838765220857595	0.10678463563622194	0.10678463563622194	0.10678463563622194	0.057423155327523755	0.057423155327523755	0.0728627302632012	0.13549621329998382	0.08613473299128564
UP000000805	0.01882845946593661	0.008700233103520355	0.027528692569456968	0.027528692569456968	0.027528692569456968	0.05957574538830724	0.027528692569456968	0.05957574538830724	0.05957574538830724	0.027528692569456968	0.11915149077661448	0.10032303131067787	0.02544085381204184	0.02544085381204184	0.02544085381204184	0.055057385138913936	0.055057385138913936	0.11463313052722118	0.05296954638149881	0.0825860777083709
UP000001400	0.018063094478649705	0.012844313889754337	0.030907408368404044	0.030907408368404044	0.030907408368404044	0.04346541529898477	0.030907408368404044	0.04346541529898477	0.04346541529898477	0.030907408368404044	0.08693083059796954	0.06886773611931983	0.04395530954807671	0.04395530954807671	0.04395530954807671	0.06181481673680809	0.06181481673680809	0.10528023203579284	0.07486271791648075	0.09272222510521212
UP000002408	0.013214662392205747	0.017765154526441194	0.03097981691864694	0.03097981691864694	0.03097981691864694	0.023044427840069777	0.03097981691864694	0.023044427840069777	0.023044427840069777	0.03097981691864694	0.046088855680139554	0.03287419328793381	0.08329554224332412	0.08329554224332412	0.08329554224332412	0.06195963383729388	0.06195963383729388	0.08500406167736367	0.11427535916197108	0.09293945075594082
UP000000254	0.018647659600543078	0.011209318121312994	0.029856977721856075	0.029856977721856075	0.029856977721856075	0.04966963656777316	0.029856977721856075	0.04966963656777316	0.04966963656777316	0.029856977721856075	0.09933927313554632	0.08069161353500323	0.035894730877165174	0.035894730877165174	0.035894730877165174	0.05971395544371215	0.05971395544371215	0.10938359201148529	0.06575170859902126	0.0895709331655682
UP000000663	0.012899918014708528	0.01791484820959946	0.03081476622430799	0.03081476622430799	0.03081476622430799	0.02218874272811212	0.03081476622430799	0.02218874272811212	0.02218874272811212	0.03081476622430799	0.04437748545622424	0.03147756744151571	0.08558842915022097	0.08558842915022097	0.08558842915022097	0.06162953244861598	0.06162953244861598	0.08381827517672809	0.11640319537452895	0.09244429867292396
UP000002613	0.017287816068837825	0.014195803552931038	0.03148361962176886	0.03148361962176886	0.03148361962176886	0.038341121245652504	0.03148361962176886	0.038341121245652504	0.038341121245652504	0.03148361962176886	0.07668224249130501	0.05939442642246718	0.05170523303882895	0.05170523303882895	0.05170523303882895	0.06296723924353773	0.06296723924353773	0.10130836048919022	0.0831888526605978	0.09445085886530658
UP000002487	0.016424575527381576	0.015298682919980225	0.0317232584473618	0.0317232584473618	0.0317232584473618	0.03405790270107859	0.0317232584473618	0.03405790270107859	0.03405790270107859	0.0317232584473618	0.06811580540215718	0.05169122987477562	0.059097304690241	0.059097304690241	0.059097304690241	0.0634465168947236	0.0634465168947236	0.0975044195958022	0.0908205631376028	0.09516977534208541
UP000007722	0.018851957241943905	0.008965643103792956	0.027817600345736857	0.027817600345736857	0.027817600345736857	0.05849175638827946	0.027817600345736857	0.05849175638827946	0.05849175638827946	0.027817600345736857	0.11698351277655893	0.09813155553461501	0.026459075150979627	0.026459075150979627	0.026459075150979627	0.055635200691473714	0.055635200691473714	0.11412695707975318	0.054276675496716484	0.08345280103721057
UP000002071	0.010770681544175138	0.018579855978961682	0.029350537523136818	0.029350537523136818	0.029350537523136818	0.017014410293062776	0.029350537523136818	0.017014410293062776	0.017014410293062776	0.029350537523136818	0.03402882058612555	0.023258139041950416	0.10126169970737098	0.10126169970737098	0.10126169970737098	0.058701075046273636	0.058701075046273636	0.07571548533933642	0.1306122372305078	0.08805161256941045
UP000002376	0.016547022413087007	0.015159209496171392	0.0317062319092584	0.0317062319092584	0.0317062319092584	0.034608910851818296	0.0317062319092584	0.034608910851818296	0.034608910851818296	0.0317062319092584	0.06921782170363659	0.05267079929054958	0.05809400626260155	0.05809400626260155	0.05809400626260155	0.0634124638185168	0.0634124638185168	0.09802137467033509	0.08980023817185995	0.09511869572777518
UP000001941	0.016133061373683255	0.015612560368348061	0.03174562174203132	0.03174562174203132	0.03174562174203132	0.03280397653086	0.03174562174203132	0.03280397653086	0.03280397653086	0.03174562174203132	0.06560795306172	0.04947489168803675	0.06144282531357555	0.06144282531357555	0.06144282531357555	0.06349124348406264	0.06349124348406264	0.09629522001492265	0.09318844705560686	0.09523686522609394
UP000000391	0.018557624932236425	0.0115447960730316	0.030102421005268023	0.030102421005268023	0.030102421005268023	0.04838798667678384	0.030102421005268023	0.04838798667678384	0.04838798667678384	0.030102421005268023	0.09677597335356768	0.07821834842133125	0.03745374885841935	0.03745374885841935	0.03745374885841935	0.060204842010536046	0.060204842010536046	0.10859282868731988	0.06755616986368737	0.09030726301580408
UP000009079	0.01830776889394177	0.01227715749749954	0.030584926391441312	0.030584926391441312	0.030584926391441312	0.045608420689135086	0.030584926391441312	0.045608420689135086	0.045608420689135086	0.030584926391441312	0.09121684137827017	0.0729090724843284	0.04102039527945	0.04102039527945	0.04102039527945	0.061169852782882624	0.061169852782882624	0.10677827347201771	0.07160532167089131	0.09175477917432392
UP000000242	0.016829326504683984	0.014818279917604909	0.03164760642228889	0.03164760642228889	0.03164760642228889	0.03594262657568419	0.03164760642228889	0.03594262657568419	0.03594262657568419	0.03164760642228889	0.07188525315136839	0.0550559266466844	0.055731652785647075	0.055731652785647075	0.055731652785647075	0.06329521284457779	0.06329521284457779	0.09923783942026197	0.08737925920793596	0.09494281926686667
UP000002654	0.011264472581606426	0.018478461940021455	0.029742934521627882	0.029742934521627882	0.029742934521627882	0.018131296398092075	0.029742934521627882	0.018131296398092075	0.018131296398092075	0.029742934521627882	0.03626259279618415	0.024998120214577726	0.09758178726270592	0.09758178726270592	0.09758178726270592	0.059485869043255764	0.059485869043255764	0.07761716544134784	0.12732472178433382	0.08922880356488365
UP000002593	0.01484473701184852	0.016753442386081046	0.03159817939792957	0.03159817939792957	0.03159817939792957	0.02799822582164848	0.03159817939792957	0.02799822582164848	0.02799822582164848	0.03159817939792957	0.05599645164329696	0.041151714631448434	0.07132201501794688	0.07132201501794688	0.07132201501794688	0.06319635879585914	0.06319635879585914	0.09119458461750761	0.10292019441587648	0.09479453819378872
UP000001746	0.010001962911992603	0.018674035848977553	0.028675998760970156	0.028675998760970156	0.028675998760970156	0.015359094219971371	0.028675998760970156	0.015359094219971371	0.015359094219971371	0.028675998760970156	0.030718188439942742	0.020716225527950143	0.10707830724417479	0.10707830724417479	0.10707830724417479	0.05735199752194031	0.05735199752194031	0.07271109174191169	0.13575430600514493	0.08602799628291045
UP000001059	0.017614545089532033	0.013684542583454673	0.03129908767298671	0.03129908767298671	0.03129908767298671	0.04028773250657382	0.03129908767298671	0.04028773250657382	0.04028773250657382	0.03129908767298671	0.08057546501314763	0.06296091992361562	0.048631820567288556	0.048631820567288556	0.048631820567288556	0.06259817534597342	0.06259817534597342	0.10288590785254724	0.07993090824027525	0.0938972630189601
UP000000262	0.013440106773273102	0.017649357742398203	0.03108946451567131	0.03108946451567131	0.03108946451567131	0.023674840111078774	0.03108946451567131	0.023674840111078774	0.023674840111078774	0.03108946451567131	0.04734968022215755	0.03390957344888445	0.08165248840847551	0.08165248840847551	0.08165248840847551	0.06217892903134262	0.06217892903134262	0.08585376914242139	0.11274195292414682	0.09326839354701393
UP000001879	0.012460618636072994	0.01810106809504342	0.030561686731116408	0.030561686731116408	0.030561686731116408	0.02103840067514317	0.030561686731116408	0.02103840067514317	0.02103840067514317	0.030561686731116408	0.04207680135028634	0.029616182714213343	0.08879160638426625	0.08879160638426625	0.08879160638426625	0.061123373462232816	0.061123373462232816	0.08216177413737599	0.11935329311538266	0.09168506019334922
UP000000740	0.008978613590798967	0.01867525967878895	0.027653873269587913	0.027653873269587913	0.027653873269587913	0.013295314049022941	0.027653873269587913	0.013295314049022941	0.013295314049022941	0.027653873269587913	0.026590628098045882	0.017612014507246913	0.11503853222130225	0.11503853222130225	0.11503853222130225	0.05530774653917583	0.05530774653917583	0.06860306058819876	0.14269240549089013	0.08296161980876374
UP000008680	0.018718800963456534	0.010891885700244922	0.029610686663701456	0.029610686663701456	0.029610686663701456	0.0508889429528847	0.029610686663701456	0.0508889429528847	0.0508889429528847	0.029610686663701456	0.1017778859057694	0.08305908494231284	0.0344590676802889	0.0344590676802889	0.0344590676802889	0.05922137332740291	0.05922137332740291	0.11011031628028761	0.06406975434399036	0.08883205999110438
UP000000792	0.018816287870002512	0.010287946993867389	0.029104234863869902	0.029104234863869902	0.029104234863869902	0.05323060682186466	0.029104234863869902	0.05323060682186466	0.05323060682186466	0.029104234863869902	0.10646121364372932	0.0876449257737268	0.03182591886829172	0.03182591886829172	0.03182591886829172	0.058208469727739805	0.058208469727739805	0.11143907654960447	0.06093015373216161	0.0873127045916097
UP000002457	0.012924864072011233	0.01790348512612677	0.030828349198138004	0.030828349198138004	0.030828349198138004	0.022255567569297672	0.030828349198138004	0.022255567569297672	0.022255567569297672	0.030828349198138004	0.044511135138595344	0.03158627106658411	0.08540668408685546	0.08540668408685546	0.08540668408685546	0.06165669839627601	0.06165669839627601	0.08391226596557368	0.11623503328499347	0.092485047594414
UP000000758	0.012504692251255178	0.018083560424481164	0.03058825267573634	0.03058825267573634	0.03058825267573634	0.021151624859001735	0.03058825267573634	0.021151624859001735	0.021151624859001735	0.03058825267573634	0.04230324971800347	0.02979855746674829	0.08846991264186498	0.08846991264186498	0.08846991264186498	0.06117650535147268	0.06117650535147268	0.0823281302104744	0.11905816531760131	0.09176475802720903
UP000006565	0.01646753633638038	0.015250290622159225	0.031717826958539606	0.031717826958539606	0.031717826958539606	0.03424947634714805	0.031717826958539606	0.03424947634714805	0.03424947634714805	0.031717826958539606	0.0684989526942961	0.05203141635791572	0.05874662355564061	0.05874662355564061	0.05874662355564061	0.06343565391707921	0.06343565391707921	0.09768513026422726	0.0904644505141802	0.0951534808756188
UP000001169	0.01068395894783842	0.01859437980964807	0.02927833875748649	0.02927833875748649	0.02927833875748649	0.016822748193170988	0.02927833875748649	0.016822748193170988	0.016822748193170988	0.02927833875748649	0.033645496386341976	0.02296153743850356	0.10191213832067164	0.10191213832067164	0.10191213832067164	0.05855667751497298	0.05855667751497298	0.07537942570814396	0.13119047707815812	0.08783501627245946
UP000006681	0.017416676655094412	0.01400205369224905	0.03141873034734346	0.03141873034734346	0.03141873034734346	0.039080686262201354	0.03141873034734346	0.039080686262201354	0.039080686262201354	0.03141873034734346	0.07816137252440271	0.0607446958693083	0.05051787524999707	0.05051787524999707	0.05051787524999707	0.06283746069468692	0.06283746069468692	0.10191814695688829	0.08193660559734055	0.0942561910420304
UP000009227	0.018582348136852143	0.011458125208985507	0.030040473345837652	0.030040473345837652	0.030040473345837652	0.04871848786138437	0.030040473345837652	0.04871848786138437	0.04871848786138437	0.030040473345837652	0.09743697572276874	0.0788546275859166	0.03704671792809372	0.03704671792809372	0.03704671792809372	0.060080946691675303	0.060080946691675303	0.10879943455305967	0.06708719127393137	0.09012142003751294
UP000000346	0.011557837926596608	0.01840320580852911	0.029961043735125717	0.029961043735125717	0.029961043735125717	0.018816552464015115	0.029961043735125717	0.018816552464015115	0.018816552464015115	0.029961043735125717	0.03763310492803023	0.026075267001433627	0.09541217961311606	0.09541217961311606	0.09541217961311606	0.059922087470251434	0.059922087470251434	0.07873863993426655	0.12537322334824177	0.08988313120537715
UP000005877	0.011386269181468857	0.018448575849904135	0.02983484503137299	0.02983484503137299	0.02983484503137299	0.0184137561228818	0.02983484503137299	0.0184137561228818	0.0184137561228818	0.02983484503137299	0.0368275122457636	0.025441243064294742	0.09667967492411168	0.09667967492411168	0.09667967492411168	0.05966969006274598	0.05966969006274598	0.07808344618562779	0.12651451995548468	0.08950453509411899
UP000001304	0.018854307979762553	0.009870828463248429	0.02872513644301098	0.02872513644301098	0.02872513644301098	0.054867995252244034	0.02872513644301098	0.054867995252244034	0.054867995252244034	0.02872513644301098	0.10973599050448807	0.09088168252472552	0.030077040718408637	0.030077040718408637	0.030077040718408637	0.05745027288602196	0.05745027288602196	0.11231826813826601	0.05880217716141962	0.08617540932903296
UP000002315	0.01885338009322816	0.008986876973640602	0.027840257066868764	0.027840257066868764	0.027840257066868764	0.058405489461399285	0.027840257066868764	0.058405489461399285	0.058405489461399285	0.027840257066868764	0.11681097892279857	0.09795759882957042	0.02654133783303343	0.02654133783303343	0.02654133783303343	0.05568051413373753	0.05568051413373753	0.11408600359513682	0.05438159489990219	0.0835207712006063
UP000012076	0.012603748338736833	0.01804326077966537	0.0306470091184022	0.0306470091184022	0.0306470091184022	0.021407837251825063	0.0306470091184022	0.021407837251825063	0.021407837251825063	0.0306470091184022	0.04281567450365013	0.03021192616491329	0.08774722610742527	0.08774722610742527	0.08774722610742527	0.0612940182368044	0.0612940182368044	0.08270185548862949	0.11839423522582747	0.09194102735520662
UP000006663	0.012874401939762479	0.01792638244777054	0.03080078438753302	0.03080078438753302	0.03080078438753302	0.022120563332864624	0.03080078438753302	0.022120563332864624	0.022120563332864624	0.03080078438753302	0.04424112666572925	0.03136672472596677	0.08577433626907928	0.08577433626907928	0.08577433626907928	0.06160156877506604	0.06160156877506604	0.08372213210793066	0.1165751206566123	0.09240235316259907
UP000014070	0.01843023382924716	0.011944909178381013	0.030375143007628173	0.030375143007628173	0.030375143007628173	0.046866910402351504	0.030375143007628173	0.046866910402351504	0.046866910402351504	0.030375143007628173	0.09373382080470301	0.07530358697545586	0.03937316562209611	0.03937316562209611	0.03937316562209611	0.060750286015256345	0.060750286015256345	0.10761719641760785	0.0697483086297243	0.09112542902288452
UP000001901	0.017394781302966695	0.01403564995023645	0.03143043125320315	0.03143043125320315	0.03143043125320315	0.038952629899279285	0.03143043125320315	0.038952629899279285	0.038952629899279285	0.03143043125320315	0.07790525979855857	0.06051047849559188	0.05072171051437053	0.05072171051437053	0.05072171051437053	0.0628608625064063	0.0628608625064063	0.10181349240568559	0.08215214176757368	0.09429129375960943
UP000006794	0.008572381938461299	0.0186345010293254	0.0272068829677867	0.0272068829677867	0.0272068829677867	0.012515912918078723	0.0272068829677867	0.012515912918078723	0.012515912918078723	0.0272068829677867	0.025031825836157446	0.016459443897696147	0.11828373777731108	0.11828373777731108	0.11828373777731108	0.0544137659355734	0.0544137659355734	0.06692967885365213	0.14549062074509778	0.08162064890336011
UP000011511	0.015362583633365966	0.01633748658655807	0.031700070219924034	0.031700070219924034	0.031700070219924034	0.02980843946570336	0.031700070219924034	0.02980843946570336	0.02980843946570336	0.031700070219924034	0.05961687893140672	0.04425429529804076	0.06742348609723862	0.06742348609723862	0.06742348609723862	0.06340014043984807	0.06340014043984807	0.09320857990555143	0.09912355631716266	0.09510021065977212
UP000007807	0.014605346773439618	0.016928924669214102	0.03153427144265372	0.03153427144265372	0.03153427144265372	0.027206038107387524	0.03153427144265372	0.027206038107387524	0.027206038107387524	0.03153427144265372	0.05441207621477505	0.03980672944133543	0.07310217470796998	0.07310217470796998	0.07310217470796998	0.06306854288530744	0.06306854288530744	0.09027458099269497	0.10463644615062372	0.09460281432796118
UP000007490	0.01836205969878111	0.01213492640962925	0.030496986108410357	0.030496986108410357	0.030496986108410357	0.04614675529562095	0.030496986108410357	0.04614675529562095	0.04614675529562095	0.030496986108410357	0.0922935105912419	0.07393145089246078	0.04030905989981194	0.04030905989981194	0.04030905989981194	0.060993972216820715	0.060993972216820715	0.10714072751244165	0.0708060460082223	0.09149095832523106
UP000058290	0.013334431822978013	0.017704539731348955	0.03103897155432697	0.03103897155432697	0.03103897155432697	0.02337745325927158	0.03103897155432697	0.02337745325927158	0.02337745325927158	0.03103897155432697	0.04675490651854316	0.033420474695565146	0.08242281521989345	0.08242281521989345	0.08242281521989345	0.06207794310865394	0.06207794310865394	0.08545539636792553	0.11346178677422043	0.0931169146629809
UP000006622	0.017948520196766946	0.013078751329148966	0.03102727152591591	0.03102727152591591	0.03102727152591591	0.04258002890477089	0.03102727152591591	0.04258002890477089	0.04258002890477089	0.03102727152591591	0.08516005780954178	0.06721153761277482	0.045217986135986266	0.045217986135986266	0.045217986135986266	0.06205454305183182	0.06205454305183182	0.10463457195660271	0.0762452576619022	0.09308181457774774
UP000012672	0.013354212939224471	0.017694332144472427	0.031048545083696897	0.031048545083696897	0.031048545083696897	0.023432864214110862	0.031048545083696897	0.023432864214110862	0.023432864214110862	0.031048545083696897	0.046865728428221724	0.03351151548899725	0.0822786444717968	0.0822786444717968	0.0822786444717968	0.062097090167393794	0.062097090167393794	0.08552995438150467	0.1133271895554937	0.0931456352510907
