Proteome_ID	M	W	C	D	E	F	H	K	N	Q	Y	I	A	G	P	T	V	L	R	S
UP000000226	0.04005734022164114	0.03210734186668502	0.03210734186668502	0.03210734186668502	0.03210734186668502	0.04005734022164114	0.03210734186668502	0.04005734022164114	0.04005734022164114	0.03210734186668502	0.04005734022164114	0.04005734022164114	0.051470287145388	0.062172734434283	0.051470287145388	0.06421468373337004	0.06421468373337004	0.10427202395501117	0.062172734434283	0.10702447288895005
UP000000267	0.05586455031368802	0.03000264241397617	0.03000264241397617	0.03000264241397617	0.03000264241397617	0.05586455031368802	0.03000264241397617	0.05586455031368802	0.05586455031368802	0.03000264241397617	0.05586455031368802	0.05586455031368802	0.032226467295141316	0.042227348099800034	0.032226467295141316	0.06000528482795234	0.06000528482795234	0.11586983514164036	0.042227348099800034	0.10000880804658722
UP000000304	0.026954194820960273	0.03186833853085839	0.03186833853085839	0.03186833853085839	0.03186833853085839	0.026954194820960273	0.03186833853085839	0.026954194820960273	0.026954194820960273	0.03186833853085839	0.026954194820960273	0.026954194820960273	0.07535680493988596	0.08597958445017206	0.07535680493988596	0.06373667706171678	0.06373667706171678	0.09069087188267706	0.08597958445017206	0.1062277951028613
UP000000305	0.03659147337577521	0.032265633464754764	0.032265633464754764	0.032265633464754764	0.032265633464754764	0.03659147337577521	0.032265633464754764	0.03659147337577521	0.03659147337577521	0.032265633464754764	0.03659147337577521	0.03659147337577521	0.05690238773337436	0.0676575988882926	0.05690238773337436	0.06453126692950953	0.06453126692950953	0.10112274030528474	0.0676575988882926	0.10755211154918255
UP000000311	0.041711655187889524	0.03198664649403775	0.03198664649403775	0.03198664649403775	0.03198664649403775	0.041711655187889524	0.03198664649403775	0.041711655187889524	0.041711655187889524	0.03198664649403775	0.041711655187889524	0.041711655187889524	0.04905801744504234	0.059720232943054924	0.04905801744504234	0.0639732929880755	0.0639732929880755	0.10568494817596503	0.059720232943054924	0.10662215498012584
UP000000314	0.04382404563363217	0.031793902475043434	0.031793902475043434	0.031793902475043434	0.031793902475043434	0.04382404563363217	0.031793902475043434	0.04382404563363217	0.04382404563363217	0.031793902475043434	0.04382404563363217	0.04382404563363217	0.046132310240970004	0.056730277732651144	0.046132310240970004	0.06358780495008687	0.06358780495008687	0.10741185058371905	0.056730277732651144	0.10597967491681143
UP000000437	0.03287696038569172	0.032274646376818435	0.032274646376818435	0.032274646376818435	0.032274646376818435	0.03287696038569172	0.032274646376818435	0.03287696038569172	0.03287696038569172	0.032274646376818435	0.03287696038569172	0.03287696038569172	0.0633667338177658	0.07412494927670527	0.0633667338177658	0.06454929275363687	0.06454929275363687	0.0974262531393286	0.07412494927670527	0.10758215458939477
UP000000539	0.031161452004141766	0.032214892256895604	0.032214892256895604	0.032214892256895604	0.032214892256895604	0.031161452004141766	0.032214892256895604	0.031161452004141766	0.031161452004141766	0.032214892256895604	0.031161452004141766	0.031161452004141766	0.06660788996516949	0.0773461873841347	0.06660788996516949	0.06442978451379121	0.06442978451379121	0.09559123651793298	0.0773461873841347	0.10738297418965201
UP000000542	0.01900532082721582	0.030196461466418148	0.030196461466418148	0.030196461466418148	0.030196461466418148	0.01900532082721582	0.030196461466418148	0.01900532082721582	0.01900532082721582	0.030196461466418148	0.01900532082721582	0.01900532082721582	0.09595484268669971	0.10602032984217241	0.09595484268669971	0.060392922932836296	0.060392922932836296	0.07939824376005211	0.10602032984217241	0.10065487155472713
UP000000559	0.05557369700286276	0.030057877782251382	0.030057877782251382	0.030057877782251382	0.030057877782251382	0.05557369700286276	0.030057877782251382	0.05557369700286276	0.05557369700286276	0.030057877782251382	0.05557369700286276	0.05557369700286276	0.032514519115984686	0.04253381171006848	0.032514519115984686	0.060115755564502764	0.060115755564502764	0.11568945256736553	0.04253381171006848	0.10019292594083792
UP000000560	0.027870655572016453	0.031970205273678304	0.031970205273678304	0.031970205273678304	0.031970205273678304	0.027870655572016453	0.031970205273678304	0.027870655572016453	0.027870655572016453	0.031970205273678304	0.027870655572016453	0.027870655572016453	0.07334553165425801	0.08400226674548411	0.07334553165425801	0.06394041054735661	0.06394041054735661	0.09181106611937305	0.08400226674548411	0.10656735091226098
UP000000561	0.025094362831480446	0.03161111516381383	0.03161111516381383	0.03161111516381383	0.03161111516381383	0.025094362831480446	0.03161111516381383	0.025094362831480446	0.025094362831480446	0.03161111516381383	0.025094362831480446	0.025094362831480446	0.07964040438965388	0.0901774427775918	0.07964040438965388	0.06322223032762767	0.06322223032762767	0.08831659315910811	0.0901774427775918	0.10537038387937946
UP000000589	0.032211467903206045	0.032256592568322535	0.032256592568322535	0.032256592568322535	0.032256592568322535	0.032211467903206045	0.032256592568322535	0.032211467903206045	0.032211467903206045	0.032256592568322535	0.032211467903206045	0.032211467903206045	0.06460356089609934	0.0753557584188735	0.06460356089609934	0.06451318513664507	0.06451318513664507	0.09672465303985112	0.0753557584188735	0.10752197522774175
UP000000591	0.026065929941864966	0.031754225114135164	0.031754225114135164	0.031754225114135164	0.031754225114135164	0.026065929941864966	0.031754225114135164	0.026065929941864966	0.026065929941864966	0.031754225114135164	0.026065929941864966	0.026065929941864966	0.07736772214519567	0.08795246384990738	0.07736772214519567	0.06350845022827033	0.06350845022827033	0.08957438017013532	0.08795246384990738	0.1058474170471172
UP000000598	0.04635359464546388	0.031510269230871475	0.031510269230871475	0.031510269230871475	0.031510269230871475	0.04635359464546388	0.031510269230871475	0.04635359464546388	0.04635359464546388	0.031510269230871475	0.04635359464546388	0.04635359464546388	0.0428401324469523	0.05334355552390946	0.0428401324469523	0.06302053846174295	0.06302053846174295	0.10937413310720684	0.05334355552390946	0.10503423076957157
UP000000599	0.05046423915191188	0.030938216727113377	0.030938216727113377	0.030938216727113377	0.030938216727113377	0.05046423915191188	0.030938216727113377	0.05046423915191188	0.05046423915191188	0.030938216727113377	0.05046423915191188	0.05046423915191188	0.03793471457570067	0.04824745348473845	0.03793471457570067	0.061876433454226755	0.061876433454226755	0.11234067260613864	0.04824745348473845	0.10312738909037791
UP000000600	0.06440852854513272	0.028163731807578973	0.028163731807578973	0.028163731807578973	0.028163731807578973	0.06440852854513272	0.028163731807578973	0.06440852854513272	0.06440852854513272	0.028163731807578973	0.06440852854513272	0.06440852854513272	0.024630147815701848	0.03401805841822817	0.024630147815701848	0.05632746361515795	0.05632746361515795	0.12073599216029067	0.03401805841822817	0.09387910602526323
UP000000673	0.027126914725987144	0.031888744455007056	0.031888744455007056	0.031888744455007056	0.031888744455007056	0.027126914725987144	0.031888744455007056	0.027126914725987144	0.027126914725987144	0.031888744455007056	0.027126914725987144	0.027126914725987144	0.07497292140949427	0.08560250289449663	0.07497292140949427	0.06377748891001411	0.06377748891001411	0.09090440363600125	0.08560250289449663	0.10629581485002353
UP000000715	0.02700341812901767	0.03187421208788668	0.03187421208788668	0.03187421208788668	0.03187421208788668	0.02700341812901767	0.03187421208788668	0.02700341812901767	0.02700341812901767	0.03187421208788668	0.02700341812901767	0.02700341812901767	0.07524716992267234	0.08587190728530122	0.07524716992267234	0.06374842417577337	0.06374842417577337	0.09075184230479104	0.08587190728530122	0.10624737362628894
UP000000724	0.02872182897771035	0.03205108073288273	0.03205108073288273	0.03205108073288273	0.03205108073288273	0.02872182897771035	0.03205108073288273	0.02872182897771035	0.02872182897771035	0.03205108073288273	0.02872182897771035	0.02872182897771035	0.07153247635747595	0.08221616993510351	0.07153247635747595	0.06410216146576546	0.06410216146576546	0.0928239904434758	0.08221616993510351	0.10683693577627576
UP000000741	0.032765391964644716	0.03227206154796746	0.03227206154796746	0.03227206154796746	0.03227206154796746	0.032765391964644716	0.03227206154796746	0.032765391964644716	0.032765391964644716	0.03227206154796746	0.032765391964644716	0.032765391964644716	0.0635723178700019	0.07432967171932438	0.0635723178700019	0.06454412309593492	0.06454412309593492	0.09730951506057964	0.07432967171932438	0.10757353849322487
UP000000759	0.03102483609904666	0.03220824123594014	0.03220824123594014	0.03220824123594014	0.03220824123594014	0.03102483609904666	0.03220824123594014	0.03102483609904666	0.03102483609904666	0.03220824123594014	0.03102483609904666	0.03102483609904666	0.0668735718829078	0.07760965229488784	0.0668735718829078	0.06441648247188028	0.06441648247188028	0.09544131857092693	0.07760965229488784	0.10736080411980045
UP000000768	0.024148256408362538	0.031452322158688546	0.031452322158688546	0.031452322158688546	0.031452322158688546	0.024148256408362538	0.031452322158688546	0.024148256408362538	0.024148256408362538	0.031452322158688546	0.024148256408362538	0.024148256408362538	0.08193126265061139	0.09241537003684089	0.08193126265061139	0.06290464431737709	0.06290464431737709	0.08705290072573962	0.09241537003684089	0.10484107386229513
UP000000803	0.028256416931157165	0.03200845885580575	0.03200845885580575	0.03200845885580575	0.03200845885580575	0.028256416931157165	0.03200845885580575	0.028256416931157165	0.028256416931157165	0.03200845885580575	0.028256416931157165	0.028256416931157165	0.07251743494725196	0.08318692123252053	0.07251743494725196	0.0640169177116115	0.0640169177116115	0.09227333464276866	0.08318692123252053	0.1066948628526858
UP000000819	0.0359514507403795	0.03227973489961711	0.03227973489961711	0.03227973489961711	0.03227973489961711	0.0359514507403795	0.03227973489961711	0.0359514507403795	0.0359514507403795	0.03227973489961711	0.0359514507403795	0.0359514507403795	0.05796602160586745	0.06872593323907315	0.05796602160586745	0.06455946979923421	0.06455946979923421	0.1005109205396137	0.06872593323907315	0.10759911633205702
UP000001038	0.029076544929598696	0.03208102859429291	0.03208102859429291	0.03208102859429291	0.03208102859429291	0.029076544929598696	0.03208102859429291	0.029076544929598696	0.029076544929598696	0.03208102859429291	0.029076544929598696	0.029076544929598696	0.0707919319960306	0.08148560819412823	0.0707919319960306	0.06416205718858582	0.06416205718858582	0.09323860211818452	0.08148560819412823	0.10693676198097636
UP000001055	0.026729716379444154	0.03184096113623949	0.03184096113623949	0.03184096113623949	0.03184096113623949	0.026729716379444154	0.03184096113623949	0.026729716379444154	0.026729716379444154	0.03184096113623949	0.026729716379444154	0.026729716379444154	0.07585915179101474	0.08647280550309458	0.07585915179101474	0.06368192227247899	0.06368192227247899	0.09041163865192313	0.08647280550309458	0.10613653712079828
UP000001056	0.020515310041298508	0.0306415418792765	0.0306415418792765	0.0306415418792765	0.0306415418792765	0.020515310041298508	0.0306415418792765	0.020515310041298508	0.020515310041298508	0.0306415418792765	0.020515310041298508	0.020515310041298508	0.0915320399106216	0.10174588720371376	0.0915320399106216	0.061283083758553	0.061283083758553	0.08179839379985152	0.10174588720371376	0.10213847293092167
UP000001064	0.06490198992572528	0.02804574957209967	0.02804574957209967	0.02804574957209967	0.02804574957209967	0.06490198992572528	0.02804574957209967	0.06490198992572528	0.06490198992572528	0.02804574957209967	0.06490198992572528	0.06490198992572528	0.02423851934158209	0.03358710253228197	0.02423851934158209	0.05609149914419934	0.05609149914419934	0.12099348906992463	0.03358710253228197	0.0934858319069989
UP000001067	0.02750061553042823	0.03193096212928549	0.03193096212928549	0.03193096212928549	0.03193096212928549	0.02750061553042823	0.03193096212928549	0.02750061553042823	0.02750061553042823	0.03193096212928549	0.02750061553042823	0.02750061553042823	0.07415007430460865	0.08479372834770382	0.07415007430460865	0.06386192425857098	0.06386192425857098	0.09136253978899922	0.08479372834770382	0.10643654043095162
UP000001070	0.03063404991804477	0.032187617256213295	0.032187617256213295	0.032187617256213295	0.032187617256213295	0.03063404991804477	0.032187617256213295	0.03063404991804477	0.03063404991804477	0.032187617256213295	0.03063404991804477	0.03063404991804477	0.06763994361856848	0.07836914937063956	0.06763994361856848	0.06437523451242659	0.06437523451242659	0.09500928443047137	0.07836914937063956	0.10729205752071098
UP000001072	0.04151948116180379	0.032002070506524365	0.032002070506524365	0.032002070506524365	0.032002070506524365	0.04151948116180379	0.032002070506524365	0.04151948116180379	0.04151948116180379	0.032002070506524365	0.04151948116180379	0.04151948116180379	0.04933262594074592	0.059999982776254034	0.04933262594074592	0.06400414101304873	0.06400414101304873	0.10552362217485252	0.059999982776254034	0.1066735683550812
UP000001073	0.029522072496825664	0.03211560394921412	0.03211560394921412	0.03211560394921412	0.03211560394921412	0.029522072496825664	0.03211560394921412	0.029522072496825664	0.029522072496825664	0.03211560394921412	0.029522072496825664	0.029522072496825664	0.06987395733369865	0.08057915865010336	0.06987395733369865	0.06423120789842823	0.06423120789842823	0.09375328039525388	0.08057915865010336	0.10705201316404706
UP000001074	0.027638363883239404	0.031945865407511	0.031945865407511	0.031945865407511	0.031945865407511	0.027638363883239404	0.031945865407511	0.027638363883239404	0.027638363883239404	0.031945865407511	0.027638363883239404	0.027638363883239404	0.07384940157428697	0.08449802337679065	0.07384940157428697	0.063891730815022	0.063891730815022	0.0915300946982614	0.08449802337679065	0.10648621802503667
UP000001075	0.030887289250517817	0.03220125357597622	0.03220125357597622	0.03220125357597622	0.03220125357597622	0.030887289250517817	0.03220125357597622	0.030887289250517817	0.030887289250517817	0.03220125357597622	0.030887289250517817	0.030887289250517817	0.06714222950768899	0.07787598069968103	0.06714222950768899	0.06440250715195243	0.06440250715195243	0.09528979640247025	0.07787598069968103	0.10733751191992072
UP000001194	0.03173242137135602	0.03223961151943669	0.03223961151943669	0.03223961151943669	0.03223961151943669	0.03173242137135602	0.03223961151943669	0.03173242137135602	0.03173242137135602	0.03223961151943669	0.03173242137135602	0.03173242137135602	0.06550981652238022	0.07625635369552577	0.06550981652238022	0.06447922303887338	0.06447922303887338	0.09621164441022939	0.07625635369552577	0.10746537173145562
UP000001197	0.0249570822976075	0.0315892905462994	0.0315892905462994	0.0315892905462994	0.0315892905462994	0.0249570822976075	0.0315892905462994	0.0249570822976075	0.0249570822976075	0.0315892905462994	0.0249570822976075	0.0249570822976075	0.07996794379398925	0.09049770730942239	0.07996794379398925	0.0631785810925988	0.0631785810925988	0.0881356633902063	0.09049770730942239	0.10529763515433133
UP000001261	0.031044679423473588	0.03220922514373459	0.03220922514373459	0.03220922514373459	0.03220922514373459	0.031044679423473588	0.03220922514373459	0.031044679423473588	0.031044679423473588	0.03220922514373459	0.031044679423473588	0.031044679423473588	0.06683491043398287	0.07757131881522773	0.06683491043398287	0.06441845028746918	0.06441845028746918	0.09546312971094277	0.07757131881522773	0.10736408381244861
UP000001292	0.0270256332759839	0.03187684770948889	0.03187684770948889	0.03187684770948889	0.03187684770948889	0.0270256332759839	0.03187684770948889	0.0270256332759839	0.0270256332759839	0.03187684770948889	0.0270256332759839	0.0270256332759839	0.07519775092907262	0.08582336683223558	0.07519775092907262	0.06375369541897778	0.06375369541897778	0.09077932869496168	0.08582336683223558	0.10625615903162962
UP000001294	0.032234691128715486	0.032257330122830795	0.032257330122830795	0.032257330122830795	0.032257330122830795	0.032234691128715486	0.032257330122830795	0.032234691128715486	0.032234691128715486	0.032257330122830795	0.032234691128715486	0.032234691128715486	0.06455997003342474	0.07531241340770167	0.06455997003342474	0.06451466024566159	0.06451466024566159	0.09674935137437707	0.07531241340770167	0.10752443374276931
UP000001300	0.02751051739972647	0.03193204517891654	0.03193204517891654	0.03193204517891654	0.03193204517891654	0.02751051739972647	0.03193204517891654	0.02751051739972647	0.02751051739972647	0.03193204517891654	0.02751051739972647	0.02751051739972647	0.07412841383481253	0.08477242889445137	0.07412841383481253	0.06386409035783308	0.06386409035783308	0.09137460775755955	0.08477242889445137	0.10644015059638846
UP000001307	0.0389565226240129	0.032171999502283354	0.032171999502283354	0.032171999502283354	0.032171999502283354	0.0389565226240129	0.032171999502283354	0.0389565226240129	0.0389565226240129	0.032171999502283354	0.0389565226240129	0.0389565226240129	0.05313808739884399	0.06386208723293844	0.05313808739884399	0.06434399900456671	0.06434399900456671	0.10330052162857963	0.06386208723293844	0.10723999834094451
UP000001312	0.03861856352995085	0.032189237045857626	0.032189237045857626	0.032189237045857626	0.032189237045857626	0.03861856352995085	0.032189237045857626	0.03861856352995085	0.03861856352995085	0.032189237045857626	0.03861856352995085	0.03861856352995085	0.053660565639155534	0.06439031132110808	0.053660565639155534	0.06437847409171525	0.06437847409171525	0.1029970376216661	0.06439031132110808	0.1072974568195254
UP000001357	0.023521395402757838	0.03133597812675357	0.03133597812675357	0.03133597812675357	0.03133597812675357	0.023521395402757838	0.03133597812675357	0.023521395402757838	0.023521395402757838	0.03133597812675357	0.023521395402757838	0.023521395402757838	0.08349364553815948	0.09393897158041067	0.08349364553815948	0.06267195625350715	0.06267195625350715	0.08619335165626497	0.09393897158041067	0.10445326042251189
UP000001396	0.05172598534203242	0.030737311722204425	0.030737311722204425	0.030737311722204425	0.030737311722204425	0.05172598534203242	0.030737311722204425	0.05172598534203242	0.05172598534203242	0.030737311722204425	0.05172598534203242	0.05172598534203242	0.036530278762625615	0.04677604933669376	0.036530278762625615	0.06147462344440885	0.06147462344440885	0.11320060878644127	0.04677604933669376	0.1024577057406814
UP000001449	0.0350114649261237	0.032291272390419457	0.032291272390419457	0.032291272390419457	0.032291272390419457	0.0350114649261237	0.032291272390419457	0.0350114649261237	0.0350114649261237	0.032291272390419457	0.0350114649261237	0.0350114649261237	0.05956484681760569	0.07032860428107884	0.05956484681760569	0.06458254478083891	0.06458254478083891	0.09959400970696261	0.07032860428107884	0.10763757463473152
UP000001450	0.07585358952048253	0.025146012312658613	0.025146012312658613	0.025146012312658613	0.025146012312658613	0.07585358952048253	0.025146012312658613	0.07585358952048253	0.07585358952048253	0.025146012312658613	0.07585358952048253	0.07585358952048253	0.016672169088521104	0.025054173192740642	0.016672169088521104	0.050292024625317226	0.050292024625317226	0.12614561414579975	0.025054173192740642	0.08382004104219537
UP000001460	0.0644635045328225	0.028150646619603804	0.028150646619603804	0.028150646619603804	0.028150646619603804	0.0644635045328225	0.028150646619603804	0.0644635045328225	0.0644635045328225	0.028150646619603804	0.0644635045328225	0.0644635045328225	0.024586280589145432	0.033969829462346696	0.024586280589145432	0.05630129323920761	0.05630129323920761	0.1207647977720301	0.033969829462346696	0.09383548873201267
UP000001471	0.027483943514452883	0.03192913444987089	0.03192913444987089	0.03192913444987089	0.03192913444987089	0.027483943514452883	0.03192913444987089	0.027483943514452883	0.027483943514452883	0.03192913444987089	0.027483943514452883	0.027483943514452883	0.0741865610502239	0.08482960586684751	0.0741865610502239	0.06385826889974178	0.06385826889974178	0.09134221241419466	0.08482960586684751	0.10643044816623629
UP000001514	0.028423541855324735	0.03202420374668896	0.03202420374668896	0.03202420374668896	0.03202420374668896	0.028423541855324735	0.03202420374668896	0.028423541855324735	0.028423541855324735	0.03202420374668896	0.028423541855324735	0.028423541855324735	0.07216198676642585	0.0828367213486555	0.07216198676642585	0.06404840749337792	0.06404840749337792	0.09247194934870266	0.0828367213486555	0.10674734582229654
UP000001519	0.029392762967150755	0.032105913321442914	0.032105913321442914	0.032105913321442914	0.032105913321442914	0.029392762967150755	0.032105913321442914	0.029392762967150755	0.029392762967150755	0.032105913321442914	0.029392762967150755	0.029392762967150755	0.07013901152171453	0.08084098262886218	0.07013901152171453	0.06421182664288583	0.06421182664288583	0.09360458961003656	0.08084098262886218	0.10701971107147636
UP000001529	0.024769514689563878	0.03155881249525539	0.03155881249525539	0.03155881249525539	0.03155881249525539	0.024769514689563878	0.03155881249525539	0.024769514689563878	0.024769514689563878	0.03155881249525539	0.024769514689563878	0.024769514689563878	0.08041809931224164	0.09093770347732677	0.08041809931224164	0.06311762499051078	0.06311762499051078	0.08788713968007467	0.09093770347732677	0.10519604165085131
UP000001542	0.05454990950686793	0.030248087325365238	0.030248087325365238	0.030248087325365238	0.030248087325365238	0.05454990950686793	0.030248087325365238	0.05454990950686793	0.05454990950686793	0.030248087325365238	0.05454990950686793	0.05454990950686793	0.033545309061520166	0.043628004836641913	0.033545309061520166	0.060496174650730476	0.060496174650730476	0.1150460841575984	0.043628004836641913	0.10082695775121744
UP000001548	0.03246662690363736	0.032264266769841066	0.032264266769841066	0.032264266769841066	0.032264266769841066	0.03246662690363736	0.032264266769841066	0.03246662690363736	0.03246662690363736	0.032264266769841066	0.03246662690363736	0.03246662690363736	0.0641263358392704	0.07488109142921741	0.0641263358392704	0.06452853353968213	0.06452853353968213	0.09699516044331948	0.07488109142921741	0.10754755589947021
UP000001554	0.028312491707362324	0.032013797021144944	0.032013797021144944	0.032013797021144944	0.032013797021144944	0.028312491707362324	0.032013797021144944	0.028312491707362324	0.028312491707362324	0.032013797021144944	0.028312491707362324	0.028312491707362324	0.07239795142753615	0.0830692171012511	0.07239795142753615	0.06402759404228989	0.06402759404228989	0.09234008574965222	0.0830692171012511	0.10671265673714979
UP000001555	0.023764719567992167	0.031382222169670716	0.031382222169670716	0.031382222169670716	0.031382222169670716	0.023764719567992167	0.031382222169670716	0.023764719567992167	0.023764719567992167	0.031382222169670716	0.023764719567992167	0.023764719567992167	0.08288285207733084	0.09334359280055439	0.08288285207733084	0.06276444433934143	0.06276444433934143	0.08652916390733359	0.09334359280055439	0.1046074072322357
UP000001568	0.02026404673536426	0.030572306307336993	0.030572306307336993	0.030572306307336993	0.030572306307336993	0.02026404673536426	0.030572306307336993	0.02026404673536426	0.02026404673536426	0.030572306307336993	0.02026404673536426	0.02026404673536426	0.09224869298376458	0.10243946175287691	0.09224869298376458	0.061144612614673986	0.061144612614673986	0.08140865935003824	0.10243946175287691	0.10190768769112331
UP000001593	0.03627946720234411	0.032273128429431634	0.032273128429431634	0.032273128429431634	0.032273128429431634	0.03627946720234411	0.032273128429431634	0.03627946720234411	0.03627946720234411	0.032273128429431634	0.03627946720234411	0.03627946720234411	0.057418418678171254	0.06817612815464846	0.057418418678171254	0.06454625685886327	0.06454625685886327	0.10082572406120738	0.06817612815464846	0.10757709476477209
UP000001595	0.02956052201614845	0.032118431523547375	0.032118431523547375	0.032118431523547375	0.032118431523547375	0.02956052201614845	0.032118431523547375	0.02956052201614845	0.02956052201614845	0.032118431523547375	0.02956052201614845	0.02956052201614845	0.06979536037755071	0.08050150421873317	0.06979536037755071	0.06423686304709475	0.06423686304709475	0.09379738506324319	0.08050150421873317	0.10706143841182456
UP000001610	0.021155330642012686	0.03080965595543768	0.03080965595543768	0.03080965595543768	0.03080965595543768	0.021155330642012686	0.03080965595543768	0.021155330642012686	0.021155330642012686	0.03080965595543768	0.021155330642012686	0.021155330642012686	0.0897395475547271	0.10000943287320631	0.0897395475547271	0.06161931191087536	0.06161931191087536	0.08277464255288804	0.10000943287320631	0.10269885318479226
UP000001611	0.020442766920559574	0.030621743309060638	0.030621743309060638	0.030621743309060638	0.030621743309060638	0.020442766920559574	0.030621743309060638	0.020442766920559574	0.020442766920559574	0.030621743309060638	0.020442766920559574	0.020442766920559574	0.09173818465277818	0.10194543242246505	0.09173818465277818	0.061243486618121276	0.061243486618121276	0.08168625353868085	0.10194543242246505	0.1020724776968688
UP000001628	0.03106510839883471	0.032210231741169736	0.032210231741169736	0.032210231741169736	0.032210231741169736	0.03106510839883471	0.032210231741169736	0.03106510839883471	0.03106510839883471	0.032210231741169736	0.03106510839883471	0.03106510839883471	0.06679513333736034	0.07753187725108358	0.06679513333736034	0.06442046348233947	0.06442046348233947	0.09548557188117418	0.07753187725108358	0.10736743913723244
UP000001631	0.030559431121807153	0.032183407067399375	0.032183407067399375	0.032183407067399375	0.032183407067399375	0.030559431121807153	0.032183407067399375	0.030559431121807153	0.030559431121807153	0.032183407067399375	0.030559431121807153	0.030559431121807153	0.06778736726723997	0.07851516962303975	0.06778736726723997	0.06436681413479875	0.06436681413479875	0.09492624525660591	0.07851516962303975	0.10727802355799793
UP000001640	0.05003311122190182	0.03100424393024778	0.03100424393024778	0.03100424393024778	0.03100424393024778	0.05003311122190182	0.03100424393024778	0.05003311122190182	0.05003311122190182	0.03100424393024778	0.05003311122190182	0.05003311122190182	0.038425079640680704	0.04875982761742996	0.038425079640680704	0.06200848786049556	0.06200848786049556	0.11204159908239737	0.04875982761742996	0.1033474797674926
UP000001645	0.032212224163254845	0.03225661671045583	0.03225661671045583	0.03225661671045583	0.03225661671045583	0.032212224163254845	0.03225661671045583	0.032212224163254845	0.032212224163254845	0.03225661671045583	0.032212224163254845	0.032212224163254845	0.0646021408724807	0.07535434644263266	0.0646021408724807	0.06451323342091166	0.06451323342091166	0.09672545758416652	0.07535434644263266	0.10752205570151943
UP000001646	0.03417574015578898	0.032292035279929666	0.032292035279929666	0.032292035279929666	0.032292035279929666	0.03417574015578898	0.032292035279929666	0.03417574015578898	0.03417574015578898	0.032292035279929666	0.03417574015578898	0.03417574015578898	0.06102431360765059	0.07178832536762715	0.06102431360765059	0.06458407055985933	0.06458407055985933	0.09875981071564832	0.07178832536762715	0.10764011759976555
UP000001742	0.056900949247913016	0.02980160786059056	0.02980160786059056	0.02980160786059056	0.02980160786059056	0.056900949247913016	0.02980160786059056	0.056900949247913016	0.056900949247913016	0.02980160786059056	0.056900949247913016	0.056900949247913016	0.031216907373789998	0.04115077666065352	0.031216907373789998	0.05960321572118112	0.05960321572118112	0.11650416496909413	0.04115077666065352	0.0993386928686352
UP000001743	0.023988979764650305	0.03142362136857469	0.03142362136857469	0.03142362136857469	0.03142362136857469	0.023988979764650305	0.03142362136857469	0.023988979764650305	0.023988979764650305	0.03142362136857469	0.023988979764650305	0.023988979764650305	0.08232479993756318	0.09279934039375476	0.08232479993756318	0.06284724273714938	0.06284724273714938	0.0868362225017997	0.09279934039375476	0.10474540456191565
UP000001744	0.037797296197969746	0.032225853365091546	0.032225853365091546	0.032225853365091546	0.032225853365091546	0.037797296197969746	0.032225853365091546	0.037797296197969746	0.037797296197969746	0.032225853365091546	0.037797296197969746	0.037797296197969746	0.054951318193186785	0.06569326931488395	0.054951318193186785	0.06445170673018309	0.06445170673018309	0.10224900292815284	0.06569326931488395	0.10741951121697181
UP000001745	0.03376388459402882	0.032289015131217645	0.032289015131217645	0.032289015131217645	0.032289015131217645	0.03376388459402882	0.032289015131217645	0.03376388459402882	0.03376388459402882	0.032289015131217645	0.03376388459402882	0.03376388459402882	0.06175714143557899	0.0725201464793182	0.06175714143557899	0.06457803026243529	0.06457803026243529	0.09834191485646412	0.0725201464793182	0.10763005043739216
UP000001798	0.03709062028086394	0.032251227107350317	0.032251227107350317	0.032251227107350317	0.032251227107350317	0.03709062028086394	0.032251227107350317	0.03709062028086394	0.03709062028086394	0.032251227107350317	0.03709062028086394	0.03709062028086394	0.056086506079086815	0.06683691511487025	0.056086506079086815	0.06450245421470063	0.06450245421470063	0.10159307449556457	0.06683691511487025	0.10750409035783438
UP000001805	0.024684370382949627	0.03154472409241102	0.03154472409241102	0.03154472409241102	0.03154472409241102	0.024684370382949627	0.03154472409241102	0.024684370382949627	0.024684370382949627	0.03154472409241102	0.024684370382949627	0.024684370382949627	0.08062345546019407	0.09113836349099774	0.08062345546019407	0.06308944818482204	0.06308944818482204	0.08777381856777167	0.09113836349099774	0.10514908030803675
UP000001811	0.027627827331071275	0.03194473784589039	0.03194473784589039	0.03194473784589039	0.03194473784589039	0.027627827331071275	0.03194473784589039	0.027627827331071275	0.027627827331071275	0.03194473784589039	0.027627827331071275	0.027627827331071275	0.07387235078706374	0.08452059673569386	0.07387235078706374	0.06388947569178079	0.06388947569178079	0.09151730302285205	0.08452059673569386	0.1064824594863013
UP000001819	0.02669723951125031	0.03183691943544015	0.03183691943544015	0.03183691943544015	0.03183691943544015	0.02669723951125031	0.03183691943544015	0.02669723951125031	0.02669723951125031	0.03183691943544015	0.02669723951125031	0.02669723951125031	0.07593215311355139	0.08654445959203143	0.07593215311355139	0.0636738388708803	0.0636738388708803	0.09037107838213061	0.08654445959203143	0.10612306478480046
UP000001861	0.027384548919211653	0.03191813065633572	0.03191813065633572	0.03191813065633572	0.03191813065633572	0.027384548919211653	0.03191813065633572	0.027384548919211653	0.027384548919211653	0.03191813065633572	0.027384548919211653	0.027384548919211653	0.07440451676603672	0.08504389365148195	0.07440451676603672	0.06383626131267144	0.06383626131267144	0.0912208102318831	0.08504389365148195	0.1063937688544524
UP000001876	0.01396470434186392	0.02810624363476776	0.02810624363476776	0.02810624363476776	0.02810624363476776	0.01396470434186392	0.02810624363476776	0.01396470434186392	0.01396470434186392	0.02810624363476776	0.01396470434186392	0.01396470434186392	0.1131367928626671	0.12250554074092304	0.1131367928626671	0.05621248726953552	0.05621248726953552	0.07017719161139944	0.12250554074092304	0.09368747878255917
UP000001881	0.024278879384727173	0.03147542915831874	0.03147542915831874	0.03147542915831874	0.03147542915831874	0.024278879384727173	0.03147542915831874	0.024278879384727173	0.024278879384727173	0.03147542915831874	0.024278879384727173	0.024278879384727173	0.08161024444345247	0.09210205416289202	0.08161024444345247	0.06295085831663748	0.06295085831663748	0.08722973770136466	0.09210205416289202	0.10491809719439579
UP000001926	0.06813770611697252	0.027243406473424166	0.027243406473424166	0.027243406473424166	0.027243406473424166	0.06813770611697252	0.027243406473424166	0.06813770611697252	0.06813770611697252	0.027243406473424166	0.06813770611697252	0.06813770611697252	0.02178538840160142	0.030866523892742807	0.02178538840160142	0.05448681294684833	0.05448681294684833	0.12262451906382084	0.030866523892742807	0.09081135491141389
UP000001940	0.04272740930907511	0.03189919520913638	0.03189919520913638	0.03189919520913638	0.03189919520913638	0.04272740930907511	0.03189919520913638	0.04272740930907511	0.04272740930907511	0.03189919520913638	0.04272740930907511	0.04272740930907511	0.047630252872573046	0.058263317942285175	0.047630252872573046	0.06379839041827276	0.06379839041827276	0.10652579972734785	0.058263317942285175	0.10633065069712126
UP000001949	0.050521622477706696	0.03092932657714365	0.03092932657714365	0.03092932657714365	0.03092932657714365	0.050521622477706696	0.03092932657714365	0.050521622477706696	0.050521622477706696	0.03092932657714365	0.050521622477706696	0.050521622477706696	0.037869854355438666	0.048179629881153214	0.037869854355438666	0.0618586531542873	0.0618586531542873	0.112380275631994	0.048179629881153214	0.10309775525714548
UP000001950	0.05419744829199581	0.03031202728127894	0.03031202728127894	0.03031202728127894	0.03031202728127894	0.05419744829199581	0.03031202728127894	0.05419744829199581	0.05419744829199581	0.03031202728127894	0.05419744829199581	0.05419744829199581	0.03390635636389159	0.044010365457651225	0.03390635636389159	0.06062405456255788	0.06062405456255788	0.11482150285455368	0.044010365457651225	0.10104009093759646
UP000001996	0.046263134544119004	0.03152135311406245	0.03152135311406245	0.03152135311406245	0.03152135311406245	0.046263134544119004	0.03152135311406245	0.046263134544119004	0.046263134544119004	0.03152135311406245	0.046263134544119004	0.046263134544119004	0.042954102091541956	0.05346121979622943	0.042954102091541956	0.0630427062281249	0.0630427062281249	0.10930584077224392	0.05346121979622943	0.10507117704687484
UP000001997	0.03965219910905692	0.032132632160544544	0.032132632160544544	0.032132632160544544	0.032132632160544544	0.03965219910905692	0.032132632160544544	0.03965219910905692	0.03965219910905692	0.032132632160544544	0.03965219910905692	0.03965219910905692	0.052078122916972225	0.06278900030382041	0.052078122916972225	0.06426526432108909	0.06426526432108909	0.10391746343014602	0.06278900030382041	0.1071087738684818
UP000002009	0.015720648772538967	0.028955669857089215	0.028955669857089215	0.028955669857089215	0.028955669857089215	0.015720648772538967	0.028955669857089215	0.015720648772538967	0.015720648772538967	0.028955669857089215	0.015720648772538967	0.015720648772538967	0.10666618521969996	0.11631807517206301	0.10666618521969996	0.05791133971417843	0.05791133971417843	0.0736319884867174	0.11631807517206301	0.09651889952363071
UP000002035	0.030845191488860856	0.03219905619366502	0.03219905619366502	0.03219905619366502	0.03219905619366502	0.030845191488860856	0.03219905619366502	0.030845191488860856	0.030845191488860856	0.03219905619366502	0.030845191488860856	0.030845191488860856	0.06722469011983344	0.07795770885105509	0.06722469011983344	0.06439811238733004	0.06439811238733004	0.09524330387619089	0.07795770885105509	0.10733018731221672
UP000002036	0.033319655269534156	0.03228317879349886	0.03228317879349886	0.03228317879349886	0.03228317879349886	0.033319655269534156	0.03228317879349886	0.033319655269534156	0.033319655269534156	0.03228317879349886	0.033319655269534156	0.033319655269534156	0.06255788810431984	0.07331894770215279	0.06255788810431984	0.06456635758699772	0.06456635758699772	0.09788601285653185	0.07331894770215279	0.1076105959783295
UP000002037	0.057410565688835	0.02970038277743633	0.02970038277743633	0.02970038277743633	0.02970038277743633	0.057410565688835	0.02970038277743633	0.057410565688835	0.057410565688835	0.02970038277743633	0.057410565688835	0.057410565688835	0.03072997893479342	0.04063010652727219	0.03072997893479342	0.05940076555487266	0.05940076555487266	0.11681133124370766	0.04063010652727219	0.09900127592478775
UP000002038	0.03116426799786767	0.03221502633169885	0.03221502633169885	0.03221502633169885	0.03221502633169885	0.03116426799786767	0.03221502633169885	0.03116426799786767	0.03116426799786767	0.03221502633169885	0.03116426799786767	0.03116426799786767	0.06660242567693614	0.07734076778750244	0.06660242567693614	0.0644300526633977	0.0644300526633977	0.09559432066126537	0.07734076778750244	0.10738342110566285
UP000002051	0.04598614869897944	0.031554868326805124	0.031554868326805124	0.031554868326805124	0.031554868326805124	0.04598614869897944	0.031554868326805124	0.04598614869897944	0.04598614869897944	0.031554868326805124	0.04598614869897944	0.04598614869897944	0.043304766469565506	0.053823055911833874	0.043304766469565506	0.06310973665361025	0.06310973665361025	0.10909588535258968	0.053823055911833874	0.10518289442268373
UP000002058	0.0299801322946823	0.03214770026356907	0.03214770026356907	0.03214770026356907	0.03214770026356907	0.0299801322946823	0.03214770026356907	0.0299801322946823	0.0299801322946823	0.03214770026356907	0.0299801322946823	0.0299801322946823	0.0689439674300297	0.07965986751788606	0.0689439674300297	0.06429540052713814	0.06429540052713814	0.09427553282182044	0.07965986751788606	0.10715900087856357
UP000002059	0.03133773069605307	0.032223051297672646	0.032223051297672646	0.032223051297672646	0.032223051297672646	0.03133773069605307	0.032223051297672646	0.03133773069605307	0.03133773069605307	0.032223051297672646	0.03133773069605307	0.03133773069605307	0.06626676609121657	0.07700778319044078	0.06626676609121657	0.06444610259534529	0.06444610259534529	0.09578383329139836	0.07700778319044078	0.10741017099224216
UP000002149	0.030680347199641675	0.032190185349331775	0.032190185349331775	0.032190185349331775	0.032190185349331775	0.030680347199641675	0.032190185349331775	0.030680347199641675	0.030680347199641675	0.032190185349331775	0.030680347199641675	0.030680347199641675	0.06754865100329999	0.07827871278641059	0.06754865100329999	0.06438037069866355	0.06438037069866355	0.09506071789830521	0.07827871278641059	0.10730061783110591
UP000002173	0.041243164373086165	0.032023610993200745	0.032023610993200745	0.032023610993200745	0.032023610993200745	0.041243164373086165	0.032023610993200745	0.041243164373086165	0.041243164373086165	0.032023610993200745	0.041243164373086165	0.041243164373086165	0.049730018374296255	0.06040455537202983	0.049730018374296255	0.06404722198640149	0.06404722198640149	0.10529038635948766	0.06040455537202983	0.10674536997733583
UP000002195	0.06989474865478254	0.026787737184366327	0.026787737184366327	0.026787737184366327	0.026787737184366327	0.06989474865478254	0.026787737184366327	0.06989474865478254	0.06989474865478254	0.026787737184366327	0.06989474865478254	0.06989474865478254	0.020533241116665258	0.029462486844787365	0.020533241116665258	0.05357547436873265	0.05357547436873265	0.1234702230235152	0.029462486844787365	0.08929245728122108
UP000002226	0.02452964675785568	0.03151871442237963	0.03151871442237963	0.03151871442237963	0.03151871442237963	0.02452964675785568	0.03151871442237963	0.02452964675785568	0.02452964675785568	0.03151871442237963	0.02452964675785568	0.02452964675785568	0.0809982604842341	0.09150449862502728	0.0809982604842341	0.06303742884475926	0.06303742884475926	0.08756707560261494	0.09150449862502728	0.10506238140793209
