	AAA	AAC	AAG	AAT	ACA	ACC	ACG	ACT	AGA	AGC	AGG	AGT	ATA	ATC	ATG	ATT	CAA	CAC	CAG	CAT	CCA	CCC	CCG	CCT	CGA	CGC	CGG	CGT	CTA	CTC	CTG	CTT	GAA	GAC	GAG	GAT	GCA	GCC	GCG	GCT	GGA	GGC	GGG	GGT	GTA	GTC	GTG	GTT	TAA	TAC	TAG	TAT	TCA	TCC	TCG	TCT	TGA	TGC	TGG	TGT	TTA	TTC	TTG	TTT
Start	362.5	294.0	511.5	301.0	258.0	237.0	195.0	246.0	177.5	303.0	170.5	283.5	133.0	183.0	13067.0	208.0	188.0	141.0	296.0	154.0	251.0	218.0	235.0	323.0	78.0	121.0	91.0	108.0	99.0	184.5	232.0	176.0	525.5	438.5	533.0	499.0	567.0	655.0	606.0	680.0	253.0	275.0	164.0	253.0	120.0	198.0	321.5	226.0	0.0	134.0	0.0	143.5	323.0	376.0	353.0	492.0	0.0	108.5	184.0	124.0	130.5	238.0	252.5	277.5
AAA	16315.0	7112.5	14270.5	9151.0	7041.5	4484.0	2398.5	6037.5	6521.5	4662.0	3579.5	5163.0	5323.0	6887.5	9284.0	9025.0	7931.5	4008.5	6758.5	5117.0	6327.5	3399.5	2083.0	5270.5	3028.5	2565.5	2101.0	2263.5	3946.0	5446.0	7244.5	6706.0	15886.0	7295.5	10914.5	10884.5	7767.0	5783.5	2705.5	7975.5	6996.0	5045.0	3105.5	5237.0	4220.5	5009.0	7083.0	6595.0	238.0	5132.5	128.0	5748.0	6176.5	4216.5	2201.0	5983.0	222.5	3484.5	4841.0	4014.5	4916.5	6868.0	7632.0	8408.0
AAC	7112.5	8798.0	9362.0	6535.5	4637.5	5944.0	3105.0	4256.5	3116.0	5469.0	2571.5	3400.0	2989.0	7851.0	6857.5	5718.5	4503.0	4339.0	6276.0	3397.5	4256.5	4400.5	2583.5	4016.0	1993.0	3221.5	2046.0	1834.5	2445.0	6700.5	6396.5	4275.0	7883.5	8215.0	9352.5	7400.5	4687.0	6697.0	2868.0	5262.0	4353.0	5842.0	2801.5	3782.5	2415.5	5700.0	6114.0	4010.5	108.5	5769.0	78.0	3983.0	3748.5	4680.5	2645.0	4049.0	122.0	3352.0	4005.5	2467.5	2813.0	7553.5	5138.5	5169.5
AAG	14270.5	9362.0	21703.0	8088.5	6024.0	6511.5	4318.5	5124.0	5298.5	6651.0	4920.5	4281.0	4430.0	10116.5	10044.0	8124.0	6979.0	5487.5	10373.5	4445.0	5573.0	5295.5	3830.5	5042.5	3395.5	4766.5	3759.5	3041.0	3493.0	8531.0	10930.0	6221.0	12676.0	10579.0	17136.5	9938.0	7178.5	8955.0	5005.5	7932.5	6207.5	7879.0	4552.5	5446.0	3453.5	7688.5	9411.5	6059.5	241.0	7336.5	197.5	5310.5	4480.0	5367.5	3747.5	5154.5	279.0	4386.5	6136.5	3399.0	4226.5	9591.0	8233.5	7366.5
AAT	9151.0	6535.5	8088.5	8058.0	5711.5	4030.0	2217.5	5121.0	4105.0	3901.5	2451.0	4522.0	3872.0	5754.0	6692.0	7167.5	5540.0	3215.0	5611.5	4148.0	5092.5	2868.0	1931.5	4349.5	1916.0	1807.0	1607.0	1634.0	2834.5	4181.0	5724.5	5017.0	10051.0	6083.0	7215.5	8856.5	5135.0	4325.5	2268.5	5662.5	5069.0	3978.0	2363.0	3959.0	3067.0	3994.5	5314.0	5072.0	143.0	4264.5	82.0	4848.0	4731.5	3724.0	2074.0	5015.5	136.0	2667.5	3545.0	3252.5	3932.5	5746.5	5708.0	6803.0
ACA	7041.5	4637.5	6024.0	5711.5	5740.0	3853.0	2268.0	4358.5	3089.5	3187.5	1782.0	3415.0	2937.0	4056.5	4941.5	4783.0	4398.0	2356.0	4140.5	2906.5	4907.0	2752.0	1985.5	3844.0	1753.5	1642.0	1284.0	1383.0	2135.5	3564.0	3877.5	3612.0	8323.0	4699.5	6225.5	6474.0	5062.5	4036.5	2044.0	4804.5	4216.0	3533.0	1969.0	3296.5	2480.0	3197.0	4066.0	3693.5	92.5	3016.5	57.0	3311.5	4565.5	3158.5	2106.5	4156.5	100.5	1864.5	2607.5	2296.0	2747.5	4031.0	4050.5	4515.5
ACC	4484.0	5944.0	6511.5	4030.0	3853.0	6098.0	2759.5	3610.5	1976.5	3744.0	1703.0	2247.5	1964.0	5753.5	4477.5	3752.5	3516.0	3090.5	4566.5	2221.5	3565.5	4039.0	2520.5	3262.5	1580.5	2776.5	1474.0	1519.0	1778.5	5290.0	4314.5	3039.0	5576.0	6086.5	6777.5	5356.0	3864.5	6023.5	2660.0	4411.0	3340.0	4934.5	2143.5	3150.0	1684.0	4526.0	3871.0	3029.0	74.5	3941.0	55.0	2454.5	2993.0	4488.5	2445.0	3371.5	88.0	2101.0	2695.5	1485.0	1691.0	5522.0	3204.5	3311.5
ACG	2398.5	3105.0	4318.5	2217.5	2268.0	2759.5	2257.0	1858.5	1268.0	2564.0	1497.5	1513.0	1109.0	3060.5	3180.0	2032.0	1964.5	1807.5	3418.0	1363.0	2185.5	2281.5	1967.5	2075.5	1044.0	1610.5	1372.5	942.0	982.5	2671.0	3742.5	1761.0	3097.5	3390.5	5062.5	3122.0	2341.0	3101.0	2153.5	2469.0	2083.5	2928.0	1868.5	1847.5	960.0	2198.5	3206.0	1735.0	42.0	2091.0	42.0	1385.5	1833.0	2300.5	1798.0	1882.0	65.0	1405.5	1927.0	982.5	858.0	2887.0	2231.0	1976.5
ACT	6037.5	4256.5	5124.0	5121.0	4358.5	3610.5	1858.5	4355.0	2707.5	2915.5	1576.0	3072.0	2373.5	4023.0	4287.5	4405.0	3875.5	2100.0	3866.5	2641.0	4056.0	2604.0	1798.0	3718.0	1526.0	1655.0	1216.5	1385.5	1796.0	3530.5	3627.5	3366.0	6910.5	4246.5	5250.5	6089.5	4050.0	3912.5	1868.0	4800.0	3831.0	3464.5	1861.0	3297.0	2113.5	3252.5	3588.0	3738.0	94.0	2684.0	62.0	3004.0	3732.0	3067.5	1952.5	3925.0	94.0	1726.0	2298.0	1938.0	2416.5	3907.5	3527.5	3978.0
AGA	6521.5	3116.0	5298.5	4105.0	3089.5	1976.5	1268.0	2707.5	4213.0	2221.5	2261.5	2464.0	2317.5	3030.0	3771.5	3900.5	3488.0	1884.5	3076.0	2405.5	2890.0	1578.5	1161.5	2439.5	1911.5	1468.5	1227.0	1409.0	1630.5	2386.5	2926.0	2837.5	6603.5	3213.0	4680.0	4780.5	3515.0	2629.5	1528.5	3619.0	3243.5	2321.0	1546.0	2617.0	1884.5	2319.0	2935.0	2988.0	106.5	2370.0	63.0	2695.0	2700.5	1921.0	1272.5	2885.5	119.0	1484.5	2265.0	1782.0	2468.0	2936.0	3515.5	3696.0
AGC	4662.0	5469.0	6651.0	3901.5	3187.5	3744.0	2564.0	2915.5	2221.5	5552.0	2094.0	3369.5	1932.0	4825.5	4694.5	3554.5	3178.5	2692.0	4358.5	2125.5	3107.0	3085.5	2375.0	2991.5	1721.5	2515.5	1676.0	1552.0	1633.5	4271.0	4247.0	2785.5	5582.5	6167.5	7035.5	5550.0	3818.0	4790.5	2900.0	4221.0	3635.5	4987.5	2555.0	3301.0	1707.0	3908.5	4225.5	2858.5	80.5	3486.5	74.0	2289.0	2925.5	3511.5	2567.0	3163.5	113.0	2167.0	2751.0	1638.0	1746.0	4630.0	3290.5	3329.0
AGG	3579.5	2571.5	4920.5	2451.0	1782.0	1703.0	1497.5	1576.0	2261.5	2094.0	2540.0	1628.5	1451.0	2532.5	3040.5	2415.5	2041.5	1611.5	3077.5	1481.0	1728.5	1464.0	1394.5	1646.0	1327.5	1475.5	1539.0	1102.0	1047.0	2289.5	3230.5	1814.0	3888.5	2831.5	4953.0	2973.0	2190.0	2490.5	1907.0	2423.0	2055.5	2301.0	1904.5	1597.5	1093.5	1996.0	2730.0	1811.5	74.0	1992.5	76.0	1664.0	1550.0	1578.0	1312.5	1631.5	124.5	1220.5	1920.5	1054.5	1310.5	2522.0	2473.5	2191.0
AGT	5163.0	3400.0	4281.0	4522.0	3415.0	2247.5	1513.0	3072.0	2464.0	3369.5	1628.5	4123.0	2170.0	3065.0	3914.5	3958.5	3248.5	1744.5	3212.5	2364.0	3130.0	1776.5	1478.0	2845.5	1424.0	1353.5	1188.0	1259.5	1517.0	2355.0	3228.5	2756.5	6191.0	3630.5	4835.0	5887.0	3471.0	2676.5	1680.5	3775.0	3469.5	2927.5	1959.5	3263.0	2001.0	2420.5	3514.5	3168.5	82.0	2275.5	59.0	2640.0	3357.5	2359.5	1647.5	3423.5	100.0	1602.5	2099.0	1990.0	2217.5	2905.0	3437.5	3606.5
ATA	5323.0	2989.0	4430.0	3872.0	2937.0	1964.0	1109.0	2373.5	2317.5	1932.0	1451.0	2170.0	1809.0	2345.5	3212.0	2968.0	3046.5	1607.0	3274.5	2035.5	2691.0	1451.0	978.0	2228.0	1093.0	933.0	902.0	873.5	1294.5	1853.0	2634.0	2192.0	6051.5	3166.0	4306.5	4557.5	2915.5	2329.5	1190.0	2914.5	2965.5	2076.5	1394.5	2015.5	1444.5	1711.5	2554.5	2265.0	69.0	1801.5	40.0	2185.0	2484.5	1894.0	1098.5	2583.0	70.0	1227.0	1686.0	1576.5	1712.0	2310.5	2318.5	2945.5
ATC	6887.5	7851.0	10116.5	5754.0	4056.5	5753.5	3060.5	4023.0	3030.0	4825.5	2532.5	3065.0	2345.5	7265.0	5906.5	4747.0	4638.5	4409.5	7060.5	3406.5	3869.5	4495.5	2570.0	3931.5	2262.0	3817.0	2329.0	2041.5	2034.5	6179.0	5505.0	3813.0	8633.5	8941.5	10925.0	7910.0	5004.5	7770.5	3087.5	5981.5	4724.5	6685.5	3282.0	4331.0	2084.5	5695.0	5176.0	3852.5	85.0	5245.0	66.0	3381.5	3606.5	5298.5	2694.0	4137.5	104.5	3012.0	3699.5	2135.0	2109.0	7077.0	4069.0	4334.5
ATG	9284.0	6857.5	10044.0	6692.0	4941.5	4477.5	3180.0	4287.5	3771.5	4694.5	3040.5	3914.5	3212.0	5906.5	7934.0	5632.0	5518.5	3782.0	7814.5	3783.0	4557.0	3768.5	2883.0	4108.5	2581.5	3283.0	2617.0	2180.0	2354.5	5161.0	6376.5	4076.5	10456.5	7770.0	11215.5	8340.0	5402.5	6439.5	3616.5	5989.5	4985.5	5703.0	3306.5	4406.5	2660.0	4822.5	6683.0	4493.0	110.0	4718.0	87.0	4215.5	4288.5	4298.5	3109.0	4361.5	137.5	2999.5	3812.0	2726.0	2938.5	6118.5	5110.0	5311.5
ATT	9025.0	5718.5	8124.0	7167.5	4783.0	3752.5	2032.0	4405.0	3900.5	3554.5	2415.5	3958.5	2968.0	4747.0	5632.0	5779.0	5422.0	2970.0	5999.5	3856.0	4452.0	2864.0	1879.5	3951.0	2128.0	2091.5	1823.5	1876.0	2098.0	3939.5	4512.5	4078.0	10296.5	6335.0	8384.0	8745.5	4906.0	5031.5	2327.0	5945.5	5303.5	4629.0	2626.0	4348.5	2529.5	3988.0	4612.0	4557.5	113.5	3578.0	70.0	4004.5	4160.0	3504.5	2069.0	4464.5	110.5	2340.5	3109.5	2879.0	2918.0	4811.5	4474.0	5554.0
CAA	7931.5	4503.0	6979.0	5540.0	4398.0	3516.0	1964.5	3875.5	3488.0	3178.5	2041.5	3248.5	3046.5	4638.5	5518.5	5422.0	7224.0	3130.5	7131.5	3491.5	4751.0	3118.5	2225.0	4172.5	2197.5	2069.0	1686.5	1848.5	2663.5	4457.5	5081.0	4642.0	9419.5	4789.5	7073.0	6316.0	4818.5	4837.5	2415.5	5164.5	4149.5	3608.0	1930.5	3184.0	2488.0	3555.5	4302.0	3949.5	113.0	3344.5	65.0	3621.0	3756.0	3235.5	2092.5	4050.5	117.5	2095.5	3008.0	2408.0	3203.0	4491.5	4394.5	4906.0
CAC	4008.5	4339.0	5487.5	3215.0	2356.0	3090.5	1807.5	2100.0	1884.5	2692.0	1611.5	1744.5	1607.0	4409.5	3782.0	2970.0	3130.5	4204.0	4230.5	2751.5	2575.0	2890.5	1957.5	2554.5	1550.0	2699.0	1508.0	1571.5	1482.5	4330.5	3889.0	2658.5	4307.0	4991.5	5470.5	4165.0	2908.0	4246.0	2082.0	3220.0	2589.0	3564.5	1741.5	2357.0	1343.0	3431.5	3301.0	2343.5	66.0	3419.5	53.0	2168.5	2052.0	2841.0	1701.5	2275.5	84.0	1939.5	2349.0	1454.5	1369.0	4302.5	2765.0	2834.0
CAG	6758.5	6276.0	10373.5	5611.5	4140.5	4566.5	3418.0	3866.5	3076.0	4358.5	3077.5	3212.5	3274.5	7060.5	7814.5	5999.5	7131.5	4230.5	11976.0	3876.0	4610.0	4111.0	3681.5	4416.5	2595.0	3926.5	2775.5	2673.5	2832.5	6843.5	7971.0	5188.0	8364.5	7165.5	11408.0	7366.0	5579.0	6902.0	4432.0	6448.5	4413.5	5687.0	3165.5	4135.0	2579.5	5678.5	6268.0	4642.5	112.0	5132.5	106.0	3980.0	3571.5	3966.5	3258.0	3862.5	140.5	2869.5	4382.0	2488.5	3137.0	6772.0	5832.5	5065.5
CAT	5117.0	3397.5	4445.0	4148.0	2906.5	2221.5	1363.0	2641.0	2405.5	2125.5	1481.0	2364.0	2035.5	3406.5	3783.0	3856.0	3491.5	2751.5	3876.0	3348.0	3156.5	1981.5	1582.0	2843.0	1695.5	1669.5	1335.0	1434.0	1648.0	3013.5	3570.0	3069.5	5583.5	3678.5	4276.0	5078.5	3163.0	2904.5	1593.0	3617.0	2945.0	2638.0	1524.0	2613.5	1742.0	2642.0	3029.0	2958.5	80.0	2549.0	53.0	2870.0	2665.0	2109.5	1486.5	2787.0	90.0	1555.0	2226.5	1971.5	2187.5	3312.0	3211.5	3609.0
CCA	6327.5	4256.5	5573.0	5092.5	4907.0	3565.5	2185.5	4056.0	2890.0	3107.0	1728.5	3130.0	2691.0	3869.5	4557.0	4452.0	4751.0	2575.0	4610.0	3156.5	7507.0	3791.5	3416.5	5776.0	1920.5	1883.5	1384.0	1586.0	2159.5	3547.5	3995.0	3649.0	7180.5	4478.5	5555.0	6020.0	4635.5	3815.5	2166.5	4577.0	4433.0	3641.0	2076.5	3898.0	2405.0	3137.0	4058.5	3797.5	79.5	3161.0	50.0	3520.0	4616.5	3406.0	2372.5	4401.5	89.0	1892.0	2725.5	2232.0	2624.5	4029.5	3810.5	4348.0
CCC	3399.5	4400.5	5295.5	2868.0	2752.0	4039.0	2281.5	2604.0	1578.5	3085.5	1464.0	1776.5	1451.0	4495.5	3768.5	2864.0	3118.5	2890.5	4111.0	1981.5	3791.5	4774.0	3038.5	3884.0	1432.5	2487.5	1354.5	1364.0	1422.5	4242.5	3673.5	2575.0	4311.0	5105.0	5506.5	4124.0	3076.0	4972.0	2443.5	3629.0	2884.5	4341.0	1830.0	2815.5	1334.0	3667.0	3231.0	2576.5	55.0	3423.0	42.0	2009.5	2557.0	3996.5	2497.0	3024.5	63.0	1620.0	2367.5	1202.0	1172.0	4562.5	2456.0	2738.5
CCG	2083.0	2583.5	3830.5	1931.5	1985.5	2520.5	1967.5	1798.0	1161.5	2375.0	1394.5	1478.0	978.0	2570.0	2883.0	1879.5	2225.0	1957.5	3681.5	1582.0	3416.5	3038.5	3648.0	3244.0	1216.0	1799.5	1388.5	1052.5	1030.0	2762.0	3615.0	1852.0	2798.0	3324.0	4534.0	2939.0	2315.0	3108.0	2379.0	2598.5	2129.5	2845.5	1880.5	1931.0	939.0	2165.0	2927.5	1791.0	34.0	2135.0	36.0	1453.0	1953.0	2505.5	2173.5	2079.0	58.0	1331.5	1994.0	984.5	771.5	2901.0	2123.5	1963.5
CCT	5270.5	4016.0	5042.5	4349.5	3844.0	3262.5	2075.5	3718.0	2439.5	2991.5	1646.0	2845.5	2228.0	3931.5	4108.5	3951.0	4172.5	2554.5	4416.5	2843.0	5776.0	3884.0	3244.0	5960.0	1776.0	1996.0	1403.0	1654.0	1830.5	3612.5	3758.0	3460.0	6151.5	4407.0	5397.5	5646.5	3938.5	3900.0	2233.5	4641.5	4231.5	3805.0	2071.5	3653.5	2117.5	3434.5	3415.5	3673.5	68.0	2979.5	51.5	3014.5	3596.5	3360.0	2275.0	4162.5	80.0	1739.5	2376.5	1980.0	2240.0	4062.5	3251.0	3790.5
CGA	3028.5	1993.0	3395.5	1916.0	1753.5	1580.5	1044.0	1526.0	1911.5	1721.5	1327.5	1424.0	1093.0	2262.0	2581.5	2128.0	2197.5	1550.0	2595.0	1695.5	1920.5	1432.5	1216.0	1776.0	1585.0	1623.5	1335.5	1307.5	1193.0	2375.5	2602.0	2143.5	3462.5	2449.0	3507.0	2682.0	2232.0	2431.0	1353.5	2535.0	2148.0	2158.5	1247.0	1705.5	1044.5	1741.0	2216.5	1660.5	46.0	1631.0	36.0	1546.5	1501.5	1567.0	1101.0	1755.0	70.0	1094.5	1746.5	1106.5	1070.0	2291.0	1925.5	2155.5
CGC	2565.5	3221.5	4766.5	1807.0	1642.0	2776.5	1610.5	1655.0	1468.5	2515.5	1475.5	1353.5	933.0	3817.0	3283.0	2091.5	2069.0	2699.0	3926.5	1669.5	1883.5	2487.5	1799.5	1996.0	1623.5	3452.0	1797.5	1568.5	1135.5	4164.5	4026.0	2165.5	3144.5	3907.5	5289.5	2755.0	2375.0	4569.5	2275.0	2951.0	2092.5	3485.0	1514.5	1964.5	934.0	3069.0	2989.5	1810.0	45.0	2792.0	42.0	1562.0	1515.5	2666.5	1639.5	1921.0	67.0	1623.0	2319.5	947.5	776.5	3907.0	2077.5	2267.5
CGG	2101.0	2046.0	3759.5	1607.0	1284.0	1474.0	1372.5	1216.5	1227.0	1676.0	1539.0	1188.0	902.0	2329.0	2617.0	1823.5	1686.5	1508.0	2775.5	1335.0	1384.0	1354.5	1388.5	1403.0	1335.5	1797.5	1650.0	1181.0	937.0	2229.0	2939.0	1745.0	2454.0	2361.0	3925.5	2315.5	1809.0	2229.5	1914.0	2079.0	1537.5	1978.0	1489.0	1474.5	796.5	1692.0	2372.5	1435.0	40.0	1705.5	43.0	1255.0	1178.0	1413.0	1329.0	1380.5	77.0	1039.0	1738.5	844.5	791.0	2313.5	2015.5	1784.5
CGT	2263.5	1834.5	3041.0	1634.0	1383.0	1519.0	942.0	1385.5	1409.0	1552.0	1102.0	1259.5	873.5	2041.5	2180.0	1876.0	1848.5	1571.5	2673.5	1434.0	1586.0	1364.0	1052.5	1654.0	1307.5	1568.5	1181.0	1577.0	961.0	2192.0	2490.0	1877.5	2697.5	2218.0	3349.5	2309.5	1959.5	2443.0	1260.5	2432.0	1797.5	2037.5	1120.5	1897.0	854.5	1744.0	2160.0	1624.5	44.0	1558.5	35.0	1353.5	1279.5	1522.0	1073.5	1587.5	53.0	1048.0	1560.0	1093.0	890.0	2170.0	1778.5	1923.0
CTA	3946.0	2445.0	3493.0	2834.5	2135.5	1778.5	982.5	1796.0	1630.5	1633.5	1047.0	1517.0	1294.5	2034.5	2354.5	2098.0	2663.5	1482.5	2832.5	1648.0	2159.5	1422.5	1030.0	1830.5	1193.0	1135.5	937.0	961.0	1152.0	2001.0	2124.0	1865.0	4612.0	2888.5	3706.0	3538.5	2390.0	2372.0	1134.5	2559.5	2056.5	1960.0	1053.0	1646.5	1098.5	1632.0	1891.5	1718.0	46.0	1546.5	31.0	1627.5	1919.5	1682.5	1076.5	1969.0	49.0	989.0	1355.0	1083.0	1295.5	1994.0	1807.0	2009.5
CTC	5446.0	6700.5	8531.0	4181.0	3564.0	5290.0	2671.0	3530.5	2386.5	4271.0	2289.5	2355.0	1853.0	6179.0	5161.0	3939.5	4457.5	4330.5	6843.5	3013.5	3547.5	4242.5	2762.0	3612.5	2375.5	4164.5	2229.0	2192.0	2001.0	7212.0	5469.0	3925.5	7387.0	7709.5	9421.0	6548.0	4570.5	7354.5	3242.0	5565.5	3708.0	5661.0	2564.0	3716.5	1768.0	5281.0	4480.5	3372.5	73.0	4508.5	60.0	2679.5	3119.0	5331.5	2653.0	3850.5	89.0	2688.0	3289.0	1755.0	1620.0	6549.0	3432.0	3875.5
CTG	7244.5	6396.5	10930.0	5724.5	3877.5	4314.5	3742.5	3627.5	2926.0	4247.0	3230.5	3228.5	2634.0	5505.0	6376.5	4512.5	5081.0	3889.0	7971.0	3570.0	3995.0	3673.5	3615.0	3758.0	2602.0	4026.0	2939.0	2490.0	2124.0	5469.0	6843.0	4103.5	8744.0	8351.0	12088.0	8068.0	4901.5	6359.5	4436.0	5927.0	4265.5	5589.5	3265.5	4179.0	2233.5	4813.0	5634.0	4060.0	80.0	4339.5	77.0	3268.5	3417.5	4074.0	3600.0	3704.5	109.0	2518.0	3880.5	2264.5	2223.0	5640.5	4885.5	4490.5
CTT	6706.0	4275.0	6221.0	5017.0	3612.0	3039.0	1761.0	3366.0	2837.5	2785.5	1814.0	2756.5	2192.0	3813.0	4076.5	4078.0	4642.0	2658.5	5188.0	3069.5	3649.0	2575.0	1852.0	3460.0	2143.5	2165.5	1745.0	1877.5	1865.0	3925.5	4103.5	3769.0	8005.0	5204.0	6816.0	6645.0	4150.5	4418.5	2139.5	5014.0	3890.5	3670.0	1988.5	3403.5	1986.5	3358.0	3291.0	3636.0	79.0	2808.0	57.5	2914.0	3324.0	3088.0	1934.0	3787.5	91.0	1764.0	2447.0	2006.0	2215.5	3990.5	3450.5	4012.5
GAA	15886.0	7883.5	12676.0	10051.0	8323.0	5576.0	3097.5	6910.5	6603.5	5582.5	3888.5	6191.0	6051.5	8633.5	10456.5	10296.5	9419.5	4307.0	8364.5	5583.5	7180.5	4311.0	2798.0	6151.5	3462.5	3144.5	2454.0	2697.5	4612.0	7387.0	8744.0	8005.0	22970.0	11094.5	16115.5	15028.0	9007.0	7942.0	3838.0	9437.5	7602.5	6463.0	3642.5	6086.5	5185.5	6723.0	8466.0	8165.0	189.0	5869.5	109.0	6425.0	6710.0	4838.0	2913.5	6710.5	194.0	3892.5	5291.5	4795.0	5930.5	7833.5	8542.5	9239.0
GAC	7295.5	8215.0	10579.0	6083.0	4699.5	6086.5	3390.5	4246.5	3213.0	6167.5	2831.5	3630.5	3166.0	8941.5	7770.0	6335.0	4789.5	4991.5	7165.5	3678.5	4478.5	5105.0	3324.0	4407.0	2449.0	3907.5	2361.0	2218.0	2888.5	7709.5	8351.0	5204.0	11094.5	13315.0	13668.0	10652.5	5596.0	8010.0	3952.5	6222.0	4902.0	7418.0	3573.5	4590.5	2913.0	7313.0	7436.5	4920.5	115.0	6616.5	98.0	4209.0	4163.0	5513.5	3097.5	4699.5	147.0	3628.5	5012.5	2534.0	2882.0	8568.5	5564.0	5878.0
GAG	10914.5	9352.5	17136.5	7215.5	6225.5	6777.5	5062.5	5250.5	4680.0	7035.5	4953.0	4835.0	4306.5	10925.0	11215.5	8384.0	7073.0	5470.5	11408.0	4276.0	5555.0	5506.5	4534.0	5397.5	3507.0	5289.5	3925.5	3349.5	3706.0	9421.0	12088.0	6816.0	16115.5	13668.0	25567.0	12650.5	7872.5	10209.5	6740.0	8481.5	6242.0	8722.5	5526.5	5682.5	3719.5	8577.5	11451.0	6590.0	159.0	7733.0	159.0	5082.5	4555.0	5566.5	4190.5	5141.0	224.5	4697.0	6591.0	3475.0	3892.0	10248.5	8419.0	7497.5
GAT	10884.5	7400.5	9938.0	8856.5	6474.0	5356.0	3122.0	6089.5	4780.5	5550.0	2973.0	5887.0	4557.5	7910.0	8340.0	8745.5	6316.0	4165.0	7366.0	5078.5	6020.0	4124.0	2939.0	5646.5	2682.0	2755.0	2315.5	2309.5	3538.5	6548.0	8068.0	6645.0	15028.0	10652.5	12650.5	14825.0	6463.0	6707.0	3389.0	7754.5	6429.0	6332.5	3626.0	5567.5	4028.0	6151.5	7547.5	6831.5	154.0	5626.0	106.0	5925.0	5897.0	4966.0	3232.0	6515.5	177.0	3451.5	5141.0	4146.0	4576.0	7820.0	6868.0	8468.0
GCA	7767.0	4687.0	7178.5	5135.0	5062.5	3864.5	2341.0	4050.0	3515.0	3818.0	2190.0	3471.0	2915.5	5004.5	5402.5	4906.0	4818.5	2908.0	5579.0	3163.0	4635.5	3076.0	2315.0	3938.5	2232.0	2375.0	1809.0	1959.5	2390.0	4570.5	4901.5	4150.5	9007.0	5596.0	7872.5	6463.0	6933.0	6037.5	3195.0	6432.0	4659.5	4559.5	2571.5	3796.0	2721.0	4164.5	4927.0	4018.5	79.0	3428.0	60.5	3358.0	4131.5	3530.5	2359.5	4128.0	109.0	2281.0	3032.5	2493.0	2837.0	4595.5	4270.0	4605.0
GCC	5783.5	6697.0	8955.0	4325.5	4036.5	6023.5	3101.0	3912.5	2629.5	4790.5	2490.5	2676.5	2329.5	7770.5	6439.5	5031.5	4837.5	4246.0	6902.0	2904.5	3815.5	4972.0	3108.0	3900.0	2431.0	4569.5	2229.5	2443.0	2372.0	7354.5	6359.5	4418.5	7942.0	8010.0	10209.5	6707.0	6037.5	10471.0	4469.0	7434.0	4443.0	6787.5	2946.0	4531.0	2298.0	6703.0	5577.0	4331.5	82.0	5163.5	67.0	3030.0	3539.5	5578.0	3227.5	4067.0	98.5	2948.5	3602.5	1996.5	2017.5	7293.5	4425.0	4563.0
GCG	2705.5	2868.0	5005.5	2268.5	2044.0	2660.0	2153.5	1868.0	1528.5	2900.0	1907.0	1680.5	1190.0	3087.5	3616.5	2327.0	2415.5	2082.0	4432.0	1593.0	2166.5	2443.5	2379.0	2233.5	1353.5	2275.0	1914.0	1260.5	1134.5	3242.0	4436.0	2139.5	3838.0	3952.5	6740.0	3389.0	3195.0	4469.0	4144.0	3669.5	2560.0	3710.5	2405.0	2296.5	1131.5	2663.0	4101.0	2207.5	46.5	2270.5	43.0	1499.5	1841.5	2440.5	2086.5	2074.0	70.0	1591.0	2187.0	1104.5	892.0	3086.0	2614.5	2119.0
GCT	7975.5	5262.0	7932.5	5662.5	4804.5	4411.0	2469.0	4800.0	3619.0	4221.0	2423.0	3775.0	2914.5	5981.5	5989.5	5945.5	5164.5	3220.0	6448.5	3617.0	4577.0	3629.0	2598.5	4641.5	2535.0	2951.0	2079.0	2432.0	2559.5	5565.5	5927.0	5014.0	9437.5	6222.0	8481.5	7754.5	6432.0	7434.0	3669.5	8885.0	5160.0	5405.5	2902.0	4936.0	2940.5	5319.5	5555.5	5134.5	99.0	3894.5	75.0	3817.0	4253.5	4031.5	2696.5	4785.0	126.0	2724.0	3352.0	2786.0	2988.0	5627.0	4922.0	5205.5
GGA	6996.0	4353.0	6207.5	5069.0	4216.0	3340.0	2083.5	3831.0	3243.5	3635.5	2055.5	3469.5	2965.5	4724.5	4985.5	5303.5	4149.5	2589.0	4413.5	2945.0	4433.0	2884.5	2129.5	4231.5	2148.0	2092.5	1537.5	1797.5	2056.5	3708.0	4265.5	3890.5	7602.5	4902.0	6242.0	6429.0	4659.5	4443.0	2560.0	5160.0	6322.0	5285.5	2961.0	4883.0	2690.5	4068.0	4736.0	4378.0	95.5	3610.0	69.0	3688.5	3581.0	2957.0	2024.0	3806.0	124.5	2325.0	3239.0	2510.5	2759.5	4679.5	4040.0	4898.5
GGC	5045.0	5842.0	7879.0	3978.0	3533.0	4934.5	2928.0	3464.5	2321.0	4987.5	2301.0	2927.5	2076.5	6685.5	5703.0	4629.0	3608.0	3564.5	5687.0	2638.0	3641.0	4341.0	2845.5	3805.0	2158.5	3485.0	1978.0	2037.5	1960.0	5661.0	5589.5	3670.0	6463.0	7418.0	8722.5	6332.5	4559.5	6787.5	3710.5	5405.5	5285.5	8420.0	3505.5	5367.5	2168.0	5873.0	5570.5	3891.0	77.0	4934.5	71.0	2943.5	2996.5	4321.0	2741.5	3489.5	108.0	2793.0	3825.0	1818.0	1723.5	6664.0	3867.5	4442.5
GGG	3105.5	2801.5	4552.5	2363.0	1969.0	2143.5	1868.5	1861.0	1546.0	2555.0	1904.5	1959.5	1394.5	3282.0	3306.5	2626.0	1930.5	1741.5	3165.5	1524.0	2076.5	1830.0	1880.5	2071.5	1247.0	1514.5	1489.0	1120.5	1053.0	2564.0	3265.5	1988.5	3642.5	3573.5	5526.5	3626.0	2571.5	2946.0	2405.0	2902.0	2961.0	3505.5	3314.0	2498.0	1256.5	2676.5	3876.5	2397.0	58.0	2359.5	63.0	1798.5	1691.0	1991.5	1723.5	1931.5	110.0	1495.0	2346.0	1218.0	1215.0	3208.5	2667.0	2578.5
GGT	5237.0	3782.5	5446.0	3959.0	3296.5	3150.0	1847.5	3297.0	2617.0	3301.0	1597.5	3263.0	2015.5	4331.0	4406.5	4348.5	3184.0	2357.0	4135.0	2613.5	3898.0	2815.5	1931.0	3653.5	1705.5	1964.5	1474.5	1897.0	1646.5	3716.5	4179.0	3403.5	6086.5	4590.5	5682.5	5567.5	3796.0	4531.0	2296.5	4936.0	4883.0	5367.5	2498.0	5535.0	1994.5	3677.5	4238.0	3812.5	71.5	3024.0	55.5	2879.0	2857.5	2906.5	1995.5	3516.5	95.0	2015.0	2739.0	2221.5	1971.5	4212.5	3498.5	4230.0
GTA	4220.5	2415.5	3453.5	3067.0	2480.0	1684.0	960.0	2113.5	1884.5	1707.0	1093.5	2001.0	1444.5	2084.5	2660.0	2529.5	2488.0	1343.0	2579.5	1742.0	2405.0	1334.0	939.0	2117.5	1044.5	934.0	796.5	854.5	1098.5	1768.0	2233.5	1986.5	5185.5	2913.0	3719.5	4028.0	2721.0	2298.0	1131.5	2940.5	2690.5	2168.0	1256.5	1994.5	1449.0	1826.0	2425.5	2203.5	53.5	1593.0	36.0	1789.5	2088.0	1579.0	970.5	2207.0	54.0	1121.5	1529.0	1439.0	1468.0	2098.5	2057.0	2514.5
GTC	5009.0	5700.0	7688.5	3994.5	3197.0	4526.0	2198.5	3252.5	2319.0	3908.5	1996.0	2420.5	1711.5	5695.0	4822.5	3988.0	3555.5	3431.5	5678.5	2642.0	3137.0	3667.0	2165.0	3434.5	1741.0	3069.0	1692.0	1744.0	1632.0	5281.0	4813.0	3358.0	6723.0	7313.0	8577.5	6151.5	4164.5	6703.0	2663.0	5319.5	4068.0	5873.0	2676.5	3677.5	1826.0	5457.0	4789.5	3391.0	68.0	4159.5	56.0	2635.0	2750.0	4249.5	2086.0	3431.5	88.5	2582.5	3139.0	1754.5	1570.0	5855.5	3329.0	3841.5
GTG	7083.0	6114.0	9411.5	5314.0	4066.0	3871.0	3206.0	3588.0	2935.0	4225.5	2730.0	3514.5	2554.5	5176.0	6683.0	4612.0	4302.0	3301.0	6268.0	3029.0	4058.5	3231.0	2927.5	3415.5	2216.5	2989.5	2372.5	2160.0	1891.5	4480.5	5634.0	3291.0	8466.0	7436.5	11451.0	7547.5	4927.0	5577.0	4101.0	5555.5	4736.0	5570.5	3876.5	4238.0	2425.5	4789.5	7592.0	3997.5	84.5	4182.0	77.0	3355.5	3297.0	3675.0	2985.0	3487.0	116.0	2874.5	3672.5	2708.5	2209.5	5649.5	4607.5	4819.0
GTT	6595.0	4010.5	6059.5	5072.0	3693.5	3029.0	1735.0	3738.0	2988.0	2858.5	1811.5	3168.5	2265.0	3852.5	4493.0	4557.5	3949.5	2343.5	4642.5	2958.5	3797.5	2576.5	1791.0	3673.5	1660.5	1810.0	1435.0	1624.5	1718.0	3372.5	4060.0	3636.0	8165.0	4920.5	6590.0	6831.5	4018.5	4331.5	2207.5	5134.5	4378.0	3891.0	2397.0	3812.5	2203.5	3391.0	3997.5	4262.0	85.0	2758.5	58.0	3097.5	3225.5	2821.0	1861.0	3758.0	95.0	1937.5	2534.0	2376.0	2325.5	3876.0	3463.0	4452.0
TAA	238.0	108.5	241.0	143.0	92.5	74.5	42.0	94.0	106.5	80.5	74.0	82.0	69.0	85.0	110.0	113.5	113.0	66.0	112.0	80.0	79.5	55.0	34.0	68.0	46.0	45.0	40.0	44.0	46.0	73.0	80.0	79.0	189.0	115.0	159.0	154.0	79.0	82.0	46.5	99.0	95.5	77.0	58.0	71.5	53.5	68.0	84.5	85.0	0.0	78.0	0.0	85.0	85.5	80.0	49.0	101.0	0.0	60.0	78.0	63.0	69.0	99.5	91.0	126.0
TAC	5132.5	5769.0	7336.5	4264.5	3016.5	3941.0	2091.0	2684.0	2370.0	3486.5	1992.5	2275.5	1801.5	5245.0	4718.0	3578.0	3344.5	3419.5	5132.5	2549.0	3161.0	3423.0	2135.0	2979.5	1631.0	2792.0	1705.5	1558.5	1546.5	4508.5	4339.5	2808.0	5869.5	6616.5	7733.0	5626.0	3428.0	5163.5	2270.5	3894.5	3610.0	4934.5	2359.5	3024.0	1593.0	4159.5	4182.0	2758.5	78.0	4742.0	61.0	3072.0	2471.5	3455.0	1880.5	2730.5	91.5	2578.0	3037.0	1965.5	1652.0	5294.5	3184.5	3515.5
TAG	128.0	78.0	197.5	82.0	57.0	55.0	42.0	62.0	63.0	74.0	76.0	59.0	40.0	66.0	87.0	70.0	65.0	53.0	106.0	53.0	50.0	42.0	36.0	51.5	36.0	42.0	43.0	35.0	31.0	60.0	77.0	57.5	109.0	98.0	159.0	106.0	60.5	67.0	43.0	75.0	69.0	71.0	63.0	55.5	36.0	56.0	77.0	58.0	0.0	61.0	0.0	57.0	54.0	53.0	47.0	65.0	0.0	43.0	67.0	44.0	39.0	79.5	73.0	80.0
TAT	5748.0	3983.0	5310.5	4848.0	3311.5	2454.5	1385.5	3004.0	2695.0	2289.0	1664.0	2640.0	2185.0	3381.5	4215.5	4004.5	3621.0	2168.5	3980.0	2870.0	3520.0	2009.5	1453.0	3014.5	1546.5	1562.0	1255.0	1353.5	1627.5	2679.5	3268.5	2914.0	6425.0	4209.0	5082.5	5925.0	3358.0	3030.0	1499.5	3817.0	3688.5	2943.5	1798.5	2879.0	1789.5	2635.0	3355.5	3097.5	85.0	3072.0	57.0	3541.0	2801.5	2270.0	1420.0	3074.0	91.0	1893.5	2466.0	2333.0	2192.0	3589.5	3305.0	4095.5
TCA	6176.5	3748.5	4480.0	4731.5	4565.5	2993.0	1833.0	3732.0	2700.5	2925.5	1550.0	3357.5	2484.5	3606.5	4288.5	4160.0	3756.0	2052.0	3571.5	2665.0	4616.5	2557.0	1953.0	3596.5	1501.5	1515.5	1178.0	1279.5	1919.5	3119.0	3417.5	3324.0	6710.0	4163.0	4555.0	5897.0	4131.5	3539.5	1841.5	4253.5	3581.0	2996.5	1691.0	2857.5	2088.0	2750.0	3297.0	3225.5	85.5	2471.5	54.0	2801.5	4990.0	3480.0	2416.5	4610.5	103.0	1610.5	2287.0	2043.5	2611.0	3573.5	3676.5	4008.0
TCC	4216.5	4680.5	5367.5	3724.0	3158.5	4488.5	2300.5	3067.5	1921.0	3511.5	1578.0	2359.5	1894.0	5298.5	4298.5	3504.5	3235.5	2841.0	3966.5	2109.5	3406.0	3996.5	2505.5	3360.0	1567.0	2666.5	1413.0	1522.0	1682.5	5331.5	4074.0	3088.0	4838.0	5513.5	5566.5	4966.0	3530.5	5578.0	2440.5	4031.5	2957.0	4321.0	1991.5	2906.5	1579.0	4249.5	3675.0	2821.0	80.0	3455.0	53.0	2270.0	3480.0	5928.0	2931.5	4008.5	88.5	2067.0	2409.5	1472.0	1800.5	5226.0	3081.0	3278.0
TCG	2201.0	2645.0	3747.5	2074.0	2106.5	2445.0	1798.0	1952.5	1272.5	2567.0	1312.5	1647.5	1098.5	2694.0	3109.0	2069.0	2092.5	1701.5	3258.0	1486.5	2372.5	2497.0	2173.5	2275.0	1101.0	1639.5	1329.0	1073.5	1076.5	2653.0	3600.0	1934.0	2913.5	3097.5	4190.5	3232.0	2359.5	3227.5	2086.5	2696.5	2024.0	2741.5	1723.5	1995.5	970.5	2086.0	2985.0	1861.0	49.0	1880.5	47.0	1420.0	2416.5	2931.5	2587.0	2543.0	70.5	1350.0	1892.5	941.0	934.5	2841.0	2332.0	2082.5
TCT	5983.0	4049.0	5154.5	5015.5	4156.5	3371.5	1882.0	3925.0	2885.5	3163.5	1631.5	3423.5	2583.0	4137.5	4361.5	4464.5	4050.5	2275.5	3862.5	2787.0	4401.5	3024.5	2079.0	4162.5	1755.0	1921.0	1380.5	1587.5	1969.0	3850.5	3704.5	3787.5	6710.5	4699.5	5141.0	6515.5	4128.0	4067.0	2074.0	4785.0	3806.0	3489.5	1931.5	3516.5	2207.0	3431.5	3487.0	3758.0	101.0	2730.5	65.0	3074.0	4610.5	4008.5	2543.0	5396.0	109.0	1725.5	2343.0	2087.0	2662.5	4105.0	3795.5	4396.0
TGA	222.5	122.0	279.0	136.0	100.5	88.0	65.0	94.0	119.0	113.0	124.5	100.0	70.0	104.5	137.5	110.5	117.5	84.0	140.5	90.0	89.0	63.0	58.0	80.0	70.0	67.0	77.0	53.0	49.0	89.0	109.0	91.0	194.0	147.0	224.5	177.0	109.0	98.5	70.0	126.0	124.5	108.0	110.0	95.0	54.0	88.5	116.0	95.0	0.0	91.5	0.0	91.0	103.0	88.5	70.5	109.0	2.0	79.5	123.5	76.5	67.0	127.0	117.0	129.0
TGC	3484.5	3352.0	4386.5	2667.5	1864.5	2101.0	1405.5	1726.0	1484.5	2167.0	1220.5	1602.5	1227.0	3012.0	2999.5	2340.5	2095.5	1939.5	2869.5	1555.0	1892.0	1620.0	1331.5	1739.5	1094.5	1623.0	1039.0	1048.0	989.0	2688.0	2518.0	1764.0	3892.5	3628.5	4697.0	3451.5	2281.0	2948.5	1591.0	2724.0	2325.0	2793.0	1495.0	2015.0	1121.5	2582.5	2874.5	1937.5	60.0	2578.0	43.0	1893.5	1610.5	2067.0	1350.0	1725.5	79.5	2273.0	1970.0	1798.5	1124.0	3406.5	2101.0	2375.5
TGG	4841.0	4005.5	6136.5	3545.0	2607.5	2695.5	1927.0	2298.0	2265.0	2751.0	1920.5	2099.0	1686.0	3699.5	3812.0	3109.5	3008.0	2349.0	4382.0	2226.5	2725.5	2367.5	1994.0	2376.5	1746.5	2319.5	1738.5	1560.0	1355.0	3289.0	3880.5	2447.0	5291.5	5012.5	6591.0	5141.0	3032.5	3602.5	2187.0	3352.0	3239.0	3825.0	2346.0	2739.0	1529.0	3139.0	3672.5	2534.0	78.0	3037.0	67.0	2466.0	2287.0	2409.5	1892.5	2343.0	123.5	1970.0	3450.0	1663.5	1600.5	3987.0	2991.0	3152.0
TGT	4014.5	2467.5	3399.0	3252.5	2296.0	1485.0	982.5	1938.0	1782.0	1638.0	1054.5	1990.0	1576.5	2135.0	2726.0	2879.0	2408.0	1454.5	2488.5	1971.5	2232.0	1202.0	984.5	1980.0	1106.5	947.5	844.5	1093.0	1083.0	1755.0	2264.5	2006.0	4795.0	2534.0	3475.0	4146.0	2493.0	1996.5	1104.5	2786.0	2510.5	1818.0	1218.0	2221.5	1439.0	1754.5	2708.5	2376.0	63.0	1965.5	44.0	2333.0	2043.5	1472.0	941.0	2087.0	76.5	1798.5	1663.5	2234.0	1561.0	2399.0	2390.5	3068.5
TTA	4916.5	2813.0	4226.5	3932.5	2747.5	1691.0	858.0	2416.5	2468.0	1746.0	1310.5	2217.5	1712.0	2109.0	2938.5	2918.0	3203.0	1369.0	3137.0	2187.5	2624.5	1172.0	771.5	2240.0	1070.0	776.5	791.0	890.0	1295.5	1620.0	2223.0	2215.5	5930.5	2882.0	3892.0	4576.0	2837.0	2017.5	892.0	2988.0	2759.5	1723.5	1215.0	1971.5	1468.0	1570.0	2209.5	2325.5	69.0	1652.0	39.0	2192.0	2611.0	1800.5	934.5	2662.5	67.0	1124.0	1600.5	1561.0	1848.0	2162.5	2510.0	2944.5
TTC	6868.0	7553.5	9591.0	5746.5	4031.0	5522.0	2887.0	3907.5	2936.0	4630.0	2522.0	2905.0	2310.5	7077.0	6118.5	4811.5	4491.5	4302.5	6772.0	3312.0	4029.5	4562.5	2901.0	4062.5	2291.0	3907.0	2313.5	2170.0	1994.0	6549.0	5640.5	3990.5	7833.5	8568.5	10248.5	7820.0	4595.5	7293.5	3086.0	5627.0	4679.5	6664.0	3208.5	4212.5	2098.5	5855.5	5649.5	3876.0	99.5	5294.5	79.5	3589.5	3573.5	5226.0	2841.0	4105.0	127.0	3406.5	3987.0	2399.0	2162.5	7943.0	4278.5	4681.5
TTG	7632.0	5138.5	8233.5	5708.0	4050.5	3204.5	2231.0	3527.5	3515.5	3290.5	2473.5	3437.5	2318.5	4069.0	5110.0	4474.0	4394.5	2765.0	5832.5	3211.5	3810.5	2456.0	2123.5	3251.0	1925.5	2077.5	2015.5	1778.5	1807.0	3432.0	4885.5	3450.5	8542.5	5564.0	8419.0	6868.0	4270.0	4425.0	2614.5	4922.0	4040.0	3867.5	2667.0	3498.5	2057.0	3329.0	4607.5	3463.0	91.0	3184.5	73.0	3305.0	3676.5	3081.0	2332.0	3795.5	117.0	2101.0	2991.0	2390.5	2510.0	4278.5	4558.0	4453.0
TTT	8408.0	5169.5	7366.5	6803.0	4515.5	3311.5	1976.5	3978.0	3696.0	3329.0	2191.0	3606.5	2945.5	4334.5	5311.5	5554.0	4906.0	2834.0	5065.5	3609.0	4348.0	2738.5	1963.5	3790.5	2155.5	2267.5	1784.5	1923.0	2009.5	3875.5	4490.5	4012.5	9239.0	5878.0	7497.5	8468.0	4605.0	4563.0	2119.0	5205.5	4898.5	4442.5	2578.5	4230.0	2514.5	3841.5	4819.0	4452.0	126.0	3515.5	80.0	4095.5	4008.0	3278.0	2082.5	4396.0	129.0	2375.5	3152.0	3068.5	2944.5	4681.5	4453.0	6288.0
End	725.0	416.5	650.0	360.0	252.5	173.5	127.0	201.0	277.5	256.0	222.5	224.5	213.5	286.5	396.5	318.5	308.0	247.0	406.5	239.0	211.0	149.5	115.0	216.0	150.0	147.0	146.0	113.0	185.0	270.5	376.5	277.0	479.0	378.0	529.0	379.0	309.0	277.5	147.0	328.0	211.0	226.0	161.5	199.0	210.0	269.0	341.0	308.5	4346.0	301.5	3361.5	256.0	285.5	218.5	146.5	291.0	5105.0	215.0	271.5	198.0	252.0	381.0	361.0	392.0
