Proteome_ID	M	W	C	D	E	F	H	K	N	Q	Y	I	A	G	P	T	V	L	R	S
UP000001015	0.018867388506624887	0.009347762911493446	0.028215151418118332	0.028215151418118332	0.08516420207539867	0.05694905065728034	0.028215151418118332	0.05694905065728034	0.05694905065728034	0.028215151418118332	0.05694905065728034	0.0950307128079358	0.02795814013962224	0.02795814013962224	0.02795814013962224	0.056430302836236665	0.056430302836236665	0.11337935349351701	0.05617329155774058	0.084645454254355
UP000007478	0.018590864474135414	0.011427412107954792	0.030018276582090206	0.030018276582090206	0.07885398027534143	0.048835703693251235	0.030018276582090206	0.048835703693251235	0.048835703693251235	0.030018276582090206	0.048835703693251235	0.07908054291236707	0.036903202403670524	0.036903202403670524	0.036903202403670524	0.06003655316418041	0.06003655316418041	0.10887225685743164	0.06692147898576073	0.09005482974627063
UP000000674	0.013915554021584727	0.017380849553637365	0.03129640357522209	0.03129640357522209	0.05635310712060086	0.025056703545378773	0.03129640357522209	0.025056703545378773	0.025056703545378773	0.03129640357522209	0.025056703545378773	0.036197853069172815	0.0781798671137503	0.0781798671137503	0.0781798671137503	0.06259280715044419	0.06259280715044419	0.08764951069582295	0.1094762706889724	0.09388921072566628
UP000001931	0.018806858714083486	0.008523468065306647	0.027330326779390134	0.027330326779390134	0.08763413626298097	0.06030380948359085	0.027330326779390134	0.06030380948359085	0.06030380948359085	0.027330326779390134	0.06030380948359085	0.10180076025309821	0.02477278859377863	0.02477278859377863	0.02477278859377863	0.05466065355878027	0.05466065355878027	0.11496446304237112	0.05210311537316877	0.08199098033817041
UP000000641	0.01400757207924762	0.017324950229168547	0.03133252230841617	0.03133252230841617	0.05666549924943199	0.02533297694101582	0.03133252230841617	0.02533297694101582	0.02533297694101582	0.03133252230841617	0.02533297694101582	0.03665838180278402	0.0775058499041156	0.0775058499041156	0.0775058499041156	0.06266504461683234	0.06266504461683234	0.08799802155784815	0.10883837221253177	0.09399756692524851
UP000002518	0.013203833114995681	0.017770535019348936	0.030974368134344617	0.030974368134344617	0.05398889117729295	0.023014523042948334	0.030974368134344617	0.023014523042948334	0.023014523042948334	0.030974368134344617	0.023014523042948334	0.03282521297090099	0.08337443965547377	0.08337443965547377	0.08337443965547377	0.061948736268689235	0.061948736268689235	0.08496325931163758	0.1143488077898184	0.09292310440303386
UP000001826	0.01184431936078099	0.018318906881293298	0.030163226242074286	0.030163226242074286	0.04966563907039886	0.01950241282832457	0.030163226242074286	0.01950241282832457	0.01950241282832457	0.030163226242074286	0.01950241282832457	0.02716050629586815	0.09330334921524894	0.09330334921524894	0.09330334921524894	0.06032645248414857	0.06032645248414857	0.07982886531247314	0.12346657545732323	0.09048967872622286
UP000005223	0.015608512683023634	0.016120974428482062	0.031729487111505694	0.031729487111505694	0.062450341127053194	0.030720854015547493	0.031729487111505694	0.030720854015547493	0.030720854015547493	0.031729487111505694	0.030720854015547493	0.04583319534807136	0.06554247169363817	0.06554247169363817	0.06554247169363817	0.06345897422301139	0.06345897422301139	0.09417982823855887	0.09727195880514387	0.0951884613345171
UP000000536	0.014068959381246077	0.017286928807944094	0.03135588818919017	0.03135588818919017	0.05687486395392433	0.02551897576473416	0.03135588818919017	0.02551897576473416	0.02551897576473416	0.03135588818919017	0.02551897576473416	0.036968992148222246	0.07705573555908252	0.07705573555908252	0.07705573555908252	0.06271177637838034	0.06271177637838034	0.0882307521431145	0.10841162374827269	0.09406766456757051
UP000002199	0.016350869118700206	0.015380386057852025	0.03173125517655223	0.03173125517655223	0.06546471273817228	0.033733457561620044	0.03173125517655223	0.033733457561620044	0.033733457561620044	0.03173125517655223	0.033733457561620044	0.05111604600453989	0.05969578145022605	0.05969578145022605	0.05969578145022605	0.06346251035310446	0.06346251035310446	0.09719596791472451	0.09142703662677829	0.0951937655296567
UP000002439	0.015278755806406818	0.016408383511314194	0.03168713931772101	0.03168713931772101	0.06119279193153389	0.029505652613812876	0.03168713931772101	0.029505652613812876	0.029505652613812876	0.03168713931772101	0.029505652613812876	0.04373254942121893	0.0680598264530919	0.0680598264530919	0.0680598264530919	0.06337427863544202	0.06337427863544202	0.09287993124925491	0.09974696577081292	0.09506141795316303
UP000001024	0.01652528243247	0.015184323610517735	0.03170960604298773	0.03170960604298773	0.0662195525591278	0.03450994651614006	0.03170960604298773	0.03450994651614006	0.03450994651614006	0.03170960604298773	0.03450994651614006	0.052494610599810115	0.05827300340388644	0.05827300340388644	0.05827300340388644	0.06341921208597547	0.06341921208597547	0.09792915860211554	0.08998260944687417	0.09512881812896319
UP000000578	0.018865922686428574	0.009267534034695128	0.028133456721123704	0.028133456721123704	0.08540474565469218	0.05727128893356847	0.028133456721123704	0.05727128893356847	0.05727128893356847	0.028133456721123704	0.05727128893356847	0.09567665518070836	0.02764007591997543	0.02764007591997543	0.02764007591997543	0.05626691344224741	0.05626691344224741	0.11353820237581587	0.05577353264109913	0.08440037016337112
UP000001686	0.015795746335667882	0.01594714858633165	0.03174289492199953	0.03174289492199953	0.06318442275584805	0.03144152783384852	0.03174289492199953	0.03144152783384852	0.03144152783384852	0.03174289492199953	0.03144152783384852	0.04708730933202916	0.06409430122822182	0.06409430122822182	0.06409430122822182	0.06348578984399907	0.06348578984399907	0.09492731767784761	0.09583719615022135	0.09522868476599862
UP000002698	0.01021472795204777	0.01865580975399232	0.02887053770604009	0.02887053770604009	0.04467819721722413	0.015807659511184048	0.02887053770604009	0.015807659511184048	0.015807659511184048	0.02887053770604009	0.015807659511184048	0.021400591070320323	0.10545621214148354	0.10545621214148354	0.10545621214148354	0.05774107541208018	0.05774107541208018	0.07354873492326422	0.13432674984752363	0.08661161311812027
UP000001975	0.01630670432467665	0.01542856264296905	0.0317352669676457	0.0317352669676457	0.06527679815764965	0.03354153119000395	0.0317352669676457	0.03354153119000395	0.03354153119000395	0.0317352669676457	0.03354153119000395	0.050776358055331254	0.06005254583057844	0.06005254583057844	0.06005254583057844	0.0634705339352914	0.0634705339352914	0.09701206512529537	0.09178781279822414	0.0952058009029371
UP000001013	0.018025351077537822	0.012923369501214527	0.030948720578752347	0.030948720578752347	0.07411560161393464	0.04316688103518229	0.030948720578752347	0.04316688103518229	0.04316688103518229	0.030948720578752347	0.04316688103518229	0.06830841099282677	0.04437769338401052	0.04437769338401052	0.04437769338401052	0.061897441157504694	0.061897441157504694	0.105064322192687	0.07532641396276286	0.09284616173625705
UP000000590	0.018821188467075433	0.010246121864248413	0.029067310331323842	0.029067310331323842	0.08246130009888017	0.05339398976755633	0.029067310331323842	0.05339398976755633	0.05339398976755633	0.029067310331323842	0.05339398976755633	0.08796679106803722	0.03164807625636082	0.03164807625636082	0.03164807625636082	0.058134620662647685	0.058134620662647685	0.11152861043020401	0.06071538658768466	0.08720193099397154
UP000001974	0.018791567559734	0.010474026508032818	0.02926559406776682	0.02926559406776682	0.08177132218277795	0.052505728115011155	0.02926559406776682	0.052505728115011155	0.052505728115011155	0.02926559406776682	0.052505728115011155	0.0862198886702883	0.03262405938884395	0.03262405938884395	0.03262405938884395	0.05853118813553364	0.05853118813553364	0.11103691625054478	0.06188965345661076	0.08779678220330046
UP000001018	0.018739325179143108	0.010786874521494384	0.029526199700637492	0.029526199700637492	0.0808201177296303	0.0512939180289928	0.029526199700637492	0.0512939180289928	0.0512939180289928	0.029526199700637492	0.0512939180289928	0.0838485108788425	0.0339921964342502	0.0339921964342502	0.0339921964342502	0.059052399401274984	0.059052399401274984	0.11034631743026778	0.06351839613488769	0.08857859910191247
UP000001137	0.01709892821071278	0.01446387995775438	0.03156280816846716	0.03156280816846716	0.06887576932255778	0.037312961154090614	0.03156280816846716	0.037312961154090614	0.037312961154090614	0.03156280816846716	0.037312961154090614	0.05752699409746845	0.05339757707062833	0.05339757707062833	0.05339757707062833	0.06312561633693432	0.06312561633693432	0.10043857749102493	0.08496038523909549	0.09468842450540148
UP000000554	0.009065635610828529	0.018680865715323403	0.02774650132615193	0.02774650132615193	0.04121159841166509	0.013465097085513165	0.02774650132615193	0.013465097085513165	0.013465097085513165	0.02774650132615193	0.013465097085513165	0.0178645585601978	0.11435020942707308	0.11435020942707308	0.11435020942707308	0.05549300265230386	0.05549300265230386	0.06895809973781701	0.14209671075322503	0.0832395039784558
UP000000365	0.015024387947116262	0.01661496036885325	0.03163934831596951	0.03163934831596951	0.06024981941791621	0.0286104711019467	0.03163934831596951	0.0286104711019467	0.0286104711019467	0.03163934831596951	0.0286104711019467	0.04219655425677714	0.06997776151900763	0.06997776151900763	0.06997776151900763	0.06327869663193902	0.06327869663193902	0.09188916773388572	0.10161710983497714	0.09491804494790854
UP000008243	0.010040384650497293	0.018671193013264586	0.028711577663761877	0.028711577663761877	0.044151152599439324	0.015439574935677443	0.028711577663761877	0.015439574935677443	0.015439574935677443	0.028711577663761877	0.015439574935677443	0.020838765220857595	0.10678463563622194	0.10678463563622194	0.10678463563622194	0.057423155327523755	0.057423155327523755	0.0728627302632012	0.13549621329998382	0.08613473299128564
UP000000805	0.01882845946593661	0.008700233103520355	0.027528692569456968	0.027528692569456968	0.0871044379577642	0.05957574538830724	0.027528692569456968	0.05957574538830724	0.05957574538830724	0.027528692569456968	0.05957574538830724	0.10032303131067787	0.02544085381204184	0.02544085381204184	0.02544085381204184	0.055057385138913936	0.055057385138913936	0.11463313052722118	0.05296954638149881	0.0825860777083709
UP000001400	0.018063094478649705	0.012844313889754337	0.030907408368404044	0.030907408368404044	0.07437282366738882	0.04346541529898477	0.030907408368404044	0.04346541529898477	0.04346541529898477	0.030907408368404044	0.04346541529898477	0.06886773611931983	0.04395530954807671	0.04395530954807671	0.04395530954807671	0.06181481673680809	0.06181481673680809	0.10528023203579284	0.07486271791648075	0.09272222510521212
UP000002408	0.013214662392205747	0.017765154526441194	0.03097981691864694	0.03097981691864694	0.05402424475871672	0.023044427840069777	0.03097981691864694	0.023044427840069777	0.023044427840069777	0.03097981691864694	0.023044427840069777	0.03287419328793381	0.08329554224332412	0.08329554224332412	0.08329554224332412	0.06195963383729388	0.06195963383729388	0.08500406167736367	0.11427535916197108	0.09293945075594082
UP000000254	0.018647659600543074	0.011209318121312994	0.02985697772185607	0.02985697772185607	0.07952661428962922	0.04966963656777315	0.02985697772185607	0.04966963656777315	0.04966963656777315	0.02985697772185607	0.04966963656777315	0.08069161353500322	0.035894730877165174	0.035894730877165174	0.035894730877165174	0.05971395544371214	0.05971395544371214	0.10938359201148527	0.06575170859902124	0.08957093316556819
UP000000663	0.012899918014708528	0.01791484820959946	0.03081476622430799	0.03081476622430799	0.053003508952420106	0.02218874272811212	0.03081476622430799	0.02218874272811212	0.02218874272811212	0.03081476622430799	0.02218874272811212	0.03147756744151571	0.08558842915022097	0.08558842915022097	0.08558842915022097	0.06162953244861598	0.06162953244861598	0.08381827517672809	0.11640319537452895	0.09244429867292396
UP000002613	0.017287816068837825	0.014195803552931038	0.03148361962176886	0.03148361962176886	0.06982474086742138	0.038341121245652504	0.03148361962176886	0.038341121245652504	0.038341121245652504	0.03148361962176886	0.038341121245652504	0.05939442642246718	0.05170523303882895	0.05170523303882895	0.05170523303882895	0.06296723924353773	0.06296723924353773	0.10130836048919022	0.0831888526605978	0.09445085886530658
UP000002487	0.016424575527381576	0.015298682919980225	0.0317232584473618	0.0317232584473618	0.06578116114844039	0.03405790270107859	0.0317232584473618	0.03405790270107859	0.03405790270107859	0.0317232584473618	0.03405790270107859	0.05169122987477562	0.059097304690241	0.059097304690241	0.059097304690241	0.0634465168947236	0.0634465168947236	0.0975044195958022	0.0908205631376028	0.09516977534208541
UP000007722	0.018851957241943905	0.008965643103792956	0.027817600345736857	0.027817600345736857	0.08630935673401631	0.05849175638827946	0.027817600345736857	0.05849175638827946	0.05849175638827946	0.027817600345736857	0.05849175638827946	0.09813155553461501	0.026459075150979627	0.026459075150979627	0.026459075150979627	0.055635200691473714	0.055635200691473714	0.11412695707975318	0.054276675496716484	0.08345280103721057
UP000002071	0.010770681544175138	0.018579855978961682	0.029350537523136818	0.029350537523136818	0.0463649478161996	0.017014410293062776	0.029350537523136818	0.017014410293062776	0.017014410293062776	0.029350537523136818	0.017014410293062776	0.023258139041950416	0.10126169970737098	0.10126169970737098	0.10126169970737098	0.058701075046273636	0.058701075046273636	0.07571548533933642	0.1306122372305078	0.08805161256941045
UP000002376	0.016547022413087007	0.015159209496171392	0.0317062319092584	0.0317062319092584	0.06631514276107671	0.034608910851818296	0.0317062319092584	0.034608910851818296	0.034608910851818296	0.0317062319092584	0.034608910851818296	0.05267079929054958	0.05809400626260155	0.05809400626260155	0.05809400626260155	0.0634124638185168	0.0634124638185168	0.09802137467033509	0.08980023817185995	0.09511869572777518
UP000001941	0.016133061373683255	0.015612560368348061	0.03174562174203132	0.03174562174203132	0.06454959827289132	0.03280397653086	0.03174562174203132	0.03280397653086	0.03280397653086	0.03174562174203132	0.03280397653086	0.04947489168803675	0.06144282531357555	0.06144282531357555	0.06144282531357555	0.06349124348406264	0.06349124348406264	0.09629522001492265	0.09318844705560686	0.09523686522609394
UP000000391	0.018557624932236425	0.0115447960730316	0.030102421005268023	0.030102421005268023	0.07849040768205186	0.04838798667678384	0.030102421005268023	0.04838798667678384	0.04838798667678384	0.030102421005268023	0.04838798667678384	0.07821834842133125	0.03745374885841935	0.03745374885841935	0.03745374885841935	0.060204842010536046	0.060204842010536046	0.10859282868731988	0.06755616986368737	0.09030726301580408
UP000009079	0.018307768893941773	0.012277157497499542	0.030584926391441315	0.030584926391441315	0.0761933470805764	0.045608420689135086	0.030584926391441315	0.045608420689135086	0.045608420689135086	0.030584926391441315	0.045608420689135086	0.0729090724843284	0.041020395279450006	0.041020395279450006	0.041020395279450006	0.06116985278288263	0.06116985278288263	0.10677827347201772	0.07160532167089133	0.09175477917432394
UP000000242	0.01682932650468398	0.014818279917604905	0.031647606422288886	0.031647606422288886	0.06759023299797308	0.035942626575684186	0.031647606422288886	0.035942626575684186	0.035942626575684186	0.031647606422288886	0.035942626575684186	0.055055926646684385	0.05573165278564706	0.05573165278564706	0.05573165278564706	0.06329521284457777	0.06329521284457777	0.09923783942026194	0.08737925920793595	0.09494281926686665
UP000002654	0.011264472581606426	0.018478461940021455	0.029742934521627882	0.029742934521627882	0.04787423091971996	0.018131296398092075	0.029742934521627882	0.018131296398092075	0.018131296398092075	0.029742934521627882	0.018131296398092075	0.024998120214577726	0.09758178726270592	0.09758178726270592	0.09758178726270592	0.059485869043255764	0.059485869043255764	0.07761716544134784	0.12732472178433382	0.08922880356488365
UP000002593	0.014844737011848522	0.01675344238608105	0.031598179397929575	0.031598179397929575	0.059596405219578055	0.02799822582164848	0.031598179397929575	0.02799822582164848	0.02799822582164848	0.031598179397929575	0.02799822582164848	0.041151714631448434	0.0713220150179469	0.0713220150179469	0.0713220150179469	0.06319635879585915	0.06319635879585915	0.09119458461750762	0.10292019441587649	0.09479453819378872
UP000001746	0.010001962911992603	0.018674035848977553	0.028675998760970156	0.028675998760970156	0.04403509298094153	0.015359094219971371	0.028675998760970156	0.015359094219971371	0.015359094219971371	0.028675998760970156	0.015359094219971371	0.020716225527950143	0.10707830724417479	0.10707830724417479	0.10707830724417479	0.05735199752194031	0.05735199752194031	0.07271109174191169	0.13575430600514493	0.08602799628291045
UP000001059	0.01761454508953203	0.01368454258345467	0.031299087672986704	0.031299087672986704	0.07158682017956051	0.04028773250657381	0.031299087672986704	0.04028773250657381	0.04028773250657381	0.031299087672986704	0.04028773250657381	0.0629609199236156	0.04863182056728855	0.04863182056728855	0.04863182056728855	0.06259817534597341	0.06259817534597341	0.10288590785254721	0.07993090824027524	0.09389726301896008
UP000000262	0.013440106773273102	0.017649357742398203	0.03108946451567131	0.03108946451567131	0.05476430462675008	0.023674840111078774	0.03108946451567131	0.023674840111078774	0.023674840111078774	0.03108946451567131	0.023674840111078774	0.03390957344888445	0.08165248840847551	0.08165248840847551	0.08165248840847551	0.06217892903134262	0.06217892903134262	0.08585376914242139	0.11274195292414682	0.09326839354701393
UP000001879	0.012460618636072994	0.01810106809504342	0.030561686731116408	0.030561686731116408	0.05160008740625958	0.02103840067514317	0.030561686731116408	0.02103840067514317	0.02103840067514317	0.030561686731116408	0.02103840067514317	0.029616182714213343	0.08879160638426625	0.08879160638426625	0.08879160638426625	0.061123373462232816	0.061123373462232816	0.08216177413737599	0.11935329311538266	0.09168506019334922
UP000000740	0.008978613590798965	0.018675259678788945	0.027653873269587907	0.027653873269587907	0.040949187318610844	0.013295314049022938	0.027653873269587907	0.013295314049022938	0.013295314049022938	0.027653873269587907	0.013295314049022938	0.01761201450724691	0.11503853222130223	0.11503853222130223	0.11503853222130223	0.05530774653917581	0.05530774653917581	0.06860306058819875	0.1426924054908901	0.08296161980876371
UP000008680	0.018718800963456534	0.010891885700244922	0.029610686663701456	0.029610686663701456	0.08049962961658616	0.0508889429528847	0.029610686663701456	0.0508889429528847	0.0508889429528847	0.029610686663701456	0.0508889429528847	0.08305908494231284	0.0344590676802889	0.0344590676802889	0.0344590676802889	0.05922137332740291	0.05922137332740291	0.11011031628028761	0.06406975434399036	0.08883205999110438
UP000000792	0.018816287870002512	0.010287946993867387	0.0291042348638699	0.0291042348638699	0.08233484168573457	0.05323060682186465	0.0291042348638699	0.05323060682186465	0.05323060682186465	0.0291042348638699	0.05323060682186465	0.08764492577372679	0.03182591886829171	0.03182591886829171	0.03182591886829171	0.0582084697277398	0.0582084697277398	0.11143907654960446	0.0609301537321616	0.0873127045916097
UP000002457	0.012924864072011233	0.01790348512612677	0.030828349198138004	0.030828349198138004	0.05308391676743568	0.022255567569297672	0.030828349198138004	0.022255567569297672	0.022255567569297672	0.030828349198138004	0.022255567569297672	0.03158627106658411	0.08540668408685546	0.08540668408685546	0.08540668408685546	0.06165669839627601	0.06165669839627601	0.08391226596557368	0.11623503328499347	0.092485047594414
UP000000758	0.012504692251255178	0.018083560424481164	0.03058825267573634	0.03058825267573634	0.05173987753473808	0.021151624859001735	0.03058825267573634	0.021151624859001735	0.021151624859001735	0.03058825267573634	0.021151624859001735	0.02979855746674829	0.08846991264186498	0.08846991264186498	0.08846991264186498	0.06117650535147268	0.06117650535147268	0.0823281302104744	0.11905816531760131	0.09176475802720903
UP000006565	0.01646753633638038	0.015250290622159225	0.031717826958539606	0.031717826958539606	0.06596730330568766	0.03424947634714805	0.031717826958539606	0.03424947634714805	0.03424947634714805	0.031717826958539606	0.03424947634714805	0.05203141635791572	0.05874662355564061	0.05874662355564061	0.05874662355564061	0.06343565391707921	0.06343565391707921	0.09768513026422726	0.0904644505141802	0.0951534808756188
UP000001169	0.01068395894783842	0.01859437980964807	0.02927833875748649	0.02927833875748649	0.04610108695065748	0.016822748193170988	0.02927833875748649	0.016822748193170988	0.016822748193170988	0.02927833875748649	0.016822748193170988	0.02296153743850356	0.10191213832067164	0.10191213832067164	0.10191213832067164	0.05855667751497298	0.05855667751497298	0.07537942570814396	0.13119047707815812	0.08783501627245946
UP000006681	0.017416676655094412	0.014002053692249048	0.03141873034734346	0.03141873034734346	0.07049941660954481	0.039080686262201354	0.03141873034734346	0.039080686262201354	0.039080686262201354	0.03141873034734346	0.039080686262201354	0.06074469586930829	0.05051787524999706	0.05051787524999706	0.05051787524999706	0.06283746069468692	0.06283746069468692	0.10191814695688828	0.08193660559734053	0.09425619104203038
UP000009227	0.018582348136852143	0.011458125208985507	0.030040473345837652	0.030040473345837652	0.07875896120722202	0.04871848786138437	0.030040473345837652	0.04871848786138437	0.04871848786138437	0.030040473345837652	0.04871848786138437	0.0788546275859166	0.03704671792809372	0.03704671792809372	0.03704671792809372	0.060080946691675303	0.060080946691675303	0.10879943455305967	0.06708719127393137	0.09012142003751294
UP000000346	0.011557837926596608	0.01840320580852911	0.029961043735125717	0.029961043735125717	0.048777596199140835	0.018816552464015115	0.029961043735125717	0.018816552464015115	0.018816552464015115	0.029961043735125717	0.018816552464015115	0.026075267001433627	0.09541217961311606	0.09541217961311606	0.09541217961311606	0.059922087470251434	0.059922087470251434	0.07873863993426655	0.12537322334824177	0.08988313120537715
UP000005877	0.011386269181468857	0.018448575849904135	0.02983484503137299	0.02983484503137299	0.048248601154254785	0.0184137561228818	0.02983484503137299	0.0184137561228818	0.0184137561228818	0.02983484503137299	0.0184137561228818	0.025441243064294742	0.09667967492411168	0.09667967492411168	0.09667967492411168	0.05966969006274598	0.05966969006274598	0.07808344618562779	0.12651451995548468	0.08950453509411899
UP000001304	0.018854307979762553	0.009870828463248429	0.02872513644301098	0.02872513644301098	0.08359313169525502	0.054867995252244034	0.02872513644301098	0.054867995252244034	0.054867995252244034	0.02872513644301098	0.054867995252244034	0.09088168252472552	0.030077040718408637	0.030077040718408637	0.030077040718408637	0.05745027288602196	0.05745027288602196	0.11231826813826601	0.05880217716141962	0.08617540932903296
UP000002315	0.01885338009322816	0.008986876973640602	0.027840257066868764	0.027840257066868764	0.08624574652826807	0.058405489461399285	0.027840257066868764	0.058405489461399285	0.058405489461399285	0.027840257066868764	0.058405489461399285	0.09795759882957042	0.02654133783303343	0.02654133783303343	0.02654133783303343	0.05568051413373753	0.05568051413373753	0.11408600359513682	0.05438159489990219	0.0835207712006063
UP000012076	0.012603748338736833	0.01804326077966537	0.0306470091184022	0.0306470091184022	0.05205484637022727	0.021407837251825063	0.0306470091184022	0.021407837251825063	0.021407837251825063	0.0306470091184022	0.021407837251825063	0.03021192616491329	0.08774722610742527	0.08774722610742527	0.08774722610742527	0.0612940182368044	0.0612940182368044	0.08270185548862949	0.11839423522582747	0.09194102735520662
UP000006663	0.012874401939762479	0.01792638244777054	0.03080078438753302	0.03080078438753302	0.052921347720397645	0.022120563332864624	0.03080078438753302	0.022120563332864624	0.022120563332864624	0.03080078438753302	0.022120563332864624	0.03136672472596677	0.08577433626907928	0.08577433626907928	0.08577433626907928	0.06160156877506604	0.06160156877506604	0.08372213210793066	0.1165751206566123	0.09240235316259907
UP000014070	0.01843023382924716	0.011944909178381013	0.030375143007628173	0.030375143007628173	0.0772420534099797	0.046866910402351504	0.030375143007628173	0.046866910402351504	0.046866910402351504	0.030375143007628173	0.046866910402351504	0.07530358697545586	0.03937316562209611	0.03937316562209611	0.03937316562209611	0.060750286015256345	0.060750286015256345	0.10761719641760785	0.0697483086297243	0.09112542902288452
UP000001901	0.017394781302966695	0.01403564995023645	0.03143043125320315	0.03143043125320315	0.07038306115248243	0.038952629899279285	0.03143043125320315	0.038952629899279285	0.038952629899279285	0.03143043125320315	0.038952629899279285	0.06051047849559188	0.05072171051437053	0.05072171051437053	0.05072171051437053	0.0628608625064063	0.0628608625064063	0.10181349240568559	0.08215214176757368	0.09429129375960943
UP000006794	0.008572381938461299	0.0186345010293254	0.0272068829677867	0.0272068829677867	0.03972279588586542	0.012515912918078723	0.0272068829677867	0.012515912918078723	0.012515912918078723	0.0272068829677867	0.012515912918078723	0.016459443897696147	0.11828373777731108	0.11828373777731108	0.11828373777731108	0.0544137659355734	0.0544137659355734	0.06692967885365213	0.14549062074509778	0.08162064890336011
UP000011511	0.015362583633365966	0.01633748658655807	0.031700070219924034	0.031700070219924034	0.0615085096856274	0.02980843946570336	0.031700070219924034	0.02980843946570336	0.02980843946570336	0.031700070219924034	0.02980843946570336	0.04425429529804076	0.06742348609723862	0.06742348609723862	0.06742348609723862	0.06340014043984807	0.06340014043984807	0.09320857990555143	0.09912355631716266	0.09510021065977212
UP000007807	0.014605346773439618	0.016928924669214102	0.03153427144265372	0.03153427144265372	0.058740309550041246	0.027206038107387524	0.03153427144265372	0.027206038107387524	0.027206038107387524	0.03153427144265372	0.027206038107387524	0.03980672944133543	0.07310217470796998	0.07310217470796998	0.07310217470796998	0.06306854288530744	0.06306854288530744	0.09027458099269497	0.10463644615062372	0.09460281432796118
UP000007490	0.01836205969878111	0.01213492640962925	0.030496986108410357	0.030496986108410357	0.07664374140403131	0.04614675529562095	0.030496986108410357	0.04614675529562095	0.04614675529562095	0.030496986108410357	0.04614675529562095	0.07393145089246078	0.04030905989981194	0.04030905989981194	0.04030905989981194	0.060993972216820715	0.060993972216820715	0.10714072751244165	0.0708060460082223	0.09149095832523106
UP000058290	0.013334431822978013	0.017704539731348955	0.03103897155432697	0.03103897155432697	0.05441642481359855	0.02337745325927158	0.03103897155432697	0.02337745325927158	0.02337745325927158	0.03103897155432697	0.02337745325927158	0.033420474695565146	0.08242281521989345	0.08242281521989345	0.08242281521989345	0.06207794310865394	0.06207794310865394	0.08545539636792553	0.11346178677422043	0.0931169146629809
UP000006622	0.01794852019676695	0.01307875132914897	0.031027271525915917	0.031027271525915917	0.07360730043068682	0.042580028904770896	0.031027271525915917	0.042580028904770896	0.042580028904770896	0.031027271525915917	0.042580028904770896	0.06721153761277483	0.04521798613598628	0.04521798613598628	0.04521798613598628	0.062054543051831834	0.062054543051831834	0.10463457195660272	0.07624525766190221	0.09308181457774775
UP000012672	0.013354212939224471	0.017694332144472427	0.031048545083696897	0.031048545083696897	0.05448140929780776	0.023432864214110862	0.031048545083696897	0.023432864214110862	0.023432864214110862	0.031048545083696897	0.023432864214110862	0.03351151548899725	0.0822786444717968	0.0822786444717968	0.0822786444717968	0.062097090167393794	0.062097090167393794	0.08552995438150467	0.1133271895554937	0.0931456352510907
