	AAA	AAC	AAG	AAT	ACA	ACC	ACG	ACT	AGA	AGC	AGG	AGT	ATA	ATC	ATG	ATT	CAA	CAC	CAG	CAT	CCA	CCC	CCG	CCT	CGA	CGC	CGG	CGT	CTA	CTC	CTG	CTT	GAA	GAC	GAG	GAT	GCA	GCC	GCG	GCT	GGA	GGC	GGG	GGT	GTA	GTC	GTG	GTT	TAA	TAC	TAG	TAT	TCA	TCC	TCG	TCT	TGA	TGC	TGG	TGT	TTA	TTC	TTG	TTT
Start	881439.0	636235.0	947706.0	699227.0	568925.0	532722.0	411897.0	531108.0	474589.0	594205.0	434805.0	505425.0	337642.0	442100.0	14989608.0	510805.0	516428.0	343344.0	657518.0	349386.0	501977.0	497434.0	428445.0	535156.0	242754.0	343174.0	291931.0	250679.0	244614.0	511130.0	645657.0	448701.0	1047951.0	838631.0	1174270.0	935766.0	920359.0	1008950.0	1075782.0	1093404.0	604350.0	591560.0	539342.0	526171.0	277784.0	418125.0	656327.0	488826.0	46631.0	317339.0	23207.0	341469.0	693744.0	753302.0	606945.0	889992.0	39063.0	298570.0	382804.0	306478.0	344493.0	586033.0	534066.0	649403.0
AAA	18908684.0	7837554.0	14142356.0	11883546.0	7487318.0	4741797.0	2784161.0	6449677.0	7081333.0	5024661.0	4390274.0	5836803.0	5921191.0	6308655.0	8242669.0	9327463.0	9043080.0	4063950.0	8284010.0	5630385.0	6701431.0	3657945.0	2486608.0	5847107.0	2970064.0	2447086.0	2189712.0	2770279.0	3659361.0	4964084.0	6945843.0	6676034.0	18838699.0	8193848.0	13019846.0	13306730.0	7320661.0	5499463.0	2753439.0	7740499.0	7001650.0	4656994.0	3683061.0	5446509.0	4146764.0	4596619.0	6439739.0	7171132.0	1440933.0	4770771.0	602088.0	6488634.0	6902008.0	4661706.0	2730351.0	7006926.0	960487.0	3208543.0	4563079.0	4186058.0	6308816.0	6448706.0	7295763.0	9083310.0
AAC	7837554.0	8201120.0	9262329.0	6719001.0	4741705.0	5362203.0	3019692.0	4214327.0	3696892.0	5248797.0	3052740.0	3690867.0	3197030.0	6976824.0	6434412.0	5568052.0	5051535.0	4246522.0	7234942.0	3501174.0	4267531.0	4026480.0	2641544.0	4079167.0	2044928.0	3192279.0	2239622.0	2023100.0	2405282.0	5959543.0	7937472.0	4460751.0	8105193.0	7902036.0	9308980.0	7548220.0	4642418.0	6544003.0	3217806.0	5351901.0	4630385.0	5698175.0	3200750.0	3920409.0	2418801.0	5186582.0	6444008.0	4509346.0	503211.0	5224052.0	277576.0	3849567.0	4128289.0	4790911.0	2764433.0	4540349.0	497459.0	3246730.0	3895436.0	2774925.0	2851579.0	6756537.0	4775751.0	5420169.0
AAG	14142356.0	9262329.0	20217214.0	8879290.0	6363932.0	6369447.0	4090620.0	5789753.0	6264334.0	6753804.0	5801700.0	5239456.0	4422110.0	8484162.0	9478403.0	7881774.0	7304309.0	5408689.0	11566240.0	4945988.0	6275485.0	5422602.0	3891692.0	5938146.0	3142756.0	4599775.0	3838592.0	3110385.0	3361701.0	7241670.0	11220093.0	6348979.0	15705424.0	11488489.0	19858377.0	12346437.0	7396429.0	9195943.0	5187905.0	8521818.0	6805907.0	7672928.0	5256934.0	5814486.0	3528539.0	6573779.0	9605196.0	6700343.0	752507.0	6359302.0	459842.0	5348298.0	5742056.0	5917674.0	3781411.0	6298296.0	771891.0	4017361.0	5501393.0	3626691.0	4094084.0	8387568.0	7454148.0	7628501.0
AAT	11883546.0	6719001.0	8879290.0	12603566.0	6149229.0	3852341.0	2312707.0	5529229.0	4998291.0	4113519.0	3115044.0	5220907.0	5215279.0	5355468.0	6844576.0	8434362.0	6950248.0	3062597.0	6029375.0	4804100.0	5131214.0	2678114.0	1919546.0	4651975.0	2143417.0	1777736.0	1587545.0	2154186.0	2955007.0	3931379.0	5347405.0	5597059.0	11866410.0	6059315.0	8217815.0	10956156.0	5669989.0	4231293.0	2196728.0	6251598.0	5728753.0	3844741.0	2980877.0	4871587.0	3507667.0	3866276.0	5434236.0	6319493.0	1078146.0	4059216.0	435068.0	6016260.0	5923925.0	3762493.0	2373149.0	6060343.0	585884.0	2672535.0	3833535.0	3686927.0	5332903.0	5423571.0	6192558.0	7827468.0
ACA	7487318.0	4741705.0	6363932.0	6149229.0	5930724.0	3763991.0	2167669.0	4396367.0	3933712.0	3593998.0	2662033.0	3667457.0	3314516.0	4092648.0	5098044.0	5039006.0	4945351.0	3272912.0	5418649.0	3382602.0	4977968.0	2931456.0	1894178.0	4165793.0	1676676.0	1618718.0	1396203.0	1591982.0	2192081.0	3375032.0	4690478.0	3826347.0	8085219.0	5078935.0	6645149.0	7057652.0	5062249.0	4010982.0	1977270.0	5019977.0	4630439.0	3470722.0	2645661.0	3618870.0	2606730.0	3176121.0	4472248.0	4253338.0	615950.0	3158363.0	338980.0	3628567.0	4858594.0	3439122.0	1979701.0	4578352.0	715624.0	2293341.0	3014514.0	2680405.0	3162342.0	4092965.0	4063741.0	4898016.0
ACC	4741797.0	5362203.0	6369447.0	3852341.0	3763991.0	5647546.0	2477790.0	3400243.0	2548090.0	4307035.0	2365543.0	2559080.0	1921681.0	5227196.0	4504708.0	3464878.0	3468491.0	3591405.0	5828291.0	2468503.0	3937660.0	4609464.0	2566054.0	3804199.0	1532268.0	2826342.0	1872152.0	1499008.0	1657883.0	5061583.0	6148514.0	3022652.0	5396435.0	6319344.0	7244744.0	5111919.0	3649820.0	6446370.0	2666106.0	4308747.0	3486691.0	5114696.0	2772077.0	2986577.0	1640739.0	4251638.0	4849252.0	2995489.0	305867.0	3800399.0	213492.0	2410313.0	3230332.0	4790231.0	2296244.0	3644619.0	496673.0	2735774.0	2894346.0	1982637.0	1683132.0	5138524.0	3070537.0	3443736.0
ACG	2784161.0	3019692.0	4090620.0	2312707.0	2167669.0	2477790.0	2480762.0	1765944.0	1511269.0	2511010.0	1586942.0	1530361.0	1212841.0	2913099.0	3011223.0	2086470.0	1979293.0	1975704.0	3479872.0	1392339.0	2070707.0	2150731.0	2201329.0	1859415.0	1072178.0	1812343.0	1478991.0	960977.0	936906.0	2614857.0	3811199.0	1647242.0	3320484.0	3866448.0	4970500.0	3176057.0	2307831.0	3415350.0	2867070.0	2409935.0	2158757.0	3130440.0	1975358.0	1760925.0	1050375.0	2418164.0	3514375.0	1849173.0	144440.0	2218755.0	112438.0	1434924.0	1841551.0	2278041.0	2110179.0	1892919.0	284673.0	1570762.0	1877069.0	1107197.0	1022129.0	2954057.0	2130998.0	2138151.0
ACT	6449677.0	4214327.0	5789753.0	5529229.0	4396367.0	3400243.0	1765944.0	5121850.0	3331889.0	3106767.0	2263589.0	3302182.0	2712717.0	3683798.0	4403658.0	4700044.0	4218612.0	2455170.0	4607496.0	3025704.0	4167439.0	2638577.0	1644899.0	4017087.0	1474400.0	1449575.0	1202312.0	1497293.0	1869082.0	3134676.0	3983301.0	3661786.0	6998987.0	4463590.0	5894727.0	6552903.0	4091565.0	3671548.0	1706746.0	5008393.0	4153275.0	3187945.0	2334103.0	3540140.0	2206659.0	2977744.0	3815782.0	4119502.0	527970.0	2800428.0	278021.0	3243043.0	4066326.0	3200364.0	1741932.0	4547495.0	528121.0	1995766.0	2663674.0	2362262.0	2704473.0	3830053.0	3704883.0	4510396.0
AGA	7081333.0	3696892.0	6264334.0	4998291.0	3933712.0	2548090.0	1511269.0	3331889.0	4965710.0	3121712.0	3302069.0	3244471.0	2725737.0	3087614.0	4372882.0	4289008.0	4225415.0	2321032.0	4712212.0	2955648.0	3701082.0	2139384.0	1427587.0	3286007.0	1743584.0	1389102.0	1432760.0	1555991.0	1879709.0	2688732.0	3893922.0	3428404.0	8057055.0	4077756.0	6927491.0	6072418.0	4017725.0	3065245.0	1616745.0	4294117.0	4233983.0	2726705.0	2442237.0	3115794.0	2043671.0	2416683.0	3506871.0	3576880.0	720445.0	2515304.0	415363.0	3147221.0	3763342.0	2691695.0	1516314.0	3805306.0	1005848.0	1971509.0	2949347.0	2337092.0	2815758.0	3367700.0	3690240.0	4322442.0
AGC	5024661.0	5248797.0	6753804.0	4113519.0	3593998.0	4307035.0	2511010.0	3106767.0	3121712.0	6578974.0	3103819.0	3573855.0	1954361.0	4423823.0	4537475.0	3348157.0	3461870.0	3484465.0	6468040.0	2603534.0	3756863.0	4116689.0	2703772.0	3608896.0	1704835.0	3020938.0	2400771.0	1587669.0	1638291.0	4319369.0	6494665.0	3009254.0	5876927.0	6414853.0	8417662.0	5508478.0	3890791.0	5821802.0	3155107.0	4240452.0	3956901.0	5778653.0	3417098.0	3231538.0	1675037.0	3709593.0	5198048.0	3009534.0	391677.0	3568612.0	279149.0	2481536.0	3547257.0	4606397.0	2637795.0	3909220.0	653238.0	2794423.0	3113236.0	2139910.0	1746494.0	4727421.0	3251910.0	3619657.0
AGG	4390274.0	3052740.0	5801700.0	3115044.0	2662033.0	2365543.0	1586942.0	2263589.0	3302069.0	3103819.0	3753126.0	2365950.0	1741215.0	2698252.0	3771791.0	2778981.0	2653703.0	2167616.0	4623081.0	2049128.0	2770422.0	2311335.0	1665734.0	2531426.0	1322968.0	1619877.0	1878189.0	1193281.0	1348383.0	2601488.0	4419943.0	2448119.0	5252785.0	3836030.0	7185736.0	4299359.0	3084256.0	3392711.0	2129556.0	3346617.0	3119051.0	3036257.0	2936964.0	2349822.0	1385062.0	2268992.0	3797224.0	2513556.0	365313.0	2222782.0	296757.0	2045577.0	2576316.0	2510969.0	1506545.0	2696904.0	712461.0	1882663.0	2805322.0	1724460.0	1593461.0	2974447.0	2936620.0	2968019.0
AGT	5836803.0	3690867.0	5239456.0	5220907.0	3667457.0	2559080.0	1530361.0	3302182.0	3244471.0	3573855.0	2365950.0	4168606.0	2451177.0	2950038.0	3938102.0	3998747.0	3654917.0	2048350.0	4249478.0	2718132.0	3374873.0	2042307.0	1390678.0	3120314.0	1401210.0	1294154.0	1246356.0	1376172.0	1627622.0	2379611.0	3611063.0	3025683.0	6619526.0	4048672.0	5778572.0	6170282.0	3572148.0	2937132.0	1567795.0	3975191.0	3929571.0	2990178.0	2412482.0	3404068.0	1996094.0	2384037.0	3601735.0	3505449.0	492878.0	2378438.0	274813.0	2972589.0	3812222.0	2775238.0	1662255.0	3987423.0	545809.0	1745272.0	2438883.0	2253158.0	2503198.0	3142367.0	3380807.0	4070527.0
ATA	5921191.0	3197030.0	4422110.0	5215279.0	3314516.0	1921681.0	1212841.0	2712717.0	2725737.0	1954361.0	1741215.0	2451177.0	3157216.0	2819844.0	3908341.0	4272112.0	3441696.0	1712449.0	3118683.0	2533239.0	2890902.0	1428063.0	1059807.0	2487335.0	1098128.0	863480.0	805852.0	1063862.0	1837235.0	2194482.0	3089868.0	3099430.0	5964395.0	3164557.0	4230234.0	5465241.0	3296079.0	2278875.0	1219407.0	3368420.0	3264734.0	2037762.0	1708557.0	2595481.0	1992644.0	1957088.0	2928893.0	3177725.0	648059.0	2196423.0	299472.0	3320601.0	2993349.0	1839058.0	1189106.0	2905070.0	403944.0	1516883.0	2131785.0	2113678.0	3025037.0	2841513.0	3409567.0	4127672.0
ATC	6308655.0	6976824.0	8484162.0	5355468.0	4092648.0	5227196.0	2913099.0	3683798.0	3087614.0	4423823.0	2698252.0	2950038.0	2819844.0	7874748.0	6446988.0	5349117.0	4251139.0	4260051.0	6896827.0	3297367.0	4017300.0	4222951.0	2728751.0	3946321.0	1956417.0	3234321.0	2242231.0	1929579.0	2357100.0	6736949.0	8542496.0	4442324.0	7014119.0	7768014.0	9145599.0	6877575.0	4485911.0	7181569.0	3371009.0	5352038.0	4601985.0	6085790.0	3337894.0	3946467.0	2147757.0	5488443.0	6528414.0	4140830.0	408573.0	5064841.0	239953.0	3894871.0	3531078.0	4740206.0	2691522.0	4457225.0	435949.0	3273142.0	3766284.0	2595261.0	2523319.0	7064729.0	4680304.0	5109861.0
ATG	8242669.0	6434412.0	9478403.0	6844576.0	5098044.0	4504708.0	3011223.0	4403658.0	4372882.0	4537475.0	3771791.0	3938102.0	3908341.0	6446988.0	9199162.0	6565154.0	5418488.0	4011798.0	7592255.0	3974716.0	4868138.0	3707441.0	2816492.0	4457664.0	2181769.0	2772918.0	2384118.0	2172717.0	2873202.0	5641176.0	8584632.0	5231658.0	9140917.0	7244054.0	10179295.0	8600397.0	5767721.0	6284330.0	3627842.0	6405743.0	5458065.0	5379683.0	3898403.0	4649300.0	2981141.0	4779132.0	7335252.0	5285003.0	585646.0	4992009.0	360200.0	4733473.0	4651742.0	4291353.0	2831099.0	4880974.0	618463.0	3200337.0	4378901.0	3263432.0	3787407.0	6879088.0	6255365.0	6789528.0
ATT	9327463.0	5568052.0	7881774.0	8434362.0	5039006.0	3464878.0	2086470.0	4700044.0	4289008.0	3348157.0	2778981.0	3998747.0	4272112.0	5349117.0	6565154.0	7837090.0	5654087.0	2961561.0	5484950.0	4273113.0	4754910.0	2592492.0	1851700.0	4414690.0	1964419.0	1741421.0	1496894.0	2020435.0	2825005.0	4220844.0	5617925.0	5672608.0	9759039.0	5656172.0	7504201.0	9428088.0	5438308.0	4402675.0	2229787.0	6287034.0	5747932.0	3966711.0	2985351.0	4890282.0	3006874.0	3822766.0	5180143.0	5860488.0	859023.0	3783344.0	379832.0	5105829.0	4820065.0	3384653.0	2118749.0	5173082.0	556741.0	2630967.0	3668954.0	3429482.0	4644779.0	5421279.0	6045486.0	7401333.0
CAA	9043080.0	5051535.0	7304309.0	6950248.0	4945351.0	3468491.0	1979293.0	4218612.0	4225415.0	3461870.0	2653703.0	3654917.0	3441696.0	4251139.0	5418488.0	5654087.0	8637010.0	3187308.0	7304017.0	4210199.0	5084726.0	2945111.0	2062893.0	4440077.0	2238325.0	1977478.0	1584604.0	2087946.0	2619502.0	3941009.0	4639110.0	4740920.0	10162103.0	5126525.0	7447831.0	7671001.0	5076733.0	4198274.0	2143543.0	5457331.0	4606491.0	3411629.0	2390394.0	3720933.0	2620720.0	3316843.0	4044656.0	4609037.0	716146.0	3270647.0	338655.0	4054212.0	4743047.0	3387358.0	2067836.0	4742494.0	723096.0	2170674.0	3037755.0	2585304.0	3746781.0	4308275.0	4664267.0	5285628.0
CAC	4063950.0	4246522.0	5408689.0	3062597.0	3272912.0	3591405.0	1975704.0	2455170.0	2321032.0	3484465.0	2167616.0	2048350.0	1712449.0	4260051.0	4011798.0	2961561.0	3187308.0	4423666.0	5672374.0	2821291.0	3059251.0	3623545.0	2199701.0	3033005.0	1477194.0	2778339.0	1914944.0	1446549.0	1571519.0	4729802.0	5958822.0	2914408.0	4511287.0	5092102.0	6443178.0	4024562.0	2975264.0	4909996.0	2396839.0	3351496.0	2890729.0	4166310.0	2374983.0	2365011.0	1403418.0	3436242.0	4212453.0	2518898.0	327198.0	3340192.0	209394.0	2119275.0	2509745.0	3522303.0	1832203.0	2856319.0	515555.0	2557409.0	2618686.0	1933113.0	1534061.0	4342701.0	2684504.0	3097149.0
CAG	8284010.0	7234942.0	11566240.0	6029375.0	5418649.0	5828291.0	3479872.0	4607496.0	4712212.0	6468040.0	4623081.0	4249478.0	3118683.0	6896827.0	7592255.0	5484950.0	7304017.0	5672374.0	15360606.0	4372219.0	5895507.0	5839427.0	4016587.0	5588000.0	2670038.0	4315219.0	3831840.0	2511663.0	2839221.0	7050216.0	11495677.0	5132647.0	9810333.0	8780048.0	14400652.0	7920296.0	6319115.0	8800921.0	4726101.0	6974317.0	5415313.0	6801144.0	4697505.0	4320841.0	2666622.0	5505013.0	8203082.0	4710158.0	485043.0	5479519.0	361830.0	3978943.0	4758155.0	5615261.0	3223983.0	5287245.0	804661.0	3747568.0	4619318.0	3106669.0	2882277.0	6781296.0	5396669.0	5480522.0
CAT	5630385.0	3501174.0	4945988.0	4804100.0	3382602.0	2468503.0	1392339.0	3025704.0	2955648.0	2603534.0	2049128.0	2718132.0	2533239.0	3297367.0	3974716.0	4273113.0	4210199.0	2821291.0	4372219.0	3868690.0	3403434.0	2181201.0	1430462.0	3299935.0	1527656.0	1479493.0	1254443.0	1552539.0	1889407.0	3053884.0	3705879.0	3732747.0	6073024.0	3719549.0	5117264.0	5576779.0	3434495.0	2946476.0	1481213.0	3879742.0	3531050.0	2730820.0	2033759.0	2961395.0	1924316.0	2531581.0	3323591.0	3520397.0	500583.0	2522102.0	258660.0	3130680.0	3294205.0	2538486.0	1449922.0	3535636.0	581175.0	1951811.0	2517944.0	2375242.0	2610299.0	3432441.0	3413363.0	4246998.0
CCA	6701431.0	4267531.0	6275485.0	5131214.0	4977968.0	3937660.0	2070707.0	4167439.0	3701082.0	3756863.0	2770422.0	3374873.0	2890902.0	4017300.0	4868138.0	4754910.0	5084726.0	3059251.0	5895507.0	3403434.0	7504250.0	4649433.0	3037837.0	6221324.0	1833907.0	1900749.0	1649147.0	1743566.0	2175448.0	3733452.0	4798882.0	3917879.0	7238106.0	4679258.0	6502035.0	6143011.0	4856655.0	4444409.0	2135522.0	5040733.0	4619005.0	3787492.0	2915047.0	3710750.0	2473946.0	3367627.0	4458748.0	4296585.0	474019.0	3241341.0	294618.0	3553971.0	4879025.0	3967355.0	2163000.0	4857844.0	701304.0	2436365.0	3226204.0	2602429.0	2765835.0	4313162.0	3828494.0	4753550.0
CCC	3657945.0	4026480.0	5422602.0	2678114.0	2931456.0	4609464.0	2150731.0	2638577.0	2139384.0	4116689.0	2311335.0	2042307.0	1428063.0	4222951.0	3707441.0	2592492.0	2945111.0	3623545.0	5839427.0	2181201.0	4649433.0	7191856.0	3694077.0	4972284.0	1461068.0	3182506.0	2164266.0	1405403.0	1412579.0	5070943.0	6057588.0	2665106.0	4189171.0	5327413.0	6553253.0	3701508.0	3173422.0	6523774.0	2871083.0	3739877.0	3095266.0	5136624.0	2976087.0	2525851.0	1326836.0	3797114.0	4466322.0	2411122.0	257435.0	3364228.0	202312.0	1962170.0	2742842.0	4836317.0	2209398.0	3374672.0	495947.0	2798022.0	2706297.0	1820786.0	1223845.0	4538178.0	2405903.0	2859960.0
CCG	2486608.0	2641544.0	3891692.0	1919546.0	1894178.0	2566054.0	2201329.0	1644899.0	1427587.0	2703772.0	1665734.0	1390678.0	1059807.0	2728751.0	2816492.0	1851700.0	2062893.0	2199701.0	4016587.0	1430462.0	3037837.0	3694077.0	4233242.0	2882511.0	1177762.0	2352169.0	1843680.0	1060228.0	935459.0	2997491.0	4125014.0	1684338.0	2967358.0	3686124.0	4968541.0	2728748.0	2338603.0	4175707.0	3444090.0	2532352.0	2223881.0	3663997.0	2345656.0	1793351.0	1000548.0	2570645.0	3545188.0	1825487.0	123538.0	2275078.0	105678.0	1373155.0	1849333.0	2712155.0	2394373.0	2030539.0	291344.0	1732421.0	1973294.0	1065139.0	881050.0	3071288.0	1931209.0	2001280.0
CCT	5847107.0	4079167.0	5938146.0	4651975.0	4165793.0	3804199.0	1859415.0	4017087.0	3286007.0	3608896.0	2531426.0	3120314.0	2487335.0	3946321.0	4457664.0	4414690.0	4440077.0	3033005.0	5588000.0	3299935.0	6221324.0	4972284.0	2882511.0	6939056.0	1739569.0	2016120.0	1648226.0	1760024.0	1974197.0	4082786.0	4768614.0	4090429.0	6508966.0	4646449.0	6262926.0	5870666.0	4273786.0	4565623.0	2071385.0	5243298.0	4435055.0	3935964.0	2868777.0	3691602.0	2199697.0	3432318.0	4291817.0	4196497.0	437176.0	3182337.0	266679.0	3336914.0	4220158.0	4166429.0	2030955.0	5147077.0	604112.0	2411357.0	3079783.0	2542702.0	2408894.0	4356252.0	3563760.0	4620708.0
CGA	2970064.0	2044928.0	3142756.0	2143417.0	1676676.0	1532268.0	1072178.0	1474400.0	1743584.0	1704835.0	1322968.0	1401210.0	1098128.0	1956417.0	2181769.0	1964419.0	2238325.0	1477194.0	2670038.0	1527656.0	1833907.0	1461068.0	1177762.0	1739569.0	1477958.0	1417979.0	1193398.0	1197789.0	988126.0	1915976.0	2379005.0	1815058.0	3765061.0	2597596.0	3783460.0	2996013.0	2051349.0	2221043.0	1390283.0	2271015.0	2052805.0	1939095.0	1270788.0	1607020.0	955757.0	1612324.0	1935806.0	1704108.0	149192.0	1490875.0	90610.0	1428854.0	1646473.0	1585182.0	1158685.0	1741354.0	280628.0	1054728.0	1454615.0	1007216.0	1096430.0	2023250.0	1749020.0	1967592.0
CGC	2447086.0	3192279.0	4599775.0	1777736.0	1618718.0	2826342.0	1812343.0	1449575.0	1389102.0	3020938.0	1619877.0	1294154.0	863480.0	3234321.0	2772918.0	1741421.0	1977478.0	2778339.0	4315219.0	1479493.0	1900749.0	3182506.0	2352169.0	2016120.0	1417979.0	4043304.0	2208085.0	1529062.0	943813.0	4054278.0	4766375.0	1823179.0	3245709.0	4725925.0	6302167.0	2816925.0	2133077.0	5143546.0	3008999.0	2559247.0	1851402.0	4133299.0	1893017.0	1677675.0	798371.0	2862645.0	3256578.0	1528352.0	105328.0	2551055.0	87393.0	1248862.0	1514749.0	2970772.0	1910888.0	1833452.0	222065.0	1941629.0	2039286.0	995415.0	734842.0	3454721.0	1713466.0	1850707.0
CGG	2189712.0	2239622.0	3838592.0	1587545.0	1396203.0	1872152.0	1478991.0	1202312.0	1432760.0	2400771.0	1878189.0	1246356.0	805852.0	2242231.0	2384118.0	1496894.0	1584604.0	1914944.0	3831840.0	1254443.0	1649147.0	2164266.0	1843680.0	1648226.0	1193398.0	2208085.0	2406378.0	1062520.0	801801.0	2413038.0	4069220.0	1463315.0	2912678.0	3374292.0	5757263.0	2476155.0	1922095.0	3360541.0	2597173.0	2118894.0	1805170.0	3026822.0	2215044.0	1456241.0	749330.0	1896342.0	3044138.0	1354417.0	111563.0	1783618.0	104944.0	1102177.0	1332250.0	1964733.0	1471634.0	1498223.0	277415.0	1447778.0	1861472.0	943772.0	713802.0	2350822.0	1612447.0	1640691.0
CGT	2770279.0	2023100.0	3110385.0	2154186.0	1591982.0	1499008.0	960977.0	1497293.0	1555991.0	1587669.0	1193281.0	1376172.0	1063862.0	1929579.0	2172717.0	2020435.0	2087946.0	1446549.0	2511663.0	1552539.0	1743566.0	1405403.0	1060228.0	1760024.0	1197789.0	1529062.0	1062520.0	1528642.0	903945.0	1884743.0	2247750.0	1857955.0	3502446.0	2492301.0	3653148.0	3049743.0	1938458.0	2225951.0	1264674.0	2378815.0	1864041.0	1953811.0	1166234.0	1857236.0	931054.0	1622500.0	1950000.0	1795272.0	137737.0	1501698.0	86276.0	1488638.0	1610798.0	1570184.0	1085322.0	1831001.0	218245.0	1047494.0	1461452.0	1063638.0	1123435.0	2017423.0	1763998.0	2004168.0
CTA	3659361.0	2405282.0	3361701.0	2955007.0	2192081.0	1657883.0	936906.0	1869082.0	1879709.0	1638291.0	1348383.0	1627622.0	1837235.0	2357100.0	2873202.0	2825005.0	2619502.0	1571519.0	2839221.0	1889407.0	2175448.0	1412579.0	935459.0	1974197.0	988126.0	943813.0	801801.0	903945.0	2241786.0	2348013.0	3025809.0	2664808.0	4015204.0	2538016.0	3491826.0	3456927.0	2503358.0	2173933.0	1086173.0	2662585.0	2259528.0	1781690.0	1340061.0	1820665.0	1349738.0	1726418.0	2318621.0	2224352.0	336645.0	1717940.0	196418.0	2330461.0	2075982.0	1646528.0	953854.0	2569619.0	337595.0	1265540.0	1657217.0	1479923.0	1884712.0	2364890.0	2562643.0	2768097.0
CTC	4964084.0	5959543.0	7241670.0	3931379.0	3375032.0	5061583.0	2614857.0	3134676.0	2688732.0	4319369.0	2601488.0	2379611.0	2194482.0	6736949.0	5641176.0	4220844.0	3941009.0	4729802.0	7050216.0	3053884.0	3733452.0	5070943.0	2997491.0	4082786.0	1915976.0	4054278.0	2413038.0	1884743.0	2348013.0	9471278.0	8915106.0	4812130.0	5720039.0	7228375.0	8220255.0	5294963.0	4074726.0	7985815.0	3743982.0	4996623.0	3761074.0	6107000.0	3139252.0	3154648.0	1776219.0	5616898.0	5630684.0	3487621.0	340220.0	4555070.0	248703.0	2774566.0	3167003.0	5480928.0	2696082.0	4689005.0	539781.0	3449538.0	3564961.0	2344893.0	2073679.0	7132408.0	4197111.0	4536844.0
CTG	6945843.0	7937472.0	11220093.0	5347405.0	4690478.0	6148514.0	3811199.0	3983301.0	3893922.0	6494665.0	4419943.0	3611063.0	3089868.0	8542496.0	8584632.0	5617925.0	4639110.0	5958822.0	11495677.0	3705879.0	4798882.0	6057588.0	4125014.0	4768614.0	2379005.0	4766375.0	4069220.0	2247750.0	3025809.0	8915106.0	16722772.0	5337417.0	7960333.0	9664484.0	14389569.0	7204701.0	5781300.0	10222756.0	5616382.0	6671152.0	5301939.0	8112363.0	5434577.0	4105742.0	2545349.0	6307584.0	10500456.0	4499751.0	430124.0	6126430.0	334740.0	3744855.0	4015276.0	5878739.0	3450110.0	4781590.0	724071.0	4777775.0	5184297.0	3468185.0	2768158.0	8254828.0	6077086.0	5915331.0
CTT	6676034.0	4460751.0	6348979.0	5597059.0	3826347.0	3022652.0	1647242.0	3661786.0	3428404.0	3009254.0	2448119.0	3025683.0	3099430.0	4442324.0	5231658.0	5672608.0	4740920.0	2914408.0	5132647.0	3732747.0	3917879.0	2665106.0	1684338.0	4090429.0	1815058.0	1823179.0	1463315.0	1857955.0	2664808.0	4812130.0	5337417.0	5961404.0	7386797.0	4728133.0	6477672.0	6813416.0	4650059.0	4141302.0	2024585.0	5568869.0	4440729.0	3451816.0	2524856.0	3743820.0	2344308.0	3440717.0	4205978.0	4763296.0	532540.0	3146785.0	293967.0	3735849.0	3837482.0	3267627.0	1791489.0	4825384.0	578550.0	2431406.0	3129902.0	2790194.0	3406490.0	4892293.0	5106265.0	6078414.0
GAA	18838699.0	8105193.0	15705424.0	11866410.0	8085219.0	5396435.0	3320484.0	6998987.0	8057055.0	5876927.0	5252785.0	6619526.0	5964395.0	7014119.0	9140917.0	9759039.0	10162103.0	4511287.0	9810333.0	6073024.0	7238106.0	4189171.0	2967358.0	6508966.0	3765061.0	3245709.0	2912678.0	3502446.0	4015204.0	5720039.0	7960333.0	7386797.0	22416870.0	10028729.0	16453112.0	15692606.0	8573210.0	6838024.0	3661880.0	9260776.0	7819076.0	5506559.0	4236646.0	6159969.0	4697664.0	5498522.0	7531855.0	8073181.0	994232.0	5213912.0	438507.0	6643154.0	7430343.0	5213626.0	3285589.0	7707240.0	809273.0	3419654.0	5038979.0	4278087.0	6247944.0	6839974.0	7944377.0	8888172.0
GAC	8193848.0	7902036.0	11488489.0	6059315.0	5078935.0	6319344.0	3866448.0	4463590.0	4077756.0	6414853.0	3836030.0	4048672.0	3164557.0	7768014.0	7244054.0	5656172.0	5126525.0	5092102.0	8780048.0	3719549.0	4679258.0	5327413.0	3686124.0	4646449.0	2597596.0	4725925.0	3374292.0	2492301.0	2538016.0	7228375.0	9664484.0	4728133.0	10028729.0	12208038.0	13879396.0	9715825.0	5304850.0	8820664.0	4876123.0	6156097.0	5297417.0	7867189.0	4305975.0	4480738.0	2675717.0	6438664.0	8129810.0	4905073.0	334114.0	6014926.0	217926.0	3970006.0	4310773.0	5866242.0	3563831.0	4948893.0	460680.0	3761138.0	4616278.0	2863549.0	2650541.0	7727551.0	4967174.0	5597292.0
GAG	13019846.0	9308980.0	19858377.0	8217815.0	6645149.0	7244744.0	4970500.0	5894727.0	6927491.0	8417662.0	7185736.0	5778572.0	4230234.0	9145599.0	10179295.0	7504201.0	7447831.0	6443178.0	14400652.0	5117264.0	6502035.0	6553253.0	4968541.0	6262926.0	3783460.0	6302167.0	5757263.0	3653148.0	3491826.0	8220255.0	14389569.0	6477672.0	16453112.0	13879396.0	25954138.0	13302172.0	8169281.0	11535290.0	7401934.0	9289820.0	7199336.0	9218094.0	6728104.0	5956104.0	3635092.0	7446629.0	11777046.0	6762036.0	490718.0	7042184.0	346965.0	5250656.0	5828704.0	6706552.0	4513763.0	6543413.0	673195.0	4622627.0	6106635.0	3803058.0	3727552.0	8981284.0	7514542.0	7292416.0
GAT	13306730.0	7548220.0	12346437.0	10956156.0	7057652.0	5111919.0	3176057.0	6552903.0	6072418.0	5508478.0	4299359.0	6170282.0	5465241.0	6877575.0	8600397.0	9428088.0	7671001.0	4024562.0	7920296.0	5576779.0	6143011.0	3701508.0	2728748.0	5870666.0	2996013.0	2816925.0	2476155.0	3049743.0	3456927.0	5294963.0	7204701.0	6813416.0	15692606.0	9715825.0	13302172.0	16248090.0	7063274.0	6029864.0	3337529.0	8233473.0	7301681.0	5654470.0	4227755.0	6526753.0	4238564.0	5428978.0	7506380.0	8037903.0	712096.0	5263799.0	327310.0	6665421.0	6646536.0	4906511.0	3218276.0	7192636.0	529978.0	3271809.0	5096095.0	4082697.0	5279795.0	6946898.0	7332197.0	8733411.0
GCA	7320661.0	4642418.0	7396429.0	5669989.0	5062249.0	3649820.0	2307831.0	4091565.0	4017725.0	3890791.0	3084256.0	3572148.0	3296079.0	4485911.0	5767721.0	5438308.0	5076733.0	2975264.0	6319115.0	3434495.0	4856655.0	3173422.0	2338603.0	4273786.0	2051349.0	2133077.0	1922095.0	1938458.0	2503358.0	4074726.0	5781300.0	4650059.0	8573210.0	5304850.0	8169281.0	7063274.0	7269968.0	5581442.0	3405266.0	6773184.0	5181839.0	4405879.0	3285101.0	4166657.0	2874379.0	3703836.0	5401497.0	4867584.0	431555.0	3256797.0	267365.0	3650257.0	4517107.0	3536380.0	2274039.0	4529320.0	609749.0	2455590.0	3352773.0	2669261.0	3211741.0	4440774.0	4767268.0	5117274.0
GCC	5499463.0	6544003.0	9195943.0	4231293.0	4010982.0	6446370.0	3415350.0	3671548.0	3065245.0	5821802.0	3392711.0	2937132.0	2278875.0	7181569.0	6284330.0	4402675.0	4198274.0	4909996.0	8800921.0	2946476.0	4444409.0	6523774.0	4175707.0	4565623.0	2221043.0	5143546.0	3360541.0	2225951.0	2173933.0	7985815.0	10222756.0	4141302.0	6838024.0	8820664.0	11535290.0	6029864.0	5581442.0	12257388.0	5859122.0	6842523.0	4499462.0	8105338.0	4308648.0	4010546.0	2077518.0	6333565.0	7557663.0	3884640.0	265219.0	4967260.0	206301.0	2865855.0	3457979.0	6204063.0	3364042.0	4176762.0	482462.0	3748593.0	3869839.0	2429416.0	1979886.0	6961580.0	4223438.0	4286114.0
GCG	2753439.0	3217806.0	5187905.0	2196728.0	1977270.0	2666106.0	2867070.0	1706746.0	1616745.0	3155107.0	2129556.0	1567795.0	1219407.0	3371009.0	3627842.0	2229787.0	2143543.0	2396839.0	4726101.0	1481213.0	2135522.0	2871083.0	3444090.0	2071385.0	1390283.0	3008999.0	2597173.0	1264674.0	1086173.0	3743982.0	5616382.0	2024585.0	3661880.0	4876123.0	7401934.0	3337529.0	3405266.0	5859122.0	6978674.0	3563378.0	2618822.0	5092930.0	3142843.0	2203811.0	1167818.0	3195265.0	5016465.0	2159877.0	114908.0	2497233.0	105509.0	1443430.0	1747547.0	2672848.0	2789849.0	1951028.0	271144.0	1978853.0	2315222.0	1159487.0	1018795.0	3444035.0	2570490.0	2225805.0
GCT	7740499.0	5351901.0	8521818.0	6251598.0	5019977.0	4308747.0	2409935.0	5008393.0	4294117.0	4240452.0	3346617.0	3975191.0	3368420.0	5352038.0	6405743.0	6287034.0	5457331.0	3351496.0	6974317.0	3879742.0	5040733.0	3739877.0	2532352.0	5243298.0	2271015.0	2559247.0	2118894.0	2378815.0	2662585.0	4996623.0	6671152.0	5568869.0	9260776.0	6156097.0	9289820.0	8233473.0	6773184.0	6842523.0	3563378.0	9035842.0	5772679.0	5161509.0	3626607.0	5239198.0	2956484.0	4530736.0	5984843.0	5921577.0	441368.0	3803245.0	267445.0	4142025.0	4682293.0	4242709.0	2493053.0	5586158.0	593438.0	2821333.0	3766097.0	3063081.0	3469817.0	5335888.0	5460818.0	5828969.0
GGA	7001650.0	4630385.0	6805907.0	5728753.0	4630439.0	3486691.0	2158757.0	4153275.0	4233983.0	3956901.0	3119051.0	3929571.0	3264734.0	4601985.0	5458065.0	5747932.0	4606491.0	2890729.0	5415313.0	3531050.0	4619005.0	3095266.0	2223881.0	4435055.0	2052805.0	1851402.0	1805170.0	1864041.0	2259528.0	3761074.0	5301939.0	4440729.0	7819076.0	5297417.0	7199336.0	7301681.0	5181839.0	4499462.0	2618822.0	5772679.0	8147574.0	5462963.0	4226563.0	5850764.0	2785869.0	3851101.0	5330165.0	5155438.0	531321.0	3572524.0	307100.0	4028945.0	4210998.0	3338662.0	2122325.0	4561832.0	859253.0	2769324.0	3728424.0	3227713.0	3052891.0	4822720.0	4422003.0	5583474.0
GGC	4656994.0	5698175.0	7672928.0	3844741.0	3470722.0	5114696.0	3130440.0	3187945.0	2726705.0	5778653.0	3036257.0	2990178.0	2037762.0	6085790.0	5379683.0	3966711.0	3411629.0	4166310.0	6801144.0	2730820.0	3787492.0	5136624.0	3663997.0	3935964.0	1939095.0	4133299.0	3026822.0	1953811.0	1781690.0	6107000.0	8112363.0	3451816.0	5506559.0	7867189.0	9218094.0	5654470.0	4405879.0	8105338.0	5092930.0	5161509.0	5462963.0	10446250.0	4937828.0	5070452.0	1920935.0	5598460.0	6915876.0	3671633.0	261343.0	4649676.0	203707.0	2773332.0	3058641.0	4882715.0	3051734.0	3651056.0	510792.0	3654799.0	3940854.0	2471662.0	1656089.0	6290276.0	3502722.0	4064715.0
GGG	3683061.0	3200750.0	5256934.0	2980877.0	2645661.0	2772077.0	1975358.0	2334103.0	2442237.0	3417098.0	2936964.0	2412482.0	1708557.0	3337894.0	3898403.0	2985351.0	2390394.0	2374983.0	4697505.0	2033759.0	2915047.0	2976087.0	2345656.0	2868777.0	1270788.0	1893017.0	2215044.0	1166234.0	1340061.0	3139252.0	5434577.0	2524856.0	4236646.0	4305975.0	6728104.0	4227755.0	3285101.0	4308648.0	3142843.0	3626607.0	4226563.0	4937828.0	4763502.0	3332673.0	1538293.0	2959205.0	5136229.0	2875549.0	252569.0	2638598.0	221756.0	2161016.0	2424681.0	2762324.0	1862595.0	2725831.0	517825.0	2259567.0	2984497.0	1979280.0	1480058.0	3668099.0	2999811.0	3262787.0
GGT	5446509.0	3920409.0	5814486.0	4871587.0	3618870.0	2986577.0	1760925.0	3540140.0	3115794.0	3231538.0	2349822.0	3404068.0	2595481.0	3946467.0	4649300.0	4890282.0	3720933.0	2365011.0	4320841.0	2961395.0	3710750.0	2525851.0	1793351.0	3691602.0	1607020.0	1677675.0	1456241.0	1857236.0	1820665.0	3154648.0	4105742.0	3743820.0	6159969.0	4480738.0	5956104.0	6526753.0	4166657.0	4010546.0	2203811.0	5239198.0	5850764.0	5070452.0	3332673.0	6466866.0	2349786.0	3449444.0	4450768.0	4670505.0	330295.0	2997949.0	204565.0	3403688.0	3491212.0	2876326.0	1864336.0	3972131.0	440273.0	2145700.0	3072403.0	2602356.0	2599324.0	4066590.0	3858701.0	4609531.0
GTA	4146764.0	2418801.0	3528539.0	3507667.0	2606730.0	1640739.0	1050375.0	2206659.0	2043671.0	1675037.0	1385062.0	1996094.0	1992644.0	2147757.0	2981141.0	3006874.0	2620720.0	1403418.0	2666622.0	1924316.0	2473946.0	1326836.0	1000548.0	2199697.0	955757.0	798371.0	749330.0	931054.0	1349738.0	1776219.0	2545349.0	2344308.0	4697664.0	2675717.0	3635092.0	4238564.0	2874379.0	2077518.0	1167818.0	2956484.0	2785869.0	1920935.0	1538293.0	2349786.0	2313786.0	1759462.0	2642779.0	2680759.0	347976.0	1680044.0	190350.0	2191889.0	2316565.0	1535605.0	1011623.0	2342471.0	308801.0	1198661.0	1763577.0	1641439.0	1986607.0	2191310.0	2522516.0	2954964.0
GTC	4596619.0	5186582.0	6573779.0	3866276.0	3176121.0	4251638.0	2418164.0	2977744.0	2416683.0	3709593.0	2268992.0	2384037.0	1957088.0	5488443.0	4779132.0	3822766.0	3316843.0	3436242.0	5505013.0	2531581.0	3367627.0	3797114.0	2570645.0	3432318.0	1612324.0	2862645.0	1896342.0	1622500.0	1726418.0	5616898.0	6307584.0	3440717.0	5498522.0	6438664.0	7446629.0	5428978.0	3703836.0	6333565.0	3195265.0	4530736.0	3851101.0	5598460.0	2959205.0	3449444.0	1759462.0	5036578.0	5165484.0	3470383.0	269917.0	3812679.0	187735.0	2549729.0	2748251.0	3956597.0	2331997.0	3376360.0	393264.0	2645058.0	3159877.0	2074798.0	1737347.0	5460424.0	3489612.0	3858514.0
GTG	6439739.0	6444008.0	9605196.0	5434236.0	4472248.0	4849252.0	3514375.0	3815782.0	3506871.0	5198048.0	3797224.0	3601735.0	2928893.0	6528414.0	7335252.0	5180143.0	4044656.0	4212453.0	8203082.0	3323591.0	4458748.0	4466322.0	3545188.0	4291817.0	1935806.0	3256578.0	3044138.0	1950000.0	2318621.0	5630684.0	10500456.0	4205978.0	7531855.0	8129810.0	11777046.0	7506380.0	5401497.0	7557663.0	5016465.0	5984843.0	5330165.0	6915876.0	5136229.0	4450768.0	2642779.0	5165484.0	9784450.0	4654472.0	354307.0	4920964.0	267316.0	3624133.0	3749436.0	4448093.0	3075154.0	4189595.0	540191.0	3654206.0	4514677.0	3541908.0	2545546.0	6455527.0	5281553.0	5402506.0
GTT	7171132.0	4509346.0	6700343.0	6319493.0	4253338.0	2995489.0	1849173.0	4119502.0	3576880.0	3009534.0	2513556.0	3505449.0	3177725.0	4140830.0	5285003.0	5860488.0	4609037.0	2518898.0	4710158.0	3520397.0	4296585.0	2411122.0	1825487.0	4196497.0	1704108.0	1528352.0	1354417.0	1795272.0	2224352.0	3487621.0	4499751.0	4763296.0	8073181.0	4905073.0	6762036.0	8037903.0	4867584.0	3884640.0	2159877.0	5921577.0	5155438.0	3671633.0	2875549.0	4670505.0	2680759.0	3470383.0	4654472.0	5597582.0	512637.0	3049941.0	267670.0	3932166.0	4075267.0	2946041.0	1921946.0	4616844.0	483530.0	2200514.0	3230169.0	2884398.0	3347168.0	4399664.0	4906730.0	5854166.0
TAA	1440933.0	503211.0	752507.0	1078146.0	615950.0	305867.0	144440.0	527970.0	720445.0	391677.0	365313.0	492878.0	648059.0	408573.0	585646.0	859023.0	716146.0	327198.0	485043.0	500583.0	474019.0	257435.0	123538.0	437176.0	149192.0	105328.0	111563.0	137737.0	336645.0	340220.0	430124.0	532540.0	994232.0	334114.0	490718.0	712096.0	431555.0	265219.0	114908.0	441368.0	531321.0	261343.0	252569.0	330295.0	347976.0	269917.0	354307.0	512637.0	1050504.0	355567.0	364177.0	687386.0	618950.0	341583.0	145361.0	582885.0	474708.0	369341.0	443983.0	541262.0	778367.0	506805.0	584852.0	1039564.0
TAC	4770771.0	5224052.0	6359302.0	4059216.0	3158363.0	3800399.0	2218755.0	2800428.0	2515304.0	3568612.0	2222782.0	2378438.0	2196423.0	5064841.0	4992009.0	3783344.0	3270647.0	3340192.0	5479519.0	2522102.0	3241341.0	3364228.0	2275078.0	3182337.0	1490875.0	2551055.0	1783618.0	1501698.0	1717940.0	4555070.0	6126430.0	3146785.0	5213912.0	6014926.0	7042184.0	5263799.0	3256797.0	4967260.0	2497233.0	3803245.0	3572524.0	4649676.0	2638598.0	2997949.0	1680044.0	3812679.0	4920964.0	3049941.0	355567.0	4979024.0	208614.0	3105928.0	2626387.0	3426476.0	2031378.0	2992537.0	355147.0	2547110.0	3120936.0	2036035.0	1885786.0	5204611.0	3328075.0	3913834.0
TAG	602088.0	277576.0	459842.0	435068.0	338980.0	213492.0	112438.0	278021.0	415363.0	279149.0	296757.0	274813.0	299472.0	239953.0	360200.0	379832.0	338655.0	209394.0	361830.0	258660.0	294618.0	202312.0	105678.0	266679.0	90610.0	87393.0	104944.0	86276.0	196418.0	248703.0	334740.0	293967.0	438507.0	217926.0	346965.0	327310.0	267365.0	206301.0	105509.0	267445.0	307100.0	203707.0	221756.0	204565.0	190350.0	187735.0	267316.0	267670.0	364177.0	208614.0	211420.0	305397.0	337699.0	236520.0	106481.0	314436.0	281970.0	248535.0	338635.0	303271.0	334787.0	308889.0	350126.0	483720.0
TAT	6488634.0	3849567.0	5348298.0	6016260.0	3628567.0	2410313.0	1434924.0	3243043.0	3147221.0	2481536.0	2045577.0	2972589.0	3320601.0	3894871.0	4733473.0	5105829.0	4054212.0	2119275.0	3978943.0	3130680.0	3553971.0	1962170.0	1373155.0	3336914.0	1428854.0	1248862.0	1102177.0	1488638.0	2330461.0	2774566.0	3744855.0	3735849.0	6643154.0	3970006.0	5250656.0	6665421.0	3650257.0	2865855.0	1443430.0	4142025.0	4028945.0	2773332.0	2161016.0	3403688.0	2191889.0	2549729.0	3624133.0	3932166.0	687386.0	3105928.0	305397.0	4444452.0	3383682.0	2347417.0	1448205.0	3583549.0	449318.0	1876672.0	2807118.0	2559888.0	3252141.0	3796457.0	3918785.0	5244489.0
TCA	6902008.0	4128289.0	5742056.0	5923925.0	4858594.0	3230332.0	1841551.0	4066326.0	3763342.0	3547257.0	2576316.0	3812222.0	2993349.0	3531078.0	4651742.0	4820065.0	4743047.0	2509745.0	4758155.0	3294205.0	4879025.0	2742842.0	1849333.0	4220158.0	1646473.0	1514749.0	1332250.0	1610798.0	2075982.0	3167003.0	4015276.0	3837482.0	7430343.0	4310773.0	5828704.0	6646536.0	4517107.0	3457979.0	1747547.0	4682293.0	4210998.0	3058641.0	2424681.0	3491212.0	2316565.0	2748251.0	3749436.0	4075267.0	618950.0	2626387.0	337699.0	3383682.0	5954612.0	3814562.0	2331726.0	5451699.0	706965.0	2080277.0	2771675.0	2510245.0	3214237.0	3849754.0	4024528.0	4864260.0
TCC	4661706.0	4790911.0	5917674.0	3762493.0	3439122.0	4790231.0	2278041.0	3200364.0	2691695.0	4606397.0	2510969.0	2775238.0	1839058.0	4740206.0	4291353.0	3384653.0	3387358.0	3522303.0	5615261.0	2538486.0	3967355.0	4836317.0	2712155.0	4166429.0	1585182.0	2970772.0	1964733.0	1570184.0	1646528.0	5480928.0	5878739.0	3267627.0	5213626.0	5866242.0	6706552.0	4906511.0	3536380.0	6204063.0	2672848.0	4242709.0	3338662.0	4882715.0	2762324.0	2876326.0	1535605.0	3956597.0	4448093.0	2946041.0	341583.0	3426476.0	236520.0	2347417.0	3814562.0	6393646.0	2862298.0	4746077.0	550452.0	2689396.0	2772600.0	2016428.0	1752059.0	5161967.0	3138259.0	3679638.0
TCG	2730351.0	2764433.0	3781411.0	2373149.0	1979701.0	2296244.0	2110179.0	1741932.0	1516314.0	2637795.0	1506545.0	1662255.0	1189106.0	2691522.0	2831099.0	2118749.0	2067836.0	1832203.0	3223983.0	1449922.0	2163000.0	2209398.0	2394373.0	2030955.0	1158685.0	1910888.0	1471634.0	1085322.0	953854.0	2696082.0	3450110.0	1791489.0	3285589.0	3563831.0	4513763.0	3218276.0	2274039.0	3364042.0	2789849.0	2493053.0	2122325.0	3051734.0	1862595.0	1864336.0	1011623.0	2331997.0	3075154.0	1921946.0	145361.0	2031378.0	106481.0	1448205.0	2331726.0	2862298.0	2977818.0	2487199.0	259476.0	1455564.0	1745856.0	1057821.0	1095700.0	2966438.0	2260240.0	2239216.0
TCT	7006926.0	4540349.0	6298296.0	6060343.0	4578352.0	3644619.0	1892919.0	4547495.0	3805306.0	3909220.0	2696904.0	3987423.0	2905070.0	4457225.0	4880974.0	5173082.0	4742494.0	2856319.0	5287245.0	3535636.0	4857844.0	3374672.0	2030539.0	5147077.0	1741354.0	1833452.0	1498223.0	1831001.0	2569619.0	4689005.0	4781590.0	4825384.0	7707240.0	4948893.0	6543413.0	7192636.0	4529320.0	4176762.0	1951028.0	5586158.0	4561832.0	3651056.0	2725831.0	3972131.0	2342471.0	3376360.0	4189595.0	4616844.0	582885.0	2992537.0	314436.0	3583549.0	5451699.0	4746077.0	2487199.0	7025996.0	623361.0	2308017.0	2951969.0	2767514.0	3131939.0	4875487.0	4333740.0	5648566.0
TGA	960487.0	497459.0	771891.0	585884.0	715624.0	496673.0	284673.0	528121.0	1005848.0	653238.0	712461.0	545809.0	403944.0	435949.0	618463.0	556741.0	723096.0	515555.0	804661.0	581175.0	701304.0	495947.0	291344.0	604112.0	280628.0	222065.0	277415.0	218245.0	337595.0	539781.0	724071.0	578550.0	809273.0	460680.0	673195.0	529978.0	609749.0	482462.0	271144.0	593438.0	859253.0	510792.0	517825.0	440273.0	308801.0	393264.0	540191.0	483530.0	474708.0	355147.0	281970.0	449318.0	706965.0	550452.0	259476.0	623361.0	938342.0	637237.0	847755.0	694640.0	449652.0	580673.0	601339.0	807422.0
TGC	3208543.0	3246730.0	4017361.0	2672535.0	2293341.0	2735774.0	1570762.0	1995766.0	1971509.0	2794423.0	1882663.0	1745272.0	1516883.0	3273142.0	3200337.0	2630967.0	2170674.0	2557409.0	3747568.0	1951811.0	2436365.0	2798022.0	1732421.0	2411357.0	1054728.0	1941629.0	1447778.0	1047494.0	1265540.0	3449538.0	4777775.0	2431406.0	3419654.0	3761138.0	4622627.0	3271809.0	2455590.0	3748593.0	1978853.0	2821333.0	2769324.0	3654799.0	2259567.0	2145700.0	1198661.0	2645058.0	3654206.0	2200514.0	369341.0	2547110.0	248535.0	1876672.0	2080277.0	2689396.0	1455564.0	2308017.0	637237.0	4927086.0	2521444.0	3612433.0	1404323.0	3529853.0	2556038.0	2830883.0
TGG	4563079.0	3895436.0	5501393.0	3833535.0	3014514.0	2894346.0	1877069.0	2663674.0	2949347.0	3113236.0	2805322.0	2438883.0	2131785.0	3766284.0	4378901.0	3668954.0	3037755.0	2618686.0	4619318.0	2517944.0	3226204.0	2706297.0	1973294.0	3079783.0	1454615.0	2039286.0	1861472.0	1461452.0	1657217.0	3564961.0	5184297.0	3129902.0	5038979.0	4616278.0	6106635.0	5096095.0	3352773.0	3869839.0	2315222.0	3766097.0	3728424.0	3940854.0	2984497.0	3072403.0	1763577.0	3159877.0	4514677.0	3230169.0	443983.0	3120936.0	338635.0	2807118.0	2771675.0	2772600.0	1745856.0	2951969.0	847755.0	2521444.0	4188360.0	2294466.0	2029225.0	4227432.0	3482728.0	4031420.0
TGT	4186058.0	2774925.0	3626691.0	3686927.0	2680405.0	1982637.0	1107197.0	2362262.0	2337092.0	2139910.0	1724460.0	2253158.0	2113678.0	2595261.0	3263432.0	3429482.0	2585304.0	1933113.0	3106669.0	2375242.0	2602429.0	1820786.0	1065139.0	2542702.0	1007216.0	995415.0	943772.0	1063638.0	1479923.0	2344893.0	3468185.0	2790194.0	4278087.0	2863549.0	3803058.0	4082697.0	2669261.0	2429416.0	1159487.0	3063081.0	3227713.0	2471662.0	1979280.0	2602356.0	1641439.0	2074798.0	3541908.0	2884398.0	541262.0	2036035.0	303271.0	2559888.0	2510245.0	2016428.0	1057821.0	2767514.0	694640.0	3612433.0	2294466.0	4990132.0	2228121.0	2796504.0	3026258.0	3725142.0
TTA	6308816.0	2851579.0	4094084.0	5332903.0	3162342.0	1683132.0	1022129.0	2704473.0	2815758.0	1746494.0	1593461.0	2503198.0	3025037.0	2523319.0	3787407.0	4644779.0	3746781.0	1534061.0	2882277.0	2610299.0	2765835.0	1223845.0	881050.0	2408894.0	1096430.0	734842.0	713802.0	1123435.0	1884712.0	2073679.0	2768158.0	3406490.0	6247944.0	2650541.0	3727552.0	5279795.0	3211741.0	1979886.0	1018795.0	3469817.0	3052891.0	1656089.0	1480058.0	2599324.0	1986607.0	1737347.0	2545546.0	3347168.0	778367.0	1885786.0	334787.0	3252141.0	3214237.0	1752059.0	1095700.0	3131939.0	449652.0	1404323.0	2029225.0	2228121.0	3912702.0	2701589.0	3785131.0	4631975.0
