	AAA	AAC	AAG	AAT	ACA	ACC	ACG	ACT	AGA	AGC	AGG	AGT	ATA	ATC	ATG	ATT	CAA	CAC	CAG	CAT	CCA	CCC	CCG	CCT	CGA	CGC	CGG	CGT	CTA	CTC	CTG	CTT	GAA	GAC	GAG	GAT	GCA	GCC	GCG	GCT	GGA	GGC	GGG	GGT	GTA	GTC	GTG	GTT	TAA	TAC	TAG	TAT	TCA	TCC	TCG	TCT	TGA	TGC	TGG	TGT	TTA	TTC	TTG	TTT
Start	748.5	619.5	898.0	560.5	533.0	568.5	381.0	495.0	399.5	620.5	333.0	486.0	280.0	426.0	13431.0	419.0	438.0	344.0	588.0	300.0	502.0	507.0	413.0	581.5	230.5	327.0	219.0	244.5	222.0	528.5	532.0	397.0	973.0	844.0	953.5	816.0	865.0	1061.5	844.5	961.5	520.5	553.0	316.5	451.5	245.0	439.0	615.5	424.5	0.0	308.0	0.0	280.5	609.0	861.5	602.0	841.5	0.0	285.0	369.5	276.5	284.0	615.5	510.5	567.0
AAA	16495.0	7529.0	14362.5	9841.5	6921.0	4454.5	2564.0	6176.5	6275.5	4940.5	3599.0	5635.0	4874.0	6114.5	8574.0	8243.5	8257.5	3886.0	7315.5	5261.0	6631.0	3431.0	2333.0	5646.0	3111.5	2652.0	2209.5	2508.0	3433.0	4706.5	6348.5	6108.5	17935.0	7960.0	12911.5	12325.5	7504.0	5455.0	2780.5	7724.5	6712.0	4722.0	3057.0	5120.5	3911.0	4551.5	6553.0	6576.0	233.5	4760.5	123.5	5514.5	6381.5	4408.5	2349.5	6544.5	201.5	3124.5	4204.0	3729.5	4431.0	6204.0	6836.5	7923.0
AAC	7529.0	8499.0	9585.5	6449.0	4487.0	5542.5	2961.5	4232.0	3101.0	5329.5	2592.5	3568.5	2894.5	7282.5	6504.0	5494.0	4751.0	4189.5	6681.5	3502.0	4263.5	4173.5	2564.5	3945.5	2165.5	3371.0	2223.0	2004.0	2364.0	6329.5	6103.0	4207.0	8326.0	8144.5	9804.0	7655.0	4770.5	6646.5	2948.5	5563.5	4584.0	5913.5	2943.5	3783.0	2425.0	5556.5	6019.0	4122.0	96.0	5481.5	75.5	3874.5	3876.0	4718.5	2746.5	4176.5	117.5	3130.0	3928.0	2455.5	2627.5	7126.0	4847.0	5015.5
AAG	14362.5	9585.5	21350.0	8465.0	6007.5	6373.5	4331.5	5263.5	5231.5	6892.0	4711.5	4609.0	3919.5	9009.0	8869.5	7402.5	7372.5	5324.5	10690.5	4437.0	5835.0	5390.0	4014.5	5393.5	3482.0	4874.5	3773.5	3224.0	3123.0	7560.0	9145.0	5527.0	15502.5	12200.5	20706.5	11522.5	7264.0	8956.0	4902.0	8273.0	6078.5	7817.5	4529.0	5735.5	3404.0	7348.5	9139.0	5973.5	223.5	6704.5	174.5	4928.5	4665.5	5608.0	3838.5	5348.5	245.0	3812.5	5305.5	3021.5	3809.0	8478.5	7022.0	6628.0
AAT	9841.5	6449.0	8465.0	8023.0	5629.0	3840.0	2159.0	5039.5	4163.5	3977.0	2495.0	4512.5	3828.0	5548.0	6578.0	6857.5	5598.5	3174.0	5892.5	4096.5	4959.5	2671.5	1891.0	4216.5	2078.5	1892.5	1704.5	1707.5	2705.0	3852.0	5126.0	4748.0	10466.5	6307.0	7587.5	8952.0	5370.5	4353.5	2326.0	5726.5	5271.0	3966.5	2473.0	3914.5	3068.5	4010.5	5326.5	5096.5	128.0	4175.0	75.0	4822.5	4792.5	3732.0	2088.5	5064.0	127.5	2573.5	3602.0	3262.5	3721.5	5374.0	5367.0	6474.5
ACA	6921.0	4487.0	6007.5	5629.0	5118.0	3567.5	2105.5	4165.0	3087.5	3199.5	1837.0	3439.0	2774.5	4026.5	4807.5	4711.0	4457.0	2516.0	4332.0	3082.0	4713.5	2676.0	1917.0	3899.5	1750.5	1768.0	1305.0	1437.5	1997.0	3404.0	3644.0	3487.5	8363.5	4928.5	6278.5	7013.5	4867.5	3981.5	2051.0	4905.5	4216.5	3554.0	2013.5	3437.0	2497.5	3270.5	4156.5	3910.5	104.0	3087.5	65.5	3360.5	4254.5	3088.5	2017.0	4130.5	107.5	1934.0	2585.5	2326.5	2590.5	3990.5	3843.0	4437.5
ACC	4454.5	5542.5	6373.5	3840.0	3567.5	5349.0	2540.0	3477.5	1959.5	3746.5	1743.0	2296.5	1894.0	5438.0	4374.0	3663.5	3776.0	3282.0	4953.0	2413.5	3622.0	4191.0	2517.0	3488.0	1696.0	2912.5	1609.5	1629.5	1761.5	5095.5	4187.0	3086.0	5549.0	6311.5	7039.0	5605.0	3888.5	6084.5	2583.5	4568.5	3352.0	5014.0	2254.5	3303.5	1701.5	4531.0	3911.5	3136.0	81.0	3781.0	58.0	2426.5	2937.0	4395.0	2368.0	3430.5	95.0	2111.5	2764.0	1533.5	1643.5	5268.5	3155.5	3198.0
ACG	2564.0	2961.5	4331.5	2159.0	2105.5	2540.0	2017.0	1781.5	1303.5	2495.5	1480.0	1489.5	1097.5	3000.0	3062.0	2118.0	2023.5	1935.0	3442.0	1424.0	2089.0	2135.5	1843.0	1994.0	1070.0	1630.5	1342.5	947.0	929.5	2521.0	3477.0	1680.0	3275.5	3712.5	5054.0	3352.0	2322.5	3217.0	2161.5	2550.5	2119.0	2969.0	1915.5	1878.5	991.5	2271.0	3332.0	1865.5	44.0	2203.0	45.0	1411.0	1831.0	2307.0	1747.0	1909.0	76.0	1407.5	1877.5	981.5	842.5	2971.5	2192.5	2123.0
ACT	6176.5	4232.0	5263.5	5039.5	4165.0	3477.5	1781.5	4177.0	2807.0	2933.0	1653.5	3121.0	2382.0	3831.0	4186.0	4227.0	4015.5	2222.5	4057.5	2803.0	4027.0	2541.5	1742.5	3726.5	1635.0	1642.5	1235.0	1405.5	1657.0	3222.0	3415.0	3235.0	7090.5	4524.5	5488.5	6296.5	3912.5	3936.5	1844.5	4821.0	3846.5	3453.0	1891.5	3252.5	2127.5	3205.5	3530.0	3698.0	99.5	2757.5	65.0	3057.5	3737.5	2996.0	1900.5	4001.0	100.0	1705.0	2331.0	1960.0	2316.0	3749.5	3420.5	3941.0
AGA	6275.5	3101.0	5231.5	4163.5	3087.5	1959.5	1303.5	2807.0	3817.0	2356.5	2181.0	2671.5	2200.0	2718.0	3534.5	3629.5	3565.0	1799.0	3243.5	2421.0	2999.0	1580.0	1245.5	2705.0	1781.5	1392.5	1140.5	1386.5	1499.0	2198.0	2645.0	2628.5	7678.0	3542.5	5469.0	5538.5	3453.0	2522.5	1492.0	3671.5	3077.5	2265.0	1502.0	2591.5	1817.0	2185.0	2675.0	2893.0	88.5	2299.0	56.0	2743.0	2928.5	2015.5	1305.0	3140.0	105.5	1422.0	2056.5	1706.0	2256.5	2782.5	3144.5	3581.5
AGC	4940.5	5329.5	6892.0	3977.0	3199.5	3746.5	2495.5	2933.0	2356.5	5115.0	2140.0	3368.0	1821.0	4406.5	4435.5	3302.5	3494.5	2807.5	4765.5	2301.0	3249.5	3095.0	2381.0	3070.5	1818.5	2753.5	1821.0	1721.0	1575.0	4073.5	3959.5	2700.5	5861.0	6138.5	7527.5	5590.0	3783.5	4700.0	2835.0	4089.0	3583.5	4894.0	2545.5	3232.5	1680.5	3775.0	4030.5	2778.5	87.0	3442.5	76.0	2319.0	3026.0	3731.0	2692.5	3336.5	112.5	1961.0	2718.0	1600.0	1598.0	4539.5	3012.0	3280.5
AGG	3599.0	2592.5	4711.5	2495.0	1837.0	1743.0	1480.0	1653.5	2181.0	2140.0	2310.0	1755.0	1327.5	2337.0	2737.0	2160.0	2084.5	1551.0	3168.0	1455.5	1821.0	1520.0	1425.0	1752.5	1208.0	1376.0	1367.5	993.5	944.0	2054.0	2785.0	1699.0	4774.5	3382.0	5878.0	3591.0	2221.0	2631.5	1870.0	2511.5	2102.0	2395.5	1949.0	1688.0	1068.0	1977.5	2587.5	1823.5	62.0	1868.5	63.0	1653.5	1646.5	1633.5	1367.5	1752.0	106.0	1083.5	1734.0	965.0	1223.5	2388.0	2105.0	2065.5
AGT	5635.0	3568.5	4609.0	4512.5	3439.0	2296.5	1489.5	3121.0	2671.5	3368.0	1755.0	3904.0	2056.0	2883.0	3759.0	3647.5	3441.0	1798.5	3489.5	2467.5	3071.0	1727.5	1428.5	2768.0	1507.0	1434.5	1172.0	1269.0	1405.0	2187.5	2864.0	2575.0	6856.0	3717.0	5192.5	5967.0	3404.5	2763.5	1634.0	3800.5	3468.5	2911.5	1932.5	3130.5	1934.0	2348.0	3293.0	3061.5	84.0	2269.5	58.0	2725.0	3403.0	2453.5	1642.5	3525.5	95.0	1478.0	2043.0	1881.5	2085.5	2867.0	3161.0	3527.5
ATA	4874.0	2894.5	3919.5	3828.0	2774.5	1894.0	1097.5	2382.0	2200.0	1821.0	1327.5	2056.0	2123.0	2785.5	3422.0	3465.0	2839.0	1561.0	3001.0	1981.0	2680.5	1374.0	998.5	2235.0	1004.5	852.5	840.0	813.5	1510.0	2163.5	3056.0	2590.0	5296.0	3021.5	3782.0	4401.5	2833.5	2297.0	1176.5	2926.0	2940.5	2012.0	1328.5	1971.0	1554.0	1862.0	2708.0	2473.5	65.0	1902.5	41.0	2362.0	2292.0	1772.5	1029.5	2441.5	72.5	1292.5	1733.0	1631.0	2030.5	2539.0	2703.5	3237.0
ATC	6114.5	7282.5	9009.0	5548.0	4026.5	5438.0	3000.0	3831.0	2718.0	4406.5	2337.0	2883.0	2785.5	8261.0	6605.5	5596.0	4444.0	4263.5	6487.5	3331.5	4031.0	4429.5	2717.5	3911.0	2177.5	3486.5	2202.0	1906.5	2552.0	7172.5	6872.0	4576.0	7548.0	8097.5	9397.0	7237.5	5102.0	7441.5	3006.0	5875.0	4813.5	6542.5	3250.0	4102.0	2293.0	5974.5	5695.5	4060.0	87.0	5338.0	69.0	3515.5	3421.0	4711.5	2565.0	3784.5	109.5	3175.5	4147.5	2193.0	2513.5	7603.5	4970.0	4781.0
ATG	8574.0	6504.0	8869.5	6578.0	4807.5	4374.0	3062.0	4186.0	3534.5	4435.5	2737.0	3759.0	3422.0	6605.5	8544.0	6351.0	5231.0	3852.5	6988.0	3781.0	4538.5	3629.0	2838.5	3993.0	2395.5	3032.0	2343.0	2080.5	2711.0	5894.0	7073.0	4626.0	9266.0	7490.0	9782.0	8387.0	5379.5	6275.0	3505.5	6037.0	4948.0	5676.5	3246.0	4421.0	2939.0	5228.5	7052.0	4770.5	116.0	5182.5	87.0	4518.5	4118.0	4032.5	2916.0	4181.0	148.0	3041.0	3904.0	2839.0	3324.0	6949.5	5810.0	6116.5
ATT	8243.5	5494.0	7402.5	6857.5	4711.0	3663.5	2118.0	4227.0	3629.5	3302.5	2160.0	3647.5	3465.0	5596.0	6351.0	6712.0	4963.5	2896.0	5406.5	3789.0	4482.5	2751.5	1937.5	3902.5	1958.0	1842.0	1622.0	1679.0	2535.0	4470.5	5450.0	4697.0	9089.0	5853.5	7221.5	8096.0	4931.5	5002.0	2417.5	5867.5	5284.0	4484.0	2602.0	4228.0	2721.0	4168.5	5073.0	4732.5	109.5	3767.5	67.0	4333.0	3949.5	3155.0	2069.5	4343.0	109.0	2432.5	3358.0	2955.0	3548.5	5201.0	5256.0	5979.0
CAA	8257.5	4751.0	7372.5	5598.5	4457.0	3776.0	2023.5	4015.5	3565.0	3494.5	2084.5	3441.0	2839.0	4444.0	5231.0	4963.5	6764.0	3147.5	7080.5	3539.5	4722.0	3212.0	2256.5	4320.5	2190.0	2171.5	1699.5	1912.0	2348.5	4170.5	4585.0	4227.5	10056.5	5424.0	7640.5	6864.0	4797.5	4928.5	2362.5	5309.0	4046.5	3731.0	1927.5	3198.0	2378.0	3426.5	4062.5	3760.0	101.0	3302.5	61.0	3554.0	3865.5	3456.5	2189.5	4228.5	117.0	1992.0	2732.5	2250.5	2967.5	4215.0	3990.5	4578.5
CAC	3886.0	4189.5	5324.5	3174.0	2516.0	3282.0	1935.0	2222.5	1799.0	2807.5	1551.0	1798.5	1561.0	4263.5	3852.5	2896.0	3147.5	3808.0	4179.0	2662.0	2596.5	2968.5	1941.5	2534.5	1538.5	2593.5	1460.0	1524.5	1488.5	4333.5	3898.0	2625.5	4477.5	4940.5	5637.0	4143.5	2903.5	4254.0	2018.0	3234.5	2494.5	3676.0	1837.5	2349.5	1342.5	3438.5	3232.0	2383.0	61.5	3230.5	48.5	2046.5	2144.5	3010.0	1794.5	2384.5	83.0	2009.0	2349.0	1415.5	1382.5	4218.5	2705.0	2777.0
CAG	7315.5	6681.5	10690.5	5892.5	4332.0	4953.0	3442.0	4057.5	3243.5	4765.5	3168.0	3489.5	3001.0	6487.5	6988.0	5406.5	7080.5	4179.0	10790.0	3808.5	4792.0	4352.5	3583.0	4543.5	2665.0	4008.5	2745.0	2705.0	2533.0	6219.5	6865.5	4688.5	9441.5	7771.0	12186.0	7892.5	5743.5	7070.5	4272.5	6521.5	4487.0	5948.0	3231.0	4196.0	2532.0	5414.5	5948.0	4415.5	105.5	4985.0	97.0	3826.0	3929.0	4491.5	3375.0	4199.5	132.0	2536.5	4008.0	2142.5	2867.5	6307.0	5155.0	4718.5
CAT	5261.0	3502.0	4437.0	4096.5	3082.0	2413.5	1424.0	2803.0	2421.0	2301.0	1455.5	2467.5	1981.0	3331.5	3781.0	3789.0	3539.5	2662.0	3808.5	3245.0	3067.0	2014.0	1499.5	2726.0	1519.0	1609.0	1272.5	1341.0	1611.5	2904.5	3301.0	2931.5	5963.0	3767.0	4514.5	5031.5	3148.0	2993.5	1583.0	3524.5	3017.0	2799.5	1590.0	2490.5	1723.5	2654.0	3014.5	2953.5	72.5	2536.0	51.0	2723.0	2786.5	2237.0	1512.0	2856.0	88.5	1596.5	2148.0	1904.0	2086.0	3268.5	2994.5	3475.0
CCA	6631.0	4263.5	5835.0	4959.5	4713.5	3622.0	2089.0	4027.0	2999.0	3249.5	1821.0	3071.0	2680.5	4031.0	4538.5	4482.5	4722.0	2596.5	4792.0	3067.0	6948.0	3956.5	3172.5	5624.0	1979.5	1981.0	1397.0	1632.0	1952.0	3522.5	3693.5	3348.0	7573.0	4592.0	5879.5	6104.0	4612.0	4025.5	2169.5	4613.0	3961.5	3540.0	2016.5	3509.5	2437.5	3415.5	4216.5	3989.5	93.0	3208.5	59.0	3362.0	4339.5	3412.5	2240.5	4152.0	100.0	1955.0	2582.0	2188.0	2434.0	4099.5	3564.5	4294.5
CCC	3431.0	4173.5	5390.0	2671.5	2676.0	4191.0	2135.5	2541.5	1580.0	3095.0	1520.0	1727.5	1374.0	4429.5	3629.0	2751.5	3212.0	2968.5	4352.5	2014.0	3956.5	5125.0	2976.5	4053.0	1552.0	2852.0	1460.5	1518.0	1370.5	4376.5	3550.5	2530.5	4440.0	5034.5	5852.0	4024.0	3103.0	5211.0	2360.5	3692.5	2598.5	4265.0	1842.5	2628.5	1323.5	3759.5	3185.5	2566.5	63.0	3385.0	48.0	1930.5	2468.5	3934.0	2303.0	2981.0	73.0	1604.5	2345.0	1218.0	1102.5	4486.0	2355.0	2623.5
CCG	2333.0	2564.5	4014.5	1891.0	1917.0	2517.0	1843.0	1742.5	1245.5	2381.0	1425.0	1428.5	998.5	2717.5	2838.5	1937.5	2256.5	1941.5	3583.0	1499.5	3172.5	2976.5	3115.0	3031.5	1235.0	1858.5	1356.0	1047.5	958.0	2716.0	3280.0	1721.5	3124.0	3517.0	4768.5	2955.5	2362.0	3249.0	2400.0	2707.0	2148.5	2924.5	1875.5	1888.0	1007.0	2422.5	3076.0	1882.5	40.0	2194.0	42.0	1406.5	1873.5	2453.0	2040.5	2018.5	67.0	1320.5	1903.5	972.5	748.5	3051.5	2007.0	2006.5
CCT	5646.0	3945.5	5393.5	4216.5	3899.5	3488.0	1994.0	3726.5	2705.0	3070.5	1752.5	2768.0	2235.0	3911.0	3993.0	3902.5	4320.5	2534.5	4543.5	2726.0	5624.0	4053.0	3031.5	5802.0	1850.0	2138.0	1426.5	1709.5	1715.5	3461.0	3379.5	3218.5	6479.0	4583.0	5772.0	5515.5	3951.5	4206.5	2144.5	4649.0	3753.0	3844.0	2037.5	3259.0	2092.0	3578.0	3450.5	3615.5	81.5	3133.5	61.0	2971.0	3550.5	3478.0	2134.0	4151.0	89.0	1750.0	2368.0	1971.5	2122.0	3938.5	3118.0	3770.0
CGA	3111.5	2165.5	3482.0	2078.5	1750.5	1696.0	1070.0	1635.0	1781.5	1818.5	1208.0	1507.0	1004.5	2177.5	2395.5	1958.0	2190.0	1538.5	2665.0	1519.0	1979.5	1552.0	1235.0	1850.0	1413.0	1566.0	1185.5	1193.5	1051.5	2172.0	2294.5	1827.0	4074.0	2954.5	4133.0	3033.5	2198.5	2496.5	1343.5	2472.5	1997.0	2113.5	1202.0	1609.5	965.0	1747.0	1994.0	1578.5	45.0	1637.0	36.0	1483.5	1612.5	1786.0	1187.0	1929.5	64.5	1056.5	1536.0	997.0	962.0	2305.0	1728.0	2052.0
CGC	2652.0	3371.0	4874.5	1892.5	1768.0	2912.5	1630.5	1642.5	1392.5	2753.5	1376.0	1434.5	852.5	3486.5	3032.0	1842.0	2171.5	2593.5	4008.5	1609.0	1981.0	2852.0	1858.5	2138.0	1566.0	3534.0	1682.0	1557.5	1048.5	4005.0	3599.0	1982.5	3687.0	4707.5	6136.5	3072.0	2293.5	4541.5	2195.0	2878.5	1983.5	3587.5	1426.0	1825.0	844.0	2847.0	2645.5	1644.5	41.0	2687.5	40.0	1423.0	1639.0	2983.0	1720.0	2064.0	62.0	1537.0	2200.5	868.5	709.5	3656.0	1848.0	2052.0
CGG	2209.5	2223.0	3773.5	1704.5	1305.0	1609.5	1342.5	1235.0	1140.5	1821.0	1367.5	1172.0	840.0	2202.0	2343.0	1622.0	1699.5	1460.0	2745.0	1272.5	1397.0	1460.5	1356.0	1426.5	1185.5	1682.0	1378.0	1071.0	823.0	2011.5	2481.0	1532.0	3093.5	2983.5	4746.5	2746.0	1818.0	2358.0	1804.0	2019.0	1513.5	2096.0	1449.5	1444.5	773.0	1775.5	2216.5	1422.5	35.0	1649.5	41.0	1165.0	1257.0	1618.0	1364.0	1441.0	65.0	948.0	1583.5	719.0	720.0	2250.5	1733.5	1615.5
CGT	2508.0	2004.0	3224.0	1707.5	1437.5	1629.5	947.0	1405.5	1386.5	1721.0	993.5	1269.0	813.5	1906.5	2080.5	1679.0	1912.0	1524.5	2705.0	1341.0	1632.0	1518.0	1047.5	1709.5	1193.5	1557.5	1071.0	1457.0	876.0	2028.0	2133.5	1634.0	3325.0	2638.5	3954.0	2616.0	1952.0	2519.5	1207.5	2327.5	1717.5	2115.5	1078.5	1771.0	807.0	1704.0	1934.0	1489.5	40.0	1532.0	32.0	1287.5	1358.5	1642.5	1072.0	1636.0	49.5	1029.5	1468.0	928.5	813.5	2085.0	1560.0	1751.5
CTA	3433.0	2364.0	3123.0	2705.0	1997.0	1761.5	929.5	1657.0	1499.0	1575.0	944.0	1405.0	1510.0	2552.0	2711.0	2535.0	2348.5	1488.5	2533.0	1611.5	1952.0	1370.5	958.0	1715.5	1051.5	1048.5	823.0	876.0	1425.0	2460.0	2616.0	2192.0	3929.5	2637.5	3208.5	3232.5	2338.0	2402.0	1145.5	2443.0	1980.0	2011.0	1035.0	1621.5	1199.0	1862.0	2119.0	1860.5	46.0	1729.0	31.0	1737.0	1749.0	1629.5	1016.0	1809.0	50.0	1094.5	1503.0	1130.0	1601.0	2359.0	2272.0	2290.0
CTC	4706.5	6329.5	7560.0	3852.0	3404.0	5095.5	2521.0	3222.0	2198.0	4073.5	2054.0	2187.5	2163.5	7172.5	5894.0	4470.5	4170.5	4333.5	6219.5	2904.5	3522.5	4376.5	2716.0	3461.0	2172.0	4005.0	2011.5	2028.0	2460.0	8644.0	6889.5	4730.0	6387.0	7064.0	8121.0	5745.5	4597.5	7385.0	3060.5	5188.5	3726.5	5678.5	2563.0	3496.0	1883.0	5597.0	4822.5	3458.0	74.0	4789.0	62.0	2778.0	2986.0	4964.5	2492.5	3462.5	99.5	3002.0	3671.5	1784.5	1955.5	7201.0	4197.0	4206.5
CTG	6348.5	6103.0	9145.0	5126.0	3644.0	4187.0	3477.0	3415.0	2645.0	3959.5	2785.0	2864.0	3056.0	6872.0	7073.0	5450.0	4585.0	3898.0	6865.5	3301.0	3693.5	3550.5	3280.0	3379.5	2294.5	3599.0	2481.0	2133.5	2616.0	6889.5	8396.0	4976.0	7741.0	7588.5	9866.5	7056.0	5051.0	6388.0	4353.0	5797.5	4275.5	5590.0	3196.0	3934.0	2465.0	5582.5	6246.5	4443.0	82.0	4821.5	81.0	3421.0	3231.5	3915.5	3238.0	3535.5	116.0	2879.5	4049.0	2423.0	2699.5	6763.5	6034.5	5221.0
CTT	6108.5	4207.0	5527.0	4748.0	3487.5	3086.0	1680.0	3235.0	2628.5	2700.5	1699.0	2575.0	2590.0	4576.0	4626.0	4697.0	4227.5	2625.5	4688.5	2931.5	3348.0	2530.5	1721.5	3218.5	1827.0	1982.5	1532.0	1634.0	2192.0	4730.0	4976.0	4265.0	6920.5	4955.0	6003.0	5901.0	4120.5	4559.5	2110.0	4815.5	3866.0	3773.5	1901.0	3172.0	2081.0	3663.0	3577.0	3703.5	86.0	3104.5	56.0	3061.5	3100.5	2917.0	1796.5	3512.5	90.0	1957.5	2675.5	2104.5	2678.5	4475.5	4255.0	4522.0
GAA	17935.0	8326.0	15502.5	10466.5	8363.5	5549.0	3275.5	7090.5	7678.0	5861.0	4774.5	6856.0	5296.0	7548.0	9266.0	9089.0	10056.5	4477.5	9441.5	5963.0	7573.0	4440.0	3124.0	6479.0	4074.0	3687.0	3093.5	3325.0	3929.5	6387.0	7741.0	6920.5	22509.0	10678.0	16324.0	15242.5	8909.5	7536.5	3923.0	9498.0	7390.5	6031.0	3576.5	6120.0	4676.0	6082.0	7817.0	7497.0	182.5	5456.5	104.0	6182.5	7260.0	5118.5	3242.0	7343.5	184.5	3379.5	5000.0	4357.5	5185.0	7057.5	7705.0	8335.5
GAC	7960.0	8144.5	12200.5	6307.0	4928.5	6311.5	3712.5	4524.5	3542.5	6138.5	3382.0	3717.0	3021.5	8097.5	7490.0	5853.5	5424.0	4940.5	7771.0	3767.0	4592.0	5034.5	3517.0	4583.0	2954.5	4707.5	2983.5	2638.5	2637.5	7064.0	7588.5	4955.0	10678.0	12283.0	13440.5	10186.5	5716.0	8045.0	4030.0	6630.0	5004.5	7254.5	3828.5	4747.5	2730.5	6699.5	6965.0	4744.5	106.0	6164.0	92.0	4074.5	4261.0	5686.0	3360.0	4807.5	145.0	3369.5	4811.0	2435.0	2572.5	7908.0	5150.0	5491.0
GAG	12911.5	9804.0	20706.5	7587.5	6278.5	7039.0	5054.0	5488.5	5469.0	7527.5	5878.0	5192.5	3782.0	9397.0	9782.0	7221.5	7640.5	5637.0	12186.0	4514.5	5879.5	5852.0	4768.5	5772.0	4133.0	6136.5	4746.5	3954.0	3208.5	8121.0	9866.5	6003.0	16324.0	13440.5	24878.0	12914.5	8118.0	10295.5	6627.0	9076.5	6067.0	8470.5	5595.5	5802.5	3461.0	7707.5	10238.0	6188.5	158.0	7178.5	155.0	4735.5	4961.5	6224.0	4596.0	5687.5	221.0	4025.5	6013.5	3051.5	3384.0	9137.0	7261.0	6597.0
GAT	12325.5	7655.0	11522.5	8952.0	7013.5	5605.0	3352.0	6296.5	5538.5	5590.0	3591.0	5967.0	4401.5	7237.5	8387.0	8096.0	6864.0	4143.5	7892.5	5031.5	6104.0	4024.0	2955.5	5515.5	3033.5	3072.0	2746.0	2616.0	3232.5	5745.5	7056.0	5901.0	15242.5	10186.5	12914.5	13784.0	6691.5	6810.5	3522.0	7784.0	6692.0	6339.0	3786.0	5551.0	3885.5	5813.5	7186.0	6478.0	151.5	5422.0	104.0	5789.0	5994.5	4977.5	3313.0	6475.0	175.0	3135.0	5005.5	3942.0	4179.5	7185.5	6364.0	7861.0
GCA	7504.0	4770.5	7264.0	5370.5	4867.5	3888.5	2322.5	3912.5	3453.0	3783.5	2221.0	3404.5	2833.5	5102.0	5379.5	4931.5	4797.5	2903.5	5743.5	3148.0	4612.0	3103.0	2362.0	3951.5	2198.5	2293.5	1818.0	1952.0	2338.0	4597.5	5051.0	4120.5	8909.5	5716.0	8118.0	6691.5	6685.0	5953.0	3208.5	6346.5	4497.5	4491.0	2579.5	3840.0	2664.0	4224.5	5047.0	4110.5	87.0	3473.0	65.0	3375.5	3964.5	3558.5	2386.5	4014.0	108.5	2226.5	2961.5	2420.0	2778.0	4765.5	4322.0	4743.5
GCC	5455.0	6646.5	8956.0	4353.5	3981.5	6084.5	3217.0	3936.5	2522.5	4700.0	2631.5	2763.5	2297.0	7441.5	6275.0	5002.0	4928.5	4254.0	7070.5	2993.5	4025.5	5211.0	3249.0	4206.5	2496.5	4541.5	2358.0	2519.5	2402.0	7385.0	6388.0	4559.5	7536.5	8045.0	10295.5	6810.5	5953.0	10016.0	4476.5	7513.0	4295.5	6786.0	2945.5	4593.5	2242.5	6394.5	5692.5	4211.5	88.0	5024.0	74.0	3012.5	3479.0	5465.5	3241.0	4150.5	109.0	2820.0	3620.0	1945.0	2022.0	6976.0	4468.0	4453.5
GCG	2780.5	2948.5	4902.0	2326.0	2051.0	2583.5	2161.5	1844.5	1492.0	2835.0	1870.0	1634.0	1176.5	3006.0	3505.5	2417.5	2362.5	2018.0	4272.5	1583.0	2169.5	2360.5	2400.0	2144.5	1343.5	2195.0	1804.0	1207.5	1145.5	3060.5	4353.0	2110.0	3923.0	4030.0	6627.0	3522.0	3208.5	4476.5	3968.0	3641.0	2600.0	3693.5	2396.0	2319.5	1147.0	2623.5	4149.0	2273.0	49.0	2233.5	47.0	1532.0	1833.5	2398.5	2110.0	2069.0	74.0	1522.5	2193.0	1062.0	907.0	3168.0	2638.5	2309.0
GCT	7724.5	5563.5	8273.0	5726.5	4905.5	4568.5	2550.5	4821.0	3671.5	4089.0	2511.5	3800.5	2926.0	5875.0	6037.0	5867.5	5309.0	3234.5	6521.5	3524.5	4613.0	3692.5	2707.0	4649.0	2472.5	2878.5	2019.0	2327.5	2443.0	5188.5	5797.5	4815.5	9498.0	6630.0	9076.5	7784.0	6346.5	7513.0	3641.0	8488.0	5144.5	5476.0	2929.0	4824.5	2783.0	5109.0	5531.5	4857.5	104.0	3870.5	79.0	3829.5	4314.5	4142.5	2711.0	4804.5	128.0	2486.5	3363.0	2661.5	3019.0	5438.5	5029.5	5205.0
GGA	6712.0	4584.0	6078.5	5271.0	4216.5	3352.0	2119.0	3846.5	3077.5	3583.5	2102.0	3468.5	2940.5	4813.5	4948.0	5284.0	4046.5	2494.5	4487.0	3017.0	3961.5	2598.5	2148.5	3753.0	1997.0	1983.5	1513.5	1717.5	1980.0	3726.5	4275.5	3866.0	7390.5	5004.5	6067.0	6692.0	4497.5	4295.5	2600.0	5144.5	6753.0	5215.5	3088.5	5672.0	2654.0	4143.5	4785.0	4431.5	105.0	3600.5	74.5	3759.5	3609.5	2942.5	2119.0	3824.5	130.5	2407.0	3112.5	2782.5	2662.5	4726.5	3967.0	4901.5
GGC	4722.0	5913.5	7817.5	3966.5	3554.0	5014.0	2969.0	3453.0	2265.0	4894.0	2395.5	2911.5	2012.0	6542.5	5676.5	4484.0	3731.0	3676.0	5948.0	2799.5	3540.0	4265.0	2924.5	3844.0	2113.5	3587.5	2096.0	2115.5	2011.0	5678.5	5590.0	3773.5	6031.0	7254.5	8470.5	6339.0	4491.0	6786.0	3693.5	5476.0	5215.5	7959.0	3457.5	5582.5	2122.5	5758.0	5486.5	3784.5	81.0	4736.5	76.0	2926.5	3111.5	4418.5	2882.5	3665.0	118.0	2862.0	3844.0	2057.0	1685.5	6584.5	3747.0	4351.0
GGG	3057.0	2943.5	4529.0	2473.0	2013.5	2254.5	1915.5	1891.5	1502.0	2545.5	1949.0	1932.5	1328.5	3250.0	3246.0	2602.0	1927.5	1837.5	3231.0	1590.0	2016.5	1842.5	1875.5	2037.5	1202.0	1426.0	1449.5	1078.5	1035.0	2563.0	3196.0	1901.0	3576.5	3828.5	5595.5	3786.0	2579.5	2945.5	2396.0	2929.0	3088.5	3457.5	3262.0	2552.5	1294.0	2748.0	3873.0	2414.5	62.0	2381.0	66.0	1876.0	1719.0	2102.0	1792.0	1952.0	107.0	1448.5	2323.5	1226.0	1185.5	3295.5	2446.0	2555.0
GGT	5120.5	3783.0	5735.5	3914.5	3437.0	3303.5	1878.5	3252.5	2591.5	3232.5	1688.0	3130.5	1971.0	4102.0	4421.0	4228.0	3198.0	2349.5	4196.0	2490.5	3509.5	2628.5	1888.0	3259.0	1609.5	1825.0	1444.5	1771.0	1621.5	3496.0	3934.0	3172.0	6120.0	4747.5	5802.5	5551.0	3840.0	4593.5	2319.5	4824.5	5672.0	5582.5	2552.5	6005.0	2047.5	3669.5	4203.5	3713.0	79.0	2999.5	59.0	2911.0	2930.0	2918.0	2022.5	3515.0	93.0	2048.5	2919.0	2333.5	1959.0	4074.0	3375.5	4025.5
GTA	3911.0	2425.0	3404.0	3068.5	2497.5	1701.5	991.5	2127.5	1817.0	1680.5	1068.0	1934.0	1554.0	2293.0	2939.0	2721.0	2378.0	1342.5	2532.0	1723.5	2437.5	1323.5	1007.0	2092.0	965.0	844.0	773.0	807.0	1199.0	1883.0	2465.0	2081.0	4676.0	2730.5	3461.0	3885.5	2664.0	2242.5	1147.0	2783.0	2654.0	2122.5	1294.0	2047.5	1512.0	1883.5	2539.5	2273.5	51.0	1677.5	35.0	1875.0	1995.0	1502.5	966.5	2149.0	58.0	1109.5	1666.5	1445.0	1576.0	2186.0	2245.5	2556.0
GTC	4551.5	5556.5	7348.5	4010.5	3270.5	4531.0	2271.0	3205.5	2185.0	3775.0	1977.5	2348.0	1862.0	5974.5	5228.5	4168.5	3426.5	3438.5	5414.5	2654.0	3415.5	3759.5	2422.5	3578.0	1747.0	2847.0	1775.5	1704.0	1862.0	5597.0	5582.5	3663.0	6082.0	6699.5	7707.5	5813.5	4224.5	6394.5	2623.5	5109.0	4143.5	5758.0	2748.0	3669.5	1883.5	5217.0	4849.5	3309.5	72.0	4116.0	61.0	2652.0	2714.5	4022.5	2129.0	3321.5	99.0	2521.0	3528.5	1695.0	1747.0	5852.0	3773.5	3918.5
GTG	6553.0	6019.0	9139.0	5326.5	4156.5	3911.5	3332.0	3530.0	2675.0	4030.5	2587.5	3293.0	2708.0	5695.5	7052.0	5073.0	4062.5	3232.0	5948.0	3014.5	4216.5	3185.5	3076.0	3450.5	1994.0	2645.5	2216.5	1934.0	2119.0	4822.5	6246.5	3577.0	7817.0	6965.0	10238.0	7186.0	5047.0	5692.5	4149.0	5531.5	4785.0	5486.5	3873.0	4203.5	2539.5	4849.5	7970.0	4154.0	81.0	4379.0	81.5	3403.0	3256.5	3602.0	2962.5	3330.5	123.5	2924.5	4005.0	2656.0	2405.0	5930.0	5217.0	5012.5
GTT	6576.0	4122.0	5973.5	5096.5	3910.5	3136.0	1865.5	3698.0	2893.0	2778.5	1823.5	3061.5	2473.5	4060.0	4770.5	4732.5	3760.0	2383.0	4415.5	2953.5	3989.5	2566.5	1882.5	3615.5	1578.5	1644.5	1422.5	1489.5	1860.5	3458.0	4443.0	3703.5	7497.0	4744.5	6188.5	6478.0	4110.5	4211.5	2273.0	4857.5	4431.5	3784.5	2414.5	3713.0	2273.5	3309.5	4154.0	4099.0	88.5	2771.0	62.5	3189.0	3313.5	2735.5	1840.0	3663.0	98.0	1908.5	2753.0	2325.0	2602.0	3891.0	3939.0	4554.0
TAA	233.5	96.0	223.5	128.0	104.0	81.0	44.0	99.5	88.5	87.0	62.0	84.0	65.0	87.0	116.0	109.5	101.0	61.5	105.5	72.5	93.0	63.0	40.0	81.5	45.0	41.0	35.0	40.0	46.0	74.0	82.0	86.0	182.5	106.0	158.0	151.5	87.0	88.0	49.0	104.0	105.0	81.0	62.0	79.0	51.0	72.0	81.0	88.5	0.0	83.0	0.0	88.0	92.0	75.0	50.0	103.0	1.0	54.0	72.0	60.5	70.0	100.5	94.0	129.0
TAC	4760.5	5481.5	6704.5	4175.0	3087.5	3781.0	2203.0	2757.5	2299.0	3442.5	1868.5	2269.5	1902.5	5338.0	5182.5	3767.5	3302.5	3230.5	4985.0	2536.0	3208.5	3385.0	2194.0	3133.5	1637.0	2687.5	1649.5	1532.0	1729.0	4789.0	4821.5	3104.5	5456.5	6164.0	7178.5	5422.0	3473.0	5024.0	2233.5	3870.5	3600.5	4736.5	2381.0	2999.5	1677.5	4116.0	4379.0	2771.0	83.0	4813.0	70.0	3212.0	2463.0	3335.5	1939.5	2792.5	102.0	2434.0	3312.0	1825.0	1754.5	5518.5	3347.5	3740.0
TAG	123.5	75.5	174.5	75.0	65.5	58.0	45.0	65.0	56.0	76.0	63.0	58.0	41.0	69.0	87.0	67.0	61.0	48.5	97.0	51.0	59.0	48.0	42.0	61.0	36.0	40.0	41.0	32.0	31.0	62.0	81.0	56.0	104.0	92.0	155.0	104.0	65.0	74.0	47.0	79.0	74.5	76.0	66.0	59.0	35.0	61.0	81.5	62.5	0.0	70.0	0.0	60.0	58.0	54.0	48.0	61.5	0.0	40.0	68.0	39.0	38.0	83.0	75.0	79.0
TAT	5514.5	3874.5	4928.5	4822.5	3360.5	2426.5	1411.0	3057.5	2743.0	2319.0	1653.5	2725.0	2362.0	3515.5	4518.5	4333.0	3554.0	2046.5	3826.0	2723.0	3362.0	1930.5	1406.5	2971.0	1483.5	1423.0	1165.0	1287.5	1737.0	2778.0	3421.0	3061.5	6182.5	4074.5	4735.5	5789.0	3375.5	3012.5	1532.0	3829.5	3759.5	2926.5	1876.0	2911.0	1875.0	2652.0	3403.0	3189.0	88.0	3212.0	60.0	3751.0	2750.5	2226.5	1421.5	3019.0	94.0	1714.5	2678.0	2157.0	2313.5	3651.0	3368.5	4324.5
TCA	6381.5	3876.0	4665.5	4792.5	4254.5	2937.0	1831.0	3737.5	2928.5	3026.0	1646.5	3403.0	2292.0	3421.0	4118.0	3949.5	3865.5	2144.5	3929.0	2786.5	4339.5	2468.5	1873.5	3550.5	1612.5	1639.0	1257.0	1358.5	1749.0	2986.0	3231.5	3100.5	7260.0	4261.0	4961.5	5994.5	3964.5	3479.0	1833.5	4314.5	3609.5	3111.5	1719.0	2930.0	1995.0	2714.5	3256.5	3313.5	92.0	2463.0	58.0	2750.5	4497.0	3388.0	2352.5	4608.0	107.5	1551.5	2160.0	1984.5	2326.5	3462.5	3318.5	3952.5
TCC	4408.5	4718.5	5608.0	3732.0	3088.5	4395.0	2307.0	2996.0	2015.5	3731.0	1633.5	2453.5	1772.5	4711.5	4032.5	3155.0	3456.5	3010.0	4491.5	2237.0	3412.5	3934.0	2453.0	3478.0	1786.0	2983.0	1618.0	1642.5	1629.5	4964.5	3915.5	2917.0	5118.5	5686.0	6224.0	4977.5	3558.5	5465.5	2398.5	4142.5	2942.5	4418.5	2102.0	2918.0	1502.5	4022.5	3602.0	2735.5	75.0	3335.5	54.0	2226.5	3388.0	5341.0	2815.0	3893.0	88.0	1927.0	2360.5	1436.5	1632.5	4780.0	2875.5	3084.0
TCG	2349.5	2746.5	3838.5	2088.5	2017.0	2368.0	1747.0	1900.5	1305.0	2692.5	1367.5	1642.5	1029.5	2565.0	2916.0	2069.5	2189.5	1794.5	3375.0	1512.0	2240.5	2303.0	2040.5	2134.0	1187.0	1720.0	1364.0	1072.0	1016.0	2492.5	3238.0	1796.5	3242.0	3360.0	4596.0	3313.0	2386.5	3241.0	2110.0	2711.0	2119.0	2882.5	1792.0	2022.5	966.5	2129.0	2962.5	1840.0	50.0	1939.5	48.0	1421.5	2352.5	2815.0	2420.0	2535.5	72.5	1284.5	1778.0	879.0	869.5	2875.0	2175.5	2130.5
TCT	6544.5	4176.5	5348.5	5064.0	4130.5	3430.5	1909.0	4001.0	3140.0	3336.5	1752.0	3525.5	2441.5	3784.5	4181.0	4343.0	4228.5	2384.5	4199.5	2856.0	4152.0	2981.0	2018.5	4151.0	1929.5	2064.0	1441.0	1636.0	1809.0	3462.5	3535.5	3512.5	7343.5	4807.5	5687.5	6475.0	4014.0	4150.5	2069.0	4804.5	3824.5	3665.0	1952.0	3515.0	2149.0	3321.5	3330.5	3663.0	103.0	2792.5	61.5	3019.0	4608.0	3893.0	2535.5	5200.0	101.0	1644.0	2262.0	1975.0	2490.0	3793.0	3571.0	4172.5
TGA	201.5	117.5	245.0	127.5	107.5	95.0	76.0	100.0	105.5	112.5	106.0	95.0	72.5	109.5	148.0	109.0	117.0	83.0	132.0	88.5	100.0	73.0	67.0	89.0	64.5	62.0	65.0	49.5	50.0	99.5	116.0	90.0	184.5	145.0	221.0	175.0	108.5	109.0	74.0	128.0	130.5	118.0	107.0	93.0	58.0	99.0	123.5	98.0	1.0	102.0	0.0	94.0	107.5	88.0	72.5	101.0	2.0	77.0	118.0	70.0	69.0	136.0	117.0	121.0
TGC	3124.5	3130.0	3812.5	2573.5	1934.0	2111.5	1407.5	1705.0	1422.0	1961.0	1083.5	1478.0	1292.5	3175.5	3041.0	2432.5	1992.0	2009.0	2536.5	1596.5	1955.0	1604.5	1320.5	1750.0	1056.5	1537.0	948.0	1029.5	1094.5	3002.0	2879.5	1957.5	3379.5	3369.5	4025.5	3135.0	2226.5	2820.0	1522.5	2486.5	2407.0	2862.0	1448.5	2048.5	1109.5	2521.0	2924.5	1908.5	54.0	2434.0	40.0	1714.5	1551.5	1927.0	1284.5	1644.0	77.0	4211.0	1928.0	3162.0	1140.0	3338.0	2246.5	2397.0
TGG	4204.0	3928.0	5305.5	3602.0	2585.5	2764.0	1877.5	2331.0	2056.5	2718.0	1734.0	2043.0	1733.0	4147.5	3904.0	3358.0	2732.5	2349.0	4008.0	2148.0	2582.0	2345.0	1903.5	2368.0	1536.0	2200.5	1583.5	1468.0	1503.0	3671.5	4049.0	2675.5	5000.0	4811.0	6013.5	5005.5	2961.5	3620.0	2193.0	3363.0	3112.5	3844.0	2323.5	2919.0	1666.5	3528.5	4005.0	2753.0	72.0	3312.0	68.0	2678.0	2160.0	2360.5	1778.0	2262.0	118.0	1928.0	3589.0	1649.0	1678.0	4412.5	3057.0	3431.0
TGT	3729.5	2455.5	3021.5	3262.5	2326.5	1533.5	981.5	1960.0	1706.0	1600.0	965.0	1881.5	1631.0	2193.0	2839.0	2955.0	2250.5	1415.5	2142.5	1904.0	2188.0	1218.0	972.5	1971.5	997.0	868.5	719.0	928.5	1130.0	1784.5	2423.0	2104.5	4357.5	2435.0	3051.5	3942.0	2420.0	1945.0	1062.0	2661.5	2782.5	2057.0	1226.0	2333.5	1445.0	1695.0	2656.0	2325.0	60.5	1825.0	39.0	2157.0	1984.5	1436.5	879.0	1975.0	70.0	3162.0	1649.0	3769.0	1648.5	2296.5	2483.5	3034.0
TTA	4431.0	2627.5	3809.0	3721.5	2590.5	1643.5	842.5	2316.0	2256.5	1598.0	1223.5	2085.5	2030.5	2513.5	3324.0	3548.5	2967.5	1382.5	2867.5	2086.0	2434.0	1102.5	748.5	2122.0	962.0	709.5	720.0	813.5	1601.0	1955.5	2699.5	2678.5	5185.0	2572.5	3384.0	4179.5	2778.0	2022.0	907.0	3019.0	2662.5	1685.5	1185.5	1959.0	1576.0	1747.0	2405.0	2602.0	70.0	1754.5	38.0	2313.5	2326.5	1632.5	869.5	2490.0	69.0	1140.0	1678.0	1648.5	2233.0	2387.5	3062.0	3291.0
TTC	6204.0	7126.0	8478.5	5374.0	3990.5	5268.5	2971.5	3749.5	2782.5	4539.5	2388.0	2867.0	2539.0	7603.5	6949.5	5201.0	4215.0	4218.5	6307.0	3268.5	4099.5	4486.0	3051.5	3938.5	2305.0	3656.0	2250.5	2085.0	2359.0	7201.0	6763.5	4475.5	7057.5	7908.0	9137.0	7185.5	4765.5	6976.0	3168.0	5438.5	4726.5	6584.5	3295.5	4074.0	2186.0	5852.0	5930.0	3891.0	100.5	5518.5	83.0	3651.0	3462.5	4780.0	2875.0	3793.0	136.0	3338.0	4412.5	2296.5	2387.5	8646.0	4773.0	5276.5
TTG	6836.5	4847.0	7022.0	5367.0	3843.0	3155.5	2192.5	3420.5	3144.5	3012.0	2105.0	3161.0	2703.5	4970.0	5810.0	5256.0	3990.5	2705.0	5155.0	2994.5	3564.5	2355.0	2007.0	3118.0	1728.0	1848.0	1733.5	1560.0	2272.0	4197.0	6034.5	4255.0	7705.0	5150.0	7261.0	6364.0	4322.0	4468.0	2638.5	5029.5	3967.0	3747.0	2446.0	3375.5	2245.5	3773.5	5217.0	3939.0	94.0	3347.5	75.0	3368.5	3318.5	2875.5	2175.5	3571.0	117.0	2246.5	3057.0	2483.5	3062.0	4773.0	5356.0	5033.5
TTT	7923.0	5015.5	6628.0	6474.5	4437.5	3198.0	2123.0	3941.0	3581.5	3280.5	2065.5	3527.5	3237.0	4781.0	6116.5	5979.0	4578.5	2777.0	4718.5	3475.0	4294.5	2623.5	2006.5	3770.0	2052.0	2052.0	1615.5	1751.5	2290.0	4206.5	5221.0	4522.0	8335.5	5491.0	6597.0	7861.0	4743.5	4453.5	2309.0	5205.0	4901.5	4351.0	2555.0	4025.5	2556.0	3918.5	5012.5	4554.0	129.0	3740.0	79.0	4324.5	3952.5	3084.0	2130.5	4172.5	121.0	2397.0	3431.0	3034.0	3291.0	5276.5	5033.5	6877.0
End	1389.5	746.0	1304.0	703.5	522.5	396.0	259.0	476.5	594.0	524.5	508.5	473.0	385.5	546.0	728.0	588.0	577.0	450.0	767.0	434.5	449.0	312.5	234.0	439.0	273.0	288.0	306.5	227.0	305.0	503.5	643.0	490.5	1010.5	717.0	1059.0	781.5	549.5	521.0	277.0	613.0	487.5	478.0	413.0	414.5	362.5	483.0	617.5	526.5	4448.5	551.5	3378.5	487.5	534.5	445.0	287.0	567.0	5198.0	395.0	526.5	387.0	426.0	698.0	613.5	723.0
