	M	W	C	D	E	F	H	K	N	Q	Y	I	A	G	P	T	V	L	R	S
Start	3722.0	49.0	37.0	334.0	369.0	203.0	134.0	623.0	396.0	259.0	118.0	414.0	533.0	237.0	280.0	618.0	268.0	488.0	471.0	695.0
M	1396.0	629.0	472.0	2639.0	2722.0	2059.0	1107.0	1782.0	1527.0	1701.0	1417.0	2829.0	5011.0	3929.0	2299.0	2776.0	3777.0	5511.0	2851.0	3016.0
W	629.0	554.0	260.0	1611.0	1702.0	1223.0	656.0	1028.0	933.0	1032.0	839.0	1449.0	2684.0	2332.0	1553.0	1481.0	1949.0	3043.0	1797.0	1650.0
C	472.0	260.0	960.0	1036.0	1098.0	788.0	490.0	623.0	600.0	601.0	563.0	1157.0	2040.0	1695.0	942.0	1056.0	1551.0	2263.0	1084.0	1127.0
D	2639.0	1611.0	1036.0	6534.0	7714.0	4930.0	2705.0	5581.0	3915.0	4447.0	3577.0	7201.0	11302.0	8458.0	5354.0	7103.0	9121.0	12128.0	7729.0	7088.0
E	2722.0	1702.0	1098.0	7714.0	9906.0	4920.0	2886.0	6488.0	3874.0	5245.0	3652.0	7082.0	13544.0	9264.0	6282.0	7253.0	9377.0	13726.0	9626.0	7723.0
F	2059.0	1223.0	788.0	4930.0	4920.0	3628.0	1885.0	3268.0	2911.0	2853.0	2453.0	4649.0	8029.0	7228.0	4220.0	4647.0	6182.0	8769.0	4801.0	5122.0
H	1107.0	656.0	490.0	2705.0	2886.0	1885.0	1380.0	1715.0	1476.0	1674.0	1346.0	2613.0	4439.0	3675.0	2223.0	2574.0	3438.0	4925.0	2982.0	2663.0
K	1782.0	1028.0	623.0	5581.0	6488.0	3268.0	1715.0	4792.0	3108.0	3278.0	2473.0	4664.0	8650.0	6522.0	4073.0	4563.0	6070.0	8586.0	5241.0	4848.0
N	1527.0	933.0	600.0	3915.0	3874.0	2911.0	1476.0	3108.0	2734.0	2393.0	2224.0	4174.0	6528.0	5297.0	3054.0	4154.0	5418.0	7064.0	4035.0	4050.0
Q	1701.0	1032.0	601.0	4447.0	5245.0	2853.0	1674.0	3278.0	2393.0	3416.0	2187.0	3983.0	8489.0	5679.0	3763.0	4365.0	5367.0	8176.0	5201.0	4676.0
Y	1417.0	839.0	563.0	3577.0	3652.0	2453.0	1346.0	2473.0	2224.0	2187.0	2020.0	3159.0	5739.0	5012.0	2947.0	3297.0	4230.0	5966.0	3511.0	3588.0
I	2829.0	1449.0	1157.0	7201.0	7082.0	4649.0	2613.0	4664.0	4174.0	3983.0	3159.0	7084.0	12820.0	11067.0	5961.0	6746.0	9190.0	12840.0	6827.0	7009.0
A	5011.0	2684.0	2040.0	11302.0	13544.0	8029.0	4439.0	8650.0	6528.0	8489.0	5739.0	12820.0	24548.0	16006.0	9723.0	11346.0	15864.0	23823.0	12506.0	12145.0
G	3929.0	2332.0	1695.0	8458.0	9264.0	7228.0	3675.0	6522.0	5297.0	5679.0	5012.0	11067.0	16006.0	13816.0	7759.0	9852.0	14559.0	18399.0	9343.0	10144.0
P	2299.0	1553.0	942.0	5354.0	6282.0	4220.0	2223.0	4073.0	3054.0	3763.0	2947.0	5961.0	9723.0	7759.0	5758.0	5797.0	7794.0	10411.0	5825.0	6082.0
T	2776.0	1481.0	1056.0	7103.0	7253.0	4647.0	2574.0	4563.0	4154.0	4365.0	3297.0	6746.0	11346.0	9852.0	5797.0	7196.0	8621.0	12038.0	6346.0	7381.0
V	3777.0	1949.0	1551.0	9121.0	9377.0	6182.0	3438.0	6070.0	5418.0	5367.0	4230.0	9190.0	15864.0	14559.0	7794.0	8621.0	12208.0	16417.0	8711.0	9484.0
L	5511.0	3043.0	2263.0	12128.0	13726.0	8769.0	4925.0	8586.0	7064.0	8176.0	5966.0	12840.0	23823.0	18399.0	10411.0	12038.0	16417.0	26646.0	13538.0	13269.0
R	2851.0	1797.0	1084.0	7729.0	9626.0	4801.0	2982.0	5241.0	4035.0	5201.0	3511.0	6827.0	12506.0	9343.0	5825.0	6346.0	8711.0	13538.0	8838.0	7074.0
S	3016.0	1650.0	1127.0	7088.0	7723.0	5122.0	2663.0	4848.0	4050.0	4676.0	3588.0	7009.0	12145.0	10144.0	6082.0	7381.0	9484.0	13269.0	7074.0	8092.0
End	143.0	125.0	94.0	476.0	722.0	347.0	239.0	725.0	357.0	415.0	213.0	403.0	970.0	775.0	477.0	439.0	606.0	910.0	831.0	717.0
