	AAA	AAC	AAG	AAT	ACA	ACC	ACG	ACT	AGA	AGC	AGG	AGT	ATA	ATC	ATG	ATT	CAA	CAC	CAG	CAT	CCA	CCC	CCG	CCT	CGA	CGC	CGG	CGT	CTA	CTC	CTG	CTT	GAA	GAC	GAG	GAT	GCA	GCC	GCG	GCT	GGA	GGC	GGG	GGT	GTA	GTC	GTG	GTT	TAA	TAC	TAG	TAT	TCA	TCC	TCG	TCT	TGA	TGC	TGG	TGT	TTA	TTC	TTG	TTT
AAA	1198.0	583.0	782.0	654.0	318.0	534.0	314.0	316.0	158.0	423.0	104.0	298.0	253.0	807.0	751.0	855.0	523.0	283.0	577.0	385.0	268.0	283.0	396.0	328.0	137.0	483.0	222.0	269.0	156.0	414.0	657.0	473.0	1673.0	821.0	924.0	1168.0	648.0	857.0	576.0	578.0	356.0	714.0	292.0	516.0	361.0	514.0	586.0	563.0	51.0	427.0	18.0	605.0	264.0	274.0	261.0	284.0	32.0	137.0	392.0	117.0	300.0	533.0	460.0	744.0
AAC	583.0	858.0	787.0	470.0	223.0	1026.0	534.0	210.0	86.0	577.0	100.0	181.0	132.0	1344.0	880.0	556.0	367.0	414.0	990.0	299.0	171.0	434.0	657.0	188.0	126.0	892.0	365.0	307.0	107.0	625.0	1453.0	325.0	1022.0	1095.0	1024.0	783.0	445.0	1395.0	900.0	399.0	317.0	1314.0	401.0	492.0	228.0	859.0	1055.0	394.0	17.0	647.0	9.0	455.0	177.0	449.0	433.0	171.0	21.0	233.0	555.0	83.0	164.0	882.0	359.0	477.0
AAG	782.0	787.0	1274.0	496.0	221.0	941.0	536.0	225.0	101.0	581.0	137.0	216.0	141.0	1256.0	901.0	625.0	389.0	414.0	1026.0	334.0	195.0	509.0	724.0	237.0	144.0	827.0	416.0	385.0	111.0	640.0	1455.0	374.0	1499.0	1220.0	1614.0	1051.0	509.0	1472.0	1016.0	486.0	332.0	1170.0	450.0	557.0	249.0	799.0	1030.0	439.0	36.0	616.0	18.0	503.0	184.0	477.0	409.0	208.0	45.0	208.0	523.0	87.0	177.0	818.0	422.0	540.0
AAT	654.0	470.0	496.0	510.0	243.0	470.0	293.0	243.0	112.0	343.0	75.0	211.0	180.0	703.0	617.0	634.0	355.0	226.0	495.0	327.0	169.0	210.0	333.0	222.0	97.0	365.0	190.0	215.0	107.0	323.0	595.0	362.0	906.0	551.0	628.0	811.0	437.0	694.0	527.0	430.0	282.0	644.0	268.0	413.0	253.0	443.0	588.0	429.0	19.0	344.0	8.0	511.0	193.0	222.0	236.0	210.0	15.0	137.0	345.0	95.0	198.0	468.0	367.0	579.0
ACA	318.0	223.0	221.0	243.0	152.0	266.0	180.0	128.0	59.0	179.0	45.0	105.0	86.0	321.0	287.0	309.0	192.0	126.0	239.0	139.0	111.0	132.0	197.0	119.0	61.0	203.0	107.0	108.0	65.0	190.0	316.0	183.0	413.0	296.0	300.0	372.0	259.0	379.0	293.0	219.0	165.0	329.0	155.0	224.0	128.0	231.0	272.0	207.0	10.0	146.0	5.0	190.0	110.0	126.0	122.0	112.0	11.0	66.0	169.0	50.0	115.0	216.0	190.0	266.0
ACC	534.0	1026.0	941.0	470.0	266.0	1364.0	720.0	225.0	93.0	770.0	112.0	206.0	129.0	1631.0	1141.0	561.0	377.0	526.0	1210.0	369.0	206.0	623.0	914.0	242.0	161.0	1201.0	463.0	406.0	109.0	812.0	2012.0	383.0	1288.0	1317.0	1209.0	973.0	586.0	1857.0	1248.0	490.0	424.0	1881.0	581.0	689.0	266.0	1047.0	1406.0	408.0	13.0	678.0	8.0	467.0	179.0	580.0	543.0	166.0	18.0	314.0	679.0	104.0	134.0	1048.0	465.0	472.0
ACG	314.0	534.0	536.0	293.0	180.0	720.0	462.0	144.0	64.0	432.0	81.0	142.0	95.0	867.0	654.0	361.0	236.0	295.0	677.0	233.0	141.0	329.0	564.0	170.0	112.0	580.0	307.0	252.0	71.0	439.0	1113.0	247.0	695.0	708.0	711.0	576.0	391.0	1030.0	785.0	326.0	283.0	957.0	389.0	432.0	174.0	583.0	827.0	280.0	10.0	369.0	7.0	289.0	124.0	323.0	342.0	116.0	16.0	175.0	369.0	71.0	86.0	565.0	326.0	323.0
ACT	316.0	210.0	225.0	243.0	128.0	225.0	144.0	126.0	48.0	149.0	37.0	102.0	72.0	282.0	265.0	307.0	172.0	106.0	203.0	124.0	92.0	110.0	168.0	116.0	49.0	161.0	90.0	99.0	56.0	154.0	257.0	167.0	411.0	259.0	267.0	363.0	224.0	325.0	243.0	224.0	148.0	302.0	132.0	224.0	129.0	200.0	243.0	224.0	8.0	136.0	4.0	192.0	101.0	114.0	104.0	110.0	7.0	59.0	136.0	46.0	97.0	189.0	170.0	253.0
AGA	158.0	86.0	101.0	112.0	59.0	93.0	64.0	48.0	44.0	75.0	31.0	50.0	50.0	120.0	122.0	136.0	90.0	52.0	102.0	66.0	49.0	53.0	80.0	55.0	37.0	89.0	53.0	62.0	29.0	76.0	123.0	82.0	222.0	129.0	155.0	174.0	105.0	145.0	122.0	94.0	71.0	122.0	64.0	84.0	51.0	88.0	99.0	90.0	8.0	62.0	4.0	93.0	53.0	54.0	53.0	53.0	11.0	27.0	72.0	22.0	65.0	83.0	81.0	119.0
AGC	423.0	577.0	581.0	343.0	179.0	770.0	432.0	149.0	75.0	530.0	92.0	158.0	97.0	951.0	643.0	387.0	282.0	317.0	773.0	239.0	136.0	394.0	563.0	159.0	113.0	704.0	335.0	238.0	79.0	517.0	1166.0	258.0	766.0	786.0	821.0	609.0	376.0	1147.0	828.0	318.0	294.0	1075.0	396.0	394.0	174.0	629.0	833.0	271.0	14.0	400.0	9.0	342.0	139.0	377.0	349.0	131.0	19.0	181.0	424.0	66.0	124.0	635.0	292.0	355.0
AGG	104.0	100.0	137.0	75.0	45.0	112.0	81.0	37.0	31.0	92.0	38.0	41.0	31.0	150.0	132.0	86.0	70.0	58.0	145.0	61.0	42.0	77.0	116.0	47.0	38.0	129.0	80.0	61.0	22.0	91.0	198.0	64.0	203.0	165.0	216.0	153.0	99.0	198.0	162.0	84.0	74.0	158.0	87.0	83.0	42.0	108.0	139.0	67.0	7.0	71.0	5.0	71.0	39.0	67.0	69.0	36.0	23.0	36.0	92.0	19.0	36.0	103.0	77.0	86.0
AGT	298.0	181.0	216.0	211.0	105.0	206.0	142.0	102.0	50.0	158.0	41.0	104.0	75.0	261.0	232.0	257.0	152.0	97.0	204.0	115.0	78.0	107.0	168.0	93.0	48.0	169.0	105.0	95.0	51.0	158.0	290.0	159.0	354.0	240.0	273.0	321.0	205.0	335.0	268.0	199.0	139.0	299.0	147.0	205.0	105.0	199.0	251.0	188.0	8.0	138.0	4.0	181.0	88.0	111.0	116.0	100.0	9.0	54.0	142.0	42.0	89.0	188.0	174.0	251.0
ATA	253.0	132.0	141.0	180.0	86.0	129.0	95.0	72.0	50.0	97.0	31.0	75.0	90.0	202.0	183.0	240.0	119.0	73.0	125.0	101.0	68.0	72.0	100.0	71.0	41.0	106.0	58.0	71.0	49.0	116.0	196.0	130.0	276.0	169.0	169.0	253.0	141.0	197.0	163.0	128.0	103.0	191.0	87.0	132.0	86.0	136.0	155.0	134.0	7.0	85.0	4.0	142.0	74.0	70.0	75.0	73.0	6.0	44.0	89.0	39.0	104.0	127.0	140.0	203.0
ATC	807.0	1344.0	1256.0	703.0	321.0	1631.0	867.0	282.0	120.0	951.0	150.0	261.0	202.0	2190.0	1561.0	840.0	496.0	709.0	1532.0	485.0	258.0	758.0	1247.0	287.0	202.0	1372.0	584.0	513.0	155.0	1052.0	2767.0	517.0	1519.0	1695.0	1530.0	1293.0	677.0	2192.0	1540.0	617.0	556.0	2268.0	753.0	895.0	342.0	1253.0	1816.0	563.0	19.0	862.0	11.0	594.0	247.0	714.0	632.0	228.0	24.0	418.0	730.0	142.0	226.0	1283.0	655.0	682.0
ATG	751.0	880.0	901.0	617.0	287.0	1141.0	654.0	265.0	122.0	643.0	132.0	232.0	183.0	1561.0	1376.0	750.0	428.0	505.0	1083.0	430.0	229.0	546.0	818.0	274.0	165.0	1009.0	449.0	401.0	149.0	828.0	1894.0	526.0	1259.0	1203.0	1163.0	1070.0	623.0	1763.0	1185.0	558.0	454.0	1684.0	599.0	712.0	295.0	982.0	1255.0	533.0	17.0	654.0	10.0	603.0	234.0	544.0	527.0	245.0	21.0	288.0	611.0	123.0	237.0	1054.0	580.0	744.0
ATT	855.0	556.0	625.0	634.0	309.0	561.0	361.0	307.0	136.0	387.0	86.0	257.0	240.0	840.0	750.0	880.0	398.0	277.0	529.0	385.0	221.0	255.0	405.0	288.0	116.0	443.0	213.0	254.0	148.0	412.0	737.0	496.0	1122.0	717.0	695.0	1027.0	573.0	820.0	623.0	541.0	402.0	821.0	356.0	588.0	334.0	498.0	677.0	552.0	19.0	355.0	9.0	502.0	248.0	256.0	276.0	272.0	13.0	165.0	333.0	129.0	268.0	506.0	496.0	717.0
CAA	523.0	367.0	389.0	355.0	192.0	377.0	236.0	172.0	90.0	282.0	70.0	152.0	119.0	496.0	428.0	398.0	370.0	200.0	465.0	203.0	142.0	205.0	303.0	171.0	99.0	379.0	203.0	171.0	97.0	299.0	493.0	277.0	862.0	554.0	571.0	646.0	348.0	621.0	446.0	325.0	218.0	498.0	204.0	284.0	174.0	338.0	383.0	280.0	18.0	239.0	8.0	316.0	154.0	186.0	185.0	152.0	16.0	89.0	257.0	63.0	140.0	332.0	267.0	384.0
CAC	283.0	414.0	414.0	226.0	126.0	526.0	295.0	106.0	52.0	317.0	58.0	97.0	73.0	709.0	505.0	277.0	200.0	330.0	512.0	255.0	109.0	268.0	403.0	120.0	81.0	545.0	234.0	201.0	59.0	345.0	882.0	189.0	640.0	586.0	574.0	480.0	275.0	750.0	546.0	225.0	194.0	744.0	253.0	298.0	139.0	442.0	606.0	204.0	8.0	320.0	5.0	254.0	93.0	233.0	215.0	82.0	12.0	159.0	331.0	60.0	84.0	448.0	228.0	250.0
CAG	577.0	990.0	1026.0	495.0	239.0	1210.0	677.0	203.0	102.0	773.0	145.0	204.0	125.0	1532.0	1083.0	529.0	465.0	512.0	1608.0	388.0	202.0	597.0	936.0	241.0	184.0	1321.0	658.0	434.0	113.0	880.0	2127.0	392.0	1452.0	1529.0	1734.0	1122.0	574.0	1984.0	1399.0	503.0	413.0	1633.0	608.0	592.0	251.0	1015.0	1358.0	402.0	19.0	654.0	13.0	491.0	180.0	600.0	562.0	174.0	32.0	265.0	716.0	90.0	144.0	1027.0	494.0	492.0
CAT	385.0	299.0	334.0	327.0	139.0	369.0	233.0	124.0	66.0	239.0	61.0	115.0	101.0	485.0	430.0	385.0	203.0	255.0	388.0	282.0	114.0	206.0	301.0	142.0	80.0	326.0	200.0	173.0	69.0	281.0	549.0	239.0	621.0	476.0	509.0	561.0	281.0	580.0	443.0	257.0	202.0	500.0	232.0	280.0	140.0	359.0	490.0	255.0	10.0	243.0	5.0	334.0	112.0	180.0	185.0	114.0	12.0	116.0	272.0	73.0	118.0	329.0	254.0	351.0
CCA	268.0	171.0	195.0	169.0	111.0	206.0	141.0	92.0	49.0	136.0	42.0	78.0	68.0	258.0	229.0	221.0	142.0	109.0	202.0	114.0	120.0	131.0	216.0	110.0	59.0	192.0	107.0	98.0	50.0	156.0	265.0	141.0	344.0	253.0	268.0	276.0	202.0	327.0	264.0	177.0	139.0	281.0	133.0	175.0	97.0	195.0	232.0	160.0	8.0	132.0	4.0	160.0	88.0	104.0	105.0	84.0	10.0	54.0	148.0	38.0	84.0	187.0	142.0	208.0
CCC	283.0	434.0	509.0	210.0	132.0	623.0	329.0	110.0	53.0	394.0	77.0	107.0	72.0	758.0	546.0	255.0	205.0	268.0	597.0	206.0	131.0	392.0	515.0	163.0	94.0	605.0	282.0	241.0	56.0	420.0	993.0	201.0	645.0	590.0	633.0	476.0	318.0	958.0	681.0	269.0	225.0	802.0	294.0	309.0	133.0	487.0	665.0	207.0	9.0	329.0	6.0	233.0	97.0	299.0	239.0	92.0	13.0	151.0	367.0	55.0	68.0	478.0	255.0	240.0
CCG	396.0	657.0	724.0	333.0	197.0	914.0	564.0	168.0	80.0	563.0	116.0	168.0	100.0	1247.0	818.0	405.0	303.0	403.0	936.0	301.0	216.0	515.0	960.0	262.0	140.0	877.0	453.0	365.0	85.0	614.0	1658.0	294.0	1034.0	958.0	1044.0	723.0	502.0	1357.0	1083.0	438.0	362.0	1248.0	525.0	490.0	206.0	806.0	1205.0	338.0	15.0	523.0	11.0	369.0	148.0	454.0	426.0	142.0	21.0	229.0	558.0	88.0	86.0	832.0	436.0	391.0
CCT	328.0	188.0	237.0	222.0	119.0	242.0	170.0	116.0	55.0	159.0	47.0	93.0	71.0	287.0	274.0	288.0	171.0	120.0	241.0	142.0	110.0	163.0	262.0	144.0	61.0	237.0	127.0	120.0	53.0	182.0	318.0	175.0	438.0	284.0	324.0	354.0	235.0	406.0	322.0	230.0	154.0	346.0	160.0	214.0	116.0	231.0	288.0	212.0	8.0	153.0	5.0	197.0	99.0	132.0	127.0	103.0	10.0	63.0	159.0	49.0	98.0	205.0	186.0	269.0
CGA	137.0	126.0	144.0	97.0	61.0	161.0	112.0	49.0	37.0	113.0	38.0	48.0	41.0	202.0	165.0	116.0	99.0	81.0	184.0	80.0	59.0	94.0	140.0	61.0	64.0	188.0	101.0	94.0	31.0	122.0	260.0	91.0	271.0	210.0	262.0	209.0	131.0	268.0	211.0	113.0	98.0	221.0	106.0	113.0	57.0	145.0	185.0	88.0	6.0	97.0	4.0	92.0	50.0	86.0	85.0	44.0	10.0	42.0	119.0	22.0	43.0	132.0	103.0	98.0
CGC	483.0	892.0	827.0	365.0	203.0	1201.0	580.0	161.0	89.0	704.0	129.0	169.0	106.0	1372.0	1009.0	443.0	379.0	545.0	1321.0	326.0	192.0	605.0	877.0	237.0	188.0	1350.0	548.0	522.0	92.0	712.0	2015.0	331.0	1507.0	1383.0	1561.0	915.0	525.0	1797.0	1221.0	463.0	389.0	1571.0	574.0	602.0	219.0	864.0	1300.0	322.0	16.0	648.0	12.0	390.0	146.0	532.0	467.0	139.0	24.0	265.0	676.0	85.0	85.0	886.0	424.0	365.0
CGG	222.0	365.0	416.0	190.0	107.0	463.0	307.0	90.0	53.0	335.0	80.0	105.0	58.0	584.0	449.0	213.0	203.0	234.0	658.0	200.0	107.0	282.0	453.0	127.0	101.0	548.0	334.0	260.0	53.0	316.0	906.0	186.0	749.0	555.0	758.0	546.0	285.0	778.0	626.0	253.0	196.0	650.0	296.0	267.0	110.0	392.0	588.0	184.0	10.0	268.0	9.0	206.0	88.0	232.0	233.0	79.0	21.0	120.0	332.0	48.0	44.0	351.0	259.0	196.0
CGT	269.0	307.0	385.0	215.0	108.0	406.0	252.0	99.0	62.0	238.0	61.0	95.0	71.0	513.0	401.0	254.0	171.0	201.0	434.0	173.0	98.0	241.0	365.0	120.0	94.0	522.0	260.0	246.0	52.0	324.0	624.0	188.0	627.0	578.0	659.0	461.0	257.0	735.0	562.0	244.0	191.0	611.0	238.0	314.0	117.0	386.0	499.0	196.0	9.0	239.0	6.0	208.0	84.0	194.0	213.0	91.0	14.0	93.0	252.0	46.0	82.0	340.0	222.0	212.0
CTA	156.0	107.0	111.0	107.0	65.0	109.0	71.0	56.0	29.0	79.0	22.0	51.0	49.0	155.0	149.0	148.0	97.0	59.0	113.0	69.0	50.0	56.0	85.0	53.0	31.0	92.0	53.0	52.0	40.0	101.0	168.0	101.0	218.0	145.0	148.0	186.0	122.0	171.0	127.0	105.0	92.0	157.0	77.0	106.0	68.0	103.0	127.0	104.0	5.0	78.0	3.0	96.0	51.0	55.0	53.0	48.0	5.0	34.0	75.0	25.0	68.0	113.0	108.0	140.0
CTC	414.0	625.0	640.0	323.0	190.0	812.0	439.0	154.0	76.0	517.0	91.0	158.0	116.0	1052.0	828.0	412.0	299.0	345.0	880.0	281.0	156.0	420.0	614.0	182.0	122.0	712.0	316.0	324.0	101.0	622.0	1640.0	339.0	915.0	837.0	888.0	713.0	451.0	1182.0	832.0	365.0	353.0	1114.0	437.0	491.0	208.0	640.0	936.0	309.0	11.0	433.0	7.0	329.0	136.0	364.0	313.0	121.0	15.0	220.0	445.0	81.0	104.0	655.0	430.0	372.0
CTG	657.0	1453.0	1455.0	595.0	316.0	2012.0	1113.0	257.0	123.0	1166.0	198.0	290.0	196.0	2767.0	1894.0	737.0	493.0	882.0	2127.0	549.0	265.0	993.0	1658.0	318.0	260.0	2015.0	906.0	624.0	168.0	1640.0	3946.0	609.0	1858.0	2242.0	2339.0	1404.0	861.0	3306.0	2468.0	704.0	729.0	3202.0	1134.0	1034.0	372.0	1731.0	2455.0	561.0	20.0	1014.0	17.0	648.0	228.0	1013.0	872.0	211.0	36.0	563.0	1027.0	171.0	177.0	1836.0	904.0	674.0
CTT	473.0	325.0	374.0	362.0	183.0	383.0	247.0	167.0	82.0	258.0	64.0	159.0	130.0	517.0	526.0	496.0	277.0	189.0	392.0	239.0	141.0	201.0	294.0	175.0	91.0	331.0	186.0	188.0	101.0	339.0	609.0	336.0	715.0	466.0	501.0	663.0	379.0	607.0	472.0	349.0	264.0	559.0	277.0	390.0	187.0	360.0	471.0	343.0	12.0	235.0	6.0	334.0	150.0	191.0	189.0	150.0	11.0	108.0	247.0	83.0	177.0	350.0	356.0	424.0
GAA	1673.0	1022.0	1499.0	906.0	413.0	1288.0	695.0	411.0	222.0	766.0	203.0	354.0	276.0	1519.0	1259.0	1122.0	862.0	640.0	1452.0	621.0	344.0	645.0	1034.0	438.0	271.0	1507.0	749.0	627.0	218.0	915.0	1858.0	715.0	2336.0	1640.0	1913.0	1609.0	951.0	2184.0	1494.0	896.0	536.0	1685.0	616.0	798.0	427.0	1143.0	1334.0	810.0	41.0	758.0	19.0	832.0	339.0	591.0	533.0	364.0	45.0	289.0	707.0	154.0	365.0	1028.0	699.0	979.0
GAC	821.0	1095.0	1220.0	551.0	296.0	1317.0	708.0	259.0	129.0	786.0	165.0	240.0	169.0	1695.0	1203.0	717.0	554.0	586.0	1529.0	476.0	253.0	590.0	958.0	284.0	210.0	1383.0	555.0	578.0	145.0	837.0	2242.0	466.0	1640.0	1352.0	1350.0	1174.0	698.0	1827.0	1330.0	600.0	453.0	1581.0	537.0	690.0	370.0	1115.0	1419.0	548.0	19.0	789.0	11.0	616.0	227.0	588.0	468.0	200.0	24.0	332.0	732.0	127.0	175.0	1106.0	550.0	616.0
GAG	924.0	1024.0	1614.0	628.0	300.0	1209.0	711.0	267.0	155.0	821.0	216.0	273.0	169.0	1530.0	1163.0	695.0	571.0	574.0	1734.0	509.0	268.0	633.0	1044.0	324.0	262.0	1561.0	758.0	659.0	148.0	888.0	2339.0	501.0	1913.0	1350.0	1824.0	1313.0	766.0	2007.0	1567.0	686.0	495.0	1588.0	625.0	716.0	336.0	1012.0	1367.0	552.0	27.0	706.0	16.0	617.0	240.0	582.0	528.0	226.0	74.0	295.0	725.0	127.0	194.0	1005.0	587.0	640.0
GAT	1168.0	783.0	1051.0	811.0	372.0	973.0	576.0	363.0	174.0	609.0	153.0	321.0	253.0	1293.0	1070.0	1027.0	646.0	480.0	1122.0	561.0	276.0	476.0	723.0	354.0	209.0	915.0	546.0	461.0	186.0	713.0	1404.0	663.0	1609.0	1174.0	1313.0	1486.0	779.0	1554.0	1152.0	762.0	484.0	1209.0	533.0	740.0	389.0	951.0	1227.0	766.0	22.0	631.0	12.0	840.0	284.0	465.0	440.0	323.0	26.0	246.0	602.0	158.0	316.0	877.0	685.0	931.0
GCA	648.0	445.0	509.0	437.0	259.0	586.0	391.0	224.0	105.0	376.0	99.0	205.0	141.0	677.0	623.0	573.0	348.0	275.0	574.0	281.0	202.0	318.0	502.0	235.0	131.0	525.0	285.0	257.0	122.0	451.0	861.0	379.0	951.0	698.0	766.0	779.0	664.0	1161.0	932.0	599.0	371.0	886.0	391.0	536.0	243.0	536.0	671.0	424.0	18.0	323.0	9.0	375.0	200.0	300.0	299.0	203.0	21.0	150.0	340.0	91.0	207.0	479.0	409.0	493.0
GCC	857.0	1395.0	1472.0	694.0	379.0	1857.0	1030.0	325.0	145.0	1147.0	198.0	335.0	197.0	2192.0	1763.0	820.0	621.0	750.0	1984.0	580.0	327.0	958.0	1357.0	406.0	268.0	1797.0	778.0	735.0	171.0	1182.0	3306.0	607.0	2184.0	1827.0	2007.0	1554.0	1161.0	3802.0	2510.0	1053.0	767.0	2789.0	1049.0	1171.0	398.0	1437.0	2118.0	616.0	22.0	885.0	14.0	682.0	281.0	877.0	738.0	268.0	26.0	463.0	996.0	173.0	194.0	1403.0	824.0	706.0
GCG	576.0	900.0	1016.0	527.0	293.0	1248.0	785.0	243.0	122.0	828.0	162.0	268.0	163.0	1540.0	1185.0	623.0	446.0	546.0	1399.0	443.0	264.0	681.0	1083.0	322.0	211.0	1221.0	626.0	562.0	127.0	832.0	2468.0	472.0	1494.0	1330.0	1567.0	1152.0	932.0	2510.0	1992.0	792.0	620.0	1944.0	867.0	893.0	322.0	1046.0	1769.0	506.0	20.0	636.0	15.0	513.0	227.0	706.0	649.0	211.0	28.0	320.0	683.0	139.0	142.0	1040.0	681.0	577.0
GCT	578.0	399.0	486.0	430.0	219.0	490.0	326.0	224.0	94.0	318.0	84.0	199.0	128.0	617.0	558.0	541.0	325.0	225.0	503.0	257.0	177.0	269.0	438.0	230.0	113.0	463.0	253.0	244.0	105.0	365.0	704.0	349.0	896.0	600.0	686.0	762.0	599.0	1053.0	792.0	612.0	334.0	771.0	349.0	539.0	230.0	472.0	570.0	409.0	16.0	285.0	7.0	364.0	183.0	265.0	258.0	211.0	17.0	128.0	286.0	93.0	191.0	410.0	367.0	483.0
GGA	356.0	317.0	332.0	282.0	165.0	424.0	283.0	148.0	71.0	294.0	74.0	139.0	103.0	556.0	454.0	402.0	218.0	194.0	413.0	202.0	139.0	225.0	362.0	154.0	98.0	389.0	196.0	191.0	92.0	353.0	729.0	264.0	536.0	453.0	495.0	484.0	371.0	767.0	620.0	334.0	312.0	665.0	309.0	398.0	181.0	430.0	532.0	295.0	14.0	272.0	8.0	281.0	138.0	235.0	226.0	133.0	43.0	139.0	299.0	82.0	152.0	424.0	300.0	385.0
GGC	714.0	1314.0	1170.0	644.0	329.0	1881.0	957.0	302.0	122.0	1075.0	158.0	299.0	191.0	2268.0	1684.0	821.0	498.0	744.0	1633.0	500.0	281.0	802.0	1248.0	346.0	221.0	1571.0	650.0	611.0	157.0	1114.0	3202.0	559.0	1685.0	1581.0	1588.0	1209.0	886.0	2789.0	1944.0	771.0	665.0	2776.0	937.0	1103.0	408.0	1507.0	2207.0	636.0	21.0	998.0	13.0	686.0	248.0	835.0	722.0	244.0	24.0	528.0	962.0	183.0	188.0	1462.0	730.0	745.0
GGG	292.0	401.0	450.0	268.0	155.0	581.0	389.0	132.0	64.0	396.0	87.0	147.0	87.0	753.0	599.0	356.0	204.0	253.0	608.0	232.0	133.0	294.0	525.0	160.0	106.0	574.0	296.0	238.0	77.0	437.0	1134.0	277.0	616.0	537.0	625.0	533.0	391.0	1049.0	867.0	349.0	309.0	937.0	398.0	418.0	181.0	565.0	784.0	291.0	11.0	342.0	8.0	311.0	127.0	296.0	317.0	124.0	31.0	190.0	391.0	91.0	109.0	520.0	348.0	358.0
GGT	516.0	492.0	557.0	413.0	224.0	689.0	432.0	224.0	84.0	394.0	83.0	205.0	132.0	895.0	712.0	588.0	284.0	298.0	592.0	280.0	175.0	309.0	490.0	214.0	113.0	602.0	267.0	314.0	106.0	491.0	1034.0	390.0	798.0	690.0	716.0	740.0	536.0	1171.0	893.0	539.0	398.0	1103.0	418.0	722.0	259.0	676.0	877.0	476.0	13.0	418.0	7.0	419.0	175.0	328.0	349.0	199.0	19.0	195.0	405.0	117.0	186.0	636.0	416.0	534.0
GTA	361.0	228.0	249.0	253.0	128.0	266.0	174.0	129.0	51.0	174.0	42.0	105.0	86.0	342.0	295.0	334.0	174.0	139.0	251.0	140.0	97.0	133.0	206.0	116.0	57.0	219.0	110.0	117.0	68.0	208.0	372.0	187.0	427.0	370.0	336.0	389.0	243.0	398.0	322.0	230.0	181.0	408.0	181.0	259.0	134.0	255.0	339.0	224.0	10.0	169.0	5.0	202.0	102.0	127.0	131.0	108.0	10.0	75.0	156.0	51.0	128.0	244.0	212.0	284.0
GTC	514.0	859.0	799.0	443.0	231.0	1047.0	583.0	200.0	88.0	629.0	108.0	199.0	136.0	1253.0	982.0	498.0	338.0	442.0	1015.0	359.0	195.0	487.0	806.0	231.0	145.0	864.0	392.0	386.0	103.0	640.0	1731.0	360.0	1143.0	1115.0	1012.0	951.0	536.0	1437.0	1046.0	472.0	430.0	1507.0	565.0	676.0	255.0	838.0	1228.0	399.0	14.0	533.0	8.0	409.0	172.0	476.0	428.0	155.0	17.0	264.0	512.0	106.0	117.0	790.0	480.0	435.0
GTG	586.0	1055.0	1030.0	588.0	272.0	1406.0	827.0	243.0	99.0	833.0	139.0	251.0	155.0	1816.0	1255.0	677.0	383.0	606.0	1358.0	490.0	232.0	665.0	1205.0	288.0	185.0	1300.0	588.0	499.0	127.0	936.0	2455.0	471.0	1334.0	1419.0	1367.0	1227.0	671.0	2118.0	1769.0	570.0	532.0	2207.0	784.0	877.0	339.0	1228.0	1768.0	508.0	16.0	693.0	12.0	558.0	211.0	659.0	663.0	209.0	31.0	385.0	669.0	141.0	174.0	1130.0	626.0	600.0
GTT	563.0	394.0	439.0	429.0	207.0	408.0	280.0	224.0	90.0	271.0	67.0	188.0	134.0	563.0	533.0	552.0	280.0	204.0	402.0	255.0	160.0	207.0	338.0	212.0	88.0	322.0	184.0	196.0	104.0	309.0	561.0	343.0	810.0	548.0	552.0	766.0	424.0	616.0	506.0	409.0	295.0	636.0	291.0	476.0	224.0	399.0	508.0	428.0	15.0	259.0	7.0	343.0	168.0	204.0	207.0	193.0	13.0	112.0	248.0	93.0	190.0	371.0	354.0	462.0
TAA	51.0	17.0	36.0	19.0	10.0	13.0	10.0	8.0	8.0	14.0	7.0	8.0	7.0	19.0	17.0	19.0	18.0	8.0	19.0	10.0	8.0	9.0	15.0	8.0	6.0	16.0	10.0	9.0	5.0	11.0	20.0	12.0	41.0	19.0	27.0	22.0	18.0	22.0	20.0	16.0	14.0	21.0	11.0	13.0	10.0	14.0	16.0	15.0	0.0	12.0	0.0	14.0	9.0	8.0	8.0	8.0	0.0	4.0	13.0	3.0	11.0	16.0	14.0	18.0
TAC	427.0	647.0	616.0	344.0	146.0	678.0	369.0	136.0	62.0	400.0	71.0	138.0	85.0	862.0	654.0	355.0	239.0	320.0	654.0	243.0	132.0	329.0	523.0	153.0	97.0	648.0	268.0	239.0	78.0	433.0	1014.0	235.0	758.0	789.0	706.0	631.0	323.0	885.0	636.0	285.0	272.0	998.0	342.0	418.0	169.0	533.0	693.0	259.0	12.0	466.0	6.0	343.0	119.0	313.0	299.0	114.0	14.0	179.0	386.0	68.0	114.0	642.0	288.0	360.0
TAG	18.0	9.0	18.0	8.0	5.0	8.0	7.0	4.0	4.0	9.0	5.0	4.0	4.0	11.0	10.0	9.0	8.0	5.0	13.0	5.0	4.0	6.0	11.0	5.0	4.0	12.0	9.0	6.0	3.0	7.0	17.0	6.0	19.0	11.0	16.0	12.0	9.0	14.0	15.0	7.0	8.0	13.0	8.0	7.0	5.0	8.0	12.0	7.0	0.0	6.0	0.0	7.0	5.0	5.0	6.0	4.0	0.0	3.0	8.0	2.0	4.0	9.0	9.0	8.0
TAT	605.0	455.0	503.0	511.0	190.0	467.0	289.0	192.0	93.0	342.0	71.0	181.0	142.0	594.0	603.0	502.0	316.0	254.0	491.0	334.0	160.0	233.0	369.0	197.0	92.0	390.0	206.0	208.0	96.0	329.0	648.0	334.0	832.0	616.0	617.0	840.0	375.0	682.0	513.0	364.0	281.0	686.0	311.0	419.0	202.0	409.0	558.0	343.0	14.0	343.0	7.0	488.0	158.0	222.0	247.0	171.0	12.0	138.0	335.0	96.0	178.0	466.0	358.0	524.0
TCA	264.0	177.0	184.0	193.0	110.0	179.0	124.0	101.0	53.0	139.0	39.0	88.0	74.0	247.0	234.0	248.0	154.0	93.0	180.0	112.0	88.0	97.0	148.0	99.0	50.0	146.0	88.0	84.0	51.0	136.0	228.0	150.0	339.0	227.0	240.0	284.0	200.0	281.0	227.0	183.0	138.0	248.0	127.0	175.0	102.0	172.0	211.0	168.0	9.0	119.0	5.0	158.0	98.0	108.0	107.0	96.0	9.0	47.0	129.0	38.0	94.0	170.0	158.0	225.0
TCC	274.0	449.0	477.0	222.0	126.0	580.0	323.0	114.0	54.0	377.0	67.0	111.0	70.0	714.0	544.0	256.0	186.0	233.0	600.0	180.0	104.0	299.0	454.0	132.0	86.0	532.0	232.0	194.0	55.0	364.0	1013.0	191.0	591.0	588.0	582.0	465.0	300.0	877.0	706.0	265.0	235.0	835.0	296.0	328.0	127.0	476.0	659.0	204.0	8.0	313.0	5.0	222.0	108.0	306.0	274.0	110.0	13.0	139.0	313.0	52.0	77.0	490.0	237.0	230.0
TCG	261.0	433.0	409.0	236.0	122.0	543.0	342.0	104.0	53.0	349.0	69.0	116.0	75.0	632.0	527.0	276.0	185.0	215.0	562.0	185.0	105.0	239.0	426.0	127.0	85.0	467.0	233.0	213.0	53.0	313.0	872.0	189.0	533.0	468.0	528.0	440.0	299.0	738.0	649.0	258.0	226.0	722.0	317.0	349.0	131.0	428.0	663.0	207.0	8.0	299.0	6.0	247.0	107.0	274.0	302.0	102.0	13.0	132.0	295.0	56.0	71.0	436.0	250.0	256.0
TCT	284.0	171.0	208.0	210.0	112.0	166.0	116.0	110.0	53.0	131.0	36.0	100.0	73.0	228.0	245.0	272.0	152.0	82.0	174.0	114.0	84.0	92.0	142.0	103.0	44.0	139.0	79.0	91.0	48.0	121.0	211.0	150.0	364.0	200.0	226.0	323.0	203.0	268.0	211.0	211.0	133.0	244.0	124.0	199.0	108.0	155.0	209.0	193.0	8.0	114.0	4.0	171.0	96.0	110.0	102.0	108.0	7.0	47.0	121.0	40.0	97.0	164.0	163.0	245.0
TGA	32.0	21.0	45.0	15.0	11.0	18.0	16.0	7.0	11.0	19.0	23.0	9.0	6.0	24.0	21.0	13.0	16.0	12.0	32.0	12.0	10.0	13.0	21.0	10.0	10.0	24.0	21.0	14.0	5.0	15.0	36.0	11.0	45.0	24.0	74.0	26.0	21.0	26.0	28.0	17.0	43.0	24.0	31.0	19.0	10.0	17.0	31.0	13.0	0.0	14.0	0.0	12.0	9.0	13.0	13.0	7.0	0.0	7.0	17.0	4.0	6.0	20.0	17.0	14.0
TGC	137.0	233.0	208.0	137.0	66.0	314.0	175.0	59.0	27.0	181.0	36.0	54.0	44.0	418.0	288.0	165.0	89.0	159.0	265.0	116.0	54.0	151.0	229.0	63.0	42.0	265.0	120.0	93.0	34.0	220.0	563.0	108.0	289.0	332.0	295.0	246.0	150.0	463.0	320.0	128.0	139.0	528.0	190.0	195.0	75.0	264.0	385.0	112.0	4.0	179.0	3.0	138.0	47.0	139.0	132.0	47.0	7.0	172.0	185.0	64.0	46.0	297.0	136.0	157.0
TGG	392.0	555.0	523.0	345.0	169.0	679.0	369.0	136.0	72.0	424.0	92.0	142.0	89.0	730.0	611.0	333.0	257.0	331.0	716.0	272.0	148.0	367.0	558.0	159.0	119.0	676.0	332.0	252.0	75.0	445.0	1027.0	247.0	707.0	732.0	725.0	602.0	340.0	996.0	683.0	286.0	299.0	962.0	391.0	405.0	156.0	512.0	669.0	248.0	13.0	386.0	8.0	335.0	129.0	313.0	295.0	121.0	17.0	185.0	510.0	73.0	99.0	602.0	288.0	382.0
TGT	117.0	83.0	87.0	95.0	50.0	104.0	71.0	46.0	22.0	66.0	19.0	42.0	39.0	142.0	123.0	129.0	63.0	60.0	90.0	73.0	38.0	55.0	88.0	49.0	22.0	85.0	48.0	46.0	25.0	81.0	171.0	83.0	154.0	127.0	127.0	158.0	91.0	173.0	139.0	93.0	82.0	183.0	91.0	117.0	51.0	106.0	141.0	93.0	3.0	68.0	2.0	96.0	38.0	52.0	56.0	40.0	4.0	64.0	73.0	46.0	54.0	107.0	93.0	135.0
TTA	300.0	164.0	177.0	198.0	115.0	134.0	86.0	97.0	65.0	124.0	36.0	89.0	104.0	226.0	237.0	268.0	140.0	84.0	144.0	118.0	84.0	68.0	86.0	98.0	43.0	85.0	44.0	82.0	68.0	104.0	177.0	177.0	365.0	175.0	194.0	316.0	207.0	194.0	142.0	191.0	152.0	188.0	109.0	186.0	128.0	117.0	174.0	190.0	11.0	114.0	4.0	178.0	94.0	77.0	71.0	97.0	6.0	46.0	99.0	54.0	142.0	163.0	203.0	260.0
TTC	533.0	882.0	818.0	468.0	216.0	1048.0	565.0	189.0	83.0	635.0	103.0	188.0	127.0	1283.0	1054.0	506.0	332.0	448.0	1027.0	329.0	187.0	478.0	832.0	205.0	132.0	886.0	351.0	340.0	113.0	655.0	1836.0	350.0	1028.0	1106.0	1005.0	877.0	479.0	1403.0	1040.0	410.0	424.0	1462.0	520.0	636.0	244.0	790.0	1130.0	371.0	16.0	642.0	9.0	466.0	170.0	490.0	436.0	164.0	20.0	297.0	602.0	107.0	163.0	1064.0	458.0	547.0
TTG	460.0	359.0	422.0	367.0	190.0	465.0	326.0	170.0	81.0	292.0	77.0	174.0	140.0	655.0	580.0	496.0	267.0	228.0	494.0	254.0	142.0	255.0	436.0	186.0	103.0	424.0	259.0	222.0	108.0	430.0	904.0	356.0	699.0	550.0	587.0	685.0	409.0	824.0	681.0	367.0	300.0	730.0	348.0	416.0	212.0	480.0	626.0	354.0	14.0	288.0	9.0	358.0	158.0	237.0	250.0	163.0	17.0	136.0	288.0	93.0	203.0	458.0	446.0	494.0
TTT	744.0	477.0	540.0	579.0	266.0	472.0	323.0	253.0	119.0	355.0	86.0	251.0	203.0	682.0	744.0	717.0	384.0	250.0	492.0	351.0	208.0	240.0	391.0	269.0	98.0	365.0	196.0	212.0	140.0	372.0	674.0	424.0	979.0	616.0	640.0	931.0	493.0	706.0	577.0	483.0	385.0	745.0	358.0	534.0	284.0	435.0	600.0	462.0	18.0	360.0	8.0	524.0	225.0	230.0	256.0	245.0	14.0	157.0	382.0	135.0	260.0	547.0	494.0	848.0
