Proteome_ID	M	W	C	D	E	F	H	K	N	Q	Y	I	A	G	P	T	V	L	R	S
UP000008323	0.01879290261327481	0.008426161468343865	0.027219064081618678	0.027219064081618678	0.027219064081618678	0.06070679068186487	0.027219064081618678	0.06070679068186487	0.06070679068186487	0.027219064081618678	0.12141358136372973	0.10262067875045493	0.024408387963114273	0.024408387963114273	0.024408387963114273	0.054438128163237356	0.054438128163237356	0.11514491884510222	0.05162745204473295	0.08165719224485603
UP000002535	0.01863645772863926	0.011254362334185752	0.02989082006282501	0.02989082006282501	0.02989082006282501	0.04949716279198714	0.02989082006282501	0.04949716279198714	0.04949716279198714	0.02989082006282501	0.09899432558397428	0.08035786785533502	0.03610150859688549	0.03610150859688549	0.03610150859688549	0.05978164012565002	0.05978164012565002	0.10927880291763717	0.0659923286597105	0.08967246018847502
UP000001961	0.013989985515606863	0.017335734792788656	0.03132572030839552	0.03132572030839552	0.03132572030839552	0.025279942189857883	0.03132572030839552	0.025279942189857883	0.025279942189857883	0.03132572030839552	0.050559884379715765	0.0365698988641089	0.07763473076560387	0.07763473076560387	0.07763473076560387	0.06265144061679104	0.06265144061679104	0.08793138280664892	0.10896045107399939	0.09397716092518656
UP000000815	0.016225383225448534	0.015515788617757448	0.03174117184320598	0.03174117184320598	0.03174117184320598	0.03319281345399446	0.03174117184320598	0.03319281345399446	0.03319281345399446	0.03174117184320598	0.06638562690798892	0.0501602436825404	0.060706031525549285	0.060706031525549285	0.060706031525549285	0.06348234368641197	0.06348234368641197	0.09667515714040642	0.09244720336875528	0.09522351552961794
UP000000425	0.014596388629270577	0.016935296778403275	0.03153168540767385	0.03153168540767385	0.03153168540767385	0.02717689216602566	0.03153168540767385	0.02717689216602566	0.02717689216602566	0.03153168540767385	0.05435378433205132	0.039757395702780744	0.07316857119457089	0.07316857119457089	0.07316857119457089	0.0630633708153477	0.0630633708153477	0.09024026298137337	0.10470025660224472	0.09459505622302156
UP000010481	0.017017836425328788	0.014573744493880738	0.03159158091920952	0.03159158091920952	0.03159158091920952	0.03688965157351174	0.03159158091920952	0.03688965157351174	0.03688965157351174	0.03159158091920952	0.07377930314702348	0.0567614667216947	0.05410883228247065	0.05410883228247065	0.05410883228247065	0.06318316183841904	0.06318316183841904	0.10007281341193079	0.08570041320168018	0.09477474275762858
UP000002194	0.011024698979716424	0.018531662140629176	0.029556361120345598	0.029556361120345598	0.029556361120345598	0.01758341922137704	0.029556361120345598	0.01758341922137704	0.01758341922137704	0.029556361120345598	0.03516683844275408	0.024142139463037664	0.09936389182079262	0.09936389182079262	0.09936389182079262	0.059112722240691196	0.059112722240691196	0.07669614146206824	0.12892025294113824	0.08866908336103681
UP000010378	0.01882784649324802	0.010185653244541237	0.02901349973778926	0.02901349973778926	0.02901349973778926	0.053630504218052405	0.02901349973778926	0.053630504218052405	0.053630504218052405	0.02901349973778926	0.10726100843610481	0.08843316194285679	0.03139195423605014	0.03139195423605014	0.03139195423605014	0.05802699947557852	0.05802699947557852	0.11165750369363092	0.0604054539738394	0.0870404992133678
UP000001168	0.01706391905734748	0.01451167468792635	0.03157559374527383	0.03157559374527383	0.03157559374527383	0.037128959092869	0.03157559374527383	0.037128959092869	0.037128959092869	0.03157559374527383	0.074257918185738	0.05719399912839053	0.05370568659750353	0.05370568659750353	0.05370568659750353	0.06315118749054766	0.06315118749054766	0.10028014658341666	0.08528128034277736	0.0947267812358215
UP000000430	0.01781334681620176	0.013336262624065376	0.031149609440267133	0.031149609440267133	0.031149609440267133	0.041606768836977476	0.031149609440267133	0.041606768836977476	0.041606768836977476	0.031149609440267133	0.08321353767395495	0.0654001908577532	0.046641361269026946	0.046641361269026946	0.046641361269026946	0.06229921888053427	0.06229921888053427	0.10390598771751174	0.0777909707092941	0.0934488283208014
UP000001054	0.011984924259754769	0.01827361213816834	0.030258536397923107	0.030258536397923107	0.030258536397923107	0.019845352095586903	0.030258536397923107	0.019845352095586903	0.019845352095586903	0.030258536397923107	0.039690704191173806	0.02770577993141904	0.09227138128207245	0.09227138128207245	0.09227138128207245	0.06051707279584621	0.06051707279584621	0.08036242489143311	0.12252991767999555	0.09077560919376931
UP000008561	0.012649126190358495	0.01802435826369294	0.030673484454051433	0.030673484454051433	0.030673484454051433	0.021526024387722182	0.030673484454051433	0.021526024387722182	0.021526024387722182	0.030673484454051433	0.043052048775444364	0.03040292258508587	0.08741629495593954	0.08741629495593954	0.08741629495593954	0.061346968908102865	0.061346968908102865	0.08287299329582505	0.11808977940999095	0.0920204533621543
UP000008898	0.01758638557419532	0.013731357006835226	0.031317742581030546	0.031317742581030546	0.031317742581030546	0.04011008497333779	0.031317742581030546	0.04011008497333779	0.04011008497333779	0.031317742581030546	0.08022016994667558	0.06263378437248025	0.04890545612275106	0.04890545612275106	0.04890545612275106	0.06263548516206109	0.06263548516206109	0.1027455701353989	0.0802231987037816	0.09395322774309164
UP000008204	0.017462224457325985	0.013931231419437064	0.03139345587676305	0.03139345587676305	0.03139345587676305	0.03935040317012748	0.03139345587676305	0.03935040317012748	0.03935040317012748	0.03139345587676305	0.07870080634025496	0.06123858188292898	0.05009092626702435	0.05009092626702435	0.05009092626702435	0.0627869117535261	0.0627869117535261	0.10213731492365358	0.08148438214378739	0.09418036763028916
UP000001946	0.01614230609821127	0.015602975463006194	0.03174528156121746	0.03174528156121746	0.03174528156121746	0.03284258527163917	0.03174528156121746	0.03284258527163917	0.03284258527163917	0.03174528156121746	0.06568517054327834	0.04954286444506707	0.06136927973640464	0.06136927973640464	0.06136927973640464	0.06349056312243492	0.06349056312243492	0.09633314839407411	0.09311456129762212	0.09523584468365241
UP000017700	0.01651733660524689	0.015193464229506853	0.03171080083475375	0.03171080083475375	0.03171080083475375	0.03447390032303202	0.03171080083475375	0.03447390032303202	0.03447390032303202	0.03171080083475375	0.06894780064606404	0.052430464040817144	0.058338330166232695	0.058338330166232695	0.058338330166232695	0.0634216016695075	0.0634216016695075	0.09789550199253952	0.09004913100098645	0.09513240250426125
UP000002084	0.014683575265088313	0.016872689365521994	0.03155626463061031	0.03155626463061031	0.03155626463061031	0.02746205875960994	0.03155626463061031	0.02746205875960994	0.02746205875960994	0.03155626463061031	0.05492411751921988	0.04024054225413155	0.07252171777461096	0.07252171777461096	0.07252171777461096	0.06311252926122062	0.06311252926122062	0.09057458802083056	0.10407798240522127	0.09466879389183093
UP000065734	0.010730473059101981	0.01858671226308736	0.02931718532218934	0.02931718532218934	0.02931718532218934	0.016925385340645395	0.02931718532218934	0.016925385340645395	0.016925385340645395	0.02931718532218934	0.03385077068129079	0.02312029762218881	0.10156310629472735	0.10156310629472735	0.10156310629472735	0.05863437064437868	0.05863437064437868	0.07555975598502408	0.1308802916169167	0.08795155596656803
UP000001191	0.017302663674398422	0.014173954256051391	0.03147661793044981	0.03147661793044981	0.03147661793044981	0.03842465721417081	0.03147661793044981	0.03842465721417081	0.03842465721417081	0.03147661793044981	0.07684931442834161	0.05954665075394319	0.05156987976845875	0.05156987976845875	0.05156987976845875	0.06295323586089963	0.06295323586089963	0.10137789307507045	0.08304649769890857	0.09442985379134945
UP000002186	0.0077961855344232485	0.018486897546467252	0.0262830830808905	0.0262830830808905	0.0262830830808905	0.011083946973809012	0.0262830830808905	0.011083946973809012	0.011083946973809012	0.0262830830808905	0.022167893947618023	0.014371708413194774	0.12464882011242576	0.12464882011242576	0.12464882011242576	0.052566166161781	0.052566166161781	0.06365011313559	0.15093190319331626	0.0788492492426715
UP000254519	0.01758732108119285	0.013729810947999825	0.031317132029192674	0.031317132029192674	0.031317132029192674	0.040115953411562384	0.031317132029192674	0.040115953411562384	0.040115953411562384	0.031317132029192674	0.08023190682312477	0.06264458574193194	0.048896395330402694	0.048896395330402694	0.048896395330402694	0.06263426405838535	0.06263426405838535	0.10275021746994774	0.08021352735959537	0.09395139608757803
UP000001688	0.01563359029802069	0.016098156494989073	0.03173174679300976	0.03173174679300976	0.03173174679300976	0.030816021011900556	0.03173174679300976	0.030816021011900556	0.030816021011900556	0.03173174679300976	0.06163204202380111	0.045998451725780425	0.06534936837866501	0.06534936837866501	0.06534936837866501	0.06346349358601952	0.06346349358601952	0.09427951459792007	0.09708111517167475	0.09519524037902928
UP000001430	0.018862579350423524	0.009707227090617733	0.028569806441041255	0.028569806441041255	0.028569806441041255	0.055515363552300294	0.028569806441041255	0.055515363552300294	0.055515363552300294	0.028569806441041255	0.11103072710460059	0.09216814775417706	0.029405691968840277	0.029405691968840277	0.029405691968840277	0.05713961288208251	0.05713961288208251	0.1126549764343828	0.05797549840988153	0.08570941932312376
UP000029482	0.007291472549261587	0.01833849270672718	0.025629965255988766	0.025629965255988766	0.025629965255988766	0.01019059696405781	0.025629965255988766	0.01019059696405781	0.01019059696405781	0.025629965255988766	0.02038119392811562	0.013089721378854034	0.1289218131852447	0.1289218131852447	0.1289218131852447	0.05125993051197753	0.05125993051197753	0.06145052747603535	0.1545517784412335	0.0768898957679663
UP000889800	0.013574339030442233	0.017576936096852337	0.03115127512729457	0.03115127512729457	0.03115127512729457	0.0240575472015401	0.03115127512729457	0.0240575472015401	0.0240575472015401	0.03115127512729457	0.0481150944030802	0.034540755372637955	0.08067338984535206	0.08067338984535206	0.08067338984535206	0.06230255025458914	0.06230255025458914	0.08636009745612924	0.11182466497264663	0.09345382538188372
UP000002384	0.017851151448080006	0.013266110807354334	0.031117262255434344	0.031117262255434344	0.031117262255434344	0.041872027848843335	0.031117262255434344	0.041872027848843335	0.041872027848843335	0.031117262255434344	0.08374405569768667	0.06589290424960666	0.04624968314259594	0.04624968314259594	0.04624968314259594	0.06223452451086869	0.06223452451086869	0.10410655235971202	0.07736694539803028	0.09335178676630303
UP000002417	0.009060023818685115	0.0186805369841303	0.027740560802815412	0.027740560802815412	0.027740560802815412	0.013454117610789407	0.027740560802815412	0.013454117610789407	0.013454117610789407	0.027740560802815412	0.026908235221578813	0.0178482114028937	0.11439452752183082	0.11439452752183082	0.11439452752183082	0.055481121605630825	0.055481121605630825	0.06893523921642024	0.14213508832464625	0.08322168240844623
UP000000817	0.018461117367515448	0.011853938583095096	0.030315055950610546	0.030315055950610546	0.030315055950610546	0.04721213982879374	0.030315055950610546	0.04721213982879374	0.04721213982879374	0.030315055950610546	0.09442427965758748	0.07596316229007202	0.038930775881849206	0.038930775881849206	0.038930775881849206	0.06063011190122109	0.06063011190122109	0.10784225173001483	0.06924583183245976	0.09094516785183163
UP000001566	0.011740167191480917	0.0183507922339203	0.030090959425401215	0.030090959425401215	0.030090959425401215	0.01925109772390512	0.030090959425401215	0.01925109772390512	0.01925109772390512	0.030090959425401215	0.03850219544781024	0.026762028256329323	0.09406900864845508	0.09406900864845508	0.09406900864845508	0.06018191885080243	0.06018191885080243	0.07943301657470755	0.1241599680738563	0.09027287827620366
UP000000562	0.01775134315011879	0.005741423283187472	0.02349276643330626	0.02349276643330626	0.02349276643330626	0.07263497880819718	0.02349276643330626	0.07263497880819718	0.07263497880819718	0.02349276643330626	0.14526995761639436	0.12751861446627558	0.015196812437910314	0.015196812437910314	0.015196812437910314	0.04698553286661252	0.04698553286661252	0.1196205116748097	0.03868957887121658	0.07047829929991879
UP000000585	0.017992035368930747	0.012991624455567893	0.030983659824498643	0.030983659824498643	0.030983659824498643	0.042909114662899976	0.030983659824498643	0.042909114662899976	0.042909114662899976	0.030983659824498643	0.08581822932579995	0.0678261939568692	0.04474514021843821	0.04474514021843821	0.04474514021843821	0.061967319648997286	0.061967319648997286	0.10487643431189726	0.07572880004293685	0.09295097947349591
UP000001020	0.009991578230889092	0.018674770158580833	0.028666348389469926	0.028666348389469926	0.028666348389469926	0.01533738086707872	0.028666348389469926	0.01533738086707872	0.01533738086707872	0.028666348389469926	0.03067476173415744	0.020683183503268348	0.10715773926568518	0.10715773926568518	0.10715773926568518	0.05733269677893985	0.05733269677893985	0.07267007764601857	0.1358240876551551	0.08599904516840977
UP000000594	0.018676150677281875	0.011089357635669962	0.029765508312951834	0.029765508312951834	0.029765508312951834	0.05012960502332917	0.029765508312951834	0.05012960502332917	0.05012960502332917	0.029765508312951834	0.10025921004665835	0.08158305936937647	0.03534779437085481	0.03534779437085481	0.03534779437085481	0.05953101662590367	0.05953101662590367	0.10966062164923285	0.06511330268380665	0.08929652493885552
UP000000586	0.017974920797713335	0.013026157746983201	0.031001078544696536	0.031001078544696536	0.031001078544696536	0.042778687492377794	0.031001078544696536	0.042778687492377794	0.042778687492377794	0.031001078544696536	0.08555737498475559	0.06758245418704226	0.04493204103588659	0.04493204103588659	0.04493204103588659	0.06200215708939307	0.06200215708939307	0.10478084458177085	0.07593311958058312	0.0930032356340896
UP000037395	0.007120071411222934	0.01827807505650497	0.025398146467727898	0.025398146467727898	0.025398146467727898	0.009893635735923098	0.025398146467727898	0.009893635735923098	0.009893635735923098	0.025398146467727898	0.019787271471846196	0.012667200060623263	0.13040016051004796	0.13040016051004796	0.13040016051004796	0.050796292935455796	0.050796292935455796	0.0606899286713789	0.15579830697777589	0.07619443940318371
UP000001174	0.01884595609877714	0.009989494075256324	0.028835450174033463	0.028835450174033463	0.028835450174033463	0.05440031536876067	0.028835450174033463	0.05440031536876067	0.05440031536876067	0.028835450174033463	0.10880063073752134	0.08995467463874422	0.03056905759103907	0.03056905759103907	0.03056905759103907	0.05767090034806693	0.05767090034806693	0.1120712157168276	0.059404507765072535	0.08650635052210039
UP000061569	0.008296213737372814	0.01859273068016233	0.026888944417535143	0.026888944417535143	0.026888944417535143	0.011998045574780597	0.026888944417535143	0.011998045574780597	0.011998045574780597	0.026888944417535143	0.023996091149561194	0.015699877412188378	0.12052218461464145	0.12052218461464145	0.12052218461464145	0.05377788883507029	0.05377788883507029	0.0657759344098509	0.1474111290321766	0.08066683325260544
UP000002516	0.01502104737264534	0.01661759024457913	0.03163863761722447	0.03163863761722447	0.03163863761722447	0.02859894048773521	0.03163863761722447	0.02859894048773521	0.02859894048773521	0.03163863761722447	0.05719788097547042	0.04217683360282508	0.07000283039879303	0.07000283039879303	0.07000283039879303	0.06327727523444894	0.06327727523444894	0.09187621572218416	0.1016414680160175	0.09491591285167342
UP000001584	0.009952053297925773	0.018677432252785585	0.028629485550711358	0.028629485550711358	0.028629485550711358	0.015254889549947715	0.028629485550711358	0.015254889549947715	0.015254889549947715	0.028629485550711358	0.03050977909989543	0.020557725801969656	0.10746029202174061	0.10746029202174061	0.10746029202174061	0.057258971101422716	0.057258971101422716	0.07251386065137042	0.13608977757245197	0.08588845665213407
UP000001962	0.009095637395208463	0.018682546753489643	0.027778184148698107	0.027778184148698107	0.027778184148698107	0.013523867695751491	0.027778184148698107	0.013523867695751491	0.013523867695751491	0.027778184148698107	0.027047735391502983	0.017952097996294516	0.1141134373625067	0.1141134373625067	0.1141134373625067	0.055556368297396214	0.055556368297396214	0.0690802359931477	0.1418916215112048	0.08333455244609432
UP000000579	0.018561683954862795	0.011530808567541042	0.030092492522403837	0.030092492522403837	0.030092492522403837	0.048441298139948824	0.030092492522403837	0.048441298139948824	0.048441298139948824	0.030092492522403837	0.09688259627989765	0.07832091232503487	0.037387854619202715	0.037387854619202715	0.037387854619202715	0.060184985044807675	0.060184985044807675	0.1086262831847565	0.06748034714160656	0.09027747756721151
UP000002357	0.007351517025138646	0.018358430654179587	0.02570994767931823	0.02570994767931823	0.02570994767931823	0.010295385354025417	0.02570994767931823	0.010295385354025417	0.010295385354025417	0.02570994767931823	0.020590770708050835	0.01323925368291219	0.1284073178309609	0.1284073178309609	0.1284073178309609	0.05141989535863646	0.05141989535863646	0.06171528071266188	0.15411726551027916	0.0771298430379547
UP000002521	0.018602546630525848	0.00756407038447422	0.026166617015000067	0.026166617015000067	0.026166617015000067	0.06435235110764839	0.026166617015000067	0.06435235110764839	0.06435235110764839	0.026166617015000067	0.12870470221529678	0.11010215558477095	0.021279466382334376	0.021279466382334376	0.021279466382334376	0.052333234030000134	0.052333234030000134	0.11668558513764854	0.04744608339733444	0.07849985104500021
UP000069205	0.010820895731396466	0.01857099672820745	0.029391892459603917	0.029391892459603917	0.029391892459603917	0.017125984582761336	0.029391892459603917	0.017125984582761336	0.017125984582761336	0.029391892459603917	0.03425196916552267	0.023431073434126207	0.10088568492891076	0.10088568492891076	0.10088568492891076	0.058783784919207833	0.058783784919207833	0.07590976950196918	0.13027757738851467	0.08817567737881174
UP000000558	0.015331675711002007	0.016363794000938545	0.031695469711940545	0.031695469711940545	0.031695469711940545	0.029696332226101563	0.031695469711940545	0.029696332226101563	0.029696332226101563	0.031695469711940545	0.05939266445220313	0.04406098874120112	0.06765837562778518	0.06765837562778518	0.06765837562778518	0.06339093942388109	0.06339093942388109	0.09308727164998266	0.09935384533972572	0.09508640913582166
UP000035170	0.010088517656850102	0.01866735214889841	0.028755869805748516	0.028755869805748516	0.028755869805748516	0.015540720395661263	0.028755869805748516	0.015540720395661263	0.015540720395661263	0.028755869805748516	0.031081440791322527	0.020992923134472423	0.10641720939989593	0.10641720939989593	0.10641720939989593	0.05751173961149703	0.05751173961149703	0.07305246000715829	0.13517307920564445	0.08626760941724554
UP000001010	0.00988728175349256	0.018681339265112392	0.02856862101860495	0.02856862101860495	0.02856862101860495	0.015120222448248403	0.02856862101860495	0.015120222448248403	0.015120222448248403	0.02856862101860495	0.030240444896496806	0.02035316314300425	0.10795689146745654	0.10795689146745654	0.10795689146745654	0.0571372420372099	0.0571372420372099	0.0722574644854583	0.13652551248606148	0.08570586305581485
UP000001423	0.014633507452947931	0.016908803323279466	0.0315423107762274	0.0315423107762274	0.0315423107762274	0.027297889212043958	0.0315423107762274	0.027297889212043958	0.027297889212043958	0.0315423107762274	0.054595778424087915	0.03996227097113998	0.07289335533423946	0.07289335533423946	0.07289335533423946	0.0630846215524548	0.0630846215524548	0.09038251076449876	0.10443566611046685	0.09462693232868219
UP000000818	0.018816630190627775	0.008598618731838899	0.027415248922466676	0.027415248922466676	0.027415248922466676	0.059993659056882004	0.027415248922466676	0.059993659056882004	0.059993659056882004	0.027415248922466676	0.11998731811376401	0.10117068792313623	0.02505584374402624	0.02505584374402624	0.02505584374402624	0.05483049784493335	0.05483049784493335	0.11482415690181536	0.05247109266649292	0.08224574676740003
UP000001203	0.017977779202945493	0.01302041451746143	0.030998193720406925	0.030998193720406925	0.030998193720406925	0.04280037948471235	0.030998193720406925	0.04280037948471235	0.04280037948471235	0.030998193720406925	0.0856007589694247	0.06762297976647921	0.04490091094968398	0.04490091094968398	0.04490091094968398	0.06199638744081385	0.06199638744081385	0.1047967669255262	0.07589910467009091	0.09299458116122077
UP000000429	0.01823580004451271	0.012455303244384828	0.03069110328889754	0.03069110328889754	0.03069110328889754	0.04493482107504196	0.03069110328889754	0.04493482107504196	0.04493482107504196	0.03069110328889754	0.08986964215008392	0.0716338421055712	0.04192489470545411	0.04192489470545411	0.04192489470545411	0.06138220657779508	0.06138220657779508	0.10631702765283703	0.07261599799435166	0.09207330986669261
UP000000640	0.007691869571702365	0.018459739514703873	0.026151609086406236	0.026151609086406236	0.026151609086406236	0.010896944998739335	0.026151609086406236	0.010896944998739335	0.010896944998739335	0.026151609086406236	0.02179388999747867	0.014102020425776303	0.125522641049822	0.125522641049822	0.125522641049822	0.05230321817281247	0.05230321817281247	0.0632001631715518	0.15167425013622823	0.0784548272592187
UP000001170	0.01818841113695854	0.012566990933962357	0.0307554020709209	0.0307554020709209	0.0307554020709209	0.044512795504341146	0.0307554020709209	0.044512795504341146	0.044512795504341146	0.0307554020709209	0.08902559100868229	0.07083717987172375	0.04249990349187377	0.04249990349187377	0.04249990349187377	0.0615108041418418	0.0615108041418418	0.10602359964618292	0.07325530556279466	0.09226620621276269
UP000006552	0.01012347809294707	0.01866436791128735	0.028787846004234417	0.028787846004234417	0.028787846004234417	0.015614411897161312	0.028787846004234417	0.015614411897161312	0.015614411897161312	0.028787846004234417	0.031228823794322624	0.021105345701375552	0.10615066171197647	0.10615066171197647	0.10615066171197647	0.057575692008468835	0.057575692008468835	0.07319010390563015	0.1349385077162109	0.08636353801270327
UP000001409	0.010707159338784905	0.01859059078916428	0.029297750127949187	0.029297750127949187	0.029297750127949187	0.01687389510346807	0.029297750127949187	0.01687389510346807	0.01687389510346807	0.029297750127949187	0.03374779020693614	0.023040630868151238	0.10173799911596336	0.10173799911596336	0.10173799911596336	0.058595500255898374	0.058595500255898374	0.07546939535936645	0.13103574924391254	0.08789325038384756
UP000001937	0.008134098162578594	0.01856275266308567	0.026696850825664267	0.026696850825664267	0.026696850825664267	0.011698416134128089	0.026696850825664267	0.011698416134128089	0.011698416134128089	0.026696850825664267	0.023396832268256177	0.01526273410567758	0.1218492889697314	0.1218492889697314	0.1218492889697314	0.053393701651328535	0.053393701651328535	0.06509211778545662	0.1485461397953957	0.08009055247699279
UP000198251	0.011897162090048485	0.018302187553707938	0.030199349643756427	0.030199349643756427	0.030199349643756427	0.019630798595604404	0.030199349643756427	0.019630798595604404	0.019630798595604404	0.030199349643756427	0.03926159719120881	0.027364435101160316	0.09291529475627758	0.09291529475627758	0.09291529475627758	0.060398699287512854	0.060398699287512854	0.08002949788311726	0.12311464440003402	0.09059804893126928
UP000183015	0.005976583031154373	0.017731729776165835	0.02370831280732021	0.02370831280732021	0.02370831280732021	0.007991025230487624	0.02370831280732021	0.007991025230487624	0.007991025230487624	0.02370831280732021	0.01598205046097525	0.010005467429820876	0.14067884406753253	0.14067884406753253	0.14067884406753253	0.04741662561464042	0.04741662561464042	0.05540765084512804	0.16438715687485272	0.07112493842196063
UP000008080	0.01606451467081572	0.015682913949710844	0.03174742862052657	0.03174742862052657	0.03174742862052657	0.03251991527024397	0.03174742862052657	0.03251991527024397	0.03251991527024397	0.03174742862052657	0.06503983054048794	0.04897531586967223	0.06198658364510972	0.06198658364510972	0.06198658364510972	0.06349485724105314	0.06349485724105314	0.0960147725112971	0.09373401226563628	0.09524228586157969
UP000006647	0.01865206377422253	0.007742422467993542	0.026394486242216072	0.026394486242216072	0.026394486242216072	0.06358625387762346	0.026394486242216072	0.06358625387762346	0.06358625387762346	0.026394486242216072	0.1271725077552469	0.10852044398102438	0.02191256321944442	0.02191256321944442	0.02191256321944442	0.052788972484432144	0.052788972484432144	0.1163752263620556	0.048307049461660485	0.07918345872664821
UP000000809	0.01814595063528544	0.012663708633401768	0.030809659268687208	0.030809659268687208	0.030809659268687208	0.04414745888143378	0.030809659268687208	0.04414745888143378	0.04414745888143378	0.030809659268687208	0.08829491776286756	0.07014896712758213	0.043002932821205	0.043002932821205	0.043002932821205	0.061619318537374415	0.061619318537374415	0.1057667774188082	0.0738125920898922	0.09242897780606163
UP000001572	0.018559244521299142	0.011539225898474517	0.03009847041977366	0.03009847041977366	0.03009847041977366	0.04840921541465931	0.03009847041977366	0.04840921541465931	0.04840921541465931	0.03009847041977366	0.09681843082931862	0.0782591863080195	0.03742749862191153	0.03742749862191153	0.03742749862191153	0.06019694083954732	0.06019694083954732	0.10860615625420664	0.0675259690416852	0.09029541125932099
UP000002207	0.011379565384628735	0.01845027094087859	0.029829836325507324	0.029829836325507324	0.029829836325507324	0.01839813485485431	0.029829836325507324	0.01839813485485431	0.01839813485485431	0.029829836325507324	0.03679626970970862	0.025416704325079885	0.09672927633441927	0.09672927633441927	0.09672927633441927	0.05965967265101465	0.05965967265101465	0.07805780750586896	0.12655911265992661	0.089489508976522
UP000194841	0.018257351975067566	0.012403092374366554	0.03066044434943412	0.03066044434943412	0.03066044434943412	0.04513217408236703	0.03066044434943412	0.04513217408236703	0.04513217408236703	0.03066044434943412	0.09026434816473405	0.07200699618966648	0.04165821243129636	0.04165821243129636	0.04165821243129636	0.06132088869886824	0.06132088869886824	0.10645306278123527	0.07231865678073049	0.09198133304830237
UP000001410	0.015370110687164288	0.016331050069917617	0.0317011607570819	0.0317011607570819	0.0317011607570819	0.029835824865020188	0.0317011607570819	0.029835824865020188	0.029835824865020188	0.0317011607570819	0.059671649730040376	0.04430153904287609	0.06736623491342308	0.06736623491342308	0.06736623491342308	0.0634023215141638	0.0634023215141638	0.093238146379184	0.09906739567050499	0.09510348227124572
UP000006637	0.007742432504149158	0.018473127358148423	0.026215559862297583	0.026215559862297583	0.026215559862297583	0.010987430490635934	0.026215559862297583	0.010987430490635934	0.010987430490635934	0.026215559862297583	0.021974860981271868	0.01423242847712271	0.12509850769557512	0.12509850769557512	0.12509850769557512	0.05243111972459517	0.05243111972459517	0.06341855021523109	0.1513140675578727	0.07864667958689273
UP000000625	0.015633498788759553	0.016098240014709834	0.031731738803469384	0.031731738803469384	0.031731738803469384	0.03081567299878619	0.031731738803469384	0.03081567299878619	0.03081567299878619	0.031731738803469384	0.06163134599757238	0.04599784720881283	0.06535007348573993	0.06535007348573993	0.06535007348573993	0.06346347760693877	0.06346347760693877	0.09427915060572498	0.09708181228920931	0.09519521641040815
UP000001806	0.018376266001327187	0.006918899718022071	0.02529516571934926	0.02529516571934926	0.02529516571934926	0.06718274765504151	0.02529516571934926	0.06718274765504151	0.06718274765504151	0.02529516571934926	0.13436549531008302	0.11598922930875584	0.019047908312851705	0.019047908312851705	0.019047908312851705	0.05059033143869852	0.05059033143869852	0.11777307909374003	0.04434307403220096	0.07588549715804778
UP000002361	0.00953441214595222	0.018692601920456898	0.028227014066409116	0.028227014066409116	0.028227014066409116	0.014397566850455724	0.028227014066409116	0.014397566850455724	0.014397566850455724	0.028227014066409116	0.028795133700911447	0.019260721554959233	0.11068041306994013	0.11068041306994013	0.11068041306994013	0.05645402813281823	0.05645402813281823	0.07085159498327395	0.13890742713634924	0.08468104219922735
UP000000588	0.01582778469521453	0.01591658516756063	0.03174436986277516	0.03174436986277516	0.03174436986277516	0.03156726434620437	0.03174436986277516	0.03156726434620437	0.03156726434620437	0.03174436986277516	0.06313452869240874	0.04730674399719421	0.06384493803029426	0.06384493803029426	0.06384493803029426	0.06348873972555032	0.06348873972555032	0.09505600407175469	0.09558930789306942	0.0952331095883255
UP000002480	0.018739144501948225	0.008119544107725123	0.02685868860967335	0.02685868860967335	0.02685868860967335	0.06198732839084401	0.02685868860967335	0.06198732839084401	0.06198732839084401	0.02685868860967335	0.12397465678168802	0.1052355122797398	0.023275374905105648	0.023275374905105648	0.023275374905105648	0.0537173772193467	0.0537173772193467	0.11570470561019071	0.05013406351477899	0.08057606582902005
UP000001983	0.011584829495969133	0.018395719598911	0.029980549094880134	0.029980549094880134	0.029980549094880134	0.018880454640126113	0.029980549094880134	0.018880454640126113	0.018880454640126113	0.029980549094880134	0.037760909280252226	0.026176079784283095	0.09521310171421951	0.09521310171421951	0.09521310171421951	0.05996109818976027	0.05996109818976027	0.07884155282988638	0.12519365080909964	0.08994164728464038
UP000001116	0.007074645600845081	0.018261180682660246	0.02533582628350533	0.02533582628350533	0.02533582628350533	0.00981546566321278	0.02533582628350533	0.00981546566321278	0.00981546566321278	0.02533582628350533	0.01963093132642556	0.012556285725580478	0.1307944249397644	0.1307944249397644	0.1307944249397644	0.05067165256701066	0.05067165256701066	0.06048711823022344	0.15613025122326973	0.07600747885051597
UP000002145	0.018062518046953382	0.012845535637665636	0.030908053684619016	0.030908053684619016	0.030908053684619016	0.043460801730809594	0.030908053684619016	0.043460801730809594	0.043460801730809594	0.030908053684619016	0.08692160346161919	0.0688590854146658	0.04396181131164309	0.04396181131164309	0.04396181131164309	0.06181610736923803	0.06181610736923803	0.10527690910004762	0.0748698649962621	0.09272416105385706
UP000000423	0.018401500963244208	0.006981303636060992	0.0253828045993052	0.0253828045993052	0.0253828045993052	0.06690465386311317	0.0253828045993052	0.06690465386311317	0.06690465386311317	0.0253828045993052	0.13380930772622635	0.11540780676298214	0.019259849117363913	0.019259849117363913	0.019259849117363913	0.0507656091986104	0.0507656091986104	0.11767026306172357	0.04464265371666912	0.07614841379791559
UP000009072	0.018372659936313943	0.006910129123997375	0.025282789060311315	0.025282789060311315	0.025282789060311315	0.06722191109765353	0.025282789060311315	0.06722191109765353	0.06722191109765353	0.025282789060311315	0.13444382219530707	0.11607116225899312	0.019018186547526177	0.019018186547526177	0.019018186547526177	0.05056557812062263	0.05056557812062263	0.11778748921827617	0.044300975607837495	0.07584836718093395
UP000000774	0.018259559526566233	0.012397691674473554	0.03065725120103979	0.03065725120103979	0.03065725120103979	0.045152591137499046	0.03065725120103979	0.045152591137499046	0.045152591137499046	0.03065725120103979	0.09030518227499809	0.07204562274843183	0.04163070280248434	0.04163070280248434	0.04163070280248434	0.06131450240207958	0.06131450240207958	0.1064670935395786	0.07228795400352413	0.09197175360311936
UP000001422	0.01138881169211969	0.01844793143485189	0.029836743126971585	0.029836743126971585	0.029836743126971585	0.018419682996938344	0.029836743126971585	0.018419682996938344	0.018419682996938344	0.029836743126971585	0.03683936599387669	0.025450554301757	0.09666086442126687	0.09666086442126687	0.09666086442126687	0.05967348625394317	0.05967348625394317	0.07809316925088151	0.12649760754823847	0.08951022938091474
UP000006697	0.01414814162413483	0.017237013121945418	0.03138515474608025	0.03138515474608025	0.03138515474608025	0.02576093729821417	0.03138515474608025	0.02576093729821417	0.02576093729821417	0.03138515474608025	0.05152187459642834	0.03737373297229351	0.07647454182528436	0.07647454182528436	0.07647454182528436	0.0627703094921605	0.0627703094921605	0.08853124679037466	0.10785969657136461	0.09415546423824075
UP000001006	0.015513978499129609	0.016205739832771626	0.03171971833190124	0.03171971833190124	0.03171971833190124	0.03036572432222001	0.03171971833190124	0.03036572432222001	0.03036572432222001	0.03171971833190124	0.06073144864444002	0.04521747014531042	0.06626817265273739	0.06626817265273739	0.06626817265273739	0.06343943666380247	0.06343943666380247	0.09380516098602248	0.09798789098463863	0.09515915499570371
UP000028341	0.00850719603146769	0.018625684062211167	0.027132880093678858	0.027132880093678858	0.027132880093678858	0.012392818920597048	0.027132880093678858	0.012392818920597048	0.012392818920597048	0.027132880093678858	0.024785637841194096	0.01627844180972641	0.11880964079195742	0.11880964079195742	0.11880964079195742	0.054265760187357716	0.054265760187357716	0.06665857910795477	0.14594252088563628	0.08139864028103656
UP000005954	0.011030871972800083	0.018530386286490598	0.02956125825929068	0.02956125825929068	0.02956125825929068	0.017597391126748647	0.02956125825929068	0.017597391126748647	0.017597391126748647	0.02956125825929068	0.03519478225349729	0.024163910280697212	0.09931790270254001	0.09931790270254001	0.09931790270254001	0.05912251651858136	0.05912251651858136	0.07671990764533002	0.1288791609618307	0.08868377477787204
UP000001822	0.018258458588740603	0.012400386329204172	0.030658844917944777	0.030658844917944777	0.030658844917944777	0.045142404071280305	0.030658844917944777	0.045142404071280305	0.045142404071280305	0.030658844917944777	0.09028480814256061	0.07202634955382001	0.04164442683284544	0.04164442683284544	0.04164442683284544	0.061317689835889554	0.061317689835889554	0.10646009390716987	0.07230327175079022	0.09197653475383434
UP000008320	0.018852642201364025	0.008975740038334436	0.027828382239698465	0.027828382239698465	0.027828382239698465	0.05845072731241689	0.027828382239698465	0.05845072731241689	0.05845072731241689	0.027828382239698465	0.11690145462483378	0.09804881242346976	0.026498176966713374	0.026498176966713374	0.026498176966713374	0.05565676447939693	0.05565676447939693	0.11410749179181381	0.054326559206411836	0.08348514671909538
UP000061018	0.00784665769645613	0.018499396437417572	0.026346054133873704	0.026346054133873704	0.026346054133873704	0.011174876388003298	0.026346054133873704	0.011174876388003298	0.011174876388003298	0.026346054133873704	0.022349752776006596	0.014503095079550466	0.12422769511261259	0.12422769511261259	0.12422769511261259	0.05269210826774741	0.05269210826774741	0.0638669846557507	0.1505737492464863	0.0790381624016211
UP000001025	0.013716413324371205	0.017497405245852107	0.03121381857022331	0.03121381857022331	0.03121381857022331	0.02446886443592033	0.03121381857022331	0.02446886443592033	0.02446886443592033	0.03121381857022331	0.04893772887184066	0.03522131554746946	0.07963610017835891	0.07963610017835891	0.07963610017835891	0.06242763714044662	0.06242763714044662	0.08689650157636696	0.11084991874858222	0.09364145571066992
UP000007065	0.018850059324362428	0.008938759412375449	0.02778881873673788	0.02778881873673788	0.02778881873673788	0.05860107175680873	0.02778881873673788	0.05860107175680873	0.05860107175680873	0.02778881873673788	0.11720214351361746	0.09835208418925503	0.02635509637052164	0.02635509637052164	0.02635509637052164	0.05557763747347576	0.05557763747347576	0.11417870923028449	0.05414391510725952	0.08336645621021364
UP000002484	0.006089772520116701	0.017797736426063585	0.023887508946180285	0.023887508946180285	0.023887508946180285	0.008173482968399301	0.023887508946180285	0.008173482968399301	0.008173482968399301	0.023887508946180285	0.016346965936798602	0.010257193416681904	0.1396254414085094	0.1396254414085094	0.1396254414085094	0.04777501789236057	0.04777501789236057	0.055948500860759864	0.1635129503546897	0.07166252683854085
UP000002709	0.01287420590156747	0.01792647071852232	0.03080067662008979	0.03080067662008979	0.03080067662008979	0.022120040187548838	0.03080067662008979	0.022120040187548838	0.022120040187548838	0.03080067662008979	0.044240080375097676	0.0313658744735302	0.085775764619935	0.085775764619935	0.085775764619935	0.06160135324017958	0.06160135324017958	0.08372139342772843	0.1165764412400248	0.09240202986026938
UP000001652	0.01677950262426377	0.014880547101185986	0.03166004972544975	0.03166004972544975	0.03166004972544975	0.035700292727151514	0.03166004972544975	0.035700292727151514	0.035700292727151514	0.03166004972544975	0.07140058545430303	0.05462108283003926	0.056154091299963876	0.056154091299963876	0.056154091299963876	0.0633200994508995	0.0633200994508995	0.09902039217805104	0.08781414102541363	0.09498014917634927
UP000006821	0.010808782143944469	0.018573164072678894	0.02938194621662336	0.02938194621662336	0.02938194621662336	0.017099028166543774	0.02938194621662336	0.017099028166543774	0.017099028166543774	0.02938194621662336	0.03419805633308755	0.02338927418914308	0.1009763543364051	0.1009763543364051	0.1009763543364051	0.05876389243324672	0.05876389243324672	0.0758629205997905	0.1303583005530285	0.08814583864987008
UP000002171	0.01576648354394507	0.01597485116787386	0.03174133471181893	0.03174133471181893	0.03174133471181893	0.031327317302534345	0.03174133471181893	0.031327317302534345	0.031327317302534345	0.03174133471181893	0.06265463460506869	0.046888151061123616	0.06432164743364187	0.06432164743364187	0.06432164743364187	0.06348266942363787	0.06348266942363787	0.0948099867261722	0.0960629821454608	0.0952240041354568
UP000009134	0.009997479801891567	0.01867435463251831	0.028671834434409876	0.028671834434409876	0.028671834434409876	0.015349718439107126	0.028671834434409876	0.015349718439107126	0.015349718439107126	0.028671834434409876	0.03069943687821425	0.020701957076322684	0.10711259533461917	0.10711259533461917	0.10711259533461917	0.05734366886881975	0.05734366886881975	0.07269338730792686	0.13578442976902905	0.08601550330322963
UP000007073	0.012378493994752061	0.01813299869662498	0.030511492691377044	0.030511492691377044	0.030511492691377044	0.020828674582182002	0.030511492691377044	0.020828674582182002	0.020828674582182002	0.030511492691377044	0.041657349164364005	0.029278855169611945	0.08939130356881582	0.08939130356881582	0.08939130356881582	0.06102298538275409	0.06102298538275409	0.0818516599649361	0.11990279626019283	0.09153447807413112
UP000000245	0.008849561373513526	0.018664932768950253	0.02751449414246378	0.02751449414246378	0.02751449414246378	0.013045383425112973	0.02751449414246378	0.013045383425112973	0.013045383425112973	0.02751449414246378	0.026090766850225947	0.017241205476712422	0.11606364692329732	0.11606364692329732	0.11606364692329732	0.05502898828492756	0.05502898828492756	0.06807437171004053	0.14357814106576108	0.08254348242739133
