	M	W	C	D	E	F	H	K	N	Q	Y	I	A	G	P	T	V	L	R	S
Start	177737.0	5278.0	5791.0	43583.0	52419.0	21013.0	10100.0	53179.0	27847.0	17714.0	18353.0	51859.0	42320.0	32385.0	27250.0	46044.0	47643.0	52974.0	46548.0	55692.0
M	48850.0	20710.0	20290.0	128338.0	155206.0	79157.0	36616.0	111637.0	74875.0	49644.0	69948.0	148138.0	168981.0	161309.0	89443.0	106899.0	156690.0	189501.0	115356.0	126407.0
W	20710.0	15162.0	9580.0	66656.0	76246.0	40386.0	18523.0	47897.0	36930.0	23474.0	38691.0	60747.0	81068.0	83972.0	49613.0	53964.0	74341.0	90847.0	58677.0	61266.0
C	20290.0	9580.0	20012.0	57600.0	69917.0	33558.0	19030.0	48118.0	35227.0	20159.0	33035.0	62488.0	72635.0	70647.0	44179.0	50078.0	70340.0	76104.0	51956.0	56017.0
D	128338.0	66656.0	57600.0	408434.0	467922.0	226567.0	112680.0	270609.0	193883.0	137755.0	221166.0	427608.0	520723.0	420906.0	249369.0	338952.0	527981.0	575267.0	351280.0	342695.0
E	155206.0	76246.0	69917.0	467922.0	629846.0	268712.0	131678.0	385776.0	241216.0	170633.0	265249.0	521573.0	617965.0	497191.0	308568.0	386847.0	608554.0	727939.0	438455.0	410618.0
F	79157.0	40386.0	33558.0	226567.0	268712.0	152998.0	61499.0	183394.0	137582.0	80203.0	129190.0	245785.0	286870.0	295618.0	165128.0	189342.0	265539.0	337805.0	189330.0	225640.0
H	36616.0	18523.0	19030.0	112680.0	131678.0	61499.0	40632.0	79902.0	58082.0	40105.0	60956.0	110224.0	137825.0	128915.0	76509.0	92208.0	132789.0	149076.0	96783.0	98700.0
K	111637.0	47897.0	48118.0	270609.0	385776.0	183394.0	79902.0	345792.0	193334.0	108038.0	186585.0	390947.0	344865.0	309926.0	188840.0	232476.0	377888.0	471454.0	260798.0	279027.0
N	74875.0	36930.0	35227.0	193883.0	241216.0	137582.0	58082.0	193334.0	154130.0	82138.0	141155.0	278179.0	250399.0	227115.0	131829.0	189121.0	277078.0	329565.0	171160.0	209517.0
Q	49644.0	23474.0	20159.0	137755.0	170633.0	80203.0	40105.0	108038.0	82138.0	66974.0	79460.0	152801.0	188243.0	160019.0	93565.0	126507.0	169430.0	209156.0	126113.0	139327.0
Y	69948.0	38691.0	33035.0	221166.0	265249.0	129190.0	60956.0	186585.0	141155.0	79460.0	134828.0	222679.0	252471.0	265189.0	153158.0	177753.0	240994.0	302624.0	186663.0	212925.0
I	148138.0	60747.0	62488.0	427608.0	521573.0	245785.0	110224.0	390947.0	278179.0	152801.0	222679.0	472098.0	509369.0	542552.0	291434.0	348270.0	468066.0	596559.0	349261.0	424945.0
A	168981.0	81068.0	72635.0	520723.0	617965.0	286870.0	137825.0	344865.0	250399.0	188243.0	252471.0	509369.0	795668.0	653549.0	346825.0	450919.0	663636.0	764630.0	453721.0	477532.0
G	161309.0	83972.0	70647.0	420906.0	497191.0	295618.0	128915.0	309926.0	227115.0	160019.0	265189.0	542552.0	653549.0	590166.0	307164.0	422021.0	674988.0	717279.0	394592.0	430677.0
P	89443.0	49613.0	44179.0	249369.0	308568.0	165128.0	76509.0	188840.0	131829.0	93565.0	153158.0	291434.0	346825.0	307164.0	202920.0	236496.0	358839.0	392259.0	227195.0	243285.0
T	106899.0	53964.0	50078.0	338952.0	386847.0	189342.0	92208.0	232476.0	189121.0	126507.0	177753.0	348270.0	450919.0	422021.0	236496.0	326232.0	427001.0	473552.0	281286.0	330216.0
V	156690.0	74341.0	70340.0	527981.0	608554.0	265539.0	132789.0	377888.0	277078.0	169430.0	240994.0	468066.0	663636.0	674988.0	358839.0	427001.0	594130.0	676104.0	428270.0	478132.0
L	189501.0	90847.0	76104.0	575267.0	727939.0	337805.0	149076.0	471454.0	329565.0	209156.0	302624.0	596559.0	764630.0	717279.0	392259.0	473552.0	676104.0	829972.0	517888.0	561523.0
R	115356.0	58677.0	51956.0	351280.0	438455.0	189330.0	96783.0	260798.0	171160.0	126113.0	186663.0	349261.0	453721.0	394592.0	227195.0	281286.0	428270.0	517888.0	364084.0	315854.0
S	126407.0	61266.0	56017.0	342695.0	410618.0	225640.0	98700.0	279027.0	209517.0	139327.0	212925.0	424945.0	477532.0	430677.0	243285.0	330216.0	478132.0	561523.0	315854.0	387884.0
End	13499.0	10968.0	7496.0	47009.0	80742.0	28763.0	12446.0	63400.0	28052.0	24538.0	24891.0	49934.0	53572.0	63113.0	32620.0	36393.0	56242.0	77415.0	68723.0	55902.0
