Proteome_ID	M	W	C	D	E	F	H	K	N	Q	Y	I	A	G	P	T	V	L	R	S
UP000000226	0.01743455874704769	0.03140895981534034	0.03140895981534034	0.03140895981534034	0.03140895981534034	0.03918603397799258	0.03140895981534034	0.01743455874704769	0.06093750920893745	0.03140895981534034	0.06093750920893745	0.06093750920893745	0.05035073246941546	0.05035073246941546	0.05035073246941546	0.06281791963068067	0.06281791963068067	0.10200395360867325	0.05035073246941546	0.12563583926136135
UP000000267	0.0188349368445173	0.02895043713697049	0.02895043713697049	0.02895043713697049	0.02895043713697049	0.053905357059088894	0.02895043713697049	0.0188349368445173	0.08897577727366049	0.02895043713697049	0.08897577727366049	0.08897577727366049	0.031096271545069554	0.031096271545069554	0.031096271545069554	0.05790087427394098	0.05790087427394098	0.11180623133302987	0.031096271545069554	0.11580174854788196
UP000000304	0.0144248352024419	0.031479528712551524	0.031479528712551524	0.031479528712551524	0.031479528712551524	0.026625340036742468	0.031479528712551524	0.0144248352024419	0.038825844871043035	0.031479528712551524	0.038825844871043035	0.038825844871043035	0.07443741387691943	0.07443741387691943	0.07443741387691943	0.06295905742510305	0.06295905742510305	0.08958439746184553	0.07443741387691943	0.1259181148502061
UP000000305	0.016819282417980835	0.03165019113995757	0.03165019113995757	0.03165019113995757	0.03165019113995757	0.03589351895728405	0.03165019113995757	0.016819282417980835	0.05496775549658726	0.03165019113995757	0.05496775549658726	0.05496775549658726	0.05581701813009682	0.05581701813009682	0.05581701813009682	0.06330038227991513	0.06330038227991513	0.09919390123719919	0.05581701813009682	0.12660076455983027
UP000000311	0.017686220089403223	0.031248924980091436	0.031248924980091436	0.031248924980091436	0.031248924980091436	0.04074964169828685	0.031248924980091436	0.017686220089403223	0.06381306330717047	0.031248924980091436	0.06381306330717047	0.06381306330717047	0.047926571705411355	0.047926571705411355	0.047926571705411355	0.06249784996018287	0.06249784996018287	0.10324749165846972	0.047926571705411355	0.12499569992036574
UP000000314	0.01796962181715521	0.03100640094850931	0.03100640094850931	0.03100640094850931	0.03100640094850931	0.042738570113208835	0.03100640094850931	0.01796962181715521	0.06750751840926247	0.03100640094850931	0.06750751840926247	0.06750751840926247	0.04498966143383391	0.04498966143383391	0.04498966143383391	0.06201280189701862	0.06201280189701862	0.10475137201022747	0.04498966143383391	0.12402560379403724
UP000000437	0.016020718677066535	0.031747933843522196	0.031747933843522196	0.031747933843522196	0.031747933843522196	0.032340418268710834	0.031747933843522196	0.016020718677066535	0.04866011786035513	0.031747933843522196	0.04866011786035513	0.04866011786035513	0.06233260775775616	0.06233260775775616	0.06233260775775616	0.06349586768704439	0.06349586768704439	0.09583628595575523	0.06233260775775616	0.12699173537408878
UP000000539	0.015600678899276528	0.031728752450143775	0.031728752450143775	0.031728752450143775	0.031728752450143775	0.030691209169411895	0.031728752450143775	0.015600678899276528	0.04578173943954726	0.031728752450143775	0.04578173943954726	0.04578173943954726	0.06560274158542026	0.06560274158542026	0.06560274158542026	0.06345750490028755	0.06345750490028755	0.09414871406969945	0.06560274158542026	0.1269150098005751
UP000000542	0.011579073448674504	0.029976397460644188	0.029976397460644188	0.029976397460644188	0.029976397460644188	0.01886681496165579	0.029976397460644188	0.011579073448674504	0.026154556474637075	0.029976397460644188	0.026154556474637075	0.026154556474637075	0.09525554859628026	0.09525554859628026	0.09525554859628026	0.059952794921288376	0.059952794921288376	0.07881960988294416	0.09525554859628026	0.11990558984257675
UP000000559	0.018828079273552185	0.029011531809557106	0.029011531809557106	0.029011531809557106	0.029011531809557106	0.05363911883776644	0.029011531809557106	0.018828079273552185	0.0884501584019807	0.029011531809557106	0.0884501584019807	0.0884501584019807	0.03138265490462674	0.03138265490462674	0.03138265490462674	0.05802306361911421	0.05802306361911421	0.11166218245688067	0.03138265490462674	0.11604612723822842
UP000000560	0.014699197522626243	0.031560529002340146	0.031560529002340146	0.031560529002340146	0.031560529002340146	0.027513512220675686	0.031560529002340146	0.014699197522626243	0.04032782691872512	0.031560529002340146	0.04032782691872512	0.04032782691872512	0.0724056589299446	0.0724056589299446	0.0724056589299446	0.06312105800468029	0.06312105800468029	0.09063457022535597	0.0724056589299446	0.12624211600936058
UP000000561	0.013835492397005742	0.03126392229765118	0.03126392229765118	0.03126392229765118	0.03126392229765118	0.024818745103006225	0.03126392229765118	0.013835492397005742	0.03580199780900671	0.03126392229765118	0.03580199780900671	0.03580199780900671	0.07876569370263423	0.07876569370263423	0.07876569370263423	0.06252784459530236	0.06252784459530236	0.0873465896983086	0.07876569370263423	0.12505568919060472
UP000000589	0.01586172137064409	0.031745663239502425	0.031745663239502425	0.031745663239502425	0.031745663239502425	0.031701253327961115	0.031745663239502425	0.01586172137064409	0.04754078528527815	0.031745663239502425	0.04754078528527815	0.04754078528527815	0.06358027072872909	0.06358027072872909	0.06358027072872909	0.06349132647900485	0.06349132647900485	0.09519257980696598	0.06358027072872909	0.1269826529580097
UP000000591	0.014148875896061786	0.03138542150627228	0.03138542150627228	0.03138542150627228	0.03138542150627228	0.025763191992180853	0.03138542150627228	0.014148875896061786	0.03737750808829992	0.03138542150627228	0.03737750808829992	0.03737750808829992	0.07646914896456465	0.07646914896456465	0.07646914896456465	0.06277084301254456	0.06277084301254456	0.08853403500472543	0.07646914896456465	0.1255416860250891
UP000000598	0.018254821297515048	0.030664092644121087	0.030664092644121087	0.030664092644121087	0.030664092644121087	0.045108815484317215	0.030664092644121087	0.018254821297515048	0.07196280967111938	0.030664092644121087	0.07196280967111938	0.07196280967111938	0.041689703779260005	0.041689703779260005	0.041689703779260005	0.061328185288242174	0.061328185288242174	0.10643700077255938	0.041689703779260005	0.12265637057648435
UP000000599	0.0185978605492335	0.02999968984464296	0.02999968984464296	0.02999968984464296	0.02999968984464296	0.048933380231850766	0.02999968984464296	0.0185978605492335	0.07926889991446803	0.02999968984464296	0.07926889991446803	0.07926889991446803	0.03678394529503504	0.03678394529503504	0.03678394529503504	0.05999937968928592	0.05999937968928592	0.10893275992113668	0.03678394529503504	0.11999875937857184
UP000000600	0.018754870152513533	0.02695575821800055	0.02695575821800055	0.02695575821800055	0.02695575821800055	0.061645975558273544	0.02695575821800055	0.018754870152513533	0.10453708096403355	0.02695575821800055	0.10453708096403355	0.10453708096403355	0.02357373354957913	0.02357373354957913	0.02357373354957913	0.0539115164360011	0.0539115164360011	0.11555749199427465	0.02357373354957913	0.1078230328720022
UP000000673	0.014477340925136764	0.03149601886227183	0.03149601886227183	0.03149601886227183	0.03149601886227183	0.026792833411501005	0.03149601886227183	0.014477340925136764	0.039108325897865254	0.03149601886227183	0.039108325897865254	0.039108325897865254	0.07404959295919487	0.07404959295919487	0.07404959295919487	0.06299203772454366	0.06299203772454366	0.08978487113604466	0.07404959295919487	0.12598407544908732
UP000000715	0.0144398367757289	0.03148428713771691	0.03148428713771691	0.03148428713771691	0.03148428713771691	0.026673078780100168	0.03148428713771691	0.0144398367757289	0.03890632078447143	0.03148428713771691	0.03890632078447143	0.03890632078447143	0.07432665308286424	0.07432665308286424	0.07432665308286424	0.06296857427543381	0.06296857427543381	0.08964165305553398	0.07432665308286424	0.12593714855086763
UP000000724	0.01494476855895917	0.031621839646220846	0.031621839646220846	0.031621839646220846	0.031621839646220846	0.02833717458230768	0.031621839646220846	0.01494476855895917	0.04172958060565619	0.031621839646220846	0.04172958060565619	0.04172958060565619	0.07057448439024105	0.07057448439024105	0.07057448439024105	0.06324367929244169	0.06324367929244169	0.09158085387474937	0.07057448439024105	0.12648735858488339
UP000000741	0.015994408729129887	0.031747998476714785	0.031747998476714785	0.031747998476714785	0.031747998476714785	0.03223331774564054	0.031747998476714785	0.015994408729129887	0.0484722267621512	0.031747998476714785	0.0484722267621512	0.0484722267621512	0.06253997278414225	0.06253997278414225	0.06253997278414225	0.06349599695342957	0.06349599695342957	0.09572931469907012	0.06253997278414225	0.12699199390685914
UP000000759	0.01556578844140179	0.03172531520079321	0.03172531520079321	0.03172531520079321	0.03172531520079321	0.03055965388128318	0.03172531520079321	0.01556578844140179	0.04555351932116457	0.03172531520079321	0.04555351932116457	0.04555351932116457	0.06587087854461124	0.06587087854461124	0.06587087854461124	0.06345063040158642	0.06345063040158642	0.0940102842828696	0.06587087854461124	0.12690126080317285
UP000000768	0.013518485117170466	0.03112587431382648	0.03112587431382648	0.03112587431382648	0.03112587431382648	0.023897618435690344	0.03112587431382648	0.013518485117170466	0.03427675175421022	0.03112587431382648	0.03427675175421022	0.03427675175421022	0.08108088715260603	0.08108088715260603	0.08108088715260603	0.06225174862765296	0.06225174862765296	0.0861493670633433	0.08108088715260603	0.12450349725530592
UP000000803	0.014811586429964996	0.03158993649422879	0.03158993649422879	0.03158993649422879	0.03158993649422879	0.02788695389649481	0.03158993649422879	0.014811586429964996	0.04096232136302463	0.03158993649422879	0.04096232136302463	0.04096232136302463	0.07156924283758648	0.07156924283758648	0.07156924283758648	0.06317987298845758	0.06317987298845758	0.09106682688495239	0.07156924283758648	0.12635974597691516
UP000000819	0.016692198849839843	0.03167962613491846	0.03167962613491846	0.03167962613491846	0.03167962613491846	0.035283081537223836	0.03167962613491846	0.016692198849839843	0.053873964224607815	0.03167962613491846	0.053873964224607815	0.053873964224607815	0.056888382098338394	0.056888382098338394	0.056888382098338394	0.06335925226983692	0.06335925226983692	0.09864233380706076	0.056888382098338394	0.12671850453967384
UP000001038	0.01504451693676678	0.03164358602163691	0.03164358602163691	0.03164358602163691	0.03164358602163691	0.028680070153842465	0.03164358602163691	0.01504451693676678	0.04231562337091815	0.03164358602163691	0.04231562337091815	0.04231562337091815	0.06982664483995912	0.06982664483995912	0.06982664483995912	0.06328717204327382	0.06328717204327382	0.09196724219711627	0.06982664483995912	0.12657434408654764
UP000001055	0.014356036629787577	0.03145722834879236	0.03145722834879236	0.03145722834879236	0.03145722834879236	0.026407581990030845	0.03145722834879236	0.014356036629787577	0.03845912735027412	0.03145722834879236	0.03845912735027412	0.03845912735027412	0.07494493178221574	0.07494493178221574	0.07494493178221574	0.06291445669758472	0.06291445669758472	0.08932203868761555	0.07494493178221574	0.12582891339516944
UP000001056	0.012187832489367934	0.030391504717025706	0.030391504717025706	0.030391504717025706	0.030391504717025706	0.02034790365144935	0.030391504717025706	0.012187832489367934	0.028507974813530765	0.030391504717025706	0.028507974813530765	0.028507974813530765	0.09078513195134046	0.09078513195134046	0.09078513195134046	0.06078300943405141	0.06078300943405141	0.08113091308550076	0.09078513195134046	0.12156601886810282
UP000001064	0.018734302286640376	0.026829856073826645	0.026829856073826645	0.026829856073826645	0.026829856073826645	0.06208823351772485	0.026829856073826645	0.018734302286640376	0.10544216474880931	0.026829856073826645	0.10544216474880931	0.10544216474880931	0.023187684240903825	0.023187684240903825	0.023187684240903825	0.05365971214765329	0.05365971214765329	0.11574794566537813	0.023187684240903825	0.10731942429530658
UP000001067	0.014589671254992267	0.031529737189386606	0.031529737189386606	0.031529737189386606	0.031529737189386606	0.027155059616118384	0.031529737189386606	0.014589671254992267	0.0397204479772445	0.031529737189386606	0.0397204479772445	0.0397204479772445	0.07321834982396488	0.07321834982396488	0.07321834982396488	0.06305947437877321	0.06305947437877321	0.0902145339948916	0.07321834982396488	0.12611894875754642
UP000001070	0.015464795150492972	0.03171386794960076	0.03171386794960076	0.03171386794960076	0.03171386794960076	0.03018316659257568	0.03171386794960076	0.015464795150492972	0.044901538034658385	0.03171386794960076	0.044901538034658385	0.044901538034658385	0.06664439380406885	0.06664439380406885	0.06664439380406885	0.06342773589920152	0.06342773589920152	0.0936109024917772	0.06664439380406885	0.12685547179840304
UP000001072	0.017658342281435875	0.0312689052968216	0.0312689052968216	0.0312689052968216	0.0312689052968216	0.04056827273588217	0.0312689052968216	0.017658342281435875	0.06347820319032847	0.0312689052968216	0.06347820319032847	0.06347820319032847	0.04820241891130821	0.04820241891130821	0.04820241891130821	0.0625378105936432	0.0625378105936432	0.10310608332952538	0.04820241891130821	0.1250756211872864
UP000001073	0.015167667239577114	0.031667822977359594	0.031667822977359594	0.031667822977359594	0.031667822977359594	0.029110452577278373	0.031667822977359594	0.015167667239577114	0.043053237914979635	0.031667822977359594	0.043053237914979635	0.043053237914979635	0.0688997197458992	0.0688997197458992	0.0688997197458992	0.06333564595471919	0.06333564595471919	0.09244609853199755	0.0688997197458992	0.12667129190943838
UP000001074	0.014630640054700488	0.0315414984538345	0.0315414984538345	0.0315414984538345	0.0315414984538345	0.027288520770038266	0.0315414984538345	0.014630640054700488	0.03994640148537604	0.0315414984538345	0.03994640148537604	0.03994640148537604	0.0729146246582606	0.0729146246582606	0.0729146246582606	0.063082996907669	0.063082996907669	0.09037151767770725	0.0729146246582606	0.126165993815338
UP000001075	0.015530442841686429	0.03172156029573641	0.03172156029573641	0.03172156029573641	0.03172156029573641	0.030427169737985846	0.03172156029573641	0.015530442841686429	0.04532389663428526	0.03172156029573641	0.04532389663428526	0.04532389663428526	0.06614203005150428	0.06614203005150428	0.06614203005150428	0.06344312059147282	0.06344312059147282	0.09387029032945866	0.06614203005150428	0.12688624118294564
UP000001194	0.015744182905526333	0.031740010473330825	0.031740010473330825	0.031740010473330825	0.031740010473330825	0.031240679995904155	0.031740010473330825	0.015744182905526333	0.04673717708628197	0.031740010473330825	0.04673717708628197	0.04673717708628197	0.06449464384124998	0.06449464384124998	0.06449464384124998	0.06348002094666165	0.06348002094666165	0.0947207009425658	0.06449464384124998	0.1269600418933233
UP000001197	0.01379022492388683	0.03124512676797144	0.03124512676797144	0.03124512676797144	0.03124512676797144	0.024685176104367823	0.03124512676797144	0.01379022492388683	0.035580127284848814	0.03124512676797144	0.035580127284848814	0.035580127284848814	0.0790966969503503	0.0790966969503503	0.0790966969503503	0.06249025353594288	0.06249025353594288	0.0871754296403107	0.0790966969503503	0.12498050707188577
UP000001261	0.015570869589821559	0.031725832488973864	0.031725832488973864	0.031725832488973864	0.031725832488973864	0.03057876414809083	0.031725832488973864	0.015570869589821559	0.0455866587063601	0.031725832488973864	0.0455866587063601	0.0455866587063601	0.0658318591453783	0.0658318591453783	0.0658318591453783	0.06345166497794773	0.06345166497794773	0.09403042912603857	0.0658318591453783	0.12690332995589546
UP000001292	0.014446597259145131	0.0314864192698774	0.0314864192698774	0.0314864192698774	0.0314864192698774	0.026694622633852125	0.0314864192698774	0.014446597259145131	0.038942648008559115	0.0314864192698774	0.038942648008559115	0.038942648008559115	0.07427672696757245	0.07427672696757245	0.07427672696757245	0.0629728385397548	0.0629728385397548	0.08966746117360692	0.07427672696757245	0.1259456770795096
UP000001294	0.015867353480580812	0.031745850884354124	0.031745850884354124	0.031745850884354124	0.031745850884354124	0.03172357085905073	0.031745850884354124	0.015867353480580812	0.04757978823752066	0.031745850884354124	0.04757978823752066	0.04757978823752066	0.06353629311462726	0.06353629311462726	0.06353629311462726	0.06349170176870825	0.06349170176870825	0.09521527262775899	0.06353629311462726	0.1269834035374165
UP000001300	0.014592624074375705	0.03153059454041075	0.03153059454041075	0.03153059454041075	0.03153059454041075	0.027164654342291088	0.03153059454041075	0.014592624074375705	0.03973668461020648	0.03153059454041075	0.03973668461020648	0.03973668461020648	0.07319646917236869	0.07319646917236869	0.07319646917236869	0.0630611890808215	0.0630611890808215	0.0902258434231126	0.07319646917236869	0.126122378161643
UP000001307	0.01725224975490901	0.031499911844391125	0.031499911844391125	0.031499911844391125	0.031499911844391125	0.03814270320168758	0.031499911844391125	0.01725224975490901	0.05903315664846616	0.031499911844391125	0.05903315664846616	0.05903315664846616	0.052028008657787596	0.052028008657787596	0.052028008657787596	0.06299982368878225	0.06299982368878225	0.10114252689046985	0.052028008657787596	0.1259996473775645
UP000001312	0.01719385828018411	0.031525234937539365	0.031525234937539365	0.031525234937539365	0.031525234937539365	0.03782193677028026	0.031525234937539365	0.01719385828018411	0.05845001526037641	0.031525234937539365	0.05845001526037641	0.05845001526037641	0.05255365127932808	0.05255365127932808	0.05255365127932808	0.06305046987507873	0.06305046987507873	0.10087240664535899	0.05255365127932808	0.12610093975015746
UP000001357	0.013301886976476062	0.031023099183577086	0.031023099183577086	0.031023099183577086	0.031023099183577086	0.023286542375164997	0.031023099183577086	0.013301886976476062	0.03327119777385393	0.031023099183577086	0.03327119777385393	0.03327119777385393	0.08265999025948068	0.08265999025948068	0.08265999025948068	0.06204619836715417	0.06204619836715417	0.08533274074231915	0.08265999025948068	0.12409239673430834
UP000001396	0.018674403938515424	0.029771359777809578	0.029771359777809578	0.029771359777809578	0.029771359777809578	0.05010044253046698	0.029771359777809578	0.018674403938515424	0.08152648112241853	0.029771359777809578	0.08152648112241853	0.08152648112241853	0.03538227681245659	0.03538227681245659	0.03538227681245659	0.059542719555619156	0.059542719555619156	0.10964316208608614	0.03538227681245659	0.11908543911123831
UP000001449	0.016497721253591446	0.03171366300138838	0.03171366300138838	0.03171366300138838	0.03171366300138838	0.034385198155940266	0.03171366300138838	0.016497721253591446	0.052272675058289086	0.03171366300138838	0.052272675058289086	0.052272675058289086	0.05849938199596383	0.05849938199596383	0.05849938199596383	0.06342732600277676	0.06342732600277676	0.09781252415871702	0.05849938199596383	0.12685465200555351
UP000001450	0.017867495106893713	0.023790698673061068	0.023790698673061068	0.023790698673061068	0.023790698673061068	0.07176525124993334	0.023790698673061068	0.017867495106893713	0.12566300739297295	0.023790698673061068	0.12566300739297295	0.12566300739297295	0.01577357658461247	0.01577357658461247	0.01577357658461247	0.047581397346122135	0.047581397346122135	0.11934664859605547	0.01577357658461247	0.09516279469224427
UP000001460	0.018752661605946158	0.026941784333166404	0.026941784333166404	0.026941784333166404	0.026941784333166404	0.061695273289883744	0.026941784333166404	0.018752661605946158	0.10463788497382133	0.026941784333166404	0.10463788497382133	0.10463788497382133	0.023530481489053425	0.023530481489053425	0.023530481489053425	0.05388356866633281	0.05388356866633281	0.11557884195621655	0.023530481489053425	0.10776713733266562
UP000001471	0.014584696779219078	0.03152828946741541	0.03152828946741541	0.03152828946741541	0.03152828946741541	0.027138904381833903	0.03152828946741541	0.014584696779219078	0.03969311198444873	0.03152828946741541	0.03969311198444873	0.03969311198444873	0.07325520756147534	0.07325520756147534	0.07325520756147534	0.06305657893483083	0.06305657893483083	0.09019548331666472	0.07325520756147534	0.12611315786966165
UP000001514	0.014859713261356775	0.03160183806484666	0.03160183806484666	0.03160183806484666	0.03160183806484666	0.028048665129862402	0.03160183806484666	0.014859713261356775	0.041237616998368025	0.03160183806484666	0.041237616998368025	0.041237616998368025	0.07121024579622773	0.07121024579622773	0.07121024579622773	0.06320367612969333	0.06320367612969333	0.09125234125955574	0.07121024579622773	0.12640735225938665
UP000001519	0.015132167943954224	0.03166113709588715	0.03166113709588715	0.03166113709588715	0.03166113709588715	0.028985573112736827	0.03166113709588715	0.015132167943954224	0.04283897828151943	0.03166113709588715	0.04283897828151943	0.04283897828151943	0.06916734737696631	0.06916734737696631	0.06916734737696631	0.0633222741917743	0.0633222741917743	0.09230784730451112	0.06916734737696631	0.1266445483835486
UP000001529	0.013727976641632396	0.03121877717617249	0.03121877717617249	0.03121877717617249	0.03121877717617249	0.024502631712510773	0.03121877717617249	0.013727976641632396	0.03527728678338915	0.03121877717617249	0.03527728678338915	0.03527728678338915	0.0795516220306966	0.0795516220306966	0.0795516220306966	0.06243755435234498	0.06243755435234498	0.08694018606485575	0.0795516220306966	0.12487510870468996
UP000001542	0.01879869054743307	0.02922262045715515	0.02922262045715515	0.02922262045715515	0.02922262045715515	0.052700565306640024	0.02922262045715515	0.01879869054743307	0.08660244006584697	0.02922262045715515	0.08660244006584697	0.08660244006584697	0.03240806019495762	0.03240806019495762	0.03240806019495762	0.0584452409143103	0.0584452409143103	0.11114580622095033	0.03240806019495762	0.1168904818286206
UP000001548	0.015923269758806258	0.031747291911495924	0.031747291911495924	0.031747291911495924	0.031747291911495924	0.031946409600570005	0.031747291911495924	0.015923269758806258	0.04796954944233374	0.031747291911495924	0.04796954944233374	0.04796954944233374	0.06309883059257786	0.06309883059257786	0.06309883059257786	0.06349458382299185	0.06349458382299185	0.09544099342356184	0.06309883059257786	0.1269891676459837
UP000001554	0.014827772122529129	0.03159398584588718	0.03159398584588718	0.03159398584588718	0.03159398584588718	0.02794121739678014	0.03159398584588718	0.014827772122529129	0.04105466267103115	0.03159398584588718	0.04105466267103115	0.04105466267103115	0.07144856485352326	0.07144856485352326	0.07144856485352326	0.06318797169177436	0.06318797169177436	0.0911291890885545	0.07144856485352326	0.1263759433835487
UP000001555	0.013386589542921013	0.031064093623211383	0.031064093623211383	0.031064093623211383	0.031064093623211383	0.02352381133490708	0.031064093623211383	0.013386589542921013	0.03366103312689315	0.031064093623211383	0.03366103312689315	0.03366103312689315	0.08204265022307057	0.08204265022307057	0.08204265022307057	0.062128187246422766	0.062128187246422766	0.08565199858132985	0.08204265022307057	0.12425637449284553
UP000001568	0.012088879926474783	0.030327336679528704	0.030327336679528704	0.030327336679528704	0.030327336679528704	0.020101675079894465	0.030327336679528704	0.012088879926474783	0.02811447023331415	0.030327336679528704	0.02811447023331415	0.02811447023331415	0.09150952310371498	0.09150952310371498	0.09150952310371498	0.06065467335905741	0.06065467335905741	0.08075634843895187	0.09150952310371498	0.12130934671811482
UP000001593	0.016757865913306396	0.03166516198264856	0.03166516198264856	0.03166516198264856	0.03166516198264856	0.03559602869360389	0.03166516198264856	0.016757865913306396	0.05443419147390138	0.03166516198264856	0.05443419147390138	0.05443419147390138	0.05633676116052459	0.05633676116052459	0.05633676116052459	0.06333032396529711	0.06333032396529711	0.098926352658901	0.05633676116052459	0.12666064793059423
UP000001595	0.015178184446936227	0.03166975646803855	0.03166975646803855	0.03166975646803855	0.03166975646803855	0.029147579408825255	0.03166975646803855	0.015178184446936227	0.04311697437071428	0.03166975646803855	0.04311697437071428	0.04311697437071428	0.06882036142192934	0.06882036142192934	0.06882036142192934	0.0633395129360771	0.0633395129360771	0.09248709234490235	0.06882036142192934	0.1266790258721542
UP000001610	0.012435736289586373	0.030546573842454603	0.030546573842454603	0.030546573842454603	0.030546573842454603	0.020974686330560256	0.030546573842454603	0.012435736289586373	0.029513636371534136	0.030546573842454603	0.029513636371534136	0.029513636371534136	0.08897326604145768	0.08897326604145768	0.08897326604145768	0.061093147684909206	0.061093147684909206	0.08206783401546945	0.08897326604145768	0.12218629536981841
UP000001611	0.012159358442487226	0.030373172378517336	0.030373172378517336	0.030373172378517336	0.030373172378517336	0.020276823474915842	0.030373172378517336	0.012159358442487226	0.02839428850734446	0.030373172378517336	0.02839428850734446	0.02839428850734446	0.09099350314672078	0.09099350314672078	0.09099350314672078	0.06074634475703467	0.06074634475703467	0.08102316823195052	0.09099350314672078	0.12149268951406934
UP000001628	0.015576095961136533	0.03172635863170637	0.03172635863170637	0.03172635863170637	0.03172635863170637	0.030598437723580053	0.03172635863170637	0.015576095961136533	0.04562077948602357	0.03172635863170637	0.04562077948602357	0.04562077948602357	0.06579171401629852	0.06579171401629852	0.06579171401629852	0.06345271726341274	0.06345271726341274	0.09405115498699279	0.06579171401629852	0.12690543452682548
UP000001631	0.015445309644922136	0.0317114071911504	0.0317114071911504	0.0317114071911504	0.0317114071911504	0.03011124837727905	0.0317114071911504	0.015445309644922136	0.04477718710963596	0.0317114071911504	0.04477718710963596	0.04477718710963596	0.06679320189207084	0.06679320189207084	0.06679320189207084	0.0634228143823008	0.0634228143823008	0.09353406275957984	0.06679320189207084	0.1268456287646016
UP000001640	0.018568666420029793	0.030075195778012043	0.030075195778012043	0.030075195778012043	0.030075195778012043	0.04853385938928532	0.030075195778012043	0.018568666420029793	0.07849905235854085	0.030075195778012043	0.07849905235854085	0.07849905235854085	0.0372736647143887	0.0372736647143887	0.0372736647143887	0.060150391556024085	0.060150391556024085	0.1086842509453094	0.0372736647143887	0.12030078311204817
UP000001645	0.015861904874998386	0.031745669474966154	0.031745669474966154	0.031745669474966154	0.031745669474966154	0.03170198010905267	0.031745669474966154	0.015861904874998386	0.04754205534310695	0.031745669474966154	0.04754205534310695	0.04754205534310695	0.06357883810077963	0.06357883810077963	0.06357883810077963	0.06349133894993231	0.06349133894993231	0.095193319058985	0.06357883810077963	0.12698267789986462
UP000001646	0.016316875296072002	0.0317343939896567	0.0317343939896567	0.0317343939896567	0.0317343939896567	0.03358556974158927	0.0317343939896567	0.016316875296072002	0.05085426418710655	0.0317343939896567	0.05085426418710655	0.05085426418710655	0.059970503382212666	0.059970503382212666	0.059970503382212666	0.0634687879793134	0.0634687879793134	0.09705435772090268	0.059970503382212666	0.1269375759586268
UP000001742	0.018854064809771504	0.02872879367573289	0.02872879367573289	0.02872879367573289	0.02872879367573289	0.05485259850889963	0.02872879367573289	0.018854064809771504	0.09085113220802776	0.02872879367573289	0.09085113220802776	0.09085113220802776	0.030093144481712054	0.030093144481712054	0.030093144481712054	0.05745758735146578	0.05745758735146578	0.11231018586036541	0.030093144481712054	0.11491517470293156
UP000001743	0.013463950202240229	0.03110063493962089	0.03110063493962089	0.03110063493962089	0.03110063493962089	0.023742410000537187	0.03110063493962089	0.013463950202240229	0.03402086979883415	0.03110063493962089	0.03402086979883415	0.03402086979883415	0.0814786277910021	0.0814786277910021	0.0814786277910021	0.06220126987924178	0.06220126987924178	0.08594367987977898	0.0814786277910021	0.12440253975848356
UP000001744	0.017047161552298087	0.0315815167505647	0.0315815167505647	0.0315815167505647	0.0315815167505647	0.037041561924789884	0.0315815167505647	0.017047161552298087	0.057035962297281674	0.0315815167505647	0.057035962297281674	0.057035962297281674	0.053852599536236015	0.053852599536236015	0.053852599536236015	0.0631630335011294	0.0631630335011294	0.10020459542591927	0.053852599536236015	0.1263260670022588
UP000001745	0.01622496702149984	0.0317411972171618	0.0317411972171618	0.0317411972171618	0.0317411972171618	0.0331910439312351	0.0317411972171618	0.01622496702149984	0.050157120840970355	0.0317411972171618	0.050157120840970355	0.050157120840970355	0.060709365024257556	0.060709365024257556	0.060709365024257556	0.0634823944343236	0.0634823944343236	0.09667343836555871	0.060709365024257556	0.1269647888686472
UP000001798	0.016915430804456608	0.03162382328649499	0.03162382328649499	0.03162382328649499	0.03162382328649499	0.03636907263851688	0.03162382328649499	0.016915430804456608	0.05582271447257715	0.03162382328649499	0.05582271447257715	0.05582271447257715	0.054995419278100414	0.054995419278100414	0.054995419278100414	0.06324764657298998	0.06324764657298998	0.09961671921150685	0.054995419278100414	0.12649529314597996
UP000001805	0.013699567198998766	0.031206558901584826	0.031206558901584826	0.031206558901584826	0.031206558901584826	0.024419749434086015	0.031206558901584826	0.013699567198998766	0.03513993166917326	0.031206558901584826	0.03513993166917326	0.03513993166917326	0.07975915732523836	0.07975915732523836	0.07975915732523836	0.06241311780316965	0.06241311780316965	0.08683286723725567	0.07975915732523836	0.1248262356063393
UP000001811	0.014627514579141819	0.03154061139881514	0.03154061139881514	0.03154061139881514	0.03154061139881514	0.027278313249798233	0.03154061139881514	0.014627514579141819	0.039929111920454646	0.03154061139881514	0.039929111920454646	0.039929111920454646	0.07293780654992849	0.07293780654992849	0.07293780654992849	0.06308122279763027	0.06308122279763027	0.0903595360474285	0.07293780654992849	0.12616244559526055
UP000001819	0.014346030616201348	0.031453920020043685	0.031453920020043685	0.031453920020043685	0.031453920020043685	0.02637607065110846	0.031453920020043685	0.014346030616201348	0.03840611068601557	0.031453920020043685	0.03840611068601557	0.03840611068601557	0.07501868627165867	0.07501868627165867	0.07501868627165867	0.06290784004008737	0.06290784004008737	0.08928391069119583	0.07501868627165867	0.12581568008017474
UP000001861	0.01455496865863355	0.03151954940508578	0.03151954940508578	0.03151954940508578	0.03151954940508578	0.027042581280484413	0.03151954940508578	0.01455496865863355	0.039530193902335274	0.03151954940508578	0.039530193902335274	0.039530193902335274	0.07347538198334644	0.07347538198334644	0.07347538198334644	0.06303909881017156	0.06303909881017156	0.09008168009065597	0.07347538198334644	0.1260781976203431
UP000001876	0.009286323409044884	0.027976562873937516	0.027976562873937516	0.027976562873937516	0.027976562873937516	0.013900271915127887	0.027976562873937516	0.009286323409044884	0.01851422042121089	0.027976562873937516	0.01851422042121089	0.01851422042121089	0.11261478552625538	0.11261478552625538	0.11261478552625538	0.05595312574787503	0.05595312574787503	0.06985339766300291	0.11261478552625538	0.11190625149575006
UP000001881	0.013562956718031385	0.031146135768061387	0.031146135768061387	0.031146135768061387	0.031146135768061387	0.02402487571526066	0.031146135768061387	0.013562956718031385	0.034486794712489936	0.031146135768061387	0.034486794712489936	0.034486794712489936	0.080756444676741	0.080756444676741	0.080756444676741	0.062292271536122774	0.062292271536122774	0.08631714725138344	0.080756444676741	0.12458454307224555
UP000001926	0.018558604233110326	0.025978865752247293	0.025978865752247293	0.025978865752247293	0.025978865752247293	0.06497499942254555	0.025978865752247293	0.018558604233110326	0.11139139461198073	0.025978865752247293	0.11139139461198073	0.11139139461198073	0.020774189204197355	0.020774189204197355	0.020774189204197355	0.051957731504494585	0.051957731504494585	0.11693273092704011	0.020774189204197355	0.10391546300898917
UP000001940	0.01782773194356923	0.031137462409331025	0.031137462409331025	0.031137462409331025	0.031137462409331025	0.04170710553940166	0.031137462409331025	0.01782773194356923	0.06558647913523408	0.031137462409331025	0.06558647913523408	0.06558647913523408	0.04649287226976491	0.04649287226976491	0.04649287226976491	0.06227492481866205	0.06227492481866205	0.10398203035806369	0.04649287226976491	0.1245498496373241
UP000001949	0.018601628859597114	0.029989542106428672	0.029989542106428672	0.029989542106428672	0.029989542106428672	0.048986528070738264	0.029989542106428672	0.018601628859597114	0.07937142728187942	0.029989542106428672	0.07937142728187942	0.07937142728187942	0.03671918264770807	0.03671918264770807	0.03671918264770807	0.059979084212857345	0.059979084212857345	0.10896561228359561	0.03671918264770807	0.11995816842571469
UP000001950	0.0187866657098851	0.02929383793788843	0.02929383793788843	0.02929383793788843	0.02929383793788843	0.0523769410795353	0.02929383793788843	0.0187866657098851	0.08596721644918548	0.02929383793788843	0.08596721644918548	0.08596721644918548	0.03276743251684698	0.03276743251684698	0.03276743251684698	0.05858767587577686	0.05858767587577686	0.11096461695531215	0.03276743251684698	0.11717535175155372
UP000001996	0.01824561630043256	0.030677253712315167	0.030677253712315167	0.030677253712315167	0.030677253712315167	0.04502427008134239	0.030677253712315167	0.01824561630043256	0.07180292386225223	0.030677253712315167	0.07180292386225223	0.07180292386225223	0.041803849063162694	0.041803849063162694	0.041803849063162694	0.06135450742463033	0.06135450742463033	0.10637877750597274	0.041803849063162694	0.12270901484926067
UP000001997	0.017368857808653937	0.0314439187524189	0.0314439187524189	0.0314439187524189	0.0314439187524189	0.03880231538177211	0.0314439187524189	0.017368857808653937	0.060235772954890285	0.0314439187524189	0.060235772954890285	0.060235772954890285	0.050961908678943665	0.050961908678943665	0.050961908678943665	0.0628878375048378	0.0628878375048378	0.1016901528866099	0.050961908678943665	0.1257756750096756
UP000002009	0.010132833532057324	0.02879637514006114	0.02879637514006114	0.02879637514006114	0.02879637514006114	0.015634164284006016	0.02879637514006114	0.010132833532057324	0.021135495035954705	0.02879637514006114	0.021135495035954705	0.021135495035954705	0.10607937925475777	0.10607937925475777	0.10607937925475777	0.05759275028012228	0.05759275028012228	0.07322691456412829	0.10607937925475777	0.11518550056024456
UP000002035	0.015519581237564074	0.031720351738565425	0.031720351738565425	0.031720351738565425	0.031720351738565425	0.03038661498601843	0.031720351738565425	0.015519581237564074	0.04525364873447278	0.031720351738565425	0.04525364873447278	0.04525364873447278	0.0662252583830925	0.0662252583830925	0.0662252583830925	0.06344070347713085	0.06344070347713085	0.09382731846314926	0.0662252583830925	0.1268814069542617
UP000002036	0.016123751718774688	0.03174594094457772	0.03174594094457772	0.03174594094457772	0.03174594094457772	0.03276516898309067	0.03174594094457772	0.016123751718774688	0.04940658624740665	0.03174594094457772	0.04940658624740665	0.04940658624740665	0.06151683618520145	0.06151683618520145	0.06151683618520145	0.06349188188915544	0.06349188188915544	0.09625705087224609	0.06151683618520145	0.1269837637783109
UP000002037	0.01886045612192997	0.028617593322326884	0.028617593322326884	0.028617593322326884	0.028617593322326884	0.05531754366936914	0.028617593322326884	0.01886045612192997	0.0917746312168083	0.028617593322326884	0.0917746312168083	0.0917746312168083	0.029609653402436698	0.029609653402436698	0.029609653402436698	0.05723518664465377	0.05723518664465377	0.1125527303140229	0.029609653402436698	0.11447037328930754
UP000002038	0.01560139581902803	0.03172882025125385	0.03172882025125385	0.03172882025125385	0.03172882025125385	0.030693920513523962	0.03172882025125385	0.01560139581902803	0.0457864452080199	0.03172882025125385	0.0457864452080199	0.0457864452080199	0.06559722692269365	0.06559722692269365	0.06559722692269365	0.0634576405025077	0.0634576405025077	0.09415156101603167	0.06559722692269365	0.1269152810050154
UP000002051	0.01821697738620345	0.030717139695877225	0.030717139695877225	0.030717139695877225	0.030717139695877225	0.04476529386947228	0.030717139695877225	0.01821697738620345	0.0713136103527411	0.030717139695877225	0.0713136103527411	0.0713136103527411	0.04215509782409744	0.04215509782409744	0.04215509782409744	0.06143427939175445	0.06143427939175445	0.10619957326122671	0.04215509782409744	0.1228685587835089
UP000002058	0.015291824112023232	0.031689249353663594	0.031689249353663594	0.031689249353663594	0.031689249353663594	0.02955259256969739	0.031689249353663594	0.015291824112023232	0.04381336102737155	0.031689249353663594	0.04381336102737155	0.04381336102737155	0.06796077347395661	0.06796077347395661	0.06796077347395661	0.06337849870732719	0.06337849870732719	0.09293109127702459	0.06796077347395661	0.12675699741465438
UP000002059	0.015645381832954466	0.0317327605351546	0.0317327605351546	0.0317327605351546	0.0317327605351546	0.030860910554576806	0.0317327605351546	0.015645381832954466	0.046076439276199144	0.0317327605351546	0.046076439276199144	0.046076439276199144	0.06525848220846663	0.06525848220846663	0.06525848220846663	0.0634655210703092	0.0634655210703092	0.09432643162488599	0.06525848220846663	0.1269310421406184
UP000002149	0.015476852422106087	0.031715350143463945	0.031715350143463945	0.031715350143463945	0.031715350143463945	0.03022778351227724	0.031715350143463945	0.015476852422106087	0.04497871460244839	0.031715350143463945	0.04497871460244839	0.04497871460244839	0.06655224550711629	0.06655224550711629	0.06655224550711629	0.06343070028692789	0.06343070028692789	0.09365848379920512	0.06655224550711629	0.12686140057385578
UP000002173	0.017617637312721392	0.03129700388164675	0.03129700388164675	0.03129700388164675	0.03129700388164675	0.04030736807757042	0.03129700388164675	0.017617637312721392	0.06299709884241944	0.03129700388164675	0.06299709884241944	0.06299709884241944	0.04860165764645247	0.04860165764645247	0.04860165764645247	0.0625940077632935	0.0625940077632935	0.10290137584086392	0.04860165764645247	0.125188015526587
UP000002195	0.01843421697657886	0.02549928222214062	0.02549928222214062	0.02549928222214062	0.02549928222214062	0.06653290307902666	0.02549928222214062	0.01843421697657886	0.11463158918147447	0.02549928222214062	0.11463158918147447	0.11463158918147447	0.0195456191975289	0.0195456191975289	0.0195456191975289	0.05099856444428124	0.05099856444428124	0.11753146752330791	0.0195456191975289	0.10199712888856248
UP000002226	0.013647697217126348	0.031183941230585342	0.031183941230585342	0.031183941230585342	0.031183941230585342	0.02426910731996278	0.031183941230585342	0.013647697217126348	0.034890517422799215	0.031183941230585342	0.034890517422799215	0.034890517422799215	0.08013794474201467	0.08013794474201467	0.08013794474201467	0.062367882461170684	0.062367882461170684	0.08663698978113347	0.08013794474201467	0.12473576492234137
UP000002258	0.01771273107795748	0.03122934834254328	0.03122934834254328	0.03122934834254328	0.03122934834254328	0.04092422224461627	0.03122934834254328	0.01771273107795748	0.06413571341127505	0.03122934834254328	0.06413571341127505	0.06413571341127505	0.04766234491008372	0.04766234491008372	0.04766234491008372	0.06245869668508656	0.06245869668508656	0.10338291892970282	0.04766234491008372	0.12491739337017312
