	M	W	C	D	E	F	H	K	N	Q	Y	I	A	G	P	T	V	L	R	S
Start	175158.0	3907.0	4260.0	32615.0	39056.0	15233.0	7388.0	41759.0	21753.0	13223.0	13377.0	37030.0	32430.0	24294.0	20233.0	34840.0	33767.0	37789.0	35677.0	44794.0
M	56458.0	20558.0	20569.0	121817.0	147606.0	83807.0	37890.0	107055.0	75686.0	49499.0	72369.0	152224.0	166640.0	161540.0	85439.0	114306.0	159651.0	195294.0	109443.0	125917.0
W	20558.0	16866.0	9557.0	63439.0	73536.0	42218.0	21322.0	49379.0	39008.0	25767.0	40459.0	57960.0	80181.0	81967.0	48843.0	56135.0	73165.0	86782.0	63801.0	61429.0
C	20569.0	9557.0	30480.0	53700.0	58291.0	35740.0	19399.0	44187.0	35041.0	19947.0	32708.0	61316.0	73339.0	91832.0	37914.0	48491.0	71695.0	80441.0	46620.0	52640.0
D	121817.0	63439.0	53700.0	432128.0	509349.0	219306.0	109139.0	298974.0	201933.0	155241.0	209537.0	409061.0	513594.0	404723.0	252415.0	330588.0	519299.0	535152.0	369834.0	356563.0
E	147606.0	73536.0	58291.0	509349.0	761244.0	238956.0	123940.0	505260.0	257729.0	196885.0	240808.0	464255.0	561638.0	482383.0	309575.0	371396.0	539848.0	619649.0	530197.0	416422.0
F	83807.0	42218.0	35740.0	219306.0	238956.0	172694.0	64678.0	174632.0	136183.0	78583.0	139602.0	252235.0	279248.0	287253.0	159043.0	192409.0	281235.0	366768.0	176807.0	224389.0
H	37890.0	21322.0	19399.0	109139.0	123940.0	64678.0	44410.0	74345.0	58458.0	40770.0	62229.0	115516.0	133778.0	127188.0	74876.0	92536.0	138047.0	153296.0	96577.0	99331.0
K	107055.0	49379.0	44187.0	298974.0	505260.0	174632.0	74345.0	373232.0	201203.0	110058.0	188340.0	382152.0	303831.0	289892.0	194319.0	224921.0	350026.0	427776.0	258713.0	282431.0
N	75686.0	39008.0	35041.0	201933.0	257729.0	136183.0	58458.0	201203.0	164286.0	86170.0	140717.0	281521.0	239603.0	218103.0	128824.0	192557.0	273374.0	308108.0	169181.0	215916.0
Q	49499.0	25767.0	19947.0	155241.0	196885.0	78583.0	40770.0	110058.0	86170.0	72380.0	79084.0	143675.0	172984.0	157040.0	95810.0	124446.0	158240.0	195567.0	130529.0	140056.0
Y	72369.0	40459.0	32708.0	209537.0	240808.0	139602.0	62229.0	188340.0	140717.0	79084.0	135542.0	233924.0	248260.0	260157.0	151575.0	180929.0	253886.0	325661.0	182022.0	207259.0
I	152224.0	57960.0	61316.0	409061.0	464255.0	252235.0	115516.0	382152.0	281521.0	143675.0	233924.0	535394.0	502534.0	507677.0	280530.0	365951.0	508087.0	651959.0	336146.0	407500.0
A	166640.0	80181.0	73339.0	513594.0	561638.0	279248.0	133778.0	303831.0	239603.0	172984.0	248260.0	502534.0	923966.0	714135.0	345856.0	441202.0	662486.0	776117.0	436838.0	483524.0
G	161540.0	81967.0	91832.0	404723.0	482383.0	287253.0	127188.0	289892.0	218103.0	157040.0	260157.0	507677.0	714135.0	619458.0	318878.0	414831.0	666260.0	732638.0	384130.0	453612.0
P	85439.0	48843.0	37914.0	252415.0	309575.0	159043.0	74876.0	194319.0	128824.0	95810.0	151575.0	280530.0	345856.0	318878.0	211304.0	239145.0	353326.0	380653.0	244938.0	256898.0
T	114306.0	56135.0	48491.0	330588.0	371396.0	192409.0	92536.0	224921.0	192557.0	124446.0	180929.0	365951.0	441202.0	414831.0	239145.0	350566.0	437631.0	477892.0	274131.0	329118.0
V	159651.0	73165.0	71695.0	519299.0	539848.0	281235.0	138047.0	350026.0	273374.0	158240.0	253886.0	508087.0	662486.0	666260.0	353326.0	437631.0	650874.0	730382.0	409648.0	460090.0
L	195294.0	86782.0	80441.0	535152.0	619649.0	366768.0	153296.0	427776.0	308108.0	195567.0	325661.0	651959.0	776117.0	732638.0	380653.0	477892.0	730382.0	962138.0	481587.0	533164.0
R	109443.0	63801.0	46620.0	369834.0	530197.0	176807.0	96577.0	258713.0	169181.0	130529.0	182022.0	336146.0	436838.0	384130.0	244938.0	274131.0	409648.0	481587.0	385910.0	315493.0
S	125917.0	61429.0	52640.0	356563.0	416422.0	224389.0	99331.0	282431.0	215916.0	140056.0	207259.0	407500.0	483524.0	453612.0	256898.0	329118.0	460090.0	533164.0	315493.0	411382.0
End	10300.0	8715.0	6078.0	38588.0	65238.0	23070.0	10169.0	51393.0	23061.0	20042.0	19514.0	38867.0	41601.0	51289.0	26118.0	28541.0	43671.0	60684.0	55777.0	45859.0
