	M	W	C	D	E	F	H	K	N	Q	Y	I	A	G	P	T	V	L	R	S
Start	2232.5	52.5	53.0	333.0	492.0	218.0	77.0	529.0	276.5	160.0	177.5	492.5	381.0	306.0	236.0	333.0	451.0	493.5	492.0	493.0
M	784.0	276.5	242.0	1585.5	2032.5	1157.0	490.0	1481.0	1008.5	653.5	952.5	2092.5	2217.5	2200.0	1095.5	1539.0	2183.5	2660.0	1487.0	1743.5
W	276.5	218.0	119.5	674.0	895.5	535.5	253.0	634.5	519.5	304.0	542.5	809.5	909.5	990.5	636.5	608.5	940.5	1164.5	794.5	762.5
C	242.0	119.5	357.0	729.0	831.5	471.0	271.0	508.0	442.5	258.0	471.0	758.5	978.5	1277.0	480.0	631.0	972.0	1139.5	628.5	667.0
D	1585.5	674.0	729.0	3534.0	4815.5	2666.0	1036.5	3947.0	2732.0	1546.0	2581.5	5552.5	4566.0	3949.0	2437.0	2951.5	5544.5	6047.0	3785.5	3891.0
E	2032.5	895.5	831.5	4815.5	8308.0	3041.0	1346.5	6074.0	3470.5	2242.5	3142.0	6413.5	5852.0	5563.0	3699.0	3917.5	6570.0	7737.5	6966.0	5032.5
F	1157.0	535.5	471.0	2666.0	3041.0	2242.0	833.0	2079.5	1873.5	993.0	1847.5	3452.0	3280.5	3672.0	1999.0	2448.5	3710.5	4572.5	2299.5	2955.0
H	490.0	253.0	271.0	1036.5	1346.5	833.0	430.0	1013.5	745.0	394.5	811.0	1515.5	1375.0	1417.0	834.5	944.0	1615.0	1854.0	1038.0	1142.0
K	1481.0	634.5	508.0	3947.0	6074.0	2079.5	1013.5	3956.0	2419.0	1328.0	2394.0	4592.0	4044.0	3862.5	2601.5	2850.0	4640.0	5701.5	3368.0	3618.0
N	1008.5	519.5	442.5	2732.0	3470.5	1873.5	745.0	2419.0	1814.0	1052.5	1791.5	3292.0	3118.5	2951.0	1670.5	2515.0	3751.5	3983.5	2184.5	2628.0
Q	653.5	304.0	258.0	1546.0	2242.5	993.0	394.5	1328.0	1052.5	767.0	973.5	1782.5	1712.5	1747.0	1156.0	1364.5	1811.5	2369.5	1320.5	1632.0
Y	952.5	542.5	471.0	2581.5	3142.0	1847.5	811.0	2394.0	1791.5	973.5	1792.0	3000.5	3241.0	3455.0	2012.0	2282.5	3247.0	4391.0	2502.5	2695.5
I	2092.5	809.5	758.5	5552.5	6413.5	3452.0	1515.5	4592.0	3292.0	1782.5	3000.5	6887.0	6539.5	6926.5	3773.5	4873.5	6880.5	8777.5	4696.5	5341.0
A	2217.5	909.5	978.5	4566.0	5852.0	3280.5	1375.0	4044.0	3118.5	1712.5	3241.0	6539.5	9418.0	7578.0	3613.0	4233.0	7215.5	9233.0	4253.0	5709.0
G	2200.0	990.5	1277.0	3949.0	5563.0	3672.0	1417.0	3862.5	2951.0	1747.0	3455.0	6926.5	7578.0	7006.0	3669.0	4429.0	8029.5	9393.5	4631.0	5569.5
P	1095.5	636.5	480.0	2437.0	3699.0	1999.0	834.5	2601.5	1670.5	1156.0	2012.0	3773.5	3613.0	3669.0	2466.0	2546.5	4403.5	4944.5	2961.0	3086.0
T	1539.0	608.5	631.0	2951.5	3917.5	2448.5	944.0	2850.0	2515.0	1364.5	2282.5	4873.5	4233.0	4429.0	2546.5	3517.0	4926.0	5425.5	2750.5	4054.0
V	2183.5	940.5	972.0	5544.5	6570.0	3710.5	1615.0	4640.0	3751.5	1811.5	3247.0	6880.5	7215.5	8029.5	4403.5	4926.0	7649.0	9542.0	5366.5	5964.5
L	2660.0	1164.5	1139.5	6047.0	7737.5	4572.5	1854.0	5701.5	3983.5	2369.5	4391.0	8777.5	9233.0	9393.5	4944.5	5425.5	9542.0	12903.0	6429.0	6962.5
R	1487.0	794.5	628.5	3785.5	6966.0	2299.5	1038.0	3368.0	2184.5	1320.5	2502.5	4696.5	4253.0	4631.0	2961.0	2750.5	5366.5	6429.0	4719.0	4020.5
S	1743.5	762.5	667.0	3891.0	5032.5	2955.0	1142.0	3618.0	2628.0	1632.0	2695.5	5341.0	5709.0	5569.5	3086.0	4054.0	5964.5	6962.5	4020.5	5418.0
End	139.0	112.0	80.0	329.0	746.5	299.0	119.0	735.5	296.5	255.0	254.0	522.0	408.5	667.0	322.5	301.0	552.0	800.0	723.0	584.0
