	AAA	AAC	AAG	AAT	ACA	ACC	ACG	ACT	AGA	AGC	AGG	AGT	ATA	ATC	ATG	ATT	CAA	CAC	CAG	CAT	CCA	CCC	CCG	CCT	CGA	CGC	CGG	CGT	CTA	CTC	CTG	CTT	GAA	GAC	GAG	GAT	GCA	GCC	GCG	GCT	GGA	GGC	GGG	GGT	GTA	GTC	GTG	GTT	TAA	TAC	TAG	TAT	TCA	TCC	TCG	TCT	TGA	TGC	TGG	TGT	TTA	TTC	TTG	TTT
Start	1052971.0	515785.0	627166.0	510870.0	390419.0	815399.0	467464.0	296673.0	251287.0	480410.0	161157.0	261372.0	332978.0	771820.0	2847117.0	629364.0	425718.0	302192.0	481450.0	239350.0	215625.0	476920.0	479158.0	223378.0	214725.0	584097.0	317069.0	301621.0	161760.0	543484.0	783284.0	362952.0	736668.0	673245.0	511018.0	539854.0	474717.0	797557.0	575260.0	348077.0	283385.0	476790.0	228199.0	264204.0	270611.0	521235.0	931020.0	353365.0	210.0	264113.0	118.0	290028.0	255992.0	402216.0	297173.0	234079.0	1320.0	120279.0	263286.0	86716.0	418299.0	445602.0	509595.0	508281.0
AAA	1768430.0	677742.0	777144.0	1133724.0	566959.0	638095.0	407681.0	494803.0	374523.0	456456.0	154646.0	436085.0	652992.0	876443.0	887607.0	1313886.0	811055.0	304536.0	671582.0	481997.0	368424.0	298058.0	447604.0	410285.0	171115.0	493779.0	241112.0	403832.0	302677.0	443929.0	909000.0	674006.0	1816515.0	759469.0	837078.0	1421472.0	806056.0	903587.0	699347.0	772581.0	661254.0	829899.0	386921.0	769098.0	623524.0	536716.0	703617.0	805012.0	48569.0	479478.0	15613.0	894890.0	437068.0	337502.0	300592.0	474300.0	30075.0	184096.0	420668.0	206348.0	976542.0	567944.0	637622.0	1109239.0
AAC	677742.0	815850.0	809659.0	490856.0	248876.0	1026513.0	552070.0	222667.0	129814.0	544888.0	112194.0	199442.0	207183.0	1128481.0	735897.0	546514.0	388917.0	469527.0	916123.0	282444.0	185278.0	495881.0	795716.0	205278.0	119441.0	964556.0	500598.0	315975.0	128478.0	786546.0	1531678.0	334592.0	975698.0	1280454.0	1123844.0	782320.0	448892.0	1609626.0	1184375.0	402274.0	365662.0	1606187.0	463546.0	552077.0	270921.0	937359.0	996118.0	375892.0	17432.0	596283.0	9204.0	419502.0	186686.0	456166.0	477245.0	196328.0	25507.0	231647.0	463251.0	95237.0	294412.0	837147.0	386982.0	471695.0
AAG	777144.0	809659.0	1161484.0	553463.0	275593.0	1054457.0	604181.0	249679.0	171152.0	558309.0	146272.0	224774.0	282069.0	1288358.0	868287.0	640235.0	399971.0	489122.0	1012242.0	326492.0	202070.0	543308.0	868057.0	242037.0	133286.0	1052887.0	547643.0	339848.0	146818.0	888037.0	1689763.0	417624.0	1145328.0	1426845.0	1408388.0	916968.0	508670.0	1825265.0	1350884.0	486845.0	411267.0	1667636.0	500482.0	569079.0	319441.0	1098056.0	1167618.0	451622.0	26210.0	658744.0	15200.0	516091.0	210391.0	511538.0	538533.0	227989.0	37368.0	256975.0	496346.0	114542.0	348890.0	929644.0	455118.0	551751.0
AAT	1133724.0	490856.0	553463.0	892892.0	405943.0	463762.0	317411.0	359954.0	259126.0	337443.0	111971.0	332274.0	454297.0	601534.0	604064.0	904951.0	566998.0	207927.0	512631.0	350122.0	258214.0	218228.0	336307.0	286895.0	126212.0	374530.0	196790.0	276587.0	206381.0	316959.0	648181.0	443921.0	1196600.0	537742.0	614737.0	1035449.0	548533.0	650811.0	525730.0	524779.0	486229.0	635788.0	302334.0	552222.0	411696.0	386965.0	506723.0	530342.0	23908.0	323797.0	8597.0	649738.0	314776.0	241729.0	239743.0	336305.0	17808.0	125561.0	310763.0	140468.0	677603.0	415611.0	449046.0	774637.0
ACA	566959.0	248876.0	275593.0	405943.0	253028.0	246480.0	179168.0	191062.0	134657.0	175224.0	61052.0	165893.0	224667.0	321703.0	330100.0	463099.0	295184.0	118989.0	253608.0	172813.0	156954.0	128217.0	189625.0	160105.0	73625.0	194127.0	111575.0	149717.0	113375.0	188322.0	337280.0	255146.0	612803.0	294820.0	319367.0	501856.0	341810.0	365410.0	294040.0	300774.0	273975.0	324548.0	160583.0	304076.0	234326.0	222120.0	267529.0	301192.0	12180.0	170475.0	4733.0	306274.0	175411.0	131896.0	124760.0	175401.0	10695.0	67350.0	169057.0	71067.0	340613.0	223397.0	231294.0	387266.0
ACC	638095.0	1026513.0	1054457.0	463762.0	246480.0	1785080.0	839569.0	224025.0	109453.0	799619.0	155313.0	214705.0	172531.0	1698050.0	1018268.0	568207.0	419561.0	773217.0	1348443.0	340768.0	206335.0	922213.0	1357354.0	231587.0	172869.0	1655388.0	963602.0	404344.0	131990.0	1407335.0	2671340.0	370575.0	1144187.0	2119224.0	1794124.0	895358.0	560167.0	3031442.0	2074979.0	469469.0	446586.0	2601478.0	757495.0	670939.0	281946.0	1680777.0	1668664.0	400212.0	15698.0	837915.0	11530.0	441785.0	182684.0	740370.0	728208.0	180868.0	42022.0	345473.0	710419.0	103807.0	250038.0	1267389.0	495476.0	491299.0
ACG	407681.0	552070.0	604181.0	317411.0	179168.0	839569.0	608238.0	141980.0	77324.0	455225.0	101650.0	145872.0	115980.0	938123.0	607927.0	392348.0	271053.0	403202.0	765981.0	232078.0	140983.0	474723.0	827250.0	157411.0	117571.0	897087.0	567792.0	255746.0	85773.0	783256.0	1466563.0	256947.0	689299.0	1098257.0	1015977.0	578776.0	371011.0	1519492.0	1360974.0	308828.0	291522.0	1377333.0	479786.0	403742.0	181732.0	922859.0	995644.0	268874.0	10558.0	456425.0	8437.0	303479.0	129150.0	386968.0	473729.0	126076.0	27010.0	199039.0	414495.0	69915.0	183036.0	718643.0	340934.0	336527.0
ACT	494803.0	222667.0	249679.0	359954.0	191062.0	224025.0	141980.0	188454.0	114472.0	153343.0	50203.0	150170.0	189353.0	280796.0	280878.0	402810.0	264288.0	102055.0	226871.0	146543.0	133072.0	110341.0	159081.0	145252.0	61330.0	171032.0	91043.0	138993.0	100614.0	155045.0	294210.0	211257.0	531491.0	255904.0	280499.0	446176.0	278259.0	314873.0	249483.0	280960.0	226543.0	288363.0	137101.0	282618.0	199431.0	187178.0	236678.0	268087.0	10146.0	149665.0	3845.0	265432.0	147095.0	114226.0	105799.0	160761.0	8770.0	56586.0	147427.0	63551.0	301710.0	195517.0	208588.0	335370.0
AGA	374523.0	129814.0	171152.0	259126.0	134657.0	109453.0	77324.0	114472.0	129876.0	88302.0	51531.0	100894.0	182268.0	154693.0	185783.0	272834.0	164035.0	59543.0	127768.0	104715.0	87916.0	61646.0	81950.0	99766.0	41348.0	81729.0	54208.0	70518.0	70210.0	91462.0	152494.0	162600.0	389214.0	148605.0	189761.0	313225.0	180245.0	161476.0	124996.0	170244.0	178575.0	141364.0	86815.0	162080.0	145389.0	100494.0	128552.0	179401.0	10404.0	93734.0	4031.0	200033.0	104975.0	68347.0	58405.0	111968.0	7835.0	38969.0	88588.0	48885.0	219518.0	111512.0	127955.0	244683.0
AGC	456456.0	544888.0	558309.0	337443.0	175224.0	799619.0	455225.0	153343.0	88302.0	493938.0	97904.0	158142.0	145266.0	869386.0	566933.0	399715.0	291129.0	367493.0	740753.0	227407.0	137666.0	428795.0	669906.0	157072.0	105909.0	839053.0	461187.0	243052.0	98536.0	673883.0	1372745.0	264366.0	708028.0	992335.0	890274.0	585355.0	363285.0	1415503.0	1076531.0	313175.0	275757.0	1270243.0	400609.0	385174.0	192325.0	775491.0	861848.0	269465.0	12604.0	433437.0	7978.0	308773.0	134346.0	357531.0	391953.0	134365.0	23558.0	189060.0	384177.0	71408.0	198283.0	648992.0	328993.0	361757.0
AGG	154646.0	112194.0	146272.0	111971.0	61052.0	155313.0	101650.0	50203.0	51531.0	97904.0	56278.0	50265.0	79312.0	174878.0	143897.0	124774.0	78298.0	81389.0	154335.0	66424.0	44537.0	103147.0	143290.0	57251.0	35979.0	153195.0	122034.0	57090.0	32926.0	149241.0	266912.0	97277.0	209786.0	210066.0	232777.0	173491.0	104406.0	281487.0	225156.0	94415.0	99884.0	228187.0	114367.0	99424.0	68532.0	163029.0	190545.0	90453.0	5442.0	97181.0	3783.0	100061.0	48551.0	88007.0	85320.0	49854.0	9732.0	47567.0	90904.0	26573.0	75170.0	132877.0	95939.0	121495.0
AGT	436085.0	199442.0	224774.0	332274.0	165893.0	214705.0	145872.0	150170.0	100894.0	158142.0	50265.0	152298.0	176422.0	266243.0	266223.0	378898.0	241024.0	96973.0	233480.0	143308.0	112404.0	109134.0	159350.0	124395.0	61800.0	176071.0	105693.0	126788.0	94066.0	159842.0	325109.0	194781.0	467790.0	241919.0	275351.0	412871.0	244798.0	322528.0	263194.0	236202.0	204023.0	283327.0	147033.0	245248.0	172774.0	188544.0	249325.0	230020.0	9446.0	140114.0	3974.0	255272.0	130338.0	110267.0	111704.0	139502.0	8377.0	56323.0	147873.0	60355.0	283562.0	186923.0	213685.0	333319.0
ATA	652992.0	207183.0	282069.0	454297.0	224667.0	172531.0	115980.0	189353.0	182268.0	145266.0	79312.0	176422.0	392198.0	241680.0	311891.0	469020.0	255045.0	83590.0	197356.0	162192.0	135123.0	94013.0	119842.0	157497.0	54135.0	112158.0	70714.0	96197.0	122334.0	130292.0	244045.0	267779.0	614053.0	216218.0	288141.0	483570.0	289785.0	247004.0	181031.0	268181.0	286052.0	222439.0	135808.0	254364.0	256571.0	144691.0	202475.0	290530.0	14812.0	147541.0	5372.0	342000.0	177120.0	106253.0	88049.0	184502.0	8795.0	58116.0	140437.0	78825.0	392387.0	177251.0	209918.0	447463.0
ATC	876443.0	1128481.0	1288358.0	601534.0	321703.0	1698050.0	938123.0	280796.0	154693.0	869386.0	174878.0	266243.0	241680.0	2100202.0	1287845.0	788419.0	524339.0	779471.0	1489823.0	442026.0	262093.0	896950.0	1461180.0	291286.0	201580.0	1760269.0	963095.0	488756.0	177565.0	1493144.0	2907315.0	506646.0	1470895.0	2137093.0	2020806.0	1131234.0	684457.0	3013313.0	2295599.0	591634.0	541311.0	2748913.0	825572.0	800579.0	363376.0	1768614.0	1863120.0	529593.0	24421.0	915386.0	15094.0	587598.0	241080.0	768601.0	848894.0	245109.0	46559.0	374123.0	768000.0	129802.0	355104.0	1509768.0	620749.0	672787.0
ATG	887607.0	735897.0	868287.0	604064.0	330100.0	1018268.0	607927.0	280878.0	185783.0	566933.0	143897.0	266223.0	311891.0	1287845.0	996366.0	808205.0	492244.0	484115.0	975383.0	379536.0	260569.0	571949.0	923083.0	290699.0	158645.0	1044111.0	576643.0	392251.0	178991.0	863371.0	1796934.0	474254.0	1230090.0	1252036.0	1257548.0	968352.0	614908.0	1779731.0	1400018.0	546133.0	491060.0	1638857.0	566248.0	664951.0	376081.0	1044103.0	1196881.0	523945.0	21159.0	574629.0	10821.0	544174.0	253834.0	493504.0	522644.0	263522.0	27596.0	256238.0	536306.0	135134.0	457080.0	932488.0	534772.0	693509.0
ATT	1313886.0	546514.0	640235.0	904951.0	463099.0	568207.0	392348.0	402810.0	272834.0	399715.0	124774.0	378898.0	469020.0	788419.0	808205.0	1209562.0	683683.0	255689.0	617468.0	413724.0	328418.0	277499.0	436541.0	357036.0	162468.0	470754.0	242156.0	371056.0	258709.0	405975.0	878109.0	564988.0	1443525.0	620519.0	744266.0	1155675.0	701297.0	833675.0	695014.0	668673.0	573230.0	789224.0	385413.0	702314.0	500782.0	500524.0	683169.0	690400.0	31132.0	380454.0	10962.0	717864.0	364689.0	300723.0	290605.0	391687.0	21515.0	150945.0	388546.0	165353.0	827518.0	532777.0	590443.0	988162.0
CAA	811055.0	388917.0	399971.0	566998.0	295184.0	419561.0	271053.0	264288.0	164035.0	291129.0	78298.0	241024.0	255045.0	524339.0	492244.0	683683.0	566604.0	204405.0	455194.0	277863.0	223087.0	225007.0	308310.0	231823.0	127645.0	387653.0	191994.0	258960.0	182601.0	324724.0	609803.0	346149.0	949175.0	476855.0	506815.0	753544.0	457036.0	654114.0	506074.0	437926.0	330592.0	543889.0	244899.0	418623.0	300735.0	371565.0	459506.0	412750.0	21900.0	271879.0	8341.0	443526.0	227175.0	203631.0	202650.0	241788.0	17710.0	108209.0	272713.0	104800.0	523173.0	343567.0	411778.0	567927.0
CAC	304536.0	469527.0	489122.0	207927.0	118989.0	773217.0	403202.0	102055.0	59543.0	367493.0	81389.0	96973.0	83590.0	779471.0	484115.0	255689.0	204405.0	467786.0	653948.0	191410.0	106944.0	456575.0	684157.0	115277.0	96251.0	869957.0	528296.0	210267.0	66098.0	697428.0	1278659.0	176942.0	572475.0	1102602.0	978740.0	436680.0	264897.0	1423726.0	1044219.0	221297.0	217398.0	1240671.0	387464.0	314369.0	133188.0	797053.0	808874.0	185375.0	8192.0	427461.0	6282.0	208913.0	88609.0	335450.0	347093.0	86069.0	22478.0	193489.0	364308.0	57843.0	121384.0	625712.0	229981.0	233032.0
CAG	671582.0	916123.0	1012242.0	512631.0	253608.0	1348443.0	765981.0	226871.0	127768.0	740753.0	154335.0	233480.0	197356.0	1489823.0	975383.0	617468.0	455194.0	653948.0	1457376.0	379973.0	211940.0	741134.0	1212127.0	249727.0	169117.0	1479012.0	829441.0	428418.0	138657.0	1152882.0	2421030.0	408875.0	1167763.0	1728970.0	1664908.0	959757.0	559391.0	2435236.0	1876283.0	493474.0	410722.0	2069482.0	660597.0	611721.0	290842.0	1343034.0	1516829.0	420393.0	20764.0	753801.0	13992.0	494489.0	195167.0	611837.0	669792.0	203616.0	41059.0	310330.0	626192.0	113198.0	280903.0	1087275.0	530062.0	537148.0
CAT	481997.0	282444.0	326492.0	350122.0	172813.0	340768.0	232078.0	146543.0	104715.0	227407.0	66424.0	143308.0	162192.0	442026.0	379536.0	413724.0	277863.0	191410.0	379973.0	239892.0	131844.0	194354.0	311239.0	150141.0	85449.0	373327.0	210475.0	187398.0	95679.0	276266.0	600298.0	229600.0	640464.0	443586.0	476336.0	541573.0	291520.0	590642.0	491195.0	268534.0	236638.0	539611.0	222146.0	293702.0	182301.0	327277.0	414690.0	253320.0	10600.0	212139.0	4782.0	308551.0	131826.0	168020.0	183533.0	139088.0	12207.0	107900.0	223258.0	79118.0	266655.0	315958.0	258638.0	366597.0
CCA	368424.0	185278.0	202070.0	258214.0	156954.0	206335.0	140983.0	133072.0	87916.0	137666.0	44537.0	112404.0	135123.0	262093.0	260569.0	328418.0	223087.0	106944.0	211940.0	131844.0	139564.0	121363.0	183533.0	124550.0	64555.0	190357.0	104894.0	131792.0	84932.0	163688.0	306398.0	174891.0	433008.0	242542.0	258984.0	361812.0	250894.0	326241.0	270352.0	228581.0	185794.0	283978.0	131060.0	236507.0	159186.0	191716.0	236540.0	218552.0	9335.0	136952.0	3877.0	212236.0	119472.0	102789.0	105437.0	118833.0	9748.0	58945.0	148084.0	55621.0	233053.0	186607.0	185973.0	274977.0
CCC	298058.0	495881.0	543308.0	218228.0	128217.0	922213.0	474723.0	110341.0	61646.0	428795.0	103147.0	109134.0	94013.0	896950.0	571949.0	277499.0	225007.0	456575.0	741134.0	194354.0	121363.0	638992.0	825015.0	145526.0	110997.0	977940.0	605390.0	214162.0	72417.0	851793.0	1506081.0	208506.0	591994.0	1161284.0	1042213.0	455886.0	310196.0	1776536.0	1240383.0	256104.0	259405.0	1406485.0	459229.0	331327.0	143029.0	936435.0	949527.0	200912.0	8278.0	464425.0	8019.0	232716.0	93355.0	417537.0	397742.0	92617.0	29961.0	215288.0	432683.0	60632.0	121265.0	706898.0	273999.0	262014.0
CCG	447604.0	795716.0	868057.0	336307.0	189625.0	1357354.0	827250.0	159081.0	81950.0	669906.0	143290.0	159350.0	119842.0	1461180.0	923083.0	436541.0	308310.0	684157.0	1212127.0	311239.0	183533.0	825015.0	1505980.0	204656.0	158683.0	1503869.0	987262.0	367653.0	90773.0	1222994.0	2535808.0	303964.0	904473.0	1782091.0	1641302.0	734051.0	481021.0	2617930.0	2213961.0	394592.0	367247.0	2232691.0	742585.0	552940.0	216790.0	1479432.0	1623341.0	318813.0	13698.0	731937.0	13389.0	379814.0	141365.0	603540.0	721864.0	134538.0	46933.0	335805.0	691648.0	92728.0	163225.0	1163884.0	443551.0	391012.0
CCT	410285.0	205278.0	242037.0	286895.0	160105.0	231587.0	157411.0	145252.0	99766.0	157072.0	57251.0	124395.0	157497.0	291286.0	290699.0	357036.0	231823.0	115277.0	249727.0	150141.0	124550.0	145526.0	204656.0	150612.0	68608.0	212298.0	121615.0	141057.0	87242.0	185843.0	350939.0	203161.0	477807.0	274053.0	308667.0	402609.0	258336.0	374684.0	304307.0	257090.0	212650.0	325012.0	157129.0	251909.0	174075.0	212884.0	271500.0	236546.0	9168.0	154282.0	4101.0	244271.0	122254.0	126000.0	119604.0	136003.0	9827.0	68951.0	164198.0	62609.0	245366.0	209532.0	206841.0	311898.0
CGA	171115.0	119441.0	133286.0	126212.0	73625.0	172869.0	117571.0	61330.0	41348.0	105909.0	35979.0	61800.0	54135.0	201580.0	158645.0	162468.0	127645.0	96251.0	169117.0	85449.0	64555.0	110997.0	158683.0	68608.0	68944.0	195320.0	130793.0	91579.0	47094.0	170876.0	277636.0	100772.0	255244.0	227401.0	228273.0	212952.0	133321.0	305888.0	253051.0	121871.0	111237.0	246101.0	113261.0	128516.0	71442.0	185249.0	199797.0	108294.0	5900.0	96611.0	3792.0	110421.0	57724.0	88098.0	97662.0	57778.0	10765.0	49372.0	105555.0	31215.0	101560.0	140998.0	124265.0	137552.0
CGC	493779.0	964556.0	1052887.0	374530.0	194127.0	1655388.0	897087.0	171032.0	81729.0	839053.0	153195.0	176071.0	112158.0	1760269.0	1044111.0	470754.0	387653.0	869957.0	1479012.0	373327.0	190357.0	977940.0	1503869.0	212298.0	195320.0	2100862.0	1109429.0	456110.0	111012.0	1561022.0	2986305.0	345815.0	1182689.0	2341857.0	2110932.0	907970.0	518228.0	3178963.0	2377917.0	418723.0	387773.0	2722714.0	776070.0	591109.0	225084.0	1753019.0	1827502.0	338539.0	18457.0	857172.0	16357.0	412659.0	147399.0	715959.0	793674.0	142840.0	61008.0	385321.0	744001.0	95145.0	167801.0	1312453.0	489172.0	413302.0
CGG	241112.0	500598.0	547643.0	196790.0	111575.0	963602.0	567792.0	91043.0	54208.0	461187.0	122034.0	105693.0	70714.0	963095.0	576643.0	242156.0	191994.0	528296.0	829441.0	210475.0	104894.0	605390.0	987262.0	121615.0	130793.0	1109429.0	939960.0	245573.0	60068.0	937661.0	1842705.0	197809.0	584169.0	1406838.0	1346009.0	487809.0	282501.0	1921456.0	1588261.0	236863.0	261973.0	1537978.0	638516.0	350701.0	126680.0	1109347.0	1199201.0	185418.0	9590.0	495379.0	11668.0	221984.0	85435.0	446429.0	497021.0	77679.0	40439.0	228235.0	457485.0	60075.0	90999.0	760644.0	304787.0	227576.0
CGT	403832.0	315975.0	339848.0	276587.0	149717.0	404344.0	255746.0	138993.0	70518.0	243052.0	57090.0	126788.0	96197.0	488756.0	392251.0	371056.0	258960.0	210267.0	428418.0	187398.0	131792.0	214162.0	367653.0	141057.0	91579.0	456110.0	245573.0	273078.0	82558.0	328308.0	709924.0	209266.0	612921.0	531703.0	538434.0	508009.0	292408.0	686159.0	571365.0	277224.0	203831.0	605794.0	228913.0	346780.0	171113.0	395377.0	485575.0	255230.0	12841.0	238873.0	5795.0	251446.0	117872.0	197505.0	209343.0	129779.0	16547.0	103654.0	226647.0	66300.0	208309.0	344058.0	264447.0	290515.0
CTA	302677.0	128478.0	146818.0	206381.0	113375.0	131990.0	85773.0	100614.0	70210.0	98536.0	32926.0	94066.0	122334.0	177565.0	178991.0	258709.0	182601.0	66098.0	138657.0	95679.0	84932.0	72417.0	90773.0	87242.0	47094.0	111012.0	60068.0	82558.0	81370.0	105236.0	181939.0	134669.0	330500.0	152500.0	182529.0	264776.0	167155.0	198802.0	153772.0	161932.0	131942.0	170555.0	87231.0	156356.0	120959.0	118448.0	146713.0	155300.0	7768.0	91547.0	3283.0	161192.0	88942.0	67377.0	63663.0	95073.0	5651.0	35939.0	97418.0	39634.0	195688.0	119921.0	136275.0	223554.0
CTC	443929.0	786546.0	888037.0	316959.0	188322.0	1407335.0	783256.0	155045.0	91462.0	673883.0	149241.0	159842.0	130292.0	1493144.0	863371.0	405975.0	324724.0	697428.0	1152882.0	276266.0	163688.0	851793.0	1222994.0	185843.0	170876.0	1561022.0	937661.0	328308.0	105236.0	1536152.0	2282529.0	326903.0	917144.0	1878472.0	1757784.0	684939.0	454311.0	2696903.0	2033912.0	366142.0	381032.0	2237077.0	710603.0	497038.0	202131.0	1584820.0	1471822.0	297715.0	12851.0	697134.0	12319.0	323450.0	138608.0	633490.0	664557.0	133573.0	42630.0	293696.0	633289.0	77617.0	162900.0	1144293.0	381858.0	366655.0
CTG	909000.0	1531678.0	1689763.0	648181.0	337280.0	2671340.0	1466563.0	294210.0	152494.0	1372745.0	266912.0	325109.0	244045.0	2907315.0	1796934.0	878109.0	609803.0	1278659.0	2421030.0	600298.0	306398.0	1506081.0	2535808.0	350939.0	277636.0	2986305.0	1842705.0	709924.0	181939.0	2282529.0	5358514.0	592882.0	1856634.0	3431352.0	3232541.0	1436950.0	882269.0	5174119.0	4047931.0	719932.0	674688.0	4374933.0	1411019.0	1049344.0	423347.0	2793833.0	3236752.0	604337.0	27801.0	1322498.0	22363.0	702993.0	261800.0	1169372.0	1308920.0	257055.0	77303.0	587119.0	1266361.0	163530.0	295634.0	2238410.0	854467.0	808613.0
CTT	674006.0	334592.0	417624.0	443921.0	255146.0	370575.0	256947.0	211257.0	162600.0	264366.0	97277.0	194781.0	267779.0	506646.0	474254.0	564988.0	346149.0	176942.0	408875.0	229600.0	174891.0	208506.0	303964.0	203161.0	100772.0	345815.0	197809.0	209266.0	134669.0	326903.0	592882.0	379126.0	805516.0	452820.0	529294.0	632501.0	407133.0	615156.0	496229.0	376447.0	336511.0	537890.0	251725.0	375083.0	268017.0	362140.0	433368.0	379141.0	15189.0	238652.0	6626.0	370260.0	197137.0	207379.0	199763.0	207964.0	14433.0	106597.0	245896.0	88205.0	357755.0	351812.0	316000.0	504850.0
GAA	1816515.0	975698.0	1145328.0	1196600.0	612803.0	1144187.0	689299.0	531491.0	389214.0	708028.0	209786.0	467790.0	614053.0	1470895.0	1230090.0	1443525.0	949175.0	572475.0	1167763.0	640464.0	433008.0	591994.0	904473.0	477807.0	255244.0	1182689.0	584169.0	612921.0	330500.0	917144.0	1856634.0	805516.0	2331136.0	1430377.0	1455859.0	1723778.0	989184.0	1882908.0	1403016.0	925043.0	778383.0	1634357.0	614177.0	962753.0	689750.0	1075821.0	1280029.0	924230.0	49906.0	731962.0	19319.0	1002593.0	454314.0	554247.0	538359.0	489292.0	44496.0	307864.0	634747.0	230792.0	955822.0	979495.0	827015.0	1165212.0
GAC	759469.0	1280454.0	1426845.0	537742.0	294820.0	2119224.0	1098257.0	255904.0	148605.0	992335.0	210066.0	241919.0	216218.0	2137093.0	1252036.0	620519.0	476855.0	1102602.0	1728970.0	443586.0	242542.0	1161284.0	1782091.0	274053.0	227401.0	2341857.0	1406838.0	531703.0	152500.0	1878472.0	3431352.0	452820.0	1430377.0	2991344.0	2516151.0	1118940.0	659801.0	3836893.0	2795173.0	556036.0	545219.0	3323536.0	981094.0	803266.0	335795.0	2209583.0	2159306.0	470063.0	20807.0	1140487.0	17124.0	542154.0	216728.0	917847.0	953496.0	212749.0	57413.0	473312.0	905798.0	126282.0	273800.0	1644505.0	585481.0	536508.0
GAG	837078.0	1123844.0	1408388.0	614737.0	319367.0	1794124.0	1015977.0	280499.0	189761.0	890274.0	232777.0	275351.0	288141.0	2020806.0	1257548.0	744266.0	506815.0	978740.0	1664908.0	476336.0	258984.0	1042213.0	1641302.0	308667.0	228273.0	2110932.0	1346009.0	538434.0	182529.0	1757784.0	3232541.0	529294.0	1455859.0	2516151.0	2649926.0	1185425.0	671431.0	3393447.0	2627226.0	612086.0	553224.0	2836326.0	983006.0	779089.0	379486.0	2006539.0	2143357.0	530756.0	25091.0	1040397.0	20135.0	612309.0	239618.0	829312.0	875318.0	256124.0	58973.0	443631.0	838358.0	148235.0	371363.0	1496725.0	647629.0	641485.0
GAT	1421472.0	782320.0	916968.0	1035449.0	501856.0	895358.0	578776.0	446176.0	313225.0	585355.0	173491.0	412871.0	483570.0	1131234.0	968352.0	1155675.0	753544.0	436680.0	959757.0	541573.0	361812.0	455886.0	734051.0	402609.0	212952.0	907970.0	487809.0	508009.0	264776.0	684939.0	1436950.0	632501.0	1723778.0	1118940.0	1185425.0	1533346.0	806234.0	1433586.0	1177663.0	766346.0	645769.0	1296553.0	545736.0	834788.0	539792.0	816209.0	1036822.0	739907.0	30539.0	567308.0	13134.0	855503.0	382243.0	436894.0	457674.0	412425.0	28649.0	240532.0	528320.0	192140.0	765009.0	774981.0	688145.0	969842.0
GCA	806056.0	448892.0	508670.0	548533.0	341810.0	560167.0	371011.0	278259.0	180245.0	363285.0	104406.0	244798.0	289785.0	684457.0	614908.0	701297.0	457036.0	264897.0	559391.0	291520.0	250894.0	310196.0	481021.0	258336.0	133321.0	518228.0	282501.0	292408.0	167155.0	454311.0	882269.0	407133.0	989184.0	659801.0	671431.0	806234.0	615918.0	951007.0	779273.0	519678.0	429335.0	811557.0	330995.0	539861.0	353811.0	528881.0	630152.0	474766.0	21074.0	327571.0	9245.0	449441.0	251017.0	280715.0	284518.0	252468.0	23361.0	146162.0	336116.0	113233.0	454472.0	475386.0	415990.0	574079.0
GCC	903587.0	1609626.0	1825265.0	650811.0	365410.0	3031442.0	1519492.0	314873.0	161476.0	1415503.0	281487.0	322528.0	247004.0	3013313.0	1779731.0	833675.0	654114.0	1423726.0	2435236.0	590642.0	326241.0	1776536.0	2617930.0	374684.0	305888.0	3178963.0	1921456.0	686159.0	198802.0	2696903.0	5174119.0	615156.0	1882908.0	3836893.0	3393447.0	1433586.0	951007.0	6027354.0	4174744.0	789309.0	749140.0	4766444.0	1443785.0	1084771.0	425027.0	3122400.0	3155651.0	605905.0	26712.0	1434620.0	24082.0	677839.0	271324.0	1320373.0	1334342.0	262347.0	91609.0	643800.0	1294087.0	164423.0	327136.0	2273489.0	848399.0	739243.0
GCG	699347.0	1184375.0	1350884.0	525730.0	294040.0	2074979.0	1360974.0	249483.0	124996.0	1076531.0	225156.0	263194.0	181031.0	2295599.0	1400018.0	695014.0	506074.0	1044219.0	1876283.0	491195.0	270352.0	1240383.0	2213961.0	304307.0	253051.0	2377917.0	1588261.0	571365.0	153772.0	2033912.0	4047931.0	496229.0	1403016.0	2795173.0	2627226.0	1177663.0	779273.0	4174744.0	3833192.0	637033.0	586637.0	3610253.0	1272815.0	895090.0	331523.0	2376158.0	2680498.0	506175.0	22495.0	1067257.0	21566.0	567141.0	222242.0	931323.0	1180239.0	217668.0	74042.0	499368.0	1037520.0	139427.0	275822.0	1781104.0	738116.0	609895.0
GCT	772581.0	402274.0	486845.0	524779.0	300774.0	469469.0	308828.0	280960.0	170244.0	313175.0	94415.0	236202.0	268181.0	591634.0	546133.0	668673.0	437926.0	221297.0	493474.0	268534.0	228581.0	256104.0	394592.0	257090.0	121871.0	418723.0	236863.0	277224.0	161932.0	366142.0	719932.0	376447.0	925043.0	556036.0	612086.0	766346.0	519678.0	789309.0	637033.0	542098.0	392703.0	675422.0	300924.0	522786.0	325988.0	439372.0	542876.0	465467.0	19798.0	290456.0	8327.0	425623.0	230575.0	246338.0	242107.0	254588.0	19422.0	122662.0	295799.0	106680.0	444881.0	411094.0	397179.0	549532.0
GGA	661254.0	365662.0	411267.0	486229.0	273975.0	446586.0	291522.0	226543.0	178575.0	275757.0	99884.0	204023.0	286052.0	541311.0	491060.0	573230.0	330592.0	217398.0	410722.0	236638.0	185794.0	259405.0	367247.0	212650.0	111237.0	387773.0	261973.0	203831.0	131942.0	381032.0	674688.0	336511.0	778383.0	545219.0	553224.0	645769.0	429335.0	749140.0	586637.0	392703.0	444180.0	668421.0	310805.0	428987.0	298589.0	447567.0	507575.0	380000.0	13232.0	274850.0	6609.0	392583.0	200147.0	242825.0	226259.0	212228.0	16357.0	120662.0	277837.0	96164.0	382002.0	394711.0	320016.0	491541.0
GGC	829899.0	1606187.0	1667636.0	635788.0	324548.0	2601478.0	1377333.0	288363.0	141364.0	1270243.0	228187.0	283327.0	222439.0	2748913.0	1638857.0	789224.0	543889.0	1240671.0	2069482.0	539611.0	283978.0	1406485.0	2232691.0	325012.0	246101.0	2722714.0	1537978.0	605794.0	170555.0	2237077.0	4374933.0	537890.0	1634357.0	3323536.0	2836326.0	1296553.0	811557.0	4766444.0	3610253.0	675422.0	668421.0	4599712.0	1241011.0	1058326.0	385912.0	2712973.0	2780876.0	564921.0	21670.0	1319032.0	17654.0	647894.0	244084.0	1141038.0	1239204.0	242040.0	60846.0	590647.0	1149646.0	149202.0	299870.0	2088391.0	723178.0	679472.0
GGG	386921.0	463546.0	500482.0	302334.0	160583.0	757495.0	479786.0	137101.0	86815.0	400609.0	114367.0	147033.0	135808.0	825572.0	566248.0	385413.0	244899.0	387464.0	660597.0	222146.0	131060.0	459229.0	742585.0	157129.0	113261.0	776070.0	638516.0	228913.0	87231.0	710603.0	1411019.0	251725.0	614177.0	981094.0	983006.0	545736.0	330995.0	1443785.0	1272815.0	300924.0	310805.0	1241011.0	589210.0	402519.0	181732.0	843677.0	1002604.0	264149.0	8963.0	406998.0	8211.0	289066.0	122536.0	367793.0	412545.0	128468.0	24187.0	190558.0	406304.0	75302.0	194440.0	648589.0	334535.0	350268.0
GGT	769098.0	552077.0	569079.0	552222.0	304076.0	670939.0	403742.0	282618.0	162080.0	385174.0	99424.0	245248.0	254364.0	800579.0	664951.0	702314.0	418623.0	314369.0	611721.0	293702.0	236507.0	331327.0	552940.0	251909.0	128516.0	591109.0	350701.0	346780.0	156356.0	497038.0	1049344.0	375083.0	962753.0	803266.0	779089.0	834788.0	539861.0	1084771.0	895090.0	522786.0	428987.0	1058326.0	402519.0	697096.0	345924.0	641889.0	769508.0	487681.0	15809.0	390478.0	7001.0	451468.0	233417.0	323221.0	336134.0	254726.0	18530.0	157789.0	380727.0	117031.0	430839.0	580812.0	432931.0	565419.0
GTA	623524.0	270921.0	319441.0	411696.0	234326.0	281946.0	181732.0	199431.0	145389.0	192325.0	68532.0	172774.0	256571.0	363376.0	376081.0	500782.0	300735.0	133188.0	290842.0	182301.0	159186.0	143029.0	216790.0	174075.0	71442.0	225084.0	126680.0	171113.0	120959.0	202131.0	423347.0	268017.0	689750.0	335795.0	379486.0	539792.0	353811.0	425027.0	331523.0	325988.0	298589.0	385912.0	181732.0	345924.0	282832.0	242071.0	321216.0	325015.0	14098.0	194684.0	5298.0	327440.0	170991.0	146426.0	131975.0	183693.0	9810.0	74806.0	184556.0	79093.0	360747.0	257502.0	255796.0	424453.0
GTC	536716.0	937359.0	1098056.0	386965.0	222120.0	1680777.0	922859.0	187178.0	100494.0	775491.0	163029.0	188544.0	144691.0	1768614.0	1044103.0	500524.0	371565.0	797053.0	1343034.0	327277.0	191716.0	936435.0	1479432.0	212884.0	185249.0	1753019.0	1109347.0	395377.0	118448.0	1584820.0	2793833.0	362140.0	1075821.0	2209583.0	2006539.0	816209.0	528881.0	3122400.0	2376158.0	439372.0	447567.0	2712973.0	843677.0	641889.0	242071.0	1907024.0	1756311.0	368990.0	15496.0	831522.0	13354.0	394161.0	164202.0	736483.0	795626.0	155281.0	47304.0	349532.0	730292.0	94746.0	209415.0	1347261.0	477993.0	428178.0
GTG	703617.0	996118.0	1167618.0	506723.0	267529.0	1668664.0	995644.0	236678.0	128552.0	861848.0	190545.0	249325.0	202475.0	1863120.0	1196881.0	683169.0	459506.0	808874.0	1516829.0	414690.0	236540.0	949527.0	1623341.0	271500.0	199797.0	1827502.0	1199201.0	485575.0	146713.0	1471822.0	3236752.0	433368.0	1280029.0	2159306.0	2143357.0	1036822.0	630152.0	3155651.0	2680498.0	542876.0	507575.0	2780876.0	1002604.0	769508.0	321216.0	1756311.0	2219230.0	461971.0	19651.0	868017.0	15611.0	517063.0	202773.0	747366.0	890561.0	208370.0	46984.0	385290.0	811551.0	126793.0	294801.0	1441159.0	649105.0	606448.0
GTT	805012.0	375892.0	451622.0	530342.0	301192.0	400212.0	268874.0	268087.0	179401.0	269465.0	90453.0	230020.0	290530.0	529593.0	523945.0	690400.0	412750.0	185375.0	420393.0	253320.0	218552.0	200912.0	318813.0	236546.0	108294.0	338539.0	185418.0	255230.0	155300.0	297715.0	604337.0	379141.0	924230.0	470063.0	530756.0	739907.0	474766.0	605905.0	506175.0	465467.0	380000.0	564921.0	264149.0	487681.0	325015.0	368990.0	461971.0	485446.0	18599.0	260663.0	7193.0	425684.0	231325.0	210209.0	203582.0	247356.0	15415.0	107437.0	258313.0	105507.0	466817.0	369555.0	371246.0	571274.0
TAA	48569.0	17432.0	26210.0	23908.0	12180.0	15698.0	10558.0	10146.0	10404.0	12604.0	5442.0	9446.0	14812.0	24421.0	21159.0	31132.0	21900.0	8192.0	20764.0	10600.0	9335.0	8278.0	13698.0	9168.0	5900.0	18457.0	9590.0	12841.0	7768.0	12851.0	27801.0	15189.0	49906.0	20807.0	25091.0	30539.0	21074.0	26712.0	22495.0	19798.0	13232.0	21670.0	8963.0	15809.0	14098.0	15496.0	19651.0	18599.0	214.0	13701.0	118.0	20726.0	9749.0	8260.0	7633.0	9009.0	388.0	5226.0	13782.0	4902.0	22543.0	16810.0	17363.0	24362.0
TAC	479478.0	596283.0	658744.0	323797.0	170475.0	837915.0	456425.0	149665.0	93734.0	433437.0	97181.0	140114.0	147541.0	915386.0	574629.0	380454.0	271879.0	427461.0	753801.0	212139.0	136952.0	464425.0	731937.0	154282.0	96611.0	857172.0	495379.0	238873.0	91547.0	697134.0	1322498.0	238652.0	731962.0	1140487.0	1040397.0	567308.0	327571.0	1434620.0	1067257.0	290456.0	274850.0	1319032.0	406998.0	390478.0	194684.0	831522.0	868017.0	260663.0	13701.0	548386.0	8140.0	318196.0	127562.0	373777.0	385921.0	130191.0	23197.0	189433.0	425331.0	68520.0	195829.0	731254.0	288837.0	347524.0
TAG	15613.0	9204.0	15200.0	8597.0	4733.0	11530.0	8437.0	3845.0	4031.0	7978.0	3783.0	3974.0	5372.0	15094.0	10821.0	10962.0	8341.0	6282.0	13992.0	4782.0	3877.0	8019.0	13389.0	4101.0	3792.0	16357.0	11668.0	5795.0	3283.0	12319.0	22363.0	6626.0	19319.0	17124.0	20135.0	13134.0	9245.0	24082.0	21566.0	8327.0	6609.0	17654.0	8211.0	7001.0	5298.0	13354.0	15611.0	7193.0	118.0	8140.0	90.0	7895.0	3758.0	6362.0	6786.0	3599.0	158.0	3644.0	9162.0	2076.0	7191.0	11418.0	8859.0	9126.0
TAT	894890.0	419502.0	516091.0	649738.0	306274.0	441785.0	303479.0	265432.0	200033.0	308773.0	100061.0	255272.0	342000.0	587598.0	544174.0	717864.0	443526.0	208913.0	494489.0	308551.0	212236.0	232716.0	379814.0	244271.0	110421.0	412659.0	221984.0	251446.0	161192.0	323450.0	702993.0	370260.0	1002593.0	542154.0	612309.0	855503.0	449441.0	677839.0	567141.0	425623.0	392583.0	647894.0	289066.0	451468.0	327440.0	394161.0	517063.0	425684.0	20726.0	318196.0	7895.0	570746.0	234274.0	223104.0	233620.0	252099.0	16499.0	122418.0	323828.0	115519.0	503925.0	430449.0	388108.0	653795.0
TCA	437068.0	186686.0	210391.0	314776.0	175411.0	182684.0	129150.0	147095.0	104975.0	134346.0	48551.0	130338.0	177120.0	241080.0	253834.0	364689.0	227175.0	88609.0	195167.0	131826.0	119472.0	93355.0	141365.0	122254.0	57724.0	147399.0	85435.0	117872.0	88942.0	138608.0	261800.0	197137.0	454314.0	216728.0	239618.0	382243.0	251017.0	271324.0	222242.0	230575.0	200147.0	244084.0	122536.0	233417.0	170991.0	164202.0	202773.0	231325.0	9749.0	127562.0	3758.0	234274.0	144806.0	100984.0	99232.0	139429.0	9284.0	51982.0	129910.0	56690.0	269349.0	169441.0	183537.0	309393.0
TCC	337502.0	456166.0	511538.0	241729.0	131896.0	740370.0	386968.0	114226.0	68347.0	357531.0	88007.0	110267.0	106253.0	768601.0	493504.0	300723.0	203631.0	335450.0	611837.0	168020.0	102789.0	417537.0	603540.0	126000.0	88098.0	715959.0	446429.0	197505.0	67377.0	633490.0	1169372.0	207379.0	554247.0	917847.0	829312.0	436894.0	280715.0	1320373.0	931323.0	246338.0	242825.0	1141038.0	367793.0	323221.0	146426.0	736483.0	747366.0	210209.0	8260.0	373777.0	6362.0	223104.0	100984.0	385502.0	337307.0	107452.0	20805.0	161888.0	321611.0	55239.0	133949.0	565953.0	249324.0	259885.0
TCG	300592.0	477245.0	538533.0	239743.0	124760.0	728208.0	473729.0	105799.0	58405.0	391953.0	85320.0	111704.0	88049.0	848894.0	522644.0	290605.0	202650.0	347093.0	669792.0	183533.0	105437.0	397742.0	721864.0	119604.0	97662.0	793674.0	497021.0	209343.0	63663.0	664557.0	1308920.0	199763.0	538359.0	953496.0	875318.0	457674.0	284518.0	1334342.0	1180239.0	242107.0	226259.0	1239204.0	412545.0	336134.0	131975.0	795626.0	890561.0	203582.0	7633.0	385921.0	6786.0	233620.0	99232.0	337307.0	458092.0	96699.0	22341.0	174497.0	352851.0	55595.0	123289.0	639837.0	285561.0	257983.0
TCT	474300.0	196328.0	227989.0	336305.0	175401.0	180868.0	126076.0	160761.0	111968.0	134365.0	49854.0	139502.0	184502.0	245109.0	263522.0	391687.0	241788.0	86069.0	203616.0	139088.0	118833.0	92617.0	134538.0	136003.0	57778.0	142840.0	77679.0	129779.0	95073.0	133573.0	257055.0	207964.0	489292.0	212749.0	256124.0	412425.0	252468.0	262347.0	217668.0	254588.0	212228.0	242040.0	128468.0	254726.0	183693.0	155281.0	208370.0	247356.0	9009.0	130191.0	3599.0	252099.0	139429.0	107452.0	96699.0	165822.0	7440.0	51177.0	133579.0	62219.0	288615.0	172101.0	197783.0	333494.0
TGA	30075.0	25507.0	37368.0	17808.0	10695.0	42022.0	27010.0	8770.0	7835.0	23558.0	9732.0	8377.0	8795.0	46559.0	27596.0	21515.0	17710.0	22478.0	41059.0	12207.0	9748.0	29961.0	46933.0	9827.0	10765.0	61008.0	40439.0	16547.0	5651.0	42630.0	77303.0	14433.0	44496.0	57413.0	58973.0	28649.0	23361.0	91609.0	74042.0	19422.0	16357.0	60846.0	24187.0	18530.0	9810.0	47304.0	46984.0	15415.0	388.0	23197.0	158.0	16499.0	9284.0	20805.0	22341.0	7440.0	1674.0	11701.0	25486.0	4501.0	12789.0	34527.0	18777.0	18999.0
TGC	184096.0	231647.0	256975.0	125561.0	67350.0	345473.0	199039.0	56586.0	38969.0	189060.0	47567.0	56323.0	58116.0	374123.0	256238.0	150945.0	108209.0	193489.0	310330.0	107900.0	58945.0	215288.0	335805.0	68951.0	49372.0	385321.0	228235.0	103654.0	35939.0	293696.0	587119.0	106597.0	307864.0	473312.0	443631.0	240532.0	146162.0	643800.0	499368.0	122662.0	120662.0	590647.0	190558.0	157789.0	74806.0	349532.0	385290.0	107437.0	5226.0	189433.0	3644.0	122418.0	51982.0	161888.0	174497.0	51177.0	11701.0	137504.0	176788.0	45386.0	69441.0	285599.0	126955.0	140636.0
TGG	420668.0	463251.0	496346.0	310763.0	169057.0	710419.0	414495.0	147427.0	88588.0	384177.0	90904.0	147873.0	140437.0	768000.0	536306.0	388546.0	272713.0	364308.0	626192.0	223258.0	148084.0	432683.0	691648.0	164198.0	105555.0	744001.0	457485.0	226647.0	97418.0	633289.0	1266361.0	245896.0	634747.0	905798.0	838358.0	528320.0	336116.0	1294087.0	1037520.0	295799.0	277837.0	1149646.0	406304.0	380727.0	184556.0	730292.0	811551.0	258313.0	13782.0	425331.0	9162.0	323828.0	129910.0	321611.0	352851.0	133579.0	25486.0	176788.0	473702.0	74953.0	218930.0	663087.0	320080.0	385281.0
TGT	206348.0	95237.0	114542.0	140468.0	71067.0	103807.0	69915.0	63551.0	48885.0	71408.0	26573.0	60355.0	78825.0	129802.0	135134.0	165353.0	104800.0	57843.0	113198.0	79118.0	55621.0	60632.0	92728.0	62609.0	31215.0	95145.0	60075.0	66300.0	39634.0	77617.0	163530.0	88205.0	230792.0	126282.0	148235.0	192140.0	113233.0	164423.0	139427.0	106680.0	96164.0	149202.0	75302.0	117031.0	79093.0	94746.0	126793.0	105507.0	4902.0	68520.0	2076.0	115519.0	56690.0	55239.0	55595.0	62219.0	4501.0	45386.0	74953.0	46080.0	116335.0	91900.0	94291.0	148171.0
TTA	976542.0	294412.0	348890.0	677603.0	340613.0	250038.0	183036.0	301710.0	219518.0	198283.0	75170.0	283562.0	392387.0	355104.0	457080.0	827518.0	523173.0	121384.0	280903.0	266655.0	233053.0	121265.0	163225.0	245366.0	101560.0	167801.0	90999.0	208309.0	195688.0	162900.0	295634.0	357755.0	955822.0	273800.0	371363.0	765009.0	454472.0	327136.0	275822.0	444881.0	382002.0	299870.0	194440.0	430839.0	360747.0	209415.0	294801.0	466817.0	22543.0	195829.0	7191.0	503925.0	269349.0	133949.0	123289.0	288615.0	12789.0	69441.0	218930.0	116335.0	713442.0	238280.0	347444.0	698381.0
TTC	567944.0	837147.0	929644.0	415611.0	223397.0	1267389.0	718643.0	195517.0	111512.0	648992.0	132877.0	186923.0	177251.0	1509768.0	932488.0	532777.0	343567.0	625712.0	1087275.0	315958.0	186607.0	706898.0	1163884.0	209532.0	140998.0	1312453.0	760644.0	344058.0	119921.0	1144293.0	2238410.0	351812.0	979495.0	1644505.0	1496725.0	774981.0	475386.0	2273489.0	1781104.0	411094.0	394711.0	2088391.0	648589.0	580812.0	257502.0	1347261.0	1441159.0	369555.0	16810.0	731254.0	11418.0	430449.0	169441.0	565953.0	639837.0	172101.0	34527.0	285599.0	663087.0	91900.0	238280.0	1229672.0	443736.0	481850.0
TTG	637622.0	386982.0	455118.0	449046.0	231294.0	495476.0	340934.0	208588.0	127955.0	328993.0	95939.0	213685.0	209918.0	620749.0	534772.0	590443.0	411778.0	229981.0	530062.0	258638.0	185973.0	273999.0	443551.0	206841.0	124265.0	489172.0	304787.0	264447.0	136275.0	381858.0	854467.0	316000.0	827015.0	585481.0	647629.0	688145.0	415990.0	848399.0	738116.0	397179.0	320016.0	723178.0	334535.0	432931.0	255796.0	477993.0	649105.0	371246.0	17363.0	288837.0	8859.0	388108.0	183537.0	249324.0	285561.0	197783.0	18777.0	126955.0	320080.0	94291.0	347444.0	443736.0	481086.0	527688.0
TTT	1109239.0	471695.0	551751.0	774637.0	387266.0	491299.0	336527.0	335370.0	244683.0	361757.0	121495.0	333319.0	447463.0	672787.0	693509.0	988162.0	567927.0	233032.0	537148.0	366597.0	274977.0	262014.0	391012.0	311898.0	137552.0	413302.0	227576.0	290515.0	223554.0	366655.0	808613.0	504850.0	1165212.0	536508.0	641485.0	969842.0	574079.0	739243.0	609895.0	549532.0	491541.0	679472.0	350268.0	565419.0	424453.0	428178.0	606448.0	571274.0	24362.0	347524.0	9126.0	653795.0	309393.0	259885.0	257983.0	333494.0	18999.0	140636.0	385281.0	148171.0	698381.0	481850.0	527688.0	944006.0
End	884730.0	419427.0	763042.0	401554.0	215418.0	481325.0	359922.0	167741.0	208640.0	387796.0	218403.0	185409.0	219924.0	540003.0	402426.0	404079.0	385962.0	303171.0	590135.0	228434.0	201508.0	385280.0	602436.0	185504.0	222665.0	765918.0	524023.0	271957.0	133298.0	463627.0	867353.0	258966.0	852540.0	670921.0	887572.0	497839.0	447157.0	1000485.0	887825.0	349275.0	389684.0	806856.0	421832.0	318776.0	227394.0	517464.0	570886.0	297401.0	1016582.0	299362.0	581427.0	298591.0	211008.0	298602.0	305144.0	168606.0	1572604.0	149718.0	342937.0	81009.0	311390.0	458289.0	336270.0	381886.0
