Proteome_ID	M	W	C	D	E	F	H	K	N	Q	Y	I	A	G	P	T	V	L	R	S
UP000006687	0.015373048190124475	0.016328534976928166	0.03170158316705264	0.03170158316705264	0.03170158316705264	0.02984652122305848	0.03170158316705264	0.02984652122305848	0.02984652122305848	0.03170158316705264	0.05969304244611696	0.044319994255992486	0.06734388693320356	0.06734388693320356	0.06734388693320356	0.06340316633410528	0.06340316633410528	0.09324968755716377	0.0990454701002562	0.09510474950115792
UP000007251	0.01426368611484294	0.01716238724175617	0.03142607335659911	0.03142607335659911	0.03142607335659911	0.026118257318536668	0.03142607335659911	0.026118257318536668	0.026118257318536668	0.03142607335659911	0.052236514637073336	0.0379728285222304	0.07562511346524099	0.07562511346524099	0.07562511346524099	0.06285214671319822	0.06285214671319822	0.08897040403173488	0.1070511868218401	0.09427822006979733
UP000006677	0.018089953174358003	0.012786873067157268	0.030876826241515273	0.030876826241515273	0.030876826241515273	0.04368232467376615	0.030876826241515273	0.04368232467376615	0.04368232467376615	0.030876826241515273	0.0873646493475323	0.06927469617317428	0.043650533979996124	0.043650533979996124	0.043650533979996124	0.061753652483030545	0.061753652483030545	0.10543597715679669	0.0745273602215114	0.09263047872454581
UP000007666	0.01825331135409402	0.01241295186667343	0.030666263220767445	0.030666263220767445	0.030666263220767445	0.045094902215654986	0.030666263220767445	0.045094902215654986	0.045094902215654986	0.030666263220767445	0.09018980443130997	0.07193649307721595	0.04170847052414371	0.04170847052414371	0.04170847052414371	0.06133252644153489	0.06133252644153489	0.10642742865718989	0.07237473374491117	0.09199878966230236
UP000099345	0.010691101931269754	0.018593220750034355	0.02928432268130411	0.02928432268130411	0.02928432268130411	0.016838485541749864	0.02928432268130411	0.016838485541749864	0.016838485541749864	0.02928432268130411	0.03367697108349973	0.022985869152229978	0.10185851367410124	0.10185851367410124	0.10185851367410124	0.05856864536260822	0.05856864536260822	0.07540713090435809	0.13114283635540536	0.08785296804391234
UP000007699	0.017636265679473188	0.013648034469298824	0.03128430014877201	0.03128430014877201	0.03128430014877201	0.04042620424657175	0.03128430014877201	0.04042620424657175	0.04042620424657175	0.03128430014877201	0.0808524084931435	0.0632161428136703	0.048419457331636745	0.048419457331636745	0.048419457331636745	0.06256860029754402	0.06256860029754402	0.10299480454411579	0.07970375748040875	0.09385290044631604
UP000002135	0.01584938695673887	0.015895838415040865	0.031745225371779734	0.031745225371779734	0.031745225371779734	0.031652458197495334	0.031745225371779734	0.031652458197495334	0.031652458197495334	0.031745225371779734	0.06330491639499067	0.047455529438251806	0.06367652885707512	0.06367652885707512	0.06367652885707512	0.06349045074355947	0.06349045074355947	0.09514290894105482	0.09542175422885485	0.0952356761153392
UP000008222	0.018025734255460165	0.012922576321149497	0.030948310576609666	0.030948310576609666	0.030948310576609666	0.04316987636562778	0.030948310576609666	0.04316987636562778	0.04316987636562778	0.030948310576609666	0.08633975273125556	0.06831401847579541	0.04437343852617082	0.04437343852617082	0.04437343852617082	0.06189662115321933	0.06189662115321933	0.10506649751884711	0.0753217491027805	0.09284493172982898
UP000008623	0.014902019762421158	0.01670993302994091	0.03161195279236207	0.03161195279236207	0.03161195279236207	0.02819173149266476	0.03161195279236207	0.02819173149266476	0.02819173149266476	0.03161195279236207	0.05638346298532952	0.041481443222908365	0.07089423078582748	0.07089423078582748	0.07089423078582748	0.06322390558472414	0.06322390558472414	0.0914156370773889	0.10250618357818954	0.09483585837708619
UP000172353	0.015749588410109677	0.003652293957107319	0.019401882367217	0.019401882367217	0.019401882367217	0.08366568114551498	0.019401882367217	0.08366568114551498	0.08366568114551498	0.019401882367217	0.16733136229102996	0.15158177388092028	0.008998505342629488	0.008998505342629488	0.008998505342629488	0.038803764734434	0.038803764734434	0.12246944587994896	0.028400387709846486	0.05820564710165099
UP000163220	0.018861519758674936	0.009733167859918068	0.028594687618593004	0.028594687618593004	0.028594687618593004	0.05541251042553884	0.028594687618593004	0.05541251042553884	0.05541251042553884	0.028594687618593004	0.11082502085107768	0.09196350109240274	0.029511608614219	0.029511608614219	0.029511608614219	0.05718937523718601	0.05718937523718601	0.11260188566272483	0.058106296232812	0.085784062855779
UP000000360	0.01597009977316627	0.015777801038278652	0.03174790081144492	0.03174790081144492	0.03174790081144492	0.03213484200474345	0.03174790081144492	0.03213484200474345	0.03213484200474345	0.03174790081144492	0.0642696840094869	0.04829958423632063	0.06273123768802497	0.06273123768802497	0.06273123768802497	0.06349580162288984	0.06349580162288984	0.0956306436276333	0.09447913849946989	0.09524370243433476
UP000004993	0.016727601776116693	0.014944420848685991	0.03167202262480268	0.03167202262480268	0.03167202262480268	0.03545115513515807	0.03167202262480268	0.03545115513515807	0.03545115513515807	0.03167202262480268	0.07090231027031614	0.05417470849419945	0.05659149967450225	0.05659149967450225	0.05659149967450225	0.06334404524960537	0.06334404524960537	0.09879520038476344	0.08826352229930495	0.09501606787440806
UP000008865	0.016012616990616305	0.01573535572876498	0.03174797271938128	0.03174797271938128	0.03174797271938128	0.03230738066217763	0.03174797271938128	0.03230738066217763	0.03230738066217763	0.03174797271938128	0.06461476132435526	0.04860214433373897	0.062396502045773704	0.062396502045773704	0.062396502045773704	0.06349594543876257	0.06349594543876257	0.09580332610094021	0.09414447476515499	0.09524391815814386
UP000009108	0.018015276556819025	0.012944156438719113	0.03095943299553814	0.03095943299553814	0.03095943299553814	0.043088381239629006	0.03095943299553814	0.043088381239629006	0.043088381239629006	0.03095943299553814	0.08617676247925801	0.068161485922439	0.04448932467779419	0.04448932467779419	0.04448932467779419	0.06191886599107628	0.06191886599107628	0.10500724723070529	0.07544875767333234	0.09287829898661441
UP000000396	0.017659053456494683	0.013609349691253289	0.03126840314774797	0.03126840314774797	0.03126840314774797	0.04057287197493258	0.03126840314774797	0.04057287197493258	0.04057287197493258	0.03126840314774797	0.08114574394986517	0.06348669049337047	0.048195406823266666	0.048195406823266666	0.048195406823266666	0.06253680629549593	0.06253680629549593	0.10310967827042852	0.07946380997101461	0.0938052094432439
UP000007661	0.016871143670605465	0.014765279864539915	0.03163642353514538	0.03163642353514538	0.03163642353514538	0.036148495089984065	0.03163642353514538	0.036148495089984065	0.036148495089984065	0.03163642353514538	0.07229699017996813	0.055425846509362664	0.05537510159710174	0.05537510159710174	0.05537510159710174	0.06327284707029077	0.06327284707029077	0.09942134216027483	0.08701152513224712	0.09490927060543615
UP000007068	0.017627783415152636	0.013662333419300524	0.03129011683445316	0.03129011683445316	0.03129011683445316	0.04037197641607557	0.03129011683445316	0.04037197641607557	0.04037197641607557	0.03129011683445316	0.08074395283215113	0.0631161694169985	0.0485025256838244	0.0485025256838244	0.0485025256838244	0.06258023366890632	0.06258023366890632	0.10295221008498188	0.07979264251827756	0.09387035050335948
UP000134285	0.017173735050211855	0.014359828961967086	0.03153356401217894	0.03153356401217894	0.03153356401217894	0.03771278021266016	0.03153356401217894	0.03771278021266016	0.03771278021266016	0.03153356401217894	0.07542556042532032	0.05825182537510847	0.05273361728851689	0.05273361728851689	0.05273361728851689	0.06306712802435788	0.06306712802435788	0.10077990823701805	0.08426718130069584	0.09460069203653683
UP000006372	0.017847916248064304	0.013272168272921579	0.03112008452098588	0.03112008452098588	0.03112008452098588	0.04184912749308993	0.03112008452098588	0.04184912749308993	0.04184912749308993	0.03112008452098588	0.08369825498617986	0.06585033873811555	0.046283385991892696	0.046283385991892696	0.046283385991892696	0.06224016904197176	0.06224016904197176	0.10408929653506169	0.07740347051287857	0.09336025356295764
UP000009089	0.018361419564006595	0.012136647267496982	0.03049806683150358	0.03049806683150358	0.03049806683150358	0.04614023862125807	0.03049806683150358	0.04614023862125807	0.04614023862125807	0.03049806683150358	0.09228047724251615	0.07391905767850955	0.04031761032247117	0.04031761032247117	0.04031761032247117	0.06099613366300716	0.06099613366300716	0.10713637228426523	0.07081567715397476	0.09149420049451072
UP000002317	0.01710542228821842	0.01445495213717625	0.03156037442539467	0.03156037442539467	0.03156037442539467	0.037347306791298995	0.03156037442539467	0.037347306791298995	0.037347306791298995	0.03156037442539467	0.07469461358259799	0.05758919129437959	0.05334024428787794	0.05334024428787794	0.05334024428787794	0.06312074885078935	0.06312074885078935	0.10046805564208834	0.0849006187132726	0.09468112327618401
UP000000862	0.017990856158408258	0.012994015153581104	0.030984871311989362	0.030984871311989362	0.030984871311989362	0.042900085637283675	0.030984871311989362	0.042900085637283675	0.042900085637283675	0.030984871311989362	0.08580017127456735	0.06780931511615909	0.04475805751707726	0.04475805751707726	0.04475805751707726	0.061969742623978724	0.061969742623978724	0.10486982826126238	0.07574292882906662	0.09295461393596809
UP000000344	0.018856847520752378	0.009827822690106904	0.02868467021085928	0.02868467021085928	0.02868467021085928	0.055037872518165845	0.02868467021085928	0.055037872518165845	0.055037872518165845	0.02868467021085928	0.11007574503633169	0.09121889751557932	0.029899786000419273	0.029899786000419273	0.029899786000419273	0.05736934042171856	0.05736934042171856	0.11240721293988443	0.05858445621127855	0.08605401063257785
UP000125273	0.010366749768027586	0.01863909226545163	0.029005842033479216	0.029005842033479216	0.029005842033479216	0.016132561708993156	0.029005842033479216	0.016132561708993156	0.016132561708993156	0.029005842033479216	0.03226512341798631	0.021898373649958724	0.10430319589010371	0.10430319589010371	0.10430319589010371	0.05801168406695843	0.05801168406695843	0.07414424577595159	0.1333090379235829	0.08701752610043764
UP000000470	0.016591689674402433	0.015107120038715354	0.03169880971311779	0.03169880971311779	0.03169880971311779	0.03481383694973985	0.03169880971311779	0.03481383694973985	0.03481383694973985	0.03169880971311779	0.0696276738994797	0.05303598422507727	0.05772500966664975	0.05772500966664975	0.05772500966664975	0.06339761942623558	0.06339761942623558	0.09821145637597542	0.08942381937976755	0.09509642913935337
UP000008687	0.017171851049152764	0.014362482534920687	0.031534333584073454	0.031534333584073454	0.031534333584073454	0.037702596185819864	0.031534333584073454	0.037702596185819864	0.037702596185819864	0.031534333584073454	0.07540519237163973	0.05823334132248696	0.05275043605435464	0.05275043605435464	0.05275043605435464	0.06306866716814691	0.06306866716814691	0.10077126335396676	0.08428476963842808	0.09460300075222036
UP000008226	0.018122545079181145	0.012715769503613621	0.030838314582794766	0.030838314582794766	0.030838314582794766	0.04395083962742843	0.030838314582794766	0.04395083962742843	0.04395083962742843	0.030838314582794766	0.08790167925485685	0.0697791341756757	0.0432756986837594	0.0432756986837594	0.0432756986837594	0.06167662916558953	0.06167662916558953	0.10562746879301796	0.07411401326655416	0.0925149437483843
UP000009116	0.01843395215560472	0.011934130858100656	0.030368083013705378	0.030368083013705378	0.030368083013705378	0.04690779713983891	0.030368083013705378	0.04690779713983891	0.04690779713983891	0.030368083013705378	0.09381559427967782	0.07538164212407311	0.039320561704401874	0.039320561704401874	0.039320561704401874	0.060736166027410755	0.060736166027410755	0.10764396316724967	0.06968864471810726	0.09110424904111612
UP000002241	0.01756951685731806	0.013759128261063293	0.031328645118381356	0.031328645118381356	0.031328645118381356	0.04000465349843317	0.031328645118381356	0.04000465349843317	0.04000465349843317	0.031328645118381356	0.08000930699686634	0.06243979013954828	0.049068491743937785	0.049068491743937785	0.049068491743937785	0.06265729023676271	0.06265729023676271	0.10266194373519587	0.08039713686231913	0.09398593535514405
UP000006674	0.018707947127236755	0.010944534301730311	0.029652481428967068	0.029652481428967068	0.029652481428967068	0.050686218295901614	0.029652481428967068	0.050686218295901614	0.050686218295901614	0.029652481428967068	0.10137243659180323	0.08266448946456648	0.03469462447413769	0.03469462447413769	0.03469462447413769	0.059304962857934136	0.059304962857934136	0.10999118115383574	0.06434710590310476	0.0889574442869012
UP000006716	0.018520115696705794	0.011669973592601152	0.030190089289306946	0.030190089289306946	0.030190089289306946	0.04791132919840809	0.030190089289306946	0.04791132919840809	0.04791132919840809	0.030190089289306946	0.09582265839681618	0.07730254270011039	0.03804701337013249	0.03804701337013249	0.03804701337013249	0.06038017857861389	0.06038017857861389	0.10829150777702197	0.06823710265943944	0.09057026786792081
UP000001795	0.016698825929191467	0.014979411129507554	0.03167823705869902	0.03167823705869902	0.03167823705869902	0.03531443004090027	0.03167823705869902	0.03531443004090027	0.03531443004090027	0.03167823705869902	0.07062886008180054	0.053930034152609066	0.0568328981657012	0.0568328981657012	0.0568328981657012	0.06335647411739805	0.06335647411739805	0.09867090415829831	0.08851113522440023	0.09503471117609706
UP000007453	0.0172623956266044	0.014232936838364258	0.03149533246496866	0.03149533246496866	0.03149533246496866	0.03819906570063936	0.03149533246496866	0.03819906570063936	0.03819906570063936	0.03149533246496866	0.07639813140127873	0.05913573577467432	0.05193613764549774	0.05193613764549774	0.05193613764549774	0.06299066492993732	0.06299066492993732	0.10118973063057668	0.08343147011046641	0.09448599739490597
UP000140422	0.014564631793736514	0.01695777513684068	0.03152240693057719	0.03152240693057719	0.03152240693057719	0.027073849398955994	0.03152240693057719	0.027073849398955994	0.027073849398955994	0.03152240693057719	0.05414769879791199	0.039583067004175465	0.07340383142821338	0.07340383142821338	0.07340383142821338	0.06304481386115438	0.06304481386115438	0.09011866326011038	0.10492623835879057	0.09456722079173158
UP000009190	0.01212485880947456	0.018225958505988397	0.030350817315462957	0.030350817315462957	0.030350817315462957	0.020190947684931505	0.030350817315462957	0.020190947684931505	0.020190947684931505	0.030350817315462957	0.04038189536986301	0.028257036560388447	0.09124605007065383	0.09124605007065383	0.09124605007065383	0.06070163463092591	0.06070163463092591	0.08089258231585743	0.12159686738611677	0.09105245194638888
UP000007225	0.01479593925262139	0.016790037839820096	0.031585977092441486	0.031585977092441486	0.031585977092441486	0.027834612569250922	0.031585977092441486	0.027834612569250922	0.027834612569250922	0.031585977092441486	0.055669225138501845	0.040873285885880455	0.07168585130488757	0.07168585130488757	0.07168585130488757	0.06317195418488297	0.06317195418488297	0.09100656675413389	0.10327182839732905	0.09475793127732446
UP000008479	0.016652285379298956	0.0150353782213585	0.03168766360065745	0.03168766360065745	0.03168766360065745	0.03509536039018876	0.03168766360065745	0.03509536039018876	0.03509536039018876	0.03168766360065745	0.07019072078037752	0.05353843540107857	0.057221696161817395	0.057221696161817395	0.057221696161817395	0.0633753272013149	0.0633753272013149	0.09847068759150367	0.08890935976247485	0.09506299080197236
UP000002242	0.016490255277614257	0.015224464650532541	0.0317147199281468	0.0317147199281468	0.0317147199281468	0.034351541395899736	0.0317147199281468	0.034351541395899736	0.034351541395899736	0.0317147199281468	0.06870308279179947	0.05221282751418522	0.0585606013150169	0.0585606013150169	0.0585606013150169	0.0634294398562936	0.0634294398562936	0.09778098125219334	0.09027532124316368	0.0951441597844404
UP000007544	0.017412239364967122	0.014008885455943278	0.0314211248209104	0.0314211248209104	0.0314211248209104	0.039054652007743336	0.0314211248209104	0.039054652007743336	0.039054652007743336	0.0314211248209104	0.07810930401548667	0.06069706465051956	0.0505592565421135	0.0505592565421135	0.0505592565421135	0.0628422496418208	0.0628422496418208	0.10189690164956414	0.08198038136302391	0.0942633744627312
UP000007711	0.018779549877514366	0.010553580432968158	0.029333130310482528	0.029333130310482528	0.029333130310482528	0.05219678641084717	0.029333130310482528	0.05219678641084717	0.05219678641084717	0.029333130310482528	0.10439357282169434	0.08561402294417998	0.03296879340575417	0.03296879340575417	0.03296879340575417	0.058666260620965055	0.058666260620965055	0.11086304703181221	0.06230192371623669	0.08799939093144757
UP000009246	0.018863477435685703	0.00968315360167428	0.028546631037359983	0.028546631037359983	0.028546631037359983	0.05561088387000046	0.028546631037359983	0.05561088387000046	0.05561088387000046	0.028546631037359983	0.11122176774000092	0.09235829030431522	0.029307577469480615	0.029307577469480615	0.029307577469480615	0.057093262074719965	0.057093262074719965	0.11270414594472042	0.057854208506840595	0.08563989311207994
UP000002665	0.01606342506107393	0.01568402221115046	0.03174744727222439	0.03174744727222439	0.03174744727222439	0.03251543088068381	0.03174744727222439	0.03251543088068381	0.03251543088068381	0.03174744727222439	0.06503086176136762	0.04896743670029368	0.06199520541500333	0.06199520541500333	0.06199520541500333	0.06349489454444877	0.06349489454444877	0.09601032542513258	0.09374265268722773	0.09524234181667315
UP000002092	0.015623469499794783	0.016107382271912322	0.031730851771707105	0.031730851771707105	0.031730851771707105	0.03077756437942405	0.031730851771707105	0.03077756437942405	0.03077756437942405	0.031730851771707105	0.0615551287588481	0.04593165925905332	0.06542733152927219	0.06542733152927219	0.06542733152927219	0.06346170354341421	0.06346170354341421	0.09423926792283827	0.09715818330097929	0.09519255531512132
UP000007016	0.0179408483347861	0.013093884797074566	0.031034733131860667	0.031034733131860667	0.031034733131860667	0.042522860774952834	0.031034733131860667	0.042522860774952834	0.042522860774952834	0.031034733131860667	0.08504572154990567	0.06710487321511957	0.04530055800634821	0.04530055800634821	0.04530055800634821	0.06206946626372133	0.06206946626372133	0.10459232703867417	0.07633529113820887	0.09310419939558198
UP000009115	0.0161685788774925	0.015575608880137346	0.03174418775762985	0.03174418775762985	0.03174418775762985	0.0329527023701589	0.03174418775762985	0.0329527023701589	0.0329527023701589	0.03174418775762985	0.0659054047403178	0.04973682586282529	0.06115998894853598	0.06115998894853598	0.06115998894853598	0.0634883755152597	0.0634883755152597	0.09644107788541857	0.09290417670616583	0.09523256327288952
UP000002131	0.010707567354515694	0.018590523522454543	0.029298090876970235	0.029298090876970235	0.029298090876970235	0.016874795432466696	0.029298090876970235	0.016874795432466696	0.016874795432466696	0.029298090876970235	0.03374959086493339	0.0230420235104177	0.10173493746581458	0.10173493746581458	0.10173493746581458	0.05859618175394047	0.05859618175394047	0.07547097718640718	0.13103302834278482	0.08789427263091071
UP000009294	0.009196696324546944	0.018687265368340252	0.027883961692887194	0.027883961692887194	0.027883961692887194	0.013722731654961226	0.027883961692887194	0.013722731654961226	0.013722731654961226	0.027883961692887194	0.027445463309922452	0.018248766985375506	0.11331786399966551	0.11331786399966551	0.11331786399966551	0.05576792338577439	0.05576792338577439	0.06949065504073561	0.14120182569255268	0.08365188507866157
UP000008446	0.018748333242999182	0.010738181682519214	0.029486514925518396	0.029486514925518396	0.029486514925518396	0.05148199428383987	0.029486514925518396	0.05148199428383987	0.05148199428383987	0.029486514925518396	0.10296398856767974	0.08421565532468055	0.03377703504099645	0.03377703504099645	0.03377703504099645	0.05897302985103679	0.05897302985103679	0.11045502413487665	0.06326354996651484	0.08845954477655518
UP000002326	0.017933963234538986	0.01310741002034302	0.031041373254882005	0.031041373254882005	0.031041373254882005	0.042471765653065825	0.031041373254882005	0.042471765653065825	0.042471765653065825	0.031041373254882005	0.08494353130613165	0.06700956807159268	0.04537446648297507	0.04537446648297507	0.04537446648297507	0.06208274650976401	0.06208274650976401	0.10455451216282985	0.07641583973785708	0.09312411976464602
UP000007219	0.015475114164578098	0.016240024210650395	0.03171513837522849	0.03171513837522849	0.03171513837522849	0.030221345777316243	0.03171513837522849	0.030221345777316243	0.030221345777316243	0.03171513837522849	0.060442691554632486	0.044967577390054386	0.06656553348559807	0.06656553348559807	0.06656553348559807	0.06343027675045698	0.06343027675045698	0.09365162252777323	0.09828067186082656	0.09514541512568547
UP000006540	0.017744107105145783	0.01346132155370885	0.03120542865885463	0.03120542865885463	0.03120542865885463	0.041133589014679166	0.03120542865885463	0.041133589014679166	0.041133589014679166	0.03120542865885463	0.08226717802935833	0.06452307092421254	0.047347134111509585	0.047347134111509585	0.047347134111509585	0.06241085731770926	0.06241085731770926	0.10354444633238842	0.07855256277036421	0.09361628597656389
UP000000840	0.016468842116599415	0.015248810694618259	0.031717652811217675	0.031717652811217675	0.031717652811217675	0.034255328295301916	0.031717652811217675	0.034255328295301916	0.034255328295301916	0.031717652811217675	0.06851065659060383	0.052041814474004425	0.05873594269367534	0.05873594269367534	0.05873594269367534	0.06343530562243535	0.06343530562243535	0.09769063391773726	0.090453595504893	0.09515295843365303
UP000201106	0.01704089446110096	0.014542805111054734	0.0315836995721557	0.0315836995721557	0.0315836995721557	0.037008987398937244	0.0315836995721557	0.037008987398937244	0.037008987398937244	0.0315836995721557	0.07401797479787449	0.05697708033677353	0.05390745052877794	0.05390745052877794	0.05390745052877794	0.0631673991443114	0.0631673991443114	0.10017638654324865	0.08549115010093364	0.09475109871646709
UP000008920	0.017662859863404417	0.013602848976382776	0.031265708839787194	0.031265708839787194	0.031265708839787194	0.04059751267737857	0.031265708839787194	0.04059751267737857	0.04059751267737857	0.031265708839787194	0.08119502535475714	0.06353216549135274	0.04815785425194517	0.04815785425194517	0.04815785425194517	0.06253141767957439	0.06253141767957439	0.10312893035695295	0.07942356309173237	0.09379712651936158
UP000009253	0.018226096281200005	0.012478513844775533	0.030704610125975536	0.030704610125975536	0.030704610125975536	0.044847101777832375	0.030704610125975536	0.044847101777832375	0.044847101777832375	0.030704610125975536	0.08969420355566475	0.07146810727446476	0.04204388001073309	0.04204388001073309	0.04204388001073309	0.06140922025195107	0.06140922025195107	0.10625632202978345	0.07274849013670863	0.09211383037792661
UP000008286	0.018673934837317403	0.01109899062045095	0.029772925457768353	0.029772925457768353	0.029772925457768353	0.050092633549057394	0.029772925457768353	0.050092633549057394	0.050092633549057394	0.029772925457768353	0.10018526709811479	0.08151133226079738	0.03539151478014121	0.03539151478014121	0.03539151478014121	0.059545850915536706	0.059545850915536706	0.10963848446459411	0.06516444023790956	0.08931877637330506
UP000007908	0.01653245820080418	0.015176051206754075	0.031708509407558254	0.031708509407558254	0.031708509407558254	0.03454255650883411	0.031708509407558254	0.03454255650883411	0.03454255650883411	0.031708509407558254	0.06908511301766822	0.052552654816864046	0.05821396390229981	0.05821396390229981	0.05821396390229981	0.06341701881511651	0.06341701881511651	0.09795957532395061	0.08992247330985807	0.09512552822267475
UP000007670	0.016485337917986054	0.015230068414809905	0.03171540633279596	0.03171540633279596	0.03171540633279596	0.034329405250337605	0.03171540633279596	0.034329405250337605	0.034329405250337605	0.03171540633279596	0.06865881050067521	0.05217347258268917	0.05860089864763746	0.05860089864763746	0.05860089864763746	0.06343081266559192	0.06343081266559192	0.09776021791592952	0.09031630498043343	0.09514621899838788
UP000002501	0.018562795198650797	0.011526963139814099	0.030089758338464896	0.030089758338464896	0.030089758338464896	0.048455956251355466	0.030089758338464896	0.048455956251355466	0.048455956251355466	0.030089758338464896	0.09691191250271093	0.07834911730406013	0.03736975294309215	0.03736975294309215	0.03736975294309215	0.06017951667692979	0.06017951667692979	0.10863547292828528	0.06745951128155706	0.0902692750153947
UP000008167	0.013971228225262979	0.017347184515138944	0.031318412740401924	0.031318412740401924	0.031318412740401924	0.025223499044890074	0.031318412740401924	0.025223499044890074	0.025223499044890074	0.031318412740401924	0.05044699808978015	0.03647576986451717	0.07777215800492791	0.07777215800492791	0.07777215800492791	0.06263682548080385	0.06263682548080385	0.08786032452569392	0.10909057074532982	0.09395523822120577
UP000110594	0.006213152169443074	0.01786652848725018	0.024079680656693254	0.024079680656693254	0.024079680656693254	0.008373799096919949	0.024079680656693254	0.008373799096919949	0.008373799096919949	0.024079680656693254	0.016747598193839898	0.010534446024396824	0.13848696722174786	0.13848696722174786	0.13848696722174786	0.04815936131338651	0.04815936131338651	0.05653316041030646	0.1625666478784411	0.07223904197007977
UP000008447	0.017330989153039475	0.014131936733304111	0.031462925886343585	0.031462925886343585	0.031462925886343585	0.038585201557976095	0.031462925886343585	0.038585201557976095	0.038585201557976095	0.031462925886343585	0.07717040311595219	0.05983941396291273	0.0513106406269333	0.0513106406269333	0.0513106406269333	0.06292585177268717	0.06292585177268717	0.10151105333066328	0.0827735665132769	0.09438877765903075
UP000002325	0.01714557621342564	0.01439930989030292	0.03154488610372857	0.03154488610372857	0.03154488610372857	0.03756119237350002	0.03154488610372857	0.03756119237350002	0.03756119237350002	0.03154488610372857	0.07512238474700005	0.057976808533574405	0.05298446489144211	0.05298446489144211	0.05298446489144211	0.06308977220745714	0.06308977220745714	0.10065096458095714	0.08452935099517067	0.09463465831118568
UP000006541	0.01614613225718914	0.015599001724910262	0.031745133982099404	0.031745133982099404	0.031745133982099404	0.03285858549388133	0.031745133982099404	0.03285858549388133	0.03285858549388133	0.031745133982099404	0.06571717098776265	0.049571038730573516	0.06133882614813703	0.06133882614813703	0.06133882614813703	0.06349026796419881	0.06349026796419881	0.09634885345808014	0.09308396013023644	0.0952354019462982
UP000138352	0.018084557217100616	0.012798494849547228	0.030883052066647848	0.030883052066647848	0.030883052066647848	0.04363843785566306	0.030883052066647848	0.04363843785566306	0.04363843785566306	0.030883052066647848	0.08727687571132613	0.0691923184942255	0.04371205532635764	0.04371205532635764	0.04371205532635764	0.061766104133295696	0.061766104133295696	0.10540454198895877	0.07459510739300548	0.09264915619994353
UP000006711	0.012443545902759742	0.018107780201348	0.030551326104107743	0.030551326104107743	0.030551326104107743	0.02099466773615608	0.030551326104107743	0.02099466773615608	0.02099466773615608	0.030551326104107743	0.04198933547231216	0.029545789569552415	0.08891624658694681	0.08891624658694681	0.08891624658694681	0.06110265220821549	0.06110265220821549	0.08209731994437156	0.11946757269105457	0.09165397831232323
UP000008622	0.018831133267684663	0.010153968805988577	0.02898510207367324	0.02898510207367324	0.02898510207367324	0.053754579155775084	0.02898510207367324	0.053754579155775084	0.053754579155775084	0.02898510207367324	0.10750915831155017	0.0886780250438655	0.03125821671067803	0.03125821671067803	0.03125821671067803	0.05797020414734648	0.05797020414734648	0.11172478330312158	0.06024331878435127	0.08695530622101971
UP000001189	0.01371522573981672	0.017498082438300314	0.031213308178117034	0.031213308178117034	0.031213308178117034	0.024465398952076594	0.031213308178117034	0.024465398952076594	0.024465398952076594	0.031213308178117034	0.04893079790415319	0.03521557216433647	0.07964477581833283	0.07964477581833283	0.07964477581833283	0.06242661635623407	0.06242661635623407	0.08689201530831067	0.11085808399644986	0.0936399245343511
UP000516359	0.018866447474735364	0.009577415510943882	0.028443862985679243	0.028443862985679243	0.028443862985679243	0.05603125878632784	0.028443862985679243	0.05603125878632784	0.05603125878632784	0.028443862985679243	0.11206251757265567	0.0931960700979203	0.028878642353311206	0.028878642353311206	0.028878642353311206	0.05688772597135849	0.05688772597135849	0.11291898475768633	0.057322505338990457	0.08533158895703774
UP000002477	0.016821877236159296	0.014827649881301565	0.03164952711746086	0.03164952711746086	0.03164952711746086	0.03590619309293314	0.03164952711746086	0.03590619309293314	0.03590619309293314	0.03164952711746086	0.07181238618586629	0.05499050894970697	0.055794974653330096	0.055794974653330096	0.055794974653330096	0.06329905423492171	0.06329905423492171	0.09920524732785485	0.08744450177079097	0.09494858135238259
UP000009104	0.018035813288946552	0.012901644464289905	0.03093745775323646	0.03093745775323646	0.03093745775323646	0.043248921733695864	0.03093745775323646	0.043248921733695864	0.043248921733695864	0.03093745775323646	0.08649784346739173	0.06846203017844517	0.04426127884189906	0.04426127884189906	0.04426127884189906	0.06187491550647292	0.06187491550647292	0.10512383724016879	0.07519873659513551	0.09281237325970937
UP000007218	0.01808579752282655	0.01279582717792374	0.030881624700750288	0.030881624700750288	0.030881624700750288	0.04364851163958237	0.030881624700750288	0.04364851163958237	0.04364851163958237	0.030881624700750288	0.08729702327916473	0.06921122575633819	0.043697927298540766	0.043697927298540766	0.043697927298540766	0.061763249401500575	0.061763249401500575	0.10541176104108295	0.07457955199929106	0.09264487410225086
UP000000518	0.01261222224894794	0.018039751995671097	0.03065197424461904	0.03065197424461904	0.03065197424461904	0.021429868416978866	0.03065197424461904	0.021429868416978866	0.021429868416978866	0.03065197424461904	0.04285973683395773	0.03024751458500979	0.08768542174980314	0.08768542174980314	0.08768542174980314	0.06130394848923808	0.06130394848923808	0.08273381690621694	0.11833739599442217	0.09195592273385711
UP000008774	0.01224654619216401	0.018182421791473898	0.03042896798363791	0.03042896798363791	0.03042896798363791	0.020495056503762567	0.03042896798363791	0.020495056503762567	0.020495056503762567	0.03042896798363791	0.040990113007525135	0.028743566815361127	0.09035565160596422	0.09035565160596422	0.09035565160596422	0.06085793596727582	0.06085793596727582	0.08135299247103839	0.12078461958960214	0.09128690395091373
UP000001833	0.018203796022641	0.012531182287489862	0.03073497831013086	0.03073497831013086	0.03073497831013086	0.04464808372283208	0.03073497831013086	0.04464808372283208	0.04464808372283208	0.03073497831013086	0.08929616744566415	0.07109237142302316	0.04231486831947265	0.04231486831947265	0.04231486831947265	0.06146995662026172	0.06146995662026172	0.10611804034309381	0.07304984662960351	0.09220493493039258
UP000002138	0.013803611348073027	0.017447105814114062	0.031250717162187094	0.031250717162187094	0.031250717162187094	0.02472460238685671	0.031250717162187094	0.02472460238685671	0.02472460238685671	0.031250717162187094	0.04944920477371342	0.035645593425640394	0.07899882941455648	0.07899882941455648	0.07899882941455648	0.06250143432437419	0.06250143432437419	0.0872260367112309	0.11024954657674357	0.09375215148656127
UP000008478	0.01832713319157082	0.012227263175086515	0.030554396366657337	0.030554396366657337	0.030554396366657337	0.045797206110746405	0.030554396366657337	0.045797206110746405	0.045797206110746405	0.030554396366657337	0.09159441222149281	0.07326727902992199	0.040769785609770584	0.040769785609770584	0.040769785609770584	0.061108792733314675	0.061108792733314675	0.10690599884406107	0.07132418197642793	0.09166318909997202
UP000158064	0.018243198634269688	0.012437483725720996	0.030680682359990687	0.030680682359990687	0.030680682359990687	0.04500217205275562	0.030680682359990687	0.04500217205275562	0.04500217205275562	0.030680682359990687	0.09000434410551124	0.07176114547124154	0.04183372611309345	0.04183372611309345	0.04183372611309345	0.061361364719981375	0.061361364719981375	0.10636353677273698	0.07251440847308413	0.09204204707997206
UP000001065	0.018864595879822803	0.009219474812989625	0.028084070692812428	0.028084070692812428	0.028084070692812428	0.057464731454533215	0.028084070692812428	0.057464731454533215	0.057464731454533215	0.028084070692812428	0.11492946290906643	0.09606486702924363	0.02745040328963955	0.02745040328963955	0.02745040328963955	0.056168141385624856	0.056168141385624856	0.11363287284015808	0.055534473982451975	0.08425221207843728
UP000002473	0.017283171686701196	0.014202613654097092	0.03148578534079829	0.03148578534079829	0.03148578534079829	0.03831507685760756	0.03148578534079829	0.03831507685760756	0.03831507685760756	0.03148578534079829	0.07663015371521512	0.05934698202851391	0.051747497843267015	0.051747497843267015	0.051747497843267015	0.06297157068159658	0.06297157068159658	0.10128664753920413	0.0832332831840653	0.09445735602239487
UP000001594	0.014340438415986877	0.017111625479920865	0.031452063895907746	0.031452063895907746	0.031452063895907746	0.026358476924603375	0.031452063895907746	0.026358476924603375	0.026358476924603375	0.031452063895907746	0.05271695384920675	0.03837651543321988	0.07505990017115897	0.07505990017115897	0.07505990017115897	0.06290412779181549	0.06290412779181549	0.08926260471641886	0.10651196406706673	0.09435619168772323
UP000000868	0.01832812287911158	0.01222468898669451	0.03055281186580609	0.03055281186580609	0.03055281186580609	0.045806947791339016	0.03055281186580609	0.045806947791339016	0.045806947791339016	0.03055281186580609	0.09161389558267803	0.07328577270356645	0.04075688767387548	0.04075688767387548	0.04075688767387548	0.06110562373161218	0.06110562373161218	0.10691257152295121	0.07130969953968157	0.09165843559741826
UP000009165	0.018073560029045626	0.012822052357556074	0.030895612386601694	0.030895612386601694	0.030895612386601694	0.04354947940719556	0.030895612386601694	0.04354947940719556	0.04354947940719556	0.030895612386601694	0.08709895881439111	0.06902539878534548	0.04383698164646352	0.04383698164646352	0.04383698164646352	0.06179122477320339	0.06179122477320339	0.10534070418039895	0.0747325940330652	0.09268683715980511
UP000002243	0.018505129708463797	0.011718091928802655	0.030223221637266453	0.030223221637266453	0.030223221637266453	0.047728302525990904	0.030223221637266453	0.047728302525990904	0.047728302525990904	0.030223221637266453	0.09545660505198181	0.07695147534351801	0.03827679082606832	0.03827679082606832	0.03827679082606832	0.060446443274532906	0.060446443274532906	0.10817474580052382	0.06850001246333479	0.09066966491179934
UP000242267	0.018762052136656295	0.010660404673670593	0.029422456810326892	0.029422456810326892	0.029422456810326892	0.05178280614686999	0.029422456810326892	0.05178280614686999	0.05178280614686999	0.029422456810326892	0.10356561229373998	0.08480356015708368	0.03343507349911655	0.03343507349911655	0.03343507349911655	0.058844913620653784	0.058844913620653784	0.11062771976752378	0.06285753030944344	0.08826737043098067
UP000158680	0.011209837696053711	0.01849124174041316	0.02970107943646687	0.02970107943646687	0.02970107943646687	0.01800551226112265	0.02970107943646687	0.01800551226112265	0.01800551226112265	0.02970107943646687	0.0360110245222453	0.024801186826191583	0.09798711715590064	0.09798711715590064	0.09798711715590064	0.05940215887293374	0.05940215887293374	0.07740767113405639	0.12768819659236752	0.08910323830940062
UP000153037	0.01289375710772774	0.017917641363254248	0.030811398470981986	0.030811398470981986	0.030811398470981986	0.022172264751821196	0.030811398470981986	0.022172264751821196	0.022172264751821196	0.030811398470981986	0.04434452950364239	0.03145077239591465	0.0856333158893616	0.0856333158893616	0.0856333158893616	0.06162279694196397	0.06162279694196397	0.08379506169378516	0.11644471436034359	0.09243419541294595
UP000000373	0.017964897601871203	0.01304622064201058	0.031011118243881784	0.031011118243881784	0.031011118243881784	0.04270290830256864	0.031011118243881784	0.04270290830256864	0.04270290830256864	0.031011118243881784	0.08540581660513728	0.06744091900326608	0.045040934819803376	0.045040934819803376	0.045040934819803376	0.06202223648776357	0.06202223648776357	0.10472514479033221	0.07605205306368515	0.09303335473164534
UP000000522	0.01769518190517871	0.01354718908493261	0.031242370990111325	0.031242370990111325	0.031242370990111325	0.04080842412054133	0.031242370990111325	0.04080842412054133	0.04080842412054133	0.031242370990111325	0.08161684824108266	0.06392166633590393	0.04783746327476669	0.04783746327476669	0.04783746327476669	0.06248474198022265	0.06248474198022265	0.10329316610076399	0.07907983426487801	0.09372711297033395
UP000007081	0.017967816638192125	0.013040389927458198	0.031008206565650325	0.031008206565650325	0.031008206565650325	0.04272493176585468	0.031008206565650325	0.04272493176585468	0.04272493176585468	0.031008206565650325	0.08544986353170936	0.06748204689351724	0.04500926436523734	0.04500926436523734	0.04500926436523734	0.06201641313130065	0.06201641313130065	0.10474134489715532	0.07601747093088765	0.09302461969695096
UP000002246	0.018866470472995972	0.009576292614176283	0.02844276308717225	0.02844276308717225	0.02844276308717225	0.05603573027417486	0.02844276308717225	0.05603573027417486	0.05603573027417486	0.02844276308717225	0.11207146054834972	0.09320499007535375	0.028874104721210256	0.028874104721210256	0.028874104721210256	0.0568855261743445	0.0568855261743445	0.11292125644851937	0.05731686780838251	0.08532828926151677
UP000006723	0.015754807366636203	0.015985848519225174	0.03174065588586138	0.03174065588586138	0.03174065588586138	0.03128191278498813	0.03174065588586138	0.03128191278498813	0.03128191278498813	0.03174065588586138	0.06256382556997626	0.04680901820334006	0.0644122527282373	0.0644122527282373	0.0644122527282373	0.06348131177172275	0.06348131177172275	0.09476322455671088	0.09615290861409866	0.09522196765758413
UP000000469	0.01830538527103695	0.012283238268952895	0.030588623539989847	0.030588623539989847	0.030588623539989847	0.04558541701706784	0.030588623539989847	0.04558541701706784	0.04558541701706784	0.030588623539989847	0.09117083403413569	0.07286544876309872	0.041051018123664185	0.041051018123664185	0.041051018123664185	0.061177247079979694	0.061177247079979694	0.10676266409704752	0.07163964166365404	0.09176587061996952
UP000000869	0.011425159820560122	0.018438626916961107	0.029863786737521228	0.029863786737521228	0.029863786737521228	0.018504552310749673	0.029863786737521228	0.018504552310749673	0.018504552310749673	0.029863786737521228	0.037009104621499346	0.025583944800939222	0.09639203838355576	0.09639203838355576	0.09639203838355576	0.059727573475042456	0.059727573475042456	0.07823212578579213	0.126255825121077	0.08959136021256368
