Proteome_ID	M	W	C	D	E	F	H	K	N	Q	Y	I	A	G	P	T	V	L	R	S
UP000002036	0.01684688915938734	0.015988312557266075	0.03283520171665341	0.03283520171665341	0.03283520171665341	0.03459846071092662	0.03283520171665341	0.03459846071092662	0.03459846071092662	0.03283520171665341	0.03459846071092662	0.05235003226246589	0.06232360917911161	0.06232360917911161	0.06232360917911161	0.06567040343330682	0.06567040343330682	0.08428055158696737	0.09515881089576503	0.1144939177072263
UP000001300	0.015007852315965695	0.017406096693020484	0.03241394900898618	0.03241394900898618	0.03241394900898618	0.027947894825792272	0.03241394900898618	0.027947894825792272	0.027947894825792272	0.03241394900898618	0.027947894825792272	0.04088793733561885	0.07518735109791022	0.07518735109791022	0.07518735109791022	0.06482789801797235	0.06482789801797235	0.07536969615074415	0.1076013001068964	0.11464794371997902
UP000000267	0.019959741477910832	0.010366931234062238	0.03032667271197307	0.03032667271197307	0.03032667271197307	0.05838878772797707	0.03032667271197307	0.05838878772797707	0.05838878772797707	0.03032667271197307	0.05838878772797707	0.09681783397804332	0.031502865997625536	0.031502865997625536	0.031502865997625536	0.06065334542394614	0.06065334542394614	0.10867520191786097	0.06182953870959861	0.10134694936998144
UP000000314	0.018772763995564747	0.013617402152891039	0.03239016614845579	0.03239016614845579	0.03239016614845579	0.04465263917853805	0.03239016614845579	0.04465263917853805	0.04465263917853805	0.03239016614845579	0.04465263917853805	0.07053251436151137	0.04699040784262641	0.04699040784262641	0.04699040784262641	0.06478033229691157	0.06478033229691157	0.0958155693225586	0.0793805739910822	0.1107879005982584
UP000007796	0.01197570593166228	0.01870973898144515	0.030685444913107433	0.030685444913107433	0.030685444913107433	0.019641100553355363	0.030685444913107433	0.019641100553355363	0.019641100553355363	0.030685444913107433	0.019641100553355363	0.027306495175048448	0.095880220862114	0.095880220862114	0.095880220862114	0.061370889826214865	0.061370889826214865	0.062302251398125064	0.1265656657752214	0.11076607372076745
UP000029964	0.011729517330361854	0.018767227728578972	0.030496745058940823	0.030496745058940823	0.030496745058940823	0.019060465661838014	0.030496745058940823	0.019060465661838014	0.019060465661838014	0.030496745058940823	0.019060465661838014	0.02639141399331417	0.09758958418861065	0.09758958418861065	0.09758958418861065	0.060993490117881646	0.060993490117881646	0.0612867280511407	0.12808632924755145	0.11025746290540146
UP000002037	0.02000820986039576	0.009891182890413927	0.02989939275080969	0.02989939275080969	0.02989939275080969	0.060481474408523556	0.02989939275080969	0.060481474408523556	0.060481474408523556	0.02989939275080969	0.060481474408523556	0.10095473895665134	0.029561901246943963	0.029561901246943963	0.029561901246943963	0.05979878550161938	0.05979878550161938	0.110389077019729	0.05946129399775365	0.099589361142843
UP000009058	0.013328457158246947	0.01826717214644751	0.03159562930469446	0.03159562930469446	0.03159562930469446	0.023053430941546636	0.03159562930469446	0.023053430941546636	0.023053430941546636	0.03159562930469446	0.023053430941546636	0.032778404724846326	0.08660609292307732	0.08660609292307732	0.08660609292307732	0.06319125860938891	0.06319125860938891	0.06797751740448803	0.11820172222777177	0.11305406006053087
UP000054166	0.017242969278897808	0.01559776854036077	0.03284073781925858	0.03284073781925858	0.03284073781925858	0.036304669597354816	0.03284073781925858	0.036304669597354816	0.036304669597354816	0.03284073781925858	0.036304669597354816	0.05536636991581183	0.05941461924731919	0.05941461924731919	0.05941461924731919	0.06568147563851716	0.06568147563851716	0.08638837669551121	0.09225535706657777	0.1141199819981365
UP000016922	0.01741596419589273	0.015415022972721865	0.0328309871686146	0.0328309871686146	0.0328309871686146	0.037092601033175396	0.0328309871686146	0.037092601033175396	0.037092601033175396	0.0328309871686146	0.037092601033175396	0.05676923787045806	0.058117990566457854	0.058117990566457854	0.058117990566457854	0.0656619743372292	0.0656619743372292	0.08733955239768272	0.09094897773507245	0.11390798447856566
UP000009082	0.019944416815220516	0.008418888883894828	0.028363305699115344	0.028363305699115344	0.028363305699115344	0.06719290382877356	0.028363305699115344	0.06719290382877356	0.06719290382877356	0.028363305699115344	0.06719290382877356	0.11444139084232662	0.023945299706989987	0.023945299706989987	0.023945299706989987	0.05672661139823069	0.05672661139823069	0.11550062634310941	0.05230860540610533	0.09350880598124085
UP000005206	0.014126690068397027	0.017903052297692162	0.03202974236608919	0.03202974236608919	0.03202974236608919	0.025273581054928544	0.03202974236608919	0.025273581054928544	0.025273581054928544	0.03202974236608919	0.025273581054928544	0.03642047204146007	0.08118393620661755	0.08118393620661755	0.08118393620661755	0.06405948473217837	0.06405948473217837	0.07143001348941476	0.11321367857270674	0.11399227939595973
UP000016927	0.01987617686374198	0.010856780038687007	0.030732956902428988	0.030732956902428988	0.030732956902428988	0.056264719812110474	0.030732956902428988	0.056264719812110474	0.056264719812110474	0.030732956902428988	0.056264719812110474	0.09265326276047897	0.03357395693502624	0.03357395693502624	0.03357395693502624	0.061465913804857976	0.061465913804857976	0.10687385357828144	0.06430691383745522	0.10305565074597396
UP000249829	0.011042934784962473	0.018890018824866378	0.02993295360982885	0.02993295360982885	0.02993295360982885	0.0174985349511416	0.02993295360982885	0.0174985349511416	0.0174985349511416	0.02993295360982885	0.0174985349511416	0.023954135117320724	0.10240648309242739	0.10240648309242739	0.10240648309242739	0.0598659072196577	0.0598659072196577	0.058474423345932926	0.13233943670225626	0.10868887965435294
UP000000559	0.01981864433957453	0.011114659267913107	0.03093330360748764	0.03093330360748764	0.03093330360748764	0.055157439168171896	0.03093330360748764	0.055157439168171896	0.055157439168171896	0.03093330360748764	0.055157439168171896	0.09049623399676925	0.03469592811064226	0.03469592811064226	0.03469592811064226	0.06186660721497528	0.06186660721497528	0.10590938711523404	0.0656292317181299	0.10391457009037601
UP000005221	0.019039763214599728	0.013144860321759195	0.03218462353635892	0.03218462353635892	0.03218462353635892	0.04661803901171442	0.03218462353635892	0.04661803901171442	0.04661803901171442	0.03218462353635892	0.04661803901171442	0.07419631480882911	0.04443987838771403	0.04443987838771403	0.04443987838771403	0.06436924707271784	0.06436924707271784	0.09784242576267306	0.07662450192407294	0.10969873093083596
UP000001312	0.01758216535013682	0.015231718663856053	0.03281388401399287	0.03281388401399287	0.03281388401399287	0.03787748101488216	0.03281388401399287	0.03787748101488216	0.03787748101488216	0.03281388401399287	0.03787748101488216	0.05817279667962751	0.056854413505518946	0.056854413505518946	0.056854413505518946	0.06562776802798574	0.06562776802798574	0.08827353037901187	0.08966829751951183	0.11367337070583469
UP000193067	0.009055585540233056	0.018922119039292952	0.02797770457952601	0.02797770457952601	0.02797770457952601	0.01338933004877316	0.02797770457952601	0.01338933004877316	0.01338933004877316	0.02797770457952601	0.01338933004877316	0.017723074557313267	0.11692175048160122	0.11692175048160122	0.11692175048160122	0.05595540915905202	0.05595540915905202	0.050422620168532224	0.14489945506112722	0.10285523277787097
UP000007963	0.013577708000932635	0.01816189871062711	0.031739606711559745	0.031739606711559745	0.031739606711559745	0.023728307202915775	0.031739606711559745	0.023728307202915775	0.023728307202915775	0.031739606711559745	0.023728307202915775	0.03387890640489891	0.08491146254889156	0.08491146254889156	0.08491146254889156	0.06347921342311949	0.06347921342311949	0.06904562191540815	0.11665106926045131	0.11338071884530634
UP000002038	0.01557160919588297	0.01703106580883081	0.03260267500471378	0.03260267500471378	0.03260267500471378	0.029808828150411398	0.03260267500471378	0.029808828150411398	0.029808828150411398	0.03260267500471378	0.029808828150411398	0.04404604710493983	0.07131675301689569	0.07131675301689569	0.07131675301689569	0.06520535000942757	0.06520535000942757	0.07798311235100815	0.10391942802160947	0.11483909082297215
UP000005222	0.01803026624916169	0.014694354680110513	0.032724620929272204	0.032724620929272204	0.032724620929272204	0.040153762523256954	0.032724620929272204	0.040153762523256954	0.040153762523256954	0.032724620929272204	0.040153762523256954	0.06227725879735221	0.05333999842950197	0.05333999842950197	0.05333999842950197	0.06544924185854441	0.06544924185854441	0.09090864970169085	0.08606461935877416	0.11286821746792713
UP000000560	0.014858942833632862	0.017497463028960894	0.03235640586259376	0.03235640586259376	0.03235640586259376	0.027477239655734002	0.03235640586259376	0.027477239655734002	0.027477239655734002	0.03235640586259376	0.027477239655734002	0.04009553647783514	0.0762039428604987	0.0762039428604987	0.0762039428604987	0.06471281172518752	0.06471281172518752	0.07469258835196063	0.10856034872309246	0.11456668061674216
UP000016930	0.014160311355995575	0.017885968411899048	0.03204627976789462	0.03204627976789462	0.03204627976789462	0.02537102206961511	0.03204627976789462	0.02537102206961511	0.02537102206961511	0.03204627976789462	0.02537102206961511	0.03658173278323465	0.08095567014559393	0.08095567014559393	0.08095567014559393	0.06409255953578924	0.06409255953578924	0.07157761319350531	0.11300194991348857	0.11402480771558292
UP000002058	0.015615453355348974	0.016999883908599803	0.03261533726394878	0.03261533726394878	0.03261533726394878	0.02995922092482784	0.03261533726394878	0.02995922092482784	0.02995922092482784	0.03261533726394878	0.02995922092482784	0.044302988494306715	0.07101387766459341	0.07101387766459341	0.07101387766459341	0.06523067452789756	0.06523067452789756	0.07819001154412558	0.1036292149285422	0.11484589570044615
UP000030143	0.015350285499817781	0.0171839409201722	0.03253422641998998	0.03253422641998998	0.03253422641998998	0.029062580369809375	0.03253422641998998	0.029062580369809375	0.029062580369809375	0.03253422641998998	0.029062580369809375	0.042774875239800975	0.07284115004782811	0.07284115004782811	0.07284115004782811	0.06506845283997996	0.06506845283997996	0.07694709228961716	0.1053753764678181	0.11478662018014216
UP000005426	0.013058189388396322	0.018372866077799917	0.03143105546619624	0.03143105546619624	0.03143105546619624	0.02233906638282794	0.03143105546619624	0.02233906638282794	0.02233906638282794	0.03143105546619624	0.02233906638282794	0.031619943377259555	0.08844695931236524	0.08844695931236524	0.08844695931236524	0.06286211093239248	0.06286211093239248	0.0668283112374205	0.11987801477856148	0.11266603247638864
UP000016932	0.014813235790845203	0.017524887297204878	0.032338123088050084	0.032338123088050084	0.032338123088050084	0.027334397888713616	0.032338123088050084	0.027334397888713616	0.027334397888713616	0.032338123088050084	0.027334397888713616	0.03985555998658203	0.07651562029026218	0.07651562029026218	0.07651562029026218	0.06467624617610017	0.06467624617610017	0.07448575676760891	0.10885374337831225	0.11453925656135512
UP000009096	0.015965083708756343	0.016740164159964887	0.03270524786872123	0.03270524786872123	0.03270524786872123	0.031190973693585016	0.03270524786872123	0.031190973693585016	0.031190973693585016	0.03270524786872123	0.031190973693585016	0.04641686367841368	0.06858607548853043	0.06858607548853043	0.06858607548853043	0.06541049573744245	0.06541049573744245	0.0798613052710626	0.10129132335725166	0.11485590776612857
UP000000561	0.014623887209180697	0.017635447148414883	0.032259334357595586	0.032259334357595586	0.032259334357595586	0.026750490822180718	0.032259334357595586	0.026750490822180718	0.026750490822180718	0.032259334357595586	0.026750490822180718	0.03887709443518074	0.0778052754330966	0.0778052754330966	0.0778052754330966	0.06451866871519117	0.06451866871519117	0.073633712388957	0.11006460979069217	0.11441345022120163
UP000094112	0.02000945491142186	0.008999422205349031	0.029008877116770894	0.029008877116770894	0.029008877116770894	0.06449878730592265	0.029008877116770894	0.06449878730592265	0.06449878730592265	0.029008877116770894	0.06449878730592265	0.10898811970042346	0.026093977475407232	0.026093977475407232	0.026093977475407232	0.05801775423354179	0.05801775423354179	0.1135171193341154	0.05510285459217812	0.09602605355566171
UP000002059	0.015874863504131	0.01680910617013404	0.03268396967426504	0.03268396967426504	0.03268396967426504	0.030867409135293535	0.03268396967426504	0.030867409135293535	0.030867409135293535	0.03268396967426504	0.030867409135293535	0.045859954766456074	0.06921487119220888	0.06921487119220888	0.06921487119220888	0.06536793934853008	0.06536793934853008	0.07942624231368958	0.10189884086647392	0.11486101519292917
UP000094389	0.018401822352896113	0.014190650229213845	0.032592472582109955	0.032592472582109955	0.032592472582109955	0.042264510844113104	0.032592472582109955	0.042264510844113104	0.042264510844113104	0.032592472582109955	0.042264510844113104	0.0661271993353301	0.05026767128258623	0.05026767128258623	0.05026767128258623	0.06518494516421991	0.06518494516421991	0.09325880577911917	0.0828601438646962	0.11196806797554372
UP000000591	0.014703586597373149	0.01758950571305259	0.03229309231042574	0.03229309231042574	0.03229309231042574	0.026994748290792413	0.03229309231042574	0.026994748290792413	0.026994748290792413	0.03229309231042574	0.026994748290792413	0.03928590998421168	0.07726271789875364	0.07726271789875364	0.07726271789875364	0.06458618462085149	0.06458618462085149	0.0739914271985913	0.10955581020917937	0.11446878264432982
UP000002149	0.01594457385262778	0.01675595714850115	0.03270053100112893	0.03270053100112893	0.03270053100112893	0.03111705448675513	0.03270053100112893	0.03111705448675513	0.03111705448675513	0.03270053100112893	0.03111705448675513	0.04628953512088249	0.0687291741068197	0.0687291741068197	0.0687291741068197	0.06540106200225786	0.06540106200225786	0.07976215934051184	0.10142970510794863	0.11485755015188794
UP000007978	0.016042064220658382	0.016680247848143936	0.03272231206880232	0.03272231206880232	0.03272231206880232	0.03147036161783187	0.03272231206880232	0.03147036161783187	0.03147036161783187	0.03272231206880232	0.03147036161783187	0.04689865901500536	0.06804813494874956	0.06804813494874956	0.06804813494874956	0.06544462413760464	0.06544462413760464	0.08023473790729256	0.10077044701755189	0.1148471840545509
UP000002258	0.018458680092426356	0.014107901639422278	0.032566581731848634	0.032566581731848634	0.032566581731848634	0.04260988836300584	0.032566581731848634	0.04260988836300584	0.04260988836300584	0.032566581731848634	0.04260988836300584	0.06676109663358532	0.04978103846045187	0.04978103846045187	0.04978103846045187	0.06513316346369727	0.06513316346369727	0.09363515018728083	0.0823476201923005	0.11180764683496819
UP000000598	0.01912056685183989	0.012988786764861546	0.03210935361670143	0.03210935361670143	0.03210935361670143	0.047267620410739036	0.03210935361670143	0.047267620410739036	0.047267620410739036	0.03210935361670143	0.047267620410739036	0.07541467396963818	0.0436243915273609	0.0436243915273609	0.0436243915273609	0.06421870723340287	0.06421870723340287	0.09849754087928037	0.07573374514406232	0.10931684761496585
UP000030651	0.015238671807876737	0.017258232901431386	0.03249690470930812	0.03249690470930812	0.03249690470930812	0.028694111874913802	0.03249690470930812	0.028694111874913802	0.028694111874913802	0.03249690470930812	0.028694111874913802	0.04214955194195087	0.07360735333363755	0.07360735333363755	0.07360735333363755	0.06499380941861624	0.06499380941861624	0.07642968839209865	0.10610425804294567	0.11474894702935576
UP000016933	0.014336706847791598	0.017793955519243034	0.03213066236703463	0.03213066236703463	0.03213066236703463	0.02588788573082493	0.03213066236703463	0.02588788573082493	0.02588788573082493	0.03213066236703463	0.02588788573082493	0.03743906461385826	0.07975772721486578	0.07975772721486578	0.07975772721486578	0.06426132473406926	0.06426132473406926	0.07235525494565116	0.11188838958190041	0.11418594262034691
UP000001471	0.014778850661304334	0.017545328425633992	0.032324179086938326	0.032324179086938326	0.032324179086938326	0.02722743079446552	0.032324179086938326	0.02722743079446552	0.02722743079446552	0.032324179086938326	0.02722743079446552	0.03967601092762671	0.07674999242725808	0.07674999242725808	0.07674999242725808	0.06464835817387665	0.06464835817387665	0.07433046054270818	0.1090741715141964	0.11451786568644898
UP000000599	0.019596676031358347	0.01187025107923209	0.03146692711059044	0.03146692711059044	0.03146692711059044	0.05194895812839873	0.03146692711059044	0.05194895812839873	0.05194895812839873	0.03146692711059044	0.05194895812839873	0.08430124022543913	0.03812078384078006	0.03812078384078006	0.03812078384078006	0.06293385422118088	0.06293385422118088	0.10301256127034752	0.0695877109513705	0.1062710324110034
UP000008062	0.014346366033356133	0.017788800637882882	0.032135166671239015	0.032135166671239015	0.032135166671239015	0.02591646693856982	0.032135166671239015	0.02591646693856982	0.02591646693856982	0.032135166671239015	0.02591646693856982	0.03748656784378351	0.07969210768088575	0.07969210768088575	0.07969210768088575	0.06427033334247803	0.06427033334247803	0.07239799964316497	0.11182727435212476	0.11419430065159994
UP000054270	0.017122415906418643	0.015720580686010097	0.03284299659242874	0.03284299659242874	0.03284299659242874	0.03577167144780456	0.03284299659242874	0.03577167144780456	0.03577167144780456	0.03284299659242874	0.03577167144780456	0.05442092698919049	0.06030819257323171	0.06030819257323171	0.06030819257323171	0.06568599318485747	0.06568599318485747	0.08573708394665194	0.09315118916566044	0.11424957046329631
UP000094569	0.015518603639287953	0.017068362821183635	0.032586966460471586	0.032586966460471586	0.032586966460471586	0.029628161857398336	0.032586966460471586	0.029628161857398336	0.029628161857398336	0.032586966460471586	0.029628161857398336	0.043737720075508725	0.07168250181748853	0.07168250181748853	0.07168250181748853	0.06517393292094317	0.06517393292094317	0.07773373195715787	0.10426946827796012	0.1148292622025984
UP000016934	0.014540204520943479	0.017682764852889332	0.03222296937383281	0.03222296937383281	0.03222296937383281	0.026496340864424855	0.03222296937383281	0.026496340864424855	0.026496340864424855	0.03222296937383281	0.026496340864424855	0.03845247720790623	0.0783745771221611	0.0783745771221611	0.0783745771221611	0.06444593874766562	0.06444593874766562	0.07325951475920114	0.11059754649599392	0.11435167297438777
UP000008066	0.013489959017977544	0.018199820451033317	0.031689779469010866	0.031689779469010866	0.031689779469010866	0.02348890350187115	0.031689779469010866	0.02348890350187115	0.02348890350187115	0.031689779469010866	0.02348890350187115	0.033487847985764756	0.08550779075017642	0.08550779075017642	0.08550779075017642	0.06337955893802173	0.06337955893802173	0.06866864198885957	0.11719757021918728	0.1132691588580659
UP000009097	0.015563715521086995	0.01703664782691004	0.032600363347997034	0.032600363347997034	0.032600363347997034	0.02978184359900112	0.032600363347997034	0.02978184359900112	0.02978184359900112	0.032600363347997034	0.02978184359900112	0.043999971676915245	0.07137124919003161	0.07137124919003161	0.07137124919003161	0.06520072669599407	0.06520072669599407	0.07794592246808514	0.10397161253802865	0.11483773787090114
UP000006564	0.015262220361118198	0.017242712186858036	0.032504932547976234	0.032504932547976234	0.032504932547976234	0.02877142748741173	0.032504932547976234	0.02877142748741173	0.02877142748741173	0.032504932547976234	0.02877142748741173	0.042280634613705265	0.07344582679540408	0.07344582679540408	0.07344582679540408	0.06500986509595247	0.06500986509595247	0.07653858039650617	0.1059507593433803	0.11475750983078675
UP000095358	0.019629287200762083	0.01177426800630496	0.031403555207067044	0.031403555207067044	0.031403555207067044	0.052353947095005564	0.031403555207067044	0.052353947095005564	0.052353947095005564	0.031403555207067044	0.052353947095005564	0.08507860698924903	0.03767369355566266	0.03767369355566266	0.03767369355566266	0.06280711041413409	0.06280711041413409	0.10338678950283467	0.06907724876272969	0.10598493362750608
UP000001610	0.013452838918175334	0.01821558032378109	0.03166841924195642	0.03166841924195642	0.03166841924195642	0.023388227840267402	0.03166841924195642	0.023388227840267402	0.023388227840267402	0.03166841924195642	0.023388227840267402	0.033323616762359475	0.08576013404125017	0.08576013404125017	0.08576013404125017	0.06333683848391285	0.06333683848391285	0.06850948600039916	0.11742855328320659	0.11322083804965036
UP000002311	0.01917410897284347	0.012881338196975138	0.03205544716981861	0.03205544716981861	0.03205544716981861	0.04771512305698646	0.03205544716981861	0.04771512305698646	0.04771512305698646	0.03205544716981861	0.04771512305698646	0.07625613714112946	0.04307027321421013	0.04307027321421013	0.04307027321421013	0.06411089433963722	0.06411089433963722	0.09894467919964854	0.07512572038402875	0.10904767970643096
UP000030669	0.012002155404066905	0.01870314176100526	0.030705297165072164	0.030705297165072164	0.030705297165072164	0.019704162702311855	0.030705297165072164	0.019704162702311855	0.019704162702311855	0.030705297165072164	0.019704162702311855	0.0274061700005568	0.09569706546168233	0.09569706546168233	0.09569706546168233	0.06141059433014433	0.06141059433014433	0.06241161527145092	0.1264023626267545	0.11081903325622175
UP000001611	0.012527479673333753	0.018555193562306636	0.031082673235640387	0.031082673235640387	0.031082673235640387	0.0209853675654114	0.031082673235640387	0.0209853675654114	0.0209853675654114	0.031082673235640387	0.0209853675654114	0.029443255457489045	0.09207678373630196	0.09207678373630196	0.09207678373630196	0.062165346471280775	0.062165346471280775	0.06459552047438555	0.12315945697194235	0.1118032132692278
UP000016935	0.016332432302325794	0.01644485830691001	0.0327772906092358	0.0327772906092358	0.0327772906092358	0.03255320720544364	0.0327772906092358	0.03255320720544364	0.03255320720544364	0.0327772906092358	0.03255320720544364	0.04877398210856149	0.06600583302911191	0.06600583302911191	0.06600583302911191	0.0655545812184716	0.0655545812184716	0.08166293011700523	0.0987831236383477	0.11477673013461742
UP000008142	0.016436060723412384	0.016357109035973108	0.032793169759385496	0.032793169759385496	0.032793169759385496	0.03295145421437642	0.032793169759385496	0.03295145421437642	0.03295145421437642	0.032793169759385496	0.03295145421437642	0.04946684770534045	0.0652712912681524	0.0652712912681524	0.0652712912681524	0.06558633951877099	0.06558633951877099	0.0821806846971743	0.0980644610275379	0.11473661831412958
UP000009138	0.01901604477117159	0.013189390953612316	0.03220543572478391	0.03220543572478391	0.03220543572478391	0.04643277386889877	0.03220543572478391	0.04643277386889877	0.04643277386889877	0.03220543572478391	0.04643277386889877	0.07384950296662594	0.04467491402308446	0.04467491402308446	0.04467491402308446	0.06441087144956782	0.06441087144956782	0.09765425436485428	0.07688034974786838	0.10980569812796405
UP000006701	0.014141528893072576	0.017895530094532017	0.032037058987604596	0.032037058987604596	0.032037058987604596	0.025316545133285056	0.032037058987604596	0.025316545133285056	0.025316545133285056	0.032037058987604596	0.025316545133285056	0.03649156137349754	0.08108319228960092	0.08108319228960092	0.08108319228960092	0.06407411797520919	0.06407411797520919	0.07149513301396222	0.11312025127720553	0.11400670705734581
UP000054279	0.016661767409000872	0.016158770657031033	0.032820538066031905	0.032820538066031905	0.032820538066031905	0.03384218905641423	0.032820538066031905	0.03384218905641423	0.03384218905641423	0.032820538066031905	0.03384218905641423	0.05102261070382758	0.06365945873939771	0.06365945873939771	0.06365945873939771	0.06564107613206381	0.06564107613206381	0.08332449453144701	0.09647999680542962	0.11462038485512674
UP000054317	0.01211838457365388	0.01867318361745084	0.03079156819110472	0.03079156819110472	0.03079156819110472	0.019982884151418984	0.03079156819110472	0.019982884151418984	0.019982884151418984	0.03079156819110472	0.019982884151418984	0.02784738372918409	0.09489327611401137	0.09489327611401137	0.09489327611401137	0.06158313638220944	0.06158313638220944	0.06289283691617759	0.1256848443051161	0.111047888190765
UP000217790	0.015603304023658183	0.017008554699275088	0.03261185872293327	0.03261185872293327	0.03261185872293327	0.02991745950361111	0.03261185872293327	0.02991745950361111	0.02991745950361111	0.03261185872293327	0.02991745950361111	0.044231614983564045	0.07109783698286198	0.07109783698286198	0.07109783698286198	0.06522371744586654	0.06522371744586654	0.07813262225020257	0.10370969570579525	0.1148441308680749
UP000002428	0.01886127962480367	0.01346728625026626	0.03232856587506993	0.03232856587506993	0.03232856587506993	0.04527698524463489	0.03232856587506993	0.04527698524463489	0.04527698524463489	0.03232856587506993	0.04527698524463489	0.07169269086446611	0.04616633222781014	0.04616633222781014	0.04616633222781014	0.06465713175013986	0.06465713175013986	0.09646683074450849	0.07849489810288009	0.11045298387547604
UP000009297	0.01593229073669661	0.0167653813388471	0.03269767207554371	0.03269767207554371	0.03269767207554371	0.031072888077626776	0.03269767207554371	0.031072888077626776	0.031072888077626776	0.03269767207554371	0.031072888077626776	0.04621348541855694	0.06881483024615247	0.06881483024615247	0.06881483024615247	0.06539534415108741	0.06539534415108741	0.0797028508898671	0.1015125023216962	0.11485839756547822
UP000001628	0.0157776995626715	0.01688184097305352	0.032659540535725014	0.032659540535725014	0.032659540535725014	0.030523473076784744	0.032659540535725014	0.030523473076784744	0.030523473076784744	0.032659540535725014	0.030523473076784744	0.04526924659089799	0.0698901848633945	0.0698901848633945	0.0698901848633945	0.06531908107145003	0.06531908107145003	0.07896071317518126	0.10254972539911951	0.11486046258022856
UP000016936	0.014399464341274136	0.0177602457403374	0.03215971008161154	0.03215971008161154	0.03215971008161154	0.026074109858407975	0.03215971008161154	0.026074109858407975	0.026074109858407975	0.03215971008161154	0.026074109858407975	0.03774875537554181	0.07933133350665843	0.07933133350665843	0.07933133350665843	0.06431942016322308	0.06431942016322308	0.07263328428129365	0.11149104358826996	0.114239375985172
UP000009328	0.020022320868977827	0.0092962689355876	0.029318589804565427	0.029318589804565427	0.029318589804565427	0.0631464318169326	0.029318589804565427	0.0631464318169326	0.0631464318169326	0.029318589804565427	0.0631464318169326	0.10627054276488737	0.027224965319350737	0.027224965319350737	0.027224965319350737	0.058637179609130854	0.058637179609130854	0.11248734249047584	0.056543555123916164	0.09725203834928388
UP000008177	0.01742901634888029	0.015400909803690082	0.032829926152570375	0.032829926152570375	0.032829926152570375	0.037153215422934524	0.032829926152570375	0.037153215422934524	0.037153215422934524	0.032829926152570375	0.037153215422934524	0.05687741449698875	0.05801942248680314	0.05801942248680314	0.05801942248680314	0.06565985230514075	0.06565985230514075	0.0874121579243852	0.09084934863937351	0.11389068826140122
UP000030671	0.01492687500584918	0.017456167496187575	0.03238304250203675	0.03238304250203675	0.03238304250203675	0.02769093661839426	0.03238304250203675	0.02769093661839426	0.02769093661839426	0.03238304250203675	0.02769093661839426	0.04045499823093934	0.07574040966112533	0.07574040966112533	0.07574040966112533	0.0647660850040735	0.0647660850040735	0.07500085412628019	0.10812345216316209	0.11460529500229784
UP000018087	0.014303640652929113	0.017811510242230967	0.03211515089516008	0.03211515089516008	0.03211515089516008	0.025790265489661658	0.03211515089516008	0.025790265489661658	0.025790265489661658	0.03211515089516008	0.025790265489661658	0.0372768903263942	0.07998234197568407	0.07998234197568407	0.07998234197568407	0.06423030179032016	0.06423030179032016	0.07220905703775085	0.11209749287084417	0.1141569629277112
UP000002485	0.01923014669185404	0.012765068780264456	0.0319952154721185	0.0319952154721185	0.0319952154721185	0.04819971576789028	0.0319952154721185	0.04819971576789028	0.04819971576789028	0.0319952154721185	0.04819971576789028	0.07716928484392654	0.04247717219068149	0.04247717219068149	0.04247717219068149	0.063990430944237	0.063990430944237	0.09942507793186282	0.0744723876628	0.10875071519661995
UP000006702	0.014480527728529185	0.017715938165422232	0.03219646589395141	0.03219646589395141	0.03219646589395141	0.026316518650306316	0.03219646589395141	0.026316518650306316	0.026316518650306316	0.03219646589395141	0.026316518650306316	0.03815250957208345	0.07878036071829059	0.07878036071829059	0.07878036071829059	0.06439293178790283	0.06439293178790283	0.07299351227278691	0.11097682661224201	0.11430533584727648
UP000001631	0.015719072304258886	0.016924982450013996	0.03264405475427288	0.03264405475427288	0.03264405475427288	0.03031815592731543	0.03264405475427288	0.03031815592731543	0.03031815592731543	0.03264405475427288	0.03031815592731543	0.044917239550371975	0.07029677618617118	0.07029677618617118	0.07029677618617118	0.06528810950854576	0.06528810950854576	0.0786812829858472	0.10294083094044407	0.11485714671283265
UP000054321	0.017114658584205737	0.01572836104552082	0.03284301962972656	0.03284301962972656	0.03284301962972656	0.03573780295418722	0.03284301962972656	0.03573780295418722	0.03573780295418722	0.03284301962972656	0.03573780295418722	0.05436094732416871	0.06036543095731755	0.06036543095731755	0.06036543095731755	0.06568603925945311	0.06568603925945311	0.08569548116811954	0.0932084505870441	0.1142574199347005
UP000008181	0.010149590216026867	0.018965582463856302	0.02911517267988317	0.02911517267988317	0.02911517267988317	0.015581228382141077	0.02911517267988317	0.015581228382141077	0.015581228382141077	0.02911517267988317	0.015581228382141077	0.02101286654825529	0.1088095571657272	0.1088095571657272	0.1088095571657272	0.05823034535976634	0.05823034535976634	0.05484599127805111	0.13792472984561036	0.10631110050350581
UP000000724	0.01508971210988387	0.017354535302987893	0.03244424741287176	0.03244424741287176	0.03244424741287176	0.028210167805403034	0.03244424741287176	0.028210167805403034	0.028210167805403034	0.03244424741287176	0.028210167805403034	0.041330623500922196	0.07462764471652862	0.07462764471652862	0.07462764471652862	0.06488849482574352	0.06488849482574352	0.07574412732815866	0.10707189212940038	0.11468727754160316
UP000030816	0.015423008627133163	0.017134532967888267	0.03255754159502143	0.03255754159502143	0.03255754159502143	0.029305452669139632	0.03255754159502143	0.029305452669139632	0.029305452669139632	0.03255754159502143	0.029305452669139632	0.043187896711146104	0.07234104360570319	0.07234104360570319	0.07234104360570319	0.06511508319004286	0.06511508319004286	0.07728600289129423	0.10489858520072463	0.11480715775295257
UP000269793	0.01454597238136983	0.01767953350498197	0.032225505886351806	0.032225505886351806	0.032225505886351806	0.026513783209633518	0.032225505886351806	0.026513783209633518	0.026513783209633518	0.032225505886351806	0.026513783209633518	0.03848159403789721	0.0783353489330766	0.0783353489330766	0.0783353489330766	0.06445101177270361	0.06445101177270361	0.07328526147735516	0.1105608548194284	0.11435605116403738
UP000009882	0.014467774600293252	0.017722966193454967	0.032190740793748215	0.032190740793748215	0.032190740793748215	0.026278241290806404	0.032190740793748215	0.026278241290806404	0.026278241290806404	0.032190740793748215	0.026278241290806404	0.03808870798131956	0.07886705821616925	0.07886705821616925	0.07886705821616925	0.06438148158749643	0.06438148158749643	0.07293675668484788	0.11105779900991747	0.11429518857469961
UP000001640	0.019831438867842673	0.011060753455508042	0.030892192323350717	0.030892192323350717	0.030892192323350717	0.0553883264841318	0.030892192323350717	0.0553883264841318	0.0553883264841318	0.030892192323350717	0.0553883264841318	0.09094521410042093	0.03445951907632718	0.03445951907632718	0.03445951907632718	0.06178438464670143	0.06178438464670143	0.10611195767532518	0.0653517113996779	0.10373733042556019
UP000054361	0.014030162759808102	0.01795130060414402	0.03198146336395212	0.03198146336395212	0.03198146336395212	0.02499568951508202	0.03198146336395212	0.02499568951508202	0.02499568951508202	0.03198146336395212	0.02499568951508202	0.035961216270355936	0.08183923058274999	0.08183923058274999	0.08183923058274999	0.06396292672790424	0.06396292672790424	0.07100731563884224	0.11382069394670209	0.11389569069600038
UP000218811	0.010768484502048288	0.018923494113711824	0.02969197861576011	0.02969197861576011	0.02969197861576011	0.01689633054221643	0.02969197861576011	0.01689633054221643	0.01689633054221643	0.02969197861576011	0.01689633054221643	0.02302417658238457	0.10435562821359286	0.10435562821359286	0.10435562821359286	0.05938395723152022	0.05938395723152022	0.05735679366002482	0.134047606829353	0.10799942996099215
UP000000741	0.018673834662255587	0.005492304312428113	0.0241661389746837	0.0241661389746837	0.0241661389746837	0.08216487251392461	0.0241661389746837	0.08216487251392461	0.08216487251392461	0.0241661389746837	0.08216487251392461	0.14565591036559364	0.014215375867460996	0.014215375867460996	0.014215375867460996	0.0483322779493674	0.0483322779493674	0.1250048461508639	0.03838151484214469	0.07799072123647922
UP000001742	0.019798998786328424	0.007744288845752309	0.02754328763208073	0.02754328763208073	0.02754328763208073	0.0704169910576322	0.02754328763208073	0.0704169910576322	0.0704169910576322	0.02754328763208073	0.0704169910576322	0.12103498332893597	0.0215468648174028	0.0215468648174028	0.0215468648174028	0.05508657526416146	0.05508657526416146	0.11775927747604135	0.049090152449483525	0.09037415174199451
UP000184304	0.014667308387937431	0.017610524239095034	0.03227783262703247	0.03227783262703247	0.03227783262703247	0.026883295398095555	0.03227783262703247	0.026883295398095555	0.026883295398095555	0.03227783262703247	0.026883295398095555	0.03909928240825367	0.07750972964218725	0.07750972964218725	0.07750972964218725	0.06455566525406493	0.06455566525406493	0.07382843641306545	0.10978756226921971	0.11444402212019243
UP000000819	0.017004352567234985	0.015837444127137577	0.032841796694372566	0.032841796694372566	0.032841796694372566	0.035261591797861466	0.032841796694372566	0.035261591797861466	0.035261591797861466	0.032841796694372566	0.035261591797861466	0.053518831028487944	0.06117611571806095	0.06117611571806095	0.06117611571806095	0.06568359338874513	0.06568359338874513	0.08510774105946901	0.0940179124124335	0.11436283421025527
UP000006706	0.014329102200811935	0.017798005390840147	0.03212710759165208	0.03212710759165208	0.03212710759165208	0.025865404464602927	0.03212710759165208	0.025865404464602927	0.025865404464602927	0.03212710759165208	0.025865404464602927	0.03740170672839392	0.07980938737053954	0.07980938737053954	0.07980938737053954	0.06425421518330417	0.06425421518330417	0.07232161425706694	0.11193649496219163	0.11417932816579641
UP000011064	0.013317485593419963	0.018271633371788682	0.03158911896520864	0.03158911896520864	0.03158911896520864	0.023024084829631884	0.03158911896520864	0.023024084829631884	0.023024084829631884	0.03158911896520864	0.023024084829631884	0.032730684065843806	0.0866807470856646	0.0866807470856646	0.0866807470856646	0.06317823793041728	0.06317823793041728	0.0679306893882605	0.11826986605087325	0.11303899026741461
UP000031176	0.01480259488543823	0.01753123044359413	0.03233382532903236	0.03233382532903236	0.03233382532903236	0.027301250701263578	0.03233382532903236	0.027301250701263578	0.027301250701263578	0.03233382532903236	0.027301250701263578	0.03979990651708892	0.07658815867801887	0.07658815867801887	0.07658815867801887	0.06466765065806472	0.06466765065806472	0.07443767091573417	0.10892198400705122	0.1145327064306912
UP000011185	0.01831993759056964	0.014306979872364697	0.032626917462934335	0.032626917462934335	0.032626917462934335	0.041778425427730075	0.032626917462934335	0.041778425427730075	0.041778425427730075	0.032626917462934335	0.041778425427730075	0.06523691326489052	0.050960070047377425	0.050960070047377425	0.050960070047377425	0.06525383492586867	0.06525383492586867	0.09272528048123405	0.08358698751031177	0.1121877322611677
UP000001743	0.013913940134812461	0.018007830662954027	0.03192177079776649	0.03192177079776649	0.03192177079776649	0.02466469261014627	0.03192177079776649	0.02466469261014627	0.02466469261014627	0.03192177079776649	0.02466469261014627	0.03541544508548008	0.08262818977488115	0.08262818977488115	0.08262818977488115	0.06384354159553297	0.06384354159553297	0.07050040354272522	0.11454996057264764	0.11377314305625348
UP000054383	0.016537726307632967	0.016269020282698467	0.032806746590331434	0.032806746590331434	0.032806746590331434	0.03334859670263945	0.032806746590331434	0.03334859670263945	0.03334859670263945	0.032806746590331434	0.03334859670263945	0.050159467097645925	0.06454740098596345	0.06454740098596345	0.06454740098596345	0.06561349318066287	0.06561349318066287	0.08269306960060385	0.09735414757629487	0.11468926005369279
UP000001744	0.017665628604852844	0.015136609809022067	0.03280223841387491	0.03280223841387491	0.03280223841387491	0.03828282346830141	0.03280223841387491	0.03828282346830141	0.03828282346830141	0.03280223841387491	0.03828282346830141	0.05890001833174999	0.05621251242618608	0.05621251242618608	0.05621251242618608	0.06560447682774982	0.06560447682774982	0.08875069048702917	0.089014750840061	0.1135433250506468
UP000033540	0.014411793625201653	0.017753562559479647	0.0321653561846813	0.0321653561846813	0.0321653561846813	0.02611084246678191	0.0321653561846813	0.02611084246678191	0.02611084246678191	0.0321653561846813	0.02611084246678191	0.03780989130836217	0.07924754935070684	0.07924754935070684	0.07924754935070684	0.0643307123693626	0.0643307123693626	0.07268799227666486	0.11141290553538814	0.11424963111352354
UP000006753	0.012203772198963443	0.018650170555078418	0.030853942754041862	0.030853942754041862	0.030853942754041862	0.020189332193943706	0.030853942754041862	0.020189332193943706	0.020189332193943706	0.030853942754041862	0.020189332193943706	0.028174892188923967	0.09430384069417196	0.09430384069417196	0.09430384069417196	0.061707885508083725	0.061707885508083725	0.06324704714694901	0.12515778344821382	0.11121199881720399
UP000219338	0.01598846187688339	0.01672207540991163	0.032710537286795016	0.032710537286795016	0.032710537286795016	0.03127549455208794	0.032710537286795016	0.03127549455208794	0.03127549455208794	0.032710537286795016	0.03127549455208794	0.04656252722729249	0.06842285085588684	0.06842285085588684	0.06842285085588684	0.06542107457359003	0.06542107457359003	0.07997449371576634	0.10113338814268184	0.11485368727029667
UP000184499	0.014629966204588101	0.01763197322890272	0.03226193943349082	0.03226193943349082	0.03226193943349082	0.02676904493212029	0.03226193943349082	0.02676904493212029	0.02676904493212029	0.03226193943349082	0.02676904493212029	0.03890812365965248	0.07776390518597326	0.07776390518597326	0.07776390518597326	0.06452387886698165	0.06452387886698165	0.07366095057019922	0.11002584461946409	0.11441779152937519
