Proteome_ID	M	W	C	D	E	F	H	K	N	Q	Y	I	A	G	P	T	V	L	R	S
UP000000242	0.0172619937387478	0.032249525079426015	0.032249525079426015	0.032249525079426015	0.032249525079426015	0.03714361540567431	0.032249525079426015	0.0172619937387478	0.05702523707260082	0.032249525079426015	0.03714361540567431	0.05702523707260082	0.056000572722365916	0.056000572722365916	0.056000572722365916	0.06449905015885203	0.06449905015885203	0.10164266556452634	0.056000572722365916	0.12899810031770406
UP000000254	0.019435222202552796	0.030326560185037085	0.030326560185037085	0.030326560185037085	0.030326560185037085	0.05411671520828561	0.030326560185037085	0.019435222202552796	0.08879820821401842	0.030326560185037085	0.05411671520828561	0.08879820821401842	0.033989507645351864	0.033989507645351864	0.033989507645351864	0.06065312037007417	0.06065312037007417	0.11476983557835978	0.033989507645351864	0.12130624074014834
UP000000262	0.013785032415518856	0.031514239675035166	0.031514239675035166	0.031514239675035166	0.031514239675035166	0.024503341244296685	0.031514239675035166	0.013785032415518856	0.03522165007307451	0.031514239675035166	0.024503341244296685	0.03522165007307451	0.08106219412234016	0.08106219412234016	0.08106219412234016	0.06302847935007033	0.06302847935007033	0.08753182059436702	0.08106219412234016	0.12605695870014066
UP000000346	0.01338290595439789	0.03130746337685796	0.03130746337685796	0.03130746337685796	0.03130746337685796	0.02337490562072368	0.03130746337685796	0.01338290595439789	0.03336690528704947	0.03130746337685796	0.02337490562072368	0.03336690528704947	0.08386406165630172	0.08386406165630172	0.08386406165630172	0.06261492675371592	0.06261492675371592	0.08598983237443959	0.08386406165630172	0.12522985350743185
UP000000365	0.015833317583764602	0.0322137605845754	0.0322137605845754	0.0322137605845754	0.0322137605845754	0.031137784361368874	0.0322137605845754	0.015833317583764602	0.04644225113897314	0.0322137605845754	0.031137784361368874	0.04644225113897314	0.06665383502930289	0.06665383502930289	0.06665383502930289	0.0644275211691508	0.0644275211691508	0.09556530553051969	0.06665383502930289	0.1288550423383016
UP000000391	0.01930169153533739	0.030689289843832904	0.030689289843832904	0.030689289843832904	0.030689289843832904	0.05201757121712917	0.030689289843832904	0.01930169153533739	0.08473345089892094	0.030689289843832904	0.05201757121712917	0.08473345089892094	0.036212090994692345	0.036212090994692345	0.036212090994692345	0.06137857968766581	0.06137857968766581	0.11339615090479496	0.036212090994692345	0.12275715937533162
UP000000536	0.01527652777874314	0.03208764482159771	0.03208764482159771	0.03208764482159771	0.03208764482159771	0.029158550036978727	0.03208764482159771	0.01527652777874314	0.04304057229521432	0.03208764482159771	0.029158550036978727	0.04304057229521432	0.07062195814889637	0.07062195814889637	0.07062195814889637	0.06417528964319542	0.06417528964319542	0.09333383968017413	0.07062195814889637	0.12835057928639085
UP000000554	0.009396441368024398	0.028176030599615137	0.028176030599615137	0.028176030599615137	0.028176030599615137	0.014097987780668765	0.028176030599615137	0.009396441368024398	0.018799534193313133	0.028176030599615137	0.014097987780668765	0.018799534193313133	0.11262439898536909	0.11262439898536909	0.11262439898536909	0.05635206119923027	0.05635206119923027	0.07045004897989904	0.11262439898536909	0.11270412239846055
UP000000578	0.019618830673119998	0.028472079495567123	0.028472079495567123	0.028472079495567123	0.028472079495567123	0.06309422876705545	0.028472079495567123	0.019618830673119998	0.1065696268609909	0.028472079495567123	0.06309422876705545	0.1065696268609909	0.025696781675384493	0.025696781675384493	0.025696781675384493	0.056944158991134246	0.056944158991134246	0.12003838775818969	0.025696781675384493	0.11388831798226849
UP000000590	0.019592220352748775	0.029562990150138517	0.029562990150138517	0.029562990150138517	0.029562990150138517	0.058090260739876456	0.029562990150138517	0.019592220352748775	0.09658830112700414	0.029562990150138517	0.058090260739876456	0.09658830112700414	0.030090083104662123	0.030090083104662123	0.030090083104662123	0.059125980300277034	0.059125980300277034	0.11721624104015349	0.030090083104662123	0.11825196060055407
UP000000641	0.013176673894921869	0.031193400662639873	0.031193400662639873	0.031193400662639873	0.031193400662639873	0.022813537303663384	0.031193400662639873	0.013176673894921869	0.0324504007124049	0.031193400662639873	0.022813537303663384	0.0324504007124049	0.0853027070680296	0.0853027070680296	0.0853027070680296	0.062386801325279746	0.062386801325279746	0.08520033862894315	0.0853027070680296	0.12477360265055949
UP000000663	0.013954239730599616	0.031594943107549796	0.031594943107549796	0.031594943107549796	0.031594943107549796	0.024992394065957487	0.031594943107549796	0.013954239730599616	0.03603054840131536	0.031594943107549796	0.024992394065957487	0.03603054840131536	0.07988353795437521	0.07988353795437521	0.07988353795437521	0.06318988621509959	0.06318988621509959	0.08818228028105708	0.07988353795437521	0.12637977243019918
UP000000674	0.014434870772788563	0.03180311178514272	0.03180311178514272	0.03180311178514272	0.03180311178514272	0.026431796315156016	0.03180311178514272	0.014434870772788563	0.03842872185752347	0.03180311178514272	0.026431796315156016	0.03842872185752347	0.0765319093079061	0.0765319093079061	0.0765319093079061	0.06360622357028543	0.06360622357028543	0.09003801988544145	0.0765319093079061	0.12721244714057087
UP000000740	0.010174914033932288	0.028942626065731353	0.028942626065731353	0.028942626065731353	0.028942626065731353	0.01569124311136581	0.028942626065731353	0.010174914033932288	0.021207572188799338	0.028942626065731353	0.01569124311136581	0.021207572188799338	0.1067698202921844	0.1067698202921844	0.1067698202921844	0.05788525213146271	0.05788525213146271	0.07357649524282851	0.1067698202921844	0.11577050426292541
UP000000758	0.013499876215340682	0.03136975822934618	0.03136975822934618	0.03136975822934618	0.03136975822934618	0.02369841349089099	0.03136975822934618	0.013499876215340682	0.033896950766441294	0.03136975822934618	0.02369841349089099	0.033896950766441294	0.08304874347355602	0.08304874347355602	0.08304874347355602	0.06273951645869236	0.06273951645869236	0.08643792994958335	0.08304874347355602	0.12547903291738471
UP000000792	0.019562145927236742	0.029777403835072033	0.029777403835072033	0.029777403835072033	0.029777403835072033	0.05702351564801337	0.029777403835072033	0.019562145927236742	0.09448488536879	0.029777403835072033	0.05702351564801337	0.09448488536879	0.031099232275688497	0.031099232275688497	0.031099232275688497	0.059554807670144067	0.059554807670144067	0.11657832331815744	0.031099232275688497	0.11910961534028813
UP000000805	0.01962825769436695	0.02869806065227265	0.02869806065227265	0.02869806065227265	0.02869806065227265	0.06210641316307599	0.02869806065227265	0.01962825769436695	0.10458456863178503	0.02869806065227265	0.06210641316307599	0.10458456863178503	0.02652153435552644	0.02652153435552644	0.02652153435552644	0.0573961213045453	0.0573961213045453	0.11950253446762128	0.02652153435552644	0.1147922426090906
UP000001013	0.018683113187953182	0.03158413933654286	0.03158413933654286	0.03158413933654286	0.03158413933654286	0.04573977630711357	0.03158413933654286	0.018683113187953182	0.07279643942627397	0.03158413933654286	0.04573977630711357	0.07279643942627397	0.043618834116379845	0.043618834116379845	0.043618834116379845	0.06316827867308572	0.06316827867308572	0.10890805498019929	0.043618834116379845	0.12633655734617144
UP000001015	0.019610931859861375	0.02937565747104245	0.02937565747104245	0.02937565747104245	0.02937565747104245	0.05899643676045516	0.02937565747104245	0.019610931859861375	0.09838194166104894	0.02937565747104245	0.05899643676045516	0.09838194166104894	0.029253605785033675	0.029253605785033675	0.029253605785033675	0.0587513149420849	0.0587513149420849	0.11774775170254007	0.029253605785033675	0.1175026298841698
UP000001018	0.01931304774471738	0.030662881195939132	0.030662881195939132	0.030662881195939132	0.030662881195939132	0.05217642100854111	0.030662881195939132	0.01931304774471738	0.08503979427236485	0.030662881195939132	0.05217642100854111	0.08503979427236485	0.03603973845129653	0.03603973845129653	0.03603973845129653	0.061325762391878265	0.061325762391878265	0.11350218340041938	0.03603973845129653	0.12265152478375653
UP000001024	0.017194248653937972	0.03225944893218131	0.03225944893218131	0.03225944893218131	0.03225944893218131	0.036818427643473504	0.03225944893218131	0.017194248653937972	0.05644260663300903	0.03225944893218131	0.036818427643473504	0.05644260663300903	0.05652995589519614	0.05652995589519614	0.05652995589519614	0.06451889786436261	0.06451889786436261	0.10133732550783614	0.05652995589519614	0.12903779572872523
UP000001059	0.0181991489232165	0.03193637159831125	0.03193637159831125	0.03193637159831125	0.03193637159831125	0.04230948253016067	0.03193637159831125	0.0181991489232165	0.06641981613710483	0.03193637159831125	0.04230948253016067	0.06641981613710483	0.04821291917897387	0.04821291917897387	0.04821291917897387	0.0638727431966225	0.0638727431966225	0.10618222572678315	0.04821291917897387	0.127745486393245
UP000001137	0.01806373884934791	0.032006225281129314	0.032006225281129314	0.032006225281129314	0.032006225281129314	0.04146692900585075	0.032006225281129314	0.01806373884934791	0.06487011916235359	0.032006225281129314	0.04146692900585075	0.06487011916235359	0.04940797311524393	0.04940797311524393	0.04940797311524393	0.06401245056225863	0.06401245056225863	0.1054793795681094	0.04940797311524393	0.12802490112451725
UP000001169	0.011563845817365711	0.030120580261552184	0.030120580261552184	0.030120580261552184	0.030120580261552184	0.018769991407798493	0.030120580261552184	0.011563845817365711	0.02597613699823128	0.030120580261552184	0.018769991407798493	0.02597613699823128	0.09667019399014389	0.09667019399014389	0.09667019399014389	0.06024116052310437	0.06024116052310437	0.07901115193090287	0.09667019399014389	0.12048232104620873
UP000001304	0.019445379872835126	0.03029288888858021	0.03029288888858021	0.03029288888858021	0.03029288888858021	0.05430341021418067	0.03029288888858021	0.019445379872835126	0.0891614405555262	0.03029288888858021	0.05430341021418067	0.0891614405555262	0.03379747657086298	0.03379747657086298	0.03379747657086298	0.06058577777716042	0.06058577777716042	0.11488918799134107	0.03379747657086298	0.12117155555432084
UP000001400	0.018974063528090283	0.03125833276970349	0.03125833276970349	0.03125833276970349	0.03125833276970349	0.04828106418779967	0.03125833276970349	0.018974063528090283	0.07758806484750906	0.03125833276970349	0.04828106418779967	0.07758806484750906	0.04047480659253662	0.04047480659253662	0.04047480659253662	0.06251666553940698	0.06251666553940698	0.11079772972720665	0.04047480659253662	0.12503333107881395
UP000001686	0.016316690858662265	0.03227724085194884	0.03227724085194884	0.03227724085194884	0.03227724085194884	0.03299746944643887	0.03227724085194884	0.016316690858662265	0.04967824803421547	0.03227724085194884	0.03299746944643887	0.04967824803421547	0.06314546506093664	0.06314546506093664	0.06314546506093664	0.06455448170389767	0.06455448170389767	0.09755195115033655	0.06314546506093664	0.12910896340779535
UP000001746	0.009652841627467981	0.028437269033685125	0.028437269033685125	0.028437269033685125	0.028437269033685125	0.014613192532502194	0.028437269033685125	0.009652841627467981	0.019573543437536405	0.028437269033685125	0.014613192532502194	0.019573543437536405	0.11067783693338067	0.11067783693338067	0.11067783693338067	0.05687453806737025	0.05687453806737025	0.07148773059987244	0.11067783693338067	0.1137490761347405
UP000001826	0.01189861132054745	0.0303692663201883	0.0303692663201883	0.0303692663201883	0.0303692663201883	0.01956357779630117	0.0303692663201883	0.01189861132054745	0.027228544272054886	0.0303692663201883	0.01956357779630117	0.027228544272054886	0.09428667357571975	0.09428667357571975	0.09428667357571975	0.0607385326403766	0.0607385326403766	0.08030211043667777	0.09428667357571975	0.1214770652807532
UP000001879	0.011630710393480952	0.03017133527615859	0.03017133527615859	0.03017133527615859	0.03017133527615859	0.018926765683581277	0.03017133527615859	0.011630710393480952	0.0262228209736816	0.03017133527615859	0.018926765683581277	0.0262228209736816	0.09619281894909845	0.09619281894909845	0.09619281894909845	0.06034267055231718	0.06034267055231718	0.07926943623589845	0.09619281894909845	0.12068534110463436
UP000001901	0.01845661858970053	0.03177189766316935	0.03177189766316935	0.03177189766316935	0.03177189766316935	0.044039767683768716	0.03177189766316935	0.01845661858970053	0.06962291677783691	0.03177189766316935	0.044039767683768716	0.06962291677783691	0.04584281590072738	0.04584281590072738	0.04584281590072738	0.0635437953263387	0.0635437953263387	0.10758356301010741	0.04584281590072738	0.1270875906526774
UP000001931	0.01950180094910805	0.027464066814388486	0.027464066814388486	0.027464066814388486	0.027464066814388486	0.06726712889639791	0.027464066814388486	0.01950180094910805	0.11503245684368778	0.027464066814388486	0.06726712889639791	0.11503245684368778	0.02242625717374971	0.02242625717374971	0.02242625717374971	0.05492813362877697	0.05492813362877697	0.12219526252517489	0.02242625717374971	0.10985626725755394
UP000001941	0.01742812849273371	0.03221904668348417	0.03221904668348417	0.03221904668348417	0.03221904668348417	0.03796368002794408	0.03221904668348417	0.01742812849273371	0.05849923156315444	0.03221904668348417	0.03796368002794408	0.05849923156315444	0.05468737321716117	0.05468737321716117	0.05468737321716117	0.06443809336696835	0.06443809336696835	0.10240177339491242	0.05468737321716117	0.1288761867339367
UP000001974	0.019400434641231087	0.03043397830825352	0.03043397830825352	0.03043397830825352	0.03043397830825352	0.05351249107815005	0.03043397830825352	0.019400434641231087	0.08762454751506903	0.03043397830825352	0.05351249107815005	0.08762454751506903	0.034617227380223305	0.034617227380223305	0.034617227380223305	0.06086795661650704	0.06086795661650704	0.11438044769465709	0.034617227380223305	0.12173591323301408
UP000001975	0.016604939145985678	0.03229206094691971	0.03229206094691971	0.03229206094691971	0.03229206094691971	0.034181395014739796	0.03229206094691971	0.016604939145985678	0.05175785088349392	0.03229206094691971	0.034181395014739796	0.05175785088349392	0.061014314936526565	0.061014314936526565	0.061014314936526565	0.06458412189383941	0.06458412189383941	0.09876551690857921	0.061014314936526565	0.12916824378767883
UP000002071	0.010841199788264031	0.029537369228951844	0.029537369228951844	0.029537369228951844	0.029537369228951844	0.017127600498415718	0.029537369228951844	0.010841199788264031	0.023414001208567403	0.029537369228951844	0.017127600498415718	0.023414001208567403	0.10187722221196512	0.10187722221196512	0.10187722221196512	0.05907473845790369	0.05907473845790369	0.07620233895631941	0.10187722221196512	0.11814947691580738
UP000002199	0.016545104299641664	0.03229051159189789	0.03229051159189789	0.03229051159189789	0.03229051159189789	0.033930521596573046	0.03229051159189789	0.016545104299641664	0.05131593889350443	0.03229051159189789	0.033930521596573046	0.05131593889350443	0.06145954083840561	0.06145954083840561	0.06145954083840561	0.06458102318379579	0.06458102318379579	0.09851154478036885	0.06145954083840561	0.12916204636759157
UP000002315	0.01962558075118657	0.02861456437824056	0.02861456437824056	0.02861456437824056	0.02861456437824056	0.06247396448415112	0.02861456437824056	0.01962558075118657	0.10532234821711568	0.02861456437824056	0.06247396448415112	0.10532234821711568	0.02621230463977331	0.02621230463977331	0.02621230463977331	0.05722912875648112	0.05722912875648112	0.11970309324063226	0.02621230463977331	0.11445825751296224
UP000002376	0.01718268868918059	0.032261003497975255	0.032261003497975255	0.032261003497975255	0.032261003497975255	0.03676344385534068	0.032261003497975255	0.01718268868918059	0.05634419902150078	0.032261003497975255	0.03676344385534068	0.05634419902150078	0.05661995926125278	0.05661995926125278	0.05661995926125278	0.06452200699595051	0.06452200699595051	0.10128545085129119	0.05661995926125278	0.12904401399190102
UP000002408	0.014223378998907505	0.031715412435450195	0.031715412435450195	0.031715412435450195	0.031715412435450195	0.02578890171989246	0.031715412435450195	0.014223378998907505	0.037354424440877415	0.031715412435450195	0.02578890171989246	0.037354424440877415	0.07800777224838744	0.07800777224838744	0.07800777224838744	0.06343082487090039	0.06343082487090039	0.08921972659079284	0.07800777224838744	0.12686164974180078
UP000002439	0.015599931318323056	0.03216739796213051	0.03216739796213051	0.03216739796213051	0.03216739796213051	0.030288831098142937	0.03216739796213051	0.015599931318323056	0.04497773087796282	0.03216739796213051	0.030288831098142937	0.04497773087796282	0.0683249537297278	0.0683249537297278	0.0683249537297278	0.06433479592426102	0.06433479592426102	0.09462362702240397	0.0683249537297278	0.12866959184852203
UP000002457	0.013874790958038941	0.03155752178807116	0.03155752178807116	0.03155752178807116	0.03155752178807116	0.024761674097283578	0.03155752178807116	0.013874790958038941	0.03564855723652822	0.03155752178807116	0.024761674097283578	0.03564855723652822	0.08043698317746913	0.08043698317746913	0.08043698317746913	0.06311504357614232	0.06311504357614232	0.0878767176734259	0.08043698317746913	0.12623008715228465
UP000002487	0.017860476000570686	0.032093152060721726	0.032093152060721726	0.032093152060721726	0.032093152060721726	0.04027345031536558	0.032093152060721726	0.017860476000570686	0.06268642463016048	0.032093152060721726	0.04027345031536558	0.06268642463016048	0.05114885370522332	0.05114885370522332	0.05114885370522332	0.06418630412144345	0.06418630412144345	0.10445975443680902	0.05114885370522332	0.1283726082428869
UP000002518	0.013657533802589243	0.03145094312672109	0.03145094312672109	0.03145094312672109	0.03145094312672109	0.024140529285410727	0.03145094312672109	0.013657533802589243	0.03462352476823221	0.03145094312672109	0.024140529285410727	0.03462352476823221	0.08195030124364687	0.08195030124364687	0.08195030124364687	0.06290188625344217	0.06290188625344217	0.0870424155388529	0.08195030124364687	0.12580377250688435
UP000002593	0.014777738902039924	0.03193180697857026	0.03193180697857026	0.03193180697857026	0.03193180697857026	0.02750833820260158	0.03193180697857026	0.014777738902039924	0.040238937503163236	0.03193180697857026	0.02750833820260158	0.040238937503163236	0.07413318023116619	0.07413318023116619	0.07413318023116619	0.06386361395714052	0.06386361395714052	0.0913719521597421	0.07413318023116619	0.12772722791428104
UP000002613	0.017903242882983283	0.03207650898466098	0.03207650898466098	0.03207650898466098	0.03207650898466098	0.04051808010029557	0.03207650898466098	0.017903242882983283	0.06313291731760787	0.03207650898466098	0.04051808010029557	0.06313291731760787	0.050787323885838856	0.050787323885838856	0.050787323885838856	0.06415301796932196	0.06415301796932196	0.10467109806961752	0.050787323885838856	0.12830603593864393
UP000002654	0.014270706790892974	0.03173557689830339	0.03173557689830339	0.03173557689830339	0.03173557689830339	0.025931433212512792	0.03173557689830339	0.014270706790892974	0.037592159634132614	0.03173557689830339	0.025931433212512792	0.037592159634132614	0.07767768428488908	0.07767768428488908	0.07767768428488908	0.06347115379660678	0.06347115379660678	0.08940258700911957	0.07767768428488908	0.12694230759321357
UP000002698	0.010717250819017978	0.029430913470811296	0.029430913470811296	0.029430913470811296	0.029430913470811296	0.016854983835527956	0.029430913470811296	0.010717250819017978	0.022992716852037933	0.029430913470811296	0.016854983835527956	0.022992716852037933	0.10278012440458091	0.10278012440458091	0.10278012440458091	0.05886182694162259	0.05886182694162259	0.07571681077715053	0.10278012440458091	0.11772365388324518
UP000005223	0.01617796817946173	0.03226375676577173	0.03226375676577173	0.03226375676577173	0.03226375676577173	0.032448644187128645	0.03226375676577173	0.01617796817946173	0.04871932019479556	0.03226375676577173	0.032448644187128645	0.04871932019479556	0.064159845609438	0.064159845609438	0.064159845609438	0.06452751353154346	0.06452751353154346	0.0969761577186721	0.064159845609438	0.1290550270630869
UP000005877	0.01149870675373359	0.030070614418469782	0.030070614418469782	0.030070614418469782	0.030070614418469782	0.018618075393467597	0.030070614418469782	0.01149870675373359	0.025737444033201603	0.030070614418469782	0.018618075393467597	0.025737444033201603	0.09713591038755257	0.09713591038755257	0.09713591038755257	0.060141228836939564	0.060141228836939564	0.07875930423040717	0.09713591038755257	0.12028245767387913
UP000006565	0.01678269473411863	0.03229167209418613	0.03229167209418613	0.03229167209418613	0.03229167209418613	0.0349437143809606	0.03229167209418613	0.01678269473411863	0.053104734027802566	0.03229167209418613	0.0349437143809606	0.053104734027802566	0.059681811456574425	0.059681811456574425	0.059681811456574425	0.06458334418837226	0.06458334418837226	0.09952705856933287	0.059681811456574425	0.12916668837674453
UP000006622	0.01884944671936545	0.03141215567457315	0.03141215567457315	0.03141215567457315	0.03141215567457315	0.047131694035053795	0.03141215567457315	0.01884944671936545	0.07541394135074214	0.03141215567457315	0.047131694035053795	0.07541394135074214	0.04187091274036325	0.04187091274036325	0.04187091274036325	0.0628243113491463	0.0628243113491463	0.1099560053842001	0.04187091274036325	0.1256486226982926
UP000006663	0.012000870499715615	0.030442528702511972	0.030442528702511972	0.030442528702511972	0.030442528702511972	0.019810411874314256	0.030442528702511972	0.012000870499715615	0.027619953248912893	0.030442528702511972	0.019810411874314256	0.027619953248912893	0.09356166440990214	0.09356166440990214	0.09356166440990214	0.060885057405023944	0.060885057405023944	0.08069546927933821	0.09356166440990214	0.12177011481004789
UP000006681	0.017508131240666903	0.03220107469552713	0.03220107469552713	0.03220107469552713	0.03220107469552713	0.03837084404441208	0.03220107469552713	0.017508131240666903	0.059233556848157246	0.03220107469552713	0.03837084404441208	0.059233556848157246	0.05404672414017031	0.05404672414017031	0.05404672414017031	0.06440214939105426	0.06440214939105426	0.10277299343546636	0.05404672414017031	0.12880429878210853
UP000006794	0.009820242204762325	0.028603151825144203	0.028603151825144203	0.028603151825144203	0.028603151825144203	0.014954545617240472	0.028603151825144203	0.009820242204762325	0.020088849029718612	0.028603151825144203	0.014954545617240472	0.020088849029718612	0.10941693786925234	0.10941693786925234	0.10941693786925234	0.057206303650288406	0.057206303650288406	0.07216084926752887	0.10941693786925234	0.11441260730057681
UP000007478	0.018509758625777396	0.031731923772807084	0.031731923772807084	0.031731923772807084	0.031731923772807084	0.04442163921225661	0.031731923772807084	0.018509758625777396	0.07033351979873582	0.031731923772807084	0.04442163921225661	0.07033351979873582	0.04533443628732261	0.04533443628732261	0.04533443628732261	0.06346384754561417	0.06346384754561417	0.10788548675787078	0.04533443628732261	0.12692769509122834
UP000007490	0.01928075363878899	0.030736331821120635	0.030736331821120635	0.030736331821120635	0.030736331821120635	0.05173197128688942	0.030736331821120635	0.01928075363878899	0.08418318893498984	0.030736331821120635	0.05173197128688942	0.08418318893498984	0.03652372296346095	0.03652372296346095	0.03652372296346095	0.06147266364224127	0.06147266364224127	0.11320463492913069	0.03652372296346095	0.12294532728448254
UP000007722	0.01961866100452379	0.028469101848695715	0.028469101848695715	0.028469101848695715	0.028469101848695715	0.0631071003249082	0.028469101848695715	0.01961866100452379	0.10659553964529261	0.028469101848695715	0.0631071003249082	0.10659553964529261	0.02568616703662778	0.02568616703662778	0.02568616703662778	0.05693820369739143	0.05693820369739143	0.12004530402229963	0.02568616703662778	0.11387640739478286
UP000007807	0.015465841421562156	0.032136457033908085	0.032136457033908085	0.032136457033908085	0.032136457033908085	0.029813976873726666	0.032136457033908085	0.015465841421562156	0.04416211232589118	0.032136457033908085	0.029813976873726666	0.04416211232589118	0.06927971233534597	0.06927971233534597	0.06927971233534597	0.06427291406781617	0.06427291406781617	0.09408689094154282	0.06927971233534597	0.12854582813563234
UP000008243	0.009586318812448159	0.028370328536582414	0.028370328536582414	0.028370328536582414	0.028370328536582414	0.01447864530309221	0.028370328536582414	0.009586318812448159	0.01937097179373626	0.028370328536582414	0.01447864530309221	0.01937097179373626	0.11118105657325894	0.11118105657325894	0.11118105657325894	0.05674065707316483	0.05674065707316483	0.07121930237625705	0.11118105657325894	0.11348131414632966
UP000008680	0.019451280855796844	0.030272785119608705	0.030272785119608705	0.030272785119608705	0.030272785119608705	0.054414287634469476	0.030272785119608705	0.019451280855796844	0.08937729441314211	0.030272785119608705	0.054414287634469476	0.08937729441314211	0.033683856161243565	0.033683856161243565	0.033683856161243565	0.06054557023921741	0.06054557023921741	0.1149598578736869	0.033683856161243565	0.12109114047843482
UP000009079	0.01881162454874486	0.03145428814899457	0.03145428814899457	0.03145428814899457	0.03145428814899457	0.046802341485637076	0.03145428814899457	0.01881162454874486	0.07479305842252928	0.03145428814899457	0.046802341485637076	0.07479305842252928	0.04227874980415686	0.04227874980415686	0.04227874980415686	0.06290857629798914	0.06290857629798914	0.10971091778362624	0.04227874980415686	0.12581715259597828
UP000009227	0.019614565828392036	0.02932905124261057	0.02932905124261057	0.02932905124261057	0.02932905124261057	0.05921843327290079	0.02932905124261057	0.019614565828392036	0.09882230071740955	0.02932905124261057	0.05921843327290079	0.09882230071740955	0.02905153680198133	0.02905153680198133	0.02905153680198133	0.05865810248522114	0.05865810248522114	0.11787653575812193	0.02905153680198133	0.11731620497044228
UP000011511	0.010130556840501523	0.02890105102272324	0.02890105102272324	0.02890105102272324	0.02890105102272324	0.01559808374215526	0.02890105102272324	0.010130556840501523	0.021065610643808998	0.02890105102272324	0.01559808374215526	0.021065610643808998	0.10709914936033532	0.10709914936033532	0.10709914936033532	0.05780210204544648	0.05780210204544648	0.07340018578760173	0.10709914936033532	0.11560420409089296
UP000011554	0.011002183341252034	0.029672809887807548	0.029672809887807548	0.029672809887807548	0.029672809887807548	0.017485524324624416	0.029672809887807548	0.011002183341252034	0.0239688653079968	0.029672809887807548	0.017485524324624416	0.0239688653079968	0.10070909288067709	0.10070909288067709	0.10070909288067709	0.059345619775615095	0.059345619775615095	0.07683114410023952	0.10070909288067709	0.11869123955123019
UP000012076	0.012750756372549708	0.030940999576139824	0.030940999576139824	0.030940999576139824	0.030940999576139824	0.02168861312644012	0.030940999576139824	0.012750756372549708	0.03062646988033053	0.030940999576139824	0.02168861312644012	0.03062646988033053	0.08828092872417052	0.08828092872417052	0.08828092872417052	0.06188199915227965	0.06188199915227965	0.08357061227871976	0.08828092872417052	0.1237639983045593
UP000012672	0.013801825139955513	0.03152241790289641	0.03152241790289641	0.03152241790289641	0.03152241790289641	0.02455148683255311	0.03152241790289641	0.013801825139955513	0.03530114852515071	0.03152241790289641	0.02455148683255311	0.03530114852515071	0.08094522643144644	0.08094522643144644	0.08094522643144644	0.06304483580579281	0.06304483580579281	0.08759632263834592	0.08094522643144644	0.12608967161158563
UP000014070	0.018443278808761066	0.03178157822162748	0.03178157822162748	0.03178157822162748	0.03178157822162748	0.043945370393957794	0.03178157822162748	0.018443278808761066	0.06944746197915454	0.03178157822162748	0.043945370393957794	0.06944746197915454	0.04596928892406394	0.04596928892406394	0.04596928892406394	0.06356315644325496	0.06356315644325496	0.10750852683721275	0.04596928892406394	0.1271263128865099
UP000053352	0.010831849924908573	0.029529405008375174	0.029529405008375174	0.029529405008375174	0.029529405008375174	0.017106946977543572	0.029529405008375174	0.010831849924908573	0.02338204403017857	0.029529405008375174	0.017106946977543572	0.02338204403017857	0.10194522275579804	0.10194522275579804	0.10194522275579804	0.05905881001675035	0.05905881001675035	0.07616575699429391	0.10194522275579804	0.1181176200335007
UP000058290	0.014366711897759624	0.03177552878927001	0.03177552878927001	0.03177552878927001	0.03177552878927001	0.026222911663631283	0.03177552878927001	0.014366711897759624	0.038079111429502946	0.03177552878927001	0.026222911663631283	0.038079111429502946	0.07700778943156522	0.07700778943156522	0.07700778943156522	0.06355105757854002	0.06355105757854002	0.08977396924217129	0.07700778943156522	0.12710211515708003
UP000192315	0.019327736854201104	0.030627720342295973	0.030627720342295973	0.030627720342295973	0.030627720342295973	0.05238631718742108	0.030627720342295973	0.019327736854201104	0.08544489752064106	0.030627720342295973	0.05238631718742108	0.08544489752064106	0.035813063552829226	0.035813063552829226	0.035813063552829226	0.06125544068459195	0.06125544068459195	0.11364175787201304	0.035813063552829226	0.1225108813691839
UP000198397	0.010805914034249927	0.02950725642446948	0.02950725642446948	0.02950725642446948	0.02950725642446948	0.01704973202758643	0.02950725642446948	0.010805914034249927	0.02329355002092294	0.02950725642446948	0.01704973202758643	0.02329355002092294	0.10213394325384581	0.10213394325384581	0.10213394325384581	0.05901451284893896	0.05901451284893896	0.07606424487652538	0.10213394325384581	0.11802902569787792
