Proteome_ID	M	W	C	D	E	F	H	K	N	Q	Y	I	A	G	P	T	V	L	R	S
UP000002036	0.03402524124308298	0.03229119552482262	0.03229119552482262	0.03229119552482262	0.03229119552482262	0.03402524124308298	0.03229119552482262	0.03402524124308298	0.03402524124308298	0.03229119552482262	0.03402524124308298	0.03402524124308298	0.0612910457253143	0.0612910457253143	0.0612910457253143	0.12916478209929047	0.06458239104964524	0.03402524124308298	0.09358224125013692	0.09687358657446786
UP000001300	0.027534658733942743	0.03193467807665385	0.03193467807665385	0.03193467807665385	0.03193467807665385	0.027534658733942743	0.03193467807665385	0.027534658733942743	0.027534658733942743	0.03193467807665385	0.027534658733942743	0.027534658733942743	0.07407563490898478	0.07407563490898478	0.07407563490898478	0.1277387123066154	0.0638693561533077	0.027534658733942743	0.10601031298563864	0.09580403422996156
UP000000267	0.05724616899425102	0.02973320561459616	0.02973320561459616	0.02973320561459616	0.02973320561459616	0.05724616899425102	0.02973320561459616	0.05724616899425102	0.05724616899425102	0.02973320561459616	0.05724616899425102	0.05724616899425102	0.03088638180167603	0.03088638180167603	0.03088638180167603	0.11893282245838464	0.05946641122919232	0.05724616899425102	0.0606195874162722	0.08919961684378849
UP000000314	0.04382983208484405	0.03179331769866278	0.03179331769866278	0.03179331769866278	0.03179331769866278	0.04382983208484405	0.03179331769866278	0.04382983208484405	0.04382983208484405	0.03179331769866278	0.04382983208484405	0.04382983208484405	0.04612452305687178	0.04612452305687178	0.04612452305687178	0.12717327079465113	0.06358663539732556	0.04382983208484405	0.07791784075553455	0.09537995309598833
UP000007796	0.019408668052236528	0.030322313799872574	0.030322313799872574	0.030322313799872574	0.030322313799872574	0.019408668052236528	0.030322313799872574	0.019408668052236528	0.019408668052236528	0.030322313799872574	0.019408668052236528	0.019408668052236528	0.09474557570909581	0.09474557570909581	0.09474557570909581	0.1212892551994903	0.06064462759974515	0.019408668052236528	0.12506788950896838	0.09096694139961771
UP000029964	0.018839487565938205	0.03014318010550113	0.03014318010550113	0.03014318010550113	0.03014318010550113	0.018839487565938205	0.03014318010550113	0.018839487565938205	0.018839487565938205	0.03014318010550113	0.018839487565938205	0.018839487565938205	0.09645817633760363	0.09645817633760363	0.09645817633760363	0.12057272042200452	0.06028636021100226	0.018839487565938205	0.12660135644310475	0.09042954031650338
UP000002037	0.059295085886417916	0.02931289421180433	0.02931289421180433	0.02931289421180433	0.02931289421180433	0.059295085886417916	0.02931289421180433	0.059295085886417916	0.059295085886417916	0.02931289421180433	0.059295085886417916	0.059295085886417916	0.02898202285155134	0.02898202285155134	0.02898202285155134	0.11725157684721732	0.05862578842360866	0.059295085886417916	0.05829491706335566	0.08793868263541298
UP000009058	0.02275020579822371	0.031180047379011193	0.031180047379011193	0.031180047379011193	0.031180047379011193	0.02275020579822371	0.031180047379011193	0.02275020579822371	0.02275020579822371	0.031180047379011193	0.02275020579822371	0.02275020579822371	0.08546695033706374	0.08546695033706374	0.08546695033706374	0.12472018951604477	0.062360094758022386	0.02275020579822371	0.11664699771607492	0.09354014213703357
UP000054166	0.03568928043129208	0.032284064683719256	0.032284064683719256	0.032284064683719256	0.032284064683719256	0.03568928043129208	0.032284064683719256	0.03568928043129208	0.03568928043129208	0.032284064683719256	0.03568928043129208	0.03568928043129208	0.05840750051036181	0.05840750051036181	0.05840750051036181	0.12913625873487702	0.06456812936743851	0.03568928043129208	0.09069156519408107	0.09685219405115778
UP000016922	0.03645765580500917	0.032268991566848794	0.032268991566848794	0.032268991566848794	0.032268991566848794	0.03645765580500917	0.032268991566848794	0.03645765580500917	0.03645765580500917	0.032268991566848794	0.03645765580500917	0.03645765580500917	0.05712313607383876	0.05712313607383876	0.05712313607383876	0.12907596626739518	0.06453798313369759	0.03645765580500917	0.08939212764068755	0.09680697470054637
UP000009082	0.06587898587511622	0.027808677837249062	0.027808677837249062	0.027808677837249062	0.027808677837249062	0.06587898587511622	0.027808677837249062	0.06587898587511622	0.06587898587511622	0.027808677837249062	0.06587898587511622	0.06587898587511622	0.023477063369550327	0.023477063369550327	0.023477063369550327	0.11123471134899625	0.055617355674498124	0.06587898587511622	0.05128574120679939	0.08342603351174717
UP000005206	0.024921522431506055	0.03158357104665983	0.03158357104665983	0.03158357104665983	0.03158357104665983	0.024921522431506055	0.03158357104665983	0.024921522431506055	0.024921522431506055	0.03158357104665983	0.024921522431506055	0.024921522431506055	0.0800530515582251	0.0800530515582251	0.0800530515582251	0.1263342841866393	0.06316714209331965	0.024921522431506055	0.11163662260488494	0.09475071313997949
UP000016927	0.055168187166732476	0.030134008029226656	0.030134008029226656	0.030134008029226656	0.030134008029226656	0.055168187166732476	0.030134008029226656	0.055168187166732476	0.055168187166732476	0.030134008029226656	0.055168187166732476	0.055168187166732476	0.032919640341311555	0.032919640341311555	0.032919640341311555	0.12053603211690662	0.06026801605845331	0.055168187166732476	0.0630536483705382	0.09040202408767996
UP000249829	0.01730741034737891	0.029606016302557176	0.029606016302557176	0.029606016302557176	0.029606016302557176	0.01730741034737891	0.029606016302557176	0.01730741034737891	0.01730741034737891	0.029606016302557176	0.01730741034737891	0.01730741034737891	0.10128796668185817	0.10128796668185817	0.10128796668185817	0.1184240652102287	0.05921203260511435	0.01730741034737891	0.13089398298441537	0.08881804890767155
UP000000559	0.054085537143607886	0.03033216129081438	0.03033216129081438	0.03033216129081438	0.03033216129081438	0.054085537143607886	0.03033216129081438	0.054085537143607886	0.054085537143607886	0.03033216129081438	0.054085537143607886	0.054085537143607886	0.03402166483542869	0.03402166483542869	0.03402166483542869	0.12132864516325752	0.06066432258162876	0.054085537143607886	0.06435382612624307	0.09099648387244313
UP000005221	0.0457470264601413	0.031583285263404544	0.031583285263404544	0.031583285263404544	0.031583285263404544	0.0457470264601413	0.031583285263404544	0.0457470264601413	0.0457470264601413	0.031583285263404544	0.0457470264601413	0.0457470264601413	0.04360956264113458	0.04360956264113458	0.04360956264113458	0.12633314105361818	0.06316657052680909	0.0457470264601413	0.07519284790453912	0.09474985579021362
UP000001312	0.037223019727207006	0.03224691344968889	0.03224691344968889	0.03224691344968889	0.03224691344968889	0.037223019727207006	0.03224691344968889	0.037223019727207006	0.037223019727207006	0.03224691344968889	0.037223019727207006	0.037223019727207006	0.05587206167863219	0.05587206167863219	0.05587206167863219	0.12898765379875557	0.06449382689937778	0.037223019727207006	0.08811897512832109	0.09674074034906668
UP000193067	0.013269169945285736	0.027726623766268704	0.027726623766268704	0.027726623766268704	0.027726623766268704	0.013269169945285736	0.027726623766268704	0.013269169945285736	0.013269169945285736	0.027726623766268704	0.013269169945285736	0.013269169945285736	0.11587245753067517	0.11587245753067517	0.11587245753067517	0.11090649506507481	0.05545324753253741	0.013269169945285736	0.14359908129694388	0.08317987129880611
UP000007963	0.02341044698952075	0.031314428544565565	0.031314428544565565	0.031314428544565565	0.031314428544565565	0.02341044698952075	0.031314428544565565	0.02341044698952075	0.02341044698952075	0.031314428544565565	0.02341044698952075	0.02341044698952075	0.08377400359007643	0.08377400359007643	0.08377400359007643	0.12525771417826226	0.06262885708913113	0.02341044698952075	0.11508843213464201	0.0939432856336967
UP000002038	0.0293517737995981	0.03210278301352691	0.03210278301352691	0.03210278301352691	0.03210278301352691	0.0293517737995981	0.03210278301352691	0.0293517737995981	0.0293517737995981	0.03210278301352691	0.0293517737995981	0.0293517737995981	0.07022326379659571	0.07022326379659571	0.07022326379659571	0.12841113205410765	0.06420556602705382	0.0293517737995981	0.10232604681012261	0.09630834904058073
UP000005222	0.03944260190927306	0.03214503734731094	0.03214503734731094	0.03214503734731094	0.03214503734731094	0.03944260190927306	0.03214503734731094	0.03944260190927306	0.03944260190927306	0.03214503734731094	0.03944260190927306	0.03944260190927306	0.05239529726952839	0.05239529726952839	0.05239529726952839	0.12858014938924375	0.06429007469462188	0.03944260190927306	0.08454033461683931	0.09643511204193282
UP000000560	0.027074934748087823	0.03188266319282756	0.03188266319282756	0.03188266319282756	0.03188266319282756	0.027074934748087823	0.03188266319282756	0.027074934748087823	0.027074934748087823	0.03188266319282756	0.027074934748087823	0.027074934748087823	0.07508821141953606	0.07508821141953606	0.07508821141953606	0.12753065277131023	0.06376532638565512	0.027074934748087823	0.10697087461236363	0.09564798957848267
UP000016930	0.025016776722106657	0.031598830489675496	0.031598830489675496	0.031598830489675496	0.031598830489675496	0.025016776722106657	0.031598830489675496	0.025016776722106657	0.025016776722106657	0.031598830489675496	0.025016776722106657	0.025016776722106657	0.07982531877761136	0.07982531877761136	0.07982531877761136	0.12639532195870198	0.06319766097935099	0.025016776722106657	0.11142414926728686	0.0947964914690265
UP000002058	0.029498587113705083	0.032113864707548075	0.032113864707548075	0.032113864707548075	0.032113864707548075	0.029498587113705083	0.032113864707548075	0.029498587113705083	0.029498587113705083	0.032113864707548075	0.029498587113705083	0.029498587113705083	0.06992201372082382	0.06992201372082382	0.06992201372082382	0.1284554588301923	0.06422772941509615	0.029498587113705083	0.1020358784283719	0.09634159412264423
UP000030143	0.02862320598600412	0.03204236693938057	0.03204236693938057	0.03204236693938057	0.03204236693938057	0.02862320598600412	0.03204236693938057	0.02862320598600412	0.02862320598600412	0.03204236693938057	0.02862320598600412	0.02862320598600412	0.07173992176697051	0.07173992176697051	0.07173992176697051	0.12816946775752228	0.06408473387876114	0.02862320598600412	0.1037822887063511	0.09612710081814171
UP000005426	0.022051118698635155	0.031025913215480545	0.031025913215480545	0.031025913215480545	0.031025913215480545	0.022051118698635155	0.031025913215480545	0.022051118698635155	0.022051118698635155	0.031025913215480545	0.022051118698635155	0.022051118698635155	0.08730688941546631	0.08730688941546631	0.08730688941546631	0.12410365286192218	0.06205182643096109	0.022051118698635155	0.11833280263094685	0.09307773964644164
UP000016932	0.026935397494507334	0.031866083282653425	0.031866083282653425	0.031866083282653425	0.031866083282653425	0.026935397494507334	0.031866083282653425	0.026935397494507334	0.026935397494507334	0.031866083282653425	0.026935397494507334	0.026935397494507334	0.07539872125399848	0.07539872125399848	0.07539872125399848	0.1274643331306137	0.06373216656530685	0.026935397494507334	0.10726480453665188	0.09559824984796025
UP000009096	0.030700832335421514	0.032191310895578716	0.032191310895578716	0.032191310895578716	0.032191310895578716	0.030700832335421514	0.032191310895578716	0.030700832335421514	0.030700832335421514	0.032191310895578716	0.030700832335421514	0.030700832335421514	0.06750829983069753	0.06750829983069753	0.06750829983069753	0.12876524358231486	0.06438262179115743	0.030700832335421514	0.09969961072627623	0.09657393268673614
UP000000561	0.02636493301548467	0.03179437697482951	0.03179437697482951	0.03179437697482951	0.03179437697482951	0.02636493301548467	0.03179437697482951	0.02636493301548467	0.02636493301548467	0.03179437697482951	0.02636493301548467	0.02636493301548467	0.07668385932358383	0.07668385932358383	0.07668385932358383	0.12717750789931803	0.06358875394965902	0.02636493301548467	0.10847823629841334	0.09538313092448851
UP000094112	0.06323351905745203	0.0284398119812429	0.0284398119812429	0.0284398119812429	0.0284398119812429	0.06323351905745203	0.0284398119812429	0.06323351905745203	0.06323351905745203	0.0284398119812429	0.06323351905745203	0.06323351905745203	0.02558209372448733	0.02558209372448733	0.02558209372448733	0.1137592479249716	0.0568796239624858	0.06323351905745203	0.054021905705730226	0.08531943594372869
UP000002059	0.03038505060438285	0.032173224132671076	0.032173224132671076	0.032173224132671076	0.032173224132671076	0.03038505060438285	0.032173224132671076	0.03038505060438285	0.03038505060438285	0.032173224132671076	0.03038505060438285	0.03038505060438285	0.06813326491164572	0.06813326491164572	0.06813326491164572	0.1286928965306843	0.06434644826534215	0.03038505060438285	0.10030648904431679	0.09651967239801323
UP000094389	0.04150082012467927	0.032003548959495115	0.032003548959495115	0.032003548959495115	0.032003548959495115	0.04150082012467927	0.032003548959495115	0.04150082012467927	0.04150082012467927	0.032003548959495115	0.04150082012467927	0.04150082012467927	0.049359368943830806	0.049359368943830806	0.049359368943830806	0.12801419583798046	0.06400709791899023	0.04150082012467927	0.08136291790332593	0.09601064687848536
UP000000591	0.026603580244861917	0.03182514848372109	0.03182514848372109	0.03182514848372109	0.03182514848372109	0.026603580244861917	0.03182514848372109	0.026603580244861917	0.026603580244861917	0.03182514848372109	0.026603580244861917	0.026603580244861917	0.0761431406366073	0.0761431406366073	0.0761431406366073	0.12730059393488435	0.06365029696744218	0.026603580244861917	0.10796828912032838	0.09547544545116325
UP000002149	0.03062869302874879	0.03218731793322463	0.03218731793322463	0.03218731793322463	0.03218731793322463	0.03062869302874879	0.03218731793322463	0.03062869302874879	0.03062869302874879	0.03218731793322463	0.03062869302874879	0.03062869302874879	0.06765051546679113	0.06765051546679113	0.06765051546679113	0.12874927173289852	0.06437463586644926	0.03062869302874879	0.09983783340001576	0.09656195379967387
UP000007978	0.030973483014180906	0.0322056666954055	0.0322056666954055	0.0322056666954055	0.0322056666954055	0.030973483014180906	0.0322056666954055	0.030973483014180906	0.030973483014180906	0.0322056666954055	0.030973483014180906	0.030973483014180906	0.0669737379435614	0.0669737379435614	0.0669737379435614	0.128822666781622	0.064411333390811	0.030973483014180906	0.0991794046389669	0.0966170000862165
UP000002258	0.04183762109930561	0.031976340688552214	0.031976340688552214	0.031976340688552214	0.031976340688552214	0.04183762109930561	0.031976340688552214	0.04183762109930561	0.04183762109930561	0.031976340688552214	0.04183762109930561	0.04183762109930561	0.04887880032200638	0.04887880032200638	0.04887880032200638	0.12790536275420886	0.06395268137710443	0.04183762109930561	0.0808551410105586	0.09592902206565666
UP000000598	0.04638079335083306	0.03150692338188235	0.03150692338188235	0.03150692338188235	0.03150692338188235	0.04638079335083306	0.03150692338188235	0.04638079335083306	0.04638079335083306	0.03150692338188235	0.04638079335083306	0.04638079335083306	0.0428059181085127	0.0428059181085127	0.0428059181085127	0.1260276935275294	0.0630138467637647	0.04638079335083306	0.07431284149039505	0.09452077014564707
UP000030651	0.0282634149700159	0.03200912811116578	0.03200912811116578	0.03200912811116578	0.03200912811116578	0.0282634149700159	0.03200912811116578	0.0282634149700159	0.0282634149700159	0.03200912811116578	0.0282634149700159	0.0282634149700159	0.07250251135780904	0.07250251135780904	0.07250251135780904	0.12803651244466313	0.06401825622233157	0.0282634149700159	0.10451163946897482	0.09602738433349735
UP000016933	0.0255219845205795	0.03167652530971262	0.03167652530971262	0.03167652530971262	0.03167652530971262	0.0255219845205795	0.03167652530971262	0.0255219845205795	0.0255219845205795	0.03167652530971262	0.0255219845205795	0.0255219845205795	0.07863042585013535	0.07863042585013535	0.07863042585013535	0.12670610123885048	0.06335305061942524	0.0255219845205795	0.11030695115984797	0.09502957592913786
UP000001471	0.026830900916709224	0.03185342211839902	0.03185342211839902	0.03185342211839902	0.03185342211839902	0.026830900916709224	0.03185342211839902	0.026830900916709224	0.026830900916709224	0.03185342211839902	0.026830900916709224	0.026830900916709224	0.07563223492216276	0.07563223492216276	0.07563223492216276	0.12741368847359608	0.06370684423679804	0.026830900916709224	0.10748565704056179	0.09556026635519707
UP000000599	0.050950497730733096	0.030862131909914787	0.030862131909914787	0.030862131909914787	0.030862131909914787	0.050950497730733096	0.030862131909914787	0.050950497730733096	0.050950497730733096	0.030862131909914787	0.050950497730733096	0.050950497730733096	0.03738810133155792	0.03738810133155792	0.03738810133155792	0.12344852763965915	0.061724263819829574	0.050950497730733096	0.06825023324147271	0.09258639572974436
UP000008062	0.025549918456273718	0.0316806642655062	0.0316806642655062	0.0316806642655062	0.0316806642655062	0.025549918456273718	0.0316806642655062	0.025549918456273718	0.025549918456273718	0.0316806642655062	0.025549918456273718	0.025549918456273718	0.07856498563949617	0.07856498563949617	0.07856498563949617	0.1267226570620248	0.0633613285310124	0.025549918456273718	0.11024564990500237	0.0950419927965186
UP000054270	0.035169484900130034	0.03229011186737084	0.03229011186737084	0.03229011186737084	0.03229011186737084	0.035169484900130034	0.03229011186737084	0.035169484900130034	0.035169484900130034	0.03229011186737084	0.035169484900130034	0.035169484900130034	0.05929295395528913	0.05929295395528913	0.05929295395528913	0.12916044746948335	0.06458022373474168	0.035169484900130034	0.09158306582265997	0.09687033560211251
UP000094569	0.02917540038283952	0.03208899014128399	0.03208899014128399	0.03208899014128399	0.03208899014128399	0.02917540038283952	0.03208899014128399	0.02917540038283952	0.02917540038283952	0.03208899014128399	0.02917540038283952	0.02917540038283952	0.07058708876489489	0.07058708876489489	0.07058708876489489	0.12835596056513596	0.06417798028256798	0.02917540038283952	0.10267607890617889	0.09626697042385197
UP000016934	0.02611660015675395	0.03176115567450401	0.03176115567450401	0.03176115567450401	0.03176115567450401	0.02611660015675395	0.03176115567450401	0.02611660015675395	0.02611660015675395	0.03176115567450401	0.02611660015675395	0.02611660015675395	0.07725132702766457	0.07725132702766457	0.07725132702766457	0.12704462269801603	0.06352231134900801	0.02611660015675395	0.1090124827021686	0.09528346702351202
UP000008066	0.0231762567481485	0.03126797575746751	0.03126797575746751	0.03126797575746751	0.03126797575746751	0.0231762567481485	0.03126797575746751	0.0231762567481485	0.0231762567481485	0.03126797575746751	0.0231762567481485	0.0231762567481485	0.08436964766087007	0.08436964766087007	0.08436964766087007	0.12507190302987004	0.06253595151493502	0.0231762567481485	0.11563762341833758	0.09380392727240253
UP000009097	0.02932543093440476	0.03210075630879521	0.03210075630879521	0.03210075630879521	0.03210075630879521	0.02932543093440476	0.03210075630879521	0.02932543093440476	0.02932543093440476	0.03210075630879521	0.02932543093440476	0.02932543093440476	0.07027747062961082	0.07027747062961082	0.07027747062961082	0.12840302523518085	0.06420151261759043	0.02932543093440476	0.10237822693840602	0.09630226892638562
UP000006564	0.028338912756133122	0.03201629283163375	0.03201629283163375	0.03201629283163375	0.03201629283163375	0.028338912756133122	0.03201629283163375	0.028338912756133122	0.028338912756133122	0.03201629283163375	0.028338912756133122	0.028338912756133122	0.07234173135023202	0.07234173135023202	0.07234173135023202	0.128065171326535	0.0640325856632675	0.028338912756133122	0.10435802418186577	0.09604887849490124
UP000095358	0.051346060526306976	0.030798992929362348	0.030798992929362348	0.030798992929362348	0.030798992929362348	0.051346060526306976	0.030798992929362348	0.051346060526306976	0.051346060526306976	0.030798992929362348	0.051346060526306976	0.051346060526306976	0.03694842236151346	0.03694842236151346	0.03694842236151346	0.12319597171744939	0.061597985858724696	0.051346060526306976	0.0677474152908758	0.09239697878808704
UP000001610	0.023077766366744308	0.03124804433500954	0.03124804433500954	0.03124804433500954	0.03124804433500954	0.023077766366744308	0.03124804433500954	0.023077766366744308	0.023077766366744308	0.03124804433500954	0.023077766366744308	0.023077766366744308	0.0846217315181593	0.0846217315181593	0.0846217315181593	0.12499217734003816	0.06249608867001908	0.023077766366744308	0.11586977585316882	0.09374413300502862
UP000002311	0.046817440353812856	0.031452375887104436	0.031452375887104436	0.031452375887104436	0.031452375887104436	0.046817440353812856	0.031452375887104436	0.046817440353812856	0.046817440353812856	0.031452375887104436	0.046817440353812856	0.046817440353812856	0.042259975832409764	0.042259975832409764	0.042259975832409764	0.12580950354841774	0.06290475177420887	0.046817440353812856	0.07371235171951421	0.09435712766131331
UP000030669	0.019470475035148992	0.03034113811033566	0.03034113811033566	0.03034113811033566	0.03034113811033566	0.019470475035148992	0.03034113811033566	0.019470475035148992	0.019470475035148992	0.03034113811033566	0.019470475035148992	0.019470475035148992	0.09456211624714664	0.09456211624714664	0.09456211624714664	0.12136455244134264	0.06068227622067132	0.019470475035148992	0.1249032543574823	0.09102341433100697
UP000001611	0.020725726448611346	0.030698103369666985	0.030698103369666985	0.030698103369666985	0.030698103369666985	0.020725726448611346	0.030698103369666985	0.020725726448611346	0.020725726448611346	0.030698103369666985	0.020725726448611346	0.020725726448611346	0.09093756523626222	0.09093756523626222	0.09093756523626222	0.12279241347866794	0.06139620673933397	0.020725726448611346	0.1216356686059292	0.09209431010900096
UP000016935	0.032030078122863764	0.03225056051294605	0.03225056051294605	0.03225056051294605	0.03225056051294605	0.032030078122863764	0.03225056051294605	0.032030078122863764	0.032030078122863764	0.03225056051294605	0.032030078122863764	0.032030078122863764	0.06494512123320426	0.06494512123320426	0.06494512123320426	0.1290022420517842	0.0645011210258921	0.032030078122863764	0.0971956817461503	0.09675168153883815
UP000008142	0.03241861981060017	0.03226289486034775	0.03226289486034775	0.03226289486034775	0.03226289486034775	0.03241861981060017	0.03226289486034775	0.03241861981060017	0.03241861981060017	0.03226289486034775	0.03241861981060017	0.03241861981060017	0.0642158358900587	0.0642158358900587	0.0642158358900587	0.129051579441391	0.0645257897206955	0.03241861981060017	0.09647873075040646	0.09678868458104326
UP000009138	0.04556628338401249	0.03160444419892908	0.03160444419892908	0.03160444419892908	0.03160444419892908	0.04556628338401249	0.03160444419892908	0.04556628338401249	0.04556628338401249	0.03160444419892908	0.04556628338401249	0.04556628338401249	0.04384122728226185	0.04384122728226185	0.04384122728226185	0.1264177767957163	0.06320888839785815	0.04556628338401249	0.07544567148119094	0.09481333259678723
UP000006701	0.024963522754972732	0.03159032351487744	0.03159032351487744	0.03159032351487744	0.03159032351487744	0.024963522754972732	0.03159032351487744	0.024963522754972732	0.024963522754972732	0.03159032351487744	0.024963522754972732	0.024963522754972732	0.07995254111928794	0.07995254111928794	0.07995254111928794	0.12636129405950977	0.06318064702975489	0.024963522754972732	0.11154286463416539	0.09477097054463234
UP000054279	0.0332875594827002	0.032282652026618675	0.032282652026618675	0.032282652026618675	0.032282652026618675	0.0332875594827002	0.032282652026618675	0.0332875594827002	0.0332875594827002	0.032282652026618675	0.0332875594827002	0.0332875594827002	0.06261616279879997	0.06261616279879997	0.06261616279879997	0.1291306081064747	0.06456530405323735	0.0332875594827002	0.09489881482541865	0.09684795607985602
UP000054317	0.019743623331016365	0.030422891887370865	0.030422891887370865	0.030422891887370865	0.030422891887370865	0.019743623331016365	0.030422891887370865	0.019743623331016365	0.019743623331016365	0.030422891887370865	0.019743623331016365	0.019743623331016365	0.09375709162123791	0.09375709162123791	0.09375709162123791	0.12169156754948346	0.06084578377474173	0.019743623331016365	0.12417998350860877	0.0912686756621126
UP000217790	0.029457820179476492	0.03211082377708924	0.03211082377708924	0.03211082377708924	0.03211082377708924	0.029457820179476492	0.03211082377708924	0.029457820179476492	0.029457820179476492	0.03211082377708924	0.029457820179476492	0.029457820179476492	0.07000551957755918	0.07000551957755918	0.07000551957755918	0.12844329510835695	0.06422164755417847	0.029457820179476492	0.1021163433546484	0.09633247133126771
UP000002428	0.04443881237817593	0.03173009566815116	0.03173009566815116	0.03173009566815116	0.03173009566815116	0.04443881237817593	0.03173009566815116	0.04443881237817593	0.04443881237817593	0.03173009566815116	0.04443881237817593	0.04443881237817593	0.045311695665587494	0.045311695665587494	0.045311695665587494	0.12692038267260464	0.06346019133630232	0.04443881237817593	0.07704179133373866	0.09519028700445346
UP000009297	0.03058558957220906	0.03218489300289215	0.03218489300289215	0.03218489300289215	0.03218489300289215	0.03058558957220906	0.03218489300289215	0.03058558957220906	0.03058558957220906	0.03218489300289215	0.03058558957220906	0.03058558957220906	0.0677356462370655	0.0677356462370655	0.0677356462370655	0.1287395720115686	0.0643697860057843	0.03058558957220906	0.09992053923995768	0.09655467900867648
UP000001628	0.03004936325135528	0.032152251963974116	0.032152251963974116	0.032152251963974116	0.032152251963974116	0.03004936325135528	0.032152251963974116	0.03004936325135528	0.03004936325135528	0.032152251963974116	0.03004936325135528	0.03004936325135528	0.06880460645423178	0.06880460645423178	0.06880460645423178	0.12860900785589646	0.06430450392794823	0.03004936325135528	0.1009568584182059	0.09645675589192236
UP000016936	0.02570398622532776	0.03170320096974347	0.03170320096974347	0.03170320096974347	0.03170320096974347	0.02570398622532776	0.03170320096974347	0.02570398622532776	0.02570398622532776	0.03170320096974347	0.02570398622532776	0.02570398622532776	0.07820522022670252	0.07820522022670252	0.07820522022670252	0.12681280387897387	0.06340640193948693	0.02570398622532776	0.10990842119644599	0.0951096029092304
UP000009328	0.06190691176555515	0.028743086503821135	0.028743086503821135	0.028743086503821135	0.028743086503821135	0.06190691176555515	0.028743086503821135	0.06190691176555515	0.06190691176555515	0.028743086503821135	0.06190691176555515	0.06190691176555515	0.026690558394993978	0.026690558394993978	0.026690558394993978	0.11497234601528454	0.05748617300764227	0.06190691176555515	0.05543364489881511	0.08622925951146342
UP000008177	0.03651676414366636	0.03226753476167115	0.03226753476167115	0.03226753476167115	0.03226753476167115	0.03651676414366636	0.03226753476167115	0.03651676414366636	0.03651676414366636	0.03226753476167115	0.03651676414366636	0.03651676414366636	0.05702552370189928	0.05702552370189928	0.05702552370189928	0.1290701390466846	0.0645350695233423	0.03651676414366636	0.08929305846357043	0.09680260428501346
UP000030671	0.027283676588261273	0.03190677407360026	0.03190677407360026	0.03190677407360026	0.03190677407360026	0.027283676588261273	0.03190677407360026	0.027283676588261273	0.027283676588261273	0.03190677407360026	0.027283676588261273	0.027283676588261273	0.07462646967614177	0.07462646967614177	0.07462646967614177	0.12762709629440103	0.06381354814720051	0.027283676588261273	0.10653324374974202	0.09572032222080078
UP000018087	0.025426572927471608	0.03166226523103758	0.03166226523103758	0.03166226523103758	0.03166226523103758	0.025426572927471608	0.03166226523103758	0.025426572927471608	0.025426572927471608	0.03166226523103758	0.025426572927471608	0.025426572927471608	0.07885443645277436	0.07885443645277436	0.07885443645277436	0.12664906092415032	0.06332453046207516	0.025426572927471608	0.11051670168381195	0.09498679569311276
UP000002485	0.047290316053085306	0.031391551335060414	0.031391551335060414	0.031391551335060414	0.031391551335060414	0.047290316053085306	0.031391551335060414	0.047290316053085306	0.047290316053085306	0.031391551335060414	0.047290316053085306	0.047290316053085306	0.04167574156685899	0.04167574156685899	0.04167574156685899	0.12556620534024165	0.06278310267012083	0.047290316053085306	0.07306729290191942	0.09417465400518124
UP000006702	0.025940881003630768	0.03173689885013452	0.03173689885013452	0.03173689885013452	0.03173689885013452	0.025940881003630768	0.03173689885013452	0.025940881003630768	0.025940881003630768	0.03173689885013452	0.025940881003630768	0.025940881003630768	0.0776558628431081	0.0776558628431081	0.0776558628431081	0.12694759540053807	0.06347379770026904	0.025940881003630768	0.10939276169324262	0.09521069655040357
UP000001631	0.02984895799833285	0.032138861663999894	0.032138861663999894	0.032138861663999894	0.032138861663999894	0.02984895799833285	0.032138861663999894	0.02984895799833285	0.02984895799833285	0.032138861663999894	0.02984895799833285	0.02984895799833285	0.06920887684691793	0.06920887684691793	0.06920887684691793	0.12855544665599958	0.06427772332799979	0.02984895799833285	0.10134773851091783	0.09641658499199968
UP000054321	0.03513645453102919	0.032290380787003005	0.032290380787003005	0.032290380787003005	0.032290380787003005	0.03513645453102919	0.032290380787003005	0.03513645453102919	0.03513645453102919	0.032290380787003005	0.03513645453102919	0.03513645453102919	0.05934968142268689	0.05934968142268689	0.05934968142268689	0.12916152314801202	0.06458076157400601	0.03513645453102919	0.09164006220968988	0.09687114236100904
UP000008181	0.015424674259194554	0.02882263474824229	0.02882263474824229	0.02882263474824229	0.02882263474824229	0.015424674259194554	0.02882263474824229	0.015424674259194554	0.015424674259194554	0.02882263474824229	0.015424674259194554	0.015424674259194554	0.10771628105344039	0.10771628105344039	0.10771628105344039	0.11529053899296916	0.05764526949648458	0.015424674259194554	0.13653891580168268	0.08646790424472688
UP000000724	0.027790812446288757	0.031961950777173925	0.031961950777173925	0.031961950777173925	0.031961950777173925	0.027790812446288757	0.031961950777173925	0.027790812446288757	0.027790812446288757	0.031961950777173925	0.027790812446288757	0.027790812446288757	0.07351827511029897	0.07351827511029897	0.07351827511029897	0.1278478031086957	0.06392390155434785	0.027790812446288757	0.1054802258874729	0.09588585233152178
UP000030816	0.028860339405506513	0.03206303315801333	0.03206303315801333	0.03206303315801333	0.03206303315801333	0.028860339405506513	0.03206303315801333	0.028860339405506513	0.028860339405506513	0.03206303315801333	0.028860339405506513	0.028860339405506513	0.07124227340831024	0.07124227340831024	0.07124227340831024	0.12825213263205332	0.06412606631602666	0.028860339405506513	0.10330530656632357	0.09618909947403999
UP000269793	0.026133643946562268	0.03176347525259128	0.03176347525259128	0.03176347525259128	0.03176347525259128	0.026133643946562268	0.03176347525259128	0.026133643946562268	0.026133643946562268	0.03176347525259128	0.026133643946562268	0.026133643946562268	0.07721222208315089	0.07721222208315089	0.07721222208315089	0.12705390101036512	0.06352695050518256	0.026133643946562268	0.10897569733574217	0.09529042575777386
UP000009882	0.025903475643827324	0.03173165437061968	0.03173165437061968	0.03173165437061968	0.03173165437061968	0.025903475643827324	0.03173165437061968	0.025903475643827324	0.025903475643827324	0.03173165437061968	0.025903475643827324	0.025903475643827324	0.07774230014082346	0.07774230014082346	0.07774230014082346	0.12692661748247872	0.06346330874123936	0.025903475643827324	0.10947395451144315	0.09519496311185903
UP000001640	0.05431125612838596	0.030291468909455683	0.030291468909455683	0.030291468909455683	0.030291468909455683	0.05431125612838596	0.030291468909455683	0.05431125612838596	0.05431125612838596	0.030291468909455683	0.05431125612838596	0.05431125612838596	0.03378942613750182	0.03378942613750182	0.03378942613750182	0.12116587563782273	0.060582937818911366	0.05431125612838596	0.0640808950469575	0.09087440672836704
UP000054361	0.024649848133760806	0.031538966530256486	0.031538966530256486	0.031538966530256486	0.031538966530256486	0.024649848133760806	0.031538966530256486	0.024649848133760806	0.024649848133760806	0.031538966530256486	0.024649848133760806	0.024649848133760806	0.08070689964489265	0.08070689964489265	0.08070689964489265	0.12615586612102594	0.06307793306051297	0.024649848133760806	0.11224586617514913	0.09461689959076945
UP000218811	0.016716321097546238	0.029375647411867777	0.029375647411867777	0.029375647411867777	0.029375647411867777	0.016716321097546238	0.029375647411867777	0.016716321097546238	0.016716321097546238	0.029375647411867777	0.016716321097546238	0.016716321097546238	0.10324384843182294	0.10324384843182294	0.10324384843182294	0.11750258964747111	0.058751294823735555	0.016716321097546238	0.13261949584369073	0.08812694223560333
UP000000741	0.0806586659224114	0.023723137036003344	0.023723137036003344	0.023723137036003344	0.023723137036003344	0.0806586659224114	0.023723137036003344	0.0806586659224114	0.0806586659224114	0.023723137036003344	0.0806586659224114	0.0806586659224114	0.01395478649176667	0.01395478649176667	0.01395478649176667	0.09489254814401338	0.04744627407200669	0.0806586659224114	0.03767792352777001	0.07116941110801003
UP000001742	0.06904987271161873	0.027008545473039526	0.027008545473039526	0.027008545473039526	0.027008545473039526	0.06904987271161873	0.027008545473039526	0.06904987271161873	0.06904987271161873	0.027008545473039526	0.06904987271161873	0.06904987271161873	0.021128540862509093	0.021128540862509093	0.021128540862509093	0.1080341818921581	0.05401709094607905	0.06904987271161873	0.04813708633554862	0.08102563641911859
UP000184304	0.026494689614871555	0.03181124725336248	0.03181124725336248	0.03181124725336248	0.03181124725336248	0.026494689614871555	0.03181124725336248	0.026494689614871555	0.026494689614871555	0.03181124725336248	0.026494689614871555	0.026494689614871555	0.07638930416052489	0.07638930416052489	0.07638930416052489	0.1272449890134499	0.06362249450672496	0.026494689614871555	0.10820055141388736	0.09543374176008741
UP000000819	0.03467201660332156	0.03229268056864227	0.03229268056864227	0.03229268056864227	0.03229268056864227	0.03467201660332156	0.03229268056864227	0.03467201660332156	0.03467201660332156	0.03229268056864227	0.03467201660332156	0.03467201660332156	0.0601532486696182	0.0601532486696182	0.0601532486696182	0.12917072227456908	0.06458536113728454	0.03467201660332156	0.09244592923826046	0.09687804170592683
UP000006706	0.025500012183897903	0.031673258237336584	0.031673258237336584	0.031673258237336584	0.031673258237336584	0.025500012183897903	0.031673258237336584	0.025500012183897903	0.025500012183897903	0.031673258237336584	0.025500012183897903	0.025500012183897903	0.07868194572883236	0.07868194572883236	0.07868194572883236	0.12669303294934633	0.06334651647467317	0.025500012183897903	0.11035520396616894	0.09501977471200974
UP000011064	0.02272149169137104	0.03117396019936377	0.03117396019936377	0.03117396019936377	0.03117396019936377	0.02272149169137104	0.03117396019936377	0.02272149169137104	0.02272149169137104	0.03117396019936377	0.02272149169137104	0.02272149169137104	0.08554154874264559	0.08554154874264559	0.08554154874264559	0.12469584079745508	0.06234792039872754	0.02272149169137104	0.11671550894200937	0.09352188059809133
UP000031176	0.026903016250510906	0.031862182351516895	0.031862182351516895	0.031862182351516895	0.031862182351516895	0.026903016250510906	0.031862182351516895	0.026903016250510906	0.026903016250510906	0.031862182351516895	0.026903016250510906	0.026903016250510906	0.07547099215553836	0.07547099215553836	0.07547099215553836	0.12744872940606758	0.06372436470303379	0.026903016250510906	0.10733317450705525	0.09558654705455069
UP000011185	0.041026816706133964	0.03203994762209248	0.03203994762209248	0.03203994762209248	0.03203994762209248	0.041026816706133964	0.03203994762209248	0.041026816706133964	0.041026816706133964	0.03203994762209248	0.041026816706133964	0.041026816706133964	0.050043280275895635	0.050043280275895635	0.050043280275895635	0.12815979048836992	0.06407989524418496	0.041026816706133964	0.08208322789798812	0.09611984286627745
UP000001743	0.024326219054515413	0.03148370836436286	0.03148370836436286	0.03148370836436286	0.03148370836436286	0.024326219054515413	0.03148370836436286	0.024326219054515413	0.024326219054515413	0.03148370836436286	0.024326219054515413	0.024326219054515413	0.0814942831971466	0.0814942831971466	0.0814942831971466	0.12593483345745143	0.06296741672872572	0.024326219054515413	0.11297799156150948	0.09445112509308856
UP000054383	0.03280605907640188	0.032273024149822055	0.032273024149822055	0.032273024149822055	0.032273024149822055	0.03280605907640188	0.032273024149822055	0.03280605907640188	0.03280605907640188	0.032273024149822055	0.03280605907640188	0.03280605907640188	0.06349730001700851	0.06349730001700851	0.06349730001700851	0.12909209659928822	0.06454604829964411	0.03280605907640188	0.09577032416683055	0.09681907244946616
UP000001744	0.03761827302822878	0.03223282529335736	0.03223282529335736	0.03223282529335736	0.03223282529335736	0.03761827302822878	0.03223282529335736	0.03761827302822878	0.03761827302822878	0.03223282529335736	0.03761827302822878	0.03761827302822878	0.055236721027170234	0.055236721027170234	0.055236721027170234	0.12893130117342944	0.06446565058671472	0.03761827302822878	0.0874695463205276	0.09669847588007209
UP000033540	0.025739884562530214	0.031708381533826636	0.031708381533826636	0.031708381533826636	0.031708381533826636	0.025739884562530214	0.031708381533826636	0.025739884562530214	0.025739884562530214	0.031708381533826636	0.025739884562530214	0.025739884562530214	0.07812167588026557	0.07812167588026557	0.07812167588026557	0.12683352613530655	0.06341676306765327	0.025739884562530214	0.10983005741409221	0.09512514460147992
UP000006753	0.019945916769390577	0.030481948004415328	0.030481948004415328	0.030481948004415328	0.030481948004415328	0.019945916769390577	0.030481948004415328	0.019945916769390577	0.019945916769390577	0.030481948004415328	0.019945916769390577	0.019945916769390577	0.0931668536359052	0.0931668536359052	0.0931668536359052	0.12192779201766131	0.060963896008830655	0.019945916769390577	0.12364880164032052	0.09144584401324597
UP000219338	0.0307833166671118	0.032195776344120394	0.032195776344120394	0.032195776344120394	0.032195776344120394	0.0307833166671118	0.032195776344120394	0.0307833166671118	0.0307833166671118	0.032195776344120394	0.0307833166671118	0.0307833166671118	0.0673460904560728	0.0673460904560728	0.0673460904560728	0.12878310537648158	0.06439155268824079	0.0307833166671118	0.09954186680019318	0.09658732903236118
UP000184499	0.026383061632069545	0.03179675399709768	0.03179675399709768	0.03179675399709768	0.03179675399709768	0.026383061632069545	0.03179675399709768	0.026383061632069545	0.026383061632069545	0.03179675399709768	0.026383061632069545	0.026383061632069545	0.07664262615548759	0.07664262615548759	0.07664262615548759	0.12718701598839072	0.06359350799419536	0.026383061632069545	0.10843938015258528	0.09539026199129305
