	M	W	C	D	E	F	H	K	N	Q	Y	I	A	G	P	T	V	L	R	S
Start	3172798.0	82.0	82.0	334.0	288.0	183.0	126.0	207.0	166.0	169.0	140.0	240.0	750.0	521.0	420.0	356.0	837.0	454.0	431.0	387.0
M	1115900.0	516772.0	331343.0	2162726.0	2463284.0	1422768.0	791828.0	1974280.0	1503156.0	1580682.0	913671.0	2219726.0	4798844.0	3499853.0	2133478.0	2619929.0	3163097.0	4360882.0	2755801.0	2719810.0
W	516772.0	506068.0	275158.0	1564741.0	1409442.0	1056132.0	683378.0	945435.0	932722.0	1196184.0	755279.0	1251814.0	2610169.0	2240436.0	1312502.0	1457275.0	1804851.0	2901737.0	2060994.0	1648447.0
C	331343.0	275158.0	283436.0	1029595.0	947517.0	780898.0	520369.0	556194.0	585630.0	562576.0	561673.0	1010840.0	2025592.0	1838669.0	872702.0	961347.0	1407032.0	1875220.0	1180043.0	1122954.0
D	2162726.0	1564741.0	1029595.0	6392874.0	6784143.0	4708939.0	2420640.0	4487177.0	3378791.0	3396696.0	3394885.0	6659806.0	12301961.0	9251170.0	6668164.0	5874141.0	8610509.0	11898176.0	7201929.0	5829281.0
E	2463284.0	1409442.0	947517.0	6784143.0	8061704.0	4191968.0	2616874.0	6021789.0	3961945.0	4773616.0	3111926.0	7343330.0	13461161.0	8833968.0	6391176.0	6211060.0	9042049.0	12413669.0	8669072.0	6146082.0
F	1422768.0	1056132.0	780898.0	4708939.0	4191968.0	3196172.0	1652349.0	2686617.0	2639556.0	2322841.0	2350091.0	4013706.0	7493595.0	6598799.0	3393923.0	4268331.0	5501786.0	7302709.0	4498335.0	4931228.0
H	791828.0	683378.0	520369.0	2420640.0	2616874.0	1652349.0	1319592.0	1478118.0	1310870.0	1605728.0	1293300.0	2136647.0	4341379.0	3724600.0	2549198.0	2229480.0	3003322.0	4417978.0	3137803.0	2320603.0
K	1974280.0	945435.0	556194.0	4487177.0	6021789.0	2686617.0	1478118.0	5244078.0	3341835.0	3178327.0	2311852.0	5105224.0	7773722.0	6406603.0	3645841.0	4265546.0	5815870.0	8207814.0	4710087.0	4556463.0
N	1503156.0	932722.0	585630.0	3378791.0	3961945.0	2639556.0	1310870.0	3341835.0	2684610.0	2390176.0	2039355.0	4182474.0	5817327.0	5136665.0	3383959.0	3409296.0	4613669.0	6530275.0	3716239.0	3662101.0
Q	1580682.0	1196184.0	562576.0	3396696.0	4773616.0	2322841.0	1605728.0	3178327.0	2390176.0	3681486.0	2055002.0	3653570.0	7966965.0	5356621.0	3588255.0	3623318.0	4980258.0	7160290.0	5007702.0	3893577.0
Y	913671.0	755279.0	561673.0	3394885.0	3111926.0	2350091.0	1293300.0	2311852.0	2039355.0	2055002.0	1831692.0	2813186.0	5098749.0	4809882.0	2618435.0	2947106.0	3661498.0	5356077.0	3818825.0	3273052.0
I	2219726.0	1251814.0	1010840.0	6659806.0	7343330.0	4013706.0	2136647.0	5105224.0	4182474.0	3653570.0	2813186.0	5992726.0	11366660.0	9222221.0	4759761.0	6157134.0	8135220.0	10085483.0	6525878.0	6564903.0
A	4798844.0	2610169.0	2025592.0	12301961.0	13461161.0	7493595.0	4341379.0	7773722.0	5817327.0	7966965.0	5098749.0	11366660.0	29162028.0	17850112.0	10971208.0	11879320.0	17041225.0	24570853.0	13993613.0	11704031.0
G	3499853.0	2240436.0	1838669.0	9251170.0	8833968.0	6598799.0	3724600.0	6406603.0	5136665.0	5356621.0	4809882.0	9222221.0	17850112.0	13839482.0	7740598.0	10020832.0	11938526.0	16469190.0	9793563.0	10233244.0
P	2133478.0	1312502.0	872702.0	6668164.0	6391176.0	3393923.0	2549198.0	3645841.0	3383959.0	3588255.0	2618435.0	4759761.0	10971208.0	7740598.0	5107212.0	6058834.0	8071650.0	10457807.0	6032253.0	5744511.0
T	2619929.0	1457275.0	961347.0	5874141.0	6211060.0	4268331.0	2229480.0	4265546.0	3409296.0	3623318.0	2947106.0	6157134.0	11879320.0	10020832.0	6058834.0	6612470.0	9329339.0	12136036.0	6584646.0	6346913.0
V	3163097.0	1804851.0	1407032.0	8610509.0	9042049.0	5501786.0	3003322.0	5815870.0	4613669.0	4980258.0	3661498.0	8135220.0	17041225.0	11938526.0	8071650.0	9329339.0	12861828.0	15759142.0	9502517.0	8828705.0
L	4360882.0	2901737.0	1875220.0	11898176.0	12413669.0	7302709.0	4417978.0	8207814.0	6530275.0	7160290.0	5356077.0	10085483.0	24570853.0	16469190.0	10457807.0	12136036.0	15759142.0	21877114.0	14008137.0	12614834.0
R	2755801.0	2060994.0	1180043.0	7201929.0	8669072.0	4498335.0	3137803.0	4710087.0	3716239.0	5007702.0	3818825.0	6525878.0	13993613.0	9793563.0	6032253.0	6584646.0	9502517.0	14008137.0	10347432.0	6911783.0
S	2719810.0	1648447.0	1122954.0	5829281.0	6146082.0	4931228.0	2320603.0	4556463.0	3662101.0	3893577.0	3273052.0	6564903.0	11704031.0	10233244.0	5744511.0	6346913.0	8828705.0	12614834.0	6911783.0	7309564.0
End	30705.0	36668.0	30229.0	150768.0	199233.0	111753.0	82309.0	262559.0	114156.0	122472.0	60492.0	106716.0	373408.0	281056.0	162523.0	86464.0	154003.0	223859.0	347646.0	241949.0
