Proteome_ID	M	W	C	D	E	F	H	K	N	Q	Y	I	A	G	P	T	V	L	R	S
UP000001015	0.06099267035271603	0.030218544638325035	0.030218544638325035	0.030218544638325035	0.030218544638325035	0.06099267035271603	0.030218544638325035	0.06099267035271603	0.06099267035271603	0.030218544638325035	0.06099267035271603	0.06099267035271603	0.02994328448902809	0.02994328448902809	0.02994328448902809	0.06043708927665007	0.06043708927665007	0.1214297596293661	0.02994328448902809	0.09065563391497511
UP000007478	0.05196742249282666	0.03194327804604941	0.03194327804604941	0.03194327804604941	0.03194327804604941	0.05196742249282666	0.03194327804604941	0.05196742249282666	0.05196742249282666	0.03194327804604941	0.05196742249282666	0.05196742249282666	0.03926971796486808	0.03926971796486808	0.03926971796486808	0.06388655609209883	0.06388655609209883	0.11585397858492548	0.03926971796486808	0.09582983413814825
UP000000674	0.02616717439836041	0.03268340741275778	0.03268340741275778	0.03268340741275778	0.03268340741275778	0.02616717439836041	0.03268340741275778	0.02616717439836041	0.02616717439836041	0.03268340741275778	0.02616717439836041	0.02616717439836041	0.08164466700502765	0.08164466700502765	0.08164466700502765	0.06536681482551555	0.06536681482551555	0.09153398922387596	0.08164466700502765	0.09805022223827334
UP000001931	0.06476114262116124	0.02935043748645171	0.02935043748645171	0.02935043748645171	0.02935043748645171	0.06476114262116124	0.02935043748645171	0.06476114262116124	0.06476114262116124	0.02935043748645171	0.06476114262116124	0.06476114262116124	0.026603859838773888	0.026603859838773888	0.026603859838773888	0.05870087497290342	0.05870087497290342	0.12346201759406467	0.026603859838773888	0.08805131245935513
UP000000641	0.026461781697459354	0.03272865906310802	0.03272865906310802	0.03272865906310802	0.03272865906310802	0.026461781697459354	0.03272865906310802	0.026461781697459354	0.026461781697459354	0.03272865906310802	0.026461781697459354	0.026461781697459354	0.08095941054279103	0.08095941054279103	0.08095941054279103	0.06545731812621604	0.06545731812621604	0.0919190998236754	0.08095941054279103	0.09818597718932406
UP000002518	0.023993082297547277	0.032291373684998625	0.032291373684998625	0.032291373684998625	0.032291373684998625	0.023993082297547277	0.032291373684998625	0.023993082297547277	0.023993082297547277	0.032291373684998625	0.023993082297547277	0.023993082297547277	0.08691945466054742	0.08691945466054742	0.08691945466054742	0.06458274736999725	0.06458274736999725	0.08857582966754453	0.08691945466054742	0.09687412105499589
UP000001826	0.020269013674714564	0.031348882343735916	0.031348882343735916	0.031348882343735916	0.031348882343735916	0.020269013674714564	0.031348882343735916	0.020269013674714564	0.020269013674714564	0.031348882343735916	0.020269013674714564	0.020269013674714564	0.0969709172802398	0.0969709172802398	0.0969709172802398	0.06269776468747183	0.06269776468747183	0.0829667783621864	0.0969709172802398	0.09404664703120776
UP000005223	0.032230593968887285	0.03328879514268793	0.03328879514268793	0.03328879514268793	0.03328879514268793	0.032230593968887285	0.03328879514268793	0.032230593968887285	0.032230593968887285	0.03328879514268793	0.032230593968887285	0.032230593968887285	0.06876347876936754	0.06876347876936754	0.06876347876936754	0.06657759028537585	0.06657759028537585	0.09880818425426313	0.06876347876936754	0.0998663854280638
UP000000536	0.02666018928307501	0.03275812955698594	0.03275812955698594	0.03275812955698594	0.03275812955698594	0.02666018928307501	0.03275812955698594	0.02666018928307501	0.02666018928307501	0.03275812955698594	0.02666018928307501	0.02666018928307501	0.08050168291592145	0.08050168291592145	0.08050168291592145	0.06551625911397188	0.06551625911397188	0.09217644839704689	0.08050168291592145	0.09827438867095782
UP000002199	0.035475810995107715	0.033370193648979724	0.033370193648979724	0.033370193648979724	0.033370193648979724	0.035475810995107715	0.033370193648979724	0.035475810995107715	0.035475810995107715	0.033370193648979724	0.035475810995107715	0.035475810995107715	0.06277910457488756	0.06277910457488756	0.06277910457488756	0.06674038729795945	0.06674038729795945	0.10221619829306716	0.06277910457488756	0.10011058094693917
UP000002439	0.030925570368921705	0.03321203803169746	0.03321203803169746	0.03321203803169746	0.03321203803169746	0.030925570368921705	0.03321203803169746	0.030925570368921705	0.030925570368921705	0.03321203803169746	0.030925570368921705	0.030925570368921705	0.07133510923552153	0.07133510923552153	0.07133510923552153	0.06642407606339493	0.06642407606339493	0.09734964643231664	0.07133510923552153	0.09963611409509239
UP000001024	0.03631457270150269	0.03336779422261721	0.03336779422261721	0.03336779422261721	0.03336779422261721	0.03631457270150269	0.03336779422261721	0.03631457270150269	0.03631457270150269	0.03336779422261721	0.03631457270150269	0.03631457270150269	0.06132026943755578	0.06132026943755578	0.06132026943755578	0.06673558844523442	0.06673558844523442	0.10305016114673711	0.06132026943755578	0.1001033826678516
UP000000578	0.06135369134009664	0.03013886106177847	0.03013886106177847	0.03013886106177847	0.03013886106177847	0.06135369134009664	0.03013886106177847	0.06135369134009664	0.06135369134009664	0.03013886106177847	0.06135369134009664	0.06135369134009664	0.029610311173161624	0.029610311173161624	0.029610311173161624	0.06027772212355694	0.06027772212355694	0.12163141346365358	0.029610311173161624	0.09041658318533542
UP000001686	0.03300562050395784	0.033321979422533884	0.033321979422533884	0.033321979422533884	0.033321979422533884	0.03300562050395784	0.033321979422533884	0.03300562050395784	0.03300562050395784	0.033321979422533884	0.03300562050395784	0.03300562050395784	0.06728274128357167	0.06728274128357167	0.06728274128357167	0.06664395884506777	0.06664395884506777	0.09964957934902563	0.06728274128357167	0.09996593826760168
UP000002698	0.016371891697514122	0.029901030967795804	0.029901030967795804	0.029901030967795804	0.029901030967795804	0.016371891697514122	0.029901030967795804	0.016371891697514122	0.016371891697514122	0.029901030967795804	0.016371891697514122	0.016371891697514122	0.10922032340011606	0.10922032340011606	0.10922032340011606	0.05980206193559161	0.05980206193559161	0.07617395363310572	0.10922032340011606	0.0897030929033874
UP000001975	0.03526863978987548	0.03336936805231455	0.03336936805231455	0.03336936805231455	0.03336936805231455	0.03526863978987548	0.03336936805231455	0.03526863978987548	0.03526863978987548	0.03336936805231455	0.03526863978987548	0.03526863978987548	0.06314475017153831	0.06314475017153831	0.06314475017153831	0.0667387361046291	0.0667387361046291	0.1020073758945046	0.06314475017153831	0.10010810415694366
UP000001013	0.04573200039486062	0.03278779628702809	0.03278779628702809	0.03278779628702809	0.03278779628702809	0.04573200039486062	0.03278779628702809	0.04573200039486062	0.04573200039486062	0.03278779628702809	0.04573200039486062	0.04573200039486062	0.04701476323263859	0.04701476323263859	0.04701476323263859	0.06557559257405618	0.06557559257405618	0.11130759296891682	0.04701476323263859	0.09836338886108428
UP000000590	0.05702293576522872	0.03104288286203691	0.03104288286203691	0.03104288286203691	0.03104288286203691	0.05702293576522872	0.03104288286203691	0.05702293576522872	0.05702293576522872	0.03104288286203691	0.05702293576522872	0.05702293576522872	0.033799051678211324	0.033799051678211324	0.033799051678211324	0.06208576572407382	0.06208576572407382	0.11910870148930254	0.033799051678211324	0.09312864858611074
UP000001974	0.056034785133045335	0.03123261659730041	0.03123261659730041	0.03123261659730041	0.03123261659730041	0.056034785133045335	0.03123261659730041	0.056034785133045335	0.056034785133045335	0.03123261659730041	0.056034785133045335	0.056034785133045335	0.03481681377729415	0.03481681377729415	0.03481681377729415	0.06246523319460082	0.06246523319460082	0.11850001832764614	0.03481681377729415	0.09369784979190122
UP000001018	0.05468905809965929	0.03148053634697193	0.03148053634697193	0.03148053634697193	0.03148053634697193	0.05468905809965929	0.03148053634697193	0.05468905809965929	0.05468905809965929	0.03148053634697193	0.05468905809965929	0.05468905809965929	0.036242137024451504	0.036242137024451504	0.036242137024451504	0.06296107269394385	0.06296107269394385	0.11765013079360315	0.036242137024451504	0.09444160904091578
UP000001137	0.03935040059329722	0.033286265867495085	0.033286265867495085	0.033286265867495085	0.033286265867495085	0.03935040059329722	0.033286265867495085	0.03935040059329722	0.03935040059329722	0.033286265867495085	0.03935040059329722	0.03935040059329722	0.05631330195862332	0.05631330195862332	0.05631330195862332	0.06657253173499017	0.06657253173499017	0.10592293232828738	0.05631330195862332	0.09985879760248526
UP000000554	0.013912322073356539	0.02866806383992207	0.02866806383992207	0.02866806383992207	0.02866806383992207	0.013912322073356539	0.02866806383992207	0.013912322073356539	0.013912322073356539	0.02866806383992207	0.013912322073356539	0.013912322073356539	0.11814819697191828	0.11814819697191828	0.11814819697191828	0.05733612767984414	0.05733612767984414	0.07124844975320067	0.11814819697191828	0.08600419151976622
UP000000365	0.029965681999699907	0.03313803002179763	0.03313803002179763	0.03313803002179763	0.03313803002179763	0.029965681999699907	0.03313803002179763	0.029965681999699907	0.029965681999699907	0.03313803002179763	0.029965681999699907	0.029965681999699907	0.07329244391878403	0.07329244391878403	0.07329244391878403	0.06627606004359526	0.06627606004359526	0.09624174204329516	0.07329244391878403	0.09941409006539288
UP000008243	0.015984829754123697	0.029725538613566558	0.029725538613566558	0.029725538613566558	0.029725538613566558	0.015984829754123697	0.029725538613566558	0.015984829754123697	0.015984829754123697	0.029725538613566558	0.015984829754123697	0.015984829754123697	0.11055577812940891	0.11055577812940891	0.11055577812940891	0.059451077227133116	0.059451077227133116	0.07543590698125682	0.11055577812940891	0.08917661584069969
UP000000805	0.06394140755528935	0.029545972770881813	0.029545972770881813	0.029545972770881813	0.029545972770881813	0.06394140755528935	0.029545972770881813	0.06394140755528935	0.06394140755528935	0.029545972770881813	0.06394140755528935	0.06394140755528935	0.02730513888743684	0.02730513888743684	0.02730513888743684	0.05909194554176363	0.05909194554176363	0.12303335309705299	0.02730513888743684	0.08863791831264543
UP000001400	0.04605898422754631	0.03275164460669274	0.03275164460669274	0.03275164460669274	0.03275164460669274	0.04605898422754631	0.03275164460669274	0.04605898422754631	0.04605898422754631	0.03275164460669274	0.04605898422754631	0.04605898422754631	0.04657811032669618	0.04657811032669618	0.04657811032669618	0.06550328921338548	0.06550328921338548	0.11156227344093178	0.04657811032669618	0.09825493382007823
UP000002408	0.024024872868230795	0.032297879909059385	0.032297879909059385	0.032297879909059385	0.032297879909059385	0.024024872868230795	0.032297879909059385	0.024024872868230795	0.024024872868230795	0.032297879909059385	0.024024872868230795	0.024024872868230795	0.08683942282162345	0.08683942282162345	0.08683942282162345	0.06459575981811877	0.06459575981811877	0.08862063268634957	0.08683942282162345	0.09689363972717814
UP000000254	0.05288949365555862	0.03179247006648792	0.03179247006648792	0.03179247006648792	0.03179247006648792	0.05288949365555862	0.03179247006648792	0.05288949365555862	0.05288949365555862	0.03179247006648792	0.05288949365555862	0.05288949365555862	0.03822162335344274	0.03822162335344274	0.03822162335344274	0.06358494013297585	0.06358494013297585	0.11647443378853445	0.03822162335344274	0.09537741019946373
UP000000663	0.02311576803354025	0.03210217887408348	0.03210217887408348	0.03210217887408348	0.03210217887408348	0.02311576803354025	0.03210217887408348	0.02311576803354025	0.02311576803354025	0.03210217887408348	0.02311576803354025	0.02311576803354025	0.08916423516349155	0.08916423516349155	0.08916423516349155	0.06420435774816696	0.06420435774816696	0.0873201257817072	0.08916423516349155	0.09630653662225043
UP000002613	0.040467140355313326	0.0332293895623066	0.0332293895623066	0.0332293895623066	0.0332293895623066	0.040467140355313326	0.0332293895623066	0.040467140355313326	0.040467140355313326	0.0332293895623066	0.040467140355313326	0.040467140355313326	0.05457229351955188	0.05457229351955188	0.05457229351955188	0.0664587791246132	0.0664587791246132	0.10692591947992652	0.05457229351955188	0.09968816868691979
UP000002487	0.035826159615620704	0.033370302647167366	0.033370302647167366	0.033370302647167366	0.033370302647167366	0.035826159615620704	0.033370302647167366	0.035826159615620704	0.035826159615620704	0.033370302647167366	0.035826159615620704	0.035826159615620704	0.06216558574578618	0.06216558574578618	0.06216558574578618	0.06674060529433473	0.06674060529433473	0.10256676490995544	0.06216558574578618	0.10011090794150211
UP000007722	0.06272287867216016	0.029829844052792286	0.029829844052792286	0.029829844052792286	0.029829844052792286	0.06272287867216016	0.029829844052792286	0.06272287867216016	0.06272287867216016	0.029829844052792286	0.06272287867216016	0.06272287867216016	0.02837304712574865	0.02837304712574865	0.02837304712574865	0.05965968810558457	0.05965968810558457	0.12238256677774473	0.02837304712574865	0.08948953215837686
UP000002071	0.017642377785636366	0.030433806536674487	0.030433806536674487	0.030433806536674487	0.030433806536674487	0.017642377785636366	0.030433806536674487	0.017642377785636366	0.017642377785636366	0.030433806536674487	0.017642377785636366	0.017642377785636366	0.10499906436260704	0.10499906436260704	0.10499906436260704	0.060867613073348974	0.060867613073348974	0.07850999085898534	0.10499906436260704	0.09130141961002346
UP000002376	0.036421542565476354	0.03336683665135474	0.03336683665135474	0.03336683665135474	0.03336683665135474	0.036421542565476354	0.03336683665135474	0.036421542565476354	0.036421542565476354	0.03336683665135474	0.036421542565476354	0.036421542565476354	0.06113666306783612	0.06113666306783612	0.06113666306783612	0.06673367330270948	0.06673367330270948	0.10315521586818582	0.06113666306783612	0.10010050995406419
UP000001941	0.034473041832784976	0.03336083798533688	0.03336083798533688	0.03336083798533688	0.03336083798533688	0.034473041832784976	0.03336083798533688	0.034473041832784976	0.034473041832784976	0.03336083798533688	0.034473041832784976	0.034473041832784976	0.06456903434761298	0.06456903434761298	0.06456903434761298	0.06672167597067376	0.06672167597067376	0.10119471780345873	0.06456903434761298	0.10008251395601063
UP000000391	0.05147290086162649	0.032021562344575115	0.032021562344575115	0.032021562344575115	0.032021562344575115	0.05147290086162649	0.032021562344575115	0.05147290086162649	0.05147290086162649	0.032021562344575115	0.05147290086162649	0.05147290086162649	0.03984156469999699	0.03984156469999699	0.03984156469999699	0.06404312468915023	0.06404312468915023	0.11551602555077671	0.03984156469999699	0.09606468703372537
UP000009079	0.048410702174953225	0.03246413140833996	0.03246413140833996	0.03246413140833996	0.03246413140833996	0.048410702174953225	0.03246413140833996	0.048410702174953225	0.048410702174953225	0.03246413140833996	0.048410702174953225	0.048410702174953225	0.043540778412557005	0.043540778412557005	0.043540778412557005	0.06492826281667992	0.06492826281667992	0.11333896499163315	0.043540778412557005	0.09739239422501987
UP000000242	0.03786467163178429	0.0333399737102854	0.0333399737102854	0.0333399737102854	0.0333399737102854	0.03786467163178429	0.0333399737102854	0.03786467163178429	0.03786467163178429	0.0333399737102854	0.03786467163178429	0.03786467163178429	0.05871192323080724	0.05871192323080724	0.05871192323080724	0.0666799474205708	0.0666799474205708	0.10454461905235508	0.05871192323080724	0.1000199211308562
UP000002654	0.018820303148197628	0.030873194719431805	0.030873194719431805	0.030873194719431805	0.030873194719431805	0.018820303148197628	0.030873194719431805	0.018820303148197628	0.018820303148197628	0.030873194719431805	0.018820303148197628	0.018820303148197628	0.10128998929278489	0.10128998929278489	0.10128998929278489	0.06174638943886361	0.06174638943886361	0.08056669258706123	0.10128998929278489	0.09261958415829541
UP000002593	0.02930989240160956	0.03307849733549804	0.03307849733549804	0.03307849733549804	0.03307849733549804	0.02930989240160956	0.03307849733549804	0.02930989240160956	0.02930989240160956	0.03307849733549804	0.02930989240160956	0.02930989240160956	0.0746633232890656	0.0746633232890656	0.0746633232890656	0.06615699467099607	0.06615699467099607	0.09546688707260563	0.0746633232890656	0.09923549200649412
UP000001746	0.01590022877396165	0.029686317050414985	0.029686317050414985	0.029686317050414985	0.029686317050414985	0.01590022877396165	0.029686317050414985	0.01590022877396165	0.01590022877396165	0.029686317050414985	0.01590022877396165	0.01590022877396165	0.1108509107065109	0.1108509107065109	0.1108509107065109	0.05937263410082997	0.05937263410082997	0.07527286287479162	0.1108509107065109	0.08905895115124494
UP000001059	0.04258620698500965	0.033084746724484505	0.033084746724484505	0.033084746724484505	0.033084746724484505	0.04258620698500965	0.033084746724484505	0.04258620698500965	0.04258620698500965	0.033084746724484505	0.04258620698500965	0.04258620698500965	0.05140633755941623	0.05140633755941623	0.05140633755941623	0.06616949344896901	0.06616949344896901	0.10875570043397866	0.05140633755941623	0.09925424017345348
UP000000262	0.024695355883677907	0.03242959136556951	0.03242959136556951	0.03242959136556951	0.03242959136556951	0.024695355883677907	0.03242959136556951	0.024695355883677907	0.024695355883677907	0.03242959136556951	0.024695355883677907	0.024695355883677907	0.08517215958267801	0.08517215958267801	0.08517215958267801	0.06485918273113903	0.06485918273113903	0.08955453861481692	0.08517215958267801	0.09728877409670854
UP000001879	0.02189537398129565	0.03180657935028329	0.03180657935028329	0.03180657935028329	0.03180657935028329	0.02189537398129565	0.03180657935028329	0.02189537398129565	0.02189537398129565	0.03180657935028329	0.02189537398129565	0.02189537398129565	0.0924084229691703	0.0924084229691703	0.0924084229691703	0.06361315870056658	0.06361315870056658	0.08550853268186223	0.0924084229691703	0.09541973805084987
UP000000740	0.013734411050108508	0.028567182483368293	0.028567182483368293	0.028567182483368293	0.028567182483368293	0.013734411050108508	0.028567182483368293	0.013734411050108508	0.013734411050108508	0.028567182483368293	0.013734411050108508	0.013734411050108508	0.11883784634967903	0.11883784634967903	0.11883784634967903	0.05713436496673659	0.05713436496673659	0.07086877601684509	0.11883784634967903	0.08570154745010487
UP000008680	0.05423993082536412	0.0315605218567358	0.0315605218567358	0.0315605218567358	0.0315605218567358	0.05423993082536412	0.0315605218567358	0.05423993082536412	0.05423993082536412	0.0315605218567358	0.05423993082536412	0.05423993082536412	0.0367281640928535	0.0367281640928535	0.0367281640928535	0.0631210437134716	0.0631210437134716	0.11736097453883573	0.0367281640928535	0.09468156557020742
UP000000792	0.056841069343930885	0.031078282418147522	0.031078282418147522	0.031078282418147522	0.031078282418147522	0.056841069343930885	0.031078282418147522	0.056841069343930885	0.056841069343930885	0.031078282418147522	0.056841069343930885	0.056841069343930885	0.033984569580067736	0.033984569580067736	0.033984569580067736	0.062156564836295045	0.062156564836295045	0.11899763418022594	0.033984569580067736	0.09323484725444256
UP000002457	0.023186724458667592	0.03211818508546666	0.03211818508546666	0.03211818508546666	0.03211818508546666	0.023186724458667592	0.03211818508546666	0.023186724458667592	0.023186724458667592	0.03211818508546666	0.023186724458667592	0.023186724458667592	0.08898003812683178	0.08898003812683178	0.08898003812683178	0.06423637017093332	0.06423637017093332	0.08742309462960089	0.08898003812683178	0.09635455525639997
UP000000758	0.022015403286019298	0.03183739892136006	0.03183739892136006	0.03183739892136006	0.03183739892136006	0.022015403286019298	0.03183739892136006	0.022015403286019298	0.022015403286019298	0.03183739892136006	0.022015403286019298	0.022015403286019298	0.092082798294366	0.092082798294366	0.092082798294366	0.06367479784272012	0.06367479784272012	0.0856902011287394	0.092082798294366	0.09551219676408018
UP000006565	0.036033106733643586	0.03336961513139934	0.03336961513139934	0.03336961513139934	0.03336961513139934	0.036033106733643586	0.03336961513139934	0.036033106733643586	0.036033106733643586	0.03336961513139934	0.036033106733643586	0.036033106733643586	0.06180600647337623	0.06180600647337623	0.06180600647337623	0.06673923026279868	0.06673923026279868	0.10277233699644227	0.06180600647337623	0.10010884539419802
UP000001169	0.017440438433599055	0.030353367872752425	0.030353367872752425	0.030353367872752425	0.030353367872752425	0.017440438433599055	0.030353367872752425	0.017440438433599055	0.017440438433599055	0.030353367872752425	0.017440438433599055	0.017440438433599055	0.10565410321838009	0.10565410321838009	0.10565410321838009	0.06070673574550485	0.06070673574550485	0.0781471741791039	0.10565410321838009	0.09106010361825727
UP000006681	0.04127149003527664	0.033180016536853624	0.033180016536853624	0.033180016536853624	0.033180016536853624	0.04127149003527664	0.033180016536853624	0.04127149003527664	0.04127149003527664	0.033180016536853624	0.04127149003527664	0.04127149003527664	0.053349830425064804	0.053349830425064804	0.053349830425064804	0.06636003307370725	0.06636003307370725	0.1076315231089839	0.053349830425064804	0.09954004961056089
UP000009227	0.05183791820774534	0.03196395595557461	0.03196395595557461	0.03196395595557461	0.03196395595557461	0.05183791820774534	0.03196395595557461	0.05183791820774534	0.05183791820774534	0.03196395595557461	0.05183791820774534	0.05183791820774534	0.03941880830304089	0.03941880830304089	0.03941880830304089	0.06392791191114922	0.06392791191114922	0.11576583011889453	0.03941880830304089	0.0958918678667238
UP000000346	0.01954397446945293	0.031119296425701996	0.031119296425701996	0.031119296425701996	0.031119296425701996	0.01954397446945293	0.031119296425701996	0.01954397446945293	0.01954397446945293	0.031119296425701996	0.01954397446945293	0.01954397446945293	0.0991006830820749	0.0991006830820749	0.0991006830820749	0.06223859285140399	0.06223859285140399	0.08178256732085692	0.0991006830820749	0.09335788927710599
UP000005877	0.019118508946492065	0.030976719135576355	0.030976719135576355	0.030976719135576355	0.030976719135576355	0.019118508946492065	0.030976719135576355	0.019118508946492065	0.019118508946492065	0.030976719135576355	0.019118508946492065	0.019118508946492065	0.10037991258522756	0.10037991258522756	0.10037991258522756	0.06195343827115271	0.06195343827115271	0.08107194721764478	0.10037991258522756	0.09293015740672908
UP000001304	0.05866596052903315	0.030713491772562104	0.030713491772562104	0.030713491772562104	0.030713491772562104	0.05866596052903315	0.030713491772562104	0.05866596052903315	0.05866596052903315	0.030713491772562104	0.05866596052903315	0.05866596052903315	0.03215897492708407	0.03215897492708407	0.03215897492708407	0.06142698354512421	0.06142698354512421	0.12009294407415737	0.03215897492708407	0.09214047531768634
UP000002315	0.062626004076484	0.029852057891106218	0.029852057891106218	0.029852057891106218	0.029852057891106218	0.062626004076484	0.029852057891106218	0.062626004076484	0.062626004076484	0.029852057891106218	0.062626004076484	0.062626004076484	0.028459275774504703	0.028459275774504703	0.028459275774504703	0.059704115782212436	0.059704115782212436	0.12233011985869645	0.028459275774504703	0.08955617367331867
UP000012076	0.022287087318462098	0.03190572500327206	0.03190572500327206	0.03190572500327206	0.03190572500327206	0.022287087318462098	0.03190572500327206	0.022287087318462098	0.022287087318462098	0.03190572500327206	0.022287087318462098	0.022287087318462098	0.09135112843042109	0.09135112843042109	0.09135112843042109	0.06381145000654412	0.06381145000654412	0.08609853732500623	0.09135112843042109	0.09571717500981619
UP000006663	0.023043380335773918	0.032085719454875074	0.032085719454875074	0.032085719454875074	0.032085719454875074	0.023043380335773918	0.032085719454875074	0.023043380335773918	0.023043380335773918	0.032085719454875074	0.023043380335773918	0.023043380335773918	0.08935263645661412	0.08935263645661412	0.08935263645661412	0.06417143890975015	0.06417143890975015	0.08721481924552406	0.08935263645661412	0.09625715836462523
UP000014070	0.0497954727623905	0.03227318791242902	0.03227318791242902	0.03227318791242902	0.03227318791242902	0.0497954727623905	0.03227318791242902	0.0497954727623905	0.0497954727623905	0.03227318791242902	0.0497954727623905	0.0497954727623905	0.04183346799420781	0.04183346799420781	0.04183346799420781	0.06454637582485805	0.06454637582485805	0.11434184858724854	0.04183346799420781	0.09681956373728708
UP000001901	0.04113215187356873	0.03318906258964642	0.03318906258964642	0.03318906258964642	0.03318906258964642	0.04113215187356873	0.03318906258964642	0.04113215187356873	0.04113215187356873	0.03318906258964642	0.04113215187356873	0.04113215187356873	0.05355974951008064	0.05355974951008064	0.05355974951008064	0.06637812517929284	0.06637812517929284	0.10751027705286158	0.05355974951008064	0.09956718776893926
UP000006794	0.012918324060056184	0.02808163760345532	0.02808163760345532	0.02808163760345532	0.02808163760345532	0.012918324060056184	0.02808163760345532	0.012918324060056184	0.012918324060056184	0.02808163760345532	0.012918324060056184	0.012918324060056184	0.12208679188194421	0.12208679188194421	0.12208679188194421	0.05616327520691064	0.05616327520691064	0.06908159926696683	0.12208679188194421	0.08424491281036597
UP000011511	0.03125052382733395	0.03323366863520979	0.03323366863520979	0.03323366863520979	0.03323366863520979	0.03125052382733395	0.03323366863520979	0.03125052382733395	0.03125052382733395	0.03323366863520979	0.03125052382733395	0.03125052382733395	0.0706853259201289	0.0706853259201289	0.0706853259201289	0.06646733727041958	0.06646733727041958	0.09771786109775352	0.0706853259201289	0.09970100590562937
UP000007807	0.02846221699500147	0.032990296971478976	0.032990296971478976	0.032990296971478976	0.032990296971478976	0.02846221699500147	0.032990296971478976	0.02846221699500147	0.02846221699500147	0.032990296971478976	0.02846221699500147	0.02846221699500147	0.07647750661570125	0.07647750661570125	0.07647750661570125	0.06598059394295795	0.06598059394295795	0.09444281093795943	0.07647750661570125	0.09897089091443693
UP000007490	0.04900271599174458	0.032384403611935536	0.032384403611935536	0.032384403611935536	0.032384403611935536	0.04900271599174458	0.032384403611935536	0.04900271599174458	0.04900271599174458	0.032384403611935536	0.04900271599174458	0.04900271599174458	0.0428037334696887	0.0428037334696887	0.0428037334696887	0.06476880722387107	0.06476880722387107	0.11377152321561565	0.0428037334696887	0.09715321083580661
UP000058290	0.024378990787940143	0.0323687440713827	0.0323687440713827	0.0323687440713827	0.0323687440713827	0.024378990787940143	0.0323687440713827	0.024378990787940143	0.024378990787940143	0.0323687440713827	0.024378990787940143	0.024378990787940143	0.08595397585341961	0.08595397585341961	0.08595397585341961	0.0647374881427654	0.0647374881427654	0.08911647893070557	0.08595397585341961	0.09710623221414813
UP000006622	0.04508966463977741	0.03285599619764727	0.03285599619764727	0.03285599619764727	0.03285599619764727	0.04508966463977741	0.03285599619764727	0.04508966463977741	0.04508966463977741	0.03285599619764727	0.04508966463977741	0.04508966463977741	0.04788310113921225	0.04788310113921225	0.04788310113921225	0.06571199239529454	0.06571199239529454	0.11080165703507196	0.04788310113921225	0.09856798859294182
UP000012672	0.02443792766373411	0.0323802541544477	0.0323802541544477	0.0323802541544477	0.0323802541544477	0.02443792766373411	0.0323802541544477	0.02443792766373411	0.02443792766373411	0.0323802541544477	0.02443792766373411	0.02443792766373411	0.08580767350928643	0.08580767350928643	0.08580767350928643	0.0647605083088954	0.0647605083088954	0.08919843597262954	0.08580767350928643	0.0971407624633431
