	AAA	AAC	AAG	AAT	ACA	ACC	ACG	ACT	AGA	AGC	AGG	AGT	ATA	ATC	ATG	ATT	CAA	CAC	CAG	CAT	CCA	CCC	CCG	CCT	CGA	CGC	CGG	CGT	CTA	CTC	CTG	CTT	GAA	GAC	GAG	GAT	GCA	GCC	GCG	GCT	GGA	GGC	GGG	GGT	GTA	GTC	GTG	GTT	TAA	TAC	TAG	TAT	TCA	TCC	TCG	TCT	TGA	TGC	TGG	TGT	TTA	TTC	TTG	TTT
AAA	9613.0	8135.5	15748.0	8040.0	7138.5	5446.0	2359.0	4985.5	6847.5	5448.0	5001.5	4919.5	5484.0	7361.5	9373.5	6778.0	7020.0	4274.0	7593.0	4275.5	6448.0	4388.0	2316.0	4523.5	2902.5	3026.5	2683.0	2003.5	3733.5	5635.5	7465.0	4977.5	15441.5	8637.5	13326.5	10638.0	7849.5	7162.5	2824.5	6976.5	8019.0	6043.0	4212.0	4710.5	4490.5	5491.5	7675.0	5504.5	259.5	5977.5	140.0	5180.5	5945.0	5230.0	2300.5	5019.5	203.5	3992.5	5138.5	3672.0	4553.5	6629.0	6852.5	6003.5
AAC	8135.5	10657.0	11537.5	5971.0	4689.5	6738.0	2761.5	3296.5	4070.0	6743.0	2995.5	3864.0	3141.0	9481.0	7568.0	5146.0	4892.5	4747.0	6894.5	2680.0	4333.0	5509.5	2475.0	3077.5	2081.5	3567.0	1984.0	1526.5	2119.0	7522.0	5857.5	3052.0	7245.5	7758.0	9152.0	4401.0	3507.0	6994.5	2134.5	2604.5	4447.5	5981.5	3065.5	2641.5	1839.5	5727.5	5046.0	2377.0	127.0	6929.5	90.0	3431.5	3607.5	5522.5	2655.0	3153.5	141.0	3963.5	4549.0	2425.5	2517.5	8300.0	5021.0	4643.5
AAG	15748.0	11537.5	24789.0	7298.0	5771.5	7838.5	4061.0	3961.5	5775.0	7773.5	5942.5	3488.0	4333.0	11284.5	10053.0	5882.0	7248.0	6143.5	11257.0	3405.5	6245.5	7039.5	3607.5	3858.0	3328.0	5593.5	3741.5	2199.0	3329.5	10018.0	10449.5	4252.5	14016.0	12951.5	20867.0	8675.0	7215.5	10857.5	4466.0	5812.5	6127.5	8683.5	4789.0	3498.5	3137.5	8760.0	9108.5	4229.5	196.5	7837.5	162.5	3969.0	4666.5	6760.5	3220.0	3482.5	206.5	4587.0	5370.0	2434.0	3719.0	9360.0	7007.0	5228.0
AAT	8040.0	5971.0	7298.0	5945.0	4781.0	3972.0	1777.5	3199.0	3948.5	3802.0	2364.5	3089.0	3643.5	5863.5	6065.0	5501.0	5756.0	3446.5	5834.0	3232.0	5479.5	3631.5	1979.5	3780.0	2002.0	1992.0	1734.0	1283.5	2754.0	4708.5	5016.0	3686.5	13374.0	7223.5	8756.0	7929.5	6161.0	6264.0	2609.5	5457.5	7494.0	5680.5	3566.5	4143.0	3614.5	5511.0	5964.0	4817.5	137.0	4442.5	75.0	3776.5	4704.5	3952.0	1907.0	3881.5	101.5	2523.0	3429.0	2333.0	4002.5	5534.5	5359.5	4904.0
ACA	7138.5	4689.5	5771.5	4781.0	5042.0	3974.0	2171.0	3665.0	3205.5	3550.0	2045.5	2938.5	2756.0	4379.5	4645.0	3712.0	4145.0	2481.5	4055.5	2467.5	5103.5	3049.5	2156.5	3545.5	1560.0	1683.5	1368.0	1074.0	1984.0	3401.0	3559.0	2918.0	8505.0	5074.0	6050.0	6194.5	5562.0	4471.5	2244.0	4806.5	4554.0	3671.0	2177.5	2978.5	2806.0	3615.5	4179.5	3518.5	83.0	3254.5	59.0	2622.0	4294.0	3353.0	2224.5	3792.0	89.0	1978.5	2892.0	1903.5	2690.5	4308.0	3558.0	4109.0
ACC	5446.0	6738.0	7838.5	3972.0	3974.0	6801.0	2745.0	3608.5	2107.5	4614.0	1870.5	2495.0	2172.5	7530.0	5228.0	4136.5	3411.5	3102.5	4292.5	1952.0	3355.0	3712.5	2271.5	2852.5	1440.5	2688.5	1278.5	1272.0	1532.0	5528.5	3742.5	2575.5	4819.0	5853.5	6029.5	3554.5	2861.0	5669.5	1977.5	3016.5	2949.0	4797.5	1989.5	2356.5	1490.5	5255.0	3568.5	2320.0	51.5	4318.5	40.5	2305.5	2984.5	4857.0	2333.5	3194.5	67.0	2549.0	2793.0	1496.0	1603.0	6240.0	3595.5	3307.5
ACG	2359.0	2761.5	4061.0	1777.5	2171.0	2745.0	2009.0	1596.5	1253.5	2437.5	1621.5	1285.5	1123.5	2686.5	2881.5	1678.5	1876.5	2086.5	3557.0	1161.5	2199.5	2573.5	2039.0	1802.5	870.0	1660.5	1317.5	696.5	941.5	2903.0	4017.5	1505.0	3094.0	3894.0	5366.0	2729.0	2400.5	3594.5	2367.0	2341.0	2008.5	2972.5	2073.5	1465.0	999.5	2619.0	3769.5	1549.5	33.0	2420.5	37.0	1222.0	1750.0	2302.0	1730.0	1587.0	55.5	1453.5	2089.0	861.0	870.5	2772.0	2221.5	1851.5
ACT	4985.5	3296.5	3961.5	3199.0	3665.0	3608.5	1596.5	3034.0	2123.0	2670.0	1411.5	2123.5	2119.5	3995.0	3606.5	3353.5	3708.5	2307.0	3756.5	2377.0	4252.0	3046.5	1831.0	3564.5	1588.0	1726.5	1280.0	1257.5	1765.5	3869.5	3697.5	3066.5	7446.5	4516.5	5408.0	5362.0	4498.0	4945.0	2108.0	5029.0	4663.0	4337.0	2371.0	3658.0	2738.5	4341.5	4077.5	4162.5	63.0	2950.5	41.0	2361.5	3933.5	3227.0	1972.0	3755.0	84.0	2004.5	2442.0	1909.0	2672.0	4133.0	4010.0	3536.5
AGA	6847.5	4070.0	5775.0	3948.5	3205.5	2107.5	1253.5	2123.0	4901.0	2702.0	2607.0	2368.0	2440.5	2924.0	3572.5	2893.0	3823.0	2061.5	3285.5	1904.5	2960.5	1722.5	1181.5	1909.5	1976.5	1565.0	1458.0	992.5	1484.0	2088.0	2775.0	1962.5	7476.5	4206.5	5493.5	4528.0	3558.0	2897.0	1536.0	2969.0	3991.0	2722.5	1795.0	2246.0	1726.5	2308.5	2676.5	2302.0	89.5	2989.5	63.5	2073.0	2742.0	2066.0	1265.5	2107.0	111.0	1650.5	2471.5	1381.5	2176.0	2820.5	2729.0	2739.5
AGC	5448.0	6743.0	7773.5	3802.0	3550.0	4614.0	2437.5	2670.0	2702.0	6910.0	2294.5	3793.5	1914.5	5623.5	5086.5	3082.0	3345.0	3130.0	4844.5	1912.0	2862.0	3394.0	2146.5	2394.5	1709.0	2875.0	1608.5	1353.0	1347.5	4412.5	3870.0	2178.0	4700.5	6362.5	6629.5	3404.5	2602.5	4753.5	2058.5	2284.5	3221.5	5268.5	2344.0	2318.0	1100.5	4025.0	3189.5	1722.5	67.0	4114.0	63.0	2024.5	2944.0	4262.0	2454.0	2788.5	106.5	2666.5	3094.0	1565.5	1594.5	5413.5	3356.5	2791.0
AGG	5001.5	2995.5	5942.5	2364.5	2045.5	1870.5	1621.5	1411.5	2607.0	2294.5	2915.0	1390.0	1588.0	2619.0	3013.5	1841.5	2433.0	1686.5	3346.5	1202.5	1939.5	1555.5	1512.5	1305.5	1397.5	1521.5	1608.0	812.0	1074.0	2187.5	3160.0	1375.5	4282.5	3497.5	5579.0	2632.5	2087.0	2553.0	1843.5	1664.0	2031.5	2211.5	1682.0	1084.0	934.0	1921.5	2460.0	1284.5	57.0	1822.0	61.5	1135.5	1573.5	1675.0	1255.0	1220.0	86.5	1113.5	1874.0	798.5	1230.5	2351.5	2302.5	1740.5
AGT	4919.5	3864.0	3488.0	3089.0	2938.5	2495.0	1285.5	2123.5	2368.0	3793.5	1390.0	2575.0	1747.0	3300.0	3275.0	2662.0	3547.5	2193.0	3406.0	1996.0	3097.0	2372.0	1473.0	2446.0	1605.0	1730.5	1244.0	1070.0	1478.0	2889.0	3068.5	2343.0	7397.5	4957.0	5003.5	5411.0	3644.0	3836.5	1738.5	3543.0	4486.5	4005.5	2334.5	3373.5	1736.5	3055.5	3008.0	2914.0	71.5	2760.0	50.0	1943.5	3334.0	3009.0	1530.5	2677.0	76.0	1905.5	2085.5	1486.5	2321.0	3569.0	3367.0	2972.0
ATA	5484.0	3141.0	4333.0	3643.5	2756.0	2172.5	1123.5	2119.5	2440.5	1914.5	1588.0	1747.0	1952.0	2610.0	3126.0	2816.0	2951.5	1727.5	3180.5	1707.0	2479.5	1857.0	1117.0	2029.5	1082.0	939.0	1029.0	763.0	1274.0	2023.0	2492.5	1884.0	6079.5	3285.0	3933.0	4066.0	2971.5	2540.0	1182.5	2601.5	2810.0	1936.5	1294.5	1502.5	1515.5	1982.5	2632.5	2069.5	80.5	2019.0	46.0	2121.0	2359.0	2277.0	1334.5	2320.0	75.0	1417.0	1948.5	1489.0	2007.0	2845.5	2390.0	3606.0
ATC	7361.5	9481.0	11284.5	5863.5	4379.5	7530.0	2686.5	3995.0	2924.0	5623.5	2619.0	3300.0	2610.0	10001.0	6711.0	5348.5	4317.0	4634.5	6648.5	2975.5	3510.5	5190.0	2201.0	3195.5	2124.5	4379.0	2058.0	1925.5	1944.0	7786.0	5374.5	3406.5	6531.0	8625.0	8920.5	5852.0	2998.5	8153.5	1960.0	3379.5	3452.0	6080.0	2687.5	3022.0	1523.5	6666.0	4500.0	2806.0	88.5	6064.5	70.0	3306.0	3091.0	6017.0	2163.0	3481.0	98.0	3576.5	3965.5	2174.0	2067.5	8521.5	4483.0	4332.0
ATG	9373.5	7568.0	10053.0	6065.0	4645.0	5228.0	2881.5	3606.5	3572.5	5086.5	3013.5	3275.0	3126.0	6711.0	8313.0	4744.5	5184.0	4230.5	7480.0	3078.5	4297.5	4349.5	2588.0	3365.5	2110.0	3347.5	2262.5	1662.5	2413.5	5845.0	6630.5	3602.0	11017.5	9000.0	11513.0	8140.0	5738.0	8741.0	4218.0	5848.0	5002.0	6606.0	3286.0	3630.5	2631.0	5761.0	7131.5	3891.0	128.0	5240.5	86.0	3443.5	3734.0	4897.0	2917.0	3775.5	128.5	3192.0	3793.0	2336.0	2729.5	6414.0	4892.5	5046.0
ATT	6778.0	5146.0	5882.0	5501.0	3712.0	4136.5	1678.5	3353.5	2893.0	3082.0	1841.5	2662.0	2816.0	5348.5	4744.5	5136.0	4878.0	3458.5	5555.0	3624.5	4315.0	3781.5	1859.0	4146.5	2147.5	2320.5	1766.5	1712.5	2308.5	5163.5	4705.0	4119.5	10021.5	7584.0	8463.5	8818.0	4987.0	7229.5	2508.0	6173.0	5263.0	5447.5	2976.5	4315.5	2937.0	6023.0	5522.5	5159.5	116.0	3932.5	70.0	3897.5	3586.5	3791.5	1880.0	4112.0	102.0	2679.5	3209.0	2595.0	3440.0	5300.5	4908.5	4822.5
CAA	7020.0	4892.5	7248.0	5756.0	4145.0	3411.5	1876.5	3708.5	3823.0	3345.0	2433.0	3547.5	2951.5	4317.0	5184.0	4878.0	6887.0	3059.0	7655.0	3688.5	4039.0	2883.0	2140.0	3898.5	2074.0	2114.5	1736.5	1833.0	2681.0	3912.0	4717.0	4694.5	10003.5	5631.5	7736.0	6787.0	5034.5	4694.5	2397.5	5411.0	4787.0	4343.0	2385.5	3668.5	2852.0	3625.0	4652.0	4293.5	109.5	3131.5	69.0	3128.0	3119.0	2906.0	1966.0	3402.0	98.0	2054.0	2927.5	2077.5	2785.5	3992.5	3408.5	3933.0
CAC	4274.0	4747.0	6143.5	3446.5	2481.5	3102.5	2086.5	2307.0	2061.5	3130.0	1686.5	2193.0	1727.5	4634.5	4230.5	3458.5	3059.0	4131.0	4441.5	2850.0	2282.5	2386.0	1952.5	2579.0	1545.0	2590.0	1521.5	1593.0	1417.0	3815.0	3919.0	2799.5	3574.5	4394.5	5420.5	3236.5	2138.0	3396.0	1850.0	2570.0	2218.0	3700.5	1762.5	2247.0	1190.5	3054.0	2962.0	2246.5	69.5	3492.0	57.5	2327.5	1807.5	2581.5	1939.0	2286.0	100.0	2200.0	2591.0	1573.5	1355.5	4565.0	2959.0	2960.5
CAG	7593.0	6894.5	11257.0	5834.0	4055.5	4292.5	3557.0	3756.5	3285.5	4844.5	3346.5	3406.0	3180.5	6648.5	7480.0	5555.0	7655.0	4441.5	13526.0	4210.5	4697.5	4313.0	3839.0	4735.0	2760.5	4098.0	2921.5	2561.5	3087.5	6437.5	8452.0	5515.0	7967.0	6791.5	11219.0	6803.5	5187.5	6186.5	4467.5	6027.5	4017.5	5657.5	2945.5	3722.0	2332.5	4951.5	6153.5	4261.5	118.0	5000.0	112.0	4055.5	3627.0	3924.5	3125.5	4036.5	131.5	2868.0	4156.0	2406.0	2972.5	6837.0	5212.5	4761.5
CAT	4275.5	2680.0	3405.5	3232.0	2467.5	1952.0	1161.5	2377.0	1904.5	1912.0	1202.5	1996.0	1707.0	2975.5	3078.5	3624.5	3688.5	2850.0	4210.5	3479.0	3273.0	2235.0	1652.0	3226.0	1640.5	2012.5	1452.0	1607.5	1763.5	3118.5	3474.5	3670.5	5815.5	3689.0	4586.5	4791.0	3088.0	3114.5	1676.0	3792.5	3393.5	3579.5	1876.0	3043.5	1925.5	2953.0	3062.5	3514.5	83.0	2388.5	56.0	2772.5	2665.0	2196.5	1486.0	2917.5	83.0	1637.0	1996.5	1772.0	2312.0	3591.0	3253.0	3539.5
CCA	6448.0	4333.0	6245.5	5479.5	5103.5	3355.0	2199.5	4252.0	2960.5	2862.0	1939.5	3097.0	2479.5	3510.5	4297.5	4315.0	4039.0	2282.5	4697.5	3273.0	7581.0	3230.0	3510.0	5876.0	1793.0	1662.0	1609.0	1536.5	2130.5	2782.0	3864.0	3729.5	7203.5	4724.5	6271.5	6579.0	5221.0	3589.5	2446.5	5174.5	4088.5	2935.5	2137.5	3249.5	2627.0	2926.0	4087.5	4054.0	58.0	2640.5	48.5	3150.5	4705.0	3341.0	2534.0	4646.0	77.5	1569.0	2314.5	2035.0	2697.0	3797.0	3582.0	4098.0
CCC	4388.0	5509.5	7039.5	3631.5	3049.5	3712.5	2573.5	3046.5	1722.5	3394.0	1555.5	2372.0	1857.0	5190.0	4349.5	3781.5	2883.0	2386.0	4313.0	2235.0	3230.0	1792.0	2756.5	3599.0	1399.5	1947.5	1394.0	1459.0	1421.0	3433.5	3380.0	2983.0	3759.5	5064.0	5991.0	4186.5	2580.0	3748.5	2389.0	3253.0	2214.5	3309.0	1692.0	2450.0	1364.5	3334.0	3294.5	2666.0	41.0	2860.0	33.0	2001.0	2532.5	3321.5	2810.0	3278.0	54.0	1541.0	2003.0	1320.0	1299.5	4474.5	2705.5	2735.5
CCG	2316.0	2475.0	3607.5	1979.5	2156.5	2271.5	2039.0	1831.0	1181.5	2146.5	1512.5	1473.0	1117.0	2201.0	2588.0	1859.0	2140.0	1952.5	3839.0	1652.0	3510.0	2756.5	3966.0	3313.5	1143.0	1586.5	1542.5	978.0	1174.5	2501.0	3801.0	1949.5	2892.5	3537.0	4726.0	3118.5	2458.0	2832.5	2790.0	2635.0	1922.5	2243.5	1767.5	1584.0	1109.5	1926.5	3189.0	1688.0	28.0	1933.5	32.0	1414.5	2009.0	2224.0	2246.0	2177.5	50.0	1178.5	1657.0	931.0	905.5	2572.0	2016.0	1825.0
CCT	4523.5	3077.5	3858.0	3780.0	3545.5	2852.5	1802.5	3564.5	1909.5	2394.5	1305.5	2446.0	2029.5	3195.5	3365.5	4146.5	3898.5	2579.0	4735.0	3226.0	5876.0	3599.0	3313.5	6593.0	1984.0	2123.5	1612.5	1848.5	2150.0	3494.0	3978.5	4257.0	6271.5	4571.5	5642.5	6463.0	4372.5	4025.0	2539.0	5450.0	4269.5	3683.0	2370.0	3846.5	2552.5	3534.5	3990.5	4668.5	60.0	2541.5	40.0	2820.0	3958.0	3300.0	2429.5	4698.0	93.0	1690.5	1982.0	2043.5	2639.5	3828.5	3531.0	3537.0
CGA	2902.5	2081.5	3328.0	2002.0	1560.0	1440.5	870.0	1588.0	1976.5	1709.0	1397.5	1605.0	1082.0	2124.5	2110.0	2147.5	2074.0	1545.0	2760.5	1640.5	1793.0	1399.5	1143.0	1984.0	1524.0	1452.0	1371.5	1259.0	1223.5	2030.5	2529.0	2332.5	3571.0	2694.5	3655.5	3028.0	2113.0	2051.0	1278.5	2581.0	2319.5	2138.0	1332.0	1796.0	1175.0	1791.5	2063.0	1997.5	49.0	1671.5	42.0	1468.5	1387.0	1509.5	1007.5	1791.5	79.0	1130.5	1558.0	1085.0	1060.5	2291.0	1560.0	1886.0
CGC	3026.5	3567.0	5593.5	1992.0	1683.5	2688.5	1660.5	1726.5	1565.0	2875.0	1521.5	1730.5	939.0	4379.0	3347.5	2320.5	2114.5	2590.0	4098.0	2012.5	1662.0	1947.5	1586.5	2123.5	1452.0	3351.0	1747.5	1724.0	1168.0	3596.0	3888.0	2430.0	2288.5	3809.5	4947.5	2307.5	1516.0	3432.5	1763.5	2188.0	1575.5	3269.0	1356.0	1718.0	736.0	2545.5	2625.5	1599.0	35.0	3055.0	35.0	1821.5	1546.0	2745.5	1640.5	2167.5	66.0	1748.5	2375.0	1162.5	802.5	4288.0	1970.5	2035.0
CGG	2683.0	1984.0	3741.5	1734.0	1368.0	1278.5	1317.5	1280.0	1458.0	1608.5	1608.0	1244.0	1029.0	2058.0	2262.5	1766.5	1736.5	1521.5	2921.5	1452.0	1609.0	1394.0	1542.5	1612.5	1371.5	1747.5	1721.0	1188.0	1099.5	2033.0	2992.0	1782.5	2642.5	2549.5	3956.0	2459.5	1702.0	1805.0	1736.5	1973.5	1417.0	1785.5	1176.5	1337.5	831.5	1526.5	2194.0	1439.5	38.0	1744.0	38.0	1244.5	1248.5	1357.0	1141.0	1475.5	71.0	1029.0	1514.5	851.0	882.0	2237.0	1693.0	1546.5
CGT	2003.5	1526.5	2199.0	1283.5	1074.0	1272.0	696.5	1257.5	992.5	1353.0	812.0	1070.0	763.0	1925.5	1662.5	1712.5	1833.0	1593.0	2561.5	1607.5	1536.5	1459.0	978.0	1848.5	1259.0	1724.0	1188.0	1618.0	1107.0	2427.5	2583.0	2186.5	2824.5	2763.0	3565.5	2581.0	1787.5	2583.0	1117.0	2611.5	2036.5	2742.0	1292.0	2363.5	940.0	2111.0	2154.0	1879.5	40.0	1569.5	27.0	1256.0	1191.0	1492.5	911.5	1739.0	54.0	1091.0	1304.5	927.5	923.5	2398.5	1578.5	1626.5
CTA	3733.5	2119.0	3329.5	2754.0	1984.0	1532.0	941.5	1765.5	1484.0	1347.5	1074.0	1478.0	1274.0	1944.0	2413.5	2308.5	2681.0	1417.0	3087.5	1763.5	2130.5	1421.0	1174.5	2150.0	1223.5	1168.0	1099.5	1107.0	1308.0	2098.0	2450.5	2317.5	3841.0	2508.0	3585.0	3123.5	2237.0	2105.5	1122.0	2505.5	1800.5	1791.5	1095.0	1593.5	1136.5	1650.5	2031.0	1794.5	58.0	1596.5	47.0	1558.0	1700.5	1668.5	1120.0	2051.5	70.0	999.5	1630.0	1060.5	1388.5	2308.0	1923.0	2344.5
CTC	5635.5	7522.0	10018.0	4708.5	3401.0	5528.5	2903.0	3869.5	2088.0	4412.5	2187.5	2889.0	2023.0	7786.0	5845.0	5163.5	3912.0	3815.0	6437.5	3118.5	2782.0	3433.5	2501.0	3494.0	2030.5	3596.0	2033.0	2427.5	2098.0	7279.0	5569.5	4684.5	4766.0	6646.5	7918.5	4896.0	2771.5	5870.5	2785.0	4288.0	2775.5	4857.5	2324.5	3282.5	1377.5	5118.5	4109.0	3243.0	76.0	5377.5	62.0	3437.5	2901.0	5569.5	2820.0	4167.5	97.0	3036.0	3575.0	2190.5	1823.5	8412.0	3722.0	4417.0
CTG	7465.0	5857.5	10449.5	5016.0	3559.0	3742.5	4017.5	3697.5	2775.0	3870.0	3160.0	3068.5	2492.5	5374.5	6630.5	4705.0	4717.0	3919.0	8452.0	3474.5	3864.0	3380.0	3801.0	3978.5	2529.0	3888.0	2992.0	2583.0	2450.5	5569.5	7929.0	4819.5	7882.0	7392.5	11439.0	7687.0	4745.0	5554.0	5293.0	6104.5	3840.0	4833.0	3368.5	4095.5	2287.5	4574.5	6567.0	4208.0	116.0	4424.0	102.0	3334.5	3112.0	3579.5	3586.5	3798.0	127.5	2415.5	4073.5	2182.5	2362.5	5879.0	5159.0	4674.0
CTT	4977.5	3052.0	4252.5	3686.5	2918.0	2575.5	1505.0	3066.5	1962.5	2178.0	1375.5	2343.0	1884.0	3406.5	3602.0	4119.5	4694.5	2799.5	5515.0	3670.5	3729.5	2983.0	1949.5	4257.0	2332.5	2430.0	1782.5	2186.5	2317.5	4684.5	4819.5	4709.0	6587.0	5020.0	6441.5	5931.5	4090.5	4520.0	2255.0	5457.5	4082.0	3968.0	2359.0	4096.0	2196.0	3995.5	3940.5	4266.5	90.0	2831.0	55.5	3063.5	3164.5	3098.5	1973.0	4064.5	111.0	2056.5	2671.5	2272.5	2685.0	4591.5	3860.5	4028.5
GAA	15441.5	7245.5	14016.0	13374.0	8505.0	4819.0	3094.0	7446.5	7476.5	4700.5	4282.5	7397.5	6079.5	6531.0	11017.5	10021.5	10003.5	3574.5	7967.0	5815.5	7203.5	3759.5	2892.5	6271.5	3571.0	2288.5	2642.5	2824.5	3841.0	4766.0	7882.0	6587.0	26305.0	10410.5	17978.0	19411.5	9630.5	7443.0	4084.5	10725.5	8825.5	6167.5	4055.0	7274.5	5203.0	5148.5	9051.0	7835.5	169.0	4397.5	101.0	7394.5	6423.5	3845.5	2820.5	6949.5	161.5	2748.5	5183.5	5186.0	4838.5	4878.0	7700.0	9553.5
GAC	8637.5	7758.0	12951.5	7223.5	5074.0	5853.5	3894.0	4516.5	4206.5	6362.5	3497.5	4957.0	3285.0	8625.0	9000.0	7584.0	5631.5	4394.5	6791.5	3689.0	4724.5	5064.0	3537.0	4571.5	2694.5	3809.5	2549.5	2763.0	2508.0	6646.5	7392.5	5020.0	10410.5	9090.0	12917.5	10543.5	4792.0	6202.5	3381.0	5130.0	4654.5	5705.0	3468.5	4797.0	2309.0	4204.0	6594.5	3885.0	102.0	6087.5	95.0	4971.0	3742.5	4775.0	3938.5	4788.5	146.0	3346.5	5547.0	3101.5	2291.0	7487.0	6413.0	7576.5
GAG	13326.5	9152.0	20867.0	8756.0	6050.0	6029.5	5366.0	5408.0	5493.5	6629.5	5579.0	5003.5	3933.0	8920.5	11513.0	8463.5	7736.0	5420.5	11219.0	4586.5	6271.5	5991.0	4726.0	5642.5	3655.5	4947.5	3956.0	3565.5	3585.0	7918.5	11439.0	6441.5	17978.0	12917.5	25724.0	14356.5	8489.0	9172.0	6403.5	8787.0	6094.5	7498.5	4962.0	5239.0	3275.5	6280.5	10548.0	5818.0	153.0	6411.5	144.0	5280.0	4412.5	4877.5	4331.5	4975.5	174.5	3446.5	5694.5	3246.0	3181.5	7631.0	7550.5	8218.5
GAT	10638.0	4401.0	8675.0	7929.5	6194.5	3554.5	2729.0	5362.0	4528.0	3404.5	2632.5	5411.0	4066.0	5852.0	8140.0	8818.0	6787.0	3236.5	6803.5	4791.0	6579.0	4186.5	3118.5	6463.0	3028.0	2307.5	2459.5	2581.0	3123.5	4896.0	7687.0	5931.5	19411.5	10543.5	14356.5	16698.0	7872.5	7508.5	3794.0	9511.0	8260.0	7196.5	4801.5	7441.0	4480.0	6167.5	9058.0	7825.0	135.0	4043.0	90.0	6255.0	5914.5	3935.5	2935.5	6503.0	144.0	2064.0	4510.0	4159.0	4368.5	5509.0	7683.5	8998.0
GCA	7849.5	3507.0	7215.5	6161.0	5562.0	2861.0	2400.5	4498.0	3558.0	2602.5	2087.0	3644.0	2971.5	2998.5	5738.0	4987.0	5034.5	2138.0	5187.5	3088.0	5221.0	2580.0	2458.0	4372.5	2113.0	1516.0	1702.0	1787.5	2237.0	2771.5	4745.0	4090.5	9630.5	4792.0	8489.0	7872.5	8805.0	5346.5	3735.0	8371.0	4905.5	3598.5	2476.0	4105.0	3157.5	2995.0	5233.0	4548.5	94.0	2197.5	77.0	3608.0	4566.5	3001.0	2528.5	4811.0	110.0	1474.5	2958.0	2374.5	2789.0	2955.5	4492.0	5554.0
GCC	7162.5	6994.5	10857.5	6264.0	4471.5	5669.5	3594.5	4945.0	2897.0	4753.5	2553.0	3836.5	2540.0	8153.5	8741.0	7229.5	4694.5	3396.0	6186.5	3114.5	3589.5	3748.5	2832.5	4025.0	2051.0	3432.5	1805.0	2583.0	2105.5	5870.5	5554.0	4520.0	7443.0	6202.5	9172.0	7508.5	5346.5	8232.0	4055.0	7612.0	3516.0	4982.0	2357.5	4665.5	2107.0	4415.5	5248.5	3954.5	80.0	4549.5	67.5	3683.5	3366.0	4658.0	3576.5	4805.5	90.0	2562.5	3496.5	2400.0	1977.5	6129.0	4958.5	5907.0
GCG	2824.5	2134.5	4466.0	2609.5	2244.0	1977.5	2367.0	2108.0	1536.0	2058.5	1843.5	1738.5	1182.5	1960.0	4218.0	2508.0	2397.5	1850.0	4467.5	1676.0	2446.5	2389.0	2790.0	2539.0	1278.5	1763.5	1736.5	1117.0	1122.0	2785.0	5293.0	2255.0	4084.5	3381.0	6403.5	3794.0	3735.0	4055.0	4911.0	4460.5	2279.5	2777.5	2116.5	2201.5	1168.5	1936.5	4218.0	2159.5	51.0	1743.0	46.0	1752.5	1749.0	1959.0	2194.0	2296.0	66.0	1151.5	2080.5	1193.0	880.0	2042.5	2744.0	2783.0
GCT	6976.5	2604.5	5812.5	5457.5	4806.5	3016.5	2341.0	5029.0	2969.0	2284.5	1664.0	3543.0	2601.5	3379.5	5848.0	6173.0	5411.0	2570.0	6027.5	3792.5	5174.5	3253.0	2635.0	5450.0	2581.0	2188.0	1973.5	2611.5	2505.5	4288.0	6104.5	5457.5	10725.5	5130.0	8787.0	9511.0	8371.0	7612.0	4460.5	11836.0	6035.0	5068.5	3407.0	6724.0	3567.5	4974.5	6493.5	6577.5	103.5	2466.0	75.0	3882.0	4596.5	3598.5	2835.5	5726.0	137.0	1860.0	3138.5	3093.0	3129.5	4213.0	5818.5	5971.5
GGA	8019.0	4447.5	6127.5	7494.0	4554.0	2949.0	2008.5	4663.0	3991.0	3221.5	2031.5	4486.5	2810.0	3452.0	5002.0	5263.0	4787.0	2218.0	4017.5	3393.5	4088.5	2214.5	1922.5	4269.5	2319.5	1575.5	1417.0	2036.5	1800.5	2775.5	3840.0	4082.0	8825.5	4654.5	6094.5	8260.0	4905.5	3516.0	2279.5	6035.0	6897.0	4366.5	2707.0	5636.0	2301.0	2900.0	3854.5	4558.5	60.0	2708.5	50.0	4400.0	3592.5	2399.0	1921.0	4501.5	90.0	1548.5	3047.5	2728.0	2450.0	3249.5	3495.5	6110.5
GGC	6043.0	5981.5	8683.5	5680.5	3671.0	4797.5	2972.5	4337.0	2722.5	5268.5	2211.5	4005.5	1936.5	6080.0	6606.0	5447.5	4343.0	3700.5	5657.5	3579.5	2935.5	3309.0	2243.5	3683.0	2138.0	3269.0	1785.5	2742.0	1791.5	4857.5	4833.0	3968.0	6167.5	5705.0	7498.5	7196.5	3598.5	4982.0	2777.5	5068.5	4366.5	6672.0	2565.5	5659.0	1433.0	3540.0	4296.5	3501.0	53.0	4985.5	49.5	3872.0	2977.0	4270.5	2981.0	4412.0	89.0	2811.5	4130.5	2535.5	1623.0	5972.5	3864.5	5701.5
GGG	4212.0	3065.5	4789.0	3566.5	2177.5	1989.5	2073.5	2371.0	1795.0	2344.0	1682.0	2334.5	1294.5	2687.5	3286.0	2976.5	2385.5	1762.5	2945.5	1876.0	2137.5	1692.0	1767.5	2370.0	1332.0	1356.0	1176.5	1292.0	1095.0	2324.5	3368.5	2359.0	4055.0	3468.5	4962.0	4801.5	2476.0	2357.5	2116.5	3407.0	2707.0	2565.5	1317.0	2525.5	1012.0	1984.5	2857.0	2426.0	36.0	2151.0	41.0	2151.0	1780.0	1707.5	1755.5	2366.5	67.0	1237.5	1711.5	1351.5	1100.0	2705.0	2398.0	3414.5
GGT	4710.5	2641.5	3498.5	4143.0	2978.5	2356.5	1465.0	3658.0	2246.0	2318.0	1084.0	3373.5	1502.5	3022.0	3630.5	4315.5	3668.5	2247.0	3722.0	3043.5	3249.5	2450.0	1584.0	3846.5	1796.0	1718.0	1337.5	2363.5	1593.5	3282.5	4095.5	4096.0	7274.5	4797.0	5239.0	7441.0	4105.0	4665.5	2201.5	6724.0	5636.0	5659.0	2525.5	7242.0	2020.5	3764.0	3915.5	4974.5	59.0	2347.5	44.0	3456.5	2918.0	2531.5	1692.0	4191.5	82.0	1464.0	2490.5	2502.0	1979.5	3491.5	3505.0	4933.0
GTA	4490.5	1839.5	3137.5	3614.5	2806.0	1490.5	999.5	2738.5	1726.5	1100.5	934.0	1736.5	1515.5	1523.5	2631.0	2937.0	2852.0	1190.5	2332.5	1925.5	2627.0	1364.5	1109.5	2552.5	1175.0	736.0	831.5	940.0	1136.5	1377.5	2287.5	2196.0	5203.0	2309.0	3275.5	4480.0	3157.5	2107.0	1168.5	3567.5	2301.0	1433.0	1012.0	2020.5	1522.0	1357.0	2453.5	2519.0	66.0	1246.0	53.0	2086.0	2339.5	1404.5	1134.5	2725.0	77.0	836.5	1605.5	1529.5	1470.5	1733.0	2239.0	3513.5
GTC	5491.5	5727.5	8760.0	5511.0	3615.5	5255.0	2619.0	4341.5	2308.5	4025.0	1921.5	3055.5	1982.5	6666.0	5761.0	6023.0	3625.0	3054.0	4951.5	2953.0	2926.0	3334.0	1926.5	3534.5	1791.5	2545.5	1526.5	2111.0	1650.5	5118.5	4574.5	3995.5	5148.5	4204.0	6280.5	6167.5	2995.0	4415.5	1936.5	4974.5	2900.0	3540.0	1984.5	3764.0	1357.0	3369.0	4054.0	3415.5	77.0	4051.0	64.0	3286.0	2503.5	4065.0	2143.5	3856.0	97.0	2423.0	3101.5	2105.0	1473.0	5686.0	3715.5	5027.5
GTG	7675.0	5046.0	9108.5	5964.0	4179.5	3568.5	3769.5	4077.5	2676.5	3189.5	2460.0	3008.0	2632.5	4500.0	7131.5	5522.5	4652.0	2962.0	6153.5	3062.5	4087.5	3294.5	3189.0	3990.5	2063.0	2625.5	2194.0	2154.0	2031.0	4109.0	6567.0	3940.5	9051.0	6594.5	10548.0	9058.0	5233.0	5248.5	4218.0	6493.5	3854.5	4296.5	2857.0	3915.5	2453.5	4054.0	8856.0	4766.5	90.0	3639.5	89.5	3735.0	3264.0	2979.5	3080.0	3917.5	105.5	2223.5	3452.5	2829.5	1980.0	4498.5	4847.0	6545.5
GTT	5504.5	2377.0	4229.5	4817.5	3518.5	2320.0	1549.5	4162.5	2302.0	1722.5	1284.5	2914.0	2069.5	2806.0	3891.0	5159.5	4293.5	2246.5	4261.5	3514.5	4054.0	2666.0	1688.0	4668.5	1997.5	1599.0	1439.5	1879.5	1794.5	3243.0	4208.0	4266.5	7835.5	3885.0	5818.0	7825.0	4548.5	3954.5	2159.5	6577.5	4558.5	3501.0	2426.0	4974.5	2519.0	3415.5	4766.5	5161.0	104.0	2230.5	68.0	3778.5	3336.5	2611.0	1686.5	4687.5	121.0	1559.5	2483.5	2829.5	2663.0	3201.0	4209.0	5118.5
TAA	259.5	127.0	196.5	137.0	83.0	51.5	33.0	63.0	89.5	67.0	57.0	71.5	80.5	88.5	128.0	116.0	109.5	69.5	118.0	83.0	58.0	41.0	28.0	60.0	49.0	35.0	38.0	40.0	58.0	76.0	116.0	90.0	169.0	102.0	153.0	135.0	94.0	80.0	51.0	103.5	60.0	53.0	36.0	59.0	66.0	77.0	90.0	104.0	0.0	82.0	0.0	89.0	89.0	68.0	48.0	95.0	0.0	60.0	73.0	63.0	92.0	122.5	129.0	152.0
TAC	5977.5	6929.5	7837.5	4442.5	3254.5	4318.5	2420.5	2950.5	2989.5	4114.0	1822.0	2760.0	2019.0	6064.5	5240.5	3932.5	3131.5	3492.0	5000.0	2388.5	2640.5	2860.0	1933.5	2541.5	1671.5	3055.0	1744.0	1569.5	1596.5	5377.5	4424.0	2831.0	4397.5	6087.5	6411.5	4043.0	2197.5	4549.5	1743.0	2466.0	2708.5	4985.5	2151.0	2347.5	1246.0	4051.0	3639.5	2230.5	82.0	5431.0	69.0	3208.0	2190.0	3366.5	1961.0	2519.5	109.5	2838.0	3388.0	1945.5	1586.0	6430.0	3319.5	3994.0
TAG	140.0	90.0	162.5	75.0	59.0	40.5	37.0	41.0	63.5	63.0	61.5	50.0	46.0	70.0	86.0	70.0	69.0	57.5	112.0	56.0	48.5	33.0	32.0	40.0	42.0	35.0	38.0	27.0	47.0	62.0	102.0	55.5	101.0	95.0	144.0	90.0	77.0	67.5	46.0	75.0	50.0	49.5	41.0	44.0	53.0	64.0	89.5	68.0	0.0	69.0	0.0	59.0	67.5	53.0	48.0	60.0	0.0	49.5	78.0	41.0	55.0	95.0	96.0	82.0
TAT	5180.5	3431.5	3969.0	3776.5	2622.0	2305.5	1222.0	2361.5	2073.0	2024.5	1135.5	1943.5	2121.0	3306.0	3443.5	3897.5	3128.0	2327.5	4055.5	2772.5	3150.5	2001.0	1414.5	2820.0	1468.5	1821.5	1244.5	1256.0	1558.0	3437.5	3334.5	3063.5	7394.5	4971.0	5280.0	6255.0	3608.0	3683.5	1752.5	3882.0	4400.0	3872.0	2151.0	3456.5	2086.0	3286.0	3735.0	3778.5	89.0	3208.0	59.0	3229.0	2569.5	2450.5	1353.0	2776.5	85.0	1735.5	2217.0	1644.5	2404.0	3977.5	3268.0	4299.0
TCA	5945.0	3607.5	4666.5	4704.5	4294.0	2984.5	1750.0	3933.5	2742.0	2944.0	1573.5	3334.0	2359.0	3091.0	3734.0	3586.5	3119.0	1807.5	3627.0	2665.0	4705.0	2532.5	2009.0	3958.0	1387.0	1546.0	1248.5	1191.0	1700.5	2901.0	3112.0	3164.5	6423.5	3742.5	4412.5	5914.5	4566.5	3366.0	1749.0	4596.5	3592.5	2977.0	1780.0	2918.0	2339.5	2503.5	3264.0	3336.5	89.0	2190.0	67.5	2569.5	4828.0	3552.5	2464.0	5126.0	108.0	1540.5	2195.5	1831.5	2507.5	3544.0	3050.5	4059.5
TCC	5230.0	5522.5	6760.5	3952.0	3353.0	4857.0	2302.0	3227.0	2066.0	4262.0	1675.0	3009.0	2277.0	6017.0	4897.0	3791.5	2906.0	2581.5	3924.5	2196.5	3341.0	3321.5	2224.0	3300.0	1509.5	2745.5	1357.0	1492.5	1668.5	5569.5	3579.5	3098.5	3845.5	4775.0	4877.5	3935.5	3001.0	4658.0	1959.0	3598.5	2399.0	4270.5	1707.5	2531.5	1404.5	4065.0	2979.5	2611.0	68.0	3366.5	53.0	2450.5	3552.5	6093.0	2981.0	4290.5	78.0	2196.0	2365.0	1690.0	1910.0	5916.0	3109.5	3389.0
TCG	2300.5	2655.0	3220.0	1907.0	2224.5	2333.5	1730.0	1972.0	1265.5	2454.0	1255.0	1530.5	1334.5	2163.0	2917.0	1880.0	1966.0	1939.0	3125.5	1486.0	2534.0	2810.0	2246.0	2429.5	1007.5	1640.5	1141.0	911.5	1120.0	2820.0	3586.5	1973.0	2820.5	3938.5	4331.5	2935.5	2528.5	3576.5	2194.0	2835.5	1921.0	2981.0	1755.5	1692.0	1134.5	2143.5	3080.0	1686.5	48.0	1961.0	48.0	1353.0	2464.0	2981.0	2462.0	2657.0	67.0	1321.0	1790.5	808.5	997.0	2634.0	2063.5	1951.5
TCT	5019.5	3153.5	3482.5	3881.5	3792.0	3194.5	1587.0	3755.0	2107.0	2788.5	1220.0	2677.0	2320.0	3481.0	3775.5	4112.0	3402.0	2286.0	4036.5	2917.5	4646.0	3278.0	2177.5	4698.0	1791.5	2167.5	1475.5	1739.0	2051.5	4167.5	3798.0	4064.5	6949.5	4788.5	4975.5	6503.0	4811.0	4805.5	2296.0	5726.0	4501.5	4412.0	2366.5	4191.5	2725.0	3856.0	3917.5	4687.5	95.0	2519.5	60.0	2776.5	5126.0	4290.5	2657.0	5586.0	108.5	1731.5	2202.0	2062.0	2834.0	4075.0	3756.0	4144.5
TGA	203.5	141.0	206.5	101.5	89.0	67.0	55.5	84.0	111.0	106.5	86.5	76.0	75.0	98.0	128.5	102.0	98.0	100.0	131.5	83.0	77.5	54.0	50.0	93.0	79.0	66.0	71.0	54.0	70.0	97.0	127.5	111.0	161.5	146.0	174.5	144.0	110.0	90.0	66.0	137.0	90.0	89.0	67.0	82.0	77.0	97.0	105.5	121.0	0.0	109.5	0.0	85.0	108.0	78.0	67.0	108.5	2.0	91.0	114.0	71.5	77.0	136.5	120.0	120.0
TGC	3992.5	3963.5	4587.0	2523.0	1978.5	2549.0	1453.5	2004.5	1650.5	2666.5	1113.5	1905.5	1417.0	3576.5	3192.0	2679.5	2054.0	2200.0	2868.0	1637.0	1569.0	1541.0	1178.5	1690.5	1130.5	1748.5	1029.0	1091.0	999.5	3036.0	2415.5	2056.5	2748.5	3346.5	3446.5	2064.0	1474.5	2562.5	1151.5	1860.0	1548.5	2811.5	1237.5	1464.0	836.5	2423.0	2223.5	1559.5	60.0	2838.0	49.5	1735.5	1540.5	2196.0	1321.0	1731.5	91.0	2332.0	2049.0	1600.0	1130.0	3881.0	2169.5	2399.0
TGG	5138.5	4549.0	5370.0	3429.0	2892.0	2793.0	2089.0	2442.0	2471.5	3094.0	1874.0	2085.5	1948.5	3965.5	3793.0	3209.0	2927.5	2591.0	4156.0	1996.5	2314.5	2003.0	1657.0	1982.0	1558.0	2375.0	1514.5	1304.5	1630.0	3575.0	4073.5	2671.5	5183.5	5547.0	5694.5	4510.0	2958.0	3496.5	2080.5	3138.5	3047.5	4130.5	1711.5	2490.5	1605.5	3101.5	3452.5	2483.5	73.0	3388.0	78.0	2217.0	2195.5	2365.0	1790.5	2202.0	114.0	2049.0	3245.0	1537.0	1487.5	4497.0	2444.0	3150.5
TGT	3672.0	2425.5	2434.0	2333.0	1903.5	1496.0	861.0	1909.0	1381.5	1565.5	798.5	1486.5	1489.0	2174.0	2336.0	2595.0	2077.5	1573.5	2406.0	1772.0	2035.0	1320.0	931.0	2043.5	1085.0	1162.5	851.0	927.5	1060.5	2190.5	2182.5	2272.5	5186.0	3101.5	3246.0	4159.0	2374.5	2400.0	1193.0	3093.0	2728.0	2535.5	1351.5	2502.0	1529.5	2105.0	2829.5	2829.5	63.0	1945.5	41.0	1644.5	1831.5	1690.0	808.5	2062.0	71.5	1600.0	1537.0	1425.0	1653.5	2649.0	2451.0	2714.0
TTA	4553.5	2517.5	3719.0	4002.5	2690.5	1603.0	870.5	2672.0	2176.0	1594.5	1230.5	2321.0	2007.0	2067.5	2729.5	3440.0	2785.5	1355.5	2972.5	2312.0	2697.0	1299.5	905.5	2639.5	1060.5	802.5	882.0	923.5	1388.5	1823.5	2362.5	2685.0	4838.5	2291.0	3181.5	4368.5	2789.0	1977.5	880.0	3129.5	2450.0	1623.0	1100.0	1979.5	1470.5	1473.0	1980.0	2663.0	92.0	1586.0	55.0	2404.0	2507.5	1910.0	997.0	2834.0	77.0	1130.0	1487.5	1653.5	2011.0	2465.5	2325.5	3268.0
TTC	6629.0	8300.0	9360.0	5534.5	4308.0	6240.0	2772.0	4133.0	2820.5	5413.5	2351.5	3569.0	2845.5	8521.5	6414.0	5300.5	3992.5	4565.0	6837.0	3591.0	3797.0	4474.5	2572.0	3828.5	2291.0	4288.0	2237.0	2398.5	2308.0	8412.0	5879.0	4591.5	4878.0	7487.0	7631.0	5509.0	2955.5	6129.0	2042.5	4213.0	3249.5	5972.5	2705.0	3491.5	1733.0	5686.0	4498.5	3201.0	122.5	6430.0	95.0	3977.5	3544.0	5916.0	2634.0	4075.0	136.5	3881.0	4497.0	2649.0	2465.5	10490.0	4475.0	5153.5
TTG	6852.5	5021.0	7007.0	5359.5	3558.0	3595.5	2221.5	4010.0	2729.0	3356.5	2302.5	3367.0	2390.0	4483.0	4892.5	4908.5	3408.5	2959.0	5212.5	3253.0	3582.0	2705.5	2016.0	3531.0	1560.0	1970.5	1693.0	1578.5	1923.0	3722.0	5159.0	3860.5	7700.0	6413.0	7550.5	7683.5	4492.0	4958.5	2744.0	5818.5	3495.5	3864.5	2398.0	3505.0	2239.0	3715.5	4847.0	4209.0	129.0	3319.5	96.0	3268.0	3050.5	3109.5	2063.5	3756.0	120.0	2169.5	2444.0	2451.0	2325.5	4475.0	3914.0	4353.5
TTT	6003.5	4643.5	5228.0	4904.0	4109.0	3307.5	1851.5	3536.5	2739.5	2791.0	1740.5	2972.0	3606.0	4332.0	5046.0	4822.5	3933.0	2960.5	4761.5	3539.5	4098.0	2735.5	1825.0	3537.0	1886.0	2035.0	1546.5	1626.5	2344.5	4417.0	4674.0	4028.5	9553.5	7576.5	8218.5	8998.0	5554.0	5907.0	2783.0	5971.5	6110.5	5701.5	3414.5	4933.0	3513.5	5027.5	6545.5	5118.5	152.0	3994.0	82.0	4299.0	4059.5	3389.0	1951.5	4144.5	120.0	2399.0	3150.5	2714.0	3268.0	5153.5	4353.5	4179.0
