	M	W	C	D	E	F	H	K	N	Q	Y	I	A	G	P	T	V	L	R	S
Start	15500.5	937.0	1589.0	3764.5	4769.0	3070.0	1687.5	4741.0	3109.5	3204.5	1647.0	3096.0	7196.5	4433.0	5042.5	4928.5	4774.0	7661.5	4892.5	8678.5
M	7905.0	3763.0	5661.0	16364.0	20179.0	11760.0	7478.0	17737.5	13945.0	13256.0	9352.0	16063.0	22540.0	18660.5	15898.5	16929.5	18369.5	27853.0	16971.5	23682.5
W	3763.0	3179.0	3518.5	10324.0	10922.0	7072.0	4352.5	9121.5	7193.0	6875.0	5389.5	8553.5	13402.0	12317.5	9394.0	9732.0	10825.5	15786.0	10369.5	12939.0
C	5661.0	3518.5	9978.0	14546.0	17042.0	10230.5	7378.5	15257.5	12886.0	11096.0	8498.5	13632.0	18311.5	18411.5	14671.5	14982.5	16609.0	24874.5	15406.5	21750.0
D	16364.0	10324.0	14546.0	48143.0	52837.0	28610.5	18302.5	43277.0	32610.0	29724.0	23735.5	41247.0	53675.5	44332.5	38424.0	41288.0	47545.5	71053.0	41937.5	59649.0
E	20179.0	10922.0	17042.0	52837.0	75336.0	32463.0	21474.5	59365.5	39885.0	39274.0	26173.5	48221.0	64723.0	48839.5	43547.0	49119.5	56274.0	88535.5	51547.0	67799.5
F	11760.0	7072.0	10230.5	28610.5	32463.0	22739.0	13525.0	29980.5	24569.0	21819.5	16997.0	29005.5	37197.0	32134.0	28091.5	29729.0	31592.0	49771.5	28346.5	41661.0
H	7478.0	4352.5	7378.5	18302.5	21474.5	13525.0	12745.0	19263.0	15618.0	15454.0	11342.5	18169.0	25754.5	20373.5	19974.0	19598.5	21425.5	33462.5	20418.0	29481.0
K	17737.5	9121.5	15257.5	43277.0	59365.5	29980.5	19263.0	62285.0	36707.0	34190.5	23985.5	43684.5	55643.5	42674.5	38108.0	43783.0	48720.5	75204.0	44877.5	60622.5
N	13945.0	7193.0	12886.0	32610.0	39885.0	24569.0	15618.0	36707.0	29467.0	25733.5	19375.5	34109.0	40238.5	34898.0	30886.0	35127.5	38135.0	58348.5	32137.0	51305.5
Q	13256.0	6875.0	11096.0	29724.0	39274.0	21819.5	15454.0	34190.5	25733.5	33491.0	16999.0	29941.5	43537.0	33170.0	32020.5	32926.0	36099.0	58587.0	33223.5	49085.0
Y	9352.0	5389.5	8498.5	23735.5	26173.5	16997.0	11342.5	23985.5	19375.5	16999.0	15398.0	22524.0	28416.5	25544.5	22441.5	23008.5	25047.5	38309.0	22623.5	31825.0
I	16063.0	8553.5	13632.0	41247.0	48221.0	29005.5	18169.0	43684.5	34109.0	29941.5	22524.0	39763.0	49741.5	43398.5	36945.5	42209.5	43885.5	66726.5	38347.5	57613.5
A	22540.0	13402.0	18311.5	53675.5	64723.0	37197.0	25754.5	55643.5	40238.5	43537.0	28416.5	49741.5	94513.0	68862.0	61629.0	61733.0	65875.5	96951.5	61768.0	86723.5
G	18660.5	12317.5	18411.5	44332.5	48839.5	32134.0	20373.5	42674.5	34898.0	33170.0	25544.5	43398.5	68862.0	73151.0	45921.0	48099.5	56357.0	74513.0	47753.5	67826.0
P	15898.5	9394.0	14671.5	38424.0	43547.0	28091.5	19974.0	38108.0	30886.0	32020.5	22441.5	36945.5	61629.0	45921.0	62189.0	46976.5	47160.5	66781.5	43440.5	67649.0
T	16929.5	9732.0	14982.5	41288.0	49119.5	29729.0	19598.5	43783.0	35127.5	32926.0	23008.5	42209.5	61733.0	48099.5	46976.5	54666.0	49614.5	72836.0	42949.5	73049.0
V	18369.5	10825.5	16609.0	47545.5	56274.0	31592.0	21425.5	48720.5	38135.0	36099.0	25047.5	43885.5	65875.5	56357.0	47160.5	49614.5	55024.0	77270.0	47812.5	69010.5
L	27853.0	15786.0	24874.5	71053.0	88535.5	49771.5	33462.5	75204.0	58348.5	58587.0	38309.0	66726.5	96951.5	74513.0	66781.5	72836.0	77270.0	125047.0	73211.0	104478.0
R	16971.5	10369.5	15406.5	41937.5	51547.0	28346.5	20418.0	44877.5	32137.0	33223.5	22623.5	38347.5	61768.0	47753.5	43440.5	42949.5	47812.5	73211.0	56664.0	64472.5
S	23682.5	12939.0	21750.0	59649.0	67799.5	41661.0	29481.0	60622.5	51305.5	49085.0	31825.0	57613.5	86723.5	67826.0	67649.0	73049.0	69010.5	104478.0	64472.5	125153.0
End	1980.0	1448.5	2046.0	4626.0	6067.0	3794.5	2467.5	7237.5	4083.0	4154.5	2949.0	4478.0	6217.0	5903.0	4548.0	4962.0	5507.5	8187.5	6141.0	7878.5
