	M	W	C	D	E	F	H	K	N	Q	Y	I	A	G	P	T	V	L	R	S
Start	33656.0	856.0	1086.0	5128.0	5525.0	4335.0	1706.0	8105.0	6359.0	3130.0	3437.0	6806.0	6786.0	3465.0	3462.0	7132.0	4836.0	7650.0	4786.0	9409.0
M	11946.0	4834.0	7494.0	23605.0	24094.0	19000.0	9171.0	26327.0	22677.0	14664.0	17693.0	28547.0	26071.0	23269.0	16631.0	25083.0	26953.0	38268.0	21406.0	28367.0
W	4834.0	3424.0	4583.0	13269.0	12774.0	9082.0	5167.0	12889.0	12173.0	7716.0	8388.0	11970.0	13826.0	13993.0	10147.0	13190.0	12924.0	18172.0	12192.0	14864.0
C	7494.0	4583.0	9526.0	17625.0	16244.0	15294.0	8111.0	18449.0	17527.0	9405.0	13916.0	21706.0	19039.0	19660.0	13349.0	18420.0	21280.0	30311.0	15988.0	22169.0
D	23605.0	13269.0	17625.0	68152.0	68365.0	45839.0	21391.0	71546.0	57286.0	38270.0	44594.0	70492.0	65751.0	58185.0	42755.0	59467.0	71520.0	91059.0	55382.0	71848.0
E	24094.0	12774.0	16244.0	68365.0	85420.0	41591.0	21462.0	82306.0	58423.0	41721.0	41217.0	67570.0	69744.0	56450.0	45264.0	60183.0	67115.0	92539.0	63628.0	72471.0
F	19000.0	9082.0	15294.0	45839.0	41591.0	39360.0	17334.0	47641.0	44881.0	24275.0	32986.0	51722.0	45362.0	43707.0	32789.0	45525.0	50681.0	72049.0	36342.0	54887.0
H	9171.0	5167.0	8111.0	21391.0	21462.0	17334.0	10882.0	22450.0	19965.0	12814.0	16505.0	24769.0	23051.0	21533.0	17464.0	22617.0	25524.0	35555.0	20939.0	26404.0
K	26327.0	12889.0	18449.0	71546.0	82306.0	47641.0	22450.0	93090.0	66513.0	37977.0	48033.0	80639.0	63699.0	57655.0	44743.0	66066.0	69584.0	95123.0	53588.0	78447.0
N	22677.0	12173.0	17527.0	57286.0	58423.0	44881.0	19965.0	66513.0	65470.0	34709.0	45581.0	77714.0	53767.0	49139.0	37375.0	61991.0	66126.0	85463.0	45842.0	70633.0
Q	14664.0	7716.0	9405.0	38270.0	41721.0	24275.0	12814.0	37977.0	34709.0	28752.0	23726.0	37554.0	41050.0	33763.0	28385.0	37414.0	38278.0	54234.0	32953.0	42890.0
Y	17693.0	8388.0	13916.0	44594.0	41217.0	32986.0	16505.0	48033.0	45581.0	23726.0	33340.0	50532.0	40424.0	40727.0	29692.0	43590.0	46000.0	64678.0	34952.0	50016.0
I	28547.0	11970.0	21706.0	70492.0	67570.0	51722.0	24769.0	80639.0	77714.0	37554.0	50532.0	96942.0	65296.0	63262.0	46154.0	73715.0	76080.0	110055.0	53547.0	82014.0
A	26071.0	13826.0	19039.0	65751.0	69744.0	45362.0	23051.0	63699.0	53767.0	41050.0	40424.0	65296.0	116512.0	78096.0	56085.0	70689.0	77527.0	104119.0	67768.0	82663.0
G	23269.0	13993.0	19660.0	58185.0	56450.0	43707.0	21533.0	57655.0	49139.0	33763.0	40727.0	63262.0	78096.0	76320.0	49089.0	64835.0	73720.0	90970.0	56583.0	75455.0
P	16631.0	10147.0	13349.0	42755.0	45264.0	32789.0	17464.0	44743.0	37375.0	28385.0	29692.0	46154.0	56085.0	49089.0	59760.0	51321.0	53448.0	66435.0	46628.0	58739.0
T	25083.0	13190.0	18420.0	59467.0	60183.0	45525.0	22617.0	66066.0	61991.0	37414.0	43590.0	73715.0	70689.0	64835.0	51321.0	77670.0	74609.0	94245.0	55288.0	82704.0
V	26953.0	12924.0	21280.0	71520.0	67115.0	50681.0	25524.0	69584.0	66126.0	38278.0	46000.0	76080.0	77527.0	73720.0	53448.0	74609.0	84724.0	105246.0	60220.0	81966.0
L	38268.0	18172.0	30311.0	91059.0	92539.0	72049.0	35555.0	95123.0	85463.0	54234.0	64678.0	110055.0	104119.0	90970.0	66435.0	94245.0	105246.0	159560.0	81380.0	109230.0
R	21406.0	12192.0	15988.0	55382.0	63628.0	36342.0	20939.0	53588.0	45842.0	32953.0	34952.0	53547.0	67768.0	56583.0	46628.0	55288.0	60220.0	81380.0	67386.0	67250.0
S	28367.0	14864.0	22169.0	71848.0	72471.0	54887.0	26404.0	78447.0	70633.0	42890.0	50016.0	82014.0	82663.0	75455.0	58739.0	82704.0	81966.0	109230.0	67250.0	113224.0
End	2441.0	1755.0	2249.0	6605.0	8936.0	5986.0	2436.0	11149.0	7239.0	4262.0	5067.0	8190.0	6427.0	7368.0	4421.0	6332.0	8265.0	11548.0	7913.0	9065.0
