	M	W	C	D	E	F	H	K	N	Q	Y	I	A	G	P	T	V	L	R	S
Start	8.0	0.0	0.0	2.0	2.0	1.0	0.0	1.0	1.0	1.0	1.0	1.0	3.0	1.0	1.0	2.0	1.0	2.0	2.0	3.0
M	4.0	3.0	3.0	10.0	10.0	9.0	4.0	11.0	8.0	7.0	7.0	11.0	12.0	11.0	8.0	11.0	12.0	18.0	10.0	13.0
W	3.0	2.0	3.0	6.0	7.0	5.0	3.0	6.0	6.0	5.0	4.0	6.0	7.0	7.0	6.0	7.0	7.0	10.0	7.0	8.0
C	3.0	3.0	4.0	7.0	7.0	6.0	4.0	8.0	7.0	5.0	6.0	9.0	9.0	10.0	6.0	8.0	9.0	15.0	8.0	9.0
D	10.0	6.0	7.0	24.0	26.0	17.0	10.0	25.0	17.0	17.0	14.0	23.0	24.0	22.0	18.0	23.0	26.0	39.0	21.0	28.0
E	10.0	7.0	7.0	26.0	36.0	17.0	11.0	33.0	22.0	20.0	14.0	27.0	28.0	25.0	22.0	26.0	27.0	43.0	27.0	34.0
F	9.0	5.0	6.0	17.0	17.0	16.0	7.0	19.0	14.0	11.0	11.0	18.0	18.0	17.0	15.0	17.0	20.0	30.0	15.0	23.0
H	4.0	3.0	4.0	10.0	11.0	7.0	4.0	10.0	8.0	7.0	6.0	10.0	10.0	11.0	8.0	10.0	11.0	17.0	9.0	12.0
K	11.0	6.0	8.0	25.0	33.0	19.0	10.0	36.0	22.0	18.0	17.0	28.0	27.0	27.0	21.0	28.0	28.0	40.0	26.0	35.0
N	8.0	6.0	7.0	17.0	22.0	14.0	8.0	22.0	18.0	16.0	12.0	22.0	20.0	19.0	16.0	22.0	22.0	30.0	19.0	25.0
Q	7.0	5.0	5.0	17.0	20.0	11.0	7.0	18.0	16.0	14.0	10.0	17.0	17.0	17.0	15.0	19.0	18.0	27.0	17.0	22.0
Y	7.0	4.0	6.0	14.0	14.0	11.0	6.0	17.0	12.0	10.0	10.0	16.0	15.0	16.0	14.0	16.0	17.0	24.0	14.0	19.0
I	11.0	6.0	9.0	23.0	27.0	18.0	10.0	28.0	22.0	17.0	16.0	32.0	27.0	27.0	22.0	29.0	29.0	45.0	23.0	33.0
A	12.0	7.0	9.0	24.0	28.0	18.0	10.0	27.0	20.0	17.0	15.0	27.0	40.0	32.0	23.0	30.0	30.0	43.0	26.0	35.0
G	11.0	7.0	10.0	22.0	25.0	17.0	11.0	27.0	19.0	17.0	16.0	27.0	32.0	34.0	24.0	28.0	29.0	46.0	24.0	36.0
P	8.0	6.0	6.0	18.0	22.0	15.0	8.0	21.0	16.0	15.0	14.0	22.0	23.0	24.0	26.0	25.0	24.0	32.0	20.0	28.0
T	11.0	7.0	8.0	23.0	26.0	17.0	10.0	28.0	22.0	19.0	16.0	29.0	30.0	28.0	25.0	36.0	30.0	42.0	25.0	37.0
V	12.0	7.0	9.0	26.0	27.0	20.0	11.0	28.0	22.0	18.0	17.0	29.0	30.0	29.0	24.0	30.0	32.0	45.0	24.0	36.0
L	18.0	10.0	15.0	39.0	43.0	30.0	17.0	40.0	30.0	27.0	24.0	45.0	43.0	46.0	32.0	42.0	45.0	70.0	36.0	51.0
R	10.0	7.0	8.0	21.0	27.0	15.0	9.0	26.0	19.0	17.0	14.0	23.0	26.0	24.0	20.0	25.0	24.0	36.0	32.0	32.0
S	13.0	8.0	9.0	28.0	34.0	23.0	12.0	35.0	25.0	22.0	19.0	33.0	35.0	36.0	28.0	37.0	36.0	51.0	32.0	54.0
End	1.0	0.0	1.0	2.0	2.0	1.0	1.0	2.0	2.0	2.0	1.0	2.0	2.0	2.0	2.0	2.0	2.0	3.0	2.0	3.0
