Proteome_ID	M	W	C	D	E	F	H	K	N	Q	Y	I	A	G	P	T	V	L	R	S
UP000008323	0.01879290261327481	0.027219064081618678	0.027219064081618678	0.027219064081618678	0.027219064081618678	0.06070679068186487	0.027219064081618678	0.06913295215020873	0.06070679068186487	0.027219064081618678	0.10262067875045493	0.10262067875045493	0.024408387963114273	0.024408387963114273	0.024408387963114273	0.054438128163237356	0.054438128163237356	0.11514491884510222	0.024408387963114273	0.10045009485813085
UP000002535	0.01863645772863926	0.02989082006282501	0.02989082006282501	0.02989082006282501	0.02989082006282501	0.04949716279198714	0.02989082006282501	0.06075152512617289	0.04949716279198714	0.02989082006282501	0.08035786785533502	0.08035786785533502	0.03610150859688549	0.03610150859688549	0.03610150859688549	0.05978164012565002	0.05978164012565002	0.10927880291763717	0.03610150859688549	0.10830891791711429
UP000001961	0.013989985515606864	0.03132572030839552	0.03132572030839552	0.03132572030839552	0.03132572030839552	0.025279942189857883	0.03132572030839552	0.042615676982646546	0.025279942189857883	0.03132572030839552	0.036569898864108906	0.036569898864108906	0.07763473076560387	0.07763473076560387	0.07763473076560387	0.06265144061679104	0.06265144061679104	0.08793138280664892	0.07763473076560387	0.10796714644079343
UP000000815	0.016225383225448534	0.03174117184320598	0.03174117184320598	0.03174117184320598	0.03174117184320598	0.03319281345399447	0.03174117184320598	0.048708602071751914	0.03319281345399447	0.03174117184320598	0.0501602436825404	0.0501602436825404	0.06070603152554929	0.06070603152554929	0.06070603152554929	0.06348234368641197	0.06348234368641197	0.09667515714040643	0.06070603152554929	0.1114488987550665
UP000000425	0.014596388629270577	0.03153168540767385	0.03153168540767385	0.03153168540767385	0.03153168540767385	0.02717689216602566	0.03153168540767385	0.044112188944428934	0.02717689216602566	0.03153168540767385	0.039757395702780744	0.039757395702780744	0.07316857119457089	0.07316857119457089	0.07316857119457089	0.0630633708153477	0.0630633708153477	0.09024026298137337	0.07316857119457089	0.10919144485229211
UP000010481	0.017017836425328784	0.03159158091920952	0.03159158091920952	0.03159158091920952	0.03159158091920952	0.03688965157351174	0.03159158091920952	0.051463396067392475	0.03688965157351174	0.03159158091920952	0.056761466721694694	0.056761466721694694	0.05410883228247065	0.05410883228247065	0.05410883228247065	0.06318316183841904	0.06318316183841904	0.10007281341193078	0.05410883228247065	0.11179257918295735
UP000002194	0.011024698979716422	0.029556361120345594	0.029556361120345594	0.029556361120345594	0.029556361120345594	0.01758341922137704	0.029556361120345594	0.03611508136200622	0.01758341922137704	0.029556361120345594	0.02414213946303766	0.02414213946303766	0.09936389182079261	0.09936389182079261	0.09936389182079261	0.05911272224069119	0.05911272224069119	0.07669614146206823	0.09936389182079261	0.09969378234075321
UP000010378	0.018827846493248025	0.029013499737789262	0.029013499737789262	0.029013499737789262	0.029013499737789262	0.05363050421805241	0.029013499737789262	0.06381615746259366	0.05363050421805241	0.029013499737789262	0.0884331619428568	0.0884331619428568	0.031391954236050144	0.031391954236050144	0.031391954236050144	0.058026999475578524	0.058026999475578524	0.11165750369363094	0.031391954236050144	0.10586834570661581
UP000001168	0.01706391905734748	0.03157559374527383	0.03157559374527383	0.03157559374527383	0.03157559374527383	0.037128959092869	0.03157559374527383	0.05164063378079535	0.037128959092869	0.03157559374527383	0.05719399912839053	0.05719399912839053	0.05370568659750353	0.05370568659750353	0.05370568659750353	0.06315118749054766	0.06315118749054766	0.10028014658341666	0.05370568659750353	0.11179070029316897
UP000000430	0.01781334681620176	0.031149609440267137	0.031149609440267137	0.031149609440267137	0.031149609440267137	0.04160676883697748	0.031149609440267137	0.05494303146104285	0.04160676883697748	0.031149609440267137	0.0654001908577532	0.0654001908577532	0.04664136126902695	0.04664136126902695	0.04664136126902695	0.062299218880534274	0.062299218880534274	0.10390598771751175	0.04664136126902695	0.11126217513700316
UP000001054	0.011984924259754769	0.03025853639792311	0.03025853639792311	0.03025853639792311	0.03025853639792311	0.019845352095586907	0.03025853639792311	0.03811896423375525	0.019845352095586907	0.03025853639792311	0.027705779931419042	0.027705779931419042	0.09227138128207246	0.09227138128207246	0.09227138128207246	0.06051707279584622	0.06051707279584622	0.08036242489143312	0.09227138128207246	0.1027605334535241
UP000008561	0.012649126190358491	0.03067348445405143	0.03067348445405143	0.03067348445405143	0.03067348445405143	0.02152602438772218	0.03067348445405143	0.03955038265141511	0.02152602438772218	0.03067348445405143	0.030402922585085864	0.030402922585085864	0.08741629495593951	0.08741629495593951	0.08741629495593951	0.06134696890810286	0.06134696890810286	0.08287299329582504	0.08741629495593951	0.10466957955251277
UP000008898	0.01758638557419532	0.031317742581030546	0.031317742581030546	0.031317742581030546	0.031317742581030546	0.04011008497333779	0.031317742581030546	0.05384144198017302	0.04011008497333779	0.031317742581030546	0.06263378437248025	0.06263378437248025	0.04890545612275106	0.04890545612275106	0.04890545612275106	0.06263548516206109	0.06263548516206109	0.1027455701353989	0.04890545612275106	0.11153961331728696
UP000008204	0.017462224457325988	0.03139345587676305	0.03139345587676305	0.03139345587676305	0.03139345587676305	0.03935040317012748	0.03139345587676305	0.05328163458956455	0.03935040317012748	0.03139345587676305	0.06123858188292899	0.06123858188292899	0.05009092626702435	0.05009092626702435	0.05009092626702435	0.0627869117535261	0.0627869117535261	0.10213731492365359	0.05009092626702435	0.11164259208761516
UP000001946	0.01614230609821127	0.03174528156121746	0.03174528156121746	0.03174528156121746	0.03174528156121746	0.03284258527163917	0.03174528156121746	0.04844556073464536	0.03284258527163917	0.03174528156121746	0.04954286444506707	0.04954286444506707	0.06136927973640464	0.06136927973640464	0.06136927973640464	0.06349056312243492	0.06349056312243492	0.09633314839407411	0.06136927973640464	0.11137815078186367
UP000017700	0.01651733660524689	0.03171080083475374	0.03171080083475374	0.03171080083475374	0.03171080083475374	0.03447390032303201	0.03171080083475374	0.04966736455253887	0.03447390032303201	0.03171080083475374	0.05243046404081714	0.05243046404081714	0.05833833016623269	0.05833833016623269	0.05833833016623269	0.06342160166950749	0.06342160166950749	0.0978955019925395	0.05833833016623269	0.11164973910950812
UP000002084	0.014683575265088315	0.031556264630610315	0.031556264630610315	0.031556264630610315	0.031556264630610315	0.027462058759609942	0.031556264630610315	0.04433474812513194	0.027462058759609942	0.031556264630610315	0.04024054225413156	0.04024054225413156	0.07252171777461096	0.07252171777461096	0.07252171777461096	0.06311252926122063	0.06311252926122063	0.09057458802083057	0.07252171777461096	0.10935236915691927
UP000065734	0.010730473059101981	0.02931718532218934	0.02931718532218934	0.02931718532218934	0.02931718532218934	0.016925385340645395	0.02931718532218934	0.03551209760373276	0.016925385340645395	0.02931718532218934	0.02312029762218881	0.02312029762218881	0.10156310629472735	0.10156310629472735	0.10156310629472735	0.05863437064437868	0.05863437064437868	0.07555975598502408	0.10156310629472735	0.09868202902567001
UP000001191	0.017302663674398422	0.03147661793044981	0.03147661793044981	0.03147661793044981	0.03147661793044981	0.0384246572141708	0.03147661793044981	0.0525986114702222	0.0384246572141708	0.03147661793044981	0.059546650753943185	0.059546650753943185	0.05156987976845874	0.05156987976845874	0.05156987976845874	0.06295323586089963	0.06295323586089963	0.10137789307507043	0.05156987976845874	0.11173251746574785
UP000002186	0.007796185534423249	0.026283083080890505	0.026283083080890505	0.026283083080890505	0.026283083080890505	0.011083946973809012	0.026283083080890505	0.02957084452027627	0.011083946973809012	0.026283083080890505	0.014371708413194776	0.014371708413194776	0.12464882011242577	0.12464882011242577	0.12464882011242577	0.05256616616178101	0.05256616616178101	0.06365011313559002	0.12464882011242577	0.08664543477709477
UP000254519	0.017587321081192854	0.03131713202919268	0.03131713202919268	0.03131713202919268	0.03131713202919268	0.0401159534115624	0.03131713202919268	0.05384576435956222	0.0401159534115624	0.03131713202919268	0.06264458574193195	0.06264458574193195	0.04889639533040271	0.04889639533040271	0.04889639533040271	0.06263426405838536	0.06263426405838536	0.10275021746994777	0.04889639533040271	0.11153871716877091
UP000001688	0.01563359029802069	0.03173174679300976	0.03173174679300976	0.03173174679300976	0.03173174679300976	0.030816021011900556	0.03173174679300976	0.04691417750688963	0.030816021011900556	0.03173174679300976	0.045998451725780425	0.045998451725780425	0.06534936837866501	0.06534936837866501	0.06534936837866501	0.06346349358601952	0.06346349358601952	0.09427951459792007	0.06534936837866501	0.11082883067704996
UP000001430	0.01886257935042352	0.028569806441041252	0.028569806441041252	0.028569806441041252	0.028569806441041252	0.05551536355230029	0.028569806441041252	0.06522259064291802	0.05551536355230029	0.028569806441041252	0.09216814775417706	0.09216814775417706	0.029405691968840273	0.029405691968840273	0.029405691968840273	0.057139612882082504	0.057139612882082504	0.11265497643438278	0.029405691968840273	0.10457199867354727
UP000029482	0.007291472549261586	0.025629965255988763	0.025629965255988763	0.025629965255988763	0.025629965255988763	0.010190596964057809	0.025629965255988763	0.02852908967078499	0.010190596964057809	0.025629965255988763	0.013089721378854032	0.013089721378854032	0.1289218131852447	0.1289218131852447	0.1289218131852447	0.051259930511977525	0.051259930511977525	0.06145052747603534	0.1289218131852447	0.08418136831722788
UP000889800	0.013574339030442233	0.03115127512729457	0.03115127512729457	0.03115127512729457	0.03115127512729457	0.0240575472015401	0.03115127512729457	0.041634483298392436	0.0240575472015401	0.03115127512729457	0.034540755372637955	0.034540755372637955	0.08067338984535206	0.08067338984535206	0.08067338984535206	0.06230255025458914	0.06230255025458914	0.08636009745612924	0.08067338984535206	0.10702816441232596
UP000002384	0.017851151448080006	0.031117262255434344	0.031117262255434344	0.031117262255434344	0.031117262255434344	0.041872027848843335	0.031117262255434344	0.05513813865619766	0.041872027848843335	0.031117262255434344	0.06589290424960666	0.06589290424960666	0.04624968314259594	0.04624968314259594	0.04624968314259594	0.06223452451086869	0.06223452451086869	0.10410655235971202	0.04624968314259594	0.11120293821438303
UP000002417	0.009060023818685115	0.027740560802815416	0.027740560802815416	0.027740560802815416	0.027740560802815416	0.013454117610789408	0.027740560802815416	0.03213465459491971	0.013454117610789408	0.027740560802815416	0.0178482114028937	0.0178482114028937	0.11439452752183084	0.11439452752183084	0.11439452752183084	0.05548112160563083	0.05548112160563083	0.06893523921642024	0.11439452752183084	0.09228170622713137
UP000000817	0.018461117367515448	0.030315055950610542	0.030315055950610542	0.030315055950610542	0.030315055950610542	0.047212139828793735	0.030315055950610542	0.05906607841188883	0.047212139828793735	0.030315055950610542	0.07596316229007202	0.07596316229007202	0.038930775881849206	0.038930775881849206	0.038930775881849206	0.060630111901221084	0.060630111901221084	0.10784225173001481	0.038930775881849206	0.10940628521934707
UP000001566	0.011740167191480919	0.030090959425401218	0.030090959425401218	0.030090959425401218	0.030090959425401218	0.01925109772390512	0.030090959425401218	0.03760188995782542	0.01925109772390512	0.030090959425401218	0.026762028256329326	0.026762028256329326	0.09406900864845509	0.09406900864845509	0.09406900864845509	0.060181918850802436	0.060181918850802436	0.07943301657470757	0.09406900864845509	0.10201304546768458
UP000000562	0.017751343150118788	0.02349276643330626	0.02349276643330626	0.02349276643330626	0.02349276643330626	0.07263497880819716	0.02349276643330626	0.07837640209138463	0.07263497880819716	0.02349276643330626	0.12751861446627555	0.12751861446627555	0.015196812437910313	0.015196812437910313	0.015196812437910313	0.04698553286661252	0.04698553286661252	0.11962051167480969	0.015196812437910313	0.08822964245003757
UP000000585	0.017992035368930744	0.03098365982449864	0.03098365982449864	0.03098365982449864	0.03098365982449864	0.04290911466289997	0.03098365982449864	0.055900739118467865	0.04290911466289997	0.03098365982449864	0.06782619395686919	0.06782619395686919	0.0447451402184382	0.0447451402184382	0.0447451402184382	0.06196731964899728	0.06196731964899728	0.10487643431189725	0.0447451402184382	0.11094301484242665
UP000001020	0.00999157823088909	0.028666348389469923	0.028666348389469923	0.028666348389469923	0.028666348389469923	0.015337380867078719	0.028666348389469923	0.03401215102565955	0.015337380867078719	0.028666348389469923	0.020683183503268348	0.020683183503268348	0.10715773926568517	0.10715773926568517	0.10715773926568517	0.057332696778939846	0.057332696778939846	0.07267007764601856	0.10715773926568517	0.09599062339929886
UP000000594	0.018676150677281872	0.029765508312951834	0.029765508312951834	0.029765508312951834	0.029765508312951834	0.05012960502332917	0.029765508312951834	0.06121896265899913	0.05012960502332917	0.029765508312951834	0.08158305936937647	0.08158305936937647	0.0353477943708548	0.0353477943708548	0.0353477943708548	0.05953101662590367	0.05953101662590367	0.10966062164923285	0.0353477943708548	0.10797267561613737
UP000000586	0.017974920797713335	0.031001078544696536	0.031001078544696536	0.031001078544696536	0.031001078544696536	0.042778687492377794	0.031001078544696536	0.055804845239360995	0.042778687492377794	0.031001078544696536	0.06758245418704226	0.06758245418704226	0.04493204103588659	0.04493204103588659	0.04493204103588659	0.06200215708939307	0.06200215708939307	0.10478084458177085	0.04493204103588659	0.11097815643180294
UP000037395	0.007120071411222934	0.025398146467727898	0.025398146467727898	0.025398146467727898	0.025398146467727898	0.009893635735923098	0.025398146467727898	0.028171710792428067	0.009893635735923098	0.025398146467727898	0.012667200060623263	0.012667200060623263	0.13040016051004796	0.13040016051004796	0.13040016051004796	0.050796292935455796	0.050796292935455796	0.0606899286713789	0.13040016051004796	0.08331451081440665
UP000001174	0.01884595609877714	0.028835450174033463	0.028835450174033463	0.028835450174033463	0.028835450174033463	0.05440031536876067	0.028835450174033463	0.064389809444017	0.05440031536876067	0.028835450174033463	0.08995467463874422	0.08995467463874422	0.03056905759103907	0.03056905759103907	0.03056905759103907	0.05767090034806693	0.05767090034806693	0.1120712157168276	0.03056905759103907	0.10535230662087754
UP000061569	0.008296213737372814	0.026888944417535143	0.026888944417535143	0.026888944417535143	0.026888944417535143	0.011998045574780597	0.026888944417535143	0.030590776254942928	0.011998045574780597	0.026888944417535143	0.015699877412188378	0.015699877412188378	0.12052218461464145	0.12052218461464145	0.12052218461464145	0.05377788883507029	0.05377788883507029	0.0657759344098509	0.12052218461464145	0.08896304698997826
UP000002516	0.015021047372645343	0.03163863761722448	0.03163863761722448	0.03163863761722448	0.03163863761722448	0.02859894048773521	0.03163863761722448	0.045216530732314346	0.02859894048773521	0.03163863761722448	0.042176833602825085	0.042176833602825085	0.07000283039879304	0.07000283039879304	0.07000283039879304	0.06327727523444895	0.06327727523444895	0.09187621572218417	0.07000283039879304	0.10993696022431877
UP000001584	0.009952053297925773	0.028629485550711358	0.028629485550711358	0.028629485550711358	0.028629485550711358	0.015254889549947715	0.028629485550711358	0.0339323218027333	0.015254889549947715	0.028629485550711358	0.020557725801969656	0.020557725801969656	0.10746029202174061	0.10746029202174061	0.10746029202174061	0.057258971101422716	0.057258971101422716	0.07251386065137042	0.10746029202174061	0.09584050995005985
UP000001962	0.009095637395208463	0.027778184148698107	0.027778184148698107	0.027778184148698107	0.027778184148698107	0.013523867695751491	0.027778184148698107	0.03220641444924113	0.013523867695751491	0.027778184148698107	0.017952097996294516	0.017952097996294516	0.1141134373625067	0.1141134373625067	0.1141134373625067	0.055556368297396214	0.055556368297396214	0.0690802359931477	0.1141134373625067	0.09243018984130277
UP000000579	0.018561683954862792	0.030092492522403834	0.030092492522403834	0.030092492522403834	0.030092492522403834	0.04844129813994882	0.030092492522403834	0.059972106707489856	0.04844129813994882	0.030092492522403834	0.07832091232503485	0.07832091232503485	0.03738785461920271	0.03738785461920271	0.03738785461920271	0.06018498504480767	0.06018498504480767	0.10862628318475649	0.03738785461920271	0.10883916152207429
UP000002357	0.007351517025138645	0.02570994767931823	0.02570994767931823	0.02570994767931823	0.02570994767931823	0.010295385354025417	0.02570994767931823	0.028653816008205	0.010295385354025417	0.02570994767931823	0.013239253682912188	0.013239253682912188	0.1284073178309609	0.1284073178309609	0.1284073178309609	0.05141989535863646	0.05141989535863646	0.06171528071266187	0.1284073178309609	0.08448136006309334
UP000002521	0.018602546630525848	0.026166617015000067	0.026166617015000067	0.026166617015000067	0.026166617015000067	0.06435235110764839	0.026166617015000067	0.07191642149212261	0.06435235110764839	0.026166617015000067	0.11010215558477095	0.11010215558477095	0.021279466382334376	0.021279466382334376	0.021279466382334376	0.052333234030000134	0.052333234030000134	0.11668558513764854	0.021279466382334376	0.09710239767552606
UP000069205	0.010820895731396466	0.02939189245960392	0.02939189245960392	0.02939189245960392	0.02939189245960392	0.017125984582761336	0.02939189245960392	0.03569698131096879	0.017125984582761336	0.02939189245960392	0.023431073434126207	0.023431073434126207	0.10088568492891076	0.10088568492891076	0.10088568492891076	0.05878378491920784	0.05878378491920784	0.07590976950196918	0.10088568492891076	0.09899657311020822
UP000000558	0.015331675711002007	0.031695469711940545	0.031695469711940545	0.031695469711940545	0.031695469711940545	0.029696332226101563	0.031695469711940545	0.04606012622704011	0.029696332226101563	0.031695469711940545	0.04406098874120112	0.04406098874120112	0.06765837562778518	0.06765837562778518	0.06765837562778518	0.06339093942388109	0.06339093942388109	0.09308727164998266	0.06765837562778518	0.11041808484682365
UP000035170	0.010088517656850102	0.028755869805748516	0.028755869805748516	0.028755869805748516	0.028755869805748516	0.015540720395661263	0.028755869805748516	0.034208072544559674	0.015540720395661263	0.028755869805748516	0.020992923134472423	0.020992923134472423	0.10641720939989593	0.10641720939989593	0.10641720939989593	0.05751173961149703	0.05751173961149703	0.07305246000715829	0.10641720939989593	0.09635612707409565
UP000001010	0.00988728175349256	0.02856862101860495	0.02856862101860495	0.02856862101860495	0.02856862101860495	0.015120222448248403	0.02856862101860495	0.033801561713360795	0.015120222448248403	0.02856862101860495	0.02035316314300425	0.02035316314300425	0.10795689146745654	0.10795689146745654	0.10795689146745654	0.0571372420372099	0.0571372420372099	0.0722574644854583	0.10795689146745654	0.09559314480930742
UP000001423	0.014633507452947933	0.031542310776227406	0.031542310776227406	0.031542310776227406	0.031542310776227406	0.02729788921204396	0.031542310776227406	0.04420669253532343	0.02729788921204396	0.031542310776227406	0.03996227097113998	0.03996227097113998	0.07289335533423948	0.07289335533423948	0.07289335533423948	0.06308462155245481	0.06308462155245481	0.09038251076449877	0.07289335533423948	0.10926043978163014
UP000000818	0.018816630190627775	0.027415248922466676	0.027415248922466676	0.027415248922466676	0.027415248922466676	0.059993659056882004	0.027415248922466676	0.0685922777887209	0.059993659056882004	0.027415248922466676	0.10117068792313623	0.10117068792313623	0.02505584374402624	0.02505584374402624	0.02505584374402624	0.05483049784493335	0.05483049784493335	0.11482415690181536	0.02505584374402624	0.10106237695802779
UP000001203	0.017977779202945493	0.030998193720406922	0.030998193720406922	0.030998193720406922	0.030998193720406922	0.042800379484712346	0.030998193720406922	0.055820794002173775	0.042800379484712346	0.030998193720406922	0.0676229797664792	0.0676229797664792	0.04490091094968397	0.04490091094968397	0.04490091094968397	0.061996387440813844	0.061996387440813844	0.1047967669255262	0.04490091094968397	0.11097236036416626
UP000000429	0.01823580004451271	0.03069110328889754	0.03069110328889754	0.03069110328889754	0.03069110328889754	0.04493482107504196	0.03069110328889754	0.05739012431942679	0.04493482107504196	0.03069110328889754	0.0716338421055712	0.0716338421055712	0.04192489470545411	0.04192489470545411	0.04192489470545411	0.06138220657779508	0.06138220657779508	0.10631702765283703	0.04192489470545411	0.11030910991120532
UP000000640	0.007691869571702364	0.026151609086406236	0.026151609086406236	0.026151609086406236	0.026151609086406236	0.010896944998739333	0.026151609086406236	0.0293566845134432	0.010896944998739333	0.026151609086406236	0.014102020425776301	0.014102020425776301	0.125522641049822	0.125522641049822	0.125522641049822	0.05230321817281247	0.05230321817281247	0.0632001631715518	0.125522641049822	0.08614669683092106
UP000001170	0.018188411136958543	0.030755402070920902	0.030755402070920902	0.030755402070920902	0.030755402070920902	0.04451279550434115	0.030755402070920902	0.057079786438303505	0.04451279550434115	0.030755402070920902	0.07083717987172376	0.07083717987172376	0.04249990349187377	0.04249990349187377	0.04249990349187377	0.061510804141841804	0.061510804141841804	0.10602359964618294	0.04249990349187377	0.11045461734972126
UP000006552	0.01012347809294707	0.028787846004234417	0.028787846004234417	0.028787846004234417	0.028787846004234417	0.015614411897161312	0.028787846004234417	0.034278779808448664	0.015614411897161312	0.028787846004234417	0.021105345701375552	0.021105345701375552	0.10615066171197647	0.10615066171197647	0.10615066171197647	0.057575692008468835	0.057575692008468835	0.07319010390563015	0.10615066171197647	0.09648701610565033
UP000001409	0.010707159338784905	0.029297750127949187	0.029297750127949187	0.029297750127949187	0.029297750127949187	0.01687389510346807	0.029297750127949187	0.03546448589263235	0.01687389510346807	0.029297750127949187	0.023040630868151238	0.023040630868151238	0.10173799911596336	0.10173799911596336	0.10173799911596336	0.058595500255898374	0.058595500255898374	0.07546939535936645	0.10173799911596336	0.09860040972263245
UP000001937	0.008134098162578594	0.026696850825664264	0.026696850825664264	0.026696850825664264	0.026696850825664264	0.011698416134128087	0.026696850825664264	0.030261168797213755	0.011698416134128087	0.026696850825664264	0.015262734105677578	0.015262734105677578	0.12184928896973139	0.12184928896973139	0.12184928896973139	0.05339370165132853	0.05339370165132853	0.06509211778545662	0.12184928896973139	0.08822465063957138
UP000198251	0.011897162090048489	0.030199349643756434	0.030199349643756434	0.030199349643756434	0.030199349643756434	0.019630798595604407	0.030199349643756434	0.03793298614931235	0.019630798595604407	0.030199349643756434	0.027364435101160323	0.027364435101160323	0.09291529475627759	0.09291529475627759	0.09291529475627759	0.06039869928751287	0.06039869928751287	0.08002949788311728	0.09291529475627759	0.10249521102131778
UP000183015	0.005976583031154373	0.02370831280732021	0.02370831280732021	0.02370831280732021	0.02370831280732021	0.007991025230487624	0.02370831280732021	0.02572275500665346	0.007991025230487624	0.02370831280732021	0.010005467429820876	0.010005467429820876	0.14067884406753253	0.14067884406753253	0.14067884406753253	0.04741662561464042	0.04741662561464042	0.05540765084512804	0.14067884406753253	0.077101521453115
UP000008080	0.01606451467081572	0.03174742862052657	0.03174742862052657	0.03174742862052657	0.03174742862052657	0.03251991527024397	0.03174742862052657	0.04820282921995482	0.03251991527024397	0.03174742862052657	0.04897531586967223	0.04897531586967223	0.06198658364510972	0.06198658364510972	0.06198658364510972	0.06349485724105314	0.06349485724105314	0.0960147725112971	0.06198658364510972	0.11130680053239542
UP000006647	0.01865206377422253	0.026394486242216072	0.026394486242216072	0.026394486242216072	0.026394486242216072	0.06358625387762346	0.026394486242216072	0.07132867634561699	0.06358625387762346	0.026394486242216072	0.10852044398102438	0.10852044398102438	0.02191256321944442	0.02191256321944442	0.02191256321944442	0.052788972484432144	0.052788972484432144	0.1163752263620556	0.02191256321944442	0.09783552250087073
UP000000809	0.01814595063528544	0.030809659268687208	0.030809659268687208	0.030809659268687208	0.030809659268687208	0.04414745888143378	0.030809659268687208	0.05681116751483555	0.04414745888143378	0.030809659268687208	0.07014896712758213	0.07014896712758213	0.043002932821205	0.043002932821205	0.043002932821205	0.061619318537374415	0.061619318537374415	0.1057667774188082	0.043002932821205	0.11057492844134706
UP000001572	0.018559244521299142	0.03009847041977366	0.03009847041977366	0.03009847041977366	0.03009847041977366	0.04840921541465931	0.03009847041977366	0.05994844131313383	0.04840921541465931	0.03009847041977366	0.0782591863080195	0.0782591863080195	0.03742749862191153	0.03742749862191153	0.03742749862191153	0.06019694083954732	0.06019694083954732	0.10860615625420664	0.03742749862191153	0.10885465578062012
UP000002207	0.011379565384628733	0.02982983632550732	0.02982983632550732	0.02982983632550732	0.02982983632550732	0.018398134854854305	0.02982983632550732	0.0368484057957329	0.018398134854854305	0.02982983632550732	0.02541670432507988	0.02541670432507988	0.09672927633441926	0.09672927633441926	0.09672927633441926	0.05965967265101464	0.05965967265101464	0.07805780750586895	0.09672927633441926	0.1008690743611507
UP000194841	0.018257351975067566	0.03066044434943412	0.03066044434943412	0.03066044434943412	0.03066044434943412	0.04513217408236703	0.03066044434943412	0.05753526645673358	0.04513217408236703	0.03066044434943412	0.07200699618966648	0.07200699618966648	0.04165821243129636	0.04165821243129636	0.04165821243129636	0.06132088869886824	0.06132088869886824	0.10645306278123527	0.04165821243129636	0.11023868502336992
UP000001410	0.015370110687164288	0.0317011607570819	0.0317011607570819	0.0317011607570819	0.0317011607570819	0.029835824865020188	0.0317011607570819	0.046166874934937804	0.029835824865020188	0.0317011607570819	0.04430153904287609	0.04430153904287609	0.06736623491342308	0.06736623491342308	0.06736623491342308	0.0634023215141638	0.0634023215141638	0.093238146379184	0.06736623491342308	0.11047359295841
UP000006637	0.007742432504149158	0.026215559862297583	0.026215559862297583	0.026215559862297583	0.026215559862297583	0.010987430490635934	0.026215559862297583	0.02946055784878436	0.010987430490635934	0.026215559862297583	0.01423242847712271	0.01423242847712271	0.12509850769557512	0.12509850769557512	0.12509850769557512	0.05243111972459517	0.05243111972459517	0.06341855021523109	0.12509850769557512	0.0863891120910419
UP000000625	0.015633498788759557	0.03173173880346939	0.03173173880346939	0.03173173880346939	0.03173173880346939	0.030815672998786195	0.03173173880346939	0.04691391301349603	0.030815672998786195	0.03173173880346939	0.045997847208812837	0.045997847208812837	0.06535007348573994	0.06535007348573994	0.06535007348573994	0.06346347760693878	0.06346347760693878	0.09427915060572498	0.06535007348573994	0.11082871519916772
UP000001806	0.018376266001327187	0.02529516571934926	0.02529516571934926	0.02529516571934926	0.02529516571934926	0.06718274765504151	0.02529516571934926	0.07410164737306359	0.06718274765504151	0.02529516571934926	0.11598922930875584	0.11598922930875584	0.019047908312851705	0.019047908312851705	0.019047908312851705	0.05059033143869852	0.05059033143869852	0.11777307909374003	0.019047908312851705	0.09426176315937496
UP000002361	0.00953441214595222	0.028227014066409116	0.028227014066409116	0.028227014066409116	0.028227014066409116	0.014397566850455724	0.028227014066409116	0.03309016877091263	0.014397566850455724	0.028227014066409116	0.019260721554959233	0.019260721554959233	0.11068041306994013	0.11068041306994013	0.11068041306994013	0.05645402813281823	0.05645402813281823	0.07085159498327395	0.11068041306994013	0.09421545434517958
UP000000588	0.01582778469521453	0.03174436986277516	0.03174436986277516	0.03174436986277516	0.03174436986277516	0.03156726434620437	0.03174436986277516	0.047483849513765	0.03156726434620437	0.03174436986277516	0.04730674399719421	0.04730674399719421	0.06384493803029426	0.06384493803029426	0.06384493803029426	0.06348873972555032	0.06348873972555032	0.09505600407175469	0.06384493803029426	0.11106089428354002
UP000002480	0.018739144501948225	0.026858688609673345	0.026858688609673345	0.026858688609673345	0.026858688609673345	0.061987328390844004	0.026858688609673345	0.07010687249856913	0.061987328390844004	0.026858688609673345	0.10523551227973979	0.10523551227973979	0.023275374905105645	0.023275374905105645	0.023275374905105645	0.05371737721934669	0.05371737721934669	0.1157047056101907	0.023275374905105645	0.09931521033096825
UP000001983	0.011584829495969133	0.029980549094880134	0.029980549094880134	0.029980549094880134	0.029980549094880134	0.018880454640126113	0.029980549094880134	0.037276174239037105	0.018880454640126113	0.029980549094880134	0.026176079784283095	0.026176079784283095	0.09521310171421951	0.09521310171421951	0.09521310171421951	0.05996109818976027	0.05996109818976027	0.07884155282988638	0.09521310171421951	0.10152647678060953
UP000001116	0.007074645600845081	0.02533582628350533	0.02533582628350533	0.02533582628350533	0.02533582628350533	0.00981546566321278	0.02533582628350533	0.02807664634587303	0.00981546566321278	0.02533582628350533	0.012556285725580478	0.012556285725580478	0.1307944249397644	0.1307944249397644	0.1307944249397644	0.05067165256701066	0.05067165256701066	0.06048711823022344	0.1307944249397644	0.08308212445136107
UP000002145	0.018062518046953385	0.03090805368461902	0.03090805368461902	0.03090805368461902	0.03090805368461902	0.0434608017308096	0.03090805368461902	0.056306337368475234	0.0434608017308096	0.03090805368461902	0.0688590854146658	0.0688590854146658	0.0439618113116431	0.0439618113116431	0.0439618113116431	0.06181610736923804	0.06181610736923804	0.10527690910004764	0.0439618113116431	0.11078667910081046
UP000000423	0.018401500963244208	0.0253828045993052	0.0253828045993052	0.0253828045993052	0.0253828045993052	0.06690465386311317	0.0253828045993052	0.07388595749917416	0.06690465386311317	0.0253828045993052	0.11540780676298215	0.11540780676298215	0.019259849117363916	0.019259849117363916	0.019259849117363916	0.0507656091986104	0.0507656091986104	0.11767026306172358	0.019259849117363916	0.09454991476115981
UP000009072	0.018372659936313943	0.025282789060311315	0.025282789060311315	0.025282789060311315	0.025282789060311315	0.06722191109765353	0.025282789060311315	0.07413204022165092	0.06722191109765353	0.025282789060311315	0.11607116225899312	0.11607116225899312	0.019018186547526177	0.019018186547526177	0.019018186547526177	0.05056557812062263	0.05056557812062263	0.11778748921827617	0.019018186547526177	0.09422102711724789
UP000000774	0.018259559526566237	0.030657251201039792	0.030657251201039792	0.030657251201039792	0.030657251201039792	0.045152591137499046	0.030657251201039792	0.0575502828119726	0.045152591137499046	0.030657251201039792	0.07204562274843185	0.07204562274843185	0.04163070280248435	0.04163070280248435	0.04163070280248435	0.061314502402079585	0.061314502402079585	0.10646709353957862	0.04163070280248435	0.1102313131296856
UP000001422	0.011388811692119694	0.029836743126971592	0.029836743126971592	0.029836743126971592	0.029836743126971592	0.01841968299693835	0.029836743126971592	0.03686761443179025	0.01841968299693835	0.029836743126971592	0.02545055430175701	0.02545055430175701	0.09666086442126688	0.09666086442126688	0.09666086442126688	0.059673486253943184	0.059673486253943184	0.07809316925088153	0.09666086442126688	0.10089904107303445
UP000006697	0.014148141624134828	0.031385154746080245	0.031385154746080245	0.031385154746080245	0.031385154746080245	0.025760937298214166	0.031385154746080245	0.04299795042015958	0.025760937298214166	0.031385154746080245	0.0373737329722935	0.0373737329722935	0.07647454182528435	0.07647454182528435	0.07647454182528435	0.06277030949216049	0.06277030949216049	0.08853124679037465	0.07647454182528435	0.10830360586237558
UP000001006	0.01551397849912961	0.031719718331901244	0.031719718331901244	0.031719718331901244	0.031719718331901244	0.030365724322220015	0.031719718331901244	0.04657146415499165	0.030365724322220015	0.031719718331901244	0.04521747014531042	0.04521747014531042	0.06626817265273739	0.06626817265273739	0.06626817265273739	0.06343943666380249	0.06343943666380249	0.09380516098602248	0.06626817265273739	0.11067313349483332
UP000028341	0.00850719603146769	0.027132880093678858	0.027132880093678858	0.027132880093678858	0.027132880093678858	0.012392818920597046	0.027132880093678858	0.03101850298280821	0.012392818920597046	0.027132880093678858	0.01627844180972641	0.01627844180972641	0.11880964079195741	0.11880964079195741	0.11880964079195741	0.054265760187357716	0.054265760187357716	0.06665857910795475	0.11880964079195741	0.08990583631250425
UP000005954	0.011030871972800083	0.02956125825929068	0.02956125825929068	0.02956125825929068	0.02956125825929068	0.017597391126748647	0.02956125825929068	0.03612777741323925	0.017597391126748647	0.02956125825929068	0.024163910280697212	0.024163910280697212	0.09931790270254001	0.09931790270254001	0.09931790270254001	0.05912251651858136	0.05912251651858136	0.07671990764533002	0.09931790270254001	0.09971464675067213
UP000001822	0.018258458588740603	0.030658844917944773	0.030658844917944773	0.030658844917944773	0.030658844917944773	0.0451424040712803	0.030658844917944773	0.05754279040048447	0.0451424040712803	0.030658844917944773	0.07202634955382	0.07202634955382	0.04164442683284543	0.04164442683284543	0.04164442683284543	0.06131768983588955	0.06131768983588955	0.10646009390716986	0.04164442683284543	0.11023499334257492
UP000008320	0.018852642201364025	0.027828382239698465	0.027828382239698465	0.027828382239698465	0.027828382239698465	0.05845072731241689	0.027828382239698465	0.06742646735075132	0.05845072731241689	0.027828382239698465	0.09804881242346976	0.09804881242346976	0.026498176966713374	0.026498176966713374	0.026498176966713374	0.05565676447939693	0.05565676447939693	0.11410749179181381	0.026498176966713374	0.1023377889204594
UP000061018	0.007846657696456132	0.026346054133873708	0.026346054133873708	0.026346054133873708	0.026346054133873708	0.0111748763880033	0.026346054133873708	0.029674272825420876	0.0111748763880033	0.026346054133873708	0.014503095079550467	0.014503095079550467	0.1242276951126126	0.1242276951126126	0.1242276951126126	0.052692108267747416	0.052692108267747416	0.06386698465575072	0.1242276951126126	0.08688482009807726
UP000001025	0.013716413324371205	0.03121381857022331	0.03121381857022331	0.03121381857022331	0.03121381857022331	0.02446886443592033	0.03121381857022331	0.04196626968177244	0.02446886443592033	0.03121381857022331	0.03522131554746946	0.03522131554746946	0.07963610017835891	0.07963610017835891	0.07963610017835891	0.06242763714044662	0.06242763714044662	0.08689650157636696	0.07963610017835891	0.10735786903504113
UP000007065	0.018850059324362425	0.027788818736737875	0.027788818736737875	0.027788818736737875	0.027788818736737875	0.058601071756808724	0.027788818736737875	0.06753983116918418	0.058601071756808724	0.027788818736737875	0.09835208418925502	0.09835208418925502	0.02635509637052164	0.02635509637052164	0.02635509637052164	0.05557763747347575	0.05557763747347575	0.11417870923028448	0.02635509637052164	0.10221651553457604
UP000002484	0.006089772520116702	0.02388750894618029	0.02388750894618029	0.02388750894618029	0.02388750894618029	0.008173482968399303	0.02388750894618029	0.02597121939446289	0.008173482968399303	0.02388750894618029	0.010257193416681904	0.010257193416681904	0.13962544140850944	0.13962544140850944	0.13962544140850944	0.04777501789236058	0.04777501789236058	0.05594850086075987	0.13962544140850944	0.07775229935865757
UP000002709	0.012874205901567471	0.030800676620089795	0.030800676620089795	0.030800676620089795	0.030800676620089795	0.022120040187548838	0.030800676620089795	0.04004651090607116	0.022120040187548838	0.030800676620089795	0.03136587447353021	0.03136587447353021	0.085775764619935	0.085775764619935	0.085775764619935	0.06160135324017959	0.06160135324017959	0.08372139342772844	0.085775764619935	0.10527623576183687
UP000001652	0.01677950262426377	0.03166004972544975	0.03166004972544975	0.03166004972544975	0.03166004972544975	0.035700292727151514	0.03166004972544975	0.050580839828337505	0.035700292727151514	0.03166004972544975	0.05462108283003926	0.05462108283003926	0.056154091299963876	0.056154091299963876	0.056154091299963876	0.0633200994508995	0.0633200994508995	0.09902039217805104	0.056154091299963876	0.11175965180061305
UP000006821	0.010808782143944469	0.02938194621662336	0.02938194621662336	0.02938194621662336	0.02938194621662336	0.017099028166543774	0.02938194621662336	0.035672192239222675	0.017099028166543774	0.02938194621662336	0.02338927418914308	0.02338927418914308	0.1009763543364051	0.1009763543364051	0.1009763543364051	0.05876389243324672	0.05876389243324672	0.0758629205997905	0.1009763543364051	0.09895462079381456
UP000002171	0.01576648354394507	0.03174133471181893	0.03174133471181893	0.03174133471181893	0.03174133471181893	0.031327317302534345	0.03174133471181893	0.0473021684704082	0.031327317302534345	0.03174133471181893	0.046888151061123616	0.046888151061123616	0.06432164743364187	0.06432164743364187	0.06432164743364187	0.06348266942363787	0.06348266942363787	0.0948099867261722	0.06432164743364187	0.11099048767940187
UP000009134	0.009997479801891567	0.028671834434409876	0.028671834434409876	0.028671834434409876	0.028671834434409876	0.015349718439107126	0.028671834434409876	0.03402407307162544	0.015349718439107126	0.028671834434409876	0.020701957076322684	0.020701957076322684	0.10711259533461917	0.10711259533461917	0.10711259533461917	0.05734366886881975	0.05734366886881975	0.07269338730792686	0.10711259533461917	0.0960129831051212
UP000007073	0.012378493994752063	0.030511492691377047	0.030511492691377047	0.030511492691377047	0.030511492691377047	0.020828674582182006	0.030511492691377047	0.038961673278806994	0.020828674582182006	0.030511492691377047	0.02927885516961195	0.02927885516961195	0.08939130356881582	0.08939130356881582	0.08939130356881582	0.061022985382754094	0.061022985382754094	0.08185165996493611	0.08939130356881582	0.1039129720688832
UP000000245	0.008849561373513525	0.027514494142463777	0.027514494142463777	0.027514494142463777	0.027514494142463777	0.013045383425112972	0.027514494142463777	0.031710316194063226	0.013045383425112972	0.027514494142463777	0.01724120547671242	0.01724120547671242	0.1160636469232973	0.1160636469232973	0.1160636469232973	0.055028988284927555	0.055028988284927555	0.06807437171004053	0.1160636469232973	0.09139304380090486
