Proteome_ID	M	W	C	D	E	F	H	K	N	Q	Y	I	A	G	P	T	V	L	R	S
UP000000231	0.04060930598937701	0.033221167283745245	0.033221167283745245	0.033221167283745245	0.033221167283745245	0.04060930598937701	0.033221167283745245	0.04060930598937701	0.04060930598937701	0.033221167283745245	0.04060930598937701	0.04060930598937701	0.05435433720454558	0.05435433720454558	0.05435433720454558	0.06644233456749049	0.06644233456749049	0.10705164055686749	0.05435433720454558	0.09966350185123574
UP000000233	0.017131706764249386	0.03022735833980574	0.03022735833980574	0.03022735833980574	0.03022735833980574	0.017131706764249386	0.03022735833980574	0.017131706764249386	0.017131706764249386	0.03022735833980574	0.017131706764249386	0.017131706764249386	0.10666691938829206	0.10666691938829206	0.10666691938829206	0.06045471667961148	0.06045471667961148	0.07758642344386085	0.10666691938829206	0.09068207501941723
UP000000235	0.012128870149966988	0.027573804083565353	0.027573804083565353	0.027573804083565353	0.027573804083565353	0.012128870149966988	0.027573804083565353	0.012128870149966988	0.012128870149966988	0.027573804083565353	0.012128870149966988	0.012128870149966988	0.1253727119241877	0.1253727119241877	0.1253727119241877	0.055147608167130706	0.055147608167130706	0.0672764783170977	0.1253727119241877	0.08272141225069606
UP000000238	0.028872908125221555	0.033034643073355505	0.033034643073355505	0.033034643073355505	0.033034643073355505	0.028872908125221555	0.033034643073355505	0.028872908125221555	0.028872908125221555	0.033034643073355505	0.028872908125221555	0.028872908125221555	0.07559249925577914	0.07559249925577914	0.07559249925577914	0.06606928614671101	0.06606928614671101	0.09494219427193258	0.07559249925577914	0.09910392922006651
UP000000239	0.016875959481791	0.030120135674415238	0.030120135674415238	0.030120135674415238	0.030120135674415238	0.016875959481791	0.030120135674415238	0.016875959481791	0.016875959481791	0.030120135674415238	0.016875959481791	0.016875959481791	0.10751656212780863	0.10751656212780863	0.10751656212780863	0.060240271348830476	0.060240271348830476	0.07711623083062147	0.10751656212780863	0.09036040702324571
UP000000245	0.013808125625523832	0.028609189893777705	0.028609189893777705	0.028609189893777705	0.028609189893777705	0.013808125625523832	0.028609189893777705	0.013808125625523832	0.013808125625523832	0.028609189893777705	0.013808125625523832	0.013808125625523832	0.11855131805366692	0.11855131805366692	0.11855131805366692	0.05721837978755541	0.05721837978755541	0.07102650541307924	0.11855131805366692	0.0858275696813331
UP000000247	0.06232157417125343	0.02992152115179415	0.02992152115179415	0.02992152115179415	0.02992152115179415	0.06232157417125343	0.02992152115179415	0.06232157417125343	0.06232157417125343	0.02992152115179415	0.06232157417125343	0.06232157417125343	0.028731540881078415	0.028731540881078415	0.028731540881078415	0.0598430423035883	0.0598430423035883	0.12216461647484173	0.028731540881078415	0.08976456345538245
UP000000248	0.04153204675785548	0.033162553436612605	0.033162553436612605	0.033162553436612605	0.033162553436612605	0.04153204675785548	0.033162553436612605	0.04153204675785548	0.04153204675785548	0.033162553436612605	0.04153204675785548	0.04153204675785548	0.05295934278645566	0.05295934278645566	0.05295934278645566	0.06632510687322521	0.06632510687322521	0.1078571536310807	0.05295934278645566	0.09948766030983781
UP000000260	0.02518510547707638	0.032519310827261026	0.032519310827261026	0.032519310827261026	0.032519310827261026	0.02518510547707638	0.032519310827261026	0.02518510547707638	0.02518510547707638	0.032519310827261026	0.02518510547707638	0.02518510547707638	0.08397864981288748	0.08397864981288748	0.08397864981288748	0.06503862165452205	0.06503862165452205	0.09022372713159843	0.08397864981288748	0.09755793248178309
UP000000263	0.020651837209639666	0.03146355864531883	0.03146355864531883	0.03146355864531883	0.03146355864531883	0.020651837209639666	0.03146355864531883	0.020651837209639666	0.020651837209639666	0.03146355864531883	0.020651837209639666	0.020651837209639666	0.09587093996318496	0.09587093996318496	0.09587093996318496	0.06292711729063766	0.06292711729063766	0.0835789545002773	0.09587093996318496	0.09439067593595647
UP000000268	0.0376781038480652	0.03334488121201816	0.03334488121201816	0.03334488121201816	0.03334488121201816	0.0376781038480652	0.03334488121201816	0.0376781038480652	0.0376781038480652	0.03334488121201816	0.0376781038480652	0.0376781038480652	0.059020013720817735	0.059020013720817735	0.059020013720817735	0.06668976242403632	0.06668976242403632	0.10436786627210153	0.059020013720817735	0.10003464363605447
UP000000269	0.05466639237902874	0.03148460636761824	0.03148460636761824	0.03148460636761824	0.03148460636761824	0.05466639237902874	0.03148460636761824	0.05466639237902874	0.05466639237902874	0.03148460636761824	0.05466639237902874	0.05466639237902874	0.0362665394581313	0.0362665394581313	0.0362665394581313	0.06296921273523648	0.06296921273523648	0.11763560511426521	0.0362665394581313	0.0944538191028547
UP000000270	0.013833319924663502	0.028623479312154282	0.028623479312154282	0.028623479312154282	0.028623479312154282	0.013833319924663502	0.028623479312154282	0.013833319924663502	0.013833319924663502	0.028623479312154282	0.013833319924663502	0.013833319924663502	0.11845364271126028	0.11845364271126028	0.11845364271126028	0.057246958624308564	0.057246958624308564	0.07108027854897207	0.11845364271126028	0.08587043793646283
UP000000272	0.0374412367122268	0.03335050638212494	0.03335050638212494	0.03335050638212494	0.03335050638212494	0.0374412367122268	0.03335050638212494	0.0374412367122268	0.0374412367122268	0.03335050638212494	0.0374412367122268	0.0374412367122268	0.05941343682063461	0.05941343682063461	0.05941343682063461	0.06670101276424988	0.06670101276424988	0.10414224947647667	0.05941343682063461	0.1000515191463748
UP000000276	0.029813263267337808	0.03312485511105809	0.03312485511105809	0.03312485511105809	0.03312485511105809	0.029813263267337808	0.03312485511105809	0.029813263267337808	0.029813263267337808	0.03312485511105809	0.029813263267337808	0.029813263267337808	0.07360858261569105	0.07360858261569105	0.07360858261569105	0.06624971022211618	0.06624971022211618	0.09606297348945399	0.07360858261569105	0.09937456533317425
UP000000321	0.01437414489099574	0.02892205992573982	0.02892205992573982	0.02892205992573982	0.02892205992573982	0.01437414489099574	0.02892205992573982	0.01437414489099574	0.01437414489099574	0.02892205992573982	0.01437414489099574	0.01437414489099574	0.11638752171923313	0.11638752171923313	0.11638752171923313	0.05784411985147964	0.05784411985147964	0.07221826474247538	0.11638752171923313	0.08676617977721947
UP000000323	0.02849237157253564	0.03299365769943855	0.03299365769943855	0.03299365769943855	0.03299365769943855	0.02849237157253564	0.03299365769943855	0.02849237157253564	0.02849237157253564	0.03299365769943855	0.02849237157253564	0.02849237157253564	0.07641213337516808	0.07641213337516808	0.07641213337516808	0.0659873153988771	0.0659873153988771	0.09447968697141274	0.07641213337516808	0.09898097309831565
UP000000328	0.010470582871813952	0.026367403744432694	0.026367403744432694	0.026367403744432694	0.026367403744432694	0.010470582871813952	0.026367403744432694	0.010470582871813952	0.010470582871813952	0.026367403744432694	0.010470582871813952	0.010470582871813952	0.13279871593270298	0.13279871593270298	0.13279871593270298	0.05273480748886539	0.05273480748886539	0.06320539036067935	0.13279871593270298	0.07910221123329808
UP000000329	0.0172765965549294	0.030286956820146347	0.030286956820146347	0.030286956820146347	0.030286956820146347	0.0172765965549294	0.030286956820146347	0.0172765965549294	0.0172765965549294	0.030286956820146347	0.0172765965549294	0.0172765965549294	0.10618986795332477	0.10618986795332477	0.10618986795332477	0.060573913640292694	0.060573913640292694	0.0778505101952221	0.10618986795332477	0.09086087046043903
UP000000333	0.016257141721720717	0.029849672768140045	0.029849672768140045	0.029849672768140045	0.029849672768140045	0.016257141721720717	0.029849672768140045	0.016257141721720717	0.016257141721720717	0.029849672768140045	0.016257141721720717	0.016257141721720717	0.10961372910646362	0.10961372910646362	0.10961372910646362	0.05969934553628009	0.05969934553628009	0.07595648725800079	0.10961372910646362	0.08954901830442012
UP000000343	0.020884364787740986	0.031531076623502345	0.031531076623502345	0.031531076623502345	0.031531076623502345	0.020884364787740986	0.031531076623502345	0.020884364787740986	0.020884364787740986	0.031531076623502345	0.020884364787740986	0.020884364787740986	0.09521082428331948	0.09521082428331948	0.09521082428331948	0.06306215324700469	0.06306215324700469	0.08394651803474568	0.09521082428331948	0.09459322987050703
UP000000361	0.01446029624497636	0.028968215986802992	0.028968215986802992	0.028968215986802992	0.028968215986802992	0.01446029624497636	0.028968215986802992	0.01446029624497636	0.01446029624497636	0.028968215986802992	0.01446029624497636	0.01446029624497636	0.11606367162078017	0.11606367162078017	0.11606367162078017	0.057936431973605984	0.057936431973605984	0.07239672821858234	0.11606367162078017	0.08690464796040898
UP000000366	0.012723529207859484	0.027959954387549262	0.027959954387549262	0.027959954387549262	0.027959954387549262	0.012723529207859484	0.027959954387549262	0.012723529207859484	0.012723529207859484	0.027959954387549262	0.012723529207859484	0.012723529207859484	0.12288399493293617	0.12288399493293617	0.12288399493293617	0.055919908775098524	0.055919908775098524	0.068643437982958	0.12288399493293617	0.08387986316264778
UP000000370	0.055730582061721066	0.03128972776563394	0.03128972776563394	0.03128972776563394	0.03128972776563394	0.055730582061721066	0.03128972776563394	0.055730582061721066	0.055730582061721066	0.03128972776563394	0.055730582061721066	0.055730582061721066	0.03513500227086087	0.03513500227086087	0.03513500227086087	0.06257945553126788	0.06257945553126788	0.11831003759298896	0.03513500227086087	0.09386918329690183
UP000000374	0.015894386425732727	0.0296835968900349	0.0296835968900349	0.0296835968900349	0.0296835968900349	0.015894386425732727	0.0296835968900349	0.015894386425732727	0.015894386425732727	0.0296835968900349	0.015894386425732727	0.015894386425732727	0.11087133541733685	0.11087133541733685	0.11087133541733685	0.0593671937800698	0.0593671937800698	0.07526158020580252	0.11087133541733685	0.0890507906701047
UP000000376	0.028898980159000644	0.03303735518341189	0.03303735518341189	0.03303735518341189	0.03303735518341189	0.028898980159000644	0.03303735518341189	0.028898980159000644	0.028898980159000644	0.03303735518341189	0.028898980159000644	0.028898980159000644	0.07553670278395432	0.07553670278395432	0.07553670278395432	0.06607471036682377	0.06607471036682377	0.09497369052582441	0.07553670278395432	0.09911206555023565
UP000000377	0.011217886431215929	0.026936233622958154	0.026936233622958154	0.026936233622958154	0.026936233622958154	0.011217886431215929	0.026936233622958154	0.011217886431215929	0.011217886431215929	0.026936233622958154	0.011217886431215929	0.011217886431215929	0.12935782265927903	0.12935782265927903	0.12935782265927903	0.05387246724591631	0.05387246724591631	0.06509035367713224	0.12935782265927903	0.08080870086887446
UP000000379	0.01304284238251647	0.028158221568585995	0.028158221568585995	0.028158221568585995	0.028158221568585995	0.01304284238251647	0.028158221568585995	0.01304284238251647	0.01304284238251647	0.028158221568585995	0.01304284238251647	0.01304284238251647	0.12158169494839871	0.12158169494839871	0.12158169494839871	0.05631644313717199	0.05631644313717199	0.06935928551968848	0.12158169494839871	0.084474664705758
UP000000417	0.012565405592198712	0.02785946371976563	0.02785946371976563	0.02785946371976563	0.02785946371976563	0.012565405592198712	0.02785946371976563	0.012565405592198712	0.012565405592198712	0.02785946371976563	0.012565405592198712	0.012565405592198712	0.12353755126453116	0.12353755126453116	0.12353755126453116	0.05571892743953126	0.05571892743953126	0.06828433303172998	0.12353755126453116	0.08357839115929688
UP000000422	0.035141878069959796	0.033368581238731494	0.033368581238731494	0.033368581238731494	0.033368581238731494	0.035141878069959796	0.033368581238731494	0.035141878069959796	0.035141878069959796	0.033368581238731494	0.035141878069959796	0.035141878069959796	0.0633695337323272	0.0633695337323272	0.0633695337323272	0.06673716247746299	0.06673716247746299	0.10187904054742279	0.0633695337323272	0.10010574371619448
UP000000423	0.07575840144430222	0.02640452058730861	0.02640452058730861	0.02640452058730861	0.02640452058730861	0.07575840144430222	0.02640452058730861	0.07575840144430222	0.07575840144430222	0.02640452058730861	0.07575840144430222	0.07575840144430222	0.018405845270063847	0.018405845270063847	0.018405845270063847	0.05280904117461722	0.05280904117461722	0.12856744261891942	0.018405845270063847	0.07921356176192582
UP000000425	0.03141892694355404	0.033244213074267136	0.033244213074267136	0.033244213074267136	0.033244213074267136	0.03141892694355404	0.033244213074267136	0.03141892694355404	0.03141892694355404	0.033244213074267136	0.03141892694355404	0.03141892694355404	0.07035107882027868	0.07035107882027868	0.07035107882027868	0.06648842614853427	0.06648842614853427	0.0979073530920883	0.07035107882027868	0.09973263922280139
UP000000428	0.011149947515619292	0.026886301135788108	0.026886301135788108	0.026886301135788108	0.026886301135788108	0.011149947515619292	0.026886301135788108	0.011149947515619292	0.011149947515619292	0.026886301135788108	0.011149947515619292	0.011149947515619292	0.12966396258846083	0.12966396258846083	0.12966396258846083	0.053772602271576216	0.053772602271576216	0.06492254978719551	0.12966396258846083	0.08065890340736433
UP000000429	0.05011359651125064	0.0322271493451712	0.0322271493451712	0.0322271493451712	0.0322271493451712	0.05011359651125064	0.0322271493451712	0.05011359651125064	0.05011359651125064	0.0322271493451712	0.05011359651125064	0.05011359651125064	0.04144939606091941	0.04144939606091941	0.04144939606091941	0.0644542986903424	0.0644542986903424	0.11456789520159305	0.04144939606091941	0.09668144803551361
UP000000430	0.04722999695272959	0.032614420954195936	0.032614420954195936	0.032614420954195936	0.032614420954195936	0.04722999695272959	0.032614420954195936	0.04722999695272959	0.04722999695272959	0.032614420954195936	0.04722999695272959	0.04722999695272959	0.04504342675448848	0.04504342675448848	0.04504342675448848	0.06522884190839187	0.06522884190839187	0.11245883886112146	0.04504342675448848	0.09784326286258781
UP000000431	0.04609329589344239	0.03274779559110782	0.03274779559110782	0.03274779559110782	0.03274779559110782	0.04609329589344239	0.03274779559110782	0.04609329589344239	0.04609329589344239	0.03274779559110782	0.04609329589344239	0.04609329589344239	0.0465324987198215	0.0465324987198215	0.0465324987198215	0.06549559118221564	0.06549559118221564	0.11158888707565803	0.0465324987198215	0.09824338677332346
UP000000432	0.04060829562878744	0.033221226488957686	0.033221226488957686	0.033221226488957686	0.033221226488957686	0.04060829562878744	0.033221226488957686	0.04060829562878744	0.04060829562878744	0.033221226488957686	0.04060829562878744	0.04060829562878744	0.05435588331603065	0.05435588331603065	0.05435588331603065	0.06644245297791537	0.06644245297791537	0.10705074860670281	0.05435588331603065	0.09966367946687305
UP000000439	0.0208127979768263	0.031510465845601035	0.031510465845601035	0.031510465845601035	0.031510465845601035	0.0208127979768263	0.031510465845601035	0.0208127979768263	0.0208127979768263	0.031510465845601035	0.0208127979768263	0.0208127979768263	0.09541335661955008	0.09541335661955008	0.09541335661955008	0.06302093169120207	0.06302093169120207	0.08383372966802838	0.09541335661955008	0.09453139753680309
UP000000440	0.02790725039700634	0.0329254333920446	0.0329254333920446	0.0329254333920446	0.0329254333920446	0.02790725039700634	0.0329254333920446	0.02790725039700634	0.02790725039700634	0.0329254333920446	0.02790725039700634	0.02790725039700634	0.07769193658507163	0.07769193658507163	0.07769193658507163	0.0658508667840892	0.0658508667840892	0.09375811718109554	0.07769193658507163	0.09877630017613381
UP000000442	0.03493991004199165	0.03336688247133028	0.03336688247133028	0.03336688247133028	0.03336688247133028	0.03493991004199165	0.03336688247133028	0.03493991004199165	0.03493991004199165	0.03336688247133028	0.03493991004199165	0.03493991004199165	0.06372934815902605	0.06372934815902605	0.06372934815902605	0.06673376494266056	0.06673376494266056	0.10167367498465223	0.06372934815902605	0.10010064741399086
UP000000449	0.05453791207284446	0.031507610181220745	0.031507610181220745	0.031507610181220745	0.031507610181220745	0.05453791207284446	0.031507610181220745	0.05453791207284446	0.05453791207284446	0.031507610181220745	0.05453791207284446	0.05453791207284446	0.03640511569294437	0.03640511569294437	0.03640511569294437	0.06301522036244149	0.06301522036244149	0.11755313243528598	0.03640511569294437	0.09452283054366224
UP000000467	0.02792374290530426	0.032927444234384616	0.032927444234384616	0.032927444234384616	0.032927444234384616	0.02792374290530426	0.032927444234384616	0.02792374290530426	0.02792374290530426	0.032927444234384616	0.02792374290530426	0.02792374290530426	0.07765553403677526	0.07765553403677526	0.07765553403677526	0.06585488846876923	0.06585488846876923	0.09377863137407348	0.07765553403677526	0.09878233270315384
UP000000492	0.023964874908473422	0.032285580690169895	0.032285580690169895	0.032285580690169895	0.032285580690169895	0.023964874908473422	0.032285580690169895	0.023964874908473422	0.023964874908473422	0.032285580690169895	0.023964874908473422	0.023964874908473422	0.0869905413220344	0.0869905413220344	0.0869905413220344	0.06457116138033979	0.06457116138033979	0.08853603628881322	0.0869905413220344	0.0968567420705097
UP000000504	0.0410509354731171	0.03319424063859156	0.03319424063859156	0.03319424063859156	0.03319424063859156	0.0410509354731171	0.03319424063859156	0.0410509354731171	0.0410509354731171	0.03319424063859156	0.0410509354731171	0.0410509354731171	0.05368246052732677	0.05368246052732677	0.05368246052732677	0.06638848127718312	0.06638848127718312	0.10743941675030022	0.05368246052732677	0.09958272191577468
UP000000528	0.07316662840016089	0.027149380116610028	0.027149380116610028	0.027149380116610028	0.027149380116610028	0.07316662840016089	0.027149380116610028	0.07316662840016089	0.07316662840016089	0.027149380116610028	0.07316662840016089	0.07316662840016089	0.020148224862430838	0.020148224862430838	0.020148224862430838	0.054298760233220056	0.054298760233220056	0.12746538863338094	0.020148224862430838	0.08144814034983008
UP000000529	0.05605376053032685	0.031229033720368032	0.031229033720368032	0.031229033720368032	0.031229033720368032	0.05605376053032685	0.031229033720368032	0.05605376053032685	0.05605376053032685	0.031229033720368032	0.05605376053032685	0.05605376053032685	0.03479704262054787	0.03479704262054787	0.03479704262054787	0.062458067440736065	0.062458067440736065	0.11851182797106292	0.03479704262054787	0.0936871011611041
UP000000531	0.06299907063776117	0.02976622320740871	0.02976622320740871	0.02976622320740871	0.02976622320740871	0.06299907063776117	0.02976622320740871	0.06299907063776117	0.06299907063776117	0.02976622320740871	0.06299907063776117	0.06299907063776117	0.028128289356135306	0.028128289356135306	0.028128289356135306	0.05953244641481742	0.05953244641481742	0.12253151705257859	0.028128289356135306	0.08929866962222612
UP000000532	0.012218540166407976	0.027633488929724524	0.027633488929724524	0.027633488929724524	0.027633488929724524	0.012218540166407976	0.027633488929724524	0.012218540166407976	0.012218540166407976	0.027633488929724524	0.012218540166407976	0.012218540166407976	0.12499197122231909	0.12499197122231909	0.12499197122231909	0.05526697785944905	0.05526697785944905	0.06748551802585703	0.12499197122231909	0.08290046678917358
UP000000534	0.05830844033917284	0.030786617172895738	0.030786617172895738	0.030786617172895738	0.030786617172895738	0.05830844033917284	0.030786617172895738	0.05830844033917284	0.05830844033917284	0.030786617172895738	0.05830844033917284	0.05830844033917284	0.0325104150080885	0.0325104150080885	0.0325104150080885	0.061573234345791476	0.061573234345791476	0.11988167468496432	0.0325104150080885	0.09235985151868721
UP000000535	0.030001650738380143	0.03314108135865386	0.03314108135865386	0.03314108135865386	0.03314108135865386	0.030001650738380143	0.03314108135865386	0.030001650738380143	0.030001650738380143	0.03314108135865386	0.030001650738380143	0.030001650738380143	0.07321805611288278	0.07321805611288278	0.07321805611288278	0.06628216271730772	0.06628216271730772	0.09628381345568786	0.07321805611288278	0.09942324407596156
UP000000537	0.051065413051846184	0.03208468242515844	0.03208468242515844	0.03208468242515844	0.03208468242515844	0.051065413051846184	0.03208468242515844	0.051065413051846184	0.051065413051846184	0.03208468242515844	0.051065413051846184	0.051065413051846184	0.04031796806492507	0.04031796806492507	0.04031796806492507	0.06416936485031688	0.06416936485031688	0.11523477790216306	0.04031796806492507	0.09625404727547533
UP000000545	0.0191894063842319	0.0310008920016418	0.0310008920016418	0.0310008920016418	0.0310008920016418	0.0191894063842319	0.0310008920016418	0.0191894063842319	0.0191894063842319	0.0310008920016418	0.0191894063842319	0.0191894063842319	0.10016519382143743	0.10016519382143743	0.10016519382143743	0.0620017840032836	0.0620017840032836	0.08119119038751549	0.10016519382143743	0.09300267600492539
UP000000546	0.042003958626752665	0.03312912803483938	0.03312912803483938	0.03312912803483938	0.03312912803483938	0.042003958626752665	0.03312912803483938	0.042003958626752665	0.042003958626752665	0.03312912803483938	0.042003958626752665	0.042003958626752665	0.05225884227253517	0.05225884227253517	0.05225884227253517	0.06625825606967876	0.06625825606967876	0.10826221469643142	0.05225884227253517	0.09938738410451815
UP000000549	0.06959656196151219	0.028126082578590613	0.028126082578590613	0.028126082578590613	0.028126082578590613	0.06959656196151219	0.028126082578590613	0.06959656196151219	0.06959656196151219	0.028126082578590613	0.06959656196151219	0.06959656196151219	0.022733206897638827	0.022733206897638827	0.022733206897638827	0.056252165157181226	0.056252165157181226	0.12584872711869344	0.022733206897638827	0.08437824773577185
UP000000555	0.053097366062679965	0.03175761466673215	0.03175761466673215	0.03175761466673215	0.03175761466673215	0.053097366062679965	0.03175761466673215	0.053097366062679965	0.053097366062679965	0.03175761466673215	0.053097366062679965	0.053097366062679965	0.03798855439006448	0.03798855439006448	0.03798855439006448	0.0635152293334643	0.0635152293334643	0.11661259539614427	0.03798855439006448	0.09527284400019645
UP000000556	0.019341005987909093	0.031052021600545876	0.031052021600545876	0.031052021600545876	0.031052021600545876	0.019341005987909093	0.031052021600545876	0.019341005987909093	0.019341005987909093	0.031052021600545876	0.019341005987909093	0.019341005987909093	0.09970815851911205	0.09970815851911205	0.09970815851911205	0.06210404320109175	0.06210404320109175	0.08144504918900085	0.09970815851911205	0.09315606480163761
UP000000557	0.018838631857852898	0.03087964466841327	0.03087964466841327	0.03087964466841327	0.03087964466841327	0.018838631857852898	0.03087964466841327	0.018838631857852898	0.018838631857852898	0.03087964466841327	0.018838631857852898	0.018838631857852898	0.10123372674220767	0.10123372674220767	0.10123372674220767	0.06175928933682654	0.06175928933682654	0.08059792119467944	0.10123372674220767	0.0926389340052398
UP000000558	0.03239740611156452	0.03329670012173956	0.03329670012173956	0.03329670012173956	0.03329670012173956	0.03239740611156452	0.03329670012173956	0.03239740611156452	0.03239740611156452	0.03329670012173956	0.03239740611156452	0.03239740611156452	0.06844191384823876	0.06844191384823876	0.06844191384823876	0.06659340024347912	0.06659340024347912	0.09899080635504363	0.06844191384823876	0.09989010036521868
UP000000562	0.08088429415105404	0.024849137244640086	0.024849137244640086	0.024849137244640086	0.024849137244640086	0.08088429415105404	0.024849137244640086	0.08088429415105404	0.08088429415105404	0.024849137244640086	0.08088429415105404	0.08088429415105404	0.01526822056825509	0.01526822056825509	0.01526822056825509	0.04969827448928017	0.04969827448928017	0.1305825686403342	0.01526822056825509	0.07454741173392025
UP000000566	0.039968850466500574	0.033256471671220755	0.033256471671220755	0.033256471671220755	0.033256471671220755	0.039968850466500574	0.033256471671220755	0.039968850466500574	0.039968850466500574	0.033256471671220755	0.039968850466500574	0.039968850466500574	0.05534274291654616	0.05534274291654616	0.05534274291654616	0.06651294334244151	0.06651294334244151	0.10648179380894209	0.05534274291654616	0.09976941501366227
UP000000577	0.020228462559337527	0.031336474607540105	0.031336474607540105	0.031336474607540105	0.031336474607540105	0.020228462559337527	0.031336474607540105	0.020228462559337527	0.020228462559337527	0.031336474607540105	0.020228462559337527	0.020228462559337527	0.09708841074288395	0.09708841074288395	0.09708841074288395	0.06267294921508021	0.06267294921508021	0.08290141177441773	0.09708841074288395	0.0940094238226203
UP000000579	0.05153176675457997	0.0320123399923835	0.0320123399923835	0.0320123399923835	0.0320123399923835	0.05153176675457997	0.0320123399923835	0.05153176675457997	0.05153176675457997	0.0320123399923835	0.05153176675457997	0.05153176675457997	0.03977313320804691	0.03977313320804691	0.03977313320804691	0.064024679984767	0.064024679984767	0.11555644673934698	0.03977313320804691	0.09603701997715051
UP000000580	0.012158439823366425	0.027593544293964774	0.027593544293964774	0.027593544293964774	0.027593544293964774	0.012158439823366425	0.027593544293964774	0.012158439823366425	0.012158439823366425	0.027593544293964774	0.012158439823366425	0.012158439823366425	0.12524693920674088	0.12524693920674088	0.12524693920674088	0.05518708858792955	0.05518708858792955	0.06734552841129597	0.12524693920674088	0.08278063288189433
UP000000582	0.0279158664958238	0.032926484548567	0.032926484548567	0.032926484548567	0.032926484548567	0.0279158664958238	0.032926484548567	0.0279158664958238	0.0279158664958238	0.032926484548567	0.0279158664958238	0.0279158664958238	0.07767291657518209	0.07767291657518209	0.07767291657518209	0.065852969097134	0.065852969097134	0.09376883559295782	0.07767291657518209	0.09877945364570101
UP000000584	0.03751318502440889	0.03334886969669287	0.03334886969669287	0.03334886969669287	0.03334886969669287	0.03751318502440889	0.03334886969669287	0.03751318502440889	0.03751318502440889	0.03334886969669287	0.03751318502440889	0.03751318502440889	0.059293664844686164	0.059293664844686164	0.059293664844686164	0.06669773939338575	0.06669773939338575	0.10421092441779464	0.059293664844686164	0.10004660909007863
UP000000585	0.04960363851551864	0.03230056229670356	0.03230056229670356	0.03230056229670356	0.03230056229670356	0.04960363851551864	0.03230056229670356	0.04960363851551864	0.04960363851551864	0.03230056229670356	0.04960363851551864	0.04960363851551864	0.04206652398520403	0.04206652398520403	0.04206652398520403	0.06460112459340712	0.06460112459340712	0.11420476310892577	0.04206652398520403	0.0969016868901107
UP000000586	0.048861978804991615	0.03240361710585687	0.03240361710585687	0.03240361710585687	0.03240361710585687	0.048861978804991615	0.03240361710585687	0.048861978804991615	0.048861978804991615	0.03240361710585687	0.048861978804991615	0.048861978804991615	0.04297797294430142	0.04297797294430142	0.04297797294430142	0.06480723421171374	0.06480723421171374	0.11366921301670535	0.04297797294430142	0.0972108513175706
UP000000588	0.03499585955196938	0.03336740805541528	0.03336740805541528	0.03336740805541528	0.03336740805541528	0.03499585955196938	0.03336740805541528	0.03499585955196938	0.03499585955196938	0.03336740805541528	0.03499585955196938	0.03499585955196938	0.06362946557624626	0.06362946557624626	0.06362946557624626	0.06673481611083056	0.06673481611083056	0.10173067566279995	0.06362946557624626	0.10010222416624584
UP000000593	0.04510508559105009	0.032854403087801735	0.032854403087801735	0.032854403087801735	0.032854403087801735	0.04510508559105009	0.032854403087801735	0.04510508559105009	0.04510508559105009	0.032854403087801735	0.04510508559105009	0.04510508559105009	0.04786208863640587	0.04786208863640587	0.04786208863640587	0.06570880617560347	0.06570880617560347	0.11081389176665354	0.04786208863640587	0.09856320926340521
UP000000594	0.05684687347175352	0.03107715598656439	0.03107715598656439	0.03107715598656439	0.03107715598656439	0.05684687347175352	0.03107715598656439	0.05684687347175352	0.05684687347175352	0.03107715598656439	0.05684687347175352	0.05684687347175352	0.033978636474814874	0.033978636474814874	0.033978636474814874	0.06215431197312878	0.06215431197312878	0.11900118544488231	0.033978636474814874	0.09323146795969318
UP000000601	0.07346577750945636	0.027064903213080034	0.027064903213080034	0.027064903213080034	0.027064903213080034	0.07346577750945636	0.027064903213080034	0.07346577750945636	0.07346577750945636	0.027064903213080034	0.07346577750945636	0.07346577750945636	0.019941502309401206	0.019941502309401206	0.019941502309401206	0.05412980642616007	0.05412980642616007	0.12759558393561643	0.019941502309401206	0.0811947096392401
UP000000602	0.03819869374092251	0.0333301484102492	0.0333301484102492	0.0333301484102492	0.0333301484102492	0.03819869374092251	0.0333301484102492	0.03819869374092251	0.03819869374092251	0.0333301484102492	0.03819869374092251	0.03819869374092251	0.05816422941495112	0.05816422941495112	0.05816422941495112	0.0666602968204984	0.0666602968204984	0.10485899056142091	0.05816422941495112	0.0999904452307476
UP000000605	0.013554252485635179	0.028463256379130997	0.028463256379130997	0.028463256379130997	0.028463256379130997	0.013554252485635179	0.028463256379130997	0.013554252485635179	0.013554252485635179	0.028463256379130997	0.013554252485635179	0.013554252485635179	0.1195428467283972	0.1195428467283972	0.1195428467283972	0.05692651275826199	0.05692651275826199	0.07048076524389717	0.1195428467283972	0.085389769137393
UP000000606	0.03887730457917658	0.03330614445239905	0.03330614445239905	0.03330614445239905	0.03330614445239905	0.03887730457917658	0.03330614445239905	0.03887730457917658	0.03887730457917658	0.03330614445239905	0.03887730457917658	0.03887730457917658	0.05706667528994454	0.05706667528994454	0.05706667528994454	0.0666122889047981	0.0666122889047981	0.10548959348397469	0.05706667528994454	0.09991843335719716
UP000000609	0.050939363023850055	0.032103951400002266	0.032103951400002266	0.032103951400002266	0.032103951400002266	0.050939363023850055	0.032103951400002266	0.050939363023850055	0.050939363023850055	0.032103951400002266	0.050939363023850055	0.050939363023850055	0.040466296958253906	0.040466296958253906	0.040466296958253906	0.06420790280000453	0.06420790280000453	0.11514726582385458	0.040466296958253906	0.09631185420000679
UP000000625	0.03233139384772743	0.03329362243358686	0.03329362243358686	0.03329362243358686	0.03329362243358686	0.03233139384772743	0.03329362243358686	0.03233139384772743	0.03233139384772743	0.03329362243358686	0.03233139384772743	0.03233139384772743	0.06856897664052627	0.06856897664052627	0.06856897664052627	0.06658724486717373	0.06658724486717373	0.09891863871490116	0.06856897664052627	0.0998808673007606
UP000000628	0.022886850111106336	0.03204967476250781	0.03204967476250781	0.03204967476250781	0.03204967476250781	0.022886850111106336	0.03204967476250781	0.022886850111106336	0.022886850111106336	0.03204967476250781	0.022886850111106336	0.022886850111106336	0.0897617319461596	0.0897617319461596	0.0897617319461596	0.06409934952501561	0.06409934952501561	0.08698619963612196	0.0897617319461596	0.09614902428752344
UP000000636	0.020884023336386563	0.031530978644110405	0.031530978644110405	0.031530978644110405	0.031530978644110405	0.020884023336386563	0.031530978644110405	0.020884023336386563	0.020884023336386563	0.031530978644110405	0.020884023336386563	0.020884023336386563	0.09521178924590948	0.09521178924590948	0.09521178924590948	0.06306195728822081	0.06306195728822081	0.08394598062460737	0.09521178924590948	0.0945929359323312
UP000000639	0.047550209647115815	0.0325748269644018	0.0325748269644018	0.0325748269644018	0.0325748269644018	0.047550209647115815	0.0325748269644018	0.047550209647115815	0.047550209647115815	0.0325748269644018	0.047550209647115815	0.047550209647115815	0.04463153200104057	0.04463153200104057	0.04463153200104057	0.0651496539288036	0.0651496539288036	0.11269986357591942	0.04463153200104057	0.09772448089320541
UP000000640	0.010476773730986818	0.02637229872218947	0.02637229872218947	0.02637229872218947	0.02637229872218947	0.010476773730986818	0.02637229872218947	0.010476773730986818	0.010476773730986818	0.02637229872218947	0.010476773730986818	0.010476773730986818	0.13276952576256254	0.13276952576256254	0.13276952576256254	0.05274459744437894	0.05274459744437894	0.06322137117536575	0.13276952576256254	0.07911689616656842
UP000000643	0.05041618532275483	0.032182620687066094	0.032182620687066094	0.032182620687066094	0.032182620687066094	0.05041618532275483	0.032182620687066094	0.05041618532275483	0.05041618532275483	0.032182620687066094	0.05041618532275483	0.05041618532275483	0.041086848108681184	0.041086848108681184	0.041086848108681184	0.06436524137413219	0.06436524137413219	0.11478142669688704	0.041086848108681184	0.0965478620611983
UP000000644	0.01893450322510445	0.030913195617987867	0.030913195617987867	0.030913195617987867	0.030913195617987867	0.01893450322510445	0.030913195617987867	0.01893450322510445	0.01893450322510445	0.030913195617987867	0.01893450322510445	0.01893450322510445	0.10094013578861269	0.10094013578861269	0.10094013578861269	0.06182639123597573	0.06182639123597573	0.08076089446108017	0.10094013578861269	0.09273958685396361
UP000000647	0.013407930366149243	0.028377513706203835	0.028377513706203835	0.028377513706203835	0.028377513706203835	0.013407930366149243	0.028377513706203835	0.013407930366149243	0.013407930366149243	0.028377513706203835	0.013407930366149243	0.013407930366149243	0.12012044546097443	0.12012044546097443	0.12012044546097443	0.05675502741240767	0.05675502741240767	0.07016295777855691	0.12012044546097443	0.08513254111861152
UP000000657	0.010065845239583988	0.026040395690780403	0.026040395690780403	0.026040395690780403	0.026040395690780403	0.010065845239583988	0.026040395690780403	0.010065845239583988	0.010065845239583988	0.026040395690780403	0.010065845239583988	0.010065845239583988	0.1347332869903015	0.1347332869903015	0.1347332869903015	0.052080791381560805	0.052080791381560805	0.062146636621144793	0.1347332869903015	0.07812118707234122
UP000000669	0.0854385951429467	0.023382421875256573	0.023382421875256573	0.023382421875256573	0.023382421875256573	0.0854385951429467	0.023382421875256573	0.0854385951429467	0.0854385951429467	0.023382421875256573	0.0854385951429467	0.0854385951429467	0.012798376467631151	0.012798376467631151	0.012798376467631151	0.046764843750513145	0.046764843750513145	0.13220343889345984	0.012798376467631151	0.07014726562576973
UP000000684	0.04518963783447252	0.03284562926726519	0.03284562926726519	0.03284562926726519	0.03284562926726519	0.04518963783447252	0.03284562926726519	0.04518963783447252	0.04518963783447252	0.03284562926726519	0.04518963783447252	0.04518963783447252	0.04774702403742866	0.04774702403742866	0.04774702403742866	0.06569125853453038	0.06569125853453038	0.11088089636900288	0.04774702403742866	0.09853688780179555
UP000000686	0.017193858227166108	0.030253024173692827	0.030253024173692827	0.030253024173692827	0.030253024173692827	0.017193858227166108	0.030253024173692827	0.017193858227166108	0.017193858227166108	0.030253024173692827	0.017193858227166108	0.017193858227166108	0.10646190745111118	0.10646190745111118	0.10646190745111118	0.060506048347385655	0.060506048347385655	0.07769990657455175	0.10646190745111118	0.09075907252107848
UP000000718	0.0596665609282479	0.030504641856494527	0.030504641856494527	0.030504641856494527	0.030504641856494527	0.0596665609282479	0.030504641856494527	0.0596665609282479	0.0596665609282479	0.030504641856494527	0.0596665609282479	0.0596665609282479	0.03119111141371167	0.03119111141371167	0.03119111141371167	0.061009283712989054	0.061009283712989054	0.12067584464123697	0.03119111141371167	0.0915139255694836
UP000000719	0.05158669033183897	0.03200371171665315	0.03200371171665315	0.03200371171665315	0.03200371171665315	0.05158669033183897	0.03200371171665315	0.05158669033183897	0.05158669033183897	0.03200371171665315	0.05158669033183897	0.05158669033183897	0.03970937298183247	0.03970937298183247	0.03970937298183247	0.0640074234333063	0.0640074234333063	0.11559411376514529	0.03970937298183247	0.09601113514995945
UP000000723	0.0592636088040746	0.03058948476480059	0.03058948476480059	0.03058948476480059	0.03058948476480059	0.0592636088040746	0.03058948476480059	0.0592636088040746	0.0592636088040746	0.03058948476480059	0.0592636088040746	0.0592636088040746	0.031578116724867204	0.031578116724867204	0.031578116724867204	0.06117896952960118	0.06117896952960118	0.12044257833367579	0.031578116724867204	0.09176845429440178
UP000000738	0.00941056677348764	0.025480170511798843	0.025480170511798843	0.025480170511798843	0.025480170511798843	0.00941056677348764	0.025480170511798843	0.00941056677348764	0.00941056677348764	0.025480170511798843	0.00941056677348764	0.00941056677348764	0.13798086872715098	0.13798086872715098	0.13798086872715098	0.050960341023597686	0.050960341023597686	0.06037090779708532	0.13798086872715098	0.07644051153539654
UP000000739	0.027171977451266996	0.032830483934776465	0.032830483934776465	0.032830483934776465	0.032830483934776465	0.027171977451266996	0.032830483934776465	0.027171977451266996	0.027171977451266996	0.032830483934776465	0.027171977451266996	0.027171977451266996	0.07933472470487105	0.07933472470487105	0.07933472470487105	0.06566096786955293	0.06566096786955293	0.09283294532081991	0.07933472470487105	0.09849145180432939
UP000000742	0.04615552593580518	0.032740787982446465	0.032740787982446465	0.032740787982446465	0.032740787982446465	0.04615552593580518	0.032740787982446465	0.04615552593580518	0.04615552593580518	0.032740787982446465	0.04615552593580518	0.04615552593580518	0.046449874678166664	0.046449874678166664	0.046449874678166664	0.06548157596489293	0.06548157596489293	0.1116371019006981	0.046449874678166664	0.09822236394733938
UP000000746	0.03233687353423788	0.03329388042785952	0.03329388042785952	0.03329388042785952	0.03329388042785952	0.03233687353423788	0.03329388042785952	0.03233687353423788	0.03233687353423788	0.03329388042785952	0.03233687353423788	0.03233687353423788	0.06855841971061054	0.06855841971061054	0.06855841971061054	0.06658776085571903	0.06658776085571903	0.09892463438995693	0.06855841971061054	0.09988164128357857
UP000000747	0.03217133719258341	0.03328588506115091	0.03328588506115091	0.03328588506115091	0.03328588506115091	0.03217133719258341	0.03328588506115091	0.03217133719258341	0.03217133719258341	0.03328588506115091	0.03217133719258341	0.03217133719258341	0.06887809093366314	0.06887809093366314	0.06887809093366314	0.06657177012230182	0.06657177012230182	0.09874310731488523	0.06887809093366314	0.09985765518345274
