	AAA	AAC	AAG	AAT	ACA	ACC	ACG	ACT	AGA	AGC	AGG	AGT	ATA	ATC	ATG	ATT	CAA	CAC	CAG	CAT	CCA	CCC	CCG	CCT	CGA	CGC	CGG	CGT	CTA	CTC	CTG	CTT	GAA	GAC	GAG	GAT	GCA	GCC	GCG	GCT	GGA	GGC	GGG	GGT	GTA	GTC	GTG	GTT	TAA	TAC	TAG	TAT	TCA	TCC	TCG	TCT	TGA	TGC	TGG	TGT	TTA	TTC	TTG	TTT
Start	3646042.0	2556234.0	3795737.0	2681142.0	2249232.0	2113425.0	1494262.0	1964451.0	1977755.0	2262664.0	1663310.0	1775830.0	1529238.0	2217374.0	16709688.0	2355004.0	2305988.0	1528422.0	2702394.0	1461136.0	2132410.0	1996495.0	1710217.0	2026132.0	1088061.0	1498136.0	1274882.0	1046655.0	1185996.0	2608035.0	3030279.0	2119730.0	3646243.0	2788876.0	3846626.0	3058001.0	2687272.0	3081525.0	2669272.0	2990836.0	2232831.0	2307969.0	1820496.0	1795385.0	1217686.0	1846751.0	2709619.0	2087818.0	152551.0	1483696.0	82292.0	1468389.0	2441891.0	2538491.0	1849164.0	2751335.0	121440.0	1368994.0	1637730.0	1333724.0	1597135.0	2621386.0	2323908.0	2703164.0
AAA	17161668.0	7610948.0	13006194.0	11510765.0	7426260.0	4783588.0	2758164.0	6364690.0	6942964.0	5034171.0	4354804.0	5867565.0	6082386.0	6615689.0	8443406.0	9609234.0	8449599.0	4024080.0	7787135.0	5515783.0	6553277.0	3634712.0	2393122.0	5777319.0	2874813.0	2385999.0	2127267.0	2704462.0	3780106.0	5240928.0	7120262.0	6899242.0	16027504.0	7869495.0	11487821.0	12673814.0	7311948.0	5618485.0	2742664.0	7817652.0	7017208.0	4679376.0	3684017.0	5571616.0	4306326.0	4806511.0	6752074.0	7441762.0	1338646.0	4926414.0	591054.0	6658219.0	6938777.0	4693191.0	2748193.0	6989286.0	947894.0	3479088.0	4715838.0	4573372.0	6436303.0	6611741.0	7486843.0	9100728.0
AAC	7610948.0	7686160.0	9119986.0	6508641.0	4680096.0	5087671.0	2936194.0	4131524.0	3729747.0	5057026.0	3109637.0	3655496.0	3081942.0	6452551.0	6390273.0	5385375.0	5079386.0	4148763.0	7329421.0	3450837.0	4432421.0	4124313.0	2780286.0	4209140.0	2043963.0	3119305.0	2264787.0	2011869.0	2354079.0	5637590.0	7546900.0	4367956.0	8156446.0	7751081.0	9633105.0	7449303.0	4766473.0	6491938.0	3261515.0	5442759.0	4807497.0	5797353.0	3369805.0	4156776.0	2387748.0	4856414.0	6174721.0	4386777.0	503408.0	4891162.0	284613.0	3712023.0	4176189.0	4724339.0	2804845.0	4619147.0	509726.0	3348681.0	3756729.0	2930411.0	2825230.0	6239518.0	4652897.0	5251810.0
AAG	13006194.0	9119986.0	17848144.0	8650982.0	6431894.0	6568122.0	4030498.0	5845571.0	6047118.0	6777301.0	5451228.0	5254926.0	4514037.0	8946698.0	9623362.0	8184912.0	7052352.0	5455330.0	10998545.0	4929499.0	6243174.0	5529822.0	3788313.0	5987049.0	3054913.0	4466332.0	3605166.0	3016208.0	3459828.0	7698332.0	11340476.0	6634006.0	13710834.0	11032680.0	17161024.0	11806219.0	7435946.0	9385847.0	5029574.0	8634200.0	6935326.0	7721660.0	5151379.0	5938578.0	3628862.0	6900245.0	9697425.0	6953599.0	720499.0	6521453.0	452656.0	5463619.0	5778234.0	6086043.0	3805262.0	6434630.0	753096.0	4429581.0	5517843.0	3959477.0	4172967.0	8546576.0	7457950.0	7636960.0
AAT	11510765.0	6508641.0	8650982.0	11828604.0	6040188.0	3775866.0	2242370.0	5392346.0	5004595.0	4037074.0	3112335.0	5124698.0	4959083.0	5074721.0	6826689.0	7968391.0	6949226.0	3111242.0	6081016.0	4756873.0	5320899.0	2805036.0	1988055.0	4836830.0	2158312.0	1810816.0	1580270.0	2182730.0	2943598.0	3967345.0	5287433.0	5554449.0	11742587.0	5987558.0	8327656.0	10781547.0	5698328.0	4249681.0	2188464.0	6325208.0	5797782.0	3911140.0	3042764.0	5013603.0	3403538.0	3681157.0	5179187.0	6064415.0	1040154.0	3859785.0	432727.0	5717292.0	5942372.0	3745038.0	2379835.0	6028942.0	580351.0	2734012.0	3687733.0	3794133.0	5319173.0	5213195.0	6093315.0	7533537.0
ACA	7426260.0	4680096.0	6431894.0	6040188.0	5569348.0	3611082.0	2054406.0	4208591.0	3796222.0	3527172.0	2636182.0	3558397.0	3295156.0	4135859.0	5061744.0	5125987.0	4789815.0	3000970.0	5267961.0	3302405.0	4710276.0	2837105.0	1817318.0	4015526.0	1691320.0	1649101.0	1432036.0	1636953.0	2252715.0	3553417.0	4867173.0	4047976.0	7847683.0	4861952.0	6554160.0	6762584.0	4865487.0	3971491.0	1936409.0	4931942.0	4481122.0	3416577.0	2574983.0	3562912.0	2542520.0	3182187.0	4411562.0	4240847.0	583470.0	3090003.0	331212.0	3587363.0	4628780.0	3368256.0	1924313.0	4490301.0	690130.0	2350796.0	3083556.0	2791340.0	3232911.0	4194834.0	4221608.0	5069877.0
ACC	4783588.0	5087671.0	6568122.0	3775866.0	3611082.0	5035926.0	2410711.0	3248773.0	2560817.0	4192352.0	2460588.0	2562081.0	1955339.0	5145502.0	4609933.0	3587294.0	3395222.0	3375224.0	5851308.0	2390729.0	3709736.0	4209605.0	2510004.0	3575137.0	1547138.0	2758240.0	1958990.0	1534400.0	1706624.0	4992488.0	6401248.0	3105088.0	5350637.0	5852078.0	7327112.0	4873612.0	3687227.0	6148881.0	2773633.0	4289088.0	3470361.0	4940451.0	2849289.0	2984761.0	1663618.0	4148610.0	5050400.0	3066929.0	297992.0	3665934.0	212264.0	2422457.0	3099965.0	4419960.0	2277871.0	3529162.0	486332.0	2742164.0	3023912.0	2082839.0	1730175.0	4984902.0	3222644.0	3566875.0
ACG	2758164.0	2936194.0	4030498.0	2242370.0	2054406.0	2410711.0	2206606.0	1723057.0	1497041.0	2489405.0	1556693.0	1513519.0	1209241.0	2902088.0	2930202.0	2092583.0	1992197.0	1954572.0	3434754.0	1400828.0	1989840.0	2134569.0	2082614.0	1846723.0	1084995.0	1880855.0	1462334.0	1007693.0	974979.0	2760422.0	3875999.0	1752827.0	3250773.0	3730564.0	4808839.0	3045460.0	2272631.0	3477365.0	2747268.0	2444377.0	2126525.0	3159482.0	1913373.0	1790425.0	1025483.0	2451757.0	3369802.0	1845280.0	136299.0	2171313.0	110101.0	1421616.0	1740059.0	2214579.0	1950146.0	1840477.0	267338.0	1626476.0	1872524.0	1154404.0	1026440.0	2899191.0	2120563.0	2098946.0
ACT	6364690.0	4131524.0	5845571.0	5392346.0	4208591.0	3248773.0	1723057.0	4809446.0	3210745.0	3036967.0	2262773.0	3169864.0	2711389.0	3721008.0	4461969.0	4757716.0	4128976.0	2382943.0	4538308.0	2927540.0	3942809.0	2518979.0	1587619.0	3807824.0	1471826.0	1463646.0	1241752.0	1515779.0	1955039.0	3241359.0	4206702.0	3802166.0	6940895.0	4261013.0	5900767.0	6196657.0	4036998.0	3621094.0	1705277.0	4853967.0	3989356.0	3107475.0	2303755.0	3437829.0	2167221.0	2960756.0	3873376.0	4064134.0	507102.0	2745509.0	270689.0	3192787.0	3874212.0	3069688.0	1718182.0	4329671.0	519116.0	2062618.0	2710912.0	2486210.0	2781530.0	3827251.0	3863462.0	4578540.0
AGA	6942964.0	3729747.0	6047118.0	5004595.0	3796222.0	2560817.0	1497041.0	3210745.0	4649944.0	3048473.0	3085037.0	3137126.0	2709696.0	3196558.0	4340665.0	4278984.0	4171483.0	2327187.0	4567649.0	2927274.0	3725756.0	2219879.0	1440507.0	3309117.0	1635263.0	1345443.0	1362035.0	1481514.0	1895201.0	2828266.0	3967503.0	3484755.0	7430310.0	4058362.0	6257470.0	6024306.0	3899580.0	3043647.0	1564468.0	4188738.0	4173190.0	2711562.0	2374236.0	3093825.0	2043876.0	2474155.0	3537135.0	3603016.0	717961.0	2519708.0	408521.0	3133431.0	3663077.0	2680458.0	1495034.0	3729714.0	992122.0	2050472.0	2905160.0	2448190.0	2806969.0	3340415.0	3727843.0	4248953.0
AGC	5034171.0	5057026.0	6777301.0	4037074.0	3527172.0	4192352.0	2489405.0	3036967.0	3048473.0	5539874.0	3025743.0	3164563.0	2019030.0	4566290.0	4769824.0	3484262.0	3441026.0	3457259.0	6335873.0	2541130.0	3768531.0	4102952.0	2764098.0	3604567.0	1655158.0	2864579.0	2327872.0	1549547.0	1724924.0	4546295.0	6874300.0	3166665.0	5660683.0	6031681.0	7986628.0	5215186.0	3982866.0	5894071.0	3237239.0	4322722.0	3831790.0	5441545.0	3318647.0	3111785.0	1707901.0	3757190.0	5294385.0	3063377.0	387201.0	3500733.0	272172.0	2470226.0	3364283.0	4340317.0	2542698.0	3725779.0	651154.0	2891973.0	3104760.0	2174106.0	1814366.0	4608009.0	3411367.0	3628080.0
AGG	4354804.0	3109637.0	5451228.0	3112335.0	2636182.0	2460588.0	1556693.0	2262773.0	3085037.0	3025743.0	3328842.0	2289176.0	1723162.0	2855409.0	3697303.0	2795932.0	2684233.0	2192859.0	4463368.0	2060743.0	2798832.0	2433194.0	1665227.0	2650631.0	1265735.0	1574539.0	1712174.0	1153719.0	1365688.0	2840591.0	4477058.0	2542625.0	4851720.0	3831775.0	6306437.0	4253306.0	3019795.0	3408031.0	2025131.0	3319368.0	3085394.0	2976343.0	2732315.0	2344014.0	1380989.0	2358718.0	3739809.0	2574037.0	372060.0	2240771.0	296366.0	2037414.0	2525672.0	2560085.0	1470592.0	2707607.0	691821.0	1975944.0	2643841.0	1791883.0	1578920.0	2956617.0	2893417.0	2916127.0
AGT	5867565.0	3655496.0	5254926.0	5124698.0	3558397.0	2562081.0	1513519.0	3169864.0	3137126.0	3164563.0	2289176.0	3637502.0	2447801.0	3051216.0	4032518.0	4056612.0	3663544.0	2136444.0	4207431.0	2689925.0	3414692.0	2153408.0	1444601.0	3185050.0	1366208.0	1293007.0	1222008.0	1366377.0	1729180.0	2640833.0	3864626.0	3226832.0	6341144.0	3871837.0	5486510.0	5835552.0	3565187.0	3017649.0	1576593.0	3938802.0	3656341.0	2793425.0	2239594.0	3152478.0	1976228.0	2423363.0	3574949.0	3463989.0	482975.0	2324637.0	268129.0	2871476.0	3590289.0	2701106.0	1607183.0	3795620.0	530634.0	1801715.0	2392681.0	2251167.0	2568066.0	3154738.0	3535947.0	4053670.0
ATA	6082386.0	3081942.0	4514037.0	4959083.0	3295156.0	1955339.0	1209241.0	2711389.0	2709696.0	2019030.0	1723162.0	2447801.0	3080522.0	2784633.0	3710704.0	4217954.0	3456380.0	1663568.0	3111272.0	2431318.0	2837694.0	1462414.0	1046185.0	2465183.0	1117088.0	910251.0	820950.0	1075197.0	1753887.0	2180482.0	2941933.0	3013072.0	6083770.0	3086446.0	4321239.0	5151628.0	3128485.0	2213311.0	1167381.0	3225488.0	3041295.0	1958735.0	1605291.0	2435289.0	1975371.0	1983739.0	2890399.0	3187066.0	611856.0	2167581.0	286655.0	3148075.0	3024012.0	1910716.0	1190851.0	2993080.0	400250.0	1455429.0	2077182.0	1986625.0	2920359.0	2920522.0	3257358.0	4175882.0
ATC	6615689.0	6452551.0	8946698.0	5074721.0	4135859.0	5145502.0	2902088.0	3721008.0	3196558.0	4566290.0	2855409.0	3051216.0	2784633.0	7427286.0	6270971.0	5216741.0	4327655.0	3920559.0	7025626.0	3127358.0	4027672.0	4205281.0	2734776.0	3918405.0	1968031.0	3248442.0	2312942.0	1939876.0	2295986.0	6276371.0	7966152.0	4266648.0	7386250.0	7497468.0	9723882.0	6686338.0	4496499.0	6924778.0	3367187.0	5282097.0	4414014.0	5823360.0	3292319.0	3808749.0	2216232.0	5362460.0	6515264.0	4193828.0	414570.0	4859047.0	245180.0	3725390.0	3626839.0	4683863.0	2696710.0	4386564.0	441026.0	3109904.0	3767160.0	2535889.0	2459735.0	6870977.0	4425890.0	5099955.0
ATG	8443406.0	6390273.0	9623362.0	6826689.0	5061744.0	4609933.0	2930202.0	4461969.0	4340665.0	4769824.0	3697303.0	4032518.0	3710704.0	6270971.0	8108708.0	6338533.0	5555456.0	3885857.0	7762050.0	3932655.0	4999988.0	3996544.0	2863744.0	4700088.0	2227987.0	2901139.0	2429759.0	2223896.0	2663493.0	5439143.0	7836921.0	5038389.0	9522160.0	7310678.0	10535507.0	8590919.0	5616889.0	6417295.0	3548284.0	6355769.0	5410940.0	5568327.0	3798941.0	4651772.0	2860833.0	4776842.0	6896890.0	5258221.0	576245.0	4655840.0	355453.0	4401960.0	4636420.0	4433611.0	2794203.0	4993125.0	608052.0	3226508.0	4288700.0	3199198.0	3480337.0	6391546.0	5617131.0	6286962.0
ATT	9609234.0	5385375.0	8184912.0	7968391.0	5125987.0	3587294.0	2092583.0	4757716.0	4278984.0	3484262.0	2795932.0	4056612.0	4217954.0	5216741.0	6338533.0	7523742.0	5685626.0	2865823.0	5520397.0	4048047.0	4694219.0	2677523.0	1832487.0	4382215.0	1977356.0	1810457.0	1514099.0	2036319.0	2710802.0	4111271.0	5270286.0	5443371.0	10122194.0	5566306.0	7925291.0	8974932.0	5240186.0	4321146.0	2161413.0	6045425.0	5224736.0	3790305.0	2827030.0	4540769.0	3063650.0	3837615.0	5147943.0	5812221.0	838838.0	3764855.0	379923.0	4994189.0	4869037.0	3450253.0	2120015.0	5199443.0	558980.0	2492942.0	3628360.0	3305338.0	4467929.0	5397625.0	5743370.0	7162629.0
CAA	8449599.0	5079386.0	7052352.0	6949226.0	4789815.0	3395222.0	1992197.0	4128976.0	4171483.0	3441026.0	2684233.0	3663544.0	3456380.0	4327655.0	5555456.0	5685626.0	7328678.0	3082135.0	6499405.0	3988306.0	4952278.0	2888726.0	2050016.0	4350538.0	2117620.0	1892678.0	1560007.0	2003141.0	2576636.0	3917860.0	4777987.0	4662233.0	9433210.0	5130086.0	7181207.0	7677903.0	4995386.0	4158203.0	2178364.0	5400872.0	4700506.0	3510888.0	2512294.0	3879433.0	2638359.0	3343035.0	4261020.0	4627632.0	684548.0	3278810.0	342665.0	4021977.0	4664481.0	3380790.0	2116081.0	4694994.0	715082.0	2306298.0	3135812.0	2779446.0	3724628.0	4442325.0	4852402.0	5381874.0
CAC	4024080.0	4148763.0	5455330.0	3111242.0	3000970.0	3375224.0	1954572.0	2382943.0	2327187.0	3457259.0	2192859.0	2136444.0	1663568.0	3920559.0	3885857.0	2865823.0	3082135.0	3843070.0	5425816.0	2553747.0	3086331.0	3545146.0	2285454.0	3032317.0	1426866.0	2588356.0	1882384.0	1389127.0	1489176.0	4262335.0	5689959.0	2721860.0	4635567.0	5120300.0	6553625.0	4113837.0	3083884.0	4886317.0	2564815.0	3465835.0	3033330.0	4204554.0	2521226.0	2454906.0	1398358.0	3241861.0	4251191.0	2478974.0	335026.0	3239627.0	219195.0	2152381.0	2561293.0	3408651.0	1894411.0	2856138.0	536194.0	2506055.0	2635154.0	1950902.0	1497329.0	4513258.0	2728069.0	3306261.0
CAG	7787135.0	7329421.0	10998545.0	6081016.0	5267961.0	5851308.0	3434754.0	4538308.0	4567649.0	6335873.0	4463368.0	4207431.0	3111272.0	7025626.0	7762050.0	5520397.0	6499405.0	5425816.0	13252106.0	4244373.0	5795410.0	5809750.0	3926111.0	5604202.0	2558799.0	4155612.0	3565098.0	2450856.0	2799253.0	6981936.0	11529021.0	5114205.0	9408118.0	8950016.0	13734098.0	8120669.0	6244584.0	8805258.0	4662752.0	7002386.0	5618320.0	7180408.0	4773914.0	4574693.0	2688988.0	5626333.0	8366224.0	4790759.0	493564.0	5429735.0	366912.0	4041172.0	4659748.0	5636832.0	3256279.0	5264724.0	803936.0	4003380.0	4593505.0	3351326.0	2888607.0	6917344.0	5463486.0	5619143.0
CAT	5515783.0	3450837.0	4929499.0	4756873.0	3302405.0	2390729.0	1400828.0	2927540.0	2927274.0	2541130.0	2060743.0	2689925.0	2431318.0	3127358.0	3932655.0	4048047.0	3988306.0	2553747.0	4244373.0	3423424.0	3439568.0	2270087.0	1498890.0	3314811.0	1484021.0	1421642.0	1221002.0	1479336.0	1811798.0	2876938.0	3706312.0	3441572.0	6210416.0	3735604.0	5229035.0	5588370.0	3491081.0	2972599.0	1563115.0	3912384.0	3558127.0	2718756.0	2072201.0	2957507.0	1871349.0	2441723.0	3293700.0	3385781.0	492965.0	2454202.0	259844.0	3074015.0	3318345.0	2519433.0	1494880.0	3520089.0	582952.0	1888104.0	2491742.0	2327546.0	2527300.0	3612362.0	3432814.0	4445892.0
CCA	6553277.0	4432421.0	6243174.0	5320899.0	4710276.0	3709736.0	1989840.0	3942809.0	3725756.0	3768531.0	2798832.0	3414692.0	2837694.0	4027672.0	4999988.0	4694219.0	4952278.0	3086331.0	5795410.0	3439568.0	6524644.0	4006241.0	2590671.0	5429375.0	1833405.0	1913125.0	1684050.0	1759327.0	2234912.0	3865813.0	5052247.0	4036290.0	7278249.0	4864764.0	6595280.0	6446764.0	4903696.0	4478092.0	2184704.0	5191831.0	4592797.0	3806330.0	2874636.0	3679713.0	2358658.0	3280031.0	4410216.0	4107241.0	474200.0	3128218.0	300289.0	3413141.0	4662079.0	3840527.0	2111205.0	4703037.0	710890.0	2399609.0	3194205.0	2561814.0	2867626.0	4233252.0	4070267.0	4675303.0
CCC	3634712.0	4124313.0	5529822.0	2805036.0	2837105.0	4209605.0	2134569.0	2518979.0	2219879.0	4102952.0	2433194.0	2153408.0	1462414.0	4205281.0	3996544.0	2677523.0	2888726.0	3545146.0	5809750.0	2270087.0	4006241.0	5795928.0	3195035.0	4202229.0	1449509.0	3001595.0	2182286.0	1403336.0	1443286.0	4929594.0	6289070.0	2682077.0	4259838.0	5386678.0	6807327.0	3930530.0	3295026.0	6308802.0	2980008.0	3869623.0	3151377.0	5083639.0	3118434.0	2581340.0	1335581.0	3646567.0	4596612.0	2405085.0	270130.0	3249681.0	215641.0	1968686.0	2657016.0	4504592.0	2212589.0	3266097.0	524722.0	2593977.0	2801475.0	1736380.0	1296365.0	4364357.0	2623423.0	2893207.0
CCG	2393122.0	2780286.0	3788313.0	1988055.0	1817318.0	2510004.0	2082614.0	1587619.0	1440507.0	2764098.0	1665227.0	1444601.0	1046185.0	2734776.0	2863744.0	1832487.0	2050016.0	2285454.0	3926111.0	1498890.0	2590671.0	3195035.0	3415358.0	2515602.0	1171720.0	2365363.0	1854319.0	1086892.0	960211.0	3121084.0	4195496.0	1734101.0	2983581.0	3871793.0	4943784.0	2870379.0	2374276.0	4282383.0	3402018.0	2636117.0	2226816.0	3802426.0	2273617.0	1854394.0	955666.0	2546719.0	3400681.0	1750311.0	127850.0	2242567.0	110460.0	1344265.0	1756217.0	2674317.0	2235539.0	1957613.0	298749.0	1716362.0	1950757.0	1066855.0	898344.0	2953219.0	1986693.0	1902464.0
CCT	5777319.0	4209140.0	5987049.0	4836830.0	4015526.0	3575137.0	1846723.0	3807824.0	3309117.0	3604567.0	2650631.0	3185050.0	2465183.0	3918405.0	4700088.0	4382215.0	4350538.0	3032317.0	5604202.0	3314811.0	5429375.0	4202229.0	2515602.0	5951616.0	1726631.0	1980537.0	1682710.0	1732334.0	2027528.0	4083107.0	5024971.0	4134503.0	6630302.0	4809532.0	6543902.0	6163899.0	4402160.0	4579803.0	2153922.0	5305638.0	4356835.0	3920580.0	2906939.0	3654700.0	2130499.0	3313724.0	4328631.0	4025090.0	436634.0	3033567.0	267162.0	3167502.0	4056009.0	3939781.0	2017207.0	4864655.0	631090.0	2314249.0	3013839.0	2419653.0	2498995.0	4216620.0	3836228.0	4516012.0
CGA	2874813.0	2043963.0	3054913.0	2158312.0	1691320.0	1547138.0	1084995.0	1471826.0	1635263.0	1655158.0	1265735.0	1366208.0	1117088.0	1968031.0	2227987.0	1977356.0	2117620.0	1426866.0	2558799.0	1484021.0	1833405.0	1449509.0	1171720.0	1726631.0	1329654.0	1310369.0	1106922.0	1081587.0	980876.0	1912244.0	2419195.0	1786667.0	3475389.0	2592844.0	3515343.0	2999986.0	2034619.0	2178889.0	1371843.0	2241789.0	2051970.0	1934037.0	1277655.0	1622044.0	965386.0	1639961.0	2036527.0	1722289.0	148997.0	1494736.0	92465.0	1434369.0	1614673.0	1551976.0	1145246.0	1719253.0	273353.0	1092924.0	1423415.0	1066679.0	1109697.0	1975175.0	1810703.0	1941625.0
CGC	2385999.0	3119305.0	4466332.0	1810816.0	1649101.0	2758240.0	1880855.0	1463646.0	1345443.0	2864579.0	1574539.0	1293007.0	910251.0	3248442.0	2901139.0	1810457.0	1892678.0	2588356.0	4155612.0	1421642.0	1913125.0	3001595.0	2365363.0	1980537.0	1310369.0	3530470.0	2095897.0	1366622.0	947338.0	3863626.0	4887182.0	1790762.0	3050475.0	4573846.0	5787877.0	2856464.0	2217923.0	4931751.0	3160882.0	2574900.0	1960248.0	4197991.0	2001225.0	1775798.0	860004.0	2905857.0	3543744.0	1601252.0	112199.0	2538441.0	91753.0	1284827.0	1474741.0	2800637.0	1907973.0	1775047.0	231382.0	1958432.0	2000389.0	1039453.0	755799.0	3316771.0	1794763.0	1863619.0
CGG	2127267.0	2264787.0	3605166.0	1580270.0	1432036.0	1958990.0	1462334.0	1241752.0	1362035.0	2327872.0	1712174.0	1222008.0	820950.0	2312942.0	2429759.0	1514099.0	1560007.0	1882384.0	3565098.0	1221002.0	1684050.0	2182286.0	1854319.0	1682710.0	1106922.0	2095897.0	2100942.0	975699.0	812489.0	2534457.0	4128191.0	1491156.0	2694650.0	3343323.0	4992978.0	2469004.0	1928651.0	3430192.0	2489873.0	2158282.0	1829543.0	3052455.0	2105358.0	1468118.0	771272.0	1988424.0	3091840.0	1387824.0	116048.0	1829193.0	103946.0	1118776.0	1319674.0	2009601.0	1439195.0	1495082.0	275542.0	1523459.0	1726992.0	986040.0	718138.0	2359213.0	1646345.0	1606752.0
CGT	2704462.0	2011869.0	3016208.0	2182730.0	1636953.0	1534400.0	1007693.0	1515779.0	1481514.0	1549547.0	1153719.0	1366377.0	1075197.0	1939876.0	2223896.0	2036319.0	2003141.0	1389127.0	2450856.0	1479336.0	1759327.0	1403336.0	1086892.0	1732334.0	1081587.0	1366622.0	975699.0	1306626.0	904452.0	1882313.0	2320801.0	1831057.0	3270574.0	2479450.0	3382098.0	3031680.0	1936693.0	2169105.0	1271199.0	2334157.0	1871820.0	1924267.0	1171628.0	1829800.0	945664.0	1648907.0	2017640.0	1818455.0	141833.0	1484225.0	87848.0	1467899.0	1581993.0	1547770.0	1097020.0	1790038.0	216923.0	1071740.0	1398342.0	1094020.0	1123934.0	1994311.0	1829849.0	1977243.0
CTA	3780106.0	2354079.0	3459828.0	2943598.0	2252715.0	1706624.0	974979.0	1955039.0	1895201.0	1724924.0	1365688.0	1729180.0	1753887.0	2295986.0	2663493.0	2710802.0	2576636.0	1489176.0	2799253.0	1811798.0	2234912.0	1443286.0	960211.0	2027528.0	980876.0	947338.0	812489.0	904452.0	2000210.0	2075143.0	2679001.0	2339763.0	4167401.0	2608359.0	3623156.0	3556654.0	2394611.0	2129916.0	1085369.0	2574285.0	2279212.0	1812842.0	1367734.0	1843899.0	1311420.0	1712908.0	2272146.0	2190159.0	326911.0	1675914.0	186443.0	2137861.0	2145155.0	1713724.0	994168.0	2516753.0	340651.0	1177817.0	1621613.0	1376639.0	1694081.0	2363870.0	2293245.0	2721284.0
CTC	5240928.0	5637590.0	7698332.0	3967345.0	3553417.0	4992488.0	2760422.0	3241359.0	2828266.0	4546295.0	2840591.0	2640833.0	2180482.0	6276371.0	5439143.0	4111271.0	3917860.0	4262335.0	6981936.0	2876938.0	3865813.0	4929594.0	3121084.0	4083107.0	1912244.0	3863626.0	2534457.0	1882313.0	2075143.0	7637594.0	7728986.0	4095070.0	6207938.0	7217613.0	9053652.0	5544141.0	4181065.0	7698482.0	3927694.0	4965235.0	4024603.0	6165096.0	3464293.0	3366834.0	1839605.0	5332611.0	5803191.0	3491914.0	359880.0	4332078.0	253571.0	2751053.0	3273036.0	5279721.0	2771737.0	4482231.0	568811.0	3164005.0	3576345.0	2264354.0	1904633.0	6555461.0	3754925.0	4365629.0
CTG	7120262.0	7546900.0	11340476.0	5287433.0	4867173.0	6401248.0	3875999.0	4206702.0	3967503.0	6874300.0	4477058.0	3864626.0	2941933.0	7966152.0	7836921.0	5270286.0	4777987.0	5689959.0	11529021.0	3706312.0	5052247.0	6289070.0	4195496.0	5024971.0	2419195.0	4887182.0	4128191.0	2320801.0	2679001.0	7728986.0	14052260.0	4697361.0	8502779.0	10192920.0	14898402.0	7673880.0	5823789.0	10226591.0	5595618.0	6671618.0	5454758.0	8516610.0	5488269.0	4366209.0	2491624.0	6225794.0	9978024.0	4425152.0	445016.0	5910569.0	337299.0	3691686.0	4158519.0	6088560.0	3470718.0	4900028.0	739017.0	4432835.0	4963137.0	3240068.0	2469475.0	8009721.0	5266630.0	5601398.0
CTT	6899242.0	4367956.0	6634006.0	5554449.0	4047976.0	3105088.0	1752827.0	3802166.0	3484755.0	3166665.0	2542625.0	3226832.0	3013072.0	4266648.0	5038389.0	5443371.0	4662233.0	2721860.0	5114205.0	3441572.0	4036290.0	2682077.0	1734101.0	4134503.0	1786667.0	1790762.0	1491156.0	1831057.0	2339763.0	4095070.0	4697361.0	5108488.0	7828085.0	4811687.0	6837191.0	6985399.0	4531369.0	4009041.0	2032109.0	5344553.0	4528529.0	3489970.0	2684555.0	3815551.0	2342207.0	3372993.0	4229584.0	4639073.0	526374.0	3042422.0	289531.0	3597637.0	3972649.0	3303824.0	1865999.0	4828443.0	588789.0	2237393.0	3060758.0	2609247.0	3071006.0	4728953.0	4540736.0	5732534.0
GAA	16027504.0	8156446.0	13710834.0	11742587.0	7847683.0	5350637.0	3250773.0	6940895.0	7430310.0	5660683.0	4851720.0	6341144.0	6083770.0	7386250.0	9522160.0	10122194.0	9433210.0	4635567.0	9408118.0	6210416.0	7278249.0	4259838.0	2983581.0	6630302.0	3475389.0	3050475.0	2694650.0	3270574.0	4167401.0	6207938.0	8502779.0	7828085.0	20031938.0	9790483.0	15158804.0	15239205.0	8458005.0	6830105.0	3590335.0	9253538.0	8086982.0	5732504.0	4458802.0	6470855.0	4720706.0	5687226.0	7830400.0	8285404.0	987093.0	5478630.0	443435.0	6916075.0	7378867.0	5239639.0	3270455.0	7628180.0	806573.0	3720491.0	5232397.0	4673003.0	6448034.0	7207341.0	8406712.0	9246398.0
GAC	7869495.0	7751081.0	11032680.0	5987558.0	4861952.0	5852078.0	3730564.0	4261013.0	4058362.0	6031681.0	3831775.0	3871837.0	3086446.0	7497468.0	7310678.0	5566306.0	5130086.0	5120300.0	8950016.0	3735604.0	4864764.0	5386678.0	3871793.0	4809532.0	2592844.0	4573846.0	3343323.0	2479450.0	2608359.0	7217613.0	10192920.0	4811687.0	9790483.0	11257534.0	13652352.0	9205222.0	5490220.0	8629493.0	4949379.0	6245724.0	5506475.0	7830089.0	4472972.0	4653082.0	2596099.0	6133451.0	7975534.0	4756388.0	344222.0	5885129.0	225830.0	3991882.0	4254105.0	5618887.0	3560582.0	4841442.0	461409.0	3966863.0	4444169.0	3060752.0	2733761.0	7406440.0	5156748.0	5553006.0
GAG	11487821.0	9633105.0	17161024.0	8327656.0	6554160.0	7327112.0	4808839.0	5900767.0	6257470.0	7986628.0	6306437.0	5486510.0	4321239.0	9723882.0	10535507.0	7925291.0	7181207.0	6553625.0	13734098.0	5229035.0	6595280.0	6807327.0	4943784.0	6543902.0	3515343.0	5787877.0	4992978.0	3382098.0	3623156.0	9053652.0	14898402.0	6837191.0	15158804.0	13652352.0	23338164.0	13013912.0	8064855.0	11442513.0	6978362.0	9307771.0	7598185.0	9619047.0	6829435.0	6258593.0	3675679.0	7749228.0	11843070.0	7005706.0	517486.0	7257628.0	360706.0	5430147.0	5788719.0	6889003.0	4463583.0	6578177.0	693708.0	5011795.0	6119834.0	4112203.0	3859885.0	9260894.0	7783130.0	7597853.0
GAT	12673814.0	7449303.0	11806219.0	10781547.0	6762584.0	4873612.0	3045460.0	6196657.0	6024306.0	5215186.0	4253306.0	5835552.0	5151628.0	6686338.0	8590919.0	8974932.0	7677903.0	4113837.0	8120669.0	5588370.0	6446764.0	3930530.0	2870379.0	6163899.0	2999986.0	2856464.0	2469004.0	3031680.0	3556654.0	5544141.0	7673880.0	6985399.0	15239205.0	9205222.0	13013912.0	15346730.0	7239354.0	6152867.0	3403219.0	8386672.0	7476691.0	5713392.0	4326879.0	6601642.0	3998393.0	5216419.0	7237739.0	7645552.0	708935.0	5140048.0	333291.0	6457105.0	6571028.0	4850535.0	3209233.0	7088370.0	530103.0	3468528.0	4808770.0	4295616.0	5373436.0	6772604.0	7588821.0	8449080.0
GCA	7311948.0	4766473.0	7435946.0	5698328.0	4865487.0	3687227.0	2272631.0	4036998.0	3899580.0	3982866.0	3019795.0	3565187.0	3128485.0	4496499.0	5616889.0	5240186.0	4995386.0	3083884.0	6244584.0	3491081.0	4903696.0	3295026.0	2374276.0	4402160.0	2034619.0	2217923.0	1928651.0	1936693.0	2394611.0	4181065.0	5823789.0	4531369.0	8458005.0	5490220.0	8064855.0	7239354.0	6192828.0	5183940.0	3013404.0	6136359.0	5098417.0	4424846.0	3207241.0	4129209.0	2695230.0	3683585.0	5216977.0	4672032.0	440740.0	3377185.0	267476.0	3684177.0	4418616.0	3606853.0	2266781.0	4537698.0	607278.0	2503943.0	3374922.0	2635669.0	3057521.0	4571471.0	4657817.0	5123409.0
GCC	5618485.0	6491938.0	9385847.0	4249681.0	3971491.0	6148881.0	3477365.0	3621094.0	3043647.0	5894071.0	3408031.0	3017649.0	2213311.0	6924778.0	6417295.0	4321146.0	4158203.0	4886317.0	8805258.0	2972599.0	4478092.0	6308802.0	4282383.0	4579803.0	2178889.0	4931751.0	3430192.0	2169105.0	2129916.0	7698482.0	10226591.0	4009041.0	6830105.0	8629493.0	11442513.0	6152867.0	5183940.0	10753434.0	5574405.0	6221428.0	4602073.0	8187584.0	4426673.0	4039557.0	2035700.0	6117677.0	7555381.0	3819964.0	283855.0	5111596.0	219798.0	2948672.0	3464369.0	5978389.0	3434479.0	4167445.0	507037.0	3751371.0	4078020.0	2402923.0	1914461.0	6886722.0	4170245.0	4322461.0
GCG	2742664.0	3261515.0	5029574.0	2188464.0	1936409.0	2773633.0	2747268.0	1705277.0	1564468.0	3237239.0	2025131.0	1576593.0	1167381.0	3367187.0	3548284.0	2161413.0	2178364.0	2564815.0	4662752.0	1563115.0	2184704.0	2980008.0	3402018.0	2153922.0	1371843.0	3160882.0	2489873.0	1271199.0	1085369.0	3927694.0	5595618.0	2032109.0	3590335.0	4949379.0	6978362.0	3403219.0	3013404.0	5574405.0	5839534.0	3259478.0	2590118.0	5158069.0	3010603.0	2223126.0	1105235.0	3244024.0	4759890.0	2081058.0	122945.0	2653716.0	110105.0	1487650.0	1711055.0	2753171.0	2688568.0	1950475.0	269254.0	2036864.0	2329214.0	1153031.0	977994.0	3541110.0	2459877.0	2205459.0
GCT	7817652.0	5442759.0	8634200.0	6325208.0	4931942.0	4289088.0	2444377.0	4853967.0	4188738.0	4322722.0	3319368.0	3938802.0	3225488.0	5282097.0	6355769.0	6045425.0	5400872.0	3465835.0	7002386.0	3912384.0	5191831.0	3869623.0	2636117.0	5305638.0	2241789.0	2574900.0	2158282.0	2334157.0	2574285.0	4965235.0	6671618.0	5344553.0	9253538.0	6245724.0	9307771.0	8386672.0	6136359.0	6221428.0	3259478.0	7847170.0	5731288.0	5150918.0	3658335.0	5096374.0	2796234.0	4459535.0	5913541.0	5624976.0	459569.0	3907057.0	270903.0	4153694.0	4637797.0	4242674.0	2537223.0	5470463.0	605053.0	2812229.0	3790552.0	2973859.0	3294943.0	5391934.0	5329735.0	5820439.0
GGA	7017208.0	4807497.0	6935326.0	5797782.0	4481122.0	3470361.0	2126525.0	3989356.0	4173190.0	3831790.0	3085394.0	3656341.0	3041295.0	4414014.0	5410940.0	5224736.0	4700506.0	3033330.0	5618320.0	3558127.0	4592797.0	3151377.0	2226816.0	4356835.0	2051970.0	1960248.0	1829543.0	1871820.0	2279212.0	4024603.0	5454758.0	4528529.0	8086982.0	5506475.0	7598185.0	7476691.0	5098417.0	4602073.0	2590118.0	5731288.0	7369982.0	5081867.0	3893129.0	5286662.0	2550626.0	3633361.0	5055973.0	4704901.0	541702.0	3476708.0	307747.0	3840829.0	4121989.0	3447623.0	2107061.0	4461064.0	834819.0	2709714.0	3728521.0	3244391.0	2985807.0	4688534.0	4503317.0	5355582.0
GGC	4679376.0	5797353.0	7721660.0	3911140.0	3416577.0	4940451.0	3159482.0	3107475.0	2711562.0	5441545.0	2976343.0	2793425.0	1958735.0	5823360.0	5568327.0	3790305.0	3510888.0	4204554.0	7180408.0	2718756.0	3806330.0	5083639.0	3802426.0	3920580.0	1934037.0	4197991.0	3052455.0	1924267.0	1812842.0	6165096.0	8516610.0	3489970.0	5732504.0	7830089.0	9619047.0	5713392.0	4424846.0	8187584.0	5158069.0	5150918.0	5081867.0	9091926.0	4530607.0	4532223.0	1806669.0	5163723.0	6671529.0	3436896.0	273175.0	4596257.0	203503.0	2733248.0	3004682.0	4809291.0	3119869.0	3565312.0	510982.0	3617393.0	3936024.0	2357651.0	1665098.0	6068260.0	3593965.0	3987874.0
GGG	3684017.0	3369805.0	5151379.0	3042764.0	2574983.0	2849289.0	1913373.0	2303755.0	2374236.0	3318647.0	2732315.0	2239594.0	1605291.0	3292319.0	3798941.0	2827030.0	2512294.0	2521226.0	4773914.0	2072201.0	2874636.0	3118434.0	2273617.0	2906939.0	1277655.0	2001225.0	2105358.0	1171628.0	1367734.0	3464293.0	5488269.0	2684555.0	4458802.0	4472972.0	6829435.0	4326879.0	3207241.0	4426673.0	3010603.0	3658335.0	3893129.0	4530607.0	4141648.0	3028007.0	1409779.0	2841279.0	4681210.0	2687203.0	263482.0	2592824.0	214688.0	2093866.0	2342484.0	2870177.0	1798987.0	2699483.0	509478.0	2302027.0	2853672.0	1988217.0	1447760.0	3530591.0	2948311.0	3137234.0
GGT	5571616.0	4156776.0	5938578.0	5013603.0	3562912.0	2984761.0	1790425.0	3437829.0	3093825.0	3111785.0	2344014.0	3152478.0	2435289.0	3808749.0	4651772.0	4540769.0	3879433.0	2454906.0	4574693.0	2957507.0	3679713.0	2581340.0	1854394.0	3654700.0	1622044.0	1775798.0	1468118.0	1829800.0	1843899.0	3366834.0	4366209.0	3815551.0	6470855.0	4653082.0	6258593.0	6601642.0	4129209.0	4039557.0	2223126.0	5096374.0	5286662.0	4532223.0	3028007.0	5477830.0	2111824.0	3210941.0	4186312.0	4232261.0	341659.0	2945380.0	196364.0	3239137.0	3429654.0	2925503.0	1897752.0	3881140.0	433697.0	2115465.0	3033252.0	2493136.0	2543588.0	4041298.0	3994442.0	4515670.0
GTA	4306326.0	2387748.0	3628862.0	3403538.0	2542520.0	1663618.0	1025483.0	2167221.0	2043876.0	1707901.0	1380989.0	1976228.0	1975371.0	2216232.0	2860833.0	3063650.0	2638359.0	1398358.0	2688988.0	1871349.0	2358658.0	1335581.0	955666.0	2130499.0	965386.0	860004.0	771272.0	945664.0	1311420.0	1839605.0	2491624.0	2342207.0	4720706.0	2596099.0	3675679.0	3998393.0	2695230.0	2035700.0	1105235.0	2796234.0	2550626.0	1806669.0	1409779.0	2111824.0	2182948.0	1760206.0	2499416.0	2612911.0	344581.0	1684869.0	178482.0	2156698.0	2321366.0	1616126.0	1003473.0	2373780.0	307578.0	1178643.0	1671264.0	1573966.0	1974944.0	2306743.0	2494156.0	3009852.0
GTC	4806511.0	4856414.0	6900245.0	3681157.0	3182187.0	4148610.0	2451757.0	2960756.0	2474155.0	3757190.0	2358718.0	2423363.0	1983739.0	5362460.0	4776842.0	3837615.0	3343035.0	3241861.0	5626333.0	2441723.0	3280031.0	3646567.0	2546719.0	3313724.0	1639961.0	2905857.0	1988424.0	1648907.0	1712908.0	5332611.0	6225794.0	3372993.0	5687226.0	6133451.0	7749228.0	5216419.0	3683585.0	6117677.0	3244024.0	4459535.0	3633361.0	5163723.0	2841279.0	3210941.0	1760206.0	4782776.0	5164464.0	3415386.0	279645.0	3729148.0	190178.0	2534427.0	2787646.0	3908254.0	2345653.0	3383875.0	395378.0	2560936.0	3089822.0	2021998.0	1749801.0	5313003.0	3451264.0	3812675.0
GTG	6752074.0	6174721.0	9697425.0	5179187.0	4411562.0	5050400.0	3369802.0	3873376.0	3537135.0	5294385.0	3739809.0	3574949.0	2890399.0	6515264.0	6896890.0	5147943.0	4261020.0	4251191.0	8366224.0	3293700.0	4410216.0	4596612.0	3400681.0	4328631.0	2036527.0	3543744.0	3091840.0	2017640.0	2272146.0	5803191.0	9978024.0	4229584.0	7830400.0	7975534.0	11843070.0	7237739.0	5216977.0	7555381.0	4759890.0	5913541.0	5055973.0	6671529.0	4681210.0	4186312.0	2499416.0	5164464.0	8978888.0	4561252.0	371780.0	4843737.0	267084.0	3533081.0	3773314.0	4630835.0	2989857.0	4283293.0	540279.0	3564294.0	4269547.0	3208723.0	2486003.0	6564000.0	5036583.0	5301334.0
GTT	7441762.0	4386777.0	6953599.0	6064415.0	4240847.0	3066929.0	1845280.0	4064134.0	3603016.0	3063377.0	2574037.0	3463989.0	3187066.0	4193828.0	5258221.0	5812221.0	4627632.0	2478974.0	4790759.0	3385781.0	4107241.0	2405085.0	1750311.0	4025090.0	1722289.0	1601252.0	1387824.0	1818455.0	2190159.0	3491914.0	4425152.0	4639073.0	8285404.0	4756388.0	7005706.0	7645552.0	4672032.0	3819964.0	2081058.0	5624976.0	4704901.0	3436896.0	2687203.0	4232261.0	2612911.0	3415386.0	4561252.0	5367132.0	514150.0	3092054.0	267334.0	3863616.0	4060079.0	3007162.0	1913848.0	4572856.0	489862.0	2164341.0	3129083.0	2781455.0	3313717.0	4459400.0	4841108.0	5685622.0
TAA	1338646.0	503408.0	720499.0	1040154.0	583470.0	297992.0	136299.0	507102.0	717961.0	387201.0	372060.0	482975.0	611856.0	414570.0	576245.0	838838.0	684548.0	335026.0	493564.0	492965.0	474200.0	270130.0	127850.0	436634.0	148997.0	112199.0	116048.0	141833.0	326911.0	359880.0	445016.0	526374.0	987093.0	344222.0	517486.0	708935.0	440740.0	283855.0	122945.0	459569.0	541702.0	273175.0	263482.0	341659.0	344581.0	279645.0	371780.0	514150.0	947006.0	347901.0	341026.0	664951.0	603477.0	341468.0	140834.0	574314.0	457976.0	367340.0	448280.0	549444.0	750433.0	505641.0	581069.0	1002787.0
TAC	4926414.0	4891162.0	6521453.0	3859785.0	3090003.0	3665934.0	2171313.0	2745509.0	2519708.0	3500733.0	2240771.0	2324637.0	2167581.0	4859047.0	4655840.0	3764855.0	3278810.0	3239627.0	5429735.0	2454202.0	3128218.0	3249681.0	2242567.0	3033567.0	1494736.0	2538441.0	1829193.0	1484225.0	1675914.0	4332078.0	5910569.0	3042422.0	5478630.0	5885129.0	7257628.0	5140048.0	3377185.0	5111596.0	2653716.0	3907057.0	3476708.0	4596257.0	2592824.0	2945380.0	1684869.0	3729148.0	4843737.0	3092054.0	347901.0	4603274.0	197782.0	2937034.0	2654325.0	3387206.0	2014118.0	3008632.0	354918.0	2563953.0	3011992.0	2083272.0	1856274.0	5267266.0	3246577.0	4035364.0
TAG	591054.0	284613.0	452656.0	432727.0	331212.0	212264.0	110101.0	270689.0	408521.0	272172.0	296366.0	268129.0	286655.0	245180.0	355453.0	379923.0	342665.0	219195.0	366912.0	259844.0	300289.0	215641.0	110460.0	267162.0	92465.0	91753.0	103946.0	87848.0	186443.0	253571.0	337299.0	289531.0	443435.0	225830.0	360706.0	333291.0	267476.0	219798.0	110105.0	270903.0	307747.0	203503.0	214688.0	196364.0	178482.0	190178.0	267084.0	267334.0	341026.0	197782.0	195424.0	293738.0	331694.0	239715.0	105155.0	313699.0	275067.0	240447.0	322734.0	299647.0	321748.0	302373.0	343517.0	479280.0
TAT	6658219.0	3712023.0	5463619.0	5717292.0	3587363.0	2422457.0	1421616.0	3192787.0	3133431.0	2470226.0	2037414.0	2871476.0	3148075.0	3725390.0	4401960.0	4994189.0	4021977.0	2152381.0	4041172.0	3074015.0	3413141.0	1968686.0	1344265.0	3167502.0	1434369.0	1284827.0	1118776.0	1467899.0	2137861.0	2751053.0	3691686.0	3597637.0	6916075.0	3991882.0	5430147.0	6457105.0	3684177.0	2948672.0	1487650.0	4153694.0	3840829.0	2733248.0	2093866.0	3239137.0	2156698.0	2534427.0	3533081.0	3863616.0	664951.0	2937034.0	293738.0	4195216.0	3393260.0	2391263.0	1440414.0	3676461.0	449620.0	1853063.0	2657064.0	2508280.0	3156659.0	3922660.0	3819618.0	5283921.0
TCA	6938777.0	4176189.0	5778234.0	5942372.0	4628780.0	3099965.0	1740059.0	3874212.0	3663077.0	3364283.0	2525672.0	3590289.0	3024012.0	3626839.0	4636420.0	4869037.0	4664481.0	2561293.0	4659748.0	3318345.0	4662079.0	2657016.0	1756217.0	4056009.0	1614673.0	1474741.0	1319674.0	1581993.0	2145155.0	3273036.0	4158519.0	3972649.0	7378867.0	4254105.0	5788719.0	6571028.0	4418616.0	3464369.0	1711055.0	4637797.0	4121989.0	3004682.0	2342484.0	3429654.0	2321366.0	2787646.0	3773314.0	4060079.0	603477.0	2654325.0	331694.0	3393260.0	5294766.0	3509638.0	2051938.0	5022922.0	683704.0	2090957.0	2819366.0	2551594.0	3262229.0	3835838.0	4115923.0	4872591.0
TCC	4693191.0	4724339.0	6086043.0	3745038.0	3368256.0	4419960.0	2214579.0	3069688.0	2680458.0	4340317.0	2560085.0	2701106.0	1910716.0	4683863.0	4433611.0	3450253.0	3380790.0	3408651.0	5636832.0	2519433.0	3840527.0	4504592.0	2674317.0	3939781.0	1551976.0	2800637.0	2009601.0	1547770.0	1713724.0	5279721.0	6088560.0	3303824.0	5239639.0	5618887.0	6889003.0	4850535.0	3606853.0	5978389.0	2753171.0	4242674.0	3447623.0	4809291.0	2870177.0	2925503.0	1616126.0	3908254.0	4630835.0	3007162.0	341468.0	3387206.0	239715.0	2391263.0	3509638.0	5376392.0	2540468.0	4285484.0	563270.0	2665581.0	2913845.0	2113653.0	1812299.0	4928550.0	3254501.0	3664431.0
TCG	2748193.0	2804845.0	3805262.0	2379835.0	1924313.0	2277871.0	1950146.0	1718182.0	1495034.0	2542698.0	1470592.0	1607183.0	1190851.0	2696710.0	2794203.0	2120015.0	2116081.0	1894411.0	3256279.0	1494880.0	2111205.0	2212589.0	2235539.0	2017207.0	1145246.0	1907973.0	1439195.0	1097020.0	994168.0	2771737.0	3470718.0	1865999.0	3270455.0	3560582.0	4463583.0	3209233.0	2266781.0	3434479.0	2688568.0	2537223.0	2107061.0	3119869.0	1798987.0	1897752.0	1003473.0	2345653.0	2989857.0	1913848.0	140834.0	2014118.0	105155.0	1440414.0	2051938.0	2540468.0	2427142.0	2242572.0	246808.0	1492225.0	1728656.0	1096183.0	1097387.0	2800821.0	2208615.0	2138789.0
TCT	6989286.0	4619147.0	6434630.0	6028942.0	4490301.0	3529162.0	1840477.0	4329671.0	3729714.0	3725779.0	2707607.0	3795620.0	2993080.0	4386564.0	4993125.0	5199443.0	4694994.0	2856138.0	5264724.0	3520089.0	4703037.0	3266097.0	1957613.0	4864655.0	1719253.0	1775047.0	1495082.0	1790038.0	2516753.0	4482231.0	4900028.0	4828443.0	7628180.0	4841442.0	6578177.0	7088370.0	4537698.0	4167445.0	1950475.0	5470463.0	4461064.0	3565312.0	2699483.0	3881140.0	2373780.0	3383875.0	4283293.0	4572856.0	574314.0	3008632.0	313699.0	3676461.0	5022922.0	4285484.0	2242572.0	6466854.0	631002.0	2333562.0	3015311.0	2812505.0	3217605.0	4709183.0	4464143.0	5619292.0
TGA	947894.0	509726.0	753096.0	580351.0	690130.0	486332.0	267338.0	519116.0	992122.0	651154.0	691821.0	530634.0	400250.0	441026.0	608052.0	558980.0	715082.0	536194.0	803936.0	582952.0	710890.0	524722.0	298749.0	631090.0	273353.0	231382.0	275542.0	216923.0	340651.0	568811.0	739017.0	588789.0	806573.0	461409.0	693708.0	530103.0	607278.0	507037.0	269254.0	605053.0	834819.0	510982.0	509478.0	433697.0	307578.0	395378.0	540279.0	489862.0	457976.0	354918.0	275067.0	449620.0	683704.0	563270.0	246808.0	631002.0	874978.0	623956.0	801683.0	687235.0	437102.0	573848.0	577925.0	804379.0
TGC	3479088.0	3348681.0	4429581.0	2734012.0	2350796.0	2742164.0	1626476.0	2062618.0	2050472.0	2891973.0	1975944.0	1801715.0	1455429.0	3109904.0	3226508.0	2492942.0	2306298.0	2506055.0	4003380.0	1888104.0	2399609.0	2593977.0	1716362.0	2314249.0	1092924.0	1958432.0	1523459.0	1071740.0	1177817.0	3164005.0	4432835.0	2237393.0	3720491.0	3966863.0	5011795.0	3468528.0	2503943.0	3751371.0	2036864.0	2812229.0	2709714.0	3617393.0	2302027.0	2115465.0	1178643.0	2560936.0	3564294.0	2164341.0	367340.0	2563953.0	240447.0	1853063.0	2090957.0	2665581.0	1492225.0	2333562.0	623956.0	3354370.0	2500222.0	2444107.0	1312087.0	3443223.0	2328019.0	2786209.0
TGG	4715838.0	3756729.0	5517843.0	3687733.0	3083556.0	3023912.0	1872524.0	2710912.0	2905160.0	3104760.0	2643841.0	2392681.0	2077182.0	3767160.0	4288700.0	3628360.0	3135812.0	2635154.0	4593505.0	2491742.0	3194205.0	2801475.0	1950757.0	3013839.0	1423415.0	2000389.0	1726992.0	1398342.0	1621613.0	3576345.0	4963137.0	3060758.0	5232397.0	4444169.0	6119834.0	4808770.0	3374922.0	4078020.0	2329214.0	3790552.0	3728521.0	3936024.0	2853672.0	3033252.0	1671264.0	3089822.0	4269547.0	3129083.0	448280.0	3011992.0	322734.0	2657064.0	2819366.0	2913845.0	1728656.0	3015311.0	801683.0	2500222.0	3696894.0	2293683.0	1950816.0	4124482.0	3323746.0	3830519.0
TGT	4573372.0	2930411.0	3959477.0	3794133.0	2791340.0	2082839.0	1154404.0	2486210.0	2448190.0	2174106.0	1791883.0	2251167.0	1986625.0	2535889.0	3199198.0	3305338.0	2779446.0	1950902.0	3351326.0	2327546.0	2561814.0	1736380.0	1066855.0	2419653.0	1066679.0	1039453.0	986040.0	1094020.0	1376639.0	2264354.0	3240068.0	2609247.0	4673003.0	3060752.0	4112203.0	4295616.0	2635669.0	2402923.0	1153031.0	2973859.0	3244391.0	2357651.0	1988217.0	2493136.0	1573966.0	2021998.0	3208723.0	2781455.0	549444.0	2083272.0	299647.0	2508280.0	2551594.0	2113653.0	1096183.0	2812505.0	687235.0	2444107.0	2293683.0	3123712.0	2062660.0	2838510.0	2755814.0	3623953.0
TTA	6436303.0	2825230.0	4172967.0	5319173.0	3232911.0	1730175.0	1026440.0	2781530.0	2806969.0	1814366.0	1578920.0	2568066.0	2920359.0	2459735.0	3480337.0	4467929.0	3724628.0	1497329.0	2888607.0	2527300.0	2867626.0	1296365.0	898344.0	2498995.0	1109697.0	755799.0	718138.0	1123934.0	1694081.0	1904633.0	2469475.0	3071006.0	6448034.0	2733761.0	3859885.0	5373436.0	3057521.0	1914461.0	977994.0	3294943.0	2985807.0	1665098.0	1447760.0	2543588.0	1974944.0	1749801.0	2486003.0	3313717.0	750433.0	1856274.0	321748.0	3156659.0	3262229.0	1812299.0	1097387.0	3217605.0	437102.0	1312087.0	1950816.0	2062660.0	3497614.0	2690631.0	3325697.0	4477593.0
