Proteome_ID	M	W	C	D	E	F	H	K	N	Q	Y	I	A	G	P	T	V	L	R	S
UP000000226	0.017472271916371147	0.03147690139258215	0.03147690139258215	0.03147690139258215	0.05111230057076854	0.03927079835637278	0.03147690139258215	0.03927079835637278	0.03927079835637278	0.03147690139258215	0.03927079835637278	0.061069324796374405	0.05045964751147241	0.05045964751147241	0.05045964751147241	0.0629538027851643	0.0629538027851643	0.10222460114153709	0.08193654890405457	0.09443070417774647
UP000000267	0.018989085334094415	0.02918737268892379	0.02918737268892379	0.02918737268892379	0.05636063675691119	0.0543465281359748	0.02918737268892379	0.0543465281359748	0.0543465281359748	0.02918737268892379	0.0543465281359748	0.08970397093785518	0.031350768989352074	0.031350768989352074	0.031350768989352074	0.05837474537784758	0.05837474537784758	0.11272127351382238	0.06053814167827586	0.08756211806677137
UP000000304	0.014408810225365366	0.0314445571708376	0.0314445571708376	0.0314445571708376	0.04474243774940742	0.026595761157139637	0.0314445571708376	0.026595761157139637	0.026595761157139637	0.0314445571708376	0.026595761157139637	0.0387827120889139	0.07435471914701276	0.07435471914701276	0.07435471914701276	0.0628891143416752	0.0628891143416752	0.08948487549881484	0.10579927631785037	0.09433367151251282
UP000000305	0.01683826717796528	0.03168591628371349	0.03168591628371349	0.03168591628371349	0.049652933161734	0.03593403375604101	0.03168591628371349	0.03593403375604101	0.03593403375604101	0.03168591628371349	0.03593403375604101	0.055029800334116745	0.05588002157256915	0.05588002157256915	0.05588002157256915	0.06337183256742698	0.06337183256742698	0.099305866323468	0.08756593785628264	0.09505774885114049
UP000000311	0.01773389946497792	0.0313331673576543	0.0313331673576543	0.0313331673576543	0.05176291564356051	0.040859496571812426	0.0313331673576543	0.040859496571812426	0.040859496571812426	0.0313331673576543	0.040859496571812426	0.06398509367864694	0.04805577449723453	0.04805577449723453	0.04805577449723453	0.0626663347153086	0.0626663347153086	0.10352583128712102	0.07938894185488883	0.09399950207296288
UP000000314	0.01803092087603087	0.031112171855465758	0.031112171855465758	0.031112171855465758	0.05255435310744615	0.042884362503960764	0.031112171855465758	0.042884362503960764	0.042884362503960764	0.031112171855465758	0.042884362503960764	0.06773780413189066	0.04514313288321053	0.04514313288321053	0.04514313288321053	0.062224343710931516	0.062224343710931516	0.1051087062148923	0.0762553047386763	0.09333651556639729
UP000000437	0.01602311397970255	0.0317526805662602	0.0317526805662602	0.0317526805662602	0.04792530735398968	0.032345253575458956	0.0317526805662602	0.032345253575458956	0.032345253575458956	0.0317526805662602	0.032345253575458956	0.04866739317121535	0.06234192728097366	0.06234192728097366	0.06234192728097366	0.0635053611325204	0.0635053611325204	0.09585061470797936	0.09409460784723384	0.09525804169878058
UP000000539	0.015596700581566121	0.031720661324198776	0.031720661324198776	0.031720661324198776	0.04706235263750863	0.030683382626619703	0.031720661324198776	0.030683382626619703	0.030683382626619703	0.031720661324198776	0.030683382626619703	0.045770064671673286	0.06558601227829294	0.06558601227829294	0.06558601227829294	0.06344132264839755	0.06344132264839755	0.09412470527501726	0.09730667360249173	0.09516198397259633
UP000000542	0.011554281819391728	0.029912215837099645	0.029912215837099645	0.029912215837099645	0.039325425713846805	0.018826419753494323	0.029912215837099645	0.018826419753494323	0.018826419753494323	0.029912215837099645	0.018826419753494323	0.026098557687596922	0.09505159961379957	0.09505159961379957	0.09505159961379957	0.05982443167419929	0.05982443167419929	0.07865085142769361	0.1249638154508992	0.08973664751129892
UP000000559	0.018979755613702323	0.029245244601132404	0.029245244601132404	0.029245244601132404	0.056280858592444034	0.05407122798262324	0.029245244601132404	0.05407122798262324	0.05407122798262324	0.029245244601132404	0.05407122798262324	0.08916270035154417	0.0316354691280518	0.0316354691280518	0.0316354691280518	0.05849048920226481	0.05849048920226481	0.11256171718488807	0.0608807137291842	0.08773573380339722
UP000000560	0.014685357433626537	0.03153081305835083	0.03153081305835083	0.03153081305835083	0.04527461643922019	0.02748760676173873	0.03153081305835083	0.02748760676173873	0.02748760676173873	0.03153081305835083	0.02748760676173873	0.04028985608985091	0.07233748508833657	0.07233748508833657	0.07233748508833657	0.06306162611670166	0.06306162611670166	0.09054923287844038	0.1038682981466874	0.09459243917505249
UP000000561	0.013815789425524718	0.031219399692185477	0.031219399692185477	0.031219399692185477	0.04361110019368388	0.024783401002996804	0.031219399692185477	0.024783401002996804	0.024783401002996804	0.031219399692185477	0.024783401002996804	0.035751012580468894	0.07865352435063906	0.07865352435063906	0.07865352435063906	0.062438799384370955	0.062438799384370955	0.08722220038736776	0.10987292404282453	0.09365819907655644
UP000000589	0.01586154539145074	0.03174531103458855	0.03174531103458855	0.03174531103458855	0.047595761842466916	0.03170090161575672	0.03174531103458855	0.03170090161575672	0.03170090161575672	0.03174531103458855	0.03170090161575672	0.0475402578400627	0.06357956533210192	0.06357956533210192	0.06357956533210192	0.0634906220691771	0.0634906220691771	0.09519152368493383	0.09532487636669047	0.09523593310376566
UP000000591	0.014130968004342744	0.03134569773358393	0.03134569773358393	0.03134569773358393	0.044210989803626734	0.0257305841400856	0.03134569773358393	0.0257305841400856	0.0257305841400856	0.03134569773358393	0.0257305841400856	0.03733020027582846	0.0763723638030038	0.0763723638030038	0.0763723638030038	0.06269139546716786	0.06269139546716786	0.08842197960725347	0.10771806153658775	0.09403709320075179
UP000000598	0.018333648403672336	0.030796504879041408	0.030796504879041408	0.030796504879041408	0.053448305998238875	0.045303602238394934	0.030796504879041408	0.045303602238394934	0.045303602238394934	0.030796504879041408	0.045303602238394934	0.07227355607311753	0.04186972628684385	0.04186972628684385	0.04186972628684385	0.061593009758082816	0.061593009758082816	0.10689661199647775	0.07266623116588526	0.09238951463712422
UP000000599	0.01870765257378191	0.030176792295494678	0.030176792295494678	0.030176792295494678	0.05478792093082474	0.04922225727066013	0.030176792295494678	0.04922225727066013	0.04922225727066013	0.030176792295494678	0.04922225727066013	0.07973686196753835	0.03700109843553358	0.03700109843553358	0.03700109843553358	0.060353584590989356	0.060353584590989356	0.10957584186164948	0.06717789073102826	0.09053037688648402
UP000000600	0.018983970946921374	0.02728503725706561	0.02728503725706561	0.02728503725706561	0.05848454435778654	0.062399014201441866	0.02728503725706561	0.062399014201441866	0.062399014201441866	0.02728503725706561	0.062399014201441866	0.10581405745596235	0.02386169934403405	0.02386169934403405	0.02386169934403405	0.05457007451413122	0.05457007451413122	0.11696908871557309	0.05114673660109966	0.08185511177119684
UP000000673	0.014461708913718212	0.03146201081279369	0.03146201081279369	0.03146201081279369	0.044843962642708575	0.026763903659829776	0.03146201081279369	0.026763903659829776	0.026763903659829776	0.03146201081279369	0.026763903659829776	0.039066098405941344	0.07396963738664443	0.07396963738664443	0.07396963738664443	0.06292402162558738	0.06292402162558738	0.08968792528541715	0.10543164819943812	0.09438603243838108
UP000000715	0.014423922899302867	0.03144958888851554	0.03144958888851554	0.03144958888851554	0.04477143032573551	0.026643682874439946	0.03144958888851554	0.026643682874439946	0.026643682874439946	0.03144958888851554	0.026643682874439946	0.03886344284957702	0.07424473905636296	0.07424473905636296	0.07424473905636296	0.06289917777703108	0.06289917777703108	0.08954286065147102	0.1056943279448785	0.09434876666554662
UP000000724	0.014933177706154844	0.03159731440266854	0.03159731440266854	0.03159731440266854	0.0457549128311251	0.028315196856913125	0.03159731440266854	0.028315196856913125	0.028315196856913125	0.03159731440266854	0.028315196856913125	0.0416972160076714	0.07051974828261375	0.07051974828261375	0.07051974828261375	0.06319462880533708	0.06319462880533708	0.0915098256622502	0.10211706268528228	0.09479194320800562
UP000000741	0.01599636428696249	0.0317518801486254	0.0317518801486254	0.0317518801486254	0.04787050952620318	0.03223725875515555	0.0317518801486254	0.03223725875515555	0.03223725875515555	0.0317518801486254	0.03223725875515555	0.048478153223348606	0.06254761923958178	0.06254761923958178	0.06254761923958178	0.0635037602972508	0.0635037602972508	0.09574101905240635	0.09429949938820717	0.09525564044587619
UP000000759	0.015561338497691151	0.03171624557560993	0.03171624557560993	0.03171624557560993	0.04699170432314327	0.030550917495066686	0.03171624557560993	0.030550917495066686	0.030550917495066686	0.03171624557560993	0.030550917495066686	0.04554049649244222	0.06585204739431022	0.06585204739431022	0.06585204739431022	0.06343249115121986	0.06343249115121986	0.09398340864628654	0.09756829296992016	0.09514873672682979
UP000000768	0.013497298732643841	0.031077093349374883	0.031077093349374883	0.031077093349374883	0.04300717620368668	0.023860165708623607	0.031077093349374883	0.023860165708623607	0.023860165708623607	0.031077093349374883	0.023860165708623607	0.034223032684603374	0.0809538158988312	0.0809538158988312	0.0809538158988312	0.06215418669874977	0.06215418669874977	0.08601435240737336	0.11203090924820609	0.09323128004812466
UP000000803	0.014798739503884205	0.03156253675680314	0.03156253675680314	0.03156253675680314	0.045493919739389925	0.027862765965173564	0.03156253675680314	0.027862765965173564	0.027862765965173564	0.03156253675680314	0.027862765965173564	0.040926792426462924	0.07150716678808697	0.07150716678808697	0.07150716678808697	0.06312507351360629	0.06312507351360629	0.09098783947877985	0.1030697035448901	0.09468761027040944
UP000000819	0.016708060512065328	0.031709729510375595	0.031709729510375595	0.031709729510375595	0.04936803404769924	0.03531660907464729	0.031709729510375595	0.03531660907464729	0.03531660907464729	0.031709729510375595	0.03531660907464729	0.053925157637229236	0.056942439943533964	0.056942439943533964	0.056942439943533964	0.06341945902075119	0.06341945902075119	0.09873606809539848	0.08865216945390957	0.09512918853112678
UP000001038	0.015033925808752248	0.031621309382792166	0.031621309382792166	0.031621309382792166	0.04595124927700524	0.02865987978842616	0.031621309382792166	0.02865987978842616	0.02865987978842616	0.031621309382792166	0.02865987978842616	0.04228583376810007	0.06977748786553226	0.06977748786553226	0.06977748786553226	0.06324261876558433	0.06324261876558433	0.09190249855401048	0.10139879724832444	0.0948639281483765
UP000001055	0.014339513987390853	0.031421023611495943	0.031421023611495943	0.031421023611495943	0.04460961810607621	0.026377188989160527	0.031421023611495943	0.026377188989160527	0.026377188989160527	0.031421023611495943	0.026377188989160527	0.038414863990930206	0.07485867619934024	0.07485867619934024	0.07485867619934024	0.06284204722299189	0.06284204722299189	0.08921923621215241	0.10627969981083618	0.09426307083448782
UP000001056	0.012163336980218093	0.030330422864897958	0.030330422864897958	0.030330422864897958	0.040483926745489285	0.020307007761182647	0.030330422864897958	0.020307007761182647	0.020307007761182647	0.030330422864897958	0.020307007761182647	0.028450678542147202	0.09060266898819065	0.09060266898819065	0.09060266898819065	0.060660845729795916	0.060660845729795916	0.08096785349097857	0.12093309185308862	0.09099126859469389
UP000001064	0.01896779229068637	0.02716424286375789	0.02716424286375789	0.02716424286375789	0.058595269732040295	0.06286205373656482	0.02716424286375789	0.06286205373656482	0.06286205373656482	0.02716424286375789	0.06286205373656482	0.10675631518244326	0.02347667778890944	0.02347667778890944	0.02347667778890944	0.05432848572751578	0.05432848572751578	0.11719053946408059	0.05064092065266732	0.08149272859127366
UP000001067	0.014574919375007114	0.031497856902925586	0.031497856902925586	0.031497856902925586	0.04506165822548825	0.027127602645125322	0.031497856902925586	0.027127602645125322	0.027127602645125322	0.031497856902925586	0.027127602645125322	0.03968028591524353	0.07314431742868768	0.07314431742868768	0.07314431742868768	0.06299571380585117	0.06299571380585117	0.0901233164509765	0.10464217433161327	0.09449357070877676
UP000001070	0.015459025658862622	0.0317020363738236	0.0317020363738236	0.0317020363738236	0.04678798941360501	0.03017190607956282	0.0317020363738236	0.03017190607956282	0.03017190607956282	0.0317020363738236	0.03017190607956282	0.044884786500263014	0.06661953060552528	0.06661953060552528	0.06661953060552528	0.0634040727476472	0.0634040727476472	0.09357597882721003	0.09832156697934888	0.0951061091214708
UP000001072	0.017704831523352463	0.03135122716371276	0.03135122716371276	0.03135122716371276	0.05168876572012936	0.04067507711283319	0.03135122716371276	0.04067507711283319	0.04067507711283319	0.03135122716371276	0.04067507711283319	0.06364532270231392	0.048329321758586716	0.048329321758586716	0.048329321758586716	0.06270245432742552	0.06270245432742552	0.10337753144025871	0.07968054892229949	0.09405368149113828
UP000001073	0.01515838362469532	0.031648440176562154	0.031648440176562154	0.031648440176562154	0.046194757704661776	0.02909263505619926	0.031648440176562154	0.02909263505619926	0.02909263505619926	0.031648440176562154	0.02909263505619926	0.0430268864877032	0.06885754856337778	0.06885754856337778	0.06885754856337778	0.06329688035312431	0.06329688035312431	0.09238951540932355	0.10050598873993993	0.09494532052968646
UP000001074	0.014616222909574952	0.03151041721890659	0.03151041721890659	0.03151041721890659	0.045141232444905616	0.02726163045199805	0.03151041721890659	0.02726163045199805	0.02726163045199805	0.03151041721890659	0.02726163045199805	0.03990703799442114	0.07284277402687729	0.07284277402687729	0.07284277402687729	0.06302083443781319	0.06302083443781319	0.09028246488981123	0.10435319124578389	0.09453125165671979
UP000001075	0.01552552345579922	0.03171151225025375	0.03171151225025375	0.03171151225025375	0.04692027810053219	0.03041753170055687	0.03171151225025375	0.03041753170055687	0.03041753170055687	0.03171151225025375	0.03041753170055687	0.04530953994531452	0.06612107906044089	0.06612107906044089	0.06612107906044089	0.0634230245005075	0.0634230245005075	0.09384055620106438	0.09783259131069463	0.09513453675076125
UP000001194	0.0157422333415776	0.03173608018488572	0.03173608018488572	0.03173608018488572	0.04735448595405567	0.031236811538339897	0.03173608018488572	0.031236811538339897	0.031236811538339897	0.03173608018488572	0.031236811538339897	0.04673138973510219	0.06448665762606981	0.06448665762606981	0.06448665762606981	0.06347216036977144	0.06347216036977144	0.09470897190811134	0.09622273781095553	0.09520824055465715
UP000001197	0.013770290543561905	0.03119996055467681	0.03119996055467681	0.03119996055467681	0.043524706849689676	0.02464949259002573	0.03119996055467681	0.02464949259002573	0.02464949259002573	0.03119996055467681	0.02464949259002573	0.035528694636489555	0.0789823591749945	0.0789823591749945	0.0789823591749945	0.06239992110935362	0.06239992110935362	0.08704941369937935	0.11018231972967131	0.09359988166403044
UP000001261	0.015566487817836358	0.03171690457629658	0.03171690457629658	0.03171690457629658	0.04700198409128088	0.030570159029968604	0.03171690457629658	0.030570159029968604	0.030570159029968604	0.03171690457629658	0.030570159029968604	0.04557383024210085	0.0658133335136226	0.0658133335136226	0.0658133335136226	0.06343380915259315	0.06343380915259315	0.09400396818256176	0.09753023808991917	0.09515071372888972
UP000001292	0.014430733756390823	0.03145184469914277	0.03145184469914277	0.03145184469914277	0.044784499615946334	0.026665309833607122	0.03145184469914277	0.026665309833607122	0.026665309833607122	0.03145184469914277	0.026665309833607122	0.03889988591082342	0.07419516526541554	0.07419516526541554	0.07419516526541554	0.06290368939828554	0.06290368939828554	0.08956899923189267	0.10564700996455832	0.09435553409742832
UP000001294	0.015867265130838453	0.03174567412281982	0.03174567412281982	0.03174567412281982	0.047607371233605845	0.031723394221572054	0.03174567412281982	0.031723394221572054	0.031723394221572054	0.03174567412281982	0.031723394221572054	0.047579523312305666	0.06353593934327315	0.06353593934327315	0.06353593934327315	0.06349134824563964	0.06349134824563964	0.09521474246721169	0.09528161346609296	0.09523702236845946
UP000001300	0.014577896071119444	0.031498771429180304	0.031498771429180304	0.031498771429180304	0.045067390266733155	0.027137237675105712	0.031498771429180304	0.027137237675105712	0.027137237675105712	0.031498771429180304	0.027137237675105712	0.03969657927909198	0.07312259364245557	0.07312259364245557	0.07312259364245557	0.06299754285836061	0.06299754285836061	0.09013478053346631	0.10462136507163589	0.09449631428754092
UP000001307	0.01728369054828997	0.031557317819489304	0.031557317819489304	0.031557317819489304	0.050663425375857524	0.03821221511273642	0.031557317819489304	0.03821221511273642	0.03821221511273642	0.031557317819489304	0.03821221511273642	0.05914073967718287	0.052122825385661986	0.052122825385661986	0.052122825385661986	0.06311463563897861	0.06311463563897861	0.10132685075171505	0.0836801432051513	0.09467195345846793
UP000001312	0.017223432810705406	0.03157946034801199	0.03157946034801199	0.03157946034801199	0.050522956802337045	0.0378869929086501	0.03157946034801199	0.0378869929086501	0.0378869929086501	0.03157946034801199	0.0378869929086501	0.05855055300659479	0.05264404690423312	0.05264404690423312	0.05264404690423312	0.06315892069602398	0.06315892069602398	0.10104591360467409	0.0842235072522451	0.09473838104403597
UP000001357	0.013279860789695966	0.030971728984873447	0.030971728984873447	0.030971728984873447	0.042595720436703975	0.02324798290366106	0.030971728984873447	0.02324798290366106	0.02324798290366106	0.030971728984873447	0.02324798290366106	0.03321610501762615	0.08252311611614177	0.08252311611614177	0.08252311611614177	0.061943457969746894	0.061943457969746894	0.08519144087340795	0.11349484510101522	0.09291518695462032
UP000001396	0.018794232531934903	0.029962394532016774	0.029962394532016774	0.029962394532016774	0.05517335628401186	0.050421923503990176	0.029962394532016774	0.050421923503990176	0.050421923503990176	0.029962394532016774	0.050421923503990176	0.08204961447604545	0.03560931530195134	0.03560931530195134	0.03560931530195134	0.05992478906403355	0.05992478906403355	0.11034671256802372	0.06557170983396811	0.08988718359605033
UP000001449	0.016509193125792944	0.031735715446292806	0.031735715446292806	0.031735715446292806	0.048940269587413925	0.034409108282242244	0.031735715446292806	0.034409108282242244	0.034409108282242244	0.031735715446292806	0.034409108282242244	0.052309023438691545	0.05854006018562461	0.05854006018562461	0.05854006018562461	0.06347143089258561	0.06347143089258561	0.09788053917482785	0.09027577563191742	0.0952071463388784
UP000001450	0.018195285550906905	0.02422715401471766	0.02422715401471766	0.02422715401471766	0.060768068992254454	0.07308182995507359	0.02422715401471766	0.07308182995507359	0.07308182995507359	0.02422715401471766	0.07308182995507359	0.12796837435924027	0.016062952775366336	0.016062952775366336	0.016062952775366336	0.04845430802943532	0.04845430802943532	0.12153613798450891	0.040290106790084	0.07268146204415298
UP000001460	0.018982251463582123	0.027271634066473024	0.027271634066473024	0.027271634066473024	0.058496940007354864	0.062450611881763686	0.027271634066473024	0.062450611881763686	0.062450611881763686	0.027271634066473024	0.062450611881763686	0.10591897229994525	0.023818566455801	0.023818566455801	0.023818566455801	0.05454326813294605	0.05454326813294605	0.11699388001470973	0.051090200522274025	0.08181490219941906
UP000001471	0.014569904762257122	0.03149631300608452	0.03149631300608452	0.03149631300608452	0.04505200285624039	0.02711137970031176	0.03149631300608452	0.02711137970031176	0.02711137970031176	0.03149631300608452	0.02711137970031176	0.0396528546383664	0.07318091103757743	0.07318091103757743	0.07318091103757743	0.06299262601216904	0.06299262601216904	0.09010400571248078	0.10467722404366193	0.09448893901825355
UP000001514	0.014847310105101126	0.03157546053463528	0.03157546053463528	0.03157546053463528	0.045588087221725866	0.028025253374181172	0.03157546053463528	0.028025253374181172	0.028025253374181172	0.03157546053463528	0.028025253374181172	0.04120319664326121	0.07115080778486915	0.07115080778486915	0.07115080778486915	0.06315092106927056	0.06315092106927056	0.09117617444345173	0.10272626831950445	0.09472638160390585
UP000001519	0.015122498899624016	0.031640906489191614	0.031640906489191614	0.031640906489191614	0.04612443254857104	0.028967052118758864	0.031640906489191614	0.028967052118758864	0.028967052118758864	0.031640906489191614	0.028967052118758864	0.04281160533789371	0.06912315132056066	0.06912315132056066	0.06912315132056066	0.06328181297838323	0.06328181297838323	0.09224886509714209	0.10076405780975227	0.09492271946757483
UP000001529	0.01370773496695036	0.031172745605164812	0.031172745605164812	0.031172745605164812	0.043405997098662094	0.02446650298699457	0.031172745605164812	0.02446650298699457	0.02446650298699457	0.031172745605164812	0.02446650298699457	0.03522527100703878	0.07943432447872595	0.07943432447872595	0.07943432447872595	0.062345491210329625	0.062345491210329625	0.08681199419732419	0.11060707008389078	0.09351823681549444
UP000001542	0.01894173077200276	0.029444976912364584	0.029444976912364584	0.029444976912364584	0.05599576025155393	0.053101566678378696	0.029444976912364584	0.053101566678378696	0.053101566678378696	0.029444976912364584	0.053101566678378696	0.08726140258475462	0.032654654828581604	0.032654654828581604	0.032654654828581604	0.05888995382472917	0.05888995382472917	0.11199152050310786	0.06209963174094619	0.08833493073709375
UP000001548	0.01592406492764893	0.03174887729300046	0.03174887729300046	0.03174887729300046	0.04772287975576102	0.03194800492552113	0.03174887729300046	0.03194800492552113	0.03194800492552113	0.03174887729300046	0.03194800492552113	0.04797194492339331	0.06310198159264609	0.06310198159264609	0.06310198159264609	0.06349775458600092	0.06349775458600092	0.09544575951152204	0.09485085888564652	0.09524663187900137
UP000001554	0.014815073183670143	0.03156692782993892	0.03156692782993892	0.03156692782993892	0.04552557168936211	0.02791728771884638	0.03156692782993892	0.02791728771884638	0.02791728771884638	0.03156692782993892	0.02791728771884638	0.041019502254022615	0.07138737420740734	0.07138737420740734	0.07138737420740734	0.06313385565987784	0.06313385565987784	0.09105114337872422	0.10295430203734626	0.09470078348981674
UP000001555	0.013364875844638602	0.031013706154903023	0.031013706154903023	0.031013706154903023	0.04275653344021372	0.023485654570621392	0.031013706154903023	0.023485654570621392	0.023485654570621392	0.031013706154903023	0.023485654570621392	0.033606433296604184	0.08190957306047279	0.08190957306047279	0.08190957306047279	0.062027412309806046	0.062027412309806046	0.08551306688042744	0.11292327921537582	0.09304111846470907
UP000001568	0.012064292387226153	0.030265653993833293	0.030265653993833293	0.030265653993833293	0.040296049163271584	0.020060790338876592	0.030265653993833293	0.020060790338876592	0.020060790338876592	0.030265653993833293	0.020060790338876592	0.02805728829052703	0.09132340213927323	0.09132340213927323	0.09132340213927323	0.06053130798766659	0.06053130798766659	0.08059209832654317	0.12158905613310653	0.09079696198149988
UP000001593	0.01677531473064487	0.0316981327457688	0.0316981327457688	0.0316981327457688	0.04951467894519037	0.035633092398843144	0.0316981327457688	0.035633092398843144	0.035633092398843144	0.0316981327457688	0.035633092398843144	0.05449087006704142	0.05639542076909388	0.05639542076909388	0.05639542076909388	0.0633962654915376	0.0633962654915376	0.09902935789038074	0.08809355351486269	0.09509439823730638
UP000001595	0.015169016373191015	0.031650626995484904	0.031650626995484904	0.031650626995484904	0.04621561369850929	0.029129973406048785	0.031650626995484904	0.029129973406048785	0.029129973406048785	0.031650626995484904	0.029129973406048785	0.04309093043890655	0.0687787918817189	0.0687787918817189	0.0687787918817189	0.06330125399096981	0.06330125399096981	0.09243122739701858	0.10042941887720379	0.0949518809864547
UP000001610	0.012411553703688148	0.03048717284450483	0.03048717284450483	0.03048717284450483	0.04095412227747729	0.020933898865944923	0.03048717284450483	0.020933898865944923	0.020933898865944923	0.03048717284450483	0.020933898865944923	0.0294562440282017	0.08880024824833394	0.08880024824833394	0.08880024824833394	0.06097434568900966	0.06097434568900966	0.08190824455495457	0.11928742109283874	0.09146151853351449
UP000001611	0.012134834588509502	0.030311913616570794	0.030311913616570794	0.030311913616570794	0.04042987748828058	0.02023592774341957	0.030311913616570794	0.02023592774341957	0.02023592774341957	0.030311913616570794	0.02023592774341957	0.028337020898329634	0.09080998101480514	0.09080998101480514	0.09080998101480514	0.06062382723314159	0.06062382723314159	0.08085975497656116	0.12112189463137593	0.09093574084971238
UP000001628	0.015571784490615123	0.031717576761054474	0.031717576761054474	0.031717576761054474	0.04701256079203145	0.030589968061953958	0.031717576761054474	0.030589968061953958	0.030589968061953958	0.031717576761054474	0.030589968061953958	0.04560815163329279	0.06577350283961843	0.06577350283961843	0.06577350283961843	0.06343515352210895	0.06343515352210895	0.0940251215840629	0.0974910796006729	0.09515273028316343
UP000001631	0.015439293176915808	0.031699054530621905	0.031699054530621905	0.031699054530621905	0.0467488140468574	0.030099519032470993	0.031699054530621905	0.030099519032470993	0.030099519032470993	0.031699054530621905	0.030099519032470993	0.04475974488802618	0.06676718369162926	0.06676718369162926	0.06676718369162926	0.06339810906124381	0.06339810906124381	0.0934976280937148	0.09846623822225117	0.09509716359186571
UP000001640	0.018675081953676814	0.03024755430585998	0.03024755430585998	0.03024755430585998	0.05465355582262577	0.04881200303353158	0.03024755430585998	0.04881200303353158	0.04881200303353158	0.03024755430585998	0.04881200303353158	0.07894892411338636	0.03748727708868841	0.03748727708868841	0.03748727708868841	0.06049510861171996	0.06049510861171996	0.10930711164525155	0.06773483139454839	0.09074266291757996
UP000001645	0.01586173174704399	0.03174532298046499	0.03174532298046499	0.03174532298046499	0.047596140026168944	0.03170163409140789	0.03174532298046499	0.03170163409140789	0.03170163409140789	0.03174532298046499	0.03170163409140789	0.04754153643577178	0.06357814415675021	0.06357814415675021	0.06357814415675021	0.06349064596092999	0.06349064596092999	0.09519228005233789	0.09532346713721522	0.095235968941395
UP000001646	0.016324644350622402	0.031749503882547096	0.031749503882547096	0.031749503882547096	0.048550284405655494	0.03360156104621679	0.031749503882547096	0.03360156104621679	0.03360156104621679	0.031749503882547096	0.03360156104621679	0.05087847774181118	0.05999905750815512	0.05999905750815512	0.05999905750815512	0.06349900776509419	0.06349900776509419	0.09710056881131099	0.09174856139070223	0.0952485116476413
UP000001742	0.01901708370978586	0.02897719296739811	0.02897719296739811	0.02897719296739811	0.05664062968695348	0.05532687343911073	0.02897719296739811	0.05532687343911073	0.05532687343911073	0.02897719296739811	0.05532687343911073	0.0916366631684356	0.030353340432074934	0.030353340432074934	0.030353340432074934	0.05795438593479622	0.05795438593479622	0.11328125937390696	0.05933053339947304	0.08693157890219431
UP000001743	0.013442539661691757	0.03105117832432925	0.03105117832432925	0.03105117832432925	0.042903505587217686	0.02370465452577686	0.03105117832432925	0.02370465452577686	0.02370465452577686	0.03105117832432925	0.02370465452577686	0.03396676938986197	0.08134905946685138	0.08134905946685138	0.08134905946685138	0.0621023566486585	0.0621023566486585	0.08580701117443537	0.11240023779118063	0.09315353497298777
UP000001744	0.017072319653915473	0.03162812456883429	0.03162812456883429	0.03162812456883429	0.050176238391779406	0.03709622764589024	0.03162812456883429	0.03709622764589024	0.03709622764589024	0.03162812456883429	0.03709622764589024	0.05712013563786499	0.05393207488861868	0.05393207488861868	0.05393207488861868	0.06325624913766859	0.06325624913766859	0.10035247678355881	0.08556019945745298	0.09488437370650288
UP000001745	0.01623098149193956	0.03175296343475294	0.03175296343475294	0.03175296343475294	0.04835463723267694	0.033203347595848	0.03175296343475294	0.033203347595848	0.033203347595848	0.03175296343475294	0.033203347595848	0.05017571369975644	0.06073186951877325	0.06073186951877325	0.06073186951877325	0.06350592686950587	0.06350592686950587	0.09670927446535388	0.09248483295352619	0.09525889030425881
UP000001798	0.016936925550075997	0.031664008253990863	0.031664008253990863	0.031664008253990863	0.04987165199433172	0.03641528748068171	0.031664008253990863	0.03641528748068171	0.03641528748068171	0.031664008253990863	0.03641528748068171	0.05589364941128742	0.05506530295775834	0.05506530295775834	0.05506530295775834	0.06332801650798173	0.06332801650798173	0.09974330398866343	0.08672931121174919	0.09499202476197259
UP000001805	0.013679189413370419	0.03116013987547564	0.03116013987547564	0.03116013987547564	0.043351852689597285	0.02438342562824329	0.03116013987547564	0.02438342562824329	0.02438342562824329	0.03116013987547564	0.02438342562824329	0.03508766184311616	0.07964051744514125	0.07964051744514125	0.07964051744514125	0.06232027975095128	0.06232027975095128	0.08670370537919457	0.11080065732061689	0.09348041962642692
UP000001811	0.014613071633556877	0.03150946876472756	0.03150946876472756	0.03150946876472756	0.04513515833096184	0.027251379132468577	0.03150946876472756	0.027251379132468577	0.027251379132468577	0.03150946876472756	0.027251379132468577	0.039889686631380275	0.07286578906771125	0.07286578906771125	0.07286578906771125	0.06301893752945512	0.06301893752945512	0.09027031666192369	0.1043752578324388	0.09452840629418267
UP000001819	0.014329437195411441	0.03141753865823373	0.03141753865823373	0.03141753865823373	0.04459031996506992	0.026345562613672383	0.03141753865823373	0.026345562613672383	0.026345562613672383	0.03141753865823373	0.026345562613672383	0.03836168803193333	0.07493191546642938	0.07493191546642938	0.07493191546642938	0.06283507731646747	0.06283507731646747	0.08918063993013985	0.10634945412466311	0.09425261597470118
UP000001861	0.014539939043255786	0.031487001983270625	0.031487001983270625	0.031487001983270625	0.044994330395046384	0.02701465682355152	0.031487001983270625	0.02701465682355152	0.02701465682355152	0.031487001983270625	0.02701465682355152	0.03948937460384726	0.07339951052275838	0.07339951052275838	0.07339951052275838	0.06297400396654125	0.06297400396654125	0.08998866079009277	0.104886512506029	0.09446100594981185
UP000001876	0.009264679381332222	0.02791135671263166	0.02791135671263166	0.02791135671263166	0.034845293693631235	0.013867873961999146	0.02791135671263166	0.013867873961999146	0.013867873961999146	0.02791135671263166	0.013867873961999146	0.018471068542666072	0.11235230947072498	0.11235230947072498	0.11235230947072498	0.05582271342526332	0.05582271342526332	0.06969058738726247	0.14026366618335664	0.083734070137895
UP000001881	0.013541959654180785	0.031097917859900404	0.031097917859900404	0.031097917859900404	0.04309175904057145	0.023987682361342088	0.031097917859900404	0.023987682361342088	0.023987682361342088	0.031097917859900404	0.023987682361342088	0.03443340506850339	0.08063142413288195	0.08063142413288195	0.08063142413288195	0.06219583571980081	0.06219583571980081	0.0861835180811429	0.11172934199278235	0.09329375357970122
UP000001926	0.01882075658439429	0.026345834122017887	0.026345834122017887	0.026345834122017887	0.05929224088953644	0.06589281353503712	0.026345834122017887	0.06589281353503712	0.06589281353503712	0.026345834122017887	0.06589281353503712	0.11296487048567994	0.02106763813373388	0.02106763813373388	0.02106763813373388	0.052691668244035775	0.052691668244035775	0.11858448177907288	0.04741347225575177	0.07903750236605367
UP000001940	0.01788183918498469	0.031231964738678324	0.031231964738678324	0.031231964738678324	0.05214880812872569	0.04183368678009473	0.031231964738678324	0.04183368678009473	0.04183368678009473	0.031231964738678324	0.04183368678009473	0.06578553437520476	0.046633978332609086	0.046633978332609086	0.046633978332609086	0.06246392947735665	0.06246392947735665	0.10429761625745138	0.0778659430712874	0.09369589421603497
UP000001949	0.018711872385145996	0.03016727669496196	0.03016727669496196	0.03016727669496196	0.054805701339643305	0.04927684928936269	0.03016727669496196	0.04927684928936269	0.04927684928936269	0.03016727669496196	0.04927684928936269	0.07984182619357938	0.03693680080259714	0.03693680080259714	0.03693680080259714	0.06033455338992392	0.06033455338992392	0.10961140267928661	0.06710407749755909	0.09050183008488588
UP000001950	0.018926757877758712	0.02951228209000307	0.02951228209000307	0.02951228209000307	0.0558960400569207	0.05276751593383526	0.02951228209000307	0.05276751593383526	0.05276751593383526	0.02951228209000307	0.05276751593383526	0.0866082739899118	0.033011779264046616	0.033011779264046616	0.033011779264046616	0.05902456418000614	0.05902456418000614	0.1117920801138414	0.06252406135404968	0.08853684627000921
UP000001996	0.018323795115685926	0.03080869960654889	0.03080869960654889	0.03080869960654889	0.05341729464162772	0.04521719007015765	0.03080869960654889	0.04521719007015765	0.04521719007015765	0.03080869960654889	0.04521719007015765	0.07211058502462939	0.04198297019225885	0.04198297019225885	0.04198297019225885	0.06161739921309778	0.06161739921309778	0.10683458928325544	0.07279166979880775	0.09242609881964668
UP000001997	0.017404228420022292	0.03150795236029009	0.03150795236029009	0.03150795236029009	0.05094861931634145	0.03888133391210271	0.03150795236029009	0.03888133391210271	0.03888133391210271	0.03150795236029009	0.03888133391210271	0.06035843940418312	0.051065689473647057	0.051065689473647057	0.051065689473647057	0.06301590472058018	0.06301590472058018	0.1018972386326829	0.08257364183393714	0.09452385708087027
UP000002009	0.010109422622566469	0.02872984396396554	0.02872984396396554	0.02872984396396554	0.03652886551097998	0.01559804309402889	0.02872984396396554	0.01559804309402889	0.01559804309402889	0.02872984396396554	0.01559804309402889	0.02108666356549131	0.10583429334283369	0.10583429334283369	0.10583429334283369	0.05745968792793108	0.05745968792793108	0.07305773102195996	0.13456413730679923	0.08618953189189661
UP000002035	0.015514519257271035	0.03171000559629966	0.03171000559629966	0.03171000559629966	0.04689835752885022	0.030376703865101128	0.03171000559629966	0.030376703865101128	0.030376703865101128	0.03171000559629966	0.030376703865101128	0.04523888847293122	0.06620365786773676	0.06620365786773676	0.06620365786773676	0.06342001119259932	0.06342001119259932	0.09379671505770044	0.09791366346403643	0.09513001678889899
UP000002036	0.016127926154620328	0.03175415996184765	0.03175415996184765	0.03175415996184765	0.04814098590098771	0.032773651878280144	0.03175415996184765	0.032773651878280144	0.032773651878280144	0.03175415996184765	0.032773651878280144	0.04941937760193996	0.06153276288083413	0.06153276288083413	0.06153276288083413	0.0635083199236953	0.0635083199236953	0.09628197180197542	0.09328692284268178	0.09526247988554293
UP000002037	0.019027869323579864	0.028871614905401678	0.028871614905401678	0.028871614905401678	0.05677589742745315	0.055808565044102955	0.028871614905401678	0.055808565044102955	0.055808565044102955	0.028871614905401678	0.055808565044102955	0.09258926076462604	0.029872480920700255	0.029872480920700255	0.029872480920700255	0.057743229810803355	0.057743229810803355	0.1135517948549063	0.05874409582610193	0.08661484471620504
UP000002038	0.015597427278848434	0.03172074936455378	0.03172074936455378	0.03172074936455378	0.047063805802124194	0.030686112875140822	0.03172074936455378	0.030686112875140822	0.030686112875140822	0.03172074936455378	0.030686112875140822	0.04577479847143321	0.06558054090089584	0.06558054090089584	0.06558054090089584	0.06344149872910756	0.06344149872910756	0.09412761160424839	0.09730129026544962	0.09516224809366136
UP000002051	0.018293180732125065	0.030845632407502384	0.030845632407502384	0.030845632407502384	0.053321908079369235	0.044952551343733715	0.030845632407502384	0.044952551343733715	0.044952551343733715	0.030845632407502384	0.044952551343733715	0.07161192195534236	0.042331436600489734	0.042331436600489734	0.042331436600489734	0.06169126481500477	0.06169126481500477	0.10664381615873847	0.07317706900799212	0.09253689722250714
UP000002058	0.015283944813163045	0.03167292108147819	0.03167292108147819	0.03167292108147819	0.04644160369946661	0.029537365235976824	0.03167292108147819	0.029537365235976824	0.029537365235976824	0.03167292108147819	0.029537365235976824	0.04379078565879061	0.06792575585663065	0.06792575585663065	0.06792575585663065	0.06334584216295638	0.06334584216295638	0.09288320739893322	0.09959867693810884	0.09501876324443458
UP000002059	0.015642019947483495	0.03172594178776089	0.03172594178776089	0.03172594178776089	0.04715308136307659	0.0308542791506314	0.03172594178776089	0.0308542791506314	0.0308542791506314	0.03172594178776089	0.0308542791506314	0.04606653835377931	0.06524445944152256	0.06524445944152256	0.06524445944152256	0.06345188357552178	0.06345188357552178	0.09430616272615318	0.09697040122928345	0.09517782536328268
UP000002149	0.01547123697163152	0.03170384289553285	0.03170384289553285	0.03170384289553285	0.04681225089384269	0.030216815996619684	0.03170384289553285	0.030216815996619684	0.030216815996619684	0.03170384289553285	0.030216815996619684	0.04496239502160785	0.06652809842420668	0.06652809842420668	0.06652809842420668	0.0634076857910657	0.0634076857910657	0.09362450178768537	0.09823194131973954	0.09511152868659854
UP000002173	0.01766243006065104	0.031376576345362506	0.031376576345362506	0.031376576345362506	0.05158150101721212	0.04040984934369924	0.031376576345362506	0.04040984934369924	0.04040984934369924	0.031376576345362506	0.04040984934369924	0.06315726862674743	0.048725227099113894	0.048725227099113894	0.048725227099113894	0.06275315269072501	0.06275315269072501	0.10316300203442424	0.0801018034444764	0.0941297290360875
UP000002195	0.018711754102511257	0.025883187733845483	0.025883187733845483	0.025883187733845483	0.05965048372810166	0.06753459198851235	0.025883187733845483	0.06753459198851235	0.06753459198851235	0.025883187733845483	0.06753459198851235	0.11635742987451345	0.01983988908615739	0.01983988908615739	0.01983988908615739	0.051766375467690966	0.051766375467690966	0.11930096745620332	0.045723076820002866	0.07764956320153645
UP000002226	0.013627077492615682	0.031136826741811032	0.031136826741811032	0.031136826741811032	0.04325304682144199	0.024232440159261893	0.031136826741811032	0.024232440159261893	0.024232440159261893	0.031136826741811032	0.024232440159261893	0.03483780282590811	0.08001686773413982	0.08001686773413982	0.08001686773413982	0.062273653483622064	0.062273653483622064	0.08650609364288397	0.11115369447595086	0.0934104802254331
