Proteome_ID	M	W	C	D	E	F	H	K	N	Q	Y	I	A	G	P	T	V	L	R	S
UP000000231	0.01716247683691922	0.022621308794245985	0.03120254721270559	0.03120254721270559	0.03120254721270559	0.038141759938361025	0.03120254721270559	0.038141759938361025	0.038141759938361025	0.06934430715106663	0.038141759938361025	0.059121043039802826	0.05105160087707047	0.05105160087707047	0.05105160087707047	0.06240509442541118	0.06240509442541118	0.1005468543637722	0.08225414808977607	0.09360764163811679
UP000000233	0.01049482191231922	0.023764581896659163	0.02901199285281877	0.02901199285281877	0.02901199285281877	0.01644288424458412	0.02901199285281877	0.01644288424458412	0.01644288424458412	0.04545487709740289	0.01644288424458412	0.022390946576849022	0.10237811283859659	0.10237811283859659	0.10237811283859659	0.05802398570563754	0.05802398570563754	0.07446686995022167	0.13139010569141535	0.08703597855845634
UP000000235	0.00813487706265124	0.022561288625849503	0.026628727157175125	0.026628727157175125	0.026628727157175125	0.011713159815361796	0.026628727157175125	0.011713159815361796	0.011713159815361796	0.038341886972536925	0.011713159815361796	0.01529144256807235	0.12107563137340728	0.12107563137340728	0.12107563137340728	0.05325745431435025	0.05325745431435025	0.06497061412971204	0.14770435853058242	0.07988618147152537
UP000000238	0.014614764781730996	0.02402871631648388	0.03133609870734938	0.03133609870734938	0.03133609870734938	0.027388347952514165	0.03133609870734938	0.027388347952514165	0.027388347952514165	0.058724446659863545	0.027388347952514165	0.040161931123297336	0.07170575486329056	0.07170575486329056	0.07170575486329056	0.06267219741469876	0.06267219741469876	0.09006054536721293	0.10304185357063994	0.09400829612204814
UP000000239	0.010384069829700176	0.023725475485186054	0.028917510400036144	0.028917510400036144	0.028917510400036144	0.016202142616502477	0.028917510400036144	0.016202142616502477	0.016202142616502477	0.04511965301653862	0.016202142616502477	0.02202021540330478	0.10322368189556302	0.10322368189556302	0.10322368189556302	0.05783502080007229	0.05783502080007229	0.07403716341657475	0.13214119229559917	0.08675253120010842
UP000000245	0.008974285375599356	0.023081051914471712	0.027568194602271393	0.027568194602271393	0.027568194602271393	0.013305692882266594	0.027568194602271393	0.013305692882266594	0.013305692882266594	0.040873887484537984	0.013305692882266594	0.017637100388933836	0.1142376214983312	0.1142376214983312	0.1142376214983312	0.055136389204542786	0.055136389204542786	0.06844208208680938	0.14180581610060258	0.08270458380681417
UP000000247	0.018681281626121076	0.018309803911903403	0.027650444724963943	0.027650444724963943	0.027650444724963943	0.05759129801766968	0.027650444724963943	0.05759129801766968	0.05759129801766968	0.08524174274263362	0.05759129801766968	0.09650131440921829	0.026550785268069983	0.026550785268069983	0.026550785268069983	0.055300889449927886	0.055300889449927886	0.11289218746759755	0.05420122999303393	0.08295133417489184
UP000000248	0.017306084746487156	0.02247162356501629	0.03112466593825987	0.03112466593825987	0.03112466593825987	0.0389798416319561	0.03112466593825987	0.0389798416319561	0.0389798416319561	0.07010450757021595	0.0389798416319561	0.06065359851742503	0.04970491357635925	0.04970491357635925	0.04970491357635925	0.06224933187651974	0.06224933187651974	0.10122917350847584	0.08082957951461911	0.0933739978147796
UP000000260	0.013509379393204615	0.024198162703728807	0.03095285240033112	0.03095285240033112	0.03095285240033112	0.02397193644907187	0.03095285240033112	0.02397193644907187	0.02397193644907187	0.05492478884940299	0.02397193644907187	0.03443449350493912	0.07993338992468237	0.07993338992468237	0.07993338992468237	0.06190570480066224	0.06190570480066224	0.08587764124973411	0.1108862423250135	0.09285855720099337
UP000000263	0.011921147944512973	0.024122722630712346	0.030083296602968834	0.030083296602968834	0.030083296602968834	0.01974587017245273	0.030083296602968834	0.01974587017245273	0.01974587017245273	0.04982916677542157	0.01974587017245273	0.027570592400392495	0.09166521673628332	0.09166521673628332	0.09166521673628332	0.06016659320593767	0.06016659320593767	0.07991246337839038	0.12174851333925216	0.09024988980890648
UP000000268	0.01665412902165482	0.023065862305855542	0.03139292681668295	0.03139292681668295	0.03139292681668295	0.03547248974056555	0.03139292681668295	0.03547248974056555	0.03547248974056555	0.0668654165572485	0.03547248974056555	0.05429085045947628	0.05556507937984391	0.05556507937984391	0.05556507937984391	0.0627858536333659	0.0627858536333659	0.09825834337393147	0.08695800619652687	0.09417878045004885
UP000000269	0.018564393801061032	0.019974188924209095	0.02925638582473961	0.02925638582473961	0.02925638582473961	0.050797556380834545	0.02925638582473961	0.050797556380834545	0.050797556380834545	0.08005394220557416	0.050797556380834545	0.08303071896060805	0.03369989316450512	0.03369989316450512	0.03369989316450512	0.05851277164947922	0.05851277164947922	0.10931032803031376	0.06295627898924472	0.08776915747421882
UP000000270	0.008986499412184674	0.02308783736937243	0.027581087075464764	0.027581087075464764	0.027581087075464764	0.013329546601376816	0.027581087075464764	0.013329546601376816	0.013329546601376816	0.04091063367684158	0.013329546601376816	0.017672593790568958	0.11413987092191039	0.11413987092191039	0.11413987092191039	0.05516217415092953	0.05516217415092953	0.06849172075230635	0.14172095799737516	0.08274326122639428
UP000000272	0.01660950972865942	0.023099553563613307	0.03140430842794302	0.03140430842794302	0.03140430842794302	0.03525632061360851	0.03140430842794302	0.03525632061360851	0.03525632061360851	0.06666062904155153	0.03525632061360851	0.0539031314985576	0.05594631377709333	0.05594631377709333	0.05594631377709333	0.06280861685588604	0.06280861685588604	0.09806493746949455	0.08735062220503635	0.09421292528382905
UP000000276	0.014871650017740436	0.02395938526735799	0.03139521027622821	0.03139521027622821	0.03139521027622821	0.028256536252324847	0.03139521027622821	0.028256536252324847	0.028256536252324847	0.05965174652855306	0.028256536252324847	0.04164142248690927	0.06976504264265503	0.06976504264265503	0.06976504264265503	0.06279042055245641	0.06279042055245641	0.09104695680478127	0.10116025291888323	0.09418563082868461
UP000000321	0.00924606439001092	0.023226937358968237	0.027849969553973696	0.027849969553973696	0.027849969553973696	0.013841320383350869	0.027849969553973696	0.013841320383350869	0.013841320383350869	0.041691289937324565	0.013841320383350869	0.018436576376690817	0.11207323906615482	0.11207323906615482	0.11207323906615482	0.05569993910794739	0.05569993910794739	0.06954125949129826	0.13992320862012853	0.0835499086619211
UP000000323	0.014507992851198002	0.024053993183318162	0.03130798960891717	0.03130798960891717	0.03130798960891717	0.027036677207860238	0.03130798960891717	0.027036677207860238	0.027036677207860238	0.0583446668167774	0.027036677207860238	0.03956536156452247	0.07250818625501061	0.07250818625501061	0.07250818625501061	0.06261597921783434	0.06261597921783434	0.08965265642569456	0.10381617586392777	0.0939239688267515
UP000000328	0.007254439671305267	0.021895614450803378	0.02552283428645601	0.02552283428645601	0.02552283428645601	0.010135201558338407	0.02552283428645601	0.010135201558338407	0.010135201558338407	0.03565803584479442	0.010135201558338407	0.013015963445371545	0.12854506469641228	0.12854506469641228	0.12854506469641228	0.05104566857291202	0.05104566857291202	0.06118087013125043	0.1540678989828683	0.07656850285936803
UP000000329	0.010557122925169698	0.023785859770037766	0.029064421232622612	0.029064421232622612	0.029064421232622612	0.016579225265858796	0.029064421232622612	0.016579225265858796	0.016579225265858796	0.04564364649848141	0.016579225265858796	0.022601327606547896	0.10190350490343819	0.10190350490343819	0.10190350490343819	0.058128842465245224	0.058128842465245224	0.07470806773110403	0.1309679261360608	0.08719326369786783
UP000000333	0.010111902105509609	0.023622373987338203	0.02867832504009301	0.02867832504009301	0.02867832504009301	0.0156191861177115	0.02867832504009301	0.0156191861177115	0.0156191861177115	0.0442975111578045	0.0156191861177115	0.021126470129913394	0.10531231536739369	0.10531231536739369	0.10531231536739369	0.05735665008018602	0.05735665008018602	0.0729758361978975	0.13399064040748668	0.08603497512027902
UP000000343	0.012009186097300194	0.024135983247414693	0.03014057629606479	0.03014057629606479	0.03014057629606479	0.01996337764789706	0.03014057629606479	0.01996337764789706	0.01996337764789706	0.05010395394396185	0.01996337764789706	0.027917569198493933	0.09101208778210927	0.09101208778210927	0.09101208778210927	0.06028115259212958	0.06028115259212958	0.08024453024002665	0.12115266407817406	0.09042172888819437
UP000000361	0.00928695320821418	0.02324796864474171	0.0278914452488488	0.0278914452488488	0.0278914452488488	0.013922795976895204	0.0278914452488488	0.013922795976895204	0.013922795976895204	0.041814241225744	0.013922795976895204	0.018558638745576228	0.1117494962018412	0.1117494962018412	0.1117494962018412	0.0557828904976976	0.0557828904976976	0.0697056864745928	0.13964094145068998	0.0836743357465464
UP000000366	0.00843792522493842	0.022761302600111655	0.02698026521258087	0.02698026521258087	0.02698026521258087	0.012277709316326152	0.02698026521258087	0.012277709316326152	0.012277709316326152	0.039257974528907016	0.012277709316326152	0.016117493407713884	0.11857826117014154	0.11857826117014154	0.11857826117014154	0.05396053042516174	0.05396053042516174	0.06623823974148788	0.1455585263827224	0.0809407956377426
UP000000370	0.01860624333039725	0.019749527695993505	0.02905264936119213	0.02905264936119213	0.02905264936119213	0.051746089689940836	0.02905264936119213	0.051746089689940836	0.051746089689940836	0.08079873905113297	0.051746089689940836	0.08488593604948441	0.03262300359164946	0.03262300359164946	0.03262300359164946	0.05810529872238426	0.05810529872238426	0.10985138841232511	0.061675652952841595	0.0871579480835764
UP000000374	0.009949561049473794	0.02355610549788745	0.02853088602262435	0.02853088602262435	0.02853088602262435	0.015277155568177334	0.02853088602262435	0.015277155568177334	0.015277155568177334	0.04380804159080168	0.015277155568177334	0.020604750086880872	0.10656583990433217	0.10656583990433217	0.10656583990433217	0.0570617720452487	0.0570617720452487	0.07233892761342603	0.13509672592695654	0.08559265806787304
UP000000376	0.014622020346894082	0.024026924612004185	0.03133793478545122	0.03133793478545122	0.03133793478545122	0.02741243512263753	0.03133793478545122	0.02741243512263753	0.02741243512263753	0.05875036990808876	0.02741243512263753	0.04020284989838098	0.07165114315628177	0.07165114315628177	0.07165114315628177	0.06267586957090245	0.06267586957090245	0.09008830469353998	0.10298907794173298	0.09401380435635368
UP000000377	0.0076578054948318736	0.02221671930383705	0.026045622051252985	0.026045622051252985	0.026045622051252985	0.010846981589597685	0.026045622051252985	0.010846981589597685	0.010846981589597685	0.03689260364085067	0.010846981589597685	0.014036157684363497	0.12508077430264666	0.12508077430264666	0.12508077430264666	0.05209124410250597	0.05209124410250597	0.06293822569210367	0.15112639635389966	0.07813686615375896
UP000000379	0.008598000459323539	0.022861242636651978	0.027160242866313744	0.027160242866313744	0.027160242866313744	0.012580580272562522	0.027160242866313744	0.012580580272562522	0.012580580272562522	0.03974082313887627	0.012580580272562522	0.01656316008580151	0.1172726180470354	0.1172726180470354	0.1172726180470354	0.05432048573262749	0.05432048573262749	0.06690106600519002	0.14443286091334914	0.08148072859894123
UP000000417	0.00835797454209273	0.022709920221648645	0.026888907492695006	0.026888907492695006	0.026888907492695006	0.012127657300779731	0.026888907492695006	0.012127657300779731	0.012127657300779731	0.03901656479347474	0.012127657300779731	0.01589734005946673	0.11923380224542206	0.11923380224542206	0.11923380224542206	0.05377781498539001	0.05377781498539001	0.06590547228616975	0.14612270973811708	0.08066672247808503
UP000000422	0.01614802719119743	0.023407194027845687	0.031481207623444404	0.031481207623444404	0.031481207623444404	0.033154204306237035	0.031481207623444404	0.033154204306237035	0.033154204306237035	0.06463541192968145	0.033154204306237035	0.05016038142127664	0.05978526429264796	0.05978526429264796	0.05978526429264796	0.06296241524688881	0.06296241524688881	0.09611661955312585	0.09126647191609236	0.09444362287033321
UP000000423	0.017924410619811437	0.015209505413962756	0.024171710723868478	0.024171710723868478	0.024171710723868478	0.06935214591605	0.024171710723868478	0.06935214591605	0.06935214591605	0.09352385663991847	0.06935214591605	0.12077988121228858	0.016849416599902543	0.016849416599902543	0.016849416599902543	0.048343421447736956	0.048343421447736956	0.11769556736378695	0.041021127323771014	0.07251513217160543
UP000000425	0.015287817195482157	0.023819873270249523	0.031463781867990606	0.031463781867990606	0.031463781867990606	0.029736250988101023	0.031463781867990606	0.029736250988101023	0.029736250988101023	0.06120003285609163	0.029736250988101023	0.044184684780719886	0.06658334770127082	0.06658334770127082	0.06658334770127082	0.06292756373598121	0.06292756373598121	0.09266381472408222	0.09804712956926141	0.0943913456039718
UP000000428	0.007621589361134819	0.022189028874919862	0.02599982355548727	0.02599982355548727	0.02599982355548727	0.0107823187204121	0.02599982355548727	0.0107823187204121	0.0107823187204121	0.03678214227589937	0.0107823187204121	0.013943048079689381	0.12538876700736856	0.12538876700736856	0.12538876700736856	0.05199964711097454	0.05199964711097454	0.06278196583138665	0.15138859056285583	0.0779994706664618
UP000000429	0.01828738758204695	0.020903982650102775	0.030047676441126252	0.030047676441126252	0.030047676441126252	0.04672449049536663	0.030047676441126252	0.04672449049536663	0.04672449049536663	0.07677216693649289	0.04672449049536663	0.0751615934086863	0.038646236692517585	0.038646236692517585	0.038646236692517585	0.060095352882252505	0.060095352882252505	0.10681984337761914	0.06869391313364383	0.09014302932337877
UP000000430	0.018026805721136983	0.021461716817418968	0.030475119677987463	0.030475119677987463	0.030475119677987463	0.04413200564090476	0.030475119677987463	0.04413200564090476	0.04413200564090476	0.07460712531889223	0.04413200564090476	0.07023720556067255	0.04208886072138272	0.04208886072138272	0.04208886072138272	0.060950239355974926	0.060950239355974926	0.10508224499687968	0.07256398039937019	0.0914253590339624
UP000000431	0.01790525465389951	0.02167373151459916	0.030626358841548917	0.030626358841548917	0.030626358841548917	0.04310732355388152	0.030626358841548917	0.04310732355388152	0.04310732355388152	0.07373368239543043	0.04310732355388152	0.06830939245386355	0.043518074357778734	0.043518074357778734	0.043518074357778734	0.06125271768309783	0.06125271768309783	0.10436004123697937	0.07414443319932766	0.09187907652464675
UP000000432	0.017162315348491268	0.02262147028620757	0.031202627960453207	0.031202627960453207	0.031202627960453207	0.038140841700540946	0.031202627960453207	0.038140841700540946	0.038140841700540946	0.06934346966099417	0.038140841700540946	0.059119368052590625	0.0510530941756667	0.0510530941756667	0.0510530941756667	0.06240525592090641	0.06240525592090641	0.10054609762144737	0.0822557221361199	0.09360788388135961
UP000000439	0.011982168597070863	0.024132024058515195	0.030123108357050624	0.030123108357050624	0.030123108357050624	0.01989644239921215	0.030123108357050624	0.01989644239921215	0.01989644239921215	0.05001955075626278	0.01989644239921215	0.02781071620135344	0.09121245284800704	0.09121245284800704	0.09121245284800704	0.06024621671410125	0.06024621671410125	0.0801426591133134	0.12133556120505766	0.09036932507115186
UP000000440	0.014340608947131767	0.024089590966254414	0.031259895439820294	0.031259895439820294	0.031259895439820294	0.026495557979020687	0.031259895439820294	0.026495557979020687	0.026495557979020687	0.057755453418840974	0.026495557979020687	0.0386505070109096	0.07376187840106892	0.07376187840106892	0.07376187840106892	0.06251979087964059	0.06251979087964059	0.08901534885866126	0.10502177384088922	0.09377968631946089
UP000000442	0.016104998266693333	0.023432435249951016	0.031484934383297684	0.031484934383297684	0.031484934383297684	0.032969240562873973	0.031484934383297684	0.032969240562873973	0.032969240562873973	0.06445417494617166	0.032969240562873973	0.049833482859054624	0.06013490612439801	0.06013490612439801	0.06013490612439801	0.06296986876659537	0.06296986876659537	0.09593910932946934	0.0916198405076957	0.09445480314989305
UP000000449	0.018558764821960096	0.020001141004786328	0.02928052341576638	0.02928052341576638	0.02928052341576638	0.050682949367188694	0.02928052341576638	0.050682949367188694	0.050682949367188694	0.07996347278295507	0.050682949367188694	0.0828071339124173	0.03383185320530208	0.03383185320530208	0.03383185320530208	0.05856104683153276	0.05856104683153276	0.10924399619872147	0.06311237662106846	0.08784157024729913
UP000000467	0.014345380530779188	0.024088643081963183	0.03126133334735278	0.03126133334735278	0.03126133334735278	0.02651081660194354	0.03126133334735278	0.02651081660194354	0.02651081660194354	0.05777214994929632	0.02651081660194354	0.03867625267310789	0.0737262059730492	0.0737262059730492	0.0737262059730492	0.06252266669470556	0.06252266669470556	0.08903348329664909	0.10498753932040199	0.09378400004205834
UP000000492	0.013107740592011315	0.024212673780916242	0.0307665440769219	0.0307665440769219	0.0307665440769219	0.02283732751302071	0.0307665440769219	0.02283732751302071	0.02283732751302071	0.05360387158994261	0.02283732751302071	0.03256691443403011	0.08289763624027241	0.08289763624027241	0.08289763624027241	0.0615330881538438	0.0615330881538438	0.08437041566686451	0.11366418031719432	0.0922996322307657
UP000000504	0.017232172476321972	0.02255021157080622	0.031166297808967205	0.031166297808967205	0.031166297808967205	0.038543001908723555	0.031166297808967205	0.038543001908723555	0.038543001908723555	0.06970929971769076	0.038543001908723555	0.05985383134112513	0.050402826506224366	0.050402826506224366	0.050402826506224366	0.06233259561793441	0.06233259561793441	0.10087559752665796	0.08156912431519156	0.09349889342690161
UP000000528	0.018159790713360668	0.015818309736234135	0.024898205092914467	0.024898205092914467	0.024898205092914467	0.06709979056758415	0.024898205092914467	0.06709979056758415	0.06709979056758415	0.09199799566049861	0.06709979056758415	0.11603979042180762	0.01847757233234391	0.01847757233234391	0.01847757233234391	0.049796410185828935	0.049796410185828935	0.11689620075341307	0.04337577742525838	0.07469461527874341
UP000000529	0.018617275852349114	0.019680815098120915	0.028989453024295474	0.028989453024295474	0.028989453024295474	0.052033882068825914	0.028989453024295474	0.052033882068825914	0.052033882068825914	0.08102333509312137	0.052033882068825914	0.08545048828530272	0.03230158324670994	0.03230158324670994	0.03230158324670994	0.05797890604859095	0.05797890604859095	0.11001278811741687	0.06129103627100541	0.08696835907288641
UP000000531	0.01867158270223668	0.018157865910695042	0.027493657261813385	0.027493657261813385	0.027493657261813385	0.058189271909251467	0.027493657261813385	0.058189271909251467	0.058189271909251467	0.08568292917106486	0.058189271909251467	0.09770696111626626	0.02598077497202311	0.02598077497202311	0.02598077497202311	0.05498731452362677	0.05498731452362677	0.11317658643287824	0.053474432233836494	0.08248097178544014
UP000000532	0.008180991018960948	0.022592650568736897	0.02668314607821737	0.02668314607821737	0.02668314607821737	0.011798332557715164	0.02668314607821737	0.011798332557715164	0.011798332557715164	0.038481478635932535	0.011798332557715164	0.015415674096469378	0.12069337444907034	0.12069337444907034	0.12069337444907034	0.05336629215643474	0.05336629215643474	0.06516462471414991	0.1473765205272877	0.08004943823465212
UP000000534	0.018672821115512807	0.019195583464410963	0.028531994022167367	0.028531994022167367	0.028531994022167367	0.05403828754085557	0.028531994022167367	0.05403828754085557	0.05403828754085557	0.08257028156302294	0.05403828754085557	0.08940375396619833	0.030129551469058467	0.030129551469058467	0.030129551469058467	0.05706398804433473	0.05706398804433473	0.1111022755851903	0.058661545491225826	0.0855959820665021
UP000000535	0.014921933863956224	0.023944360746745455	0.03140532767872357	0.03140532767872357	0.03140532767872357	0.028430323746675673	0.03140532767872357	0.028430323746675673	0.028430323746675673	0.05983565142539924	0.028430323746675673	0.04193871362939512	0.06938328352474894	0.06938328352474894	0.06938328352474894	0.06281065535744713	0.06281065535744713	0.09124097910412281	0.10078861120347252	0.0942159830361707
UP000000537	0.018358684207294848	0.020714205278782975	0.0298935473824304	0.0298935473824304	0.0298935473824304	0.047578041273419434	0.0298935473824304	0.047578041273419434	0.047578041273419434	0.07747158865584985	0.047578041273419434	0.07679739833954403	0.03756456344935137	0.03756456344935137	0.03756456344935137	0.0597870947648608	0.0597870947648608	0.10736513603828024	0.06745811083178177	0.0896806421472912
UP000000545	0.011350256086394183	0.024011706886741552	0.029686834929938642	0.029686834929938642	0.029686834929938642	0.018376011235484237	0.029686834929938642	0.018376011235484237	0.018376011235484237	0.048062846165422876	0.018376011235484237	0.02540176638457429	0.09591941982007623	0.09591941982007623	0.09591941982007623	0.059373669859877284	0.059373669859877284	0.07774968109536151	0.12560625475001486	0.08906050478981592
UP000000546	0.017376557555771045	0.022393420361927683	0.03108169913981321	0.03108169913981321	0.03108169913981321	0.0394080521330032	0.03108169913981321	0.0394080521330032	0.0394080521330032	0.07048975127281641	0.0394080521330032	0.061439546710235354	0.04902916886921216	0.04902916886921216	0.04902916886921216	0.06216339827962642	0.06216339827962642	0.10157145041262962	0.08011086800902537	0.09324509741943963
UP000000549	0.01841576794760982	0.016650254623221134	0.025858138597026042	0.025858138597026042	0.025858138597026042	0.06398464983698673	0.025858138597026042	0.06398464983698673	0.06398464983698673	0.08984278843401278	0.06398464983698673	0.10955353172636365	0.020900116931373582	0.020900116931373582	0.020900116931373582	0.051716277194052085	0.051716277194052085	0.11570092703103883	0.04675825552839963	0.07757441579107814
UP000000555	0.018487057841590826	0.020300666078253836	0.02954419499904925	0.02954419499904925	0.02954419499904925	0.04939662356112143	0.02954419499904925	0.04939662356112143	0.04939662356112143	0.07894081856017067	0.04939662356112143	0.08030618928065203	0.035340855111759	0.035340855111759	0.035340855111759	0.0590883899980985	0.0590883899980985	0.10848501355921993	0.06488505011080824	0.08863258499714774
UP000000556	0.011410835565358879	0.024025535809492925	0.029730953592172368	0.029730953592172368	0.029730953592172368	0.01851816795858291	0.029730953592172368	0.01851816795858291	0.01851816795858291	0.048249121550755274	0.01851816795858291	0.025625500351806947	0.09546620415981462	0.09546620415981462	0.09546620415981462	0.059461907184344735	0.059461907184344735	0.07798007514292764	0.12519715775198698	0.08919286077651709
UP000000557	0.01120882268863529	0.02397753230065844	0.029581943644976086	0.029581943644976086	0.029581943644976086	0.018046948141780258	0.029581943644976086	0.018046948141780258	0.018046948141780258	0.04762889178675634	0.018046948141780258	0.024885073594925228	0.09697943197261459	0.09697943197261459	0.09697943197261459	0.05916388728995217	0.05916388728995217	0.07721083543173243	0.12656137561759065	0.08874583093492824
UP000000558	0.01552784794847705	0.023722797190691876	0.031486721164930405	0.031486721164930405	0.031486721164930405	0.030636311976027442	0.031486721164930405	0.030636311976027442	0.030636311976027442	0.062123033140957844	0.030636311976027442	0.04574477600357783	0.06472147238178315	0.06472147238178315	0.06472147238178315	0.06297344232986081	0.06297344232986081	0.09360975430588825	0.09620819354671355	0.09446016349479121
UP000000562	0.017340513829422893	0.013997580501602061	0.022667837416313508	0.022667837416313508	0.022667837416313508	0.07378413227384172	0.022667837416313508	0.07378413227384172	0.07378413227384172	0.09645196969015521	0.07378413227384172	0.13022775071826054	0.013927950015740398	0.013927950015740398	0.013927950015740398	0.045335674832627015	0.045335674832627015	0.11911980710646873	0.036595787432053904	0.06800351224894052
UP000000566	0.01705823401561533	0.022722586914500093	0.031251703922307764	0.031251703922307764	0.031251703922307764	0.03755944687226098	0.031251703922307764	0.03755944687226098	0.03755944687226098	0.06881115079456875	0.03755944687226098	0.05806065972890664	0.052006569818198886	0.052006569818198886	0.052006569818198886	0.06250340784461553	0.06250340784461553	0.10006285471687651	0.08325827374050665	0.09375511176692329
UP000000577	0.011758945240580345	0.024095582117588926	0.029975054737879096	0.029975054737879096	0.029975054737879096	0.019349632658849956	0.029975054737879096	0.019349632658849956	0.019349632658849956	0.049324687396729044	0.019349632658849956	0.02694032007711956	0.09287038388585622	0.09287038388585622	0.09287038388585622	0.05995010947575819	0.05995010947575819	0.07929974213460815	0.12284543862373531	0.08992516421363729
UP000000579	0.018390999990147292	0.02062027701248867	0.029815777007562317	0.029815777007562317	0.029815777007562317	0.04799585618314156	0.029815777007562317	0.04799585618314156	0.04799585618314156	0.07781163319070387	0.04799585618314156	0.07760071237613583	0.03704405460223602	0.03704405460223602	0.03704405460223602	0.059631554015124634	0.059631554015124634	0.10762741019826619	0.06685983160979833	0.08944733102268694
UP000000580	0.008150100138909398	0.022571678950328453	0.026646729019783152	0.026646729019783152	0.026646729019783152	0.011741248163884707	0.026646729019783152	0.011741248163884707	0.011741248163884707	0.038387977183667855	0.011741248163884707	0.015332396188860013	0.12094935011046169	0.12094935011046169	0.12094935011046169	0.053293458039566304	0.053293458039566304	0.065034706203451	0.14759607913024483	0.07994018705934945
UP000000582	0.014343102131372309	0.02408909617494507	0.031260647240631226	0.031260647240631226	0.031260647240631226	0.026503529511488145	0.031260647240631226	0.026503529511488145	0.026503529511488145	0.05776417675211937	0.026503529511488145	0.03866395689160398	0.07374323978092034	0.07374323978092034	0.07374323978092034	0.06252129448126245	0.06252129448126245	0.0890248239927506	0.10500388702155158	0.09378194172189368
UP000000584	0.016623119741305734	0.023089357432886475	0.03140091730353934	0.03140091730353934	0.03140091730353934	0.03532198936447457	0.03140091730353934	0.03532198936447457	0.03532198936447457	0.0667229066680139	0.03532198936447457	0.05402085898764341	0.0558302420245567	0.0558302420245567	0.0558302420245567	0.06280183460707868	0.06280183460707868	0.09812382397155324	0.08723115932809605	0.09420275191061803
UP000000585	0.018246214814243863	0.021004554331668313	0.030127661738790244	0.030127661738790244	0.030127661738790244	0.04626673766485138	0.030127661738790244	0.04626673766485138	0.04626673766485138	0.07639439940364162	0.04626673766485138	0.07428726051545889	0.03923665456691677	0.03923665456691677	0.03923665456691677	0.06025532347758049	0.06025532347758049	0.10652206114243187	0.06936431630570701	0.09038298521637074
UP000000586	0.018182596231908155	0.021149382964309797	0.030240681080263874	0.030240681080263874	0.030240681080263874	0.04560044988697538	0.030240681080263874	0.04560044988697538	0.04560044988697538	0.07584113096723925	0.04560044988697538	0.07301830354204263	0.040109200433982244	0.040109200433982244	0.040109200433982244	0.06048136216052775	0.06048136216052775	0.10608181204750314	0.07034988151424611	0.09072204324079162
UP000000588	0.016116959105931285	0.023425473191211247	0.03148395274417689	0.03148395274417689	0.03148395274417689	0.03302048473606988	0.03148395274417689	0.03302048473606988	0.03302048473606988	0.06450443748024677	0.03302048473606988	0.04992401036620848	0.060037839439394086	0.060037839439394086	0.060037839439394086	0.06296790548835378	0.06296790548835378	0.09598839022442367	0.09152179218357098	0.09445185823253066
UP000000593	0.017790731192411563	0.0218540784810827	0.030749444077288485	0.030749444077288485	0.030749444077288485	0.04221523377785116	0.030749444077288485	0.04221523377785116	0.04221523377785116	0.07296467785513963	0.04221523377785116	0.06663973636329075	0.04479559753419521	0.04479559753419521	0.04479559753419521	0.06149888815457697	0.06149888815457697	0.10371412193242813	0.0755450416114837	0.09224833223186546
UP000000594	0.01864106874563612	0.019511268986433287	0.028831803359251347	0.028831803359251347	0.028831803359251347	0.0527396354490877	0.028831803359251347	0.0527396354490877	0.0527396354490877	0.08157143880833904	0.0527396354490877	0.08683820215253926	0.031523649258023714	0.031523649258023714	0.031523649258023714	0.057663606718502694	0.057663606718502694	0.1104032421675904	0.06035545261727506	0.08649541007775405
UP000000601	0.01813472353271963	0.01574822126105236	0.02481558302741218	0.02481558302741218	0.02481558302741218	0.06736015595940618	0.02481558302741218	0.06736015595940618	0.06736015595940618	0.09217573898681837	0.06736015595940618	0.11658558838609274	0.018284196413128846	0.018284196413128846	0.018284196413128846	0.04963116605482436	0.04963116605482436	0.11699132201423054	0.043099779440541025	0.07444674908223653
UP000000602	0.01675030947714794	0.022990583857105437	0.031365738595679406	0.031365738595679406	0.031365738595679406	0.03594734196280264	0.031365738595679406	0.03594734196280264	0.03594734196280264	0.06731308055848205	0.03594734196280264	0.05514437444845734	0.05473615037632062	0.05473615037632062	0.05473615037632062	0.06273147719135881	0.06273147719135881	0.09867881915416145	0.08610188897200001	0.09409721578703822
UP000000605	0.008850595276331386	0.02301110771696774	0.027436405355133434	0.027436405355133434	0.027436405355133434	0.013065264231480229	0.027436405355133434	0.013065264231480229	0.013065264231480229	0.040501669586613664	0.013065264231480229	0.017279933186629074	0.11523017452604724	0.11523017452604724	0.11523017452604724	0.05487281071026687	0.05487281071026687	0.0679380749417471	0.14266657988118067	0.08230921606540031
UP000000606	0.016871825834510457	0.022889987717515603	0.03132590063477083	0.03132590063477083	0.03132590063477083	0.036565822920019295	0.03132590063477083	0.036565822920019295	0.036565822920019295	0.06789172355479012	0.036565822920019295	0.056259820005528136	0.053673729850191906	0.053673729850191906	0.053673729850191906	0.06265180126954166	0.06265180126954166	0.09921762418956095	0.08499963048496274	0.0939777019043125
UP000000609	0.01834965520572207	0.020739488092539362	0.029914315695400397	0.029914315695400397	0.029914315695400397	0.04746506645963677	0.029914315695400397	0.04746506645963677	0.04746506645963677	0.07737938215503716	0.04746506645963677	0.07658047771355148	0.037706311199840116	0.037706311199840116	0.037706311199840116	0.059828631390800795	0.059828631390800795	0.10729369785043757	0.06762062689524051	0.08974294708620119
UP000000625	0.015511972756298549	0.02372961765988849	0.03148560403803776	0.03148560403803776	0.03148560403803776	0.0305756295133706	0.03148560403803776	0.0305756295133706	0.0305756295133706	0.062061233551408364	0.0305756295133706	0.04563928627044265	0.06484532141564506	0.06484532141564506	0.06484532141564506	0.06297120807607552	0.06297120807607552	0.09354683758944611	0.09633092545368283	0.09445681211411329
UP000000628	0.012737354921753657	0.024205473725764818	0.030574151186641644	0.030574151186641644	0.030574151186641644	0.021833170560019058	0.030574151186641644	0.021833170560019058	0.021833170560019058	0.052407321746660705	0.021833170560019058	0.030928986198284464	0.08562922349861449	0.08562922349861449	0.08562922349861449	0.06114830237328329	0.06114830237328329	0.08298147293330235	0.11620337468525614	0.09172245355992495
UP000000636	0.01200905736026072	0.02413596461386335	0.03014049329399371	0.03014049329399371	0.03014049329399371	0.019963058312480943	0.03014049329399371	0.019963058312480943	0.019963058312480943	0.05010355160647466	0.019963058312480943	0.027917059264701168	0.09101304236909587	0.09101304236909587	0.09101304236909587	0.06028098658798742	0.06028098658798742	0.08024404490046835	0.12115353566308958	0.09042147988198113
UP000000639	0.018059102593122427	0.021401150632696313	0.03043070192925753	0.03043070192925753	0.03043070192925753	0.044420381972446785	0.03043070192925753	0.044420381972446785	0.044420381972446785	0.0748510839017043	0.044420381972446785	0.07078166135177114	0.04169381616221658	0.04169381616221658	0.04169381616221658	0.06086140385851506	0.06086140385851506	0.10528178583096184	0.07212451809147412	0.09129210578777258
UP000000640	0.007257826988018173	0.021898429121312343	0.02552734261532143	0.02552734261532143	0.02552734261532143	0.010141102804552802	0.02552734261532143	0.010141102804552802	0.010141102804552802	0.03566844541987423	0.010141102804552802	0.01302437862108743	0.12851565230311093	0.12851565230311093	0.12851565230311093	0.05105468523064286	0.05105468523064286	0.06119578803519566	0.15404299491843237	0.0765820278459643
UP000000643	0.01831083424738759	0.020843937968237816	0.02999935509193161	0.02999935509193161	0.02999935509193161	0.046995956624682034	0.02999935509193161	0.046995956624682034	0.046995956624682034	0.07699531171661364	0.046995956624682034	0.07568107900197649	0.038299520663832944	0.038299520663832944	0.038299520663832944	0.05999871018386322	0.05999871018386322	0.10699466680854527	0.06829887575576456	0.08999806527579485
UP000000644	0.011247654234309908	0.023987178479218146	0.0296110055963731	0.0296110055963731	0.0296110055963731	0.018136904637476827	0.0296110055963731	0.018136904637476827	0.018136904637476827	0.04774791023384992	0.018136904637476827	0.025026155040643743	0.0966881251188427	0.0966881251188427	0.0966881251188427	0.0592220111927462	0.0592220111927462	0.07735891583022302	0.1262991307152158	0.0888330167891193
UP000000647	0.00877879485304043	0.02296947387851732	0.027358871305037533	0.027358871305037533	0.027358871305037533	0.012926637800343557	0.027358871305037533	0.012926637800343557	0.012926637800343557	0.04028550910538109	0.012926637800343557	0.017074480747646687	0.11580858853579276	0.11580858853579276	0.11580858853579276	0.05471774261007507	0.05471774261007507	0.06764438041041862	0.1431674598408303	0.0820766139151126
UP000000657	0.007031296495654027	0.02170565004181404	0.02522129828964105	0.02522129828964105	0.02522129828964105	0.009749225332040368	0.02522129828964105	0.009749225332040368	0.009749225332040368	0.03497052362168142	0.009749225332040368	0.01246715416842671	0.1304952682393118	0.1304952682393118	0.1304952682393118	0.0504425965792821	0.0504425965792821	0.06019182191132246	0.15571656652895285	0.07566389486892316
UP000000669	0.016694735006047963	0.012916301909704166	0.021263669412728146	0.021263669412728146	0.021263669412728146	0.07769674381463552	0.021263669412728146	0.07769674381463552	0.07769674381463552	0.09896041322736367	0.07769674381463552	0.13869875262322306	0.011638676595572375	0.011638676595572375	0.011638676595572375	0.04252733882545629	0.04252733882545629	0.12022408264009181	0.032902346008300526	0.06379100823818445
UP000000684	0.017800855039065405	0.021838798200774442	0.030739225720307146	0.030739225720307146	0.030739225720307146	0.042291608003905426	0.030739225720307146	0.042291608003905426	0.042291608003905426	0.07303083372421257	0.042291608003905426	0.06678236096874543	0.04468498799084374	0.04468498799084374	0.04468498799084374	0.06147845144061429	0.06147845144061429	0.10377005944451971	0.07542421371115088	0.09221767716092143
UP000000686	0.010521585541947863	0.023773786046863556	0.029034578817837487	0.029034578817837487	0.029034578817837487	0.01650137285493205	0.029034578817837487	0.01650137285493205	0.01650137285493205	0.04553595167276954	0.01650137285493205	0.02248116016791623	0.10217413721152943	0.10217413721152943	0.10217413721152943	0.058069157635674974	0.058069157635674974	0.07457053049060702	0.1312087160293669	0.08710373645351246
UP000000718	0.01868846685803717	0.018898747372547993	0.028242980801566578	0.028242980801566578	0.028242980801566578	0.055242790350388336	0.028242980801566578	0.055242790350388336	0.055242790350388336	0.08348577115195491	0.055242790350388336	0.0917971138427395	0.02887855445021166	0.02887855445021166	0.02887855445021166	0.056485961603133156	0.056485961603133156	0.1117287519535215	0.05712153525177824	0.08472894240469975
UP000000719	0.018394693321346026	0.020609175145611936	0.02980652180628495	0.02980652180628495	0.02980652180628495	0.04804504627161498	0.02980652180628495	0.04804504627161498	0.04804504627161498	0.07785156807789993	0.04804504627161498	0.07769539922188393	0.03698315689679849	0.03698315689679849	0.03698315689679849	0.0596130436125699	0.0596130436125699	0.10765808988418489	0.06678967870308344	0.08941956541885485
UP000000723	0.018685204911634116	0.018987151657355244	0.0283297541131723	0.0283297541131723	0.0283297541131723	0.05488564054568871	0.0283297541131723	0.05488564054568871	0.05488564054568871	0.08321539465886102	0.05488564054568871	0.09108607617974332	0.02924535306988762	0.02924535306988762	0.02924535306988762	0.0566595082263446	0.0566595082263446	0.11154514877203332	0.057575107183059915	0.08498926233951691
UP000000738	0.006662816792727933	0.021371736046540794	0.02470314444290476	0.02470314444290476	0.02470314444290476	0.009123588485697833	0.02470314444290476	0.009123588485697833	0.009123588485697833	0.033826732928602596	0.009123588485697833	0.011584360178667732	0.1337730973560763	0.1337730973560763	0.1337730973560763	0.04940628888580952	0.04940628888580952	0.058529877371507354	0.15847624179898104	0.0741094333287143
UP000000739	0.014124690745263888	0.0241284729089055	0.031190818281537448	0.031190818281537448	0.031190818281537448	0.025814916792461607	0.031190818281537448	0.025814916792461607	0.025814916792461607	0.05700573507399905	0.025814916792461607	0.037505142839659326	0.07537247963208499	0.07537247963208499	0.07537247963208499	0.062381636563074896	0.062381636563074896	0.0881965533555365	0.10656329791362242	0.09357245484461234
UP000000742	0.017912189582207545	0.02166224837774284	0.030618343168846613	0.030618343168846613	0.030618343168846613	0.04316346121537315	0.030618343168846613	0.04316346121537315	0.04316346121537315	0.07378180438421976	0.04316346121537315	0.06841473284853875	0.0434387285916432	0.0434387285916432	0.0434387285916432	0.061236686337693226	0.061236686337693226	0.10440014755306636	0.07405707176048981	0.09185502950653983
UP000000746	0.015513292300657502	0.02372905295563302	0.03148569910596177	0.03148569910596177	0.03148569910596177	0.03058066698871753	0.03148569910596177	0.03058066698871753	0.03058066698871753	0.062066366094679304	0.03058066698871753	0.045648041676777565	0.06483503113630003	0.06483503113630003	0.06483503113630003	0.06297139821192355	0.06297139821192355	0.09355206520064108	0.09632073024226182	0.09445709731788532
UP000000747	0.015473290674840915	0.02374599464849814	0.031482639985918597	0.031482639985918597	0.031482639985918597	0.03042847215385644	0.031482639985918597	0.03042847215385644	0.03042847215385644	0.061911112139775036	0.03042847215385644	0.04538365363287195	0.06514665708296784	0.06514665708296784	0.06514665708296784	0.06296527997183719	0.06296527997183719	0.09339375212569363	0.09662929706888644	0.0944479199577558
