Proteome_ID	M	W	C	D	E	F	H	K	N	Q	Y	I	A	G	P	T	V	L	R	S
UP000001015	0.05920362302750869	0.029332169174778103	0.029332169174778103	0.029332169174778103	0.029332169174778103	0.05920362302750869	0.029332169174778103	0.019614334984826846	0.09879291107019054	0.029332169174778103	0.05920362302750869	0.05920362302750869	0.02906498300274741	0.02906498300274741	0.02906498300274741	0.05866433834955621	0.05866433834955621	0.1178679613770649	0.02906498300274741	0.11732867669911241
UP000007478	0.05035879742462712	0.030954490160091896	0.030954490160091896	0.030954490160091896	0.030954490160091896	0.05035879742462712	0.030954490160091896	0.019170678565056914	0.08154691628419734	0.030954490160091896	0.05035879742462712	0.05035879742462712	0.03805414386653498	0.03805414386653498	0.03805414386653498	0.06190898032018379	0.06190898032018379	0.11226777774481092	0.03805414386653498	0.12381796064036758
UP000000674	0.025339009236062544	0.03164900992709995	0.03164900992709995	0.03164900992709995	0.03164900992709995	0.025339009236062544	0.03164900992709995	0.014072336021347633	0.03660568245077745	0.03164900992709995	0.025339009236062544	0.025339009236062544	0.07906069412849076	0.07906069412849076	0.07906069412849076	0.0632980198541999	0.0632980198541999	0.08863702909026244	0.07906069412849076	0.1265960397083998
UP000001931	0.06291457239703523	0.028513552253518152	0.028513552253518152	0.028513552253518152	0.028513552253518152	0.06291457239703523	0.028513552253518152	0.01962107343235063	0.10620807136171982	0.028513552253518152	0.06291457239703523	0.06291457239703523	0.025845289291115736	0.025845289291115736	0.025845289291115736	0.057027104507036304	0.057027104507036304	0.11994167690407154	0.025845289291115736	0.11405420901407261
UP000000641	0.02562316971184425	0.03169144070505362	0.03169144070505362	0.03169144070505362	0.03169144070505362	0.02562316971184425	0.03169144070505362	0.014168030763740973	0.03707830865994753	0.03169144070505362	0.02562316971184425	0.02562316971184425	0.07839369018405809	0.07839369018405809	0.07839369018405809	0.06338288141010724	0.06338288141010724	0.08900605112195148	0.07839369018405809	0.12676576282021448
UP000002518	0.023242548479213303	0.031281258865631344	0.031281258865631344	0.031281258865631344	0.031281258865631344	0.023242548479213303	0.031281258865631344	0.013334655283276037	0.03315044167515057	0.031281258865631344	0.023242548479213303	0.023242548479213303	0.08420050469885132	0.08420050469885132	0.08420050469885132	0.06256251773126269	0.06256251773126269	0.085805066210476	0.08420050469885132	0.12512503546252537
UP000001826	0.019652916701333227	0.030396001663855702	0.030396001663855702	0.030396001663855702	0.030396001663855702	0.019652916701333227	0.030396001663855702	0.011935724252711076	0.027370109149955378	0.030396001663855702	0.019652916701333227	0.019652916701333227	0.094023389117244	0.094023389117244	0.094023389117244	0.060792003327711404	0.060792003327711404	0.08044492002904463	0.094023389117244	0.12158400665542281
UP000005223	0.031192241820871124	0.0322163516135787	0.0322163516135787	0.0322163516135787	0.0322163516135787	0.031192241820871124	0.0322163516135787	0.01584801326898693	0.046536470372755316	0.0322163516135787	0.031192241820871124	0.031192241820871124	0.06654817035916075	0.06654817035916075	0.06654817035916075	0.0644327032271574	0.0644327032271574	0.09562494504802853	0.06654817035916075	0.1288654064543148
UP000000536	0.02581455281742611	0.031719072084223573	0.031719072084223573	0.031719072084223573	0.031719072084223573	0.02581455281742611	0.031719072084223573	0.014231915041641282	0.03739719059321094	0.031719072084223573	0.02581455281742611	0.02581455281742611	0.07794824423261004	0.07794824423261004	0.07794824423261004	0.06343814416844715	0.06343814416844715	0.08925269698587326	0.07794824423261004	0.1268762883368943
UP000002199	0.034330205393129726	0.03229258387175339	0.03229258387175339	0.03229258387175339	0.03229258387175339	0.034330205393129726	0.03229258387175339	0.01664011743165655	0.05202029335460291	0.03229258387175339	0.034330205393129726	0.034330205393129726	0.06075180507500942	0.06075180507500942	0.06075180507500942	0.06458516774350678	0.06458516774350678	0.09891537313663651	0.06075180507500942	0.12917033548701357
UP000002439	0.02993148475876832	0.032144455164273424	0.032144455164273424	0.032144455164273424	0.032144455164273424	0.02993148475876832	0.032144455164273424	0.015499262210466047	0.04436370730707059	0.032144455164273424	0.02993148475876832	0.02993148475876832	0.06904208101506176	0.06904208101506176	0.06904208101506176	0.06428891032854685	0.06428891032854685	0.09422039508731517	0.06904208101506176	0.1285778206570937
UP000001024	0.03514196291439627	0.03229033690537952	0.03229033690537952	0.03229033690537952	0.03229033690537952	0.03514196291439627	0.03229033690537952	0.016827927047646428	0.053455998781146104	0.03229033690537952	0.03514196291439627	0.03514196291439627	0.05934021727828845	0.05934021727828845	0.05934021727828845	0.06458067381075903	0.06458067381075903	0.09972263672515531	0.05934021727828845	0.12916134762151807
UP000000578	0.05955866112735377	0.029257085817259554	0.029257085817259554	0.029257085817259554	0.029257085817259554	0.05955866112735377	0.029257085817259554	0.019619413445351352	0.0994979088093562	0.029257085817259554	0.05955866112735377	0.05955866112735377	0.028743999758092675	0.028743999758092675	0.028743999758092675	0.05851417163451911	0.05851417163451911	0.11807283276187289	0.028743999758092675	0.11702834326903822
UP000001686	0.03194127402806514	0.0322474311841849	0.0322474311841849	0.0322474311841849	0.0322474311841849	0.03194127402806514	0.0322474311841849	0.016046811238040817	0.04783573681808946	0.0322474311841849	0.03194127402806514	0.03194127402806514	0.06511304571414639	0.06511304571414639	0.06511304571414639	0.0644948623683698	0.0644948623683698	0.09643613639643496	0.06511304571414639	0.1289897247367396
UP000002698	0.015896567927628433	0.02903291682279206	0.02903291682279206	0.02903291682279206	0.02903291682279206	0.015896567927628433	0.02903291682279206	0.01027217954922977	0.021520956306027093	0.02903291682279206	0.015896567927628433	0.015896567927628433	0.10604933883548204	0.10604933883548204	0.10604933883548204	0.05806583364558412	0.05806583364558412	0.07396240157321256	0.10604933883548204	0.11613166729116824
UP000001975	0.03412975154890598	0.03229181073482838	0.03229181073482838	0.03229181073482838	0.03229181073482838	0.03412975154890598	0.03229181073482838	0.016592676226675842	0.05166682687113613	0.03229181073482838	0.03412975154890598	0.03412975154890598	0.06110569185010098	0.06110569185010098	0.06110569185010098	0.06458362146965677	0.06458362146965677	0.09871337301856277	0.06110569185010098	0.12916724293931353
UP000001013	0.04428015179814438	0.031746885860680564	0.031746885860680564	0.031746885860680564	0.031746885860680564	0.04428015179814438	0.031746885860680564	0.018490223587793883	0.07007008000849486	0.031746885860680564	0.04428015179814438	0.04428015179814438	0.04552219091052509	0.04552219091052509	0.04552219091052509	0.06349377172136113	0.06349377172136113	0.10777392351950552	0.04552219091052509	0.12698754344272226
UP000000590	0.055306075734639366	0.03010823640609984	0.03010823640609984	0.03010823640609984	0.03010823640609984	0.055306075734639366	0.03010823640609984	0.019495191861622047	0.09111695960765669	0.03010823640609984	0.055306075734639366	0.055306075734639366	0.032781421839981756	0.032781421839981756	0.032781421839981756	0.06021647281219968	0.06021647281219968	0.11552254854683905	0.032781421839981756	0.12043294562439937
UP000001974	0.05433767729141474	0.030286684201627462	0.030286684201627462	0.030286684201627462	0.030286684201627462	0.05433767729141474	0.030286684201627462	0.01944721405679772	0.08922814052603176	0.030286684201627462	0.05433767729141474	0.05433767729141474	0.033762327933514365	0.033762327933514365	0.033762327933514365	0.060573368403254925	0.060573368403254925	0.11491104569466966	0.033762327933514365	0.12114673680650985
UP000001018	0.05301996128142437	0.030519757996075682	0.030519757996075682	0.030519757996075682	0.030519757996075682	0.05301996128142437	0.030519757996075682	0.01936990453481445	0.0866700180280343	0.030519757996075682	0.05301996128142437	0.05301996128142437	0.03513603577320463	0.03513603577320463	0.03513603577320463	0.061039515992151364	0.061039515992151364	0.11405947727357572	0.03513603577320463	0.12207903198430273
UP000001137	0.038082767470310475	0.03221398267550727	0.03221398267550727	0.03221398267550727	0.03221398267550727	0.038082767470310475	0.03221398267550727	0.017451697396809754	0.05871383754381118	0.03221398267550727	0.038082767470310475	0.038082767470310475	0.05449922622492762	0.05449922622492762	0.05449922622492762	0.06442796535101454	0.06442796535101454	0.102510732821325	0.05449922622492762	0.12885593070202908
UP000000554	0.013524598033522241	0.027869110403706772	0.027869110403706772	0.027869110403706772	0.027869110403706772	0.013524598033522241	0.027869110403706772	0.009105695768562518	0.017943500298481962	0.027869110403706772	0.013524598033522241	0.013524598033522241	0.114855511826509	0.114855511826509	0.114855511826509	0.055738220807413544	0.055738220807413544	0.06926281884093577	0.114855511826509	0.11147644161482709
UP000000365	0.02900452904542453	0.03207512361257137	0.03207512361257137	0.03207512361257137	0.03207512361257137	0.02900452904542453	0.03207512361257137	0.015231321953737737	0.042777736137111326	0.03207512361257137	0.02900452904542453	0.02900452904542453	0.0709415797202216	0.0709415797202216	0.0709415797202216	0.06415024722514275	0.06415024722514275	0.09315477627056727	0.0709415797202216	0.1283004944502855
UP000008243	0.015523388664950316	0.028867438457037146	0.028867438457037146	0.028867438457037146	0.028867438457037146	0.015523388664950316	0.028867438457037146	0.010094888876448988	0.020951888453451646	0.028867438457037146	0.015523388664950316	0.015523388664950316	0.10736431600818834	0.10736431600818834	0.10736431600818834	0.05773487691407429	0.05773487691407429	0.07325826557902461	0.10736431600818834	0.11546975382814859
UP000000805	0.06210641316307597	0.028698060652272653	0.028698060652272653	0.028698060652272653	0.028698060652272653	0.06210641316307597	0.028698060652272653	0.019628257694366952	0.104584568631785	0.028698060652272653	0.06210641316307597	0.06210641316307597	0.026521534355526448	0.026521534355526448	0.026521534355526448	0.05739612130454531	0.05739612130454531	0.11950253446762128	0.026521534355526448	0.11479224260909061
UP000001400	0.04459831603084704	0.03171299196445791	0.03171299196445791	0.03171299196445791	0.03171299196445791	0.04459831603084704	0.03171299196445791	0.018533898514773512	0.07066273354692057	0.03171299196445791	0.04459831603084704	0.04459831603084704	0.045100979088186034	0.045100979088186034	0.045100979088186034	0.06342598392891582	0.06342598392891582	0.10802429995976286	0.045100979088186034	0.12685196785783165
UP000002408	0.023273197916813773	0.03128736437190462	0.03128736437190462	0.03128736437190462	0.03128736437190462	0.023273197916813773	0.03128736437190462	0.013345848957157224	0.033200546876470324	0.03128736437190462	0.023273197916813773	0.023273197916813773	0.08412244615795741	0.08412244615795741	0.08412244615795741	0.06257472874380925	0.06257472874380925	0.08584792666062302	0.08412244615795741	0.1251494574876185
UP000000254	0.05125981744386103	0.030812853348735174	0.030812853348735174	0.030812853348735174	0.030812853348735174	0.05125981744386103	0.030812853348735174	0.019244667223905068	0.08327496766381698	0.030812853348735174	0.05125981744386103	0.05125981744386103	0.03704390607830251	0.03704390607830251	0.03704390607830251	0.06162570669747035	0.06162570669747035	0.11288552414133136	0.03704390607830251	0.1232514133949407
UP000000663	0.022396782515038533	0.031103682882545242	0.031103682882545242	0.031103682882545242	0.031103682882545242	0.022396782515038533	0.031103682882545242	0.01302086656181787	0.0317726984682592	0.031103682882545242	0.022396782515038533	0.022396782515038533	0.08639089906850161	0.08639089906850161	0.08639089906850161	0.062207365765090485	0.062207365765090485	0.08460414828012901	0.08639089906850161	0.12441473153018097
UP000002613	0.03916568843677191	0.03216070883967319	0.03216070883967319	0.03216070883967319	0.03216070883967319	0.03916568843677191	0.03216070883967319	0.017659609210857293	0.06067176766268652	0.03216070883967319	0.03916568843677191	0.03916568843677191	0.05281720987695639	0.05281720987695639	0.05281720987695639	0.06432141767934638	0.06432141767934638	0.10348710611611828	0.05281720987695639	0.12864283535869275
UP000002487	0.03466923669457641	0.03229268594392854	0.03229268594392854	0.03229268594392854	0.03229268594392854	0.03466923669457641	0.03229268594392854	0.016719394073220647	0.05261907931593217	0.03229268594392854	0.03466923669457641	0.03466923669457641	0.06015809200877715	0.06015809200877715	0.06015809200877715	0.06458537188785708	0.06458537188785708	0.09925460858243348	0.06015809200877715	0.12917074377571416
UP000007722	0.06090606038888963	0.028965798791963458	0.028965798791963458	0.028965798791963458	0.028965798791963458	0.06090606038888963	0.028965798791963458	0.019630090069524323	0.10218203070825493	0.028965798791963458	0.06090606038888963	0.06090606038888963	0.027551199151589316	0.027551199151589316	0.027551199151589316	0.057931597583926915	0.057931597583926915	0.11883765797281655	0.027551199151589316	0.11586319516785383
UP000002071	0.01712131111549323	0.029534945712780543	0.029534945712780543	0.029534945712780543	0.029534945712780543	0.01712131111549323	0.029534945712780543	0.01083835328215352	0.02340426894883294	0.029534945712780543	0.01712131111549323	0.01712131111549323	0.10189792269676469	0.10189792269676469	0.10189792269676469	0.059069891425561086	0.059069891425561086	0.07619120254105433	0.10189792269676469	0.11813978285112217
UP000002376	0.03524551134571056	0.03228944017545658	0.03228944017545658	0.03228944017545658	0.03228944017545658	0.03524551134571056	0.03228944017545658	0.016851390345545766	0.05363963234587534	0.03228944017545658	0.03524551134571056	0.03524551134571056	0.05916259444318017	0.05916259444318017	0.05916259444318017	0.06457888035091316	0.06457888035091316	0.0998243916966237	0.05916259444318017	0.12915776070182633
UP000001941	0.03336012026543834	0.03228382260970709	0.03228382260970709	0.03228382260970709	0.03228382260970709	0.03336012026543834	0.03228382260970709	0.016406573976464844	0.05031366655441183	0.03228382260970709	0.03336012026543834	0.03336012026543834	0.06248449909665456	0.06248449909665456	0.06248449909665456	0.06456764521941417	0.06456764521941417	0.0979277654848525	0.06248449909665456	0.12913529043882835
UP000000391	0.04987579982795023	0.031027997391670427	0.031027997391670427	0.031027997391670427	0.031027997391670427	0.04987579982795023	0.031027997391670427	0.01912822685897131	0.08062337279692915	0.031027997391670427	0.04987579982795023	0.04987579982795023	0.03860536073440542	0.03860536073440542	0.03860536073440542	0.062055994783340854	0.062055994783340854	0.11193179461129109	0.03860536073440542	0.12411198956668171
UP000009079	0.04688850750574576	0.03144335035063836	0.03144335035063836	0.03144335035063836	0.03144335035063836	0.04688850750574576	0.03144335035063836	0.018821611146065023	0.0749554038654265	0.03144335035063836	0.04688850750574576	0.04688850750574576	0.04217171046239146	0.04217171046239146	0.04217171046239146	0.06288670070127672	0.06288670070127672	0.10977520820702248	0.04217171046239146	0.12577340140255344
UP000000242	0.03664299513724251	0.032264283351563096	0.032264283351563096	0.032264283351563096	0.032264283351563096	0.03664299513724251	0.032264283351563096	0.017157258331570967	0.05612873194291404	0.032264283351563096	0.03664299513724251	0.03664299513724251	0.05681762510357326	0.05681762510357326	0.05681762510357326	0.06452856670312619	0.06452856670312619	0.10117156184036868	0.05681762510357326	0.12905713340625238
UP000002654	0.01825666167730733	0.029948586186523574	0.029948586186523574	0.029948586186523574	0.029948586186523574	0.01825666167730733	0.029948586186523574	0.011342358559497907	0.025170964795116758	0.029948586186523574	0.01825666167730733	0.01825666167730733	0.09825649731861787	0.09825649731861787	0.09825649731861787	0.05989717237304715	0.05989717237304715	0.07815383405035448	0.09825649731861787	0.1197943447460943
UP000002593	0.028371408830214974	0.03201934550066975	0.03201934550066975	0.03201934550066975	0.03201934550066975	0.028371408830214974	0.03201934550066975	0.015042599678388507	0.04170021798204144	0.03201934550066975	0.028371408830214974	0.028371408830214974	0.07227265254444482	0.07227265254444482	0.07227265254444482	0.0640386910013395	0.0640386910013395	0.09241009983155447	0.07227265254444482	0.128077382002679
UP000001746	0.015441818066990154	0.028830447252569925	0.028830447252569925	0.028830447252569925	0.028830447252569925	0.015441818066990154	0.028830447252569925	0.010055833331560923	0.020827802802419387	0.028830447252569925	0.015441818066990154	0.015441818066990154	0.1076550293724875	0.1076550293724875	0.1076550293724875	0.05766089450513985	0.05766089450513985	0.07310271257213001	0.1076550293724875	0.1153217890102797
UP000001059	0.04122237514398909	0.03202520105865811	0.03202520105865811	0.03202520105865811	0.03202520105865811	0.04122237514398909	0.03202520105865811	0.018023188213755124	0.06442156207422306	0.03202520105865811	0.04122237514398909	0.04122237514398909	0.04976003926338668	0.04976003926338668	0.04976003926338668	0.06405040211731622	0.06405040211731622	0.10527277726130531	0.04976003926338668	0.12810080423463244
UP000000262	0.023919651364325927	0.03141094718398731	0.03141094718398731	0.03141094718398731	0.03141094718398731	0.023919651364325927	0.03141094718398731	0.013579085088121397	0.03426021764053046	0.03141094718398731	0.023919651364325927	0.023919651364325927	0.08249682137648037	0.08249682137648037	0.08249682137648037	0.06282189436797463	0.06282189436797463	0.08674154573230056	0.08249682137648037	0.12564378873594925
UP000001879	0.02122042485432	0.03082610635252154	0.03082610635252154	0.03082610635252154	0.03082610635252154	0.02122042485432	0.03082610635252154	0.012568427870923552	0.02987242183771644	0.03082610635252154	0.02122042485432	0.02122042485432	0.08955983109485387	0.08955983109485387	0.08955983109485387	0.06165221270504308	0.06165221270504308	0.08287263755936308	0.08955983109485387	0.12330442541008615
UP000000740	0.013352954754932199	0.027773764290627865	0.027773764290627865	0.027773764290627865	0.027773764290627865	0.013352954754932199	0.027773764290627865	0.009017539608157552	0.017688369901706844	0.027773764290627865	0.013352954754932199	0.013352954754932199	0.11553727201635719	0.11553727201635719	0.11553727201635719	0.05554752858125573	0.05554752858125573	0.06890048333618792	0.11553727201635719	0.11109505716251146
UP000008680	0.05258046394382764	0.03059492990283217	0.03059492990283217	0.03059492990283217	0.03059492990283217	0.05258046394382764	0.03059492990283217	0.019341003801984447	0.08581992408567082	0.03059492990283217	0.05258046394382764	0.05258046394382764	0.035604468486972934	0.035604468486972934	0.035604468486972934	0.06118985980566434	0.06118985980566434	0.11377032374949199	0.035604468486972934	0.12237971961132868
UP000000792	0.055127792247377905	0.030141535272434253	0.030141535272434253	0.030141535272434253	0.030141535272434253	0.055127792247377905	0.030141535272434253	0.019486916841576954	0.09076866765317887	0.030141535272434253	0.055127792247377905	0.055127792247377905	0.03296022247735163	0.03296022247735163	0.03296022247735163	0.060283070544868506	0.060283070544868506	0.11541086279224642	0.03296022247735163	0.12056614108973701
UP000002457	0.02246518353588312	0.03111870864169208	0.03111870864169208	0.03111870864169208	0.03111870864169208	0.02246518353588312	0.03111870864169208	0.013046598009687918	0.03188376906207832	0.03111870864169208	0.02246518353588312	0.02246518353588312	0.08621109424543624	0.08621109424543624	0.08621109424543624	0.06223741728338416	0.06223741728338416	0.08470260081926725	0.08621109424543624	0.12447483456676832
UP000000758	0.021336116823283673	0.030855054250448332	0.030855054250448332	0.030855054250448332	0.030855054250448332	0.021336116823283673	0.030855054250448332	0.012613762606443205	0.030058471040124143	0.030855054250448332	0.021336116823283673	0.021336116823283673	0.08924157855746025	0.08924157855746025	0.08924157855746025	0.061710108500896664	0.061710108500896664	0.08304622532418032	0.08924157855746025	0.12342021700179333
UP000006565	0.034869524133493854	0.03229204211424021	0.03229204211424021	0.03229204211424021	0.03229204211424021	0.034869524133493854	0.03229204211424021	0.01676566233832119	0.05297338592866651	0.03229204211424021	0.034869524133493854	0.034869524133493854	0.05981016430942496	0.05981016430942496	0.05981016430942496	0.06458408422848042	0.06458408422848042	0.09945360836197426	0.05981016430942496	0.12916816845696083
UP000001169	0.016926657375426687	0.029459182470009677	0.029459182470009677	0.029459182470009677	0.029459182470009677	0.016926657375426687	0.029459182470009677	0.010749950629148493	0.023103364121704884	0.029459182470009677	0.016926657375426687	0.016926657375426687	0.10254161971296458	0.10254161971296458	0.10254161971296458	0.058918364940019355	0.058918364940019355	0.07584502231544603	0.10254161971296458	0.11783672988003871
UP000006681	0.03994607849038327	0.03211445828004949	0.03211445828004949	0.03211445828004949	0.03211445828004949	0.03994607849038327	0.03211445828004949	0.017802346868686692	0.06208981011207985	0.03211445828004949	0.03994607849038327	0.03994607849038327	0.05163652952163135	0.05163652952163135	0.05163652952163135	0.06422891656009898	0.06422891656009898	0.10417499505048226	0.05163652952163135	0.12845783312019796
UP000009227	0.05023229533219949	0.030973907345413748	0.030973907345413748	0.030973907345413748	0.030973907345413748	0.05023229533219949	0.030973907345413748	0.019159749010107714	0.08130484165429128	0.030973907345413748	0.05023229533219949	0.05023229533219949	0.038197853786995875	0.038197853786995875	0.038197853786995875	0.061947814690827496	0.061947814690827496	0.11218011002302698	0.038197853786995875	0.12389562938165499
UP000000346	0.018954135120155986	0.03018011255688329	0.03018011255688329	0.03018011255688329	0.03018011255688329	0.018954135120155986	0.03018011255688329	0.011642346395628216	0.02626592384468376	0.03018011255688329	0.018954135120155986	0.018954135120155986	0.09610981331219386	0.09610981331219386	0.09610981331219386	0.06036022511376658	0.06036022511376658	0.07931436023392258	0.09610981331219386	0.12072045022753317
UP000005877	0.018544074363310552	0.03004599285379482	0.03004599285379482	0.03004599285379482	0.03004599285379482	0.018544074363310552	0.03004599285379482	0.01146685233652288	0.025621296390098226	0.03004599285379482	0.018544074363310552	0.018544074363310552	0.09736389844902728	0.09736389844902728	0.09736389844902728	0.06009198570758964	0.06009198570758964	0.0786360600709002	0.09736389844902728	0.12018397141517928
UP000001304	0.05691781566586732	0.029798282469110596	0.029798282469110596	0.029798282469110596	0.029798282469110596	0.05691781566586732	0.029798282469110596	0.01955868846977284	0.09427694286196181	0.029798282469110596	0.05691781566586732	0.05691781566586732	0.031200692708289776	0.031200692708289776	0.031200692708289776	0.05959656493822119	0.05959656493822119	0.11651438060408853	0.031200692708289776	0.11919312987644239
UP000002315	0.06081068013276321	0.028986743933139467	0.028986743933139467	0.028986743933139467	0.028986743933139467	0.06081068013276321	0.028986743933139467	0.01962977926977954	0.10199158099574689	0.028986743933139467	0.06081068013276321	0.06081068013276321	0.027634334035106536	0.027634334035106536	0.027634334035106536	0.057973487866278935	0.057973487866278935	0.11878416799904215	0.027634334035106536	0.11594697573255787
UP000012076	0.021597987857264214	0.030919224721978247	0.030919224721978247	0.030919224721978247	0.030919224721978247	0.021597987857264214	0.030919224721978247	0.01271569847873564	0.030480277235792785	0.030919224721978247	0.021597987857264214	0.021597987857264214	0.08852662236187459	0.08852662236187459	0.08852662236187459	0.06183844944395649	0.06183844944395649	0.08343643730122073	0.08852662236187459	0.12367689888791299
UP000006663	0.022327002400483673	0.031088231190546888	0.031088231190546888	0.031088231190546888	0.031088231190546888	0.022327002400483673	0.031088231190546888	0.012994551661657165	0.031659453139310186	0.031088231190546888	0.022327002400483673	0.022327002400483673	0.08657482103696601	0.08657482103696601	0.08657482103696601	0.062176462381093776	0.062176462381093776	0.08450346478157744	0.08657482103696601	0.12435292476218755
UP000014070	0.04823865750411682	0.03126419274503801	0.03126419274503801	0.03126419274503801	0.03126419274503801	0.04823865750411682	0.03126419274503801	0.01896966814704376	0.0775076468611899	0.03126419274503801	0.04823865750411682	0.04823865750411682	0.040525578387643514	0.040525578387643514	0.040525578387643514	0.06252838549007601	0.06252838549007601	0.11076704299419284	0.040525578387643514	0.12505677098015203
UP000001901	0.03981086653247437	0.03212293257001713	0.03212293257001713	0.03212293257001713	0.03212293257001713	0.03981086653247437	0.03212293257001713	0.017778037544694782	0.06184369552025396	0.03212293257001713	0.03981086653247437	0.03981086653247437	0.05183925328810131	0.05183925328810131	0.05183925328810131	0.06424586514003426	0.06424586514003426	0.10405673167250863	0.05183925328810131	0.12849173028006852
UP000006794	0.01256546521944491	0.027314598934882233	0.027314598934882233	0.027314598934882233	0.027314598934882233	0.01256546521944491	0.027314598934882233	0.008606321232863635	0.016524609206026185	0.027314598934882233	0.01256546521944491	0.01256546521944491	0.11875204012644247	0.11875204012644247	0.11875204012644247	0.054629197869764466	0.054629197869764466	0.06719466308920938	0.11875204012644247	0.10925839573952893
UP000011511	0.03024535956964364	0.03216471708583392	0.03216471708583392	0.03216471708583392	0.03216471708583392	0.03024535956964364	0.03216471708583392	0.015587762198839157	0.04490295694044813	0.03216471708583392	0.03024535956964364	0.03024535956964364	0.06841175240978799	0.06841175240978799	0.06841175240978799	0.06432943417166784	0.06432943417166784	0.09457479374131146	0.06841175240978799	0.12865886834333568
UP000007807	0.027553227826482982	0.03193669588978709	0.03193669588978709	0.03193669588978709	0.03193669588978709	0.027553227826482982	0.03193669588978709	0.014791732833164548	0.04031472281980142	0.03193669588978709	0.027553227826482982	0.027553227826482982	0.07403506774450644	0.07403506774450644	0.07403506774450644	0.06387339177957418	0.06387339177957418	0.09142661960605716	0.07403506774450644	0.12774678355914837
UP000007490	0.04746557175825399	0.031368551770672194	0.031368551770672194	0.031368551770672194	0.031368551770672194	0.04746557175825399	0.031368551770672194	0.018886824364540852	0.07604431915196713	0.031368551770672194	0.04746557175825399	0.04746557175825399	0.04146104234036672	0.04146104234036672	0.04146104234036672	0.06273710354134439	0.06273710354134439	0.11020267529959837	0.04146104234036672	0.12547420708268878
UP000058290	0.023614615347415505	0.031353859032702935	0.031353859032702935	0.031353859032702935	0.031353859032702935	0.023614615347415505	0.031353859032702935	0.013469708393110649	0.033759522301720364	0.031353859032702935	0.023614615347415505	0.023614615347415505	0.08325898701121115	0.08325898701121115	0.08325898701121115	0.06270771806540587	0.06270771806540587	0.08632233341282138	0.08325898701121115	0.12541543613081174
UP000006622	0.04365532543333278	0.03181082001615253	0.03181082001615253	0.03181082001615253	0.03181082001615253	0.04365532543333278	0.03181082001615253	0.018401783897070447	0.0689088669695951	0.03181082001615253	0.04365532543333278	0.04365532543333278	0.04635990042705754	0.04635990042705754	0.04635990042705754	0.06362164003230505	0.06362164003230505	0.10727696546563782	0.04635990042705754	0.1272432800646101
UP000012672	0.02367144040714877	0.03136465853947213	0.03136465853947213	0.03136465853947213	0.03136465853947213	0.02367144040714877	0.03136465853947213	0.013490175715901989	0.03385270509839555	0.03136465853947213	0.02367144040714877	0.02367144040714877	0.08311634512960116	0.08311634512960116	0.08311634512960116	0.06272931707894426	0.06272931707894426	0.08640075748609304	0.08311634512960116	0.12545863415788852
