	M	W	C	D	E	F	H	K	N	Q	Y	I	A	G	P	T	V	L	R	S
Start	15092.0	551.5	890.0	2371.5	2944.5	1836.5	988.5	2743.5	1865.5	1859.5	948.0	1801.0	4888.0	2656.5	3132.0	3012.5	2755.0	4372.5	2968.5	5687.0
M	8613.0	3878.5	5860.5	15732.5	19385.5	12513.5	7743.5	17123.0	14106.5	13007.0	9670.0	16771.0	21745.5	18788.0	15036.0	16994.5	18732.5	29586.0	16776.0	23176.5
W	3878.5	3254.0	3770.0	9643.0	10653.5	7522.0	4488.5	9083.5	7502.5	6866.5	5447.5	8570.0	12990.0	12342.5	8919.0	10033.0	11216.0	15806.0	10853.5	13020.5
C	5860.5	3770.0	9176.0	13994.5	15640.0	12900.0	7183.5	14720.0	12959.0	10204.5	9448.0	14637.0	18510.5	18896.5	13385.0	14811.0	17467.5	26569.0	14349.5	21205.5
D	15732.5	9643.0	13994.5	50129.0	54216.5	27621.5	18100.5	46714.5	33210.0	32885.0	23097.0	39590.0	53882.0	44182.0	38609.5	40547.5	46731.0	66717.0	43820.5	60204.5
E	19385.5	10653.5	15640.0	54216.5	79795.0	29310.5	21319.0	68373.5	40203.0	43482.5	24777.5	44620.0	64001.0	47685.0	44181.0	47996.0	52992.0	81126.0	58054.5	68995.0
F	12513.5	7522.0	12900.0	27621.5	29310.5	25854.0	13329.0	28225.0	24255.0	20785.0	17880.5	30016.0	36163.5	32487.5	26799.0	29348.0	32794.0	52664.5	26932.5	40864.0
H	7743.5	4488.5	7183.5	18100.5	21319.0	13329.0	14184.0	18897.5	15665.5	15677.0	11362.5	18366.5	25187.0	19629.0	20014.5	19744.0	21821.0	33738.0	20254.0	29314.5
K	17123.0	9083.5	14720.0	46714.5	68373.5	28225.0	18897.5	66034.0	37393.0	34885.0	23770.0	42532.5	53587.0	41367.0	39348.5	43843.5	46903.0	71264.5	44868.5	61592.5
N	14106.5	7502.5	12959.0	33210.0	40203.0	24255.0	15665.5	37393.0	30786.0	26549.5	19457.0	34022.5	39127.5	34483.5	30886.0	35940.0	38451.5	56630.5	31581.5	52639.0
Q	13007.0	6866.5	10204.5	32885.0	43482.5	20785.0	15677.0	34885.0	26549.5	35763.0	16620.0	28710.5	42628.5	32264.0	32535.0	32394.0	34483.5	55975.0	33679.5	49389.5
Y	9670.0	5447.5	9448.0	23097.0	24777.5	17880.5	11362.5	23770.0	19457.0	16620.0	15998.0	23137.5	27693.0	25953.0	21820.5	22951.0	25764.0	40125.5	22032.0	31646.0
I	16771.0	8570.0	14637.0	39590.0	44620.0	30016.0	18366.5	42532.5	34022.5	28710.5	23137.5	45025.0	48364.5	42187.0	36064.5	43226.5	46653.0	72777.5	38012.5	55466.5
A	21745.5	12990.0	18510.5	53882.0	64001.0	36163.5	25187.0	53587.0	39127.5	42628.5	27693.0	48364.5	106129.0	71680.0	62747.0	60759.5	65077.5	94633.5	61625.5	86977.5
G	18788.0	12342.5	18896.5	44182.0	47685.0	32487.5	19629.0	41367.0	34483.5	32264.0	25953.0	42187.0	71680.0	74046.0	48023.5	48295.0	55954.0	75090.5	47322.5	70168.5
P	15036.0	8919.0	13385.0	38609.5	44181.0	26799.0	20014.5	39348.5	30886.0	32535.0	21820.5	36064.5	62747.0	48023.5	66134.0	47939.5	46643.0	64937.0	44728.5	68332.5
T	16994.5	10033.0	14811.0	40547.5	47996.0	29348.0	19744.0	43843.5	35940.0	32394.0	22951.0	43226.5	60759.5	48295.0	47939.5	55916.0	50460.5	72661.5	42620.5	73643.5
V	18732.5	11216.0	17467.5	46731.0	52992.0	32794.0	21821.0	46903.0	38451.5	34483.5	25764.0	46653.0	65077.5	55954.0	46643.0	50460.5	58801.0	81516.5	46919.5	67224.5
L	29586.0	15806.0	26569.0	66717.0	81126.0	52664.5	33738.0	71264.5	56630.5	55975.0	40125.5	72777.5	94633.5	75090.5	64937.0	72661.5	81516.5	138910.0	71349.5	101041.0
R	16776.0	10853.5	14349.5	43820.5	58054.5	26932.5	20254.0	44868.5	31581.5	33679.5	22032.0	38012.5	61625.5	47322.5	44728.5	42620.5	46919.5	71349.5	58525.0	63752.5
S	23176.5	13020.5	21205.5	60204.5	68995.0	40864.0	29314.5	61592.5	52639.0	49389.5	31646.0	55466.5	86977.5	70168.5	68332.5	73643.5	67224.5	101041.0	63752.5	133471.0
End	1321.0	972.0	1438.0	3092.5	3993.5	2550.5	1667.0	4899.5	2730.0	2769.0	2001.5	2986.5	4116.5	3825.0	2909.5	3292.0	3720.5	5483.0	4123.0	5341.0
