	M	W	C	D	E	F	H	K	N	Q	Y	I	A	G	P	T	V	L	R	S
Start	16193281.0	568529.0	887994.0	2484658.0	3172275.0	1906909.0	1042183.0	2811683.0	2036495.0	1844828.0	1046360.0	2063413.0	5382782.0	3080441.0	2910494.0	3072917.0	2721991.0	4237617.0	3006296.0	5766289.0
M	9092014.0	3977825.0	5999603.0	15925046.0	20028549.0	13051945.0	7830285.0	17573288.0	13354816.0	13328111.0	9603033.0	16607912.0	21439446.0	20071587.0	15381324.0	16865783.0	20057225.0	31046533.0	17300263.0	24604594.0
W	3977825.0	3094960.0	4140804.0	9529509.0	11026885.0	7551448.0	4647004.0	9743628.0	7670718.0	7195781.0	5472003.0	8563036.0	12115918.0	12329713.0	9086819.0	9707516.0	11245638.0	16689969.0	10591586.0	13767870.0
C	5999603.0	4140804.0	9382354.0	14157339.0	15741791.0	13715750.0	7395017.0	14952762.0	12039176.0	10339549.0	9249483.0	14554636.0	18669345.0	20446174.0	13784917.0	14854279.0	18240240.0	27823834.0	14902377.0	22396008.0
D	15925046.0	9529509.0	14157339.0	48729524.0	54131248.0	28821028.0	18009916.0	46737550.0	32850931.0	32856292.0	21996763.0	38201883.0	51270404.0	45568451.0	37426774.0	39452980.0	48116180.0	68369582.0	43455803.0	61865414.0
E	20028549.0	11026885.0	15741791.0	54131248.0	82466634.0	31276986.0	21548642.0	68867227.0	38657400.0	45132301.0	24148216.0	43973205.0	64727536.0	53115042.0	45328816.0	47511015.0	55369531.0	83925599.0	60497151.0	72749920.0
F	13051945.0	7551448.0	13715750.0	28821028.0	31276986.0	29878648.0	14087322.0	30469825.0	24696338.0	21603723.0	18135366.0	30793985.0	36594815.0	35103726.0	28271527.0	29836906.0	35621524.0	57725756.0	28363021.0	45850349.0
H	7830285.0	4647004.0	7395017.0	18009916.0	21548642.0	14087322.0	15366026.0	19690580.0	15138645.0	16172886.0	10908263.0	17890822.0	24158317.0	21115491.0	20482417.0	19597075.0	22586612.0	35238728.0	20389330.0	30026911.0
K	17573288.0	9743628.0	14952762.0	46737550.0	68867227.0	30469825.0	19690580.0	65344820.0	36297008.0	35631603.0	23198198.0	43059607.0	52913710.0	44704893.0	40185420.0	43473676.0	49052431.0	73920927.0	45451641.0	65411289.0
N	13354816.0	7670718.0	12039176.0	32850931.0	38657400.0	24696338.0	15138645.0	36297008.0	34158980.0	26465753.0	19008089.0	33967770.0	37403767.0	34810521.0	29594202.0	34406530.0	37552208.0	56155128.0	30736362.0	51995717.0
Q	13328111.0	7195781.0	10339549.0	32856292.0	45132301.0	21603723.0	16172886.0	35631603.0	26465753.0	39135538.0	16670922.0	28706587.0	42597066.0	34251061.0	34114218.0	32653879.0	34886537.0	57654279.0	34726964.0	50679433.0
Y	9603033.0	5472003.0	9249483.0	21996763.0	24148216.0	18135366.0	10908263.0	23198198.0	19008089.0	16670922.0	16159956.0	22137350.0	26104159.0	26497055.0	21068461.0	22064992.0	25716351.0	40128448.0	21544471.0	32026135.0
I	16607912.0	8563036.0	14554636.0	38201883.0	43973205.0	30793985.0	17890822.0	43059607.0	33967770.0	28706587.0	22137350.0	45474284.0	46105814.0	43046737.0	34780227.0	41034984.0	46640485.0	73721424.0	37329646.0	56712829.0
A	21439446.0	12115918.0	18669345.0	51270404.0	64727536.0	36594815.0	24158317.0	52913710.0	37403767.0	42597066.0	26104159.0	46105814.0	103225270.0	71813232.0	60194781.0	55985783.0	64640422.0	96667105.0	59818137.0	85752945.0
G	20071587.0	12329713.0	20446174.0	45568451.0	53115042.0	35103726.0	21115491.0	44704893.0	34810521.0	34251061.0	26497055.0	43046737.0	71813232.0	77212098.0	52190059.0	48620131.0	60646134.0	82782445.0	51771523.0	76542007.0
P	15381324.0	9086819.0	13784917.0	37426774.0	45328816.0	28271527.0	20482417.0	40185420.0	29594202.0	34114218.0	21068461.0	34780227.0	60194781.0	52190059.0	70167418.0	47049971.0	47443746.0	69551108.0	45596236.0	72849384.0
T	16865783.0	9707516.0	14854279.0	39452980.0	47511015.0	29836906.0	19597075.0	43473676.0	34406530.0	32653879.0	22064992.0	41034984.0	55985783.0	48620131.0	47049971.0	53719268.0	50399549.0	73019247.0	41973422.0	71255849.0
V	20057225.0	11245638.0	18240240.0	48116180.0	55369531.0	35621524.0	22586612.0	49052431.0	37552208.0	34886537.0	25716351.0	46640485.0	64640422.0	60646134.0	47443746.0	50399549.0	63460894.0	87990790.0	48337048.0	71498120.0
L	31046533.0	16689969.0	27823834.0	68369582.0	83925599.0	57725756.0	35238728.0	73920927.0	56155128.0	57654279.0	40128448.0	73721424.0	96667105.0	82782445.0	69551108.0	73019247.0	87990790.0	151371834.0	75076570.0	109249636.0
R	17300263.0	10591586.0	14902377.0	43455803.0	60497151.0	28363021.0	20389330.0	45451641.0	30736362.0	34726964.0	21544471.0	37329646.0	59818137.0	51771523.0	45596236.0	41973422.0	48337048.0	75076570.0	58925640.0	66555874.0
S	24604594.0	13767870.0	22396008.0	61865414.0	72749920.0	45850349.0	30026911.0	65411289.0	51995717.0	50679433.0	32026135.0	56712829.0	85752945.0	76542007.0	72849384.0	71255849.0	71498120.0	109249636.0	66555874.0	134383588.0
End	1406322.0	981632.0	1584478.0	3166010.0	4001063.0	2845217.0	1771746.0	4906675.0	2855521.0	2825973.0	2048646.0	3222679.0	4070525.0	3725264.0	3254437.0	3482681.0	3910124.0	6034030.0	4244041.0	5918170.0
