Proteome_ID	M	W	C	D	E	F	H	K	N	Q	Y	I	A	G	P	T	V	L	R	S
UP000000231	0.017685262417187597	0.032153006864039574	0.032153006864039574	0.032153006864039574	0.032153006864039574	0.039303594695156686	0.032153006864039574	0.039303594695156686	0.039303594695156686	0.032153006864039574	0.039303594695156686	0.06092192697312578	0.0526066818273175	0.0526066818273175	0.0526066818273175	0.06430601372807915	0.06430601372807915	0.10360960842323583	0.08475968869135708	0.09645902059211874
UP000000233	0.010613646710560068	0.029340473338347977	0.029340473338347977	0.029340473338347977	0.029340473338347977	0.01662905437869253	0.029340473338347977	0.01662905437869253	0.01662905437869253	0.029340473338347977	0.01662905437869253	0.022644462046824992	0.10353726148389616	0.10353726148389616	0.10353726148389616	0.058680946676695954	0.058680946676695954	0.07531000105538849	0.13287773482224413	0.08802142001504394
UP000000235	0.00819755327016597	0.02683389161341735	0.02683389161341735	0.02683389161341735	0.02683389161341735	0.01180340536296956	0.02683389161341735	0.01180340536296956	0.01180340536296956	0.02683389161341735	0.01180340536296956	0.015409257455773148	0.12200847416113385	0.12200847416113385	0.12200847416113385	0.0536677832268347	0.0536677832268347	0.06547118858980426	0.1488423657745512	0.08050167484025206
UP000000238	0.014914257472412063	0.03197825290260835	0.03197825290260835	0.03197825290260835	0.03197825290260835	0.027949602967159447	0.03197825290260835	0.027949602967159447	0.027949602967159447	0.03197825290260835	0.027949602967159447	0.04098494846190683	0.07317518319703761	0.07317518319703761	0.07317518319703761	0.0639565058052167	0.0639565058052167	0.09190610877237615	0.10515343609964595	0.09593475870782504
UP000000239	0.010499672353140312	0.029239439781162724	0.029239439781162724	0.029239439781162724	0.029239439781162724	0.01638251588077383	0.029239439781162724	0.01638251588077383	0.01638251588077383	0.029239439781162724	0.01638251588077383	0.022265359408407345	0.10437283808399493	0.10437283808399493	0.10437283808399493	0.05847887956232545	0.05847887956232545	0.07486139544309926	0.13361227786515767	0.08771831934348817
UP000000245	0.009054129672584253	0.027813469075395017	0.027813469075395017	0.027813469075395017	0.027813469075395017	0.013424073750449156	0.027813469075395017	0.013424073750449156	0.013424073750449156	0.027813469075395017	0.013424073750449156	0.017794017828314062	0.11525399463513394	0.11525399463513394	0.11525399463513394	0.055626938150790034	0.055626938150790034	0.06905101190123919	0.14306746371052895	0.08344040722618504
UP000000247	0.019628363042786173	0.0290522341142381	0.0290522341142381	0.0290522341142381	0.0290522341142381	0.06051099320806233	0.0290522341142381	0.06051099320806233	0.06051099320806233	0.0290522341142381	0.06051099320806233	0.10139362337333849	0.027896825428938524	0.027896825428938524	0.027896825428938524	0.0581044682284762	0.0581044682284762	0.11861546143653852	0.056949059543176625	0.0871567023427143
UP000000248	0.01784733736402857	0.0320980985289332	0.0320980985289332	0.0320980985289332	0.0320980985289332	0.04019894702891358	0.0320980985289332	0.04019894702891358	0.04019894702891358	0.0320980985289332	0.04019894702891358	0.06255055669379858	0.05125944858366845	0.05125944858366845	0.05125944858366845	0.0641961970578664	0.0641961970578664	0.10439514408677998	0.08335754711260165	0.0962942955867996
UP000000260	0.013746048502137327	0.03149511150663744	0.03149511150663744	0.03149511150663744	0.03149511150663744	0.024391897771769436	0.03149511150663744	0.024391897771769436	0.024391897771769436	0.03149511150663744	0.024391897771769436	0.03503774704140154	0.08133373287285374	0.08133373287285374	0.08133373287285374	0.06299022301327488	0.06299022301327488	0.08738212078504431	0.11282884437949117	0.09448533451991233
UP000000263	0.012087781594192193	0.03050380052848571	0.03050380052848571	0.03050380052848571	0.03050380052848571	0.02002187768685006	0.03050380052848571	0.02002187768685006	0.02002187768685006	0.03050380052848571	0.02002187768685006	0.027955973779507932	0.09294651193406954	0.09294651193406954	0.09294651193406954	0.06100760105697142	0.06100760105697142	0.08102947874382146	0.12345031246255525	0.09151140158545712
UP000000268	0.017118826856097856	0.03226887926604687	0.03226887926604687	0.03226887926604687	0.03226887926604687	0.036462273664018406	0.03226887926604687	0.036462273664018406	0.036462273664018406	0.03226887926604687	0.036462273664018406	0.05580572047193896	0.05711550402378024	0.05711550402378024	0.05711550402378024	0.06453775853209374	0.06453775853209374	0.10100003219611216	0.08938438328982712	0.09680663779814061
UP000000269	0.019368483349921296	0.030523583360581162	0.030523583360581162	0.030523583360581162	0.030523583360581162	0.05299777819422522	0.030523583360581162	0.05299777819422522	0.05299777819422522	0.030523583360581162	0.05299777819422522	0.08662707303852914	0.035159554717781226	0.035159554717781226	0.035159554717781226	0.061047166721162324	0.061047166721162324	0.11404494491538754	0.06568313807836239	0.09157075008174348
UP000000270	0.009066614711611626	0.027826974483700244	0.027826974483700244	0.027826974483700244	0.027826974483700244	0.013448380484095029	0.027826974483700244	0.013448380484095029	0.013448380484095029	0.027826974483700244	0.013448380484095029	0.017830146256578427	0.1151574362180327	0.1151574362180327	0.1151574362180327	0.05565394896740049	0.05565394896740049	0.06910232945149553	0.14298441070173296	0.08348092345110072
UP000000272	0.01706956112770407	0.032274147228986964	0.032274147228986964	0.032274147228986964	0.032274147228986964	0.03623285272614104	0.032274147228986964	0.03623285272614104	0.03623285272614104	0.032274147228986964	0.03623285272614104	0.055396144324578005	0.05749591881330533	0.05749591881330533	0.05749591881330533	0.06454829445797393	0.06454829445797393	0.10078114718411497	0.0897700660422923	0.0968224416869609
UP000000276	0.015187872321754137	0.03206278016367853	0.03206278016367853	0.03206278016367853	0.03206278016367853	0.02885736716123528	0.03206278016367853	0.02885736716123528	0.02885736716123528	0.03206278016367853	0.02885736716123528	0.04252686200071643	0.07124848681312416	0.07124848681312416	0.07124848681312416	0.06412556032735706	0.06412556032735706	0.09298292748859234	0.1033112669768027	0.09618834049103557
UP000000321	0.009332090287682436	0.02810908722068531	0.02810908722068531	0.02810908722068531	0.02810908722068531	0.01397010079853197	0.02810908722068531	0.01397010079853197	0.01397010079853197	0.02810908722068531	0.01397010079853197	0.018608111309381507	0.11311597471982779	0.11311597471982779	0.11311597471982779	0.05621817444137062	0.05621817444137062	0.07018827523990259	0.14122506194051312	0.08432726166205594
UP000000323	0.014800792198587237	0.03193984537418954	0.03193984537418954	0.03193984537418954	0.03193984537418954	0.027582329630164895	0.03193984537418954	0.027582329630164895	0.027582329630164895	0.03193984537418954	0.027582329630164895	0.04036386706174256	0.07397154165045326	0.07397154165045326	0.07397154165045326	0.06387969074837908	0.06387969074837908	0.09146202037854398	0.10591138702464281	0.09581953612256863
UP000000328	0.007301960698068065	0.0256900244963335	0.0256900244963335	0.0256900244963335	0.0256900244963335	0.010201593341346162	0.0256900244963335	0.010201593341346162	0.010201593341346162	0.0256900244963335	0.010201593341346162	0.013101225984624258	0.1293871136673102	0.1293871136673102	0.1293871136673102	0.051380048992667	0.051380048992667	0.06158164233401317	0.1550771381636437	0.07707007348900051
UP000000329	0.010677789029150413	0.029396622581366365	0.029396622581366365	0.029396622581366365	0.029396622581366365	0.016768722966513605	0.029396622581366365	0.016768722966513605	0.016768722966513605	0.029396622581366365	0.016768722966513605	0.022859656903876795	0.10306824448313576	0.10306824448313576	0.10306824448313576	0.05879324516273273	0.05879324516273273	0.07556196812924634	0.1324648670645021	0.08818986774409909
UP000000333	0.010219856855807716	0.028984495074807277	0.028984495074807277	0.028984495074807277	0.028984495074807277	0.015785936677557056	0.028984495074807277	0.015785936677557056	0.015785936677557056	0.028984495074807277	0.015785936677557056	0.0213520164993064	0.10643663051504607	0.10643663051504607	0.10643663051504607	0.057968990149614555	0.057968990149614555	0.0737549268271716	0.13542112558985334	0.08695348522442183
UP000000343	0.01217919282655882	0.030567258067214626	0.030567258067214626	0.030567258067214626	0.030567258067214626	0.02024598701970426	0.030567258067214626	0.02024598701970426	0.02024598701970426	0.030567258067214626	0.02024598701970426	0.028312781212849702	0.09230049044665903	0.09230049044665903	0.09230049044665903	0.06113451613442925	0.06113451613442925	0.08138050315413352	0.12286774851387364	0.09170177420164388
UP000000361	0.009373936963074937	0.028152682985471852	0.028152682985471852	0.028152682985471852	0.028152682985471852	0.014053200108915531	0.028152682985471852	0.014053200108915531	0.014053200108915531	0.028152682985471852	0.014053200108915531	0.018732463254756127	0.11279616786751044	0.11279616786751044	0.11279616786751044	0.056305365970943703	0.056305365970943703	0.07035856607985923	0.14094885085298228	0.08445804895641555
UP000000366	0.008506476766542224	0.027199458761219535	0.027199458761219535	0.027199458761219535	0.027199458761219535	0.012377456099873136	0.027199458761219535	0.012377456099873136	0.012377456099873136	0.027199458761219535	0.012377456099873136	0.016248435433204044	0.11954161678034385	0.11954161678034385	0.11954161678034385	0.05439891752243907	0.05439891752243907	0.0667763736223122	0.14674107554156338	0.0815983762836586
UP000000370	0.019430950542983442	0.03034038536719014	0.03034038536719014	0.03034038536719014	0.03034038536719014	0.05403969472523063	0.03034038536719014	0.05403969472523063	0.05403969472523063	0.03034038536719014	0.05403969472523063	0.08864843890747781	0.034068992762085845	0.034068992762085845	0.034068992762085845	0.06068077073438028	0.06068077073438028	0.11472046545961093	0.064409378129276	0.09102115610157042
UP000000374	0.010053132187632062	0.028827881671310104	0.028827881671310104	0.028827881671310104	0.028827881671310104	0.015436184934613626	0.028827881671310104	0.015436184934613626	0.015436184934613626	0.028827881671310104	0.015436184934613626	0.02081923768159519	0.10767514967918572	0.10767514967918572	0.10767514967918572	0.05765576334262021	0.05765576334262021	0.07309194827723384	0.13650303135049585	0.08648364501393031
UP000000376	0.014921973272729686	0.031980794322337185	0.031980794322337185	0.031980794322337185	0.031980794322337185	0.02797476781841034	0.031980794322337185	0.02797476781841034	0.02797476781841034	0.031980794322337185	0.02797476781841034	0.04102756236409099	0.07312097902843316	0.07312097902843316	0.07312097902843316	0.06396158864467437	0.06396158864467437	0.09193635646308472	0.10510177335077034	0.09594238296701156
UP000000377	0.007711928416484019	0.026229704183217913	0.026229704183217913	0.026229704183217913	0.026229704183217913	0.0109236445885642	0.026229704183217913	0.0109236445885642	0.0109236445885642	0.026229704183217913	0.0109236445885642	0.01413536076064438	0.12596480523714096	0.12596480523714096	0.12596480523714096	0.052459408366435825	0.052459408366435825	0.06338305295500003	0.1521945094203589	0.07868911254965373
UP000000379	0.008669800102831086	0.027387050920652127	0.027387050920652127	0.027387050920652127	0.027387050920652127	0.012685637394036452	0.027387050920652127	0.012685637394036452	0.012685637394036452	0.027387050920652127	0.012685637394036452	0.01670147468524182	0.11825193087782772	0.11825193087782772	0.11825193087782772	0.054774101841304254	0.054774101841304254	0.06745973923534071	0.14563898179847984	0.08216115276195639
UP000000417	0.008424941623074316	0.027104351035445833	0.027104351035445833	0.027104351035445833	0.027104351035445833	0.012224828428125003	0.027104351035445833	0.012224828428125003	0.012224828428125003	0.027104351035445833	0.012224828428125003	0.01602471523317569	0.1201891461089979	0.1201891461089979	0.1201891461089979	0.054208702070891665	0.054208702070891665	0.06643353049901667	0.14729349714444376	0.08131305310633749
UP000000422	0.016563441461886024	0.03229107391549637	0.03229107391549637	0.03229107391549637	0.03229107391549637	0.03400710908767337	0.03229107391549637	0.03400710908767337	0.03400710908767337	0.03229107391549637	0.03400710908767337	0.051450776713460704	0.06132326343458609	0.06132326343458609	0.06132326343458609	0.06458214783099274	0.06458214783099274	0.09858925691866612	0.09361433735008245	0.09687322174648912
UP000000423	0.01907643542191801	0.025725257496138017	0.025725257496138017	0.025725257496138017	0.025725257496138017	0.07380949705965176	0.025725257496138017	0.07380949705965176	0.07380949705965176	0.025725257496138017	0.07380949705965176	0.12854255869738548	0.01793235016105738	0.01793235016105738	0.01793235016105738	0.051450514992276035	0.051450514992276035	0.12526001205192777	0.04365760765719539	0.07717577248841405
UP000000425	0.01563319100379182	0.03217459401524624	0.03217459401524624	0.03217459401524624	0.03217459401524624	0.030408035724750506	0.03217459401524624	0.030408035724750506	0.030408035724750506	0.03217459401524624	0.030408035724750506	0.045182880445709186	0.0680875614207016	0.0680875614207016	0.0680875614207016	0.06434918803049249	0.06434918803049249	0.094757223755243	0.10026215543594785	0.09652378204573872
UP000000428	0.007675096480758555	0.026182354469088256	0.026182354469088256	0.026182354469088256	0.026182354469088256	0.01085801563745362	0.026182354469088256	0.01085801563745362	0.01085801563745362	0.026182354469088256	0.01085801563745362	0.014040934794148682	0.12626905475810316	0.12626905475810316	0.12626905475810316	0.05236470893817651	0.05236470893817651	0.06322272457563013	0.15245140922719141	0.07854706340726476
UP000000429	0.01900147827414977	0.031220985967687055	0.031220985967687055	0.031220985967687055	0.031220985967687055	0.048549000617782556	0.031220985967687055	0.048549000617782556	0.048549000617782556	0.031220985967687055	0.048549000617782556	0.07809652296141534	0.04015530504813234	0.04015530504813234	0.04015530504813234	0.06244197193537411	0.06244197193537411	0.11099097255315667	0.07137629101581938	0.09366295790306117
UP000000430	0.018682923904514894	0.03158431675209252	0.03158431675209252	0.03158431675209252	0.03158431675209252	0.045738269768774216	0.03158431675209252	0.045738269768774216	0.045738269768774216	0.03158431675209252	0.045738269768774216	0.07279361563303353	0.043620760896275035	0.043620760896275035	0.043620760896275035	0.06316863350418504	0.06316863350418504	0.10890690327295927	0.07520507764836756	0.09475295025627758
UP000000431	0.018538429067214753	0.031709383192015585	0.031709383192015585	0.031709383192015585	0.031709383192015585	0.04463170591137427	0.031709383192015585	0.04463170591137427	0.04463170591137427	0.031709383192015585	0.04463170591137427	0.0707249827555338	0.04505698188703271	0.04505698188703271	0.04505698188703271	0.06341876638403117	0.06341876638403117	0.10805047229540544	0.0767663650790483	0.09512814957604676
UP000000432	0.01768508074736283	0.032153062323204924	0.032153062323204924	0.032153062323204924	0.032153062323204924	0.039302614568595906	0.032153062323204924	0.039302614568595906	0.039302614568595906	0.032153062323204924	0.039302614568595906	0.06092014838982899	0.052608175212137454	0.052608175212137454	0.052608175212137454	0.06430612464640985	0.06430612464640985	0.10360873921500575	0.08476123753534237	0.09645918696961475
UP000000439	0.012151134473250896	0.03054788767438216	0.03054788767438216	0.03054788767438216	0.03054788767438216	0.020177010962040606	0.03054788767438216	0.020177010962040606	0.020177010962040606	0.03054788767438216	0.020177010962040606	0.028202887450830317	0.0924986801189003	0.0924986801189003	0.0924986801189003	0.06109577534876432	0.06109577534876432	0.08127278631080492	0.12304656779328246	0.09164366302314647
UP000000440	0.014623206112314765	0.03187590539224125	0.03187590539224125	0.03187590539224125	0.03187590539224125	0.027017681523593778	0.03187590539224125	0.027017681523593778	0.027017681523593778	0.03187590539224125	0.027017681523593778	0.03941215693487279	0.07521543576474587	0.07521543576474587	0.07521543576474587	0.0637518107844825	0.0637518107844825	0.09076949230807627	0.10709134115698714	0.09562771617672375
UP000000442	0.01651653653689447	0.03228948308419978	0.03228948308419978	0.03228948308419978	0.03228948308419978	0.0338117184077273	0.03228948308419978	0.0338117184077273	0.0338117184077273	0.03228948308419978	0.0338117184077273	0.05110690027856014	0.061671560449678094	0.061671560449678094	0.061671560449678094	0.06457896616839956	0.06457896616839956	0.09839068457612686	0.09396104353387788	0.09686844925259935
UP000000449	0.01936035247182302	0.030545203806771063	0.030545203806771063	0.030545203806771063	0.030545203806771063	0.052872040433383664	0.030545203806771063	0.052872040433383664	0.052872040433383664	0.030545203806771063	0.052872040433383664	0.08638372839494432	0.0352931140144943	0.0352931140144943	0.0352931140144943	0.061090407613542126	0.061090407613542126	0.1139624480469258	0.06583831782126535	0.09163561142031319
UP000000467	0.014628263743128233	0.03187779007923518	0.03187779007923518	0.03187779007923518	0.03187779007923518	0.027033595690742436	0.03187779007923518	0.027033595690742436	0.027033595690742436	0.03187779007923518	0.027033595690742436	0.03943892763835664	0.07518004722426003	0.07518004722426003	0.07518004722426003	0.06375558015847035	0.06375558015847035	0.09078917584921278	0.1070578373034952	0.09563337023770552
UP000000492	0.013324712985845333	0.03127582259609232	0.03127582259609232	0.03127582259609232	0.03127582259609232	0.023215353732298463	0.03127582259609232	0.023215353732298463	0.023215353732298463	0.03127582259609232	0.023215353732298463	0.0331059944787516	0.08426984058410841	0.08426984058410841	0.08426984058410841	0.06255164519218465	0.06255164519218465	0.08576699892448311	0.11554566318020074	0.09382746778827697
UP000000504	0.01776378785752385	0.032127783269557356	0.032127783269557356	0.032127783269557356	0.032127783269557356	0.0397320599152242	0.032127783269557356	0.0397320599152242	0.0397320599152242	0.032127783269557356	0.0397320599152242	0.06170033197292456	0.05195776207012824	0.05195776207012824	0.05195776207012824	0.06425556653911471	0.06425556653911471	0.10398762645433893	0.0840855453396856	0.09638334980867207
UP000000528	0.019278316623711007	0.026431773841432703	0.026431773841432703	0.026431773841432703	0.026431773841432703	0.07123270462554769	0.026431773841432703	0.07123270462554769	0.07123270462554769	0.026431773841432703	0.07123270462554769	0.12318709262738436	0.019615671539560738	0.019615671539560738	0.019615671539560738	0.05286354768286541	0.05286354768286541	0.12409625230841309	0.04604744538099344	0.07929532152429812
UP000000529	0.019448205166211888	0.03028331505340085	0.03028331505340085	0.03028331505340085	0.03028331505340085	0.05435626684025908	0.03028331505340085	0.05435626684025908	0.05435626684025908	0.03028331505340085	0.05435626684025908	0.08926432851430627	0.0337432728159432	0.0337432728159432	0.0337432728159432	0.0605666301068017	0.0605666301068017	0.11492289694706079	0.06402658786934405	0.09084994516020255
UP000000531	0.019630606137520403	0.028905806518586298	0.028905806518586298	0.028905806518586298	0.028905806518586298	0.06117803169105528	0.028905806518586298	0.06117803169105528	0.06117803169105528	0.028905806518586298	0.06117803169105528	0.10272545724459017	0.027315218466308046	0.027315218466308046	0.027315218466308046	0.057811613037172596	0.057811613037172596	0.11898964472822789	0.05622102498489434	0.08671741955575889
UP000000532	0.008244538578864723	0.0268904129997794	0.0268904129997794	0.0268904129997794	0.0268904129997794	0.011889978575078872	0.0268904129997794	0.011889978575078872	0.011889978575078872	0.0268904129997794	0.011889978575078872	0.015535418571293024	0.12163088549449438	0.12163088549449438	0.12163088549449438	0.0537808259995588	0.0537808259995588	0.06567080457463767	0.14852129849427378	0.0806712389993382
UP000000534	0.019546590394779257	0.02986710989451257	0.02986710989451257	0.02986710989451257	0.02986710989451257	0.05656693574378513	0.02986710989451257	0.05656693574378513	0.05656693574378513	0.02986710989451257	0.05656693574378513	0.093587281092791	0.03153942287032571	0.03153942287032571	0.03153942287032571	0.05973421978902514	0.05973421978902514	0.11630115553281027	0.061406532764838276	0.0896013296835377
UP000000535	0.015241539136514982	0.03207798233622748	0.03207798233622748	0.03207798233622748	0.03207798233622748	0.02903925831593672	0.03207798233622748	0.02903925831593672	0.02903925831593672	0.03207798233622748	0.02903925831593672	0.042836977495358454	0.0708693686022008	0.0708693686022008	0.0708693686022008	0.06415596467245496	0.06415596467245496	0.09319522298839168	0.1029473509384283	0.09623394700868244
UP000000537	0.01909178387284243	0.031087257636424673	0.031087257636424673	0.031087257636424673	0.031087257636424673	0.049477929399992994	0.031087257636424673	0.049477929399992994	0.049477929399992994	0.031087257636424673	0.049477929399992994	0.07986407492714356	0.03906459300431359	0.03906459300431359	0.03906459300431359	0.06217451527284935	0.06217451527284935	0.11165244467284234	0.07015185064073827	0.09326177290927401
UP000000545	0.01149626885425926	0.030068734413463954	0.030068734413463954	0.030068734413463954	0.030068734413463954	0.0186124052201124	0.030068734413463954	0.0186124052201124	0.0186124052201124	0.030068734413463954	0.0186124052201124	0.02572854158596554	0.0971533532109475	0.0971533532109475	0.0971533532109475	0.06013746882692791	0.06013746882692791	0.0787498740470403	0.12722208762441145	0.09020620324039186
UP000000546	0.01792727951948342	0.032066783459929894	0.032066783459929894	0.032066783459929894	0.032066783459929894	0.040657026781008736	0.032066783459929894	0.040657026781008736	0.040657026781008736	0.032066783459929894	0.040657026781008736	0.06338677404253405	0.05058306929351516	0.05058306929351516	0.05058306929351516	0.06413356691985979	0.06413356691985979	0.10479059370086852	0.08264985275344505	0.09620035037978969
UP000000549	0.01948298273098119	0.02735664725871852	0.02735664725871852	0.02735664725871852	0.02735664725871852	0.06769263336551157	0.02735664725871852	0.06769263336551157	0.06769263336551157	0.02735664725871852	0.06769263336551157	0.11590228400004193	0.022111302575480656	0.022111302575480656	0.022111302575480656	0.05471329451743704	0.05471329451743704	0.12240592788294861	0.04946794983419918	0.08206994177615556
UP000000555	0.01926042344707394	0.03078011173873446	0.03078011173873446	0.03078011173873446	0.03078011173873446	0.05146302320223819	0.03078011173873446	0.05146302320223819	0.05146302320223819	0.03078011173873446	0.05146302320223819	0.08366562295740244	0.036819262441145306	0.036819262441145306	0.036819262441145306	0.06156022347746892	0.06156022347746892	0.11302324667970712	0.06759937417987977	0.09234033521620338
UP000000556	0.011558937341818518	0.03011683305013311	0.03011683305013311	0.03011683305013311	0.03011683305013311	0.01875851613954961	0.03011683305013311	0.01875851613954961	0.01875851613954961	0.03011683305013311	0.01875851613954961	0.025958094937280702	0.09670526455525574	0.09670526455525574	0.09670526455525574	0.06023366610026622	0.06023366610026622	0.07899218223981583	0.12682209760538884	0.0903504991503993
UP000000557	0.011350046054319047	0.02995465554889857	0.02995465554889857	0.02995465554889857	0.02995465554889857	0.018274327129538408	0.02995465554889857	0.018274327129538408	0.018274327129538408	0.02995465554889857	0.018274327129538408	0.025198608204757767	0.09820130532771351	0.09820130532771351	0.09820130532771351	0.05990931109779714	0.05990931109779714	0.07818363822733554	0.12815596087661205	0.08986396664669569
UP000000558	0.015891320394398473	0.0322237554013447	0.0322237554013447	0.0322237554013447	0.0322237554013447	0.03135344002138744	0.0322237554013447	0.03135344002138744	0.03135344002138744	0.0322237554013447	0.03135344002138744	0.046815559648376394	0.0662364583571932	0.0662364583571932	0.0662364583571932	0.0644475108026894	0.0644475108026894	0.09580095082407683	0.0984602137585379	0.0966712662040341
UP000000562	0.018548263122510386	0.02424662942240287	0.02424662942240287	0.02424662942240287	0.02424662942240287	0.07892312264468081	0.02424662942240287	0.07892312264468081	0.07892312264468081	0.02424662942240287	0.07892312264468081	0.13929798216685124	0.014898017682197099	0.014898017682197099	0.014898017682197099	0.04849325884480574	0.04849325884480574	0.12741638148948656	0.03914464710459996	0.0727398882672086
UP000000566	0.01756824599190005	0.03218607633536591	0.03218607633536591	0.03218607633536591	0.03218607633536591	0.03868240999434896	0.03218607633536591	0.03868240999434896	0.03868240999434896	0.03218607633536591	0.03868240999434896	0.05979657399679787	0.05356147716842567	0.05356147716842567	0.05356147716842567	0.06437215267073182	0.06437215267073182	0.10305456266508078	0.08574755350379158	0.09655822900609773
UP000000577	0.011919502851571078	0.030384336614745187	0.030384336614745187	0.030384336614745187	0.030384336614745187	0.019613834143735846	0.030384336614745187	0.019613834143735846	0.019613834143735846	0.030384336614745187	0.019613834143735846	0.02730816543590061	0.09413844378948151	0.09413844378948151	0.09413844378948151	0.06076867322949037	0.06076867322949037	0.08038250737322622	0.1245227804042267	0.09115300984423556
UP000000579	0.019133382027912683	0.03101933838564349	0.03101933838564349	0.03101933838564349	0.03101933838564349	0.0499332854440096	0.03101933838564349	0.0499332854440096	0.0499332854440096	0.03101933838564349	0.0499332854440096	0.08073318886010653	0.038539396930409225	0.038539396930409225	0.038539396930409225	0.06203867677128698	0.06203867677128698	0.11197196221529658	0.06955873531605272	0.09305801515693048
UP000000580	0.008213063107654734	0.026852586265441798	0.026852586265441798	0.026852586265441798	0.026852586265441798	0.011831954269156295	0.026852586265441798	0.011831954269156295	0.011831954269156295	0.026852586265441798	0.011831954269156295	0.015450845430657854	0.12188373496720932	0.12188373496720932	0.12188373496720932	0.053705172530883596	0.053705172530883596	0.06553712680003988	0.14873632123265113	0.08055775879632539
UP000000582	0.014625848723649462	0.03187689060268145	0.03187689060268145	0.03187689060268145	0.03187689060268145	0.027025995473457364	0.03187689060268145	0.027025995473457364	0.027025995473457364	0.03187689060268145	0.027025995473457364	0.03942614222326527	0.07519694551072381	0.07519694551072381	0.07519694551072381	0.0637537812053629	0.0637537812053629	0.09077977667882028	0.10707383611340528	0.09563067180804435
UP000000584	0.017084581628822485	0.032272614481575215	0.032272614481575215	0.032272614481575215	0.032272614481575215	0.03630253646614014	0.032272614481575215	0.03630253646614014	0.03630253646614014	0.032272614481575215	0.03630253646614014	0.0555204913034578	0.057380103257953875	0.057380103257953875	0.057380103257953875	0.06454522896315043	0.06454522896315043	0.10084776542929057	0.08965271773952911	0.09681784344472566
UP000000585	0.018950089948647126	0.03128988152911588	0.03128988152911588	0.03128988152911588	0.03128988152911588	0.04805154654295497	0.03128988152911588	0.04805154654295497	0.04805154654295497	0.03128988152911588	0.04805154654295497	0.07715300313726281	0.04075026743336528	0.04075026743336528	0.04075026743336528	0.06257976305823176	0.06257976305823176	0.11063130960118674	0.07204014896248116	0.09386964458734764
UP000000586	0.018871581671305055	0.03138657843595523	0.03138657843595523	0.03138657843595523	0.03138657843595523	0.04732836847469277	0.03138657843595523	0.04732836847469277	0.04732836847469277	0.03138657843595523	0.04732836847469277	0.07578515527808048	0.041629041425466744	0.041629041425466744	0.041629041425466744	0.06277315687191046	0.06277315687191046	0.11010152534660322	0.07301561986142197	0.09415973530786569
UP000000588	0.016529570326085517	0.0322899752743372	0.0322899752743372	0.0322899752743372	0.0322899752743372	0.03386584411233211	0.0322899752743372	0.03386584411233211	0.03386584411233211	0.0322899752743372	0.03386584411233211	0.05120211789857871	0.06157487170606998	0.06157487170606998	0.06157487170606998	0.0645799505486744	0.0645799505486744	0.09844579466100652	0.09386484698040719	0.0968699258230116
UP000000593	0.01840394832460936	0.0318093266481518	0.0318093266481518	0.0318093266481518	0.0318093266481518	0.04367032318999153	0.0318093266481518	0.04367032318999153	0.04367032318999153	0.0318093266481518	0.04367032318999153	0.0689366980553737	0.046339627824907643	0.046339627824907643	0.046339627824907643	0.0636186532963036	0.0636186532963036	0.10728897648629512	0.07814895447305945	0.09542797994445543
UP000000594	0.019487184791803374	0.0301404757210714	0.0301404757210714	0.0301404757210714	0.0301404757210714	0.055133481662059315	0.0301404757210714	0.055133481662059315	0.055133481662059315	0.0301404757210714	0.055133481662059315	0.09077977853231524	0.0329545042071106	0.0329545042071106	0.0329545042071106	0.0602809514421428	0.0602809514421428	0.11541443310420212	0.06309497992818201	0.0904214271632142
UP000000601	0.019257284451996835	0.026351697082053843	0.026351697082053843	0.026351697082053843	0.026351697082053843	0.07152982959462961	0.026351697082053843	0.07152982959462961	0.07152982959462961	0.026351697082053843	0.07152982959462961	0.12380237473726238	0.019416009881182788	0.019416009881182788	0.019416009881182788	0.052703394164107686	0.052703394164107686	0.12423322375873729	0.045767706963236635	0.07905509124616153
UP000000602	0.017225247218438346	0.03225508174858417	0.03225508174858417	0.03225508174858417	0.03225508174858417	0.036966591751619926	0.03225508174858417	0.036966591751619926	0.036966591751619926	0.03225508174858417	0.036966591751619926	0.05670793628480151	0.05628813744032847	0.05628813744032847	0.05628813744032847	0.06451016349716834	0.06451016349716834	0.10147675524878827	0.08854321918891263	0.0967652452457525
UP000000605	0.008927730570212131	0.027675520931433596	0.027675520931433596	0.027675520931433596	0.027675520931433596	0.013179131487259046	0.027675520931433596	0.013179131487259046	0.013179131487259046	0.027675520931433596	0.013179131487259046	0.017430532404305962	0.11623443617156229	0.11623443617156229	0.11623443617156229	0.05535104186286719	0.05535104186286719	0.06853017335012623	0.14390995710299587	0.0830265627943008
UP000000606	0.01736016573424792	0.03223260079426862	0.03223260079426862	0.03223260079426862	0.03223260079426862	0.03762418794071879	0.03223260079426862	0.03762418794071879	0.03762418794071879	0.03223260079426862	0.03762418794071879	0.057888210147189666	0.05522726792666759	0.05522726792666759	0.05522726792666759	0.06446520158853725	0.06446520158853725	0.10208938952925604	0.08745986872093622	0.09669780238280588
UP000000609	0.019080242238478554	0.031105346856249032	0.031105346856249032	0.031105346856249032	0.031105346856249032	0.04935487646835681	0.031105346856249032	0.04935487646835681	0.04935487646835681	0.031105346856249032	0.04935487646835681	0.07962951069823507	0.03920757875537944	0.03920757875537944	0.03920757875537944	0.062210693712498065	0.062210693712498065	0.11156557018085488	0.07031292561162847	0.0933160405687471
UP000000625	0.015874216716827722	0.03222087285816646	0.03222087285816646	0.03222087285816646	0.03222087285816646	0.0312896481172325	0.03222087285816646	0.0312896481172325	0.0312896481172325	0.03222087285816646	0.0312896481172325	0.04670507951763727	0.06635962436217728	0.06635962436217728	0.06635962436217728	0.06444174571633292	0.06444174571633292	0.09573139383356541	0.09858049722034376	0.09666261857449938
UP000000628	0.012937425651461347	0.031054391611414427	0.031054391611414427	0.031054391611414427	0.031054391611414427	0.0221761129050043	0.031054391611414427	0.0221761129050043	0.0221761129050043	0.031054391611414427	0.0221761129050043	0.03141480015854725	0.08697423597058476	0.08697423597058476	0.08697423597058476	0.06210878322282885	0.06210878322282885	0.08428489612783316	0.1180286275819992	0.09316317483424329
UP000000636	0.012179059117851398	0.030567165986188905	0.030567165986188905	0.030567165986188905	0.030567165986188905	0.02024565792860379	0.030567165986188905	0.02024565792860379	0.02024565792860379	0.030567165986188905	0.02024565792860379	0.02831225673935619	0.09230143468018773	0.09230143468018773	0.09230143468018773	0.06113433197237781	0.06113433197237781	0.0813799899009816	0.12286860066637664	0.0917014979585667
UP000000639	0.018721678341266586	0.03154718293895114	0.03154718293895114	0.03154718293895114	0.03154718293895114	0.04605013448459277	0.03154718293895114	0.04605013448459277	0.04605013448459277	0.03154718293895114	0.04605013448459277	0.07337859062791895	0.04322353289615809	0.04322353289615809	0.04322353289615809	0.06309436587790228	0.06309436587790228	0.10914450036249505	0.07477071583510923	0.09464154881685342
UP000000640	0.007305401143252496	0.025694671178306736	0.025694671178306736	0.025694671178306736	0.025694671178306736	0.01020757647495959	0.025694671178306736	0.01020757647495959	0.01020757647495959	0.025694671178306736	0.01020757647495959	0.013109751806666686	0.12935805645559378	0.12935805645559378	0.12935805645559378	0.05138934235661347	0.05138934235661347	0.061596918831573054	0.15505272763390052	0.07708401353492021
UP000000643	0.01903097667188234	0.03117919255959176	0.03117919255959176	0.03117919255959176	0.03117919255959176	0.0488442493724566	0.03117919255959176	0.0488442493724566	0.0488442493724566	0.03117919255959176	0.0488442493724566	0.07865752207303087	0.03980579335983391	0.03980579335983391	0.03980579335983391	0.06235838511918352	0.06235838511918352	0.11120263449164014	0.07098498591942567	0.0935375776787753
UP000000644	0.011390180445191037	0.029986225561364304	0.029986225561364304	0.029986225561364304	0.029986225561364304	0.01836672894050409	0.029986225561364304	0.01836672894050409	0.01836672894050409	0.029986225561364304	0.01836672894050409	0.025343277435817147	0.0979133221086606	0.0979133221086606	0.0979133221086606	0.05997245112272861	0.05997245112272861	0.0783391800632327	0.12789954767002493	0.08995867668409292
UP000000647	0.008854386882216741	0.027594451772805853	0.027594451772805853	0.027594451772805853	0.027594451772805853	0.013037945878287396	0.027594451772805853	0.013037945878287396	0.013037945878287396	0.027594451772805853	0.013037945878287396	0.017221504874358053	0.1168057876217736	0.1168057876217736	0.1168057876217736	0.055188903545611706	0.055188903545611706	0.06822684942389909	0.14440023939457947	0.08278335531841756
UP000000657	0.007075401556659226	0.025379503380321338	0.025379503380321338	0.025379503380321338	0.025379503380321338	0.009810379086300175	0.025379503380321338	0.009810379086300175	0.009810379086300175	0.025379503380321338	0.009810379086300175	0.012545356615941125	0.13131382307768932	0.13131382307768932	0.13131382307768932	0.050759006760642676	0.050759006760642676	0.060569385846942846	0.15669332645801068	0.07613851014096402
UP000000669	0.017938778077516117	0.022848176180718813	0.022848176180718813	0.022848176180718813	0.022848176180718813	0.08348647906848755	0.022848176180718813	0.08348647906848755	0.08348647906848755	0.022848176180718813	0.08348647906848755	0.14903418005945898	0.012505956907271546	0.012505956907271546	0.012505956907271546	0.045696352361437625	0.045696352361437625	0.12918283142992518	0.03535413308799037	0.06854452854215645
UP000000684	0.0184157796615031	0.031801102058752924	0.031801102058752924	0.031801102058752924	0.031801102058752924	0.04375255754970037	0.031801102058752924	0.04375255754970037	0.04375255754970037	0.031801102058752924	0.04375255754970037	0.06908933543789765	0.046228616053012664	0.046228616053012664	0.046228616053012664	0.06360220411750585	0.06360220411750585	0.10735476166720621	0.07802971811176557	0.09540330617625876
UP000000686	0.010641198789126356	0.029364654569159897	0.029364654569159897	0.029364654569159897	0.029364654569159897	0.016688966519614268	0.029364654569159897	0.016688966519614268	0.016688966519614268	0.029364654569159897	0.016688966519614268	0.022736734250102177	0.10333569031403544	0.10333569031403544	0.10333569031403544	0.058729309138319793	0.058729309138319793	0.07541827565793405	0.13270034488319532	0.08809396370747968
UP000000718	0.019587505074653785	0.02960165400277986	0.02960165400277986	0.02960165400277986	0.02960165400277986	0.057900332036114124	0.02960165400277986	0.057900332036114124	0.057900332036114124	0.02960165400277986	0.057900332036114124	0.09621315899757446	0.03026780292568082	0.03026780292568082	0.03026780292568082	0.05920330800555972	0.05920330800555972	0.11710364004167385	0.05986945692846068	0.0888049620083396
UP000000719	0.01913816708746384	0.031011237026868456	0.031011237026868456	0.031011237026868456	0.031011237026868456	0.04998692325052665	0.031011237026868456	0.04998692325052665	0.04998692325052665	0.031011237026868456	0.04998692325052665	0.08083567941358945	0.038477936204104536	0.038477936204104536	0.038477936204104536	0.06202247405373691	0.06202247405373691	0.11200939730426357	0.06948917323097299	0.09303371108060536
UP000000723	0.01957679147128848	0.029681541697256567	0.029681541697256567	0.029681541697256567	0.029681541697256567	0.057504573528226556	0.029681541697256567	0.057504573528226556	0.057504573528226556	0.029681541697256567	0.057504573528226556	0.09543235558516465	0.03064082953657722	0.03064082953657722	0.03064082953657722	0.059363083394513134	0.059363083394513134	0.1168676569227397	0.060322371233833785	0.08904462509176972
UP000000738	0.006701633862954946	0.024847063107112197	0.024847063107112197	0.024847063107112197	0.024847063107112197	0.0091767418269931	0.024847063107112197	0.0091767418269931	0.0091767418269931	0.024847063107112197	0.0091767418269931	0.011651849791031251	0.13455244937431327	0.13455244937431327	0.13455244937431327	0.04969412621422439	0.04969412621422439	0.05887086804121749	0.15939951248142545	0.07454118932133659
UP000000739	0.01439462701645171	0.031786904477976	0.031786904477976	0.031786904477976	0.031786904477976	0.026308264399545856	0.031786904477976	0.026308264399545856	0.026308264399545856	0.031786904477976	0.026308264399545856	0.038221901782640004	0.07681291938889079	0.07681291938889079	0.07681291938889079	0.063573808955952	0.063573808955952	0.08988207335549785	0.10859982386686677	0.09536071343392799
UP000000742	0.018546620630030923	0.03170281290662354	0.03170281290662354	0.03170281290662354	0.03170281290662354	0.044692265932455545	0.03170281290662354	0.044692265932455545	0.044692265932455545	0.03170281290662354	0.044692265932455545	0.07083791123488015	0.04497728299170864	0.04497728299170864	0.04497728299170864	0.06340562581324707	0.06340562581324707	0.1080978917457026	0.07668009589833218	0.0951084387198706
UP000000746	0.01587563819770463	0.03222111449462316	0.03222111449462316	0.03222111449462316	0.03222111449462316	0.031294943429693044	0.03222111449462316	0.031294943429693044	0.031294943429693044	0.03222111449462316	0.031294943429693044	0.04671424866168145	0.06634939101954451	0.06634939101954451	0.06634939101954451	0.06444222898924631	0.06444222898924631	0.09573717241893936	0.09857050551416768	0.09666334348386948
UP000000747	0.015832560393347524	0.03221362600843136	0.03221362600843136	0.03221362600843136	0.03221362600843136	0.031134981768070388	0.03221362600843136	0.031134981768070388	0.031134981768070388	0.03221362600843136	0.031134981768070388	0.046437403142793245	0.0666592778721514	0.0666592778721514	0.0666592778721514	0.06442725201686272	0.06442725201686272	0.09556223378493311	0.09887290388058276	0.0966408780252941
