Proteome_ID	M	W	C	D	E	F	H	K	N	Q	Y	I	A	G	P	T	V	L	R	S
UP000006687	0.015598817250951797	0.016568336346235994	0.03216715359718779	0.03216715359718779	0.03216715359718779	0.03028484815615307	0.03216715359718779	0.03028484815615307	0.03028484815615307	0.03216715359718779	0.03028484815615307	0.044970879061354344	0.06833290133798098	0.06833290133798098	0.06833290133798098	0.06433430719437558	0.06433430719437558	0.11021797260148045	0.10050005493516877	0.09650146079156337
UP000007251	0.014434804532990677	0.017368280762743854	0.031803085295734536	0.031803085295734536	0.031803085295734536	0.026431592514021145	0.031803085295734536	0.026431592514021145	0.026431592514021145	0.031803085295734536	0.026431592514021145	0.038428380495051616	0.07653237191752485	0.07653237191752485	0.07653237191752485	0.06360617059146907	0.06360617059146907	0.1044725676384809	0.10833545721325938	0.0954092558872036
UP000006677	0.018565077535563457	0.013122714450453935	0.03168779198601739	0.03168779198601739	0.03168779198601739	0.044829620988275753	0.03168779198601739	0.044829620988275753	0.044829620988275753	0.03168779198601739	0.044829620988275753	0.07109416444098805	0.04479699532644782	0.04479699532644782	0.04479699532644782	0.06337558397203479	0.06337558397203479	0.126770282495874	0.0764847873124652	0.09506337595805217
UP000007666	0.01875677298031481	0.012755325083881176	0.031512098064195984	0.031512098064195984	0.031512098064195984	0.04633870682531389	0.031512098064195984	0.04633870682531389	0.04633870682531389	0.031512098064195984	0.04633870682531389	0.07392064067031295	0.04285887079891674	0.04285887079891674	0.04285887079891674	0.06302419612839197	0.06302419612839197	0.12811967593402068	0.07437096886311274	0.09453629419258798
UP000099345	0.010757230755309096	0.018708227400537555	0.02946545815584665	0.02946545815584665	0.02946545815584665	0.01694263843961183	0.02946545815584665	0.01694263843961183	0.01694263843961183	0.02946545815584665	0.01694263843961183	0.023128046123914562	0.1024885501072927	0.1024885501072927	0.1024885501072927	0.0589309163116933	0.0589309163116933	0.08663078550661422	0.13195400826313936	0.08839637446753996
UP000007699	0.018047568660532212	0.013966326185064507	0.03201389484559672	0.03201389484559672	0.03201389484559672	0.041369001243493186	0.03201389484559672	0.041369001243493186	0.041369001243493186	0.03201389484559672	0.041369001243493186	0.06469043382645416	0.04954866844150008	0.04954866844150008	0.04954866844150008	0.06402778969119344	0.06402778969119344	0.12344435959521884	0.0815625632870968	0.09604168453679017
UP000002135	0.016103877683016	0.016151075003942975	0.03225495268695897	0.03225495268695897	0.03225495268695897	0.032160695967014374	0.03225495268695897	0.032160695967014374	0.032160695967014374	0.03225495268695897	0.032160695967014374	0.04821751425101275	0.06469897130988894	0.06469897130988894	0.06469897130988894	0.06450990537391794	0.06450990537391794	0.11277447902394834	0.09695392399684792	0.09676485806087692
UP000008222	0.018490666193952583	0.013255884156168109	0.031746550350120695	0.031746550350120695	0.031746550350120695	0.04428334303603926	0.031746550350120695	0.04428334303603926	0.04428334303603926	0.031746550350120695	0.04428334303603926	0.07007601987812594	0.04551794828644855	0.04551794828644855	0.04551794828644855	0.06349310070024139	0.06349310070024139	0.12626710993023324	0.07726449863656924	0.09523965105036207
UP000008623	0.015102730699760475	0.016934994221295265	0.03203772492105574	0.03203772492105574	0.03203772492105574	0.028571437662923645	0.03203772492105574	0.028571437662923645	0.028571437662923645	0.03203772492105574	0.028571437662923645	0.04204014462608681	0.07184908440566064	0.07184908440566064	0.07184908440566064	0.06407544984211148	0.06407544984211148	0.1077496182047956	0.10388680932671639	0.09611317476316722
UP000172353	0.0168971787704503	0.0039184175680339545	0.020815596338484257	0.020815596338484257	0.020815596338484257	0.08976196294499958	0.020815596338484257	0.08976196294499958	0.08976196294499958	0.020815596338484257	0.08976196294499958	0.16262674711954883	0.009654179492313713	0.009654179492313713	0.009654179492313713	0.04163119267696851	0.04163119267696851	0.14829033439241837	0.03046977583079797	0.06244678901545276
UP000163220	0.019577081481177906	0.010102421369092495	0.0296795028502704	0.0296795028502704	0.0296795028502704	0.057514730814756186	0.0296795028502704	0.057514730814756186	0.057514730814756186	0.0296795028502704	0.057514730814756186	0.09545238014833447	0.03063120967309505	0.03063120967309505	0.03063120967309505	0.0593590057005408	0.0593590057005408	0.13645081799647488	0.06031071252336545	0.08903850855081119
UP000000360	0.01623249385206049	0.016037035584663368	0.03226952943672386	0.03226952943672386	0.03226952943672386	0.032662828203202515	0.03226952943672386	0.032662828203202515	0.032662828203202515	0.03226952943672386	0.032662828203202515	0.04909316255434453	0.06376193289750019	0.06376193289750019	0.06376193289750019	0.06453905887344771	0.06453905887344771	0.1134343809287107	0.09603146233422404	0.09680858831017157
UP000004993	0.017046778034240533	0.015229572563208622	0.032276350597449155	0.032276350597449155	0.032276350597449155	0.036127592032308684	0.032276350597449155	0.036127592032308684	0.036127592032308684	0.032276350597449155	0.036127592032308684	0.055208406030376835	0.057671311553663174	0.057671311553663174	0.057671311553663174	0.06455270119489831	0.06455270119489831	0.11772707126144753	0.08994766215111234	0.09682905179234746
UP000008865	0.01627786088684601	0.015996006880572577	0.032273867767418585	0.032273867767418585	0.032273867767418585	0.03284254212446915	0.032273867767418585	0.03284254212446915	0.03284254212446915	0.032273867767418585	0.03284254212446915	0.0494072233620923	0.06343008021250464	0.06343008021250464	0.06343008021250464	0.06454773553483717	0.06454773553483717	0.11366813854615233	0.09570394797992322	0.09682160330225577
UP000009108	0.018478592234300605	0.013277053388200727	0.031755645622501334	0.031755645622501334	0.031755645622501334	0.04419652534625205	0.031755645622501334	0.04419652534625205	0.04419652534625205	0.031755645622501334	0.04419652534625205	0.0699144584582035	0.0456334981540536	0.0456334981540536	0.0456334981540536	0.06351129124500267	0.06351129124500267	0.12618640882555532	0.07738914377655493	0.095266936867504
UP000000396	0.018073179000155485	0.01392850492534583	0.03200168392550132	0.03200168392550132	0.03200168392550132	0.04152435347454374	0.03200168392550132	0.04152435347454374	0.04152435347454374	0.03200168392550132	0.04152435347454374	0.06497552794893198	0.04932564571754321	0.04932564571754321	0.04932564571754321	0.06400336785100263	0.06400336785100263	0.12360090032570185	0.08132732964304451	0.09600505177650394
UP000007661	0.017202767464402604	0.015055510225963867	0.032258277690366474	0.032258277690366474	0.032258277690366474	0.0368590397522694	0.032258277690366474	0.0368590397522694	0.0368590397522694	0.032258277690366474	0.0368590397522694	0.0565153120401362	0.05646356967206265	0.05646356967206265	0.05646356967206265	0.06451655538073295	0.06451655538073295	0.11857836259740495	0.08872184736242912	0.09677483307109942
UP000007068	0.018038044173186767	0.013980304155218413	0.03201834832840518	0.03201834832840518	0.03201834832840518	0.041311574847581016	0.03201834832840518	0.041311574847581016	0.041311574847581016	0.03201834832840518	0.041311574847581016	0.06458510552197527	0.04963135070311247	0.04963135070311247	0.04963135070311247	0.06403669665681036	0.06403669665681036	0.12338631567757813	0.08164969903151766	0.09605504498521554
UP000134285	0.01753386387215425	0.014660950894513943	0.03219481476666819	0.03219481476666819	0.03219481476666819	0.03850360754698486	0.03219481476666819	0.03850360754698486	0.03850360754698486	0.03219481476666819	0.03850360754698486	0.05947335122181548	0.0538394277261037	0.0538394277261037	0.0538394277261037	0.06438962953333638	0.06438962953333638	0.1204271009524755	0.0860342424927719	0.09658444430000458
UP000006372	0.01828682212898222	0.013598549942722903	0.031885372071705116	0.031885372071705116	0.031885372071705116	0.04287825761185059	0.031885372071705116	0.04287825761185059	0.04287825761185059	0.031885372071705116	0.04287825761185059	0.06746969309471897	0.047421560892441025	0.047421560892441025	0.047421560892441025	0.06377074414341023	0.06377074414341023	0.12493582388424304	0.07930693296414615	0.09565611621511536
UP000009089	0.018886051779083646	0.01248342198812029	0.031369473767203934	0.031369473767203934	0.031369473767203934	0.047458581982874073	0.031369473767203934	0.047458581982874073	0.047458581982874073	0.031369473767203934	0.047458581982874073	0.0760311121866645	0.04146958646115463	0.04146958646115463	0.04146958646115463	0.06273894753440787	0.06273894753440787	0.12908358129636557	0.07283906022835858	0.0941084213016118
UP000002317	0.01745882174146911	0.014753592655718807	0.032212414397187916	0.032212414397187916	0.032212414397187916	0.038118905269140815	0.032212414397187916	0.038118905269140815	0.038118905269140815	0.032212414397187916	0.038118905269140815	0.05877898879681254	0.05444225819025191	0.05444225819025191	0.05444225819025191	0.06442482879437583	0.06442482879437583	0.12000255580498577	0.08665467258743982	0.09663724319156375
UP000000862	0.018450442463723946	0.01332595441000495	0.03177639687372889	0.03177639687372889	0.03177639687372889	0.04399599189556095	0.03177639687372889	0.04399599189556095	0.04399599189556095	0.03177639687372889	0.04399599189556095	0.06954154132739795	0.045901426687852756	0.045901426687852756	0.045901426687852756	0.06355279374745779	0.06355279374745779	0.1259992281067427	0.07767782356158166	0.09532919062118668
UP000000344	0.01956471911201144	0.010196751615188454	0.029761470727199892	0.029761470727199892	0.029761470727199892	0.05710395203416508	0.029761470727199892	0.05710395203416508	0.05710395203416508	0.029761470727199892	0.05710395203416508	0.09464318495631872	0.031022201031411567	0.031022201031411567	0.031022201031411567	0.059522941454399785	0.059522941454399785	0.1361916126005763	0.060783671758611456	0.08928441218159969
UP000125273	0.010426869134590695	0.018747185008633902	0.029174054143224597	0.029174054143224597	0.029174054143224597	0.016226118456545428	0.029174054143224597	0.016226118456545428	0.016226118456545428	0.029174054143224597	0.016226118456545428	0.022025367778500157	0.1049080761281471	0.1049080761281471	0.1049080761281471	0.05834810828644919	0.05834810828644919	0.08500109587758531	0.13408213027137167	0.08752216242967378
UP000000470	0.01689963735518847	0.01538751357732258	0.032287150932511055	0.032287150932511055	0.032287150932511055	0.03545999418618309	0.032287150932511055	0.03545999418618309	0.03545999418618309	0.032287150932511055	0.03545999418618309	0.054020351017177705	0.058796406444135384	0.058796406444135384	0.058796406444135384	0.06457430186502211	0.06457430186502211	0.11693393340639366	0.09108355737664646	0.09686145279753317
UP000008687	0.01753179179835388	0.014663535852306779	0.03219532765066066	0.03219532765066066	0.03219532765066066	0.03849288377212062	0.03219532765066066	0.03849288377212062	0.03849288377212062	0.03219532765066066	0.03849288377212062	0.05945397574588737	0.05385614279614627	0.05385614279614627	0.05385614279614627	0.06439065530132132	0.06439065530132132	0.12041533087179583	0.08605147044680693	0.096585982951982
UP000008226	0.01860302960737006	0.013052903746282526	0.03165593335365259	0.03165593335365259	0.03165593335365259	0.045116111853245724	0.03165593335365259	0.045116111853245724	0.045116111853245724	0.03165593335365259	0.045116111853245724	0.07162919409912138	0.044423070842209644	0.044423070842209644	0.044423070842209644	0.06331186670730518	0.06331186670730518	0.12703100816792096	0.07607900419586222	0.09496780006095776
UP000009116	0.018974221188420373	0.012283900743677858	0.03125812193209823	0.03125812193209823	0.03125812193209823	0.04828258806792257	0.03125812193209823	0.04828258806792257	0.04828258806792257	0.03125812193209823	0.04828258806792257	0.07759095494742478	0.040472983152742587	0.040472983152742587	0.040472983152742587	0.06251624386419646	0.06251624386419646	0.1297730531205394	0.07173110508484083	0.09377436579629468
UP000002241	0.017972737683052256	0.014074900578757835	0.03204763826181009	0.03204763826181009	0.03204763826181009	0.040922761238551805	0.03204763826181009	0.040922761238551805	0.040922761238551805	0.03204763826181009	0.040922761238551805	0.06387278479405135	0.050194614785293995	0.050194614785293995	0.050194614785293995	0.06409527652362018	0.06409527652362018	0.12299077544522424	0.08224225304710407	0.09614291478543026
UP000006674	0.019325957847890794	0.01130608329933186	0.030632041147222653	0.030632041147222653	0.030632041147222653	0.05236062041406202	0.030632041147222653	0.05236062041406202	0.05236062041406202	0.030632041147222653	0.05236062041406202	0.08539528298023324	0.03584074968650085	0.03584074968650085	0.03584074968650085	0.061264082294445306	0.061264082294445306	0.13295066055639812	0.06647279083372351	0.09189612344166796
UP000006716	0.019080927304935616	0.012023354573888994	0.03110428187882461	0.03110428187882461	0.03110428187882461	0.049362142466543725	0.03110428187882461	0.049362142466543725	0.049362142466543725	0.03110428187882461	0.049362142466543725	0.07964335762815183	0.039199123168250055	0.039199123168250055	0.039199123168250055	0.06220856375764922	0.06220856375764922	0.13065163352912856	0.07030340504707468	0.09331284563647382
UP000001795	0.017015581253537946	0.015263551358944399	0.032279132612482345	0.032279132612482345	0.032279132612482345	0.03598429951490694	0.032279132612482345	0.03598429951490694	0.03598429951490694	0.032279132612482345	0.03598429951490694	0.054953017776275925	0.05791094539898346	0.05791094539898346	0.05791094539898346	0.06455826522496469	0.06455826522496469	0.11755814599340958	0.09019007801146582	0.09683739783744703
UP000007453	0.017631541391617385	0.014537299481373209	0.032168840872990594	0.032168840872990594	0.032168840872990594	0.03901592934088125	0.032168840872990594	0.03901592934088125	0.03901592934088125	0.032168840872990594	0.03901592934088125	0.06040031729014511	0.053046760161495426	0.053046760161495426	0.053046760161495426	0.06433768174598119	0.06433768174598119	0.12098515247847982	0.08521560103448603	0.09650652261897177
UP000140422	0.01474913189408774	0.01717259081215532	0.03192172270624306	0.03192172270624306	0.03192172270624306	0.027416812269678858	0.03192172270624306	0.027416812269678858	0.027416812269678858	0.03192172270624306	0.027416812269678858	0.04008449264526997	0.07433368770308976	0.07433368770308976	0.07433368770308976	0.06384344541248611	0.06384344541248611	0.10600938957625274	0.10625541040933281	0.09576516811872919
UP000009190	0.012223454278046367	0.018374166163273777	0.030597620441320143	0.030597620441320143	0.030597620441320143	0.020355134004886758	0.030597620441320143	0.020355134004886758	0.020355134004886758	0.030597620441320143	0.020355134004886758	0.028486813731727147	0.09198803372616762	0.09198803372616762	0.09198803372616762	0.061195240882640285	0.061195240882640285	0.0937738291655734	0.12258565416748776	0.09179286132396043
UP000007225	0.014991407315160295	0.017011849791766512	0.03200325710692681	0.03200325710692681	0.03200325710692681	0.02820233358361428	0.03200325710692681	0.02820233358361428	0.02820233358361428	0.03200325710692681	0.02820233358361428	0.041413259852068264	0.0726328878009678	0.0726328878009678	0.0726328878009678	0.06400651421385362	0.06400651421385362	0.10720025511262819	0.10463614490789461	0.09600977132078042
UP000008479	0.0169651753814316	0.015317887163319955	0.03228306254475156	0.03228306254475156	0.03228306254475156	0.03575478863905741	0.03228306254475156	0.03575478863905741	0.03575478863905741	0.03228306254475156	0.03575478863905741	0.05454440189668322	0.05829686970264332	0.05829686970264332	0.05829686970264332	0.06456612508950312	0.06456612508950312	0.11728608910999212	0.09057993224739488	0.09684918763425467
UP000002242	0.0167901489316511	0.01550133849256463	0.03229148742421573	0.03229148742421573	0.03229148742421573	0.03497626242644674	0.03229148742421573	0.03497626242644674	0.03497626242644674	0.03229148742421573	0.03497626242644674	0.05316237592124238	0.05962559105685527	0.05962559105685527	0.05962559105685527	0.06458297484843147	0.06458297484843147	0.1163493862065293	0.09191707848107099	0.0968744622726472
UP000007544	0.01779741843879569	0.014318778365878068	0.03211619680467376	0.03211619680467376	0.03211619680467376	0.039918586529531834	0.03211619680467376	0.039918586529531834	0.039918586529531834	0.03211619680467376	0.039918586529531834	0.06203975462026798	0.05167768635462424	0.05167768635462424	0.05167768635462424	0.06423239360934752	0.06423239360934752	0.12194839857767505	0.08379388315929802	0.09634859041402129
UP000007711	0.019428806913710274	0.010918444681464776	0.03034725159517505	0.03034725159517505	0.03034725159517505	0.05400136272205229	0.03034725159517505	0.05400136272205229	0.05400136272205229	0.03034725159517505	0.05400136272205229	0.08857391853039431	0.0341086088557083	0.0341086088557083	0.0341086088557083	0.0606945031903501	0.0606945031903501	0.13412467282611265	0.06445586045088335	0.09104175478552515
UP000009246	0.01958310578314511	0.010052559075735282	0.029635664858880396	0.029635664858880396	0.029635664858880396	0.057732399831019285	0.029635664858880396	0.057732399831019285	0.057732399831019285	0.029635664858880396	0.057732399831019285	0.09588169387889346	0.030425640860194676	0.030425640860194676	0.030425640860194676	0.05927132971776079	0.05927132971776079	0.1365868353319252	0.06006130571907507	0.08890699457664118
UP000002665	0.016332121214338805	0.015946372016365364	0.03227849323070417	0.03227849323070417	0.03227849323070417	0.03305932305599337	0.03227849323070417	0.03305932305599337	0.03305932305599337	0.03227849323070417	0.03305932305599337	0.04978652489764794	0.06303221172919493	0.06303221172919493	0.06303221172919493	0.06455698646140834	0.06455698646140834	0.1139484307317405	0.0953107049598991	0.09683547969211251
UP000002092	0.015863872123106644	0.01635523099417632	0.03221910311728297	0.03221910311728297	0.03221910311728297	0.031251147229639266	0.03221910311728297	0.031251147229639266	0.031251147229639266	0.03221910311728297	0.031251147229639266	0.04663842233617188	0.0664340798789994	0.0664340798789994	0.0664340798789994	0.06443820623456593	0.06443820623456593	0.11155322558731183	0.09865318299628237	0.0966573093518489
UP000007016	0.01839298491887365	0.013423870549928085	0.03181685546880173	0.03181685546880173	0.03181685546880173	0.043594501349447826	0.03181685546880173	0.043594501349447826	0.043594501349447826	0.03181685546880173	0.043594501349447826	0.06879601778002199	0.04644220076325937	0.04644220076325937	0.04644220076325937	0.06363371093760346	0.06363371093760346	0.12562119720592493	0.0782590562320611	0.09545056640640519
UP000009115	0.016444586854036526	0.015841494479794608	0.03228608133383114	0.03228608133383114	0.03228608133383114	0.03351522606328978	0.03228608133383114	0.03351522606328978	0.03351522606328978	0.03228608133383114	0.03351522606328978	0.05058586527254303	0.062204029053918336	0.062204029053918336	0.062204029053918336	0.06457216266766228	0.06457216266766228	0.11453197558498857	0.09449011038774947	0.09685824400149338
UP000002131	0.010774013150932338	0.01870588699394659	0.029479900144878928	0.029479900144878928	0.029479900144878928	0.016979511955347623	0.029479900144878928	0.016979511955347623	0.016979511955347623	0.029479900144878928	0.016979511955347623	0.023185010759762908	0.10236625349862596	0.10236625349862596	0.10236625349862596	0.058959800289757856	0.058959800289757856	0.08671332539603782	0.1318461536435049	0.08843970043463678
UP000009294	0.009238510147876626	0.018772229140661522	0.028010739288538148	0.028010739288538148	0.028010739288538148	0.013785123611460828	0.028010739288538148	0.013785123611460828	0.013785123611460828	0.028010739288538148	0.013785123611460828	0.01833173707504503	0.11383307652579101	0.11383307652579101	0.11383307652579101	0.056021478577076296	0.056021478577076296	0.07904511233641374	0.14184381581432914	0.08403221786561443
UP000008446	0.019382803358146003	0.01110157693906126	0.03048438029720726	0.03048438029720726	0.03048438029720726	0.053224217788078725	0.03048438029720726	0.053224217788078725	0.053224217788078725	0.03048438029720726	0.053224217788078725	0.08706563221801145	0.03492009768203318	0.03492009768203318	0.03492009768203318	0.06096876059441452	0.06096876059441452	0.13357578174063925	0.06540447797924043	0.09145314089162178
UP000002326	0.01838509301437188	0.013437127602526345	0.031822220616898225	0.031822220616898225	0.031822220616898225	0.04354014513157849	0.031822220616898225	0.04354014513157849	0.04354014513157849	0.031822220616898225	0.04354014513157849	0.0686951972487851	0.04651586355214475	0.04651586355214475	0.04651586355214475	0.06364444123379645	0.06364444123379645	0.12556967937974683	0.07833808416904299	0.09546666185069468
UP000007219	0.01570672923170742	0.016483087638663185	0.032189816870370605	0.032189816870370605	0.032189816870370605	0.030673666771947328	0.032189816870370605	0.030673666771947328	0.030673666771947328	0.032189816870370605	0.030673666771947328	0.045640604312187236	0.06756181566760977	0.06756181566760977	0.06756181566760977	0.06437963374074121	0.06437963374074121	0.11076002974439596	0.09975163253798036	0.0965694506111118
UP000006540	0.018169072292852462	0.013783715518474361	0.03195278781132682	0.03195278781132682	0.03195278781132682	0.042118724151267876	0.03195278781132682	0.042118724151267876	0.042118724151267876	0.03195278781132682	0.042118724151267876	0.0660683760096833	0.048481081489973946	0.048481081489973946	0.048481081489973946	0.06390557562265364	0.06390557562265364	0.12419337206677399	0.08043386930130077	0.09585836343398046
UP000000840	0.01676706936410135	0.015524944912733716	0.03229201427683506	0.03229201427683506	0.03229201427683506	0.03487564344541719	0.03229201427683506	0.03487564344541719	0.03487564344541719	0.03229201427683506	0.03487564344541719	0.05298421752673303	0.059799566863179686	0.059799566863179686	0.059799566863179686	0.06458402855367013	0.06458402855367013	0.11622674136318865	0.09209158114001474	0.0968760428305052
UP000201106	0.01738810169169324	0.01483911391686177	0.03222721560855501	0.03222721560855501	0.03222721560855501	0.037763043358331964	0.03222721560855501	0.037763043358331964	0.037763043358331964	0.03222721560855501	0.037763043358331964	0.05813798502497068	0.055005811688699	0.055005811688699	0.055005811688699	0.06445443121711002	0.06445443121711002	0.11960557626713522	0.08723302729725402	0.09668164682566503
UP000008920	0.01807746013536753	0.013922148621440053	0.03199960875680759	0.03199960875680759	0.03199960875680759	0.041550458006007984	0.03199960875680759	0.041550458006007984	0.041550458006007984	0.03199960875680759	0.041550458006007984	0.06502345587664844	0.049288263462255705	0.049288263462255705	0.049288263462255705	0.06399921751361518	0.06399921751361518	0.12362713565499069	0.08128787221906329	0.09599882627042275
UP000009253	0.018724562975081693	0.012819789532382763	0.03154435250746446	0.03154435250746446	0.03154435250746446	0.04607362808431471	0.03154435250746446	0.04607362808431471	0.04607362808431471	0.03154435250746446	0.04607362808431471	0.07342269319354773	0.0431937408225914	0.0431937408225914	0.0431937408225914	0.06308870501492891	0.06308870501492891	0.12788689607432532	0.07473809333005586	0.09463305752239336
UP000008286	0.019279677206735426	0.011459018056294042	0.030738695263029466	0.030738695263029466	0.030738695263029466	0.051717531076050885	0.030738695263029466	0.051717531076050885	0.051717531076050885	0.030738695263029466	0.051717531076050885	0.08415538494536634	0.036539539564793146	0.036539539564793146	0.036539539564793146	0.06147739052605893	0.06147739052605893	0.13247459880884524	0.06727823482782261	0.0922160857890884
UP000007908	0.01683567027758506	0.01545438622190077	0.03229005649948583	0.03229005649948583	0.03229005649948583	0.0351760811891418	0.03229005649948583	0.0351760811891418	0.0351760811891418	0.03229005649948583	0.0351760811891418	0.05351649210069853	0.05928163192105852	0.05928163192105852	0.05928163192105852	0.06458011299897166	0.06458011299897166	0.11659186446569851	0.09157168842054436	0.09687016949845749
UP000007670	0.016784847873605954	0.015506772303908288	0.032291620177514246	0.032291620177514246	0.032291620177514246	0.03495311091497966	0.032291620177514246	0.03495311091497966	0.03495311091497966	0.032291620177514246	0.03495311091497966	0.053121373956353364	0.05966557518872862	0.05966557518872862	0.05966557518872862	0.06458324035502849	0.06458324035502849	0.11632119914361409	0.09195719536624287	0.09687486053254273
UP000002501	0.01913479469827683	0.011882158414966442	0.031016953113243272	0.031016953113243272	0.031016953113243272	0.04994909251844582	0.031016953113243272	0.04994909251844582	0.04994909251844582	0.031016953113243272	0.04994909251844582	0.08076339033861481	0.038521275639746735	0.038521275639746735	0.038521275639746735	0.062033906226486545	0.062033906226486545	0.1311177934432092	0.06953822875299001	0.09305085933972983
UP000008167	0.014130225347616722	0.017544601118344896	0.03167482646596161	0.03167482646596161	0.03167482646596161	0.025510550669784308	0.03167482646596161	0.025510550669784308	0.025510550669784308	0.03167482646596161	0.025510550669784308	0.03689087599195189	0.07865723046403102	0.07865723046403102	0.07865723046403102	0.06334965293192323	0.06334965293192323	0.10299042894932427	0.11033205692999262	0.09502447939788485
UP000110594	0.006226605665843589	0.017905215335751186	0.024131821001594774	0.024131821001594774	0.024131821001594774	0.00839193109706041	0.024131821001594774	0.00839193109706041	0.00839193109706041	0.024131821001594774	0.00839193109706041	0.010557256528277232	0.1387868365737652	0.1387868365737652	0.1387868365737652	0.04826364200318955	0.04826364200318955	0.06288217876609355	0.16291865757535998	0.07239546300478433
UP000008447	0.0177073448209923	0.014438822534325858	0.03214616735531816	0.03214616735531816	0.03214616735531816	0.03942310868360024	0.03214616735531816	0.03942310868360024	0.03942310868360024	0.03214616735531816	0.03942310868360024	0.06113887254620819	0.05242489038242692	0.05242489038242692	0.05242489038242692	0.06429233471063632	0.06429233471063632	0.12142278821522887	0.08457105773774509	0.09643850206595447
UP000002325	0.017502908882862926	0.014699407348510692	0.03220231623137362	0.03220231623137362	0.03220231623137362	0.038344008942100404	0.03220231623137362	0.038344008942100404	0.038344008942100404	0.03220231623137362	0.038344008942100404	0.05918510900133788	0.05408871942582981	0.05408871942582981	0.05408871942582981	0.06440463246274725	0.06440463246274725	0.12025155028771056	0.08629103565720342	0.09660694869412086
UP000006541	0.01642056009998035	0.015864130260021668	0.03228469036000202	0.03228469036000202	0.03228469036000202	0.033417066657705656	0.03228469036000202	0.033417066657705656	0.033417066657705656	0.03228469036000202	0.033417066657705656	0.05041357321543096	0.06238137190900701	0.06238137190900701	0.06238137190900701	0.06456938072000404	0.06456938072000404	0.11440700747769005	0.09466606226900903	0.09685407108000606
UP000138352	0.018558806749573366	0.013134122652091003	0.03169292940166437	0.03169292940166437	0.03169292940166437	0.044782812500972026	0.03169292940166437	0.044782812500972026	0.044782812500972026	0.03169292940166437	0.044782812500972026	0.07100681825237068	0.04485836051664151	0.04485836051664151	0.04485836051664151	0.06338585880332874	0.06338585880332874	0.12672747805387413	0.07655128991830586	0.0950787882049931
UP000006711	0.012550869920565607	0.018263957527324126	0.030814827447889732	0.030814827447889732	0.030814827447889732	0.021175744103901363	0.030814827447889732	0.021175744103901363	0.021175744103901363	0.030814827447889732	0.021175744103901363	0.029800618287237117	0.08968313802661369	0.08968313802661369	0.08968313802661369	0.061629654895779463	0.061629654895779463	0.09535626892024643	0.12049796547450342	0.0924444823436692
UP000008622	0.019512579792194413	0.010521412796451721	0.030033992588646134	0.030033992588646134	0.030033992588646134	0.05569980840042431	0.030033992588646134	0.05569980840042431	0.05569980840042431	0.030033992588646134	0.05569980840042431	0.09188703700865421	0.032389364944672934	0.032389364944672934	0.032389364944672934	0.06006798517729227	0.06006798517729227	0.135280373369911	0.06242335753331907	0.0901019777659384
UP000001189	0.013864269033387002	0.017688234017810767	0.03155250305119777	0.03155250305119777	0.03155250305119777	0.024731264327353834	0.03155250305119777	0.024731264327353834	0.024731264327353834	0.03155250305119777	0.024731264327353834	0.03559825962132067	0.08051027522233971	0.08051027522233971	0.08051027522233971	0.06310500610239554	0.06310500610239554	0.10170053946313637	0.11206277827353747	0.0946575091535933
UP000516359	0.01959468006194871	0.00994709751311688	0.02954177757506559	0.02954177757506559	0.02954177757506559	0.058194028889466204	0.02954177757506559	0.058194028889466204	0.058194028889466204	0.02954177757506559	0.058194028889466204	0.0967933777169837	0.029993339143171784	0.029993339143171784	0.029993339143171784	0.05908355515013118	0.05908355515013118	0.1368722641015461	0.05953511671823738	0.08862533272519678
UP000002477	0.017149157168235354	0.015116130897889221	0.032265288066124574	0.032265288066124574	0.032265288066124574	0.03660477008714072	0.032265288066124574	0.03660477008714072	0.03660477008714072	0.032265288066124574	0.03660477008714072	0.05606038300604607	0.05688050008300542	0.05688050008300542	0.05688050008300542	0.06453057613224915	0.06453057613224915	0.11828450338762522	0.08914578814913	0.09679586419837373
UP000009104	0.018502314141884715	0.013235348747566376	0.03173766288945109	0.03173766288945109	0.03173766288945109	0.04436756598633901	0.03173766288945109	0.04436756598633901	0.04436756598633901	0.03173766288945109	0.04436756598633901	0.0702328178307933	0.04540610796610241	0.04540610796610241	0.04540610796610241	0.06347532577890218	0.06347532577890218	0.1263452059071259	0.07714377085555348	0.09521298866835327
UP000007218	0.018560247832094513	0.01313150406218848	0.03169175189428299	0.03169175189428299	0.03169175189428299	0.044793556519154246	0.03169175189428299	0.044793556519154246	0.044793556519154246	0.03169175189428299	0.044793556519154246	0.07102686520621397	0.04484426851434808	0.04484426851434808	0.04484426851434808	0.06338350378856598	0.06338350378856598	0.12673730813981476	0.07653602040863107	0.09507525568284898
UP000000518	0.012724421697166368	0.018200235230105093	0.030924656927271463	0.030924656927271463	0.030924656927271463	0.021620510427904346	0.030924656927271463	0.021620510427904346	0.021620510427904346	0.030924656927271463	0.021620510427904346	0.030516599158642327	0.08846547904208156	0.08846547904208156	0.08846547904208156	0.061849313854542926	0.061849313854542926	0.09619424597961365	0.11939013596935302	0.09277397078181439
UP000008774	0.012348402114335874	0.01833364706836653	0.030682049182702405	0.030682049182702405	0.030682049182702405	0.020665516227459272	0.030682049182702405	0.020665516227459272	0.020665516227459272	0.030682049182702405	0.020665516227459272	0.028982630340582672	0.09110714987113665	0.09110714987113665	0.09110714987113665	0.06136409836540481	0.06136409836540481	0.09437801670719996	0.12178919905383907	0.09204614754810721
UP000001833	0.01869825814039813	0.012871561564656355	0.03156981970505448	0.03156981970505448	0.03156981970505448	0.04586084099631125	0.03156981970505448	0.04586084099631125	0.04586084099631125	0.03156981970505448	0.04586084099631125	0.07302342385222436	0.043464249436237376	0.043464249436237376	0.043464249436237376	0.06313963941010896	0.06313963941010896	0.12769873854681835	0.07503406914129185	0.09470945911516344
UP000002138	0.01395602497172629	0.017639749358787774	0.03159577433051407	0.03159577433051407	0.03159577433051407	0.024997600962964335	0.03159577433051407	0.024997600962964335	0.024997600962964335	0.03159577433051407	0.024997600962964335	0.036039176954202376	0.07987110099275616	0.07987110099275616	0.07987110099275616	0.06319154866102814	0.06319154866102814	0.10214517459571874	0.11146687532327021	0.09478732299154219
UP000008478	0.01884480125622674	0.012572634357678062	0.0314174356139048	0.0314174356139048	0.0314174356139048	0.04709079364602454	0.0314174356139048	0.04709079364602454	0.04709079364602454	0.0314174356139048	0.04709079364602454	0.07533678603582235	0.041921368663837846	0.041921368663837846	0.041921368663837846	0.0628348712278096	0.0628348712278096	0.12877046613006088	0.07333880427774266	0.09425230684171441
UP000158064	0.018744789970834345	0.012779448652516593	0.03152423862335094	0.03152423862335094	0.03152423862335094	0.04623949342828742	0.03152423862335094	0.04623949342828742	0.04623949342828742	0.03152423862335094	0.04623949342828742	0.07373419688574048	0.042983932007093266	0.042983932007093266	0.042983932007093266	0.06304847724670189	0.06304847724670189	0.12803276064582364	0.07450817063044421	0.09457271587005282
UP000001065	0.019622008050833018	0.00958963606521922	0.02921164411605224	0.02921164411605224	0.02921164411605224	0.05977193629924711	0.02921164411605224	0.05977193629924711	0.05977193629924711	0.02921164411605224	0.05977193629924711	0.09992186454766121	0.02855253501210861	0.02855253501210861	0.02855253501210861	0.05842328823210448	0.05842328823210448	0.1378172325821846	0.05776417912816084	0.08763493234815671
UP000002473	0.01765447901519044	0.014507739045955892	0.03216221806114633	0.03216221806114633	0.03216221806114633	0.03913822836514047	0.03216221806114633	0.03913822836514047	0.03913822836514047	0.03216221806114633	0.03913822836514047	0.0606219777150905	0.05285922811641885	0.05285922811641885	0.05285922811641885	0.06432443612229266	0.06432443612229266	0.12111714350262358	0.08502144617756517	0.09648665418343899
UP000001594	0.014514878788211507	0.017319775205298732	0.03183465399351024	0.03183465399351024	0.03183465399351024	0.026679107465499268	0.03183465399351024	0.026679107465499268	0.026679107465499268	0.03183465399351024	0.026679107465499268	0.03884333614278703	0.07597294596133536	0.07597294596133536	0.07597294596133536	0.06366930798702047	0.06366930798702047	0.10486329424073125	0.1078075999548456	0.09550396198053071
UP000000868	0.0188459884973275	0.012570100579651853	0.031416089076979355	0.031416089076979355	0.031416089076979355	0.047101234363565225	0.031416089076979355	0.047101234363565225	0.047101234363565225	0.031416089076979355	0.047101234363565225	0.07535648022980294	0.04190848355584348	0.04190848355584348	0.04190848355584348	0.06283217815395871	0.06283217815395871	0.12877940101485144	0.07332457263282283	0.09424826723093806
UP000009165	0.01854603738217815	0.013157245277483794	0.03170328265966194	0.03170328265966194	0.03170328265966194	0.044687945914488186	0.03170328265966194	0.044687945914488186	0.044687945914488186	0.03170328265966194	0.044687945914488186	0.07082985444679822	0.044982964010997925	0.044982964010997925	0.044982964010997925	0.06340656531932388	0.06340656531932388	0.12664054861599022	0.07668624667065986	0.09510984797898585
UP000002243	0.01906218730227835	0.012070840177358348	0.031133027479636696	0.031133027479636696	0.031133027479636696	0.04916506161824526	0.031133027479636696	0.04916506161824526	0.04916506161824526	0.031133027479636696	0.04916506161824526	0.07926793593421216	0.039429032249524015	0.039429032249524015	0.039429032249524015	0.06226605495927339	0.06226605495927339	0.130493303879797	0.07056205972916071	0.09339908243891008
UP000242267	0.01940274542030292	0.011024439994840587	0.03042718541514351	0.03042718541514351	0.03042718541514351	0.05355110397831325	0.03042718541514351	0.05355110397831325	0.05355110397831325	0.03042718541514351	0.05355110397831325	0.08769946253632357	0.034576826377377815	0.034576826377377815	0.034576826377377815	0.06085437083028702	0.06085437083028702	0.13380822022890318	0.06500401179252131	0.09128155624543051
UP000158680	0.011286537330719786	0.01861776199204098	0.02990429932276077	0.02990429932276077	0.02990429932276077	0.01812870906823519	0.02990429932276077	0.01812870906823519	0.01812870906823519	0.02990429932276077	0.01812870906823519	0.024970880805750592	0.09865756183954535	0.09865756183954535	0.09865756183954535	0.05980859864552154	0.05980859864552154	0.08922384504447652	0.12856186116230614	0.08971289796828232
UP000153037	0.0130145123601455	0.018085447324501482	0.031099959684646978	0.031099959684646978	0.031099959684646978	0.022379916982618597	0.031099959684646978	0.022379916982618597	0.022379916982618597	0.031099959684646978	0.022379916982618597	0.0317453216050917	0.08643530654182952	0.08643530654182952	0.08643530654182952	0.062199919369293956	0.062199919369293956	0.09759434871205805	0.1175352662264765	0.09329987905394094
UP000000373	0.018420586261931996	0.013377144587972626	0.03179773084990462	0.03179773084990462	0.03179773084990462	0.043786089041827056	0.03179773084990462	0.043786089041827056	0.043786089041827056	0.03179773084990462	0.043786089041827056	0.06915159182172212	0.046183420777184174	0.046183420777184174	0.046183420777184174	0.06359546169980924	0.06359546169980924	0.1258021370035683	0.0779811516270888	0.09539319254971386
UP000000522	0.018113851748085382	0.013867716986618425	0.03198156873470381	0.03198156873470381	0.03198156873470381	0.04177395567638341	0.03198156873470381	0.04177395567638341	0.04177395567638341	0.03198156873470381	0.04177395567638341	0.06543405960468143	0.04896930262751382	0.04896930262751382	0.04896930262751382	0.06396313746940761	0.06396313746940761	0.1238509448938764	0.08095087136221762	0.09594470620411141
UP000007081	0.018423940248017474	0.013371427907587587	0.03179536815560506	0.03179536815560506	0.03179536815560506	0.04380952932709427	0.03179536815560506	0.04380952932709427	0.04380952932709427	0.03179536815560506	0.04380952932709427	0.06919511840617107	0.0461518510551648	0.0461518510551648	0.0461518510551648	0.06359073631121012	0.06359073631121012	0.12582420588632187	0.07794721921076984	0.09538610446681516
UP000002246	0.019594794479765067	0.009945977225653196	0.029540771705418262	0.029540771705418262	0.029540771705418262	0.058198941864489796	0.029540771705418262	0.058198941864489796	0.058198941864489796	0.029540771705418262	0.058198941864489796	0.09680308924921453	0.029988764915469836	0.029988764915469836	0.029988764915469836	0.059081543410836525	0.059081543410836525	0.1368752797550914	0.05952953662088809	0.08862231511625479
UP000006723	0.016003292171219412	0.016237977304614733	0.032241269475834146	0.032241269475834146	0.032241269475834146	0.03177529107927485	0.032241269475834146	0.03177529107927485	0.03177529107927485	0.032241269475834146	0.03177529107927485	0.047547289987330286	0.06542816270793243	0.06542816270793243	0.06542816270793243	0.06448253895166829	0.06448253895166829	0.11226112220216256	0.09766943218376657	0.09672380842750243
UP000000469	0.018818761687287133	0.012627722951962513	0.03144648463924965	0.03144648463924965	0.03144648463924965	0.04686386473477418	0.03144648463924965	0.04686386473477418	0.04686386473477418	0.03144648463924965	0.04686386473477418	0.07490896778226121	0.0422022981571466	0.0422022981571466	0.0422022981571466	0.0628929692784993	0.0628929692784993	0.1285755957005606	0.07364878279639625	0.09433945391774892
UP000000869	0.011506619697635027	0.018570091886000995	0.03007671158363602	0.03007671158363602	0.03007671158363602	0.018636487319120165	0.03007671158363602	0.018636487319120165	0.018636487319120165	0.03007671158363602	0.018636487319120165	0.025766354940605304	0.09707930085699562	0.09707930085699562	0.09707930085699562	0.06015342316727204	0.06015342316727204	0.09029653018402724	0.12715601244063165	0.09023013475090806
