Proteome_ID	M	W	C	D	E	F	H	K	N	Q	Y	I	A	G	P	T	V	L	R	S
UP000001015	0.019614334984826846	0.009717834189951258	0.029332169174778103	0.029332169174778103	0.029332169174778103	0.05920362302750869	0.029332169174778103	0.05920362302750869	0.05920362302750869	0.029332169174778103	0.05920362302750869	0.09879291107019054	0.02906498300274741	0.04867931798757425	0.02906498300274741	0.05866433834955621	0.05866433834955621	0.1178679613770649	0.05839715217752552	0.0879965075243343
UP000007478	0.019170678565056914	0.01178381159503498	0.030954490160091892	0.030954490160091892	0.030954490160091892	0.050358797424627115	0.030954490160091892	0.050358797424627115	0.050358797424627115	0.030954490160091892	0.050358797424627115	0.08154691628419733	0.03805414386653498	0.057224822431591896	0.03805414386653498	0.061908980320183785	0.061908980320183785	0.1122677777448109	0.06900863402662687	0.09286347048027568
UP000000674	0.014072336021347633	0.01757667390575232	0.03164900992709995	0.03164900992709995	0.03164900992709995	0.025339009236062544	0.03164900992709995	0.025339009236062544	0.025339009236062544	0.03164900992709995	0.025339009236062544	0.03660568245077745	0.07906069412849076	0.09313303014983841	0.07906069412849076	0.0632980198541999	0.0632980198541999	0.08863702909026244	0.11070970405559072	0.09494702978129986
UP000001931	0.01962107343235063	0.008892478821167522	0.028513552253518152	0.028513552253518152	0.028513552253518152	0.06291457239703523	0.028513552253518152	0.06291457239703523	0.06291457239703523	0.028513552253518152	0.06291457239703523	0.10620807136171982	0.025845289291115736	0.04546636272346637	0.025845289291115736	0.057027104507036304	0.057027104507036304	0.11994167690407154	0.0543588415446339	0.08554065676055446
UP000000641	0.014168030763740973	0.017523409941312646	0.03169144070505362	0.03169144070505362	0.03169144070505362	0.02562316971184425	0.03169144070505362	0.02562316971184425	0.02562316971184425	0.03169144070505362	0.02562316971184425	0.03707830865994753	0.07839369018405809	0.09256172094779905	0.07839369018405809	0.06338288141010724	0.06338288141010724	0.08900605112195148	0.1100851308891117	0.09507432211516086
UP000002518	0.013334655283276037	0.01794660358235531	0.031281258865631344	0.031281258865631344	0.031281258865631344	0.023242548479213303	0.031281258865631344	0.023242548479213303	0.023242548479213303	0.031281258865631344	0.023242548479213303	0.03315044167515057	0.08420050469885132	0.09753515998212735	0.08420050469885132	0.06256251773126269	0.06256251773126269	0.085805066210476	0.11548176356448267	0.09384377659689405
UP000001826	0.011935724252711078	0.018460277411144626	0.030396001663855705	0.030396001663855705	0.030396001663855705	0.01965291670133323	0.030396001663855705	0.01965291670133323	0.01965291670133323	0.030396001663855705	0.01965291670133323	0.02737010914995538	0.09402338911724402	0.10595911336995509	0.09402338911724402	0.06079200332771141	0.06079200332771141	0.08044492002904463	0.12441939078109973	0.09118800499156712
UP000005223	0.01584801326898693	0.01636833834459177	0.0322163516135787	0.0322163516135787	0.0322163516135787	0.031192241820871124	0.0322163516135787	0.031192241820871124	0.031192241820871124	0.0322163516135787	0.031192241820871124	0.046536470372755316	0.06654817035916075	0.08239618362814768	0.06654817035916075	0.0644327032271574	0.0644327032271574	0.09562494504802853	0.09876452197273947	0.09664905484073612
UP000000536	0.01423191504164128	0.01748715704258229	0.031719072084223573	0.031719072084223573	0.031719072084223573	0.025814552817426107	0.031719072084223573	0.025814552817426107	0.025814552817426107	0.031719072084223573	0.025814552817426107	0.037397190593210936	0.07794824423261003	0.09218015927425131	0.07794824423261003	0.06343814416844715	0.06343814416844715	0.08925269698587325	0.1096673163168336	0.0951572162526707
UP000002199	0.016640117431656547	0.01565246644009684	0.03229258387175339	0.03229258387175339	0.03229258387175339	0.03433020539312972	0.03229258387175339	0.03433020539312972	0.03433020539312972	0.03229258387175339	0.03433020539312972	0.052020293354602905	0.060751805075009414	0.07739192250666596	0.060751805075009414	0.06458516774350678	0.06458516774350678	0.0989153731366365	0.09304438894676281	0.09687775161526017
UP000002439	0.015499262210466045	0.016645192953807373	0.03214445516427342	0.03214445516427342	0.03214445516427342	0.029931484758768317	0.03214445516427342	0.029931484758768317	0.029931484758768317	0.03214445516427342	0.029931484758768317	0.044363707307070586	0.06904208101506175	0.0845413432255278	0.06904208101506175	0.06428891032854683	0.06428891032854683	0.09422039508731515	0.10118653617933517	0.09643336549282025
UP000001024	0.016827927047646428	0.015462409857733094	0.032290336905379524	0.032290336905379524	0.032290336905379524	0.03514196291439627	0.032290336905379524	0.03514196291439627	0.03514196291439627	0.032290336905379524	0.03514196291439627	0.05345599878114611	0.059340217278288455	0.07616814432593488	0.059340217278288455	0.06458067381075905	0.06458067381075905	0.09972263672515531	0.09163055418366797	0.09687101071613856
UP000000578	0.019619413445351352	0.009637672371908202	0.029257085817259554	0.029257085817259554	0.029257085817259554	0.05955866112735377	0.029257085817259554	0.05955866112735377	0.05955866112735377	0.029257085817259554	0.05955866112735377	0.0994979088093562	0.028743999758092675	0.048363413203444026	0.028743999758092675	0.05851417163451911	0.05851417163451911	0.11807283276187289	0.05800108557535223	0.08777125745177868
UP000001686	0.01604681123804082	0.01620061994614409	0.03224743118418491	0.03224743118418491	0.03224743118418491	0.031941274028065146	0.03224743118418491	0.031941274028065146	0.031941274028065146	0.03224743118418491	0.031941274028065146	0.04783573681808947	0.0651130457141464	0.08115985695218722	0.0651130457141464	0.06449486236836982	0.06449486236836982	0.09643613639643497	0.09736047689833131	0.09674229355255475
UP000002698	0.01027217954922977	0.018760737273562287	0.02903291682279206	0.02903291682279206	0.02903291682279206	0.015896567927628433	0.02903291682279206	0.015896567927628433	0.015896567927628433	0.02903291682279206	0.015896567927628433	0.021520956306027093	0.10604933883548204	0.1163215183847118	0.10604933883548204	0.05806583364558412	0.05806583364558412	0.07396240157321256	0.13508225565827411	0.08709875046837617
UP000001975	0.016592676226675842	0.015699134508152544	0.03229181073482838	0.03229181073482838	0.03229181073482838	0.03412975154890598	0.03229181073482838	0.03412975154890598	0.03412975154890598	0.03229181073482838	0.03412975154890598	0.05166682687113613	0.06110569185010098	0.07769836807677682	0.06110569185010098	0.06458362146965677	0.06458362146965677	0.09871337301856277	0.09339750258492936	0.09687543220448515
UP000001013	0.018490223587793883	0.013256662272886681	0.031746885860680564	0.031746885860680564	0.031746885860680564	0.04428015179814438	0.031746885860680564	0.04428015179814438	0.04428015179814438	0.031746885860680564	0.04428015179814438	0.07007008000849486	0.04552219091052509	0.06401241449831897	0.04552219091052509	0.06349377172136113	0.06349377172136113	0.10777392351950552	0.07726907677120566	0.09524065758204171
UP000000590	0.019495191861622043	0.010613044544477796	0.030108236406099838	0.030108236406099838	0.030108236406099838	0.05530607573463936	0.030108236406099838	0.05530607573463936	0.05530607573463936	0.030108236406099838	0.05530607573463936	0.09111695960765667	0.032781421839981756	0.052276613701603795	0.032781421839981756	0.060216472812199676	0.060216472812199676	0.11552254854683904	0.06288965824608159	0.09032470921829952
UP000001974	0.019447214056797724	0.010839470144829742	0.030286684201627466	0.030286684201627466	0.030286684201627466	0.05433767729141475	0.030286684201627466	0.05433767729141475	0.05433767729141475	0.030286684201627466	0.05433767729141475	0.08922814052603177	0.03376232793351437	0.05320954199031209	0.03376232793351437	0.06057336840325493	0.06057336840325493	0.11491104569466967	0.06404901213514183	0.09086005260488239
UP000001018	0.01936990453481445	0.011149853461261232	0.030519757996075682	0.030519757996075682	0.030519757996075682	0.05301996128142437	0.030519757996075682	0.05301996128142437	0.05301996128142437	0.030519757996075682	0.05301996128142437	0.0866700180280343	0.03513603577320463	0.054505940308019085	0.03513603577320463	0.061039515992151364	0.061039515992151364	0.11405947727357572	0.06565579376928031	0.09155927398822704
UP000001137	0.017451697396809754	0.014762285278697515	0.03221398267550727	0.03221398267550727	0.03221398267550727	0.038082767470310475	0.03221398267550727	0.038082767470310475	0.038082767470310475	0.03221398267550727	0.038082767470310475	0.05871383754381118	0.05449922622492762	0.07195092362173737	0.05449922622492762	0.06442796535101454	0.06442796535101454	0.102510732821325	0.0867132089004349	0.0966419480265218
UP000000554	0.009105695768562518	0.018763414635144252	0.027869110403706772	0.027869110403706772	0.027869110403706772	0.013524598033522241	0.027869110403706772	0.013524598033522241	0.013524598033522241	0.027869110403706772	0.013524598033522241	0.017943500298481962	0.114855511826509	0.12396120759507151	0.114855511826509	0.055738220807413544	0.055738220807413544	0.06926281884093577	0.1427246222302158	0.08360733121112032
UP000000365	0.015231321953737737	0.016843801658833635	0.03207512361257137	0.03207512361257137	0.03207512361257137	0.02900452904542453	0.03207512361257137	0.02900452904542453	0.02900452904542453	0.03207512361257137	0.02900452904542453	0.042777736137111326	0.0709415797202216	0.08617290167395933	0.0709415797202216	0.06415024722514275	0.06415024722514275	0.09315477627056727	0.10301670333279295	0.09622537083771411
UP000008243	0.010094888876448988	0.01877254958058816	0.028867438457037146	0.028867438457037146	0.028867438457037146	0.015523388664950316	0.028867438457037146	0.015523388664950316	0.015523388664950316	0.028867438457037146	0.015523388664950316	0.020951888453451646	0.10736431600818834	0.11745920488463732	0.10736431600818834	0.05773487691407429	0.05773487691407429	0.07325826557902461	0.13623175446522548	0.08660231537111145
UP000000805	0.019628257694366952	0.009069802957905703	0.028698060652272657	0.028698060652272657	0.028698060652272657	0.062106413163075976	0.028698060652272657	0.062106413163075976	0.062106413163075976	0.028698060652272657	0.062106413163075976	0.104584568631785	0.02652153435552645	0.04614979204989341	0.02652153435552645	0.057396121304545314	0.057396121304545314	0.1195025344676213	0.05521959500779911	0.08609418195681796
UP000001400	0.018533898514773512	0.013179093449684398	0.03171299196445791	0.03171299196445791	0.03171299196445791	0.04459831603084704	0.03171299196445791	0.04459831603084704	0.04459831603084704	0.03171299196445791	0.04459831603084704	0.07066273354692057	0.045100979088186034	0.06363487760295955	0.045100979088186034	0.06342598392891582	0.06342598392891582	0.10802429995976286	0.07681397105264395	0.09513897589337374
UP000002408	0.013345848957157222	0.017941515414747394	0.031287364371904616	0.031287364371904616	0.031287364371904616	0.02327319791681377	0.031287364371904616	0.02327319791681377	0.02327319791681377	0.031287364371904616	0.02327319791681377	0.033200546876470324	0.08412244615795741	0.09746829511511464	0.08412244615795741	0.06257472874380923	0.06257472874380923	0.08584792666062302	0.11540981052986203	0.09386209311571385
UP000000254	0.019244667223905065	0.011568186124830102	0.03081285334873517	0.03081285334873517	0.03081285334873517	0.051259817443861024	0.03081285334873517	0.051259817443861024	0.051259817443861024	0.03081285334873517	0.051259817443861024	0.08327496766381698	0.037043906078302505	0.05628857330220757	0.037043906078302505	0.06162570669747034	0.06162570669747034	0.11288552414133135	0.06785675942703767	0.09243856004620549
UP000000663	0.013020866561817872	0.018082816320727373	0.031103682882545246	0.031103682882545246	0.031103682882545246	0.022396782515038537	0.031103682882545246	0.022396782515038537	0.022396782515038537	0.031103682882545246	0.022396782515038537	0.031772698468259204	0.08639089906850161	0.09941176563031949	0.08639089906850161	0.06220736576509049	0.06220736576509049	0.08460414828012902	0.11749458195104685	0.09331104864763573
UP000002613	0.01765960921085729	0.014501099628815893	0.03216070883967318	0.03216070883967318	0.03216070883967318	0.0391656884367719	0.03216070883967318	0.0391656884367719	0.0391656884367719	0.03216070883967318	0.0391656884367719	0.06067176766268651	0.052817209876956386	0.07047681908781368	0.052817209876956386	0.06432141767934636	0.06432141767934636	0.10348710611611826	0.08497791871662956	0.09648212651901954
UP000002487	0.016719394073220647	0.015573291870707894	0.03229268594392854	0.03229268594392854	0.03229268594392854	0.03466923669457641	0.03229268594392854	0.03466923669457641	0.03466923669457641	0.03229268594392854	0.03466923669457641	0.05261907931593217	0.06015809200877715	0.07687748608199779	0.06015809200877715	0.06458537188785708	0.06458537188785708	0.09925460858243348	0.09245077795270568	0.09687805783178564
UP000007722	0.019630090069524327	0.009335708722439136	0.02896579879196346	0.02896579879196346	0.02896579879196346	0.060906060388889634	0.02896579879196346	0.060906060388889634	0.060906060388889634	0.02896579879196346	0.060906060388889634	0.10218203070825493	0.02755119915158932	0.04718128922111365	0.02755119915158932	0.05793159758392692	0.05793159758392692	0.11883765797281656	0.05651699794355278	0.08689739637589038
UP000002071	0.01083835328215352	0.01869659243062702	0.029534945712780543	0.029534945712780543	0.029534945712780543	0.01712131111549323	0.029534945712780543	0.01712131111549323	0.01712131111549323	0.029534945712780543	0.01712131111549323	0.02340426894883294	0.10189792269676469	0.11273627597891822	0.10189792269676469	0.059069891425561086	0.059069891425561086	0.07619120254105433	0.13143286840954524	0.08860483713834162
UP000002376	0.01685139034554577	0.015438049829910818	0.03228944017545659	0.03228944017545659	0.03228944017545659	0.035245511345710565	0.03228944017545659	0.035245511345710565	0.035245511345710565	0.03228944017545659	0.035245511345710565	0.053639632345875356	0.059162594443180186	0.07601398478872594	0.059162594443180186	0.06457888035091318	0.06457888035091318	0.09982439169662373	0.09145203461863677	0.09686832052636975
UP000001941	0.016406573976464847	0.015877248633242243	0.032283822609707094	0.032283822609707094	0.032283822609707094	0.03336012026543834	0.032283822609707094	0.03336012026543834	0.03336012026543834	0.032283822609707094	0.03336012026543834	0.05031366655441183	0.062484499096654565	0.0788910730731194	0.062484499096654565	0.06456764521941419	0.06456764521941419	0.09792776548485252	0.09476832170636165	0.09685146782912127
UP000000391	0.01912822685897131	0.01189977053269912	0.031027997391670427	0.031027997391670427	0.031027997391670427	0.04987579982795023	0.031027997391670427	0.04987579982795023	0.04987579982795023	0.031027997391670427	0.04987579982795023	0.08062337279692915	0.03860536073440542	0.05773358759337672	0.03860536073440542	0.062055994783340854	0.062055994783340854	0.11193179461129109	0.06963335812607584	0.09308399217501129
UP000009079	0.018821611146065023	0.012621739204573337	0.03144335035063836	0.03144335035063836	0.03144335035063836	0.04688850750574576	0.03144335035063836	0.04688850750574576	0.04688850750574576	0.03144335035063836	0.04688850750574576	0.0749554038654265	0.04217171046239146	0.06099332160845649	0.04217171046239146	0.06288670070127672	0.06288670070127672	0.10977520820702248	0.07361506081302983	0.09433005105191508
UP000000242	0.017157258331570967	0.015107025019992124	0.032264283351563096	0.032264283351563096	0.032264283351563096	0.03664299513724251	0.032264283351563096	0.03664299513724251	0.03664299513724251	0.032264283351563096	0.03664299513724251	0.05612873194291404	0.05681762510357326	0.07397488343514423	0.05681762510357326	0.06452856670312619	0.06452856670312619	0.10117156184036868	0.08908190845513635	0.09679285005468927
UP000002654	0.011342358559497907	0.01860622762702567	0.029948586186523574	0.029948586186523574	0.029948586186523574	0.01825666167730733	0.029948586186523574	0.01825666167730733	0.01825666167730733	0.029948586186523574	0.01825666167730733	0.025170964795116758	0.09825649731861787	0.10959885587811577	0.09825649731861787	0.05989717237304715	0.05989717237304715	0.07815383405035448	0.12820508350514145	0.08984575855957073
UP000002593	0.015042599678388504	0.01697674582228124	0.032019345500669746	0.032019345500669746	0.032019345500669746	0.02837140883021497	0.032019345500669746	0.02837140883021497	0.02837140883021497	0.032019345500669746	0.02837140883021497	0.04170021798204143	0.0722726525444448	0.0873152522228333	0.0722726525444448	0.06403869100133949	0.06403869100133949	0.09241009983155445	0.10429199804511456	0.09605803650200924
UP000001746	0.010055833331560923	0.018774613921009004	0.02883044725256993	0.02883044725256993	0.02883044725256993	0.015441818066990156	0.02883044725256993	0.015441818066990156	0.015441818066990156	0.02883044725256993	0.015441818066990156	0.02082780280241939	0.1076550293724875	0.11771086270404843	0.1076550293724875	0.05766089450513986	0.05766089450513986	0.07310271257213001	0.13648547662505742	0.08649134175770977
UP000001059	0.018023188213755124	0.014002012844902984	0.03202520105865811	0.03202520105865811	0.03202520105865811	0.04122237514398909	0.03202520105865811	0.04122237514398909	0.04122237514398909	0.03202520105865811	0.04122237514398909	0.06442156207422306	0.04976003926338668	0.0677832274771418	0.04976003926338668	0.06405040211731622	0.06405040211731622	0.10527277726130531	0.08178524032204479	0.0960756031759743
UP000000262	0.013579085088121397	0.017831862095865916	0.03141094718398731	0.03141094718398731	0.03141094718398731	0.023919651364325927	0.03141094718398731	0.023919651364325927	0.023919651364325927	0.03141094718398731	0.023919651364325927	0.03426021764053046	0.08249682137648037	0.09607590646460178	0.08249682137648037	0.06282189436797463	0.06282189436797463	0.08674154573230056	0.11390776856046769	0.09423284155196195
UP000001879	0.01256842787092355	0.018257678481597987	0.030826106352521532	0.030826106352521532	0.030826106352521532	0.02122042485431999	0.030826106352521532	0.02122042485431999	0.02122042485431999	0.030826106352521532	0.02122042485431999	0.029872421837716434	0.08955983109485384	0.1021282589657774	0.08955983109485384	0.061652212705043064	0.061652212705043064	0.08287263755936305	0.12038593744737537	0.0924783190575646
UP000000740	0.009017539608157554	0.01875622468247032	0.02777376429062787	0.02777376429062787	0.02777376429062787	0.0133529547549322	0.02777376429062787	0.0133529547549322	0.0133529547549322	0.02777376429062787	0.0133529547549322	0.017688369901706844	0.1155372720163572	0.12455481162451475	0.1155372720163572	0.05554752858125574	0.05554752858125574	0.06890048333618794	0.14331103630698505	0.0833212928718836
UP000008680	0.019341003801984447	0.011253926100847723	0.03059492990283217	0.03059492990283217	0.03059492990283217	0.05258046394382764	0.03059492990283217	0.05258046394382764	0.05258046394382764	0.03059492990283217	0.05258046394382764	0.08581992408567082	0.035604468486972934	0.05494547228895739	0.035604468486972934	0.06118985980566434	0.06118985980566434	0.11377032374949199	0.0661993983898051	0.09178478970849652
UP000000792	0.019486916841576957	0.0106546184308573	0.030141535272434256	0.030141535272434256	0.030141535272434256	0.05512779224737791	0.030141535272434256	0.05512779224737791	0.05512779224737791	0.030141535272434256	0.05512779224737791	0.09076866765317887	0.03296022247735163	0.05244713931892859	0.03296022247735163	0.06028307054486851	0.06028307054486851	0.11541086279224644	0.06310175774978588	0.09042460581730277
UP000002457	0.013046598009687918	0.01807211063200416	0.03111870864169208	0.03111870864169208	0.03111870864169208	0.02246518353588312	0.03111870864169208	0.02246518353588312	0.02246518353588312	0.03111870864169208	0.02246518353588312	0.03188376906207832	0.08621109424543624	0.09925769225512417	0.08621109424543624	0.06223741728338416	0.06223741728338416	0.08470260081926725	0.11732980288712833	0.09335612592507622
UP000000758	0.012613762606443205	0.018241291644005123	0.030855054250448332	0.030855054250448332	0.030855054250448332	0.021336116823283673	0.030855054250448332	0.021336116823283673	0.021336116823283673	0.030855054250448332	0.021336116823283673	0.030058471040124143	0.08924157855746025	0.10185534116390345	0.08924157855746025	0.061710108500896664	0.061710108500896664	0.08304622532418032	0.12009663280790858	0.09256516275134499
UP000006565	0.016765662338321195	0.015526379775919015	0.03229204211424021	0.03229204211424021	0.03229204211424021	0.034869524133493854	0.03229204211424021	0.034869524133493854	0.034869524133493854	0.03229204211424021	0.034869524133493854	0.052973385928666517	0.059810164309424964	0.07657582664774616	0.059810164309424964	0.06458408422848042	0.06458408422848042	0.09945360836197427	0.09210220642366516	0.09687612634272062
UP000001169	0.010749950629148493	0.018709231840861183	0.02945918247000968	0.02945918247000968	0.02945918247000968	0.01692665737542669	0.02945918247000968	0.01692665737542669	0.01692665737542669	0.02945918247000968	0.01692665737542669	0.023103364121704887	0.10254161971296459	0.11329157034211308	0.10254161971296459	0.05891836494001936	0.05891836494001936	0.07584502231544604	0.13200080218297428	0.08837754741002904
UP000006681	0.01780234686868669	0.014312111411362799	0.03211445828004949	0.03211445828004949	0.03211445828004949	0.039946078490383265	0.03211445828004949	0.039946078490383265	0.039946078490383265	0.03211445828004949	0.039946078490383265	0.06208981011207984	0.05163652952163134	0.06943887639031804	0.05163652952163134	0.06422891656009898	0.06422891656009898	0.10417499505048225	0.08375098780168085	0.09634337484014847
UP000009227	0.019159749010107714	0.011814158335306036	0.030973907345413748	0.030973907345413748	0.030973907345413748	0.05023229533219949	0.030973907345413748	0.05023229533219949	0.05023229533219949	0.030973907345413748	0.05023229533219949	0.08130484165429128	0.038197853786995875	0.057357602797103585	0.038197853786995875	0.061947814690827496	0.061947814690827496	0.11218011002302698	0.06917176113240962	0.09292172203624124
UP000000346	0.011642346395628216	0.018537766161255076	0.03018011255688329	0.03018011255688329	0.03018011255688329	0.018954135120155986	0.03018011255688329	0.018954135120155986	0.018954135120155986	0.03018011255688329	0.018954135120155986	0.02626592384468376	0.09610981331219386	0.10775215970782208	0.09610981331219386	0.06036022511376658	0.06036022511376658	0.07931436023392258	0.12628992586907714	0.09054033767064988
UP000005877	0.01146685233652288	0.018579140517271938	0.03004599285379482	0.03004599285379482	0.03004599285379482	0.018544074363310552	0.03004599285379482	0.018544074363310552	0.018544074363310552	0.03004599285379482	0.018544074363310552	0.025621296390098226	0.09736389844902728	0.10883075078555016	0.09736389844902728	0.06009198570758964	0.06009198570758964	0.0786360600709002	0.1274098913028221	0.09013797856138447
UP000001304	0.01955868846977284	0.010239593999337757	0.029798282469110596	0.029798282469110596	0.029798282469110596	0.05691781566586732	0.029798282469110596	0.05691781566586732	0.05691781566586732	0.029798282469110596	0.05691781566586732	0.09427694286196181	0.031200692708289776	0.05075938117806261	0.031200692708289776	0.05959656493822119	0.05959656493822119	0.11651438060408853	0.060998975177400376	0.0893948474073318
UP000002315	0.01962977926977954	0.009356964663359927	0.028986743933139467	0.028986743933139467	0.028986743933139467	0.06081068013276321	0.028986743933139467	0.06081068013276321	0.06081068013276321	0.028986743933139467	0.06081068013276321	0.10199158099574689	0.027634334035106536	0.04726411330488608	0.027634334035106536	0.057973487866278935	0.057973487866278935	0.11878416799904215	0.056621077968246	0.08696023179941842
UP000012076	0.012715698478735644	0.01820352624324261	0.030919224721978254	0.030919224721978254	0.030919224721978254	0.021597987857264217	0.030919224721978254	0.021597987857264217	0.021597987857264217	0.030919224721978254	0.021597987857264217	0.03048027723579279	0.08852662236187461	0.10124232084061024	0.08852662236187461	0.06183844944395651	0.06183844944395651	0.08343643730122074	0.11944584708385285	0.09275767416593478
UP000006663	0.012994551661657165	0.018093679528889725	0.03108823119054689	0.03108823119054689	0.03108823119054689	0.022327002400483676	0.03108823119054689	0.022327002400483676	0.022327002400483676	0.03108823119054689	0.022327002400483676	0.031659453139310186	0.08657482103696601	0.09956937269862318	0.08657482103696601	0.06217646238109378	0.06217646238109378	0.08450346478157746	0.1176630522275129	0.09326469357164067
UP000014070	0.018969668147043765	0.01229452459799425	0.031264192745038014	0.031264192745038014	0.031264192745038014	0.04823865750411683	0.031264192745038014	0.04823865750411683	0.04823865750411683	0.031264192745038014	0.04823865750411683	0.0775076468611899	0.04052557838764352	0.05949524653468729	0.04052557838764352	0.06252838549007603	0.06252838549007603	0.11076704299419285	0.07178977113268155	0.09379257823511404
UP000001901	0.017778037544694786	0.014344895025322345	0.03212293257001713	0.03212293257001713	0.03212293257001713	0.03981086653247438	0.03212293257001713	0.03981086653247438	0.03981086653247438	0.03212293257001713	0.03981086653247438	0.06184369552025397	0.051839253288101315	0.06961729083279611	0.051839253288101315	0.06424586514003426	0.06424586514003426	0.10405673167250865	0.08396218585811846	0.09636879771005138
UP000006794	0.008606321232863635	0.018708277702018595	0.027314598934882233	0.027314598934882233	0.027314598934882233	0.01256546521944491	0.027314598934882233	0.01256546521944491	0.01256546521944491	0.027314598934882233	0.01256546521944491	0.016524609206026185	0.11875204012644247	0.1273583613593061	0.11875204012644247	0.054629197869764466	0.054629197869764466	0.06719466308920938	0.1460666390613247	0.08194379680464671
UP000011511	0.015587762198839157	0.01657695488699476	0.03216471708583392	0.03216471708583392	0.03216471708583392	0.03024535956964364	0.03216471708583392	0.03024535956964364	0.03024535956964364	0.03216471708583392	0.03024535956964364	0.04490295694044813	0.06841175240978799	0.08399951460862713	0.06841175240978799	0.06432943417166784	0.06432943417166784	0.09457479374131146	0.1005764694956219	0.09649415125750174
UP000007807	0.014791732833164548	0.017144963056622543	0.03193669588978709	0.03193669588978709	0.03193669588978709	0.027553227826482982	0.03193669588978709	0.027553227826482982	0.027553227826482982	0.03193669588978709	0.027553227826482982	0.04031472281980142	0.07403506774450644	0.08882680057767098	0.07403506774450644	0.06387339177957418	0.06387339177957418	0.09142661960605716	0.10597176363429353	0.09581008766936129
UP000007490	0.018886824364540852	0.012481727406131342	0.031368551770672194	0.031368551770672194	0.031368551770672194	0.04746557175825399	0.031368551770672194	0.04746557175825399	0.04746557175825399	0.031368551770672194	0.04746557175825399	0.07604431915196713	0.04146104234036672	0.06034786670490756	0.04146104234036672	0.06273710354134439	0.06273710354134439	0.11020267529959837	0.07282959411103891	0.09410565531201659
UP000058290	0.013469708393110647	0.017884150639592287	0.03135385903270293	0.03135385903270293	0.03135385903270293	0.0236146153474155	0.03135385903270293	0.0236146153474155	0.0236146153474155	0.03135385903270293	0.0236146153474155	0.03375952230172036	0.08325898701121114	0.09672869540432179	0.08325898701121114	0.06270771806540586	0.06270771806540586	0.08632233341282138	0.11461284604391409	0.0940615770981088
UP000006622	0.018401783897070444	0.013409036119082077	0.03181082001615252	0.03181082001615252	0.03181082001615252	0.043655325433332774	0.03181082001615252	0.043655325433332774	0.043655325433332774	0.03181082001615252	0.043655325433332774	0.06890886696959508	0.04635990042705753	0.06476168432412799	0.04635990042705753	0.06362164003230504	0.06362164003230504	0.10727696546563781	0.07817072044321008	0.09543246004845755
UP000012672	0.013490175715901989	0.01787448282357014	0.03136465853947213	0.03136465853947213	0.03136465853947213	0.02367144040714877	0.03136465853947213	0.02367144040714877	0.02367144040714877	0.03136465853947213	0.02367144040714877	0.03385270509839555	0.08311634512960116	0.09660652084550315	0.08311634512960116	0.06272931707894426	0.06272931707894426	0.08640075748609304	0.11448100366907328	0.09409397561841638
