Proteome_ID	M	W	C	D	E	F	H	K	N	Q	Y	I	A	G	P	T	V	L	R	S
UP000000278	0.019345632760406052	0.013872720717846457	0.03321835347825251	0.03321835347825251	0.03321835347825251	0.04632329017255596	0.03321835347825251	0.04632329017255596	0.04632329017255596	0.03321835347825251	0.04632329017255596	0.07330094758470586	0.047641650828156	0.047641650828156	0.047641650828156	0.06643670695650503	0.06643670695650503	0.08578233971691106	0.08086000430640852	0.09965506043475751
UP000000280	0.018463419351344414	0.014998407715370097	0.03346182706671451	0.03346182706671451	0.03346182706671451	0.04119235568998346	0.03346182706671451	0.04119235568998346	0.04119235568998346	0.03346182706671451	0.04119235568998346	0.06392129202862248	0.05436415819816678	0.05436415819816678	0.05436415819816678	0.06692365413342902	0.06692365413342902	0.08538707348477345	0.08782598526488129	0.10038548120014354
UP000000287	0.017664004132825227	0.01582085051505627	0.03348485464788149	0.03348485464788149	0.03348485464788149	0.03738589213799465	0.03348485464788149	0.03738589213799465	0.03738589213799465	0.03348485464788149	0.03738589213799465	0.05710778014316407	0.05998174320148206	0.05998174320148206	0.05998174320148206	0.06696970929576299	0.06696970929576299	0.0846337134285882	0.09346659784936355	0.10045456394364449
UP000000327	0.019344710667627798	0.013874061495360397	0.03321877216298819	0.03321877216298819	0.03321877216298819	0.04631718955849723	0.03321877216298819	0.04631718955849723	0.04631718955849723	0.03321877216298819	0.04631718955849723	0.07328966844936667	0.04764912701030136	0.04764912701030136	0.04764912701030136	0.06643754432597639	0.06643754432597639	0.08578225499360419	0.08086789917328957	0.0996563164889646
UP000000339	0.01846668508927894	0.01499472051271425	0.03346140560199319	0.03346140560199319	0.03346140560199319	0.04120925357512983	0.03346140560199319	0.04120925357512983	0.04120925357512983	0.03346140560199319	0.04120925357512983	0.06395182206098071	0.054340497229332485	0.054340497229332485	0.054340497229332485	0.06692281120398638	0.06692281120398638	0.08538949629326531	0.08780190283132568	0.10038421680597957
UP000000344	0.020749603473489527	0.010814290331565718	0.03156389380505525	0.03156389380505525	0.03156389380505525	0.06056229863022418	0.03156389380505525	0.06056229863022418	0.06056229863022418	0.03156389380505525	0.06056229863022418	0.10037499378695884	0.032900976834442756	0.032900976834442756	0.032900976834442756	0.0631277876101105	0.0631277876101105	0.08387739108360004	0.064464870639498	0.09469168141516575
UP000000348	0.018561040261339624	0.014886873342335126	0.03344791360367475	0.03344791360367475	0.03344791360367475	0.04170305320527665	0.03344791360367475	0.04170305320527665	0.04170305320527665	0.03344791360367475	0.04170305320527665	0.06484506614921366	0.05365376577738604	0.05365376577738604	0.05365376577738604	0.0668958272073495	0.0668958272073495	0.08545686746868912	0.08710167938106077	0.10034374081102423
UP000000349	0.018476665584857246	0.014983433365024525	0.03346009894988177	0.03346009894988177	0.03346009894988177	0.041260974282190936	0.03346009894988177	0.041260974282190936	0.041260974282190936	0.03346009894988177	0.041260974282190936	0.06404528297952464	0.05426814277718651	0.05426814277718651	0.05426814277718651	0.06692019789976354	0.06692019789976354	0.08539686348462079	0.08772824172706828	0.10038029684964532
UP000000350	0.016869007766064113	0.01650873737601591	0.03337774514208002	0.03337774514208002	0.03337774514208002	0.03410614810757493	0.03337774514208002	0.03410614810757493	0.03410614810757493	0.03337774514208002	0.03410614810757493	0.05134328844908576	0.06532979727031749	0.06532979727031749	0.06532979727031749	0.06675549028416004	0.06675549028416004	0.08362449805022415	0.09870754241239753	0.10013323542624007
UP000000351	0.01814963134823279	0.015339396622233986	0.033489027970466774	0.033489027970466774	0.033489027970466774	0.03962434291539352	0.033489027970466774	0.03962434291539352	0.03962434291539352	0.033489027970466774	0.03962434291539352	0.061099054482554246	0.05660737374504261	0.05660737374504261	0.05660737374504261	0.06697805594093355	0.06697805594093355	0.08512768728916634	0.0900964017155094	0.10046708391140033
UP000000352	0.01318799943665958	0.01854244824193374	0.03173044767859332	0.03173044767859332	0.03173044767859332	0.02256773866375937	0.03173044767859332	0.02256773866375937	0.02256773866375937	0.03173044767859332	0.02256773866375937	0.03194747789085916	0.08922660128998768	0.08922660128998768	0.08922660128998768	0.06346089535718664	0.06346089535718664	0.07664889479384623	0.120957048968581	0.09519134303577997
UP000000353	0.01710175971328492	0.016318888361270645	0.03342064807455556	0.03342064807455556	0.03342064807455556	0.035023947721204	0.03342064807455556	0.035023947721204	0.035023947721204	0.03342064807455556	0.035023947721204	0.05294613572912307	0.06378148611997175	0.06378148611997175	0.06378148611997175	0.06684129614911112	0.06684129614911112	0.08394305586239603	0.0972021341945273	0.10026194422366667
UP000000354	0.01941217999047178	0.013774820225301488	0.03318700021577327	0.03318700021577327	0.03318700021577327	0.046768815200150186	0.03318700021577327	0.046768815200150186	0.046768815200150186	0.03318700021577327	0.046768815200150186	0.07412545040982861	0.04709877633668163	0.04709877633668163	0.04709877633668163	0.06637400043154654	0.06637400043154654	0.08578618042201831	0.08028577655245489	0.0995610006473198
UP000000355	0.019892851293351	0.012987767808268196	0.03288061910161919	0.03288061910161919	0.03288061910161919	0.05036194640047573	0.03288061910161919	0.05036194640047573	0.05036194640047573	0.03288061910161919	0.05036194640047573	0.08083104150760045	0.04293460399280964	0.04293460399280964	0.04293460399280964	0.06576123820323838	0.06576123820323838	0.0856540894965894	0.07581522309442883	0.0986418573048576
UP000000356	0.018079464518044357	0.015412250976404956	0.03349171549444931	0.03349171549444931	0.03349171549444931	0.039287725255533965	0.03349171549444931	0.039287725255533965	0.039287725255533965	0.03349171549444931	0.039287725255533965	0.06049598599302356	0.05710155013890184	0.05710155013890184	0.05710155013890184	0.06698343098889863	0.06698343098889863	0.08506289550694299	0.09059326563335114	0.10047514648334795
UP000000357	0.018482306512550038	0.014977041484307785	0.033459347996857826	0.033459347996857826	0.033459347996857826	0.04129025923016498	0.033459347996857826	0.04129025923016498	0.04129025923016498	0.033459347996857826	0.04129025923016498	0.06409821194777993	0.054227219167321296	0.054227219167321296	0.054227219167321296	0.06691869599371565	0.06691869599371565	0.08540100250626567	0.08768656716417911	0.10037804399057347
UP000000358	0.018450308179183247	0.015013180885192214	0.03346348906437546	0.03346348906437546	0.03346348906437546	0.041124641787099264	0.03346348906437546	0.041124641787099264	0.041124641787099264	0.03346348906437546	0.041124641787099264	0.06379897539501528	0.05445908106184926	0.05445908106184926	0.05445908106184926	0.06692697812875092	0.06692697812875092	0.08537728630793417	0.08792257012622472	0.10039046719312639
UP000000359	0.01852137511354955	0.014932522983350521	0.033453898096900074	0.033453898096900074	0.033453898096900074	0.04149413976151274	0.033453898096900074	0.04149413976151274	0.04149413976151274	0.033453898096900074	0.04149413976151274	0.06446690440947593	0.05394319797013058	0.05394319797013058	0.05394319797013058	0.06690779619380015	0.06690779619380015	0.08542917130734969	0.08739709606703064	0.1003616942907002
UP000000360	0.01678059556205119	0.016578537507118737	0.033359133069169926	0.033359133069169926	0.033359133069169926	0.033765711848467855	0.033359133069169926	0.033765711848467855	0.033765711848467855	0.033359133069169926	0.033765711848467855	0.050750828134884525	0.06591489995061851	0.06591489995061851	0.06591489995061851	0.06671826613833985	0.06671826613833985	0.08349886170039104	0.09927403301978845	0.10007739920750977
UP000000369	0.01564215527373804	0.017374493877354163	0.0330166491510922	0.0330166491510922	0.0330166491510922	0.02972469622916936	0.0330166491510922	0.02972469622916936	0.02972469622916936	0.0330166491510922	0.02972469622916936	0.04380723718460068	0.07334635905187716	0.07334635905187716	0.07334635905187716	0.0660332983021844	0.0660332983021844	0.08167545357592244	0.10636300820296936	0.09904994745327661
UP000000372	0.019961090943363822	0.012861785604600452	0.03282287654796427	0.03282287654796427	0.03282287654796427	0.05094008281108116	0.03282287654796427	0.05094008281108116	0.05094008281108116	0.03282287654796427	0.05094008281108116	0.08191907467879847	0.04229836959152119	0.04229836959152119	0.04229836959152119	0.06564575309592854	0.06564575309592854	0.08560684403929236	0.07512124613948545	0.09846862964389283
UP000000373	0.019264085212349263	0.013989698784624534	0.033253783996973804	0.033253783996973804	0.033253783996973804	0.04579110232557824	0.033253783996973804	0.04579110232557824	0.04579110232557824	0.033253783996973804	0.04579110232557824	0.07231811943880721	0.04829821052373745	0.04829821052373745	0.04829821052373745	0.06650756799394761	0.06650756799394761	0.08577165320629686	0.08155199452071124	0.0997613519909214
UP000000375	0.015033725350189943	0.01772933493840733	0.032763060288597275	0.032763060288597275	0.032763060288597275	0.02778168790434805	0.032763060288597275	0.02778168790434805	0.02778168790434805	0.032763060288597275	0.02778168790434805	0.04052965045850616	0.07727522698908883	0.07727522698908883	0.07727522698908883	0.06552612057719455	0.06552612057719455	0.0805598459273845	0.11003828727768612	0.09828918086579183
UP000000394	0.015766254546493882	0.01729638788545961	0.03306264243195349	0.03306264243195349	0.03306264243195349	0.030137739741608292	0.03306264243195349	0.030137739741608292	0.030137739741608292	0.03306264243195349	0.030137739741608292	0.044509224936722706	0.0725428206597736	0.0725428206597736	0.0725428206597736	0.06612528486390698	0.06612528486390698	0.08189153941040085	0.10560546309172708	0.09918792729586046
UP000000395	0.01942271512292228	0.013759111215300816	0.03318182633822309	0.03318182633822309	0.03318182633822309	0.0468403191267828	0.03318182633822309	0.0468403191267828	0.0468403191267828	0.03318182633822309	0.0468403191267828	0.0742579231306433	0.047012215956933424	0.047012215956933424	0.047012215956933424	0.06636365267644619	0.06636365267644619	0.08578636779936846	0.08019404229515653	0.09954547901466929
UP000000396	0.01885616923671673	0.014531934093305	0.03338810333002173	0.03338810333002173	0.03338810333002173	0.04332332660206082	0.03338810333002173	0.04332332660206082	0.04332332660206082	0.03338810333002173	0.04332332660206082	0.0677904839674049	0.05146259677682188	0.05146259677682188	0.05146259677682188	0.06677620666004346	0.06677620666004346	0.08563237589676019	0.08485070010684359	0.10016430999006519
UP000000398	0.014828306799212241	0.017838976362811267	0.032667283162023504	0.032667283162023504	0.032667283162023504	0.027154052293776765	0.032667283162023504	0.027154052293776765	0.027154052293776765	0.032667283162023504	0.027154052293776765	0.039479797788341285	0.07859978891124085	0.07859978891124085	0.07859978891124085	0.06533456632404701	0.06533456632404701	0.08016287312325926	0.11126707207326435	0.09800184948607052
UP000000399	0.008722480041889065	0.018947531571459352	0.02767001161334842	0.02767001161334842	0.02767001161334842	0.012737866309710607	0.02767001161334842	0.012737866309710607	0.012737866309710607	0.02767001161334842	0.012737866309710607	0.01675325257753215	0.1202131540820404	0.1202131540820404	0.1202131540820404	0.05534002322669684	0.05534002322669684	0.0640625032685859	0.14788316569538884	0.08301003484004525
UP000000400	0.011289732679758344	0.018991154255785663	0.030280886935544007	0.030280886935544007	0.030280886935544007	0.018001176453196883	0.030280886935544007	0.018001176453196883	0.018001176453196883	0.030280886935544007	0.018001176453196883	0.02471262022663542	0.10187468757802871	0.10187468757802871	0.10187468757802871	0.060561773871088014	0.060561773871088014	0.07185150655084635	0.1321555745135727	0.090842660806632
UP000000401	0.013876105627319802	0.01828370258423018	0.03215980821154998	0.03215980821154998	0.03215980821154998	0.024407140383190792	0.03215980821154998	0.024407140383190792	0.024407140383190792	0.03215980821154998	0.024407140383190792	0.034938175139061785	0.08475005657901391	0.08475005657901391	0.08475005657901391	0.06431961642309995	0.06431961642309995	0.07819572205041976	0.11690986479056388	0.09647942463464992
UP000000409	0.0188454291135945	0.014545352876005547	0.03339078198960004	0.03339078198960004	0.03339078198960004	0.0432621759263433	0.03339078198960004	0.0432621759263433	0.0432621759263433	0.03339078198960004	0.0432621759263433	0.06767892273909211	0.05154360815208485	0.05154360815208485	0.05154360815208485	0.06678156397920008	0.06678156397920008	0.08562699309279459	0.08493439014168488	0.10017234596880015
UP000000410	0.016000393138836753	0.017143503404876585	0.03314389654371334	0.03314389654371334	0.03314389654371334	0.03093389736787957	0.03314389654371334	0.03093389736787957	0.03093389736787957	0.03314389654371334	0.03093389736787957	0.04586740159692238	0.0710235677733273	0.0710235677733273	0.0710235677733273	0.06628779308742667	0.06628779308742667	0.08228818622626342	0.10416746431704065	0.09943168963114
UP000000411	0.017893885683614535	0.015599423180856328	0.03349330886447086	0.03349330886447086	0.03349330886447086	0.038419718026646614	0.03349330886447086	0.038419718026646614	0.038419718026646614	0.03349330886447086	0.038419718026646614	0.0589455503696787	0.05839718750214662	0.05839718750214662	0.05839718750214662	0.06698661772894172	0.06698661772894172	0.08488050341255626	0.09189049636661749	0.10047992659341258
UP000000412	0.015630438398263093	0.017381765383084526	0.033012203781347615	0.033012203781347615	0.033012203781347615	0.029686007504014216	0.033012203781347615	0.029686007504014216	0.029686007504014216	0.033012203781347615	0.029686007504014216	0.04374157660976534	0.07342217361858819	0.07342217361858819	0.07342217361858819	0.06602440756269523	0.06602440756269523	0.08165484596095833	0.1064343773999358	0.09903661134404285
UP000000413	0.018662989062653988	0.014767389311262692	0.03343037837391668	0.03343037837391668	0.03343037837391668	0.04224922718580673	0.03343037837391668	0.04224922718580673	0.04224922718580673	0.03343037837391668	0.04224922718580673	0.06583546530895946	0.05290464572562317	0.05290464572562317	0.05290464572562317	0.06686075674783336	0.06686075674783336	0.08552374581048736	0.08633502409953984	0.10029113512175003
UP000000414	0.014110114365369252	0.018183880385524525	0.03229399475089378	0.03229399475089378	0.03229399475089378	0.02505911552368592	0.03229399475089378	0.02505911552368592	0.02505911552368592	0.03229399475089378	0.02505911552368592	0.036008116682002586	0.08323534771089602	0.08323534771089602	0.08323534771089602	0.06458798950178755	0.06458798950178755	0.0786981038671568	0.11552934246178981	0.09688198425268132
UP000000469	0.019744043889439258	0.013248603724848434	0.03299264761428769	0.03299264761428769	0.03299264761428769	0.04916807054192057	0.03299264761428769	0.04916807054192057	0.04916807054192057	0.03299264761428769	0.04916807054192057	0.07859209719440188	0.04427730372996835	0.04427730372996835	0.04427730372996835	0.06598529522857538	0.06598529522857538	0.08572933911801463	0.07726995134425604	0.09897794284286306
UP000000470	0.01752092941021108	0.015953214469667937	0.03347414387987902	0.03347414387987902	0.03347414387987902	0.03676363237651737	0.03347414387987902	0.03676363237651737	0.03676363237651737	0.03347414387987902	0.03676363237651737	0.056006335342823656	0.060957975915707875	0.060957975915707875	0.060957975915707875	0.06694828775975804	0.06694828775975804	0.08446921716996911	0.09443211979558691	0.10042243163963706
UP000000472	0.019474268364158605	0.013681378608213488	0.033155646972372096	0.033155646972372096	0.033155646972372096	0.04719421817181843	0.033155646972372096	0.04719421817181843	0.04719421817181843	0.033155646972372096	0.04719421817181843	0.07491416797947825	0.046586084852783996	0.046586084852783996	0.046586084852783996	0.06631129394474419	0.06631129394474419	0.08578556230890279	0.07974173182515609	0.09946694091711628
UP000000473	0.013687770194587699	0.018359653374820553	0.032047423569408255	0.032047423569408255	0.032047423569408255	0.023892486431594247	0.032047423569408255	0.023892486431594247	0.023892486431594247	0.032047423569408255	0.023892486431594247	0.0340972026686008	0.08597157607497559	0.08597157607497559	0.08597157607497559	0.06409484713881651	0.06409484713881651	0.0777826173334042	0.11801899964438385	0.09614227070822476
UP000000477	0.01681697723643981	0.01654996555121072	0.03336694278765053	0.03336694278765053	0.03336694278765053	0.03390527403656491	0.03336694278765053	0.03390527403656491	0.03390527403656491	0.03336694278765053	0.03390527403656491	0.05099357083669002	0.06567431779455055	0.06567431779455055	0.06567431779455055	0.06673388557530106	0.06673388557530106	0.08355086281174087	0.09904126058220106	0.10010082836295159
UP000000513	0.0207319992631999	0.010886333496944353	0.03161833276014425	0.03161833276014425	0.03161833276014425	0.060214143877818274	0.03161833276014425	0.060214143877818274	0.060214143877818274	0.03161833276014425	0.060214143877818274	0.09969628849243665	0.033205453142695546	0.033205453142695546	0.033205453142695546	0.0632366655202885	0.0632366655202885	0.0839686647834884	0.0648237859028398	0.09485499828043276
UP000000514	0.02042050530397717	0.011862832306950713	0.03228333761092788	0.03228333761092788	0.03228333761092788	0.05557206321864407	0.03228333761092788	0.05557206321864407	0.05557206321864407	0.03228333761092788	0.05557206321864407	0.09072362113331099	0.03750855472832237	0.03750855472832237	0.03750855472832237	0.06456667522185576	0.06456667522185576	0.08498718052583293	0.06979189233925026	0.09685001283278365
UP000000515	0.018179002661483777	0.015308547199585878	0.03348754986106966	0.03348754986106966	0.03348754986106966	0.039766690471282874	0.03348754986106966	0.039766690471282874	0.039766690471282874	0.03348754986106966	0.039766690471282874	0.06135437828108198	0.056399764848797045	0.056399764848797045	0.056399764848797045	0.06697509972213932	0.06697509972213932	0.08515410238362309	0.0898873147098667	0.10046264958320895
UP000000516	0.020717434535303468	0.010943761100044025	0.03166119563534749	0.03166119563534749	0.03166119563534749	0.05993723198892827	0.03166119563534749	0.05993723198892827	0.05993723198892827	0.03166119563534749	0.05993723198892827	0.09915702944255309	0.033449369475217615	0.033449369475217615	0.033449369475217615	0.06332239127069499	0.06332239127069499	0.08403982580599846	0.06511056511056512	0.0949835869060425
UP000000518	0.013005609615479086	0.018602429245593806	0.03160803886107289	0.03160803886107289	0.03160803886107289	0.02209828666518786	0.03160803886107289	0.02209828666518786	0.02209828666518786	0.03160803886107289	0.02209828666518786	0.031190963714896634	0.09042041455792664	0.09042041455792664	0.09042041455792664	0.06321607772214578	0.06321607772214578	0.07622168733762487	0.12202845341899954	0.09482411658321868
UP000000519	0.016300983709753816	0.016936275592640142	0.03323725930239396	0.03323725930239396	0.03323725930239396	0.031990505792231734	0.03323725930239396	0.031990505792231734	0.031990505792231734	0.03323725930239396	0.031990505792231734	0.047680027874709645	0.06906520410207657	0.06906520410207657	0.06906520410207657	0.06647451860478792	0.06647451860478792	0.08277550231454174	0.10230246340447054	0.09971177790718187
UP000000520	0.019154863965618954	0.01414156371440552	0.03329642768002447	0.03329642768002447	0.03329642768002447	0.0451002842141315	0.03329642768002447	0.0451002842141315	0.0451002842141315	0.03329642768002447	0.0451002842141315	0.07104570446264406	0.049163862958704826	0.049163862958704826	0.049163862958704826	0.06659285536004894	0.06659285536004894	0.0857477193256679	0.0824602906387293	0.09988928304007341
UP000000521	0.01789049916898194	0.015602766923492925	0.03349326609247487	0.03349326609247487	0.03349326609247487	0.03840416588494227	0.03349326609247487	0.03840416588494227	0.03840416588494227	0.03349326609247487	0.03840416588494227	0.05891783260090261	0.058420686802687104	0.058420686802687104	0.058420686802687104	0.06698653218494974	0.06698653218494974	0.08487703135393167	0.09191395289516198	0.1004797982774246
UP000000522	0.018903526840445474	0.014472281429594449	0.03337580827003993	0.03337580827003993	0.03337580827003993	0.04359509525319823	0.03337580827003993	0.04359509525319823	0.04359509525319823	0.03337580827003993	0.04359509525319823	0.06828666366595096	0.05110412404004298	0.05110412404004298	0.05110412404004298	0.06675161654007986	0.06675161654007986	0.08565514338052532	0.0844799323100829	0.10012742481011976
UP000000568	0.018035698153436645	0.015457103250007665	0.03349280140344431	0.03349280140344431	0.03349280140344431	0.03908015924168853	0.03349280140344431	0.03908015924168853	0.03908015924168853	0.03349280140344431	0.03908015924168853	0.06012462032994041	0.057408555523689994	0.057408555523689994	0.057408555523689994	0.06698560280688862	0.06698560280688862	0.08502130096032526	0.09090135692713429	0.10047840421033293
UP000000569	0.01620901764023051	0.017001017070538117	0.03321003471076863	0.03321003471076863	0.03321003471076863	0.03166293147204503	0.03321003471076863	0.03166293147204503	0.03166293147204503	0.03321003471076863	0.03166293147204503	0.04711684530385956	0.06966546394885799	0.06966546394885799	0.06966546394885799	0.06642006942153726	0.06642006942153726	0.08262908706176778	0.1028754986596266	0.09963010413230587
UP000000570	0.015158478927672027	0.017660288366272942	0.032818767293944964	0.032818767293944964	0.032818767293944964	0.02816956224834432	0.032818767293944964	0.02816956224834432	0.02816956224834432	0.032818767293944964	0.02816956224834432	0.04118064556901661	0.07647058745170364	0.07647058745170364	0.07647058745170364	0.06563753458788993	0.06563753458788993	0.08079601351556197	0.10928935474564862	0.0984563018818349
UP000000571	0.008173746376596132	0.018828948762264736	0.027002695138860867	0.027002695138860867	0.027002695138860867	0.01172201296717782	0.027002695138860867	0.01172201296717782	0.01172201296717782	0.027002695138860867	0.01172201296717782	0.015270279557759508	0.12440619999378975	0.12440619999378975	0.12440619999378975	0.054005390277721735	0.054005390277721735	0.06217913665431787	0.15140889513265063	0.08100808541658261
UP000000572	0.017434082472935188	0.01603162279002687	0.03346570526296205	0.03346570526296205	0.03346570526296205	0.03639331296719238	0.03346570526296205	0.03639331296719238	0.03639331296719238	0.03346570526296205	0.03639331296719238	0.05535254346144957	0.06154720949736316	0.06154720949736316	0.06154720949736316	0.0669314105259241	0.0669314105259241	0.0843654929988593	0.09501291476032522	0.10039711578888617
UP000000573	0.016851799620739984	0.016522420855017414	0.0333742204757574	0.0333742204757574	0.0333742204757574	0.034039544258738	0.0333742204757574	0.034039544258738	0.034039544258738	0.0333742204757574	0.034039544258738	0.051227288896736015	0.06544380170886338	0.06544380170886338	0.06544380170886338	0.0667484409515148	0.0667484409515148	0.08360024057225478	0.09881802218462078	0.10012266142727219
UP000000574	0.01685008517861952	0.016523781529507786	0.0333738667081273	0.0333738667081273	0.0333738667081273	0.03403291769305973	0.0333738667081273	0.03403291769305973	0.03403291769305973	0.0333738667081273	0.03403291769305973	0.05121575020749996	0.06545515662790122	0.06545515662790122	0.06545515662790122	0.0667477334162546	0.0667477334162546	0.08359781859487413	0.09882902333602853	0.10012160012438191
UP000000575	0.01684819290167886	0.016525282795994998	0.03337347569767386	0.03337347569767386	0.03337347569767386	0.03402560569130916	0.03337347569767386	0.03402560569130916	0.03402560569130916	0.03337347569767386	0.03402560569130916	0.05120301848093947	0.0654676886723408	0.0654676886723408	0.0654676886723408	0.06674695139534773	0.06674695139534773	0.08359514429702658	0.09884116437001468	0.1001204270930216
UP000000587	0.020676618270318955	0.011095739407340672	0.03177235767765963	0.03177235767765963	0.03177235767765963	0.05920695206796107	0.03177235767765963	0.05920695206796107	0.05920695206796107	0.03177235767765963	0.05920695206796107	0.0977372858656032	0.03410014118741988	0.03410014118741988	0.03410014118741988	0.06354471535531926	0.06354471535531926	0.08422133362563822	0.06587249886507951	0.09531707303297889
UP000000624	0.020071876615326004	0.012647337919711385	0.032719214535037386	0.032719214535037386	0.032719214535037386	0.051926819799295636	0.032719214535037386	0.051926819799295636	0.051926819799295636	0.032719214535037386	0.051926819799295636	0.08378176298326526	0.04123291216090701	0.04123291216090701	0.04123291216090701	0.06543842907007477	0.06543842907007477	0.08551030568540077	0.0739521266959444	0.09815764360511217
UP000000668	0.014658353400954479	0.017925937955184025	0.0325842913561385	0.0325842913561385	0.0325842913561385	0.026644745687062776	0.0325842913561385	0.026644745687062776	0.026644745687062776	0.0325842913561385	0.026644745687062776	0.038631137973171074	0.0796957160448518	0.0796957160448518	0.0796957160448518	0.065168582712277	0.065168582712277	0.0798269361132315	0.1122800074009903	0.09775287406841551
UP000000670	0.02002787513077403	0.012734081686450118	0.03276195681722415	0.03276195681722415	0.03276195681722415	0.05152726331835649	0.03276195681722415	0.05152726331835649	0.05152726331835649	0.03276195681722415	0.05152726331835649	0.08302665150593894	0.04166127775356867	0.04166127775356867	0.04166127775356867	0.0655239136344483	0.0655239136344483	0.08555178876522233	0.07442323457079282	0.09828587045167246
UP000000672	0.016227192239439577	0.01698831757900053	0.033215509818440105	0.033215509818440105	0.033215509818440105	0.03172735973696878	0.033215509818440105	0.03172735973696878	0.03172735973696878	0.033215509818440105	0.03172735973696878	0.04722752723449799	0.0695469211207864	0.0695469211207864	0.0695469211207864	0.06643101963688021	0.06643101963688021	0.0826582118763198	0.10276243093922652	0.09964652945532033
UP000000675	0.017296115521984675	0.01615328768893779	0.03344940321092246	0.03344940321092246	0.03344940321092246	0.03581591272430338	0.03344940321092246	0.03581591272430338	0.03581591272430338	0.03344940321092246	0.03581591272430338	0.05433570992662208	0.06247851806985505	0.06247851806985505	0.06247851806985505	0.06689880642184493	0.06689880642184493	0.0841949219438296	0.09592792128077753	0.10034820963276739
UP000000676	0.018891655314787835	0.01448730984522844	0.03337896516001627	0.03337896516001627	0.03337896516001627	0.043526638920822786	0.03337896516001627	0.043526638920822786	0.043526638920822786	0.03337896516001627	0.043526638920822786	0.06816162252685774	0.05119418097870072	0.05119418097870072	0.05119418097870072	0.06675793032003254	0.06675793032003254	0.08564958563482039	0.08457314613871698	0.10013689548004884
UP000000677	0.016719417723752693	0.01662611270080333	0.03334553042455602	0.03334553042455602	0.03334553042455602	0.033532664094194364	0.03334553042455602	0.033532664094194364	0.033532664094194364	0.03334553042455602	0.033532664094194364	0.05034591046463603	0.06631888216048441	0.06631888216048441	0.06631888216048441	0.06669106084911204	0.06669106084911204	0.08341047857286474	0.09966441258504044	0.10003659127366807
UP000000678	0.0183019061164687	0.015177124532594786	0.03347903064906348	0.03347903064906348	0.03347903064906348	0.04037194756448253	0.03347903064906348	0.04037194756448253	0.04037194756448253	0.03347903064906348	0.04037194756448253	0.062441989012496354	0.05552595605702228	0.05552595605702228	0.05552595605702228	0.06695806129812697	0.06695806129812697	0.08525996741459567	0.08900498670608577	0.10043709194719043
UP000000679	0.017293641746931755	0.016155437451090424	0.03344907919802218	0.03344907919802218	0.03344907919802218	0.035805678067621714	0.03344907919802218	0.035805678067621714	0.035805678067621714	0.03344907919802218	0.035805678067621714	0.054317714388311684	0.06249516610647868	0.06249516610647868	0.06249516610647868	0.06689815839604436	0.06689815839604436	0.0841918001429761	0.09594424530450085	0.10034723759406654
UP000000680	0.018762038035353625	0.014648201354198944	0.03341023938955257	0.03341023938955257	0.03341023938955257	0.042793252703163365	0.03341023938955257	0.042793252703163365	0.042793252703163365	0.03341023938955257	0.042793252703163365	0.0668244673709731	0.052169163387044665	0.052169163387044665	0.052169163387044665	0.06682047877910514	0.06682047877910514	0.08558251681445878	0.08557940277659724	0.10023071816865772
UP000000725	0.017835632340617375	0.015656592937527813	0.03349222527814519	0.03349222527814519	0.03349222527814519	0.03815357649736864	0.03349222527814519	0.03815357649736864	0.03815357649736864	0.03349222527814519	0.03815357649736864	0.0584715206541199	0.058800734141366294	0.058800734141366294	0.058800734141366294	0.06698445055629038	0.06698445055629038	0.08482008289690776	0.09229295941951147	0.10047667583443556
UP000000728	0.016582144871659647	0.016730754660820413	0.03331289953248006	0.03331289953248006	0.03331289953248006	0.03301699997049266	0.03331289953248006	0.03301699997049266	0.03301699997049266	0.03331289953248006	0.03301699997049266	0.04945185506932566	0.06722290191434079	0.06722290191434079	0.06722290191434079	0.06662579906496012	0.06662579906496012	0.08320794393661976	0.10053580144682085	0.09993869859744019
UP000000729	0.010825862995271112	0.019040905742457558	0.029866768737728668	0.029866768737728668	0.029866768737728668	0.01698099611643606	0.029866768737728668	0.01698099611643606	0.01698099611643606	0.029866768737728668	0.01698099611643606	0.02313612923760101	0.10506143087443126	0.10506143087443126	0.10506143087443126	0.059733537475457336	0.059733537475457336	0.07055940047072844	0.1349281996121599	0.08960030621318599
UP000000730	0.010422462111685314	0.019064345581398714	0.029486807693084028	0.029486807693084028	0.029486807693084028	0.016120413609978814	0.029486807693084028	0.016120413609978814	0.016120413609978814	0.029486807693084028	0.016120413609978814	0.02181836510827231	0.10787214881269565	0.10787214881269565	0.10787214881269565	0.058973615386168056	0.058973615386168056	0.06939607749785337	0.13735895650577967	0.08846042307925209
UP000000735	0.019975937817780537	0.01283378783652627	0.0328097256543068	0.0328097256543068	0.0328097256543068	0.05106871391651979	0.0328097256543068	0.05106871391651979	0.05106871391651979	0.0328097256543068	0.05106871391651979	0.08216149001525905	0.04215802650799307	0.04215802650799307	0.04215802650799307	0.0656194513086136	0.0656194513086136	0.08559538912639415	0.07496775216229988	0.09842917696292042
UP000000744	0.020457530314800965	0.011765760646383638	0.0322232909611846	0.0322232909611846	0.0322232909611846	0.056027737729281664	0.0322232909611846	0.056027737729281664	0.056027737729281664	0.0322232909611846	0.056027737729281664	0.09159794514376236	0.03706522956133906	0.03706522956133906	0.03706522956133906	0.0644465819223692	0.0644465819223692	0.08490411223717018	0.06928852052252366	0.09666987288355382
UP000000825	0.018626309595502606	0.014810741487581238	0.03343705108308384	0.03343705108308384	0.03343705108308384	0.04205116036603426	0.03343705108308384	0.04205116036603426	0.04205116036603426	0.03343705108308384	0.04205116036603426	0.06547601113656591	0.05317505511861326	0.05317505511861326	0.05317505511861326	0.06687410216616768	0.06687410216616768	0.08550041176167028	0.0866121062016971	0.10031115324925154
UP000000826	0.0175386507174508	0.01593703771063046	0.03347568842808126	0.03347568842808126	0.03347568842808126	0.03683987059117656	0.03347568842808126	0.03683987059117656	0.03683987059117656	0.03347568842808126	0.03683987059117656	0.05614109046490232	0.060837440400910166	0.060837440400910166	0.060837440400910166	0.06695137685616252	0.06695137685616252	0.08449002757361332	0.09431312882899143	0.10042706528424378
UP000000831	0.013941664514553066	0.01825634846658477	0.032198012981137836	0.032198012981137836	0.032198012981137836	0.02458837241411526	0.032198012981137836	0.02458837241411526	0.02458837241411526	0.032198012981137836	0.02458837241411526	0.035235080313677454	0.08432538945427578	0.08432538945427578	0.08432538945427578	0.06439602596227567	0.06439602596227567	0.07833769047682873	0.11652340243541362	0.0965940389434135
UP000000832	0.020197115906755034	0.012387551702551229	0.03258466760930626	0.03258466760930626	0.03258466760930626	0.053127230004029385	0.03258466760930626	0.053127230004029385	0.053127230004029385	0.03258466760930626	0.053127230004029385	0.08605734410130372	0.03997048455673087	0.03997048455673087	0.03997048455673087	0.06516933521861253	0.06516933521861253	0.08536645112536756	0.07255515216603713	0.09775400282791878
UP000000834	0.018799178841699727	0.014602684670012222	0.03340186351171195	0.03340186351171195	0.03340186351171195	0.04300083306545795	0.03340186351171195	0.04300083306545795	0.04300083306545795	0.03340186351171195	0.04300083306545795	0.06720248728921617	0.051891296354965276	0.051891296354965276	0.051891296354965276	0.0668037270234239	0.0668037270234239	0.08560290586512362	0.08529315986667724	0.10020559053513585
UP000000835	0.020442826070997913	0.011804733648100267	0.03224755971909818	0.03224755971909818	0.03224755971909818	0.055844653018302715	0.03224755971909818	0.055844653018302715	0.055844653018302715	0.03224755971909818	0.055844653018302715	0.09124647996560753	0.03724278159615322	0.03724278159615322	0.03724278159615322	0.06449511943819636	0.06449511943819636	0.08493794550919428	0.0694903413152514	0.09674267915729455
UP000000839	0.02084375921399159	0.010357944270551978	0.03120170348454357	0.03120170348454357	0.03120170348454357	0.06278859757405612	0.03120170348454357	0.06278859757405612	0.06278859757405612	0.03120170348454357	0.06278859757405612	0.10473343593412066	0.031010289700741513	0.031010289700741513	0.031010289700741513	0.06240340696908714	0.06240340696908714	0.08324716618307872	0.06221199318528509	0.09360511045363071
UP000000840	0.017372962613811188	0.016085952869489828	0.033458915483301016	0.033458915483301016	0.033458915483301016	0.03613590643377861	0.033458915483301016	0.03613590643377861	0.03613590643377861	0.033458915483301016	0.03613590643377861	0.05489885025374602	0.06196047841612802	0.06196047841612802	0.06196047841612802	0.06691783096660203	0.06691783096660203	0.08429079358041322	0.09541939389942902	0.10037674644990306
UP000000842	0.011737896445515	0.01892042712612308	0.030658323571638082	0.030658323571638082	0.030658323571638082	0.019019878614691607	0.030658323571638082	0.019019878614691607	0.019019878614691607	0.030658323571638082	0.019019878614691607	0.026301860783868213	0.09883688779141028	0.09883688779141028	0.09883688779141028	0.061316647143276164	0.061316647143276164	0.07305454358879117	0.12949521136304837	0.09197497071491424
UP000000846	0.017847827736261646	0.015644685199094774	0.03349251293535642	0.03349251293535642	0.03349251293535642	0.038209052704962325	0.03349251293535642	0.038209052704962325	0.038209052704962325	0.03349251293535642	0.038209052704962325	0.058570277673663	0.05871636920113082	0.05871636920113082	0.05871636920113082	0.06698502587071284	0.06698502587071284	0.08483285360697448	0.09220888213648723	0.10047753880606924
UP000000853	0.018576621614153892	0.014868814693638226	0.03344543630779212	0.03344543630779212	0.03344543630779212	0.04178565862926312	0.03344543630779212	0.04178565862926312	0.04178565862926312	0.03344543630779212	0.04178565862926312	0.06499469564437235	0.05353976682493687	0.05353976682493687	0.05353976682493687	0.06689087261558424	0.06689087261558424	0.08546749422973814	0.08698520313272898	0.10033630892337636
UP000000854	0.019970865002259724	0.01284337850759684	0.03281424350985657	0.03281424350985657	0.03281424350985657	0.0510246448704285	0.03281424350985657	0.0510246448704285	0.0510246448704285	0.03281424350985657	0.0510246448704285	0.08207842473859728	0.04220605865493096	0.04220605865493096	0.04220605865493096	0.06562848701971313	0.06562848701971313	0.08559935202197284	0.07502030216478753	0.09844273052956969
UP000000862	0.019648886981468962	0.013406628175707294	0.03305551515717626	0.03305551515717626	0.03305551515717626	0.04844649026773838	0.03305551515717626	0.04844649026773838	0.04844649026773838	0.03305551515717626	0.04844649026773838	0.07724409355400781	0.045108203969687406	0.045108203969687406	0.045108203969687406	0.06611103031435252	0.06611103031435252	0.08575991729582147	0.07816371912686368	0.09916654547152877
UP000000866	0.0207030282983396	0.00750597315194477	0.02820900145028437	0.02820900145028437	0.02820900145028437	0.07780626755130676	0.02820900145028437	0.07780626755130676	0.07780626755130676	0.02820900145028437	0.07780626755130676	0.1349095068042739	0.020454592871902412	0.020454592871902412	0.020454592871902412	0.05641800290056874	0.05641800290056874	0.07712103119890834	0.04866359432218678	0.08462700435085312
UP000000867	0.01902595239756109	0.014314273193519396	0.033340225591080484	0.033340225591080484	0.033340225591080484	0.044314478034905055	0.033340225591080484	0.044314478034905055	0.044314478034905055	0.033340225591080484	0.044314478034905055	0.06960300367224903	0.05016738058332045	0.05016738058332045	0.05016738058332045	0.06668045118216097	0.06668045118216097	0.08570640357972208	0.08350760617440095	0.10002067677324147
UP000000868	0.019961864175728244	0.012860332824534453	0.0328221970002627	0.0328221970002627	0.0328221970002627	0.050946755998280864	0.0328221970002627	0.050946755998280864	0.050946755998280864	0.0328221970002627	0.050946755998280864	0.08193164782083348	0.04229107800152793	0.04229107800152793	0.04229107800152793	0.0656443940005254	0.0656443940005254	0.08560625817625363	0.07511327500179063	0.0984665910007881
UP000000869	0.01076614684563807	0.019045550237788835	0.029811697083426906	0.029811697083426906	0.029811697083426906	0.016852078543839275	0.029811697083426906	0.016852078543839275	0.016852078543839275	0.029811697083426906	0.016852078543839275	0.022938010242040483	0.10547509385053344	0.10547509385053344	0.10547509385053344	0.05962339416685381	0.05962339416685381	0.07038954101249188	0.13528679093396037	0.08943509125028072
UP000000870	0.01063566623713769	0.019054284374102948	0.029689950611240638	0.029689950611240638	0.029689950611240638	0.016572252155920904	0.029689950611240638	0.016572252155920904	0.016572252155920904	0.029689950611240638	0.016572252155920904	0.022508838074704118	0.10638181932115609	0.10638181932115609	0.10638181932115609	0.059379901222481275	0.059379901222481275	0.07001556745961897	0.13607176993239672	0.0890698518337219
UP000000871	0.02081443184804951	0.007948486985046679	0.028762918833096188	0.028762918833096188	0.028762918833096188	0.07532047481850968	0.028762918833096188	0.07532047481850968	0.07532047481850968	0.028762918833096188	0.07532047481850968	0.12982651778896986	0.021967612439850754	0.021967612439850754	0.021967612439850754	0.057525837666192375	0.057525837666192375	0.07834026951424189	0.05073053127294694	0.08628875649928856
UP000000872	0.018306911776575605	0.004088645567417843	0.022395557343993445	0.022395557343993445	0.022395557343993445	0.1002761148461828	0.022395557343993445	0.1002761148461828	0.1002761148461828	0.022395557343993445	0.1002761148461828	0.18224531791579	0.010003598354752008	0.010003598354752008	0.010003598354752008	0.04479111468798689	0.04479111468798689	0.06309802646456249	0.032399155698745456	0.06718667203198034
UP000000875	0.010870057859965499	0.019037207943270785	0.029907265803236285	0.029907265803236285	0.029907265803236285	0.01707675362286827	0.029907265803236285	0.01707675362286827	0.01707675362286827	0.029907265803236285	0.01707675362286827	0.02328344938577104	0.10475580635275246	0.10475580635275246	0.10475580635275246	0.05981453160647257	0.05981453160647257	0.07068458946643806	0.13466307215598874	0.08972179740970884
