Proteome_ID	M	W	C	D	E	F	H	K	N	Q	Y	I	A	G	P	T	V	L	R	S
UP000006687	0.015845996047455353	0.016830878138491358	0.03267687418594671	0.03267687418594671	0.03267687418594671	0.03076474174033325	0.03267687418594671	0.03076474174033325	0.03076474174033325	0.03267687418594671	0.03076474174033325	0.04568348743321115	0.06941570422249377	0.06941570422249377	0.06941570422249377	0.06535374837189342	0.06535374837189342	0.07928761197373531	0.10209257840844048	0.11486150069633151
UP000007251	0.014646219853726423	0.01762266042127625	0.03226888027500267	0.03226888027500267	0.03226888027500267	0.026818715429065602	0.03226888027500267	0.026818715429065602	0.026818715429065602	0.03226888027500267	0.026818715429065602	0.03899121100440479	0.07765328186255606	0.07765328186255606	0.07765328186255606	0.06453776055000535	0.06453776055000535	0.0737338155577947	0.10992216213755873	0.11442930124628427
UP000006677	0.018916259357212944	0.013370947120469368	0.03228720647768231	0.03228720647768231	0.03228720647768231	0.04567762972577554	0.03228720647768231	0.04567762972577554	0.04567762972577554	0.03228720647768231	0.04567762972577554	0.07243900009433812	0.04564438690846676	0.04564438690846676	0.04564438690846676	0.06457441295536462	0.06457441295536462	0.09688109556067079	0.07793159338614908	0.11023256655351629
UP000007666	0.0191153145966515	0.012999147135642123	0.03211446173229362	0.03211446173229362	0.03211446173229362	0.04722448578428176	0.03211446173229362	0.04722448578428176	0.04722448578428176	0.03211446173229362	0.04722448578428176	0.07533365697191202	0.04367813159749527	0.04367813159749527	0.04367813159749527	0.06422892346458724	0.06422892346458724	0.09845426211322689	0.07579259332978891	0.10934253233252302
UP000099345	0.010874207110477527	0.018911664539960914	0.02978587165043844	0.02978587165043844	0.02978587165043844	0.017126876199002106	0.02978587165043844	0.017126876199002106	0.017126876199002106	0.02978587165043844	0.017126876199002106	0.023379545287526685	0.10360303182761195	0.10360303182761195	0.10360303182761195	0.05957174330087688	0.05957174330087688	0.05778695495991808	0.1333889034780504	0.10826927949127624
UP000007699	0.018379269794071163	0.014223017062051809	0.03260228685612297	0.03260228685612297	0.03260228685612297	0.04212933327845862	0.03260228685612297	0.04212933327845862	0.04212933327845862	0.03260228685612297	0.04212933327845862	0.06587939676284608	0.050459336786723395	0.050459336786723395	0.050459336786723395	0.06520457371224594	0.06520457371224594	0.09311088992865275	0.08306162364284636	0.11202987763042072
UP000002135	0.016367457211939062	0.01641542703299683	0.032782884244935896	0.032782884244935896	0.032782884244935896	0.03268708478216066	0.032782884244935896	0.03268708478216066	0.03268708478216066	0.032782884244935896	0.03268708478216066	0.04900671235238226	0.06575792895446002	0.06575792895446002	0.06575792895446002	0.06556576848987179	0.06556576848987179	0.08183742623903562	0.09854081319939592	0.1147640797678045
UP000008222	0.01883901207770527	0.013505611917886821	0.03234462399559209	0.03234462399559209	0.03234462399559209	0.04511759747033636	0.03234462399559209	0.04511759747033636	0.04511759747033636	0.03234462399559209	0.04511759747033636	0.07139618286296745	0.046375461463969314	0.046375461463969314	0.046375461463969314	0.06468924799118418	0.06468924799118418	0.09630123354363372	0.07872008545956141	0.11053948390466309
UP000008623	0.015334320817531381	0.017194680855727645	0.03252900167325903	0.03252900167325903	0.03252900167325903	0.02900956125426501	0.03252900167325903	0.02900956125426501	0.02900956125426501	0.03252900167325903	0.02900956125426501	0.04268480169099864	0.07295084131638294	0.07295084131638294	0.07295084131638294	0.06505800334651805	0.06505800334651805	0.07687288374505541	0.10547984298964196	0.11478168587550473
UP000172353	0.01718760073266527	0.003985765764697183	0.021173366497362452	0.021173366497362452	0.021173366497362452	0.09130475572507853	0.021173366497362452	0.09130475572507853	0.09130475572507853	0.021173366497362452	0.09130475572507853	0.16542191071749177	0.009820111674829086	0.009820111674829086	0.009820111674829086	0.042346732994724905	0.042346732994724905	0.12966572295510626	0.03099347817219154	0.06750586525678454
UP000163220	0.019967996577185343	0.010304146484411818	0.03027214306159716	0.03027214306159716	0.03027214306159716	0.058663184762802974	0.03027214306159716	0.058663184762802974	0.058663184762802974	0.03027214306159716	0.058663184762802974	0.0973583729484206	0.031242853563002458	0.031242853563002458	0.031242853563002458	0.06054428612319432	0.06054428612319432	0.10890332440158547	0.06151499662459962	0.1011205756692033
UP000000360	0.016500335445740404	0.01630165205136559	0.03280198749710599	0.03280198749710599	0.03280198749710599	0.03320177582516194	0.03280198749710599	0.03320177582516194	0.03320177582516194	0.03280198749710599	0.03320177582516194	0.04990321620458348	0.06481402617897773	0.06481402617897773	0.06481402617897773	0.06560397499421199	0.06560397499421199	0.08250409876800834	0.09761601367608372	0.11470761454268359
UP000004993	0.017342410252391798	0.015493690058568358	0.032836100310960153	0.032836100310960153	0.032836100310960153	0.03675413155476402	0.032836100310960153	0.03675413155476402	0.03675413155476402	0.032836100310960153	0.03675413155476402	0.05616585285713625	0.0586714710984203	0.0586714710984203	0.0586714710984203	0.06567220062192031	0.06567220062192031	0.08693264211811598	0.09150757140938048	0.11400199099144881
UP000008865	0.01654721413662687	0.016260696231756366	0.032807910368383236	0.032807910368383236	0.032807910368383236	0.03338599470179393	0.032807910368383236	0.03338599470179393	0.03338599470179393	0.032807910368383236	0.03338599470179393	0.05022477526696099	0.06447967133248436	0.06447967133248436	0.06447967133248436	0.06561582073676647	0.06561582073676647	0.08274111920680405	0.0972875817008676	0.11468442733690609
UP000009108	0.01882647906413434	0.013527013555847081	0.032353492619981425	0.032353492619981425	0.032353492619981425	0.04502859030539075	0.032353492619981425	0.04502859030539075	0.04502859030539075	0.032353492619981425	0.04502859030539075	0.07123070154664717	0.0464926162516741	0.0464926162516741	0.0464926162516741	0.06470698523996285	0.06470698523996285	0.09620856198950652	0.07884610887165552	0.11058749141579136
UP000000396	0.018405830876228147	0.014184870631360456	0.0325907015075886	0.0325907015075886	0.0325907015075886	0.042288643701840906	0.0325907015075886	0.042288643701840906	0.042288643701840906	0.0325907015075886	0.042288643701840906	0.06617145652745367	0.05023352521048106	0.05023352521048106	0.05023352521048106	0.0651814030151772	0.0651814030151772	0.09328517608565765	0.08282422671806965	0.11195697515412627
UP000007661	0.017503882688008596	0.01531904011076725	0.03282292279877585	0.03282292279877585	0.03282292279877585	0.03750421606008577	0.03282292279877585	0.03750421606008577	0.03750421606008577	0.03282292279877585	0.03750421606008577	0.05750454943216294	0.057451901371748625	0.057451901371748625	0.057451901371748625	0.0656458455975517	0.0656458455975517	0.08783102154687022	0.09027482417052449	0.1137878085070948
UP000007068	0.0183693920789413	0.014237113843628474	0.03260650592256977	0.03260650592256977	0.03260650592256977	0.04207044336335476	0.03260650592256977	0.04207044336335476	0.04207044336335476	0.03260650592256977	0.04207044336335476	0.06577149464776824	0.050543048443585384	0.050543048443585384	0.050543048443585384	0.06521301184513954	0.06521301184513954	0.09304634136486584	0.08314955436615516	0.1120566316113378
UP000134285	0.017846787006074085	0.014922601762434845	0.03276938876850893	0.03276938876850893	0.03276938876850893	0.03919077322984137	0.03276938876850893	0.03919077322984137	0.03919077322984137	0.03276938876850893	0.03919077322984137	0.060534759453608665	0.05480028852526039	0.05480028852526039	0.05480028852526039	0.06553877753701785	0.06553877753701785	0.08980694900442439	0.08756967729376933	0.11323076806796163
UP000006372	0.018627459161381272	0.013851856376434974	0.032479315537816245	0.032479315537816245	0.032479315537816245	0.04367697060442651	0.032479315537816245	0.04367697060442651	0.04367697060442651	0.032479315537816245	0.04367697060442651	0.06872648204747175	0.048304904081333915	0.048304904081333915	0.048304904081333915	0.06495863107563249	0.06495863107563249	0.09478374530362403	0.08078421961915015	0.11128980298988372
UP000009089	0.01924960073529715	0.012723722877201835	0.03197332361249899	0.03197332361249899	0.03197332361249899	0.048372140737507764	0.03197332361249899	0.048372140737507764	0.048372140737507764	0.03197332361249899	0.048372140737507764	0.07749468073971837	0.04226785944318975	0.04226785944318975	0.04226785944318975	0.06394664722499797	0.06394664722499797	0.09959506508530391	0.07424118305568875	0.1086436937146988
UP000002317	0.017769048389822562	0.015015749957542006	0.03278479834736457	0.03278479834736457	0.03278479834736457	0.038796241941435244	0.03278479834736457	0.038796241941435244	0.038796241941435244	0.03278479834736457	0.038796241941435244	0.05982343549304794	0.055409645310485714	0.055409645310485714	0.055409645310485714	0.06556959669472914	0.06556959669472914	0.08935008867862236	0.08819444365785027	0.11337014499963571
UP000000862	0.018797260232112176	0.013576445842891074	0.032373706075003256	0.032373706075003256	0.032373706075003256	0.044822996004391706	0.032373706075003256	0.044822996004391706	0.044822996004391706	0.032373706075003256	0.044822996004391706	0.07084873177667124	0.04676424775032954	0.04676424775032954	0.04676424775032954	0.06474741215000651	0.06474741215000651	0.09599396231150714	0.07913795382533281	0.11069756406790082
UP000000344	0.019955135737558836	0.010400229177751711	0.03035536491531055	0.03035536491531055	0.03035536491531055	0.05824346914815789	0.03035536491531055	0.05824346914815789	0.05824346914815789	0.03035536491531055	0.05824346914815789	0.09653180255875694	0.03164125326387122	0.03164125326387122	0.03164125326387122	0.0607107298306211	0.0607107298306211	0.10855396980102729	0.06199661817918176	0.10146632392368336
UP000125273	0.010536734284076716	0.018944719115644302	0.02948145339972102	0.02948145339972102	0.02948145339972102	0.016397088755184	0.02948145339972102	0.016397088755184	0.016397088755184	0.02948145339972102	0.016397088755184	0.02225744322629128	0.10601346465056308	0.10601346465056308	0.10601346465056308	0.05896290679944204	0.05896290679944204	0.05641527643898174	0.13549491805028407	0.10738907931480736
UP000000470	0.017190144564410266	0.01565202716020358	0.03284217172461385	0.03284217172461385	0.03284217172461385	0.03606955661249672	0.03284217172461385	0.03606955661249672	0.03606955661249672	0.03284217172461385	0.03606955661249672	0.05494896866058317	0.05980712517077789	0.05980712517077789	0.05980712517077789	0.0656843434492277	0.0656843434492277	0.08610187290152083	0.09264929689539175	0.11417854233404512
UP000008687	0.017844640317109965	0.01492520137536824	0.03276984169247821	0.03276984169247821	0.03276984169247821	0.03917977543780244	0.03276984169247821	0.03917977543780244	0.03917977543780244	0.03276984169247821	0.03917977543780244	0.060514910558494915	0.05481718629321042	0.05481718629321042	0.05481718629321042	0.06553968338495642	0.06553968338495642	0.08979425744739063	0.08758702798568863	0.11323472645280286
UP000008226	0.01895566235539478	0.013300330182454526	0.03225599253784931	0.03225599253784931	0.03225599253784931	0.045971317636324074	0.03225599253784931	0.045971317636324074	0.045971317636324074	0.03225599253784931	0.045971317636324074	0.07298697291725337	0.04526513957388435	0.04526513957388435	0.04526513957388435	0.06451198507569862	0.06451198507569862	0.09718297252956819	0.07752113211173366	0.11006830779600246
UP000009116	0.01934120549962087	0.012521486192298275	0.031862691691919146	0.031862691691919146	0.031862691691919146	0.0492164315257978	0.031862691691919146	0.0492164315257978	0.0492164315257978	0.031862691691919146	0.0492164315257978	0.07909165755197474	0.041255779437082474	0.041255779437082474	0.041255779437082474	0.06372538338383829	0.06372538338383829	0.10042032871733782	0.07311847112900162	0.10810956126805571
UP000002241	0.018301668775109407	0.014332494747192857	0.032634163522302265	0.032634163522302265	0.032634163522302265	0.04167171606010267	0.032634163522302265	0.04167171606010267	0.04167171606010267	0.032634163522302265	0.04167171606010267	0.06504176334509593	0.051113259999388656	0.051113259999388656	0.051113259999388656	0.06526832704460453	0.06526832704460453	0.09260754835751434	0.08374742352169091	0.11223498531409964
UP000006674	0.019706810843569986	0.011528890144293438	0.031235700987863425	0.031235700987863425	0.031235700987863425	0.05339248125621391	0.031235700987863425	0.05339248125621391	0.05339248125621391	0.031235700987863425	0.05339248125621391	0.08707815166885784	0.03654705656106447	0.03654705656106447	0.03654705656106447	0.06247140197572685	0.06247140197572685	0.10433499308764733	0.0677827575489279	0.1052359931078837
UP000006716	0.01945209124388924	0.012257233964117915	0.03170932520800716	0.03170932520800716	0.03170932520800716	0.050322339365796796	0.03170932520800716	0.050322339365796796	0.050322339365796796	0.03170932520800716	0.050322339365796796	0.08119258748770435	0.03996162808879931	0.03996162808879931	0.03996162808879931	0.06341865041601431	0.06341865041601431	0.10148375581769319	0.07167095329680646	0.10738520958813938
UP000001795	0.01731012305895636	0.015527765311284428	0.032837888370240785	0.032837888370240785	0.032837888370240785	0.03660719216770032	0.032837888370240785	0.03660719216770032	0.03660719216770032	0.032837888370240785	0.03660719216770032	0.05590426127644428	0.05891339099030037	0.05891339099030037	0.05891339099030037	0.06567577674048157	0.06567577674048157	0.08675520359689746	0.09175127936054117	0.11404143042200679
UP000007453	0.01794799215825203	0.014798214818467055	0.03274620697671908	0.03274620697671908	0.03274620697671908	0.0397161869347383	0.03274620697671908	0.0397161869347383	0.0397161869347383	0.03274620697671908	0.0397161869347383	0.06148438171122457	0.05399884299689462	0.05399884299689462	0.05399884299689462	0.06549241395343816	0.06549241395343816	0.09041038606970941	0.08674504997361371	0.1130368357486243
UP000140422	0.014969925296733909	0.017429663213764664	0.03239958851049857	0.03239958851049857	0.03239958851049857	0.027827239901230524	0.03239958851049857	0.027827239901230524	0.027827239901230524	0.03239958851049857	0.027827239901230524	0.04068455450572713	0.07544645745503575	0.07544645745503575	0.07544645745503575	0.06479917702099713	0.06479917702099713	0.075196753708463	0.10784604596553432	0.11462842874526039
UP000009190	0.012374716053935452	0.018601541252272116	0.03097625730620757	0.03097625730620757	0.03097625730620757	0.020607023008437038	0.03097625730620757	0.020607023008437038	0.020607023008437038	0.03097625730620757	0.020607023008437038	0.028839329962938618	0.09312635952388877	0.09312635952388877	0.09312635952388877	0.06195251461241514	0.06195251461241514	0.06395799636858006	0.12410261683009634	0.11153031317089483
UP000007225	0.01521957008953413	0.017270762832024927	0.032490332921559055	0.032490332921559055	0.032490332921559055	0.028631560976278517	0.032490332921559055	0.028631560976278517	0.028631560976278517	0.032490332921559055	0.028631560976278517	0.0420435518630229	0.07373832912765989	0.07373832912765989	0.07373832912765989	0.06498066584311811	0.06498066584311811	0.07634146398737171	0.10622866204921895	0.1147417615967021
UP000008479	0.017257959694372303	0.015582242642587474	0.03284020233695978	0.03284020233695978	0.03284020233695978	0.03637184334027106	0.03284020233695978	0.03637184334027106	0.03637184334027106	0.03284020233695978	0.03637184334027106	0.05548572698616982	0.059302954730279606	0.059302954730279606	0.059302954730279606	0.06568040467391956	0.06568040467391956	0.08647000537160314	0.09214315706723938	0.1141028496534668
UP000002242	0.017076872158478727	0.015766052868287462	0.03284292502676619	0.03284292502676619	0.03284292502676619	0.03557354758848457	0.03284292502676619	0.03557354758848457	0.03557354758848457	0.03284292502676619	0.03557354758848457	0.05407022301849042	0.060643809652706916	0.060643809652706916	0.060643809652706916	0.06568585005353238	0.06568585005353238	0.0854933447737295	0.09348673467947309	0.11429482794858603
UP000007544	0.01811990598773098	0.014578233283726934	0.03269813927145791	0.03269813927145791	0.03269813927145791	0.04064190756461005	0.03269813927145791	0.04064190756461005	0.04064190756461005	0.03269813927145791	0.04064190756461005	0.06316390914148913	0.052614081173033476	0.052614081173033476	0.052614081173033476	0.06539627854291583	0.06539627854291583	0.09145995282379894	0.0853122204444914	0.11267265109810067
UP000007711	0.019813764722742117	0.011134780175521594	0.03094854489826371	0.03094854489826371	0.03094854489826371	0.0550713330177345	0.03094854489826371	0.0550713330177345	0.0550713330177345	0.03094854489826371	0.0550713330177345	0.09032890131272688	0.034784428806595345	0.034784428806595345	0.034784428806595345	0.06189708979652742	0.06189708979652742	0.10583364263874033	0.06573297370485906	0.10398041487031272
UP000009246	0.0199742639061599	0.010253351543646282	0.03022761544980618	0.03022761544980618	0.03022761544980618	0.058885562021180005	0.03022761544980618	0.058885562021180005	0.058885562021180005	0.03022761544980618	0.058885562021180005	0.09779686013620012	0.03103337064025025	0.03103337064025025	0.03103337064025025	0.06045523089961236	0.06045523089961236	0.10908744137714609	0.06126098609005643	0.10093619789306482
UP000002665	0.016603288128611886	0.016211134225559115	0.032814422354171	0.032814422354171	0.032814422354171	0.03360821652202889	0.032814422354171	0.03360821652202889	0.03360821652202889	0.032814422354171	0.03360821652202889	0.0506131449154459	0.06407875370191841	0.06407875370191841	0.06407875370191841	0.065628844708342	0.065628844708342	0.08302592700481178	0.09689317605608942	0.11465440128807211
UP000002092	0.01611959125749225	0.01661887063272431	0.032738461890216564	0.032738461890216564	0.032738461890216564	0.031754902949308765	0.032738461890216564	0.031754902949308765	0.031754902949308765	0.032738461890216564	0.031754902949308765	0.04739021464112528	0.06750497009221647	0.06750497009221647	0.06750497009221647	0.06547692378043313	0.06547692378043313	0.08061295609701756	0.10024343198243303	0.11483425630337399
UP000007016	0.018737625787396735	0.013675402012911096	0.03241302780030783	0.03241302780030783	0.03241302780030783	0.04441135880212194	0.03241302780030783	0.04441135880212194	0.04441135880212194	0.03241302780030783	0.04441135880212194	0.07008509181684715	0.04731241734190448	0.04731241734190448	0.04731241734190448	0.06482605560061566	0.06482605560061566	0.0955620123898265	0.07972544514221232	0.11091448541383458
UP000009115	0.016719532661039895	0.016106356864149216	0.03282588952518911	0.03282588952518911	0.03282588952518911	0.03407558498009708	0.03282588952518911	0.03407558498009708	0.03407558498009708	0.03282588952518911	0.03407558498009708	0.05143163729915427	0.0632440513493336	0.0632440513493336	0.0632440513493336	0.06565177905037822	0.06565177905037822	0.08362100716632608	0.09606994087452271	0.11458402543971653
UP000002131	0.01089135677202564	0.018909619482934854	0.029800976254960494	0.029800976254960494	0.029800976254960494	0.017164441877868187	0.029800976254960494	0.017164441877868187	0.017164441877868187	0.029800976254960494	0.017164441877868187	0.023437526983710738	0.10348116088689512	0.10348116088689512	0.10348116088689512	0.05960195250992099	0.05960195250992099	0.05785677490485432	0.13328213714185563	0.10831254824781633
UP000009294	0.009324656077675691	0.018947273721209513	0.028271929798885202	0.028271929798885202	0.028271929798885202	0.013913665148125946	0.028271929798885202	0.013913665148125946	0.013913665148125946	0.028271929798885202	0.013913665148125946	0.018502674218576202	0.11489453081465775	0.11489453081465775	0.11489453081465775	0.056543859597770404	0.056543859597770404	0.05151025102468684	0.14316646061354293	0.10376306311786512
UP000008446	0.01976592234413475	0.011321009846736181	0.03108693219087093	0.03108693219087093	0.03108693219087093	0.0542762435437052	0.03108693219087093	0.0542762435437052	0.0542762435437052	0.03108693219087093	0.0542762435437052	0.08878656474327565	0.03561032562106584	0.03561032562106584	0.03561032562106584	0.06217386438174186	0.06217386438174186	0.10512909807871088	0.06669725781193676	0.10458180641934897
UP000002326	0.01872943542680028	0.01368879741627954	0.03241823284307982	0.03241823284307982	0.03241823284307982	0.044355627468293905	0.03241823284307982	0.044355627468293905	0.044355627468293905	0.03241823284307982	0.044355627468293905	0.06998181950978755	0.04738707941486651	0.04738707941486651	0.04738707941486651	0.06483646568615964	0.06483646568615964	0.09550329573817401	0.07980531225794633	0.11094349594551899
UP000007219	0.01595736727880654	0.016746114322002088	0.03270348160080863	0.03270348160080863	0.03270348160080863	0.031163137738415017	0.03270348160080863	0.031163137738415017	0.031163137738415017	0.03270348160080863	0.031163137738415017	0.04636890819802349	0.06863992437424084	0.06863992437424084	0.06863992437424084	0.06540696320161726	0.06540696320161726	0.07982398661803018	0.10134340597504947	0.11485655912442798
UP000006540	0.018505296360221992	0.014038787259088718	0.03254408361931071	0.03254408361931071	0.03254408361931071	0.042898143624001524	0.03254408361931071	0.042898143624001524	0.042898143624001524	0.03254408361931071	0.042898143624001524	0.06729099088778105	0.04937823827080998	0.04937823827080998	0.04937823827080998	0.06508816723862142	0.06508816723862142	0.09394752360353421	0.08192232189012069	0.11167103811702084
UP000000840	0.01705299816723731	0.015789691769877025	0.03284268993711433	0.03284268993711433	0.03284268993711433	0.03547037772917311	0.03284268993711433	0.03547037772917311	0.03547037772917311	0.03284268993711433	0.03547037772917311	0.05388775729110891	0.06081932876729907	0.06081932876729907	0.06081932876729907	0.06568537987422866	0.06568537987422866	0.08536606583352475	0.0936620187044134	0.11431776158122003
UP000201106	0.01769579802730773	0.015101703879638767	0.0327975019069465	0.0327975019069465	0.0327975019069465	0.038431290546497465	0.0327975019069465	0.038431290546497465	0.038431290546497465	0.0327975019069465	0.038431290546497465	0.0591667830656872	0.055979183422670345	0.055979183422670345	0.055979183422670345	0.065595003813893	0.065595003813893	0.08892459048075171	0.08877668532961684	0.11349420960047826
UP000008920	0.018410271076840425	0.014178459151532827	0.032588730228373254	0.032588730228373254	0.032588730228373254	0.042315413201265466	0.032588730228373254	0.042315413201265466	0.042315413201265466	0.032588730228373254	0.042315413201265466	0.06622055532569052	0.05019567375350256	0.05019567375350256	0.05019567375350256	0.06517746045674651	0.06517746045674651	0.09331441450647915	0.08278440398187582	0.11194464983665259
UP000009253	0.019081862511357454	0.013064414993664229	0.032146277505021685	0.032146277505021685	0.032146277505021685	0.04695279872081902	0.032146277505021685	0.04695279872081902	0.04695279872081902	0.032146277505021685	0.04695279872081902	0.07482373493028059	0.044017957846319296	0.044017957846319296	0.044017957846319296	0.06429255501004337	0.06429255501004337	0.09818093873719816	0.07616423535134098	0.10950324750872928
UP000008286	0.019658690412189584	0.011684287344690417	0.03134297775688	0.03134297775688	0.03134297775688	0.052734230008357766	0.03134297775688	0.052734230008357766	0.052734230008357766	0.03134297775688	0.052734230008357766	0.08580976960452594	0.037257859060901365	0.037257859060901365	0.037257859060901365	0.06268595551376	0.06268595551376	0.10373589817742734	0.06860083681778135	0.10571322061533042
UP000007908	0.01712396368401447	0.015719026570323334	0.0328429902543378	0.0328429902543378	0.0328429902543378	0.0357784351259706	0.0328429902543378	0.0357784351259706	0.0357784351259706	0.0328429902543378	0.0357784351259706	0.05443290656792674	0.06029676843320384	0.06029676843320384	0.06029676843320384	0.0656859805086756	0.0656859805086756	0.08574538906432287	0.09313975868754164	0.11424799733333674
UP000007670	0.01707138853312569	0.01577149443880302	0.03284288297192871	0.03284288297192871	0.03284288297192871	0.035549809051850706	0.03284288297192871	0.035549809051850706	0.035549809051850706	0.03284288297192871	0.035549809051850706	0.054028229570575736	0.06068414940482783	0.06068414940482783	0.06068414940482783	0.06568576594385742	0.06568576594385742	0.0854640805569051	0.09352703237675654	0.11430014335458914
UP000002501	0.01950807776119532	0.01211395648529645	0.03162203424649177	0.03162203424649177	0.03162203424649177	0.0509235032993968	0.03162203424649177	0.0509235032993968	0.0509235032993968	0.03162203424649177	0.0509235032993968	0.08233892883759827	0.03927275168038736	0.03927275168038736	0.03927275168038736	0.06324406849298354	0.06324406849298354	0.1020536153070839	0.07089478592687913	0.10698005922477177
UP000008167	0.014332750339768784	0.01779606350598496	0.032128813845753744	0.032128813845753744	0.032128813845753744	0.025876187023564347	0.032128813845753744	0.025876187023564347	0.025876187023564347	0.032128813845753744	0.025876187023564347	0.037419623707359906	0.07978460491068962	0.07978460491068962	0.07978460491068962	0.06425762769150749	0.06425762769150749	0.07233775120908688	0.11191341875644335	0.11418250504324617
UP000110594	0.006265619205891008	0.018017402596844482	0.024283021802735488	0.024283021802735488	0.024283021802735488	0.008444511741716666	0.024283021802735488	0.008444511741716666	0.008444511741716666	0.024283021802735488	0.008444511741716666	0.010623404277542324	0.13965642204252665	0.13965642204252665	0.13965642204252665	0.048566043605470975	0.048566043605470975	0.03899315275034316	0.16393944384526213	0.09086646800505095
UP000008447	0.01802654710653966	0.01469910464890385	0.03272565175544351	0.03272565175544351	0.03272565175544351	0.040133771209371394	0.03272565175544351	0.040133771209371394	0.040133771209371394	0.03272565175544351	0.040133771209371394	0.06224099531220313	0.05336993013846092	0.05336993013846092	0.05336993013846092	0.06545130351088702	0.06545130351088702	0.09088597007135456	0.08609558189390444	0.11287605991523438
UP000002325	0.017814718273579257	0.01496127314921299	0.03277599142279225	0.03277599142279225	0.03277599142279225	0.03902709665888353	0.03277599142279225	0.03902709665888353	0.03902709665888353	0.03277599142279225	0.03902709665888353	0.06023947504418779	0.055052294724179635	0.055052294724179635	0.055052294724179635	0.0655519828455845	0.0655519828455845	0.08961780635525501	0.08782828614697188	0.11328924741758972
UP000006541	0.01669469636499264	0.01612897709780742	0.03282367346280006	0.03282367346280006	0.03282367346280006	0.033974954438964776	0.03282367346280006	0.033974954438964776	0.033974954438964776	0.03282367346280006	0.033974954438964776	0.05125521251293691	0.06342280997185956	0.06342280997185956	0.06342280997185956	0.06564734692560012	0.06564734692560012	0.08349332426675748	0.09624648343465962	0.11459999748620761
UP000138352	0.01890974912934784	0.013382485616476127	0.03229223474582397	0.03229223474582397	0.03229223474582397	0.04562964425067203	0.03229223474582397	0.04562964425067203	0.04562964425067203	0.03229223474582397	0.04562964425067203	0.0723495393719962	0.04570662086036504	0.04570662086036504	0.04570662086036504	0.06458446949164794	0.06458446949164794	0.09683162812584384	0.077998855606189	0.11025918985394803
UP000006711	0.012710396453087122	0.01849609966829876	0.03120649612138588	0.03120649612138588	0.03120649612138588	0.02144489620665107	0.03120649612138588	0.02144489620665107	0.02144489620665107	0.03120649612138588	0.02144489620665107	0.030179395960215016	0.09082304626608888	0.09082304626608888	0.09082304626608888	0.06241299224277176	0.06241299224277176	0.06536178878112407	0.12202954238747477	0.11211558803245641
UP000008622	0.0199008976454373	0.0107307983555993	0.0306316960010366	0.0306316960010366	0.0306316960010366	0.05680828458627162	0.0306316960010366	0.05680828458627162	0.05680828458627162	0.0306316960010366	0.05680828458627162	0.09371567152710594	0.03303394238123758	0.03303394238123758	0.03303394238123758	0.0612633920020732	0.0612633920020732	0.10734087823274552	0.06366563838227418	0.1026258863587091
UP000001189	0.014059189417867666	0.01793691625033474	0.03199610566820241	0.03199610566820241	0.03199610566820241	0.025078965857075454	0.03199610566820241	0.025078965857075454	0.025078965857075454	0.03199610566820241	0.025078965857075454	0.036098742296283244	0.08164218443177523	0.08164218443177523	0.08164218443177523	0.06399221133640481	0.06399221133640481	0.07113426094314552	0.11363829009997764	0.11392523325494194
UP000516359	0.01998630532032082	0.010145903241065039	0.03013220856138586	0.03013220856138586	0.03013220856138586	0.05935711251867065	0.03013220856138586	0.05935711251867065	0.05935711251867065	0.03013220856138586	0.05935711251867065	0.09872791971702048	0.030592795176863148	0.030592795176863148	0.030592795176863148	0.06026441712277172	0.06026441712277172	0.10947562640037733	0.06072500373824902	0.10054252892522263
UP000002477	0.017448382217209728	0.015379882927440967	0.032828265144650697	0.032828265144650697	0.032828265144650697	0.037243464106594244	0.032828265144650697	0.037243464106594244	0.037243464106594244	0.032828265144650697	0.037243464106594244	0.05703854599597874	0.05787297278915974	0.05787297278915974	0.05787297278915974	0.06565653028930139	0.06565653028930139	0.08752011146845465	0.09070123793381044	0.11386467836139305
UP000009104	0.018851103174744924	0.013484849672360478	0.0323359528471054	0.0323359528471054	0.0323359528471054	0.04520394355035978	0.0323359528471054	0.04520394355035978	0.04520394355035978	0.0323359528471054	0.04520394355035978	0.07155678392597463	0.046262063192135	0.046262063192135	0.046262063192135	0.0646719056942108	0.0646719056942108	0.0963909995722101	0.0785980160392404	0.11049270821367667
UP000007218	0.018911245230383955	0.013379837155752309	0.03229108238613627	0.03229108238613627	0.03229108238613627	0.045640658451229034	0.03229108238613627	0.045640658451229034	0.045640658451229034	0.03229108238613627	0.045640658451229034	0.07237007167207411	0.045692329473400094	0.045692329473400094	0.045692329473400094	0.06458216477227254	0.06458216477227254	0.09684298606774926	0.07798341185953636	0.1102530843141611
UP000000518	0.012888419380372156	0.018434807494572113	0.031323226874944265	0.031323226874944265	0.031323226874944265	0.021899164633516887	0.031323226874944265	0.021899164633516887	0.021899164633516887	0.031323226874944265	0.021899164633516887	0.030909909886661622	0.08960565923666143	0.08960565923666143	0.08960565923666143	0.06264645374988853	0.06264645374988853	0.06611081088883332	0.1209288861116057	0.11240448811940491
UP000008774	0.012502791612721505	0.018562868837163498	0.031065660449885003	0.031065660449885003	0.031065660449885003	0.02092389287042051	0.031065660449885003	0.02092389287042051	0.02092389287042051	0.031065660449885003	0.02092389287042051	0.029344994128119518	0.09224624358040445	0.09224624358040445	0.09224624358040445	0.062131320899770005	0.062131320899770005	0.06449234493302702	0.12331190403028947	0.1117598501868185
UP000001833	0.019054544940442335	0.01311682331294377	0.0321713682533861	0.0321713682533861	0.0321713682533861	0.04673469845208194	0.0321713682533861	0.04673469845208194	0.04673469845208194	0.0321713682533861	0.04673469845208194	0.07441485196372154	0.044292440930422755	0.044292440930422755	0.044292440930422755	0.0643427365067722	0.0643427365067722	0.0979606116459104	0.07646380918380885	0.1096309280731021
UP000002138	0.01415355230107878	0.017889414473915295	0.032042966774994075	0.032042966774994075	0.032042966774994075	0.025351405815595147	0.032042966774994075	0.025351405815595147	0.025351405815595147	0.032042966774994075	0.025351405815595147	0.036549259330111515	0.08100156079800187	0.08100156079800187	0.08100156079800187	0.06408593354998815	0.06408593354998815	0.071547924891668	0.11304452757299595	0.11401831479889751
UP000008478	0.019206748616686503	0.0128141137852355	0.03202086240192201	0.03202086240192201	0.03202086240192201	0.04799525468174399	0.03202086240192201	0.04799525468174399	0.04799525468174399	0.03202086240192201	0.04799525468174399	0.07678376074680149	0.042726541853431624	0.042726541853431624	0.042726541853431624	0.06404172480384401	0.06404172480384401	0.0992228657003525	0.07474740425535363	0.10887670099100151
UP000158064	0.019102869242627715	0.013023572789118492	0.03212644203174621	0.03212644203174621	0.03212644203174621	0.047122800425093335	0.03212644203174621	0.047122800425093335	0.047122800425093335	0.03212644203174621	0.047122800425093335	0.07514273160755895	0.04380504843975876	0.04380504843975876	0.04380504843975876	0.06425288406349242	0.06425288406349242	0.09835211169946727	0.07593149047150498	0.10940289888435711
UP000001065	0.020014737389015592	0.009781570112720815	0.029796307501736407	0.029796307501736407	0.029796307501736407	0.06096825590750951	0.029796307501736407	0.06096825590750951	0.06096825590750951	0.029796307501736407	0.06096825590750951	0.10192177442600343	0.02912400650216664	0.02912400650216664	0.02912400650216664	0.059592615003472814	0.059592615003472814	0.11077930079826151	0.05892031400390304	0.09917049261793003
UP000002473	0.0179717610942957	0.014768468666108198	0.032740229760403895	0.032740229760403895	0.032740229760403895	0.039841611254972764	0.032740229760403895	0.039841611254972764	0.039841611254972764	0.032740229760403895	0.039841611254972764	0.06171146141564983	0.053809201535756	0.053809201535756	0.053809201535756	0.06548045952080779	0.06548045952080779	0.09055360210967235	0.0865494312961599	0.1129891579473199
UP000001594	0.014728663554416205	0.017574872347135694	0.0323035359015519	0.0323035359015519	0.0323035359015519	0.027072055063290714	0.0323035359015519	0.027072055063290714	0.027072055063290714	0.0323035359015519	0.027072055063290714	0.03941544657216523	0.0770919259216377	0.0770919259216377	0.0770919259216377	0.0646070718031038	0.0646070718031038	0.07410425451925882	0.1093954618231896	0.11448548005179139
UP000000868	0.019207981903334618	0.012811546844108903	0.032019528747443515	0.032019528747443515	0.032019528747443515	0.04800595402084531	0.032019528747443515	0.04800595402084531	0.04800595402084531	0.032019528747443515	0.04800595402084531	0.076803926138356	0.04271346094958031	0.04271346094958031	0.04271346094958031	0.06403905749488703	0.06403905749488703	0.09923346467162346	0.07473298969702383	0.10887013308643947
UP000009165	0.018896492437312597	0.013405871063365634	0.03230236350067823	0.03230236350067823	0.03230236350067823	0.04553239134650034	0.03230236350067823	0.04553239134650034	0.04553239134650034	0.03230236350067823	0.04553239134650034	0.07216829025568809	0.04583298425023965	0.04583298425023965	0.04583298425023965	0.06460472700135646	0.06460472700135646	0.09673124728449117	0.07813534775091786	0.11031296156540032
UP000002243	0.019432615457910182	0.012305408172778844	0.031738023630689026	0.031738023630689026	0.031738023630689026	0.05012046735463707	0.031738023630689026	0.05012046735463707	0.05012046735463707	0.031738023630689026	0.05012046735463707	0.08080831925136396	0.04019524147110655	0.04019524147110655	0.04019524147110655	0.06347604726137805	0.06347604726137805	0.10129110644323627	0.07193326510179558	0.10751947906484592
UP000242267	0.019786660965738997	0.01124257685135563	0.03102923781709463	0.03102923781709463	0.03102923781709463	0.054610701517073174	0.03102923781709463	0.054610701517073174	0.054610701517073174	0.03102923781709463	0.054610701517073174	0.08943474206840733	0.03526098631817821	0.03526098631817821	0.03526098631817821	0.06205847563418926	0.06205847563418926	0.10542660029990679	0.06629022413527284	0.10433029030263952
UP000158680	0.01141537741404769	0.018830290771785038	0.030245668185832728	0.030245668185832728	0.030245668185832728	0.018335655124278562	0.030245668185832728	0.018335655124278562	0.018335655124278562	0.030245668185832728	0.018335655124278562	0.025255932834509432	0.0997837751426935	0.0997837751426935	0.0997837751426935	0.060491336371665455	0.060491336371665455	0.05999670072415898	0.13002944332852623	0.10956729532928322
UP000153037	0.013186123325142974	0.018323924263312735	0.03151004758845571	0.03151004758845571	0.03151004758845571	0.02267502132795787	0.03151004758845571	0.02267502132795787	0.02267502132795787	0.03151004758845571	0.02267502132795787	0.03216391933077276	0.08757505315353663	0.08757505315353663	0.08757505315353663	0.06302009517691141	0.06302009517691141	0.06737119224155655	0.11908510074199234	0.11285406702867985
UP000000373	0.018766271994012585	0.013628183721813753	0.03239445571582634	0.03239445571582634	0.03239445571582634	0.04460779069834003	0.03239445571582634	0.04460779069834003	0.04460779069834003	0.03239445571582634	0.04460779069834003	0.07044930940266748	0.047050111413102745	0.047050111413102745	0.047050111413102745	0.06478891143165268	0.06478891143165268	0.09576851840817895	0.07944456712892907	0.11081155086929276
UP000000522	0.018448016381872875	0.014123548856766737	0.03257156523863961	0.03257156523863961	0.03257156523863961	0.04254460229503696	0.03257156523863961	0.04254460229503696	0.04254460229503696	0.03257156523863961	0.04254460229503696	0.06664118820820103	0.04987268912459508	0.04987268912459508	0.04987268912459508	0.06514313047727922	0.06514313047727922	0.09356418391554945	0.0824442543632347	0.11183824457268557
UP000007081	0.018769753056806112	0.01362240630742989	0.032392159364236006	0.032392159364236006	0.032392159364236006	0.04463182337409873	0.032392159364236006	0.04463182337409873	0.04463182337409873	0.032392159364236006	0.04463182337409873	0.07049389369139135	0.04701810990258473	0.04701810990258473	0.04701810990258473	0.06478431872847201	0.06478431872847201	0.09579373579514085	0.07941026926682072	0.1107988844001379
UP000002246	0.019986424357434363	0.010144761747134478	0.03013118610456884	0.03013118610456884	0.03013118610456884	0.05936213061374714	0.03013118610456884	0.05936213061374714	0.05936213061374714	0.03013118610456884	0.05936213061374714	0.09873783687005992	0.030588133097025755	0.030588133097025755	0.030588133097025755	0.06026237220913768	0.06026237220913768	0.10947974107575036	0.06071931920159459	0.10053832006084101
UP000006723	0.016263562717126537	0.01650206466690761	0.03276562738403415	0.03276562738403415	0.03276562738403415	0.03229207051859759	0.03276562738403415	0.03229207051859759	0.03229207051859759	0.03276562738403415	0.03229207051859759	0.048320578320068634	0.06649225773559926	0.06649225773559926	0.06649225773559926	0.0655312547680683	0.0655312547680683	0.08132126061975829	0.0992578851196334	0.11479894681901007
UP000000469	0.01917969988872677	0.01286991888845914	0.032049618777185915	0.032049618777185915	0.032049618777185915	0.04776269959601303	0.032049618777185915	0.04776269959601303	0.04776269959601303	0.032049618777185915	0.04776269959601303	0.07634569930329928	0.04301172557041524	0.04301172557041524	0.04301172557041524	0.06409923755437183	0.06409923755437183	0.09899201826192569	0.07506134434760116	0.10901877522001686
UP000000869	0.011640563231809734	0.018786258214820505	0.03042682144663024	0.03042682144663024	0.03042682144663024	0.018853426528177203	0.03042682144663024	0.018853426528177203	0.018853426528177203	0.03042682144663024	0.018853426528177203	0.02606628982454467	0.09820935859712136	0.09820935859712136	0.09820935859712136	0.06085364289326048	0.06085364289326048	0.06092081120661717	0.1286361800437516	0.11006672255471123
UP000126245	0.018223697008855615	0.014439674664424614	0.03266337167328023	0.03266337167328023	0.03266337167328023	0.04122304709039062	0.03266337167328023	0.04122304709039062	0.04122304709039062	0.03266337167328023	0.04122304709039062	0.06422239717192561	0.05176210515090944	0.05176210515090944	0.05176210515090944	0.06532674334656045	0.06532674334656045	0.09211011577252645	0.08442547682418967	0.1124297896842653
