Proteome_ID	M	W	C	D	E	F	H	K	N	Q	Y	I	A	G	P	T	V	L	R	S
UP000002036	0.03516061968820886	0.033368711099342814	0.033368711099342814	0.033368711099342814	0.033368711099342814	0.03516061968820886	0.033368711099342814	0.03516061968820886	0.03516061968820886	0.033368711099342814	0.03516061968820886	0.03516061968820886	0.06333624892309891	0.06333624892309891	0.06333624892309891	0.06673742219868563	0.06673742219868563	0.10189804188689448	0.06333624892309891	0.10010613329802845
UP000001300	0.02844297601657402	0.032988143830218225	0.032988143830218225	0.032988143830218225	0.032988143830218225	0.02844297601657402	0.032988143830218225	0.02844297601657402	0.02844297601657402	0.032988143830218225	0.02844297601657402	0.02844297601657402	0.07651925260767711	0.07651925260767711	0.07651925260767711	0.06597628766043645	0.06597628766043645	0.09441926367701048	0.07651925260767711	0.09896443149065468
UP000000267	0.05900044124514483	0.030644360691978616	0.030644360691978616	0.030644360691978616	0.030644360691978616	0.05900044124514483	0.030644360691978616	0.05900044124514483	0.05900044124514483	0.030644360691978616	0.05900044124514483	0.05900044124514483	0.03183287522607676	0.03183287522607676	0.03183287522607676	0.06128872138395723	0.06128872138395723	0.12028916262910207	0.03183287522607676	0.09193308207593585
UP000000314	0.0452690865349789	0.032837325211485864	0.032837325211485864	0.032837325211485864	0.032837325211485864	0.0452690865349789	0.032837325211485864	0.0452690865349789	0.0452690865349789	0.032837325211485864	0.0452690865349789	0.0452690865349789	0.04763912902071496	0.04763912902071496	0.04763912902071496	0.06567465042297173	0.06567465042297173	0.11094373695795062	0.04763912902071496	0.09851197563445759
UP000007796	0.02001558696095525	0.031270507954758164	0.031270507954758164	0.031270507954758164	0.031270507954758164	0.02001558696095525	0.031270507954758164	0.02001558696095525	0.02001558696095525	0.031270507954758164	0.02001558696095525	0.02001558696095525	0.09770831798798524	0.09770831798798524	0.09770831798798524	0.06254101590951633	0.06254101590951633	0.08255660287047158	0.09770831798798524	0.09381152386427448
UP000029964	0.01942501942501942	0.031080031080031077	0.031080031080031077	0.031080031080031077	0.031080031080031077	0.01942501942501942	0.031080031080031077	0.01942501942501942	0.01942501942501942	0.031080031080031077	0.01942501942501942	0.01942501942501942	0.09945609945609946	0.09945609945609946	0.09945609945609946	0.06216006216006215	0.06216006216006215	0.08158508158508158	0.09945609945609946	0.09324009324009323
UP000002037	0.06108568408176231	0.030198087557784466	0.030198087557784466	0.030198087557784466	0.030198087557784466	0.06108568408176231	0.030198087557784466	0.06108568408176231	0.06108568408176231	0.030198087557784466	0.06108568408176231	0.06108568408176231	0.029857224515224195	0.029857224515224195	0.029857224515224195	0.06039617511556893	0.06039617511556893	0.12148185919733125	0.029857224515224195	0.0905942626733534
UP000009058	0.02348238776118992	0.03218353141330184	0.03218353141330184	0.03218353141330184	0.03218353141330184	0.02348238776118992	0.03218353141330184	0.02348238776118992	0.02348238776118992	0.03218353141330184	0.02348238776118992	0.02348238776118992	0.08821757861803574	0.08821757861803574	0.08821757861803574	0.06436706282660368	0.06436706282660368	0.08784945058779359	0.08821757861803574	0.0965505942399055
UP000054166	0.03687991395907692	0.0333610964804127	0.0333610964804127	0.0333610964804127	0.0333610964804127	0.03687991395907692	0.0333610964804127	0.03687991395907692	0.03687991395907692	0.0333610964804127	0.03687991395907692	0.03687991395907692	0.06035603877006775	0.06035603877006775	0.06035603877006775	0.0667221929608254	0.0667221929608254	0.10360210691990233	0.06035603877006775	0.10008328944123811
UP000016922	0.03767333637891545	0.03334500112701294	0.03334500112701294	0.03334500112701294	0.03334500112701294	0.03767333637891545	0.03334500112701294	0.03767333637891545	0.03767333637891545	0.03334500112701294	0.03767333637891545	0.03767333637891545	0.05902790711059943	0.05902790711059943	0.05902790711059943	0.06669000225402588	0.06669000225402588	0.10436333863294132	0.05902790711059943	0.10003500338103881
UP000009082	0.06776339633289553	0.028604120612170734	0.028604120612170734	0.028604120612170734	0.028604120612170734	0.06776339633289553	0.028604120612170734	0.06776339633289553	0.06776339633289553	0.028604120612170734	0.06776339633289553	0.06776339633289553	0.02414860412179252	0.02414860412179252	0.02414860412179252	0.05720824122434147	0.05720824122434147	0.124971637557237	0.02414860412179252	0.0858123618365122
UP000005206	0.025734303638819015	0.03261362581466653	0.03261362581466653	0.03261362581466653	0.03261362581466653	0.025734303638819015	0.03261362581466653	0.025734303638819015	0.025734303638819015	0.03261362581466653	0.025734303638819015	0.025734303638819015	0.08266387182706728	0.08266387182706728	0.08266387182706728	0.06522725162933306	0.06522725162933306	0.09096155526815207	0.08266387182706728	0.0978408774439996
UP000016927	0.0568822781945683	0.031070280099206465	0.031070280099206465	0.031070280099206465	0.031070280099206465	0.0568822781945683	0.031070280099206465	0.0568822781945683	0.0568822781945683	0.031070280099206465	0.0568822781945683	0.0568822781945683	0.03394246278748124	0.03394246278748124	0.03394246278748124	0.06214056019841293	0.06214056019841293	0.11902283839298121	0.03394246278748124	0.09321084029761938
UP000249829	0.017835446878424956	0.03050927437714616	0.03050927437714616	0.03050927437714616	0.03050927437714616	0.017835446878424956	0.03050927437714616	0.017835446878424956	0.017835446878424956	0.03050927437714616	0.017835446878424956	0.017835446878424956	0.10437818904845825	0.10437818904845825	0.10437818904845825	0.06101854875429232	0.06101854875429232	0.07885399563271728	0.10437818904845825	0.0915278231314385
UP000000559	0.05577738580626345	0.03128098105346293	0.03128098105346293	0.03128098105346293	0.03128098105346293	0.05577738580626345	0.03128098105346293	0.05577738580626345	0.05577738580626345	0.03128098105346293	0.05577738580626345	0.05577738580626345	0.035085895888553	0.035085895888553	0.035085895888553	0.06256196210692586	0.06256196210692586	0.1183393479131893	0.035085895888553	0.09384294316038878
UP000005221	0.04723898892284637	0.03261332108667191	0.03261332108667191	0.03261332108667191	0.03261332108667191	0.04723898892284637	0.03261332108667191	0.04723898892284637	0.04723898892284637	0.03261332108667191	0.04723898892284637	0.04723898892284637	0.04503181530999923	0.04503181530999923	0.04503181530999923	0.06522664217334383	0.06522664217334383	0.11246563109619018	0.04503181530999923	0.09783996326001572
UP000001312	0.03846334384723439	0.03332142660958845	0.03332142660958845	0.03332142660958845	0.03332142660958845	0.03846334384723439	0.03332142660958845	0.03846334384723439	0.03846334384723439	0.03332142660958845	0.03846334384723439	0.03846334384723439	0.05773379848138313	0.05773379848138313	0.05773379848138313	0.0666428532191769	0.0666428532191769	0.10510619706641129	0.05773379848138313	0.09996427982876535
UP000193067	0.013647571012060574	0.028517312562514635	0.028517312562514635	0.028517312562514635	0.028517312562514635	0.013647571012060574	0.028517312562514635	0.013647571012060574	0.013647571012060574	0.028517312562514635	0.013647571012060574	0.013647571012060574	0.11917682861946413	0.11917682861946413	0.11917682861946413	0.05703462512502927	0.05703462512502927	0.07068219613708984	0.11917682861946413	0.0855519376875439
UP000007963	0.02416722998603864	0.032326721350371866	0.032326721350371866	0.032326721350371866	0.032326721350371866	0.02416722998603864	0.032326721350371866	0.02416722998603864	0.02416722998603864	0.032326721350371866	0.02416722998603864	0.02416722998603864	0.08648214246053788	0.08648214246053788	0.08648214246053788	0.06465344270074373	0.06465344270074373	0.08882067268678238	0.08648214246053788	0.0969801640511156
UP000002038	0.030325300336108214	0.03316755379613367	0.03316755379613367	0.03316755379613367	0.03316755379613367	0.030325300336108214	0.03316755379613367	0.030325300336108214	0.030325300336108214	0.03316755379613367	0.030325300336108214	0.030325300336108214	0.07255239767630937	0.07255239767630937	0.07255239767630937	0.06633510759226734	0.06633510759226734	0.09666040792837555	0.07255239767630937	0.099502661388401
UP000005222	0.040752595617394055	0.03321265952825006	0.03321265952825006	0.03321265952825006	0.03321265952825006	0.040752595617394055	0.03321265952825006	0.040752595617394055	0.040752595617394055	0.03321265952825006	0.040752595617394055	0.040752595617394055	0.05413548443862269	0.05413548443862269	0.05413548443862269	0.06642531905650012	0.06642531905650012	0.10717791467389418	0.05413548443862269	0.09963797858475018
UP000000560	0.027966583923990356	0.03293264357601095	0.03293264357601095	0.03293264357601095	0.03293264357601095	0.027966583923990356	0.03293264357601095	0.027966583923990356	0.027966583923990356	0.03293264357601095	0.027966583923990356	0.027966583923990356	0.0775610647229758	0.0775610647229758	0.0775610647229758	0.0658652871520219	0.0658652871520219	0.09383187107601226	0.0775610647229758	0.09879793072803285
UP000016930	0.02583307157172939	0.03262989707628457	0.03262989707628457	0.03262989707628457	0.03262989707628457	0.02583307157172939	0.03262989707628457	0.02583307157172939	0.02583307157172939	0.03262989707628457	0.02583307157172939	0.02583307157172939	0.08243001071340642	0.08243001071340642	0.08243001071340642	0.06525979415256913	0.06525979415256913	0.09109286572429852	0.08243001071340642	0.09788969122885371
UP000002058	0.030477332031202124	0.03317938292177798	0.03317938292177798	0.03317938292177798	0.03317938292177798	0.030477332031202124	0.03317938292177798	0.030477332031202124	0.030477332031202124	0.03317938292177798	0.030477332031202124	0.030477332031202124	0.07224198298872885	0.07224198298872885	0.07224198298872885	0.06635876584355596	0.06635876584355596	0.09683609787475807	0.07224198298872885	0.09953814876533394
UP000030143	0.029570721908044047	0.033103067577518526	0.033103067577518526	0.033103067577518526	0.033103067577518526	0.029570721908044047	0.033103067577518526	0.029570721908044047	0.029570721908044047	0.033103067577518526	0.029570721908044047	0.029570721908044047	0.07411473324522844	0.07411473324522844	0.07411473324522844	0.06620613515503705	0.06620613515503705	0.09577685706308112	0.07411473324522844	0.0993092027325556
UP000005426	0.022757181022054394	0.03201934255893067	0.03201934255893067	0.03201934255893067	0.03201934255893067	0.022757181022054394	0.03201934255893067	0.022757181022054394	0.022757181022054394	0.03201934255893067	0.022757181022054394	0.022757181022054394	0.0901023986154148	0.0901023986154148	0.0901023986154148	0.06403868511786134	0.06403868511786134	0.08679586613991574	0.0901023986154148	0.09605802767679203
UP000016932	0.02782197486256574	0.0329149539463526	0.0329149539463526	0.0329149539463526	0.0329149539463526	0.02782197486256574	0.0329149539463526	0.02782197486256574	0.02782197486256574	0.0329149539463526	0.02782197486256574	0.02782197486256574	0.0778804666916877	0.0778804666916877	0.0778804666916877	0.0658299078927052	0.0658299078927052	0.09365188275527092	0.0778804666916877	0.09874486183905777
UP000009096	0.03172200526927596	0.03326206021705333	0.03326206021705333	0.03326206021705333	0.03326206021705333	0.03172200526927596	0.03326206021705333	0.03172200526927596	0.03172200526927596	0.03326206021705333	0.03172200526927596	0.03172200526927596	0.06975376496481707	0.06975376496481707	0.06975376496481707	0.06652412043410666	0.06652412043410666	0.09824612570338262	0.06975376496481707	0.09978618065115999
UP000000561	0.027230716687130056	0.032838455198687624	0.032838455198687624	0.032838455198687624	0.032838455198687624	0.027230716687130056	0.032838455198687624	0.027230716687130056	0.027230716687130056	0.032838455198687624	0.027230716687130056	0.027230716687130056	0.0792020388024438	0.0792020388024438	0.0792020388024438	0.06567691039737525	0.06567691039737525	0.09290762708450531	0.0792020388024438	0.09851536559606286
UP000094112	0.06508451029307845	0.029272311002407847	0.029272311002407847	0.029272311002407847	0.029272311002407847	0.06508451029307845	0.029272311002407847	0.06508451029307845	0.06508451029307845	0.029272311002407847	0.06508451029307845	0.06508451029307845	0.02633094072808327	0.02633094072808327	0.02633094072808327	0.058544622004815694	0.058544622004815694	0.12362913229789414	0.02633094072808327	0.08781693300722354
UP000002059	0.03139513326354599	0.03324275059846188	0.03324275059846188	0.03324275059846188	0.03324275059846188	0.03139513326354599	0.03324275059846188	0.03139513326354599	0.03139513326354599	0.03324275059846188	0.03139513326354599	0.03139513326354599	0.07039820204456249	0.07039820204456249	0.07039820204456249	0.06648550119692376	0.06648550119692376	0.09788063446046975	0.07039820204456249	0.09972825179538564
UP000094389	0.0428729052467804	0.033061638733379986	0.033061638733379986	0.033061638733379986	0.033061638733379986	0.0428729052467804	0.033061638733379986	0.0428729052467804	0.0428729052467804	0.033061638733379986	0.0428729052467804	0.0428729052467804	0.05099127056795936	0.05099127056795936	0.05099127056795936	0.06612327746675997	0.06612327746675997	0.10899618271354036	0.05099127056795936	0.09918491620013996
UP000000591	0.02747807403094337	0.0328712819114017	0.0328712819114017	0.0328712819114017	0.0328712819114017	0.02747807403094337	0.0328712819114017	0.02747807403094337	0.02747807403094337	0.0328712819114017	0.02747807403094337	0.02747807403094337	0.07864606327809275	0.07864606327809275	0.07864606327809275	0.0657425638228034	0.0657425638228034	0.09322063785374678	0.07864606327809275	0.0986138457342051
UP000002149	0.0316473358908057	0.033257797226306465	0.033257797226306465	0.033257797226306465	0.033257797226306465	0.0316473358908057	0.033257797226306465	0.0316473358908057	0.0316473358908057	0.033257797226306465	0.0316473358908057	0.0316473358908057	0.06990042259244077	0.06990042259244077	0.06990042259244077	0.06651559445261293	0.06651559445261293	0.09816293034341864	0.06990042259244077	0.0997733916789194
UP000007978	0.032004199599330166	0.03327738713393499	0.03327738713393499	0.03327738713393499	0.03327738713393499	0.032004199599330166	0.03327738713393499	0.032004199599330166	0.032004199599330166	0.03327738713393499	0.032004199599330166	0.032004199599330166	0.069202448948916	0.069202448948916	0.069202448948916	0.06655477426786997	0.06655477426786997	0.09855897386720014	0.069202448948916	0.09983216140180497
UP000002258	0.04321962660402801	0.03303260243793719	0.03303260243793719	0.03303260243793719	0.03303260243793719	0.04321962660402801	0.03303260243793719	0.04321962660402801	0.04321962660402801	0.03303260243793719	0.04321962660402801	0.04321962660402801	0.050493394300686514	0.050493394300686514	0.050493394300686514	0.06606520487587438	0.06606520487587438	0.1092848314799024	0.050493394300686514	0.09909780731381157
UP000000598	0.047889648847868095	0.03253190357529599	0.03253190357529599	0.03253190357529599	0.03253190357529599	0.047889648847868095	0.03253190357529599	0.047889648847868095	0.047889648847868095	0.03253190357529599	0.047889648847868095	0.047889648847868095	0.04419847610887086	0.04419847610887086	0.04419847610887086	0.06506380715059198	0.06506380715059198	0.11295345599846009	0.04419847610887086	0.09759571072588799
UP000030651	0.029198018071044086	0.03306759292957648	0.03306759292957648	0.03306759292957648	0.03306759292957648	0.029198018071044086	0.03306759292957648	0.029198018071044086	0.029198018071044086	0.03306759292957648	0.029198018071044086	0.029198018071044086	0.07489999488976105	0.07489999488976105	0.07489999488976105	0.06613518585915296	0.06613518585915296	0.09533320393019705	0.07489999488976105	0.09920277878872943
UP000016933	0.026356878860901895	0.0327127516141692	0.0327127516141692	0.0327127516141692	0.0327127516141692	0.026356878860901895	0.0327127516141692	0.026356878860901895	0.026356878860901895	0.0327127516141692	0.026356878860901895	0.026356878860901895	0.08120264344028719	0.08120264344028719	0.08120264344028719	0.0654255032283384	0.0654255032283384	0.09178238208924029	0.08120264344028719	0.0981382548425076
UP000001471	0.027713676347870645	0.03290144575844849	0.03290144575844849	0.03290144575844849	0.03290144575844849	0.027713676347870645	0.03290144575844849	0.027713676347870645	0.027713676347870645	0.03290144575844849	0.027713676347870645	0.027713676347870645	0.07812064479704454	0.07812064479704454	0.07812064479704454	0.06580289151689699	0.06580289151689699	0.09351656786476764	0.07812064479704454	0.09870433727534549
UP000000599	0.05257301299261277	0.031844934478451346	0.031844934478451346	0.031844934478451346	0.031844934478451346	0.05257301299261277	0.031844934478451346	0.05257301299261277	0.05257301299261277	0.031844934478451346	0.05257301299261277	0.05257301299261277	0.03857872296873508	0.03857872296873508	0.03857872296873508	0.06368986895690269	0.06368986895690269	0.11626288194951545	0.03857872296873508	0.09553480343535405
UP000008062	0.026385839374872638	0.032717165811292664	0.032717165811292664	0.032717165811292664	0.032717165811292664	0.026385839374872638	0.032717165811292664	0.026385839374872638	0.026385839374872638	0.032717165811292664	0.026385839374872638	0.026385839374872638	0.08113540930162541	0.08113540930162541	0.08113540930162541	0.06543433162258533	0.06543433162258533	0.09182017099745797	0.08113540930162541	0.098151497433878
UP000054270	0.036343004583735204	0.033367553916060964	0.033367553916060964	0.033367553916060964	0.033367553916060964	0.036343004583735204	0.033367553916060964	0.036343004583735204	0.036343004583735204	0.033367553916060964	0.036343004583735204	0.036343004583735204	0.06127141479323474	0.06127141479323474	0.06127141479323474	0.06673510783212193	0.06673510783212193	0.10307811241585714	0.06127141479323474	0.1001026617481829
UP000094569	0.030142647501342296	0.03315283100867708	0.03315283100867708	0.03315283100867708	0.03315283100867708	0.030142647501342296	0.03315283100867708	0.030142647501342296	0.030142647501342296	0.03315283100867708	0.030142647501342296	0.030142647501342296	0.07292725059011194	0.07292725059011194	0.07292725059011194	0.06630566201735416	0.06630566201735416	0.09644830951869644	0.07292725059011194	0.09945849302603126
UP000016934	0.026973303446576294	0.03280301741728795	0.03280301741728795	0.03280301741728795	0.03280301741728795	0.026973303446576294	0.03280301741728795	0.026973303446576294	0.026973303446576294	0.03280301741728795	0.026973303446576294	0.026973303446576294	0.07978540365366166	0.07978540365366166	0.07978540365366166	0.0656060348345759	0.0656060348345759	0.0925793382811522	0.07978540365366166	0.09840905225186386
UP000008066	0.02392432186421255	0.03227721906057194	0.03227721906057194	0.03227721906057194	0.03227721906057194	0.02392432186421255	0.03227721906057194	0.02392432186421255	0.02392432186421255	0.03227721906057194	0.02392432186421255	0.02392432186421255	0.08709286526048325	0.08709286526048325	0.08709286526048325	0.06455443812114388	0.06455443812114388	0.08847875998535643	0.08709286526048325	0.09683165718171582
UP000009097	0.03029802030071701	0.03316539042470471	0.03316539042470471	0.03316539042470471	0.03316539042470471	0.03029802030071701	0.03316539042470471	0.03029802030071701	0.03029802030071701	0.03316539042470471	0.03029802030071701	0.03029802030071701	0.07260825038110258	0.07260825038110258	0.07260825038110258	0.06633078084940942	0.06633078084940942	0.09662880115012643	0.07260825038110258	0.09949617127411411
UP000006564	0.029276229079343376	0.03307523938113661	0.03307523938113661	0.03307523938113661	0.03307523938113661	0.029276229079343376	0.03307523938113661	0.029276229079343376	0.029276229079343376	0.03307523938113661	0.029276229079343376	0.029276229079343376	0.07473445143188683	0.07473445143188683	0.07473445143188683	0.06615047876227322	0.06615047876227322	0.0954267078416166	0.07473445143188683	0.0992257181434098
UP000095358	0.052977720980189554	0.03177771453462557	0.03177771453462557	0.03177771453462557	0.03177771453462557	0.052977720980189554	0.03177771453462557	0.052977720980189554	0.052977720980189554	0.03177771453462557	0.052977720980189554	0.052977720980189554	0.0381225587798224	0.0381225587798224	0.0381225587798224	0.06355542906925114	0.06355542906925114	0.11653315004944068	0.0381225587798224	0.09533314360387671
UP000001610	0.02382216235207783	0.032255980648379305	0.032255980648379305	0.032255980648379305	0.032255980648379305	0.02382216235207783	0.032255980648379305	0.02382216235207783	0.02382216235207783	0.032255980648379305	0.02382216235207783	0.02382216235207783	0.08735128845244139	0.08735128845244139	0.08735128845244139	0.06451196129675861	0.06451196129675861	0.08833412364883644	0.08735128845244139	0.09676794194513792
UP000002311	0.04833777832731097	0.032473752559056705	0.032473752559056705	0.032473752559056705	0.032473752559056705	0.04833777832731097	0.032473752559056705	0.04833777832731097	0.04833777832731097	0.032473752559056705	0.04833777832731097	0.04833777832731097	0.04363231583074315	0.04363231583074315	0.04363231583074315	0.06494750511811341	0.06494750511811341	0.11328528344542436	0.04363231583074315	0.09742125767717011
UP000030669	0.02007971648627546	0.031290528352628126	0.031290528352628126	0.031290528352628126	0.031290528352628126	0.02007971648627546	0.031290528352628126	0.02007971648627546	0.02007971648627546	0.031290528352628126	0.02007971648627546	0.02007971648627546	0.0975210148266625	0.0975210148266625	0.0975210148266625	0.06258105670525625	0.06258105670525625	0.0826607731915317	0.0975210148266625	0.09387158505788436
UP000001611	0.02138211688294633	0.03167032219413314	0.03167032219413314	0.03167032219413314	0.03167032219413314	0.02138211688294633	0.03167032219413314	0.02138211688294633	0.02138211688294633	0.03167032219413314	0.02138211688294633	0.02138211688294633	0.09381758722684463	0.09381758722684463	0.09381758722684463	0.06334064438826628	0.06334064438826628	0.0847227612712126	0.09381758722684463	0.09501096658239942
UP000016935	0.03309749075116074	0.033325320787620544	0.033325320787620544	0.033325320787620544	0.033325320787620544	0.03309749075116074	0.033325320787620544	0.03309749075116074	0.03309749075116074	0.033325320787620544	0.03309749075116074	0.03309749075116074	0.06710943823189168	0.06710943823189168	0.06710943823189168	0.06665064157524109	0.06665064157524109	0.09974813232640181	0.06710943823189168	0.09997596236286162
UP000008142	0.03349940767841273	0.03333849109329331	0.03333849109329331	0.03333849109329331	0.03333849109329331	0.03349940767841273	0.03333849109329331	0.03349940767841273	0.03349940767841273	0.03333849109329331	0.03349940767841273	0.03349940767841273	0.06635669496292781	0.06635669496292781	0.06635669496292781	0.06667698218658662	0.06667698218658662	0.10017638986499935	0.06635669496292781	0.10001547327987995
UP000009138	0.04705337928396356	0.03263588314672243	0.03263588314672243	0.03263588314672243	0.03263588314672243	0.04705337928396356	0.03263588314672243	0.04705337928396356	0.04705337928396356	0.03263588314672243	0.04705337928396356	0.04705337928396356	0.04527202445285465	0.04527202445285465	0.04527202445285465	0.06527176629344486	0.06527176629344486	0.11232514557740844	0.04527202445285465	0.0979076494401673
UP000006701	0.025777853486118323	0.03262082596028537	0.03262082596028537	0.03262082596028537	0.03262082596028537	0.025777853486118323	0.03262082596028537	0.025777853486118323	0.025777853486118323	0.03262082596028537	0.025777853486118323	0.025777853486118323	0.0825606590482228	0.0825606590482228	0.0825606590482228	0.06524165192057074	0.06524165192057074	0.09101950540668906	0.0825606590482228	0.09786247788085611
UP000054279	0.034398018752492	0.03335958799769978	0.03335958799769978	0.03335958799769978	0.03335958799769978	0.034398018752492	0.03335958799769978	0.034398018752492	0.034398018752492	0.03335958799769978	0.034398018752492	0.034398018752492	0.06470501219176483	0.06470501219176483	0.06470501219176483	0.06671917599539956	0.06671917599539956	0.10111719474789155	0.06470501219176483	0.10007876399309933
UP000054317	0.020363128590617344	0.03137748574385364	0.03137748574385364	0.03137748574385364	0.03137748574385364	0.020363128590617344	0.03137748574385364	0.020363128590617344	0.020363128590617344	0.03137748574385364	0.020363128590617344	0.020363128590617344	0.09669895342696848	0.09669895342696848	0.09669895342696848	0.06275497148770728	0.06275497148770728	0.08311810007832462	0.09669895342696848	0.09413245723156093
UP000217790	0.030435116853390846	0.03317613686145192	0.03317613686145192	0.03317613686145192	0.03317613686145192	0.030435116853390846	0.03317613686145192	0.030435116853390846	0.030435116853390846	0.03317613686145192	0.030435116853390846	0.030435116853390846	0.07232803227612133	0.07232803227612133	0.07232803227612133	0.06635227372290384	0.06635227372290384	0.09678739057629468	0.07232803227612133	0.09952841058435574
UP000002428	0.045895067252803616	0.03276988732810651	0.03276988732810651	0.03276988732810651	0.03276988732810651	0.045895067252803616	0.03276988732810651	0.045895067252803616	0.045895067252803616	0.03276988732810651	0.045895067252803616	0.045895067252803616	0.04679655482719425	0.04679655482719425	0.04679655482719425	0.06553977465621302	0.06553977465621302	0.11143484190901663	0.04679655482719425	0.09830966198431952
UP000009297	0.031602719725163854	0.03325520832460857	0.03325520832460857	0.03325520832460857	0.03325520832460857	0.031602719725163854	0.03325520832460857	0.031602719725163854	0.031602719725163854	0.03325520832460857	0.031602719725163854	0.031602719725163854	0.06998820926368111	0.06998820926368111	0.06998820926368111	0.06651041664921714	0.06651041664921714	0.098113136374381	0.06998820926368111	0.09976562497382574
UP000001628	0.031047613958220175	0.03322036139384325	0.03322036139384325	0.03322036139384325	0.03322036139384325	0.031047613958220175	0.03322036139384325	0.031047613958220175	0.031047613958220175	0.03322036139384325	0.031047613958220175	0.031047613958220175	0.07109032034620252	0.07109032034620252	0.07109032034620252	0.0664407227876865	0.0664407227876865	0.09748833674590666	0.07109032034620252	0.09966108418152973
UP000016936	0.026545565627264445	0.03274120187270477	0.03274120187270477	0.03274120187270477	0.03274120187270477	0.026545565627264445	0.03274120187270477	0.026545565627264445	0.026545565627264445	0.03274120187270477	0.026545565627264445	0.026545565627264445	0.08076575312964435	0.08076575312964435	0.08076575312964435	0.06548240374540953	0.06548240374540953	0.09202796937267399	0.08076575312964435	0.09822360561811432
UP000009328	0.06373896639017201	0.029593700806057856	0.029593700806057856	0.029593700806057856	0.029593700806057856	0.06373896639017201	0.029593700806057856	0.06373896639017201	0.06373896639017201	0.029593700806057856	0.06373896639017201	0.06373896639017201	0.027480430794482046	0.027480430794482046	0.027480430794482046	0.05918740161211571	0.05918740161211571	0.12292636800228772	0.027480430794482046	0.08878110241817358
UP000008177	0.03773435888055401	0.033343445550030645	0.033343445550030645	0.033343445550030645	0.033343445550030645	0.03773435888055401	0.033343445550030645	0.03773435888055401	0.03773435888055401	0.033343445550030645	0.03773435888055401	0.03773435888055401	0.05892695114641554	0.05892695114641554	0.05892695114641554	0.06668689110006129	0.06668689110006129	0.10442124998061532	0.05892695114641554	0.10003033665009195
UP000030671	0.028182902077589313	0.0329583693172397	0.0329583693172397	0.0329583693172397	0.0329583693172397	0.028182902077589313	0.0329583693172397	0.028182902077589313	0.028182902077589313	0.0329583693172397	0.028182902077589313	0.028182902077589313	0.07708603642456983	0.07708603642456983	0.07708603642456983	0.0659167386344794	0.0659167386344794	0.09409964071206872	0.07708603642456983	0.09887510795171911
UP000018087	0.02625795940249936	0.03269754352657954	0.03269754352657954	0.03269754352657954	0.03269754352657954	0.02625795940249936	0.03269754352657954	0.02625795940249936	0.02625795940249936	0.03269754352657954	0.02625795940249936	0.02625795940249936	0.08143278282095284	0.08143278282095284	0.08143278282095284	0.06539508705315908	0.06539508705315908	0.09165304645565844	0.08143278282095284	0.09809263057973863
UP000002485	0.048822944006184234	0.032408917533527905	0.032408917533527905	0.032408917533527905	0.032408917533527905	0.048822944006184234	0.032408917533527905	0.048822944006184234	0.048822944006184234	0.032408917533527905	0.048822944006184234	0.048822944006184234	0.04302640723844796	0.04302640723844796	0.04302640723844796	0.06481783506705581	0.06481783506705581	0.11364077907324005	0.04302640723844796	0.09722675260058372
UP000006702	0.02679114898917923	0.03277714374579101	0.03277714374579101	0.03277714374579101	0.03277714374579101	0.02679114898917923	0.03277714374579101	0.02679114898917923	0.02679114898917923	0.03277714374579101	0.02679114898917923	0.02679114898917923	0.08020120022222009	0.08020120022222009	0.08020120022222009	0.06555428749158201	0.06555428749158201	0.09234543648076123	0.08020120022222009	0.09833143123737302
UP000001631	0.030840124493117693	0.033206066852993786	0.033206066852993786	0.033206066852993786	0.033206066852993786	0.030840124493117693	0.033206066852993786	0.030840124493117693	0.030840124493117693	0.033206066852993786	0.030840124493117693	0.030840124493117693	0.0715070314383173	0.0715070314383173	0.0715070314383173	0.06641213370598757	0.06641213370598757	0.09725225819910528	0.0715070314383173	0.09961820055898138
UP000054321	0.03630888216199027	0.033367841081567005	0.033367841081567005	0.033367841081567005	0.033367841081567005	0.03630888216199027	0.033367841081567005	0.03630888216199027	0.03630888216199027	0.033367841081567005	0.03630888216199027	0.03630888216199027	0.061330052160640726	0.061330052160640726	0.061330052160640726	0.06673568216313401	0.06673568216313401	0.10304456432512428	0.061330052160640726	0.10010352324470102
UP000008181	0.015882448264428018	0.029678033878776218	0.029678033878776218	0.029678033878776218	0.029678033878776218	0.015882448264428018	0.029678033878776218	0.015882448264428018	0.015882448264428018	0.029678033878776218	0.015882448264428018	0.015882448264428018	0.11091308849184017	0.11091308849184017	0.11091308849184017	0.059356067757552436	0.059356067757552436	0.07523851602198045	0.11091308849184017	0.08903410163632866
UP000000724	0.02870838854795033	0.03301724638079471	0.03301724638079471	0.03301724638079471	0.03301724638079471	0.02870838854795033	0.03301724638079471	0.02870838854795033	0.02870838854795033	0.03301724638079471	0.02870838854795033	0.02870838854795033	0.07594564611310675	0.07594564611310675	0.07594564611310675	0.06603449276158942	0.06603449276158942	0.09474288130953974	0.07594564611310675	0.09905173914238413
UP000030816	0.02981634176000832	0.033125125143864405	0.033125125143864405	0.033125125143864405	0.033125125143864405	0.02981634176000832	0.033125125143864405	0.02981634176000832	0.02981634176000832	0.033125125143864405	0.02981634176000832	0.02981634176000832	0.07360218263049392	0.07360218263049392	0.07360218263049392	0.06625025028772881	0.06625025028772881	0.09606659204773711	0.07360218263049392	0.0993753754315932
UP000269793	0.026990970985503727	0.032805491675577586	0.032805491675577586	0.032805491675577586	0.032805491675577586	0.026990970985503727	0.032805491675577586	0.026990970985503727	0.026990970985503727	0.032805491675577586	0.026990970985503727	0.026990970985503727	0.07974520699195255	0.07974520699195255	0.07974520699195255	0.06561098335115517	0.06561098335115517	0.0926019543366589	0.07974520699195255	0.09841647502673276
UP000009882	0.026752372687542422	0.03277154986409672	0.03277154986409672	0.03277154986409672	0.03277154986409672	0.026752372687542422	0.03277154986409672	0.026752372687542422	0.026752372687542422	0.03277154986409672	0.026752372687542422	0.026752372687542422	0.08029003580643804	0.08029003580643804	0.08029003580643804	0.06554309972819344	0.06554309972819344	0.09229547241573587	0.08029003580643804	0.09831464959229017
UP000001640	0.05600781511874187	0.031237704875494474	0.031237704875494474	0.031237704875494474	0.031237704875494474	0.05600781511874187	0.031237704875494474	0.05600781511874187	0.05600781511874187	0.031237704875494474	0.05600781511874187	0.05600781511874187	0.03484493025909742	0.03484493025909742	0.03484493025909742	0.06247540975098895	0.06247540975098895	0.1184832248697308	0.03484493025909742	0.09371311462648341
UP000054361	0.025452596730140834	0.03256606661525718	0.03256606661525718	0.03256606661525718	0.03256606661525718	0.025452596730140834	0.03256606661525718	0.025452596730140834	0.025452596730140834	0.03256606661525718	0.025452596730140834	0.025452596730140834	0.08333520591503911	0.08333520591503911	0.08333520591503911	0.06513213323051437	0.06513213323051437	0.0905847299606552	0.08333520591503911	0.09769819984577155
UP000218811	0.017222235412673106	0.030264692343169378	0.030264692343169378	0.030264692343169378	0.030264692343169378	0.017222235412673106	0.030264692343169378	0.017222235412673106	0.017222235412673106	0.030264692343169378	0.017222235412673106	0.017222235412673106	0.10636849174093688	0.10636849174093688	0.10636849174093688	0.060529384686338755	0.060529384686338755	0.07775162009901186	0.10636849174093688	0.09079407702950813
UP000000741	0.08261863922241283	0.024299599771297878	0.024299599771297878	0.024299599771297878	0.024299599771297878	0.08261863922241283	0.024299599771297878	0.08261863922241283	0.08261863922241283	0.024299599771297878	0.08261863922241283	0.08261863922241283	0.014293882218410514	0.014293882218410514	0.014293882218410514	0.048599199542595756	0.048599199542595756	0.13121783876500862	0.014293882218410514	0.07289879931389365
UP000001742	0.0709665767261941	0.027758255581155418	0.027758255581155418	0.027758255581155418	0.027758255581155418	0.0709665767261941	0.027758255581155418	0.0709665767261941	0.0709665767261941	0.027758255581155418	0.0709665767261941	0.0709665767261941	0.02171503229982751	0.02171503229982751	0.02171503229982751	0.055516511162310836	0.055516511162310836	0.12648308788850493	0.02171503229982751	0.08327476674346625
UP000184304	0.027365211111685855	0.03285645197087625	0.03285645197087625	0.03285645197087625	0.03285645197087625	0.027365211111685855	0.03285645197087625	0.027365211111685855	0.027365211111685855	0.03285645197087625	0.027365211111685855	0.027365211111685855	0.07889918566376385	0.07889918566376385	0.07889918566376385	0.0657129039417525	0.0657129039417525	0.09307811505343834	0.07889918566376385	0.09856935591262873
UP000000819	0.03582903209174387	0.033370296907145464	0.033370296907145464	0.033370296907145464	0.033370296907145464	0.03582903209174387	0.033370296907145464	0.03582903209174387	0.03582903209174387	0.033370296907145464	0.03582903209174387	0.03582903209174387	0.062160580437652706	0.062160580437652706	0.062160580437652706	0.06674059381429093	0.06674059381429093	0.10256962590603481	0.062160580437652706	0.1001108907214364
UP000006706	0.026334098898766083	0.03270926730752179	0.03270926730752179	0.03270926730752179	0.03270926730752179	0.026334098898766083	0.03270926730752179	0.026334098898766083	0.026334098898766083	0.03270926730752179	0.026334098898766083	0.026334098898766083	0.08125557452395266	0.08125557452395266	0.08125557452395266	0.06541853461504359	0.06541853461504359	0.09175263351380966	0.08125557452395266	0.09812780192256537
UP000011064	0.023452602178247232	0.032177046155549976	0.032177046155549976	0.032177046155549976	0.032177046155549976	0.023452602178247232	0.032177046155549976	0.023452602178247232	0.023452602178247232	0.032177046155549976	0.023452602178247232	0.023452602178247232	0.08829402310475494	0.08829402310475494	0.08829402310475494	0.06435409231109995	0.06435409231109995	0.08780669448934719	0.08829402310475494	0.09653113846664994
UP000031176	0.02778841582271399	0.03291079200780233	0.03291079200780233	0.03291079200780233	0.03291079200780233	0.02778841582271399	0.03291079200780233	0.02778841582271399	0.02778841582271399	0.03291079200780233	0.02778841582271399	0.02778841582271399	0.07795480228099173	0.07795480228099173	0.07795480228099173	0.06582158401560466	0.06582158401560466	0.09360999983831865	0.07795480228099173	0.098732376023407
UP000011185	0.04238482425524357	0.033100485441917356	0.033100485441917356	0.033100485441917356	0.033100485441917356	0.04238482425524357	0.033100485441917356	0.04238482425524357	0.04238482425524357	0.033100485441917356	0.04238482425524357	0.04238482425524357	0.05169973714613372	0.05169973714613372	0.05169973714613372	0.06620097088383471	0.06620097088383471	0.10858579513907826	0.05169973714613372	0.09930145632575206
UP000001743	0.025116995206588756	0.03250715412457642	0.03250715412457642	0.03250715412457642	0.03250715412457642	0.025116995206588756	0.03250715412457642	0.025116995206588756	0.025116995206588756	0.03250715412457642	0.025116995206588756	0.025116995206588756	0.08414343042130813	0.08414343042130813	0.08414343042130813	0.06501430824915284	0.06501430824915284	0.09013130345574158	0.08414343042130813	0.09752146237372925
UP000054383	0.03390011841674739	0.03334930714468221	0.03334930714468221	0.03334930714468221	0.03334930714468221	0.03390011841674739	0.03334930714468221	0.03390011841674739	0.03390011841674739	0.03334930714468221	0.03390011841674739	0.03390011841674739	0.06561489097813376	0.06561489097813376	0.06561489097813376	0.06669861428936442	0.06669861428936442	0.10059873270611182	0.06561489097813376	0.10004792143404666
UP000001744	0.03887120168095382	0.03330638415497821	0.03330638415497821	0.03330638415497821	0.03330638415497821	0.03887120168095382	0.03330638415497821	0.03887120168095382	0.03887120168095382	0.03330638415497821	0.03887120168095382	0.03887120168095382	0.05707645647716253	0.05707645647716253	0.05707645647716253	0.06661276830995642	0.06661276830995642	0.10548396999091025	0.05707645647716253	0.09991915246493466
UP000033540	0.02658278154189086	0.032746727255632394	0.032746727255632394	0.032746727255632394	0.032746727255632394	0.02658278154189086	0.032746727255632394	0.02658278154189086	0.02658278154189086	0.032746727255632394	0.02658278154189086	0.02658278154189086	0.08067990509306956	0.08067990509306956	0.08067990509306956	0.06549345451126479	0.06549345451126479	0.09207623605315565	0.08067990509306956	0.09824018176689718
UP000006753	0.020573022573778146	0.03144030989590501	0.03144030989590501	0.03144030989590501	0.03144030989590501	0.020573022573778146	0.03144030989590501	0.020573022573778146	0.020573022573778146	0.03144030989590501	0.020573022573778146	0.020573022573778146	0.09609604838624448	0.09609604838624448	0.09609604838624448	0.06288061979181002	0.06288061979181002	0.08345364236558817	0.09609604838624448	0.09432092968771502
UP000219338	0.03180737995834307	0.03326682768804301	0.03326682768804301	0.03326682768804301	0.03326682768804301	0.03180737995834307	0.03326682768804301	0.03180737995834307	0.03180737995834307	0.03326682768804301	0.03180737995834307	0.03180737995834307	0.06958648124273832	0.06958648124273832	0.06958648124273832	0.06653365537608602	0.06653365537608602	0.0983410353344291	0.06958648124273832	0.09980048306412904
UP000184499	0.0272495075191996	0.03284099090595526	0.03284099090595526	0.03284099090595526	0.03284099090595526	0.0272495075191996	0.03284099090595526	0.0272495075191996	0.0272495075191996	0.03284099090595526	0.0272495075191996	0.0272495075191996	0.07915964594406849	0.07915964594406849	0.07915964594406849	0.06568198181191053	0.06568198181191053	0.09293148933111013	0.07915964594406849	0.0985229727178658
UP000011976	0.020479919690844964	0.03141260682606586	0.03141260682606586	0.03141260682606586	0.03141260682606586	0.020479919690844964	0.03141260682606586	0.020479919690844964	0.020479919690844964	0.03141260682606586	0.020479919690844964	0.020479919690844964	0.09636286494327437	0.09636286494327437	0.09636286494327437	0.06282521365213171	0.06282521365213171	0.08330513334297666	0.09636286494327437	0.09423782047819755
