	M	W	C	D	E	F	H	K	N	Q	Y	I	A	G	P	T	V	L	R	S
Start	34939.0	1622.0	2087.0	8021.0	9082.0	7293.0	2803.0	13339.0	10136.0	5430.0	5930.0	12390.0	9989.0	5849.0	6069.0	11537.0	8756.0	13924.0	8319.0	13968.0
M	10692.0	4664.0	7162.0	24393.0	25640.0	17283.0	8678.0	26510.0	23428.0	15081.0	16388.0	27431.0	26593.0	23420.0	17138.0	24913.0	26670.0	36102.0	21686.0	29663.0
W	4664.0	3290.0	3841.0	13181.0	13065.0	8750.0	4892.0	12773.0	11470.0	7505.0	8315.0	12253.0	14021.0	14146.0	10713.0	12840.0	13582.0	17963.0	12093.0	14466.0
C	7162.0	3841.0	9422.0	18791.0	18128.0	13830.0	8358.0	19816.0	17836.0	10253.0	13015.0	19672.0	18883.0	18162.0	13975.0	18694.0	20257.0	27345.0	17242.0	23270.0
D	24393.0	13181.0	18791.0	66758.0	66433.0	46472.0	21419.0	64502.0	56687.0	33714.0	44992.0	74044.0	66419.0	57925.0	43268.0	60936.0	71517.0	94844.0	52856.0	71076.0
E	25640.0	13065.0	18128.0	66433.0	77416.0	45511.0	21800.0	69141.0	55638.0	36875.0	44141.0	73399.0	70224.0	57961.0	44793.0	61355.0	70848.0	100494.0	56379.0	71449.0
F	17283.0	8750.0	13830.0	46472.0	45511.0	34428.0	17228.0	49710.0	45628.0	26218.0	30932.0	49973.0	46196.0	43434.0	33170.0	46442.0	48746.0	65868.0	38695.0	56068.0
H	8678.0	4892.0	8358.0	21419.0	21800.0	17228.0	10194.0	22618.0	20026.0	12995.0	16141.0	24412.0	24224.0	21175.0	17220.0	22354.0	24876.0	34811.0	21192.0	26103.0
K	26510.0	12773.0	19816.0	64502.0	69141.0	49710.0	22618.0	88582.0	65008.0	37200.0	49278.0	84494.0	66418.0	58151.0	43205.0	65464.0	72824.0	102015.0	53434.0	75314.0
N	23428.0	11470.0	17836.0	56687.0	55638.0	45628.0	20026.0	65008.0	63936.0	32611.0	44593.0	77678.0	55758.0	50519.0	36789.0	60066.0	64626.0	89609.0	44898.0	69298.0
Q	15081.0	7505.0	10253.0	33714.0	36875.0	26218.0	12995.0	37200.0	32611.0	26862.0	24083.0	40065.0	42111.0	34565.0	28251.0	37003.0	39862.0	56866.0	32359.0	41725.0
Y	16388.0	8315.0	13015.0	44992.0	44141.0	30932.0	16141.0	49278.0	44593.0	24083.0	32940.0	50084.0	41358.0	40045.0	30208.0	42616.0	45034.0	61535.0	35751.0	50015.0
I	27431.0	12253.0	19672.0	74044.0	73399.0	49973.0	24412.0	84494.0	77678.0	40065.0	50084.0	85872.0	66133.0	63790.0	47575.0	71198.0	70393.0	100303.0	55322.0	86093.0
A	26593.0	14021.0	18883.0	66419.0	70224.0	46196.0	24224.0	66418.0	55758.0	42111.0	41358.0	66133.0	100182.0	74197.0	55603.0	72709.0	79139.0	103726.0	67295.0	82763.0
G	23420.0	14146.0	18162.0	57925.0	57961.0	43434.0	21175.0	58151.0	50519.0	34565.0	40045.0	63790.0	74197.0	80230.0	47922.0	64344.0	72802.0	88367.0	55950.0	73669.0
P	17138.0	10713.0	13975.0	43268.0	44793.0	33170.0	17220.0	43205.0	36789.0	28251.0	30208.0	47575.0	55603.0	47922.0	55746.0	50017.0	54305.0	69162.0	44822.0	57289.0
T	24913.0	12840.0	18694.0	60936.0	61355.0	46442.0	22354.0	65464.0	60066.0	37003.0	42616.0	71198.0	72709.0	64344.0	50017.0	75192.0	73626.0	95785.0	55081.0	80053.0
V	26670.0	13582.0	20257.0	71517.0	70848.0	48746.0	24876.0	72824.0	64626.0	39862.0	45034.0	70393.0	79139.0	72802.0	54305.0	73626.0	78932.0	101037.0	62259.0	84282.0
L	36102.0	17963.0	27345.0	94844.0	100494.0	65868.0	34811.0	102015.0	89609.0	56866.0	61535.0	100303.0	103726.0	88367.0	69162.0	95785.0	101037.0	142038.0	84833.0	113752.0
R	21686.0	12093.0	17242.0	52856.0	56379.0	38695.0	21192.0	53434.0	44898.0	32359.0	35751.0	55322.0	67295.0	55950.0	44822.0	55081.0	62259.0	84833.0	63924.0	65716.0
S	29663.0	14466.0	23270.0	71076.0	71449.0	56068.0	26103.0	75314.0	69298.0	41725.0	50015.0	86093.0	82763.0	73669.0	57289.0	80053.0	84282.0	113752.0	65716.0	105068.0
End	3722.0	2738.0	3396.0	9887.0	13269.0	8786.0	3727.0	16230.0	10622.0	6310.0	7693.0	12703.0	9809.0	10617.0	6889.0	9854.0	12256.0	17503.0	11851.0	13618.0
