Proteome_ID	M	W	C	D	E	F	H	K	N	Q	Y	I	A	G	P	T	V	L	R	S
UP000008323	0.06521531815106295	0.029240549597809876	0.029240549597809876	0.029240549597809876	0.029240549597809876	0.06521531815106295	0.029240549597809876	0.06521531815106295	0.06521531815106295	0.029240549597809876	0.06521531815106295	0.06521531815106295	0.02622113224385285	0.02622113224385285	0.02622113224385285	0.05848109919561975	0.05848109919561975	0.1236964173466827	0.02622113224385285	0.08772164879342963
UP000002535	0.052698688489897505	0.03182418802100303	0.03182418802100303	0.03182418802100303	0.03182418802100303	0.052698688489897505	0.03182418802100303	0.052698688489897505	0.052698688489897505	0.03182418802100303	0.052698688489897505	0.052698688489897505	0.03843659006391801	0.03843659006391801	0.03843659006391801	0.06364837604200606	0.06364837604200606	0.11634706453190356	0.03843659006391801	0.09547256406300907
UP000001961	0.02640521844997838	0.03272010994463266	0.03272010994463266	0.03272010994463266	0.03272010994463266	0.02640521844997838	0.03272010994463266	0.02640521844997838	0.02640521844997838	0.03272010994463266	0.02640521844997838	0.02640521844997838	0.08109045542016534	0.08109045542016534	0.08109045542016534	0.06544021988926532	0.06544021988926532	0.0918454383392437	0.08109045542016534	0.098160329833898
UP000000815	0.03489237212307691	0.033366402673600214	0.033366402673600214	0.033366402673600214	0.033366402673600214	0.03489237212307691	0.033366402673600214	0.03489237212307691	0.03489237212307691	0.033366402673600214	0.03489237212307691	0.03489237212307691	0.06381433875861461	0.06381433875861461	0.06381433875861461	0.06673280534720043	0.06673280534720043	0.10162517747027734	0.06381433875861461	0.10009920802080063
UP000000425	0.02843104792393437	0.03298680560938834	0.03298680560938834	0.03298680560938834	0.03298680560938834	0.02843104792393437	0.03298680560938834	0.02843104792393437	0.02843104792393437	0.03298680560938834	0.02843104792393437	0.02843104792393437	0.07654514509790857	0.07654514509790857	0.07654514509790857	0.06597361121877668	0.06597361121877668	0.09440465914271105	0.07654514509790857	0.09896041682816502
UP000010481	0.038891120722772565	0.03330560021430029	0.03330560021430029	0.03330560021430029	0.03330560021430029	0.038891120722772565	0.03330560021430029	0.038891120722772565	0.038891120722772565	0.03330560021430029	0.038891120722772565	0.038891120722772565	0.057044537931521956	0.057044537931521956	0.057044537931521956	0.06661120042860058	0.06661120042860058	0.10550232115137315	0.057044537931521956	0.09991680064290089
UP000002194	0.01824223917334767	0.030663786255842516	0.030663786255842516	0.030663786255842516	0.030663786255842516	0.01824223917334767	0.030663786255842516	0.01824223917334767	0.01824223917334767	0.030663786255842516	0.01824223917334767	0.01824223917334767	0.10308688298723212	0.10308688298723212	0.10308688298723212	0.06132757251168503	0.06132757251168503	0.0795698116850327	0.10308688298723212	0.09199135876752756
UP000010378	0.05728629547022922	0.030991241697946724	0.030991241697946724	0.030991241697946724	0.030991241697946724	0.05728629547022922	0.030991241697946724	0.05728629547022922	0.05728629547022922	0.030991241697946724	0.05728629547022922	0.05728629547022922	0.03353182655979863	0.03353182655979863	0.03353182655979863	0.06198248339589345	0.06198248339589345	0.11926877886612268	0.03353182655979863	0.09297372509384019
UP000001168	0.03915072747252963	0.03329496693975332	0.03329496693975332	0.03329496693975332	0.03329496693975332	0.03915072747252963	0.03329496693975332	0.03915072747252963	0.03915072747252963	0.03329496693975332	0.03915072747252963	0.03915072747252963	0.056630100898998184	0.056630100898998184	0.056630100898998184	0.06658993387950664	0.06658993387950664	0.10574066135203627	0.056630100898998184	0.09988490081925998
UP000000430	0.04402567276055419	0.03296056267213598	0.03296056267213598	0.03296056267213598	0.03296056267213598	0.04402567276055419	0.03296056267213598	0.04402567276055419	0.04402567276055419	0.03296056267213598	0.04402567276055419	0.04402567276055419	0.04935296264852028	0.04935296264852028	0.04935296264852028	0.06592112534427196	0.06592112534427196	0.10994679810482615	0.04935296264852028	0.09888168801640794
UP000001054	0.02063181553400508	0.03145767020327918	0.03145767020327918	0.03145767020327918	0.03145767020327918	0.02063181553400508	0.03145767020327918	0.02063181553400508	0.02063181553400508	0.03145767020327918	0.02063181553400508	0.02063181553400508	0.09592805955319421	0.09592805955319421	0.09592805955319421	0.06291534040655836	0.06291534040655836	0.08354715594056343	0.09592805955319421	0.09437301060983752
UP000008561	0.022412445170363938	0.03193658876009404	0.03193658876009404	0.03193658876009404	0.03193658876009404	0.022412445170363938	0.03193658876009404	0.022412445170363938	0.022412445170363938	0.03193658876009404	0.022412445170363938	0.022412445170363938	0.09101601310151049	0.09101601310151049	0.09101601310151049	0.06387317752018808	0.06387317752018808	0.08628562269055201	0.09101601310151049	0.0958097662802821
UP000008898	0.04239256162020285	0.03309988829628519	0.03309988829628519	0.03309988829628519	0.03309988829628519	0.04239256162020285	0.03309988829628519	0.04239256162020285	0.04239256162020285	0.03309988829628519	0.04239256162020285	0.04239256162020285	0.05168843605357553	0.05168843605357553	0.05168843605357553	0.06619977659257038	0.06619977659257038	0.10859233821277324	0.05168843605357553	0.09929966488885558
UP000008204	0.04156505736853188	0.03316029035007987	0.03316029035007987	0.03316029035007987	0.03316029035007987	0.04156505736853188	0.03316029035007987	0.04156505736853188	0.04156505736853188	0.03316029035007987	0.04156505736853188	0.04156505736853188	0.0529100607922697	0.0529100607922697	0.0529100607922697	0.06632058070015974	0.06632058070015974	0.10788563806869163	0.0529100607922697	0.09948087105023962
UP000001946	0.034514667702034166	0.03336149804074933	0.03336149804074933	0.03336149804074933	0.03336149804074933	0.034514667702034166	0.03336149804074933	0.034514667702034166	0.034514667702034166	0.03336149804074933	0.034514667702034166	0.034514667702034166	0.06449371386863019	0.06449371386863019	0.06449371386863019	0.06672299608149866	0.06672299608149866	0.10123766378353284	0.06449371386863019	0.10008449412224801
UP000017700	0.03627561449239306	0.03336810675750687	0.03336810675750687	0.03336810675750687	0.03336810675750687	0.03627561449239306	0.03336810675750687	0.03627561449239306	0.03627561449239306	0.03336810675750687	0.03627561449239306	0.03627561449239306	0.06138727429766133	0.06138727429766133	0.06138727429766133	0.06673621351501374	0.06673621351501374	0.10301182800740682	0.06138727429766133	0.10010432027252063
UP000002084	0.028736064961798716	0.03302020719985558	0.03302020719985558	0.03302020719985558	0.03302020719985558	0.028736064961798716	0.03302020719985558	0.028736064961798716	0.028736064961798716	0.03302020719985558	0.028736064961798716	0.028736064961798716	0.07588610931739384	0.07588610931739384	0.07588610931739384	0.06604041439971116	0.06604041439971116	0.09477647936150987	0.07588610931739384	0.09906062159956673
UP000065734	0.017548571940191608	0.03039663353926046	0.03039663353926046	0.03039663353926046	0.03039663353926046	0.017548571940191608	0.03039663353926046	0.017548571940191608	0.017548571940191608	0.03039663353926046	0.017548571940191608	0.017548571940191608	0.105302623332438	0.105302623332438	0.105302623332438	0.06079326707852092	0.06079326707852092	0.07834183901871253	0.105302623332438	0.09118990061778139
UP000001191	0.04055794901651981	0.03322416275882466	0.03322416275882466	0.03322416275882466	0.03322416275882466	0.04055794901651981	0.03322416275882466	0.04055794901651981	0.04055794901651981	0.03322416275882466	0.04055794901651981	0.04055794901651981	0.05443297887549787	0.05443297887549787	0.05443297887549787	0.06644832551764931	0.06644832551764931	0.10700627453416912	0.05443297887549787	0.09967248827647397
UP000002186	0.011421696175574767	0.027083979219377094	0.027083979219377094	0.027083979219377094	0.027083979219377094	0.011421696175574767	0.027083979219377094	0.011421696175574767	0.011421696175574767	0.027083979219377094	0.011421696175574767	0.011421696175574767	0.12844710962008005	0.12844710962008005	0.12844710962008005	0.05416795843875419	0.05416795843875419	0.06558965461432896	0.12844710962008005	0.0812519376581313
UP000254519	0.04239895769679507	0.033099394210283885	0.033099394210283885	0.033099394210283885	0.033099394210283885	0.04239895769679507	0.033099394210283885	0.04239895769679507	0.04239895769679507	0.033099394210283885	0.04239895769679507	0.04239895769679507	0.051679095742044066	0.051679095742044066	0.051679095742044066	0.06619878842056777	0.06619878842056777	0.10859774611736284	0.051679095742044066	0.09929818263085166
UP000001688	0.032332892048788524	0.0332936930170726	0.0332936930170726	0.0332936930170726	0.0332936930170726	0.032332892048788524	0.0332936930170726	0.032332892048788524	0.032332892048788524	0.0332936930170726	0.032332892048788524	0.032332892048788524	0.06856609010059785	0.06856609010059785	0.06856609010059785	0.0665873860341452	0.0665873860341452	0.09892027808293372	0.06856609010059785	0.09988107905121779
UP000001430	0.059388858777067004	0.030563218746044472	0.030563218746044472	0.030563218746044472	0.030563218746044472	0.059388858777067004	0.030563218746044472	0.059388858777067004	0.059388858777067004	0.030563218746044472	0.059388858777067004	0.059388858777067004	0.031457426842465976	0.031457426842465976	0.031457426842465976	0.061126437492088945	0.061126437492088945	0.12051529626915594	0.031457426842465976	0.09168965623813341
UP000029482	0.010489863212275076	0.02638263789834243	0.02638263789834243	0.02638263789834243	0.02638263789834243	0.010489863212275076	0.02638263789834243	0.010489863212275076	0.010489863212275076	0.02638263789834243	0.010489863212275076	0.010489863212275076	0.13270784725973453	0.13270784725973453	0.13270784725973453	0.05276527579668486	0.05276527579668486	0.06325513900895993	0.13270784725973453	0.0791479136950273
UP000889800	0.025102684500104517	0.03250458680369412	0.03250458680369412	0.03250458680369412	0.03250458680369412	0.025102684500104517	0.03250458680369412	0.025102684500104517	0.025102684500104517	0.03250458680369412	0.025102684500104517	0.025102684500104517	0.08417810161096413	0.08417810161096413	0.08417810161096413	0.06500917360738824	0.06500917360738824	0.09011185810749277	0.08417810161096413	0.09751376041108237
UP000002384	0.04431550215106795	0.03293313396222674	0.03293313396222674	0.03293313396222674	0.03293313396222674	0.04431550215106795	0.03293313396222674	0.04431550215106795	0.04431550215106795	0.03293313396222674	0.04431550215106795	0.04431550215106795	0.04894861887728083	0.04894861887728083	0.04894861887728083	0.06586626792445348	0.06586626792445348	0.1101817700755214	0.04894861887728083	0.09879940188668021
UP000002417	0.013900815515983229	0.028661591134048887	0.028661591134048887	0.028661591134048887	0.028661591134048887	0.013900815515983229	0.028661591134048887	0.013900815515983229	0.013900815515983229	0.028661591134048887	0.013900815515983229	0.013900815515983229	0.11819260609434604	0.11819260609434604	0.11819260609434604	0.05732318226809777	0.05732318226809777	0.071223997784081	0.11819260609434604	0.08598477340214665
UP000000817	0.050175829296396225	0.03221804980677569	0.03221804980677569	0.03221804980677569	0.03221804980677569	0.050175829296396225	0.03221804980677569	0.050175829296396225	0.050175829296396225	0.03221804980677569	0.050175829296396225	0.050175829296396225	0.041374611955897735	0.041374611955897735	0.041374611955897735	0.06443609961355139	0.06443609961355139	0.1146119289099476	0.041374611955897735	0.09665414942032709
UP000001566	0.02000325803119199	0.03126664434542848	0.03126664434542848	0.03126664434542848	0.03126664434542848	0.02000325803119199	0.03126664434542848	0.02000325803119199	0.02000325803119199	0.03126664434542848	0.02000325803119199	0.02000325803119199	0.09774438215005717	0.09774438215005717	0.09774438215005717	0.06253328869085696	0.06253328869085696	0.08253654672204896	0.09774438215005717	0.09379993303628545
UP000000562	0.0788119780928172	0.025490630325240123	0.025490630325240123	0.025490630325240123	0.025490630325240123	0.0788119780928172	0.025490630325240123	0.0788119780928172	0.0788119780928172	0.025490630325240123	0.0788119780928172	0.0788119780928172	0.01648917461791942	0.01648917461791942	0.01648917461791942	0.050981260650480247	0.050981260650480247	0.12979323874329746	0.01648917461791942	0.07647189097572038
UP000000585	0.0454497916064827	0.03281822273175845	0.03281822273175845	0.03281822273175845	0.03281822273175845	0.0454497916064827	0.03281822273175845	0.0454497916064827	0.0454497916064827	0.03281822273175845	0.0454497916064827	0.0454497916064827	0.04739452944456117	0.04739452944456117	0.04739452944456117	0.0656364454635169	0.0656364454635169	0.1110862370699996	0.04739452944456117	0.09845466819527533
UP000001020	0.01587740558368672	0.029675682173339	0.029675682173339	0.029675682173339	0.029675682173339	0.01587740558368672	0.029675682173339	0.01587740558368672	0.01587740558368672	0.029675682173339	0.01587740558368672	0.01587740558368672	0.110930732078527	0.110930732078527	0.110930732078527	0.059351364346678	0.059351364346678	0.07522876993036472	0.110930732078527	0.08902704652001699
UP000000594	0.05339861270026932	0.031706550440408904	0.031706550440408904	0.031706550440408904	0.031706550440408904	0.05339861270026932	0.031706550440408904	0.05339861270026932	0.05339861270026932	0.031706550440408904	0.05339861270026932	0.05339861270026932	0.037652863622995345	0.037652863622995345	0.037652863622995345	0.06341310088081781	0.06341310088081781	0.11681171358108713	0.037652863622995345	0.09511965132122673
UP000000586	0.045307039838837694	0.03283333788400508	0.03283333788400508	0.03283333788400508	0.03283333788400508	0.045307039838837694	0.03283333788400508	0.045307039838837694	0.045307039838837694	0.03283333788400508	0.045307039838837694	0.045307039838837694	0.04758766321701494	0.04758766321701494	0.04758766321701494	0.06566667576801016	0.06566667576801016	0.11097371560684786	0.04758766321701494	0.09850001365201526
UP000037395	0.010180436035660538	0.02613439714585539	0.02613439714585539	0.02613439714585539	0.02613439714585539	0.010180436035660538	0.02613439714585539	0.010180436035660538	0.010180436035660538	0.02613439714585539	0.010180436035660538	0.010180436035660538	0.13418024764063632	0.13418024764063632	0.13418024764063632	0.05226879429171078	0.05226879429171078	0.06244923032737132	0.13418024764063632	0.07840319143756619
UP000001174	0.0581442099689332	0.030819940254068954	0.030819940254068954	0.030819940254068954	0.030819940254068954	0.0581442099689332	0.030819940254068954	0.0581442099689332	0.0581442099689332	0.030819940254068954	0.0581442099689332	0.0581442099689332	0.032672856601608326	0.032672856601608326	0.032672856601608326	0.06163988050813791	0.06163988050813791	0.1197840904770711	0.032672856601608326	0.09245982076220687
UP000061569	0.012376657123633823	0.02773745468777034	0.02773745468777034	0.02773745468777034	0.02773745468777034	0.012376657123633823	0.02773745468777034	0.012376657123633823	0.012376657123633823	0.02773745468777034	0.012376657123633823	0.012376657123633823	0.12432539495450201	0.12432539495450201	0.12432539495450201	0.05547490937554068	0.05547490937554068	0.06785156649917451	0.12432539495450201	0.08321236406331103
UP000002516	0.029953325972087115	0.03313697674457137	0.03313697674457137	0.03313697674457137	0.03313697674457137	0.029953325972087115	0.03313697674457137	0.029953325972087115	0.029953325972087115	0.03313697674457137	0.029953325972087115	0.029953325972087115	0.07331801675670492	0.07331801675670492	0.07331801675670492	0.06627395348914274	0.06627395348914274	0.09622727946122986	0.07331801675670492	0.09941093023371411
UP000001584	0.015790704827651564	0.029635072362772238	0.029635072362772238	0.029635072362772238	0.029635072362772238	0.015790704827651564	0.029635072362772238	0.015790704827651564	0.015790704827651564	0.029635072362772238	0.015790704827651564	0.015790704827651564	0.11123474519121393	0.11123474519121393	0.11123474519121393	0.059270144725544475	0.059270144725544475	0.07506084955319603	0.11123474519121393	0.0889052170883167
UP000001962	0.013973917473378615	0.02870259171318014	0.02870259171318014	0.02870259171318014	0.02870259171318014	0.013973917473378615	0.02870259171318014	0.013973917473378615	0.013973917473378615	0.02870259171318014	0.013973917473378615	0.013973917473378615	0.1179109254971619	0.1179109254971619	0.1179109254971619	0.05740518342636028	0.05740518342636028	0.0713791008997389	0.1179109254971619	0.08610777513954042
UP000000579	0.05153176675457997	0.0320123399923835	0.0320123399923835	0.0320123399923835	0.0320123399923835	0.05153176675457997	0.0320123399923835	0.05153176675457997	0.05153176675457997	0.0320123399923835	0.05153176675457997	0.05153176675457997	0.03977313320804691	0.03977313320804691	0.03977313320804691	0.064024679984767	0.064024679984767	0.11555644673934698	0.03977313320804691	0.09603701997715051
UP000002357	0.010599089720737899	0.02646836740909604	0.02646836740909604	0.02646836740909604	0.02646836740909604	0.010599089720737899	0.02646836740909604	0.010599089720737899	0.010599089720737899	0.02646836740909604	0.010599089720737899	0.010599089720737899	0.13219521520459854	0.13219521520459854	0.13219521520459854	0.05293673481819208	0.05293673481819208	0.06353582453892997	0.13219521520459854	0.07940510222728812
UP000002521	0.06933896105683782	0.028194246316769596	0.028194246316769596	0.028194246316769596	0.028194246316769596	0.06933896105683782	0.028194246316769596	0.06933896105683782	0.06933896105683782	0.028194246316769596	0.06933896105683782	0.06933896105683782	0.022928394462647807	0.022928394462647807	0.022928394462647807	0.05638849263353919	0.05638849263353919	0.12572745369037702	0.022928394462647807	0.0845827389503088
UP000069205	0.017759961600083023	0.03047993409743979	0.03047993409743979	0.03047993409743979	0.03047993409743979	0.017759961600083023	0.03047993409743979	0.017759961600083023	0.017759961600083023	0.03047993409743979	0.017759961600083023	0.017759961600083023	0.1046203143344555	0.1046203143344555	0.1046203143344555	0.06095986819487958	0.06095986819487958	0.0787198297949626	0.1046203143344555	0.09143980229231935
UP000000558	0.031130192837677068	0.03322585687353724	0.03322585687353724	0.03322585687353724	0.03322585687353724	0.031130192837677068	0.03322585687353724	0.031130192837677068	0.031130192837677068	0.03322585687353724	0.031130192837677068	0.031130192837677068	0.07092519925830047	0.07092519925830047	0.07092519925830047	0.06645171374707448	0.06645171374707448	0.09758190658475156	0.07092519925830047	0.09967757062061174
UP000035170	0.01609116824635944	0.029774394451102148	0.029774394451102148	0.029774394451102148	0.029774394451102148	0.01609116824635944	0.029774394451102148	0.01609116824635944	0.01609116824635944	0.029774394451102148	0.01609116824635944	0.01609116824635944	0.11018647637723789	0.11018647637723789	0.11018647637723789	0.059548788902204296	0.059548788902204296	0.07563995714856374	0.11018647637723789	0.08932318335330644
UP000001010	0.015649189492648232	0.029568067890138303	0.029568067890138303	0.029568067890138303	0.029568067890138303	0.015649189492648232	0.029568067890138303	0.015649189492648232	0.015649189492648232	0.029568067890138303	0.015649189492648232	0.015649189492648232	0.11173366379984699	0.11173366379984699	0.11173366379984699	0.05913613578027661	0.05913613578027661	0.07478532527292485	0.11173366379984699	0.0887042036704149
UP000001423	0.028560452347646106	0.03300118396925804	0.03300118396925804	0.03300118396925804	0.03300118396925804	0.028560452347646106	0.03300118396925804	0.028560452347646106	0.028560452347646106	0.03300118396925804	0.028560452347646106	0.028560452347646106	0.0762647685069017	0.0762647685069017	0.0762647685069017	0.06600236793851608	0.06600236793851608	0.09456282028616218	0.0762647685069017	0.0990035519077741
UP000000818	0.06441181195540177	0.0294342083157518	0.0294342083157518	0.0294342083157518	0.0294342083157518	0.06441181195540177	0.0294342083157518	0.06441181195540177	0.06441181195540177	0.0294342083157518	0.06441181195540177	0.06441181195540177	0.02690104789397764	0.02690104789397764	0.02690104789397764	0.0588684166315036	0.0588684166315036	0.12328022858690536	0.02690104789397764	0.0883026249472554
UP000001203	0.04533077959440984	0.032830837115976785	0.032830837115976785	0.032830837115976785	0.032830837115976785	0.04533077959440984	0.032830837115976785	0.04533077959440984	0.04533077959440984	0.032830837115976785	0.04533077959440984	0.04533077959440984	0.047555496524869824	0.047555496524869824	0.047555496524869824	0.06566167423195357	0.06566167423195357	0.11099245382636341	0.047555496524869824	0.09849251134793033
UP000000429	0.047670645337339154	0.03255970903841663	0.03255970903841663	0.03255970903841663	0.03255970903841663	0.047670645337339154	0.03255970903841663	0.047670645337339154	0.047670645337339154	0.03255970903841663	0.047670645337339154	0.047670645337339154	0.044477461765594105	0.044477461765594105	0.044477461765594105	0.06511941807683326	0.06511941807683326	0.11279006341417241	0.044477461765594105	0.09767912711524988
UP000000640	0.011226518356309901	0.026942553118286455	0.026942553118286455	0.026942553118286455	0.026942553118286455	0.011226518356309901	0.026942553118286455	0.011226518356309901	0.011226518356309901	0.026942553118286455	0.011226518356309901	0.011226518356309901	0.12931901868288345	0.12931901868288345	0.12931901868288345	0.05388510623657291	0.05388510623657291	0.0651116245928828	0.12931901868288345	0.08082765935485936
UP000001170	0.047207382834866564	0.032617183965914134	0.032617183965914134	0.032617183965914134	0.032617183965914134	0.047207382834866564	0.032617183965914134	0.047207382834866564	0.047207382834866564	0.032617183965914134	0.047207382834866564	0.047207382834866564	0.045072640166805525	0.045072640166805525	0.045072640166805525	0.06523436793182827	0.06523436793182827	0.11244175076669481	0.045072640166805525	0.0978515518977424
UP000006552	0.016168653614201608	0.02980968565495986	0.02980968565495986	0.02980968565495986	0.02980968565495986	0.016168653614201608	0.02980968565495986	0.016168653614201608	0.016168653614201608	0.02980968565495986	0.016168653614201608	0.016168653614201608	0.10991853496904773	0.10991853496904773	0.10991853496904773	0.05961937130991972	0.05961937130991972	0.07578802492412133	0.10991853496904773	0.08942905696487959
UP000001409	0.017494322248034662	0.030374983294485406	0.030374983294485406	0.030374983294485406	0.030374983294485406	0.017494322248034662	0.030374983294485406	0.017494322248034662	0.017494322248034662	0.030374983294485406	0.017494322248034662	0.017494322248034662	0.1054787487116191	0.1054787487116191	0.1054787487116191	0.06074996658897081	0.06074996658897081	0.07824428883700547	0.1054787487116191	0.09112494988345621
UP000001937	0.012063470862168437	0.0275299389553697	0.0275299389553697	0.0275299389553697	0.0275299389553697	0.012063470862168437	0.0275299389553697	0.012063470862168437	0.012063470862168437	0.0275299389553697	0.012063470862168437	0.012063470862168437	0.12565165490856886	0.12565165490856886	0.12565165490856886	0.0550598779107394	0.0550598779107394	0.06712334877290785	0.12565165490856886	0.0825898168661091
UP000198251	0.020404814127273564	0.031390068684387255	0.031390068684387255	0.031390068684387255	0.031390068684387255	0.020404814127273564	0.031390068684387255	0.020404814127273564	0.020404814127273564	0.031390068684387255	0.020404814127273564	0.020404814127273564	0.09657881771081904	0.09657881771081904	0.09657881771081904	0.06278013736877451	0.06278013736877451	0.08318495149604808	0.09657881771081904	0.09417020605316176
UP000183015	0.00820200335330853	0.0243342569367738	0.0243342569367738	0.0243342569367738	0.0243342569367738	0.00820200335330853	0.0243342569367738	0.00820200335330853	0.00820200335330853	0.0243342569367738	0.00820200335330853	0.00820200335330853	0.14439303061880834	0.14439303061880834	0.14439303061880834	0.0486685138735476	0.0486685138735476	0.05687051722685613	0.14439303061880834	0.0730027708103214
UP000008080	0.03416685431371085	0.03335524583930836	0.03335524583930836	0.03335524583930836	0.03335524583930836	0.03416685431371085	0.03335524583930836	0.03416685431371085	0.03416685431371085	0.03335524583930836	0.03416685431371085	0.03416685431371085	0.06512583305359967	0.06512583305359967	0.06512583305359967	0.06671049167861672	0.06671049167861672	0.10087734599232756	0.06512583305359967	0.10006573751792507
UP000006647	0.06847013820498661	0.028421773742675745	0.028421773742675745	0.028421773742675745	0.028421773742675745	0.06847013820498661	0.028421773742675745	0.06847013820498661	0.06847013820498661	0.028421773742675745	0.06847013820498661	0.06847013820498661	0.02359560660623937	0.02359560660623937	0.02359560660623937	0.05684354748535149	0.05684354748535149	0.1253136856903381	0.02359560660623937	0.08526532122802723
UP000000809	0.04680659626250206	0.032665419911205126	0.032665419911205126	0.032665419911205126	0.032665419911205126	0.04680659626250206	0.032665419911205126	0.04680659626250206	0.04680659626250206	0.032665419911205126	0.04680659626250206	0.04680659626250206	0.045593131873602206	0.045593131873602206	0.045593131873602206	0.06533083982241025	0.06533083982241025	0.11213743608491232	0.045593131873602206	0.09799625973361539
UP000001572	0.05149634077760682	0.0320178932119611	0.0320178932119611	0.0320178932119611	0.0320178932119611	0.05149634077760682	0.0320178932119611	0.05149634077760682	0.05149634077760682	0.0320178932119611	0.05149634077760682	0.05149634077760682	0.03981430409433397	0.03981430409433397	0.03981430409433397	0.0640357864239222	0.0640357864239222	0.11553212720152901	0.03981430409433397	0.0960536796358833
UP000002207	0.01910201360363672	0.03097107091449298	0.03097107091449298	0.03097107091449298	0.03097107091449298	0.01910201360363672	0.03097107091449298	0.01910201360363672	0.01910201360363672	0.03097107091449298	0.01910201360363672	0.01910201360363672	0.10042996026428704	0.10042996026428704	0.10042996026428704	0.06194214182898596	0.06194214182898596	0.08104415543262268	0.10042996026428704	0.09291321274347895
UP000194841	0.047887387693212935	0.03253219272636748	0.03253219272636748	0.03253219272636748	0.03253219272636748	0.047887387693212935	0.03253219272636748	0.047887387693212935	0.047887387693212935	0.03253219272636748	0.047887387693212935	0.047887387693212935	0.0442013488129993	0.0442013488129993	0.0442013488129993	0.06506438545273496	0.06506438545273496	0.11295177314594791	0.0442013488129993	0.09759657817910247
UP000001410	0.03127992106898683	0.033235541861601346	0.033235541861601346	0.033235541861601346	0.033235541861601346	0.03127992106898683	0.033235541861601346	0.03127992106898683	0.03127992106898683	0.033235541861601346	0.03127992106898683	0.03127992106898683	0.07062685614826801	0.07062685614826801	0.07062685614826801	0.06647108372320269	0.06647108372320269	0.09775100479218952	0.07062685614826801	0.09970662558480405
UP000006637	0.01132095205351173	0.027011328673248347	0.027011328673248347	0.027011328673248347	0.027011328673248347	0.01132095205351173	0.027011328673248347	0.01132095205351173	0.01132095205351173	0.027011328673248347	0.01132095205351173	0.01132095205351173	0.12889585138167323	0.12889585138167323	0.12889585138167323	0.054022657346496694	0.054022657346496694	0.06534360940000841	0.12889585138167323	0.08103398601974501
UP000000625	0.032332517932582676	0.03329367539484261	0.03329367539484261	0.03329367539484261	0.03329367539484261	0.032332517932582676	0.03329367539484261	0.032332517932582676	0.032332517932582676	0.03329367539484261	0.032332517932582676	0.032332517932582676	0.06856681088732053	0.06856681088732053	0.06856681088732053	0.06658735078968522	0.06658735078968522	0.0989198687222679	0.06856681088732053	0.09988102618452782
UP000001806	0.07255952822945656	0.027319592531493797	0.027319592531493797	0.027319592531493797	0.027319592531493797	0.07255952822945656	0.027319592531493797	0.07255952822945656	0.07255952822945656	0.027319592531493797	0.07255952822945656	0.07255952822945656	0.020572353605349272	0.020572353605349272	0.020572353605349272	0.054639185062987594	0.054639185062987594	0.12719871329244417	0.020572353605349272	0.08195877759448139
UP000002361	0.014890289027420744	0.029193015889111756	0.029193015889111756	0.029193015889111756	0.029193015889111756	0.014890289027420744	0.029193015889111756	0.014890289027420744	0.014890289027420744	0.029193015889111756	0.014890289027420744	0.014890289027420744	0.11446818461784458	0.11446818461784458	0.11446818461784458	0.05838603177822351	0.05838603177822351	0.07327632080564427	0.11446818461784458	0.08757904766733528
UP000000588	0.03314092294402577	0.03332685734154793	0.03332685734154793	0.03332685734154793	0.03332685734154793	0.03314092294402577	0.03332685734154793	0.03314092294402577	0.03314092294402577	0.03332685734154793	0.03314092294402577	0.03314092294402577	0.06702766981715014	0.06702766981715014	0.06702766981715014	0.06665371468309586	0.06665371468309586	0.09979463762712164	0.06702766981715014	0.09998057202464382
UP000002480	0.06666070170601258	0.028883629543366013	0.028883629543366013	0.028883629543366013	0.028883629543366013	0.06666070170601258	0.028883629543366013	0.06666070170601258	0.06666070170601258	0.028883629543366013	0.06666070170601258	0.06666070170601258	0.025030161226855425	0.025030161226855425	0.025030161226855425	0.057767259086732026	0.057767259086732026	0.12442796079274461	0.025030161226855425	0.08665088863009802
UP000001983	0.019611496189161512	0.031141380625105755	0.031141380625105755	0.031141380625105755	0.031141380625105755	0.019611496189161512	0.031141380625105755	0.019611496189161512	0.019611496189161512	0.031141380625105755	0.019611496189161512	0.019611496189161512	0.0988997043248208	0.0988997043248208	0.0988997043248208	0.06228276125021151	0.06228276125021151	0.08189425743937302	0.0988997043248208	0.09342414187531725
UP000001116	0.010099012053069522	0.026067720451669947	0.026067720451669947	0.026067720451669947	0.026067720451669947	0.010099012053069522	0.026067720451669947	0.010099012053069522	0.010099012053069522	0.026067720451669947	0.010099012053069522	0.010099012053069522	0.13457277721336605	0.13457277721336605	0.13457277721336605	0.052135440903339894	0.052135440903339894	0.06223445295640941	0.13457277721336605	0.07820316135500983
UP000002145	0.0460539298416157	0.03275221071044471	0.03275221071044471	0.03275221071044471	0.03275221071044471	0.0460539298416157	0.03275221071044471	0.0460539298416157	0.0460539298416157	0.03275221071044471	0.0460539298416157	0.0460539298416157	0.046584832613004896	0.046584832613004896	0.046584832613004896	0.06550442142088941	0.06550442142088941	0.11155835126250511	0.046584832613004896	0.09825663213133413
UP000000423	0.07224234899024708	0.02740786062455431	0.02740786062455431	0.02740786062455431	0.02740786062455431	0.07224234899024708	0.02740786062455431	0.07224234899024708	0.07224234899024708	0.02740786062455431	0.07224234899024708	0.07224234899024708	0.020796411924988968	0.020796411924988968	0.020796411924988968	0.05481572124910862	0.05481572124910862	0.1270580702393557	0.020796411924988968	0.08222358187366292
UP000009072	0.07260420925867908	0.027307121704874593	0.027307121704874593	0.027307121704874593	0.027307121704874593	0.07260420925867908	0.027307121704874593	0.07260420925867908	0.07260420925867908	0.027307121704874593	0.07260420925867908	0.07260420925867908	0.020540927404031878	0.020540927404031878	0.020540927404031878	0.054614243409749186	0.054614243409749186	0.12721845266842827	0.020540927404031878	0.08192136511462378
UP000000774	0.04790981451214196	0.03252932293566956	0.03252932293566956	0.03252932293566956	0.03252932293566956	0.04790981451214196	0.03252932293566956	0.04790981451214196	0.04790981451214196	0.03252932293566956	0.04790981451214196	0.04790981451214196	0.04417286359499075	0.04417286359499075	0.04417286359499075	0.06505864587133912	0.06505864587133912	0.11296846038348107	0.04417286359499075	0.09758796880700868
UP000001422	0.019124767553186855	0.030978859785063814	0.030978859785063814	0.030978859785063814	0.030978859785063814	0.019124767553186855	0.030978859785063814	0.019124767553186855	0.019124767553186855	0.030978859785063814	0.019124767553186855	0.019124767553186855	0.10036093258793372	0.10036093258793372	0.10036093258793372	0.06195771957012763	0.06195771957012763	0.08108248712331448	0.10036093258793372	0.09293657935519142
UP000006697	0.026918372128381732	0.032795284774844	0.032795284774844	0.032795284774844	0.032795284774844	0.026918372128381732	0.032795284774844	0.026918372128381732	0.026918372128381732	0.032795284774844	0.026918372128381732	0.026918372128381732	0.07991053086966692	0.07991053086966692	0.07991053086966692	0.065590569549688	0.065590569549688	0.09250894167806974	0.07991053086966692	0.09838585432453202
UP000001006	0.03184897785265821	0.03326910947110322	0.03326910947110322	0.03326910947110322	0.03326910947110322	0.03184897785265821	0.03326910947110322	0.03184897785265821	0.03184897785265821	0.03326910947110322	0.03184897785265821	0.03184897785265821	0.06950512824121105	0.06950512824121105	0.06950512824121105	0.06653821894220643	0.06653821894220643	0.09838719679486463	0.06950512824121105	0.09980732841330964
UP000028341	0.012789531026903781	0.02800144293487728	0.02800144293487728	0.02800144293487728	0.02800144293487728	0.012789531026903781	0.02800144293487728	0.012789531026903781	0.012789531026903781	0.02800144293487728	0.012789531026903781	0.012789531026903781	0.12261290969712858	0.12261290969712858	0.12261290969712858	0.05600288586975456	0.05600288586975456	0.06879241689665834	0.12261290969712858	0.08400432880463184
UP000005954	0.018256975057878752	0.030669270849985292	0.030669270849985292	0.030669270849985292	0.030669270849985292	0.018256975057878752	0.030669270849985292	0.018256975057878752	0.018256975057878752	0.030669270849985292	0.018256975057878752	0.018256975057878752	0.10304052796126732	0.10304052796126732	0.10304052796126732	0.061338541699970585	0.061338541699970585	0.07959551675784934	0.10304052796126732	0.09200781254995588
UP000001822	0.047898624586322554	0.0325307553549013	0.0325307553549013	0.0325307553549013	0.0325307553549013	0.047898624586322554	0.0325307553549013	0.047898624586322554	0.047898624586322554	0.0325307553549013	0.047898624586322554	0.047898624586322554	0.04418707439305565	0.04418707439305565	0.04418707439305565	0.0650615107098026	0.0650615107098026	0.11296013529612517	0.04418707439305565	0.0975922660647039
UP000008320	0.06267680270355781	0.02984041608026745	0.02984041608026745	0.02984041608026745	0.02984041608026745	0.06267680270355781	0.02984041608026745	0.06267680270355781	0.06267680270355781	0.02984041608026745	0.06267680270355781	0.06267680270355781	0.028414034967770885	0.028414034967770885	0.028414034967770885	0.0596808321605349	0.0596808321605349	0.12235763486409271	0.028414034967770885	0.08952124824080233
UP000061018	0.011516623825426757	0.02715176295550657	0.02715176295550657	0.02715176295550657	0.02715176295550657	0.011516623825426757	0.02715176295550657	0.011516623825426757	0.011516623825426757	0.02715176295550657	0.011516623825426757	0.011516623825426757	0.12802679722235358	0.12802679722235358	0.12802679722235358	0.05430352591101314	0.05430352591101314	0.06582014973643989	0.12802679722235358	0.0814552888665197
UP000001025	0.025540712880529347	0.03258112692948201	0.03258112692948201	0.03258112692948201	0.03258112692948201	0.025540712880529347	0.03258112692948201	0.025540712880529347	0.025540712880529347	0.03258112692948201	0.025540712880529347	0.025540712880529347	0.08312452647351612	0.08312452647351612	0.08312452647351612	0.06516225385896401	0.06516225385896401	0.09070296673949338	0.08312452647351612	0.09774338078844602
UP000007065	0.06284565680728955	0.02980161476664623	0.02980161476664623	0.02980161476664623	0.02980161476664623	0.06284565680728955	0.02980161476664623	0.06284565680728955	0.06284565680728955	0.02980161476664623	0.06284565680728955	0.06284565680728955	0.028264045212319917	0.028264045212319917	0.028264045212319917	0.05960322953329246	0.05960322953329246	0.12244888634058203	0.028264045212319917	0.0894048442999387
UP000002484	0.008391418335008527	0.02452443851949614	0.02452443851949614	0.02452443851949614	0.02452443851949614	0.008391418335008527	0.02452443851949614	0.008391418335008527	0.008391418335008527	0.02452443851949614	0.008391418335008527	0.008391418335008527	0.14334837346562457	0.14334837346562457	0.14334837346562457	0.04904887703899228	0.04904887703899228	0.0574402953740008	0.14334837346562457	0.07357331555848841
UP000002709	0.023042824927306926	0.032085592656329244	0.032085592656329244	0.032085592656329244	0.032085592656329244	0.023042824927306926	0.032085592656329244	0.023042824927306926	0.023042824927306926	0.032085592656329244	0.023042824927306926	0.023042824927306926	0.08935408391597822	0.08935408391597822	0.08935408391597822	0.06417118531265849	0.06417118531265849	0.08721401023996542	0.08935408391597822	0.09625677796898774
UP000001652	0.03760224590442921	0.033346756684081845	0.033346756684081845	0.033346756684081845	0.033346756684081845	0.03760224590442921	0.033346756684081845	0.03760224590442921	0.03760224590442921	0.033346756684081845	0.03760224590442921	0.03760224590442921	0.05914573210194197	0.05914573210194197	0.05914573210194197	0.06669351336816369	0.06669351336816369	0.10429575927259292	0.05914573210194197	0.10004027005224554
UP000006821	0.01773155147962462	0.030468836406211158	0.030468836406211158	0.030468836406211158	0.030468836406211158	0.01773155147962462	0.030468836406211158	0.01773155147962462	0.01773155147962462	0.030468836406211158	0.01773155147962462	0.01773155147962462	0.1047116483873651	0.1047116483873651	0.1047116483873651	0.060937672812422315	0.060937672812422315	0.07866922429204694	0.1047116483873651	0.09140650921863347
UP000002171	0.03288274231950037	0.03331731600654222	0.03331731600654222	0.03331731600654222	0.03331731600654222	0.03288274231950037	0.03331731600654222	0.03288274231950037	0.03288274231950037	0.03331731600654222	0.03288274231950037	0.03288274231950037	0.06751526591634104	0.06751526591634104	0.06751526591634104	0.06663463201308444	0.06663463201308444	0.0995173743325848	0.06751526591634104	0.09995194801962666
UP000009134	0.015890373674131198	0.02968172770679806	0.02968172770679806	0.02968172770679806	0.02968172770679806	0.015890373674131198	0.02968172770679806	0.015890373674131198	0.015890373674131198	0.02968172770679806	0.015890373674131198	0.015890373674131198	0.11088536716977769	0.11088536716977769	0.11088536716977769	0.05936345541359612	0.05936345541359612	0.0752538290877273	0.11088536716977769	0.08904518312039418
UP000007073	0.02167309461345199	0.03174846605283073	0.03174846605283073	0.03174846605283073	0.03174846605283073	0.02167309461345199	0.03174846605283073	0.02167309461345199	0.02167309461345199	0.03174846605283073	0.02167309461345199	0.02167309461345199	0.09301533672834375	0.09301533672834375	0.09301533672834375	0.06349693210566146	0.06349693210566146	0.08517002671911346	0.09301533672834375	0.09524539815849217
UP000000245	0.01347260395653199	0.028415560552412324	0.028415560552412324	0.028415560552412324	0.028415560552412324	0.01347260395653199	0.028415560552412324	0.01347260395653199	0.01347260395653199	0.028415560552412324	0.01347260395653199	0.01347260395653199	0.1198645910045228	0.1198645910045228	0.1198645910045228	0.05683112110482465	0.05683112110482465	0.07030372506135664	0.1198645910045228	0.08524668165723696
UP000008812	0.05980787834692427	0.030474653915212698	0.030474653915212698	0.030474653915212698	0.030474653915212698	0.05980787834692427	0.030474653915212698	0.05980787834692427	0.05980787834692427	0.030474653915212698	0.05980787834692427	0.05980787834692427	0.03105626071083491	0.03105626071083491	0.03105626071083491	0.060949307830425396	0.060949307830425396	0.12075718617734967	0.03105626071083491	0.09142396174563809
