Proteome_ID	M	W	C	D	E	F	H	K	N	Q	Y	I	A	G	P	T	V	L	R	S
UP000000231	0.039303594695156686	0.03215300686403957	0.03215300686403957	0.03215300686403957	0.03215300686403957	0.039303594695156686	0.03215300686403957	0.039303594695156686	0.039303594695156686	0.03215300686403957	0.039303594695156686	0.039303594695156686	0.052606681827317495	0.052606681827317495	0.052606681827317495	0.12861202745615827	0.06430601372807913	0.039303594695156686	0.08475968869135708	0.09645902059211872
UP000000233	0.01662905437869253	0.029340473338347977	0.029340473338347977	0.029340473338347977	0.029340473338347977	0.01662905437869253	0.029340473338347977	0.01662905437869253	0.01662905437869253	0.029340473338347977	0.01662905437869253	0.01662905437869253	0.10353726148389616	0.10353726148389616	0.10353726148389616	0.11736189335339191	0.058680946676695954	0.01662905437869253	0.13287773482224413	0.08802142001504394
UP000000235	0.01180340536296956	0.02683389161341735	0.02683389161341735	0.02683389161341735	0.02683389161341735	0.01180340536296956	0.02683389161341735	0.01180340536296956	0.01180340536296956	0.02683389161341735	0.01180340536296956	0.01180340536296956	0.12200847416113385	0.12200847416113385	0.12200847416113385	0.1073355664536694	0.0536677832268347	0.01180340536296956	0.1488423657745512	0.08050167484025206
UP000000238	0.027949602967159443	0.03197825290260835	0.03197825290260835	0.03197825290260835	0.03197825290260835	0.027949602967159443	0.03197825290260835	0.027949602967159443	0.027949602967159443	0.03197825290260835	0.027949602967159443	0.027949602967159443	0.0731751831970376	0.0731751831970376	0.0731751831970376	0.1279130116104334	0.0639565058052167	0.027949602967159443	0.10515343609964593	0.09593475870782503
UP000000239	0.01638251588077383	0.029239439781162724	0.029239439781162724	0.029239439781162724	0.029239439781162724	0.01638251588077383	0.029239439781162724	0.01638251588077383	0.01638251588077383	0.029239439781162724	0.01638251588077383	0.01638251588077383	0.10437283808399493	0.10437283808399493	0.10437283808399493	0.1169577591246509	0.05847887956232545	0.01638251588077383	0.13361227786515767	0.08771831934348817
UP000000245	0.013424073750449156	0.027813469075395017	0.027813469075395017	0.027813469075395017	0.027813469075395017	0.013424073750449156	0.027813469075395017	0.013424073750449156	0.013424073750449156	0.027813469075395017	0.013424073750449156	0.013424073750449156	0.11525399463513394	0.11525399463513394	0.11525399463513394	0.11125387630158007	0.055626938150790034	0.013424073750449156	0.14306746371052895	0.08344040722618504
UP000000247	0.06051099320806233	0.0290522341142381	0.0290522341142381	0.0290522341142381	0.0290522341142381	0.06051099320806233	0.0290522341142381	0.06051099320806233	0.06051099320806233	0.0290522341142381	0.06051099320806233	0.06051099320806233	0.027896825428938524	0.027896825428938524	0.027896825428938524	0.1162089364569524	0.0581044682284762	0.06051099320806233	0.056949059543176625	0.0871567023427143
UP000000248	0.04019894702891357	0.0320980985289332	0.0320980985289332	0.0320980985289332	0.0320980985289332	0.04019894702891357	0.0320980985289332	0.04019894702891357	0.04019894702891357	0.0320980985289332	0.04019894702891357	0.04019894702891357	0.051259448583668446	0.051259448583668446	0.051259448583668446	0.1283923941157328	0.0641961970578664	0.04019894702891357	0.08335754711260164	0.09629429558679958
UP000000260	0.024391897771769436	0.03149511150663744	0.03149511150663744	0.03149511150663744	0.03149511150663744	0.024391897771769436	0.03149511150663744	0.024391897771769436	0.024391897771769436	0.03149511150663744	0.024391897771769436	0.024391897771769436	0.08133373287285374	0.08133373287285374	0.08133373287285374	0.12598044602654976	0.06299022301327488	0.024391897771769436	0.11282884437949117	0.09448533451991233
UP000000263	0.02002187768685006	0.03050380052848571	0.03050380052848571	0.03050380052848571	0.03050380052848571	0.02002187768685006	0.03050380052848571	0.02002187768685006	0.02002187768685006	0.03050380052848571	0.02002187768685006	0.02002187768685006	0.09294651193406954	0.09294651193406954	0.09294651193406954	0.12201520211394284	0.06100760105697142	0.02002187768685006	0.12345031246255525	0.09151140158545712
UP000000268	0.03646227366401841	0.03226887926604688	0.03226887926604688	0.03226887926604688	0.03226887926604688	0.03646227366401841	0.03226887926604688	0.03646227366401841	0.03646227366401841	0.03226887926604688	0.03646227366401841	0.03646227366401841	0.057115504023780246	0.057115504023780246	0.057115504023780246	0.12907551706418752	0.06453775853209376	0.03646227366401841	0.08938438328982713	0.09680663779814062
UP000000269	0.052997778194225215	0.03052358336058116	0.03052358336058116	0.03052358336058116	0.03052358336058116	0.052997778194225215	0.03052358336058116	0.052997778194225215	0.052997778194225215	0.03052358336058116	0.052997778194225215	0.052997778194225215	0.03515955471778122	0.03515955471778122	0.03515955471778122	0.12209433344232463	0.06104716672116232	0.052997778194225215	0.06568313807836237	0.09157075008174347
UP000000270	0.01344838048409503	0.027826974483700247	0.027826974483700247	0.027826974483700247	0.027826974483700247	0.01344838048409503	0.027826974483700247	0.01344838048409503	0.01344838048409503	0.027826974483700247	0.01344838048409503	0.01344838048409503	0.11515743621803272	0.11515743621803272	0.11515743621803272	0.11130789793480099	0.055653948967400495	0.01344838048409503	0.14298441070173296	0.08348092345110072
UP000000272	0.03623285272614104	0.032274147228986964	0.032274147228986964	0.032274147228986964	0.032274147228986964	0.03623285272614104	0.032274147228986964	0.03623285272614104	0.03623285272614104	0.032274147228986964	0.03623285272614104	0.03623285272614104	0.05749591881330533	0.05749591881330533	0.05749591881330533	0.12909658891594786	0.06454829445797393	0.03623285272614104	0.0897700660422923	0.0968224416869609
UP000000276	0.028857367161235277	0.03206278016367852	0.03206278016367852	0.03206278016367852	0.03206278016367852	0.028857367161235277	0.03206278016367852	0.028857367161235277	0.028857367161235277	0.03206278016367852	0.028857367161235277	0.028857367161235277	0.07124848681312416	0.07124848681312416	0.07124848681312416	0.12825112065471408	0.06412556032735704	0.028857367161235277	0.10331126697680268	0.09618834049103556
UP000000321	0.013970100798531969	0.028109087220685308	0.028109087220685308	0.028109087220685308	0.028109087220685308	0.013970100798531969	0.028109087220685308	0.013970100798531969	0.013970100798531969	0.028109087220685308	0.013970100798531969	0.013970100798531969	0.11311597471982777	0.11311597471982777	0.11311597471982777	0.11243634888274123	0.056218174441370616	0.013970100798531969	0.1412250619405131	0.08432726166205592
UP000000323	0.02758232963016489	0.031939845374189535	0.031939845374189535	0.031939845374189535	0.031939845374189535	0.02758232963016489	0.031939845374189535	0.02758232963016489	0.02758232963016489	0.031939845374189535	0.02758232963016489	0.02758232963016489	0.07397154165045325	0.07397154165045325	0.07397154165045325	0.12775938149675814	0.06387969074837907	0.02758232963016489	0.10591138702464278	0.0958195361225686
UP000000328	0.010201593341346162	0.0256900244963335	0.0256900244963335	0.0256900244963335	0.0256900244963335	0.010201593341346162	0.0256900244963335	0.010201593341346162	0.010201593341346162	0.0256900244963335	0.010201593341346162	0.010201593341346162	0.1293871136673102	0.1293871136673102	0.1293871136673102	0.102760097985334	0.051380048992667	0.010201593341346162	0.1550771381636437	0.07707007348900051
UP000000329	0.016768722966513605	0.029396622581366365	0.029396622581366365	0.029396622581366365	0.029396622581366365	0.016768722966513605	0.029396622581366365	0.016768722966513605	0.016768722966513605	0.029396622581366365	0.016768722966513605	0.016768722966513605	0.10306824448313576	0.10306824448313576	0.10306824448313576	0.11758649032546546	0.05879324516273273	0.016768722966513605	0.1324648670645021	0.08818986774409909
UP000000333	0.015785936677557056	0.028984495074807277	0.028984495074807277	0.028984495074807277	0.028984495074807277	0.015785936677557056	0.028984495074807277	0.015785936677557056	0.015785936677557056	0.028984495074807277	0.015785936677557056	0.015785936677557056	0.10643663051504607	0.10643663051504607	0.10643663051504607	0.11593798029922911	0.057968990149614555	0.015785936677557056	0.13542112558985334	0.08695348522442183
UP000000343	0.02024598701970426	0.030567258067214626	0.030567258067214626	0.030567258067214626	0.030567258067214626	0.02024598701970426	0.030567258067214626	0.02024598701970426	0.02024598701970426	0.030567258067214626	0.02024598701970426	0.02024598701970426	0.09230049044665903	0.09230049044665903	0.09230049044665903	0.1222690322688585	0.06113451613442925	0.02024598701970426	0.12286774851387364	0.09170177420164388
UP000000361	0.014053200108915531	0.028152682985471852	0.028152682985471852	0.028152682985471852	0.028152682985471852	0.014053200108915531	0.028152682985471852	0.014053200108915531	0.014053200108915531	0.028152682985471852	0.014053200108915531	0.014053200108915531	0.11279616786751044	0.11279616786751044	0.11279616786751044	0.11261073194188741	0.056305365970943703	0.014053200108915531	0.14094885085298228	0.08445804895641555
UP000000366	0.012377456099873136	0.027199458761219535	0.027199458761219535	0.027199458761219535	0.027199458761219535	0.012377456099873136	0.027199458761219535	0.012377456099873136	0.012377456099873136	0.027199458761219535	0.012377456099873136	0.012377456099873136	0.11954161678034385	0.11954161678034385	0.11954161678034385	0.10879783504487814	0.05439891752243907	0.012377456099873136	0.14674107554156338	0.0815983762836586
UP000000370	0.05403969472523063	0.03034038536719014	0.03034038536719014	0.03034038536719014	0.03034038536719014	0.05403969472523063	0.03034038536719014	0.05403969472523063	0.05403969472523063	0.03034038536719014	0.05403969472523063	0.05403969472523063	0.034068992762085845	0.034068992762085845	0.034068992762085845	0.12136154146876056	0.06068077073438028	0.05403969472523063	0.064409378129276	0.09102115610157042
UP000000374	0.015436184934613626	0.028827881671310104	0.028827881671310104	0.028827881671310104	0.028827881671310104	0.015436184934613626	0.028827881671310104	0.015436184934613626	0.015436184934613626	0.028827881671310104	0.015436184934613626	0.015436184934613626	0.10767514967918572	0.10767514967918572	0.10767514967918572	0.11531152668524042	0.05765576334262021	0.015436184934613626	0.13650303135049585	0.08648364501393031
UP000000376	0.027974767818410337	0.031980794322337185	0.031980794322337185	0.031980794322337185	0.031980794322337185	0.027974767818410337	0.031980794322337185	0.027974767818410337	0.027974767818410337	0.031980794322337185	0.027974767818410337	0.027974767818410337	0.07312097902843315	0.07312097902843315	0.07312097902843315	0.12792317728934874	0.06396158864467437	0.027974767818410337	0.10510177335077033	0.09594238296701155
UP000000377	0.010923644588564202	0.02622970418321792	0.02622970418321792	0.02622970418321792	0.02622970418321792	0.010923644588564202	0.02622970418321792	0.010923644588564202	0.010923644588564202	0.02622970418321792	0.010923644588564202	0.010923644588564202	0.125964805237141	0.125964805237141	0.125964805237141	0.10491881673287168	0.05245940836643584	0.010923644588564202	0.15219450942035892	0.07868911254965376
UP000000379	0.01268563739403645	0.027387050920652124	0.027387050920652124	0.027387050920652124	0.027387050920652124	0.01268563739403645	0.027387050920652124	0.01268563739403645	0.01268563739403645	0.027387050920652124	0.01268563739403645	0.01268563739403645	0.1182519308778277	0.1182519308778277	0.1182519308778277	0.1095482036826085	0.05477410184130425	0.01268563739403645	0.14563898179847984	0.08216115276195637
UP000000417	0.012224828428125003	0.027104351035445833	0.027104351035445833	0.027104351035445833	0.027104351035445833	0.012224828428125003	0.027104351035445833	0.012224828428125003	0.012224828428125003	0.027104351035445833	0.012224828428125003	0.012224828428125003	0.1201891461089979	0.1201891461089979	0.1201891461089979	0.10841740414178333	0.054208702070891665	0.012224828428125003	0.14729349714444376	0.08131305310633749
UP000000422	0.03400710908767337	0.03229107391549638	0.03229107391549638	0.03229107391549638	0.03229107391549638	0.03400710908767337	0.03229107391549638	0.03400710908767337	0.03400710908767337	0.03229107391549638	0.03400710908767337	0.03400710908767337	0.0613232634345861	0.0613232634345861	0.0613232634345861	0.1291642956619855	0.06458214783099275	0.03400710908767337	0.09361433735008247	0.09687322174648912
UP000000423	0.07380949705965176	0.025725257496138017	0.025725257496138017	0.025725257496138017	0.025725257496138017	0.07380949705965176	0.025725257496138017	0.07380949705965176	0.07380949705965176	0.025725257496138017	0.07380949705965176	0.07380949705965176	0.01793235016105738	0.01793235016105738	0.01793235016105738	0.10290102998455207	0.051450514992276035	0.07380949705965176	0.04365760765719539	0.07717577248841405
UP000000425	0.030408035724750506	0.03217459401524624	0.03217459401524624	0.03217459401524624	0.03217459401524624	0.030408035724750506	0.03217459401524624	0.030408035724750506	0.030408035724750506	0.03217459401524624	0.030408035724750506	0.030408035724750506	0.0680875614207016	0.0680875614207016	0.0680875614207016	0.12869837606098497	0.06434918803049249	0.030408035724750506	0.10026215543594785	0.09652378204573872
UP000000428	0.01085801563745362	0.026182354469088256	0.026182354469088256	0.026182354469088256	0.026182354469088256	0.01085801563745362	0.026182354469088256	0.01085801563745362	0.01085801563745362	0.026182354469088256	0.01085801563745362	0.01085801563745362	0.12626905475810316	0.12626905475810316	0.12626905475810316	0.10472941787635302	0.05236470893817651	0.01085801563745362	0.15245140922719141	0.07854706340726476
UP000000429	0.048549000617782556	0.031220985967687055	0.031220985967687055	0.031220985967687055	0.031220985967687055	0.048549000617782556	0.031220985967687055	0.048549000617782556	0.048549000617782556	0.031220985967687055	0.048549000617782556	0.048549000617782556	0.04015530504813234	0.04015530504813234	0.04015530504813234	0.12488394387074822	0.06244197193537411	0.048549000617782556	0.07137629101581938	0.09366295790306117
UP000000430	0.045738269768774216	0.03158431675209252	0.03158431675209252	0.03158431675209252	0.03158431675209252	0.045738269768774216	0.03158431675209252	0.045738269768774216	0.045738269768774216	0.03158431675209252	0.045738269768774216	0.045738269768774216	0.043620760896275035	0.043620760896275035	0.043620760896275035	0.12633726700837009	0.06316863350418504	0.045738269768774216	0.07520507764836756	0.09475295025627758
UP000000431	0.04463170591137426	0.031709383192015585	0.031709383192015585	0.031709383192015585	0.031709383192015585	0.04463170591137426	0.031709383192015585	0.04463170591137426	0.04463170591137426	0.031709383192015585	0.04463170591137426	0.04463170591137426	0.0450569818870327	0.0450569818870327	0.0450569818870327	0.12683753276806234	0.06341876638403117	0.04463170591137426	0.0767663650790483	0.09512814957604675
UP000000432	0.039302614568595906	0.032153062323204924	0.032153062323204924	0.032153062323204924	0.032153062323204924	0.039302614568595906	0.032153062323204924	0.039302614568595906	0.039302614568595906	0.032153062323204924	0.039302614568595906	0.039302614568595906	0.052608175212137454	0.052608175212137454	0.052608175212137454	0.1286122492928197	0.06430612464640985	0.039302614568595906	0.08476123753534237	0.09645918696961475
UP000000439	0.020177010962040606	0.03054788767438216	0.03054788767438216	0.03054788767438216	0.03054788767438216	0.020177010962040606	0.03054788767438216	0.020177010962040606	0.020177010962040606	0.03054788767438216	0.020177010962040606	0.020177010962040606	0.0924986801189003	0.0924986801189003	0.0924986801189003	0.12219155069752864	0.06109577534876432	0.020177010962040606	0.12304656779328246	0.09164366302314647
UP000000440	0.027017681523593778	0.03187590539224125	0.03187590539224125	0.03187590539224125	0.03187590539224125	0.027017681523593778	0.03187590539224125	0.027017681523593778	0.027017681523593778	0.03187590539224125	0.027017681523593778	0.027017681523593778	0.07521543576474587	0.07521543576474587	0.07521543576474587	0.127503621568965	0.0637518107844825	0.027017681523593778	0.10709134115698714	0.09562771617672375
UP000000442	0.0338117184077273	0.03228948308419978	0.03228948308419978	0.03228948308419978	0.03228948308419978	0.0338117184077273	0.03228948308419978	0.0338117184077273	0.0338117184077273	0.03228948308419978	0.0338117184077273	0.0338117184077273	0.061671560449678094	0.061671560449678094	0.061671560449678094	0.12915793233679912	0.06457896616839956	0.0338117184077273	0.09396104353387788	0.09686844925259935
UP000000449	0.052872040433383664	0.030545203806771063	0.030545203806771063	0.030545203806771063	0.030545203806771063	0.052872040433383664	0.030545203806771063	0.052872040433383664	0.052872040433383664	0.030545203806771063	0.052872040433383664	0.052872040433383664	0.0352931140144943	0.0352931140144943	0.0352931140144943	0.12218081522708425	0.061090407613542126	0.052872040433383664	0.06583831782126535	0.09163561142031319
UP000000467	0.027033595690742436	0.03187779007923518	0.03187779007923518	0.03187779007923518	0.03187779007923518	0.027033595690742436	0.03187779007923518	0.027033595690742436	0.027033595690742436	0.03187779007923518	0.027033595690742436	0.027033595690742436	0.07518004722426003	0.07518004722426003	0.07518004722426003	0.1275111603169407	0.06375558015847035	0.027033595690742436	0.1070578373034952	0.09563337023770552
UP000000492	0.023215353732298463	0.03127582259609232	0.03127582259609232	0.03127582259609232	0.03127582259609232	0.023215353732298463	0.03127582259609232	0.023215353732298463	0.023215353732298463	0.03127582259609232	0.023215353732298463	0.023215353732298463	0.08426984058410841	0.08426984058410841	0.08426984058410841	0.1251032903843693	0.06255164519218465	0.023215353732298463	0.11554566318020074	0.09382746778827697
UP000000504	0.0397320599152242	0.032127783269557356	0.032127783269557356	0.032127783269557356	0.032127783269557356	0.0397320599152242	0.032127783269557356	0.0397320599152242	0.0397320599152242	0.032127783269557356	0.0397320599152242	0.0397320599152242	0.05195776207012824	0.05195776207012824	0.05195776207012824	0.12851113307822942	0.06425556653911471	0.0397320599152242	0.0840855453396856	0.09638334980867207
UP000000528	0.07123270462554769	0.0264317738414327	0.0264317738414327	0.0264317738414327	0.0264317738414327	0.07123270462554769	0.0264317738414327	0.07123270462554769	0.07123270462554769	0.0264317738414327	0.07123270462554769	0.07123270462554769	0.019615671539560734	0.019615671539560734	0.019615671539560734	0.1057270953657308	0.0528635476828654	0.07123270462554769	0.04604744538099344	0.0792953215242981
UP000000529	0.05435626684025908	0.03028331505340085	0.03028331505340085	0.03028331505340085	0.03028331505340085	0.05435626684025908	0.03028331505340085	0.05435626684025908	0.05435626684025908	0.03028331505340085	0.05435626684025908	0.05435626684025908	0.0337432728159432	0.0337432728159432	0.0337432728159432	0.1211332602136034	0.0605666301068017	0.05435626684025908	0.06402658786934405	0.09084994516020255
UP000000531	0.06117803169105528	0.028905806518586298	0.028905806518586298	0.028905806518586298	0.028905806518586298	0.06117803169105528	0.028905806518586298	0.06117803169105528	0.06117803169105528	0.028905806518586298	0.06117803169105528	0.06117803169105528	0.027315218466308046	0.027315218466308046	0.027315218466308046	0.11562322607434519	0.057811613037172596	0.06117803169105528	0.05622102498489434	0.08671741955575889
UP000000532	0.011889978575078872	0.0268904129997794	0.0268904129997794	0.0268904129997794	0.0268904129997794	0.011889978575078872	0.0268904129997794	0.011889978575078872	0.011889978575078872	0.0268904129997794	0.011889978575078872	0.011889978575078872	0.12163088549449438	0.12163088549449438	0.12163088549449438	0.1075616519991176	0.0537808259995588	0.011889978575078872	0.14852129849427378	0.0806712389993382
UP000000534	0.056566935743785136	0.029867109894512574	0.029867109894512574	0.029867109894512574	0.029867109894512574	0.056566935743785136	0.029867109894512574	0.056566935743785136	0.056566935743785136	0.029867109894512574	0.056566935743785136	0.056566935743785136	0.03153942287032572	0.03153942287032572	0.03153942287032572	0.1194684395780503	0.05973421978902515	0.056566935743785136	0.06140653276483828	0.08960132968353772
UP000000535	0.029039258315936723	0.03207798233622749	0.03207798233622749	0.03207798233622749	0.03207798233622749	0.029039258315936723	0.03207798233622749	0.029039258315936723	0.029039258315936723	0.03207798233622749	0.029039258315936723	0.029039258315936723	0.07086936860220082	0.07086936860220082	0.07086936860220082	0.12831192934490995	0.06415596467245498	0.029039258315936723	0.1029473509384283	0.09623394700868244
UP000000537	0.049477929399992994	0.031087257636424673	0.031087257636424673	0.031087257636424673	0.031087257636424673	0.049477929399992994	0.031087257636424673	0.049477929399992994	0.049477929399992994	0.031087257636424673	0.049477929399992994	0.049477929399992994	0.03906459300431359	0.03906459300431359	0.03906459300431359	0.1243490305456987	0.06217451527284935	0.049477929399992994	0.07015185064073827	0.09326177290927401
UP000000545	0.0186124052201124	0.03006873441346395	0.03006873441346395	0.03006873441346395	0.03006873441346395	0.0186124052201124	0.03006873441346395	0.0186124052201124	0.0186124052201124	0.03006873441346395	0.0186124052201124	0.0186124052201124	0.09715335321094748	0.09715335321094748	0.09715335321094748	0.1202749376538558	0.0601374688269279	0.0186124052201124	0.12722208762441142	0.09020620324039184
UP000000546	0.040657026781008736	0.032066783459929894	0.032066783459929894	0.032066783459929894	0.032066783459929894	0.040657026781008736	0.032066783459929894	0.040657026781008736	0.040657026781008736	0.032066783459929894	0.040657026781008736	0.040657026781008736	0.05058306929351516	0.05058306929351516	0.05058306929351516	0.12826713383971958	0.06413356691985979	0.040657026781008736	0.08264985275344505	0.09620035037978969
UP000000549	0.06769263336551157	0.027356647258718524	0.027356647258718524	0.027356647258718524	0.027356647258718524	0.06769263336551157	0.027356647258718524	0.06769263336551157	0.06769263336551157	0.027356647258718524	0.06769263336551157	0.06769263336551157	0.02211130257548066	0.02211130257548066	0.02211130257548066	0.1094265890348741	0.05471329451743705	0.06769263336551157	0.04946794983419918	0.08206994177615558
UP000000555	0.05146302320223819	0.03078011173873446	0.03078011173873446	0.03078011173873446	0.03078011173873446	0.05146302320223819	0.03078011173873446	0.05146302320223819	0.05146302320223819	0.03078011173873446	0.05146302320223819	0.05146302320223819	0.036819262441145306	0.036819262441145306	0.036819262441145306	0.12312044695493785	0.06156022347746892	0.05146302320223819	0.06759937417987977	0.09234033521620338
UP000000556	0.01875851613954961	0.030116833050133112	0.030116833050133112	0.030116833050133112	0.030116833050133112	0.01875851613954961	0.030116833050133112	0.01875851613954961	0.01875851613954961	0.030116833050133112	0.01875851613954961	0.01875851613954961	0.09670526455525576	0.09670526455525576	0.09670526455525576	0.12046733220053245	0.060233666100266224	0.01875851613954961	0.12682209760538884	0.09035049915039932
UP000000557	0.018274327129538408	0.02995465554889857	0.02995465554889857	0.02995465554889857	0.02995465554889857	0.018274327129538408	0.02995465554889857	0.018274327129538408	0.018274327129538408	0.02995465554889857	0.018274327129538408	0.018274327129538408	0.09820130532771351	0.09820130532771351	0.09820130532771351	0.11981862219559428	0.05990931109779714	0.018274327129538408	0.12815596087661205	0.08986396664669569
UP000000558	0.03135344002138743	0.03222375540134469	0.03222375540134469	0.03222375540134469	0.03222375540134469	0.03135344002138743	0.03222375540134469	0.03135344002138743	0.03135344002138743	0.03222375540134469	0.03135344002138743	0.03135344002138743	0.06623645835719319	0.06623645835719319	0.06623645835719319	0.12889502160537877	0.06444751080268939	0.03135344002138743	0.09846021375853789	0.09667126620403409
UP000000562	0.07892312264468082	0.024246629422402872	0.024246629422402872	0.024246629422402872	0.024246629422402872	0.07892312264468082	0.024246629422402872	0.07892312264468082	0.07892312264468082	0.024246629422402872	0.07892312264468082	0.07892312264468082	0.0148980176821971	0.0148980176821971	0.0148980176821971	0.09698651768961149	0.048493258844805744	0.07892312264468082	0.039144647104599965	0.0727398882672086
UP000000566	0.03868240999434896	0.03218607633536591	0.03218607633536591	0.03218607633536591	0.03218607633536591	0.03868240999434896	0.03218607633536591	0.03868240999434896	0.03868240999434896	0.03218607633536591	0.03868240999434896	0.03868240999434896	0.05356147716842567	0.05356147716842567	0.05356147716842567	0.12874430534146364	0.06437215267073182	0.03868240999434896	0.08574755350379158	0.09655822900609773
UP000000577	0.019613834143735846	0.030384336614745187	0.030384336614745187	0.030384336614745187	0.030384336614745187	0.019613834143735846	0.030384336614745187	0.019613834143735846	0.019613834143735846	0.030384336614745187	0.019613834143735846	0.019613834143735846	0.09413844378948151	0.09413844378948151	0.09413844378948151	0.12153734645898075	0.06076867322949037	0.019613834143735846	0.1245227804042267	0.09115300984423556
UP000000579	0.0499332854440096	0.03101933838564349	0.03101933838564349	0.03101933838564349	0.03101933838564349	0.0499332854440096	0.03101933838564349	0.0499332854440096	0.0499332854440096	0.03101933838564349	0.0499332854440096	0.0499332854440096	0.038539396930409225	0.038539396930409225	0.038539396930409225	0.12407735354257396	0.06203867677128698	0.0499332854440096	0.06955873531605272	0.09305801515693048
UP000000580	0.011831954269156295	0.026852586265441798	0.026852586265441798	0.026852586265441798	0.026852586265441798	0.011831954269156295	0.026852586265441798	0.011831954269156295	0.011831954269156295	0.026852586265441798	0.011831954269156295	0.011831954269156295	0.12188373496720932	0.12188373496720932	0.12188373496720932	0.10741034506176719	0.053705172530883596	0.011831954269156295	0.14873632123265113	0.08055775879632539
UP000000582	0.02702599547345736	0.031876890602681444	0.031876890602681444	0.031876890602681444	0.031876890602681444	0.02702599547345736	0.031876890602681444	0.02702599547345736	0.02702599547345736	0.031876890602681444	0.02702599547345736	0.02702599547345736	0.0751969455107238	0.0751969455107238	0.0751969455107238	0.12750756241072578	0.06375378120536289	0.02702599547345736	0.10707383611340526	0.09563067180804434
UP000000584	0.03630253646614014	0.032272614481575215	0.032272614481575215	0.032272614481575215	0.032272614481575215	0.03630253646614014	0.032272614481575215	0.03630253646614014	0.03630253646614014	0.032272614481575215	0.03630253646614014	0.03630253646614014	0.057380103257953875	0.057380103257953875	0.057380103257953875	0.12909045792630086	0.06454522896315043	0.03630253646614014	0.08965271773952911	0.09681784344472566
UP000000585	0.04805154654295497	0.03128988152911588	0.03128988152911588	0.03128988152911588	0.03128988152911588	0.04805154654295497	0.03128988152911588	0.04805154654295497	0.04805154654295497	0.03128988152911588	0.04805154654295497	0.04805154654295497	0.04075026743336528	0.04075026743336528	0.04075026743336528	0.12515952611646353	0.06257976305823176	0.04805154654295497	0.07204014896248116	0.09386964458734764
UP000000586	0.04732836847469277	0.03138657843595523	0.03138657843595523	0.03138657843595523	0.03138657843595523	0.04732836847469277	0.03138657843595523	0.04732836847469277	0.04732836847469277	0.03138657843595523	0.04732836847469277	0.04732836847469277	0.041629041425466744	0.041629041425466744	0.041629041425466744	0.12554631374382091	0.06277315687191046	0.04732836847469277	0.07301561986142197	0.09415973530786569
UP000000588	0.033865844112332115	0.032289975274337204	0.032289975274337204	0.032289975274337204	0.032289975274337204	0.033865844112332115	0.032289975274337204	0.033865844112332115	0.033865844112332115	0.032289975274337204	0.033865844112332115	0.033865844112332115	0.06157487170606999	0.06157487170606999	0.06157487170606999	0.12915990109734882	0.06457995054867441	0.033865844112332115	0.0938648469804072	0.09686992582301161
UP000000593	0.04367032318999153	0.0318093266481518	0.0318093266481518	0.0318093266481518	0.0318093266481518	0.04367032318999153	0.0318093266481518	0.04367032318999153	0.04367032318999153	0.0318093266481518	0.04367032318999153	0.04367032318999153	0.046339627824907643	0.046339627824907643	0.046339627824907643	0.1272373065926072	0.0636186532963036	0.04367032318999153	0.07814895447305945	0.09542797994445543
UP000000594	0.055133481662059315	0.0301404757210714	0.0301404757210714	0.0301404757210714	0.0301404757210714	0.055133481662059315	0.0301404757210714	0.055133481662059315	0.055133481662059315	0.0301404757210714	0.055133481662059315	0.055133481662059315	0.0329545042071106	0.0329545042071106	0.0329545042071106	0.1205619028842856	0.0602809514421428	0.055133481662059315	0.06309497992818201	0.0904214271632142
UP000000601	0.07152982959462961	0.026351697082053843	0.026351697082053843	0.026351697082053843	0.026351697082053843	0.07152982959462961	0.026351697082053843	0.07152982959462961	0.07152982959462961	0.026351697082053843	0.07152982959462961	0.07152982959462961	0.019416009881182788	0.019416009881182788	0.019416009881182788	0.10540678832821537	0.052703394164107686	0.07152982959462961	0.045767706963236635	0.07905509124616153
UP000000602	0.036966591751619926	0.032255081748584165	0.032255081748584165	0.032255081748584165	0.032255081748584165	0.036966591751619926	0.032255081748584165	0.036966591751619926	0.036966591751619926	0.032255081748584165	0.036966591751619926	0.036966591751619926	0.05628813744032846	0.05628813744032846	0.05628813744032846	0.12902032699433666	0.06451016349716833	0.036966591751619926	0.08854321918891261	0.0967652452457525
UP000000605	0.01317913148725905	0.0276755209314336	0.0276755209314336	0.0276755209314336	0.0276755209314336	0.01317913148725905	0.0276755209314336	0.01317913148725905	0.01317913148725905	0.0276755209314336	0.01317913148725905	0.01317913148725905	0.1162344361715623	0.1162344361715623	0.1162344361715623	0.1107020837257344	0.0553510418628672	0.01317913148725905	0.1439099571029959	0.08302656279430082
UP000000606	0.03762418794071879	0.03223260079426862	0.03223260079426862	0.03223260079426862	0.03223260079426862	0.03762418794071879	0.03223260079426862	0.03762418794071879	0.03762418794071879	0.03223260079426862	0.03762418794071879	0.03762418794071879	0.05522726792666759	0.05522726792666759	0.05522726792666759	0.1289304031770745	0.06446520158853725	0.03762418794071879	0.08745986872093622	0.09669780238280588
UP000000609	0.04935487646835681	0.031105346856249032	0.031105346856249032	0.031105346856249032	0.031105346856249032	0.04935487646835681	0.031105346856249032	0.04935487646835681	0.04935487646835681	0.031105346856249032	0.04935487646835681	0.04935487646835681	0.03920757875537944	0.03920757875537944	0.03920757875537944	0.12442138742499613	0.062210693712498065	0.04935487646835681	0.07031292561162847	0.0933160405687471
UP000000625	0.03128964811723249	0.03222087285816646	0.03222087285816646	0.03222087285816646	0.03222087285816646	0.03128964811723249	0.03222087285816646	0.03128964811723249	0.03128964811723249	0.03222087285816646	0.03128964811723249	0.03128964811723249	0.06635962436217728	0.06635962436217728	0.06635962436217728	0.12888349143266584	0.06444174571633292	0.03128964811723249	0.09858049722034375	0.09666261857449937
UP000000628	0.0221761129050043	0.031054391611414427	0.031054391611414427	0.031054391611414427	0.031054391611414427	0.0221761129050043	0.031054391611414427	0.0221761129050043	0.0221761129050043	0.031054391611414427	0.0221761129050043	0.0221761129050043	0.08697423597058476	0.08697423597058476	0.08697423597058476	0.1242175664456577	0.06210878322282885	0.0221761129050043	0.1180286275819992	0.09316317483424329
UP000000636	0.02024565792860379	0.030567165986188905	0.030567165986188905	0.030567165986188905	0.030567165986188905	0.02024565792860379	0.030567165986188905	0.02024565792860379	0.02024565792860379	0.030567165986188905	0.02024565792860379	0.02024565792860379	0.09230143468018773	0.09230143468018773	0.09230143468018773	0.12226866394475562	0.06113433197237781	0.02024565792860379	0.12286860066637664	0.0917014979585667
UP000000639	0.04605013448459277	0.03154718293895114	0.03154718293895114	0.03154718293895114	0.03154718293895114	0.04605013448459277	0.03154718293895114	0.04605013448459277	0.04605013448459277	0.03154718293895114	0.04605013448459277	0.04605013448459277	0.04322353289615809	0.04322353289615809	0.04322353289615809	0.12618873175580456	0.06309436587790228	0.04605013448459277	0.07477071583510923	0.09464154881685342
UP000000640	0.010207576474959592	0.02569467117830674	0.02569467117830674	0.02569467117830674	0.02569467117830674	0.010207576474959592	0.02569467117830674	0.010207576474959592	0.010207576474959592	0.02569467117830674	0.010207576474959592	0.010207576474959592	0.12935805645559378	0.12935805645559378	0.12935805645559378	0.10277868471322696	0.05138934235661348	0.010207576474959592	0.15505272763390052	0.07708401353492023
UP000000643	0.0488442493724566	0.03117919255959176	0.03117919255959176	0.03117919255959176	0.03117919255959176	0.0488442493724566	0.03117919255959176	0.0488442493724566	0.0488442493724566	0.03117919255959176	0.0488442493724566	0.0488442493724566	0.03980579335983391	0.03980579335983391	0.03980579335983391	0.12471677023836704	0.06235838511918352	0.0488442493724566	0.07098498591942567	0.0935375776787753
UP000000644	0.018366728940504097	0.02998622556136431	0.02998622556136431	0.02998622556136431	0.02998622556136431	0.018366728940504097	0.02998622556136431	0.018366728940504097	0.018366728940504097	0.02998622556136431	0.018366728940504097	0.018366728940504097	0.09791332210866063	0.09791332210866063	0.09791332210866063	0.11994490224545724	0.05997245112272862	0.018366728940504097	0.12789954767002495	0.08995867668409294
UP000000647	0.013037945878287396	0.027594451772805853	0.027594451772805853	0.027594451772805853	0.027594451772805853	0.013037945878287396	0.027594451772805853	0.013037945878287396	0.013037945878287396	0.027594451772805853	0.013037945878287396	0.013037945878287396	0.1168057876217736	0.1168057876217736	0.1168057876217736	0.11037780709122341	0.055188903545611706	0.013037945878287396	0.14440023939457947	0.08278335531841756
UP000000657	0.009810379086300175	0.025379503380321338	0.025379503380321338	0.025379503380321338	0.025379503380321338	0.009810379086300175	0.025379503380321338	0.009810379086300175	0.009810379086300175	0.025379503380321338	0.009810379086300175	0.009810379086300175	0.13131382307768932	0.13131382307768932	0.13131382307768932	0.10151801352128535	0.050759006760642676	0.009810379086300175	0.15669332645801068	0.07613851014096402
UP000000669	0.08348647906848755	0.022848176180718813	0.022848176180718813	0.022848176180718813	0.022848176180718813	0.08348647906848755	0.022848176180718813	0.08348647906848755	0.08348647906848755	0.022848176180718813	0.08348647906848755	0.08348647906848755	0.012505956907271546	0.012505956907271546	0.012505956907271546	0.09139270472287525	0.045696352361437625	0.08348647906848755	0.03535413308799037	0.06854452854215645
UP000000684	0.04375255754970037	0.031801102058752924	0.031801102058752924	0.031801102058752924	0.031801102058752924	0.04375255754970037	0.031801102058752924	0.04375255754970037	0.04375255754970037	0.031801102058752924	0.04375255754970037	0.04375255754970037	0.04622861605301266	0.04622861605301266	0.04622861605301266	0.1272044082350117	0.06360220411750585	0.04375255754970037	0.07802971811176557	0.09540330617625875
UP000000686	0.016688966519614268	0.0293646545691599	0.0293646545691599	0.0293646545691599	0.0293646545691599	0.016688966519614268	0.0293646545691599	0.016688966519614268	0.016688966519614268	0.0293646545691599	0.016688966519614268	0.016688966519614268	0.10333569031403546	0.10333569031403546	0.10333569031403546	0.1174586182766396	0.0587293091383198	0.016688966519614268	0.13270034488319535	0.0880939637074797
UP000000718	0.057900332036114124	0.02960165400277986	0.02960165400277986	0.02960165400277986	0.02960165400277986	0.057900332036114124	0.02960165400277986	0.057900332036114124	0.057900332036114124	0.02960165400277986	0.057900332036114124	0.057900332036114124	0.03026780292568082	0.03026780292568082	0.03026780292568082	0.11840661601111944	0.05920330800555972	0.057900332036114124	0.05986945692846068	0.0888049620083396
UP000000719	0.04998692325052666	0.03101123702686846	0.03101123702686846	0.03101123702686846	0.03101123702686846	0.04998692325052666	0.03101123702686846	0.04998692325052666	0.04998692325052666	0.03101123702686846	0.04998692325052666	0.04998692325052666	0.038477936204104536	0.038477936204104536	0.038477936204104536	0.12404494810747384	0.06202247405373692	0.04998692325052666	0.069489173230973	0.09303371108060537
UP000000723	0.057504573528226556	0.029681541697256567	0.029681541697256567	0.029681541697256567	0.029681541697256567	0.057504573528226556	0.029681541697256567	0.057504573528226556	0.057504573528226556	0.029681541697256567	0.057504573528226556	0.057504573528226556	0.03064082953657722	0.03064082953657722	0.03064082953657722	0.11872616678902627	0.059363083394513134	0.057504573528226556	0.060322371233833785	0.08904462509176972
UP000000738	0.0091767418269931	0.024847063107112197	0.024847063107112197	0.024847063107112197	0.024847063107112197	0.0091767418269931	0.024847063107112197	0.0091767418269931	0.0091767418269931	0.024847063107112197	0.0091767418269931	0.0091767418269931	0.13455244937431327	0.13455244937431327	0.13455244937431327	0.09938825242844879	0.04969412621422439	0.0091767418269931	0.15939951248142545	0.07454118932133659
UP000000739	0.026308264399545853	0.031786904477976	0.031786904477976	0.031786904477976	0.031786904477976	0.026308264399545853	0.031786904477976	0.026308264399545853	0.026308264399545853	0.031786904477976	0.026308264399545853	0.026308264399545853	0.07681291938889079	0.07681291938889079	0.07681291938889079	0.127147617911904	0.063573808955952	0.026308264399545853	0.10859982386686676	0.09536071343392798
UP000000742	0.044692265932455545	0.03170281290662354	0.03170281290662354	0.03170281290662354	0.03170281290662354	0.044692265932455545	0.03170281290662354	0.044692265932455545	0.044692265932455545	0.03170281290662354	0.044692265932455545	0.044692265932455545	0.04497728299170864	0.04497728299170864	0.04497728299170864	0.12681125162649415	0.06340562581324707	0.044692265932455545	0.07668009589833218	0.0951084387198706
UP000000746	0.031294943429693044	0.03222111449462316	0.03222111449462316	0.03222111449462316	0.03222111449462316	0.031294943429693044	0.03222111449462316	0.031294943429693044	0.031294943429693044	0.03222111449462316	0.031294943429693044	0.031294943429693044	0.06634939101954451	0.06634939101954451	0.06634939101954451	0.12888445797849263	0.06444222898924631	0.031294943429693044	0.09857050551416768	0.09666334348386948
UP000000747	0.03113498176807038	0.032213626008431355	0.032213626008431355	0.032213626008431355	0.032213626008431355	0.03113498176807038	0.032213626008431355	0.03113498176807038	0.03113498176807038	0.032213626008431355	0.03113498176807038	0.03113498176807038	0.06665927787215138	0.06665927787215138	0.06665927787215138	0.12885450403372542	0.06442725201686271	0.03113498176807038	0.09887290388058273	0.09664087802529407
