Proteome_ID	M	W	C	D	E	F	H	K	N	Q	Y	I	A	G	P	T	V	L	R	S
UP000000231	0.01840879420338395	0.015059642533232071	0.03346843673661602	0.03346843673661602	0.03346843673661602	0.04091156631598415	0.03346843673661602	0.04091156631598415	0.04091156631598415	0.03346843673661602	0.04091156631598415	0.06341433842858436	0.054758903579559676	0.054758903579559676	0.054758903579559676	0.06693687347323204	0.06693687347323204	0.08534566767661599	0.08822734031617571	0.10040531020984808
UP000000233	0.010793126192938535	0.019043502059089248	0.02983662825202778	0.02983662825202778	0.02983662825202778	0.016910255944348713	0.02983662825202778	0.016910255944348713	0.016910255944348713	0.02983662825202778	0.016910255944348713	0.023027385695758892	0.10528810307536582	0.10528810307536582	0.10528810307536582	0.05967325650405556	0.05967325650405556	0.07046638269699411	0.13512473132739358	0.08950988475608336
UP000000235	0.008295468042142942	0.018858938033576814	0.027154406075719756	0.027154406075719756	0.027154406075719756	0.011944389838041296	0.027154406075719756	0.011944389838041296	0.011944389838041296	0.027154406075719756	0.011944389838041296	0.015593311633939648	0.12346579094005902	0.12346579094005902	0.12346579094005902	0.05430881215143951	0.05430881215143951	0.06260428019358245	0.15062019701577878	0.08146321822715927
UP000000238	0.015343090767657172	0.0175546406670721	0.03289773143472927	0.03289773143472927	0.03289773143472927	0.028753244741707745	0.03289773143472927	0.028753244741707745	0.028753244741707745	0.03289773143472927	0.028753244741707745	0.04216339871575832	0.07527920714852133	0.07527920714852133	0.07527920714852133	0.06579546286945855	0.06579546286945855	0.08113855363711571	0.1081769385832506	0.09869319430418781
UP000000239	0.010674548310354786	0.019051885240534142	0.029726433550888928	0.029726433550888928	0.029726433550888928	0.016655372790006315	0.029726433550888928	0.016655372790006315	0.016655372790006315	0.029726433550888928	0.016655372790006315	0.02263619726965784	0.10611120661143483	0.10611120661143483	0.10611120661143483	0.059452867101777856	0.059452867101777856	0.07012741541213265	0.13583764016232378	0.08917930065266678
UP000000245	0.009177326784166882	0.019014592697516985	0.02819191948168387	0.02819191948168387	0.02819191948168387	0.0136067315178473	0.02819191948168387	0.0136067315178473	0.0136067315178473	0.02819191948168387	0.0136067315178473	0.01803613625152772	0.11682222479649364	0.11682222479649364	0.11682222479649364	0.05638383896336774	0.05638383896336774	0.06556116574753462	0.1450141442781775	0.0845757584450516
UP000000247	0.020892594698697878	0.010030847623892386	0.030923442322590266	0.030923442322590266	0.030923442322590266	0.06440841007250156	0.030923442322590266	0.06440841007250156	0.06440841007250156	0.030923442322590266	0.06440841007250156	0.10792422544630526	0.029693615600886583	0.029693615600886583	0.029693615600886583	0.06184688464518053	0.06184688464518053	0.0827394793438784	0.06061705792347685	0.09277032696777081
UP000000248	0.018594829948124895	0.014847619848708301	0.033442449796833196	0.033442449796833196	0.033442449796833196	0.041882582754495634	0.033442449796833196	0.041882582754495634	0.041882582754495634	0.033442449796833196	0.041882582754495634	0.06517033556086636	0.05340632668092376	0.05340632668092376	0.05340632668092376	0.06688489959366639	0.06688489959366639	0.0854797295417913	0.08684877647775695	0.10032734939049959
UP000000260	0.014089723599816539	0.018192820420374033	0.032282544020190575	0.032282544020190575	0.032282544020190575	0.02500173759941087	0.032282544020190575	0.02500173759941087	0.02500173759941087	0.032282544020190575	0.02500173759941087	0.0359137515990052	0.0833672175201214	0.0833672175201214	0.0833672175201214	0.06456508804038115	0.06456508804038115	0.07865481164019769	0.11564976154031198	0.09684763206057173
UP000000263	0.012334746377460013	0.018792275577361017	0.031127021954821036	0.031127021954821036	0.031127021954821036	0.020430943539423332	0.031127021954821036	0.020430943539423332	0.020430943539423332	0.031127021954821036	0.020430943539423332	0.02852714070138666	0.09484549687158085	0.09484549687158085	0.09484549687158085	0.06225404390964207	0.06225404390964207	0.07458879028710208	0.1259725188264019	0.09338106586446308
UP000000268	0.017766638905977405	0.015723361935769453	0.03349000084174686	0.03349000084174686	0.03349000084174686	0.03784208201444535	0.03349000084174686	0.03784208201444535	0.03784208201444535	0.03349000084174686	0.03784208201444535	0.057917525122913295	0.05927687361134452	0.05927687361134452	0.05927687361134452	0.06698000168349372	0.06698000168349372	0.08474664058947111	0.09276687445309138	0.10047000252524056
UP000000269	0.02045241595419791	0.011779381033963105	0.03223179698816101	0.03223179698816101	0.03223179698816101	0.055963731630077194	0.03223179698816101	0.055963731630077194	0.055963731630077194	0.03223179698816101	0.055963731630077194	0.09147504730595647	0.037127214602240145	0.037127214602240145	0.037127214602240145	0.06446359397632202	0.06446359397632202	0.08491600993051994	0.06935901159040116	0.09669539096448303
UP000000270	0.009190208127234702	0.019016095459145073	0.028206303586379773	0.028206303586379773	0.028206303586379773	0.013631704837395198	0.028206303586379773	0.013631704837395198	0.013631704837395198	0.028206303586379773	0.013631704837395198	0.018073201547555692	0.11672722839838809	0.11672722839838809	0.11672722839838809	0.056412607172759546	0.056412607172759546	0.06560281529999425	0.14493353198476785	0.08461891075913931
UP000000272	0.01771129175339453	0.015776202938947492	0.033487494692342024	0.033487494692342024	0.033487494692342024	0.03759502783284364	0.033487494692342024	0.03759502783284364	0.03759502783284364	0.033487494692342024	0.03759502783284364	0.05747876391229274	0.05965747948136647	0.05965747948136647	0.05965747948136647	0.06697498938468405	0.06697498938468405	0.08468628113807858	0.0931449741737085	0.10046248407702607
UP000000276	0.015639177818152408	0.017376343362248487	0.033015521180400895	0.033015521180400895	0.033015521180400895	0.02971485978005289	0.033015521180400895	0.02971485978005289	0.02971485978005289	0.033015521180400895	0.02971485978005289	0.043790541741953376	0.0733656256083171	0.0733656256083171	0.0733656256083171	0.06603104236080179	0.06603104236080179	0.0816702201789542	0.10638114678871799	0.09904656354120267
UP000000321	0.009464307619109713	0.019043029981351826	0.02850733760046154	0.02850733760046154	0.02850733760046154	0.01416802960016283	0.02850733760046154	0.01416802960016283	0.01416802960016283	0.02850733760046154	0.01416802960016283	0.018871751581215946	0.11471860519790958	0.11471860519790958	0.11471860519790958	0.05701467520092308	0.05701467520092308	0.0664789828200328	0.14322594279837114	0.08552201280138462
UP000000323	0.01522061213980009	0.01762519717384803	0.03284580931364812	0.03284580931364812	0.03284580931364812	0.028364693969078772	0.03284580931364812	0.028364693969078772	0.028364693969078772	0.03284580931364812	0.028364693969078772	0.041508775798357454	0.07606972179178932	0.07606972179178932	0.07606972179178932	0.06569161862729624	0.06569161862729624	0.08091223076709632	0.10891553110543745	0.09853742794094436
UP000000328	0.007377220097492287	0.018577584763284857	0.025954804860777145	0.025954804860777145	0.025954804860777145	0.010306738496159578	0.025954804860777145	0.010306738496159578	0.010306738496159578	0.025954804860777145	0.010306738496159578	0.01323625689482687	0.13072067281265204	0.13072067281265204	0.13072067281265204	0.05190960972155429	0.05190960972155429	0.05928682981904658	0.1566754776734292	0.07786441458233144
UP000000329	0.01085989561008112	0.019038077804738544	0.029897973414819663	0.029897973414819663	0.029897973414819663	0.0170547086511595	0.029897973414819663	0.0170547086511595	0.0170547086511595	0.029897973414819663	0.0170547086511595	0.02324952169223788	0.1048260433639821	0.1048260433639821	0.1048260433639821	0.059795946829639325	0.059795946829639325	0.07065584243972045	0.13472401677880178	0.08969392024445898
UP000000333	0.010383774461937901	0.01906560667874951	0.029449381140687413	0.029449381140687413	0.029449381140687413	0.01603912935796504	0.029449381140687413	0.01603912935796504	0.01603912935796504	0.029449381140687413	0.01603912935796504	0.02169448425399218	0.10814378140030283	0.10814378140030283	0.10814378140030283	0.05889876228137483	0.05889876228137483	0.06928253674331272	0.13759316254099022	0.08834814342206224
UP000000343	0.01243086801911753	0.01876804279139566	0.031198910810513188	0.031198910810513188	0.031198910810513188	0.020664357329977515	0.031198910810513188	0.020664357329977515	0.020664357329977515	0.031198910810513188	0.020664357329977515	0.028897846640837502	0.09420782076298097	0.09420782076298097	0.09420782076298097	0.062397821621026375	0.062397821621026375	0.0748286896401439	0.12540673157349413	0.09359673243153956
UP000000361	0.009507548443902305	0.019046409019707115	0.02855395746360942	0.02855395746360942	0.02855395746360942	0.014253507502096422	0.02855395746360942	0.014253507502096422	0.014253507502096422	0.02855395746360942	0.014253507502096422	0.01899946656029054	0.11440390889241774	0.11440390889241774	0.11440390889241774	0.05710791492721884	0.05710791492721884	0.06661546337112115	0.14295786635602714	0.08566187239082826
UP000000366	0.008613084846109427	0.018927253240755948	0.027540338086865377	0.027540338086865377	0.027540338086865377	0.012532577528044767	0.027540338086865377	0.012532577528044767	0.012532577528044767	0.027540338086865377	0.012532577528044767	0.016452070209980105	0.12103978136047135	0.12103978136047135	0.12103978136047135	0.055080676173730754	0.055080676173730754	0.06369376101984017	0.1485801194473367	0.08262101426059612
UP000000370	0.020540978764790146	0.0115326560357497	0.032073634800539846	0.032073634800539846	0.032073634800539846	0.05712681010386999	0.032073634800539846	0.05712681010386999	0.05712681010386999	0.032073634800539846	0.05712681010386999	0.09371264144294982	0.03601524564203564	0.03601524564203564	0.03601524564203564	0.06414726960107969	0.06414726960107969	0.08468824836586984	0.0680888804425755	0.09622090440161954
UP000000374	0.010210747169257302	0.01906910369484906	0.029279850864106362	0.029279850864106362	0.029279850864106362	0.015678196474840474	0.029279850864106362	0.015678196474840474	0.015678196474840474	0.029279850864106362	0.015678196474840474	0.021145645780423647	0.10936330183131387	0.10936330183131387	0.10936330183131387	0.058559701728212725	0.058559701728212725	0.06877044889747003	0.13864315269542024	0.08783955259231908
UP000000376	0.015351425846466118	0.017549771842157946	0.03290119768862406	0.03290119768862406	0.03290119768862406	0.028779878229729133	0.03290119768862406	0.028779878229729133	0.028779878229729133	0.03290119768862406	0.028779878229729133	0.042208330612992145	0.07522539190091003	0.07522539190091003	0.07522539190091003	0.06580239537724812	0.06580239537724812	0.08115382122371424	0.1081265895895341	0.09870359306587219
UP000000377	0.0077971011785799025	0.018722291424134667	0.026519392602714572	0.026519392602714572	0.026519392602714572	0.011044288470550069	0.026519392602714572	0.011044288470550069	0.011044288470550069	0.026519392602714572	0.011044288470550069	0.014291475762520232	0.12735599688331664	0.12735599688331664	0.12735599688331664	0.053038785205429144	0.053038785205429144	0.06083588638400904	0.15387538948603122	0.07955817780814371
UP000000379	0.008781195160523758	0.018957741856826492	0.027738937017350244	0.027738937017350244	0.027738937017350244	0.012848630461075629	0.027738937017350244	0.012848630461075629	0.012848630461075629	0.027738937017350244	0.012848630461075629	0.0169160657616275	0.11977130623898558	0.11977130623898558	0.11977130623898558	0.05547787403470049	0.05547787403470049	0.06425906919522426	0.14751024325633583	0.08321681105205074
UP000000417	0.008529209748881888	0.018910588107460158	0.027439797856342044	0.027439797856342044	0.027439797856342044	0.012376124425835975	0.027439797856342044	0.012376124425835975	0.012376124425835975	0.027439797856342044	0.012376124425835975	0.01622303910279006	0.12167662193587785	0.12167662193587785	0.12167662193587785	0.05487959571268409	0.05487959571268409	0.06340880546156598	0.1491164197922199	0.08231939356902614
UP000000422	0.017146545919445408	0.01628131283529061	0.03342785875473602	0.03342785875473602	0.03342785875473602	0.035204305753798605	0.03342785875473602	0.035204305753798605	0.035204305753798605	0.03342785875473602	0.035204305753798605	0.0532620655881518	0.063482106350358	0.063482106350358	0.063482106350358	0.06685571750947204	0.06685571750947204	0.08400226342891744	0.09690996510509402	0.10028357626420806
UP000000423	0.020596664899236863	0.00717867658231454	0.027775341481551405	0.027775341481551405	0.027775341481551405	0.07969148552628322	0.027775341481551405	0.07969148552628322	0.07969148552628322	0.027775341481551405	0.07969148552628322	0.13878630615332957	0.019361405784369526	0.019361405784369526	0.019361405784369526	0.05555068296310281	0.05555068296310281	0.07614734786233966	0.047136747265920924	0.08332602444465421
UP000000425	0.016123474182747913	0.017060169247399646	0.033183643430147555	0.033183643430147555	0.033183643430147555	0.03136168289872318	0.033183643430147555	0.03136168289872318	0.03136168289872318	0.033183643430147555	0.03136168289872318	0.04659989161469844	0.070222901931325	0.070222901931325	0.070222901931325	0.06636728686029511	0.06636728686029511	0.08249076104304302	0.10340654536147255	0.09955093029044265
UP000000428	0.0077593475983175255	0.018710415977597723	0.026469763575915246	0.026469763575915246	0.026469763575915246	0.01097720631528049	0.026469763575915246	0.01097720631528049	0.01097720631528049	0.026469763575915246	0.01097720631528049	0.014195065032243454	0.12765513622341831	0.12765513622341831	0.12765513622341831	0.05293952715183049	0.05293952715183049	0.06069887475014802	0.15412489979933358	0.07940929072774573
UP000000429	0.019971052935450734	0.012843023656994927	0.03281407659244566	0.03281407659244566	0.03281407659244566	0.05102627528827622	0.03281407659244566	0.05102627528827622	0.05102627528827622	0.03281407659244566	0.05102627528827622	0.0820814976411017	0.04220428069780305	0.04220428069780305	0.04220428069780305	0.06562815318489132	0.06562815318489132	0.08559920612034207	0.07501835729024871	0.098442229777337
UP000000430	0.019578406335112968	0.013519763434767011	0.03309816976987998	0.03309816976987998	0.03309816976987998	0.04793052924556813	0.03309816976987998	0.04793052924556813	0.04793052924556813	0.03309816976987998	0.04793052924556813	0.0762826521560233	0.04571152705212788	0.04571152705212788	0.04571152705212788	0.06619633953975997	0.06619633953975997	0.08577474587487295	0.07880969682200786	0.09929450930963996
UP000000431	0.019404484304034287	0.013786258353240906	0.033190742657275195	0.033190742657275195	0.033190742657275195	0.04671675435278152	0.033190742657275195	0.04671675435278152	0.04671675435278152	0.033190742657275195	0.04671675435278152	0.07402902440152877	0.04716189784172693	0.04716189784172693	0.04716189784172693	0.06638148531455039	0.06638148531455039	0.08578596961858469	0.08035264049900213	0.09957222797182558
UP000000432	0.01840858632026077	0.015059873999079534	0.0334684603193403	0.0334684603193403	0.0334684603193403	0.04091050435298828	0.0334684603193403	0.04091050435298828	0.04091050435298828	0.0334684603193403	0.04091050435298828	0.06341242238571579	0.05476040219315638	0.05476040219315638	0.05476040219315638	0.0669369206386806	0.0669369206386806	0.08534550695894139	0.08822886251249668	0.1004053809580209
UP000000439	0.012401356785046964	0.018775588455210816	0.03117694524025778	0.03117694524025778	0.03117694524025778	0.020592506185072704	0.03117694524025778	0.020592506185072704	0.020592506185072704	0.03117694524025778	0.020592506185072704	0.02878365558509845	0.09440345976135982	0.09440345976135982	0.09440345976135982	0.06235389048051556	0.06235389048051556	0.07475524726556253	0.1255804050016176	0.09353083572077332
UP000000440	0.01502926192452629	0.017731770611147897	0.03276103253567418	0.03276103253567418	0.03276103253567418	0.027767905963492514	0.03276103253567418	0.027767905963492514	0.027767905963492514	0.03276103253567418	0.027767905963492514	0.04050655000245874	0.07730401091206444	0.07730401091206444	0.07730401091206444	0.06552206507134836	0.06552206507134836	0.08055132699587465	0.11006504344773864	0.09828309760702256
UP000000442	0.01709453204056182	0.016324920150461344	0.033419452191023165	0.033419452191023165	0.033419452191023165	0.03499495807587915	0.033419452191023165	0.03499495807587915	0.03499495807587915	0.033419452191023165	0.03499495807587915	0.052895384111196486	0.06382975412208862	0.06382975412208862	0.06382975412208862	0.06683890438204633	0.06683890438204633	0.08393343642260814	0.09724920631311179	0.10025835657306949
UP000000449	0.02044111598255622	0.011809229388673065	0.03225034537122929	0.03225034537122929	0.03225034537122929	0.05582354517078841	0.03225034537122929	0.05582354517078841	0.05582354517078841	0.03225034537122929	0.05582354517078841	0.09120597435902063	0.03726330075890021	0.03726330075890021	0.03726330075890021	0.06450069074245858	0.06450069074245858	0.08494180672501479	0.06951364613012949	0.09675103611368786
UP000000467	0.01503470590386247	0.017728799534813305	0.032763505438675775	0.032763505438675775	0.032763505438675775	0.027784716482512586	0.032763505438675775	0.027784716482512586	0.027784716482512586	0.032763505438675775	0.027784716482512586	0.040534727061162706	0.077268903521528	0.077268903521528	0.077268903521528	0.06552701087735155	0.06552701087735155	0.08056171678121402	0.11003240896020378	0.09829051631602732
UP000000492	0.01364140298146487	0.018377755709857085	0.03201915869132196	0.03201915869132196	0.03201915869132196	0.02376711573119462	0.03201915869132196	0.02376711573119462	0.02376711573119462	0.03201915869132196	0.02376711573119462	0.03389282848092438	0.08627269163792023	0.08627269163792023	0.08627269163792023	0.06403831738264391	0.06403831738264391	0.07767972036410879	0.11829185032924219	0.09605747607396588
UP000000504	0.018498782595986283	0.014958320290028013	0.0334571028860143	0.0334571028860143	0.0334571028860143	0.04137601419007753	0.0334571028860143	0.04137601419007753	0.04137601419007753	0.0334571028860143	0.04137601419007753	0.06425324578416877	0.05410756717082654	0.05410756717082654	0.05410756717082654	0.0669142057720286	0.0669142057720286	0.08541298836801486	0.08756467005684083	0.10037130865804289
UP000000528	0.020756885734158566	0.007702098527099436	0.028458984261258004	0.028458984261258004	0.028458984261258004	0.07669596569593755	0.028458984261258004	0.07669596569593755	0.07669596569593755	0.028458984261258004	0.07669596569593755	0.13263504565771653	0.021120114411061663	0.021120114411061663	0.021120114411061663	0.05691796852251601	0.05691796852251601	0.07767485425667459	0.04957909867231967	0.08537695278377402
UP000000529	0.020566101676821078	0.011457919623688412	0.032024021300509485	0.032024021300509485	0.032024021300509485	0.05748070328625238	0.032024021300509485	0.05748070328625238	0.05748070328625238	0.032024021300509485	0.05748070328625238	0.09439530489568368	0.0356828598685835	0.0356828598685835	0.0356828598685835	0.06404804260101897	0.06404804260101897	0.08461414427784006	0.06770688116909299	0.09607206390152846
UP000000531	0.020909828274342665	0.009879615831500911	0.030789444105843576	0.030789444105843576	0.030789444105843576	0.06516467845469398	0.030789444105843576	0.06516467845469398	0.06516467845469398	0.030789444105843576	0.06516467845469398	0.10941952863504531	0.02909520589458473	0.02909520589458473	0.02909520589458473	0.06157888821168715	0.06157888821168715	0.0824887164860298	0.05988465000042831	0.09236833231753071
UP000000532	0.008343745534505908	0.01887024118430261	0.02721398671880852	0.02721398671880852	0.02721398671880852	0.012033051297195351	0.02721398671880852	0.012033051297195351	0.012033051297195351	0.02721398671880852	0.012033051297195351	0.015722357059884794	0.12309447617897294	0.12309447617897294	0.12309447617897294	0.05442797343761704	0.05442797343761704	0.06277171897212294	0.15030846289778144	0.08164196015642555
UP000000534	0.020718576797167296	0.010939323509792211	0.03165790030695951	0.03165790030695951	0.03165790030695951	0.05995861061789419	0.03165790030695951	0.05995861061789419	0.05995861061789419	0.03165790030695951	0.05995861061789419	0.09919864443862107	0.03343048284532068	0.03343048284532068	0.03343048284532068	0.06331580061391902	0.06331580061391902	0.08403437741108633	0.06508838315228019	0.09497370092087852
UP000000535	0.01569737939154945	0.017339983458559683	0.03303736285010914	0.03303736285010914	0.03303736285010914	0.029907757408986654	0.03303736285010914	0.029907757408986654	0.029907757408986654	0.03303736285010914	0.029907757408986654	0.04411813542642386	0.07298891248608348	0.07298891248608348	0.07298891248608348	0.06607472570021827	0.06607472570021827	0.0817721050917677	0.10602627533619262	0.0991120885503274
UP000000537	0.020085576614534518	0.01261987925857442	0.03270545587310894	0.03270545587310894	0.03270545587310894	0.05205342509170836	0.03270545587310894	0.05205342509170836	0.05205342509170836	0.03270545587310894	0.05205342509170836	0.0840212735688822	0.0410980388700017	0.0410980388700017	0.0410980388700017	0.06541091174621788	0.06541091174621788	0.08549648836075238	0.07380349474311064	0.09811636761932681
UP000000545	0.011714300155625792	0.018924699739423803	0.030638999895049597	0.030638999895049597	0.030638999895049597	0.01896539687185155	0.030638999895049597	0.01896539687185155	0.01896539687185155	0.030638999895049597	0.01896539687185155	0.026216493588077313	0.09899590511202427	0.09899590511202427	0.09899590511202427	0.061277999790099194	0.061277999790099194	0.07299229994572498	0.12963490500707386	0.09191699968514878
UP000000546	0.0186870389630624	0.014738737172382266	0.03342577613544467	0.03342577613544467	0.03342577613544467	0.04238007460938359	0.03342577613544467	0.04238007460938359	0.04238007460938359	0.03342577613544467	0.04238007460938359	0.0660731102557048	0.05272678354414595	0.05272678354414595	0.05272678354414595	0.06685155227088933	0.06685155227088933	0.08553859123395173	0.08615255967959062	0.10027732840633402
UP000000549	0.020897596037787722	0.008445352691098286	0.029342948728886008	0.029342948728886008	0.029342948728886008	0.07260763540877448	0.029342948728886008	0.07260763540877448	0.07260763540877448	0.029342948728886008	0.07260763540877448	0.12431767477976123	0.023716751971294255	0.023716751971294255	0.023716751971294255	0.058685897457772015	0.058685897457772015	0.07958349349555975	0.05305970070018026	0.08802884618665803
UP000000555	0.020305400757381825	0.012144690795872517	0.032450091553254345	0.032450091553254345	0.032450091553254345	0.05425515763863643	0.032450091553254345	0.05425515763863643	0.05425515763863643	0.032450091553254345	0.05425515763863643	0.08820491451989103	0.03881689732902797	0.03881689732902797	0.03881689732902797	0.06490018310650869	0.06490018310650869	0.0852055838638905	0.0712669888822823	0.09735027465976304
UP000000556	0.011779910992289849	0.018912669321014812	0.030692580313304664	0.030692580313304664	0.030692580313304664	0.019117125038118955	0.030692580313304664	0.019117125038118955	0.019117125038118955	0.030692580313304664	0.019117125038118955	0.026454339083948068	0.09855399118960295	0.09855399118960295	0.09855399118960295	0.06138516062660933	0.06138516062660933	0.07316507161889917	0.1292465715029076	0.09207774093991397
UP000000557	0.011561321424072287	0.01895092489552771	0.030512246319599996	0.030512246319599996	0.030512246319599996	0.01861449449122199	0.030512246319599996	0.01861449449122199	0.01861449449122199	0.030512246319599996	0.01861449449122199	0.025667667558371694	0.10002927298476705	0.10002927298476705	0.10002927298476705	0.06102449263919999	0.06102449263919999	0.07258581406327229	0.13054151930436703	0.09153673895879998
UP000000558	0.016405695380520783	0.0168610881220771	0.03326678350259789	0.03326678350259789	0.03326678350259789	0.032368297495507244	0.03326678350259789	0.032368297495507244	0.032368297495507244	0.03326678350259789	0.032368297495507244	0.0483308996104937	0.0683804197463476	0.0683804197463476	0.0683804197463476	0.06653356700519578	0.06653356700519578	0.08293926238571656	0.1016472032489455	0.09980035050779365
UP000000562	0.020137584145818392	0.0061866348401385975	0.02632421898595699	0.02632421898595699	0.02632421898595699	0.08568570613920107	0.02632421898595699	0.08568570613920107	0.08568570613920107	0.02632421898595699	0.08568570613920107	0.15123382813258376	0.016174564847370464	0.016174564847370464	0.016174564847370464	0.05264843797191398	0.05264843797191398	0.07278602211773237	0.04249878383332745	0.07897265695787097
UP000000566	0.018275173755841475	0.015206036481013449	0.03348121023685493	0.03348121023685493	0.03348121023685493	0.04023894953812462	0.03348121023685493	0.04023894953812462	0.04023894953812462	0.03348121023685493	0.04023894953812462	0.062202725320407756	0.05571673474539336	0.05571673474539336	0.05571673474539336	0.06696242047370986	0.06696242047370986	0.08523759422955134	0.08919794498224828	0.10044363071056478
UP000000577	0.01215796720383202	0.018834245531246376	0.030992212735078396	0.030992212735078396	0.030992212735078396	0.020006233081232054	0.030992212735078396	0.020006233081232054	0.020006233081232054	0.030992212735078396	0.020006233081232054	0.027854498958632082	0.09602179943783834	0.09602179943783834	0.09602179943783834	0.06198442547015679	0.06198442547015679	0.07414239267398881	0.12701401217291672	0.09297663820523518
UP000000579	0.02013898785713653	0.012510654436815693	0.03264964229395222	0.03264964229395222	0.03264964229395222	0.05255766219253952	0.03264964229395222	0.05255766219253952	0.05255766219253952	0.03264964229395222	0.05255766219253952	0.08497633652794251	0.04056493753538187	0.04056493753538187	0.04056493753538187	0.06529928458790445	0.06529928458790445	0.08543827244504097	0.0732145798293341	0.09794892688185666
UP000000580	0.008311403250831085	0.018862705830566876	0.02717410908139796	0.02717410908139796	0.02717410908139796	0.011973625660406217	0.02717410908139796	0.011973625660406217	0.011973625660406217	0.02717410908139796	0.011973625660406217	0.015635848069981348	0.12334312518379885	0.12334312518379885	0.12334312518379885	0.05434821816279592	0.05434821816279592	0.062659621413627	0.1505172342651968	0.08152232724419388
UP000000582	0.01503210636214944	0.017730218689066095	0.03276232505121554	0.03276232505121554	0.03276232505121554	0.0277766881208799	0.03276232505121554	0.0277766881208799	0.0277766881208799	0.03276232505121554	0.0277766881208799	0.04052126987961036	0.07728566761381798	0.07728566761381798	0.07728566761381798	0.06552465010243108	0.06552465010243108	0.08055675646458053	0.11004799266503353	0.09828697515364662
UP000000584	0.017728158758635367	0.015760166885838332	0.033488325644473696	0.033488325644473696	0.033488325644473696	0.03767005501189081	0.033488325644473696	0.03767005501189081	0.03767005501189081	0.033488325644473696	0.03767005501189081	0.057611951265146254	0.059541614904268965	0.059541614904268965	0.059541614904268965	0.06697665128894739	0.06697665128894739	0.08470481004758276	0.09302994054874268	0.1004649769334211
UP000000585	0.019906634523990236	0.012962667816367816	0.03286930234035805	0.03286930234035805	0.03286930234035805	0.05047704670190234	0.03286930234035805	0.05047704670190234	0.05047704670190234	0.03286930234035805	0.05047704670190234	0.08104745887981445	0.04280722058571427	0.04280722058571427	0.04280722058571427	0.0657386046807161	0.0657386046807161	0.08564523920470633	0.07567652292607233	0.09860790702107416
UP000000586	0.01980911475351698	0.013136737098608272	0.03294585185212526	0.03294585185212526	0.03294585185212526	0.04967962402629338	0.03294585185212526	0.04967962402629338	0.04967962402629338	0.03294585185212526	0.04967962402629338	0.07955013329906979	0.04369715655205893	0.04369715655205893	0.04369715655205893	0.06589170370425051	0.06589170370425051	0.08570081845776749	0.07664300840418417	0.09883755555637576
UP000000588	0.017108980388855444	0.01631285350197695	0.03342183389083239	0.03342183389083239	0.03342183389083239	0.03505294156712299	0.03342183389083239	0.03505294156712299	0.03505294156712299	0.03342183389083239	0.03505294156712299	0.052996902745390546	0.06373325208598596	0.06373325208598596	0.06373325208598596	0.06684366778166478	0.06684366778166478	0.08395264817052023	0.09715508597681836	0.10026550167249718
UP000000593	0.019244355551109413	0.014017528315400854	0.033261883866510265	0.033261883866510265	0.033261883866510265	0.04566450696757724	0.033261883866510265	0.04566450696757724	0.04566450696757724	0.033261883866510265	0.04566450696757724	0.07208465838404506	0.04845570408259307	0.04845570408259307	0.04845570408259307	0.06652376773302053	0.06652376773302053	0.08576812328412994	0.08171758794910333	0.0997856515995308
UP000000594	0.020624272755565665	0.011274916321521906	0.03189918907708757	0.03189918907708757	0.03189918907708757	0.05835055067782631	0.03189918907708757	0.05835055067782631	0.05835055067782631	0.03189918907708757	0.05835055067782631	0.09607682860008694	0.034877417674910254	0.034877417674910254	0.034877417674910254	0.06379837815417513	0.06379837815417513	0.0844226509097408	0.06677660675199783	0.09569756723126271
UP000000601	0.020740875760811035	0.007640969905322413	0.028381845666133446	0.028381845666133446	0.028381845666133446	0.07704052523669087	0.028381845666133446	0.07704052523669087	0.07704052523669087	0.028381845666133446	0.07704052523669087	0.13334017471257073	0.020911829480429894	0.020911829480429894	0.020911829480429894	0.05676369133226689	0.05676369133226689	0.07750456709307793	0.04929367514656334	0.08514553699840034
UP000000602	0.01788644824873584	0.015606763380600614	0.03349321162933645	0.03349321162933645	0.03349321162933645	0.03838557565604797	0.03349321162933645	0.03838557565604797	0.03838557565604797	0.03349321162933645	0.03838557565604797	0.0588847030633601	0.05844878999858222	0.05844878999858222	0.05844878999858222	0.0669864232586729	0.0669864232586729	0.08487287150740874	0.09194200162791866	0.10047963488800936
UP000000605	0.009046961667589485	0.018998169738218714	0.028045131405808197	0.028045131405808197	0.028045131405808197	0.013355140641808275	0.028045131405808197	0.013355140641808275	0.013355140641808275	0.028045131405808197	0.013355140641808275	0.017663319616027063	0.11778676341405478	0.11778676341405478	0.11778676341405478	0.056090262811616394	0.056090262811616394	0.06513722447920589	0.14583189481986297	0.08413539421742461
UP000000606	0.01803886331795978	0.015453874540130882	0.03349273785809066	0.03349273785809066	0.03349273785809066	0.03909510969546395	0.03349273785809066	0.03909510969546395	0.03909510969546395	0.03349273785809066	0.03909510969546395	0.06015135607296813	0.057386384024441454	0.057386384024441454	0.057386384024441454	0.06698547571618133	0.06698547571618133	0.0850243390341411	0.09087912188253212	0.10047821357427199
UP000000609	0.02007083586311948	0.01264941492898765	0.03272025079210713	0.03272025079210713	0.03272025079210713	0.05191724571731208	0.03272025079210713	0.05191724571731208	0.05191724571731208	0.03272025079210713	0.05191724571731208	0.08376365557150467	0.04124312825560334	0.04124312825560334	0.04124312825560334	0.06544050158421426	0.06544050158421426	0.08551133744733373	0.07396337904771047	0.0981607523763214
UP000000625	0.016386958894343277	0.016874658260405375	0.03326161715474865	0.03326161715474865	0.03326161715474865	0.03230031356268519	0.03326161715474865	0.03230031356268519	0.03230031356268519	0.03326161715474865	0.03230031356268519	0.0482136682310271	0.06850306103697762	0.06850306103697762	0.06850306103697762	0.0665232343094973	0.0665232343094973	0.08291019320384058	0.10176467819172627	0.09978485146424595
UP000000628	0.013230834122795852	0.01852784146414805	0.031758675586943896	0.031758675586943896	0.031758675586943896	0.022679045989443994	0.031758675586943896	0.022679045989443994	0.022679045989443994	0.031758675586943896	0.022679045989443994	0.032127257856092134	0.08894672866805842	0.08894672866805842	0.08894672866805842	0.06351735117388779	0.06351735117388779	0.07674818529668366	0.12070540425500233	0.09527602676083172
UP000000636	0.012430727372029235	0.018768078975247387	0.031198806347276623	0.031198806347276623	0.031198806347276623	0.020664014497552962	0.031198806347276623	0.020664014497552962	0.020664014497552962	0.031198806347276623	0.020664014497552962	0.028897301623076688	0.09420875286456408	0.09420875286456408	0.09420875286456408	0.062397612694553246	0.062397612694553246	0.07482834006658248	0.1254075592118407	0.09359641904182986
UP000000639	0.01962543213017961	0.013444631695351296	0.033070063825530904	0.033070063825530904	0.033070063825530904	0.04827311806340311	0.033070063825530904	0.04827311806340311	0.04827311806340311	0.033070063825530904	0.04827311806340311	0.07692080399662661	0.045310067602771724	0.045310067602771724	0.045310067602771724	0.06614012765106181	0.06614012765106181	0.08576555978124144	0.07838013142830264	0.09921019147659273
UP000000640	0.0073807406175479566	0.018578915738274505	0.025959656355822463	0.025959656355822463	0.025959656355822463	0.01031284563545798	0.025959656355822463	0.01031284563545798	0.01031284563545798	0.025959656355822463	0.01031284563545798	0.013244950653368006	0.13069210612352317	0.13069210612352317	0.13069210612352317	0.051919312711644926	0.051919312711644926	0.05930005332919289	0.15665176247934562	0.0778789690674674
UP000000643	0.020008265375388083	0.012772057446632061	0.03278032282202014	0.03278032282202014	0.03278032282202014	0.05135252490481255	0.03278032282202014	0.05135252490481255	0.05135252490481255	0.03278032282202014	0.05135252490481255	0.08269678443423703	0.04184992135470061	0.04184992135470061	0.04184992135470061	0.06556064564404028	0.06556064564404028	0.08556891101942839	0.07463024417672075	0.09834096846606044
UP000000644	0.011603295019633343	0.01894398413788705	0.030547279157520396	0.030547279157520396	0.030547279157520396	0.01871037737003405	0.030547279157520396	0.01871037737003405	0.01871037737003405	0.030547279157520396	0.01871037737003405	0.025817459720434754	0.09974531731486735	0.09974531731486735	0.09974531731486735	0.06109455831504079	0.06109455831504079	0.07269785333467413	0.13029259647238775	0.09164183747256119
UP000000647	0.008971354922146598	0.01898762451132501	0.027958979433471608	0.027958979433471608	0.027958979433471608	0.013210179483434883	0.027958979433471608	0.013210179483434883	0.013210179483434883	0.027958979433471608	0.013210179483434883	0.017449004044723174	0.11834881304096122	0.11834881304096122	0.11834881304096122	0.055917958866943215	0.055917958866943215	0.06488931378908981	0.14630779247443282	0.08387693830041483
UP000000657	0.007145501636474822	0.01848545110659912	0.025630952743073938	0.025630952743073938	0.025630952743073938	0.009907576164298333	0.025630952743073938	0.009907576164298333	0.009907576164298333	0.025630952743073938	0.009907576164298333	0.012669650692121845	0.13261482478125672	0.13261482478125672	0.13261482478125672	0.051261905486147875	0.051261905486147875	0.058407407122622705	0.15824577752433067	0.07689285822922182
UP000000669	0.019572846082274668	0.005356601938848603	0.02492944802112327	0.02492944802112327	0.02492944802112327	0.09109137744485732	0.02492944802112327	0.09109137744485732	0.09109137744485732	0.02492944802112327	0.09109137744485732	0.16260990880743997	0.01364514174822094	0.01364514174822094	0.01364514174822094	0.04985889604224654	0.04985889604224654	0.0694317421245212	0.03857458976934422	0.07478834406336982
UP000000684	0.01925838317989566	0.013997760206240257	0.033256143386135924	0.033256143386135924	0.033256143386135924	0.0457544309217584	0.033256143386135924	0.0457544309217584	0.0457544309217584	0.033256143386135924	0.0457544309217584	0.07225047866362112	0.04834378007281872	0.04834378007281872	0.04834378007281872	0.06651228677227185	0.06651228677227185	0.08577066995216749	0.08159992345895463	0.09976843015840775
UP000000686	0.010821803505511686	0.019041234301788213	0.029863037807299903	0.029863037807299903	0.029863037807299903	0.01697221525171381	0.029863037807299903	0.01697221525171381	0.01697221525171381	0.029863037807299903	0.01697221525171381	0.023122626997915927	0.1050895258932297	0.1050895258932297	0.1050895258932297	0.059726075614599805	0.059726075614599805	0.07054787912011148	0.13495256370052958	0.08958911342189971
UP000000718	0.020791329984212084	0.010629606684576347	0.03142093666878843	0.03142093666878843	0.03142093666878843	0.06145881800516	0.03142093666878843	0.06145881800516	0.06145881800516	0.03142093666878843	0.06145881800516	0.10212630602610794	0.03212802631710629	0.03212802631710629	0.03212802631710629	0.06284187333757686	0.06284187333757686	0.08363320332178896	0.06354896298589473	0.0942628100063653
UP000000719	0.02014516174129542	0.012497796325108532	0.03264295806640395	0.03264295806640395	0.03264295806640395	0.052617089673712605	0.03264295806640395	0.052617089673712605	0.052617089673712605	0.03264295806640395	0.052617089673712605	0.08508901760612977	0.0405025332238153	0.0405025332238153	0.0405025332238153	0.0652859161328079	0.0652859161328079	0.08543107787410333	0.07314549129021926	0.09792887419921184
UP000000723	0.020771232327963747	0.010721272424413947	0.03149250475237769	0.03149250475237769	0.03149250475237769	0.06101310617866298	0.03149250475237769	0.06101310617866298	0.06101310617866298	0.03149250475237769	0.06101310617866298	0.10125498002936222	0.03251032172249472	0.03251032172249472	0.03251032172249472	0.06298500950475538	0.06298500950475538	0.08375624183271914	0.0640028264748724	0.09447751425713309
UP000000738	0.006763702615653355	0.01831348738988613	0.025077190005539488	0.025077190005539488	0.025077190005539488	0.009261734372196939	0.025077190005539488	0.009261734372196939	0.009261734372196939	0.025077190005539488	0.009261734372196939	0.011759766128740523	0.13579863841954665	0.13579863841954665	0.13579863841954665	0.050154380011078976	0.050154380011078976	0.05691808262673233	0.16087582842508613	0.07523157001661847
UP000000739	0.014783556735823438	0.017862200967330644	0.03264575770315409	0.03264575770315409	0.03264575770315409	0.02701908975670018	0.03264575770315409	0.02701908975670018	0.02701908975670018	0.03264575770315409	0.02701908975670018	0.03925462277757693	0.0788883345523334	0.0788883345523334	0.0788883345523334	0.06529151540630818	0.06529151540630818	0.08007507214213161	0.11153409225548747	0.09793727310946225
UP000000742	0.019414289206120462	0.013771679855009331	0.03318596906112979	0.03318596906112979	0.03318596906112979	0.04678310908482146	0.03318596906112979	0.04678310908482146	0.04678310908482146	0.03318596906112979	0.04678310908482146	0.07415192896352245	0.047081460128248626	0.047081460128248626	0.047081460128248626	0.06637193812225958	0.06637193812225958	0.08578622732838004	0.08026742918937842	0.09955790718338936
UP000000746	0.016388515874906456	0.016873532543320836	0.03326204841822729	0.03326204841822729	0.03326204841822729	0.03230595651115165	0.03326204841822729	0.03230595651115165	0.03230595651115165	0.03326204841822729	0.03230595651115165	0.04822339714739685	0.06849287156036332	0.06849287156036332	0.06849287156036332	0.06652409683645458	0.06652409683645458	0.08291261271136105	0.10175491997859061	0.09978614525468188
UP000000747	0.01634134796428111	0.016907479686878835	0.03324882765115994	0.03324882765115994	0.03324882765115994	0.032135520616574896	0.03324882765115994	0.032135520616574896	0.032135520616574896	0.03324882765115994	0.032135520616574896	0.04792969326886867	0.0688014084704979	0.0688014084704979	0.0688014084704979	0.06649765530231988	0.06649765530231988	0.08283900326660099	0.10205023612165784	0.09974648295347983
