Proteome_ID	M	W	C	D	E	F	H	K	N	Q	Y	I	A	G	P	T	V	L	R	S
UP000008323	0.06336256201385258	0.028409830538872596	0.028409830538872596	0.028409830538872596	0.028409830538872596	0.06336256201385258	0.028409830538872596	0.06629415704948653	0.06336256201385258	0.028409830538872596	0.06336256201385258	0.06336256201385258	0.02547619432026762	0.02547619432026762	0.02547619432026762	0.05681966107774519	0.05681966107774519	0.12018222309159776	0.02840778935590157	0.10777613208422247
UP000002535	0.051073321503512584	0.030842645860086424	0.030842645860086424	0.030842645860086424	0.030842645860086424	0.051073321503512584	0.030842645860086424	0.05494423472619898	0.051073321503512584	0.030842645860086424	0.051073321503512584	0.051073321503512584	0.03725110392850727	0.03725110392850727	0.03725110392850727	0.06168529172017285	0.06168529172017285	0.11275861322368544	0.04112201715119366	0.11562875699497292
UP000001961	0.025568610696846066	0.031683424801698584	0.031683424801698584	0.031683424801698584	0.031683424801698584	0.025568610696846066	0.031683424801698584	0.03141317382561265	0.025568610696846066	0.031683424801698584	0.025568610696846066	0.025568610696846066	0.07852123207372504	0.07852123207372504	0.07852123207372504	0.06336684960339717	0.06336684960339717	0.08893546030024324	0.08436579520249163	0.11504457294926117
UP000000815	0.03376573114124946	0.03228903377086022	0.03228903377086022	0.03228903377086022	0.03228903377086022	0.03376573114124946	0.03228903377086022	0.03902692969996548	0.03376573114124946	0.03228903377086022	0.03376573114124946	0.03376573114124946	0.0617538354193726	0.0617538354193726	0.0617538354193726	0.06457806754172044	0.06457806754172044	0.0983437986829699	0.06701503397808864	0.11863373796600883
UP000000425	0.027523147216930895	0.031933423960752806	0.031933423960752806	0.031933423960752806	0.031933423960752806	0.027523147216930895	0.031933423960752806	0.033240169157812284	0.027523147216930895	0.031933423960752806	0.027523147216930895	0.027523147216930895	0.07410079652735972	0.07410079652735972	0.07410079652735972	0.06386684792150561	0.06386684792150561	0.09138999513843651	0.0798178184682411	0.11629965196124843
UP000010481	0.03763757857763164	0.03223209107488911	0.03223209107488911	0.03223209107488911	0.03223209107488911	0.03763757857763164	0.03223209107488911	0.04259398622550276	0.03763757857763164	0.03223209107488911	0.03763757857763164	0.03763757857763164	0.05520587318958817	0.05520587318958817	0.05520587318958817	0.06446418214977823	0.06446418214977823	0.10210176072740987	0.06016228083745928	0.11901554900381422
UP000002194	0.017699505325220948	0.029751492838646046	0.029751492838646046	0.029751492838646046	0.029751492838646046	0.017699505325220948	0.029751492838646046	0.02391750817995002	0.017699505325220948	0.029751492838646046	0.017699505325220948	0.017699505325220948	0.10001989432627914	0.10001989432627914	0.10001989432627914	0.05950298567729209	0.05950298567729209	0.07720249100251304	0.10623789718100822	0.10656996564512605
UP000010378	0.05556428915524444	0.030059655644510647	0.030059655644510647	0.030059655644510647	0.030059655644510647	0.05556428915524444	0.030059655644510647	0.05908193015928729	0.05556428915524444	0.030059655644510647	0.05556428915524444	0.05556428915524444	0.032523871400279625	0.032523871400279625	0.032523871400279625	0.060119311289021295	0.060119311289021295	0.11568360044426573	0.03604151240432248	0.11320334056995689
UP000001168	0.03788920755946383	0.03222213211621556	0.03222213211621556	0.03222213211621556	0.03222213211621556	0.03788920755946383	0.03222213211621556	0.04282547893828145	0.03788920755946383	0.03222213211621556	0.03788920755946383	0.03788920755946383	0.054805358306076045	0.054805358306076045	0.054805358306076045	0.06444426423243112	0.06444426423243112	0.10233347179189495	0.05974162968489367	0.11901598570722698
UP000000430	0.04262086506639269	0.03190882969130132	0.03190882969130132	0.03190882969130132	0.03190882969130132	0.04262086506639269	0.03190882969130132	0.047174635728223925	0.04262086506639269	0.03190882969130132	0.04262086506639269	0.04262086506639269	0.047778167368607474	0.047778167368607474	0.047778167368607474	0.06381765938260264	0.06381765938260264	0.10643852444899533	0.052331938030438716	0.1185277774415428
UP000001054	0.02000258093959297	0.030498265815483747	0.030498265815483747	0.030498265815483747	0.030498265815483747	0.02000258093959297	0.030498265815483747	0.02614204379033814	0.02000258093959297	0.030498265815483747	0.02000258093959297	0.02000258093959297	0.09300242009377734	0.09300242009377734	0.09300242009377734	0.06099653163096749	0.06099653163096749	0.08099911257056046	0.09914188294452252	0.10971413756044465
UP000008561	0.021718820143099324	0.030948208550747192	0.030948208550747192	0.030948208550747192	0.030948208550747192	0.021718820143099324	0.030948208550747192	0.02778075070480606	0.021718820143099324	0.030948208550747192	0.021718820143099324	0.021718820143099324	0.08819923054658739	0.08819923054658739	0.08819923054658739	0.061896417101494385	0.061896417101494385	0.08361523724459372	0.09426116110829413	0.1116689730795753
UP000008898	0.041034329884706164	0.03203938812816172	0.03203938812816172	0.03203938812816172	0.03203938812816172	0.041034329884706164	0.03203938812816172	0.04571691809627184	0.041034329884706164	0.03203938812816172	0.041034329884706164	0.041034329884706164	0.05003237018911735	0.05003237018911735	0.05003237018911735	0.06407877625632344	0.06407877625632344	0.1051131061410296	0.05471495840068304	0.1187923760895155
UP000008204	0.040230986185549024	0.03209597838767469	0.03209597838767469	0.03209597838767469	0.03209597838767469	0.040230986185549024	0.03209597838767469	0.04497864765473344	0.040230986185549024	0.03209597838767469	0.040230986185549024	0.040230986185549024	0.05121186062459046	0.05121186062459046	0.05121186062459046	0.06419195677534938	0.06419195677534938	0.10442294296089841	0.055959522093774874	0.11888859061232993
UP000001946	0.03340038095813893	0.0322844407344406	0.0322844407344406	0.0322844407344406	0.0322844407344406	0.03340038095813893	0.0322844407344406	0.038689705983706975	0.03340038095813893	0.0322844407344406	0.03340038095813893	0.03340038095813893	0.06241157038549443	0.06241157038549443	0.06241157038549443	0.0645688814688812	0.0645688814688812	0.09796926242702016	0.06770089541106249	0.11855911288662632
UP000017700	0.03510425206194757	0.03229062958233637	0.03229062958233637	0.03229062958233637	0.03229062958233637	0.03510425206194757	0.03229062958233637	0.04026134378456551	0.03510425206194757	0.03229062958233637	0.03510425206194757	0.03510425206194757	0.05940504056224628	0.05940504056224628	0.05940504056224628	0.06458125916467274	0.06458125916467274	0.09968551122662031	0.06456213228486421	0.11884833488410958
UP000002084	0.027817524537774335	0.031964725345849154	0.031964725345849154	0.031964725345849154	0.031964725345849154	0.027817524537774335	0.031964725345849154	0.03351455371965007	0.027817524537774335	0.031964725345849154	0.027817524537774335	0.027817524537774335	0.07346043067549825	0.07346043067549825	0.07346043067549825	0.06392945069169831	0.06392945069169831	0.09174697522947264	0.07915745985737399	0.11646484301964515
UP000065734	0.017030890211582748	0.029499934830777255	0.029499934830777255	0.029499934830777255	0.029499934830777255	0.017030890211582748	0.029499934830777255	0.023265081232465956	0.017030890211582748	0.029499934830777255	0.017030890211582748	0.017030890211582748	0.1021962028066212	0.1021962028066212	0.1021962028066212	0.05899986966155451	0.05899986966155451	0.07603075987313726	0.10843039382750441	0.1055313572813426
UP000001191	0.039253775200364584	0.03215581280069216	0.03215581280069216	0.03215581280069216	0.03215581280069216	0.039253775200364584	0.03215581280069216	0.044080374007879786	0.039253775200364584	0.03215581280069216	0.039253775200364584	0.039253775200364584	0.05268264219659333	0.05268264219659333	0.05268264219659333	0.06431162560138431	0.06431162560138431	0.1035654008017489	0.057509241004108536	0.11897005358773823
UP000002186	0.011120508553015976	0.026369780628806957	0.026369780628806957	0.026369780628806957	0.026369780628806957	0.011120508553015976	0.026369780628806957	0.01730313473512741	0.011120508553015976	0.026369780628806957	0.011120508553015976	0.011120508553015976	0.1250599875169942	0.1250599875169942	0.1250599875169942	0.052739561257613914	0.052739561257613914	0.06386006981062989	0.13124261369910564	0.09311387015100495
UP000254519	0.04104054066279406	0.03203892519517499	0.03203892519517499	0.03203892519517499	0.03203892519517499	0.04104054066279406	0.03203892519517499	0.04572262527489299	0.04104054066279406	0.03203892519517499	0.04104054066279406	0.04104054066279406	0.05002335305941043	0.05002335305941043	0.05002335305941043	0.06407785039034998	0.06407785039034998	0.10511839105314405	0.054705437671509365	0.1187915315565021
UP000001688	0.031291095907477195	0.03222093896640333	0.03222093896640333	0.03222093896640333	0.03222093896640333	0.031291095907477195	0.03222093896640333	0.03673987376476718	0.031291095907477195	0.03222093896640333	0.031291095907477195	0.031291095907477195	0.06635682629630156	0.06635682629630156	0.06635682629630156	0.06444187793280666	0.06444187793280666	0.09573297384028384	0.07180560415359154	0.11798620015103334
UP000001430	0.057627574608503325	0.029656811139866603	0.029656811139866603	0.029656811139866603	0.029656811139866603	0.057627574608503325	0.029656811139866603	0.06098642831200261	0.057627574608503325	0.029656811139866603	0.057627574608503325	0.057627574608503325	0.030524499875652793	0.030524499875652793	0.030524499875652793	0.059313622279733205	0.059313622279733205	0.11694119688823652	0.03388335357915207	0.11190953715246785
UP000029482	0.010220226672729472	0.025704485758220205	0.025704485758220205	0.025704485758220205	0.025704485758220205	0.010220226672729472	0.025704485758220205	0.016350830959537203	0.010220226672729472	0.025704485758220205	0.010220226672729472	0.010220226672729472	0.1292966602898426	0.1292966602898426	0.1292966602898426	0.05140897151644041	0.05140897151644041	0.061629198189169884	0.13542726457665036	0.09055673445926536
UP000889800	0.02431241935477928	0.03148130015026663	0.03148130015026663	0.03148130015026663	0.03148130015026663	0.02431241935477928	0.03148130015026663	0.030233469656635967	0.02431241935477928	0.03148130015026663	0.02431241935477928	0.02431241935477928	0.08152806552806972	0.08152806552806972	0.08152806552806972	0.06296260030053326	0.06296260030053326	0.08727501965531255	0.08744911582992643	0.11408309999735315
UP000002384	0.04290258555370199	0.03188312280766769	0.03188312280766769	0.03188312280766769	0.03188312280766769	0.04290258555370199	0.03188312280766769	0.047433458016913184	0.04290258555370199	0.03188312280766769	0.04290258555370199	0.04290258555370199	0.04738798405035076	0.04738798405035076	0.04738798405035076	0.06376624561533538	0.06376624561533538	0.10666883116903736	0.05191885651356196	0.11847074630424835
UP000002417	0.013513497184879103	0.02786299340918415	0.02786299340918415	0.02786299340918415	0.02786299340918415	0.013513497184879103	0.02786299340918415	0.019767824949058235	0.013513497184879103	0.02786299340918415	0.013513497184879103	0.013513497184879103	0.11489940628972498	0.11489940628972498	0.11489940628972498	0.0557259868183683	0.0557259868183683	0.0692394840032474	0.12115373405390412	0.09894331810837834
UP000000817	0.0486097189501664	0.031212445677351507	0.031212445677351507	0.031212445677351507	0.031212445677351507	0.0486097189501664	0.031212445677351507	0.05267799902294946	0.0486097189501664	0.031212445677351507	0.0486097189501664	0.0486097189501664	0.040083209127802784	0.040083209127802784	0.040083209127802784	0.06242489135470301	0.06242489135470301	0.11103461030486941	0.04415148920058584	0.11671322256383991
UP000001566	0.019396785633349536	0.03031868093171406	0.03031868093171406	0.03031868093171406	0.03031868093171406	0.019396785633349536	0.03031868093171406	0.02556000791238335	0.019396785633349536	0.03031868093171406	0.019396785633349536	0.019396785633349536	0.09478090141478207	0.09478090141478207	0.09478090141478207	0.06063736186342812	0.06063736186342812	0.08003414749677766	0.10094412369381589	0.1089482791687886
UP000000562	0.07685294800579655	0.024857009485455394	0.024857009485455394	0.024857009485455394	0.024857009485455394	0.07685294800579655	0.024857009485455394	0.07887789205847419	0.07685294800579655	0.024857009485455394	0.07685294800579655	0.07685294800579655	0.01607930304803447	0.01607930304803447	0.01607930304803447	0.04971401897091079	0.04971401897091079	0.12656696697670736	0.018104247100712113	0.0953781498364663
UP000000585	0.04400560583281538	0.03177541024107388	0.03177541024107388	0.03177541024107388	0.03177541024107388	0.04400560583281538	0.03177541024107388	0.04844680913279081	0.04400560583281538	0.03177541024107388	0.04400560583281538	0.04400560583281538	0.04588854882827757	0.04588854882827757	0.04588854882827757	0.06355082048214776	0.06355082048214776	0.10755642631496315	0.050329752128253	0.11821923436434466
UP000001020	0.01541981213946341	0.028820416648766983	0.028820416648766983	0.028820416648766983	0.028820416648766983	0.01541981213946341	0.028820416648766983	0.021678191587005964	0.01541981213946341	0.028820416648766983	0.01541981213946341	0.01541981213946341	0.1077336621608711	0.1077336621608711	0.1077336621608711	0.057640833297533965	0.057640833297533965	0.07306064543699736	0.11399204160841367	0.1027649076999828
UP000000594	0.05175755904377541	0.030732140284341694	0.030732140284341694	0.030732140284341694	0.030732140284341694	0.05175755904377541	0.030732140284341694	0.055574053523890984	0.05175755904377541	0.030732140284341694	0.05175755904377541	0.05175755904377541	0.03649571053602626	0.03649571053602626	0.03649571053602626	0.06146428056868339	0.06146428056868339	0.1132218396124588	0.04031220501614185	0.11529557217713564
UP000000586	0.0438667480773418	0.031789579867039994	0.031789579867039994	0.031789579867039994	0.031789579867039994	0.0438667480773418	0.031789579867039994	0.0483192392109578	0.0438667480773418	0.031789579867039994	0.0438667480773418	0.0438667480773418	0.046074871396491836	0.046074871396491836	0.046074871396491836	0.06357915973407999	0.06357915973407999	0.10744590781142177	0.05052736253010785	0.11825333720092794
UP000037395	0.009921152691087001	0.02546878578337009	0.02546878578337009	0.02546878578337009	0.02546878578337009	0.009921152691087001	0.02546878578337009	0.016030789848244614	0.009921152691087001	0.02546878578337009	0.009921152691087001	0.009921152691087001	0.13076283965711746	0.13076283965711746	0.13076283965711746	0.05093757156674018	0.05093757156674018	0.06085872425782718	0.13687247681427506	0.08965586881916512
UP000001174	0.05640578698409952	0.02989847115925278	0.02989847115925278	0.02989847115925278	0.02989847115925278	0.05640578698409952	0.02989847115925278	0.05985837281972871	0.05640578698409952	0.02989847115925278	0.05640578698409952	0.05640578698409952	0.031695988140814736	0.031695988140814736	0.031695988140814736	0.05979694231850556	0.05979694231850556	0.11620272930260507	0.03514857397644393	0.11268871296575274
UP000061569	0.012042625348702395	0.026988852611387077	0.026988852611387077	0.026988852611387077	0.026988852611387077	0.012042625348702395	0.026988852611387077	0.018263229873969392	0.012042625348702395	0.026988852611387077	0.012042625348702395	0.012042625348702395	0.12096999519422245	0.12096999519422245	0.12096999519422245	0.053977705222774154	0.053977705222774154	0.06602033057147655	0.12719059971948948	0.0955142013950143
UP000002516	0.028992598896683045	0.03207413681870765	0.03207413681870765	0.03207413681870765	0.03207413681870765	0.028992598896683045	0.03207413681870765	0.03460804152467285	0.028992598896683045	0.03207413681870765	0.028992598896683045	0.028992598896683045	0.07096640465597406	0.07096640465597406	0.07096640465597406	0.0641482736374153	0.0641482736374153	0.09314087253409836	0.07658184728396387	0.117065662018851
UP000001584	0.015336214986748246	0.028782112379647926	0.028782112379647926	0.028782112379647926	0.028782112379647926	0.015336214986748246	0.028782112379647926	0.021595216196191657	0.015336214986748246	0.028782112379647926	0.015336214986748246	0.015336214986748246	0.1080331742545989	0.1080331742545989	0.1080331742545989	0.05756422475929585	0.05756422475929585	0.07290043974604409	0.1142921754640423	0.10261044709970486
UP000001962	0.013584020868564878	0.027901739476887514	0.027901739476887514	0.027901739476887514	0.027901739476887514	0.013584020868564878	0.027901739476887514	0.01983923598618167	0.013584020868564878	0.027901739476887514	0.013584020868564878	0.013584020868564878	0.11462100557246138	0.11462100557246138	0.11462100557246138	0.05580347895377503	0.05580347895377503	0.06938749982233991	0.12087622069007818	0.09909652767231647
UP000000579	0.0499332854440096	0.03101933838564349	0.03101933838564349	0.03101933838564349	0.03101933838564349	0.0499332854440096	0.03101933838564349	0.05389527089658653	0.0499332854440096	0.03101933838564349	0.0499332854440096	0.0499332854440096	0.038539396930409225	0.038539396930409225	0.038539396930409225	0.06203867677128698	0.06203867677128698	0.11197196221529658	0.04250138238298617	0.11615338263742009
UP000002357	0.010325783099864063	0.025785857849574774	0.025785857849574774	0.025785857849574774	0.025785857849574774	0.010325783099864063	0.025785857849574774	0.016463328108959986	0.010325783099864063	0.025785857849574774	0.010325783099864063	0.010325783099864063	0.12878644817693882	0.12878644817693882	0.12878644817693882	0.05157171569914955	0.05157171569914955	0.0618974987990136	0.13492399318603474	0.09086834138010724
UP000002521	0.06743760851145206	0.027421128271985503	0.027421128271985503	0.027421128271985503	0.027421128271985503	0.06743760851145206	0.027421128271985503	0.07007984721012288	0.06743760851145206	0.027421128271985503	0.06743760851145206	0.06743760851145206	0.02229967201701686	0.02229967201701686	0.02229967201701686	0.054842256543971006	0.054842256543971006	0.12227986505542308	0.024941910715687677	0.10440003569060038
UP000069205	0.017234650586028473	0.029578386816562385	0.029578386816562385	0.029578386816562385	0.029578386816562385	0.017234650586028473	0.029578386816562385	0.02346426107641558	0.017234650586028473	0.029578386816562385	0.017234650586028473	0.017234650586028473	0.10152581420820063	0.10152581420820063	0.10152581420820063	0.05915677363312477	0.05915677363312477	0.07639142421915325	0.10775542469858773	0.10585432628547534
UP000000558	0.030129126783445648	0.032157399713240005	0.032157399713240005	0.032157399713240005	0.032157399713240005	0.030129126783445648	0.032157399713240005	0.03566322013385969	0.030129126783445648	0.032157399713240005	0.030129126783445648	0.030129126783445648	0.06864442927601011	0.06864442927601011	0.06864442927601011	0.06431479942648001	0.06431479942648001	0.09444392620992566	0.07417852262642415	0.11756141215213192
UP000035170	0.015625916057989065	0.028913512135803992	0.028913512135803992	0.028913512135803992	0.028913512135803992	0.015625916057989065	0.028913512135803992	0.021882478822931095	0.015625916057989065	0.028913512135803992	0.015625916057989065	0.015625916057989065	0.10700059835530314	0.10700059835530314	0.10700059835530314	0.057827024271607984	0.057827024271607984	0.07345294032959704	0.11325716112024517	0.1031409230133319
UP000001010	0.015199761900849961	0.028718905347104657	0.028718905347104657	0.028718905347104657	0.028718905347104657	0.015199761900849961	0.028718905347104657	0.021459632520932494	0.015199761900849961	0.028718905347104657	0.015199761900849961	0.015199761900849961	0.10852479528509397	0.10852479528509397	0.10852479528509397	0.057437810694209314	0.057437810694209314	0.07263757259505929	0.11478466590517651	0.10235588014825354
UP000001423	0.027648034475530724	0.03194689849478444	0.03194689849478444	0.03194689849478444	0.03194689849478444	0.027648034475530724	0.03194689849478444	0.033356597673593405	0.027648034475530724	0.03194689849478444	0.027648034475530724	0.027648034475530724	0.07382834568868346	0.07382834568868346	0.07382834568868346	0.06389379698956887	0.06389379698956887	0.0915418314650996	0.07953690888674615	0.11637046758301238
UP000000818	0.0625701102946495	0.028592607548867888	0.028592607548867888	0.028592607548867888	0.028592607548867888	0.0625701102946495	0.028592607548867888	0.06555940689082637	0.0625701102946495	0.028592607548867888	0.0625701102946495	0.0625701102946495	0.026131876788891843	0.026131876788891843	0.026131876788891843	0.057185215097735775	0.057185215097735775	0.11975532539238527	0.029121173385068713	0.1083918370031178
UP000001203	0.04388983942519489	0.03178723556284581	0.03178723556284581	0.03178723556284581	0.03178723556284581	0.04388983942519489	0.03178723556284581	0.048340453409626005	0.04388983942519489	0.03178723556284581	0.04388983942519489	0.04388983942519489	0.046043838754525696	0.046043838754525696	0.046043838754525696	0.06357447112569162	0.06357447112569162	0.10746431055088651	0.05049445273895681	0.11824771428252098
UP000000429	0.04616744670555952	0.031533003615585815	0.031533003615585815	0.031533003615585815	0.031533003615585815	0.04616744670555952	0.031533003615585815	0.050433103309053505	0.04616744670555952	0.031533003615585815	0.04616744670555952	0.04616744670555952	0.04307495380292754	0.04307495380292754	0.04307495380292754	0.06306600723117163	0.06306600723117163	0.10923345393673115	0.04734061040642152	0.1176007012553553
UP000000640	0.010931982828271014	0.026235696472481383	0.026235696472481383	0.026235696472481383	0.026235696472481383	0.010931982828271014	0.026235696472481383	0.01710501436486055	0.010931982828271014	0.026235696472481383	0.010931982828271014	0.010931982828271014	0.1259262441606002	0.1259262441606002	0.1259262441606002	0.052471392944962766	0.052471392944962766	0.06340337577323378	0.1320992756971897	0.09259672281674645
UP000001170	0.04571624757740314	0.0315869079774977	0.0315869079774977	0.0315869079774977	0.0315869079774977	0.04571624757740314	0.0315869079774977	0.05001849866671051	0.04571624757740314	0.0315869079774977	0.04571624757740314	0.04571624757740314	0.04364893482955379	0.04364893482955379	0.04364893482955379	0.0631738159549954	0.0631738159549954	0.10889006353239852	0.04795118591886116	0.11774312973137604
UP000006552	0.01570062297862185	0.02894679091700412	0.02894679091700412	0.02894679091700412	0.02894679091700412	0.01570062297862185	0.02894679091700412	0.02195642916672182	0.01570062297862185	0.02894679091700412	0.01570062297862185	0.01570062297862185	0.1067367461193953	0.1067367461193953	0.1067367461193953	0.05789358183400824	0.05789358183400824	0.07359420481263008	0.11299255230749526	0.10327555129181655
UP000001409	0.016978597628699136	0.029479542678108782	0.029479542678108782	0.029479542678108782	0.029479542678108782	0.016978597628699136	0.029479542678108782	0.023213912765948173	0.016978597628699136	0.029479542678108782	0.016978597628699136	0.016978597628699136	0.1023692834373414	0.1023692834373414	0.1023692834373414	0.058959085356217564	0.058959085356217564	0.0759376829849167	0.10860459857459044	0.10544754043793704
UP000001937	0.011740262161541172	0.026792347270540653	0.026792347270540653	0.026792347270540653	0.026792347270540653	0.011740262161541172	0.026792347270540653	0.017949979790713638	0.011740262161541172	0.026792347270540653	0.011740262161541172	0.011740262161541172	0.12228515213514037	0.12228515213514037	0.12228515213514037	0.05358469454108131	0.05358469454108131	0.06532495670262249	0.12849486976431285	0.09474995382381766
UP000198251	0.019783799308152526	0.030434720710882508	0.030434720710882508	0.030434720710882508	0.030434720710882508	0.019783799308152526	0.030434720710882508	0.025932077037818278	0.019783799308152526	0.030434720710882508	0.019783799308152526	0.019783799308152526	0.09363946836720304	0.09363946836720304	0.09363946836720304	0.060869441421765015	0.060869441421765015	0.08065324072991754	0.09978774609686877	0.10944232738419854
UP000183015	0.008007155181782417	0.02375616823510747	0.02375616823510747	0.02375616823510747	0.02375616823510747	0.008007155181782417	0.02375616823510747	0.013929662322147098	0.008007155181782417	0.02375616823510747	0.008007155181782417	0.008007155181782417	0.1409628054914509	0.1409628054914509	0.1409628054914509	0.04751233647021494	0.04751233647021494	0.05551949165199735	0.1468853126318156	0.0831796586597005
UP000008080	0.033063996579375726	0.03227858567865175	0.03227858567865175	0.03227858567865175	0.03227858567865175	0.033063996579375726	0.03227858567865175	0.03837909666372672	0.033063996579375726	0.03227858567865175	0.033063996579375726	0.033063996579375726	0.06302366327148548	0.06302366327148548	0.06302366327148548	0.0645571713573035	0.0645571713573035	0.09762116793667922	0.06833876335583648	0.118484142545905
UP000006647	0.06657787685280837	0.02763630104722699	0.02763630104722699	0.02763630104722699	0.02763630104722699	0.06657787685280837	0.02763630104722699	0.0692801068589381	0.06657787685280837	0.02763630104722699	0.06657787685280837	0.06657787685280837	0.022943511318677404	0.022943511318677404	0.022943511318677404	0.05527260209445398	0.05527260209445398	0.12185047894726236	0.02564574132480713	0.10514074417664851
UP000000809	0.045326003330804644	0.03163214268762277	0.03163214268762277	0.03163214268762277	0.03163214268762277	0.045326003330804644	0.03163214268762277	0.049659928123165324	0.045326003330804644	0.03163214268762277	0.045326003330804644	0.045326003330804644	0.04415092342060082	0.04415092342060082	0.04415092342060082	0.06326428537524555	0.06326428537524555	0.1085902887060502	0.04848484821296149	0.11786072116576975
UP000001572	0.04989868985443088	0.031024552406074515	0.031024552406074515	0.031024552406074515	0.031024552406074515	0.04989868985443088	0.031024552406074515	0.05386344635334765	0.04989868985443088	0.031024552406074515	0.04989868985443088	0.04989868985443088	0.03857908313044792	0.03857908313044792	0.03857908313044792	0.06204910481214903	0.06204910481214903	0.11194779466657992	0.04254383962936469	0.11616869662646452
UP000002207	0.018528176146293648	0.03004067891742199	0.03004067891742199	0.03004067891742199	0.03004067891742199	0.018528176146293648	0.03004067891742199	0.02472173639277782	0.018528176146293648	0.03004067891742199	0.018528176146293648	0.018528176146293648	0.09741297607429815	0.09741297607429815	0.09741297607429815	0.06008135783484398	0.06008135783484398	0.07860953398113764	0.10360653632078232	0.10777559517671961
UP000194841	0.0463785904503063	0.03150719459939287	0.03150719459939287	0.03150719459939287	0.03150719459939287	0.0463785904503063	0.03150719459939287	0.05062713341138948	0.0463785904503063	0.03150719459939287	0.0463785904503063	0.0463785904503063	0.04280868831439249	0.04280868831439249	0.04280868831439249	0.06301438919878574	0.06301438919878574	0.10939297964909205	0.047057231275475675	0.11753169247540511
UP000001410	0.030273756371784467	0.03216647174343248	0.03216647174343248	0.03216647174343248	0.03216647174343248	0.030273756371784467	0.03216647174343248	0.03579734234433947	0.030273756371784467	0.03216647174343248	0.030273756371784467	0.030273756371784467	0.06835503937564728	0.06835503937564728	0.06835503937564728	0.06433294348686495	0.06433294348686495	0.09460669985864943	0.07387862534820228	0.11761871502861991
UP000006637	0.011023200754890192	0.02630090625012201	0.02630090625012201	0.02630090625012201	0.02630090625012201	0.011023200754890192	0.02630090625012201	0.01720095667981037	0.011023200754890192	0.02630090625012201	0.011023200754890192	0.011023200754890192	0.12550577367845417	0.12550577367845417	0.12550577367845417	0.05260181250024402	0.05260181250024402	0.0636250132551342	0.13168352960337434	0.09284811315064766
UP000000625	0.03129073437929228	0.03222092246148745	0.03222092246148745	0.03222092246148745	0.03222092246148745	0.03129073437929228	0.03222092246148745	0.03673953908649675	0.03129073437929228	0.03222092246148745	0.03129073437929228	0.03129073437929228	0.0663575249902887	0.0663575249902887	0.0663575249902887	0.0644418449229749	0.0644418449229749	0.09573257930226718	0.07180632969749316	0.11798608043154087
UP000001806	0.07062994686070115	0.026593080410521112	0.026593080410521112	0.026593080410521112	0.026593080410521112	0.07062994686070115	0.026593080410521112	0.07305458481451839	0.07062994686070115	0.026593080410521112	0.07062994686070115	0.07062994686070115	0.020025271351688544	0.020025271351688544	0.020025271351688544	0.053186160821042223	0.053186160821042223	0.12381610768174336	0.022449909305505784	0.10152304573444997
UP000002361	0.014467926615841968	0.028364957241661944	0.028364957241661944	0.028364957241661944	0.028364957241661944	0.014467926615841968	0.028364957241661944	0.0207292436761793	0.014467926615841968	0.028364957241661944	0.014467926615841968	0.014467926615841968	0.11122129945562877	0.11122129945562877	0.11122129945562877	0.05672991448332389	0.05672991448332389	0.07119784109916587	0.1174826165159661	0.10093719484597312
UP000000588	0.032072061912034114	0.03225199955345043	0.03225199955345043	0.03225199955345043	0.03225199955345043	0.032072061912034114	0.03225199955345043	0.03746243192027704	0.032072061912034114	0.03225199955345043	0.032072061912034114	0.032072061912034114	0.0648658934401386	0.0648658934401386	0.0648658934401386	0.06450399910690086	0.06450399910690086	0.09657606101893497	0.07025626344838153	0.11822725819731587
UP000002480	0.06478935011882501	0.02807278560373733	0.02807278560373733	0.02807278560373733	0.02807278560373733	0.06478935011882501	0.02807278560373733	0.06761820777762327	0.06478935011882501	0.02807278560373733	0.06478935011882501	0.06478935011882501	0.024327494877106937	0.024327494877106937	0.024327494877106937	0.05614557120747466	0.05614557120747466	0.12093492132629967	0.027156352535905197	0.1066334270973528
UP000001983	0.01901921167907401	0.03020088341932995	0.03020088341932995	0.03020088341932995	0.03020088341932995	0.01901921167907401	0.03020088341932995	0.025196183079911026	0.01901921167907401	0.03020088341932995	0.01901921167907401	0.01901921167907401	0.09591284588430067	0.09591284588430067	0.09591284588430067	0.0604017668386599	0.0604017668386599	0.0794209785177339	0.1020898172851377	0.10844959087564575
UP000001116	0.009842442025779729	0.025405458072684586	0.025405458072684586	0.025405458072684586	0.025405458072684586	0.009842442025779729	0.025405458072684586	0.01594623164237077	0.009842442025779729	0.025405458072684586	0.009842442025779729	0.009842442025779729	0.13115389416414716	0.13115389416414716	0.13115389416414716	0.05081091614536917	0.05081091614536917	0.0606533581711489	0.13725768378073822	0.08941425305755625
UP000002145	0.0445933974907055	0.031713522731569854	0.031713522731569854	0.031713522731569854	0.031713522731569854	0.0445933974907055	0.031713522731569854	0.04898682830543869	0.0445933974907055	0.031713522731569854	0.0445933974907055	0.0445933974907055	0.04510746346498599	0.04510746346498599	0.04510746346498599	0.06342704546313971	0.06342704546313971	0.1080204429538452	0.04950089427971918	0.11806722929681301
UP000000423	0.07031516086156032	0.026676709099629877	0.026676709099629877	0.026676709099629877	0.026676709099629877	0.07031516086156032	0.026676709099629877	0.072760887528036	0.07031516086156032	0.026676709099629877	0.07031516086156032	0.07031516086156032	0.020241632093749965	0.020241632093749965	0.020241632093749965	0.053353418199259754	0.053353418199259754	0.12366857906082007	0.022687358760225654	0.10181538306556813
UP000009072	0.07067429761237153	0.02658126389658126	0.02658126389658126	0.02658126389658126	0.02658126389658126	0.07067429761237153	0.02658126389658126	0.07309597091439876	0.07067429761237153	0.02658126389658126	0.07067429761237153	0.07067429761237153	0.019994923592024788	0.019994923592024788	0.019994923592024788	0.05316252779316252	0.05316252779316252	0.12383682540553405	0.022416596894052017	0.10148170898227057
UP000000774	0.046400439627153255	0.03150450279047064	0.03150450279047064	0.03150450279047064	0.03150450279047064	0.046400439627153255	0.03150450279047064	0.05064721210513935	0.046400439627153255	0.03150450279047064	0.046400439627153255	0.046400439627153255	0.04278121949059928	0.04278121949059928	0.04278121949059928	0.06300900558094127	0.06300900558094127	0.10940944520809451	0.04702799196858539	0.11752446620591034
UP000001422	0.018550106407782152	0.030048006795718594	0.030048006795718594	0.030048006795718594	0.030048006795718594	0.018550106407782152	0.030048006795718594	0.024742958028823495	0.018550106407782152	0.030048006795718594	0.018550106407782152	0.018550106407782152	0.0973452866035068	0.0973452866035068	0.0973452866035068	0.06009601359143719	0.06009601359143719	0.07864611999921935	0.10353813822454815	0.10780632394079168
UP000006697	0.02606360866011323	0.031753906372639557	0.031753906372639557	0.031753906372639557	0.031753906372639557	0.02606360866011323	0.031753906372639557	0.031876786952488044	0.02606360866011323	0.031753906372639557	0.02606360866011323	0.02606360866011323	0.0773730593542436	0.0773730593542436	0.0773730593542436	0.06350781274527911	0.06350781274527911	0.08957142140539234	0.08318623764661842	0.1153892689058086
UP000001006	0.030823507216779823	0.03219791356013013	0.03219791356013013	0.03219791356013013	0.03219791356013013	0.030823507216779823	0.03219791356013013	0.03630685782384539	0.030823507216779823	0.03219791356013013	0.030823507216779823	0.030823507216779823	0.06726720813011478	0.06726720813011478	0.06726720813011478	0.06439582712026026	0.06439582712026026	0.09521933433704008	0.07275055873718035	0.11782495302638939
UP000028341	0.012441160578909793	0.02723871948558261	0.02723871948558261	0.02723871948558261	0.02723871948558261	0.012441160578909793	0.02723871948558261	0.018673940163998905	0.012441160578909793	0.02723871948558261	0.012441160578909793	0.012441160578909793	0.11927309104457744	0.11927309104457744	0.11927309104457744	0.05447743897116522	0.05447743897116522	0.06691859955007501	0.12550587062966656	0.09648931877215221
UP000005954	0.017713708533118835	0.029756655910283012	0.029756655910283012	0.029756655910283012	0.029756655910283012	0.017713708533118835	0.029756655910283012	0.023931332106233938	0.017713708533118835	0.029756655910283012	0.017713708533118835	0.017713708533118835	0.09997438642591001	0.09997438642591001	0.09997438642591001	0.059513311820566024	0.059513311820566024	0.07722702035368487	0.10619200999902513	0.10659137649490184
UP000001822	0.046389537878567935	0.031505846374251426	0.031505846374251426	0.031505846374251426	0.031505846374251426	0.046389537878567935	0.031505846374251426	0.050637193736824626	0.046389537878567935	0.031505846374251426	0.046389537878567935	0.046389537878567935	0.04279492321550042	0.04279492321550042	0.04279492321550042	0.06301169274850285	0.06301169274850285	0.1094012306270708	0.04704257907375711	0.11752807378049232
UP000008320	0.06086069426379231	0.02897576713278035	0.02897576713278035	0.02897576713278035	0.02897576713278035	0.06086069426379231	0.02897576713278035	0.06397596642196729	0.06086069426379231	0.02897576713278035	0.06086069426379231	0.06086069426379231	0.02759071650724208	0.02759071650724208	0.02759071650724208	0.0579515342655607	0.0579515342655607	0.11881222852935301	0.030705988665417065	0.10967252421477142
UP000061018	0.01121219301838031	0.026434032374515536	0.026434032374515536	0.026434032374515536	0.026434032374515536	0.01121219301838031	0.026434032374515536	0.017399250377467687	0.01121219301838031	0.026434032374515536	0.01121219301838031	0.01121219301838031	0.12464253271977234	0.12464253271977234	0.12464253271977234	0.05286806474903107	0.05286806474903107	0.06408025776741139	0.13082959007885972	0.09336201477988737
UP000001025	0.024734824426317057	0.03155309164556042	0.03155309164556042	0.03155309164556042	0.03155309164556042	0.024734824426317057	0.03155309164556042	0.030630687824550973	0.024734824426317057	0.03155309164556042	0.024734824426317057	0.024734824426317057	0.08050169067170346	0.08050169067170346	0.08050169067170346	0.06310618329112085	0.06310618329112085	0.08784100771743791	0.08639755406993738	0.11442063978577387
UP000007065	0.061026955003882395	0.028939180458946258	0.028939180458946258	0.028939180458946258	0.028939180458946258	0.061026955003882395	0.028939180458946258	0.06412988612838119	0.061026955003882395	0.028939180458946258	0.061026955003882395	0.061026955003882395	0.027446106907420775	0.027446106907420775	0.027446106907420775	0.057878360917892516	0.057878360917892516	0.11890531592177492	0.03054903803191957	0.10955085958678745
UP000002484	0.008190549702391352	0.02393738753068256	0.02393738753068256	0.02393738753068256	0.02393738753068256	0.008190549702391352	0.02393738753068256	0.014135516099675925	0.008190549702391352	0.02393738753068256	0.008190549702391352	0.008190549702391352	0.1399169878980849	0.1399169878980849	0.1399169878980849	0.04787477506136512	0.04787477506136512	0.05606532476375646	0.14586195429536947	0.08385961732816109
UP000002709	0.02232646700163741	0.03108811215332343	0.03108811215332343	0.03108811215332343	0.03108811215332343	0.02232646700163741	0.03108811215332343	0.028357721218167518	0.02232646700163741	0.03108811215332343	0.02232646700163741	0.02232646700163741	0.08657623413384083	0.08657623413384083	0.08657623413384083	0.06217622430664686	0.06217622430664686	0.08450269130828428	0.09260748835037093	0.1122899401802335
UP000001652	0.03638879752726131	0.03227063564905224	0.03227063564905224	0.03227063564905224	0.03227063564905224	0.03638879752726131	0.03227063564905224	0.041444640436808004	0.03638879752726131	0.03227063564905224	0.03638879752726131	0.03638879752726131	0.057237061731083734	0.057237061731083734	0.057237061731083734	0.06454127129810448	0.06454127129810448	0.1009300688253658	0.06229290464063044	0.11897085677711555
UP000006821	0.01720726610371246	0.02956793580723127	0.02956793580723127	0.02956793580723127	0.02956793580723127	0.01720726610371246	0.02956793580723127	0.023437510565048163	0.01720726610371246	0.02956793580723127	0.01720726610371246	0.01720726610371246	0.10161554108957811	0.10161554108957811	0.10161554108957811	0.05913587161446254	0.05913587161446254	0.07634313771817501	0.10784578555091383	0.10581125430625367
UP000002171	0.03182250196540032	0.03224306366538358	0.03224306366538358	0.03224306366538358	0.03224306366538358	0.03182250196540032	0.03224306366538358	0.03723162278453833	0.03182250196540032	0.03224306366538358	0.03182250196540032	0.03182250196540032	0.06533836689901515	0.06533836689901515	0.06533836689901515	0.06448612733076715	0.06448612733076715	0.09630862929616746	0.07074748771815319	0.11815401302325827
UP000009134	0.015432315876402524	0.02882611870068062	0.02882611870068062	0.02882611870068062	0.02882611870068062	0.015432315876402524	0.02882611870068062	0.021690596565615977	0.015432315876402524	0.02882611870068062	0.015432315876402524	0.015432315876402524	0.10768897241357313	0.10768897241357313	0.10768897241357313	0.05765223740136124	0.05765223740136124	0.07308455327776375	0.11394725310278658	0.10278791342429557
UP000007073	0.021006180601718695	0.030771517571808096	0.030771517571808096	0.030771517571808096	0.030771517571808096	0.021006180601718695	0.030771517571808096	0.027102024482216675	0.021006180601718695	0.030771517571808096	0.021006180601718695	0.021006180601718695	0.09015311365975988	0.09015311365975988	0.09015311365975988	0.06154303514361619	0.06154303514361619	0.08254921574533489	0.09624895754025786	0.1108943825262364
UP000000245	0.013100350163211451	0.027630426495247638	0.027630426495247638	0.027630426495247638	0.027630426495247638	0.013100350163211451	0.027630426495247638	0.01934820932477357	0.013100350163211451	0.027630426495247638	0.013100350163211451	0.013100350163211451	0.11655268123338942	0.11655268123338942	0.11655268123338942	0.055260852990495275	0.055260852990495275	0.06836120315370674	0.12280054039495153	0.0980259876578663
