	M	W	C	D	E	F	H	K	N	Q	Y	I	A	G	P	T	V	L	R	S
Start	35529.0	1908.0	2659.0	9493.0	10733.0	8906.0	3419.0	15654.0	11890.0	6606.0	7215.0	15196.0	11707.0	7140.0	7309.0	13658.0	10919.0	17212.0	9951.0	16293.0
M	11456.0	4964.0	7441.0	23119.0	23579.0	18101.0	8828.0	25628.0	22302.0	14386.0	16784.0	28009.0	26783.0	23110.0	17633.0	24871.0	27660.0	37973.0	20868.0	28820.0
W	4964.0	3760.0	4490.0	12210.0	11853.0	9345.0	4714.0	12722.0	10742.0	7115.0	8811.0	12943.0	14149.0	12944.0	10542.0	12826.0	14268.0	18572.0	11912.0	14219.0
C	7441.0	4490.0	8888.0	17466.0	16649.0	14889.0	7969.0	18780.0	17176.0	9654.0	13828.0	20922.0	18483.0	17910.0	13742.0	18715.0	21035.0	29810.0	16605.0	22349.0
D	23119.0	12210.0	17466.0	70372.0	70244.0	43186.0	21793.0	67979.0	58425.0	35182.0	43679.0	67893.0	66712.0	59655.0	44088.0	61451.0	67593.0	88238.0	54428.0	73408.0
E	23579.0	11853.0	16649.0	70244.0	84796.0	42504.0	21889.0	75049.0	58200.0	39267.0	41113.0	66968.0	70423.0	58712.0	46018.0	61423.0	66818.0	89313.0	58972.0	73153.0
F	18101.0	9345.0	14889.0	43186.0	42504.0	37296.0	16889.0	47314.0	42665.0	24010.0	33036.0	53159.0	46273.0	42531.0	32390.0	45940.0	50195.0	70489.0	37362.0	53942.0
H	8828.0	4714.0	7969.0	21793.0	21889.0	16889.0	9796.0	22525.0	20064.0	12614.0	15840.0	24882.0	23774.0	21227.0	17305.0	22161.0	25306.0	35150.0	20905.0	25821.0
K	25628.0	12722.0	18780.0	67979.0	75049.0	47314.0	22525.0	92272.0	67158.0	38709.0	46458.0	78980.0	64448.0	58782.0	44857.0	64209.0	68878.0	95926.0	54297.0	76673.0
N	22302.0	10742.0	17176.0	58425.0	58200.0	42665.0	20064.0	67158.0	66054.0	34444.0	43221.0	73543.0	55787.0	51998.0	37492.0	59894.0	61744.0	86294.0	45470.0	69999.0
Q	14386.0	7115.0	9654.0	35182.0	39267.0	24010.0	12614.0	38709.0	34444.0	27890.0	23234.0	37241.0	42020.0	34422.0	28280.0	37536.0	39223.0	52011.0	33410.0	43331.0
Y	16784.0	8811.0	13828.0	43679.0	41113.0	33036.0	15840.0	46458.0	43221.0	23234.0	34078.0	51896.0	40614.0	39589.0	29551.0	42443.0	46689.0	64716.0	34615.0	48607.0
I	28009.0	12943.0	20922.0	67893.0	66968.0	53159.0	24882.0	78980.0	73543.0	37241.0	51896.0	94102.0	65152.0	63679.0	46633.0	71555.0	74666.0	107248.0	53306.0	82291.0
A	26783.0	14149.0	18483.0	66712.0	70423.0	46273.0	23774.0	64448.0	55787.0	42020.0	40614.0	65152.0	101374.0	75989.0	56163.0	72224.0	78332.0	102846.0	66205.0	82534.0
G	23110.0	12944.0	17910.0	59655.0	58712.0	42531.0	21227.0	58782.0	51998.0	34422.0	39589.0	63679.0	75989.0	73936.0	48970.0	64121.0	71304.0	88099.0	56545.0	74343.0
P	17633.0	10542.0	13742.0	44088.0	46018.0	32390.0	17305.0	44857.0	37492.0	28280.0	29551.0	46633.0	56163.0	48970.0	50110.0	50411.0	52742.0	68180.0	44927.0	58572.0
T	24871.0	12826.0	18715.0	61451.0	61423.0	45940.0	22161.0	64209.0	59894.0	37536.0	42443.0	71555.0	72224.0	64121.0	50411.0	74580.0	73462.0	94098.0	54779.0	80173.0
V	27660.0	14268.0	21035.0	67593.0	66818.0	50195.0	25306.0	68878.0	61744.0	39223.0	46689.0	74666.0	78332.0	71304.0	52742.0	73462.0	82796.0	105515.0	61198.0	82089.0
L	37973.0	18572.0	29810.0	88238.0	89313.0	70489.0	35150.0	95926.0	86294.0	52011.0	64716.0	107248.0	102846.0	88099.0	68180.0	94098.0	105515.0	155654.0	80247.0	109995.0
R	20868.0	11912.0	16605.0	54428.0	58972.0	37362.0	20905.0	54297.0	45470.0	33410.0	34615.0	53306.0	66205.0	56545.0	44927.0	54779.0	61198.0	80247.0	65050.0	67060.0
S	28820.0	14219.0	22349.0	73408.0	73153.0	53942.0	25821.0	76673.0	69999.0	43331.0	48607.0	82291.0	82534.0	74343.0	58572.0	80173.0	82089.0	109995.0	67060.0	105196.0
End	4351.0	3178.0	3972.0	11521.0	15366.0	10240.0	4378.0	18720.0	12301.0	7354.0	9073.0	15012.0	11753.0	12236.0	8208.0	11555.0	14191.0	20294.0	13843.0	15848.0
