Proteome_ID	M	W	C	D	E	F	H	K	N	Q	Y	I	A	G	P	T	V	L	R	S
UP000002036	0.01684688915938734	0.015988312557266075	0.03283520171665341	0.03283520171665341	0.03283520171665341	0.03459846071092662	0.03283520171665341	0.03459846071092662	0.03459846071092662	0.03283520171665341	0.03459846071092662	0.05235003226246589	0.06232360917911161	0.06232360917911161	0.06232360917911161	0.06567040343330682	0.06567040343330682	0.11711575330362078	0.09515881089576503	0.0816587159905729
UP000001300	0.015007852315965697	0.017406096693020488	0.032413949008986184	0.032413949008986184	0.032413949008986184	0.027947894825792276	0.032413949008986184	0.027947894825792276	0.027947894825792276	0.032413949008986184	0.027947894825792276	0.04088793733561886	0.07518735109791023	0.07518735109791023	0.07518735109791023	0.06482789801797237	0.06482789801797237	0.10778364515973034	0.10760130010689642	0.08223399471099287
UP000000267	0.01995974147791083	0.010366931234062238	0.030326672711973066	0.030326672711973066	0.030326672711973066	0.058388787727977065	0.030326672711973066	0.058388787727977065	0.058388787727977065	0.030326672711973066	0.058388787727977065	0.09681783397804332	0.03150286599762553	0.03150286599762553	0.03150286599762553	0.06065334542394613	0.06065334542394613	0.13900187462983404	0.061829538709598605	0.07102027665800838
UP000000314	0.01877276399556475	0.01361740215289104	0.03239016614845579	0.03239016614845579	0.03239016614845579	0.04465263917853806	0.03239016614845579	0.04465263917853806	0.04465263917853806	0.03239016614845579	0.04465263917853806	0.07053251436151138	0.04699040784262642	0.04699040784262642	0.04699040784262642	0.06478033229691157	0.06478033229691157	0.12820573547101438	0.07938057399108221	0.07839773444980261
UP000007796	0.01197570593166228	0.01870973898144515	0.030685444913107433	0.030685444913107433	0.030685444913107433	0.019641100553355363	0.030685444913107433	0.019641100553355363	0.019641100553355363	0.030685444913107433	0.019641100553355363	0.027306495175048448	0.095880220862114	0.095880220862114	0.095880220862114	0.061370889826214865	0.061370889826214865	0.0929876963112325	0.1265656657752214	0.08008062880766001
UP000029964	0.011729517330361854	0.018767227728578972	0.030496745058940823	0.030496745058940823	0.030496745058940823	0.019060465661838014	0.030496745058940823	0.019060465661838014	0.019060465661838014	0.030496745058940823	0.019060465661838014	0.02639141399331417	0.09758958418861065	0.09758958418861065	0.09758958418861065	0.060993490117881646	0.060993490117881646	0.0917834731100815	0.12808632924755145	0.0797607178464606
UP000002037	0.020008209860395764	0.009891182890413928	0.029899392750809693	0.029899392750809693	0.029899392750809693	0.06048147440852356	0.029899392750809693	0.06048147440852356	0.06048147440852356	0.029899392750809693	0.06048147440852356	0.10095473895665136	0.029561901246943967	0.029561901246943967	0.029561901246943967	0.059798785501619385	0.059798785501619385	0.14028846977053872	0.059461293997753656	0.06968996839203331
UP000009058	0.013328457158246947	0.01826717214644751	0.03159562930469446	0.03159562930469446	0.03159562930469446	0.023053430941546636	0.03159562930469446	0.023053430941546636	0.023053430941546636	0.03159562930469446	0.023053430941546636	0.032778404724846326	0.08660609292307732	0.08660609292307732	0.08660609292307732	0.06319125860938891	0.06319125860938891	0.09957314670918249	0.11820172222777177	0.0814584307558364
UP000054166	0.017242969278897808	0.01559776854036077	0.03284073781925858	0.03284073781925858	0.03284073781925858	0.036304669597354816	0.03284073781925858	0.036304669597354816	0.036304669597354816	0.03284073781925858	0.036304669597354816	0.05536636991581183	0.05941461924731919	0.05941461924731919	0.05941461924731919	0.06568147563851716	0.06568147563851716	0.11922911451476978	0.09225535706657777	0.08127924417887793
UP000016922	0.01741596419589273	0.015415022972721865	0.0328309871686146	0.0328309871686146	0.0328309871686146	0.037092601033175396	0.0328309871686146	0.037092601033175396	0.037092601033175396	0.0328309871686146	0.037092601033175396	0.05676923787045806	0.058117990566457854	0.058117990566457854	0.058117990566457854	0.0656619743372292	0.0656619743372292	0.12017053956629732	0.09094897773507245	0.08107699730995105
UP000009082	0.019944416815220516	0.008418888883894828	0.028363305699115344	0.028363305699115344	0.028363305699115344	0.06719290382877356	0.028363305699115344	0.06719290382877356	0.06719290382877356	0.028363305699115344	0.06719290382877356	0.11444139084232662	0.023945299706989987	0.023945299706989987	0.023945299706989987	0.05672661139823069	0.05672661139823069	0.14386393204222478	0.05230860540610533	0.06514550028212551
UP000005206	0.014126690068397027	0.017903052297692162	0.03202974236608919	0.03202974236608919	0.03202974236608919	0.025273581054928544	0.03202974236608919	0.025273581054928544	0.025273581054928544	0.03202974236608919	0.025273581054928544	0.03642047204146007	0.08118393620661755	0.08118393620661755	0.08118393620661755	0.06405948473217837	0.06405948473217837	0.10345975585550395	0.11321367857270674	0.08196253702987054
UP000016927	0.019876176863741976	0.010856780038687005	0.030732956902428984	0.030732956902428984	0.030732956902428984	0.05626471981211047	0.030732956902428984	0.05626471981211047	0.05626471981211047	0.030732956902428984	0.05626471981211047	0.09265326276047896	0.03357395693502624	0.03357395693502624	0.03357395693502624	0.06146591380485797	0.06146591380485797	0.1376068104807104	0.06430691383745521	0.07232269384354496
UP000249829	0.011042934784962473	0.018890018824866378	0.02993295360982885	0.02993295360982885	0.02993295360982885	0.0174985349511416	0.02993295360982885	0.0174985349511416	0.0174985349511416	0.02993295360982885	0.0174985349511416	0.023954135117320724	0.10240648309242739	0.10240648309242739	0.10240648309242739	0.0598659072196577	0.0598659072196577	0.08840737695576177	0.13233943670225626	0.07875592604452407
UP000000559	0.01981864433957453	0.011114659267913107	0.03093330360748764	0.03093330360748764	0.03093330360748764	0.055157439168171896	0.03093330360748764	0.055157439168171896	0.055157439168171896	0.03093330360748764	0.055157439168171896	0.09049623399676925	0.03469592811064226	0.03469592811064226	0.03469592811064226	0.06186660721497528	0.06186660721497528	0.13684269072272168	0.0656292317181299	0.0729812664828884
UP000005221	0.019039763214599725	0.013144860321759193	0.03218462353635892	0.03218462353635892	0.03218462353635892	0.046618039011714414	0.03218462353635892	0.046618039011714414	0.046618039011714414	0.03218462353635892	0.046618039011714414	0.0741963148088291	0.04443987838771402	0.04443987838771402	0.04443987838771402	0.06436924707271784	0.06436924707271784	0.13002704929903197	0.07662450192407293	0.07751410739447702
UP000001312	0.017582165350136816	0.015231718663856052	0.03281388401399287	0.03281388401399287	0.03281388401399287	0.037877481014882156	0.03281388401399287	0.037877481014882156	0.037877481014882156	0.03281388401399287	0.037877481014882156	0.058172796679627506	0.05685441350551894	0.05685441350551894	0.05685441350551894	0.06562776802798574	0.06562776802798574	0.12108741439300472	0.08966829751951182	0.08085948669184179
UP000193067	0.009055585540233056	0.018922119039292952	0.02797770457952601	0.02797770457952601	0.02797770457952601	0.01338933004877316	0.02797770457952601	0.01338933004877316	0.01338933004877316	0.02797770457952601	0.01338933004877316	0.017723074557313267	0.11692175048160122	0.11692175048160122	0.11692175048160122	0.05595540915905202	0.05595540915905202	0.07840032474805822	0.14489945506112722	0.07487752819834496
UP000007963	0.013577708000932635	0.01816189871062711	0.031739606711559745	0.031739606711559745	0.031739606711559745	0.023728307202915775	0.031739606711559745	0.023728307202915775	0.023728307202915775	0.031739606711559745	0.023728307202915775	0.03387890640489891	0.08491146254889156	0.08491146254889156	0.08491146254889156	0.06347921342311949	0.06347921342311949	0.1007852286269679	0.11665106926045131	0.0816411121337466
UP000002038	0.01557160919588297	0.01703106580883081	0.03260267500471378	0.03260267500471378	0.03260267500471378	0.029808828150411398	0.03260267500471378	0.029808828150411398	0.029808828150411398	0.03260267500471378	0.029808828150411398	0.04404604710493983	0.07131675301689569	0.07131675301689569	0.07131675301689569	0.06520535000942757	0.06520535000942757	0.11058578735572193	0.10391942802160947	0.08223641581825836
UP000005222	0.01803026624916169	0.014694354680110513	0.032724620929272204	0.032724620929272204	0.032724620929272204	0.040153762523256954	0.032724620929272204	0.040153762523256954	0.040153762523256954	0.032724620929272204	0.040153762523256954	0.06227725879735221	0.05333999842950197	0.05333999842950197	0.05333999842950197	0.06544924185854441	0.06544924185854441	0.12363327063096305	0.08606461935877416	0.08014359653865491
UP000000560	0.01485894283363286	0.01749746302896089	0.03235640586259375	0.03235640586259375	0.03235640586259375	0.027477239655734	0.03235640586259375	0.027477239655734	0.027477239655734	0.03235640586259375	0.027477239655734	0.04009553647783514	0.07620394286049868	0.07620394286049868	0.07620394286049868	0.0647128117251875	0.0647128117251875	0.10704899421455437	0.10856034872309245	0.0822102747541484
UP000016930	0.014160311355995575	0.017885968411899048	0.03204627976789462	0.03204627976789462	0.03204627976789462	0.02537102206961511	0.03204627976789462	0.02537102206961511	0.02537102206961511	0.03204627976789462	0.02537102206961511	0.03658173278323465	0.08095567014559393	0.08095567014559393	0.08095567014559393	0.06409255953578924	0.06409255953578924	0.10362389296139993	0.11300194991348857	0.0819785279476883
UP000002058	0.015615453355348977	0.016999883908599807	0.03261533726394878	0.03261533726394878	0.03261533726394878	0.029959220924827844	0.03261533726394878	0.029959220924827844	0.029959220924827844	0.03261533726394878	0.029959220924827844	0.044302988494306715	0.07101387766459342	0.07101387766459342	0.07101387766459342	0.06523067452789756	0.06523067452789756	0.11080534880807438	0.10362921492854221	0.08223055843649738
UP000030143	0.015350285499817781	0.0171839409201722	0.03253422641998998	0.03253422641998998	0.03253422641998998	0.029062580369809375	0.03253422641998998	0.029062580369809375	0.029062580369809375	0.03253422641998998	0.029062580369809375	0.042774875239800975	0.07284115004782811	0.07284115004782811	0.07284115004782811	0.06506845283997996	0.06506845283997996	0.10948131870960713	0.1053753764678181	0.08225239376015217
UP000005426	0.013058189388396322	0.018372866077799917	0.03143105546619624	0.03143105546619624	0.03143105546619624	0.02233906638282794	0.03143105546619624	0.02233906638282794	0.02233906638282794	0.03143105546619624	0.02233906638282794	0.031619943377259555	0.08844695931236524	0.08844695931236524	0.08844695931236524	0.06286211093239248	0.06286211093239248	0.09825936670361674	0.11987801477856148	0.0812349770101924
UP000016932	0.0148132357908452	0.017524887297204875	0.03233812308805008	0.03233812308805008	0.03233812308805008	0.02733439788871361	0.03233812308805008	0.02733439788871361	0.02733439788871361	0.03233812308805008	0.02733439788871361	0.039855559986582016	0.07651562029026217	0.07651562029026217	0.07651562029026217	0.06467624617610016	0.06467624617610016	0.10682387985565896	0.10885374337831222	0.08220113347330502
UP000009096	0.015965083708756343	0.016740164159964887	0.03270524786872123	0.03270524786872123	0.03270524786872123	0.031190973693585016	0.03270524786872123	0.031190973693585016	0.031190973693585016	0.03270524786872123	0.031190973693585016	0.04641686367841368	0.06858607548853043	0.06858607548853043	0.06858607548853043	0.06541049573744245	0.06541049573744245	0.11256655313978381	0.10129132335725166	0.08215065989740733
UP000000561	0.014623887209180696	0.01763544714841488	0.03225933435759558	0.03225933435759558	0.03225933435759558	0.026750490822180714	0.03225933435759558	0.026750490822180714	0.026750490822180714	0.03225933435759558	0.026750490822180714	0.03887709443518073	0.07780527543309658	0.07780527543309658	0.07780527543309658	0.06451866871519116	0.06451866871519116	0.10589304674655256	0.11006460979069216	0.08215411586360603
UP000094112	0.020009454911421858	0.00899942220534903	0.02900887711677089	0.02900887711677089	0.02900887711677089	0.06449878730592265	0.02900887711677089	0.06449878730592265	0.06449878730592265	0.02900887711677089	0.06449878730592265	0.10898811970042345	0.02609397747540723	0.02609397747540723	0.02609397747540723	0.05801775423354178	0.05801775423354178	0.1425259964508863	0.05510285459217811	0.06701717643889081
UP000002059	0.015874863504131004	0.016809106170134046	0.03268396967426505	0.03268396967426505	0.03268396967426505	0.030867409135293542	0.03268396967426505	0.030867409135293542	0.030867409135293542	0.03268396967426505	0.030867409135293542	0.04585995476645608	0.0692148711922089	0.0692148711922089	0.0692148711922089	0.0653679393485301	0.0653679393485301	0.11211021198795465	0.10189884086647394	0.08217704551866414
UP000094389	0.018401822352896113	0.014190650229213847	0.03259247258210996	0.03259247258210996	0.03259247258210996	0.04226451084411311	0.03259247258210996	0.04226451084411311	0.04226451084411311	0.03259247258210996	0.04226451084411311	0.06612719933533011	0.05026767128258624	0.05026767128258624	0.05026767128258624	0.06518494516421992	0.06518494516421992	0.12585127836122917	0.0828601438646962	0.07937559539343376
UP000000591	0.014703586597373147	0.01758950571305259	0.032293092310425736	0.032293092310425736	0.032293092310425736	0.02699474829079241	0.032293092310425736	0.02699474829079241	0.02699474829079241	0.032293092310425736	0.02699474829079241	0.03928590998421167	0.07726271789875362	0.07726271789875362	0.07726271789875362	0.06458618462085147	0.06458618462085147	0.10628451950901703	0.10955581020917936	0.08217569033390407
UP000002149	0.01594457385262778	0.016755957148501154	0.032700531001128935	0.032700531001128935	0.032700531001128935	0.031117054486755134	0.032700531001128935	0.031117054486755134	0.031117054486755134	0.032700531001128935	0.031117054486755134	0.04628953512088249	0.06872917410681971	0.06872917410681971	0.06872917410681971	0.06540106200225787	0.06540106200225787	0.11246269034164079	0.10142970510794863	0.08215701915075903
UP000007978	0.016042064220658382	0.016680247848143936	0.03272231206880232	0.03272231206880232	0.03272231206880232	0.03147036161783187	0.03272231206880232	0.03147036161783187	0.03147036161783187	0.03272231206880232	0.03147036161783187	0.04689865901500536	0.06804813494874956	0.06804813494874956	0.06804813494874956	0.06544462413760464	0.06544462413760464	0.11295704997609489	0.10077044701755189	0.08212487198574857
UP000002258	0.018458680092426356	0.014107901639422276	0.03256658173184863	0.03256658173184863	0.03256658173184863	0.04260988836300583	0.03256658173184863	0.04260988836300583	0.04260988836300583	0.03256658173184863	0.04260988836300583	0.06676109663358532	0.04978103846045187	0.04978103846045187	0.04978103846045187	0.06513316346369726	0.06513316346369726	0.12620173191912945	0.0823476201923005	0.07924106510311954
UP000000598	0.01912056685183989	0.012988786764861546	0.03210935361670143	0.03210935361670143	0.03210935361670143	0.047267620410739036	0.03210935361670143	0.047267620410739036	0.047267620410739036	0.03210935361670143	0.047267620410739036	0.07541467396963818	0.0436243915273609	0.0436243915273609	0.0436243915273609	0.06421870723340287	0.06421870723340287	0.13060689449598178	0.07573374514406232	0.07720749399826442
UP000030651	0.015238671807876735	0.017258232901431383	0.03249690470930812	0.03249690470930812	0.03249690470930812	0.0286941118749138	0.03249690470930812	0.0286941118749138	0.0286941118749138	0.03249690470930812	0.0286941118749138	0.042149551941950865	0.07360735333363753	0.07360735333363753	0.07360735333363753	0.06499380941861624	0.06499380941861624	0.10892659310140676	0.10610425804294565	0.08225204232004762
UP000016933	0.014336706847791597	0.01779395551924303	0.03213066236703463	0.03213066236703463	0.03213066236703463	0.025887885730824928	0.03213066236703463	0.025887885730824928	0.025887885730824928	0.03213066236703463	0.025887885730824928	0.03743906461385826	0.07975772721486576	0.07975772721486576	0.07975772721486576	0.06426132473406926	0.06426132473406926	0.10448591731268578	0.1118883895819004	0.08205528025331228
UP000001471	0.014778850661304334	0.017545328425633992	0.032324179086938326	0.032324179086938326	0.032324179086938326	0.02722743079446552	0.032324179086938326	0.02722743079446552	0.02722743079446552	0.032324179086938326	0.02722743079446552	0.03967601092762671	0.07674999242725808	0.07674999242725808	0.07674999242725808	0.06464835817387665	0.06464835817387665	0.10665463962964651	0.1090741715141964	0.08219368659951065
UP000000599	0.019596676031358347	0.01187025107923209	0.03146692711059044	0.03146692711059044	0.03146692711059044	0.05194895812839873	0.03146692711059044	0.05194895812839873	0.05194895812839873	0.03146692711059044	0.05194895812839873	0.08430124022543913	0.03812078384078006	0.03812078384078006	0.03812078384078006	0.06293385422118088	0.06293385422118088	0.13447948838093796	0.0695877109513705	0.07480410530041295
UP000008062	0.014346366033356135	0.017788800637882886	0.03213516667123902	0.03213516667123902	0.03213516667123902	0.025916466938569825	0.03213516667123902	0.025916466938569825	0.025916466938569825	0.03213516667123902	0.025916466938569825	0.03748656784378351	0.07969210768088576	0.07969210768088576	0.07969210768088576	0.06427033334247804	0.06427033334247804	0.104533166314404	0.11182727435212478	0.08205913398036092
UP000054270	0.017122415906418643	0.015720580686010097	0.03284299659242874	0.03284299659242874	0.03284299659242874	0.03577167144780456	0.03284299659242874	0.03577167144780456	0.03577167144780456	0.03284299659242874	0.03577167144780456	0.05442092698919049	0.06030819257323171	0.06030819257323171	0.06030819257323171	0.06568599318485747	0.06568599318485747	0.11858008053908069	0.09315118916566044	0.08140657387086757
UP000094569	0.015518603639287953	0.017068362821183635	0.032586966460471586	0.032586966460471586	0.032586966460471586	0.029628161857398336	0.032586966460471586	0.029628161857398336	0.029628161857398336	0.032586966460471586	0.029628161857398336	0.043737720075508725	0.07168250181748853	0.07168250181748853	0.07168250181748853	0.06517393292094317	0.06517393292094317	0.11032069841762947	0.10426946827796012	0.08224229574212681
UP000016934	0.01454020452094348	0.017682764852889332	0.032222969373832816	0.032222969373832816	0.032222969373832816	0.026496340864424858	0.032222969373832816	0.026496340864424858	0.026496340864424858	0.032222969373832816	0.026496340864424858	0.03845247720790624	0.07837457712216112	0.07837457712216112	0.07837457712216112	0.06444593874766563	0.06444593874766563	0.10548248413303397	0.11059754649599393	0.08212870360055496
UP000008066	0.013489959017977542	0.018199820451033317	0.03168977946901086	0.03168977946901086	0.03168977946901086	0.023488903501871147	0.03168977946901086	0.023488903501871147	0.023488903501871147	0.03168977946901086	0.023488903501871147	0.033487847985764756	0.08550779075017641	0.08550779075017641	0.08550779075017641	0.06337955893802172	0.06337955893802172	0.1003584214578704	0.11719757021918727	0.08157937938905503
UP000009097	0.015563715521086997	0.017036647826910042	0.03260036334799704	0.03260036334799704	0.03260036334799704	0.029781843599001122	0.03260036334799704	0.029781843599001122	0.029781843599001122	0.03260036334799704	0.029781843599001122	0.04399997167691525	0.07137124919003163	0.07137124919003163	0.07137124919003163	0.06520072669599408	0.06520072669599408	0.1105462858160822	0.10397161253802867	0.08223737452290411
UP000006564	0.015262220361118198	0.017242712186858036	0.032504932547976234	0.032504932547976234	0.032504932547976234	0.02877142748741173	0.032504932547976234	0.02877142748741173	0.02877142748741173	0.032504932547976234	0.02877142748741173	0.042280634613705265	0.07344582679540408	0.07344582679540408	0.07344582679540408	0.06500986509595247	0.06500986509595247	0.10904351294448239	0.1059507593433803	0.0822525772828105
UP000095358	0.019629287200762083	0.01177426800630496	0.031403555207067044	0.031403555207067044	0.031403555207067044	0.052353947095005564	0.031403555207067044	0.052353947095005564	0.052353947095005564	0.031403555207067044	0.052353947095005564	0.08507860698924903	0.03767369355566266	0.03767369355566266	0.03767369355566266	0.06280711041413409	0.06280711041413409	0.13479034470990173	0.06907724876272969	0.07458137842043903
UP000001610	0.013452838918175334	0.01821558032378109	0.03166841924195642	0.03166841924195642	0.03166841924195642	0.023388227840267402	0.03166841924195642	0.023388227840267402	0.023388227840267402	0.03166841924195642	0.023388227840267402	0.033323616762359475	0.08576013404125017	0.08576013404125017	0.08576013404125017	0.06333683848391285	0.06333683848391285	0.10017790524235559	0.11742855328320659	0.08155241880769393
UP000002311	0.01917410897284347	0.012881338196975138	0.03205544716981861	0.03205544716981861	0.03205544716981861	0.04771512305698646	0.03205544716981861	0.04771512305698646	0.04771512305698646	0.03205544716981861	0.04771512305698646	0.07625613714112946	0.04307027321421013	0.04307027321421013	0.04307027321421013	0.06411089433963722	0.06411089433963722	0.13100012636946715	0.07512572038402875	0.07699223253661236
UP000030669	0.012002155404066905	0.01870314176100526	0.030705297165072164	0.030705297165072164	0.030705297165072164	0.019704162702311855	0.030705297165072164	0.019704162702311855	0.019704162702311855	0.030705297165072164	0.019704162702311855	0.0274061700005568	0.09569706546168233	0.09569706546168233	0.09569706546168233	0.06141059433014433	0.06141059433014433	0.09311691243652309	0.1264023626267545	0.08011373609114958
UP000001611	0.012527479673333751	0.018555193562306636	0.031082673235640384	0.031082673235640384	0.031082673235640384	0.0209853675654114	0.031082673235640384	0.0209853675654114	0.0209853675654114	0.031082673235640384	0.0209853675654114	0.02944325545748904	0.09207678373630195	0.09207678373630195	0.09207678373630195	0.06216534647128077	0.06216534647128077	0.09567819371002592	0.12315945697194233	0.0807205400335874
UP000016935	0.01633243230232579	0.016444858306910008	0.0327772906092358	0.0327772906092358	0.0327772906092358	0.032553207205443635	0.0327772906092358	0.032553207205443635	0.032553207205443635	0.0327772906092358	0.032553207205443635	0.04877398210856149	0.0660058330291119	0.0660058330291119	0.0660058330291119	0.0655545812184716	0.0655545812184716	0.11444022072624103	0.09878312363834768	0.0819994395253816
UP000008142	0.016436060723412384	0.016357109035973108	0.032793169759385496	0.032793169759385496	0.032793169759385496	0.03295145421437642	0.032793169759385496	0.03295145421437642	0.03295145421437642	0.032793169759385496	0.03295145421437642	0.04946684770534045	0.0652712912681524	0.0652712912681524	0.0652712912681524	0.06558633951877099	0.06558633951877099	0.11497385445655979	0.0980644610275379	0.0819434485547441
UP000009138	0.019016044771171588	0.013189390953612315	0.032205435724783904	0.032205435724783904	0.032205435724783904	0.04643277386889876	0.032205435724783904	0.04643277386889876	0.04643277386889876	0.032205435724783904	0.04643277386889876	0.07384950296662593	0.044674914023084454	0.044674914023084454	0.044674914023084454	0.06441087144956781	0.06441087144956781	0.12985969008963816	0.07688034974786838	0.07760026240318013
UP000006701	0.014141528893072573	0.017895530094532014	0.03203705898760459	0.03203705898760459	0.03203705898760459	0.02531654513328505	0.03203705898760459	0.02531654513328505	0.02531654513328505	0.03203705898760459	0.02531654513328505	0.03649156137349753	0.08108319228960091	0.08108319228960091	0.08108319228960091	0.06407411797520918	0.06407411797520918	0.1035321920015668	0.1131202512772055	0.08196964806974119
UP000054279	0.016661767409000872	0.016158770657031033	0.032820538066031905	0.032820538066031905	0.032820538066031905	0.03384218905641423	0.032820538066031905	0.03384218905641423	0.03384218905641423	0.032820538066031905	0.03384218905641423	0.05102261070382758	0.06365945873939771	0.06365945873939771	0.06365945873939771	0.06564107613206381	0.06564107613206381	0.11614503259747892	0.09647999680542962	0.08179984678909484
UP000054317	0.012118384573653879	0.018673183617450836	0.030791568191104717	0.030791568191104717	0.030791568191104717	0.019982884151418984	0.030791568191104717	0.019982884151418984	0.019982884151418984	0.030791568191104717	0.019982884151418984	0.027847383729184088	0.09489327611401137	0.09489327611401137	0.09489327611401137	0.061583136382209434	0.061583136382209434	0.09368440510728229	0.1256848443051161	0.08025631999966026
UP000217790	0.015603304023658185	0.01700855469927509	0.032611858722933276	0.032611858722933276	0.032611858722933276	0.029917459503611115	0.032611858722933276	0.029917459503611115	0.029917459503611115	0.032611858722933276	0.029917459503611115	0.044231614983564045	0.07109783698286198	0.07109783698286198	0.07109783698286198	0.06522371744586655	0.06522371744586655	0.11074448097313584	0.10370969570579526	0.08223227214514163
UP000002428	0.01886127962480367	0.01346728625026626	0.03232856587506993	0.03232856587506993	0.03232856587506993	0.04527698524463489	0.03232856587506993	0.04527698524463489	0.04527698524463489	0.03232856587506993	0.04527698524463489	0.07169269086446611	0.04616633222781014	0.04616633222781014	0.04616633222781014	0.06465713175013986	0.06465713175013986	0.12879539661957842	0.07849489810288009	0.07812441800040612
UP000009297	0.01593229073669661	0.0167653813388471	0.03269767207554371	0.03269767207554371	0.03269767207554371	0.031072888077626776	0.03269767207554371	0.031072888077626776	0.031072888077626776	0.03269767207554371	0.031072888077626776	0.04621348541855694	0.06881483024615247	0.06881483024615247	0.06881483024615247	0.06539534415108741	0.06539534415108741	0.11240052296541081	0.1015125023216962	0.08216072548993453
UP000001628	0.0157776995626715	0.01688184097305352	0.032659540535725014	0.032659540535725014	0.032659540535725014	0.030523473076784744	0.032659540535725014	0.030523473076784744	0.030523473076784744	0.032659540535725014	0.030523473076784744	0.04526924659089799	0.0698901848633945	0.0698901848633945	0.0698901848633945	0.06531908107145003	0.06531908107145003	0.11162025371090628	0.10254972539911951	0.08220092204450356
UP000016936	0.014399464341274136	0.0177602457403374	0.03215971008161154	0.03215971008161154	0.03215971008161154	0.026074109858407975	0.03215971008161154	0.026074109858407975	0.026074109858407975	0.03215971008161154	0.026074109858407975	0.03774875537554181	0.07933133350665843	0.07933133350665843	0.07933133350665843	0.06431942016322308	0.06431942016322308	0.10479299436290518	0.11149104358826996	0.08207966590356047
UP000009328	0.020022320868977827	0.0092962689355876	0.029318589804565427	0.029318589804565427	0.029318589804565427	0.0631464318169326	0.029318589804565427	0.0631464318169326	0.0631464318169326	0.029318589804565427	0.0631464318169326	0.10627054276488737	0.027224965319350737	0.027224965319350737	0.027224965319350737	0.058637179609130854	0.058637179609130854	0.14180593229504126	0.056543555123916164	0.06793344854471846
UP000008177	0.01742901634888029	0.015400909803690082	0.032829926152570375	0.032829926152570375	0.032829926152570375	0.037153215422934524	0.032829926152570375	0.037153215422934524	0.037153215422934524	0.032829926152570375	0.037153215422934524	0.05687741449698875	0.05801942248680314	0.05801942248680314	0.05801942248680314	0.06565985230514075	0.06565985230514075	0.12024208407695557	0.09084934863937351	0.08106076210883084
UP000030671	0.01492687500584918	0.017456167496187575	0.03238304250203675	0.03238304250203675	0.03238304250203675	0.02769093661839426	0.03238304250203675	0.02769093661839426	0.02769093661839426	0.03238304250203675	0.02769093661839426	0.04045499823093934	0.07574040966112533	0.07574040966112533	0.07574040966112533	0.0647660850040735	0.0647660850040735	0.10738389662831695	0.10812345216316209	0.08222225250026108
UP000018087	0.014303640652929113	0.017811510242230967	0.03211515089516008	0.03211515089516008	0.03211515089516008	0.025790265489661658	0.03211515089516008	0.025790265489661658	0.025790265489661658	0.03211515089516008	0.025790265489661658	0.0372768903263942	0.07998234197568407	0.07998234197568407	0.07998234197568407	0.06423030179032016	0.06423030179032016	0.10432420793291092	0.11209749287084417	0.08204181203255112
UP000002485	0.019230146691854043	0.012765068780264458	0.0319952154721185	0.0319952154721185	0.0319952154721185	0.04819971576789029	0.0319952154721185	0.04819971576789029	0.04819971576789029	0.0319952154721185	0.04819971576789029	0.07716928484392654	0.0424771721906815	0.0424771721906815	0.0424771721906815	0.063990430944237	0.063990430944237	0.13142029340398131	0.07447238766280001	0.07675549972450146
UP000006702	0.014480527728529185	0.017715938165422232	0.03219646589395141	0.03219646589395141	0.03219646589395141	0.026316518650306316	0.03219646589395141	0.026316518650306316	0.026316518650306316	0.03219646589395141	0.026316518650306316	0.03815250957208345	0.07878036071829059	0.07878036071829059	0.07878036071829059	0.06439293178790283	0.06439293178790283	0.10518997816673832	0.11097682661224201	0.08210886995332507
UP000001631	0.01571907230425889	0.016924982450013996	0.032644054754272886	0.032644054754272886	0.032644054754272886	0.030318155927315432	0.032644054754272886	0.030318155927315432	0.030318155927315432	0.032644054754272886	0.030318155927315432	0.04491723955037198	0.07029677618617118	0.07029677618617118	0.07029677618617118	0.06528810950854577	0.06528810950854577	0.11132533774012009	0.10294083094044408	0.08221309195855978
UP000054321	0.01711465858420574	0.01572836104552082	0.032843019629726564	0.032843019629726564	0.032843019629726564	0.03573780295418722	0.032843019629726564	0.03573780295418722	0.03573780295418722	0.032843019629726564	0.03573780295418722	0.05436094732416872	0.060365430957317556	0.060365430957317556	0.060365430957317556	0.06568603925945313	0.06568603925945313	0.1185385007978461	0.09320845058704412	0.08141440030497393
UP000008181	0.010149590216026867	0.018965582463856302	0.02911517267988317	0.02911517267988317	0.02911517267988317	0.015581228382141077	0.02911517267988317	0.015581228382141077	0.015581228382141077	0.02911517267988317	0.015581228382141077	0.02101286654825529	0.1088095571657272	0.1088095571657272	0.1088095571657272	0.05823034535976634	0.05823034535976634	0.08396116395793428	0.13792472984561036	0.07719592782362264
UP000000724	0.01508971210988387	0.017354535302987893	0.03244424741287176	0.03244424741287176	0.03244424741287176	0.028210167805403034	0.03244424741287176	0.028210167805403034	0.028210167805403034	0.03244424741287176	0.028210167805403034	0.041330623500922196	0.07462764471652862	0.07462764471652862	0.07462764471652862	0.06488849482574352	0.06488849482574352	0.10818837474103044	0.10707189212940038	0.08224303012873141
UP000030816	0.015423008627133163	0.017134532967888267	0.03255754159502143	0.03255754159502143	0.03255754159502143	0.029305452669139632	0.03255754159502143	0.029305452669139632	0.029305452669139632	0.03255754159502143	0.029305452669139632	0.043187896711146104	0.07234104360570319	0.07234104360570319	0.07234104360570319	0.06511508319004286	0.06511508319004286	0.10984354448631566	0.10489858520072463	0.08224961615793112
UP000269793	0.01454597238136983	0.01767953350498197	0.032225505886351806	0.032225505886351806	0.032225505886351806	0.026513783209633518	0.032225505886351806	0.026513783209633518	0.026513783209633518	0.032225505886351806	0.026513783209633518	0.03848159403789721	0.0783353489330766	0.0783353489330766	0.0783353489330766	0.06445101177270361	0.06445101177270361	0.10551076736370694	0.1105608548194284	0.08213054527768557
UP000009882	0.01446777460029325	0.017722966193454964	0.032190740793748215	0.032190740793748215	0.032190740793748215	0.026278241290806404	0.032190740793748215	0.026278241290806404	0.026278241290806404	0.032190740793748215	0.026278241290806404	0.03808870798131955	0.07886705821616925	0.07886705821616925	0.07886705821616925	0.06438148158749643	0.06438148158749643	0.10512749747859608	0.11105779900991747	0.0821044477809514
UP000001640	0.01983143886784267	0.011060753455508042	0.03089219232335071	0.03089219232335071	0.03089219232335071	0.05538832648413179	0.03089219232335071	0.05538832648413179	0.05538832648413179	0.03089219232335071	0.05538832648413179	0.09094521410042093	0.034459519076327175	0.034459519076327175	0.034459519076327175	0.06178438464670142	0.06178438464670142	0.13700414999867588	0.06535171139967788	0.07284513810220947
UP000054361	0.014030162759808102	0.01795130060414402	0.03198146336395212	0.03198146336395212	0.03198146336395212	0.02499568951508202	0.03198146336395212	0.02499568951508202	0.02499568951508202	0.03198146336395212	0.02499568951508202	0.035961216270355936	0.08183923058274999	0.08183923058274999	0.08183923058274999	0.06396292672790424	0.06396292672790424	0.10298877900279436	0.11382069394670209	0.08191422733204826
UP000218811	0.010768484502048288	0.018923494113711824	0.02969197861576011	0.02969197861576011	0.02969197861576011	0.01689633054221643	0.02969197861576011	0.01689633054221643	0.01689633054221643	0.02969197861576011	0.01689633054221643	0.02302417658238457	0.10435562821359286	0.10435562821359286	0.10435562821359286	0.05938395723152022	0.05938395723152022	0.08704877227578493	0.134047606829353	0.07830745134523205
UP000000741	0.018673834662255587	0.005492304312428113	0.024166138974683702	0.024166138974683702	0.024166138974683702	0.08216487251392462	0.024166138974683702	0.08216487251392462	0.08216487251392462	0.024166138974683702	0.08216487251392462	0.14565591036559367	0.014215375867460998	0.014215375867460998	0.014215375867460998	0.048332277949367404	0.048332277949367404	0.1491709851255476	0.03838151484214469	0.05382458226179551
UP000001742	0.019798998786328428	0.0077442888457523095	0.027543287632080735	0.027543287632080735	0.027543287632080735	0.0704169910576322	0.027543287632080735	0.0704169910576322	0.0704169910576322	0.027543287632080735	0.0704169910576322	0.12103498332893599	0.021546864817402804	0.021546864817402804	0.021546864817402804	0.05508657526416147	0.05508657526416147	0.14530256510812212	0.04909015244948353	0.06283086410991377
UP000184304	0.014667308387937431	0.017610524239095034	0.03227783262703247	0.03227783262703247	0.03227783262703247	0.026883295398095555	0.03227783262703247	0.026883295398095555	0.026883295398095555	0.03227783262703247	0.026883295398095555	0.03909928240825367	0.07750972964218725	0.07750972964218725	0.07750972964218725	0.06455566525406493	0.06455566525406493	0.10610626904009791	0.10978756226921971	0.08216618949315997
UP000000819	0.017004352567234985	0.015837444127137577	0.03284179669437256	0.03284179669437256	0.03284179669437256	0.03526159179786146	0.03284179669437256	0.03526159179786146	0.03526159179786146	0.03284179669437256	0.03526159179786146	0.05351883102848794	0.06117611571806094	0.06117611571806094	0.06117611571806094	0.06568359338874512	0.06568359338874512	0.11794953775384157	0.0940179124124335	0.0815210375158827
UP000006706	0.014329102200811935	0.017798005390840147	0.03212710759165208	0.03212710759165208	0.03212710759165208	0.025865404464602927	0.03212710759165208	0.025865404464602927	0.025865404464602927	0.03212710759165208	0.025865404464602927	0.03740170672839392	0.07980938737053954	0.07980938737053954	0.07980938737053954	0.06425421518330417	0.06425421518330417	0.10444872184871903	0.11193649496219163	0.08205222057414431
UP000011064	0.013317485593419965	0.018271633371788682	0.03158911896520864	0.03158911896520864	0.03158911896520864	0.023024084829631888	0.03158911896520864	0.023024084829631888	0.023024084829631888	0.03158911896520864	0.023024084829631888	0.03273068406584381	0.08668074708566462	0.08668074708566462	0.08668074708566462	0.06317823793041728	0.06317823793041728	0.09951980835346913	0.11826986605087327	0.08144987130220598
UP000031176	0.01480259488543823	0.01753123044359413	0.03233382532903236	0.03233382532903236	0.03233382532903236	0.027301250701263578	0.03233382532903236	0.027301250701263578	0.027301250701263578	0.03233382532903236	0.027301250701263578	0.03979990651708892	0.07658815867801887	0.07658815867801887	0.07658815867801887	0.06466765065806472	0.06466765065806472	0.10677149624476652	0.10892198400705122	0.08219888110165884
UP000011185	0.01831993759056964	0.014306979872364697	0.03262691746293434	0.03262691746293434	0.03262691746293434	0.04177842542773008	0.03262691746293434	0.04177842542773008	0.04177842542773008	0.03262691746293434	0.04177842542773008	0.06523691326489052	0.05096007004737743	0.05096007004737743	0.05096007004737743	0.06525383492586868	0.06525383492586868	0.12535219794416838	0.08358698751031178	0.07956081479823338
UP000001743	0.013913940134812465	0.01800783066295403	0.0319217707977665	0.0319217707977665	0.0319217707977665	0.024664692610146276	0.0319217707977665	0.024664692610146276	0.024664692610146276	0.0319217707977665	0.024664692610146276	0.035415445085480085	0.08262818977488116	0.08262818977488116	0.08262818977488116	0.063843541595533	0.063843541595533	0.10242217434049174	0.11454996057264767	0.08185137225848702
UP000054383	0.01653772630763297	0.01626902028269847	0.03280674659033144	0.03280674659033144	0.03280674659033144	0.033348596702639455	0.03280674659033144	0.033348596702639455	0.033348596702639455	0.03280674659033144	0.033348596702639455	0.05015946709764593	0.06454740098596345	0.06454740098596345	0.06454740098596345	0.06561349318066288	0.06561349318066288	0.1154998161909353	0.09735414757629489	0.08188251346336134
UP000001744	0.017665628604852844	0.015136609809022067	0.03280223841387491	0.03280223841387491	0.03280223841387491	0.03828282346830141	0.03280223841387491	0.03828282346830141	0.03828282346830141	0.03280223841387491	0.03828282346830141	0.05890001833174999	0.05621251242618608	0.05621251242618608	0.05621251242618608	0.06560447682774982	0.06560447682774982	0.12155292890090408	0.089014750840061	0.08074108663677189
UP000033540	0.014411793625201653	0.017753562559479647	0.0321653561846813	0.0321653561846813	0.0321653561846813	0.02611084246678191	0.0321653561846813	0.02611084246678191	0.02611084246678191	0.0321653561846813	0.02611084246678191	0.03780989130836217	0.07924754935070684	0.07924754935070684	0.07924754935070684	0.0643307123693626	0.0643307123693626	0.10485334846134617	0.11141290553538814	0.08208427492884225
UP000006753	0.012203772198963441	0.018650170555078414	0.03085394275404186	0.03085394275404186	0.03085394275404186	0.020189332193943702	0.03085394275404186	0.020189332193943702	0.020189332193943702	0.03085394275404186	0.020189332193943702	0.028174892188923963	0.09430384069417194	0.09430384069417194	0.09430384069417194	0.06170788550808372	0.06170788550808372	0.09410098990099086	0.1251577834482138	0.08035805606316213
UP000219338	0.01598846187688339	0.01672207540991163	0.03271053728679502	0.03271053728679502	0.03271053728679502	0.03127549455208794	0.03271053728679502	0.03127549455208794	0.03127549455208794	0.03271053728679502	0.03127549455208794	0.0465625272272925	0.06842285085588684	0.06842285085588684	0.06842285085588684	0.06542107457359005	0.06542107457359005	0.11268503100256139	0.10113338814268186	0.08214314998350168
UP000184499	0.014629966204588101	0.01763197322890272	0.03226193943349082	0.03226193943349082	0.03226193943349082	0.02676904493212029	0.03226193943349082	0.02676904493212029	0.02676904493212029	0.03226193943349082	0.02676904493212029	0.03890812365965248	0.07776390518597326	0.07776390518597326	0.07776390518597326	0.06452387886698165	0.06452387886698165	0.10592289000369004	0.11002584461946409	0.08215585209588437
