	AAA	AAC	AAG	AAT	ACA	ACC	ACG	ACT	AGA	AGC	AGG	AGT	ATA	ATC	ATG	ATT	CAA	CAC	CAG	CAT	CCA	CCC	CCG	CCT	CGA	CGC	CGG	CGT	CTA	CTC	CTG	CTT	GAA	GAC	GAG	GAT	GCA	GCC	GCG	GCT	GGA	GGC	GGG	GGT	GTA	GTC	GTG	GTT	TAA	TAC	TAG	TAT	TCA	TCC	TCG	TCT	TGA	TGC	TGG	TGT	TTA	TTC	TTG	TTT
AAA	1160.0	549.0	736.0	675.0	314.0	533.0	323.0	308.0	154.0	398.0	98.0	289.0	242.0	844.0	806.0	910.0	503.0	292.0	563.0	404.0	249.0	257.0	385.0	318.0	133.0	478.0	216.0	283.0	156.0	438.0	711.0	501.0	1387.0	704.0	776.0	1085.0	660.0	868.0	600.0	630.0	373.0	780.0	321.0	573.0	363.0	534.0	621.0	591.0	42.0	420.0	15.0	612.0	254.0	263.0	259.0	278.0	31.0	158.0	387.0	148.0	320.0	568.0	503.0	855.0
AAC	549.0	806.0	770.0	458.0	215.0	1018.0	510.0	214.0	81.0	559.0	95.0	180.0	131.0	1315.0	880.0	556.0	339.0	411.0	921.0	296.0	164.0	422.0	654.0	184.0	118.0	878.0	365.0	312.0	109.0	647.0	1486.0	343.0	1006.0	1079.0	1000.0	788.0	459.0	1443.0	943.0	426.0	326.0	1320.0	412.0	517.0	234.0	841.0	1044.0	405.0	17.0	616.0	8.0	449.0	169.0	423.0	421.0	167.0	23.0	236.0	501.0	88.0	168.0	856.0	395.0	476.0
AAG	736.0	770.0	1168.0	491.0	216.0	929.0	533.0	223.0	92.0	542.0	124.0	207.0	140.0	1294.0	989.0	656.0	367.0	413.0	1005.0	354.0	186.0	472.0	672.0	219.0	133.0	795.0	403.0	392.0	116.0	660.0	1561.0	394.0	1206.0	1067.0	1276.0	948.0	508.0	1463.0	1042.0	495.0	351.0	1248.0	491.0	631.0	249.0	817.0	1088.0	454.0	30.0	630.0	17.0	522.0	173.0	465.0	409.0	205.0	39.0	239.0	501.0	105.0	183.0	862.0	481.0	567.0
AAT	675.0	458.0	491.0	506.0	230.0	452.0	284.0	230.0	108.0	335.0	75.0	202.0	178.0	694.0	618.0	657.0	363.0	215.0	486.0	322.0	166.0	198.0	327.0	212.0	96.0	354.0	188.0	211.0	105.0	332.0	623.0	370.0	881.0	556.0	618.0	825.0	441.0	706.0	541.0	441.0	283.0	653.0	281.0	423.0	242.0	442.0	584.0	423.0	17.0	319.0	7.0	489.0	174.0	215.0	233.0	197.0	15.0	134.0	319.0	99.0	213.0	472.0	389.0	587.0
ACA	314.0	215.0	216.0	230.0	142.0	256.0	173.0	123.0	57.0	173.0	44.0	102.0	81.0	304.0	270.0	291.0	182.0	123.0	238.0	138.0	105.0	132.0	198.0	116.0	59.0	205.0	109.0	107.0	63.0	199.0	328.0	185.0	412.0	297.0	294.0	368.0	252.0	396.0	307.0	227.0	160.0	326.0	155.0	214.0	124.0	231.0	270.0	200.0	9.0	147.0	4.0	188.0	105.0	124.0	123.0	102.0	11.0	67.0	160.0	48.0	113.0	216.0	190.0	261.0
ACC	533.0	1018.0	929.0	452.0	256.0	1342.0	695.0	214.0	92.0	766.0	115.0	200.0	128.0	1541.0	1097.0	547.0	369.0	531.0	1236.0	368.0	204.0	619.0	907.0	241.0	163.0	1191.0	475.0	404.0	107.0	819.0	2019.0	380.0	1327.0	1318.0	1219.0	946.0	597.0	1900.0	1304.0	496.0	426.0	1853.0	559.0	670.0	255.0	1004.0	1353.0	392.0	14.0	687.0	9.0	454.0	177.0	572.0	537.0	166.0	22.0	312.0	657.0	103.0	138.0	1064.0	470.0	462.0
ACG	323.0	510.0	533.0	284.0	173.0	695.0	462.0	139.0	66.0	433.0	83.0	138.0	89.0	820.0	628.0	344.0	229.0	295.0	686.0	229.0	136.0	321.0	551.0	164.0	109.0	599.0	326.0	256.0	69.0	438.0	1098.0	244.0	685.0	730.0	725.0	576.0	384.0	1030.0	791.0	326.0	279.0	971.0	390.0	418.0	166.0	569.0	795.0	260.0	10.0	363.0	7.0	282.0	119.0	324.0	342.0	115.0	18.0	172.0	356.0	69.0	85.0	556.0	329.0	312.0
ACT	308.0	214.0	223.0	230.0	123.0	214.0	139.0	120.0	48.0	151.0	36.0	95.0	74.0	281.0	257.0	284.0	167.0	105.0	206.0	127.0	88.0	106.0	164.0	117.0	48.0	161.0	88.0	96.0	54.0	154.0	263.0	167.0	407.0	264.0	269.0	351.0	226.0	326.0	248.0	229.0	147.0	296.0	132.0	213.0	123.0	189.0	233.0	212.0	8.0	142.0	3.0	195.0	96.0	114.0	106.0	105.0	8.0	60.0	132.0	46.0	98.0	197.0	171.0	248.0
AGA	154.0	81.0	92.0	108.0	57.0	92.0	66.0	48.0	42.0	71.0	28.0	49.0	47.0	121.0	125.0	133.0	87.0	53.0	99.0	66.0	47.0	53.0	76.0	51.0	35.0	86.0	51.0	59.0	31.0	80.0	132.0	81.0	189.0	115.0	132.0	167.0	105.0	156.0	124.0	95.0	67.0	129.0	66.0	89.0	51.0	94.0	109.0	87.0	7.0	62.0	4.0	92.0	49.0	50.0	51.0	50.0	9.0	31.0	69.0	26.0	61.0	82.0	88.0	121.0
AGC	398.0	559.0	542.0	335.0	173.0	766.0	433.0	151.0	71.0	500.0	91.0	150.0	99.0	967.0	660.0	388.0	267.0	304.0	754.0	229.0	129.0	364.0	542.0	151.0	108.0	703.0	319.0	238.0	82.0	531.0	1222.0	270.0	746.0	765.0	807.0	587.0	376.0	1167.0	853.0	323.0	284.0	1013.0	390.0	382.0	176.0	645.0	848.0	283.0	12.0	404.0	8.0	335.0	128.0	359.0	337.0	122.0	19.0	195.0	411.0	69.0	127.0	637.0	312.0	356.0
AGG	98.0	95.0	124.0	75.0	44.0	115.0	83.0	36.0	28.0	91.0	36.0	42.0	31.0	158.0	140.0	90.0	66.0	59.0	137.0	58.0	39.0	71.0	108.0	44.0	36.0	120.0	77.0	60.0	24.0	100.0	222.0	66.0	168.0	151.0	180.0	140.0	94.0	200.0	162.0	81.0	74.0	166.0	88.0	87.0	43.0	113.0	149.0	67.0	5.0	75.0	4.0	71.0	38.0	63.0	67.0	35.0	11.0	40.0	88.0	22.0	36.0	106.0	83.0	87.0
AGT	289.0	180.0	207.0	202.0	102.0	200.0	138.0	95.0	49.0	150.0	42.0	96.0	78.0	274.0	240.0	266.0	144.0	98.0	203.0	111.0	71.0	100.0	163.0	89.0	48.0	169.0	104.0	88.0	52.0	162.0	299.0	163.0	361.0	245.0	270.0	319.0	206.0	311.0	264.0	187.0	138.0	286.0	142.0	195.0	111.0	206.0	256.0	186.0	7.0	140.0	4.0	180.0	81.0	108.0	112.0	87.0	9.0	57.0	140.0	43.0	99.0	198.0	180.0	253.0
ATA	242.0	131.0	140.0	178.0	81.0	128.0	89.0	74.0	47.0	99.0	31.0	78.0	78.0	174.0	177.0	208.0	130.0	71.0	132.0	99.0	66.0	76.0	105.0	74.0	43.0	106.0	60.0	74.0	47.0	106.0	173.0	114.0	277.0	177.0	182.0	253.0	146.0	209.0	166.0	133.0	108.0	203.0	91.0	138.0	77.0	123.0	148.0	128.0	8.0	82.0	3.0	139.0	74.0	72.0	73.0	69.0	7.0	40.0	94.0	33.0	92.0	120.0	124.0	193.0
ATC	844.0	1315.0	1294.0	694.0	304.0	1541.0	820.0	281.0	121.0	967.0	158.0	274.0	174.0	1880.0	1470.0	751.0	536.0	705.0	1629.0	501.0	270.0	780.0	1255.0	307.0	207.0	1472.0	607.0	540.0	143.0	955.0	2511.0	483.0	1666.0	1732.0	1707.0	1341.0	718.0	2270.0	1613.0	667.0	585.0	2366.0	786.0	918.0	316.0	1163.0	1661.0	533.0	23.0	843.0	13.0	596.0	248.0	724.0	663.0	238.0	29.0	358.0	769.0	126.0	206.0	1232.0	593.0	661.0
ATG	806.0	880.0	989.0	618.0	270.0	1097.0	628.0	257.0	125.0	660.0	140.0	240.0	177.0	1470.0	1138.0	717.0	432.0	511.0	1120.0	421.0	236.0	574.0	872.0	285.0	167.0	1077.0	491.0	421.0	137.0	770.0	1729.0	484.0	1328.0	1205.0	1317.0	1074.0	614.0	1787.0	1235.0	569.0	469.0	1633.0	618.0	707.0	282.0	954.0	1241.0	510.0	19.0	623.0	12.0	584.0	223.0	552.0	534.0	242.0	27.0	279.0	614.0	120.0	225.0	960.0	548.0	687.0
ATT	910.0	556.0	656.0	657.0	291.0	547.0	344.0	284.0	133.0	388.0	90.0	266.0	208.0	751.0	717.0	810.0	437.0	274.0	564.0	377.0	229.0	265.0	417.0	303.0	109.0	463.0	213.0	264.0	135.0	376.0	683.0	437.0	1246.0	729.0	761.0	1048.0	569.0	841.0	640.0	545.0	407.0	826.0	367.0	588.0	297.0	459.0	625.0	517.0	22.0	346.0	9.0	503.0	234.0	267.0	279.0	285.0	17.0	141.0	344.0	117.0	235.0	515.0	452.0	719.0
CAA	503.0	339.0	367.0	363.0	182.0	369.0	229.0	167.0	87.0	267.0	66.0	144.0	130.0	536.0	432.0	437.0	328.0	194.0	417.0	200.0	138.0	196.0	297.0	165.0	92.0	359.0	190.0	165.0	104.0	331.0	533.0	306.0	732.0	478.0	492.0	565.0	359.0	632.0	466.0	329.0	223.0	516.0	210.0	298.0	182.0	364.0	416.0	298.0	16.0	245.0	7.0	318.0	152.0	187.0	185.0	149.0	18.0	102.0	238.0	69.0	159.0	362.0	282.0	409.0
CAC	292.0	411.0	413.0	215.0	123.0	531.0	295.0	105.0	53.0	304.0	59.0	98.0	71.0	705.0	511.0	274.0	194.0	286.0	506.0	221.0	110.0	264.0	396.0	120.0	83.0	561.0	235.0	202.0	59.0	354.0	897.0	194.0	632.0	569.0	554.0	469.0	275.0	795.0	562.0	233.0	199.0	755.0	255.0	296.0	138.0	436.0	597.0	201.0	9.0	294.0	5.0	238.0	90.0	229.0	220.0	83.0	13.0	157.0	305.0	58.0	86.0	444.0	236.0	240.0
CAG	563.0	921.0	1005.0	486.0	238.0	1236.0	686.0	206.0	99.0	754.0	137.0	203.0	132.0	1629.0	1120.0	564.0	417.0	506.0	1480.0	389.0	193.0	594.0	932.0	241.0	179.0	1291.0	641.0	425.0	122.0	937.0	2230.0	415.0	1247.0	1325.0	1508.0	990.0	577.0	1989.0	1422.0	511.0	424.0	1723.0	640.0	632.0	253.0	1048.0	1434.0	416.0	18.0	667.0	13.0	509.0	176.0	584.0	566.0	174.0	34.0	306.0	656.0	101.0	153.0	1042.0	528.0	511.0
CAT	404.0	296.0	354.0	322.0	138.0	368.0	229.0	127.0	66.0	229.0	58.0	111.0	99.0	501.0	421.0	377.0	200.0	221.0	389.0	240.0	114.0	196.0	291.0	137.0	80.0	336.0	207.0	168.0	70.0	289.0	561.0	237.0	613.0	468.0	508.0	548.0	284.0	590.0	440.0	258.0	200.0	498.0	231.0	278.0	142.0	352.0	474.0	250.0	9.0	238.0	5.0	315.0	107.0	181.0	185.0	113.0	12.0	115.0	249.0	68.0	115.0	340.0	252.0	348.0
CCA	249.0	164.0	186.0	166.0	105.0	204.0	136.0	88.0	47.0	129.0	39.0	71.0	66.0	270.0	236.0	229.0	138.0	110.0	193.0	114.0	114.0	126.0	204.0	106.0	55.0	188.0	101.0	93.0	53.0	169.0	278.0	143.0	329.0	250.0	258.0	281.0	203.0	338.0	265.0	184.0	127.0	272.0	121.0	168.0	103.0	202.0	231.0	163.0	7.0	135.0	4.0	160.0	85.0	109.0	103.0	79.0	9.0	60.0	150.0	42.0	83.0	194.0	146.0	209.0
CCC	257.0	422.0	472.0	198.0	132.0	619.0	321.0	106.0	53.0	364.0	71.0	100.0	76.0	780.0	574.0	265.0	196.0	264.0	594.0	196.0	126.0	366.0	483.0	157.0	91.0	561.0	265.0	231.0	61.0	435.0	1030.0	204.0	625.0	599.0	594.0	469.0	323.0	961.0	666.0	267.0	215.0	783.0	276.0	304.0	138.0	515.0	655.0	203.0	9.0	343.0	6.0	237.0	95.0	285.0	232.0	90.0	14.0	177.0	361.0	61.0	70.0	497.0	263.0	242.0
CCG	385.0	654.0	672.0	327.0	198.0	907.0	551.0	164.0	76.0	542.0	108.0	163.0	105.0	1255.0	872.0	417.0	297.0	396.0	932.0	291.0	204.0	483.0	868.0	245.0	138.0	833.0	444.0	339.0	88.0	617.0	1704.0	307.0	984.0	970.0	1013.0	731.0	505.0	1378.0	1083.0	430.0	347.0	1240.0	502.0	481.0	207.0	785.0	1186.0	338.0	15.0	536.0	10.0	378.0	145.0	447.0	425.0	133.0	23.0	271.0	550.0	101.0	87.0	863.0	440.0	389.0
CCT	318.0	184.0	219.0	212.0	116.0	241.0	164.0	117.0	51.0	151.0	44.0	89.0	74.0	307.0	285.0	303.0	165.0	120.0	241.0	137.0	106.0	157.0	245.0	136.0	61.0	227.0	126.0	109.0	58.0	189.0	340.0	179.0	416.0	298.0	317.0	362.0	238.0	407.0	316.0	225.0	147.0	329.0	152.0	206.0	115.0	233.0	283.0	203.0	7.0	156.0	4.0	206.0	96.0	129.0	128.0	100.0	10.0	73.0	165.0	50.0	105.0	227.0	182.0	280.0
CGA	133.0	118.0	133.0	96.0	59.0	163.0	109.0	48.0	35.0	108.0	36.0	48.0	43.0	207.0	167.0	109.0	92.0	83.0	179.0	80.0	55.0	91.0	138.0	61.0	58.0	182.0	95.0	90.0	33.0	130.0	286.0	98.0	218.0	191.0	219.0	192.0	127.0	277.0	221.0	114.0	96.0	233.0	106.0	117.0	61.0	154.0	191.0	91.0	5.0	97.0	4.0	88.0	49.0	85.0	88.0	44.0	10.0	49.0	107.0	26.0	46.0	140.0	110.0	111.0
CGC	478.0	878.0	795.0	354.0	205.0	1191.0	599.0	161.0	86.0	703.0	120.0	169.0	106.0	1472.0	1077.0	463.0	359.0	561.0	1291.0	336.0	188.0	561.0	833.0	227.0	182.0	1316.0	499.0	497.0	97.0	747.0	2158.0	345.0	1274.0	1237.0	1307.0	851.0	546.0	1759.0	1273.0	476.0	396.0	1635.0	590.0	624.0	231.0	936.0	1401.0	336.0	18.0	650.0	13.0	380.0	150.0	565.0	467.0	137.0	25.0	311.0	633.0	98.0	82.0	943.0	454.0	395.0
CGG	216.0	365.0	403.0	188.0	109.0	475.0	326.0	88.0	51.0	319.0	77.0	104.0	60.0	607.0	491.0	213.0	190.0	235.0	641.0	207.0	101.0	265.0	444.0	126.0	95.0	499.0	312.0	248.0	56.0	338.0	952.0	191.0	613.0	520.0	644.0	496.0	286.0	780.0	619.0	246.0	200.0	657.0	309.0	280.0	116.0	405.0	614.0	186.0	11.0	274.0	9.0	215.0	90.0	237.0	229.0	80.0	21.0	140.0	317.0	55.0	45.0	385.0	277.0	202.0
CGT	283.0	312.0	392.0	211.0	107.0	404.0	256.0	96.0	59.0	238.0	60.0	88.0	74.0	540.0	421.0	264.0	165.0	202.0	425.0	168.0	93.0	231.0	339.0	109.0	90.0	497.0	248.0	230.0	54.0	346.0	657.0	188.0	554.0	537.0	571.0	426.0	266.0	727.0	572.0	235.0	200.0	622.0	238.0	308.0	123.0	409.0	512.0	195.0	9.0	247.0	6.0	203.0	86.0	198.0	214.0	88.0	15.0	107.0	238.0	51.0	89.0	371.0	229.0	229.0
CTA	156.0	109.0	116.0	105.0	63.0	107.0	69.0	54.0	31.0	82.0	24.0	52.0	47.0	143.0	137.0	135.0	104.0	59.0	122.0	70.0	53.0	61.0	88.0	58.0	33.0	97.0	56.0	54.0	38.0	91.0	152.0	94.0	238.0	149.0	156.0	192.0	123.0	180.0	130.0	108.0	88.0	154.0	72.0	102.0	61.0	98.0	117.0	100.0	6.0	76.0	3.0	93.0	53.0	57.0	55.0	48.0	5.0	31.0	75.0	23.0	61.0	103.0	96.0	129.0
CTC	438.0	647.0	660.0	332.0	199.0	819.0	438.0	154.0	80.0	531.0	100.0	162.0	106.0	955.0	770.0	376.0	331.0	354.0	937.0	289.0	169.0	435.0	617.0	189.0	130.0	747.0	338.0	346.0	91.0	552.0	1454.0	297.0	971.0	878.0	947.0	746.0	471.0	1225.0	861.0	386.0	342.0	1095.0	406.0	475.0	197.0	604.0	839.0	289.0	13.0	422.0	7.0	317.0	143.0	378.0	320.0	123.0	17.0	197.0	442.0	74.0	94.0	629.0	354.0	340.0
CTG	711.0	1486.0	1561.0	623.0	328.0	2019.0	1098.0	263.0	132.0	1222.0	222.0	299.0	173.0	2511.0	1729.0	683.0	533.0	897.0	2230.0	561.0	278.0	1030.0	1704.0	340.0	286.0	2158.0	952.0	657.0	152.0	1454.0	3520.0	543.0	2038.0	2291.0	2551.0	1471.0	894.0	3292.0	2439.0	727.0	704.0	3032.0	1097.0	1015.0	353.0	1665.0	2294.0	534.0	23.0	982.0	19.0	618.0	244.0	1053.0	909.0	220.0	46.0	480.0	1054.0	147.0	156.0	1699.0	766.0	647.0
CTT	501.0	343.0	394.0	370.0	185.0	380.0	244.0	167.0	81.0	270.0	66.0	163.0	114.0	483.0	484.0	437.0	306.0	194.0	415.0	237.0	143.0	204.0	307.0	179.0	98.0	345.0	191.0	188.0	94.0	297.0	543.0	304.0	759.0	500.0	549.0	670.0	380.0	625.0	472.0	353.0	245.0	536.0	261.0	355.0	169.0	331.0	445.0	314.0	14.0	230.0	7.0	321.0	156.0	200.0	199.0	155.0	14.0	98.0	251.0	73.0	159.0	340.0	306.0	416.0
GAA	1387.0	1006.0	1206.0	881.0	412.0	1327.0	685.0	407.0	189.0	746.0	168.0	361.0	277.0	1666.0	1328.0	1246.0	732.0	632.0	1247.0	613.0	329.0	625.0	984.0	416.0	218.0	1274.0	613.0	554.0	238.0	971.0	2038.0	759.0	2202.0	1608.0	1736.0	1676.0	955.0	2195.0	1508.0	904.0	553.0	1765.0	654.0	890.0	454.0	1246.0	1469.0	859.0	40.0	807.0	18.0	904.0	339.0	588.0	551.0	359.0	47.0	336.0	705.0	187.0	397.0	1131.0	813.0	1088.0
GAC	704.0	1079.0	1067.0	556.0	297.0	1318.0	730.0	264.0	115.0	765.0	151.0	245.0	177.0	1732.0	1205.0	729.0	478.0	569.0	1325.0	468.0	250.0	599.0	970.0	298.0	191.0	1237.0	520.0	537.0	149.0	878.0	2291.0	500.0	1608.0	1400.0	1334.0	1202.0	711.0	1895.0	1349.0	614.0	481.0	1685.0	569.0	732.0	367.0	1089.0	1412.0	550.0	21.0	789.0	11.0	624.0	219.0	575.0	479.0	200.0	26.0	351.0	721.0	137.0	191.0	1086.0	594.0	614.0
GAG	776.0	1000.0	1276.0	618.0	294.0	1219.0	725.0	269.0	132.0	807.0	180.0	270.0	182.0	1707.0	1317.0	761.0	492.0	554.0	1508.0	508.0	258.0	594.0	1013.0	317.0	219.0	1307.0	644.0	571.0	156.0	947.0	2551.0	549.0	1736.0	1334.0	1670.0	1339.0	748.0	1937.0	1548.0	678.0	520.0	1691.0	651.0	783.0	358.0	1055.0	1553.0	585.0	26.0	737.0	17.0	670.0	231.0	579.0	539.0	225.0	40.0	352.0	742.0	155.0	201.0	1066.0	678.0	698.0
GAT	1085.0	788.0	948.0	825.0	368.0	946.0	576.0	351.0	167.0	587.0	140.0	319.0	253.0	1341.0	1074.0	1048.0	565.0	469.0	990.0	548.0	281.0	469.0	731.0	362.0	192.0	851.0	496.0	426.0	192.0	746.0	1471.0	670.0	1676.0	1202.0	1339.0	1520.0	795.0	1513.0	1129.0	735.0	506.0	1282.0	558.0	777.0	390.0	926.0	1213.0	749.0	24.0	642.0	12.0	841.0	299.0	462.0	441.0	314.0	26.0	259.0	590.0	165.0	328.0	903.0	707.0	946.0
GCA	660.0	459.0	508.0	441.0	252.0	597.0	384.0	226.0	105.0	376.0	94.0	206.0	146.0	718.0	614.0	569.0	359.0	275.0	577.0	284.0	203.0	323.0	505.0	238.0	127.0	546.0	286.0	266.0	123.0	471.0	894.0	380.0	955.0	711.0	748.0	795.0	598.0	1076.0	840.0	525.0	346.0	841.0	352.0	497.0	244.0	567.0	692.0	430.0	18.0	334.0	9.0	375.0	197.0	301.0	298.0	197.0	22.0	156.0	343.0	95.0	214.0	503.0	398.0	493.0
GCC	868.0	1443.0	1463.0	706.0	396.0	1900.0	1030.0	326.0	156.0	1167.0	200.0	311.0	209.0	2270.0	1787.0	841.0	632.0	795.0	1989.0	590.0	338.0	961.0	1378.0	407.0	277.0	1759.0	780.0	727.0	180.0	1225.0	3292.0	625.0	2195.0	1895.0	1937.0	1513.0	1076.0	3302.0	2183.0	914.0	721.0	2667.0	921.0	1071.0	421.0	1518.0	2124.0	642.0	24.0	938.0	15.0	687.0	290.0	912.0	758.0	263.0	33.0	489.0	1012.0	171.0	197.0	1485.0	837.0	718.0
GCG	600.0	943.0	1042.0	541.0	307.0	1304.0	791.0	248.0	124.0	853.0	162.0	264.0	166.0	1613.0	1235.0	640.0	466.0	562.0	1422.0	440.0	265.0	666.0	1083.0	316.0	221.0	1273.0	619.0	572.0	130.0	861.0	2439.0	472.0	1508.0	1349.0	1548.0	1129.0	840.0	2183.0	1722.0	694.0	572.0	1855.0	810.0	838.0	331.0	1072.0	1763.0	510.0	20.0	670.0	14.0	516.0	220.0	706.0	641.0	209.0	31.0	334.0	699.0	140.0	152.0	1122.0	684.0	567.0
GCT	630.0	426.0	495.0	441.0	227.0	496.0	326.0	229.0	95.0	323.0	81.0	187.0	133.0	667.0	569.0	545.0	329.0	233.0	511.0	258.0	184.0	267.0	430.0	225.0	114.0	476.0	246.0	235.0	108.0	386.0	727.0	353.0	904.0	614.0	678.0	735.0	525.0	914.0	694.0	512.0	307.0	736.0	321.0	473.0	236.0	487.0	570.0	406.0	16.0	299.0	7.0	376.0	184.0	266.0	256.0	206.0	17.0	135.0	295.0	91.0	200.0	454.0	370.0	499.0
GGA	373.0	326.0	351.0	283.0	160.0	426.0	279.0	147.0	67.0	284.0	74.0	138.0	108.0	585.0	469.0	407.0	223.0	199.0	424.0	200.0	127.0	215.0	347.0	147.0	96.0	396.0	200.0	200.0	88.0	342.0	704.0	245.0	553.0	481.0	520.0	506.0	346.0	721.0	572.0	307.0	302.0	657.0	298.0	402.0	178.0	426.0	552.0	291.0	12.0	269.0	7.0	277.0	134.0	217.0	216.0	125.0	20.0	127.0	300.0	74.0	140.0	402.0	290.0	357.0
GGC	780.0	1320.0	1248.0	653.0	326.0	1853.0	971.0	296.0	129.0	1013.0	166.0	286.0	203.0	2366.0	1633.0	826.0	516.0	755.0	1723.0	498.0	272.0	783.0	1240.0	329.0	233.0	1635.0	657.0	622.0	154.0	1095.0	3032.0	536.0	1765.0	1685.0	1691.0	1282.0	841.0	2667.0	1855.0	736.0	657.0	2686.0	874.0	1076.0	418.0	1531.0	2171.0	629.0	21.0	1007.0	13.0	673.0	231.0	799.0	713.0	230.0	28.0	459.0	946.0	159.0	176.0	1440.0	699.0	721.0
GGG	321.0	412.0	491.0	281.0	155.0	559.0	390.0	132.0	66.0	390.0	88.0	142.0	91.0	786.0	618.0	367.0	210.0	255.0	640.0	231.0	121.0	276.0	502.0	152.0	106.0	590.0	309.0	238.0	72.0	406.0	1097.0	261.0	654.0	569.0	651.0	558.0	352.0	921.0	810.0	321.0	298.0	874.0	382.0	400.0	181.0	556.0	805.0	282.0	9.0	326.0	7.0	303.0	117.0	276.0	288.0	113.0	20.0	162.0	387.0	80.0	106.0	504.0	331.0	350.0
GGT	573.0	517.0	631.0	423.0	214.0	670.0	418.0	213.0	89.0	382.0	87.0	195.0	138.0	918.0	707.0	588.0	298.0	296.0	632.0	278.0	168.0	304.0	481.0	206.0	117.0	624.0	280.0	308.0	102.0	475.0	1015.0	355.0	890.0	732.0	783.0	777.0	497.0	1071.0	838.0	473.0	402.0	1076.0	400.0	674.0	254.0	663.0	863.0	450.0	13.0	418.0	7.0	415.0	170.0	314.0	323.0	190.0	16.0	174.0	409.0	103.0	178.0	640.0	406.0	522.0
GTA	363.0	234.0	249.0	242.0	124.0	255.0	166.0	123.0	51.0	176.0	43.0	111.0	77.0	316.0	282.0	297.0	182.0	138.0	253.0	142.0	103.0	138.0	207.0	115.0	61.0	231.0	116.0	123.0	61.0	197.0	353.0	169.0	454.0	367.0	358.0	390.0	244.0	421.0	331.0	236.0	178.0	418.0	181.0	254.0	120.0	245.0	310.0	222.0	9.0	167.0	5.0	193.0	101.0	132.0	132.0	101.0	9.0	70.0	167.0	47.0	115.0	232.0	190.0	260.0
GTC	534.0	841.0	817.0	442.0	231.0	1004.0	569.0	189.0	94.0	645.0	113.0	206.0	123.0	1163.0	954.0	459.0	364.0	436.0	1048.0	352.0	202.0	515.0	785.0	233.0	154.0	936.0	405.0	409.0	98.0	604.0	1665.0	331.0	1246.0	1089.0	1055.0	926.0	567.0	1518.0	1072.0	487.0	426.0	1531.0	556.0	663.0	245.0	808.0	1125.0	374.0	15.0	539.0	8.0	399.0	175.0	495.0	426.0	155.0	19.0	250.0	525.0	95.0	114.0	767.0	430.0	422.0
GTG	621.0	1044.0	1088.0	584.0	270.0	1353.0	795.0	233.0	109.0	848.0	149.0	256.0	148.0	1661.0	1241.0	625.0	416.0	597.0	1434.0	474.0	231.0	655.0	1186.0	283.0	191.0	1401.0	614.0	512.0	117.0	839.0	2294.0	445.0	1469.0	1412.0	1553.0	1213.0	692.0	2124.0	1763.0	570.0	552.0	2171.0	805.0	863.0	310.0	1125.0	1628.0	468.0	18.0	682.0	13.0	559.0	209.0	669.0	672.0	204.0	31.0	338.0	708.0	125.0	164.0	1126.0	590.0	579.0
GTT	591.0	405.0	454.0	423.0	200.0	392.0	260.0	212.0	87.0	283.0	67.0	186.0	128.0	533.0	510.0	517.0	298.0	201.0	416.0	250.0	163.0	203.0	338.0	203.0	91.0	336.0	186.0	195.0	100.0	289.0	534.0	314.0	859.0	550.0	585.0	749.0	430.0	642.0	510.0	406.0	291.0	629.0	282.0	450.0	222.0	374.0	468.0	404.0	16.0	257.0	7.0	342.0	171.0	212.0	215.0	194.0	14.0	104.0	254.0	87.0	183.0	377.0	333.0	457.0
TAA	42.0	17.0	30.0	17.0	9.0	14.0	10.0	8.0	7.0	12.0	5.0	7.0	8.0	23.0	19.0	22.0	16.0	9.0	18.0	9.0	7.0	9.0	15.0	7.0	5.0	18.0	11.0	9.0	6.0	13.0	23.0	14.0	40.0	21.0	26.0	24.0	18.0	24.0	20.0	16.0	12.0	21.0	9.0	13.0	9.0	15.0	18.0	16.0	0.0	12.0	0.0	15.0	8.0	8.0	7.0	7.0	0.0	4.0	13.0	3.0	11.0	17.0	15.0	19.0
TAC	420.0	616.0	630.0	319.0	147.0	687.0	363.0	142.0	62.0	404.0	75.0	140.0	82.0	843.0	623.0	346.0	245.0	294.0	667.0	238.0	135.0	343.0	536.0	156.0	97.0	650.0	274.0	247.0	76.0	422.0	982.0	230.0	807.0	789.0	737.0	642.0	334.0	938.0	670.0	299.0	269.0	1007.0	326.0	418.0	167.0	539.0	682.0	257.0	12.0	456.0	7.0	331.0	118.0	301.0	289.0	115.0	16.0	168.0	381.0	68.0	109.0	571.0	272.0	324.0
TAG	15.0	8.0	17.0	7.0	4.0	9.0	7.0	3.0	4.0	8.0	4.0	4.0	3.0	13.0	12.0	9.0	7.0	5.0	13.0	5.0	4.0	6.0	10.0	4.0	4.0	13.0	9.0	6.0	3.0	7.0	19.0	7.0	18.0	11.0	17.0	12.0	9.0	15.0	14.0	7.0	7.0	13.0	7.0	7.0	5.0	8.0	13.0	7.0	0.0	7.0	0.0	7.0	4.0	5.0	6.0	3.0	0.0	3.0	9.0	2.0	4.0	9.0	9.0	9.0
TAT	612.0	449.0	522.0	489.0	188.0	454.0	282.0	195.0	92.0	335.0	71.0	180.0	139.0	596.0	584.0	503.0	318.0	238.0	509.0	315.0	160.0	237.0	378.0	206.0	88.0	380.0	215.0	203.0	93.0	317.0	618.0	321.0	904.0	624.0	670.0	841.0	375.0	687.0	516.0	376.0	277.0	673.0	303.0	415.0	193.0	399.0	559.0	342.0	15.0	331.0	7.0	486.0	158.0	218.0	229.0	170.0	15.0	131.0	333.0	90.0	161.0	439.0	335.0	506.0
TCA	254.0	169.0	173.0	174.0	105.0	177.0	119.0	96.0	49.0	128.0	38.0	81.0	74.0	248.0	223.0	234.0	152.0	90.0	176.0	107.0	85.0	95.0	145.0	96.0	49.0	150.0	90.0	86.0	53.0	143.0	244.0	156.0	339.0	219.0	231.0	299.0	197.0	290.0	220.0	184.0	134.0	231.0	117.0	170.0	101.0	175.0	209.0	171.0	8.0	118.0	4.0	158.0	90.0	100.0	101.0	90.0	9.0	50.0	126.0	39.0	98.0	175.0	158.0	218.0
TCC	263.0	423.0	465.0	215.0	124.0	572.0	324.0	114.0	50.0	359.0	63.0	108.0	72.0	724.0	552.0	267.0	187.0	229.0	584.0	181.0	109.0	285.0	447.0	129.0	85.0	565.0	237.0	198.0	57.0	378.0	1053.0	200.0	588.0	575.0	579.0	462.0	301.0	912.0	706.0	266.0	217.0	799.0	276.0	314.0	132.0	495.0	669.0	212.0	8.0	301.0	5.0	218.0	100.0	282.0	261.0	106.0	13.0	144.0	304.0	55.0	82.0	478.0	237.0	230.0
TCG	259.0	421.0	409.0	233.0	123.0	537.0	342.0	106.0	51.0	337.0	67.0	112.0	73.0	663.0	534.0	279.0	185.0	220.0	566.0	185.0	103.0	232.0	425.0	128.0	88.0	467.0	229.0	214.0	55.0	320.0	909.0	199.0	551.0	479.0	539.0	441.0	298.0	758.0	641.0	256.0	216.0	713.0	288.0	323.0	132.0	426.0	672.0	215.0	7.0	289.0	6.0	229.0	101.0	261.0	280.0	97.0	13.0	132.0	283.0	58.0	74.0	430.0	256.0	254.0
TCT	278.0	167.0	205.0	197.0	102.0	166.0	115.0	105.0	50.0	122.0	35.0	87.0	69.0	238.0	242.0	285.0	149.0	83.0	174.0	113.0	79.0	90.0	133.0	100.0	44.0	137.0	80.0	88.0	48.0	123.0	220.0	155.0	359.0	200.0	225.0	314.0	197.0	263.0	209.0	206.0	125.0	230.0	113.0	190.0	101.0	155.0	204.0	194.0	7.0	115.0	3.0	170.0	90.0	106.0	97.0	108.0	7.0	48.0	117.0	41.0	100.0	165.0	167.0	252.0
TGA	31.0	23.0	39.0	15.0	11.0	22.0	18.0	8.0	9.0	19.0	11.0	9.0	7.0	29.0	27.0	17.0	18.0	13.0	34.0	12.0	9.0	14.0	23.0	10.0	10.0	25.0	21.0	15.0	5.0	17.0	46.0	14.0	47.0	26.0	40.0	26.0	22.0	33.0	31.0	17.0	20.0	28.0	20.0	16.0	9.0	19.0	31.0	14.0	0.0	16.0	0.0	15.0	9.0	13.0	13.0	7.0	0.0	7.0	19.0	4.0	8.0	21.0	19.0	17.0
TGC	158.0	236.0	239.0	134.0	67.0	312.0	172.0	60.0	31.0	195.0	40.0	57.0	40.0	358.0	279.0	141.0	102.0	157.0	306.0	115.0	60.0	177.0	271.0	73.0	49.0	311.0	140.0	107.0	31.0	197.0	480.0	98.0	336.0	351.0	352.0	259.0	156.0	489.0	334.0	135.0	127.0	459.0	162.0	174.0	70.0	250.0	338.0	104.0	4.0	168.0	3.0	131.0	50.0	144.0	132.0	48.0	7.0	168.0	176.0	59.0	43.0	243.0	117.0	129.0
TGG	387.0	501.0	501.0	319.0	160.0	657.0	356.0	132.0	69.0	411.0	88.0	140.0	94.0	769.0	614.0	344.0	238.0	305.0	656.0	249.0	150.0	361.0	550.0	165.0	107.0	633.0	317.0	238.0	75.0	442.0	1054.0	251.0	705.0	721.0	742.0	590.0	343.0	1012.0	699.0	295.0	300.0	946.0	387.0	409.0	167.0	525.0	708.0	254.0	13.0	381.0	9.0	333.0	126.0	304.0	283.0	117.0	19.0	176.0	512.0	71.0	106.0	586.0	298.0	377.0
TGT	148.0	88.0	105.0	99.0	48.0	103.0	69.0	46.0	26.0	69.0	22.0	43.0	33.0	126.0	120.0	117.0	69.0	58.0	101.0	68.0	42.0	61.0	101.0	50.0	26.0	98.0	55.0	51.0	23.0	74.0	147.0	73.0	187.0	137.0	155.0	165.0	95.0	171.0	140.0	91.0	74.0	159.0	80.0	103.0	47.0	95.0	125.0	87.0	3.0	68.0	2.0	90.0	39.0	55.0	58.0	41.0	4.0	59.0	71.0	44.0	49.0	92.0	82.0	116.0
TTA	320.0	168.0	183.0	213.0	113.0	138.0	85.0	98.0	61.0	127.0	36.0	99.0	92.0	206.0	225.0	235.0	159.0	86.0	153.0	115.0	83.0	70.0	87.0	105.0	46.0	82.0	45.0	89.0	61.0	94.0	156.0	159.0	397.0	191.0	201.0	328.0	214.0	197.0	152.0	200.0	140.0	176.0	106.0	178.0	115.0	114.0	164.0	183.0	11.0	109.0	4.0	161.0	98.0	82.0	74.0	100.0	8.0	43.0	106.0	49.0	110.0	147.0	177.0	252.0
TTC	568.0	856.0	862.0	472.0	216.0	1064.0	556.0	197.0	82.0	637.0	106.0	198.0	120.0	1232.0	960.0	515.0	362.0	444.0	1042.0	340.0	194.0	497.0	863.0	227.0	140.0	943.0	385.0	371.0	103.0	629.0	1699.0	340.0	1131.0	1086.0	1066.0	903.0	503.0	1485.0	1122.0	454.0	402.0	1440.0	504.0	640.0	232.0	767.0	1126.0	377.0	17.0	571.0	9.0	439.0	175.0	478.0	430.0	165.0	21.0	243.0	586.0	92.0	147.0	896.0	426.0	499.0
TTG	503.0	395.0	481.0	389.0	190.0	470.0	329.0	171.0	88.0	312.0	83.0	180.0	124.0	593.0	548.0	452.0	282.0	236.0	528.0	252.0	146.0	263.0	440.0	182.0	110.0	454.0	277.0	229.0	96.0	354.0	766.0	306.0	813.0	594.0	678.0	707.0	398.0	837.0	684.0	370.0	290.0	699.0	331.0	406.0	190.0	430.0	590.0	333.0	15.0	272.0	9.0	335.0	158.0	237.0	256.0	167.0	19.0	117.0	298.0	82.0	177.0	426.0	382.0	457.0
TTT	855.0	476.0	567.0	587.0	261.0	462.0	312.0	248.0	121.0	356.0	87.0	253.0	193.0	661.0	687.0	719.0	409.0	240.0	511.0	348.0	209.0	242.0	389.0	280.0	111.0	395.0	202.0	229.0	129.0	340.0	647.0	416.0	1088.0	614.0	698.0	946.0	493.0	718.0	567.0	499.0	357.0	721.0	350.0	522.0	260.0	422.0	579.0	457.0	19.0	324.0	9.0	506.0	218.0	230.0	254.0	252.0	17.0	129.0	377.0	116.0	252.0	499.0	457.0	816.0
