Proteome_ID	M	W	C	D	E	F	H	K	N	Q	Y	I	A	G	P	T	V	L	R	S
UP000000278	0.04572407901170227	0.032788660162531506	0.032788660162531506	0.032788660162531506	0.032788660162531506	0.04572407901170227	0.032788660162531506	0.04572407901170227	0.04572407901170227	0.032788660162531506	0.04572407901170227	0.04572407901170227	0.047025386120027865	0.047025386120027865	0.047025386120027865	0.06557732032506301	0.06557732032506301	0.11130139933676529	0.047025386120027865	0.0983659804875945
UP000000280	0.040876359820376997	0.03320513382920834	0.03320513382920834	0.03320513382920834	0.03320513382920834	0.040876359820376997	0.03320513382920834	0.040876359820376997	0.040876359820376997	0.03320513382920834	0.040876359820376997	0.040876359820376997	0.053947118454809	0.053947118454809	0.053947118454809	0.06641026765841668	0.06641026765841668	0.10728662747879368	0.053947118454809	0.09961540148762503
UP000000287	0.037240615102325604	0.033354736570048886	0.033354736570048886	0.033354736570048886	0.033354736570048886	0.037240615102325604	0.033354736570048886	0.037240615102325604	0.037240615102325604	0.033354736570048886	0.037240615102325604	0.037240615102325604	0.05974866143324689	0.05974866143324689	0.05974866143324689	0.06670947314009777	0.06670947314009777	0.10395008824242337	0.05974866143324689	0.10006420971014666
UP000000327	0.04571835150781329	0.03278928442943144	0.03278928442943144	0.03278928442943144	0.03278928442943144	0.04571835150781329	0.03278928442943144	0.04571835150781329	0.04571835150781329	0.03278928442943144	0.04571835150781329	0.04571835150781329	0.047033068250958834	0.047033068250958834	0.047033068250958834	0.06557856885886287	0.06557856885886287	0.11129692036667616	0.047033068250958834	0.09836785328829431
UP000000339	0.04089242528080133	0.03320414493495913	0.03320414493495913	0.03320414493495913	0.03320414493495913	0.04089242528080133	0.03320414493495913	0.04089242528080133	0.04089242528080133	0.03320414493495913	0.04089242528080133	0.04089242528080133	0.05392271225250092	0.05392271225250092	0.05392271225250092	0.06640828986991826	0.06640828986991826	0.1073007151507196	0.05392271225250092	0.0996124348048774
UP000000344	0.05885558067557351	0.03067438555496894	0.03067438555496894	0.03067438555496894	0.03067438555496894	0.05885558067557351	0.03067438555496894	0.05885558067557351	0.05885558067557351	0.03067438555496894	0.05885558067557351	0.05885558067557351	0.03197378798661284	0.03197378798661284	0.03197378798661284	0.06134877110993788	0.06134877110993788	0.12020435178551142	0.03197378798661284	0.09202315666490683
UP000000348	0.04136160736235377	0.03317405713090759	0.03317405713090759	0.03317405713090759	0.03317405713090759	0.04136160736235377	0.03317405713090759	0.04136160736235377	0.04136160736235377	0.03317405713090759	0.04136160736235377	0.04136160736235377	0.053214472874977437	0.053214472874977437	0.053214472874977437	0.06634811426181518	0.06634811426181518	0.10770972162416895	0.053214472874977437	0.09952217139272275
UP000000349	0.04094159401140198	0.03320110129776256	0.03320110129776256	0.03320110129776256	0.03320110129776256	0.04094159401140198	0.03320110129776256	0.04094159401140198	0.04094159401140198	0.03320110129776256	0.04094159401140198	0.04094159401140198	0.053848080613436954	0.053848080613436954	0.053848080613436954	0.06640220259552512	0.06640220259552512	0.10734379660692711	0.053848080613436954	0.0996033038932877
UP000000350	0.034081323170709395	0.033353450389906523	0.033353450389906523	0.033353450389906523	0.033353450389906523	0.034081323170709395	0.033353450389906523	0.034081323170709395	0.034081323170709395	0.033353450389906523	0.034081323170709395	0.034081323170709395	0.06528224548910905	0.06528224548910905	0.06528224548910905	0.06670690077981305	0.06670690077981305	0.10078822395052245	0.06528224548910905	0.10006035116971958
UP000000351	0.039382717539899144	0.033284815146658354	0.033284815146658354	0.033284815146658354	0.033284815146658354	0.039382717539899144	0.033284815146658354	0.039382717539899144	0.039382717539899144	0.033284815146658354	0.039382717539899144	0.039382717539899144	0.05626218750520764	0.05626218750520764	0.05626218750520764	0.06656963029331671	0.06656963029331671	0.10595234783321586	0.05626218750520764	0.09985444543997507
UP000000352	0.022776432487034075	0.03202387310942293	0.03202387310942293	0.03202387310942293	0.03202387310942293	0.022776432487034075	0.03202387310942293	0.022776432487034075	0.022776432487034075	0.03202387310942293	0.022776432487034075	0.022776432487034075	0.09005171898735441	0.09005171898735441	0.09005171898735441	0.06404774621884586	0.06404774621884586	0.08682417870587994	0.09005171898735441	0.09607161932826881
UP000000353	0.03496788372558273	0.033367150533894906	0.033367150533894906	0.033367150533894906	0.033367150533894906	0.03496788372558273	0.033367150533894906	0.03496788372558273	0.03496788372558273	0.033367150533894906	0.03496788372558273	0.03496788372558273	0.06367938897812433	0.06367938897812433	0.06367938897812433	0.06673430106778981	0.06673430106778981	0.10170218479337254	0.06367938897812433	0.1001014516016847
UP000000354	0.046142121443715	0.03274230035025323	0.03274230035025323	0.03274230035025323	0.03274230035025323	0.046142121443715	0.03274230035025323	0.046142121443715	0.046142121443715	0.03274230035025323	0.046142121443715	0.046142121443715	0.04646766116004913	0.04646766116004913	0.04646766116004913	0.06548460070050646	0.06548460070050646	0.11162672214422147	0.04646766116004913	0.09822690105075971
UP000000355	0.04949667875888529	0.03231569781128911	0.03231569781128911	0.03231569781128911	0.03231569781128911	0.04949667875888529	0.03231569781128911	0.04949667875888529	0.04949667875888529	0.03231569781128911	0.04949667875888529	0.04949667875888529	0.04219694537961659	0.04219694537961659	0.04219694537961659	0.06463139562257822	0.06463139562257822	0.11412807438146351	0.04219694537961659	0.09694709343386733
UP000000356	0.039061325432048905	0.03329871581256808	0.03329871581256808	0.03329871581256808	0.03329871581256808	0.039061325432048905	0.03329871581256808	0.039061325432048905	0.039061325432048905	0.03329871581256808	0.039061325432048905	0.039061325432048905	0.05677249619678414	0.05677249619678414	0.05677249619678414	0.06659743162513616	0.06659743162513616	0.10565875705718507	0.05677249619678414	0.09989614743770425
UP000000357	0.040969431250761176	0.03319936670320302	0.03319936670320302	0.03319936670320302	0.03319936670320302	0.040969431250761176	0.03319936670320302	0.040969431250761176	0.040969431250761176	0.03319936670320302	0.040969431250761176	0.040969431250761176	0.05380587017415661	0.05380587017415661	0.05380587017415661	0.06639873340640604	0.06639873340640604	0.10736816465716721	0.05380587017415661	0.09959810010960905
UP000000358	0.04081197501360406	0.033209069312592175	0.033209069312592175	0.033209069312592175	0.033209069312592175	0.04081197501360406	0.033209069312592175	0.04081197501360406	0.04081197501360406	0.033209069312592175	0.04081197501360406	0.04081197501360406	0.05404503380397226	0.05404503380397226	0.05404503380397226	0.06641813862518435	0.06641813862518435	0.10723011363878841	0.05404503380397226	0.09962720793777653
UP000000359	0.04116317786380432	0.03318706606559324	0.03318706606559324	0.03318706606559324	0.03318706606559324	0.04116317786380432	0.03318706606559324	0.04116317786380432	0.04116317786380432	0.03318706606559324	0.04116317786380432	0.04116317786380432	0.05351294099236779	0.05351294099236779	0.05351294099236779	0.06637413213118648	0.06637413213118648	0.1075373099949908	0.05351294099236779	0.0995611981967797
UP000000360	0.03375198900597893	0.03334557546580205	0.03334557546580205	0.03334557546580205	0.03334557546580205	0.03375198900597893	0.03334557546580205	0.03375198900597893	0.03375198900597893	0.03334557546580205	0.03375198900597893	0.03375198900597893	0.06588811124277917	0.06588811124277917	0.06588811124277917	0.0666911509316041	0.0666911509316041	0.10044313993758303	0.06588811124277917	0.10003672639740614
UP000000369	0.029822871718864406	0.033125697387397374	0.033125697387397374	0.033125697387397374	0.033125697387397374	0.029822871718864406	0.033125697387397374	0.029822871718864406	0.029822871718864406	0.033125697387397374	0.029822871718864406	0.029822871718864406	0.07358860928924713	0.07358860928924713	0.07358860928924713	0.06625139477479475	0.06625139477479475	0.09607426649365917	0.07358860928924713	0.09937709216219215
UP000000372	0.05003361351494188	0.032238799566541944	0.032238799566541944	0.032238799566541944	0.032238799566541944	0.05003361351494188	0.032238799566541944	0.05003361351494188	0.05003361351494188	0.032238799566541944	0.05003361351494188	0.05003361351494188	0.041545677974319406	0.041545677974319406	0.041545677974319406	0.06447759913308389	0.06447759913308389	0.11451121264802577	0.041545677974319406	0.09671639869962585
UP000000373	0.04522411322198536	0.03284203297500761	0.03284203297500761	0.03284203297500761	0.03284203297500761	0.04522411322198536	0.03284203297500761	0.04522411322198536	0.04522411322198536	0.03284203297500761	0.04522411322198536	0.04522411322198536	0.04770017820524711	0.04770017820524711	0.04770017820524711	0.06568406595001522	0.06568406595001522	0.11090817917200058	0.04770017820524711	0.09852609892502281
UP000000375	0.027920771665268344	0.032927082347295994	0.032927082347295994	0.032927082347295994	0.032927082347295994	0.027920771665268344	0.032927082347295994	0.027920771665268344	0.027920771665268344	0.032927082347295994	0.027920771665268344	0.027920771665268344	0.0776620907834204	0.0776620907834204	0.0776620907834204	0.06585416469459199	0.06585416469459199	0.09377493635986034	0.0776620907834204	0.09878124704188798
UP000000394	0.030226148284043065	0.0331596311262455	0.0331596311262455	0.0331596311262455	0.0331596311262455	0.030226148284043065	0.0331596311262455	0.030226148284043065	0.030226148284043065	0.0331596311262455	0.030226148284043065	0.030226148284043065	0.07275562377950404	0.07275562377950404	0.07275562377950404	0.066319262252491	0.066319262252491	0.09654541053653407	0.07275562377950404	0.0994788933787365
UP000000395	0.046209171491204855	0.03273471940923651	0.03273471940923651	0.03273471940923651	0.03273471940923651	0.046209171491204855	0.03273471940923651	0.046209171491204855	0.046209171491204855	0.03273471940923651	0.046209171491204855	0.046209171491204855	0.046378752105754574	0.046378752105754574	0.046378752105754574	0.06546943881847302	0.06546943881847302	0.11167861030967788	0.046378752105754574	0.09820415822770953
UP000000396	0.04289713399805952	0.033059648342444445	0.033059648342444445	0.033059648342444445	0.033059648342444445	0.04289713399805952	0.033059648342444445	0.04289713399805952	0.04289713399805952	0.033059648342444445	0.04289713399805952	0.04289713399805952	0.05095633421922919	0.05095633421922919	0.05095633421922919	0.06611929668488889	0.06611929668488889	0.1090164306829484	0.05095633421922919	0.09917894502733333
UP000000398	0.02730458879556928	0.03284838388603602	0.03284838388603602	0.03284838388603602	0.03284838388603602	0.02730458879556928	0.03284838388603602	0.02730458879556928	0.02730458879556928	0.03284838388603602	0.02730458879556928	0.02730458879556928	0.07903553003511869	0.07903553003511869	0.07903553003511869	0.06569676777207203	0.06569676777207203	0.0930013565676413	0.07903553003511869	0.09854515165810805
UP000000399	0.012930953181531778	0.028089447322263338	0.028089447322263338	0.028089447322263338	0.028089447322263338	0.012930953181531778	0.028089447322263338	0.012930953181531778	0.012930953181531778	0.028089447322263338	0.012930953181531778	0.012930953181531778	0.12203540447383188	0.12203540447383188	0.12203540447383188	0.056178894644526675	0.056178894644526675	0.06910984782605845	0.12203540447383188	0.08426834196679
UP000000400	0.018224973855693136	0.03065735032164975	0.03065735032164975	0.03065735032164975	0.03065735032164975	0.018224973855693136	0.03065735032164975	0.018224973855693136	0.018224973855693136	0.03065735032164975	0.018224973855693136	0.018224973855693136	0.10314123204635045	0.10314123204635045	0.10314123204635045	0.0613147006432995	0.0613147006432995	0.07953967449899264	0.10314123204635045	0.09197205096494923
UP000000401	0.024597839260271044	0.032411080553035855	0.032411080553035855	0.032411080553035855	0.032411080553035855	0.024597839260271044	0.032411080553035855	0.024597839260271044	0.024597839260271044	0.032411080553035855	0.024597839260271044	0.024597839260271044	0.08541222922064122	0.08541222922064122	0.08541222922064122	0.06482216110607171	0.06482216110607171	0.08942000036634276	0.08541222922064122	0.09723324165910756
UP000000409	0.042839292395139554	0.03306439036700904	0.03306439036700904	0.03306439036700904	0.03306439036700904	0.042839292395139554	0.03306439036700904	0.042839292395139554	0.042839292395139554	0.03306439036700904	0.042839292395139554	0.042839292395139554	0.05103977443222187	0.05103977443222187	0.05103977443222187	0.06612878073401808	0.06612878073401808	0.10896807312915764	0.05103977443222187	0.09919317110102713
UP000000410	0.031002412674338717	0.033217306764285824	0.033217306764285824	0.033217306764285824	0.033217306764285824	0.031002412674338717	0.033217306764285824	0.031002412674338717	0.031002412674338717	0.033217306764285824	0.031002412674338717	0.031002412674338717	0.07118087745383542	0.07118087745383542	0.07118087745383542	0.06643461352857165	0.06643461352857165	0.09743702620291035	0.07118087745383542	0.09965192029285748
UP000000411	0.03823137463237511	0.03332911600203124	0.03332911600203124	0.03332911600203124	0.03332911600203124	0.03823137463237511	0.03332911600203124	0.03823137463237511	0.03823137463237511	0.03332911600203124	0.03823137463237511	0.03823137463237511	0.05811090938572642	0.05811090938572642	0.05811090938572642	0.06665823200406248	0.06665823200406248	0.10488960663643758	0.05811090938572642	0.09998734800609371
UP000000412	0.02978507852131189	0.033122375302776154	0.033122375302776154	0.033122375302776154	0.033122375302776154	0.02978507852131189	0.033122375302776154	0.02978507852131189	0.02978507852131189	0.033122375302776154	0.02978507852131189	0.02978507852131189	0.07366720520229363	0.07366720520229363	0.07366720520229363	0.06624475060555231	0.06624475060555231	0.09602982912686421	0.07366720520229363	0.09936712590832845
UP000000413	0.04187989472596062	0.03313813814371969	0.03313813814371969	0.03313813814371969	0.03313813814371969	0.04187989472596062	0.03313813814371969	0.04187989472596062	0.04187989472596062	0.03313813814371969	0.04187989472596062	0.04187989472596062	0.05244216619062009	0.05244216619062009	0.05244216619062009	0.06627627628743939	0.06627627628743939	0.10815617101340001	0.05244216619062009	0.09941441443115907
UP000000414	0.025241736438302048	0.03252934060148624	0.03252934060148624	0.03252934060148624	0.03252934060148624	0.025241736438302048	0.03252934060148624	0.025241736438302048	0.025241736438302048	0.03252934060148624	0.025241736438302048	0.025241736438302048	0.08384193397739803	0.08384193397739803	0.08384193397739803	0.06505868120297248	0.06505868120297248	0.09030041764127451	0.08384193397739803	0.0975880218044587
UP000000469	0.04838541597499558	0.03246747251496681	0.03246747251496681	0.03246747251496681	0.03246747251496681	0.04838541597499558	0.03246747251496681	0.04838541597499558	0.04838541597499558	0.03246747251496681	0.04838541597499558	0.04838541597499558	0.043572500112632195	0.043572500112632195	0.043572500112632195	0.06493494502993362	0.06493494502993362	0.11332036100492919	0.043572500112632195	0.09740241754490041
UP000000470	0.036643095335928605	0.03336439209588228	0.03336439209588228	0.03336439209588228	0.03336439209588228	0.036643095335928605	0.03336439209588228	0.036643095335928605	0.036643095335928605	0.03336439209588228	0.036643095335928605	0.036643095335928605	0.06075811280256638	0.06075811280256638	0.06075811280256638	0.06672878419176456	0.06672878419176456	0.10337187952769315	0.06075811280256638	0.10009317628764684
UP000000472	0.04654085111969179	0.032696632962545234	0.032696632962545234	0.032696632962545234	0.032696632962545234	0.04654085111969179	0.032696632962545234	0.04654085111969179	0.04654085111969179	0.032696632962545234	0.04654085111969179	0.04654085111969179	0.0459411369309947	0.0459411369309947	0.0459411369309947	0.06539326592509047	0.06539326592509047	0.11193411704478225	0.0459411369309947	0.09808989888763568
UP000000473	0.02408893014262455	0.032310917066954395	0.032310917066954395	0.032310917066954395	0.032310917066954395	0.02408893014262455	0.032310917066954395	0.02408893014262455	0.02408893014262455	0.032310917066954395	0.02408893014262455	0.02408893014262455	0.08667843324932809	0.08667843324932809	0.08667843324932809	0.06462183413390879	0.06462183413390879	0.08871076427653334	0.08667843324932809	0.09693275120086318
UP000000477	0.033887031588527856	0.03334898998422229	0.03334898998422229	0.03334898998422229	0.03334898998422229	0.033887031588527856	0.03334898998422229	0.033887031588527856	0.033887031588527856	0.03334898998422229	0.033887031588527856	0.033887031588527856	0.06563898227924268	0.06563898227924268	0.06563898227924268	0.06669797996844458	0.06669797996844458	0.10058501155697243	0.06563898227924268	0.10004696995266686
UP000000513	0.05854014106122938	0.030739317055732247	0.030739317055732247	0.030739317055732247	0.030739317055732247	0.05854014106122938	0.030739317055732247	0.05854014106122938	0.05854014106122938	0.030739317055732247	0.05854014106122938	0.05854014106122938	0.032282314183852696	0.032282314183852696	0.032282314183852696	0.061478634111464495	0.061478634111464495	0.12001877517269385	0.032282314183852696	0.09221795116719674
UP000000514	0.05430731505972631	0.0315486106736447	0.0315486106736447	0.0315486106736447	0.0315486106736447	0.05430731505972631	0.0315486106736447	0.05430731505972631	0.05430731505972631	0.0315486106736447	0.05430731505972631	0.05430731505972631	0.03665490861931131	0.03665490861931131	0.03665490861931131	0.0630972213472894	0.0630972213472894	0.1174045364070157	0.03665490861931131	0.09464583202093411
UP000000515	0.03951854795198093	0.03327858892191944	0.03327858892191944	0.03327858892191944	0.03327858892191944	0.03951854795198093	0.03327858892191944	0.03951854795198093	0.03951854795198093	0.03327858892191944	0.03951854795198093	0.03951854795198093	0.05604783262683545	0.05604783262683545	0.05604783262683545	0.06655717784383888	0.06655717784383888	0.10607572579581982	0.05604783262683545	0.09983576676575831
UP000000516	0.05828904872807751	0.030790560623801744	0.030790560623801744	0.030790560623801744	0.030790560623801744	0.05828904872807751	0.030790560623801744	0.05828904872807751	0.05828904872807751	0.030790560623801744	0.05828904872807751	0.05828904872807751	0.03252956238660782	0.03252956238660782	0.03252956238660782	0.06158112124760349	0.06158112124760349	0.119870169975681	0.03252956238660782	0.09237168187140524
UP000000518	0.022310453549824492	0.031911509407737126	0.031911509407737126	0.031911509407737126	0.031911509407737126	0.022310453549824492	0.031911509407737126	0.022310453549824492	0.022310453549824492	0.031911509407737126	0.022310453549824492	0.022310453549824492	0.09128854600879291	0.09128854600879291	0.09128854600879291	0.06382301881547425	0.06382301881547425	0.08613347236529874	0.09128854600879291	0.09573452822321138
UP000000519	0.032030439855553684	0.03327874970039674	0.03327874970039674	0.03327874970039674	0.03327874970039674	0.032030439855553684	0.03327874970039674	0.032030439855553684	0.032030439855553684	0.03327874970039674	0.032030439855553684	0.032030439855553684	0.0691514188762933	0.0691514188762933	0.0691514188762933	0.06655749940079347	0.06655749940079347	0.09858793925634717	0.0691514188762933	0.09983624910119021
UP000000520	0.04457413749006719	0.032907986528219045	0.032907986528219045	0.032907986528219045	0.032907986528219045	0.04457413749006719	0.032907986528219045	0.04457413749006719	0.04457413749006719	0.032907986528219045	0.04457413749006719	0.04457413749006719	0.048590309911560964	0.048590309911560964	0.048590309911560964	0.06581597305643809	0.06581597305643809	0.11039011054650529	0.048590309911560964	0.09872395958465714
UP000000521	0.03821648853930577	0.033329587826534515	0.033329587826534515	0.033329587826534515	0.033329587826534515	0.03821648853930577	0.033329587826534515	0.03821648853930577	0.03821648853930577	0.033329587826534515	0.03821648853930577	0.03821648853930577	0.05813519070671047	0.05813519070671047	0.05813519070671047	0.06665917565306903	0.06665917565306903	0.1048756641923748	0.05813519070671047	0.09998876347960356
UP000000522	0.043154091210619513	0.03303818161075789	0.03303818161075789	0.03303818161075789	0.03303818161075789	0.043154091210619513	0.03303818161075789	0.043154091210619513	0.043154091210619513	0.03303818161075789	0.043154091210619513	0.043154091210619513	0.05058715934107379	0.05058715934107379	0.05058715934107379	0.06607636322151578	0.06607636322151578	0.10923045443213529	0.05058715934107379	0.09911454483227365
UP000000568	0.03886301765537394	0.03330670492461765	0.03330670492461765	0.03330670492461765	0.03330670492461765	0.03886301765537394	0.03330670492461765	0.03886301765537394	0.03886301765537394	0.03330670492461765	0.03886301765537394	0.03886301765537394	0.05708957563577938	0.05708957563577938	0.05708957563577938	0.0666134098492353	0.0666134098492353	0.10547642750460927	0.05708957563577938	0.09992011477385296
UP000000569	0.03171199319943025	0.03326149367535856	0.03326149367535856	0.03326149367535856	0.03326149367535856	0.03171199319943025	0.03326149367535856	0.03171199319943025	0.03171199319943025	0.03326149367535856	0.03171199319943025	0.03171199319943025	0.06977341061840249	0.06977341061840249	0.06977341061840249	0.06652298735071711	0.06652298735071711	0.09823498055014736	0.06977341061840249	0.09978448102607565
UP000000570	0.028301140051467853	0.032972061167086834	0.032972061167086834	0.032972061167086834	0.032972061167086834	0.028301140051467853	0.032972061167086834	0.028301140051467853	0.028301140051467853	0.032972061167086834	0.028301140051467853	0.028301140051467853	0.07682777553335558	0.07682777553335558	0.07682777553335558	0.06594412233417367	0.06594412233417367	0.09424526238564152	0.07682777553335558	0.09891618350126052
UP000000571	0.011903912876442138	0.027421717691506396	0.027421717691506396	0.027421717691506396	0.027421717691506396	0.011903912876442138	0.027421717691506396	0.011903912876442138	0.011903912876442138	0.027421717691506396	0.011903912876442138	0.011903912876442138	0.12633671112307723	0.12633671112307723	0.12633671112307723	0.05484343538301279	0.05484343538301279	0.06674734825945494	0.12633671112307723	0.0822651530745192
UP000000572	0.03628707863621299	0.033368016799903776	0.033368016799903776	0.033368016799903776	0.033368016799903776	0.03628707863621299	0.033368016799903776	0.03628707863621299	0.03628707863621299	0.033368016799903776	0.03628707863621299	0.03628707863621299	0.06136754938698809	0.06136754938698809	0.06136754938698809	0.06673603359980755	0.06673603359980755	0.10302311223602055	0.06136754938698809	0.10010405039971133
UP000000573	0.03401691199816207	0.03335203057660409	0.03335203057660409	0.03335203057660409	0.03335203057660409	0.03401691199816207	0.03335203057660409	0.03401691199816207	0.03401691199816207	0.03335203057660409	0.03401691199816207	0.03401691199816207	0.06540028934095103	0.06540028934095103	0.06540028934095103	0.06670406115320818	0.06670406115320818	0.10072097315137024	0.06540028934095103	0.10005609172981227
UP000000574	0.03401050303753479	0.03335188611473403	0.03335188611473403	0.03335188611473403	0.03335188611473403	0.03401050303753479	0.03335188611473403	0.03401050303753479	0.03401050303753479	0.03335188611473403	0.03401050303753479	0.03401050303753479	0.06541204675406151	0.06541204675406151	0.06541204675406151	0.06670377222946806	0.06670377222946806	0.10071427526700286	0.06541204675406151	0.1000556583442021
UP000000575	0.03400343103404535	0.03335172603678577	0.03335172603678577	0.03335172603678577	0.03335172603678577	0.03400343103404535	0.03335172603678577	0.03400343103404535	0.03400343103404535	0.03335172603678577	0.03400343103404535	0.03400343103404535	0.065425023052474	0.065425023052474	0.065425023052474	0.06670345207357153	0.06670345207357153	0.10070688310761688	0.065425023052474	0.1000551781103573
UP000000587	0.05762600596789868	0.03092397107429883	0.03092397107429883	0.03092397107429883	0.03092397107429883	0.05762600596789868	0.03092397107429883	0.05762600596789868	0.05762600596789868	0.03092397107429883	0.05762600596789868	0.05762600596789868	0.03318959802755671	0.03318959802755671	0.03318959802755671	0.06184794214859766	0.06184794214859766	0.11947394811649634	0.03318959802755671	0.09277191322289648
UP000000624	0.0509482263781108	0.03210260045749365	0.03210260045749365	0.03210260045749365	0.03210260045749365	0.0509482263781108	0.03210260045749365	0.0509482263781108	0.0509482263781108	0.03210260045749365	0.0509482263781108	0.0509482263781108	0.04045585212270488	0.04045585212270488	0.04045585212270488	0.0642052009149873	0.0642052009149873	0.11515342729309809	0.04045585212270488	0.09630780137248095
UP000000668	0.026803948966058255	0.032778983626373236	0.032778983626373236	0.032778983626373236	0.032778983626373236	0.026803948966058255	0.032778983626373236	0.026803948966058255	0.026803948966058255	0.032778983626373236	0.026803948966058255	0.026803948966058255	0.08017190071049841	0.08017190071049841	0.08017190071049841	0.06555796725274647	0.06555796725274647	0.09236191621880474	0.08017190071049841	0.09833695087911971
UP000000670	0.05057814885287244	0.032158492842421636	0.032158492842421636	0.032158492842421636	0.032158492842421636	0.05057814885287244	0.032158492842421636	0.05057814885287244	0.05057814885287244	0.032158492842421636	0.05057814885287244	0.05057814885287244	0.04089389134839209	0.04089389134839209	0.04089389134839209	0.06431698568484327	0.06431698568484327	0.11489513453771572	0.04089389134839209	0.09647547852726493
UP000000672	0.03177464517777882	0.033265013150470125	0.033265013150470125	0.033265013150470125	0.033265013150470125	0.03177464517777882	0.033265013150470125	0.03177464517777882	0.03177464517777882	0.033265013150470125	0.03177464517777882	0.03177464517777882	0.06965057162462411	0.06965057162462411	0.06965057162462411	0.06653002630094025	0.06653002630094025	0.09830467147871907	0.06965057162462411	0.09979503945141038
UP000000675	0.03573135413481735	0.03337043176668099	0.03337043176668099	0.03337043176668099	0.03337043176668099	0.03573135413481735	0.03337043176668099	0.03573135413481735	0.03573135413481735	0.03337043176668099	0.03573135413481735	0.03573135413481735	0.06233101113901592	0.06233101113901592	0.06233101113901592	0.06674086353336198	0.06674086353336198	0.10247221766817932	0.06233101113901592	0.10011129530004295
UP000000676	0.04308938193043791	0.03304364899019715	0.03304364899019715	0.03304364899019715	0.03304364899019715	0.04308938193043791	0.03304364899019715	0.04308938193043791	0.04308938193043791	0.03304364899019715	0.04308938193043791	0.04308938193043791	0.05067989790849434	0.05067989790849434	0.05067989790849434	0.0660872979803943	0.0660872979803943	0.10917667991083223	0.05067989790849434	0.09913094697059147
UP000000677	0.03352639017777067	0.03333929152059063	0.03333929152059063	0.03333929152059063	0.03333929152059063	0.03352639017777067	0.03333929152059063	0.03352639017777067	0.03352639017777067	0.03333929152059063	0.03352639017777067	0.03352639017777067	0.0663064739866865	0.0663064739866865	0.0663064739866865	0.06667858304118127	0.06667858304118127	0.10020497321895191	0.0663064739866865	0.10001787456177189
UP000000678	0.040095572117202466	0.033249842248990406	0.033249842248990406	0.033249842248990406	0.033249842248990406	0.040095572117202466	0.033249842248990406	0.040095572117202466	0.040095572117202466	0.033249842248990406	0.040095572117202466	0.040095572117202466	0.05514584036118169	0.05514584036118169	0.05514584036118169	0.06649968449798081	0.06649968449798081	0.10659525661518326	0.05514584036118169	0.0997495267469712
UP000000679	0.035721496828575096	0.0333704384604682	0.0333704384604682	0.0333704384604682	0.0333704384604682	0.035721496828575096	0.0333704384604682	0.035721496828575096	0.035721496828575096	0.0333704384604682	0.035721496828575096	0.035721496828575096	0.06234823632323783	0.06234823632323783	0.06234823632323783	0.0667408769209364	0.0667408769209364	0.1024623737495115	0.06234823632323783	0.10011131538140461
UP000000680	0.04239545557902874	0.03309966479411335	0.03309966479411335	0.03309966479411335	0.03309966479411335	0.04239545557902874	0.03309966479411335	0.04239545557902874	0.04239545557902874	0.03309966479411335	0.04239545557902874	0.04239545557902874	0.05168420975877463	0.05168420975877463	0.05168420975877463	0.0661993295882267	0.0661993295882267	0.10859478516725544	0.05168420975877463	0.09929899438234005
UP000000725	0.037976554439032355	0.033336830602172705	0.033336830602172705	0.033336830602172705	0.033336830602172705	0.037976554439032355	0.033336830602172705	0.037976554439032355	0.037976554439032355	0.033336830602172705	0.037976554439032355	0.037976554439032355	0.058527914973545744	0.058527914973545744	0.058527914973545744	0.06667366120434541	0.06667366120434541	0.10465021564337776	0.058527914973545744	0.10001049180651811
UP000000728	0.033026772578032354	0.033322759722486155	0.033322759722486155	0.033322759722486155	0.033322759722486155	0.033026772578032354	0.033322759722486155	0.033026772578032354	0.033026772578032354	0.033322759722486155	0.033026772578032354	0.033026772578032354	0.06724279902912031	0.06724279902912031	0.06724279902912031	0.06664551944497231	0.06664551944497231	0.09967229202300466	0.06724279902912031	0.09996827916745847
UP000000729	0.01720266575584599	0.03025664903750825	0.03025664903750825	0.03025664903750825	0.03025664903750825	0.01720266575584599	0.03025664903750825	0.01720266575584599	0.01720266575584599	0.03025664903750825	0.01720266575584599	0.01720266575584599	0.1064329010366136	0.1064329010366136	0.1064329010366136	0.0605132980750165	0.0605132980750165	0.07771596383086248	0.1064329010366136	0.09076994711252473
UP000000730	0.01633880450990502	0.029886279482322576	0.029886279482322576	0.029886279482322576	0.029886279482322576	0.01633880450990502	0.029886279482322576	0.01633880450990502	0.01633880450990502	0.029886279482322576	0.01633880450990502	0.01633880450990502	0.10933354404895655	0.10933354404895655	0.10933354404895655	0.05977255896464515	0.05977255896464515	0.07611136347455018	0.10933354404895655	0.08965883844696772
UP000000735	0.05015297140040471	0.032221395570787674	0.032221395570787674	0.032221395570787674	0.032221395570787674	0.05015297140040471	0.032221395570787674	0.05015297140040471	0.05015297140040471	0.032221395570787674	0.05015297140040471	0.05015297140040471	0.041402066658838	0.041402066658838	0.041402066658838	0.06444279114157535	0.06444279114157535	0.11459576254198006	0.041402066658838	0.09666418671236303
UP000000744	0.054725038464276725	0.031474068180603956	0.031474068180603956	0.031474068180603956	0.031474068180603956	0.054725038464276725	0.031474068180603956	0.054725038464276725	0.054725038464276725	0.031474068180603956	0.054725038464276725	0.054725038464276725	0.03620342701025086	0.03620342701025086	0.03620342701025086	0.06294813636120791	0.06294813636120791	0.11767317482548466	0.03620342701025086	0.09442220454181188
UP000000825	0.04169202074312593	0.03315148060624999	0.03315148060624999	0.03315148060624999	0.03315148060624999	0.04169202074312593	0.03315148060624999	0.04169202074312593	0.04169202074312593	0.03315148060624999	0.04169202074312593	0.04169202074312593	0.05272091142609214	0.05272091142609214	0.05272091142609214	0.06630296121249998	0.06630296121249998	0.1079949819556259	0.05272091142609214	0.09945444181874998
UP000000826	0.03671635010107257	0.033363447712387875	0.033363447712387875	0.033363447712387875	0.033363447712387875	0.03671635010107257	0.033363447712387875	0.03671635010107257	0.03671635010107257	0.033363447712387875	0.03671635010107257	0.03671635010107257	0.060633458401668484	0.060633458401668484	0.060633458401668484	0.06672689542477575	0.06672689542477575	0.10344324552584833	0.060633458401668484	0.10009034313716364
UP000000831	0.02477691583800182	0.03244490706211095	0.03244490706211095	0.03244490706211095	0.03244490706211095	0.02477691583800182	0.03244490706211095	0.02477691583800182	0.02477691583800182	0.03244490706211095	0.02477691583800182	0.02477691583800182	0.08497199580058075	0.08497199580058075	0.08497199580058075	0.0648898141242219	0.0648898141242219	0.08966672996222372	0.08497199580058075	0.09733472118633284
UP000000832	0.052057828807615135	0.03192876888235382	0.03192876888235382	0.03192876888235382	0.03192876888235382	0.052057828807615135	0.03192876888235382	0.052057828807615135	0.052057828807615135	0.03192876888235382	0.052057828807615135	0.052057828807615135	0.0391659162778467	0.0391659162778467	0.0391659162778467	0.06385753776470764	0.06385753776470764	0.11591536657232276	0.0391659162778467	0.09578630664706143
UP000000834	0.04259199381360778	0.03308428843432352	0.03308428843432352	0.03308428843432352	0.03308428843432352	0.04259199381360778	0.03308428843432352	0.04259199381360778	0.04259199381360778	0.03308428843432352	0.04259199381360778	0.04259199381360778	0.05139792919747313	0.05139792919747313	0.05139792919747313	0.06616857686864704	0.06616857686864704	0.10876057068225482	0.05139792919747313	0.09925286530297056
UP000000835	0.054557260257849266	0.031504153274956585	0.031504153274956585	0.031504153274956585	0.031504153274956585	0.054557260257849266	0.031504153274956585	0.054557260257849266	0.054557260257849266	0.031504153274956585	0.054557260257849266	0.054557260257849266	0.0363842197676766	0.0363842197676766	0.0363842197676766	0.06300830654991317	0.06300830654991317	0.11756556680776245	0.0363842197676766	0.09451245982486979
UP000000839	0.06086602876965966	0.030246316295131356	0.030246316295131356	0.030246316295131356	0.030246316295131356	0.06086602876965966	0.030246316295131356	0.06086602876965966	0.06086602876965966	0.030246316295131356	0.06086602876965966	0.06086602876965966	0.03006076354635298	0.03006076354635298	0.03006076354635298	0.06049263259026271	0.06049263259026271	0.12135866135992238	0.03006076354635298	0.09073894888539406
UP000000840	0.03603942920792861	0.03336958540515024	0.03336958540515024	0.03336958540515024	0.03336958540515024	0.03603942920792861	0.03336958540515024	0.03603942920792861	0.03603942920792861	0.03336958540515024	0.03603942920792861	0.03603942920792861	0.061795053616811535	0.061795053616811535	0.061795053616811535	0.06673917081030048	0.06673917081030048	0.1027786000182291	0.061795053616811535	0.10010875621545073
UP000000842	0.0192438470695707	0.03101934045816117	0.03101934045816117	0.03101934045816117	0.03101934045816117	0.0192438470695707	0.03101934045816117	0.0192438470695707	0.0192438470695707	0.03101934045816117	0.0192438470695707	0.0192438470695707	0.10000074091014688	0.10000074091014688	0.10000074091014688	0.06203868091632234	0.06203868091632234	0.08128252798589304	0.10000074091014688	0.0930580213744835
UP000000846	0.03802968418706847	0.033335285734458674	0.033335285734458674	0.033335285734458674	0.033335285734458674	0.03802968418706847	0.033335285734458674	0.03802968418706847	0.03802968418706847	0.033335285734458674	0.03802968418706847	0.03802968418706847	0.05844073116841018	0.05844073116841018	0.05844073116841018	0.06667057146891735	0.06667057146891735	0.10470025565598583	0.05844073116841018	0.100005857203376
UP000000853	0.04144003948693157	0.0331688011322128	0.0331688011322128	0.0331688011322128	0.0331688011322128	0.04144003948693157	0.0331688011322128	0.04144003948693157	0.04144003948693157	0.0331688011322128	0.04144003948693157	0.04144003948693157	0.053096926652071746	0.053096926652071746	0.053096926652071746	0.0663376022644256	0.0663376022644256	0.10777764175135716	0.053096926652071746	0.09950640339663841
UP000000854	0.05011208371300019	0.03222737016436771	0.03222737016436771	0.03222737016436771	0.03222737016436771	0.05011208371300019	0.03222737016436771	0.05011208371300019	0.05011208371300019	0.03222737016436771	0.05011208371300019	0.05011208371300019	0.04145121538587074	0.04145121538587074	0.04145121538587074	0.06445474032873542	0.06445474032873542	0.11456682404173558	0.04145121538587074	0.09668211049310312
UP000000862	0.04771215369770567	0.03255447011785481	0.03255447011785481	0.03255447011785481	0.03255447011785481	0.04771215369770567	0.03255447011785481	0.04771215369770567	0.04771215369770567	0.03255447011785481	0.04771215369770567	0.04771215369770567	0.0444244680870595	0.0444244680870595	0.0444244680870595	0.06510894023570962	0.06510894023570962	0.1128210939334153	0.0444244680870595	0.09766341035356442
UP000000866	0.07412964006693402	0.026876024129782072	0.026876024129782072	0.026876024129782072	0.026876024129782072	0.07412964006693402	0.026876024129782072	0.07412964006693402	0.07412964006693402	0.026876024129782072	0.07412964006693402	0.07412964006693402	0.01948803939618273	0.01948803939618273	0.01948803939618273	0.053752048259564145	0.053752048259564145	0.12788168832649818	0.01948803939618273	0.08062807238934622
UP000000867	0.043833438811902305	0.032978313256235035	0.032978313256235035	0.032978313256235035	0.032978313256235035	0.043833438811902305	0.032978313256235035	0.043833438811902305	0.043833438811902305	0.032978313256235035	0.043833438811902305	0.043833438811902305	0.04962280736828956	0.04962280736828956	0.04962280736828956	0.06595662651247007	0.06595662651247007	0.1097900653243724	0.04962280736828956	0.09893493976870513
UP000000868	0.050039806571820486	0.03223789929256248	0.03223789929256248	0.03223789929256248	0.03223789929256248	0.050039806571820486	0.03223789929256248	0.050039806571820486	0.050039806571820486	0.03223789929256248	0.050039806571820486	0.050039806571820486	0.04153821615220487	0.04153821615220487	0.04153821615220487	0.06447579858512496	0.06447579858512496	0.11451560515694545	0.04153821615220487	0.09671369787768745
UP000000869	0.01707334255048933	0.03020311797103772	0.03020311797103772	0.03020311797103772	0.03020311797103772	0.01707334255048933	0.03020311797103772	0.01707334255048933	0.01707334255048933	0.03020311797103772	0.01707334255048933	0.01707334255048933	0.10685995814525222	0.10685995814525222	0.10685995814525222	0.06040623594207544	0.06040623594207544	0.07747957849256477	0.10685995814525222	0.09060935391311316
UP000000870	0.016792531520711047	0.030084591206843574	0.030084591206843574	0.030084591206843574	0.030084591206843574	0.016792531520711047	0.030084591206843574	0.016792531520711047	0.016792531520711047	0.030084591206843574	0.016792531520711047	0.016792531520711047	0.10779585281309227	0.10779585281309227	0.10779585281309227	0.06016918241368715	0.06016918241368715	0.0769617139343982	0.10779585281309227	0.09025377362053073
UP000000871	0.07196973963614425	0.027483360727364594	0.027483360727364594	0.027483360727364594	0.027483360727364594	0.07196973963614425	0.027483360727364594	0.07196973963614425	0.07196973963614425	0.027483360727364594	0.07196973963614425	0.07196973963614425	0.02099035290913033	0.02099035290913033	0.02099035290913033	0.05496672145472919	0.05496672145472919	0.12693646109087345	0.02099035290913033	0.08245008218209378
UP000000872	0.09303082252318956	0.02077740171498358	0.02077740171498358	0.02077740171498358	0.02077740171498358	0.09303082252318956	0.02077740171498358	0.09303082252318956	0.09303082252318956	0.02077740171498358	0.09303082252318956	0.09303082252318956	0.009280804153229835	0.009280804153229835	0.009280804153229835	0.04155480342996716	0.04155480342996716	0.13458562595315673	0.009280804153229835	0.06233220514495074
UP000000875	0.017298704866360703	0.030295978727313246	0.030295978727313246	0.030295978727313246	0.030295978727313246	0.017298704866360703	0.030295978727313246	0.017298704866360703	0.017298704866360703	0.030295978727313246	0.017298704866360703	0.017298704866360703	0.1061173462564441	0.1061173462564441	0.1061173462564441	0.06059195745462649	0.06059195745462649	0.0778906623209872	0.1061173462564441	0.09088793618193973
