	M	W	C	D	E	F	H	K	N	Q	Y	I	A	G	P	T	V	L	R	S
Start	185783.0	10063.0	11948.0	73638.0	86081.0	40865.0	18386.0	83719.0	44021.0	29438.0	33934.0	94987.0	76373.0	62794.0	48867.0	74934.0	89048.0	105799.0	79012.0	87474.0
M	50886.0	20600.0	19731.0	122886.0	147006.0	81261.0	35983.0	105165.0	72745.0	48380.0	71490.0	149501.0	166888.0	160505.0	88787.0	108467.0	159756.0	194251.0	111746.0	124490.0
W	20600.0	14806.0	9479.0	61719.0	72240.0	40893.0	17895.0	47062.0	34528.0	22809.0	39069.0	64878.0	82116.0	77976.0	46321.0	53998.0	78865.0	94388.0	57638.0	60432.0
C	19731.0	9479.0	16684.0	60305.0	70279.0	32814.0	18243.0	48977.0	34335.0	20471.0	33211.0	59931.0	72759.0	71635.0	43928.0	48189.0	68270.0	74745.0	50785.0	55265.0
D	122886.0	61719.0	60305.0	442452.0	501869.0	208033.0	114050.0	280493.0	210096.0	145355.0	204253.0	380785.0	513110.0	446826.0	255148.0	337471.0	471239.0	525371.0	350027.0	356411.0
E	147006.0	72240.0	70279.0	501869.0	691288.0	247976.0	132961.0	404530.0	255236.0	177146.0	249771.0	477435.0	591010.0	503723.0	307583.0	382007.0	567387.0	648698.0	445036.0	426957.0
F	81261.0	40893.0	32814.0	208033.0	247976.0	157936.0	60969.0	178661.0	128945.0	79156.0	134182.0	262800.0	287559.0	274208.0	156085.0	189480.0	282524.0	352379.0	184751.0	216601.0
H	35983.0	17895.0	18243.0	114050.0	132961.0	60969.0	35824.0	80341.0	58037.0	39682.0	59228.0	109372.0	138930.0	131623.0	72319.0	89896.0	129477.0	150241.0	97327.0	95007.0
K	105165.0	47062.0	48977.0	280493.0	404530.0	178661.0	80341.0	341254.0	192833.0	109541.0	179267.0	370423.0	333406.0	321749.0	193138.0	231576.0	357232.0	435837.0	258811.0	281182.0
N	72745.0	34528.0	34335.0	210096.0	255236.0	128945.0	58037.0	192833.0	158158.0	82977.0	132767.0	257520.0	251201.0	247470.0	135399.0	186147.0	255159.0	304502.0	166149.0	216447.0
Q	48380.0	22809.0	20471.0	145355.0	177146.0	79156.0	39682.0	109541.0	82977.0	65274.0	75415.0	146576.0	180891.0	161840.0	95367.0	124258.0	166407.0	198225.0	125351.0	134512.0
Y	71490.0	39069.0	33211.0	204253.0	249771.0	134182.0	59228.0	179267.0	132767.0	75415.0	131716.0	238377.0	259315.0	248647.0	147356.0	179556.0	258873.0	315048.0	179687.0	204364.0
I	149501.0	64878.0	59931.0	380785.0	477435.0	262800.0	109372.0	370423.0	257520.0	146576.0	238377.0	519198.0	508163.0	499022.0	275807.0	342018.0	503956.0	637374.0	337386.0	404276.0
A	166888.0	82116.0	72759.0	513110.0	591010.0	287559.0	138930.0	333406.0	251201.0	180891.0	259315.0	508163.0	768872.0	660446.0	351643.0	447983.0	668253.0	751845.0	451574.0	480080.0
G	160505.0	77976.0	71635.0	446826.0	503723.0	274208.0	131623.0	321749.0	247470.0	161840.0	248647.0	499022.0	660446.0	595000.0	323319.0	416997.0	623299.0	690318.0	396362.0	439692.0
P	88787.0	46321.0	43928.0	255148.0	307583.0	156085.0	72319.0	193138.0	135399.0	95367.0	147356.0	275807.0	351643.0	323319.0	198560.0	228133.0	339208.0	382366.0	235680.0	240511.0
T	108467.0	53998.0	48189.0	337471.0	382007.0	189480.0	89896.0	231576.0	186147.0	124258.0	179556.0	342018.0	447983.0	416997.0	228133.0	328944.0	417078.0	473684.0	278946.0	322862.0
V	159756.0	78865.0	68270.0	471239.0	567387.0	282524.0	129477.0	357232.0	255159.0	166407.0	258873.0	503956.0	668253.0	623299.0	339208.0	417078.0	634790.0	729484.0	424594.0	456095.0
L	194251.0	94388.0	74745.0	525371.0	648698.0	352379.0	150241.0	435837.0	304502.0	198225.0	315048.0	637374.0	751845.0	690318.0	382366.0	473684.0	729484.0	893102.0	489877.0	544709.0
R	111746.0	57638.0	50785.0	350027.0	445036.0	184751.0	97327.0	258811.0	166149.0	125351.0	179687.0	337386.0	451574.0	396362.0	235680.0	278946.0	424594.0	489877.0	357450.0	309637.0
S	124490.0	60432.0	55265.0	356411.0	426957.0	216601.0	95007.0	281182.0	216447.0	134512.0	204364.0	404276.0	480080.0	439692.0	240511.0	322862.0	456095.0	544709.0	309637.0	382764.0
End	22914.0	17220.0	12273.0	75449.0	127036.0	46004.0	19497.0	98697.0	43732.0	36922.0	42438.0	85718.0	91356.0	95832.0	50990.0	59959.0	93684.0	127236.0	106172.0	84021.0
