Proteome_ID	M	W	C	D	E	F	H	K	N	Q	Y	I	A	G	P	T	V	L	R	S
UP000000226	0.028939779254155917	0.03210734186668501	0.03210734186668501	0.03210734186668501	0.03210734186668501	0.04005734022164113	0.03210734186668501	0.04719990201164829	0.04005734022164113	0.03210734186668501	0.04005734022164113	0.05117490118912635	0.05147028714538799	0.05147028714538799	0.05147028714538799	0.06421468373337003	0.06421468373337003	0.10427202395501116	0.058612848935395145	0.11414424388672575
UP000000267	0.03769202200215558	0.03000264241397617	0.03000264241397617	0.03000264241397617	0.03000264241397617	0.05586455031368802	0.03000264241397617	0.06110612467536453	0.05586455031368802	0.03000264241397617	0.05586455031368802	0.07403707862522046	0.032226467295141316	0.032226467295141316	0.032226467295141316	0.06000528482795234	0.06000528482795234	0.11586983514164036	0.03746804165681784	0.10952742093255163
UP000000304	0.020778596992651006	0.031868338530858395	0.031868338530858395	0.031868338530858395	0.031868338530858395	0.026954194820960276	0.031868338530858395	0.0355868645042186	0.026954194820960276	0.031868338530858395	0.026954194820960276	0.033129792649269546	0.07535680493988596	0.07535680493988596	0.07535680493988596	0.06373667706171679	0.06373667706171679	0.09069087188267706	0.0839894746231443	0.11020801475691694
UP000000305	0.02686890452815441	0.03226563346475476	0.03226563346475476	0.03226563346475476	0.03226563346475476	0.0365914733757752	0.03226563346475476	0.04415112226788576	0.0365914733757752	0.03226563346475476	0.0365914733757752	0.04631404222339598	0.056902387733374346	0.056902387733374346	0.056902387733374346	0.06453126692950951	0.06453126692950951	0.10112274030528472	0.06446203662548491	0.11394323607479791
UP000000311	0.029907704901338684	0.03198664649403775	0.03198664649403775	0.03198664649403775	0.03198664649403775	0.041711655187889524	0.03198664649403775	0.048653101127514475	0.041711655187889524	0.03198664649403775	0.041711655187889524	0.05351560547444036	0.04905801744504233	0.04905801744504233	0.04905801744504233	0.0639732929880755	0.0639732929880755	0.10568494817596502	0.05599946338466728	0.11406369409690109
UP000000314	0.03112503022965341	0.03179390247504343	0.03179390247504343	0.03179390247504343	0.03179390247504343	0.04382404563363216	0.03179390247504343	0.05050798945831654	0.04382404563363216	0.03179390247504343	0.04382404563363216	0.05652306103761091	0.04613231024096999	0.04613231024096999	0.04613231024096999	0.06358780495008685	0.06358780495008685	0.10741185058371902	0.05281625406565438	0.11380772225080493
UP000000437	0.024581735003588664	0.032274646376818435	0.032274646376818435	0.032274646376818435	0.032274646376818435	0.032876960385691725	0.032274646376818435	0.04087102876335814	0.032876960385691725	0.032274646376818435	0.032876960385691725	0.04117218576779478	0.06336673381776581	0.06336673381776581	0.06336673381776581	0.06454929275363687	0.06454929275363687	0.09742625313932861	0.07136080219543221	0.1131104487519409
UP000000539	0.023500580252002804	0.032214892256895604	0.032214892256895604	0.032214892256895604	0.032214892256895604	0.031161452004141766	0.032214892256895604	0.03934904388265765	0.031161452004141766	0.032214892256895604	0.031161452004141766	0.038822323756280724	0.06660788996516949	0.06660788996516949	0.06660788996516949	0.06442978451379121	0.06442978451379121	0.09559123651793298	0.07479548184368537	0.11248438527055066
UP000000542	0.015334699531530178	0.03019646146641815	0.03019646146641815	0.03019646146641815	0.03019646146641815	0.01900532082721582	0.03019646146641815	0.028271512442502627	0.01900532082721582	0.03019646146641815	0.01900532082721582	0.022675942122901468	0.09595484268669972	0.09595484268669972	0.09595484268669972	0.0603929229328363	0.0603929229328363	0.07939824376005213	0.10522103430198654	0.10225346263509898
UP000000559	0.037540420105198605	0.030057877782251375	0.030057877782251375	0.030057877782251375	0.030057877782251375	0.05557369700286274	0.030057877782251375	0.0608490642902212	0.05557369700286274	0.030057877782251375	0.05557369700286274	0.0736069739005269	0.03251451911598468	0.03251451911598468	0.03251451911598468	0.06011575556450275	0.06011575556450275	0.1156894525673655	0.03778988640334314	0.10968077655428858
UP000000560	0.02138032913756763	0.0319702052736783	0.0319702052736783	0.0319702052736783	0.0319702052736783	0.02787065557201645	0.0319702052736783	0.03641075685729619	0.02787065557201645	0.0319702052736783	0.02787065557201645	0.034360982006465264	0.07334553165425801	0.07334553165425801	0.07334553165425801	0.0639404105473566	0.0639404105473566	0.09181106611937304	0.08188563293953774	0.1108006185241537
UP000000561	0.019541750736664445	0.03161111516381383	0.03161111516381383	0.03161111516381383	0.03161111516381383	0.025094362831480446	0.03161111516381383	0.03390535109246314	0.025094362831480446	0.03161111516381383	0.025094362831480446	0.030646974926296446	0.07964040438965388	0.07964040438965388	0.07964040438965388	0.06322223032762767	0.06322223032762767	0.08831659315910811	0.08845139265063658	0.10882248413328995
UP000000589	0.024164237562396388	0.032256592568322535	0.032256592568322535	0.032256592568322535	0.032256592568322535	0.032211467903206045	0.032256592568322535	0.04028126057657395	0.032211467903206045	0.032256592568322535	0.032211467903206045	0.040258698244015706	0.06460356089609934	0.06460356089609934	0.06460356089609934	0.06451318513664507	0.06451318513664507	0.09672465303985112	0.07267335356946723	0.11288678492655431
UP000000591	0.020190533178606834	0.031754225114135164	0.031754225114135164	0.031754225114135164	0.031754225114135164	0.026065929941864966	0.031754225114135164	0.03478547429125819	0.026065929941864966	0.031754225114135164	0.026065929941864966	0.03194132670512309	0.07736772214519566	0.07736772214519566	0.07736772214519566	0.06350845022827033	0.06350845022827033	0.0895743801701353	0.0860872664945889	0.1095778117577542
UP000000598	0.032556079151187176	0.031510269230871475	0.031510269230871475	0.031510269230871475	0.031510269230871475	0.046353594645463875	0.031510269230871475	0.05272944743244437	0.046353594645463875	0.031510269230871475	0.046353594645463875	0.06015111013974057	0.04284013244695229	0.04284013244695229	0.04284013244695229	0.06302053846174295	0.06302053846174295	0.10937413310720683	0.049215985233932794	0.1132893713495249
UP000000599	0.03482196272621045	0.030938216727113388	0.030938216727113388	0.030938216727113388	0.030938216727113388	0.050464239151911894	0.030938216727113388	0.05634350436521408	0.050464239151911894	0.030938216727113388	0.050464239151911894	0.06610651557761334	0.037934714575700676	0.037934714575700676	0.037934714575700676	0.061876433454226776	0.061876433454226776	0.11234067260613867	0.04381397978900286	0.11199433648184917
UP000000600	0.042001932154685735	0.02816373180757897	0.02816373180757897	0.02816373180757897	0.02816373180757897	0.06440852854513271	0.02816373180757897	0.06869272656680282	0.06440852854513271	0.02816373180757897	0.06440852854513271	0.08681512493557969	0.024630147815701844	0.024630147815701844	0.024630147815701844	0.05632746361515794	0.05632746361515794	0.12073599216029066	0.02891434583737195	0.10408653118697565
UP000000673	0.020892387205976297	0.031888744455007056	0.031888744455007056	0.031888744455007056	0.031888744455007056	0.027126914725987144	0.031888744455007056	0.035742357110507945	0.027126914725987144	0.031888744455007056	0.027126914725987144	0.03336144224599799	0.07497292140949427	0.07497292140949427	0.07497292140949427	0.06377748891001411	0.06377748891001411	0.09090440363600125	0.08358836379401507	0.11032409305098663
UP000000715	0.020811044319437914	0.03187421208788668	0.03187421208788668	0.03187421208788668	0.03187421208788668	0.027003418129017666	0.03187421208788668	0.03563118891803193	0.027003418129017666	0.03187421208788668	0.027003418129017666	0.03319579193859742	0.07524716992267233	0.07524716992267233	0.07524716992267233	0.06374842417577337	0.06374842417577337	0.09075184230479102	0.0838749407116866	0.1102413067735182
UP000000724	0.021934730385975085	0.032051080732882736	0.032051080732882736	0.032051080732882736	0.032051080732882736	0.02872182897771036	0.032051080732882736	0.03717355344703182	0.02872182897771036	0.032051080732882736	0.02872182897771036	0.035508927569445625	0.07153247635747596	0.07153247635747596	0.07153247635747596	0.06410216146576547	0.06410216146576547	0.09282399044347583	0.07998420082679743	0.11130087399288803
UP000000741	0.024511909912271493	0.03227206154796746	0.03227206154796746	0.03227206154796746	0.03227206154796746	0.032765391964644716	0.03227206154796746	0.04077220880867931	0.032765391964644716	0.03227206154796746	0.032765391964644716	0.04101887401701794	0.0635723178700019	0.0635723178700019	0.0635723178700019	0.06454412309593492	0.06454412309593492	0.09730951506057964	0.0715791347140365	0.11307461250380066
UP000000759	0.02341378429246207	0.03220824123594014	0.03220824123594014	0.03220824123594014	0.03220824123594014	0.03102483609904666	0.03220824123594014	0.03922759047407799	0.03102483609904666	0.03220824123594014	0.03102483609904666	0.03863588790563125	0.0668735718829078	0.0668735718829078	0.0668735718829078	0.06441648247188028	0.06441648247188028	0.09544131857092693	0.07507632625793913	0.1124274561936979
UP000000768	0.018904261628157226	0.03145232215868854	0.03145232215868854	0.03145232215868854	0.03145232215868854	0.024148256408362538	0.03145232215868854	0.03304428406373085	0.024148256408362538	0.03145232215868854	0.024148256408362538	0.029392251188567847	0.08193126265061138	0.08193126265061138	0.08193126265061138	0.06290464431737708	0.06290464431737708	0.08705290072573961	0.09082729030597969	0.10801723332401754
UP000000803	0.02163211805589002	0.03200845885580575	0.03200845885580575	0.03200845885580575	0.03200845885580575	0.028256416931157165	0.03200845885580575	0.0367567367687486	0.028256416931157165	0.03200845885580575	0.028256416931157165	0.034880715806424316	0.07251743494725196	0.07251743494725196	0.07251743494725196	0.0640169177116115	0.0640169177116115	0.09227333464276866	0.0810177547848434	0.11103319574804012
UP000000819	0.026479925379839113	0.03227973489961711	0.03227973489961711	0.03227973489961711	0.03227973489961711	0.0359514507403795	0.03227973489961711	0.04358711818053869	0.0359514507403795	0.03227973489961711	0.0359514507403795	0.045422976100919873	0.05796602160586745	0.05796602160586745	0.05796602160586745	0.06455946979923421	0.06455946979923421	0.1005109205396137	0.06560168904602665	0.11384760471815006
UP000001038	0.02216451902398708	0.03208102859429291	0.03208102859429291	0.03208102859429291	0.03208102859429291	0.029076544929598696	0.03208102859429291	0.037490812667557424	0.029076544929598696	0.03208102859429291	0.029076544929598696	0.03598857083521031	0.0707919319960306	0.0707919319960306	0.0707919319960306	0.06416205718858582	0.06416205718858582	0.09323860211818452	0.07920619973398933	0.11149557890125421
UP000001055	0.020630437968893012	0.03184096113623949	0.03184096113623949	0.03184096113623949	0.03184096113623949	0.026729716379444157	0.03184096113623949	0.035384617168392966	0.026729716379444157	0.03184096113623949	0.026729716379444157	0.032828994789995306	0.07585915179101474	0.07585915179101474	0.07585915179101474	0.06368192227247899	0.06368192227247899	0.09041163865192314	0.08451405257996356	0.11005404296706035
UP000001056	0.01640170716807979	0.030641541879276497	0.030641541879276497	0.030641541879276497	0.030641541879276497	0.020515310041298508	0.030641541879276497	0.029692028833506218	0.020515310041298508	0.030641541879276497	0.020515310041298508	0.02462891291451722	0.09153203991062159	0.09153203991062159	0.09153203991062159	0.06128308375855299	0.06128308375855299	0.0817983937998515	0.1007087587028293	0.10421272993269057
UP000001064	0.04224265297424667	0.02804574957209967	0.02804574957209967	0.02804574957209967	0.02804574957209967	0.06490198992572528	0.02804574957209967	0.06913320670039108	0.06490198992572528	0.02804574957209967	0.06490198992572528	0.08756132687720389	0.02423851934158209	0.02423851934158209	0.02423851934158209	0.05609149914419934	0.05609149914419934	0.12099348906992463	0.028469736116247892	0.10372056473906707
UP000001067	0.021137972266247435	0.031930962129285485	0.031930962129285485	0.031930962129285485	0.031930962129285485	0.02750061553042823	0.031930962129285485	0.03607843209403765	0.02750061553042823	0.031930962129285485	0.02750061553042823	0.03386325879460902	0.07415007430460864	0.07415007430460864	0.07415007430460864	0.06386192425857097	0.06386192425857097	0.0913625397889992	0.08272789086821808	0.1105682153899231
UP000001070	0.02316493092938318	0.032187617256213295	0.032187617256213295	0.032187617256213295	0.032187617256213295	0.03063404991804477	0.032187617256213295	0.03887995257579062	0.03063404991804477	0.032187617256213295	0.03063404991804477	0.038103168906706356	0.06763994361856848	0.06763994361856848	0.06763994361856848	0.06437523451242659	0.06437523451242659	0.09500928443047137	0.07588584627631433	0.11225866370936148
UP000001072	0.02979593019730481	0.032002070506524365	0.032002070506524365	0.032002070506524365	0.032002070506524365	0.04151948116180378	0.032002070506524365	0.04848432679866305	0.04151948116180378	0.032002070506524365	0.04151948116180378	0.05324303212630277	0.04933262594074591	0.04933262594074591	0.04933262594074591	0.06400414101304873	0.06400414101304873	0.1055236221748525	0.056297471577605174	0.11407859075237892
UP000001073	0.02245210478583623	0.03211560394921412	0.03211560394921412	0.03211560394921412	0.03211560394921412	0.029522072496825664	0.03211560394921412	0.03788880593400932	0.029522072496825664	0.03211560394921412	0.029522072496825664	0.0365920402078151	0.06987395733369865	0.06987395733369865	0.06987395733369865	0.06423120789842823	0.06423120789842823	0.09375328039525388	0.0782406907708823	0.11172894892248914
UP000001074	0.021228285518250522	0.03194586540751101	0.03194586540751101	0.03194586540751101	0.03194586540751101	0.027638363883239408	0.03194586540751101	0.03620219301036409	0.027638363883239408	0.03194586540751101	0.027638363883239408	0.03404844224822829	0.07384940157428699	0.07384940157428699	0.07384940157428699	0.06389173081502202	0.06389173081502202	0.09153009469826141	0.08241323070141167	0.11065580337579466
UP000001075	0.02332629168659476	0.03220125357597621	0.03220125357597621	0.03220125357597621	0.03220125357597621	0.030887289250517813	0.03220125357597621	0.03910526897717007	0.030887289250517813	0.03220125357597621	0.030887289250517813	0.03844828681444087	0.06714222950768897	0.06714222950768897	0.06714222950768897	0.06440250715195242	0.06440250715195242	0.09528979640247023	0.07536020923434124	0.11236905485060035
UP000001194	0.023862212151897093	0.03223961151943668	0.03223961151943668	0.03223961151943668	0.03223961151943668	0.03173242137135601	0.03223961151943668	0.03985622566485526	0.03173242137135601	0.03223961151943668	0.03173242137135601	0.03960263059081493	0.06550981652238021	0.06550981652238021	0.06550981652238021	0.06447922303887337	0.06447922303887337	0.09621164441022936	0.07363362081587947	0.11271083749074821
UP000001197	0.019449602989174114	0.0315892905462994	0.0315892905462994	0.0315892905462994	0.0315892905462994	0.024957082297607503	0.0315892905462994	0.033780665730386836	0.024957082297607503	0.0315892905462994	0.024957082297607503	0.030464561606040892	0.07996794379398926	0.07996794379398926	0.07996794379398926	0.0631785810925988	0.0631785810925988	0.0881356633902063	0.0887915272267686	0.10870999531963893
UP000001261	0.02342639777666851	0.03220922514373459	0.03220922514373459	0.03220922514373459	0.03220922514373459	0.031044679423473588	0.03220922514373459	0.03924523393040917	0.031044679423473588	0.03220922514373459	0.031044679423473588	0.038662961070278674	0.06683491043398287	0.06683491043398287	0.06683491043398287	0.06441845028746918	0.06441845028746918	0.09546312971094277	0.07503546494091845	0.11243579156106719
UP000001292	0.020825683445788255	0.03187684770948889	0.03187684770948889	0.03187684770948889	0.03187684770948889	0.0270256332759839	0.03187684770948889	0.035651190322932035	0.0270256332759839	0.03187684770948889	0.0270256332759839	0.03322558310617954	0.07519775092907262	0.07519775092907262	0.07519775092907262	0.06375369541897778	0.06375369541897778	0.09077932869496168	0.08382330797602076	0.11025627674405927
UP000001294	0.024178847227414466	0.032257330122830795	0.032257330122830795	0.032257330122830795	0.032257330122830795	0.03223469112871548	0.032257330122830795	0.040301854527074146	0.03223469112871548	0.032257330122830795	0.03223469112871548	0.04029053503001649	0.06455997003342474	0.06455997003342474	0.06455997003342474	0.06451466024566159	0.06451466024566159	0.09674935137437707	0.07262713343178341	0.11289499369460583
UP000001300	0.021144468101301942	0.03193204517891654	0.03193204517891654	0.03193204517891654	0.03193204517891654	0.02751051739972647	0.03193204517891654	0.03608733058774603	0.02751051739972647	0.03193204517891654	0.02751051739972647	0.03387656669815099	0.07412841383481253	0.07412841383481253	0.07412841383481253	0.06386409035783308	0.06386409035783308	0.09137460775755955	0.08270522702283209	0.11057455433962703
UP000001307	0.02828843470661916	0.032171999502283354	0.032171999502283354	0.032171999502283354	0.032171999502283354	0.0389565226240129	0.032171999502283354	0.04623234898054187	0.0389565226240129	0.032171999502283354	0.0389565226240129	0.04962461054140664	0.05313808739884399	0.05313808739884399	0.05313808739884399	0.06434399900456671	0.06434399900456671	0.10330052162857963	0.060413913755372965	0.1141363452960755
UP000001312	0.028087284228879145	0.032189237045857626	0.032189237045857626	0.032189237045857626	0.032189237045857626	0.03861856352995085	0.032189237045857626	0.045935179588975944	0.03861856352995085	0.032189237045857626	0.03861856352995085	0.049149842831022555	0.053660565639155534	0.053660565639155534	0.053660565639155534	0.06437847409171525	0.06437847409171525	0.1029970376216661	0.06097718169818064	0.1141237160653803
UP000001357	0.018478718310358907	0.03133597812675357	0.03133597812675357	0.03133597812675357	0.03133597812675357	0.023521395402757838	0.03133597812675357	0.03247136385715464	0.023521395402757838	0.03133597812675357	0.023521395402757838	0.028564072495156776	0.0834936455381595	0.0834936455381595	0.0834936455381595	0.06267195625350715	0.06267195625350715	0.08619335165626499	0.09244361399255628	0.1074439755982207
UP000001396	0.03550314648609906	0.03073731172220442	0.03073731172220442	0.03073731172220442	0.03073731172220442	0.05172598534203241	0.03073731172220442	0.05745448738805177	0.05172598534203241	0.03073731172220442	0.05172598534203241	0.06794882419796576	0.036530278762625615	0.036530278762625615	0.036530278762625615	0.06147462344440884	0.06147462344440884	0.11320060878644125	0.04225878080864497	0.11149224279677897
UP000001449	0.025904831784978898	0.032291272390419457	0.032291272390419457	0.032291272390419457	0.032291272390419457	0.0350114649261237	0.032291272390419457	0.04275800179941638	0.0350114649261237	0.032291272390419457	0.0350114649261237	0.0441180980672685	0.05956484681760569	0.05956484681760569	0.05956484681760569	0.06458254478083891	0.06458254478083891	0.09959400970696261	0.06731138369089837	0.11367201581509247
UP000001450	0.047369481966041335	0.025146012312658613	0.025146012312658613	0.025146012312658613	0.025146012312658613	0.07585358952048253	0.025146012312658613	0.07898390847101178	0.07585358952048253	0.025146012312658613	0.07585358952048253	0.10433769707492373	0.016672169088521104	0.016672169088521104	0.016672169088521104	0.050292024625317226	0.050292024625317226	0.12614561414579975	0.019802488039050346	0.09432341134957599
UP000001460	0.04202879361151875	0.0281506466196038	0.0281506466196038	0.0281506466196038	0.0281506466196038	0.06446350453282249	0.0281506466196038	0.06874178649751687	0.06446350453282249	0.0281506466196038	0.06446350453282249	0.08689821545412621	0.02458628058914543	0.02458628058914543	0.02458628058914543	0.0563012932392076	0.0563012932392076	0.12076479777203009	0.028864562553839818	0.10404602254902642
UP000001471	0.021127033748229208	0.03192913444987089	0.03192913444987089	0.03192913444987089	0.03192913444987089	0.027483943514452883	0.03192913444987089	0.03606344874838557	0.027483943514452883	0.03192913444987089	0.027483943514452883	0.033840853280676556	0.0741865610502239	0.0741865610502239	0.0741865610502239	0.06385826889974178	0.06385826889974178	0.09134221241419466	0.08276606628415657	0.11055752733161821
UP000001514	0.021740929265265763	0.03202420374668896	0.03202420374668896	0.03202420374668896	0.03202420374668896	0.02842354185532473	0.03202420374668896	0.036906485391065814	0.02842354185532473	0.03202420374668896	0.02842354185532473	0.035106154445383696	0.07216198676642584	0.07216198676642584	0.07216198676642584	0.06404840749337792	0.06404840749337792	0.09247194934870266	0.08064493030216693	0.11113092791527368
UP000001519	0.022368753939794296	0.032105913321442914	0.032105913321442914	0.032105913321442914	0.032105913321442914	0.029392762967150755	0.032105913321442914	0.037773347171653295	0.029392762967150755	0.032105913321442914	0.029392762967150755	0.036416771994507206	0.07013901152171453	0.07013901152171453	0.07013901152171453	0.06421182664288583	0.06421182664288583	0.09360458961003656	0.07851959572621707	0.11166248487676658
UP000001529	0.01932350831391325	0.03155881249525539	0.03155881249525539	0.03155881249525539	0.03155881249525539	0.024769514689563878	0.03155881249525539	0.033610169968060266	0.024769514689563878	0.03155881249525539	0.024769514689563878	0.030215521065214506	0.08041809931224164	0.08041809931224164	0.08041809931224164	0.06311762499051078	0.06311762499051078	0.08788713968007467	0.08925875459073802	0.10855393942402881
UP000001542	0.0370041375643144	0.030248087325365238	0.030248087325365238	0.030248087325365238	0.030248087325365238	0.05454990950686793	0.030248087325365238	0.059944770358670116	0.05454990950686793	0.030248087325365238	0.05454990950686793	0.07209568144942147	0.033545309061520166	0.033545309061520166	0.033545309061520166	0.060496174650730476	0.060496174650730476	0.1150460841575984	0.03894016991332236	0.11020262759785657
UP000001548	0.02432459608434196	0.03226426676984106	0.03226426676984106	0.03226426676984106	0.03226426676984106	0.03246662690363735	0.03226426676984106	0.040507477656034595	0.03246662690363735	0.03226426676984106	0.03246662690363735	0.04060865772293274	0.0641263358392704	0.0641263358392704	0.0641263358392704	0.06452853353968212	0.06452853353968212	0.09699516044331946	0.07216718659166764	0.11297536557456973
UP000001554	0.021668645354680393	0.032013797021144944	0.032013797021144944	0.032013797021144944	0.032013797021144944	0.028312491707362327	0.032013797021144944	0.036806990716935564	0.028312491707362327	0.032013797021144944	0.028312491707362327	0.03495633806004426	0.07239795142753615	0.07239795142753615	0.07239795142753615	0.06402759404228989	0.06402759404228989	0.09234008574965222	0.0808924504371094	0.11106619006543328
UP000001555	0.018644200837942604	0.031382222169670716	0.031382222169670716	0.031382222169670716	0.031382222169670716	0.023764719567992167	0.031382222169670716	0.03269398959888101	0.023764719567992167	0.031382222169670716	0.023764719567992167	0.02888523829804173	0.08288285207733084	0.08288285207733084	0.08288285207733084	0.06276444433934143	0.06276444433934143	0.08652916390733359	0.09181212210821967	0.10767034861690518
UP000001568	0.016225287407486168	0.03057230630733699	0.03057230630733699	0.03057230630733699	0.03057230630733699	0.02026404673536426	0.03057230630733699	0.029456935849228715	0.02026404673536426	0.03057230630733699	0.02026404673536426	0.02430280606324235	0.09224869298376456	0.09224869298376456	0.09224869298376456	0.06114461261467398	0.06114461261467398	0.08140865935003823	0.10144158209762902	0.10390344700161905
UP000001593	0.02667954083663935	0.032273128429431634	0.032273128429431634	0.032273128429431634	0.032273128429431634	0.036279467202344116	0.032273128429431634	0.04387622418159264	0.036279467202344116	0.032273128429431634	0.036279467202344116	0.045879393568048876	0.05741841867817126	0.05741841867817126	0.05741841867817126	0.06454625685886327	0.06454625685886327	0.10082572406120739	0.06501517565741978	0.1138989997592295
UP000001595	0.02247687020528549	0.03211843152354737	0.03211843152354737	0.03211843152354737	0.03211843152354737	0.029560522016148446	0.03211843152354737	0.03792312858071087	0.029560522016148446	0.03211843152354737	0.029560522016148446	0.036644173827011406	0.06979536037755071	0.06979536037755071	0.06979536037755071	0.06423686304709474	0.06423686304709474	0.09379738506324317	0.07815796694211313	0.11174851296506463
UP000001610	0.01684908480344607	0.03080965595543768	0.03080965595543768	0.03080965595543768	0.03080965595543768	0.021155330642012686	0.03080965595543768	0.03028873913729179	0.021155330642012686	0.03080965595543768	0.021155330642012686	0.025461576480579295	0.0897395475547271	0.0897395475547271	0.0897395475547271	0.06161931191087536	0.06161931191087536	0.08277464255288804	0.09887295605000622	0.10497180683119249
UP000001611	0.016350818153312654	0.03062174330906064	0.03062174330906064	0.03062174330906064	0.03062174330906064	0.020442766920559578	0.03062174330906064	0.029624203882057033	0.020442766920559578	0.03062174330906064	0.020442766920559578	0.024534715687806505	0.09173818465277819	0.09173818465277819	0.09173818465277819	0.06124348661812128	0.06124348661812128	0.08168625353868086	0.10091962161427565	0.10412409931324765
UP000001628	0.02343938123801598	0.032210231741169736	0.032210231741169736	0.032210231741169736	0.032210231741169736	0.03106510839883471	0.032210231741169736	0.03926339723082095	0.03106510839883471	0.032210231741169736	0.03106510839883471	0.038690835559653435	0.06679513333736034	0.06679513333736034	0.06679513333736034	0.06442046348233947	0.06442046348233947	0.09548557188117418	0.07499342216934658	0.11244434930070646
UP000001631	0.02311731615346382	0.03218340706739938	0.03218340706739938	0.03218340706739938	0.03218340706739938	0.030559431121807156	0.03218340706739938	0.0388135340629466	0.030559431121807156	0.03218340706739938	0.030559431121807156	0.038001546090150495	0.06778736726723997	0.06778736726723997	0.06778736726723997	0.06436681413479876	0.06436681413479876	0.09492624525660591	0.07604147020837942	0.11222542238731863
UP000001640	0.03458768970090593	0.031004243930247775	0.031004243930247775	0.031004243930247775	0.031004243930247775	0.050033111221901815	0.031004243930247775	0.05596409909707069	0.050033111221901815	0.031004243930247775	0.050033111221901815	0.06547853274289771	0.0384250796406807	0.0384250796406807	0.0384250796406807	0.06200848786049555	0.06200848786049555	0.11204159908239736	0.04435606751584957	0.11215499997065337
UP000001645	0.024164713369812723	0.03225661671045583	0.03225661671045583	0.03225661671045583	0.03225661671045583	0.032212224163254845	0.03225661671045583	0.04028193123029747	0.032212224163254845	0.03225661671045583	0.032212224163254845	0.04025973495669698	0.0646021408724807	0.0646021408724807	0.0646021408724807	0.06451323342091166	0.06451323342091166	0.09672545758416652	0.07267184793952333	0.11288705270773808
UP000001646	0.02538966895407133	0.032292035279929666	0.032292035279929666	0.032292035279929666	0.032292035279929666	0.03417574015578898	0.032292035279929666	0.04201995891957698	0.03417574015578898	0.032292035279929666	0.03417574015578898	0.042961811357506645	0.0610243136076506	0.0610243136076506	0.0610243136076506	0.06458407055985933	0.06458407055985933	0.09875981071564832	0.06886853237143861	0.11347970359214268
UP000001742	0.03822953900760289	0.029801607860590558	0.029801607860590558	0.029801607860590558	0.029801607860590558	0.05690094924791301	0.029801607860590558	0.0620226887945619	0.05690094924791301	0.029801607860590558	0.05690094924791301	0.07557235948822312	0.031216907373789994	0.031216907373789994	0.031216907373789994	0.059603215721181116	0.059603215721181116	0.11650416496909412	0.03633864692043889	0.10896295234906445
UP000001743	0.01879637791615349	0.03142362136857469	0.03142362136857469	0.03142362136857469	0.03142362136857469	0.023988979764650305	0.03142362136857469	0.032898902415109316	0.023988979764650305	0.03142362136857469	0.023988979764650305	0.02918158161314712	0.08232479993756318	0.08232479993756318	0.08232479993756318	0.06284724273714938	0.06284724273714938	0.08683622250179969	0.0912347225880222	0.10787464017338075
UP000001744	0.027596129806628972	0.032225853365091546	0.032225853365091546	0.032225853365091546	0.032225853365091546	0.037797296197969746	0.032225853365091546	0.04521274117287142	0.037797296197969746	0.032225853365091546	0.037797296197969746	0.04799846258931051	0.05495131819318678	0.05495131819318678	0.05495131819318678	0.06445170673018309	0.06445170673018309	0.10224900292815282	0.062366763168088445	0.11407252351056285
UP000001745	0.02513443828946961	0.032289015131217645	0.032289015131217645	0.032289015131217645	0.032289015131217645	0.03376388459402882	0.032289015131217645	0.041655896167182446	0.03376388459402882	0.032289015131217645	0.03376388459402882	0.04239333089858804	0.06175714143557899	0.06175714143557899	0.06175714143557899	0.06457803026243529	0.06457803026243529	0.09834191485646412	0.06964915300873262	0.11337203737856333
UP000001798	0.027170823184045755	0.032251227107350317	0.032251227107350317	0.032251227107350317	0.032251227107350317	0.03709062028086394	0.032251227107350317	0.04459072079092532	0.03709062028086394	0.032251227107350317	0.03709062028086394	0.047010417377682134	0.056086506079086815	0.056086506079086815	0.056086506079086815	0.06450245421470063	0.06450245421470063	0.10159307449556457	0.06358660658914819	0.11400470740927852
UP000001805	0.01926619544266456	0.03154472409241102	0.03154472409241102	0.03154472409241102	0.03154472409241102	0.024684370382949624	0.03154472409241102	0.033532722177965386	0.024684370382949624	0.03154472409241102	0.024684370382949624	0.03010254532323468	0.08062345546019407	0.08062345546019407	0.08062345546019407	0.06308944818482204	0.06308944818482204	0.08777381856777167	0.08947180725520983	0.10848219277961255
UP000001811	0.021221381337281194	0.031944737845890386	0.031944737845890386	0.031944737845890386	0.031944737845890386	0.02762782733107127	0.031944737845890386	0.03619272858227091	0.02762782733107127	0.031944737845890386	0.02762782733107127	0.03403427332486135	0.07387235078706372	0.07387235078706372	0.07387235078706372	0.06388947569178077	0.06388947569178077	0.09151730302285203	0.08243725203826337	0.11064914888116228
UP000001819	0.020608977457547705	0.03183691943544015	0.03183691943544015	0.03183691943544015	0.03183691943544015	0.02669723951125031	0.03183691943544015	0.035355341527047834	0.02669723951125031	0.03183691943544015	0.02669723951125031	0.03278550156495291	0.07593215311355139	0.07593215311355139	0.07593215311355139	0.0636738388708803	0.0636738388708803	0.09037107838213061	0.08459025512934892	0.11003147371016553
UP000001861	0.02106178639923682	0.03191813065633572	0.03191813065633572	0.03191813065633572	0.03191813065633572	0.027384548919211653	0.03191813065633572	0.03597410230774852	0.027384548919211653	0.03191813065633572	0.027384548919211653	0.03370731143918649	0.07440451676603672	0.07440451676603672	0.07440451676603672	0.06383626131267144	0.06383626131267144	0.0912208102318831	0.0829940701545736	0.11049341584826915
UP000001876	0.01164703648869369	0.02810624363476776	0.02810624363476776	0.02810624363476776	0.02810624363476776	0.01396470434186392	0.02810624363476776	0.023353141841486073	0.01396470434186392	0.02810624363476776	0.01396470434186392	0.016282372195034152	0.1131367928626671	0.1131367928626671	0.1131367928626671	0.05621248726953552	0.05621248726953552	0.07017719161139944	0.12252523036228925	0.09364809953982674
UP000001881	0.018992615420723155	0.03147542915831874	0.03147542915831874	0.03147542915831874	0.03147542915831874	0.024278879384727173	0.03147542915831874	0.03316341823552698	0.024278879384727173	0.03147542915831874	0.024278879384727173	0.029565143348731192	0.08161024444345247	0.08161024444345247	0.08161024444345247	0.06295085831663748	0.06295085831663748	0.08722973770136466	0.09049478329425227	0.10813263893167535
UP000001926	0.04379983214594504	0.027243406473424166	0.027243406473424166	0.027243406473424166	0.027243406473424166	0.06813770611697252	0.027243406473424166	0.07202843026622584	0.06813770611697252	0.027243406473424166	0.06813770611697252	0.092475580088	0.02178538840160142	0.02178538840160142	0.02178538840160142	0.05448681294684833	0.05448681294684833	0.12262451906382084	0.025676112550854724	0.10119217759519006
UP000001940	0.03049563541254387	0.03189919520913638	0.03189919520913638	0.03189919520913638	0.03189919520913638	0.04272740930907511	0.03189919520913638	0.049545076155636976	0.04272740930907511	0.03189919520913638	0.04272740930907511	0.05495918320560634	0.047630252872573046	0.047630252872573046	0.047630252872573046	0.06379839041827276	0.06379839041827276	0.10652579972734785	0.05444791971913492	0.11396144714342178
UP000001949	0.03485308596954969	0.030929326577143652	0.030929326577143652	0.030929326577143652	0.030929326577143652	0.0505216224777067	0.030929326577143652	0.05639401103558219	0.0505216224777067	0.030929326577143652	0.0505216224777067	0.06619015898586372	0.03786985435543867	0.03786985435543867	0.03786985435543867	0.061858653154287305	0.061858653154287305	0.112380275631994	0.04374224291331416	0.11197252919282365
UP000001950	0.036818548580230995	0.030312027281278936	0.030312027281278936	0.030312027281278936	0.030312027281278936	0.054197448291995805	0.030312027281278936	0.059633637498402184	0.054197448291995805	0.030312027281278936	0.054197448291995805	0.07157634800376061	0.03390635636389158	0.03390635636389158	0.03390635636389158	0.06062405456255787	0.06062405456255787	0.11482150285455367	0.039342545570297954	0.11037573071230299
UP000001996	0.03250539387960143	0.03152135311406245	0.03152135311406245	0.03152135311406245	0.03152135311406245	0.046263134544119004	0.03152135311406245	0.052649984493608304	0.046263134544119004	0.03152135311406245	0.046263134544119004	0.06002087520863659	0.042954102091541956	0.042954102091541956	0.042954102091541956	0.0630427062281249	0.0630427062281249	0.10930584077224392	0.04934095204103126	0.1133117125572712
UP000001997	0.028700742747202163	0.032132632160544544	0.032132632160544544	0.032132632160544544	0.032132632160544544	0.03965219910905692	0.032132632160544544	0.04684387199665549	0.03965219910905692	0.032132632160544544	0.03965219910905692	0.05060365547091167	0.052078122916972225	0.052078122916972225	0.052078122916972225	0.06426526432108909	0.06426526432108909	0.103917463430146	0.05926979580457079	0.11414718286698103
UP000002009	0.01295476736813835	0.028955669857089215	0.028955669857089215	0.028955669857089215	0.028955669857089215	0.015720648772538967	0.028955669857089215	0.02510404071921471	0.015720648772538967	0.028955669857089215	0.015720648772538967	0.018486530176939582	0.10666618521969996	0.10666618521969996	0.10666618521969996	0.05791133971417843	0.05791133971417843	0.0736319884867174	0.1160495771663757	0.09705589553500538
UP000002035	0.023299492452402978	0.03219905619366501	0.03219905619366501	0.03219905619366501	0.03219905619366501	0.030845191488860852	0.03219905619366501	0.03906782287772081	0.030845191488860852	0.03219905619366501	0.030845191488860852	0.03839089052531873	0.06722469011983342	0.06722469011983342	0.06722469011983342	0.06439811238733002	0.06439811238733002	0.09524330387619087	0.07544732150869338	0.11235096199694014
UP000002036	0.024858134946998355	0.03228317879349885	0.03228317879349885	0.03228317879349885	0.03228317879349885	0.033319655269534156	0.03228317879349885	0.0412629373540523	0.033319655269534156	0.03228317879349885	0.033319655269534156	0.04178117559206995	0.06255788810431982	0.06255788810431982	0.06255788810431982	0.0645663575869977	0.0645663575869977	0.09788601285653184	0.07050117018883797	0.11324615100495912
UP000002037	0.03849231769163742	0.02970038277743633	0.02970038277743633	0.02970038277743633	0.02970038277743633	0.057410565688835	0.02970038277743633	0.06247372223033325	0.057410565688835	0.02970038277743633	0.057410565688835	0.07632881368603257	0.03072997893479342	0.03072997893479342	0.03072997893479342	0.05940076555487266	0.05940076555487266	0.11681133124370766	0.03579313547629166	0.10867521802674883
UP000002038	0.023502368239306876	0.03221502633169886	0.03221502633169886	0.03221502633169886	0.03221502633169886	0.031164267997867673	0.03221502633169886	0.03935154692334406	0.031164267997867673	0.03221502633169886	0.031164267997867673	0.03882616775642848	0.06660242567693615	0.06660242567693615	0.06660242567693615	0.06443005266339771	0.06443005266339771	0.09559432066126539	0.07478970460241255	0.11248554747584265
UP000002051	0.03234997294788345	0.031554868326805124	0.031554868326805124	0.031554868326805124	0.031554868326805124	0.04598614869897944	0.031554868326805124	0.05240668426398827	0.04598614869897944	0.031554868326805124	0.04598614869897944	0.059622324450075426	0.043304766469565506	0.043304766469565506	0.043304766469565506	0.06310973665361025	0.06310973665361025	0.10909588535258968	0.049725302034574335	0.11337840217720282
UP000002058	0.02274659222579348	0.032147700263569064	0.032147700263569064	0.032147700263569064	0.032147700263569064	0.029980132294682292	0.032147700263569064	0.038297456348014486	0.029980132294682292	0.032147700263569064	0.029980132294682292	0.0372136723635711	0.06894396743002969	0.06894396743002969	0.06894396743002969	0.06429540052713813	0.06429540052713813	0.09427553282182043	0.07726129148336189	0.11195615294761185
UP000002059	0.023612421673932415	0.032223051297672646	0.032223051297672646	0.032223051297672646	0.032223051297672646	0.03133773069605307	0.032223051297672646	0.039505700018983514	0.03133773069605307	0.032223051297672646	0.03133773069605307	0.03906303971817373	0.06626676609121657	0.06626676609121657	0.06626676609121657	0.06444610259534529	0.06444610259534529	0.09578383329139836	0.07443473541414701	0.1125562665448297
UP000002149	0.023194457816110993	0.03219018534933177	0.03219018534933177	0.03219018534933177	0.03219018534933177	0.03068034719964167	0.03219018534933177	0.0389211556580174	0.03068034719964167	0.03219018534933177	0.03068034719964167	0.03816623658317235	0.06754865100329997	0.06754865100329997	0.06754865100329997	0.06438037069866354	0.06438037069866354	0.0950607178983052	0.07578945946167572	0.11227912448057563
UP000002173	0.029634910843423495	0.032023610993200745	0.032023610993200745	0.032023610993200745	0.032023610993200745	0.041243164373086165	0.032023610993200745	0.04824164121280613	0.041243164373086165	0.032023610993200745	0.041243164373086165	0.05285141790274883	0.049730018374296255	0.049730018374296255	0.049730018374296255	0.06404722198640149	0.06404722198640149	0.10529038635948766	0.05672849521401622	0.11409749029336307
UP000002195	0.04463021471611817	0.026787737184366323	0.026787737184366323	0.026787737184366323	0.026787737184366323	0.06989474865478253	0.026787737184366323	0.07360577685823878	0.06989474865478253	0.026787737184366323	0.06989474865478253	0.09515928259344689	0.020533241116665258	0.020533241116665258	0.020533241116665258	0.053575474368732647	0.053575474368732647	0.12347022302351518	0.024244269320121508	0.09972889233055279
UP000002226	0.019161928974544627	0.03151871442237962	0.03151871442237962	0.03151871442237962	0.03151871442237962	0.024529646757855676	0.03151871442237962	0.0333918983734287	0.024529646757855676	0.03151871442237962	0.024529646757855676	0.02989736454116673	0.08099826048423409	0.08099826048423409	0.08099826048423409	0.06303742884475924	0.06303742884475924	0.08756707560261494	0.0898605120998071	0.10835035445837245
