	M	W	C	D	E	F	H	K	N	Q	Y	I	A	G	P	T	V	L	R	S
Start	16070.0	1322.0	2313.5	5069.0	6502.5	4331.5	2391.0	6511.5	4252.0	4549.5	2382.5	4481.5	9589.5	6235.0	7035.5	6815.5	6768.0	10926.5	6760.0	11504.0
M	7760.0	3793.0	5805.5	15943.0	19124.0	12174.0	7555.0	17290.0	13734.5	12827.5	9426.5	16535.0	22411.5	18648.5	15726.0	16922.5	18904.5	28789.5	16678.5	23457.5
W	3793.0	3223.0	3517.5	9364.5	10406.5	7285.0	4229.0	8831.5	6925.5	6596.0	5454.0	9035.0	13351.5	12287.0	9331.0	9623.0	11356.5	16202.5	10182.0	13039.5
C	5805.5	3517.5	9369.0	14314.0	16917.5	10503.5	7852.0	15095.5	12629.5	10864.5	8647.5	13934.5	18464.5	17445.5	14418.5	15046.0	16903.0	25343.5	15303.0	21559.0
D	15943.0	9364.5	14314.0	47728.0	53786.0	27504.0	19183.0	44637.5	32973.0	30609.0	22812.5	38651.5	54500.0	45279.0	39183.5	41161.0	45609.5	67971.0	42499.0	60533.5
E	19124.0	10406.5	16917.5	53786.0	77496.0	30766.0	22087.0	60175.0	40847.0	40384.5	25575.5	46218.5	65123.0	49007.5	44552.0	49058.0	54405.5	84359.5	51494.5	69403.5
F	12174.0	7285.0	10503.5	27504.0	30766.0	23936.0	12859.5	28788.0	23398.0	21169.0	17520.0	30493.5	37039.5	31880.0	26958.0	29726.0	32884.5	50940.0	27924.5	40924.0
H	7555.0	4229.0	7852.0	19183.0	22087.0	12859.5	11734.0	19425.5	15678.0	15328.0	11017.0	17861.0	25983.5	20452.0	19765.0	19574.5	20936.0	32732.5	20492.5	29690.0
K	17290.0	8831.5	15095.5	44637.5	60175.0	28788.0	19425.5	62482.0	37558.0	34594.0	23573.5	42172.5	54697.5	42734.0	39176.0	43865.0	46958.0	72915.5	45058.5	61802.0
N	13734.5	6925.5	12629.5	32973.0	40847.0	23398.0	15678.0	37558.0	30323.0	26083.0	18604.5	32566.5	40338.5	35707.5	31565.5	34923.0	36642.0	57129.0	32344.5	51540.5
Q	12827.5	6596.0	10864.5	30609.0	40384.5	21169.0	15328.0	34594.0	26083.0	33038.0	16643.5	29102.5	43240.5	33730.0	32668.0	32934.5	35131.0	56466.0	33471.5	49564.5
Y	9426.5	5454.0	8647.5	22812.5	25575.5	17520.0	11017.0	23573.5	18604.5	16643.5	15526.0	22666.5	28329.0	25243.0	21749.0	22903.0	25742.5	38557.0	22548.5	31897.0
I	16535.0	9035.0	13934.5	38651.5	46218.5	30493.5	17861.0	42172.5	32566.5	29102.5	22666.5	42107.0	50092.0	42350.0	36355.0	41829.5	46076.5	69445.5	37878.0	56314.5
A	22411.5	13351.5	18464.5	54500.0	65123.0	37039.5	25983.5	54697.5	40338.5	43240.5	28329.0	50092.0	92525.0	69145.5	61541.0	61504.0	65909.0	95259.5	61153.0	86427.0
G	18648.5	12287.0	17445.5	45279.0	49007.5	31880.0	20452.0	42734.0	35707.5	33730.0	25243.0	42350.0	69145.5	68321.0	47931.5	48142.5	54595.5	75364.5	47572.5	68495.5
P	15726.0	9331.0	14418.5	39183.5	44552.0	26958.0	19765.0	39176.0	31565.5	32668.0	21749.0	36355.0	61541.0	47931.5	59022.0	46511.5	46017.5	65103.5	43700.5	67435.5
T	16922.5	9623.0	15046.0	41161.0	49058.0	29726.0	19574.5	43865.0	34923.0	32934.5	22903.0	41829.5	61504.0	48142.5	46511.5	53356.0	49259.0	72128.5	43065.5	72329.0
V	18904.5	11356.5	16903.0	45609.5	54405.5	32884.5	20936.0	46958.0	36642.0	35131.0	25742.5	46076.5	65909.0	54595.5	46017.5	49259.0	56553.0	80451.0	46999.0	67388.5
L	28789.5	16202.5	25343.5	67971.0	84359.5	50940.0	32732.5	72915.5	57129.0	56466.0	38557.0	69445.5	95259.5	75364.5	65103.5	72128.5	80451.0	128665.0	71662.0	102398.0
R	16678.5	10182.0	15303.0	42499.0	51494.5	27924.5	20492.5	45058.5	32344.5	33471.5	22548.5	37878.0	61153.0	47572.5	43700.5	43065.5	46999.0	71662.0	55610.0	64635.0
S	23457.5	13039.5	21559.0	60533.5	69403.5	40924.0	29690.0	61802.0	51540.5	49564.5	31897.0	56314.5	86427.0	68495.5	67435.5	72329.0	67388.5	102398.0	64635.0	121437.0
End	2645.0	1924.0	2635.5	6217.5	8177.0	4944.5	3256.5	9359.0	5410.0	5499.0	3914.0	6085.5	8391.5	7997.5	6223.0	6597.5	7356.0	10871.5	8152.5	10390.5
