	M	W	C	D	E	F	H	K	N	Q	Y	I	A	G	P	T	V	L	R	S
Start	17362342.0	1398649.0	2265008.0	5290111.0	6794704.0	4609774.0	2566454.0	6684179.0	4685159.0	4490367.0	2585440.0	5306348.0	10253126.0	7047850.0	6804765.0	6956254.0	6811763.0	11066476.0	7320650.0	12182499.0
M	8248400.0	3936289.0	5837994.0	16263367.0	20076820.0	12710384.0	7715184.0	17742612.0	13306964.0	13340960.0	9129534.0	16182173.0	21812737.0	19752066.0	16219224.0	16697591.0	19689427.0	29849937.0	17108491.0	24927134.0
W	3936289.0	2976908.0	3838918.0	9142576.0	10712362.0	7586575.0	4359809.0	9517940.0	7069066.0	6836398.0	5497375.0	8958767.0	12504142.0	12128667.0	9272151.0	9405411.0	11644994.0	17107287.0	10091275.0	13800307.0
C	5837994.0	3838918.0	9469186.0	14350667.0	17062737.0	11193987.0	8445256.0	14959073.0	11819449.0	10945801.0	8460812.0	13759239.0	18816430.0	18474500.0	14811228.0	15170087.0	17370755.0	26459104.0	15541491.0	23250038.0
D	16263367.0	9142576.0	14350667.0	47000200.0	54068989.0	28643121.0	18909711.0	44328723.0	32374084.0	30814589.0	21809078.0	37639456.0	51622612.0	46529266.0	38298627.0	39884435.0	46552587.0	69490081.0	42036799.0	61602004.0
E	20076820.0	10712362.0	17062737.0	54068989.0	80179106.0	32768233.0	22020277.0	60467579.0	38676253.0	41698157.0	24953281.0	45194455.0	65441280.0	54151260.0	46000796.0	47971927.0	56585460.0	86733296.0	54143055.0	73380522.0
F	12710384.0	7586575.0	11193987.0	28643121.0	32768233.0	27741658.0	13825567.0	30600209.0	23800596.0	21721296.0	17769586.0	31150696.0	36817365.0	34355641.0	28438195.0	30366529.0	35709183.0	55989700.0	29081802.0	45805914.0
H	7715184.0	4359809.0	8445256.0	18909711.0	22020277.0	13825567.0	11817220.0	20049361.0	15062064.0	15799721.0	10744847.0	17632597.0	24878946.0	21862785.0	20055015.0	19381680.0	21627991.0	34035574.0	20625411.0	30227299.0
K	17742612.0	9517940.0	14959073.0	44328723.0	60467579.0	30600209.0	20049361.0	62279426.0	36471239.0	35378444.0	23202834.0	42701162.0	53925177.0	46318695.0	40303493.0	43512922.0	49414073.0	75730223.0	46011584.0	65240987.0
N	13306964.0	7069066.0	11819449.0	32374084.0	38676253.0	23800596.0	15062064.0	36471239.0	32683214.0	26121851.0	18264185.0	32892436.0	38389300.0	35738433.0	30268217.0	33517068.0	36109776.0	56646563.0	31332021.0	50997580.0
Q	13340960.0	6836398.0	10945801.0	30814589.0	41698157.0	21721296.0	15799721.0	35378444.0	26121851.0	35966772.0	16569358.0	29204623.0	43351163.0	35670024.0	34379022.0	32789645.0	35716419.0	57817038.0	34540942.0	50669287.0
Y	9129534.0	5497375.0	8460812.0	21809078.0	24953281.0	17769586.0	10744847.0	23202834.0	18264185.0	16569358.0	15568594.0	21920172.0	26714451.0	25633845.0	21135828.0	22206776.0	25495126.0	38668992.0	22263345.0	32366687.0
I	16182173.0	8958767.0	13759239.0	37639456.0	45194455.0	31150696.0	17632597.0	42701162.0	32892436.0	29204623.0	21920172.0	42704388.0	47589444.0	43451550.0	35210622.0	39738153.0	45764821.0	70207899.0	37026912.0	57832484.0
A	21812737.0	12504142.0	18816430.0	51622612.0	65441280.0	36817365.0	24878946.0	53925177.0	38389300.0	43351163.0	26714451.0	47589444.0	89966896.0	69041743.0	59223269.0	56499075.0	65685585.0	96249296.0	59627094.0	84799066.0
G	19752066.0	12128667.0	18474500.0	46529266.0	54151260.0	34355641.0	21862785.0	46318695.0	35738433.0	35670024.0	25633845.0	43451550.0	69041743.0	71683900.0	51994952.0	48774878.0	59058925.0	83319529.0	51572275.0	75075046.0
P	16219224.0	9272151.0	14811228.0	38298627.0	46000796.0	28438195.0	20055015.0	40303493.0	30268217.0	34379022.0	21135828.0	35210622.0	59223269.0	51994952.0	62531448.0	45149463.0	47231918.0	70495341.0	44630621.0	71424036.0
T	16697591.0	9405411.0	15170087.0	39884435.0	47971927.0	30366529.0	19381680.0	43512922.0	33517068.0	32789645.0	22206776.0	39738153.0	56499075.0	48774878.0	45149463.0	51201790.0	49292262.0	72885630.0	42092058.0	69592184.0
V	19689427.0	11644994.0	17370755.0	46552587.0	56585460.0	35709183.0	21627991.0	49414073.0	36109776.0	35716419.0	25495126.0	45764821.0	65685585.0	59058925.0	47231918.0	49292262.0	61234208.0	86402836.0	48826028.0	72071824.0
L	29849937.0	17107287.0	26459104.0	69490081.0	86733296.0	55989700.0	34035574.0	75730223.0	56646563.0	57817038.0	38668992.0	70207899.0	96249296.0	83319529.0	70495341.0	72885630.0	86402836.0	140595568.0	75448229.0	111136948.0
R	17108491.0	10091275.0	15541491.0	42036799.0	54143055.0	29081802.0	20625411.0	46011584.0	31332021.0	34540942.0	22263345.0	37026912.0	59627094.0	51572275.0	44630621.0	42092058.0	48826028.0	75448229.0	56206880.0	66541116.0
S	24927134.0	13800307.0	23250038.0	61602004.0	73380522.0	45805914.0	30227299.0	65240987.0	50997580.0	50669287.0	32366687.0	57832484.0	84799066.0	75075046.0	71424036.0	69592184.0	72071824.0	111136948.0	66541116.0	123400070.0
End	2824502.0	1909552.0	2950035.0	6462146.0	8302971.0	5507524.0	3444524.0	9548794.0	5619382.0	5640569.0	3966315.0	6511366.0	8417948.0	7785630.0	6812048.0	6940398.0	7822895.0	12020438.0	8506830.0	11514355.0
