Proteome_ID	M	W	C	D	E	F	H	K	N	Q	Y	I	A	G	P	T	V	L	R	S
UP000008323	0.019615045431970738	0.008794785106901851	0.028409830538872593	0.028409830538872593	0.028409830538872593	0.06336256201385257	0.028409830538872593	0.06336256201385257	0.06336256201385257	0.028409830538872593	0.06336256201385257	0.1071100785957344	0.025476194320267615	0.025476194320267615	0.025476194320267615	0.056819661077745186	0.056819661077745186	0.1397972685235685	0.05388602485914021	0.08522949161661778
UP000002535	0.01922990619202726	0.011612739668059166	0.030842645860086424	0.030842645860086424	0.030842645860086424	0.051073321503512584	0.030842645860086424	0.051073321503512584	0.051073321503512584	0.030842645860086424	0.051073321503512584	0.08291673681499791	0.03725110392850727	0.03725110392850727	0.03725110392850727	0.06168529172017285	0.06168529172017285	0.13198851941571269	0.0680937497885937	0.09252793758025926
UP000001961	0.014149735415398832	0.017533689386299754	0.031683424801698584	0.031683424801698584	0.031683424801698584	0.025568610696846066	0.031683424801698584	0.025568610696846066	0.025568610696846066	0.031683424801698584	0.025568610696846066	0.0369874859782933	0.07852123207372504	0.07852123207372504	0.07852123207372504	0.06336684960339717	0.06336684960339717	0.10308519571564208	0.11020465687542363	0.09505027440509577
UP000000815	0.016505438094712145	0.015783595676148066	0.03228903377086021	0.03228903377086021	0.03228903377086021	0.03376573114124945	0.03228903377086021	0.03376573114124945	0.03376573114124945	0.03228903377086021	0.03376573114124945	0.05102602418778676	0.061753835419372585	0.061753835419372585	0.061753835419372585	0.06457806754172042	0.06457806754172042	0.11484923677768201	0.09404286919023282	0.09686710131258063
UP000000425	0.014782358138108636	0.01715106582264417	0.03193342396075281	0.03193342396075281	0.03193342396075281	0.027523147216930898	0.03193342396075281	0.027523147216930898	0.027523147216930898	0.03193342396075281	0.027523147216930898	0.04026393629575316	0.07410079652735972	0.07410079652735972	0.07410079652735972	0.06386684792150563	0.06386684792150563	0.10617235327654516	0.10603422048811252	0.09580027188225843
UP000010481	0.017362868131275775	0.014869222943613343	0.03223209107488912	0.03223209107488912	0.03223209107488912	0.03763757857763165	0.03223209107488912	0.03763757857763165	0.03763757857763165	0.03223209107488912	0.03763757857763165	0.057912289023987526	0.055205873189588174	0.055205873189588174	0.055205873189588174	0.06446418214977824	0.06446418214977824	0.11946462885868567	0.0874379642644773	0.09669627322466735
UP000002194	0.011097484274458827	0.01865400856418722	0.029751492838646046	0.029751492838646046	0.029751492838646046	0.017699505325220948	0.029751492838646046	0.017699505325220948	0.017699505325220948	0.029751492838646046	0.017699505325220948	0.02430152637598307	0.10001989432627914	0.10001989432627914	0.10001989432627914	0.05950298567729209	0.05950298567729209	0.08829997527697186	0.1297713871649252	0.08925447851593815
UP000010378	0.01950673263238209	0.01055292301212856	0.03005965564451065	0.03005965564451065	0.03005965564451065	0.055564289155244445	0.03005965564451065	0.055564289155244445	0.055564289155244445	0.03005965564451065	0.055564289155244445	0.0916218456781068	0.03252387140027963	0.03252387140027963	0.03252387140027963	0.0601193112890213	0.0601193112890213	0.13519033307664782	0.06258352704479028	0.09017896693353197
UP000001168	0.017413317979762685	0.014808814136452875	0.032222132116215566	0.032222132116215566	0.032222132116215566	0.03788920755946383	0.032222132116215566	0.03788920755946383	0.03788920755946383	0.032222132116215566	0.03788920755946383	0.05836509713916498	0.05480535830607605	0.05480535830607605	0.05480535830607605	0.06444426423243113	0.06444426423243113	0.11974678977165765	0.08702749042229162	0.0966663963486467
UP000000430	0.01824751770580762	0.013661311985493712	0.03190882969130133	0.03190882969130133	0.03190882969130133	0.0426208650663927	0.03190882969130133	0.0426208650663927	0.0426208650663927	0.03190882969130133	0.0426208650663927	0.06699421242697778	0.04777816736860749	0.04777816736860749	0.04777816736860749	0.06381765938260266	0.06381765938260266	0.12468604215480299	0.07968699705990884	0.09572648907390399
UP000001054	0.01207987726324824	0.0184183885522355	0.030498265815483743	0.030498265815483743	0.030498265815483743	0.020002580939592965	0.030498265815483743	0.020002580939592965	0.020002580939592965	0.030498265815483743	0.020002580939592965	0.02792528461593769	0.09300242009377734	0.09300242009377734	0.09300242009377734	0.060996531630967486	0.060996531630967486	0.09307898983380869	0.12350068590926107	0.09149479744645123
UP000008561	0.012762416865626984	0.018185791685120217	0.0309482085507472	0.0309482085507472	0.0309482085507472	0.02171882014309933	0.0309482085507472	0.02171882014309933	0.02171882014309933	0.0309482085507472	0.02171882014309933	0.030675223420571676	0.0881992305465874	0.0881992305465874	0.0881992305465874	0.0618964171014944	0.0618964171014944	0.0963776541102207	0.11914743909733459	0.09284462565224158
UP000008898	0.01799162349346467	0.014047764634697047	0.03203938812816172	0.03203938812816172	0.03203938812816172	0.041034329884706164	0.03203938812816172	0.041034329884706164	0.041034329884706164	0.03203938812816172	0.041034329884706164	0.06407703627594766	0.05003237018911735	0.05003237018911735	0.05003237018911735	0.06407877625632344	0.06407877625632344	0.12310472963449426	0.08207175831727907	0.09611816438448516
UP000008204	0.017852993980121454	0.014242984407553234	0.03209597838767469	0.03209597838767469	0.03209597838767469	0.040230986185549024	0.03209597838767469	0.040230986185549024	0.040230986185549024	0.03209597838767469	0.040230986185549024	0.06260897839097661	0.05121186062459046	0.05121186062459046	0.05121186062459046	0.06419195677534938	0.06419195677534938	0.12227593694101985	0.08330783901226514	0.09628793516302407
UP000001946	0.01641646565773646	0.015867975076704146	0.0322844407344406	0.0322844407344406	0.0322844407344406	0.03340038095813893	0.0322844407344406	0.03340038095813893	0.03340038095813893	0.0322844407344406	0.03340038095813893	0.050384296258541406	0.06241157038549443	0.06241157038549443	0.06241157038549443	0.0645688814688812	0.0645688814688812	0.1143857280847566	0.09469601111993504	0.09685332220332182
UP000017700	0.016819354414482558	0.015471275167853805	0.03229062958233636	0.03229062958233636	0.03229062958233636	0.03510425206194756	0.03229062958233636	0.03510425206194756	0.03510425206194756	0.03229062958233636	0.03510425206194756	0.053389149709412574	0.05940504056224627	0.05940504056224627	0.05940504056224627	0.06458125916467272	0.06458125916467272	0.11650486564110285	0.09169567014458264	0.0968718887470091
UP000002084	0.014873637800221945	0.01709108754562722	0.03196472534584916	0.03196472534584916	0.03196472534584916	0.02781752453777434	0.03196472534584916	0.02781752453777434	0.02781752453777434	0.03196472534584916	0.02781752453777434	0.04076141127532673	0.07346043067549826	0.07346043067549826	0.07346043067549826	0.06392945069169832	0.06392945069169832	0.1066206130296946	0.10542515602134743	0.09589417603754749
UP000065734	0.010797361768127624	0.018702573062649632	0.029499934830777255	0.029499934830777255	0.029499934830777255	0.017030890211582748	0.029499934830777255	0.017030890211582748	0.017030890211582748	0.029499934830777255	0.017030890211582748	0.02326441865503787	0.1021962028066212	0.1021962028066212	0.1021962028066212	0.05899986966155451	0.05899986966155451	0.08682812164126488	0.13169613763739846	0.08849980449233177
UP000001191	0.017676016378146545	0.014479796422545618	0.03215581280069216	0.03215581280069216	0.03215581280069216	0.039253775200364584	0.03215581280069216	0.039253775200364584	0.039253775200364584	0.03215581280069216	0.039253775200364584	0.060831534022582616	0.05268264219659333	0.05268264219659333	0.05268264219659333	0.06431162560138431	0.06431162560138431	0.12124141717989545	0.08483845499728548	0.09646743840207649
UP000002186	0.007821902082472654	0.0185478785463343	0.026369780628806957	0.026369780628806957	0.026369780628806957	0.011120508553015976	0.026369780628806957	0.011120508553015976	0.011120508553015976	0.026369780628806957	0.011120508553015976	0.0144191150235593	0.1250599875169942	0.1250599875169942	0.1250599875169942	0.052739561257613914	0.052739561257613914	0.07168197189310253	0.15142976814580117	0.07910934188642087
UP000254519	0.01799267135887819	0.014046253836296799	0.03203892519517499	0.03203892519517499	0.03203892519517499	0.041040540662794056	0.03203892519517499	0.041040540662794056	0.041040540662794056	0.03203892519517499	0.041040540662794056	0.06408840996670993	0.05002335305941042	0.05002335305941042	0.05002335305941042	0.06407785039034998	0.06407785039034998	0.12311106241202223	0.08206227825458541	0.09611677558552496
UP000001688	0.01587460539453338	0.01634633357186996	0.03222093896640334	0.03222093896640334	0.03222093896640334	0.0312910959074772	0.03222093896640334	0.0312910959074772	0.0312910959074772	0.03222093896640334	0.0312910959074772	0.04670758642042103	0.06635682629630157	0.06635682629630157	0.06635682629630157	0.06444187793280667	0.06444187793280667	0.11160757923481726	0.0985777652627049	0.09666281689921
UP000001430	0.019580250029368765	0.010076561110497834	0.0296568111398666	0.0296568111398666	0.0296568111398666	0.05762757460850332	0.0296568111398666	0.05762757460850332	0.05762757460850332	0.0296568111398666	0.05762757460850332	0.09567489918763787	0.03052449987565279	0.03052449987565279	0.03052449987565279	0.0593136222797332	0.0593136222797332	0.1365214469176053	0.06018131101551939	0.08897043341959979
UP000029482	0.007312672897797009	0.0183918128604232	0.025704485758220205	0.025704485758220205	0.025704485758220205	0.010220226672729472	0.025704485758220205	0.010220226672729472	0.010220226672729472	0.025704485758220205	0.010220226672729472	0.013127780447661934	0.1292966602898426	0.1292966602898426	0.1292966602898426	0.05140897151644041	0.05140897151644041	0.0689418710869669	0.15500114604806284	0.07711345727466062
UP000889800	0.013718149244696578	0.017763150905570055	0.03148130015026663	0.03148130015026663	0.03148130015026663	0.02431241935477928	0.03148130015026663	0.02431241935477928	0.02431241935477928	0.03148130015026663	0.02431241935477928	0.03490668946486197	0.08152806552806972	0.08152806552806972	0.08152806552806972	0.06296260030053326	0.06296260030053326	0.10099316890000913	0.11300936567833637	0.0944439004507999
UP000002384	0.0182905054180341	0.013592617389633589	0.03188312280766769	0.03188312280766769	0.03188312280766769	0.04290258555370199	0.03188312280766769	0.04290258555370199	0.04290258555370199	0.03188312280766769	0.04290258555370199	0.06751466568936988	0.04738798405035076	0.04738798405035076	0.04738798405035076	0.06376624561533538	0.06376624561533538	0.12495933658707147	0.07927110685801846	0.09564936842300306
UP000002417	0.009100010116646757	0.018762983292537394	0.02786299340918415	0.02786299340918415	0.02786299340918415	0.013513497184879103	0.02786299340918415	0.013513497184879103	0.013513497184879103	0.02786299340918415	0.013513497184879103	0.01792698425311145	0.11489940628972498	0.11489940628972498	0.11489940628972498	0.0557259868183683	0.0557259868183683	0.07833949411989416	0.14276239969890914	0.08358898022755244
UP000000817	0.01900760545900234	0.012204840218349165	0.031212445677351503	0.031212445677351503	0.031212445677351503	0.04860971895016639	0.031212445677351503	0.04860971895016639	0.04860971895016639	0.031212445677351503	0.04860971895016639	0.07821183244133045	0.04008320912780278	0.04008320912780278	0.04008320912780278	0.062424891354703006	0.062424891354703006	0.13004221576387173	0.07129565480515429	0.09363733703205451
UP000001566	0.01182901409461262	0.01848966683710144	0.030318680931714057	0.030318680931714057	0.030318680931714057	0.019396785633349536	0.030318680931714057	0.019396785633349536	0.019396785633349536	0.030318680931714057	0.019396785633349536	0.026964557172086446	0.09478090141478206	0.09478090141478206	0.09478090141478206	0.060637361863428114	0.060637361863428114	0.09186316159139027	0.12509958234649612	0.09095604279514218
UP000000562	0.018782177327422468	0.006074832158032929	0.024857009485455394	0.024857009485455394	0.024857009485455394	0.07685294800579656	0.024857009485455394	0.07685294800579656	0.07685294800579656	0.024857009485455394	0.07685294800579656	0.13492371868417066	0.01607930304803447	0.01607930304803447	0.01607930304803447	0.04971401897091079	0.04971401897091079	0.14534914430412982	0.040936312533489866	0.0745710284563662
UP000000585	0.018451800341147608	0.013323609899926266	0.03177541024107387	0.03177541024107387	0.03177541024107387	0.04400560583281538	0.03177541024107387	0.04400560583281538	0.04400560583281538	0.03177541024107387	0.04400560583281538	0.06955941132448315	0.045888548828277566	0.045888548828277566	0.045888548828277566	0.06355082048214775	0.06355082048214775	0.12600822665611075	0.07766395906935143	0.09532623072322162
UP000001020	0.01004527830613931	0.018775138342627676	0.02882041664876699	0.02882041664876699	0.02882041664876699	0.015419812139463413	0.02882041664876699	0.015419812139463413	0.015419812139463413	0.02882041664876699	0.015419812139463413	0.020794345972787516	0.10773366216087113	0.10773366216087113	0.10773366216087113	0.05764083329753398	0.05764083329753398	0.0831059237431367	0.1365540788096381	0.08646124994630096
UP000000594	0.019282656843994966	0.011449483440346733	0.030732140284341698	0.030732140284341698	0.030732140284341698	0.05175755904377541	0.030732140284341698	0.05175755904377541	0.05175755904377541	0.030732140284341698	0.05175755904377541	0.08423246124355585	0.036495710536026266	0.036495710536026266	0.036495710536026266	0.061464280568683395	0.061464280568683395	0.1325044964564538	0.06722785082036796	0.09219642085302511
UP000000586	0.018432106466191978	0.013357473400848021	0.03178957986704	0.03178957986704	0.03178957986704	0.043866748077341804	0.03178957986704	0.043866748077341804	0.043866748077341804	0.03178957986704	0.043866748077341804	0.06930138968849163	0.04607487139649185	0.04607487139649185	0.04607487139649185	0.06357915973408	0.06357915973408	0.12587801427761378	0.07786445126353184	0.09536873960112001
UP000037395	0.007139874311897255	0.018328911471472833	0.025468785783370085	0.025468785783370085	0.025468785783370085	0.009921152691087001	0.025468785783370085	0.009921152691087001	0.009921152691087001	0.025468785783370085	0.009921152691087001	0.012702431070276745	0.13076283965711744	0.13076283965711744	0.13076283965711744	0.05093757156674017	0.05093757156674017	0.06799859856972443	0.15623162544048752	0.07640635735011027
UP000001174	0.019540713652365205	0.010357757506887572	0.029898471159252777	0.029898471159252777	0.029898471159252777	0.05640578698409951	0.029898471159252777	0.05640578698409951	0.05640578698409951	0.029898471159252777	0.05640578698409951	0.09327086031583383	0.031695988140814736	0.031695988140814736	0.031695988140814736	0.059796942318505554	0.059796942318505554	0.1357434429549703	0.06159445930006752	0.08969541347775833
UP000061569	0.00832703903558608	0.018661813575800996	0.026988852611387077	0.026988852611387077	0.026988852611387077	0.012042625348702395	0.026988852611387077	0.012042625348702395	0.012042625348702395	0.026988852611387077	0.012042625348702395	0.015758211661818705	0.12096999519422245	0.12096999519422245	0.12096999519422245	0.053977705222774154	0.053977705222774154	0.07434736960706263	0.14795884780560953	0.08096655783416123
UP000002516	0.015227808934738227	0.016846327883969423	0.03207413681870765	0.03207413681870765	0.03207413681870765	0.02899259889668304	0.03207413681870765	0.02899259889668304	0.02899259889668304	0.03207413681870765	0.02899259889668304	0.04275738885862786	0.07096640465597405	0.07096640465597405	0.07096640465597405	0.0641482736374153	0.0641482736374153	0.10836868146883656	0.10304054147468171	0.09622241045612295
UP000001584	0.010005108751317682	0.018777003628330242	0.028782112379647926	0.028782112379647926	0.028782112379647926	0.015336214986748246	0.028782112379647926	0.015336214986748246	0.015336214986748246	0.028782112379647926	0.015336214986748246	0.02066732122217881	0.1080331742545989	0.1080331742545989	0.1080331742545989	0.05756422475929585	0.05756422475929585	0.08290554849736176	0.13681528663424683	0.08634633713894377
UP000001962	0.009136094124037137	0.01876564535285038	0.027901739476887514	0.027901739476887514	0.027901739476887514	0.013584020868564878	0.027901739476887514	0.013584020868564878	0.013584020868564878	0.027901739476887514	0.013584020868564878	0.018031947613092618	0.11462100557246138	0.11462100557246138	0.11462100557246138	0.05580347895377503	0.05580347895377503	0.07852359394637705	0.1425227450493489	0.08370521843066255
UP000000579	0.019133382027912683	0.011885956357730808	0.03101933838564349	0.03101933838564349	0.03101933838564349	0.0499332854440096	0.03101933838564349	0.0499332854440096	0.0499332854440096	0.03101933838564349	0.0499332854440096	0.08073318886010653	0.038539396930409225	0.038539396930409225	0.038539396930409225	0.06203867677128698	0.06203867677128698	0.13110534424320927	0.06955873531605272	0.09305801515693048
UP000002357	0.007373222822287001	0.01841263502728777	0.025785857849574774	0.025785857849574774	0.025785857849574774	0.010325783099864063	0.025785857849574774	0.010325783099864063	0.010325783099864063	0.025785857849574774	0.010325783099864063	0.013278343377441123	0.12878644817693882	0.12878644817693882	0.12878644817693882	0.05157171569914955	0.05157171569914955	0.0692707216213006	0.1545723060265136	0.07735757354872431
UP000002521	0.019494412175973055	0.00792671609601245	0.027421128271985503	0.027421128271985503	0.027421128271985503	0.06743760851145206	0.027421128271985503	0.06743760851145206	0.06743760851145206	0.027421128271985503	0.06743760851145206	0.11538080484693107	0.02229967201701686	0.02229967201701686	0.02229967201701686	0.054842256543971006	0.054842256543971006	0.14177427723139616	0.04972080028900236	0.08226338481595652
UP000069205	0.010889555345401076	0.018688831471161307	0.029578386816562382	0.029578386816562382	0.029578386816562382	0.017234650586028473	0.029578386816562382	0.017234650586028473	0.017234650586028473	0.029578386816562382	0.017234650586028473	0.02357974582665587	0.10152581420820063	0.10152581420820063	0.10152581420820063	0.059156773633124764	0.059156773633124764	0.08728097956455431	0.131104201024763	0.08873516044968714
UP000000558	0.015555119661997876	0.016602280051242126	0.03215739971324	0.03215739971324	0.03215739971324	0.030129126783445644	0.03215739971324	0.030129126783445644	0.030129126783445644	0.03215739971324	0.030129126783445644	0.044703133904893416	0.0686444292760101	0.0686444292760101	0.0686444292760101	0.06431479942648	0.06431479942648	0.10999904587192354	0.1008018289892501	0.09647219913972001
UP000035170	0.010143823840977902	0.018769688294826094	0.028913512135803995	0.028913512135803995	0.028913512135803995	0.015625916057989065	0.028913512135803995	0.015625916057989065	0.015625916057989065	0.028913512135803995	0.015625916057989065	0.02110800827500023	0.10700059835530315	0.10700059835530315	0.10700059835530315	0.05782702427160799	0.05782702427160799	0.08359676417057496	0.13591411049110716	0.08674053640741199
UP000001010	0.009939293486857055	0.0187796118602476	0.028718905347104657	0.028718905347104657	0.028718905347104657	0.015199761900849961	0.028718905347104657	0.015199761900849961	0.015199761900849961	0.028718905347104657	0.015199761900849961	0.020460230314842873	0.10852479528509397	0.10852479528509397	0.10852479528509397	0.057437810694209314	0.057437810694209314	0.08257686608191633	0.13724370063219862	0.08615671604131396
UP000001423	0.014821208900596397	0.017125689594188042	0.03194689849478444	0.03194689849478444	0.03194689849478444	0.027648034475530724	0.03194689849478444	0.027648034475530724	0.027648034475530724	0.03194689849478444	0.027648034475530724	0.04047486005046505	0.07382834568868346	0.07382834568868346	0.07382834568868346	0.06389379698956887	0.06389379698956887	0.106363040365696	0.10577524418346788	0.09584069548435331
UP000000818	0.019624717760337272	0.008967889788530609	0.02859260754886788	0.02859260754886788	0.02859260754886788	0.06257011029464948	0.02859260754886788	0.06257011029464948	0.06257011029464948	0.02859260754886788	0.06257011029464948	0.10551550282896169	0.026131876788891836	0.026131876788891836	0.026131876788891836	0.05718521509773576	0.05718521509773576	0.13938004315272254	0.05472448433775972	0.08577782264660365
UP000001203	0.01843539360955245	0.013351841953293355	0.03178723556284581	0.03178723556284581	0.03178723556284581	0.04388983942519489	0.03178723556284581	0.04388983942519489	0.04388983942519489	0.03178723556284581	0.04388983942519489	0.06934428524083734	0.046043838754525696	0.046043838754525696	0.046043838754525696	0.06357447112569162	0.06357447112569162	0.12589970416043897	0.0778310743173715	0.09536170668853741
UP000000429	0.018736033805103885	0.012796969810481933	0.03153300361558582	0.03153300361558582	0.03153300361558582	0.046167446705559535	0.03153300361558582	0.046167446705559535	0.046167446705559535	0.03153300361558582	0.046167446705559535	0.07359885960601517	0.04307495380292755	0.04307495380292755	0.04307495380292755	0.06306600723117164	0.06306600723117164	0.12796948774183506	0.07460795741851338	0.09459901084675745
UP000000640	0.007716601862712774	0.018519094609768614	0.026235696472481387	0.026235696472481387	0.026235696472481387	0.010931982828271016	0.026235696472481387	0.010931982828271016	0.010931982828271016	0.026235696472481387	0.010931982828271016	0.014147363793829255	0.1259262441606002	0.1259262441606002	0.1259262441606002	0.05247139294496277	0.05247139294496277	0.07111997763594656	0.15216194063308155	0.07870708941744416
UP000001170	0.01868015470957558	0.012906753267922108	0.031586907977497684	0.031586907977497684	0.031586907977497684	0.04571624757740313	0.031586907977497684	0.04571624757740313	0.04571624757740313	0.031586907977497684	0.04571624757740313	0.07275234044523067	0.04364893482955377	0.04364893482955377	0.04364893482955377	0.06317381595499537	0.06317381595499537	0.12757021824197406	0.07523584280705145	0.09476072393249306
UP000006552	0.010179372352704219	0.018767418564299903	0.02894679091700412	0.02894679091700412	0.02894679091700412	0.01570062297862185	0.02894679091700412	0.01570062297862185	0.01570062297862185	0.02894679091700412	0.01570062297862185	0.02122187360453948	0.1067367461193953	0.1067367461193953	0.1067367461193953	0.05789358183400824	0.05789358183400824	0.08377357716533432	0.13568353703639943	0.08684037275101238
UP000001409	0.01077359726636167	0.018705945411747114	0.029479542678108782	0.029479542678108782	0.029479542678108782	0.016978597628699136	0.029479542678108782	0.016978597628699136	0.016978597628699136	0.029479542678108782	0.016978597628699136	0.0231835979910366	0.1023692834373414	0.1023692834373414	0.1023692834373414	0.058959085356217564	0.058959085356217564	0.08671128025127837	0.13184882611545018	0.08843862803432634
UP000001937	0.008163194383023258	0.018629152887517392	0.026792347270540653	0.026792347270540653	0.026792347270540653	0.011740262161541172	0.026792347270540653	0.011740262161541172	0.011740262161541172	0.026792347270540653	0.011740262161541172	0.015317329940059087	0.12228515213514037	0.12228515213514037	0.12228515213514037	0.05358469454108131	0.05358469454108131	0.07348815108564573	0.14907749940568102	0.08037704181162195
UP000198251	0.01198988752188525	0.018444833188997263	0.03043472071088251	0.03043472071088251	0.03043472071088251	0.019783799308152526	0.03043472071088251	0.019783799308152526	0.019783799308152526	0.03043472071088251	0.019783799308152526	0.0275777110944198	0.09363946836720305	0.09363946836720305	0.09363946836720305	0.06086944142176502	0.06086944142176502	0.0926431282518028	0.12407418907808557	0.09130416213264754
UP000183015	0.005988646814013425	0.017767521421094043	0.02375616823510747	0.02375616823510747	0.02375616823510747	0.008007155181782417	0.02375616823510747	0.008007155181782417	0.008007155181782417	0.02375616823510747	0.008007155181782417	0.01002566354955141	0.1409628054914509	0.1409628054914509	0.1409628054914509	0.04751233647021494	0.04751233647021494	0.061508138466010776	0.16471897372655836	0.07126850470532241
UP000008080	0.016333285425598754	0.015945300253052998	0.03227858567865175	0.03227858567865175	0.03227858567865175	0.033063996579375726	0.03227858567865175	0.033063996579375726	0.033063996579375726	0.03227858567865175	0.033063996579375726	0.049794707733152706	0.06302366327148548	0.06302366327148548	0.06302366327148548	0.0645571713573035	0.0645571713573035	0.11395445336227798	0.09530224895013724	0.09683575703595525
UP000006647	0.019529611028837802	0.008106690018389184	0.027636301047226988	0.027636301047226988	0.027636301047226988	0.06657787685280836	0.027636301047226988	0.06657787685280836	0.06657787685280836	0.027636301047226988	0.06657787685280836	0.11362614267677892	0.0229435113186774	0.0229435113186774	0.0229435113186774	0.055272602094453976	0.055272602094453976	0.14138008997610013	0.05057981236590438	0.08290890314168096
UP000000809	0.018630368310540744	0.013001774377082026	0.03163214268762277	0.03163214268762277	0.03163214268762277	0.045326003330804644	0.03163214268762277	0.045326003330804644	0.045326003330804644	0.03163214268762277	0.045326003330804644	0.07202163835106855	0.04415092342060082	0.04415092342060082	0.04415092342060082	0.06326428537524555	0.06326428537524555	0.12722065701659094	0.07578306610822358	0.09489642806286833
UP000001572	0.01913028290932422	0.011894269496750296	0.031024552406074515	0.031024552406074515	0.031024552406074515	0.04989868985443088	0.031024552406074515	0.04989868985443088	0.04989868985443088	0.031024552406074515	0.04989868985443088	0.08066709679953757	0.03857908313044792	0.03857908313044792	0.03857908313044792	0.06204910481214903	0.06204910481214903	0.13107807757590414	0.06960363553652245	0.09307365721822354
UP000002207	0.01145999817796947	0.01858068073945252	0.030040678917421987	0.030040678917421987	0.030040678917421987	0.018528176146293644	0.030040678917421987	0.018528176146293644	0.018528176146293644	0.030040678917421987	0.018528176146293644	0.02559635411461782	0.09741297607429814	0.09741297607429814	0.09741297607429814	0.060081357834843974	0.060081357834843974	0.0900695321591071	0.12745365499172015	0.09012203675226597
UP000194841	0.01876156571614333	0.012745628883249545	0.03150719459939287	0.03150719459939287	0.03150719459939287	0.04637859045030631	0.03150719459939287	0.04637859045030631	0.04637859045030631	0.03150719459939287	0.04637859045030631	0.07399561518446929	0.042808688314392496	0.042808688314392496	0.042808688314392496	0.06301438919878574	0.06301438919878574	0.12815454536523538	0.07431588291378538	0.09452158379817864
UP000001410	0.015595713825767476	0.016570757917665	0.03216647174343248	0.03216647174343248	0.03216647174343248	0.030273756371784467	0.03216647174343248	0.030273756371784467	0.030273756371784467	0.03216647174343248	0.030273756371784467	0.04495179891780146	0.06835503937564728	0.06835503937564728	0.06835503937564728	0.06433294348686495	0.06433294348686495	0.11020241368441691	0.10052151111907975	0.09649941523029744
UP000006637	0.007767638475361463	0.018533267774760543	0.02630090625012201	0.02630090625012201	0.02630090625012201	0.011023200754890192	0.02630090625012201	0.011023200754890192	0.011023200754890192	0.02630090625012201	0.011023200754890192	0.01427876303441892	0.12550577367845417	0.12550577367845417	0.12550577367845417	0.05260181250024402	0.05260181250024402	0.07139265173049567	0.15180667992857616	0.078902718750366
UP000000625	0.015874508339874045	0.016346414121613407	0.03222092246148745	0.03222092246148745	0.03222092246148745	0.03129073437929228	0.03222092246148745	0.03129073437929228	0.03129073437929228	0.03222092246148745	0.03129073437929228	0.046706960418710516	0.0663575249902887	0.0663575249902887	0.0663575249902887	0.0644418449229749	0.0644418449229749	0.11160708764214122	0.09857844745177614	0.09666276738446235
UP000001806	0.019319166549069396	0.007273913861451712	0.02659308041052111	0.02659308041052111	0.02659308041052111	0.07062994686070115	0.02659308041052111	0.07062994686070115	0.07062994686070115	0.02659308041052111	0.07062994686070115	0.1219407271723329	0.020025271351688544	0.020025271351688544	0.020025271351688544	0.05318616082104222	0.05318616082104222	0.14313527423081274	0.04661835176220965	0.07977924123156332
UP000002361	0.009581006060649945	0.018783951181011997	0.02836495724166194	0.02836495724166194	0.02836495724166194	0.014467926615841967	0.02836495724166194	0.014467926615841967	0.014467926615841967	0.02836495724166194	0.014467926615841967	0.01935484717103399	0.11122129945562875	0.11122129945562875	0.11122129945562875	0.05672991448332388	0.05672991448332388	0.0807788471598158	0.1395862566972907	0.08509487172498584
UP000000588	0.016080889528721658	0.016171110024728767	0.03225199955345042	0.03225199955345042	0.03225199955345042	0.032072061912034114	0.03225199955345042	0.032072061912034114	0.032072061912034114	0.03225199955345042	0.032072061912034114	0.04806323429534657	0.06486589344013859	0.06486589344013859	0.06486589344013859	0.06450399910690084	0.06450399910690084	0.11265695054765663	0.09711789299358901	0.09675599866035128
UP000002480	0.019586212627342545	0.008486572976394777	0.028072785603737323	0.028072785603737323	0.028072785603737323	0.064789350118825	0.028072785603737323	0.064789350118825	0.064789350118825	0.028072785603737323	0.064789350118825	0.10999248761030746	0.024327494877106934	0.024327494877106934	0.024327494877106934	0.05614557120747465	0.05614557120747465	0.14052113395364219	0.052400280480844254	0.08421835681121197
UP000001983	0.011669969216818895	0.018530914202511052	0.03020088341932995	0.03020088341932995	0.03020088341932995	0.01901921167907401	0.03020088341932995	0.01901921167907401	0.01901921167907401	0.03020088341932995	0.01901921167907401	0.026368454141329125	0.09591284588430067	0.09591284588430067	0.09591284588430067	0.0604017668386599	0.0604017668386599	0.0910909477345528	0.12611372930363063	0.09060265025798983
UP000001116	0.007094089222911463	0.018311368849773118	0.025405458072684583	0.025405458072684583	0.025405458072684583	0.009842442025779727	0.025405458072684583	0.009842442025779727	0.009842442025779727	0.025405458072684583	0.009842442025779727	0.012590794828647993	0.13115389416414713	0.13115389416414713	0.13115389416414713	0.050810916145369166	0.050810916145369166	0.06774744739406037	0.15655935223683173	0.07621637421805373
UP000002145	0.018533230287370247	0.013180292444199604	0.03171352273156985	0.03171352273156985	0.03171352273156985	0.04459339749070549	0.03171352273156985	0.04459339749070549	0.04459339749070549	0.03171352273156985	0.04459339749070549	0.07065356469404073	0.04510746346498598	0.04510746346498598	0.04510746346498598	0.0634270454631397	0.0634270454631397	0.12655367324121544	0.07682098619655582	0.09514056819470955
UP000000423	0.019339529100202812	0.007337179999427065	0.026676709099629877	0.026676709099629877	0.026676709099629877	0.07031516086156032	0.026676709099629877	0.07031516086156032	0.07031516086156032	0.026676709099629877	0.07031516086156032	0.12129079262291784	0.020241632093749965	0.020241632093749965	0.020241632093749965	0.053353418199259754	0.053353418199259754	0.14300810816102288	0.04691834119337985	0.08003012729888963
UP000009072	0.01931624399049957	0.007265019906081692	0.02658126389658126	0.02658126389658126	0.02658126389658126	0.07067429761237154	0.02658126389658126	0.07067429761237154	0.07067429761237154	0.02658126389658126	0.07067429761237154	0.1220323512342435	0.01999492359202479	0.01999492359202479	0.01999492359202479	0.05316252779316252	0.05316252779316252	0.14315306939603362	0.046576187488606056	0.0797437916897438
UP000000774	0.018764185356512322	0.012740317433958313	0.03150450279047064	0.03150450279047064	0.03150450279047064	0.046400439627153255	0.03150450279047064	0.046400439627153255	0.046400439627153255	0.03150450279047064	0.046400439627153255	0.07403669389779417	0.042781219490599286	0.042781219490599286	0.042781219490599286	0.06300900558094127	0.06300900558094127	0.12817363056460684	0.07428572228106992	0.09451350837141191
UP000001422	0.011469451932594566	0.018578554863124028	0.030048006795718594	0.030048006795718594	0.030048006795718594	0.018550106407782152	0.030048006795718594	0.018550106407782152	0.018550106407782152	0.030048006795718594	0.018550106407782152	0.025630760882969738	0.0973452866035068	0.0973452866035068	0.0973452866035068	0.06009601359143719	0.06009601359143719	0.09011557193181391	0.1273932933992254	0.09014402038715577
UP000006697	0.014314371495515113	0.017439534877124446	0.031753906372639557	0.031753906372639557	0.031753906372639557	0.02606360866011323	0.031753906372639557	0.02606360866011323	0.02606360866011323	0.031753906372639557	0.02606360866011323	0.037812845824711346	0.0773730593542436	0.0773730593542436	0.0773730593542436	0.06350781274527911	0.06350781274527911	0.10388579290090745	0.10912696572688317	0.09526171911791868
UP000001006	0.01574786173893342	0.016450051821196708	0.03219791356013013	0.03219791356013013	0.03219791356013013	0.030823507216779823	0.03219791356013013	0.030823507216779823	0.030823507216779823	0.03219791356013013	0.030823507216779823	0.04589915269462622	0.06726720813011478	0.06726720813011478	0.06726720813011478	0.06439582712026026	0.06439582712026026	0.1109671960759735	0.09946512169024492	0.09659374068039038
UP000028341	0.008540380730315282	0.018698338755267326	0.02723871948558261	0.02723871948558261	0.02723871948558261	0.012441160578909793	0.02723871948558261	0.012441160578909793	0.012441160578909793	0.02723871948558261	0.012441160578909793	0.016341940427504306	0.11927309104457744	0.11927309104457744	0.11927309104457744	0.05447743897116522	0.05447743897116522	0.0754589802803903	0.14651181053016005	0.08171615845674782
UP000005954	0.011103785190937705	0.018652870719345304	0.02975665591028301	0.02975665591028301	0.02975665591028301	0.017713708533118835	0.02975665591028301	0.017713708533118835	0.017713708533118835	0.02975665591028301	0.017713708533118835	0.024323631875299963	0.09997438642591	0.09997438642591	0.09997438642591	0.05951331182056602	0.05951331182056602	0.08833080554462255	0.129731042336193	0.08926996773084903
UP000001822	0.01876287879948136	0.01274296757477006	0.03150584637425142	0.03150584637425142	0.03150584637425142	0.04638953787856793	0.03150584637425142	0.04638953787856793	0.04638953787856793	0.03150584637425142	0.04638953787856793	0.0740161969576545	0.042794923215500415	0.042794923215500415	0.042794923215500415	0.06301169274850284	0.06301169274850284	0.12816410942655213	0.07430076958975186	0.09451753912275428
UP000008320	0.01962995065825539	0.009345816474524954	0.028975767132780345	0.028975767132780345	0.028975767132780345	0.0608606942637923	0.028975767132780345	0.0608606942637923	0.0608606942637923	0.028975767132780345	0.0608606942637923	0.10209143786932921	0.027590716507242076	0.027590716507242076	0.027590716507242076	0.05795153426556069	0.05795153426556069	0.13844217918760837	0.056566483640022425	0.08692730139834103
UP000061018	0.007872860297253391	0.018561172077262142	0.026434032374515533	0.026434032374515533	0.026434032374515533	0.011212193018380308	0.026434032374515533	0.011212193018380308	0.011212193018380308	0.026434032374515533	0.011212193018380308	0.014551525739507225	0.12464253271977233	0.12464253271977233	0.12464253271977233	0.052868064749031066	0.052868064749031066	0.07195311806466477	0.15107656509428788	0.0793020971235466
UP000001025	0.013865501450858677	0.01768759019470175	0.03155309164556042	0.03155309164556042	0.03155309164556042	0.024734824426317057	0.03155309164556042	0.024734824426317057	0.024734824426317057	0.03155309164556042	0.024734824426317057	0.035604147401775435	0.08050169067170346	0.08050169067170346	0.08050169067170346	0.06310618329112085	0.06310618329112085	0.10170650916829659	0.11205478231726387	0.09465927493668128
UP000007065	0.01963038708544988	0.009308793373496377	0.028939180458946258	0.028939180458946258	0.028939180458946258	0.061026955003882395	0.028939180458946258	0.061026955003882395	0.061026955003882395	0.028939180458946258	0.061026955003882395	0.10242352292231492	0.027446106907420775	0.027446106907420775	0.027446106907420775	0.057878360917892516	0.057878360917892516	0.1385357030072248	0.05638528736636703	0.08681754137683878
UP000002484	0.006102488338828841	0.017834899191853718	0.02393738753068256	0.02393738753068256	0.02393738753068256	0.008190549702391352	0.02393738753068256	0.008190549702391352	0.008190549702391352	0.02393738753068256	0.008190549702391352	0.010278611065953864	0.1399169878980849	0.1399169878980849	0.1399169878980849	0.04787477506136512	0.04787477506136512	0.06216781310258531	0.16385437542876746	0.07181216259204767
UP000002709	0.012994349503733111	0.01809376264959031	0.031088112153323424	0.031088112153323424	0.031088112153323424	0.022326467001637408	0.031088112153323424	0.022326467001637408	0.022326467001637408	0.031088112153323424	0.022326467001637408	0.0316585844995417	0.0865762341338408	0.0865762341338408	0.0865762341338408	0.06217622430664685	0.06217622430664685	0.09749704081201738	0.11766434628716424	0.09326433645997027
UP000001652	0.01710310692041214	0.015167528728640106	0.03227063564905224	0.03227063564905224	0.03227063564905224	0.03638879752726131	0.03227063564905224	0.03638879752726131	0.03638879752726131	0.03227063564905224	0.03638879752726131	0.05567448813411048	0.05723706173108374	0.05723706173108374	0.05723706173108374	0.06454127129810448	0.06454127129810448	0.11803317574577794	0.08950769738013599	0.09681190694715673
UP000006821	0.010877202423224161	0.01869073338400711	0.029567935807231268	0.029567935807231268	0.029567935807231268	0.017207266103712458	0.029567935807231268	0.017207266103712458	0.017207266103712458	0.029567935807231268	0.017207266103712458	0.023537329784200756	0.1016155410895781	0.1016155410895781	0.1016155410895781	0.059135871614462536	0.059135871614462536	0.08722034014139916	0.1311834768968094	0.0887038074216938
UP000002171	0.016015701207969524	0.016227362457414053	0.03224306366538358	0.03224306366538358	0.03224306366538358	0.03182250196540032	0.03224306366538358	0.03182250196540032	0.03182250196540032	0.03224306366538358	0.03182250196540032	0.04762930272283111	0.06533836689901515	0.06533836689901515	0.06533836689901515	0.06448612733076715	0.06448612733076715	0.112324330504137	0.09758143056439873	0.09672919099615074
UP000009134	0.010051276633040267	0.01877484206764035	0.02882611870068062	0.02882611870068062	0.02882611870068062	0.015432315876402524	0.02882611870068062	0.015432315876402524	0.015432315876402524	0.02882611870068062	0.015432315876402524	0.02081335511976478	0.10768897241357313	0.10768897241357313	0.10768897241357313	0.05765223740136124	0.05765223740136124	0.08313582991080402	0.13651509111425375	0.08647835610204185
UP000007073	0.012483985930314152	0.018287531641493944	0.0307715175718081	0.0307715175718081	0.0307715175718081	0.021006180601718695	0.0307715175718081	0.021006180601718695	0.021006180601718695	0.0307715175718081	0.021006180601718695	0.029528375273123242	0.09015311365975989	0.09015311365975989	0.09015311365975989	0.0615430351436162	0.0615430351436162	0.09503320167564905	0.12092463123156796	0.09231455271542428
UP000000245	0.008886849010561273	0.018743577484686365	0.027630426495247638	0.027630426495247638	0.027630426495247638	0.013100350163211451	0.027630426495247638	0.013100350163211451	0.013100350163211451	0.027630426495247638	0.013100350163211451	0.017313851315861627	0.11655268123338942	0.11655268123338942	0.11655268123338942	0.055260852990495275	0.055260852990495275	0.077248052164268	0.14418310772863704	0.0828912794857429
