Proteome_ID	M	W	C	D	E	F	H	K	N	Q	Y	I	A	G	P	T	V	L	R	S
UP000002036	0.03402524124308299	0.032291195524822625	0.032291195524822625	0.032291195524822625	0.032291195524822625	0.03402524124308299	0.032291195524822625	0.03926638184734295	0.03402524124308299	0.032291195524822625	0.03402524124308299	0.03402524124308299	0.061291045725314304	0.061291045725314304	0.061291045725314304	0.06458239104964525	0.06458239104964525	0.09860763229272822	0.06653218632957426	0.11868250089077058
UP000001300	0.027534658733942743	0.03193467807665385	0.03193467807665385	0.03193467807665385	0.03193467807665385	0.027534658733942743	0.03193467807665385	0.033250902423849385	0.027534658733942743	0.03193467807665385	0.027534658733942743	0.027534658733942743	0.07407563490898478	0.07407563490898478	0.07407563490898478	0.0638693561533077	0.0638693561533077	0.09140401488725045	0.07979187859889143	0.11630622492680212
UP000000267	0.057246168994251036	0.029733205614596168	0.029733205614596168	0.029733205614596168	0.029733205614596168	0.057246168994251036	0.029733205614596168	0.06063418874067772	0.057246168994251036	0.029733205614596168	0.057246168994251036	0.057246168994251036	0.030886381801676036	0.030886381801676036	0.030886381801676036	0.059466411229192336	0.059466411229192336	0.11671258022344339	0.03427440154810272	0.11215678296553132
UP000000314	0.04382983208484405	0.031793317698662775	0.031793317698662775	0.031793317698662775	0.031793317698662775	0.04382983208484405	0.031793317698662775	0.048285324233222134	0.04382983208484405	0.031793317698662775	0.04382983208484405	0.04382983208484405	0.04612452305687177	0.04612452305687177	0.04612452305687177	0.06358663539732555	0.06358663539732555	0.1074164674821696	0.05058001520524986	0.11826228649789493
UP000007796	0.019408668052236528	0.03032231379987257	0.03032231379987257	0.03032231379987257	0.03032231379987257	0.019408668052236528	0.03032231379987257	0.025571444118822128	0.019408668052236528	0.03032231379987257	0.019408668052236528	0.019408668052236528	0.0947455757090958	0.0947455757090958	0.0947455757090958	0.06064462759974514	0.06064462759974514	0.08005329565198166	0.10090835177568142	0.10896370306631906
UP000029964	0.018839487565938205	0.030143180105501134	0.030143180105501134	0.030143180105501134	0.030143180105501134	0.018839487565938205	0.030143180105501134	0.025022703997835873	0.018839487565938205	0.030143180105501134	0.018839487565938205	0.018839487565938205	0.09645817633760365	0.09645817633760365	0.09645817633760365	0.06028636021100227	0.06028636021100227	0.07912584777694048	0.10264139276950131	0.10820628755820919
UP000002037	0.05929508588641792	0.029312894211804334	0.029312894211804334	0.029312894211804334	0.029312894211804334	0.05929508588641792	0.029312894211804334	0.06252747257860207	0.05929508588641792	0.029312894211804334	0.05929508588641792	0.05929508588641792	0.028982022851551343	0.028982022851551343	0.028982022851551343	0.05862578842360867	0.05862578842360867	0.1179208743100266	0.03221440954373549	0.11078680346284904
UP000009058	0.022750205798223712	0.0311800473790112	0.0311800473790112	0.0311800473790112	0.0311800473790112	0.022750205798223712	0.0311800473790112	0.02875917291953122	0.022750205798223712	0.0311800473790112	0.022750205798223712	0.022750205798223712	0.08546695033706377	0.08546695033706377	0.08546695033706377	0.0623600947580224	0.0623600947580224	0.0851103005562461	0.09147591745837128	0.11270225527342977
UP000054166	0.03568928043129208	0.03228406468371926	0.03228406468371926	0.03228406468371926	0.03228406468371926	0.03568928043129208	0.03228406468371926	0.04080040563651803	0.03568928043129208	0.03228406468371926	0.03568928043129208	0.03568928043129208	0.058407500510361816	0.058407500510361816	0.058407500510361816	0.06456812936743853	0.06456812936743853	0.1002574097987306	0.06351862571558776	0.11891400832442514
UP000016922	0.03645765580500917	0.032268991566848794	0.032268991566848794	0.032268991566848794	0.032268991566848794	0.03645765580500917	0.032268991566848794	0.041508039494406394	0.03645765580500917	0.032268991566848794	0.03645765580500917	0.03645765580500917	0.05712313607383876	0.05712313607383876	0.05712313607383876	0.06453798313369759	0.06453798313369759	0.10099563893870676	0.062173519763235985	0.11897519888860071
UP000009082	0.06587898587511622	0.027808677837249062	0.027808677837249062	0.027808677837249062	0.027808677837249062	0.06587898587511622	0.027808677837249062	0.06863040668625636	0.06587898587511622	0.027808677837249062	0.06587898587511622	0.06587898587511622	0.023477063369550327	0.023477063369550327	0.023477063369550327	0.055617355674498124	0.055617355674498124	0.12149634154961433	0.026228484180690487	0.10573186972671593
UP000005206	0.024921522431506055	0.03158357104665983	0.03158357104665983	0.03158357104665983	0.03158357104665983	0.024921522431506055	0.03158357104665983	0.030806077248644568	0.024921522431506055	0.03158357104665983	0.024921522431506055	0.024921522431506055	0.0800530515582251	0.0800530515582251	0.0800530515582251	0.06316714209331965	0.06316714209331965	0.08808866452482571	0.08593760637536363	0.11456517455236229
UP000016927	0.05516818716673247	0.030134008029226653	0.030134008029226653	0.030134008029226653	0.030134008029226653	0.05516818716673247	0.030134008029226653	0.05871658525824494	0.05516818716673247	0.030134008029226653	0.05516818716673247	0.05516818716673247	0.03291964034131155	0.03291964034131155	0.03291964034131155	0.060268016058453305	0.060268016058453305	0.11543620322518576	0.03646803843282402	0.11343923593388167
UP000249829	0.017307410347378913	0.02960601630255718	0.02960601630255718	0.02960601630255718	0.02960601630255718	0.017307410347378913	0.02960601630255718	0.02353530901021993	0.017307410347378913	0.02960601630255718	0.017307410347378913	0.017307410347378913	0.10128796668185819	0.10128796668185819	0.10128796668185819	0.05921203260511436	0.05921203260511436	0.07651944295249327	0.10751586534469922	0.10596826788454666
UP000000559	0.05408553714360789	0.030332161290814383	0.030332161290814383	0.030332161290814383	0.030332161290814383	0.05408553714360789	0.030332161290814383	0.05771842466062025	0.05408553714360789	0.030332161290814383	0.05408553714360789	0.05408553714360789	0.03402166483542869	0.03402166483542869	0.03402166483542869	0.060664322581628766	0.060664322581628766	0.11474985972523664	0.03765455235244105	0.11406287012923282
UP000005221	0.0457470264601413	0.031583285263404544	0.031583285263404544	0.031583285263404544	0.031583285263404544	0.0457470264601413	0.031583285263404544	0.05004678027291803	0.0457470264601413	0.031583285263404544	0.0457470264601413	0.0457470264601413	0.043609562641134574	0.043609562641134574	0.043609562641134574	0.06316657052680909	0.06316657052680909	0.10891359698695037	0.0479093164539113	0.11773363342806471
UP000001312	0.037223019727207006	0.03224691344968889	0.03224691344968889	0.03224691344968889	0.03224691344968889	0.037223019727207006	0.03224691344968889	0.042212532837307234	0.037223019727207006	0.03224691344968889	0.037223019727207006	0.037223019727207006	0.0558720616786322	0.0558720616786322	0.0558720616786322	0.06449382689937778	0.06449382689937778	0.1017168466265848	0.06086157478873243	0.11900862757855511
UP000193067	0.013269169945285736	0.027726623766268704	0.027726623766268704	0.027726623766268704	0.027726623766268704	0.013269169945285736	0.027726623766268704	0.019519938588244863	0.013269169945285736	0.027726623766268704	0.013269169945285736	0.013269169945285736	0.11587245753067517	0.11587245753067517	0.11587245753067517	0.05545324753253741	0.05545324753253741	0.06872241747782314	0.1221232261736343	0.09840495777915655
UP000007963	0.023410446989520748	0.031314428544565565	0.031314428544565565	0.031314428544565565	0.031314428544565565	0.023410446989520748	0.031314428544565565	0.029383315363684055	0.023410446989520748	0.031314428544565565	0.023410446989520748	0.023410446989520748	0.08377400359007642	0.08377400359007642	0.08377400359007642	0.06262885708913113	0.06262885708913113	0.08603930407865187	0.08974687196423975	0.11331197742993564
UP000002038	0.029351773799598094	0.032102783013526905	0.032102783013526905	0.032102783013526905	0.032102783013526905	0.029351773799598094	0.032102783013526905	0.0349417507986321	0.029351773799598094	0.032102783013526905	0.029351773799598094	0.029351773799598094	0.0702232637965957	0.0702232637965957	0.0702232637965957	0.06420556602705381	0.06420556602705381	0.0935573398266519	0.0758132407956297	0.11723117805603961
UP000005222	0.03944260190927306	0.03214503734731093	0.03214503734731093	0.03214503734731093	0.03214503734731093	0.03944260190927306	0.03214503734731093	0.044253969890256734	0.03944260190927306	0.03214503734731093	0.03944260190927306	0.03944260190927306	0.052395297269528386	0.052395297269528386	0.052395297269528386	0.06429007469462186	0.06429007469462186	0.10373267660389493	0.05720666525051206	0.11895741342727639
UP000000560	0.027074934748087826	0.031882663192827565	0.031882663192827565	0.031882663192827565	0.031882663192827565	0.027074934748087826	0.031882663192827565	0.03282202671343539	0.027074934748087826	0.031882663192827565	0.027074934748087826	0.027074934748087826	0.07508821141953607	0.07508821141953607	0.07508821141953607	0.06376532638565513	0.06376532638565513	0.09084026113374295	0.08083530338488364	0.1160364688406151
UP000016930	0.025016776722106657	0.031598830489675496	0.031598830489675496	0.031598830489675496	0.031598830489675496	0.025016776722106657	0.031598830489675496	0.030895521338587917	0.025016776722106657	0.031598830489675496	0.025016776722106657	0.025016776722106657	0.07982531877761136	0.07982531877761136	0.07982531877761136	0.06319766097935099	0.06319766097935099	0.08821443770145765	0.08570406339409263	0.11463783272573945
UP000002058	0.02949858711370508	0.032113864707548075	0.032113864707548075	0.032113864707548075	0.032113864707548075	0.02949858711370508	0.032113864707548075	0.03507808863744823	0.02949858711370508	0.032113864707548075	0.02949858711370508	0.02949858711370508	0.06992201372082382	0.06992201372082382	0.06992201372082382	0.06422772941509615	0.06422772941509615	0.09372631652880122	0.07550151524456697	0.11729645578270596
UP000030143	0.02862320598600412	0.03204236693938057	0.03204236693938057	0.03204236693938057	0.03204236693938057	0.02862320598600412	0.03204236693938057	0.03426458944600325	0.02862320598600412	0.03204236693938057	0.02862320598600412	0.02862320598600412	0.07173992176697051	0.07173992176697051	0.07173992176697051	0.06408473387876114	0.06408473387876114	0.09270793986476526	0.07738130522696966	0.116886700837524
UP000005426	0.022051118698635155	0.03102591321548055	0.03102591321548055	0.03102591321548055	0.03102591321548055	0.022051118698635155	0.03102591321548055	0.028096466099950108	0.022051118698635155	0.03102591321548055	0.022051118698635155	0.022051118698635155	0.08730688941546631	0.08730688941546631	0.08730688941546631	0.0620518264309611	0.0620518264309611	0.08410294512959626	0.09335223681678127	0.11201295805929229
UP000016932	0.026935397494507334	0.031866083282653425	0.031866083282653425	0.031866083282653425	0.031866083282653425	0.026935397494507334	0.031866083282653425	0.03269175629339106	0.026935397494507334	0.031866083282653425	0.026935397494507334	0.026935397494507334	0.07539872125399848	0.07539872125399848	0.07539872125399848	0.06373216656530685	0.06373216656530685	0.09066756405981417	0.0811550800528822	0.11595161553284625
UP000009096	0.03070083233542151	0.03219131089557871	0.03219131089557871	0.03219131089557871	0.03219131089557871	0.03070083233542151	0.03219131089557871	0.036193200931021706	0.03070083233542151	0.03219131089557871	0.03070083233542151	0.03070083233542151	0.06750829983069752	0.06750829983069752	0.06750829983069752	0.06438262179115742	0.06438262179115742	0.09508345412657893	0.07300066842629771	0.11778050639111444
UP000000561	0.026364933015484666	0.03179437697482951	0.03179437697482951	0.03179437697482951	0.03179437697482951	0.026364933015484666	0.03179437697482951	0.03215868817630025	0.026364933015484666	0.03179437697482951	0.026364933015484666	0.026364933015484666	0.07668385932358382	0.07668385932358382	0.07668385932358382	0.06358875394965902	0.06358875394965902	0.08995368696514368	0.08247761448439941	0.11558999757768684
UP000094112	0.06323351905745203	0.0284398119812429	0.0284398119812429	0.0284398119812429	0.0284398119812429	0.06323351905745203	0.0284398119812429	0.06617447944496482	0.06323351905745203	0.0284398119812429	0.06323351905745203	0.06323351905745203	0.02558209372448733	0.02558209372448733	0.02558209372448733	0.0568796239624858	0.0568796239624858	0.12011314301993782	0.028523054112000127	0.107877327149946
UP000002059	0.03038505060438285	0.032173224132671076	0.032173224132671076	0.032173224132671076	0.032173224132671076	0.03038505060438285	0.032173224132671076	0.03590052853511707	0.03038505060438285	0.032173224132671076	0.03038505060438285	0.03038505060438285	0.06813326491164572	0.06813326491164572	0.06813326491164572	0.06434644826534215	0.06434644826534215	0.09473149886972501	0.07364874284237995	0.11766194066921583
UP000094389	0.04150082012467927	0.03200354895949512	0.03200354895949512	0.03200354895949512	0.03200354895949512	0.04150082012467927	0.03200354895949512	0.04614556509591536	0.04150082012467927	0.03200354895949512	0.04150082012467927	0.04150082012467927	0.049359368943830806	0.049359368943830806	0.049359368943830806	0.06400709791899024	0.06400709791899024	0.1055079180436695	0.0540041139150669	0.1187247058955083
UP000000591	0.02660358024486192	0.03182514848372109	0.03182514848372109	0.03182514848372109	0.03182514848372109	0.02660358024486192	0.03182514848372109	0.03238178843143059	0.02660358024486192	0.03182514848372109	0.02660358024486192	0.02660358024486192	0.07614314063660732	0.07614314063660732	0.07614314063660732	0.06365029696744218	0.06365029696744218	0.0902538772123041	0.081921348823176	0.11574417756174701
UP000002149	0.030628693028748787	0.03218731793322462	0.03218731793322462	0.03218731793322462	0.03218731793322462	0.030628693028748787	0.03218731793322462	0.036126354213472614	0.030628693028748787	0.03218731793322462	0.030628693028748787	0.030628693028748787	0.06765051546679111	0.06765051546679111	0.06765051546679111	0.06437463586644925	0.06437463586644925	0.09500332889519804	0.07314817665151496	0.11775394936345084
UP000007978	0.030973483014180906	0.0322056666954055	0.0322056666954055	0.0322056666954055	0.0322056666954055	0.030973483014180906	0.0322056666954055	0.03644577871122251	0.030973483014180906	0.0322056666954055	0.030973483014180906	0.030973483014180906	0.0669737379435614	0.0669737379435614	0.0669737379435614	0.064411333390811	0.064411333390811	0.09538481640499191	0.072446033640603	0.11787807538753879
UP000002258	0.041837621099305604	0.03197634068855221	0.03197634068855221	0.03197634068855221	0.03197634068855221	0.041837621099305604	0.03197634068855221	0.046455023819444094	0.041837621099305604	0.03197634068855221	0.041837621099305604	0.041837621099305604	0.048878800322006366	0.048878800322006366	0.048878800322006366	0.06395268137710441	0.06395268137710441	0.10579030247641003	0.053496203042144856	0.11867055731393185
UP000000598	0.04638079335083306	0.03150692338188235	0.03150692338188235	0.03150692338188235	0.03150692338188235	0.04638079335083306	0.03150692338188235	0.05062915780260908	0.04638079335083306	0.03150692338188235	0.04638079335083306	0.04638079335083306	0.0428059181085127	0.0428059181085127	0.0428059181085127	0.0630138467637647	0.0630138467637647	0.10939464011459776	0.04705428256028872	0.11753096462397739
UP000030651	0.028263414970015898	0.03200912811116578	0.03200912811116578	0.03200912811116578	0.03200912811116578	0.028263414970015898	0.03200912811116578	0.03392981092224354	0.028263414970015898	0.03200912811116578	0.028263414970015898	0.028263414970015898	0.07250251135780902	0.07250251135780902	0.07250251135780902	0.06401825622233157	0.06401825622233157	0.09228167119234747	0.07816890731003669	0.11670372054020783
UP000016933	0.025521984520579508	0.03167652530971263	0.03167652530971263	0.03167652530971263	0.03167652530971263	0.025521984520579508	0.03167652530971263	0.031369469351180616	0.025521984520579508	0.03167652530971263	0.025521984520579508	0.025521984520579508	0.07863042585013537	0.07863042585013537	0.07863042585013537	0.06335305061942526	0.06335305061942526	0.08887503514000476	0.08447791068073647	0.11501113157764829
UP000001471	0.026830900916709224	0.03185342211839902	0.03185342211839902	0.03185342211839902	0.03185342211839902	0.026830900916709224	0.03185342211839902	0.03259416924333368	0.026830900916709224	0.03185342211839902	0.026830900916709224	0.026830900916709224	0.07563223492216276	0.07563223492216276	0.07563223492216276	0.06370684423679804	0.06370684423679804	0.09053774515350727	0.08139550324878721	0.11588715182034716
UP000000599	0.0509504977307331	0.03086213190991479	0.03086213190991479	0.03086213190991479	0.03086213190991479	0.0509504977307331	0.03086213190991479	0.054831199240221284	0.0509504977307331	0.03086213190991479	0.0509504977307331	0.0509504977307331	0.03738810133155793	0.03738810133155793	0.03738810133155793	0.06172426381982958	0.06172426381982958	0.11267476155056268	0.041268802841046115	0.11568712462068279
UP000008062	0.025549918456273718	0.0316806642655062	0.0316806642655062	0.0316806642655062	0.0316806642655062	0.025549918456273718	0.0316806642655062	0.03139565361261442	0.025549918456273718	0.0316806642655062	0.025549918456273718	0.025549918456273718	0.07856498563949617	0.07856498563949617	0.07856498563949617	0.0633613285310124	0.0633613285310124	0.08891124698728611	0.08441072079583688	0.11503118674934339
UP000054270	0.03516948490013003	0.03229011186737083	0.03229011186737083	0.03229011186737083	0.03229011186737083	0.03516948490013003	0.03229011186737083	0.04032146413100118	0.03516948490013003	0.03229011186737083	0.03516948490013003	0.03516948490013003	0.059292953955289114	0.059292953955289114	0.059292953955289114	0.06458022373474166	0.06458022373474166	0.09974970863487169	0.06444493318616026	0.118856489007741
UP000094569	0.02917540038283952	0.03208899014128399	0.03208899014128399	0.03208899014128399	0.03208899014128399	0.02917540038283952	0.03208899014128399	0.03477791150704614	0.02917540038283952	0.03208899014128399	0.02917540038283952	0.02917540038283952	0.07058708876489489	0.07058708876489489	0.07058708876489489	0.06417798028256798	0.06417798028256798	0.09335338066540749	0.07618959988910151	0.11715093831672271
UP000016934	0.02611660015675395	0.031761155674504	0.031761155674504	0.031761155674504	0.031761155674504	0.02611660015675395	0.031761155674504	0.031926379724579276	0.02611660015675395	0.031761155674504	0.02611660015675395	0.02611660015675395	0.07725132702766457	0.07725132702766457	0.07725132702766457	0.063522311349008	0.063522311349008	0.08963891150576196	0.08306110659548989	0.11542506356236533
UP000008066	0.0231762567481485	0.03126797575746751	0.03126797575746751	0.03126797575746751	0.03126797575746751	0.0231762567481485	0.03126797575746751	0.029162114588209737	0.0231762567481485	0.03126797575746751	0.0231762567481485	0.0231762567481485	0.08436964766087007	0.08436964766087007	0.08436964766087007	0.06253595151493502	0.06253595151493502	0.08571220826308351	0.09035550550093133	0.11310018734974753
UP000009097	0.029325430934404758	0.03210075630879521	0.03210075630879521	0.03210075630879521	0.03210075630879521	0.029325430934404758	0.03210075630879521	0.03491728354018259	0.029325430934404758	0.03210075630879521	0.029325430934404758	0.029325430934404758	0.07027747062961082	0.07027747062961082	0.07027747062961082	0.06420151261759043	0.06420151261759043	0.09352694355199517	0.07586932323538866	0.11721932002362516
UP000006564	0.028338912756133122	0.03201629283163375	0.03201629283163375	0.03201629283163375	0.03201629283163375	0.028338912756133122	0.03201629283163375	0.034000081480512846	0.028338912756133122	0.03201629283163375	0.028338912756133122	0.028338912756133122	0.07234173135023202	0.07234173135023202	0.07234173135023202	0.0640325856632675	0.0640325856632675	0.09237149841940062	0.07800290007461173	0.11674283387777554
UP000095358	0.05134606052630697	0.030798992929362345	0.030798992929362345	0.030798992929362345	0.030798992929362345	0.05134606052630697	0.030798992929362345	0.0551952594963331	0.05134606052630697	0.030798992929362345	0.05134606052630697	0.05134606052630697	0.03694842236151345	0.03694842236151345	0.03694842236151345	0.06159798585872469	0.06159798585872469	0.11294404638503165	0.04079762133153959	0.11549757377739711
UP000001610	0.023077766366744308	0.03124804433500954	0.03124804433500954	0.03124804433500954	0.03124804433500954	0.023077766366744308	0.03124804433500954	0.029069027010316554	0.023077766366744308	0.03124804433500954	0.023077766366744308	0.023077766366744308	0.0846217315181593	0.0846217315181593	0.0846217315181593	0.06249608867001908	0.06249608867001908	0.08557385503676337	0.09061299216173153	0.11300965605289365
UP000002311	0.046817440353812856	0.031452375887104436	0.031452375887104436	0.031452375887104436	0.031452375887104436	0.046817440353812856	0.031452375887104436	0.05103043925281267	0.046817440353812856	0.031452375887104436	0.046817440353812856	0.046817440353812856	0.042259975832409764	0.042259975832409764	0.042259975832409764	0.06290475177420887	0.06290475177420887	0.10972219212802171	0.04647297473140959	0.1173835057504181
UP000030669	0.01947047503514899	0.030341138110335657	0.030341138110335657	0.030341138110335657	0.030341138110335657	0.01947047503514899	0.030341138110335657	0.02563091703985255	0.01947047503514899	0.030341138110335657	0.01947047503514899	0.01947047503514899	0.09456211624714664	0.09456211624714664	0.09456211624714664	0.060682276220671315	0.060682276220671315	0.0801527512558203	0.10072255825185018	0.1090436684319355
UP000001611	0.02072572644861135	0.03069810336966699	0.03069810336966699	0.03069810336966699	0.03069810336966699	0.02072572644861135	0.03069810336966699	0.02683426635980895	0.02072572644861135	0.03069810336966699	0.02072572644861135	0.02072572644861135	0.09093756523626223	0.09093756523626223	0.09093756523626223	0.06139620673933398	0.06139620673933398	0.08212193318794532	0.09704610514745983	0.11057533365627276
UP000016935	0.03203007812286376	0.032250560512946044	0.032250560512946044	0.032250560512946044	0.032250560512946044	0.03203007812286376	0.032250560512946044	0.03742360809535416	0.03203007812286376	0.032250560512946044	0.03203007812286376	0.03203007812286376	0.06494512123320424	0.06494512123320424	0.06494512123320424	0.06450112102589209	0.06450112102589209	0.09653119914875584	0.07033865120569466	0.11821518210680337
UP000008142	0.03241861981060017	0.03226289486034775	0.03226289486034775	0.03226289486034775	0.03226289486034775	0.03241861981060017	0.03226289486034775	0.03778282311796529	0.03241861981060017	0.03226289486034775	0.03241861981060017	0.03241861981060017	0.0642158358900587	0.0642158358900587	0.0642158358900587	0.0645257897206955	0.0645257897206955	0.09694440953129567	0.06958003919742381	0.11832317282666074
UP000009138	0.04556628338401249	0.03160444419892908	0.03160444419892908	0.03160444419892908	0.03160444419892908	0.04556628338401249	0.03160444419892908	0.049880703822987385	0.04556628338401249	0.03160444419892908	0.04556628338401249	0.04556628338401249	0.04384122728226185	0.04384122728226185	0.04384122728226185	0.06320888839785815	0.06320888839785815	0.10877517178187066	0.048155647721236754	0.1177889359177665
UP000006701	0.024963522754972732	0.03159032351487744	0.03159032351487744	0.03159032351487744	0.03159032351487744	0.024963522754972732	0.03159032351487744	0.0308455190328377	0.024963522754972732	0.03159032351487744	0.024963522754972732	0.024963522754972732	0.07995254111928794	0.07995254111928794	0.07995254111928794	0.06318064702975489	0.06318064702975489	0.08814416978472762	0.08583453739715291	0.11459730150377984
UP000054279	0.033287559482700194	0.03228265202661867	0.03228265202661867	0.03228265202661867	0.03228265202661867	0.033287559482700194	0.03228265202661867	0.03858554260584259	0.033287559482700194	0.03228265202661867	0.033287559482700194	0.033287559482700194	0.06261616279879997	0.06261616279879997	0.06261616279879997	0.06456530405323734	0.06456530405323734	0.09785286353593753	0.06791414592194236	0.11853464186018987
UP000054317	0.019743623331016365	0.030422891887370865	0.030422891887370865	0.030422891887370865	0.030422891887370865	0.019743623331016365	0.030422891887370865	0.025893491403783615	0.019743623331016365	0.030422891887370865	0.019743623331016365	0.019743623331016365	0.09375709162123791	0.09375709162123791	0.09375709162123791	0.06084578377474173	0.06084578377474173	0.08058940710575808	0.09990695969400515	0.10939183140394894
UP000217790	0.029457820179476492	0.03211082377708924	0.03211082377708924	0.03211082377708924	0.03211082377708924	0.029457820179476492	0.03211082377708924	0.03504023430773894	0.029457820179476492	0.03211082377708924	0.029457820179476492	0.029457820179476492	0.07000551957755918	0.07000551957755918	0.07000551957755918	0.06422164755417847	0.06422164755417847	0.09367946773365496	0.07558793370582165	0.11727846685183205
UP000002428	0.04443881237817593	0.03173009566815116	0.03173009566815116	0.03173009566815116	0.03173009566815116	0.04443881237817593	0.03173009566815116	0.04884480513354743	0.04443881237817593	0.03173009566815116	0.04443881237817593	0.04443881237817593	0.045311695665587494	0.045311695665587494	0.045311695665587494	0.06346019133630232	0.06346019133630232	0.10789900371447823	0.049717688420959	0.11810839716186164
UP000009297	0.030585589572209065	0.03218489300289216	0.03218489300289216	0.03218489300289216	0.03218489300289216	0.030585589572209065	0.03218489300289216	0.036086409358368175	0.030585589572209065	0.03218489300289216	0.030585589572209065	0.030585589572209065	0.0677356462370655	0.0677356462370655	0.0677356462370655	0.06436978600578432	0.06436978600578432	0.09495537557799338	0.07323646602322463	0.11773793243925042
UP000001628	0.030049363251355283	0.03215225196397412	0.03215225196397412	0.03215225196397412	0.03215225196397412	0.030049363251355283	0.03215225196397412	0.03558923711034423	0.030049363251355283	0.03215225196397412	0.030049363251355283	0.030049363251355283	0.0688046064542318	0.0688046064542318	0.0688046064542318	0.06430450392794824	0.06430450392794824	0.09435386717930352	0.07434448031322075	0.11752926013791858
UP000016936	0.025703986225327765	0.03170320096974347	0.03170320096974347	0.03170320096974347	0.03170320096974347	0.025703986225327765	0.03170320096974347	0.031540032202826536	0.025703986225327765	0.03170320096974347	0.025703986225327765	0.025703986225327765	0.07820522022670254	0.07820522022670254	0.07820522022670254	0.06340640193948693	0.06340640193948693	0.0891103881648147	0.0840412662042013	0.11514071192397632
UP000009328	0.06190691176555514	0.02874308650382113	0.02874308650382113	0.02874308650382113	0.02874308650382113	0.06190691176555514	0.02874308650382113	0.06494484167009158	0.06190691176555514	0.02874308650382113	0.06190691176555514	0.06190691176555514	0.026690558394993975	0.026690558394993975	0.026690558394993975	0.05748617300764226	0.05748617300764226	0.1193930847731974	0.029728488299530422	0.10889648620621165
UP000008177	0.03651676414366636	0.03226753476167115	0.03226753476167115	0.03226753476167115	0.03226753476167115	0.03651676414366636	0.03226753476167115	0.04156245924252688	0.03651676414366636	0.03226753476167115	0.03651676414366636	0.03651676414366636	0.05702552370189928	0.05702552370189928	0.05702552370189928	0.0645350695233423	0.0645350695233423	0.10105183366700866	0.06207121880075981	0.11897874884896355
UP000030671	0.027283676588261273	0.03190677407360026	0.03190677407360026	0.03190677407360026	0.03190677407360026	0.027283676588261273	0.03190677407360026	0.03301682115465741	0.027283676588261273	0.03190677407360026	0.027283676588261273	0.027283676588261273	0.07462646967614177	0.07462646967614177	0.07462646967614177	0.06381354814720051	0.06381354814720051	0.09109722473546178	0.08035961424253789	0.11616080716160875
UP000018087	0.025426572927471608	0.03166226523103758	0.03166226523103758	0.03166226523103758	0.03166226523103758	0.025426572927471608	0.03166226523103758	0.03128001744130749	0.025426572927471608	0.03166226523103758	0.025426572927471608	0.025426572927471608	0.07885443645277436	0.07885443645277436	0.07885443645277436	0.06332453046207516	0.06332453046207516	0.08875110338954678	0.08470788096661025	0.11494217189647857
UP000002485	0.04729031605308532	0.03139155133506042	0.03139155133506042	0.03139155133506042	0.03139155133506042	0.04729031605308532	0.03139155133506042	0.05146505807829472	0.04729031605308532	0.03139155133506042	0.04729031605308532	0.04729031605308532	0.041675741566859	0.041675741566859	0.041675741566859	0.06278310267012084	0.06278310267012084	0.11007341872320615	0.045850483592068406	0.11721672128982288
UP000006702	0.025940881003630765	0.03173689885013452	0.03173689885013452	0.03173689885013452	0.03173689885013452	0.025940881003630765	0.03173689885013452	0.031761902265645216	0.025940881003630765	0.03173689885013452	0.025940881003630765	0.025940881003630765	0.0776558628431081	0.0776558628431081	0.0776558628431081	0.06347379770026904	0.06347379770026904	0.08941467870389978	0.08347688410512255	0.11530555287650915
UP000001631	0.02984895799833285	0.032138861663999894	0.032138861663999894	0.032138861663999894	0.032138861663999894	0.02984895799833285	0.032138861663999894	0.03540330956118444	0.02984895799833285	0.032138861663999894	0.02984895799833285	0.02984895799833285	0.06920887684691793	0.06920887684691793	0.06920887684691793	0.06427772332799979	0.06427772332799979	0.09412668132633265	0.07476322840976952	0.11744674353029638
UP000054321	0.03513645453102919	0.032290380787003005	0.032290380787003005	0.032290380787003005	0.032290380787003005	0.03513645453102919	0.032290380787003005	0.04029102286895032	0.03513645453102919	0.032290380787003005	0.03513645453102919	0.03513645453102919	0.05934968142268689	0.05934968142268689	0.05934968142268689	0.06458076157400601	0.06458076157400601	0.09971721610503521	0.06450424976060802	0.11885238647216977
UP000008181	0.015424674259194554	0.02882263474824229	0.02882263474824229	0.02882263474824229	0.02882263474824229	0.015424674259194554	0.02882263474824229	0.021683015481640096	0.015424674259194554	0.02882263474824229	0.015424674259194554	0.015424674259194554	0.10771628105344039	0.10771628105344039	0.10771628105344039	0.05764526949648458	0.05764526949648458	0.07306994375567914	0.11397462227588594	0.1027738565480781
UP000000724	0.027790812446288757	0.031961950777173925	0.031961950777173925	0.031961950777173925	0.031961950777173925	0.027790812446288757	0.031961950777173925	0.033489663525147643	0.027790812446288757	0.031961950777173925	0.027790812446288757	0.027790812446288757	0.07351827511029897	0.07351827511029897	0.07351827511029897	0.06392390155434785	0.06392390155434785	0.0917147140006366	0.07921712618915785	0.11645010095097792
UP000030816	0.028860339405506516	0.032063033158013336	0.032063033158013336	0.032063033158013336	0.032063033158013336	0.028860339405506516	0.032063033158013336	0.034485099668737244	0.028860339405506516	0.032063033158013336	0.028860339405506516	0.028860339405506516	0.07124227340831026	0.07124227340831026	0.07124227340831026	0.06412606631602667	0.06412606631602667	0.09298640572153319	0.07686703367154099	0.11700261210559189
UP000269793	0.02613364394656227	0.03176347525259129	0.03176347525259129	0.03176347525259129	0.03176347525259129	0.02613364394656227	0.03176347525259129	0.031942328811932506	0.02613364394656227	0.03176347525259129	0.02613364394656227	0.02613364394656227	0.07721222208315089	0.07721222208315089	0.07721222208315089	0.06352695050518258	0.06352695050518258	0.08966059445174485	0.08302090694852113	0.11543653127962467
UP000009882	0.02590347564382732	0.03173165437061967	0.03173165437061967	0.03173165437061967	0.03173165437061967	0.02590347564382732	0.03173165437061967	0.031726879349426515	0.02590347564382732	0.03173165437061967	0.02590347564382732	0.02590347564382732	0.07774230014082346	0.07774230014082346	0.07774230014082346	0.06346330874123934	0.06346330874123934	0.08936678438506666	0.08356570384642266	0.1152798100712803
UP000001640	0.05431125612838596	0.03029146890945568	0.03029146890945568	0.03029146890945568	0.03029146890945568	0.05431125612838596	0.03029146890945568	0.05792647887793727	0.05431125612838596	0.03029146890945568	0.05431125612838596	0.05431125612838596	0.03378942613750182	0.03378942613750182	0.03378942613750182	0.06058293781891136	0.06058293781891136	0.1148941939472973	0.03740464888705314	0.11393543013872007
UP000054361	0.024649848133760806	0.031538966530256486	0.031538966530256486	0.031538966530256486	0.031538966530256486	0.024649848133760806	0.031538966530256486	0.030550823358957705	0.024649848133760806	0.031538966530256486	0.024649848133760806	0.024649848133760806	0.08070689964489265	0.08070689964489265	0.08070689964489265	0.06307793306051297	0.06307793306051297	0.08772778119427377	0.08660787487008954	0.11435391567063212
UP000218811	0.01671632109754624	0.02937564741186778	0.02937564741186778	0.02937564741186778	0.02937564741186778	0.01671632109754624	0.02937564741186778	0.022956950349401876	0.01671632109754624	0.02937564741186778	0.01671632109754624	0.01671632109754624	0.10324384843182295	0.10324384843182295	0.10324384843182295	0.05875129482373556	0.05875129482373556	0.07546761592128179	0.1094844776836786	0.10502133114375983
UP000000741	0.08065866592241139	0.02372313703600334	0.02372313703600334	0.02372313703600334	0.02372313703600334	0.08065866592241139	0.02372313703600334	0.08245587327362378	0.08065866592241139	0.02372313703600334	0.08065866592241139	0.08065866592241139	0.013954786491766668	0.013954786491766668	0.013954786491766668	0.04744627407200668	0.04744627407200668	0.12810493999441808	0.01575199384297904	0.0912981334415886
UP000001742	0.06904987271161873	0.027008545473039526	0.027008545473039526	0.027008545473039526	0.027008545473039526	0.06904987271161873	0.027008545473039526	0.0715811848803137	0.06904987271161873	0.027008545473039526	0.06904987271161873	0.06904987271161873	0.021128540862509093	0.021128540862509093	0.021128540862509093	0.05401709094607905	0.05401709094607905	0.1230669636576978	0.02365985303120405	0.1029715575547682
UP000184304	0.026494689614871555	0.03181124725336248	0.03181124725336248	0.03181124725336248	0.03181124725336248	0.026494689614871555	0.03181124725336248	0.03228000929338895	0.026494689614871555	0.03181124725336248	0.026494689614871555	0.026494689614871555	0.07638930416052489	0.07638930416052489	0.07638930416052489	0.06362249450672496	0.06362249450672496	0.09011718412159649	0.08217462383904228	0.1156743496564151
UP000000819	0.03467201660332155	0.03229268056864227	0.03229268056864227	0.03229268056864227	0.03229268056864227	0.03467201660332155	0.03229268056864227	0.03986289708387504	0.03467201660332155	0.03229268056864227	0.03467201660332155	0.03467201660332155	0.060153248669618194	0.060153248669618194	0.060153248669618194	0.06458536113728454	0.06458536113728454	0.09925737774060611	0.06534412915017168	0.11878896131346212
UP000006706	0.025500012183897903	0.031673258237336584	0.031673258237336584	0.031673258237336584	0.031673258237336584	0.025500012183897903	0.031673258237336584	0.03134887174115712	0.025500012183897903	0.031673258237336584	0.025500012183897903	0.025500012183897903	0.07868194572883236	0.07868194572883236	0.07868194572883236	0.06334651647467317	0.06334651647467317	0.08884652865857107	0.08453080528609158	0.11499531383482788
UP000011064	0.022721491691371044	0.031173960199363773	0.031173960199363773	0.031173960199363773	0.031173960199363773	0.022721491691371044	0.031173960199363773	0.028731991405284638	0.022721491691371044	0.031173960199363773	0.022721491691371044	0.022721491691371044	0.0855415487426456	0.0855415487426456	0.0855415487426456	0.062347920398727545	0.062347920398727545	0.08506941209009859	0.0915520484565592	0.1126748413696279
UP000031176	0.026903016250510906	0.031862182351516895	0.031862182351516895	0.031862182351516895	0.031862182351516895	0.026903016250510906	0.031862182351516895	0.03266151894911481	0.026903016250510906	0.031862182351516895	0.026903016250510906	0.026903016250510906	0.07547099215553836	0.07547099215553836	0.07547099215553836	0.06372436470303379	0.06372436470303379	0.0906273809535447	0.08122949485414227	0.11593172400885977
UP000011185	0.041026816706133964	0.03203994762209248	0.03203994762209248	0.03203994762209248	0.03203994762209248	0.041026816706133964	0.03203994762209248	0.04571001411270942	0.041026816706133964	0.03203994762209248	0.041026816706133964	0.041026816706133964	0.050043280275895635	0.050043280275895635	0.050043280275895635	0.06407989524418496	0.06407989524418496	0.10510671195031891	0.05472647768247109	0.11879339567521903
UP000001743	0.024326219054515413	0.03148370836436285	0.03148370836436285	0.03148370836436285	0.03148370836436285	0.024326219054515413	0.03148370836436285	0.03024645546056241	0.024326219054515413	0.03148370836436285	0.024326219054515413	0.024326219054515413	0.0814942831971466	0.0814942831971466	0.0814942831971466	0.0629674167287257	0.0629674167287257	0.0872936357832411	0.0874145196031936	0.1140943606453574
UP000054383	0.03280605907640188	0.032273024149822055	0.032273024149822055	0.032273024149822055	0.032273024149822055	0.03280605907640188	0.032273024149822055	0.038140840679242595	0.03280605907640188	0.032273024149822055	0.03280605907640188	0.03280605907640188	0.06349730001700851	0.06349730001700851	0.06349730001700851	0.06454604829964411	0.06454604829964411	0.09735210737604598	0.06883208161984923	0.11842253339360678
UP000001744	0.03761827302822878	0.03223282529335736	0.03223282529335736	0.03223282529335736	0.03223282529335736	0.03761827302822878	0.03223282529335736	0.04257622430533384	0.03761827302822878	0.03223282529335736	0.03761827302822878	0.03761827302822878	0.055236721027170234	0.055236721027170234	0.055236721027170234	0.06446565058671472	0.06446565058671472	0.1020839236149435	0.060194672304275304	0.11901539861921931
UP000033540	0.025739884562530214	0.031708381533826636	0.031708381533826636	0.031708381533826636	0.031708381533826636	0.025739884562530214	0.031708381533826636	0.031573663530482264	0.025739884562530214	0.031708381533826636	0.025739884562530214	0.025739884562530214	0.07812167588026557	0.07812167588026557	0.07812167588026557	0.06341676306765327	0.06341676306765327	0.0891566476301835	0.08395545484821763	0.11516596819940247
UP000006753	0.019945916769390577	0.030481948004415328	0.030481948004415328	0.030481948004415328	0.030481948004415328	0.019945916769390577	0.030481948004415328	0.02608768751665221	0.019945916769390577	0.030481948004415328	0.019945916769390577	0.019945916769390577	0.0931668536359052	0.0931668536359052	0.0931668536359052	0.060963896008830655	0.060963896008830655	0.08090981277822124	0.09930862438316683	0.10964425052313803
UP000219338	0.030783316667111798	0.03219577634412039	0.03219577634412039	0.03219577634412039	0.03219577634412039	0.030783316667111798	0.03219577634412039	0.036269624185151964	0.030783316667111798	0.03219577634412039	0.030783316667111798	0.030783316667111798	0.06734609045607279	0.06734609045607279	0.06734609045607279	0.06439155268824077	0.06439155268824077	0.09517486935535259	0.07283239797411296	0.11781049034040122
UP000184499	0.026383061632069545	0.03179675399709768	0.03179675399709768	0.03179675399709768	0.03179675399709768	0.026383061632069545	0.03179675399709768	0.03217564080417844	0.026383061632069545	0.03179675399709768	0.026383061632069545	0.026383061632069545	0.07664262615548759	0.07664262615548759	0.07664262615548759	0.06359350799419536	0.06359350799419536	0.08997656962626492	0.08243520532759648	0.11560185764417293
