Proteome_ID	M	W	C	D	E	F	H	K	N	Q	Y	I	A	G	P	T	V	L	R	S
UP000001015	0.019614334984826842	0.009717834189951258	0.0293321691747781	0.0293321691747781	0.0293321691747781	0.05920362302750868	0.0293321691747781	0.05920362302750868	0.05920362302750868	0.0293321691747781	0.05920362302750868	0.09879291107019053	0.029064983002747406	0.029064983002747406	0.029064983002747406	0.0586643383495562	0.0586643383495562	0.13748229636189174	0.058397152177525516	0.0879965075243343
UP000007478	0.019170678565056914	0.01178381159503498	0.030954490160091892	0.030954490160091892	0.030954490160091892	0.050358797424627115	0.030954490160091892	0.050358797424627115	0.050358797424627115	0.030954490160091892	0.050358797424627115	0.08154691628419733	0.03805414386653498	0.03805414386653498	0.03805414386653498	0.061908980320183785	0.061908980320183785	0.1314384563098678	0.06900863402662687	0.09286347048027568
UP000000674	0.014072336021347633	0.01757667390575232	0.03164900992709995	0.03164900992709995	0.03164900992709995	0.025339009236062544	0.03164900992709995	0.025339009236062544	0.025339009236062544	0.03164900992709995	0.025339009236062544	0.03660568245077745	0.07906069412849076	0.07906069412849076	0.07906069412849076	0.0632980198541999	0.0632980198541999	0.1027093651116101	0.11070970405559072	0.09494702978129986
UP000001931	0.019621073432350634	0.008892478821167522	0.028513552253518155	0.028513552253518155	0.028513552253518155	0.06291457239703524	0.028513552253518155	0.06291457239703524	0.06291457239703524	0.028513552253518155	0.06291457239703524	0.10620807136171984	0.02584528929111574	0.02584528929111574	0.02584528929111574	0.05702710450703631	0.05702710450703631	0.13956275033642218	0.054358841544633905	0.08554065676055447
UP000000641	0.01416803076374097	0.017523409941312643	0.031691440705053614	0.031691440705053614	0.031691440705053614	0.025623169711844244	0.031691440705053614	0.025623169711844244	0.025623169711844244	0.031691440705053614	0.025623169711844244	0.03707830865994752	0.07839369018405808	0.07839369018405808	0.07839369018405808	0.06338288141010723	0.06338288141010723	0.10317408188569244	0.11008513088911168	0.09507432211516084
UP000002518	0.013334655283276037	0.01794660358235531	0.031281258865631344	0.031281258865631344	0.031281258865631344	0.023242548479213303	0.031281258865631344	0.023242548479213303	0.023242548479213303	0.031281258865631344	0.023242548479213303	0.03315044167515057	0.08420050469885132	0.08420050469885132	0.08420050469885132	0.06256251773126269	0.06256251773126269	0.09913972149375204	0.11548176356448267	0.09384377659689405
UP000001826	0.011935724252711078	0.018460277411144626	0.030396001663855705	0.030396001663855705	0.030396001663855705	0.01965291670133323	0.030396001663855705	0.01965291670133323	0.01965291670133323	0.030396001663855705	0.01965291670133323	0.02737010914995538	0.09402338911724402	0.09402338911724402	0.09402338911724402	0.06079200332771141	0.06079200332771141	0.09238064428175571	0.12441939078109973	0.09118800499156712
UP000005223	0.015848013268986928	0.016368338344591768	0.03221635161357869	0.03221635161357869	0.03221635161357869	0.031192241820871117	0.03221635161357869	0.031192241820871117	0.031192241820871117	0.03221635161357869	0.031192241820871117	0.04653647037275531	0.06654817035916073	0.06654817035916073	0.06654817035916073	0.06443270322715738	0.06443270322715738	0.11147295831701542	0.09876452197273944	0.09664905484073609
UP000000536	0.014231915041641282	0.01748715704258229	0.031719072084223573	0.031719072084223573	0.031719072084223573	0.02581455281742611	0.031719072084223573	0.02581455281742611	0.02581455281742611	0.031719072084223573	0.02581455281742611	0.03739719059321094	0.07794824423261004	0.07794824423261004	0.07794824423261004	0.06343814416844715	0.06343814416844715	0.10348461202751455	0.10966731631683362	0.09515721625267072
UP000002199	0.016640117431656547	0.01565246644009684	0.03229258387175339	0.03229258387175339	0.03229258387175339	0.03433020539312972	0.03229258387175339	0.03433020539312972	0.03433020539312972	0.03229258387175339	0.03433020539312972	0.052020293354602905	0.060751805075009414	0.060751805075009414	0.060751805075009414	0.06458516774350678	0.06458516774350678	0.11555549056829305	0.09304438894676281	0.09687775161526017
UP000002439	0.015499262210466045	0.016645192953807373	0.03214445516427342	0.03214445516427342	0.03214445516427342	0.029931484758768317	0.03214445516427342	0.029931484758768317	0.029931484758768317	0.03214445516427342	0.029931484758768317	0.044363707307070586	0.06904208101506175	0.06904208101506175	0.06904208101506175	0.06428891032854683	0.06428891032854683	0.1097196572977812	0.10118653617933517	0.09643336549282025
UP000001024	0.016827927047646428	0.015462409857733094	0.032290336905379524	0.032290336905379524	0.032290336905379524	0.03514196291439627	0.032290336905379524	0.03514196291439627	0.03514196291439627	0.032290336905379524	0.03514196291439627	0.05345599878114611	0.059340217278288455	0.059340217278288455	0.059340217278288455	0.06458067381075905	0.06458067381075905	0.11655056377280175	0.09163055418366797	0.09687101071613856
UP000000578	0.019619413445351352	0.009637672371908202	0.029257085817259554	0.029257085817259554	0.029257085817259554	0.05955866112735377	0.029257085817259554	0.05955866112735377	0.05955866112735377	0.029257085817259554	0.05955866112735377	0.0994979088093562	0.028743999758092675	0.028743999758092675	0.028743999758092675	0.05851417163451911	0.05851417163451911	0.13769224620722423	0.05800108557535223	0.08777125745177868
UP000001686	0.016046811238040817	0.01620061994614409	0.0322474311841849	0.0322474311841849	0.0322474311841849	0.03194127402806514	0.0322474311841849	0.03194127402806514	0.03194127402806514	0.0322474311841849	0.03194127402806514	0.04783573681808946	0.06511304571414639	0.06511304571414639	0.06511304571414639	0.0644948623683698	0.0644948623683698	0.11248294763447578	0.0973604768983313	0.09674229355255473
UP000002698	0.01027217954922977	0.018760737273562287	0.02903291682279206	0.02903291682279206	0.02903291682279206	0.015896567927628433	0.02903291682279206	0.015896567927628433	0.015896567927628433	0.02903291682279206	0.015896567927628433	0.021520956306027093	0.10604933883548204	0.10604933883548204	0.10604933883548204	0.05806583364558412	0.05806583364558412	0.08423458112244232	0.13508225565827411	0.08709875046837617
UP000001975	0.016592676226675842	0.015699134508152544	0.03229181073482838	0.03229181073482838	0.03229181073482838	0.03412975154890598	0.03229181073482838	0.03412975154890598	0.03412975154890598	0.03229181073482838	0.03412975154890598	0.05166682687113613	0.06110569185010098	0.06110569185010098	0.06110569185010098	0.06458362146965677	0.06458362146965677	0.1153060492452386	0.09339750258492936	0.09687543220448515
UP000001013	0.018490223587793883	0.013256662272886681	0.031746885860680564	0.031746885860680564	0.031746885860680564	0.04428015179814438	0.031746885860680564	0.04428015179814438	0.04428015179814438	0.031746885860680564	0.04428015179814438	0.07007008000849486	0.04552219091052509	0.04552219091052509	0.04552219091052509	0.06349377172136113	0.06349377172136113	0.12626414710729938	0.07726907677120566	0.09524065758204171
UP000000590	0.019495191861622043	0.010613044544477796	0.030108236406099838	0.030108236406099838	0.030108236406099838	0.05530607573463936	0.030108236406099838	0.05530607573463936	0.05530607573463936	0.030108236406099838	0.05530607573463936	0.09111695960765667	0.032781421839981756	0.032781421839981756	0.032781421839981756	0.060216472812199676	0.060216472812199676	0.13501774040846107	0.06288965824608159	0.09032470921829952
UP000001974	0.01944721405679772	0.01083947014482974	0.030286684201627462	0.030286684201627462	0.030286684201627462	0.05433767729141474	0.030286684201627462	0.05433767729141474	0.05433767729141474	0.030286684201627462	0.05433767729141474	0.08922814052603176	0.033762327933514365	0.033762327933514365	0.033762327933514365	0.060573368403254925	0.060573368403254925	0.13435825975146737	0.06404901213514182	0.09086005260488239
UP000001018	0.01936990453481445	0.011149853461261232	0.030519757996075682	0.030519757996075682	0.030519757996075682	0.05301996128142437	0.030519757996075682	0.05301996128142437	0.05301996128142437	0.030519757996075682	0.05301996128142437	0.0866700180280343	0.03513603577320463	0.03513603577320463	0.03513603577320463	0.061039515992151364	0.061039515992151364	0.13342938180839017	0.06565579376928031	0.09155927398822704
UP000001137	0.017451697396809754	0.014762285278697513	0.03221398267550726	0.03221398267550726	0.03221398267550726	0.03808276747031047	0.03221398267550726	0.03808276747031047	0.03808276747031047	0.03221398267550726	0.03808276747031047	0.058713837543811175	0.054499226224927616	0.054499226224927616	0.054499226224927616	0.06442796535101453	0.06442796535101453	0.11996243021813476	0.08671320890043488	0.09664194802652179
UP000000554	0.009105695768562518	0.018763414635144252	0.027869110403706772	0.027869110403706772	0.027869110403706772	0.013524598033522241	0.027869110403706772	0.013524598033522241	0.013524598033522241	0.027869110403706772	0.013524598033522241	0.017943500298481962	0.114855511826509	0.114855511826509	0.114855511826509	0.055738220807413544	0.055738220807413544	0.0783685146094983	0.1427246222302158	0.08360733121112032
UP000000365	0.015231321953737739	0.016843801658833635	0.03207512361257137	0.03207512361257137	0.03207512361257137	0.029004529045424533	0.03207512361257137	0.029004529045424533	0.029004529045424533	0.03207512361257137	0.029004529045424533	0.042777736137111326	0.0709415797202216	0.0709415797202216	0.0709415797202216	0.06415024722514275	0.06415024722514275	0.10838609822430502	0.10301670333279296	0.09622537083771412
UP000008243	0.01009488887644899	0.01877254958058816	0.02886743845703715	0.02886743845703715	0.02886743845703715	0.015523388664950318	0.02886743845703715	0.015523388664950318	0.015523388664950318	0.02886743845703715	0.015523388664950318	0.02095188845345165	0.10736431600818835	0.10736431600818835	0.10736431600818835	0.0577348769140743	0.0577348769140743	0.0833531544554736	0.1362317544652255	0.08660231537111146
UP000000805	0.019628257694366952	0.009069802957905701	0.028698060652272653	0.028698060652272653	0.028698060652272653	0.06210641316307597	0.028698060652272653	0.06210641316307597	0.06210641316307597	0.028698060652272653	0.06210641316307597	0.104584568631785	0.026521534355526448	0.026521534355526448	0.026521534355526448	0.05739612130454531	0.05739612130454531	0.13913079216198823	0.055219595007799105	0.08609418195681795
UP000001400	0.018533898514773512	0.013179093449684398	0.03171299196445791	0.03171299196445791	0.03171299196445791	0.04459831603084704	0.03171299196445791	0.04459831603084704	0.04459831603084704	0.03171299196445791	0.04459831603084704	0.07066273354692057	0.045100979088186034	0.045100979088186034	0.045100979088186034	0.06342598392891582	0.06342598392891582	0.12655819847453637	0.07681397105264395	0.09513897589337374
UP000002408	0.013345848957157222	0.017941515414747394	0.031287364371904616	0.031287364371904616	0.031287364371904616	0.02327319791681377	0.031287364371904616	0.02327319791681377	0.02327319791681377	0.031287364371904616	0.02327319791681377	0.033200546876470324	0.08412244615795741	0.08412244615795741	0.08412244615795741	0.06257472874380923	0.06257472874380923	0.09919377561778023	0.11540981052986203	0.09386209311571385
UP000000254	0.019244667223905068	0.011568186124830104	0.030812853348735174	0.030812853348735174	0.030812853348735174	0.05125981744386103	0.030812853348735174	0.05125981744386103	0.05125981744386103	0.030812853348735174	0.05125981744386103	0.08327496766381698	0.03704390607830251	0.03704390607830251	0.03704390607830251	0.06162570669747035	0.06162570669747035	0.13213019136523646	0.06785675942703769	0.0924385600462055
UP000000663	0.013020866561817872	0.018082816320727373	0.031103682882545246	0.031103682882545246	0.031103682882545246	0.022396782515038537	0.031103682882545246	0.022396782515038537	0.022396782515038537	0.031103682882545246	0.022396782515038537	0.031772698468259204	0.08639089906850161	0.08639089906850161	0.08639089906850161	0.06220736576509049	0.06220736576509049	0.09762501484194691	0.11749458195104685	0.09331104864763573
UP000002613	0.01765960921085729	0.014501099628815893	0.03216070883967318	0.03216070883967318	0.03216070883967318	0.0391656884367719	0.03216070883967318	0.0391656884367719	0.0391656884367719	0.03216070883967318	0.0391656884367719	0.06067176766268651	0.052817209876956386	0.052817209876956386	0.052817209876956386	0.06432141767934636	0.06432141767934636	0.12114671532697556	0.08497791871662956	0.09648212651901954
UP000002487	0.016719394073220647	0.015573291870707894	0.03229268594392854	0.03229268594392854	0.03229268594392854	0.03466923669457641	0.03229268594392854	0.03466923669457641	0.03466923669457641	0.03229268594392854	0.03466923669457641	0.05261907931593217	0.06015809200877715	0.06015809200877715	0.06015809200877715	0.06458537188785708	0.06458537188785708	0.11597400265565413	0.09245077795270568	0.09687805783178564
UP000007722	0.01963009006952433	0.009335708722439136	0.028965798791963464	0.028965798791963464	0.028965798791963464	0.06090606038888964	0.028965798791963464	0.06090606038888964	0.06090606038888964	0.028965798791963464	0.06090606038888964	0.10218203070825495	0.027551199151589323	0.027551199151589323	0.027551199151589323	0.05793159758392693	0.05793159758392693	0.13846774804234088	0.056516997943552784	0.08689739637589039
UP000002071	0.01083835328215352	0.018696592430627018	0.02953494571278054	0.02953494571278054	0.02953494571278054	0.01712131111549323	0.02953494571278054	0.01712131111549323	0.01712131111549323	0.02953494571278054	0.01712131111549323	0.023404268948832938	0.10189792269676469	0.10189792269676469	0.10189792269676469	0.05906989142556108	0.05906989142556108	0.08702955582320782	0.1314328684095452	0.08860483713834161
UP000002376	0.01685139034554577	0.015438049829910816	0.03228944017545659	0.03228944017545659	0.03228944017545659	0.03524551134571056	0.03228944017545659	0.03524551134571056	0.03524551134571056	0.03228944017545659	0.03524551134571056	0.05363963234587535	0.05916259444318018	0.05916259444318018	0.05916259444318018	0.06457888035091318	0.06457888035091318	0.1166757820421695	0.09145203461863675	0.09686832052636973
UP000001941	0.016406573976464847	0.015877248633242243	0.032283822609707094	0.032283822609707094	0.032283822609707094	0.03336012026543834	0.032283822609707094	0.03336012026543834	0.03336012026543834	0.032283822609707094	0.03336012026543834	0.05031366655441183	0.062484499096654565	0.062484499096654565	0.062484499096654565	0.06456764521941419	0.06456764521941419	0.11433433946131737	0.09476832170636165	0.09685146782912127
UP000000391	0.01912822685897131	0.01189977053269912	0.031027997391670427	0.031027997391670427	0.031027997391670427	0.04987579982795023	0.031027997391670427	0.04987579982795023	0.04987579982795023	0.031027997391670427	0.04987579982795023	0.08062337279692915	0.03860536073440542	0.03860536073440542	0.03860536073440542	0.062055994783340854	0.062055994783340854	0.13106002147026238	0.06963335812607584	0.09308399217501129
UP000009079	0.018821611146065023	0.012621739204573337	0.03144335035063836	0.03144335035063836	0.03144335035063836	0.04688850750574576	0.03144335035063836	0.04688850750574576	0.04688850750574576	0.03144335035063836	0.04688850750574576	0.0749554038654265	0.04217171046239146	0.04217171046239146	0.04217171046239146	0.06288670070127672	0.06288670070127672	0.1285968193530875	0.07361506081302983	0.09433005105191508
UP000000242	0.017157258331570967	0.015107025019992122	0.03226428335156309	0.03226428335156309	0.03226428335156309	0.03664299513724251	0.03226428335156309	0.03664299513724251	0.03664299513724251	0.03226428335156309	0.03664299513724251	0.05612873194291403	0.05681762510357325	0.05681762510357325	0.05681762510357325	0.06452856670312618	0.06452856670312618	0.11832882017193964	0.08908190845513633	0.09679285005468925
UP000002654	0.011342358559497907	0.01860622762702567	0.029948586186523574	0.029948586186523574	0.029948586186523574	0.01825666167730733	0.029948586186523574	0.01825666167730733	0.01825666167730733	0.029948586186523574	0.01825666167730733	0.025170964795116758	0.09825649731861787	0.09825649731861787	0.09825649731861787	0.05989717237304715	0.05989717237304715	0.08949619260985239	0.12820508350514145	0.08984575855957073
UP000002593	0.015042599678388505	0.01697674582228124	0.032019345500669746	0.032019345500669746	0.032019345500669746	0.02837140883021497	0.032019345500669746	0.02837140883021497	0.02837140883021497	0.032019345500669746	0.02837140883021497	0.04170021798204143	0.0722726525444448	0.0722726525444448	0.0722726525444448	0.06403869100133949	0.06403869100133949	0.10745269950994298	0.10429199804511458	0.09605803650200925
UP000001746	0.010055833331560923	0.018774613921009004	0.02883044725256993	0.02883044725256993	0.02883044725256993	0.015441818066990156	0.02883044725256993	0.015441818066990156	0.015441818066990156	0.02883044725256993	0.015441818066990156	0.02082780280241939	0.1076550293724875	0.1076550293724875	0.1076550293724875	0.05766089450513986	0.05766089450513986	0.08315854590369094	0.13648547662505742	0.08649134175770977
UP000001059	0.01802318821375512	0.01400201284490298	0.0320252010586581	0.0320252010586581	0.0320252010586581	0.04122237514398908	0.0320252010586581	0.04122237514398908	0.04122237514398908	0.0320252010586581	0.04122237514398908	0.06442156207422305	0.04976003926338667	0.04976003926338667	0.04976003926338667	0.0640504021173162	0.0640504021173162	0.12329596547506042	0.08178524032204476	0.09607560317597429
UP000000262	0.013579085088121397	0.017831862095865916	0.03141094718398731	0.03141094718398731	0.03141094718398731	0.023919651364325927	0.03141094718398731	0.023919651364325927	0.023919651364325927	0.03141094718398731	0.023919651364325927	0.03426021764053046	0.08249682137648037	0.08249682137648037	0.08249682137648037	0.06282189436797463	0.06282189436797463	0.10032063082042195	0.11390776856046769	0.09423284155196195
UP000001879	0.01256842787092355	0.018257678481597987	0.030826106352521532	0.030826106352521532	0.030826106352521532	0.02122042485431999	0.030826106352521532	0.02122042485431999	0.02122042485431999	0.030826106352521532	0.02122042485431999	0.029872421837716434	0.08955983109485384	0.08955983109485384	0.08955983109485384	0.061652212705043064	0.061652212705043064	0.0954410654302866	0.12038593744737537	0.0924783190575646
UP000000740	0.009017539608157554	0.01875622468247032	0.02777376429062787	0.02777376429062787	0.02777376429062787	0.0133529547549322	0.02777376429062787	0.0133529547549322	0.0133529547549322	0.02777376429062787	0.0133529547549322	0.017688369901706844	0.1155372720163572	0.1155372720163572	0.1155372720163572	0.05554752858125574	0.05554752858125574	0.07791802294434548	0.14331103630698505	0.0833212928718836
UP000008680	0.019341003801984447	0.011253926100847723	0.03059492990283217	0.03059492990283217	0.03059492990283217	0.05258046394382764	0.03059492990283217	0.05258046394382764	0.05258046394382764	0.03059492990283217	0.05258046394382764	0.08581992408567082	0.035604468486972934	0.035604468486972934	0.035604468486972934	0.06118985980566434	0.06118985980566434	0.13311132755147642	0.0661993983898051	0.09178478970849652
UP000000792	0.019486916841576957	0.0106546184308573	0.030141535272434256	0.030141535272434256	0.030141535272434256	0.05512779224737791	0.030141535272434256	0.05512779224737791	0.05512779224737791	0.030141535272434256	0.05512779224737791	0.09076866765317887	0.03296022247735163	0.03296022247735163	0.03296022247735163	0.06028307054486851	0.06028307054486851	0.13489777963382338	0.06310175774978588	0.09042460581730277
UP000002457	0.013046598009687918	0.01807211063200416	0.03111870864169208	0.03111870864169208	0.03111870864169208	0.02246518353588312	0.03111870864169208	0.02246518353588312	0.02246518353588312	0.03111870864169208	0.02246518353588312	0.03188376906207832	0.08621109424543624	0.08621109424543624	0.08621109424543624	0.06223741728338416	0.06223741728338416	0.0977491988289552	0.11732980288712833	0.09335612592507622
UP000000758	0.012613762606443207	0.018241291644005127	0.030855054250448335	0.030855054250448335	0.030855054250448335	0.021336116823283676	0.030855054250448335	0.021336116823283676	0.021336116823283676	0.030855054250448335	0.021336116823283676	0.030058471040124147	0.08924157855746026	0.08924157855746026	0.08924157855746026	0.06171010850089667	0.06171010850089667	0.09565998793062355	0.1200966328079086	0.09256516275134499
UP000006565	0.016765662338321195	0.015526379775919015	0.03229204211424021	0.03229204211424021	0.03229204211424021	0.034869524133493854	0.03229204211424021	0.034869524133493854	0.034869524133493854	0.03229204211424021	0.034869524133493854	0.052973385928666517	0.059810164309424964	0.059810164309424964	0.059810164309424964	0.06458408422848042	0.06458408422848042	0.11621927070029546	0.09210220642366516	0.09687612634272062
UP000001169	0.010749950629148493	0.018709231840861183	0.02945918247000968	0.02945918247000968	0.02945918247000968	0.01692665737542669	0.02945918247000968	0.01692665737542669	0.01692665737542669	0.02945918247000968	0.01692665737542669	0.023103364121704887	0.10254161971296459	0.10254161971296459	0.10254161971296459	0.05891836494001936	0.05891836494001936	0.08659497294459453	0.13200080218297428	0.08837754741002904
UP000006681	0.01780234686868669	0.014312111411362799	0.03211445828004949	0.03211445828004949	0.03211445828004949	0.039946078490383265	0.03211445828004949	0.039946078490383265	0.039946078490383265	0.03211445828004949	0.039946078490383265	0.06208981011207984	0.05163652952163134	0.05163652952163134	0.05163652952163134	0.06422891656009898	0.06422891656009898	0.12197734191916894	0.08375098780168085	0.09634337484014847
UP000009227	0.019159749010107714	0.011814158335306036	0.030973907345413748	0.030973907345413748	0.030973907345413748	0.05023229533219949	0.030973907345413748	0.05023229533219949	0.05023229533219949	0.030973907345413748	0.05023229533219949	0.08130484165429128	0.038197853786995875	0.038197853786995875	0.038197853786995875	0.061947814690827496	0.061947814690827496	0.13133985903313472	0.06917176113240962	0.09292172203624124
UP000000346	0.011642346395628216	0.018537766161255076	0.03018011255688329	0.03018011255688329	0.03018011255688329	0.018954135120155986	0.03018011255688329	0.018954135120155986	0.018954135120155986	0.03018011255688329	0.018954135120155986	0.02626592384468376	0.09610981331219386	0.09610981331219386	0.09610981331219386	0.06036022511376658	0.06036022511376658	0.0909567066295508	0.12628992586907714	0.09054033767064988
UP000005877	0.01146685233652288	0.018579140517271938	0.030045992853794817	0.030045992853794817	0.030045992853794817	0.01854407436331055	0.030045992853794817	0.01854407436331055	0.01854407436331055	0.030045992853794817	0.01854407436331055	0.025621296390098223	0.09736389844902726	0.09736389844902726	0.09736389844902726	0.06009198570758963	0.06009198570758963	0.09010291240742306	0.1274098913028221	0.09013797856138446
UP000001304	0.019558688469772843	0.010239593999337758	0.0297982824691106	0.0297982824691106	0.0297982824691106	0.05691781566586733	0.0297982824691106	0.05691781566586733	0.05691781566586733	0.0297982824691106	0.05691781566586733	0.09427694286196182	0.03120069270828978	0.03120069270828978	0.03120069270828978	0.0595965649382212	0.0595965649382212	0.13607306907386138	0.06099897517740038	0.0893948474073318
UP000002315	0.01962977926977954	0.009356964663359925	0.028986743933139464	0.028986743933139464	0.028986743933139464	0.0608106801327632	0.028986743933139464	0.0608106801327632	0.0608106801327632	0.028986743933139464	0.0608106801327632	0.10199158099574687	0.027634334035106532	0.027634334035106532	0.027634334035106532	0.05797348786627893	0.05797348786627893	0.13841394726882167	0.056621077968245996	0.0869602317994184
UP000012076	0.01271569847873564	0.018203526243242608	0.030919224721978247	0.030919224721978247	0.030919224721978247	0.021597987857264214	0.030919224721978247	0.021597987857264214	0.021597987857264214	0.030919224721978247	0.021597987857264214	0.030480277235792785	0.08852662236187459	0.08852662236187459	0.08852662236187459	0.06183844944395649	0.06183844944395649	0.09615213577995636	0.11944584708385282	0.09275767416593475
UP000006663	0.012994551661657165	0.018093679528889725	0.031088231190546888	0.031088231190546888	0.031088231190546888	0.022327002400483673	0.031088231190546888	0.022327002400483673	0.022327002400483673	0.031088231190546888	0.022327002400483673	0.031659453139310186	0.08657482103696601	0.08657482103696601	0.08657482103696601	0.062176462381093776	0.062176462381093776	0.09749801644323461	0.11766305222751289	0.09326469357164066
UP000014070	0.018969668147043765	0.01229452459799425	0.031264192745038014	0.031264192745038014	0.031264192745038014	0.04823865750411683	0.031264192745038014	0.04823865750411683	0.04823865750411683	0.031264192745038014	0.04823865750411683	0.0775076468611899	0.04052557838764352	0.04052557838764352	0.04052557838764352	0.06252838549007603	0.06252838549007603	0.1297367111412366	0.07178977113268155	0.09379257823511404
UP000001901	0.01777803754469479	0.014344895025322347	0.03212293257001714	0.03212293257001714	0.03212293257001714	0.039810866532474384	0.03212293257001714	0.039810866532474384	0.039810866532474384	0.03212293257001714	0.039810866532474384	0.061843695520253976	0.05183925328810132	0.05183925328810132	0.05183925328810132	0.06424586514003428	0.06424586514003428	0.12183476921720345	0.08396218585811846	0.0963687977100514
UP000006794	0.008606321232863635	0.018708277702018595	0.027314598934882233	0.027314598934882233	0.027314598934882233	0.01256546521944491	0.027314598934882233	0.01256546521944491	0.01256546521944491	0.027314598934882233	0.01256546521944491	0.016524609206026185	0.11875204012644247	0.11875204012644247	0.11875204012644247	0.054629197869764466	0.054629197869764466	0.07580098432207301	0.1460666390613247	0.08194379680464671
UP000011511	0.015587762198839155	0.016576954886994757	0.03216471708583391	0.03216471708583391	0.03216471708583391	0.030245359569643637	0.03216471708583391	0.030245359569643637	0.030245359569643637	0.03216471708583391	0.030245359569643637	0.04490295694044812	0.06841175240978797	0.06841175240978797	0.06841175240978797	0.06432943417166782	0.06432943417166782	0.1101625559401506	0.10057646949562189	0.09649415125750174
UP000007807	0.014791732833164548	0.017144963056622543	0.03193669588978709	0.03193669588978709	0.03193669588978709	0.027553227826482982	0.03193669588978709	0.027553227826482982	0.027553227826482982	0.03193669588978709	0.027553227826482982	0.04031472281980142	0.07403506774450644	0.07403506774450644	0.07403506774450644	0.06387339177957418	0.06387339177957418	0.1062183524392217	0.10597176363429353	0.09581008766936129
UP000007490	0.018886824364540852	0.012481727406131342	0.031368551770672194	0.031368551770672194	0.031368551770672194	0.04746557175825399	0.031368551770672194	0.04746557175825399	0.04746557175825399	0.031368551770672194	0.04746557175825399	0.07604431915196713	0.04146104234036672	0.04146104234036672	0.04146104234036672	0.06273710354134439	0.06273710354134439	0.12908949966413924	0.07282959411103891	0.09410565531201659
UP000058290	0.013469708393110647	0.017884150639592287	0.03135385903270293	0.03135385903270293	0.03135385903270293	0.0236146153474155	0.03135385903270293	0.0236146153474155	0.0236146153474155	0.03135385903270293	0.0236146153474155	0.03375952230172036	0.08325898701121114	0.08325898701121114	0.08325898701121114	0.06270771806540586	0.06270771806540586	0.09979204180593203	0.11461284604391409	0.0940615770981088
UP000006622	0.018401783897070447	0.01340903611908208	0.03181082001615253	0.03181082001615253	0.03181082001615253	0.04365532543333278	0.03181082001615253	0.04365532543333278	0.04365532543333278	0.03181082001615253	0.04365532543333278	0.06890886696959511	0.046359900427057545	0.046359900427057545	0.046359900427057545	0.06362164003230505	0.06362164003230505	0.1256787493627083	0.07817072044321009	0.09543246004845758
UP000012672	0.013490175715901989	0.01787448282357014	0.03136465853947213	0.03136465853947213	0.03136465853947213	0.02367144040714877	0.03136465853947213	0.02367144040714877	0.02367144040714877	0.03136465853947213	0.02367144040714877	0.03385270509839555	0.08311634512960116	0.08311634512960116	0.08311634512960116	0.06272931707894426	0.06272931707894426	0.099890933201995	0.11448100366907328	0.09409397561841638
