Proteome_ID	M	W	C	D	E	F	H	K	N	Q	Y	I	A	G	P	T	V	L	R	S
UP000001015	0.020006754162937783	0.009912256509585804	0.029919010672523585	0.029919010672523585	0.029919010672523585	0.06038809535897529	0.029919010672523585	0.06038809535897529	0.06038809535897529	0.029919010672523585	0.06038809535897529	0.1007694365550128	0.02964647897243334	0.02964647897243334	0.02964647897243334	0.05983802134504717	0.05983802134504717	0.14023287086696026	0.059565489644956934	0.06975027785463297
UP000007478	0.01954537669919004	0.012014130631612222	0.03155950733080226	0.03155950733080226	0.03155950733080226	0.05134307909040965	0.03155950733080226	0.05134307909040965	0.05134307909040965	0.03155950733080226	0.05134307909040965	0.08314078148162929	0.03879792644337158	0.03879792644337158	0.03879792644337158	0.06311901466160452	0.06311901466160452	0.1340074704512042	0.07035743377417385	0.07513314529321675
UP000000674	0.014273193192043683	0.017827549168082674	0.032100742360126354	0.032100742360126354	0.032100742360126354	0.025700677810183842	0.032100742360126354	0.025700677810183842	0.025700677810183842	0.032100742360126354	0.025700677810183842	0.037128162428324	0.08018914268968377	0.08018914268968377	0.08018914268968377	0.06420148472025271	0.06420148472025271	0.10417535572248025	0.11228988504981013	0.08202903388833539
UP000001931	0.020013764984774703	0.009070450802426456	0.02908421578720116	0.02908421578720116	0.02908421578720116	0.06417372986310708	0.02908421578720116	0.06417372986310708	0.06417372986310708	0.02908421578720116	0.06417372986310708	0.10833369474143947	0.026362550836951642	0.026362550836951642	0.026362550836951642	0.05816843157440232	0.05816843157440232	0.14235592642228412	0.05544676662415281	0.06723888237682878
UP000000641	0.014371648725002484	0.017775250233453405	0.03214689895845589	0.03214689895845589	0.03214689895845589	0.025991416906163994	0.03214689895845589	0.025991416906163994	0.025991416906163994	0.03214689895845589	0.025991416906163994	0.037611185087325506	0.07952033676164003	0.07952033676164003	0.07952033676164003	0.06429379791691178	0.06429379791691178	0.10465686354807825	0.1116672357200959	0.08206904815036518
UP000002518	0.01351487143506036	0.018189149622466837	0.0317040210575272	0.0317040210575272	0.0317040210575272	0.02355666853373303	0.0317040210575272	0.02355666853373303	0.02355666853373303	0.0317040210575272	0.02355666853373303	0.033598465632405705	0.08533846369462349	0.08533846369462349	0.08533846369462349	0.0634080421150544	0.0634080421150544	0.10047958208384779	0.11704248475215069	0.08159719173752122
UP000001826	0.012079906687936771	0.01868327583970468	0.03076318252764145	0.03076318252764145	0.03076318252764145	0.01989032210123113	0.03076318252764145	0.01989032210123113	0.01989032210123113	0.03076318252764145	0.01989032210123113	0.027700737514525484	0.0951591828842639	0.0951591828842639	0.0951591828842639	0.0615263650552829	0.0615263650552829	0.0934965938444508	0.12592236541190535	0.0802096408949876
UP000005223	0.016103217269954548	0.016631921253302855	0.03273513852325741	0.03273513852325741	0.03273513852325741	0.03169453726804957	0.03273513852325741	0.03169453726804957	0.03169453726804957	0.03273513852325741	0.03169453726804957	0.04728585726614459	0.06761981000537225	0.06761981000537225	0.06761981000537225	0.06547027704651481	0.06547027704651481	0.11326803158451892	0.10035494852862967	0.08210219829981767
UP000000536	0.014437386702616238	0.01773962589113543	0.03217701259375167	0.03217701259375167	0.03217701259375167	0.026187247499006402	0.03217701259375167	0.026187247499006402	0.026187247499006402	0.03217701259375167	0.026187247499006402	0.037937108295396565	0.0790736131773862	0.0790736131773862	0.0790736131773862	0.06435402518750334	0.06435402518750334	0.10497865938912598	0.11125062577113787	0.08209365107863877
UP000002199	0.016921696447688938	0.0159173327258538	0.03283902917354274	0.03283902917354274	0.03283902917354274	0.03491113070777908	0.03283902917354274	0.03491113070777908	0.03491113070777908	0.03283902917354274	0.03491113070777908	0.052900564967869226	0.0617798286791379	0.0617798286791379	0.0617798286791379	0.06567805834708548	0.06567805834708548	0.1175108855025535	0.09461885785268064	0.08159539107293928
UP000002439	0.01574327130040147	0.016907242742326693	0.03265051404272817	0.03265051404272817	0.03265051404272817	0.030402704243749436	0.03265051404272817	0.030402704243749436	0.030402704243749436	0.03265051404272817	0.030402704243749436	0.0450621371870974	0.07012902922762616	0.07012902922762616	0.07012902922762616	0.06530102808545633	0.06530102808545633	0.11144700362960724	0.10277954327035434	0.08220827082778302
UP000001024	0.01711595305704126	0.015727063739006786	0.03284301679604805	0.03284301679604805	0.03284301679604805	0.035743451101971364	0.03284301679604805	0.035743451101971364	0.035743451101971364	0.03284301679604805	0.035743451101971364	0.054370949146901465	0.06035588165161827	0.06035588165161827	0.06035588165161827	0.0656860335920961	0.0656860335920961	0.11854543775110872	0.09319889844766631	0.08141309733110288
UP000000578	0.020012037890611293	0.009830541836592127	0.02984257972720342	0.02984257972720342	0.02984257972720342	0.060750551310548455	0.02984257972720342	0.060750551310548455	0.060750551310548455	0.02984257972720342	0.060750551310548455	0.10148906473048563	0.029319225770379348	0.029319225770379348	0.029319225770379348	0.05968515945440684	0.05968515945440684	0.14044774865556658	0.059161805497582765	0.06951570129099896
UP000001686	0.01630851083295072	0.016464827932036297	0.03277333876498702	0.03277333876498702	0.03277333876498702	0.032462188641570085	0.03277333876498702	0.032462188641570085	0.032462188641570085	0.03277333876498702	0.032462188641570085	0.048615866450189456	0.06617494252554197	0.06617494252554197	0.06617494252554197	0.06554667752997403	0.06554667752997403	0.11431737700449485	0.09894828129052899	0.08201150546201033
UP000002698	0.010378792367937399	0.018955451070394015	0.029334243438331416	0.029334243438331416	0.029334243438331416	0.016061555105512104	0.029334243438331416	0.016061555105512104	0.016061555105512104	0.029334243438331416	0.016061555105512104	0.0217443178430868	0.10715000290401255	0.10715000290401255	0.10715000290401255	0.05866848687666283	0.05866848687666283	0.08510883435011232	0.13648424634234396	0.07762393794705684
UP000001975	0.016872638453626628	0.015964020328743455	0.03283665878237008	0.03283665878237008	0.03283665878237008	0.03470561050730278	0.03283665878237008	0.03470561050730278	0.03470561050730278	0.03283665878237008	0.03470561050730278	0.05253858256097892	0.06213670609614645	0.06213670609614645	0.06213670609614645	0.06567331756474017	0.06567331756474017	0.11725156652566956	0.09497336487851653	0.08163733789348362
UP000001013	0.01883855263814358	0.013506398602920548	0.03234495124106413	0.03234495124106413	0.03234495124106413	0.04511432576861871	0.03234495124106413	0.04511432576861871	0.04511432576861871	0.03234495124106413	0.04511432576861871	0.07139009889909383	0.04637976310019663	0.04637976310019663	0.04637976310019663	0.06468990248212826	0.06468990248212826	0.12864278088889056	0.07872471434126076	0.07819630108504881
UP000000590	0.019882811078342718	0.010824061704121684	0.030706872782464402	0.030706872782464402	0.030706872782464402	0.05640571598995571	0.030706872782464402	0.05640571598995571	0.05640571598995571	0.030706872782464402	0.05640571598995571	0.0929286209015687	0.03343320865730557	0.03343320865730557	0.03343320865730557	0.061413745564928804	0.061413745564928804	0.13770227263322724	0.06414008143976997	0.07223780726905049
UP000001974	0.019832908881178973	0.01105444836853241	0.030887357249711384	0.030887357249711384	0.030887357249711384	0.05541535149395028	0.030887357249711384	0.05541535149395028	0.05541535149395028	0.030887357249711384	0.05541535149395028	0.09099779410672158	0.03443193310703624	0.03443193310703624	0.03443193310703624	0.06177471449942277	0.06177471449942277	0.137022974874552	0.06531929035674762	0.07282916286795517
UP000001018	0.019752508743499115	0.011370091039243527	0.031122599782742646	0.031122599782742646	0.031122599782742646	0.05406723853021569	0.031122599782742646	0.05406723853021569	0.05406723853021569	0.031122599782742646	0.05406723853021569	0.08838196831693226	0.035830060627026754	0.035830060627026754	0.035830060627026754	0.06224519956548529	0.06224519956548529	0.1360649468392001	0.0669526604097694	0.07361529060472881
UP000001137	0.01776166866358911	0.015024488098535117	0.03278615676212422	0.03278615676212422	0.03278615676212422	0.03875918096791063	0.03278615676212422	0.03875918096791063	0.03875918096791063	0.03278615676212422	0.03875918096791063	0.059756693272232146	0.05546722342355676	0.05546722342355676	0.05546722342355676	0.06557231352424844	0.06557231352424844	0.12209316315574818	0.08825338018568099	0.08059680162278357
UP000000554	0.009189371388732652	0.018935838620747374	0.028125210009480026	0.028125210009480026	0.028125210009480026	0.0136488805877356	0.028125210009480026	0.0136488805877356	0.0136488805877356	0.028125210009480026	0.0136488805877356	0.01810838978673855	0.11591096178072577	0.11591096178072577	0.11591096178072577	0.05625042001896005	0.05625042001896005	0.07908867199542831	0.1440361717902058	0.07518625863970743
UP000000365	0.0154669033381078	0.017104323110937077	0.03257122644904488	0.03257122644904488	0.03257122644904488	0.029453139292537456	0.03257122644904488	0.029453139292537456	0.029453139292537456	0.03257122644904488	0.029453139292537456	0.04343937524696711	0.07203882627640694	0.07203882627640694	0.07203882627640694	0.06514245289808976	0.06514245289808976	0.11006249552873501	0.1046100527254518	0.08224677600902683
UP000008243	0.01019783488640765	0.0189639889416079	0.02916182382801555	0.02916182382801555	0.02916182382801555	0.015681693619433015	0.02916182382801555	0.015681693619433015	0.015681693619433015	0.02916182382801555	0.015681693619433015	0.02116555235245838	0.10845919957553196	0.10845919957553196	0.10845919957553196	0.0583236476560311	0.0583236476560311	0.08420317616187177	0.1376210234035475	0.07728763659763901
UP000000805	0.020021239747491416	0.009251391657388438	0.029272631404879856	0.029272631404879856	0.029272631404879856	0.06334986055087068	0.029272631404879856	0.06334986055087068	0.06334986055087068	0.029272631404879856	0.06334986055087068	0.10667848135424994	0.027052528353329774	0.027052528353329774	0.027052528353329774	0.05854526280975971	0.05854526280975971	0.1419163631081218	0.056325159758209634	0.06779665446714815
UP000001400	0.018883890627222538	0.013427966008954182	0.03231185663617672	0.03231185663617672	0.03231185663617672	0.04544050575293186	0.03231185663617672	0.04544050575293186	0.04544050575293186	0.03231185663617672	0.04544050575293186	0.07199712087864119	0.04595266104446799	0.04595266104446799	0.04595266104446799	0.06462371327235344	0.06462371327235344	0.12894810965250783	0.07826451768064471	0.07805167928130763
UP000002408	0.013526369846061405	0.01818419898784608	0.031710568833907486	0.031710568833907486	0.031710568833907486	0.02358799979933718	0.031710568833907486	0.02358799979933718	0.02358799979933718	0.031710568833907486	0.02358799979933718	0.03364962975261296	0.08526031747704534	0.08526031747704534	0.08526031747704534	0.06342113766781497	0.06342113766781497	0.10053550731321356	0.11697088631095283	0.08160533665566107
UP000000254	0.019622291697799617	0.011795180447385959	0.031417472145185574	0.031417472145185574	0.031417472145185574	0.052265652534120424	0.031417472145185574	0.052265652534120424	0.052265652534120424	0.031417472145185574	0.052265652534120424	0.08490901337044122	0.037770792408996855	0.037770792408996855	0.037770792408996855	0.06283494429037115	0.06283494429037115	0.1347228885222912	0.06918826455418244	0.0746301247377571
UP000000663	0.013192646248213123	0.018321376519618144	0.031514022767831266	0.031514022767831266	0.031514022767831266	0.022692255343857604	0.031514022767831266	0.022692255343857604	0.022692255343857604	0.031514022767831266	0.022692255343857604	0.03219186443950209	0.08753062363897744	0.08753062363897744	0.08753062363897744	0.06302804553566253	0.06302804553566253	0.09891294712773327	0.1190446464068087	0.08134942205528069
UP000002613	0.017977077372000157	0.0147617870188222	0.03273886439082236	0.03273886439082236	0.03273886439082236	0.0398697730481274	0.03273886439082236	0.0398697730481274	0.0398697730481274	0.03273886439082236	0.0398697730481274	0.06176246872425464	0.0537667089454876	0.0537667089454876	0.0537667089454876	0.06547772878164472	0.06547772878164472	0.12332457920177227	0.08650557333630995	0.08023951580046691
UP000002487	0.017003685389952325	0.015838095226163314	0.03284178061611564	0.03284178061611564	0.03284178061611564	0.03525874148804078	0.03284178061611564	0.03525874148804078	0.03525874148804078	0.03284178061611564	0.03525874148804078	0.05351379758612923	0.0611810012789542	0.0611810012789542	0.0611810012789542	0.06568356123223128	0.06568356123223128	0.11794598811022437	0.09402278189506982	0.0815216564583946
UP000007722	0.020023146233564455	0.009522638983382499	0.02954578521694695	0.02954578521694695	0.02954578521694695	0.062125591342566684	0.02954578521694695	0.062125591342566684	0.062125591342566684	0.02954578521694695	0.062125591342566684	0.1042280364515689	0.02810286084111165	0.02810286084111165	0.02810286084111165	0.0590915704338939	0.0590915704338939	0.14124030801002502	0.0576486460580586	0.0686142094172764
UP000002071	0.010957110314695718	0.018901453056398305	0.02985856337109402	0.02985856337109402	0.02985856337109402	0.017308911210117912	0.02985856337109402	0.017308911210117912	0.017308911210117912	0.02985856337109402	0.017308911210117912	0.02366071210554011	0.10301442947659147	0.10301442947659147	0.10301442947659147	0.05971712674218804	0.05971712674218804	0.08798314826700167	0.13287299284768547	0.07861857979858636
UP000002376	0.017140227001356898	0.015702661508453748	0.032842888509810646	0.032842888509810646	0.032842888509810646	0.03584962741095494	0.032842888509810646	0.03584962741095494	0.03584962741095494	0.032842888509810646	0.03584962741095494	0.05455902782055298	0.0601766547419255	0.0601766547419255	0.0601766547419255	0.06568577701962129	0.06568577701962129	0.11867563143193312	0.09301954325173614	0.08138843852807504
UP000001941	0.01668023956076367	0.016142084944010534	0.0328223245047742	0.0328223245047742	0.0328223245047742	0.033916575063241736	0.0328223245047742	0.033916575063241736	0.033916575063241736	0.0328223245047742	0.033916575063241736	0.05115291056571981	0.06352675551042108	0.06352675551042108	0.06352675551042108	0.0656446490095484	0.0656446490095484	0.11624146363355382	0.09634908001519528	0.08178673395355893
UP000000391	0.019501251216269912	0.012131830947273253	0.031633082163543165	0.031633082163543165	0.031633082163543165	0.05084844033000748	0.031633082163543165	0.05084844033000748	0.05084844033000748	0.031633082163543165	0.05084844033000748	0.08219562944374506	0.039358213572381784	0.039358213572381784	0.039358213572381784	0.06326616432708633	0.06326616432708633	0.13361585587336372	0.07099129573592494	0.07539799527435957
UP000009079	0.01918265970783315	0.012863857732655685	0.032046517440488836	0.032046517440488836	0.032046517440488836	0.04778795378943666	0.032046517440488836	0.04778795378943666	0.04778795378943666	0.032046517440488836	0.04778795378943666	0.07639324787104018	0.04298067603348879	0.04298067603348879	0.04298067603348879	0.06409303488097767	0.06409303488097767	0.1310636483782475	0.07502719347397764	0.07695689261363335
UP000000242	0.01745676862042608	0.015370744860309113	0.03282751348073519	0.03282751348073519	0.03282751348073519	0.037282663424912744	0.03282751348073519	0.037282663424912744	0.037282663424912744	0.03282751348073519	0.037282663424912744	0.057108558229399406	0.05780947723856844	0.05780947723856844	0.05780947723856844	0.06565502696147038	0.06565502696147038	0.1203944590068092	0.09063699071930363	0.08102577182177949
UP000002654	0.011472483581851215	0.018819687267996908	0.030292170849848123	0.030292170849848123	0.030292170849848123	0.01846611092865965	0.030292170849848123	0.01846611092865965	0.01846611092865965	0.030292170849848123	0.01846611092865965	0.025459738275468085	0.0993837433709159	0.0993837433709159	0.0993837433709159	0.060584341699696245	0.060584341699696245	0.09052293621020711	0.12967591422076405	0.07940402896769315
UP000002593	0.01527233530452865	0.01723602037685888	0.032508355681387525	0.032508355681387525	0.032508355681387525	0.02880470649893188	0.032508355681387525	0.02880470649893188	0.02880470649893188	0.032508355681387525	0.02880470649893188	0.042337077693335105	0.07337642472745126	0.07337642472745126	0.07337642472745126	0.06501671136277505	0.06501671136277505	0.10909375316623558	0.10588478040883881	0.08225273173963393
UP000001746	0.010157980288325607	0.018965326079139536	0.029123306367465147	0.029123306367465147	0.029123306367465147	0.015598675750530552	0.029123306367465147	0.015598675750530552	0.015598675750530552	0.029123306367465147	0.015598675750530552	0.021039371212735497	0.10874858703879235	0.10874858703879235	0.10874858703879235	0.05824661273493029	0.05824661273493029	0.08400326877378646	0.13787189340625747	0.0772119388140698
UP000001059	0.018353985549791552	0.014259005586326326	0.03261299113611788	0.03261299113611788	0.03261299113611788	0.041978970021709944	0.03261299113611788	0.041978970021709944	0.041978970021709944	0.03261299113611788	0.041978970021709944	0.06560395449362834	0.05067333430498393	0.05067333430498393	0.05067333430498393	0.06522598227223576	0.06522598227223576	0.12555893784373726	0.0832863254411018	0.07948498785856209
UP000000262	0.013766014976815935	0.018077335776542122	0.03184335075335806	0.03184335075335806	0.03184335075335806	0.024248929643247454	0.03184335075335806	0.024248929643247454	0.024248929643247454	0.03184335075335806	0.024248929643247454	0.034731844309678975	0.08363247385508872	0.08363247385508872	0.08363247385508872	0.06368670150671613	0.06368670150671613	0.10170164612677951	0.11547582460844678	0.08176403728325825
UP000001879	0.012728403897217713	0.018490069587537305	0.031218473484755014	0.031218473484755014	0.031218473484755014	0.021490526992736333	0.031218473484755014	0.021490526992736333	0.021490526992736333	0.031218473484755014	0.021490526992736333	0.03025265008825495	0.09069978479799573	0.09069978479799573	0.09069978479799573	0.06243694696951003	0.06243694696951003	0.09665587785946407	0.12191825828275074	0.08092701655704733
UP000000740	0.00909959557164306	0.018926898741531667	0.028026494313174725	0.028026494313174725	0.028026494313174725	0.01347446124288853	0.028026494313174725	0.01347446124288853	0.01347446124288853	0.028026494313174725	0.01347446124288853	0.017849326914134	0.11658861446515696	0.11658861446515696	0.11658861446515696	0.05605298862634945	0.05605298862634945	0.07862704544088103	0.14461510877833167	0.07497988736788111
UP000008680	0.019722455896462397	0.011475881162033741	0.031198337058496138	0.031198337058496138	0.031198337058496138	0.05361747982497532	0.031198337058496138	0.05361747982497532	0.05361747982497532	0.031198337058496138	0.05361747982497532	0.08751250375348822	0.03630667604642425	0.03630667604642425	0.03630667604642425	0.062396674116992276	0.062396674116992276	0.13573660983843	0.06750501310492038	0.07387255527902602
UP000000792	0.019874203798286725	0.01086637048894514	0.030740574287231863	0.030740574287231863	0.030740574287231863	0.056223413225451914	0.030740574287231863	0.056223413225451914	0.056223413225451914	0.030740574287231863	0.056223413225451914	0.0925726226526171	0.03361528065610339	0.03361528065610339	0.03361528065610339	0.061481148574463726	0.061481148574463726	0.13757876559820237	0.06435585494333525	0.07234751906340887
UP000002457	0.013219061794992408	0.018311006979214558	0.03153006877420697	0.03153006877420697	0.03153006877420697	0.022762152185279803	0.03153006877420697	0.022762152185279803	0.022762152185279803	0.03153006877420697	0.022762152185279803	0.032305242575567196	0.08735072402768057	0.08735072402768057	0.08735072402768057	0.06306013754841394	0.06306013754841394	0.09904135152868615	0.11888079280188756	0.08137114452762849
UP000000758	0.012774902189988249	0.01847432236057634	0.03124922455056459	0.03124922455056459	0.03124922455056459	0.021608683628815288	0.03124922455056459	0.021608683628815288	0.021608683628815288	0.03124922455056459	0.021608683628815288	0.030442465067642324	0.09038163099481196	0.09038163099481196	0.09038163099481196	0.06249844910112918	0.06249844910112918	0.09688203491993272	0.12163085554537655	0.08097277146170552
UP000006565	0.017051542746354013	0.015791128504364222	0.032842671250718235	0.032842671250718235	0.032842671250718235	0.03546410331480115	0.032842671250718235	0.03546410331480115	0.03546410331480115	0.032842671250718235	0.03546410331480115	0.05387666388324828	0.06083001988281357	0.06083001988281357	0.06083001988281357	0.06568534250143647	0.06568534250143647	0.11820098856259163	0.0936726911335318	0.08147647100580069
UP000001169	0.010866767847002187	0.018912540719871564	0.029779308566873754	0.029779308566873754	0.029779308566873754	0.0171105954315512	0.029779308566873754	0.0171105954315512	0.0171105954315512	0.029779308566873754	0.0171105954315512	0.023354423016100214	0.10365591568904096	0.10365591568904096	0.10365591568904096	0.05955861713374751	0.05955861713374751	0.08753598041230087	0.1334352242559147	0.07847115785361905
UP000006681	0.018125014666784827	0.014571518640606409	0.03269653330739124	0.03269653330739124	0.03269653330739124	0.040670101748902	0.03269653330739124	0.040670101748902	0.040670101748902	0.03269653330739124	0.040670101748902	0.06321518883101918	0.052572442376552786	0.052572442376552786	0.052572442376552786	0.06539306661478247	0.06539306661478247	0.12418818303046932	0.08526897568394404	0.07996458525538888
UP000009227	0.0195340158509718	0.012044936291493795	0.031578952142465595	0.031578952142465595	0.031578952142465595	0.05121353378544938	0.031578952142465595	0.05121353378544938	0.05121353378544938	0.031578952142465595	0.05121353378544938	0.08289305171992696	0.03894401126834415	0.03894401126834415	0.03894401126834415	0.06315790428493119	0.06315790428493119	0.1339054539213524	0.07052296341080974	0.07520284057642498
UP000000346	0.01177948726675062	0.018756131541705582	0.030535618808456202	0.030535618808456202	0.030535618808456202	0.019177405113456135	0.030535618808456202	0.019177405113456135	0.019177405113456135	0.030535618808456202	0.019177405113456135	0.026575322960161653	0.09724193763431463	0.09724193763431463	0.09724193763431463	0.061071237616912404	0.061071237616912404	0.09202812999711917	0.12777755644277083	0.07982736915861799
UP000005877	0.011599866290398286	0.018794656063062812	0.030394522353461097	0.030394522353461097	0.030394522353461097	0.018759183146404155	0.030394522353461097	0.018759183146404155	0.018759183146404155	0.030394522353461097	0.018759183146404155	0.025918500002410028	0.0984933066525479	0.0984933066525479	0.0984933066525479	0.060789044706922195	0.060789044706922195	0.09114809414372464	0.128887829006009	0.079583700769985
UP000001304	0.01994886204789408	0.010443862247456992	0.030392724295351066	0.030392724295351066	0.030392724295351066	0.05805326131865319	0.030392724295351066	0.05805326131865319	0.05805326131865319	0.030392724295351066	0.05805326131865319	0.09615766058941229	0.03182311102292619	0.03182311102292619	0.03182311102292619	0.06078544859070213	0.06078544859070213	0.1387875719572494	0.062215835318277256	0.07122931083815913
UP000002315	0.020022822862936884	0.009544317509349141	0.029567140372286024	0.029567140372286024	0.029567140372286024	0.062028281609236235	0.029567140372286024	0.062028281609236235	0.062028281609236235	0.029567140372286024	0.062028281609236235	0.10403374035553559	0.028187651410426697	0.028187651410426697	0.028187651410426697	0.05913428074457205	0.05913428074457205	0.14118538521674517	0.05775479178271273	0.0686785982539212
UP000012076	0.012879469934994978	0.018437978012203343	0.03131744794719832	0.03131744794719832	0.03131744794719832	0.021876158492528237	0.03131744794719832	0.021876158492528237	0.021876158492528237	0.03131744794719832	0.021876158492528237	0.03087284705006149	0.08966679833303101	0.08966679833303101	0.08966679833303101	0.06263489589439664	0.06263489589439664	0.09739052432191987	0.12098424628022932	0.0810728739066
UP000006663	0.0131656331619384	0.01833189427611676	0.03149752743805516	0.03149752743805516	0.03149752743805516	0.02262095152369416	0.03149752743805516	0.02262095152369416	0.02262095152369416	0.03149752743805516	0.02262095152369416	0.03207626988544992	0.08771463337179917	0.08771463337179917	0.08771463337179917	0.06299505487611032	0.06299505487611032	0.09878163956174288	0.11921216080985432	0.08132694915222709
UP000014070	0.0193364746543709	0.012532257361270905	0.031868732015641804	0.031868732015641804	0.031868732015641804	0.049171423082306064	0.031868732015641804	0.049171423082306064	0.049171423082306064	0.031868732015641804	0.049171423082306064	0.07900637151024123	0.04130920020698991	0.04130920020698991	0.04130920020698991	0.06373746403128361	0.06373746403128361	0.1322453617679606	0.07317793222263173	0.07626972139255452
UP000001901	0.018099816766725733	0.014604534996818595	0.03270435176354433	0.03270435176354433	0.03270435176354433	0.040531435922036736	0.03270435176354433	0.040531435922036736	0.040531435922036736	0.03270435176354433	0.040531435922036736	0.06296305507734774	0.05277753427393984	0.05277753427393984	0.05277753427393984	0.06540870352708866	0.06540870352708866	0.12403995621585114	0.08548188603748418	0.08001323852390725
UP000006794	0.008681032991420892	0.018870684877962483	0.027551717869383374	0.027551717869383374	0.027551717869383374	0.012674546437567463	0.027551717869383374	0.012674546437567463	0.012674546437567463	0.027551717869383374	0.012674546437567463	0.016668059883714035	0.11978293050457865	0.11978293050457865	0.11978293050457865	0.05510343573876675	0.05510343573876675	0.0764590151677551	0.14733464837396204	0.07397412061672924
UP000011511	0.015834587990958816	0.01683944413777503	0.03267403212873385	0.03267403212873385	0.03267403212873385	0.030724282377067348	0.03267403212873385	0.030724282377067348	0.030724282377067348	0.03267403212873385	0.030724282377067348	0.045613976763175884	0.06949502432293646	0.06949502432293646	0.06949502432293646	0.0653480642574677	0.0653480642574677	0.11190693462549385	0.10216905645167029	0.08218750839524272
UP000007807	0.01501381314602764	0.017402374328350217	0.03241618747437786	0.03241618747437786	0.03241618747437786	0.027966906840639724	0.03241618747437786	0.027966906840639724	0.027966906840639724	0.03241618747437786	0.027966906840639724	0.040920000535251806	0.07514661641787594	0.07514661641787594	0.07514661641787594	0.06483237494875572	0.06483237494875572	0.10781309493542308	0.10756280389225381	0.08223474927710593
UP000007490	0.01925040335158888	0.01272200569322395	0.031972409044812834	0.031972409044812834	0.031972409044812834	0.048379303159914164	0.031972409044812834	0.048379303159914164	0.048379303159914164	0.031972409044812834	0.048379303159914164	0.07750820296823945	0.04225918412879608	0.04225918412879608	0.04225918412879608	0.06394481808962567	0.06394481808962567	0.1315745246011287	0.07423159317360892	0.07666682378284961
UP000058290	0.013653618654902925	0.018128334012392118	0.03178195266729504	0.03178195266729504	0.03178195266729504	0.02393704030005133	0.03178195266729504	0.02393704030005133	0.02393704030005133	0.03178195266729504	0.02393704030005133	0.03422046194519974	0.08439577346945573	0.08439577346945573	0.08439577346945573	0.06356390533459008	0.06356390533459008	0.10115456428954435	0.11617772613675079	0.0816922393469822
UP000006622	0.018746757680681084	0.01366041206993801	0.032407169750619094	0.032407169750619094	0.032407169750619094	0.04447372124070274	0.032407169750619094	0.04447372124070274	0.04447372124070274	0.032407169750619094	0.04447372124070274	0.07020068480072439	0.047228998246464086	0.047228998246464086	0.047228998246464086	0.06481433950123819	0.06481433950123819	0.12803481842262202	0.0796361679970832	0.07847475157117621
UP000012672	0.013674649135594465	0.018118910104662673	0.03179355924025713	0.03179355924025713	0.03179355924025713	0.023995139049250665	0.03179355924025713	0.023995139049250665	0.023995139049250665	0.03179355924025713	0.023995139049250665	0.03431562896290686	0.08425293198668142	0.08425293198668142	0.08425293198668142	0.06358711848051427	0.06358711848051427	0.1012569066653594	0.11604649122693857	0.08170602858517695
