Proteome_ID	M	W	C	D	E	F	H	K	N	Q	Y	I	A	G	P	T	V	L	R	S
UP000000242	0.01756520418338115	0.015250790388882053	0.0328159945722632	0.0328159945722632	0.0328159945722632	0.037796050594383956	0.0328159945722632	0.037796050594383956	0.037796050594383956	0.0328159945722632	0.037796050594383956	0.05802689700538677	0.056984234216620556	0.056984234216620556	0.056984234216620556	0.0656319891445264	0.0656319891445264	0.12099324392229152	0.08980022878888376	0.08088277953340846
UP000000254	0.019820436795831432	0.01110720905858816	0.030927645854419594	0.030927645854419594	0.030927645854419594	0.05518933214166944	0.030927645854419594	0.05518933214166944	0.05518933214166944	0.030927645854419594	0.05518933214166944	0.09055822748750746	0.03466319453335799	0.03466319453335799	0.03466319453335799	0.06185529170883919	0.06185529170883919	0.13686506064634008	0.06559084038777759	0.07296250076742734
UP000000262	0.013977715679252253	0.017977021077808363	0.03195473675706061	0.03195473675706061	0.03195473675706061	0.024845841981401155	0.03195473675706061	0.024845841981401155	0.024845841981401155	0.03195473675706061	0.024845841981401155	0.03571396828355006	0.08219525842411857	0.08219525842411857	0.08219525842411857	0.06390947351412123	0.06390947351412123	0.10273303117477464	0.11414999518117917	0.08188649459192959
UP000000346	0.01356443754640574	0.018167693962163993	0.03173213150856973	0.03173213150856973	0.03173213150856973	0.02369197306816911	0.03173213150856973	0.02369197306816911	0.02369197306816911	0.03173213150856973	0.02369197306816911	0.03381950858993248	0.08500163048302654	0.08500163048302654	0.08500163048302654	0.06346426301713946	0.06346426301713946	0.1007206736317143	0.11673376199159628	0.08163195697930346
UP000000365	0.016088044704878745	0.01664397230009356	0.0327320170049723	0.0327320170049723	0.0327320170049723	0.031638730428185435	0.0327320170049723	0.031638730428185435	0.031638730428185435	0.0327320170049723	0.031638730428185435	0.04718941615149213	0.0677261649070059	0.0677261649070059	0.0677261649070059	0.0654640340099446	0.0654640340099446	0.11319080914300877	0.10045818191197821	0.08210800631003817
UP000000391	0.019681579308070032	0.011611724227732614	0.03129330353580265	0.03129330353580265	0.03129330353580265	0.053041359170452274	0.03129330353580265	0.053041359170452274	0.053041359170452274	0.03129330353580265	0.053041359170452274	0.08640113903283451	0.036924802135515425	0.036924802135515425	0.036924802135515425	0.0625866070716053	0.0625866070716053	0.13530954555012759	0.06821810567131807	0.07419833129933791
UP000000536	0.015513520505694482	0.017071916651822523	0.03258543715751701	0.03258543715751701	0.03258543715751701	0.029610901800893714	0.03258543715751701	0.029610901800893714	0.029610901800893714	0.03258543715751701	0.029610901800893714	0.043708283096092954	0.07171755334479157	0.07171755334479157	0.07171755334479157	0.06517087431503402	0.06517087431503402	0.11029529662162221	0.10430299050230858	0.08224279096685654
UP000000554	0.009485571989061792	0.018957724377172004	0.028443296366233797	0.028443296366233797	0.028443296366233797	0.014231715258663213	0.028443296366233797	0.014231715258663213	0.014231715258663213	0.028443296366233797	0.014231715258663213	0.018977858528264634	0.11369270582966963	0.11369270582966963	0.11369270582966963	0.05688659273246759	0.05688659273246759	0.0806038799801926	0.14213600219590342	0.0758443171096396
UP000000578	0.020011431560430816	0.009030415005344988	0.029041846565775804	0.029041846565775804	0.029041846565775804	0.06435683460788554	0.029041846565775804	0.06435683460788554	0.06435683460788554	0.029041846565775804	0.06435683460788554	0.10870223765534025	0.026211011063204778	0.026211011063204778	0.026211011063204778	0.05808369313155161	0.05808369313155161	0.14245195929986795	0.05525285762898058	0.0671141081368966
UP000000590	0.019983746314006217	0.010170023131576137	0.030153769445582353	0.030153769445582353	0.030153769445582353	0.059251121773816626	0.030153769445582353	0.059251121773816626	0.059251121773816626	0.030153769445582353	0.059251121773816626	0.09851849723362704	0.030691395691993056	0.030691395691993056	0.030691395691993056	0.060307538891164705	0.060307538891164705	0.13954240697898754	0.06084516513757541	0.07047756202274084
UP000000641	0.013352616974437834	0.018257297219380443	0.03160991419381828	0.03160991419381828	0.03160991419381828	0.02311815772911125	0.03160991419381828	0.02311815772911125	0.02311815772911125	0.03160991419381828	0.02311815772911125	0.03288369848378467	0.08644172144239166	0.08644172144239166	0.08644172144239166	0.06321982838763655	0.06321982838763655	0.09969060309118563	0.11805163563620992	0.08147712560701699
UP000000663	0.014151716170644188	0.017890349604191304	0.03204206577483549	0.03204206577483549	0.03204206577483549	0.02534607933320381	0.03204206577483549	0.02534607933320381	0.02534607933320381	0.03204206577483549	0.02534607933320381	0.03654044249576344	0.08101402711021241	0.08101402711021241	0.08101402711021241	0.06408413154967098	0.06408413154967098	0.10358192705351899	0.1130560928850479	0.08197448115386229
UP000000674	0.014646288048063399	0.01762262127310928	0.03226890932117268	0.03226890932117268	0.03226890932117268	0.02681892401761554	0.03226890932117268	0.02681892401761554	0.02681892401761554	0.03226890932117268	0.02681892401761554	0.03899155998716767	0.07765281769649797	0.07765281769649797	0.07765281769649797	0.06453781864234535	0.06453781864234535	0.10600303070802429	0.10992172701767064	0.08216043991545463
UP000000740	0.010279507135345622	0.01896063486154406	0.02924014199688968	0.02924014199688968	0.02924014199688968	0.01585254135689154	0.02924014199688968	0.01585254135689154	0.01585254135689154	0.02924014199688968	0.01585254135689154	0.02142557557843746	0.10786736142171748	0.10786736142171748	0.10786736142171748	0.05848028399377936	0.05848028399377936	0.08461233248601652	0.13710750341860714	0.07744091885532342
UP000000758	0.013684616848854584	0.018114424502501402	0.031799041351355986	0.031799041351355986	0.031799041351355986	0.024022717199439558	0.031799041351355986	0.024022717199439558	0.024022717199439558	0.031799041351355986	0.024022717199439558	0.03436081755002453	0.08418523370777045	0.08418523370777045	0.08418523370777045	0.06359808270271197	0.06359808270271197	0.10130541675100611	0.11598427505912645	0.08171250720521338
UP000000792	0.01995245883864551	0.010419077420767524	0.03037153625941303	0.03037153625941303	0.03037153625941303	0.05816127499681522	0.03037153625941303	0.05816127499681522	0.05816127499681522	0.03037153625941303	0.05816127499681522	0.09637009115498492	0.03171973842758265	0.03171973842758265	0.03171973842758265	0.06074307251882606	0.06074307251882606	0.1388568063542868	0.06209127468699568	0.07116214993959359
UP000000805	0.020021239747491416	0.009251391657388437	0.029272631404879852	0.029272631404879852	0.029272631404879852	0.06334986055087069	0.029272631404879852	0.06334986055087069	0.06334986055087069	0.029272631404879852	0.06334986055087069	0.10667848135424997	0.027052528353329768	0.027052528353329768	0.027052528353329768	0.058545262809759704	0.058545262809759704	0.1419163631081218	0.05632515975820962	0.06779665446714814
UP000001013	0.01903881757160833	0.013146646431919224	0.03218546400352755	0.03218546400352755	0.03218546400352755	0.046610607563990866	0.03218546400352755	0.046610607563990866	0.046610607563990866	0.03218546400352755	0.046610607563990866	0.07418239755637342	0.04444928514180784	0.04444928514180784	0.04444928514180784	0.0643709280070551	0.0643709280070551	0.1300203531426543	0.0766347491453354	0.07751757443897433
UP000001015	0.02000321351712395	0.00996005150251766	0.02996326501964161	0.02996326501964161	0.02996326501964161	0.060176555081724044	0.02996326501964161	0.060176555081724044	0.060176555081724044	0.02996326501964161	0.060176555081724044	0.10034989664632413	0.029838771907697476	0.029838771907697476	0.029838771907697476	0.05992653003928322	0.05992653003928322	0.14010629863813123	0.05980203692733909	0.06988658154180089
UP000001018	0.019693387069444766	0.01157335011455039	0.031266737183995155	0.031266737183995155	0.031266737183995155	0.05320395146336062	0.031266737183995155	0.05320395146336062	0.05320395146336062	0.031266737183995155	0.05320395146336062	0.08671451585727646	0.03674948297049946	0.03674948297049946	0.03674948297049946	0.06253347436799031	0.06253347436799031	0.1354308129007957	0.06801622015449461	0.0741068244825407
UP000001024	0.017495063119429787	0.015328766908018057	0.03282383002744785	0.03282383002744785	0.03282383002744785	0.03746256835905423	0.03282383002744785	0.03746256835905423	0.03746256835905423	0.03282383002744785	0.03746256835905423	0.057430073598678674	0.05751895104172118	0.05751895104172118	0.05751895104172118	0.0656476600548957	0.0656476600548957	0.12060529153337972	0.09034278106916903	0.08097642696291375
UP000001059	0.018536497399912318	0.013991862667493655	0.032528360067405976	0.032528360067405976	0.032528360067405976	0.043093752143072615	0.032528360067405976	0.043093752143072615	0.043093752143072615	0.032528360067405976	0.043093752143072615	0.06765100688623292	0.04910661782997709	0.04910661782997709	0.04910661782997709	0.06505672013481195	0.06505672013481195	0.12668696967779688	0.08163497789738307	0.0790485828023056
UP000001137	0.018396040113826194	0.014198972971466932	0.032595013085293126	0.032595013085293126	0.032595013085293126	0.04222975629523956	0.032595013085293126	0.04222975629523956	0.04222975629523956	0.032595013085293126	0.04222975629523956	0.06606347247665292	0.0503168841706148	0.0503168841706148	0.0503168841706148	0.06519002617058625	0.06519002617058625	0.12581582257965201	0.08291189725590793	0.07938899914205319
UP000001169	0.011699132785089375	0.018773832144506657	0.03047296492959603	0.03047296492959603	0.03047296492959603	0.01898958402965332	0.03047296492959603	0.01898958402965332	0.01898958402965332	0.03047296492959603	0.01898958402965332	0.02628003527421726	0.09780115142599494	0.09780115142599494	0.09780115142599494	0.06094592985919206	0.06094592985919206	0.09163464667393476	0.12827411635559097	0.07971976200369871
UP000001304	0.019831001224912204	0.01106262598032357	0.030893627205235776	0.030893627205235776	0.030893627205235776	0.055380301208654996	0.030893627205235776	0.055380301208654996	0.055380301208654996	0.030893627205235776	0.055380301208654996	0.09092960119239778	0.03446771437013871	0.03446771437013871	0.03446771437013871	0.06178725441047155	0.06178725441047155	0.13699855684403875	0.06536134157537447	0.07284988039079512
UP000001400	0.01934104168165749	0.012521859805043946	0.03186290148670144	0.03186290148670144	0.03186290148670144	0.049214870262690676	0.03186290148670144	0.049214870262690676	0.049214870262690676	0.03186290148670144	0.049214870262690676	0.07908869884372387	0.04125763151389989	0.04125763151389989	0.04125763151389989	0.06372580297340288	0.06372580297340288	0.13228171491775104	0.07312053300060133	0.07624766277844683
UP000001686	0.016587341380128923	0.01622529308463983	0.03281263446476875	0.03281263446476875	0.03281263446476875	0.03354480973682732	0.03281263446476875	0.03354480973682732	0.03354480973682732	0.03281263446476875	0.03354480973682732	0.05050227809352572	0.0641928804465094	0.0641928804465094	0.0641928804465094	0.0656252689295375	0.0656252689295375	0.11575742004649375	0.09700551491127817	0.08185056201417734
UP000001746	0.009746927171811944	0.01896751785210973	0.028714445023921672	0.028714445023921672	0.028714445023921672	0.014755626255864157	0.028714445023921672	0.014755626255864157	0.014755626255864157	0.028714445023921672	0.014755626255864157	0.019764325339916365	0.111756605749504	0.111756605749504	0.111756605749504	0.057428890047843344	0.057428890047843344	0.08193144347551945	0.14047105077342567	0.07639640789995307
UP000001826	0.012041893126422322	0.018693076653121546	0.030734969779543868	0.030734969779543868	0.030734969779543868	0.01979916030929468	0.030734969779543868	0.01979916030929468	0.01979916030929468	0.030734969779543868	0.01979916030929468	0.027556427492167034	0.09542206362216445	0.09542206362216445	0.09542206362216445	0.061469939559087736	0.061469939559087736	0.09331099299480475	0.12615703340170834	0.08016301621220928
UP000001879	0.011767575657992435	0.018758803088731	0.030526378746723436	0.030526378746723436	0.030526378746723436	0.01914948783072391	0.030526378746723436	0.01914948783072391	0.01914948783072391	0.030526378746723436	0.01914948783072391	0.026531400003455385	0.09732477522383752	0.09732477522383752	0.09732477522383752	0.06105275749344687	0.06105275749344687	0.09196982098216322	0.12785115397056096	0.07981156058217787
UP000001901	0.018803670769173463	0.013565655197365994	0.03236932596653946	0.03236932596653946	0.03236932596653946	0.04486787697604518	0.03236932596653946	0.04486787697604518	0.04486787697604518	0.03236932596653946	0.04486787697604518	0.07093208318291691	0.04670482911805648	0.04670482911805648	0.04670482911805648	0.06473865193307891	0.06473865193307891	0.12841019967829756	0.07907415508459595	0.07830430713044491
UP000001931	0.01988968563938772	0.008120632830318091	0.028010318469705812	0.028010318469705812	0.028010318469705812	0.06860505094401144	0.028010318469705812	0.06860505094401144	0.06860505094401144	0.028010318469705812	0.06860505094401144	0.11732041624863515	0.022872308379003656	0.022872308379003656	0.022872308379003656	0.056020636939411624	0.056020636939411624	0.1445153735228108	0.050882626848709464	0.06414126976972971
UP000001941	0.017737255663546468	0.015053268488198405	0.03279052415174487	0.03279052415174487	0.03279052415174487	0.0386370515265288	0.03279052415174487	0.0386370515265288	0.0386370515265288	0.03279052415174487	0.0386370515265288	0.05953684738951112	0.055657377137481735	0.055657377137481735	0.055657377137481735	0.06558104830348974	0.06558104830348974	0.121955355493565	0.0884479012892266	0.08063431679168814
UP000001974	0.019784257842428384	0.011251834139846498	0.03103609198227488	0.03103609198227488	0.03103609198227488	0.054571195999430826	0.03103609198227488	0.054571195999430826	0.054571195999430826	0.03103609198227488	0.054571195999430826	0.08935813415643327	0.03530210353250362	0.03530210353250362	0.03530210353250362	0.06207218396454976	0.06207218396454976	0.13642763780640896	0.06633819551477849	0.07332401810439626
UP000001975	0.01688531883774703	0.015952003854189364	0.0328373226919364	0.0328373226919364	0.0328373226919364	0.03475855876788265	0.0328373226919364	0.03475855876788265	0.03475855876788265	0.0328373226919364	0.03475855876788265	0.05263179869801827	0.062044561097896515	0.062044561097896515	0.062044561097896515	0.0656746453838728	0.0656746453838728	0.11731852298950247	0.09488188378983292	0.08162664923806216
UP000002071	0.010960019549887642	0.018901079823265762	0.029861099373153406	0.029861099373153406	0.029861099373153406	0.017315319334721017	0.029861099373153406	0.017315319334721017	0.017315319334721017	0.029861099373153406	0.017315319334721017	0.023670619119554395	0.1029937985590965	0.1029937985590965	0.1029937985590965	0.05972219874630681	0.05972219874630681	0.08799753763091546	0.13285489793224992	0.07862327856957259
UP000002199	0.01682345003515308	0.016010299365120637	0.03283374940027371	0.03283374940027371	0.03283374940027371	0.03450135003131967	0.03283374940027371	0.03450135003131967	0.03450135003131967	0.03283374940027371	0.03450135003131967	0.05217925002748626	0.062493502352883964	0.062493502352883964	0.062493502352883964	0.06566749880054742	0.06566749880054742	0.11699229886702017	0.09532725175315768	0.08167779816566806
UP000002315	0.020018454547420936	0.00916892918721968	0.029187383734640616	0.029187383734640616	0.029187383734640616	0.06372459670257428	0.029187383734640616	0.06372459670257428	0.06372459670257428	0.029187383734640616	0.06372459670257428	0.10743073885772765	0.026737034468787762	0.026737034468787762	0.026737034468787762	0.05837476746928123	0.05837476746928123	0.14211781871927648	0.05592441820342838	0.06754369665650092
UP000002376	0.017483095272572483	0.015341930423146662	0.03282502569571914	0.03282502569571914	0.03282502569571914	0.03740618264681147	0.03282502569571914	0.03740618264681147	0.03740618264681147	0.03282502569571914	0.03740618264681147	0.057329270021050455	0.05760985140334643	0.05760985140334643	0.05760985140334643	0.06565005139143829	0.06565005139143829	0.12053932931082224	0.09043487709906557	0.08099198181458496
UP000002408	0.014428602480410965	0.01774441903357262	0.03217302151398359	0.03217302151398359	0.03217302151398359	0.026160999531215173	0.03217302151398359	0.026160999531215173	0.026160999531215173	0.03217302151398359	0.026160999531215173	0.03789339658201938	0.07913331538454184	0.07913331538454184	0.07913331538454184	0.06434604302796718	0.06434604302796718	0.10493564503959331	0.11130633689852543	0.08209046206153979
UP000002439	0.01584714570287943	0.016830013701639467	0.0326771594045189	0.0326771594045189	0.0326771594045189	0.030768822617725112	0.0326771594045189	0.030768822617725112	0.030768822617725112	0.0326771594045189	0.030768822617725112	0.04569049953257079	0.0694077092266253	0.0694077092266253	0.0694077092266253	0.0653543188090378	0.0653543188090378	0.11197028712964234	0.10208486863114419	0.08218433251067726
UP000002457	0.014070009397202774	0.01793152701897898	0.03200153641618175	0.03200153641618175	0.03200153641618175	0.02511007108452283	0.03200153641618175	0.02511007108452283	0.02511007108452283	0.03200153641618175	0.02511007108452283	0.03615013277184289	0.08156873228665876	0.08156873228665876	0.08156873228665876	0.0640030728323635	0.0640030728323635	0.1031831533140891	0.11357026870284052	0.0819345998513425
UP000002487	0.018185273644054124	0.014491501168992066	0.03267677481304619	0.03267677481304619	0.03267677481304619	0.04100583402994073	0.03267677481304619	0.04100583402994073	0.04100583402994073	0.03267677481304619	0.04100583402994073	0.06382639441582733	0.052079009606432504	0.052079009606432504	0.052079009606432504	0.06535354962609238	0.06535354962609238	0.12454465730008722	0.08475578441947867	0.07984505079508444
UP000002518	0.013846644822302284	0.018039788343220935	0.03188643316552322	0.03188643316552322	0.03188643316552322	0.024474794620248194	0.03188643316552322	0.024474794620248194	0.024474794620248194	0.03188643316552322	0.024474794620248194	0.03510294441819411	0.08308503795804832	0.08308503795804832	0.08308503795804832	0.06377286633104644	0.06377286633104644	0.10209430577359692	0.11497147112357155	0.08181265467426738
UP000002593	0.014999396060713434	0.01741136873766266	0.03241076479837609	0.03241076479837609	0.03241076479837609	0.02792094666227446	0.03241076479837609	0.02792094666227446	0.02792094666227446	0.03241076479837609	0.02792094666227446	0.04084249726383548	0.0752451331626937	0.0752451331626937	0.0752451331626937	0.06482152959675218	0.06482152959675218	0.10774187231974008	0.1076558979610698	0.08223289833441484
UP000002613	0.01822961205527136	0.014431639244267408	0.032661251299538764	0.032661251299538764	0.032661251299538764	0.04125670898174835	0.032661251299538764	0.04125670898174835	0.04125670898174835	0.032661251299538764	0.04125670898174835	0.06428380590822536	0.0517131570976031	0.0517131570976031	0.0517131570976031	0.06532250259907753	0.06532250259907753	0.12480882363609726	0.08437440839714189	0.07975414184334495
UP000002654	0.014477308211500688	0.017717714414829222	0.032195022626329915	0.032195022626329915	0.032195022626329915	0.026306850563496284	0.032195022626329915	0.026306850563496284	0.026306850563496284	0.032195022626329915	0.026306850563496284	0.03813639291549188	0.07880224806143706	0.07880224806143706	0.07880224806143706	0.06439004525265983	0.06439004525265983	0.10517420402765679	0.11099727068776698	0.08210775966748904
UP000002698	0.010833354597450212	0.018916394395117254	0.02974974899256747	0.02974974899256747	0.02974974899256747	0.017037579852152523	0.02974974899256747	0.017037579852152523	0.017037579852152523	0.02974974899256747	0.017037579852152523	0.023241805106854828	0.10389357793782578	0.10389357793782578	0.10389357793782578	0.05949949798513494	0.05949949798513494	0.08737043243473766	0.1336433269303932	0.07841589238025218
UP000005223	0.01644399866663364	0.016350303272375025	0.03279430193900866	0.03279430193900866	0.03279430193900866	0.03298222964887585	0.03279430193900866	0.03298222964887585	0.03298222964887585	0.03279430193900866	0.03298222964887585	0.04952046063111806	0.065214890025091	0.065214890025091	0.065214890025091	0.06558860387801732	0.06558860387801732	0.11501483219352682	0.09800919196409966	0.08193890715039234
UP000005877	0.011632465058261593	0.018787944731711498	0.03042040978997309	0.03042040978997309	0.03042040978997309	0.018834649504934187	0.03042040978997309	0.018834649504934187	0.018834649504934187	0.03042040978997309	0.018834649504934187	0.026036833951606782	0.0982658404710382	0.0982658404710382	0.0982658404710382	0.06084081957994618	0.06084081957994618	0.09130793414314196	0.1286862502610113	0.07962876431165768
UP000006565	0.017069161256859956	0.015773702595555484	0.032842863852415444	0.032842863852415444	0.032842863852415444	0.03554017427664287	0.032842863852415444	0.03554017427664287	0.03554017427664287	0.032842863852415444	0.03554017427664287	0.05401118729642579	0.06070052992042821	0.06070052992042821	0.06070052992042821	0.06568572770483089	0.06568572770483089	0.11829506323833372	0.09354339377284362	0.08145943030038635
UP000006622	0.019211574264866176	0.012804058371268573	0.03201563263613475	0.03201563263613475	0.03201563263613475	0.048037168075237176	0.03201563263613475	0.048037168075237176	0.048037168075237176	0.03201563263613475	0.048037168075237176	0.07686276188560817	0.04267531889001247	0.04267531889001247	0.04267531889001247	0.0640312652722695	0.0640312652722695	0.13128000761237285	0.0746909515261472	0.07683532364353808
UP000006663	0.012146640762513105	0.018665662400050784	0.03081230316256389	0.03081230316256389	0.03081230316256389	0.02005104183070898	0.03081230316256389	0.02005104183070898	0.02005104183070898	0.03081230316256389	0.02005104183070898	0.027955442898904854	0.09469812433663205	0.09469812433663205	0.09469812433663205	0.06162460632512778	0.06162460632512778	0.09382228891834986	0.12551042749919594	0.08029026872517855
UP000006681	0.017820128387195457	0.014954773593611649	0.032774901980807104	0.032774901980807104	0.032774901980807104	0.03905461741160856	0.032774901980807104	0.03905461741160856	0.03905461741160856	0.032774901980807104	0.03905461741160856	0.06028910643602166	0.055009843703255484	0.055009843703255484	0.055009843703255484	0.06554980396161421	0.06554980396161421	0.12242454976041822	0.08778474568406261	0.08050457755522586
UP000006794	0.009917635790321908	0.01896919167707936	0.02888682746740127	0.02888682746740127	0.02888682746740127	0.015102859354082019	0.02888682746740127	0.015102859354082019	0.015102859354082019	0.02888682746740127	0.015102859354082019	0.020288082917842128	0.11050209520833189	0.11050209520833189	0.11050209520833189	0.05777365493480254	0.05777365493480254	0.08279415007920646	0.13938892267573313	0.0767428466118819
UP000007478	0.018858831036222184	0.013471519725470548	0.03233035076169273	0.03233035076169273	0.03233035076169273	0.04525937940051258	0.03233035076169273	0.04525937940051258	0.04525937940051258	0.03233035076169273	0.04525937940051258	0.07165992776480297	0.0461893907613876	0.0461893907613876	0.0461893907613876	0.06466070152338546	0.06466070152338546	0.12877891196012023	0.07851974152308033	0.07813222124885602
UP000007490	0.019659809583962885	0.011680792668070485	0.03134060225203337	0.03134060225203337	0.03134060225203337	0.05274901199179271	0.03134060225203337	0.05274901199179271	0.05274901199179271	0.03134060225203337	0.05274901199179271	0.08583821439962253	0.037241772402220014	0.037241772402220014	0.037241772402220014	0.06268120450406674	0.06268120450406674	0.13509002607982232	0.0685823746542534	0.07436199717213722
UP000007722	0.020011255033297117	0.009027549273061757	0.029038804306358874	0.029038804306358874	0.029038804306358874	0.06436995260392181	0.029038804306358874	0.06436995260392181	0.06436995260392181	0.029038804306358874	0.06436995260392181	0.1087286501745465	0.02620017947602561	0.02620017947602561	0.02620017947602561	0.05807760861271775	0.05807760861271775	0.14245881624993667	0.05523898378238448	0.0671051578857795
UP000007807	0.015708791093539287	0.016932490830400968	0.03264128192394025	0.03264128192394025	0.03264128192394025	0.030282318408103654	0.03264128192394025	0.030282318408103654	0.030282318408103654	0.03264128192394025	0.030282318408103654	0.04485584572266803	0.07036801286344242	0.07036801286344242	0.07036801286344242	0.0652825638478805	0.0652825638478805	0.11127367334952346	0.10300929478738267	0.08221505467828147
UP000008243	0.009679105806528965	0.018965822141725024	0.028644927948253986	0.028644927948253986	0.028644927948253986	0.014618785642916046	0.028644927948253986	0.014618785642916046	0.014618785642916046	0.028644927948253986	0.014618785642916046	0.019558465479303126	0.1122571897835132	0.1122571897835132	0.1122571897835132	0.05728985589650797	0.05728985589650797	0.08158774734595299	0.1409021177317672	0.07625567803823301
UP000008680	0.01983713861028079	0.011036171943864841	0.03087331055414563	0.03087331055414563	0.03087331055414563	0.055493711400654136	0.03087331055414563	0.055493711400654136	0.055493711400654136	0.03087331055414563	0.055493711400654136	0.0911502841910275	0.03435204748484292	0.03435204748484292	0.03435204748484292	0.06174662110829126	0.06174662110829126	0.1370774711192262	0.06522535803898855	0.0727827930521561
UP000009079	0.019172286402285663	0.01288505236768145	0.032057338769967116	0.032057338769967116	0.032057338769967116	0.04769964938089728	0.032057338769967116	0.04769964938089728	0.04769964938089728	0.032057338769967116	0.04769964938089728	0.07622701235950889	0.04308933010413273	0.04308933010413273	0.04308933010413273	0.06411467753993423	0.06411467753993423	0.13098661332311717	0.07514666887409985	0.07699972990761568
UP000009227	0.020006994335820247	0.00990884306887621	0.029915837404696458	0.029915837404696458	0.029915837404696458	0.06040321613196786	0.029915837404696458	0.06040321613196786	0.06040321613196786	0.029915837404696458	0.06040321613196786	0.10079943792811548	0.02963277073422544	0.02963277073422544	0.02963277073422544	0.059831674809392915	0.059831674809392915	0.14024188527718104	0.0595486081389219	0.06974051787826913
UP000011511	0.010234235343366569	0.01896259583719387	0.02919683118056044	0.02919683118056044	0.02919683118056044	0.015757718202078018	0.02919683118056044	0.015757718202078018	0.015757718202078018	0.02919683118056044	0.015757718202078018	0.02128120106078947	0.10819522725996338	0.10819522725996338	0.10819522725996338	0.05839366236112088	0.05839366236112088	0.08438561590656546	0.13739205844052382	0.07735625819831475
UP000011554	0.011124577987868619	0.01887832938765504	0.030002907375523656	0.030002907375523656	0.030002907375523656	0.01768004340363247	0.030002907375523656	0.01768004340363247	0.01768004340363247	0.030002907375523656	0.01768004340363247	0.024235508819396328	0.10182943903851567	0.10182943903851567	0.10182943903851567	0.06000581475104731	0.06000581475104731	0.08881043614254841	0.13183234641403932	0.07888414413870237
UP000012076	0.012915437975621636	0.018425178161447554	0.03134061613706919	0.03134061613706919	0.03134061613706919	0.021968731064051908	0.03134061613706919	0.021968731064051908	0.021968731064051908	0.03134061613706919	0.021968731064051908	0.031022024152482182	0.08942111558353781	0.08942111558353781	0.08942111558353781	0.06268123227413838	0.06268123227413838	0.09756540131381193	0.12076173172060702	0.08110641043558595
UP000012672	0.013994981426440165	0.017968592129523762	0.03196357355596392	0.03196357355596392	0.03196357355596392	0.024895084434766183	0.03196357355596392	0.024895084434766183	0.024895084434766183	0.03196357355596392	0.024895084434766183	0.0357951874430922	0.08207805337191354	0.08207805337191354	0.08207805337191354	0.06392714711192785	0.06392714711192785	0.1028172129731342	0.11404162692787746	0.0818957392414516
UP000014070	0.018789824786058108	0.013588923721778152	0.03237874850783626	0.03237874850783626	0.03237874850783626	0.04477109620381869	0.03237874850783626	0.04477109620381869	0.04477109620381869	0.03237874850783626	0.04477109620381869	0.07075236762157928	0.04683304380848679	0.04683304380848679	0.04683304380848679	0.06475749701567252	0.06475749701567252	0.1283184180055493	0.07921179231632304	0.07834642073745066
UP000053352	0.010950463704362385	0.01890230198176842	0.029852765686130805	0.029852765686130805	0.029852765686130805	0.017294275979513617	0.029852765686130805	0.017294275979513617	0.017294275979513617	0.029852765686130805	0.017294275979513617	0.023638088254664846	0.10306157021741855	0.10306157021741855	0.10306157021741855	0.05970553137226161	0.05970553137226161	0.0879502710561376	0.13291433590354937	0.07860783335403003
UP000058290	0.014576122855409645	0.017662569945288364	0.03223869280069801	0.03223869280069801	0.03223869280069801	0.026605140045666928	0.03223869280069801	0.026605140045666928	0.026605140045666928	0.03223869280069801	0.026605140045666928	0.03863415723592421	0.07813026443114322	0.07813026443114322	0.07813026443114322	0.06447738560139601	0.06447738560139601	0.10565864850247259	0.11036895723184124	0.08213995554668438
UP000192315	0.019708660661209708	0.011522691028139003	0.03123135168934871	0.03123135168934871	0.03123135168934871	0.053418781336158454	0.03123135168934871	0.053418781336158454	0.053418781336158454	0.03123135168934871	0.053418781336158454	0.0871289020111072	0.03651889106963027	0.03651889106963027	0.03651889106963027	0.06246270337869742	0.06246270337869742	0.1355901453760656	0.06775024275897899	0.07398539440683644
UP000198397	0.010923957378596857	0.01890563505741286	0.029829592436009716	0.029829592436009716	0.029829592436009716	0.017235982573572287	0.029829592436009716	0.017235982573572287	0.017235982573572287	0.029829592436009716	0.017235982573572287	0.023548007768547718	0.10324965009685888	0.10324965009685888	0.10324965009685888	0.05965918487201943	0.05965918487201943	0.08781912482418856	0.13307924253286857	0.07856481992943229
