Proteome_ID	M	W	C	D	E	F	H	K	N	Q	Y	I	A	G	P	T	V	L	R	S
UP000006687	0.030284848156153066	0.03216715359718779	0.03216715359718779	0.03216715359718779	0.03216715359718779	0.030284848156153066	0.03216715359718779	0.030284848156153066	0.030284848156153066	0.03216715359718779	0.030284848156153066	0.030284848156153066	0.06833290133798098	0.0790552858703769	0.06833290133798098	0.06433430719437558	0.06433430719437558	0.09461915535052866	0.0790552858703769	0.10722384532395927
UP000007251	0.026431592514021152	0.03180308529573454	0.03180308529573454	0.03180308529573454	0.03180308529573454	0.026431592514021152	0.03180308529573454	0.026431592514021152	0.026431592514021152	0.03180308529573454	0.026431592514021152	0.026431592514021152	0.07653237191752486	0.08713340034943637	0.07653237191752486	0.06360617059146909	0.06360617059146909	0.09003776310549023	0.08713340034943637	0.1060102843191151
UP000006677	0.04482962098827577	0.0316877919860174	0.0316877919860174	0.0316877919860174	0.0316877919860174	0.04482962098827577	0.0316877919860174	0.04482962098827577	0.04482962098827577	0.0316877919860174	0.04482962098827577	0.04482962098827577	0.04479699532644783	0.05535959265512029	0.04479699532644783	0.0633755839720348	0.0633755839720348	0.10820520496031057	0.05535959265512029	0.10562597328672466
UP000007666	0.04633870682531389	0.031512098064195984	0.031512098064195984	0.031512098064195984	0.031512098064195984	0.04633870682531389	0.031512098064195984	0.04633870682531389	0.04633870682531389	0.031512098064195984	0.04633870682531389	0.04633870682531389	0.04285887079891674	0.05336290348698207	0.04285887079891674	0.06302419612839197	0.06302419612839197	0.10936290295370588	0.05336290348698207	0.10504032688065328
UP000099345	0.01694263843961183	0.02946545815584665	0.02946545815584665	0.02946545815584665	0.02946545815584665	0.01694263843961183	0.02946545815584665	0.01694263843961183	0.01694263843961183	0.02946545815584665	0.01694263843961183	0.01694263843961183	0.1024885501072927	0.1123103694925749	0.1024885501072927	0.0589309163116933	0.0589309163116933	0.07587355475130514	0.1123103694925749	0.09821819385282216
UP000007699	0.041369001243493186	0.03201389484559672	0.03201389484559672	0.03201389484559672	0.03201389484559672	0.041369001243493186	0.03201389484559672	0.041369001243493186	0.041369001243493186	0.03201389484559672	0.041369001243493186	0.041369001243493186	0.04954866844150007	0.06021996672336564	0.04954866844150007	0.06402778969119344	0.06402778969119344	0.10539679093468662	0.06021996672336564	0.10671298281865571
UP000002135	0.03216069596701437	0.03225495268695897	0.03225495268695897	0.03225495268695897	0.03225495268695897	0.03216069596701437	0.03225495268695897	0.03216069596701437	0.03216069596701437	0.03225495268695897	0.03216069596701437	0.03216069596701437	0.06469897130988894	0.07545062220554193	0.06469897130988894	0.06450990537391794	0.06450990537391794	0.09667060134093232	0.07545062220554193	0.10751650895652991
UP000008222	0.04428334303603925	0.03174655035012069	0.03174655035012069	0.03174655035012069	0.03174655035012069	0.04428334303603925	0.03174655035012069	0.04428334303603925	0.04428334303603925	0.03174655035012069	0.04428334303603925	0.04428334303603925	0.04551794828644854	0.05610013173648876	0.04551794828644854	0.06349310070024138	0.06349310070024138	0.10777644373628062	0.05610013173648876	0.10582183450040228
UP000008623	0.028571437662923648	0.03203772492105574	0.03203772492105574	0.03203772492105574	0.03203772492105574	0.028571437662923648	0.03203772492105574	0.028571437662923648	0.028571437662923648	0.03203772492105574	0.028571437662923648	0.028571437662923648	0.07184908440566065	0.08252832604601257	0.07184908440566065	0.06407544984211148	0.06407544984211148	0.09264688750503514	0.08252832604601257	0.10679241640351914
UP000172353	0.08976196294499958	0.020815596338484257	0.020815596338484257	0.020815596338484257	0.020815596338484257	0.08976196294499958	0.020815596338484257	0.08976196294499958	0.08976196294499958	0.020815596338484257	0.08976196294499958	0.08976196294499958	0.009654179492313713	0.016592711605141794	0.009654179492313713	0.04163119267696851	0.04163119267696851	0.13139315562196807	0.016592711605141794	0.06938532112828083
UP000163220	0.05751473081475619	0.029679502850270403	0.029679502850270403	0.029679502850270403	0.029679502850270403	0.05751473081475619	0.029679502850270403	0.05751473081475619	0.05751473081475619	0.029679502850270403	0.05751473081475619	0.05751473081475619	0.030631209673095055	0.04052437728985186	0.030631209673095055	0.059359005700540805	0.059359005700540805	0.11687373651529699	0.04052437728985186	0.098931676167568
UP000000360	0.032662828203202515	0.03226952943672386	0.03226952943672386	0.03226952943672386	0.03226952943672386	0.032662828203202515	0.03226952943672386	0.032662828203202515	0.032662828203202515	0.03226952943672386	0.032662828203202515	0.032662828203202515	0.06376193289750019	0.07451844270974146	0.06376193289750019	0.06453905887344771	0.06453905887344771	0.09720188707665023	0.07451844270974146	0.10756509812241286
UP000004993	0.036127592032308684	0.032276350597449155	0.032276350597449155	0.032276350597449155	0.032276350597449155	0.036127592032308684	0.032276350597449155	0.036127592032308684	0.036127592032308684	0.032276350597449155	0.036127592032308684	0.036127592032308684	0.057671311553663174	0.06843009508614623	0.057671311553663174	0.06455270119489831	0.06455270119489831	0.100680293227207	0.06843009508614623	0.10758783532483052
UP000008865	0.03284254212446915	0.03227386776741859	0.03227386776741859	0.03227386776741859	0.03227386776741859	0.03284254212446915	0.03227386776741859	0.03284254212446915	0.03284254212446915	0.03227386776741859	0.03284254212446915	0.03284254212446915	0.06343008021250465	0.07418803613497751	0.06343008021250465	0.06454773553483718	0.06454773553483718	0.09739027765930634	0.07418803613497751	0.10757955922472863
UP000009108	0.04419652534625205	0.031755645622501334	0.031755645622501334	0.031755645622501334	0.031755645622501334	0.04419652534625205	0.031755645622501334	0.04419652534625205	0.04419652534625205	0.031755645622501334	0.04419652534625205	0.04419652534625205	0.0456334981540536	0.05621871336155403	0.0456334981540536	0.06351129124500267	0.06351129124500267	0.10770781659125471	0.05621871336155403	0.10585215207500444
UP000000396	0.041524353474543745	0.03200168392550132	0.03200168392550132	0.03200168392550132	0.03200168392550132	0.041524353474543745	0.03200168392550132	0.041524353474543745	0.041524353474543745	0.03200168392550132	0.041524353474543745	0.041524353474543745	0.049325645717543214	0.059992873692710315	0.049325645717543214	0.06400336785100263	0.06400336785100263	0.10552772132554639	0.059992873692710315	0.10667227975167104
UP000007661	0.03685903975226941	0.032258277690366474	0.032258277690366474	0.032258277690366474	0.032258277690366474	0.03685903975226941	0.032258277690366474	0.03685903975226941	0.03685903975226941	0.032258277690366474	0.03685903975226941	0.03685903975226941	0.056463569672062654	0.06721632890218482	0.056463569672062654	0.06451655538073295	0.06451655538073295	0.10137559513300236	0.06721632890218482	0.10752759230122158
UP000007068	0.04131157484758102	0.03201834832840519	0.03201834832840519	0.03201834832840519	0.03201834832840519	0.04131157484758102	0.03201834832840519	0.04131157484758102	0.04131157484758102	0.03201834832840519	0.04131157484758102	0.04131157484758102	0.04963135070311248	0.06030413347924754	0.04963135070311248	0.06403669665681037	0.06403669665681037	0.1053482715043914	0.06030413347924754	0.10672782776135062
UP000134285	0.03850360754698486	0.03219481476666819	0.03219481476666819	0.03219481476666819	0.03219481476666819	0.03850360754698486	0.03219481476666819	0.03850360754698486	0.03850360754698486	0.03219481476666819	0.03850360754698486	0.03850360754698486	0.0538394277261037	0.06457103264832642	0.0538394277261037	0.06438962953333638	0.06438962953333638	0.10289323708032125	0.06457103264832642	0.10731604922222729
UP000006372	0.04287825761185059	0.031885372071705116	0.031885372071705116	0.031885372071705116	0.031885372071705116	0.04287825761185059	0.031885372071705116	0.04287825761185059	0.04287825761185059	0.031885372071705116	0.04287825761185059	0.04287825761185059	0.04742156089244102	0.05805001824967605	0.04742156089244102	0.06377074414341023	0.06377074414341023	0.10664900175526082	0.05805001824967605	0.1062845735723504
UP000009089	0.047458581982874073	0.031369473767203934	0.031369473767203934	0.031369473767203934	0.031369473767203934	0.047458581982874073	0.031369473767203934	0.047458581982874073	0.047458581982874073	0.031369473767203934	0.047458581982874073	0.047458581982874073	0.04146958646115463	0.05192607771688927	0.04146958646115463	0.06273894753440787	0.06273894753440787	0.11019752951728194	0.05192607771688927	0.10456491255734644
UP000002317	0.038118905269140815	0.032212414397187916	0.032212414397187916	0.032212414397187916	0.032212414397187916	0.038118905269140815	0.032212414397187916	0.038118905269140815	0.038118905269140815	0.032212414397187916	0.038118905269140815	0.038118905269140815	0.05444225819025191	0.06517972965598122	0.05444225819025191	0.06442482879437583	0.06442482879437583	0.10254373406351665	0.06517972965598122	0.10737471465729304
UP000000862	0.04399599189556095	0.03177639687372889	0.03177639687372889	0.03177639687372889	0.03177639687372889	0.04399599189556095	0.03177639687372889	0.04399599189556095	0.04399599189556095	0.03177639687372889	0.04399599189556095	0.04399599189556095	0.045901426687852756	0.056493558979095714	0.045901426687852756	0.06355279374745779	0.06355279374745779	0.10754878564301873	0.056493558979095714	0.10592132291242964
UP000000344	0.05710395203416508	0.029761470727199892	0.029761470727199892	0.029761470727199892	0.029761470727199892	0.05710395203416508	0.029761470727199892	0.05710395203416508	0.05710395203416508	0.029761470727199892	0.05710395203416508	0.05710395203416508	0.031022201031411567	0.04094269127381152	0.031022201031411567	0.059522941454399785	0.059522941454399785	0.11662689348856489	0.04094269127381152	0.09920490242399965
UP000125273	0.016226118456545428	0.029174054143224597	0.029174054143224597	0.029174054143224597	0.029174054143224597	0.016226118456545428	0.029174054143224597	0.016226118456545428	0.016226118456545428	0.029174054143224597	0.016226118456545428	0.016226118456545428	0.1049080761281471	0.11463276084255529	0.1049080761281471	0.05834810828644919	0.05834810828644919	0.07457422674299463	0.11463276084255529	0.09724684714408198
UP000000470	0.03545999418618309	0.032287150932511055	0.032287150932511055	0.032287150932511055	0.032287150932511055	0.03545999418618309	0.032287150932511055	0.03545999418618309	0.03545999418618309	0.032287150932511055	0.03545999418618309	0.03545999418618309	0.05879640644413539	0.06955879008830573	0.05879640644413539	0.06457430186502211	0.06457430186502211	0.10003429605120519	0.06955879008830573	0.10762383644170351
UP000008687	0.03849288377212062	0.03219532765066065	0.03219532765066065	0.03219532765066065	0.03219532765066065	0.03849288377212062	0.03219532765066065	0.03849288377212062	0.03849288377212062	0.03219532765066065	0.03849288377212062	0.03849288377212062	0.05385614279614626	0.0645879186796998	0.05385614279614626	0.0643906553013213	0.0643906553013213	0.10288353907344193	0.0645879186796998	0.1073177588355355
UP000008226	0.045116111853245724	0.03165593335365259	0.03165593335365259	0.03165593335365259	0.03165593335365259	0.045116111853245724	0.03165593335365259	0.045116111853245724	0.045116111853245724	0.03165593335365259	0.045116111853245724	0.045116111853245724	0.044423070842209644	0.0549750486267605	0.044423070842209644	0.06331186670730518	0.06331186670730518	0.1084279785605509	0.0549750486267605	0.10551977784550863
UP000009116	0.048282588067922565	0.031258121932098225	0.031258121932098225	0.031258121932098225	0.031258121932098225	0.048282588067922565	0.031258121932098225	0.048282588067922565	0.048282588067922565	0.031258121932098225	0.048282588067922565	0.048282588067922565	0.04047298315274258	0.05089235713010865	0.04047298315274258	0.06251624386419645	0.06251624386419645	0.11079883193211902	0.05089235713010865	0.10419373977366074
UP000002241	0.0409227612385518	0.032047638261810084	0.032047638261810084	0.032047638261810084	0.032047638261810084	0.0409227612385518	0.032047638261810084	0.0409227612385518	0.0409227612385518	0.032047638261810084	0.0409227612385518	0.0409227612385518	0.05019461478529398	0.06087716087256401	0.05019461478529398	0.06409527652362017	0.06409527652362017	0.10501803776217196	0.06087716087256401	0.10682546087270027
UP000006674	0.05236062041406202	0.030632041147222653	0.030632041147222653	0.030632041147222653	0.030632041147222653	0.05236062041406202	0.030632041147222653	0.05236062041406202	0.05236062041406202	0.030632041147222653	0.05236062041406202	0.05236062041406202	0.03584074968650085	0.04605143006890839	0.03584074968650085	0.061264082294445306	0.061264082294445306	0.11362470270850733	0.04605143006890839	0.1021068038240755
UP000006716	0.049362142466543725	0.031104281878824608	0.031104281878824608	0.031104281878824608	0.031104281878824608	0.049362142466543725	0.031104281878824608	0.049362142466543725	0.049362142466543725	0.031104281878824608	0.049362142466543725	0.049362142466543725	0.03919912316825005	0.04956721712785825	0.03919912316825005	0.062208563757649216	0.062208563757649216	0.11157070622419293	0.04956721712785825	0.103680939596082
UP000001795	0.03598429951490694	0.032279132612482345	0.032279132612482345	0.032279132612482345	0.032279132612482345	0.03598429951490694	0.032279132612482345	0.03598429951490694	0.03598429951490694	0.032279132612482345	0.03598429951490694	0.03598429951490694	0.05791094539898346	0.06867065626981092	0.05791094539898346	0.06455826522496469	0.06455826522496469	0.10054256473987162	0.06867065626981092	0.10759710870827446
UP000007453	0.03901592934088125	0.032168840872990594	0.032168840872990594	0.032168840872990594	0.032168840872990594	0.03901592934088125	0.032168840872990594	0.03901592934088125	0.03901592934088125	0.032168840872990594	0.03901592934088125	0.03901592934088125	0.053046760161495426	0.06376970711915896	0.053046760161495426	0.06433768174598119	0.06433768174598119	0.10335361108686243	0.06376970711915896	0.10722946957663529
UP000140422	0.027416812269678858	0.03192172270624306	0.03192172270624306	0.03192172270624306	0.03192172270624306	0.027416812269678858	0.03192172270624306	0.027416812269678858	0.027416812269678858	0.03192172270624306	0.027416812269678858	0.027416812269678858	0.07433368770308976	0.08497426193850412	0.07433368770308976	0.06384344541248611	0.06384344541248611	0.09126025768216499	0.08497426193850412	0.10640574235414352
UP000009190	0.020355134004886758	0.030597620441320143	0.030597620441320143	0.030597620441320143	0.030597620441320143	0.020355134004886758	0.030597620441320143	0.020355134004886758	0.020355134004886758	0.030597620441320143	0.020355134004886758	0.020355134004886758	0.09198803372616762	0.102187240539941	0.09198803372616762	0.061195240882640285	0.061195240882640285	0.08155037488752705	0.102187240539941	0.1019920681377338
UP000007225	0.02820233358361428	0.03200325710692681	0.03200325710692681	0.03200325710692681	0.03200325710692681	0.02820233358361428	0.03200325710692681	0.02820233358361428	0.02820233358361428	0.03200325710692681	0.02820233358361428	0.02820233358361428	0.0726328878009678	0.0833006401699434	0.0726328878009678	0.06400651421385362	0.06400651421385362	0.0922088477974679	0.0833006401699434	0.10667752368975603
UP000008479	0.03575478863905741	0.03228306254475156	0.03228306254475156	0.03228306254475156	0.03228306254475156	0.03575478863905741	0.03228306254475156	0.03575478863905741	0.03575478863905741	0.03228306254475156	0.03575478863905741	0.03575478863905741	0.05829686970264332	0.06905789055089384	0.05829686970264332	0.06456612508950312	0.06456612508950312	0.10032091372856053	0.06905789055089384	0.1076102084825052
UP000002242	0.03497626242644674	0.03229148742421573	0.03229148742421573	0.03229148742421573	0.03229148742421573	0.03497626242644674	0.03229148742421573	0.03497626242644674	0.03497626242644674	0.03229148742421573	0.03497626242644674	0.03497626242644674	0.05962559105685527	0.07038942019826051	0.05962559105685527	0.06458297484843147	0.06458297484843147	0.09955923727487821	0.07038942019826051	0.10763829141405244
UP000007544	0.039918586529531834	0.03211619680467376	0.03211619680467376	0.03211619680467376	0.03211619680467376	0.039918586529531834	0.03211619680467376	0.039918586529531834	0.039918586529531834	0.03211619680467376	0.039918586529531834	0.039918586529531834	0.05167768635462424	0.06238308528951549	0.05167768635462424	0.06423239360934752	0.06423239360934752	0.10415098013887936	0.06238308528951549	0.10705398934891253
UP000007711	0.05400136272205229	0.03034725159517505	0.03034725159517505	0.03034725159517505	0.03034725159517505	0.05400136272205229	0.03034725159517505	0.05400136272205229	0.05400136272205229	0.03034725159517505	0.05400136272205229	0.05400136272205229	0.0341086088557083	0.04422435938743331	0.0341086088557083	0.0606945031903501	0.0606945031903501	0.11469586591240238	0.04422435938743331	0.10115750531725015
UP000009246	0.05773239983101929	0.029635664858880403	0.029635664858880403	0.029635664858880403	0.029635664858880403	0.05773239983101929	0.029635664858880403	0.05773239983101929	0.05773239983101929	0.029635664858880403	0.05773239983101929	0.05773239983101929	0.030425640860194683	0.040304195813154815	0.030425640860194683	0.05927132971776081	0.05927132971776081	0.11700372954878009	0.040304195813154815	0.09878554952960134
UP000002665	0.03305932305599337	0.03227849323070417	0.03227849323070417	0.03227849323070417	0.03227849323070417	0.03305932305599337	0.03227849323070417	0.03305932305599337	0.03305932305599337	0.03227849323070417	0.03305932305599337	0.03305932305599337	0.06303221172919492	0.07379170947276298	0.06303221172919492	0.06455698646140834	0.06455698646140834	0.0976163095174017	0.07379170947276298	0.10759497743568054
UP000002092	0.031251147229639266	0.03221910311728297	0.03221910311728297	0.03221910311728297	0.03221910311728297	0.031251147229639266	0.03221910311728297	0.031251147229639266	0.031251147229639266	0.03221910311728297	0.031251147229639266	0.031251147229639266	0.06643407987899941	0.07717378091809372	0.06643407987899941	0.06443820623456593	0.06443820623456593	0.0956893534642052	0.07717378091809372	0.10739701039094322
UP000007016	0.043594501349447826	0.03181685546880173	0.03181685546880173	0.03181685546880173	0.03181685546880173	0.043594501349447826	0.03181685546880173	0.043594501349447826	0.043594501349447826	0.03181685546880173	0.043594501349447826	0.043594501349447826	0.04644220076325937	0.05704781925285994	0.04644220076325937	0.06363371093760346	0.06363371093760346	0.10722821228705129	0.05704781925285994	0.10605618489600577
UP000009115	0.03351522606328978	0.03228608133383114	0.03228608133383114	0.03228608133383114	0.03228608133383114	0.03351522606328978	0.03228608133383114	0.03351522606328978	0.03351522606328978	0.03228608133383114	0.03351522606328978	0.03351522606328978	0.062204029053918336	0.07296605616519537	0.062204029053918336	0.06457216266766228	0.06457216266766228	0.09808738873095203	0.07296605616519537	0.10762027111277044
UP000002131	0.01697951195534762	0.029479900144878925	0.029479900144878925	0.029479900144878925	0.029479900144878925	0.01697951195534762	0.029479900144878925	0.01697951195534762	0.01697951195534762	0.029479900144878925	0.01697951195534762	0.01697951195534762	0.10236625349862595	0.11219288688025225	0.10236625349862595	0.05895980028975785	0.05895980028975785	0.07593931224510547	0.11219288688025225	0.09826633381626308
UP000009294	0.013785123611460826	0.028010739288538145	0.028010739288538145	0.028010739288538145	0.028010739288538145	0.013785123611460826	0.028010739288538145	0.013785123611460826	0.013785123611460826	0.028010739288538145	0.013785123611460826	0.013785123611460826	0.113833076525791	0.12316998962197037	0.113833076525791	0.05602147857707629	0.05602147857707629	0.06980660218853711	0.12316998962197037	0.0933691309617938
UP000008446	0.05322421778807872	0.030484380297207257	0.030484380297207257	0.030484380297207257	0.030484380297207257	0.05322421778807872	0.030484380297207257	0.05322421778807872	0.05322421778807872	0.030484380297207257	0.05322421778807872	0.05322421778807872	0.03492009768203317	0.045081557781102254	0.03492009768203317	0.060968760594414514	0.060968760594414514	0.11419297838249322	0.045081557781102254	0.10161460099069086
UP000002326	0.04354014513157848	0.031822220616898225	0.031822220616898225	0.031822220616898225	0.031822220616898225	0.04354014513157848	0.031822220616898225	0.04354014513157848	0.04354014513157848	0.031822220616898225	0.04354014513157848	0.04354014513157848	0.04651586355214475	0.05712327042444415	0.04651586355214475	0.06364444123379645	0.06364444123379645	0.10718458636537494	0.05712327042444415	0.10607406872299406
UP000007219	0.030673666771947328	0.032189816870370605	0.032189816870370605	0.032189816870370605	0.032189816870370605	0.030673666771947328	0.032189816870370605	0.030673666771947328	0.030673666771947328	0.032189816870370605	0.030673666771947328	0.030673666771947328	0.06756181566760977	0.07829175462439997	0.06756181566760977	0.06437963374074121	0.06437963374074121	0.09505330051268854	0.07829175462439997	0.10729938956790201
UP000006540	0.042118724151267876	0.031952787811326815	0.031952787811326815	0.031952787811326815	0.031952787811326815	0.042118724151267876	0.031952787811326815	0.042118724151267876	0.042118724151267876	0.031952787811326815	0.042118724151267876	0.042118724151267876	0.048481081489973946	0.0591320107604162	0.048481081489973946	0.06390557562265363	0.06390557562265363	0.1060242997739215	0.0591320107604162	0.10650929270442272
UP000000840	0.03487564344541718	0.03229201427683506	0.03229201427683506	0.03229201427683506	0.03229201427683506	0.03487564344541718	0.03229201427683506	0.03487564344541718	0.03487564344541718	0.03229201427683506	0.03487564344541718	0.03487564344541718	0.05979956686317968	0.07056357162212468	0.05979956686317968	0.06458402855367013	0.06458402855367013	0.0994596719990873	0.07056357162212468	0.10764004758945021
UP000201106	0.037763043358331964	0.032227215608555015	0.032227215608555015	0.032227215608555015	0.032227215608555015	0.037763043358331964	0.032227215608555015	0.037763043358331964	0.037763043358331964	0.032227215608555015	0.037763043358331964	0.037763043358331964	0.05500581168869901	0.06574821689155066	0.05500581168869901	0.06445443121711003	0.06445443121711003	0.102217474575442	0.06574821689155066	0.10742405202851671
UP000008920	0.04155045800600798	0.03199960875680758	0.03199960875680758	0.03199960875680758	0.03199960875680758	0.04155045800600798	0.03199960875680758	0.04155045800600798	0.04155045800600798	0.03199960875680758	0.04155045800600798	0.04155045800600798	0.0492882634622557	0.05995479971452488	0.0492882634622557	0.06399921751361516	0.06399921751361516	0.10554967551962313	0.05995479971452488	0.10666536252269192
UP000009253	0.04607362808431472	0.031544352507464464	0.031544352507464464	0.031544352507464464	0.031544352507464464	0.04607362808431472	0.031544352507464464	0.04607362808431472	0.04607362808431472	0.031544352507464464	0.04607362808431472	0.04607362808431472	0.04319374082259141	0.05370852499174622	0.04319374082259141	0.06308870501492893	0.06308870501492893	0.10916233309924366	0.05370852499174622	0.10514784169154819
UP000008286	0.05171753107605088	0.030738695263029463	0.030738695263029463	0.030738695263029463	0.030738695263029463	0.05171753107605088	0.030738695263029463	0.05171753107605088	0.05171753107605088	0.030738695263029463	0.05171753107605088	0.05171753107605088	0.036539539564793146	0.0467857713191363	0.036539539564793146	0.061477390526058925	0.061477390526058925	0.11319492160210981	0.0467857713191363	0.10246231754343153
UP000007908	0.0351760811891418	0.03229005649948583	0.03229005649948583	0.03229005649948583	0.03229005649948583	0.0351760811891418	0.03229005649948583	0.0351760811891418	0.0351760811891418	0.03229005649948583	0.0351760811891418	0.0351760811891418	0.05928163192105852	0.0700449840875538	0.05928163192105852	0.06458011299897166	0.06458011299897166	0.09975619418811345	0.0700449840875538	0.10763352166495277
UP000007670	0.03495311091497966	0.032291620177514246	0.032291620177514246	0.032291620177514246	0.032291620177514246	0.03495311091497966	0.032291620177514246	0.03495311091497966	0.03495311091497966	0.032291620177514246	0.03495311091497966	0.03495311091497966	0.05966557518872862	0.07042944858123337	0.05966557518872862	0.06458324035502849	0.06458324035502849	0.09953635127000814	0.07042944858123337	0.10763873392504747
UP000002501	0.04994909251844581	0.031016953113243265	0.031016953113243265	0.031016953113243265	0.031016953113243265	0.04994909251844581	0.031016953113243265	0.04994909251844581	0.04994909251844581	0.031016953113243265	0.04994909251844581	0.04994909251844581	0.03852127563974673	0.04886026001082781	0.03852127563974673	0.06203390622648653	0.06203390622648653	0.11198299874493235	0.04886026001082781	0.10338984371081088
UP000008167	0.025510550669784304	0.03167482646596161	0.03167482646596161	0.03167482646596161	0.03167482646596161	0.025510550669784304	0.03167482646596161	0.025510550669784304	0.025510550669784304	0.03167482646596161	0.025510550669784304	0.025510550669784304	0.078657230464031	0.08921550595268486	0.078657230464031	0.06334965293192323	0.06334965293192323	0.08886020360170753	0.08921550595268486	0.10558275488653869
UP000110594	0.008391931097060412	0.024131821001594778	0.024131821001594778	0.024131821001594778	0.024131821001594778	0.008391931097060412	0.024131821001594778	0.008391931097060412	0.008391931097060412	0.024131821001594778	0.008391931097060412	0.008391931097060412	0.13878683657376523	0.1468307769076301	0.13878683657376523	0.048263642003189555	0.048263642003189555	0.05665557310024996	0.1468307769076301	0.08043940333864925
UP000008447	0.039423108683600244	0.03214616735531816	0.03214616735531816	0.03214616735531816	0.03214616735531816	0.039423108683600244	0.03214616735531816	0.039423108683600244	0.039423108683600244	0.03214616735531816	0.039423108683600244	0.039423108683600244	0.052424890382426925	0.06314027950086631	0.052424890382426925	0.06429233471063632	0.06429233471063632	0.10371544339423658	0.06314027950086631	0.10715389118439385
UP000002325	0.03834400894210041	0.03220231623137362	0.03220231623137362	0.03220231623137362	0.03220231623137362	0.03834400894210041	0.03220231623137362	0.03834400894210041	0.03834400894210041	0.03220231623137362	0.03834400894210041	0.03834400894210041	0.05408871942582981	0.06482282483628768	0.05408871942582981	0.06440463246274725	0.06440463246274725	0.10274864140484764	0.06482282483628768	0.10734105410457873
UP000006541	0.03341706665770566	0.032284690360002026	0.032284690360002026	0.032284690360002026	0.032284690360002026	0.03341706665770566	0.032284690360002026	0.03341706665770566	0.03341706665770566	0.032284690360002026	0.03341706665770566	0.03341706665770566	0.06238137190900702	0.07314293536234102	0.06238137190900702	0.06456938072000405	0.06456938072000405	0.09798644737770972	0.07314293536234102	0.10761563453334007
UP000138352	0.044782812500972026	0.03169292940166437	0.03169292940166437	0.03169292940166437	0.03169292940166437	0.044782812500972026	0.03169292940166437	0.044782812500972026	0.044782812500972026	0.03169292940166437	0.044782812500972026	0.044782812500972026	0.04485836051664151	0.05542267031719629	0.04485836051664151	0.06338585880332874	0.06338585880332874	0.10816867130430077	0.05542267031719629	0.10564309800554789
UP000006711	0.021175744103901363	0.030814827447889732	0.030814827447889732	0.030814827447889732	0.030814827447889732	0.021175744103901363	0.030814827447889732	0.021175744103901363	0.021175744103901363	0.030814827447889732	0.021175744103901363	0.021175744103901363	0.08968313802661369	0.09995474717591027	0.08968313802661369	0.061629654895779463	0.061629654895779463	0.08280539899968081	0.09995474717591027	0.10271609149296576
UP000008622	0.05569980840042431	0.030033992588646134	0.030033992588646134	0.030033992588646134	0.030033992588646134	0.05569980840042431	0.030033992588646134	0.05569980840042431	0.05569980840042431	0.030033992588646134	0.05569980840042431	0.05569980840042431	0.032389364944672934	0.04240069580755497	0.032389364944672934	0.06006798517729227	0.06006798517729227	0.11576779357771659	0.04240069580755497	0.10011330862882044
UP000001189	0.024731264327353834	0.03155250305119777	0.03155250305119777	0.03155250305119777	0.03155250305119777	0.024731264327353834	0.03155250305119777	0.024731264327353834	0.024731264327353834	0.03155250305119777	0.024731264327353834	0.024731264327353834	0.08051027522233971	0.09102777623940561	0.08051027522233971	0.06310500610239554	0.06310500610239554	0.08783627042974938	0.09102777623940561	0.10517501017065924
UP000516359	0.05819402888946621	0.029541777575065594	0.029541777575065594	0.029541777575065594	0.029541777575065594	0.05819402888946621	0.029541777575065594	0.05819402888946621	0.05819402888946621	0.029541777575065594	0.05819402888946621	0.05819402888946621	0.029993339143171788	0.03984059833486032	0.029993339143171788	0.05908355515013119	0.05908355515013119	0.1172775840395974	0.03984059833486032	0.0984725919168853
UP000002477	0.03660477008714072	0.032265288066124574	0.032265288066124574	0.032265288066124574	0.032265288066124574	0.03660477008714072	0.032265288066124574	0.03660477008714072	0.03660477008714072	0.032265288066124574	0.03660477008714072	0.03660477008714072	0.05688050008300542	0.06763559610504694	0.05688050008300542	0.06453057613224915	0.06453057613224915	0.10113534621938987	0.06763559610504694	0.10755096022041524
UP000009104	0.044367565986339	0.03173766288945109	0.03173766288945109	0.03173766288945109	0.03173766288945109	0.044367565986339	0.03173766288945109	0.044367565986339	0.044367565986339	0.03173766288945109	0.044367565986339	0.044367565986339	0.0454061079661024	0.05598532892925276	0.0454061079661024	0.06347532577890218	0.06347532577890218	0.10784289176524117	0.05598532892925276	0.1057922096315036
UP000007218	0.04479355651915425	0.031691751894283	0.031691751894283	0.031691751894283	0.031691751894283	0.04479355651915425	0.031691751894283	0.04479355651915425	0.04479355651915425	0.031691751894283	0.04479355651915425	0.04479355651915425	0.04484426851434808	0.0554081858124424	0.04484426851434808	0.063383503788566	0.063383503788566	0.10817706030772024	0.0554081858124424	0.10563917298094332
UP000000518	0.021620510427904343	0.03092465692727146	0.03092465692727146	0.03092465692727146	0.03092465692727146	0.021620510427904343	0.03092465692727146	0.021620510427904343	0.021620510427904343	0.03092465692727146	0.021620510427904343	0.021620510427904343	0.08846547904208155	0.09877369801783871	0.08846547904208155	0.06184931385454292	0.06184931385454292	0.08346982428244726	0.09877369801783871	0.10308218975757152
UP000008774	0.020665516227459272	0.030682049182702405	0.030682049182702405	0.030682049182702405	0.030682049182702405	0.020665516227459272	0.030682049182702405	0.020665516227459272	0.020665516227459272	0.030682049182702405	0.020665516227459272	0.020665516227459272	0.09110714987113665	0.10133449959870411	0.09110714987113665	0.06136409836540481	0.06136409836540481	0.08202961459286408	0.10133449959870411	0.10227349727567467
UP000001833	0.04586084099631125	0.03156981970505448	0.03156981970505448	0.03156981970505448	0.03156981970505448	0.04586084099631125	0.03156981970505448	0.04586084099631125	0.04586084099631125	0.03156981970505448	0.04586084099631125	0.04586084099631125	0.043464249436237376	0.053987522671255526	0.043464249436237376	0.06313963941010896	0.06313963941010896	0.10900048040642023	0.053987522671255526	0.1052327323501816
UP000002138	0.02499760096296434	0.03159577433051407	0.03159577433051407	0.03159577433051407	0.03159577433051407	0.02499760096296434	0.03159577433051407	0.02499760096296434	0.02499760096296434	0.03159577433051407	0.02499760096296434	0.02499760096296434	0.07987110099275617	0.09040302576959416	0.07987110099275617	0.06319154866102814	0.06319154866102814	0.08818914962399248	0.09040302576959416	0.10531924776838021
UP000008478	0.047090793646024545	0.03141743561390481	0.03141743561390481	0.03141743561390481	0.03141743561390481	0.047090793646024545	0.03141743561390481	0.047090793646024545	0.047090793646024545	0.03141743561390481	0.047090793646024545	0.047090793646024545	0.04192136866383785	0.052393847201806114	0.04192136866383785	0.06283487122780962	0.06283487122780962	0.10992566487383416	0.052393847201806114	0.10472478537968267
UP000158064	0.04623949342828742	0.03152423862335094	0.03152423862335094	0.03152423862335094	0.03152423862335094	0.04623949342828742	0.03152423862335094	0.04623949342828742	0.04623949342828742	0.03152423862335094	0.04623949342828742	0.04623949342828742	0.042983932007093266	0.05349201154821025	0.042983932007093266	0.06304847724670189	0.06304847724670189	0.10928797067498928	0.05349201154821025	0.10508079541116978
UP000001065	0.05977193629924711	0.02921164411605224	0.02921164411605224	0.02921164411605224	0.02921164411605224	0.05977193629924711	0.02921164411605224	0.05977193629924711	0.05977193629924711	0.02921164411605224	0.05977193629924711	0.05977193629924711	0.02855253501210861	0.03828974971745935	0.02855253501210861	0.05842328823210448	0.05842328823210448	0.11819522453135159	0.03828974971745935	0.09737214705350745
UP000002473	0.039138228365140464	0.03216221806114633	0.03216221806114633	0.03216221806114633	0.03216221806114633	0.039138228365140464	0.03216221806114633	0.039138228365140464	0.039138228365140464	0.03216221806114633	0.039138228365140464	0.039138228365140464	0.05285922811641884	0.06357996747013427	0.05285922811641884	0.06432443612229266	0.06432443612229266	0.10346266448743312	0.06357996747013427	0.10720739353715442
UP000001594	0.026679107465499265	0.03183465399351024	0.03183465399351024	0.03183465399351024	0.03183465399351024	0.026679107465499265	0.03183465399351024	0.026679107465499265	0.026679107465499265	0.03183465399351024	0.026679107465499265	0.026679107465499265	0.07597294596133534	0.08658449729250543	0.07597294596133534	0.06366930798702047	0.06366930798702047	0.09034841545251973	0.08658449729250543	0.10611551331170077
UP000000868	0.047101234363565225	0.031416089076979355	0.031416089076979355	0.031416089076979355	0.031416089076979355	0.047101234363565225	0.031416089076979355	0.047101234363565225	0.047101234363565225	0.031416089076979355	0.047101234363565225	0.047101234363565225	0.04190848355584348	0.05238051324816993	0.04190848355584348	0.06283217815395871	0.06283217815395871	0.10993341251752393	0.05238051324816993	0.10472029692326451
UP000009165	0.04468794591448818	0.031703282659661935	0.031703282659661935	0.031703282659661935	0.031703282659661935	0.04468794591448818	0.031703282659661935	0.04468794591448818	0.04468794591448818	0.031703282659661935	0.04468794591448818	0.04468794591448818	0.04498296401099791	0.05555072489755188	0.04498296401099791	0.06340656531932387	0.06340656531932387	0.10809451123381206	0.05555072489755188	0.1056776088655398
UP000002243	0.04916506161824526	0.031133027479636696	0.031133027479636696	0.031133027479636696	0.031133027479636696	0.04916506161824526	0.031133027479636696	0.04916506161824526	0.04916506161824526	0.031133027479636696	0.04916506161824526	0.04916506161824526	0.039429032249524015	0.04980670807606958	0.039429032249524015	0.06226605495927339	0.06226605495927339	0.11143111657751865	0.04980670807606958	0.10377675826545564
UP000242267	0.053551103978313246	0.030427185415143505	0.030427185415143505	0.030427185415143505	0.030427185415143505	0.053551103978313246	0.030427185415143505	0.053551103978313246	0.053551103978313246	0.030427185415143505	0.053551103978313246	0.053551103978313246	0.03457682637737781	0.044719221515758974	0.03457682637737781	0.06085437083028701	0.06085437083028701	0.11440547480860025	0.044719221515758974	0.10142395138381168
UP000158680	0.01812870906823519	0.02990429932276077	0.02990429932276077	0.02990429932276077	0.02990429932276077	0.01812870906823519	0.02990429932276077	0.01812870906823519	0.01812870906823519	0.02990429932276077	0.01812870906823519	0.01812870906823519	0.09865756183954535	0.10862566161379895	0.09865756183954535	0.05980859864552154	0.05980859864552154	0.07793730771375673	0.10862566161379895	0.09968099774253587
UP000153037	0.022379916982618597	0.031099959684646978	0.031099959684646978	0.031099959684646978	0.031099959684646978	0.022379916982618597	0.031099959684646978	0.022379916982618597	0.022379916982618597	0.031099959684646978	0.022379916982618597	0.022379916982618597	0.08643530654182952	0.09680195977004517	0.08643530654182952	0.062199919369293956	0.062199919369293956	0.08457983635191255	0.09680195977004517	0.1036665322821566
UP000000373	0.043786089041827056	0.03179773084990462	0.03179773084990462	0.03179773084990462	0.03179773084990462	0.043786089041827056	0.03179773084990462	0.043786089041827056	0.043786089041827056	0.03179773084990462	0.043786089041827056	0.043786089041827056	0.046183420777184174	0.056782664393819036	0.046183420777184174	0.06359546169980924	0.06359546169980924	0.1073815507416363	0.056782664393819036	0.10599243616634872
UP000000522	0.04177395567638341	0.03198156873470381	0.03198156873470381	0.03198156873470381	0.03198156873470381	0.04177395567638341	0.03198156873470381	0.04177395567638341	0.04177395567638341	0.03198156873470381	0.04177395567638341	0.04177395567638341	0.04896930262751382	0.05962982553908175	0.04896930262751382	0.06396313746940761	0.06396313746940761	0.10573709314579102	0.05962982553908175	0.10660522911567935
UP000007081	0.04380952932709427	0.03179536815560506	0.03179536815560506	0.03179536815560506	0.03179536815560506	0.04380952932709427	0.03179536815560506	0.04380952932709427	0.04380952932709427	0.03179536815560506	0.04380952932709427	0.04380952932709427	0.0461518510551648	0.056750307107033146	0.0461518510551648	0.06359073631121012	0.06359073631121012	0.10740026563830438	0.056750307107033146	0.10598456051868353
UP000002246	0.05819894186448979	0.02954077170541826	0.02954077170541826	0.02954077170541826	0.02954077170541826	0.05819894186448979	0.02954077170541826	0.05819894186448979	0.05819894186448979	0.02954077170541826	0.05819894186448979	0.05819894186448979	0.029988764915469833	0.039835688817275915	0.029988764915469833	0.05908154341083652	0.05908154341083652	0.11728048527532631	0.039835688817275915	0.09846923901806086
UP000006723	0.03177529107927485	0.032241269475834146	0.032241269475834146	0.032241269475834146	0.032241269475834146	0.03177529107927485	0.032241269475834146	0.03177529107927485	0.03177529107927485	0.032241269475834146	0.03177529107927485	0.03177529107927485	0.06542816270793243	0.07617525253321046	0.06542816270793243	0.06448253895166829	0.06448253895166829	0.09625783003094314	0.07617525253321046	0.10747089825278047
UP000000469	0.04686386473477418	0.03144648463924965	0.03144648463924965	0.03144648463924965	0.03144648463924965	0.04686386473477418	0.03144648463924965	0.04686386473477418	0.04686386473477418	0.03144648463924965	0.04686386473477418	0.04686386473477418	0.0422022981571466	0.05268445970356314	0.0422022981571466	0.0628929692784993	0.0628929692784993	0.10975683401327345	0.05268445970356314	0.10482161546416546
UP000000869	0.018636487319120168	0.030076711583636024	0.030076711583636024	0.030076711583636024	0.030076711583636024	0.018636487319120168	0.030076711583636024	0.018636487319120168	0.018636487319120168	0.030076711583636024	0.018636487319120168	0.018636487319120168	0.09707930085699563	0.10710487138487429	0.09707930085699563	0.06015342316727205	0.06015342316727205	0.07878991048639221	0.10710487138487429	0.10025570527878674
