	M	W	C	D	E	F	H	K	N	Q	Y	I	A	G	P	T	V	L	R	S
Start	2045.5	0.0	0.0	0.0	0.0	0.0	0.0	0.0	0.0	0.0	0.0	0.0	0.0	0.0	0.0	0.0	0.0	0.0	0.0	0.0
M	696.0	280.0	213.5	1639.5	2059.5	1028.0	475.5	1744.0	1126.5	664.5	848.5	1961.0	2329.5	2309.5	1132.0	1437.5	2002.0	2482.0	1526.5	1946.5
W	280.0	243.0	128.5	730.5	844.5	515.0	223.0	647.5	558.5	303.5	533.0	873.0	887.5	1013.0	526.5	596.0	942.5	1220.5	815.5	783.5
C	213.5	128.5	178.0	744.0	865.0	448.5	293.0	552.5	445.0	271.5	445.5	703.0	917.0	1349.0	731.5	642.0	962.5	996.5	759.0	706.5
D	1639.5	730.5	744.0	3441.0	5099.5	2853.0	1010.5	3173.5	2432.0	1219.0	2695.5	5726.0	4717.5	4740.5	3083.0	2836.0	5524.0	6268.0	3402.5	3553.5
E	2059.5	844.5	865.0	5099.5	8022.0	3469.0	1305.5	5195.5	3697.5	1802.5	3154.0	7543.0	6172.0	6205.5	3753.0	3673.0	7300.0	8634.5	6138.5	4774.5
F	1028.0	515.0	448.5	2853.0	3469.0	1887.0	815.5	2003.5	1726.0	1037.5	1705.5	3147.5	3505.5	3804.5	1905.0	2523.0	3811.0	4167.0	2529.0	3225.5
H	475.5	223.0	293.0	1010.5	1305.5	815.5	443.0	981.0	730.0	414.5	810.0	1433.5	1377.0	1581.0	1085.5	978.5	1542.5	1842.5	1086.5	1130.5
K	1744.0	647.5	552.5	3173.5	5195.5	2003.5	981.0	4396.0	2303.0	1464.0	2259.0	4703.5	4730.0	4718.0	2456.5	3030.5	4712.0	6343.5	3655.0	3470.0
N	1126.5	558.5	445.0	2432.0	3697.5	1726.0	730.0	2303.0	1476.0	1015.5	1653.5	3057.0	2995.5	3483.0	2214.0	2274.5	3663.5	4299.0	2393.5	2397.5
Q	664.5	303.5	271.5	1219.0	1802.5	1037.5	414.5	1464.0	1015.5	768.0	1096.5	1963.5	1948.5	1786.0	1165.0	1321.5	1929.0	2493.0	1450.5	1707.0
Y	848.5	533.0	445.5	2695.5	3154.0	1705.5	810.0	2259.0	1653.5	1096.5	1870.0	2818.0	3257.5	3643.0	2056.5	2250.5	3342.0	4257.5	2638.5	2729.0
I	1961.0	873.0	703.0	5726.0	7543.0	3147.5	1433.5	4703.5	3057.0	1963.5	2818.0	6045.0	7040.5	7188.5	3905.5	4856.0	6933.5	7834.5	5192.0	5770.5
A	2329.5	887.5	917.0	4717.5	6172.0	3505.5	1377.0	4730.0	2995.5	1948.5	3257.5	7040.5	8010.0	6589.0	3101.5	4223.0	7583.5	9868.5	4732.0	5348.0
G	2309.5	1013.0	1349.0	4740.5	6205.5	3804.5	1581.0	4718.0	3483.0	1786.0	3643.0	7188.5	6589.0	6357.0	3358.5	4847.5	6893.5	8782.5	5284.0	5720.5
P	1132.0	526.5	731.5	3083.0	3753.0	1905.0	1085.5	2456.5	2214.0	1165.0	2056.5	3905.5	3101.5	3358.5	2600.0	2795.0	4045.0	4986.0	2386.5	3127.5
T	1437.5	596.0	642.0	2836.0	3673.0	2523.0	978.5	3030.5	2274.5	1321.5	2250.5	4856.0	4223.0	4847.5	2795.0	3399.0	4973.5	5714.0	2577.5	4036.5
V	2002.0	942.5	962.5	5524.0	7300.0	3811.0	1542.5	4712.0	3663.5	1929.0	3342.0	6933.5	7583.5	6893.5	4045.0	4973.5	8266.0	9059.5	5535.5	5972.5
L	2482.0	1220.5	996.5	6268.0	8634.5	4167.0	1842.5	6343.5	4299.0	2493.0	4257.5	7834.5	9868.5	8782.5	4986.0	5714.0	9059.5	11458.0	6854.5	7838.5
R	1526.5	815.5	759.0	3402.5	6138.5	2529.0	1086.5	3655.0	2393.5	1450.5	2638.5	5192.0	4732.0	5284.0	2386.5	2577.5	5535.5	6854.5	4887.0	3919.0
S	1946.5	783.5	706.5	3553.5	4774.5	3225.5	1130.5	3470.0	2397.5	1707.0	2729.0	5770.5	5348.0	5720.5	3127.5	4036.5	5972.5	7838.5	3919.0	5307.0
End	25.0	26.5	22.0	93.0	222.5	79.0	34.0	173.0	69.5	77.5	56.5	118.5	121.0	164.5	90.0	65.5	120.0	194.0	182.0	155.0
