	M	W	C	D	E	F	H	K	N	Q	Y	I	A	G	P	T	V	L	R	S
Start	167077.0	0.0	0.0	10.0	9.0	1.0	0.0	2.0	2.0	1.0	2.0	7.0	6.0	9.0	2.0	4.0	2.0	5.0	3.0	4.0
M	52996.0	20094.0	18750.0	122517.0	154035.0	71508.0	36035.0	119915.0	81583.0	52771.0	63343.0	138059.0	182262.0	169233.0	86549.0	114556.0	153468.0	186981.0	116728.0	138866.0
W	20094.0	17512.0	9825.0	67234.0	77131.0	41021.0	19398.0	51368.0	41244.0	28343.0	39847.0	61738.0	77185.0	82543.0	41189.0	53973.0	72228.0	93366.0	64647.0	63010.0
C	18750.0	9825.0	14314.0	55874.0	60061.0	33640.0	21426.0	45315.0	35631.0	20666.0	34070.0	60981.0	68245.0	96201.0	52697.0	48478.0	67970.0	74626.0	56000.0	57858.0
D	122517.0	67234.0	55874.0	423418.0	483960.0	233046.0	112378.0	254069.0	178697.0	117591.0	217234.0	429500.0	543667.0	478435.0	314555.0	317278.0	513809.0	565983.0	358320.0	338913.0
E	154035.0	77131.0	60061.0	483960.0	647776.0	277905.0	129722.0	436094.0	268040.0	173396.0	253569.0	538750.0	604078.0	503415.0	330882.0	379525.0	573527.0	702866.0	491656.0	407752.0
F	71508.0	41021.0	33640.0	233046.0	277905.0	143776.0	61185.0	166019.0	131015.0	84265.0	132912.0	240576.0	298138.0	303363.0	152271.0	199402.0	289260.0	341244.0	195196.0	242457.0
H	36035.0	19398.0	21426.0	112378.0	129722.0	61185.0	42130.0	72502.0	55617.0	41252.0	63257.0	110481.0	133544.0	139944.0	92715.0	91360.0	134514.0	151245.0	97518.0	96536.0
K	119915.0	51368.0	45315.0	254069.0	436094.0	166019.0	72502.0	358604.0	201536.0	119750.0	174110.0	382481.0	354989.0	357934.0	192171.0	231331.0	369682.0	474302.0	279888.0	279092.0
N	81583.0	41244.0	35631.0	178697.0	268040.0	131015.0	55617.0	201536.0	153876.0	86780.0	137326.0	266736.0	243316.0	255593.0	167553.0	178717.0	271972.0	325300.0	177865.0	204647.0
Q	52771.0	28343.0	20666.0	117591.0	173396.0	84265.0	41252.0	119750.0	86780.0	80956.0	85133.0	153592.0	180704.0	154617.0	98269.0	124786.0	163386.0	210004.0	139883.0	143248.0
Y	63343.0	39847.0	34070.0	217234.0	253569.0	132912.0	63257.0	174110.0	137326.0	85133.0	143142.0	221172.0	257683.0	279011.0	151796.0	182599.0	260202.0	311422.0	197329.0	208595.0
I	138059.0	61738.0	60981.0	429500.0	538750.0	240576.0	110481.0	382481.0	266736.0	153592.0	221172.0	476586.0	553718.0	528602.0	284240.0	368924.0	515347.0	592056.0	364390.0	428453.0
A	182262.0	77185.0	68245.0	543667.0	604078.0	298138.0	133544.0	354989.0	243316.0	180704.0	257683.0	553718.0	818062.0	620020.0	305524.0	456532.0	697731.0	832297.0	440324.0	454299.0
G	169233.0	82543.0	96201.0	478435.0	503415.0	303363.0	139944.0	357934.0	255593.0	154617.0	279011.0	528602.0	620020.0	576422.0	288440.0	451828.0	586007.0	680965.0	399007.0	486107.0
P	86549.0	41189.0	52697.0	314555.0	330882.0	152271.0	92715.0	192171.0	167553.0	98269.0	151796.0	284240.0	305524.0	288440.0	193642.0	257242.0	351396.0	381706.0	204303.0	262636.0
T	114556.0	53973.0	48478.0	317278.0	379525.0	199402.0	91360.0	231331.0	178717.0	124786.0	182599.0	368924.0	456532.0	451828.0	257242.0	329164.0	467745.0	490563.0	258757.0	314466.0
V	153468.0	72228.0	67970.0	513809.0	573527.0	289260.0	134514.0	369682.0	271972.0	163386.0	260202.0	515347.0	697731.0	586007.0	351396.0	467745.0	678514.0	702875.0	424963.0	471282.0
L	186981.0	93366.0	74626.0	565983.0	702866.0	341244.0	151245.0	474302.0	325300.0	210004.0	311422.0	592056.0	832297.0	680965.0	381706.0	490563.0	702875.0	867738.0	516531.0	602729.0
R	116728.0	64647.0	56000.0	358320.0	491656.0	195196.0	97518.0	279888.0	177865.0	139883.0	197329.0	364390.0	440324.0	399007.0	204303.0	258757.0	424963.0	516531.0	384574.0	310968.0
S	138866.0	63010.0	57858.0	338913.0	407752.0	242457.0	96536.0	279092.0	204647.0	143248.0	208595.0	428453.0	454299.0	486107.0	262636.0	314466.0	471282.0	602729.0	310968.0	400174.0
End	1895.0	2097.0	1636.0	10517.0	19130.0	5887.0	2512.0	12731.0	5372.0	6598.0	4208.0	9087.0	11471.0	11573.0	6737.0	5353.0	8801.0	14695.0	15142.0	11703.0
