	AAA	AAC	AAG	AAT	ACA	ACC	ACG	ACT	AGA	AGC	AGG	AGT	ATA	ATC	ATG	ATT	CAA	CAC	CAG	CAT	CCA	CCC	CCG	CCT	CGA	CGC	CGG	CGT	CTA	CTC	CTG	CTT	GAA	GAC	GAG	GAT	GCA	GCC	GCG	GCT	GGA	GGC	GGG	GGT	GTA	GTC	GTG	GTT	TAA	TAC	TAG	TAT	TCA	TCC	TCG	TCT	TGA	TGC	TGG	TGT	TTA	TTC	TTG	TTT
Start	7374.0	3487.0	3382.0	4899.0	3119.0	2002.0	1585.0	2807.0	1956.0	1816.0	838.0	2327.0	2741.0	2443.0	32180.0	4425.0	2857.0	1027.0	1419.0	1240.0	1488.0	903.0	1012.0	1263.0	882.0	1061.0	625.0	1177.0	1493.0	1214.0	1530.0	1592.0	4967.0	2582.0	2198.0	3947.0	2673.0	1618.0	1543.0	2407.0	1475.0	903.0	780.0	1406.0	2185.0	1163.0	2421.0	2074.0	0.0	1892.0	1.0	2728.0	2209.0	1344.0	1334.0	2552.0	8.0	617.0	1219.0	936.0	3252.0	2021.0	2231.0	3754.0
AAA	42870.0	14504.0	15546.0	30593.0	14554.0	7037.0	5529.0	13381.0	11178.0	5246.0	3750.0	9528.0	19890.0	11193.0	16466.0	25975.0	15298.0	5036.0	7584.0	8941.0	8839.0	4000.0	4167.0	8395.0	3654.0	4210.0	1916.0	6411.0	8015.0	5693.0	7760.0	10462.0	31390.0	12466.0	11866.0	27385.0	11836.0	6639.0	5637.0	12239.0	10703.0	5507.0	4078.0	12194.0	12817.0	6283.0	8306.0	15375.0	994.0	10547.0	266.0	21938.0	11212.0	5030.0	4317.0	12752.0	480.0	3970.0	7770.0	8262.0	21537.0	10168.0	11228.0	22205.0
AAC	14504.0	11832.0	9788.0	11129.0	6900.0	7076.0	5432.0	6653.0	4957.0	4859.0	2505.0	4393.0	7780.0	9301.0	10152.0	10944.0	7469.0	4574.0	7031.0	4036.0	4290.0	3874.0	4260.0	4154.0	2462.0	4945.0	2340.0	4309.0	4245.0	5240.0	8599.0	5232.0	13531.0	10829.0	9538.0	11607.0	6519.0	7187.0	6007.0	6968.0	5390.0	5922.0	3583.0	7157.0	6488.0	5964.0	8354.0	7941.0	335.0	8712.0	117.0	8822.0	4901.0	4305.0	3862.0	5968.0	206.0	3293.0	5128.0	3854.0	7402.0	8504.0	6318.0	10323.0
AAG	15546.0	9788.0	13526.0	10511.0	6560.0	6582.0	4642.0	6624.0	5263.0	4410.0	3252.0	4478.0	7117.0	8866.0	10162.0	10356.0	7215.0	4380.0	7340.0	4176.0	4476.0	4007.0	4106.0	4956.0	2415.0	4768.0	2365.0	4348.0	4372.0	5710.0	8829.0	6007.0	14331.0	10898.0	11218.0	12362.0	7057.0	7533.0	5803.0	7722.0	5512.0	5894.0	3885.0	7212.0	6243.0	5999.0	7666.0	7960.0	377.0	7998.0	138.0	8510.0	4908.0	4347.0	3583.0	6200.0	395.0	3243.0	5338.0	4024.0	7162.0	8343.0	6363.0	9467.0
AAT	30593.0	11129.0	10511.0	29932.0	12566.0	5429.0	4418.0	11904.0	9242.0	3984.0	2844.0	8544.0	18575.0	8251.0	13110.0	23560.0	12624.0	3704.0	5932.0	7335.0	7343.0	2735.0	2833.0	6779.0	2703.0	2672.0	1445.0	4752.0	6338.0	3906.0	5198.0	8121.0	23321.0	8961.0	8243.0	23183.0	9269.0	4615.0	3896.0	9527.0	8791.0	4153.0	3108.0	10159.0	10771.0	4731.0	6546.0	13348.0	655.0	7997.0	164.0	20220.0	9466.0	3832.0	3473.0	10922.0	291.0	2826.0	6027.0	7018.0	19049.0	7929.0	9279.0	19535.0
ACA	14554.0	6900.0	6560.0	12566.0	8474.0	4036.0	3154.0	6904.0	4903.0	2942.0	1914.0	4758.0	7716.0	4931.0	7029.0	9902.0	6921.0	2595.0	3957.0	4010.0	4934.0	2364.0	2208.0	4419.0	1718.0	1849.0	1034.0	2678.0	3660.0	2674.0	3529.0	4402.0	12256.0	6269.0	5613.0	11434.0	6317.0	3481.0	2875.0	5887.0	5586.0	3067.0	2591.0	6173.0	6085.0	3188.0	4309.0	7292.0	299.0	4611.0	131.0	8605.0	5577.0	2787.0	2319.0	6108.0	176.0	1841.0	3614.0	3747.0	8579.0	4656.0	4922.0	9072.0
ACC	7037.0	7076.0	6582.0	5429.0	4036.0	6070.0	3778.0	4106.0	2606.0	3534.0	1854.0	2485.0	3340.0	5671.0	5783.0	5057.0	3920.0	3277.0	5007.0	2338.0	2994.0	3837.0	3534.0	2908.0	1583.0	3931.0	2151.0	2585.0	2256.0	4051.0	6657.0	2903.0	7542.0	7845.0	6994.0	6675.0	3909.0	6396.0	4770.0	4413.0	3363.0	4989.0	3100.0	4644.0	3231.0	4395.0	5887.0	4202.0	161.0	4971.0	75.0	3955.0	2749.0	3604.0	2879.0	3459.0	136.0	2330.0	3252.0	2123.0	3188.0	5098.0	3527.0	4802.0
ACG	5529.0	5432.0	4642.0	4418.0	3154.0	3778.0	3886.0	2775.0	1893.0	2675.0	1225.0	1985.0	2975.0	4199.0	4347.0	4120.0	2959.0	2603.0	3578.0	1796.0	2064.0	2499.0	3080.0	2183.0	1424.0	3096.0	1727.0	1945.0	1796.0	2945.0	4891.0	2114.0	5577.0	5821.0	5228.0	5289.0	2932.0	4460.0	4318.0	2879.0	2684.0	3658.0	2316.0	3300.0	2723.0	3265.0	4726.0	3198.0	129.0	3803.0	66.0	3244.0	2120.0	2487.0	2783.0	2676.0	144.0	1862.0	2329.0	1829.0	2856.0	3899.0	2991.0	4174.0
ACT	13381.0	6653.0	6624.0	11904.0	6904.0	4106.0	2775.0	7562.0	4393.0	2617.0	1826.0	4639.0	6590.0	4923.0	6817.0	10169.0	6497.0	2267.0	4154.0	3610.0	4303.0	2137.0	2085.0	4604.0	1592.0	1978.0	961.0	3132.0	3173.0	2626.0	3675.0	4453.0	12060.0	5944.0	5718.0	11574.0	5589.0	3408.0	2736.0	6630.0	5286.0	3162.0	2395.0	7416.0	5749.0	3050.0	4054.0	7361.0	305.0	4373.0	69.0	7993.0	4995.0	2691.0	2051.0	6238.0	139.0	1712.0	3435.0	3414.0	7265.0	4559.0	4779.0	8276.0
AGA	11178.0	4957.0	5263.0	9242.0	4903.0	2606.0	1893.0	4393.0	5406.0	2153.0	2072.0	3465.0	6152.0	3681.0	5512.0	7299.0	4882.0	2054.0	2879.0	3086.0	3313.0	1891.0	1481.0	3203.0	1498.0	1530.0	906.0	1986.0	2766.0	2051.0	2625.0	3152.0	9436.0	4442.0	4421.0	8683.0	4248.0	2574.0	1936.0	4239.0	4439.0	2154.0	1965.0	4168.0	4086.0	2311.0	3221.0	4898.0	292.0	3446.0	111.0	6660.0	3815.0	2088.0	1628.0	4502.0	169.0	1454.0	2668.0	2772.0	6063.0	3372.0	3628.0	6806.0
AGC	5246.0	4859.0	4410.0	3984.0	2942.0	3534.0	2675.0	2617.0	2153.0	2992.0	1436.0	2162.0	2778.0	3893.0	4175.0	3886.0	2902.0	2326.0	3389.0	1722.0	1915.0	2296.0	2399.0	2010.0	1289.0	2980.0	1553.0	1674.0	1732.0	2717.0	4541.0	2272.0	5641.0	5420.0	4940.0	4656.0	2882.0	4298.0	3443.0	3003.0	2579.0	3406.0	2148.0	2844.0	2480.0	2972.0	4018.0	3148.0	152.0	3518.0	50.0	3105.0	2020.0	2289.0	2103.0	2471.0	132.0	1734.0	2407.0	1529.0	2684.0	3607.0	2753.0	3945.0
AGG	3750.0	2505.0	3252.0	2844.0	1914.0	1854.0	1225.0	1826.0	2072.0	1436.0	1782.0	1422.0	2250.0	2115.0	2821.0	2524.0	1967.0	1385.0	2141.0	1266.0	1530.0	1620.0	1242.0	1591.0	839.0	1289.0	883.0	962.0	1329.0	1744.0	2514.0	1587.0	3667.0	3020.0	3341.0	3194.0	1989.0	2362.0	1636.0	2018.0	1980.0	1660.0	1548.0	1886.0	1564.0	1803.0	2413.0	2175.0	122.0	1967.0	53.0	2245.0	1513.0	1430.0	1102.0	1941.0	161.0	1082.0	1482.0	1258.0	2014.0	2084.0	1887.0	2688.0
AGT	9528.0	4393.0	4478.0	8544.0	4758.0	2485.0	1985.0	4639.0	3465.0	2162.0	1422.0	3472.0	5419.0	3426.0	4956.0	7259.0	4450.0	1759.0	2708.0	2788.0	2920.0	1504.0	1494.0	2990.0	1175.0	1365.0	795.0	1920.0	2464.0	1787.0	2772.0	3083.0	8175.0	3981.0	3921.0	7971.0	3886.0	2363.0	2076.0	4211.0	3653.0	2079.0	1685.0	4644.0	3927.0	2285.0	3070.0	5214.0	229.0	3278.0	70.0	6334.0	3500.0	1850.0	1642.0	4124.0	123.0	1269.0	2608.0	2766.0	5886.0	3377.0	3657.0	6594.0
ATA	19890.0	7780.0	7117.0	18575.0	7716.0	3340.0	2975.0	6590.0	6152.0	2778.0	2250.0	5419.0	13182.0	4476.0	7967.0	11757.0	7281.0	2572.0	3542.0	4451.0	4682.0	2125.0	1944.0	4405.0	1793.0	1482.0	902.0	2233.0	4027.0	2274.0	3123.0	4281.0	15099.0	6381.0	5778.0	15518.0	5649.0	2977.0	2553.0	5065.0	6456.0	2718.0	2578.0	6046.0	6259.0	2736.0	3976.0	6525.0	401.0	4856.0	129.0	11516.0	6223.0	2763.0	2386.0	6952.0	167.0	1915.0	3364.0	4707.0	12154.0	4329.0	5251.0	11542.0
ATC	11193.0	9301.0	8866.0	8251.0	4931.0	5671.0	4199.0	4923.0	3681.0	3893.0	2115.0	3426.0	4476.0	7662.0	7660.0	7316.0	5695.0	3926.0	6155.0	3290.0	3700.0	3543.0	3931.0	3447.0	2060.0	4535.0	2292.0	3551.0	2861.0	4606.0	7184.0	3780.0	11590.0	10396.0	9328.0	10808.0	5179.0	6942.0	5177.0	5753.0	4821.0	6231.0	3545.0	6579.0	4287.0	4944.0	6090.0	5159.0	293.0	6193.0	94.0	5853.0	3792.0	3769.0	3493.0	4492.0	180.0	2619.0	3779.0	2771.0	4413.0	6825.0	4493.0	6503.0
ATG	16466.0	10152.0	10162.0	13110.0	7029.0	5783.0	4347.0	6817.0	5512.0	4175.0	2821.0	4956.0	7967.0	7660.0	10700.0	11411.0	7844.0	3880.0	6645.0	4569.0	4939.0	3541.0	3874.0	4820.0	2387.0	4272.0	2090.0	4411.0	4118.0	4608.0	7002.0	5452.0	15473.0	10420.0	9446.0	14211.0	6953.0	6672.0	5285.0	7350.0	6238.0	5443.0	3712.0	7716.0	6341.0	4860.0	6908.0	7859.0	367.0	6708.0	117.0	9066.0	5516.0	4034.0	3549.0	6738.0	232.0	2846.0	4605.0	4193.0	8068.0	7250.0	6483.0	10515.0
ATT	25975.0	10944.0	10356.0	23560.0	9902.0	5057.0	4120.0	10169.0	7299.0	3886.0	2524.0	7259.0	11757.0	7316.0	11411.0	17406.0	10753.0	3474.0	6063.0	6149.0	6618.0	2925.0	3131.0	6401.0	2539.0	3002.0	1500.0	4761.0	4903.0	3526.0	4996.0	6842.0	21950.0	9758.0	8989.0	21511.0	8461.0	4716.0	4102.0	9034.0	8446.0	4761.0	3620.0	10442.0	8251.0	4049.0	5630.0	10768.0	600.0	6510.0	146.0	14401.0	7996.0	3593.0	3262.0	9562.0	273.0	2645.0	4812.0	5536.0	13427.0	6597.0	7676.0	14770.0
CAA	15298.0	7469.0	7215.0	12624.0	6921.0	3920.0	2959.0	6497.0	4882.0	2902.0	1967.0	4450.0	7281.0	5695.0	7844.0	10753.0	8854.0	2776.0	5129.0	3975.0	4740.0	2555.0	2471.0	4278.0	2030.0	2530.0	1182.0	3370.0	3839.0	3180.0	4276.0	4934.0	13965.0	6790.0	6250.0	11733.0	6260.0	4293.0	3208.0	6587.0	5157.0	3362.0	2455.0	6102.0	5741.0	3379.0	4354.0	7099.0	335.0	5015.0	107.0	8581.0	5065.0	2717.0	2222.0	5779.0	188.0	1896.0	3867.0	3411.0	8421.0	4969.0	5466.0	8836.0
CAC	5036.0	4574.0	4380.0	3704.0	2595.0	3277.0	2603.0	2267.0	2054.0	2326.0	1385.0	1759.0	2572.0	3926.0	3880.0	3474.0	2776.0	3004.0	3390.0	1850.0	2035.0	2623.0	2391.0	1913.0	1236.0	3100.0	1612.0	1851.0	1724.0	2917.0	4594.0	2055.0	5291.0	5597.0	5077.0	4528.0	2551.0	4200.0	3363.0	2631.0	2465.0	3332.0	2067.0	2818.0	2254.0	3162.0	4139.0	2831.0	121.0	3872.0	54.0	3084.0	1796.0	2034.0	1837.0	2385.0	110.0	1996.0	2339.0	1824.0	2392.0	3687.0	2496.0	3708.0
CAG	7584.0	7031.0	7340.0	5932.0	3957.0	5007.0	3578.0	4154.0	2879.0	3389.0	2141.0	2708.0	3542.0	6155.0	6645.0	6063.0	5129.0	3390.0	7246.0	2680.0	3168.0	3528.0	3637.0	3339.0	1714.0	4392.0	2328.0	3083.0	2516.0	4260.0	7744.0	3614.0	8500.0	7910.0	8334.0	7269.0	4516.0	6750.0	5105.0	5402.0	3422.0	5059.0	3053.0	4698.0	3608.0	4372.0	5905.0	4705.0	188.0	5204.0	79.0	4643.0	2846.0	2971.0	2590.0	3818.0	170.0	2311.0	3747.0	2135.0	3727.0	5342.0	3949.0	5367.0
CAT	8941.0	4036.0	4176.0	7335.0	4010.0	2338.0	1796.0	3610.0	3086.0	1722.0	1266.0	2788.0	4451.0	3290.0	4569.0	6149.0	3975.0	1850.0	2680.0	3100.0	2714.0	1485.0	1502.0	2764.0	1283.0	1500.0	911.0	2132.0	2201.0	1771.0	2516.0	2777.0	7795.0	3984.0	3746.0	7559.0	3265.0	2297.0	1867.0	3758.0	3401.0	2089.0	1615.0	3761.0	3344.0	2076.0	2999.0	4402.0	196.0	3024.0	56.0	5834.0	2893.0	1626.0	1415.0	3605.0	121.0	1371.0	2398.0	2680.0	4699.0	2839.0	3260.0	5682.0
CCA	8839.0	4290.0	4476.0	7343.0	4934.0	2994.0	2064.0	4303.0	3313.0	1915.0	1530.0	2920.0	4682.0	3700.0	4939.0	6618.0	4740.0	2035.0	3168.0	2714.0	4870.0	2653.0	2167.0	3875.0	1260.0	1548.0	921.0	2045.0	2449.0	2089.0	2799.0	3128.0	8143.0	4408.0	4474.0	7601.0	4122.0	2906.0	2101.0	3995.0	3891.0	2468.0	1874.0	4262.0	4035.0	2329.0	3330.0	4942.0	205.0	3183.0	59.0	5514.0	3750.0	2048.0	1667.0	4016.0	127.0	1353.0	2778.0	2329.0	4830.0	3548.0	3332.0	6277.0
CCC	4000.0	3874.0	4007.0	2735.0	2364.0	3837.0	2499.0	2137.0	1891.0	2296.0	1620.0	1504.0	2125.0	3543.0	3541.0	2925.0	2555.0	2623.0	3528.0	1485.0	2653.0	4378.0	3434.0	2512.0	1217.0	3110.0	1858.0	1418.0	1480.0	3324.0	4748.0	1775.0	4250.0	5138.0	5208.0	3853.0	2441.0	5102.0	3760.0	2497.0	2447.0	3499.0	2492.0	2350.0	1980.0	3270.0	4253.0	2411.0	107.0	3418.0	64.0	2443.0	1701.0	2655.0	2098.0	2311.0	103.0	1682.0	2261.0	1413.0	1791.0	3487.0	2226.0	3374.0
CCG	4167.0	4260.0	4106.0	2833.0	2208.0	3534.0	3080.0	2085.0	1481.0	2399.0	1242.0	1494.0	1944.0	3931.0	3874.0	3131.0	2471.0	2391.0	3637.0	1502.0	2167.0	3434.0	4632.0	2406.0	1303.0	3543.0	2050.0	1902.0	1322.0	2899.0	4924.0	1845.0	4514.0	5771.0	5092.0	4112.0	2482.0	4765.0	4681.0	2764.0	2173.0	3860.0	2196.0	2765.0	1993.0	3268.0	4201.0	2683.0	122.0	3564.0	48.0	2633.0	1643.0	2170.0	2588.0	2070.0	112.0	1592.0	2379.0	1321.0	1914.0	3676.0	2371.0	3254.0
CCT	8395.0	4154.0	4956.0	6779.0	4419.0	2908.0	2183.0	4604.0	3203.0	2010.0	1591.0	2990.0	4405.0	3447.0	4820.0	6401.0	4278.0	1913.0	3339.0	2764.0	3875.0	2512.0	2406.0	4760.0	1276.0	1823.0	1004.0	2238.0	2248.0	2177.0	2958.0	3268.0	8085.0	4543.0	4552.0	7607.0	3945.0	2926.0	2344.0	4592.0	3720.0	2609.0	1970.0	4653.0	3976.0	2534.0	3569.0	5218.0	205.0	3053.0	62.0	5390.0	3241.0	2031.0	1653.0	4348.0	98.0	1370.0	2801.0	2296.0	4540.0	3369.0	3327.0	5792.0
CGA	3654.0	2462.0	2415.0	2703.0	1718.0	1583.0	1424.0	1592.0	1498.0	1289.0	839.0	1175.0	1793.0	2060.0	2387.0	2539.0	2030.0	1236.0	1714.0	1283.0	1260.0	1217.0	1303.0	1276.0	1206.0	1602.0	935.0	1370.0	1107.0	1473.0	1929.0	1460.0	3850.0	2798.0	2715.0	3199.0	1836.0	1913.0	1737.0	1954.0	1770.0	1488.0	1083.0	1814.0	1492.0	1526.0	1905.0	1987.0	119.0	1827.0	49.0	2192.0	1288.0	1167.0	1226.0	1522.0	104.0	892.0	1348.0	1038.0	1853.0	1878.0	1736.0	2474.0
CGC	4210.0	4945.0	4768.0	2672.0	1849.0	3931.0	3096.0	1978.0	1530.0	2980.0	1289.0	1365.0	1482.0	4535.0	4272.0	3002.0	2530.0	3100.0	4392.0	1500.0	1548.0	3110.0	3543.0	1823.0	1602.0	5916.0	2495.0	2390.0	1483.0	3930.0	6769.0	2028.0	5088.0	6948.0	6658.0	4040.0	2662.0	6303.0	5453.0	2974.0	1916.0	4749.0	2315.0	2727.0	1846.0	3886.0	5137.0	2599.0	141.0	4274.0	68.0	2364.0	1428.0	2497.0	2627.0	1927.0	129.0	2156.0	2597.0	1318.0	1634.0	4277.0	2451.0	3136.0
CGG	1916.0	2340.0	2365.0	1445.0	1034.0	2151.0	1727.0	961.0	906.0	1553.0	883.0	795.0	902.0	2292.0	2090.0	1500.0	1182.0	1612.0	2328.0	911.0	921.0	1858.0	2050.0	1004.0	935.0	2495.0	1772.0	1109.0	765.0	2000.0	3443.0	1073.0	2343.0	3554.0	3515.0	2042.0	1220.0	3346.0	2811.0	1422.0	1204.0	2475.0	1565.0	1355.0	951.0	2045.0	2613.0	1296.0	66.0	1982.0	54.0	1186.0	805.0	1468.0	1483.0	1027.0	101.0	1192.0	1344.0	747.0	894.0	2125.0	1274.0	1711.0
CGT	6411.0	4309.0	4348.0	4752.0	2678.0	2585.0	1945.0	3132.0	1986.0	1674.0	962.0	1920.0	2233.0	3551.0	4411.0	4761.0	3370.0	1851.0	3083.0	2132.0	2045.0	1418.0	1902.0	2238.0	1370.0	2390.0	1109.0	3114.0	1561.0	1956.0	3433.0	2598.0	6874.0	4472.0	4075.0	6023.0	3257.0	2757.0	2487.0	4091.0	2263.0	2465.0	1468.0	4126.0	2622.0	2232.0	2989.0	3796.0	183.0	3018.0	59.0	3876.0	2118.0	1682.0	1598.0	2911.0	91.0	1159.0	2212.0	1731.0	2982.0	3067.0	2687.0	3920.0
CTA	8015.0	4245.0	4372.0	6338.0	3660.0	2256.0	1796.0	3173.0	2766.0	1732.0	1329.0	2464.0	4027.0	2861.0	4118.0	4903.0	3839.0	1724.0	2516.0	2201.0	2449.0	1480.0	1322.0	2248.0	1107.0	1483.0	765.0	1561.0	2350.0	1813.0	2355.0	2425.0	7411.0	4271.0	4149.0	6682.0	3292.0	2534.0	2024.0	3424.0	3040.0	1903.0	1617.0	3421.0	3032.0	1767.0	2643.0	3415.0	229.0	2828.0	65.0	4324.0	2743.0	1658.0	1284.0	3285.0	96.0	1278.0	1898.0	1901.0	3942.0	2779.0	2737.0	4665.0
CTC	5693.0	5240.0	5710.0	3906.0	2674.0	4051.0	2945.0	2626.0	2051.0	2717.0	1744.0	1787.0	2274.0	4606.0	4608.0	3526.0	3180.0	2917.0	4260.0	1771.0	2089.0	3324.0	2899.0	2177.0	1473.0	3930.0	2000.0	1956.0	1813.0	4280.0	5228.0	2346.0	6324.0	7068.0	7179.0	5229.0	2958.0	5849.0	4164.0	3204.0	2933.0	4201.0	2685.0	3322.0	2141.0	3895.0	4777.0	2832.0	138.0	4067.0	49.0	2745.0	2032.0	2879.0	2424.0	2705.0	138.0	1973.0	2542.0	1516.0	2148.0	4439.0	2526.0	3663.0
CTG	7760.0	8599.0	8829.0	5198.0	3529.0	6657.0	4891.0	3675.0	2625.0	4541.0	2514.0	2772.0	3123.0	7184.0	7002.0	4996.0	4276.0	4594.0	7744.0	2516.0	2799.0	4748.0	4924.0	2958.0	1929.0	6769.0	3443.0	3433.0	2355.0	5228.0	10494.0	3078.0	9057.0	11342.0	11277.0	7667.0	4617.0	9429.0	7626.0	5374.0	3676.0	7259.0	4190.0	5251.0	3229.0	5583.0	8113.0	4324.0	174.0	6524.0	75.0	4023.0	2593.0	4114.0	3678.0	3612.0	219.0	3123.0	3870.0	2270.0	2883.0	6663.0	3964.0	5199.0
CTT	10462.0	5232.0	6007.0	8121.0	4402.0	2903.0	2114.0	4453.0	3152.0	2272.0	1587.0	3083.0	4281.0	3780.0	5452.0	6842.0	4934.0	2055.0	3614.0	2777.0	3128.0	1775.0	1845.0	3268.0	1460.0	2028.0	1073.0	2598.0	2425.0	2346.0	3078.0	4076.0	10127.0	5417.0	5501.0	9162.0	4482.0	3224.0	2554.0	5071.0	4080.0	2840.0	2113.0	5040.0	3771.0	2477.0	3414.0	5071.0	239.0	3465.0	86.0	5462.0	3364.0	1968.0	1688.0	4346.0	157.0	1427.0	2665.0	2487.0	4787.0	3669.0	3655.0	6099.0
GAA	31390.0	13531.0	14331.0	23321.0	12256.0	7542.0	5577.0	12060.0	9436.0	5641.0	3667.0	8175.0	15099.0	11590.0	15473.0	21950.0	13965.0	5291.0	8500.0	7795.0	8143.0	4250.0	4514.0	8085.0	3850.0	5088.0	2343.0	6874.0	7411.0	6324.0	9057.0	10127.0	32182.0	14065.0	14279.0	25460.0	11673.0	7704.0	6253.0	12146.0	9873.0	6424.0	4398.0	11535.0	11656.0	6904.0	8969.0	14906.0	833.0	10493.0	202.0	18230.0	9096.0	5056.0	4361.0	11061.0	402.0	3868.0	7642.0	6688.0	17030.0	10827.0	10102.0	18805.0
GAC	12466.0	10829.0	10898.0	8961.0	6269.0	7845.0	5821.0	5944.0	4442.0	5420.0	3020.0	3981.0	6381.0	10396.0	10420.0	9758.0	6790.0	5597.0	7910.0	3984.0	4408.0	5138.0	5771.0	4543.0	2798.0	6948.0	3554.0	4472.0	4271.0	7068.0	11342.0	5417.0	14065.0	15190.0	13500.0	12235.0	6599.0	10092.0	8090.0	7141.0	5759.0	8188.0	4795.0	7121.0	5994.0	8017.0	10184.0	7815.0	342.0	9611.0	106.0	8244.0	4397.0	5012.0	4600.0	5780.0	218.0	3953.0	5991.0	3572.0	6509.0	9465.0	6560.0	9280.0
GAG	11866.0	9538.0	11218.0	8243.0	5613.0	6994.0	5228.0	5718.0	4421.0	4940.0	3341.0	3921.0	5778.0	9328.0	9446.0	8989.0	6250.0	5077.0	8334.0	3746.0	4474.0	5208.0	5092.0	4552.0	2715.0	6658.0	3515.0	4075.0	4149.0	7179.0	11277.0	5501.0	14279.0	13500.0	14954.0	11874.0	6409.0	9849.0	7803.0	7203.0	5227.0	7265.0	4839.0	6581.0	5599.0	6899.0	9240.0	6938.0	336.0	8472.0	122.0	7363.0	4016.0	4505.0	4127.0	5409.0	405.0	3692.0	5640.0	3430.0	5920.0	8856.0	6169.0	8643.0
GAT	27385.0	11607.0	12362.0	23183.0	11434.0	6675.0	5289.0	11574.0	8683.0	4656.0	3194.0	7971.0	15518.0	10808.0	14211.0	21511.0	11733.0	4528.0	7269.0	7559.0	7601.0	3853.0	4112.0	7607.0	3199.0	4040.0	2042.0	6023.0	6682.0	5229.0	7667.0	9162.0	25460.0	12235.0	11874.0	25312.0	9827.0	6497.0	5395.0	10995.0	9365.0	5464.0	4308.0	11885.0	11441.0	6240.0	8442.0	14425.0	536.0	9494.0	162.0	18665.0	8581.0	4423.0	3986.0	10830.0	266.0	3390.0	7188.0	6944.0	15971.0	9424.0	9600.0	17915.0
GCA	11836.0	6519.0	7057.0	9269.0	6317.0	3909.0	2932.0	5589.0	4248.0	2882.0	1989.0	3886.0	5649.0	5179.0	6953.0	8461.0	6260.0	2551.0	4516.0	3265.0	4122.0	2441.0	2482.0	3945.0	1836.0	2662.0	1220.0	3257.0	3292.0	2958.0	4617.0	4482.0	11673.0	6599.0	6409.0	9827.0	7220.0	4583.0	3786.0	6839.0	5422.0	3623.0	2756.0	6306.0	5199.0	3278.0	4587.0	6399.0	263.0	4248.0	61.0	6514.0	4617.0	2688.0	2122.0	5280.0	166.0	1795.0	3415.0	2901.0	6204.0	4689.0	4482.0	7257.0
GCC	6639.0	7187.0	7533.0	4615.0	3481.0	6396.0	4460.0	3408.0	2574.0	4298.0	2362.0	2363.0	2977.0	6942.0	6672.0	4716.0	4293.0	4200.0	6750.0	2297.0	2906.0	5102.0	4765.0	2926.0	1913.0	6303.0	3346.0	2757.0	2534.0	5849.0	9429.0	3224.0	7704.0	10092.0	9849.0	6497.0	4583.0	11078.0	7597.0	5332.0	3755.0	7103.0	4163.0	4581.0	3112.0	6000.0	7634.0	4005.0	161.0	6083.0	78.0	3693.0	2688.0	4341.0	3563.0	3480.0	138.0	3051.0	3791.0	2145.0	2925.0	5983.0	3954.0	4868.0
GCG	5637.0	6007.0	5803.0	3896.0	2875.0	4770.0	4318.0	2736.0	1936.0	3443.0	1636.0	2076.0	2553.0	5177.0	5285.0	4102.0	3208.0	3363.0	5105.0	1867.0	2101.0	3760.0	4681.0	2344.0	1737.0	5453.0	2811.0	2487.0	2024.0	4164.0	7626.0	2554.0	6253.0	8090.0	7803.0	5395.0	3786.0	7597.0	7992.0	4111.0	2885.0	5656.0	3307.0	3909.0	2747.0	4472.0	6278.0	3496.0	140.0	4685.0	59.0	3111.0	1976.0	2993.0	3446.0	2791.0	157.0	2389.0	2844.0	1709.0	2804.0	4742.0	3447.0	4101.0
GCT	12239.0	6968.0	7722.0	9527.0	5887.0	4413.0	2879.0	6630.0	4239.0	3003.0	2018.0	4211.0	5065.0	5753.0	7350.0	9034.0	6587.0	2631.0	5402.0	3758.0	3995.0	2497.0	2764.0	4592.0	1954.0	2974.0	1422.0	4091.0	3424.0	3204.0	5374.0	5071.0	12146.0	7141.0	7203.0	10995.0	6839.0	5332.0	4111.0	8840.0	5060.0	4227.0	2836.0	7841.0	5433.0	3665.0	4955.0	7627.0	232.0	4835.0	64.0	7268.0	4309.0	2926.0	2235.0	5948.0	152.0	1938.0	3750.0	3158.0	6280.0	5135.0	4817.0	7483.0
GGA	10703.0	5390.0	5512.0	8791.0	5586.0	3363.0	2684.0	5286.0	4439.0	2579.0	1980.0	3653.0	6456.0	4821.0	6238.0	8446.0	5157.0	2465.0	3422.0	3401.0	3891.0	2447.0	2173.0	3720.0	1770.0	1916.0	1204.0	2263.0	3040.0	2933.0	3676.0	4080.0	9873.0	5759.0	5227.0	9365.0	5422.0	3755.0	2885.0	5060.0	6970.0	3482.0	2939.0	5834.0	5080.0	3550.0	4208.0	6263.0	252.0	4490.0	75.0	7148.0	4002.0	2519.0	2004.0	4928.0	219.0	1907.0	3570.0	3088.0	6216.0	4711.0	4146.0	7801.0
GGC	5507.0	5922.0	5894.0	4153.0	3067.0	4989.0	3658.0	3162.0	2154.0	3406.0	1660.0	2079.0	2718.0	6231.0	5443.0	4761.0	3362.0	3332.0	5059.0	2089.0	2468.0	3499.0	3860.0	2609.0	1488.0	4749.0	2475.0	2465.0	1903.0	4201.0	7259.0	2840.0	6424.0	8188.0	7265.0	5464.0	3623.0	7103.0	5656.0	4227.0	3482.0	6832.0	3376.0	4662.0	2963.0	5048.0	6534.0	4129.0	171.0	5376.0	61.0	3837.0	2196.0	3116.0	2891.0	2860.0	109.0	2471.0	3776.0	1890.0	2808.0	5808.0	3330.0	4764.0
GGG	4078.0	3583.0	3885.0	3108.0	2591.0	3100.0	2316.0	2395.0	1965.0	2148.0	1548.0	1685.0	2578.0	3545.0	3712.0	3620.0	2455.0	2067.0	3053.0	1615.0	1874.0	2492.0	2196.0	1970.0	1083.0	2315.0	1565.0	1468.0	1617.0	2685.0	4190.0	2113.0	4398.0	4795.0	4839.0	4308.0	2756.0	4163.0	3307.0	2836.0	2939.0	3376.0	2856.0	3091.0	2454.0	3014.0	4010.0	2940.0	116.0	3350.0	55.0	2932.0	1796.0	2044.0	1708.0	2340.0	141.0	1619.0	2406.0	1494.0	2294.0	3516.0	2304.0	3831.0
GGT	12194.0	7157.0	7212.0	10159.0	6173.0	4644.0	3300.0	7416.0	4168.0	2844.0	1886.0	4644.0	6046.0	6579.0	7716.0	10442.0	6102.0	2818.0	4698.0	3761.0	4262.0	2350.0	2765.0	4653.0	1814.0	2727.0	1355.0	4126.0	3421.0	3322.0	5251.0	5040.0	11535.0	7121.0	6581.0	11885.0	6306.0	4581.0	3909.0	7841.0	5834.0	4662.0	3091.0	9954.0	6388.0	4069.0	5285.0	8727.0	276.0	5458.0	85.0	8678.0	4593.0	2775.0	2365.0	5823.0	139.0	1980.0	4517.0	3528.0	6789.0	6110.0	4973.0	8812.0
GTA	12817.0	6488.0	6243.0	10771.0	6085.0	3231.0	2723.0	5749.0	4086.0	2480.0	1564.0	3927.0	6259.0	4287.0	6341.0	8251.0	5741.0	2254.0	3608.0	3344.0	4035.0	1980.0	1993.0	3976.0	1492.0	1846.0	951.0	2622.0	3032.0	2141.0	3229.0	3771.0	11656.0	5994.0	5599.0	11441.0	5199.0	3112.0	2747.0	5433.0	5080.0	2963.0	2454.0	6388.0	5448.0	2681.0	3702.0	6159.0	325.0	4123.0	90.0	7515.0	4318.0	2254.0	1983.0	5225.0	145.0	1605.0	2881.0	3121.0	6816.0	4009.0	4079.0	7616.0
GTC	6283.0	5964.0	5999.0	4731.0	3188.0	4395.0	3265.0	3050.0	2311.0	2972.0	1803.0	2285.0	2736.0	4944.0	4860.0	4049.0	3379.0	3162.0	4372.0	2076.0	2329.0	3270.0	3268.0	2534.0	1526.0	3886.0	2045.0	2232.0	1767.0	3895.0	5583.0	2477.0	6904.0	8017.0	6899.0	6240.0	3278.0	6000.0	4472.0	3665.0	3550.0	5048.0	3014.0	4069.0	2681.0	4482.0	4876.0	3469.0	166.0	4400.0	71.0	3349.0	2362.0	2883.0	2744.0	2916.0	134.0	2028.0	2718.0	1945.0	2627.0	4628.0	3008.0	4104.0
GTG	8306.0	8354.0	7666.0	6546.0	4309.0	5887.0	4726.0	4054.0	3221.0	4018.0	2413.0	3070.0	3976.0	6090.0	6908.0	5630.0	4354.0	4139.0	5905.0	2999.0	3330.0	4253.0	4201.0	3569.0	1905.0	5137.0	2613.0	2989.0	2643.0	4777.0	8113.0	3414.0	8969.0	10184.0	9240.0	8442.0	4587.0	7634.0	6278.0	4955.0	4208.0	6534.0	4010.0	5285.0	3702.0	4876.0	8000.0	4789.0	233.0	5913.0	80.0	4781.0	3053.0	3397.0	3506.0	3987.0	222.0	3032.0	3665.0	2778.0	3752.0	5922.0	4894.0	6273.0
GTT	15375.0	7941.0	7960.0	13348.0	7292.0	4202.0	3198.0	7361.0	4898.0	3148.0	2175.0	5214.0	6525.0	5159.0	7859.0	10768.0	7099.0	2831.0	4705.0	4402.0	4942.0	2411.0	2683.0	5218.0	1987.0	2599.0	1296.0	3796.0	3415.0	2832.0	4324.0	5071.0	14906.0	7815.0	6938.0	14425.0	6399.0	4005.0	3496.0	7627.0	6263.0	4129.0	2940.0	8727.0	6159.0	3469.0	4789.0	8734.0	369.0	4875.0	83.0	8716.0	5413.0	2997.0	2414.0	6777.0	191.0	1944.0	3649.0	3895.0	7679.0	5117.0	5408.0	9198.0
TAA	994.0	335.0	377.0	655.0	299.0	161.0	129.0	305.0	292.0	152.0	122.0	229.0	401.0	293.0	367.0	600.0	335.0	121.0	188.0	196.0	205.0	107.0	122.0	205.0	119.0	141.0	66.0	183.0	229.0	138.0	174.0	239.0	833.0	342.0	336.0	536.0	263.0	161.0	140.0	232.0	252.0	171.0	116.0	276.0	325.0	166.0	233.0	369.0	12.0	254.0	8.0	459.0	291.0	125.0	110.0	305.0	13.0	84.0	252.0	185.0	540.0	283.0	245.0	489.0
TAC	10547.0	8712.0	7998.0	7997.0	4611.0	4971.0	3803.0	4373.0	3446.0	3518.0	1967.0	3278.0	4856.0	6193.0	6708.0	6510.0	5015.0	3872.0	5204.0	3024.0	3183.0	3418.0	3564.0	3053.0	1827.0	4274.0	1982.0	3018.0	2828.0	4067.0	6524.0	3465.0	10493.0	9611.0	8472.0	9494.0	4248.0	6083.0	4685.0	4835.0	4490.0	5376.0	3350.0	5458.0	4123.0	4400.0	5913.0	4875.0	254.0	6632.0	94.0	5966.0	3440.0	3120.0	2999.0	4102.0	162.0	2596.0	3543.0	2827.0	4565.0	5845.0	4328.0	6693.0
TAG	266.0	117.0	138.0	164.0	131.0	75.0	66.0	69.0	111.0	50.0	53.0	70.0	129.0	94.0	117.0	146.0	107.0	54.0	79.0	56.0	59.0	64.0	48.0	62.0	49.0	68.0	54.0	59.0	65.0	49.0	75.0	86.0	202.0	106.0	122.0	162.0	61.0	78.0	59.0	64.0	75.0	61.0	55.0	85.0	90.0	71.0	80.0	83.0	8.0	94.0	12.0	128.0	97.0	62.0	59.0	84.0	9.0	54.0	106.0	60.0	103.0	90.0	83.0	126.0
TAT	21938.0	8822.0	8510.0	20220.0	8605.0	3955.0	3244.0	7993.0	6660.0	3105.0	2245.0	6334.0	11516.0	5853.0	9066.0	14401.0	8581.0	3084.0	4643.0	5834.0	5514.0	2443.0	2633.0	5390.0	2192.0	2364.0	1186.0	3876.0	4324.0	2745.0	4023.0	5462.0	18230.0	8244.0	7363.0	18665.0	6514.0	3693.0	3111.0	7268.0	7148.0	3837.0	2932.0	8678.0	7515.0	3349.0	4781.0	8716.0	459.0	5966.0	128.0	14440.0	6544.0	2830.0	2654.0	7691.0	208.0	2297.0	4473.0	5099.0	11816.0	5635.0	6142.0	13099.0
TCA	11212.0	4901.0	4908.0	9466.0	5577.0	2749.0	2120.0	4995.0	3815.0	2020.0	1513.0	3500.0	6223.0	3792.0	5516.0	7996.0	5065.0	1796.0	2846.0	2893.0	3750.0	1701.0	1643.0	3241.0	1288.0	1428.0	805.0	2118.0	2743.0	2032.0	2593.0	3364.0	9096.0	4397.0	4016.0	8581.0	4617.0	2688.0	1976.0	4309.0	4002.0	2196.0	1796.0	4593.0	4318.0	2362.0	3053.0	5413.0	291.0	3440.0	97.0	6544.0	5022.0	2299.0	1957.0	5186.0	145.0	1349.0	2642.0	2853.0	6555.0	3573.0	3713.0	6832.0
TCC	5030.0	4305.0	4347.0	3832.0	2787.0	3604.0	2487.0	2691.0	2088.0	2289.0	1430.0	1850.0	2763.0	3769.0	4034.0	3593.0	2717.0	2034.0	2971.0	1626.0	2048.0	2655.0	2170.0	2031.0	1167.0	2497.0	1468.0	1682.0	1658.0	2879.0	4114.0	1968.0	5056.0	5012.0	4505.0	4423.0	2688.0	4341.0	2993.0	2926.0	2519.0	3116.0	2044.0	2775.0	2254.0	2883.0	3397.0	2997.0	125.0	3120.0	62.0	2830.0	2299.0	3086.0	2266.0	3029.0	110.0	1641.0	2188.0	1500.0	2447.0	3566.0	2599.0	3632.0
TCG	4317.0	3862.0	3583.0	3473.0	2319.0	2879.0	2783.0	2051.0	1628.0	2103.0	1102.0	1642.0	2386.0	3493.0	3549.0	3262.0	2222.0	1837.0	2590.0	1415.0	1667.0	2098.0	2588.0	1653.0	1226.0	2627.0	1483.0	1598.0	1284.0	2424.0	3678.0	1688.0	4361.0	4600.0	4127.0	3986.0	2122.0	3563.0	3446.0	2235.0	2004.0	2891.0	1708.0	2365.0	1983.0	2744.0	3506.0	2414.0	110.0	2999.0	59.0	2654.0	1957.0	2266.0	2930.0	2417.0	112.0	1444.0	1787.0	1450.0	2102.0	3254.0	2446.0	3263.0
TCT	12752.0	5968.0	6200.0	10922.0	6108.0	3459.0	2676.0	6238.0	4502.0	2471.0	1941.0	4124.0	6952.0	4492.0	6738.0	9562.0	5779.0	2385.0	3818.0	3605.0	4016.0	2311.0	2070.0	4348.0	1522.0	1927.0	1027.0	2911.0	3285.0	2705.0	3612.0	4346.0	11061.0	5780.0	5409.0	10830.0	5280.0	3480.0	2791.0	5948.0	4928.0	2860.0	2340.0	5823.0	5225.0	2916.0	3987.0	6777.0	305.0	4102.0	84.0	7691.0	5186.0	3029.0	2417.0	7036.0	128.0	1665.0	3214.0	3301.0	7136.0	4468.0	4616.0	8417.0
TGA	480.0	206.0	395.0	291.0	176.0	136.0	144.0	139.0	169.0	132.0	161.0	123.0	167.0	180.0	232.0	273.0	188.0	110.0	170.0	121.0	127.0	103.0	112.0	98.0	104.0	129.0	101.0	91.0	96.0	138.0	219.0	157.0	402.0	218.0	405.0	266.0	166.0	138.0	157.0	152.0	219.0	109.0	141.0	139.0	145.0	134.0	222.0	191.0	13.0	162.0	9.0	208.0	145.0	110.0	112.0	128.0	22.0	87.0	180.0	112.0	242.0	186.0	208.0	283.0
TGC	3970.0	3293.0	3243.0	2826.0	1841.0	2330.0	1862.0	1712.0	1454.0	1734.0	1082.0	1269.0	1915.0	2619.0	2846.0	2645.0	1896.0	1996.0	2311.0	1371.0	1353.0	1682.0	1592.0	1370.0	892.0	2156.0	1192.0	1159.0	1278.0	1973.0	3123.0	1427.0	3868.0	3953.0	3692.0	3390.0	1795.0	3051.0	2389.0	1938.0	1907.0	2471.0	1619.0	1980.0	1605.0	2028.0	3032.0	1944.0	84.0	2596.0	54.0	2297.0	1349.0	1641.0	1444.0	1665.0	87.0	2044.0	1639.0	1892.0	1763.0	2612.0	1898.0	2963.0
TGG	7770.0	5128.0	5338.0	6027.0	3614.0	3252.0	2329.0	3435.0	2668.0	2407.0	1482.0	2608.0	3364.0	3779.0	4605.0	4812.0	3867.0	2339.0	3747.0	2398.0	2778.0	2261.0	2379.0	2801.0	1348.0	2597.0	1344.0	2212.0	1898.0	2542.0	3870.0	2665.0	7642.0	5991.0	5640.0	7188.0	3415.0	3791.0	2844.0	3750.0	3570.0	3776.0	2406.0	4517.0	2881.0	2718.0	3665.0	3649.0	252.0	3543.0	106.0	4473.0	2642.0	2188.0	1787.0	3214.0	180.0	1639.0	3456.0	2153.0	3314.0	3774.0	2870.0	4829.0
TGT	8262.0	3854.0	4024.0	7018.0	3747.0	2123.0	1829.0	3414.0	2772.0	1529.0	1258.0	2766.0	4707.0	2771.0	4193.0	5536.0	3411.0	1824.0	2135.0	2680.0	2329.0	1413.0	1321.0	2296.0	1038.0	1318.0	747.0	1731.0	1901.0	1516.0	2270.0	2487.0	6688.0	3572.0	3430.0	6944.0	2901.0	2145.0	1709.0	3158.0	3088.0	1890.0	1494.0	3528.0	3121.0	1945.0	2778.0	3895.0	185.0	2827.0	60.0	5099.0	2853.0	1500.0	1450.0	3301.0	112.0	1892.0	2153.0	3848.0	4647.0	2566.0	3103.0	5490.0
TTA	21537.0	7402.0	7162.0	19049.0	8579.0	3188.0	2856.0	7265.0	6063.0	2684.0	2014.0	5886.0	12154.0	4413.0	8068.0	13427.0	8421.0	2392.0	3727.0	4699.0	4830.0	1791.0	1914.0	4540.0	1853.0	1634.0	894.0	2982.0	3942.0	2148.0	2883.0	4787.0	17030.0	6509.0	5920.0	15971.0	6204.0	2925.0	2804.0	6280.0	6216.0	2808.0	2294.0	6789.0	6816.0	2627.0	3752.0	7679.0	540.0	4565.0	103.0	11816.0	6555.0	2447.0	2102.0	7136.0	242.0	1763.0	3314.0	4647.0	12678.0	4309.0	5551.0	11785.0
TTC	10168.0	8504.0	8343.0	7929.0	4656.0	5098.0	3899.0	4559.0	3372.0	3607.0	2084.0	3377.0	4329.0	6825.0	7250.0	6597.0	4969.0	3687.0	5342.0	2839.0	3548.0	3487.0	3676.0	3369.0	1878.0	4277.0	2125.0	3067.0	2779.0	4439.0	6663.0	3669.0	10827.0	9465.0	8856.0	9424.0	4689.0	5983.0	4742.0	5135.0	4711.0	5808.0	3516.0	6110.0	4009.0	4628.0	5922.0	5117.0	283.0	5845.0	90.0	5635.0	3573.0	3566.0	3254.0	4468.0	186.0	2612.0	3774.0	2566.0	4309.0	7154.0	4423.0	6449.0
TTG	11228.0	6318.0	6363.0	9279.0	4922.0	3527.0	2991.0	4779.0	3628.0	2753.0	1887.0	3657.0	5251.0	4493.0	6483.0	7676.0	5466.0	2496.0	3949.0	3260.0	3332.0	2226.0	2371.0	3327.0	1736.0	2451.0	1274.0	2687.0	2737.0	2526.0	3964.0	3655.0	10102.0	6560.0	6169.0	9600.0	4482.0	3954.0	3447.0	4817.0	4146.0	3330.0	2304.0	4973.0	4079.0	3008.0	4894.0	5408.0	245.0	4328.0	83.0	6142.0	3713.0	2599.0	2446.0	4616.0	208.0	1898.0	2870.0	3103.0	5551.0	4423.0	5256.0	7313.0
TTT	22205.0	10323.0	9467.0	19535.0	9072.0	4802.0	4174.0	8276.0	6806.0	3945.0	2688.0	6594.0	11542.0	6503.0	10515.0	14770.0	8836.0	3708.0	5367.0	5682.0	6277.0	3374.0	3254.0	5792.0	2474.0	3136.0	1711.0	3920.0	4665.0	3663.0	5199.0	6099.0	18805.0	9280.0	8643.0	17915.0	7257.0	4868.0	4101.0	7483.0	7801.0	4764.0	3831.0	8812.0	7616.0	4104.0	6273.0	9198.0	489.0	6693.0	126.0	13099.0	6832.0	3632.0	3263.0	8417.0	283.0	2963.0	4829.0	5490.0	11785.0	6449.0	7313.0	15136.0
End	7516.0	2582.0	3591.0	4631.0	2057.0	1320.0	1087.0	1817.0	2173.0	1315.0	1348.0	1753.0	2795.0	1935.0	2419.0	3427.0	2648.0	980.0	1585.0	1440.0	1278.0	924.0	1034.0	1150.0	1112.0	1167.0	785.0	1268.0	1477.0	1171.0	1828.0	1594.0	5094.0	2638.0	3789.0	3934.0	2008.0	1350.0	1441.0	1595.0	2306.0	1469.0	1517.0	2031.0	2426.0	1331.0	2165.0	2311.0	16488.0	1857.0	5066.0	3186.0	1808.0	1112.0	1099.0	1913.0	10129.0	819.0	1747.0	1404.0	3337.0	2259.0	2070.0	3698.0
