Proteome_ID	M	W	C	D	E	F	H	K	N	Q	Y	I	A	G	P	T	V	L	R	S
UP000000278	0.01848915430069003	0.013258541454772184	0.03174769575546221	0.03174769575546221	0.03174769575546221	0.044272444862540034	0.03174769575546221	0.044272444862540034	0.044272444862540034	0.05023685005615224	0.044272444862540034	0.07005573542439003	0.04553243846870609	0.04553243846870609	0.04553243846870609	0.06349539151092443	0.06349539151092443	0.10776783637346446	0.0772801342241683	0.09524308726638663
UP000000280	0.017732957076033243	0.0144050305723104	0.03213798764834364	0.03213798764834364	0.03213798764834364	0.039562675873360466	0.03213798764834364	0.039562675873360466	0.039562675873360466	0.04987094472437689	0.039562675873360466	0.061392394670687675	0.05221336662824461	0.05221336662824461	0.05221336662824461	0.06427597529668728	0.06427597529668728	0.10383865117004776	0.08435135427658826	0.09641396294503093
UP000000287	0.017027418886930008	0.015250689868598828	0.032278108755528834	0.032278108755528834	0.032278108755528834	0.036038558477929944	0.032278108755528834	0.036038558477929944	0.036038558477929944	0.04930552764245884	0.036038558477929944	0.055049698068929884	0.05782008764150728	0.05782008764150728	0.05782008764150728	0.06455621751105767	0.06455621751105767	0.10059477598898761	0.0900981963970361	0.09683432626658652
UP000000327	0.01848838082817933	0.013259900184966549	0.031748281013145876	0.031748281013145876	0.031748281013145876	0.04426687243668546	0.031748281013145876	0.04426687243668546	0.04426687243668546	0.050236661841325206	0.04426687243668546	0.07004536404519159	0.04553984918321693	0.04553984918321693	0.04553984918321693	0.06349656202629175	0.06349656202629175	0.10776343446297722	0.07728813019636281	0.09524484303943764
UP000000339	0.017735805771866828	0.014401255522103643	0.03213706129397047	0.03213706129397047	0.03213706129397047	0.03957826290309311	0.03213706129397047	0.03957826290309311	0.03957826290309311	0.049872867065837295	0.03957826290309311	0.06142072003431939	0.052189794743705165	0.052189794743705165	0.052189794743705165	0.06427412258794094	0.06427412258794094	0.10385238549103405	0.08432685603767563	0.09641118388191142
UP000000344	0.01956471911201144	0.010196751615188454	0.029761470727199892	0.029761470727199892	0.029761470727199892	0.05710395203416508	0.029761470727199892	0.05710395203416508	0.05710395203416508	0.04932618983921133	0.05710395203416508	0.09464318495631872	0.031022201031411567	0.031022201031411567	0.031022201031411567	0.059522941454399785	0.059522941454399785	0.11662689348856489	0.060783671758611456	0.08928441218159969
UP000000348	0.017817976249784505	0.014290899212140006	0.032108875461924515	0.032108875461924515	0.032108875461924515	0.04003353266265093	0.032108875461924515	0.04003353266265093	0.04003353266265093	0.04992685171170902	0.04003353266265093	0.062249089075517364	0.05150581599266283	0.05150581599266283	0.05150581599266283	0.06421775092384903	0.06421775092384903	0.10425128358649995	0.08361469145458733	0.09632662638577352
UP000000349	0.01774450982146375	0.014389700310581201	0.032134210132044955	0.032134210132044955	0.032134210132044955	0.03962596822629871	0.032134210132044955	0.03962596822629871	0.03962596822629871	0.0498787199535087	0.03962596822629871	0.061507426631133684	0.05211771507579748	0.05211771507579748	0.05211771507579748	0.06426842026408991	0.06426842026408991	0.10389438849038862	0.08425192520784244	0.09640263039613486
UP000000350	0.016312646237462734	0.015964258027308966	0.0322769042647717	0.0322769042647717	0.0322769042647717	0.032981283565511665	0.0322769042647717	0.032981283565511665	0.032981283565511665	0.04858955050223444	0.032981283565511665	0.0496499208935606	0.06317513670126776	0.06317513670126776	0.06317513670126776	0.0645538085295434	0.0645538085295434	0.09753509209505508	0.09545204096603947	0.09683071279431511
UP000000351	0.017457874540852146	0.014754749373430489	0.03221262391428263	0.03221262391428263	0.03221262391428263	0.03811409687106395	0.03221262391428263	0.03811409687106395	0.03811409687106395	0.04967049845513478	0.03811409687106395	0.058770319201275754	0.054449834818507535	0.054449834818507535	0.054449834818507535	0.06442524782856526	0.06442524782856526	0.10253934469962922	0.08666245873279017	0.0966378717428479
UP000000352	0.012896944562218444	0.018133222417288552	0.031030166979506994	0.031030166979506994	0.031030166979506994	0.02206967598376394	0.031030166979506994	0.02206967598376394	0.02206967598376394	0.04392711154172544	0.02206967598376394	0.03124240740530944	0.08725739911038516	0.08725739911038516	0.08725739911038516	0.06206033395901399	0.06206033395901399	0.08413000994277792	0.11828756608989216	0.09309050093852099
UP000000353	0.01652305702775051	0.015766677087230382	0.03228973411498089	0.03228973411498089	0.03228973411498089	0.03383878005752009	0.03228973411498089	0.03383878005752009	0.03383878005752009	0.0488127911427314	0.03383878005752009	0.05115450308728967	0.06162319843941625	0.06162319843941625	0.06162319843941625	0.06457946822996179	0.06457946822996179	0.09841824828748187	0.09391293255439713	0.09686920234494267
UP000000354	0.018544858911143644	0.013159371988615878	0.031704230899759524	0.031704230899759524	0.031704230899759524	0.04467922097125872	0.031704230899759524	0.04467922097125872	0.04467922097125872	0.05024908981090317	0.04467922097125872	0.07081358303137379	0.04499443970125914	0.04499443970125914	0.04499443970125914	0.06340846179951905	0.06340846179951905	0.10808768277077775	0.07669867060101866	0.09511269269927858
UP000000355	0.018939044166177713	0.012365040310891364	0.03130408447706908	0.03130408447706908	0.03130408447706908	0.0479472305456828	0.03130408447706908	0.0479472305456828	0.0479472305456828	0.050243128643246794	0.0479472305456828	0.07695541692518788	0.04087600863677881	0.04087600863677881	0.04087600863677881	0.06260816895413816	0.06260816895413816	0.11055539949982096	0.07218009311384788	0.09391225343120725
UP000000356	0.01739601467302915	0.014829628602238597	0.032225643275267744	0.032225643275267744	0.032225643275267744	0.03780254909281655	0.032225643275267744	0.03780254909281655	0.03780254909281655	0.0496216579482969	0.03780254909281655	0.05820908351260395	0.05494296598650008	0.05494296598650008	0.05494296598650008	0.06445128655053549	0.06445128655053549	0.10225383564335204	0.08716860926176781	0.09667692982580324
UP000000357	0.017749428028083318	0.01438315719517096	0.03213258522325428	0.03213258522325428	0.03213258522325428	0.03965297750954784	0.03213258522325428	0.03965297750954784	0.03965297750954784	0.04988201325133759	0.03965297750954784	0.061556526991012356	0.052076948465274164	0.052076948465274164	0.052076948465274164	0.06426517044650856	0.06426517044650856	0.10391814795605639	0.08420953368852843	0.09639775566976283
UP000000358	0.017721517135079176	0.014420157090338353	0.03214167422541753	0.03214167422541753	0.03214167422541753	0.03950020980822092	0.03214167422541753	0.03950020980822092	0.03950020980822092	0.0498631913604967	0.03950020980822092	0.06127890248136266	0.05230793593394331	0.05230793593394331	0.05230793593394331	0.06428334845083505	0.06428334845083505	0.10378355825905598	0.08444961015936082	0.09642502267625258
UP000000359	0.017783465510224264	0.014337596740361742	0.03212106225058601	0.03212106225058601	0.03212106225058601	0.039840972865209115	0.03212106225058601	0.039840972865209115	0.039840972865209115	0.04990452776081027	0.039840972865209115	0.061898480220193966	0.05179404848354	0.05179404848354	0.05179404848354	0.06424212450117202	0.06424212450117202	0.10408309736638113	0.083915110734126	0.096363186751758
UP000000360	0.016232493852060485	0.016037035584663368	0.03226952943672386	0.03226952943672386	0.03226952943672386	0.03266282820320251	0.03226952943672386	0.03266282820320251	0.03266282820320251	0.04850202328878434	0.03266282820320251	0.04909316255434453	0.06376193289750018	0.06376193289750018	0.06376193289750018	0.06453905887344771	0.06453905887344771	0.09720188707665023	0.09603146233422404	0.09680858831017156
UP000000369	0.01519061874598064	0.016872950547830116	0.032063569293810754	0.032063569293810754	0.032063569293810754	0.02886664400496617	0.032063569293810754	0.02886664400496617	0.02886664400496617	0.047254188039791395	0.02886664400496617	0.0425426692639517	0.07122909581606619	0.07122909581606619	0.07122909581606619	0.06412713858762151	0.06412713858762151	0.09299378259258768	0.10329266510987695	0.09619070788143227
UP000000372	0.0189935575489436	0.01223836240996482	0.03123191995890842	0.03123191995890842	0.03123191995890842	0.048470967702388255	0.03123191995890842	0.048470967702388255	0.048470967702388255	0.050225477507852015	0.048470967702388255	0.0779483778558329	0.04024812668518688	0.04024812668518688	0.04024812668518688	0.06246383991781684	0.06246383991781684	0.11093480762020509	0.0714800466440953	0.09369575987672527
UP000000373	0.018420586261931996	0.013377144587972626	0.03179773084990462	0.03179773084990462	0.03179773084990462	0.043786089041827056	0.03179773084990462	0.043786089041827056	0.043786089041827056	0.05021831711183662	0.043786089041827056	0.06915159182172212	0.046183420777184174	0.046183420777184174	0.046183420777184174	0.06359546169980924	0.06359546169980924	0.1073815507416363	0.0779811516270888	0.09539319254971386
UP000000375	0.014627352799838053	0.017250098096763658	0.03187745089660171	0.03187745089660171	0.03187745089660171	0.027030728637513532	0.03187745089660171	0.027030728637513532	0.027030728637513532	0.046504803696439764	0.027030728637513532	0.03943410447518901	0.07518642129794452	0.07518642129794452	0.07518642129794452	0.06375490179320342	0.06375490179320342	0.09078563043071695	0.10706387219454624	0.09563235268980513
UP000000394	0.015304996543907387	0.016790364257306116	0.0320953608012135	0.0320953608012135	0.0320953608012135	0.029256029149235724	0.0320953608012135	0.029256029149235724	0.029256029149235724	0.047400357345120894	0.029256029149235724	0.04320706175456406	0.0704205057839835	0.0704205057839835	0.0704205057839835	0.064190721602427	0.064190721602427	0.09344675075166273	0.102515866585197	0.0962860824036405
UP000000395	0.018553655956931092	0.013143467025398791	0.031697122982329885	0.031697122982329885	0.031697122982329885	0.04474447369953657	0.031697122982329885	0.04474447369953657	0.04474447369953657	0.05025077893926098	0.04474447369953657	0.07093529144214203	0.04490867909649149	0.04490867909649149	0.04490867909649149	0.06339424596465977	0.06339424596465977	0.10813871966419633	0.07660580207882138	0.09509136894698965
UP000000396	0.018073179000155485	0.01392850492534583	0.03200168392550132	0.03200168392550132	0.03200168392550132	0.04152435347454374	0.03200168392550132	0.04152435347454374	0.04152435347454374	0.0500748629256568	0.04152435347454374	0.06497552794893198	0.04932564571754321	0.04932564571754321	0.04932564571754321	0.06400336785100263	0.06400336785100263	0.10552772132554637	0.08132732964304451	0.09600505177650394
UP000000398	0.014436302681276079	0.01736738157530934	0.03180368425658542	0.03180368425658542	0.03180368425658542	0.026436202274759093	0.03180368425658542	0.026436202274759093	0.026436202274759093	0.046239986937861494	0.026436202274759093	0.038436101868242104	0.0765219089928299	0.0765219089928299	0.0765219089928299	0.06360736851317084	0.06360736851317084	0.09004357078792992	0.10832559324941532	0.09541105276975625
UP000000399	0.0086127717073251	0.01870921607829455	0.02732198778561965	0.02732198778561965	0.02732198778561965	0.012577653836649546	0.02732198778561965	0.012577653836649546	0.012577653836649546	0.035934759492944744	0.012577653836649546	0.016542535965973992	0.11870115464338468	0.11870115464338468	0.11870115464338468	0.0546439755712393	0.0546439755712393	0.06722162940788884	0.14602314242900435	0.08196596335685895
UP000000400	0.011090097871097491	0.018655336256046838	0.029745434127144327	0.029745434127144327	0.029745434127144327	0.01768286409639969	0.029745434127144327	0.01768286409639969	0.01768286409639969	0.040835531998241824	0.01768286409639969	0.024275630321701883	0.10007325132272323	0.10007325132272323	0.10007325132272323	0.059490868254288655	0.059490868254288655	0.07717373235068835	0.12981868544986755	0.08923630238143299
UP000000401	0.013545498738059646	0.01784808194268439	0.031393580680744035	0.031393580680744035	0.031393580680744035	0.023825625008881756	0.031393580680744035	0.023825625008881756	0.023825625008881756	0.044939079418803686	0.023825625008881756	0.03410575127970387	0.08273083351148082	0.08273083351148082	0.08273083351148082	0.06278716136148807	0.06278716136148807	0.08661278637036983	0.11412441419222484	0.09418074204223209
UP000000409	0.018063943607330615	0.01394218367314074	0.03200612728047136	0.03200612728047136	0.03200612728047136	0.041468172550135386	0.03200612728047136	0.041468172550135386	0.041468172550135386	0.05007007088780197	0.041468172550135386	0.06487240149294016	0.049406188915377625	0.049406188915377625	0.049406188915377625	0.06401225456094271	0.06401225456094271	0.1054804271110781	0.08141231619584897	0.09601838184141408
UP000000410	0.015520290078430853	0.016629100516188648	0.0321493905946195	0.0321493905946195	0.0321493905946195	0.030005703999895817	0.0321493905946195	0.030005703999895817	0.030005703999895817	0.04766968067305036	0.030005703999895817	0.044491117921360776	0.0688924556217043	0.0688924556217043	0.0688924556217043	0.064298781189239	0.064298781189239	0.09430448518913481	0.10104184621632381	0.0964481717838585
UP000000411	0.017231843129499748	0.015022271736615883	0.03225411486611563	0.03225411486611563	0.03225411486611563	0.03699825548349299	0.03225411486611563	0.03699825548349299	0.03699825548349299	0.04948595799561538	0.03699825548349299	0.056764667837486224	0.05623659343942476	0.05623659343942476	0.05623659343942476	0.06450822973223126	0.06450822973223126	0.10150648521572424	0.0884907083055404	0.09676234459834689
UP000000412	0.015179810431872994	0.016880646387745307	0.032060456819618305	0.032060456819618305	0.032060456819618305	0.028830155297510426	0.032060456819618305	0.028830155297510426	0.028830155297510426	0.0472402672514913	0.028830155297510426	0.042480500163147854	0.07130540095088352	0.07130540095088352	0.07130540095088352	0.06412091363923661	0.06412091363923661	0.09295106893674704	0.10336585777050182	0.0961813704588549
UP000000413	0.017906455170080784	0.014168769739591315	0.0320752249096721	0.0320752249096721	0.0320752249096721	0.04053658768343204	0.0320752249096721	0.04053658768343204	0.04053658768343204	0.049981680079752885	0.04053658768343204	0.06316672019678328	0.050760071915305544	0.050760071915305544	0.050760071915305544	0.0641504498193442	0.0641504498193442	0.10468703750277625	0.08283529682497764	0.09622567472901629
UP000000414	0.01376517134639657	0.01773934801431884	0.03150451936071541	0.03150451936071541	0.03150451936071541	0.024446507663983486	0.03150451936071541	0.024446507663983486	0.024446507663983486	0.04526969070711198	0.024446507663983486	0.0351278439815704	0.08120053414516727	0.08120053414516727	0.08120053414516727	0.06300903872143082	0.06300903872143082	0.08745554638541429	0.1127050535058827	0.09451355808214623
UP000000469	0.018818761687287133	0.012627722951962513	0.03144648463924965	0.03144648463924965	0.03144648463924965	0.04686386473477418	0.03144648463924965	0.04686386473477418	0.04686386473477418	0.050265246326536776	0.04686386473477418	0.07490896778226121	0.0422022981571466	0.0422022981571466	0.0422022981571466	0.0628929692784993	0.0628929692784993	0.10975683401327345	0.07364878279639625	0.09433945391774892
UP000000470	0.01689963735518847	0.01538751357732258	0.032287150932511055	0.032287150932511055	0.032287150932511055	0.03545999418618309	0.032287150932511055	0.03545999418618309	0.03545999418618309	0.049186788287699526	0.03545999418618309	0.054020351017177705	0.058796406444135384	0.058796406444135384	0.058796406444135384	0.06457430186502211	0.06457430186502211	0.10003429605120519	0.09108355737664646	0.09686145279753317
UP000000472	0.01859661562891036	0.013064795785540439	0.0316614114144508	0.0316614114144508	0.0316614114144508	0.045067302084812536	0.0316614114144508	0.045067302084812536	0.045067302084812536	0.050258027043361166	0.045067302084812536	0.0715379885407147	0.044486575693774864	0.044486575693774864	0.044486575693774864	0.0633228228289016	0.0633228228289016	0.10839012491371414	0.07614798710822566	0.0949842342433524
UP000000473	0.01336836667518819	0.01793123166554964	0.031299598340737825	0.031299598340737825	0.031299598340737825	0.023334956304702306	0.031299598340737825	0.023334956304702306	0.023334956304702306	0.044667965015926014	0.023334956304702306	0.03330154593421642	0.08396543310381965	0.08396543310381965	0.08396543310381965	0.06259919668147565	0.06259919668147565	0.08593415298617796	0.11526503144455749	0.09389879502221349
UP000000477	0.0162654912966863	0.01600723583370116	0.03227272713038746	0.03227272713038746	0.03227272713038746	0.032793404664812474	0.03227272713038746	0.032793404664812474	0.032793404664812474	0.04853821842707376	0.032793404664812474	0.049321318032938655	0.06352063331502834	0.06352063331502834	0.06352063331502834	0.06454545426077492	0.06454545426077492	0.0973388589255874	0.0957933604454158	0.09681818139116237
UP000000513	0.019554539413491456	0.010268051562797224	0.02982259097628868	0.02982259097628868	0.02982259097628868	0.05679432237866608	0.02982259097628868	0.05679432237866608	0.05679432237866608	0.04937713038978014	0.05679432237866608	0.0940341053438407	0.0313195719321796	0.0313195719321796	0.0313195719321796	0.05964518195257736	0.05964518195257736	0.11643950433124343	0.06114216290846828	0.08946777292886604
UP000000514	0.019345439326720226	0.011238296957934484	0.03058373628465471	0.03058373628465471	0.03058373628465471	0.05264639445761198	0.03058373628465471	0.05264639445761198	0.05264639445761198	0.049929175611374936	0.05264639445761198	0.08594734958850375	0.03553386456056018	0.03553386456056018	0.03553386456056018	0.06116747256930942	0.06116747256930942	0.1138138670269214	0.0661176008452149	0.09175120885396414
UP000000515	0.01748373248352858	0.014723059836286112	0.032206792319814694	0.032206792319814694	0.032206792319814694	0.03824578228531084	0.032206792319814694	0.03824578228531084	0.03824578228531084	0.049690524803343274	0.03824578228531084	0.059007832087093114	0.05424271172144723	0.05424271172144723	0.05424271172144723	0.06441358463962939	0.06441358463962939	0.10265936692494024	0.08644950404126193	0.09662037695944407
UP000000516	0.019545906974536655	0.010324914315452917	0.029870821289989573	0.029870821289989573	0.029870821289989573	0.056547906970357616	0.029870821289989573	0.056547906970357616	0.056547906970357616	0.04941672826452623	0.056547906970357616	0.09354990696617857	0.031557877641915894	0.031557877641915894	0.031557877641915894	0.059741642579979146	0.059741642579979146	0.11628954955033677	0.06142869893190547	0.08961246386996873
UP000000518	0.012724421697166368	0.018200235230105093	0.030924656927271463	0.030924656927271463	0.030924656927271463	0.021620510427904346	0.030924656927271463	0.021620510427904346	0.021620510427904346	0.043649078624437836	0.021620510427904346	0.030516599158642327	0.08846547904208156	0.08846547904208156	0.08846547904208156	0.061849313854542926	0.061849313854542926	0.08346982428244726	0.11939013596935302	0.09277397078181439
UP000000519	0.015795672167778312	0.01641127074094409	0.0322069429087224	0.0322069429087224	0.0322069429087224	0.0309988373077846	0.0322069429087224	0.0309988373077846	0.0309988373077846	0.048002615076500714	0.0309988373077846	0.04620200244779089	0.06692426307648737	0.06692426307648737	0.06692426307648737	0.0644138858174448	0.0644138858174448	0.0954127231252294	0.09913120598520977	0.0966208287261672
UP000000520	0.018328254479446967	0.01353129831462953	0.03185955279407649	0.03185955279407649	0.03185955279407649	0.043154025403451965	0.03185955279407649	0.043154025403451965	0.043154025403451965	0.05018780727352346	0.043154025403451965	0.06797979632745699	0.047042244367653044	0.047042244367653044	0.047042244367653044	0.06371910558815298	0.06371910558815298	0.10687313099160496	0.07890179716172954	0.09557865838222948
UP000000521	0.017228839941850014	0.015025716802855884	0.0322545567447059	0.0322545567447059	0.0322545567447059	0.03698383264113132	0.0322545567447059	0.03698383264113132	0.03698383264113132	0.049483396686555915	0.03698383264113132	0.056738825340412635	0.056260065899196576	0.056260065899196576	0.056260065899196576	0.0645091134894118	0.0645091134894118	0.10149294613054313	0.08851462264390249	0.09676367023411771
UP000000522	0.018113851748085382	0.013867716986618425	0.03198156873470381	0.03198156873470381	0.03198156873470381	0.04177395567638341	0.03198156873470381	0.04177395567638341	0.04177395567638341	0.05009542048278919	0.04177395567638341	0.06543405960468143	0.04896930262751382	0.04896930262751382	0.04896930262751382	0.06396313746940761	0.06396313746940761	0.10573709314579102	0.08095087136221762	0.09594470620411141
UP000000568	0.01735736939352103	0.014875756324024242	0.03223312571754527	0.03223312571754527	0.03223312571754527	0.037610341121525094	0.03223312571754527	0.037610341121525094	0.037610341121525094	0.0495904951110663	0.037610341121525094	0.05786331284952916	0.05524940016714999	0.05524940016714999	0.05524940016714999	0.06446625143509054	0.06446625143509054	0.10207659255661565	0.08748252588469525	0.09669937715263581
UP000000569	0.015711544096192742	0.016479236145743783	0.03219078024193652	0.03219078024193652	0.03219078024193652	0.030691159395313604	0.03219078024193652	0.030691159395313604	0.030691159395313604	0.047902324338129264	0.030691159395313604	0.045670774694434466	0.0675273500904551	0.0675273500904551	0.0675273500904551	0.06438156048387304	0.06438156048387304	0.09507271987918665	0.09971813033239162	0.09657234072580956
UP000000570	0.014743170274875969	0.01717643569184678	0.03191960596672275	0.03191960596672275	0.03191960596672275	0.027397778812615965	0.03191960596672275	0.027397778812615965	0.027397778812615965	0.046662776241598716	0.027397778812615965	0.04005238735035596	0.07437546321103106	0.07437546321103106	0.07437546321103106	0.0638392119334455	0.0638392119334455	0.09123699074606145	0.10629506917775382	0.09575881790016826
UP000000571	0.008079043721332278	0.018610792807644074	0.02668983652897635	0.02668983652897635	0.02668983652897635	0.01158619938771472	0.02668983652897635	0.01158619938771472	0.01158619938771472	0.03476888025030863	0.01158619938771472	0.015093355054097164	0.12296480495559378	0.12296480495559378	0.12296480495559378	0.0533796730579527	0.0533796730579527	0.06496587244566743	0.14965464148457014	0.08006950958692906
UP000000572	0.01682187858103932	0.015468666759464476	0.032290545340503796	0.032290545340503796	0.032290545340503796	0.035115349078235936	0.032290545340503796	0.035115349078235936	0.035115349078235936	0.04911242392154311	0.035115349078235936	0.05340881957543255	0.05938595775107195	0.05938595775107195	0.05938595775107195	0.06458109068100759	0.06458109068100759	0.09969643975924353	0.09167650309157575	0.09687163602151139
UP000000573	0.016297055286043603	0.015978519338795388	0.03227557462483899	0.03227557462483899	0.03227557462483899	0.03291899661645881	0.03227557462483899	0.03291899661645881	0.03291899661645881	0.0485726299108826	0.03291899661645881	0.04954093794687401	0.06328945742184111	0.06328945742184111	0.06328945742184111	0.06455114924967797	0.06455114924967797	0.09747014586613678	0.0955650320466801	0.09682672387451698
UP000000574	0.01629550171015084	0.01597993762749115	0.03227543933764199	0.03227543933764199	0.03227543933764199	0.032912799109904155	0.03227543933764199	0.032912799109904155	0.032912799109904155	0.048570941047792825	0.032912799109904155	0.04953009650965748	0.06330084420709979	0.06330084420709979	0.06330084420709979	0.06455087867528397	0.06455087867528397	0.09746367778518814	0.09557628354474179	0.09682631801292597
UP000000575	0.016293786932302143	0.015981502493786735	0.03227528942608888	0.03227528942608888	0.03227528942608888	0.032905960455941484	0.03227528942608888	0.032905960455941484	0.032905960455941484	0.048569076358391014	0.032905960455941484	0.04951813397958083	0.06331341149774686	0.06331341149774686	0.06331341149774686	0.06455057885217776	0.06455057885217776	0.09745653930811923	0.09558870092383574	0.09682586827826664
UP000000587	0.019520848338420174	0.010475516031761039	0.029996364370181217	0.029996364370181217	0.029996364370181217	0.05589743529568735	0.029996364370181217	0.05589743529568735	0.05589743529568735	0.04951721270860139	0.05589743529568735	0.09227402225295454	0.03219403075182227	0.03219403075182227	0.03219403075182227	0.05999272874036243	0.05999272874036243	0.11589016403604978	0.062190395122003486	0.08998909311054364
UP000000624	0.019081057957202437	0.012023020690854196	0.03110407864805663	0.03110407864805663	0.03110407864805663	0.049363528737867056	0.03110407864805663	0.049363528737867056	0.049363528737867056	0.05018513660525906	0.049363528737867056	0.07964599951853167	0.03919751011650613	0.03919751011650613	0.03919751011650613	0.06220815729611326	0.06220815729611326	0.11157168603398031	0.07030158876456276	0.09331223594416989
UP000000668	0.014277921805506978	0.017460701991113225	0.0317386237966202	0.0317386237966202	0.0317386237966202	0.025953228513560724	0.0317386237966202	0.025953228513560724	0.025953228513560724	0.046016545602127173	0.025953228513560724	0.037628535221614474	0.07762735491478792	0.07762735491478792	0.07762735491478792	0.0634772475932404	0.0634772475932404	0.08943047610680113	0.10936597871140812	0.09521587138986061
UP000000670	0.019046463015681664	0.0121100822876095	0.031156545303291164	0.031156545303291164	0.031156545303291164	0.049002308466781316	0.031156545303291164	0.049002308466781316	0.049002308466781316	0.05020300831897283	0.049002308466781316	0.07895815391788097	0.03961977896996804	0.03961977896996804	0.03961977896996804	0.06231309060658233	0.06231309060658233	0.11131539907336364	0.07077632427325921	0.0934696359098735
UP000000672	0.015728178657176038	0.016465898106386916	0.03219407676356295	0.03219407676356295	0.03219407676356295	0.03075168981179043	0.03219407676356295	0.03075168981179043	0.03075168981179043	0.04792225542073899	0.03075168981179043	0.04577520096640482	0.06740823577511491	0.06740823577511491	0.06740823577511491	0.0643881535271259	0.0643881535271259	0.09513984333891634	0.09960231253867786	0.09658223029068887
UP000000675	0.01669805928786525	0.015594747570978097	0.032292806858843344	0.032292806858843344	0.032292806858843344	0.03457748841693676	0.032292806858843344	0.03457748841693676	0.03457748841693676	0.0489908661467086	0.03457748841693676	0.05245691754600827	0.060318167834987266	0.060318167834987266	0.060318167834987266	0.06458561371768669	0.06458561371768669	0.09916310213462345	0.09261097469383062	0.09687842057653004
UP000000676	0.018103663682534157	0.01388302828590048	0.031986691968434636	0.031986691968434636	0.031986691968434636	0.04171109514351876	0.031986691968434636	0.04171109514351876	0.04171109514351876	0.050090355650968796	0.04171109514351876	0.06531852660450338	0.04905881562510362	0.04905881562510362	0.04905881562510362	0.06397338393686927	0.06397338393686927	0.10568447908038804	0.08104550759353825	0.09596007590530393
UP000000677	0.01617696112043626	0.01608668335158496	0.03226364447202122	0.03226364447202122	0.03226364447202122	0.032444706644644807	0.03226364447202122	0.032444706644644807	0.032444706644644807	0.04844060559245748	0.032444706644644807	0.04871245216885335	0.06416718548378672	0.06416718548378672	0.06416718548378672	0.06452728894404244	0.06452728894404244	0.09697199558868723	0.09643082995580793	0.09679093341606367
UP000000678	0.017591695123377347	0.014588171632390255	0.0321798667557676	0.0321798667557676	0.0321798667557676	0.038805301948974615	0.0321798667557676	0.038805301948974615	0.038805301948974615	0.04977156187914495	0.038805301948974615	0.060018908774571875	0.05337125456622403	0.05337125456622403	0.05337125456622403	0.0643597335115352	0.0643597335115352	0.1031650354605098	0.08555112132199164	0.09653960026730278
UP000000679	0.01669583601742214	0.015596977109866484	0.03229281312728862	0.03229281312728862	0.03229281312728862	0.034567949206862895	0.03229281312728862	0.034567949206862895	0.034567949206862895	0.04898864914471075	0.034567949206862895	0.05244006239630365	0.06033483637883548	0.06033483637883548	0.06033483637883548	0.06458562625457724	0.06458562625457724	0.09915357546144013	0.0926276495061241	0.09687843938186587
UP000000680	0.01799209765379479	0.014047081064465452	0.032039178718260244	0.032039178718260244	0.032039178718260244	0.04103714000089018	0.032039178718260244	0.04103714000089018	0.04103714000089018	0.05003127637205503	0.04103714000089018	0.06408218234798556	0.05002829012540119	0.05002829012540119	0.05002829012540119	0.06407835743652049	0.06407835743652049	0.10511549743741067	0.08206746884366145	0.09611753615478073
UP000000725	0.01718014824048779	0.015081191542345466	0.03226133978283326	0.03226133978283326	0.03226133978283326	0.03675137991249346	0.03226133978283326	0.03675137991249346	0.03675137991249346	0.04944148802332105	0.03675137991249346	0.05632261158449913	0.056639726021803415	0.056639726021803415	0.056639726021803415	0.06452267956566651	0.06452267956566651	0.10127405947815997	0.08890106580463666	0.09678401934849977
UP000000728	0.016052151002484277	0.01619601096719445	0.03224816196967873	0.03224816196967873	0.03224816196967873	0.031961719866600215	0.03224816196967873	0.031961719866600215	0.031961719866600215	0.04830031297216301	0.031961719866600215	0.04787128873071615	0.06507434235473467	0.06507434235473467	0.06507434235473467	0.06449632393935746	0.06449632393935746	0.09645804380595767	0.0973225043244134	0.0967444859090362
UP000000729	0.01064509861699681	0.018722971043873396	0.02936806966087021	0.02936806966087021	0.02936806966087021	0.016697456669575637	0.02936806966087021	0.016697456669575637	0.016697456669575637	0.04001316827786702	0.016697456669575637	0.022749814722154465	0.10330717218476183	0.10330717218476183	0.10330717218476183	0.05873613932174042	0.05873613932174042	0.07543359599131604	0.132675241845632	0.08810420898261061
UP000000730	0.010257113204386234	0.018761896056854785	0.02901900926124102	0.02901900926124102	0.02901900926124102	0.01586466859051448	0.02901900926124102	0.01586466859051448	0.01586466859051448	0.039276122465627256	0.01586466859051448	0.021472223976642727	0.10616079292163558	0.10616079292163558	0.10616079292163558	0.05803801852248204	0.05803801852248204	0.07390268711299652	0.1351798021828766	0.08705702778372305
UP000000735	0.01900535859672359	0.012210227235006048	0.031215585831729637	0.031215585831729637	0.031215585831729637	0.04858741701693909	0.031215585831729637	0.04858741701693909	0.04858741701693909	0.05022094442845323	0.04858741701693909	0.07816947543715459	0.04010967689343804	0.04010967689343804	0.04010967689343804	0.062431171663459274	0.062431171663459274	0.11101858868039836	0.07132526272516768	0.09364675749518891
UP000000744	0.019372152438713087	0.011141526141806564	0.03051367858051965	0.03051367858051965	0.03051367858051965	0.053055176230271214	0.03051367858051965	0.053055176230271214	0.053055176230271214	0.04988583101923274	0.053055176230271214	0.08673820002182935	0.035098727274946756	0.035098727274946756	0.035098727274946756	0.0610273571610393	0.0610273571610393	0.11408253339131053	0.0656124058554664	0.09154103574155895
UP000000825	0.017874659425512147	0.01421306558727766	0.03208772501278981	0.03208772501278981	0.03208772501278981	0.04035421864629298	0.03208772501278981	0.04035421864629298	0.04035421864629298	0.049962384438301956	0.04035421864629298	0.06283377786707381	0.05102921731782805	0.05102921731782805	0.05102921731782805	0.06417545002557962	0.06417545002557962	0.10452966867187259	0.08311694233061785	0.09626317503836943
UP000000826	0.016915486387932555	0.015370780158698577	0.03228626654663114	0.03228626654663114	0.03228626654663114	0.035530916235089915	0.03228626654663114	0.035530916235089915	0.035530916235089915	0.049201752934563685	0.035530916235089915	0.054146346082247276	0.05867583040206815	0.05867583040206815	0.05867583040206815	0.06457253309326227	0.06457253309326227	0.10010344932835218	0.09096209694869928	0.09685879963989341
UP000000831	0.013607088358521955	0.01781822725898159	0.031425315617503544	0.031425315617503544	0.031425315617503544	0.023998293437764294	0.031425315617503544	0.023998293437764294	0.023998293437764294	0.0450324039760255	0.023998293437764294	0.03438949851700663	0.08230172401389832	0.08230172401389832	0.08230172401389832	0.06285063123500709	0.06285063123500709	0.08684892467277139	0.11372703963140186	0.09427594685251063
UP000000832	0.01917822968709845	0.011762635462862197	0.03094086514996065	0.03094086514996065	0.03094086514996065	0.05044711454647898	0.03094086514996065	0.05044711454647898	0.05044711454647898	0.0501190948370591	0.05044711454647898	0.0817159994058595	0.0379540889438192	0.0379540889438192	0.0379540889438192	0.0618817302999213	0.0618817302999213	0.11232884484640028	0.06889495409377985	0.09282259544988193
UP000000834	0.018024126391584485	0.01400064526036267	0.032024771651947156	0.032024771651947156	0.032024771651947156	0.041227994937525846	0.032024771651947156	0.041227994937525846	0.041227994937525846	0.05004889804353164	0.041227994937525846	0.06443186348346722	0.04975192225154111	0.04975192225154111	0.04975192225154111	0.06404954330389431	0.06404954330389431	0.10527753824142015	0.08177669390348827	0.09607431495584147
UP000000835	0.0193615850708329	0.011180369777272183	0.03054195484810508	0.03054195484810508	0.03054195484810508	0.05289097487841771	0.03054195484810508	0.05289097487841771	0.05289097487841771	0.04990353991893798	0.05289097487841771	0.08642036468600253	0.035272974570348684	0.035272974570348684	0.035272974570348684	0.06108390969621016	0.06108390969621016	0.11397488457462789	0.06581492941845377	0.09162586454431526
UP000000839	0.019612328605679432	0.009746006208756135	0.029358334814435567	0.029358334814435567	0.029358334814435567	0.059079103518214916	0.029358334814435567	0.059079103518214916	0.059079103518214916	0.048970663420115	0.059079103518214916	0.09854587843075041	0.02917822958538157	0.02917822958538157	0.02917822958538157	0.058716669628871135	0.058716669628871135	0.11779577314708606	0.058536564399817144	0.0880750044433067
UP000000840	0.01676706936410135	0.015524944912733714	0.03229201427683506	0.03229201427683506	0.03229201427683506	0.034875643445417194	0.03229201427683506	0.034875643445417194	0.034875643445417194	0.04905908364093641	0.034875643445417194	0.052984217526733025	0.059799566863179665	0.059799566863179665	0.059799566863179665	0.06458402855367013	0.06458402855367013	0.09945967199908733	0.09209158114001473	0.0968760428305052
UP000000842	0.011518810076082228	0.018567279719650307	0.030086089795732535	0.030086089795732535	0.030086089795732535	0.01866487495862025	0.030086089795732535	0.01866487495862025	0.01866487495862025	0.04160489987181476	0.01866487495862025	0.025810939841158273	0.09699210963948443	0.09699210963948443	0.09699210963948443	0.06017217959146507	0.06017217959146507	0.07883705455008531	0.12707819943521695	0.0902582693871976
UP000000846	0.017190976797746754	0.015068916186324829	0.032259892984071586	0.032259892984071586	0.032259892984071586	0.0368028506449756	0.032259892984071586	0.0368028506449756	0.0368028506449756	0.04945086978181834	0.0368028506449756	0.056414724492204436	0.05655543943500636	0.05655543943500636	0.05655543943500636	0.06451978596814317	0.06451978596814317	0.10132263661311877	0.08881533241907794	0.09677967895221475
UP000000853	0.0178315198143505	0.014272431733416233	0.03210395154776673	0.03210395154776673	0.03210395154776673	0.04010965046710558	0.03210395154776673	0.04010965046710558	0.04010965046710558	0.049935471362117234	0.04010965046710558	0.06238778111986066	0.051392305491498314	0.051392305491498314	0.051392305491498314	0.06420790309553347	0.06420790309553347	0.10431755356263904	0.08349625703926504	0.09631185464330021
UP000000854	0.019001328940980024	0.012219864272716636	0.031221193213696662	0.031221193213696662	0.031221193213696662	0.048547524665055665	0.031221193213696662	0.048547524665055665	0.048547524665055665	0.05022252215467669	0.048547524665055665	0.0780937203891313	0.04015705898136591	0.04015705898136591	0.04015705898136591	0.062442386427393325	0.062442386427393325	0.11098991109244898	0.07137825219506257	0.09366357964108998
UP000000862	0.018740953557344914	0.012787136301332542	0.03152808985867746	0.03152808985867746	0.03152808985867746	0.046207880628573374	0.03152808985867746	0.046207880628573374	0.046207880628573374	0.05026904341602237	0.046207880628573374	0.07367480769980185	0.04302384946528674	0.04302384946528674	0.04302384946528674	0.06305617971735492	0.06305617971735492	0.1092640603459283	0.07455193932396421	0.09458426957603236
UP000000866	0.01920848757483596	0.006964120898088453	0.026172608472924415	0.026172608472924415	0.026172608472924415	0.07218947402122335	0.026172608472924415	0.07218947402122335	0.07218947402122335	0.045381096047760375	0.07218947402122335	0.12517046046761074	0.018977986571161513	0.018977986571161513	0.018977986571161513	0.05234521694584883	0.05234521694584883	0.12453469096707218	0.04515059504408593	0.07851782541877325
UP000000867	0.018218604450799515	0.013706860811175078	0.03192546526197459	0.03192546526197459	0.03192546526197459	0.04243403588380003	0.03192546526197459	0.04243403588380003	0.04243403588380003	0.0501440697127741	0.04243403588380003	0.06664946731680055	0.04803857615545158	0.04803857615545158	0.04803857615545158	0.06385093052394918	0.06385093052394918	0.10628496640774923	0.07996404141742619	0.09577639578592378
UP000000868	0.018994172694093075	0.01223690234651192	0.031231075040604996	0.031231075040604996	0.031231075040604996	0.0484770096177586	0.031231075040604996	0.0484770096177586	0.0484770096177586	0.050225247734698074	0.0484770096177586	0.07795984654142414	0.040240933006502486	0.040240933006502486	0.040240933006502486	0.06246215008120999	0.06246215008120999	0.1109391596989686	0.07147200804710749	0.093693225121815
UP000000869	0.01058772172748616	0.018729912284845402	0.02931763401233156	0.02931763401233156	0.02931763401233156	0.016572792542226912	0.02931763401233156	0.016572792542226912	0.016572792542226912	0.039905355739817724	0.016572792542226912	0.02255786335696767	0.10372707700177664	0.10372707700177664	0.10372707700177664	0.05863526802466312	0.05863526802466312	0.07520806056689004	0.13304471101410822	0.08795290203699468
UP000000870	0.010462282650920125	0.01874365971891629	0.029205942369836414	0.029205942369836414	0.029205942369836414	0.016302089812873496	0.029205942369836414	0.016302089812873496	0.016302089812873496	0.039668225020756544	0.016302089812873496	0.022141896974826866	0.10464757334812572	0.10464757334812572	0.10464757334812572	0.05841188473967283	0.05841188473967283	0.07471397455254633	0.13385351571796214	0.08761782710950924
UP000000871	0.019356491702217912	0.007391737785322284	0.026748229487540198	0.026748229487540198	0.026748229487540198	0.07004467652419816	0.026748229487540198	0.07004467652419816	0.07004467652419816	0.046104721189758106	0.07004467652419816	0.1207328613461784	0.020428898132492455	0.020428898132492455	0.020428898132492455	0.053496458975080395	0.053496458975080395	0.12354113549927855	0.04717712762003265	0.08024468846262059
UP000000872	0.016638470588934747	0.0037160177452270067	0.020354488334161754	0.020354488334161754	0.020354488334161754	0.09113722773142383	0.020354488334161754	0.09113722773142383	0.09113722773142383	0.0369929589230965	0.09113722773142383	0.1656359848739129	0.009091898133361278	0.009091898133361278	0.009091898133361278	0.04070897666832351	0.04070897666832351	0.13184620439974734	0.029446386467523032	0.06106346500248526
