Proteome_ID	M	W	C	D	E	F	H	K	N	Q	Y	I	A	G	P	T	V	L	R	S
UP000006687	0.015255784236997723	0.023831874792169885	0.03145976691066874	0.03145976691066874	0.03145976691066874	0.029618855179056505	0.03145976691066874	0.029618855179056505	0.029618855179056505	0.06107862208972525	0.029618855179056505	0.04398192612111529	0.0668301950288367	0.0668301950288367	0.0668301950288367	0.06291953382133748	0.06291953382133748	0.092538389000394	0.09828996193950544	0.09437930073200623
UP000007251	0.01416268010307534	0.024122194593138788	0.031203534644676463	0.031203534644676463	0.031203534644676463	0.025933305056910546	0.031203534644676463	0.025933305056910546	0.025933305056910546	0.057136839701587006	0.025933305056910546	0.03770393001074575	0.07508958632035749	0.07508958632035749	0.07508958632035749	0.062407069289352926	0.062407069289352926	0.08834037434626346	0.10629312096503396	0.09361060393402938
UP000006677	0.0179277966731893	0.02163615117353498	0.03060004951012963	0.03060004951012963	0.03060004951012963	0.04329076075628439	0.03060004951012963	0.04329076075628439	0.04329076075628439	0.073890810266414	0.04329076075628439	0.06865372483937947	0.043259255031061365	0.043259255031061365	0.043259255031061365	0.06120009902025926	0.06120009902025926	0.10449085977654364	0.073859304541191	0.09180014853038888
UP000007666	0.018088226340476	0.02134480089545252	0.03038891406569052	0.03038891406569052	0.03038891406569052	0.044687058816615784	0.03038891406569052	0.044687058816615784	0.044687058816615784	0.0750759728823063	0.044687058816615784	0.07128589129275556	0.04133125439656582	0.04133125439656582	0.04133125439656582	0.06077782813138104	0.06077782813138104	0.10546488694799683	0.07172016846225635	0.09116674219707158
UP000099345	0.010634255973979241	0.023811486202605692	0.029128614189595312	0.029128614189595312	0.029128614189595312	0.016748953159017307	0.029128614189595312	0.016748953159017307	0.016748953159017307	0.045877567348612626	0.016748953159017307	0.022863650344055374	0.10131691892033151	0.10131691892033151	0.10131691892033151	0.058257228379190625	0.058257228379190625	0.07500618153820794	0.13044553310992682	0.08738584256878595
UP000007699	0.017482106145166734	0.022269789348249608	0.031010842420832973	0.031010842420832973	0.031010842420832973	0.040072836649729375	0.031010842420832973	0.040072836649729375	0.040072836649729375	0.07108367907056234	0.040072836649729375	0.06266356715429201	0.04799622028535523	0.04799622028535523	0.04799622028535523	0.062021684841665946	0.062021684841665946	0.10209452149139533	0.0790070627061882	0.09303252726249893
UP000002135	0.01572477295108457	0.023633245665611327	0.03149563214115361	0.03149563214115361	0.03149563214115361	0.03140359433824568	0.03149563214115361	0.03140359433824568	0.03140359433824568	0.0628992264793993	0.03140359433824568	0.04708241572540679	0.06317587937777976	0.06317587937777976	0.06317587937777976	0.06299126428230722	0.06299126428230722	0.09439485862055291	0.09467151151893338	0.09448689642346082
UP000008222	0.017864721890784672	0.021739508150496946	0.030671869095889284	0.030671869095889284	0.030671869095889284	0.04278426744796203	0.030671869095889284	0.04278426744796203	0.04278426744796203	0.07345613654385132	0.04278426744796203	0.06770381300513939	0.04397707895686689	0.04397707895686689	0.04397707895686689	0.06134373819177857	0.06134373819177857	0.10412800563974059	0.07464894805275618	0.09201560728766783
UP000008623	0.014791805870717496	0.02398225092255387	0.03137815385791262	0.03137815385791262	0.03137815385791262	0.027983228182965322	0.03137815385791262	0.027983228182965322	0.027983228182965322	0.05936138204087794	0.027983228182965322	0.04117465049521315	0.07036990393625858	0.07036990393625858	0.07036990393625858	0.06275630771582524	0.06275630771582524	0.09073953589879055	0.1017480577941712	0.09413446157373785
UP000172353	0.01562653268110739	0.01143702395222014	0.019250290292773836	0.019250290292773836	0.019250290292773836	0.08301197889516121	0.019250290292773836	0.08301197889516121	0.08301197889516121	0.10226226918793506	0.08301197889516121	0.15039742510921503	0.008928197623720626	0.008928197623720626	0.008928197623720626	0.03850058058554767	0.03850058058554767	0.12151255948070888	0.028178487916494462	0.05775087087832151
UP000163220	0.01868530315138163	0.018984885839565955	0.02832753741525677	0.02832753741525677	0.02832753741525677	0.0548948106476987	0.02832753741525677	0.0548948106476987	0.0548948106476987	0.08322234806295548	0.0548948106476987	0.09110431814401578	0.029235891937498197	0.029235891937498197	0.029235891937498197	0.05665507483051354	0.05665507483051354	0.11154988547821222	0.05756342935275497	0.0849826122457703
UP000000360	0.0158435879331377	0.023574606515776746	0.031496400482345595	0.031496400482345595	0.031496400482345595	0.031880276407233635	0.031496400482345595	0.031880276407233635	0.031880276407233635	0.06337667688957922	0.031880276407233635	0.047916964881329564	0.06223429374779258	0.06223429374779258	0.06223429374779258	0.06299280096469119	0.06299280096469119	0.09487307737192482	0.09373069423013816	0.09448920144703678
UP000004993	0.01658885588850455	0.02311489337104026	0.03140932131529253	0.03140932131529253	0.03140932131529253	0.035157108083348994	0.03140932131529253	0.035157108083348994	0.035157108083348994	0.06656642939864152	0.035157108083348994	0.05372536027819344	0.05612210555819492	0.05612210555819492	0.05612210555819492	0.06281864263058506	0.06281864263058506	0.09797575071393406	0.08753142687348747	0.09422796394587761
UP000008865	0.015885433310947217	0.023553090912211923	0.03149580756768553	0.03149580756768553	0.03149580756768553	0.03205077229169743	0.03149580756768553	0.03205077229169743	0.03205077229169743	0.06354657985938296	0.03205077229169743	0.04821611127244764	0.06190090430973145	0.06190090430973145	0.06190090430973145	0.06299161513537106	0.06299161513537106	0.0950423874270685	0.09339671187741698	0.0944874227030566
UP000009108	0.017854450128402474	0.021755826105125678	0.030683051169326913	0.030683051169326913	0.030683051169326913	0.04270372156265073	0.030683051169326913	0.04270372156265073	0.04270372156265073	0.07338677273197765	0.04270372156265073	0.067552992996899	0.0440921584634412	0.0440921584634412	0.0440921584634412	0.061366102338653826	0.061366102338653826	0.10406982390130455	0.07477520963276811	0.09204915350798074
UP000000396	0.017504497032085356	0.02224248579665639	0.030994734312699064	0.030994734312699064	0.030994734312699064	0.040217768116398385	0.030994734312699064	0.040217768116398385	0.040217768116398385	0.07121250242909745	0.040217768116398385	0.06293103920071141	0.04777358864541765	0.04777358864541765	0.04777358864541765	0.06198946862539813	0.06198946862539813	0.10220723674179652	0.0787683229581167	0.0929842029380972
UP000007661	0.016730016415328168	0.023006776384948666	0.03137178459261275	0.03137178459261275	0.03137178459261275	0.035846112631861646	0.03137178459261275	0.035846112631861646	0.035846112631861646	0.0672178972244744	0.035846112631861646	0.05496220884839512	0.05491188841774174	0.05491188841774174	0.05491188841774174	0.0627435691852255	0.0627435691852255	0.09858968181708715	0.0862836730103545	0.09411535377783826
UP000007068	0.01747377148555601	0.02227985291601436	0.031016738658792366	0.031016738658792366	0.031016738658792366	0.04001925107091819	0.031016738658792366	0.04001925107091819	0.04001925107091819	0.07103598972971056	0.04001925107091819	0.06256473065628036	0.04807876465868866	0.04807876465868866	0.04807876465868866	0.06203347731758473	0.06203347731758473	0.1020527283885029	0.07909550331748103	0.0930502159763771
UP000134285	0.017027521974733985	0.02275133379773242	0.03126509478509941	0.03126509478509941	0.03126509478509941	0.03739170261576047	0.03126509478509941	0.03739170261576047	0.03739170261576047	0.06865679740085988	0.03739170261576047	0.05775588325678696	0.052284655874923175	0.052284655874923175	0.052284655874923175	0.06253018957019882	0.06253018957019882	0.09992189218595929	0.0835497506600226	0.09379528435529824
UP000006372	0.017690050973960685	0.021999801093260437	0.03084482658024078	0.03084482658024078	0.03084482658024078	0.041478970893805665	0.03084482658024078	0.041478970893805665	0.041478970893805665	0.07232379747404645	0.041478970893805665	0.06526789081365064	0.04587400826317066	0.04587400826317066	0.04587400826317066	0.06168965316048156	0.06168965316048156	0.10316862405428723	0.07671883484341144	0.09253447974072235
UP000009089	0.018194382221171184	0.021123428978448388	0.03022062008903398	0.03022062008903398	0.03022062008903398	0.04572049205263247	0.03022062008903398	0.04572049205263247	0.04572049205263247	0.07594111214166643	0.04572049205263247	0.07324660188409375	0.039950833316245535	0.039950833316245535	0.039950833316245535	0.06044124017806796	0.06044124017806796	0.10616173223070043	0.07017145340527953	0.09066186026710192
UP000002317	0.0169603651839019	0.02281255409564603	0.03129273668759699	0.03129273668759699	0.03129273668759699	0.03703059481039117	0.03129273668759699	0.03703059481039117	0.03703059481039117	0.06832333149798817	0.03703059481039117	0.05710082443688046	0.05288790927681747	0.05288790927681747	0.05288790927681747	0.06258547337519398	0.06258547337519398	0.09961606818558515	0.08418064596441445	0.09387821006279094
UP000000862	0.0178304635063183	0.021793402250242018	0.030708634003401167	0.030708634003401167	0.030708634003401167	0.04251762143159692	0.030708634003401167	0.04251762143159692	0.04251762143159692	0.0732262554349981	0.04251762143159692	0.06720477935687555	0.044359029061491285	0.044359029061491285	0.044359029061491285	0.061417268006802334	0.061417268006802334	0.10393488943839924	0.07506766306489246	0.0921259020102035
UP000000344	0.01868071779721226	0.01907638619759557	0.028416745096201703	0.028416745096201703	0.028416745096201703	0.054523799035830454	0.028416745096201703	0.054523799035830454	0.054523799035830454	0.08294054413203214	0.054523799035830454	0.09036688027444864	0.029620511268183842	0.029620511268183842	0.029620511268183842	0.056833490192403406	0.056833490192403406	0.11135728922823387	0.05803725636438554	0.08525023528860512
UP000125273	0.010313292108739646	0.023699623118233773	0.0288562691726036	0.0288562691726036	0.0288562691726036	0.0160493717983096	0.0288562691726036	0.0160493717983096	0.0160493717983096	0.044905640970913194	0.0160493717983096	0.021785451487879547	0.10376534122655884	0.10376534122655884	0.10376534122655884	0.0577125383452072	0.0577125383452072	0.0737619101435168	0.13262161039916243	0.08656880751781079
UP000000470	0.016455180053907014	0.023210414875502336	0.031438004902455845	0.031438004902455845	0.031438004902455845	0.03452740297205219	0.031438004902455845	0.03452740297205219	0.03452740297205219	0.06596540787450804	0.03452740297205219	0.052599625890197364	0.057250071952810636	0.057250071952810636	0.057250071952810636	0.06287600980491169	0.06287600980491169	0.09740341277696388	0.0886880768552665	0.09431401470736754
UP000008687	0.01702566991525437	0.022753052049146287	0.03126588700677348	0.03126588700677348	0.03126588700677348	0.03738164020701591	0.03126588700677348	0.03738164020701591	0.03738164020701591	0.06864752721378939	0.03738164020701591	0.05773761049877746	0.05230138029828105	0.05230138029828105	0.05230138029828105	0.06253177401354695	0.06253177401354695	0.09991341422056285	0.08356726730505452	0.09379766102032043
UP000008226	0.017959806378824338	0.02158148631390446	0.03056138950331663	0.03056138950331663	0.03056138950331663	0.04355616534248073	0.03056138950331663	0.04355616534248073	0.04355616534248073	0.07411755484579736	0.04355616534248073	0.06915252430613712	0.04288708709912507	0.04288708709912507	0.04288708709912507	0.06112277900663326	0.06112277900663326	0.104678944349114	0.07344847660244169	0.09168416850994988
UP000009116	0.01826559857053337	0.020957938121596197	0.030090737406862883	0.030090737406862883	0.030090737406862883	0.04647939764364675	0.030090737406862883	0.04647939764364675	0.04647939764364675	0.07657013505050964	0.04647939764364675	0.07469319671676014	0.03896145490657162	0.03896145490657162	0.03896145490657162	0.060181474813725766	0.060181474813725766	0.10666087245737253	0.06905219231343453	0.09027221222058865
UP000002241	0.017416516963128334	0.022347568697249125	0.03105582717881329	0.03105582717881329	0.03105582717881329	0.039656282635303394	0.03105582717881329	0.039656282635303394	0.039656282635303394	0.07071210981411669	0.039656282635303394	0.06189604830747846	0.048641190634531074	0.048641190634531074	0.048641190634531074	0.06211165435762658	0.06211165435762658	0.10176793699292996	0.07969701781334436	0.09316748153643986
UP000006674	0.018534575200795617	0.020110395755101568	0.029377683355499375	0.029377683355499375	0.029377683355499375	0.05021649453357695	0.029377683355499375	0.05021649453357695	0.05021649453357695	0.07959417788907631	0.05021649453357695	0.08189841386635828	0.03437309941094805	0.03437309941094805	0.03437309941094805	0.05875536671099875	0.05875536671099875	0.1089718612445757	0.06375078276644743	0.08813305006649812
UP000006716	0.018350191858567084	0.02073799639468037	0.029913092323963913	0.029913092323963913	0.029913092323963913	0.047471738156913204	0.029913092323963913	0.047471738156913204	0.047471738156913204	0.07738483048087712	0.047471738156913204	0.07659328445525933	0.03769792837263878	0.03769792837263878	0.03769792837263878	0.05982618464792783	0.05982618464792783	0.10729792280484102	0.0676110206966027	0.08973927697189173
UP000001795	0.016560555016436336	0.02313565495666371	0.03141593246488188	0.03141593246488188	0.03141593246488188	0.03502201676011706	0.03141593246488188	0.03502201676011706	0.03502201676011706	0.06643794922499893	0.03502201676011706	0.05348347850379778	0.056362305997292896	0.056362305997292896	0.056362305997292896	0.06283186492976375	0.06283186492976375	0.09785388168988081	0.08777823846217477	0.09424779739464562
UP000007453	0.0171146754770515	0.022668478529353022	0.03122581626787877	0.03122581626787877	0.03122581626787877	0.03787218339414286	0.03122581626787877	0.03787218339414286	0.03787218339414286	0.06909799966202163	0.03787218339414286	0.05862969131123422	0.05149170257483066	0.05149170257483066	0.05149170257483066	0.06245163253575754	0.06245163253575754	0.1003238159299004	0.08271751884270943	0.0936774488036363
UP000140422	0.014459334353317218	0.02406484324320331	0.03129451041986192	0.03129451041986192	0.03129451041986192	0.02687811447861056	0.03129451041986192	0.02687811447861056	0.02687811447861056	0.058172624898472476	0.02687811447861056	0.0392968946039039	0.07287314615749585	0.07287314615749585	0.07287314615749585	0.06258902083972384	0.06258902083972384	0.0894671353183344	0.10416765657735776	0.09388353125958576
UP000009190	0.012051795649151263	0.02414202856685199	0.03016792639142762	0.03016792639142762	0.03016792639142762	0.02006927909720076	0.03016792639142762	0.02006927909720076	0.02006927909720076	0.050237205488628374	0.02006927909720076	0.028086762545250252	0.09069621069603195	0.09069621069603195	0.09069621069603195	0.06033585278285524	0.06033585278285524	0.080405131880056	0.12086413708745958	0.09050377917428286
UP000007225	0.014687283177779155	0.02401037940855014	0.03135402099743972	0.03135402099743972	0.03135402099743972	0.027630205150776743	0.03135402099743972	0.027630205150776743	0.027630205150776743	0.05898422614821646	0.027630205150776743	0.04057312712377433	0.07115941610591005	0.07115941610591005	0.07115941610591005	0.06270804199487943	0.06270804199487943	0.09033824714565618	0.10251343710334976	0.09406206299231916
UP000008479	0.01651478095656628	0.023168615710679206	0.031426006188962345	0.031426006188962345	0.031426006188962345	0.0348055642954709	0.031426006188962345	0.0348055642954709	0.0348055642954709	0.06623157048443326	0.0348055642954709	0.053096347634375526	0.0567491942727796	0.0567491942727796	0.0567491942727796	0.06285201237792469	0.06285201237792469	0.0976575766733956	0.08817520046174195	0.09427801856688704
UP000002242	0.016355402893175906	0.023277664970524307	0.03145536641711226	0.03145536641711226	0.03145536641711226	0.03407062474613396	0.03145536641711226	0.03407062474613396	0.03407062474613396	0.06552599116324621	0.03407062474613396	0.05178584659909202	0.058081710200930024	0.058081710200930024	0.058081710200930024	0.06291073283422452	0.06291073283422452	0.0969813575803585	0.08953707661804228	0.0943660992513368
UP000007544	0.01726195472121065	0.022518952443331044	0.03114992980393637	0.03114992980393637	0.03114992980393637	0.038717572190438185	0.03114992980393637	0.038717572190438185	0.038717572190438185	0.06986750199437457	0.038717572190438185	0.06017318965966573	0.05012288074352948	0.05012288074352948	0.05012288074352948	0.06229985960787274	0.06229985960787274	0.10101743179831092	0.08127281054746587	0.0934497894118091
UP000007711	0.01860485448116787	0.019757833759446758	0.029060261000030695	0.029060261000030695	0.029060261000030695	0.05171122960306796	0.029060261000030695	0.05171122960306796	0.05171122960306796	0.08077149060309866	0.05171122960306796	0.08481760472496806	0.03266210360388729	0.03266210360388729	0.03266210360388729	0.05812052200006139	0.05812052200006139	0.10983175160312934	0.06172236460391799	0.08718078300009208
UP000009246	0.018687224417617044	0.01893629017827043	0.02827990238707895	0.02827990238707895	0.02827990238707895	0.05509127733653009	0.02827990238707895	0.05509127733653009	0.05509127733653009	0.08337117972360904	0.05509127733653009	0.09149533025544314	0.02903373883082617	0.02903373883082617	0.02903373883082617	0.0565598047741579	0.0565598047741579	0.11165108211068799	0.05731364121790512	0.08483970716123684
UP000002665	0.01593543621831968	0.02352677445251405	0.03149449256167389	0.03149449256167389	0.03149449256167389	0.032256357093228646	0.03149449256167389	0.032256357093228646	0.032256357093228646	0.06375084965490255	0.032256357093228646	0.048577277968137614	0.061501245094137125	0.061501245094137125	0.061501245094137125	0.06298898512334777	0.06298898512334777	0.09524534221657642	0.09299573765581103	0.09448347768502166
UP000002092	0.015502369104356544	0.023733715531448516	0.03148490008362679	0.03148490008362679	0.03148490008362679	0.03053900179785259	0.03148490008362679	0.03053900179785259	0.03053900179785259	0.062023901881479375	0.03053900179785259	0.04557563449134863	0.06492019220783224	0.06492019220783224	0.06492019220783224	0.06296980016725358	0.06296980016725358	0.09350880196510616	0.09640509229145904	0.09445470025088037
UP000007016	0.017781342153404513	0.0218681424509298	0.03075881352763206	0.03075881352763206	0.03075881352763206	0.04214480400656233	0.03075881352763206	0.04214480400656233	0.04214480400656233	0.07290361753419439	0.04214480400656233	0.06650826585972014	0.0448978056455227	0.0448978056455227	0.0448978056455227	0.06151762705526412	0.06151762705526412	0.10366243106182645	0.07565661917315476	0.09227644058289616
UP000009115	0.01603891564116568	0.02347015876227603	0.03148961658285887	0.03148961658285887	0.03148961658285887	0.03268843956342718	0.03148961658285887	0.03268843956342718	0.03268843956342718	0.06417805614628605	0.03268843956342718	0.04933796348568868	0.060669518996855874	0.060669518996855874	0.060669518996855874	0.06297923316571774	0.06297923316571774	0.0956676727291449	0.09215913557971475	0.0944688497485766
UP000002131	0.010650546631804467	0.023816797219513994	0.029142070535416228	0.029142070535416228	0.029142070535416228	0.016784932534638874	0.029142070535416228	0.016784932534638874	0.016784932534638874	0.0459270030700551	0.016784932534638874	0.02291931843747328	0.10119317111803289	0.10119317111803289	0.10119317111803289	0.058284141070832456	0.058284141070832456	0.07506907360547133	0.13033524165344915	0.08742621160624868
UP000009294	0.009154600285149377	0.023179028288480105	0.027756328431054793	0.027756328431054793	0.027756328431054793	0.013659918593400456	0.027756328431054793	0.013659918593400456	0.013659918593400456	0.041416247024455254	0.013659918593400456	0.018165236901651536	0.11279917412462358	0.11279917412462358	0.11279917412462358	0.055512656862109586	0.055512656862109586	0.06917257545551003	0.14055550255567834	0.08326898529316437
UP000008446	0.018574215452483965	0.01992556275869168	0.029212670484933662	0.029212670484933662	0.029212670484933662	0.051003875456964075	0.029212670484933662	0.051003875456964075	0.051003875456964075	0.08021654594189774	0.051003875456964075	0.08343353546144418	0.033463344077897667	0.033463344077897667	0.033463344077897667	0.058425340969867325	0.058425340969867325	0.10942921642683139	0.06267601456283133	0.08763801145480098
UP000002326	0.017774578912178773	0.02187821012956197	0.030765499585651356	0.030765499585651356	0.030765499585651356	0.04209430677799584	0.030765499585651356	0.04209430677799584	0.04209430677799584	0.0728598063636472	0.04209430677799584	0.06641403464381292	0.044971210465425245	0.044971210465425245	0.044971210465425245	0.06153099917130271	0.06153099917130271	0.10362530594929856	0.07573671005107661	0.09229649875695407
UP000007219	0.01535629396346339	0.023793477899505838	0.03147162488123753	0.03147162488123753	0.03147162488123753	0.029989301842452274	0.03147162488123753	0.029989301842452274	0.029989301842452274	0.0614609267236898	0.029989301842452274	0.044622309721441156	0.06605443353557827	0.06605443353557827	0.06605443353557827	0.06294324976247506	0.06294324976247506	0.09293255160492733	0.0975260584168158	0.09441487464371259
UP000006540	0.017588064851893657	0.02213697468141627	0.030931007107363094	0.030931007107363094	0.030931007107363094	0.04077185889908851	0.030931007107363094	0.04077185889908851	0.04077185889908851	0.07170286600645162	0.04077185889908851	0.06395565294628336	0.04693076187885732	0.04693076187885732	0.04693076187885732	0.06186201421472619	0.06186201421472619	0.1026338731138147	0.07786176898622041	0.09279302132208929
UP000000840	0.016334338297350322	0.02329144022703435	0.03145860937570951	0.03145860937570951	0.03145860937570951	0.03397555923487079	0.03145860937570951	0.03397555923487079	0.03397555923487079	0.0654341686105803	0.03397555923487079	0.05161678017239126	0.058256236314589205	0.058256236314589205	0.058256236314589205	0.06291721875141902	0.06291721875141902	0.0968927779862898	0.08971484569029871	0.09437582812712852
UP000201106	0.016896925102407336	0.022868403317888204	0.031316865869091874	0.031316865869091874	0.031316865869091874	0.03669631835483936	0.031316865869091874	0.03669631835483936	0.03669631835483936	0.06801318422393124	0.03669631835483936	0.05649571160727138	0.0534520154517547	0.0534520154517547	0.0534520154517547	0.06263373173818375	0.06263373173818375	0.09933005009302312	0.08476888132084658	0.09395059760727563
UP000008920	0.017508237094278664	0.02223788657100402	0.030992005118143352	0.030992005118143352	0.030992005118143352	0.040242117238681804	0.030992005118143352	0.040242117238681804	0.040242117238681804	0.07123412235682518	0.040242117238681804	0.06297599738308496	0.04773627468684779	0.04773627468684779	0.04773627468684779	0.061984010236286705	0.061984010236286705	0.10222612747496851	0.07872827980499114	0.09297601535443006
UP000009253	0.01806150095351909	0.02139657397668212	0.03042732445344167	0.03042732445344167	0.03042732445344167	0.044442098792070936	0.03042732445344167	0.044442098792070936	0.044442098792070936	0.07486942324551261	0.044442098792070936	0.07082269663062278	0.041664192221281336	0.041664192221281336	0.041664192221281336	0.06085464890688334	0.06085464890688334	0.10529674769895427	0.07209151667472301	0.091281973360325
UP000008286	0.01850118983066209	0.020246913269583142	0.029497508184914187	0.029497508184914187	0.029497508184914187	0.04962924688785293	0.029497508184914187	0.04962924688785293	0.04962924688785293	0.07912675507276712	0.04962924688785293	0.08075730394504378	0.03506412221347017	0.03506412221347017	0.03506412221347017	0.058995016369828374	0.058995016369828374	0.10862426325768132	0.06456163039838435	0.08849252455474256
UP000007908	0.01639691752401031	0.023250089738770578	0.03144854850077574	0.03144854850077574	0.03144854850077574	0.034259360783762204	0.03144854850077574	0.034259360783762204	0.034259360783762204	0.06570790928453793	0.034259360783762204	0.052121804043514096	0.057736699119873953	0.057736699119873953	0.057736699119873953	0.06289709700155148	0.06289709700155148	0.09715645778531366	0.0891852476206497	0.0943456455023272
UP000007670	0.016350565618302094	0.02328084110746716	0.03145612391661821	0.03145612391661821	0.03145612391661821	0.03404875265374614	0.03145612391661821	0.03404875265374614	0.03404875265374614	0.06550487657036436	0.03404875265374614	0.0517469396891902	0.05812181972832263	0.05812181972832263	0.05812181972832263	0.06291224783323641	0.06291224783323641	0.09696100048698256	0.08957794364494084	0.09436837174985463
UP000002501	0.018392090890413937	0.020617006108142114	0.029813051553349085	0.029813051553349085	0.029813051553349085	0.04801035307557705	0.029813051553349085	0.04801035307557705	0.04801035307557705	0.07782340462892612	0.04801035307557705	0.07762861526074016	0.03702609899675133	0.03702609899675133	0.03702609899675133	0.05962610310669817	0.05962610310669817	0.10763645618227523	0.06683915055010041	0.08943915466004726
UP000008167	0.013874307665829567	0.024163998260504253	0.031101152093419036	0.031101152093419036	0.031101152093419036	0.025048519751811292	0.031101152093419036	0.025048519751811292	0.025048519751811292	0.05614967184523033	0.025048519751811292	0.03622273183779302	0.07723264058092996	0.07723264058092996	0.07723264058092996	0.06220230418683807	0.06220230418683807	0.08725082393864937	0.108333792674349	0.0933034562802571
UP000110594	0.006193910315785146	0.020908151807590532	0.024005106965483105	0.024005106965483105	0.024005106965483105	0.008347865816615587	0.024005106965483105	0.008347865816615587	0.008347865816615587	0.03235297278209869	0.008347865816615587	0.010501821317446028	0.13805807929430958	0.13805807929430958	0.13805807929430958	0.04801021393096621	0.04801021393096621	0.056358079747581794	0.16206318625979266	0.07201532089644933
UP000008447	0.017182097777931577	0.022601577462898315	0.031192626351864105	0.031192626351864105	0.031192626351864105	0.03825371420500093	0.031192626351864105	0.03825371420500093	0.03825371420500093	0.06944634055686504	0.03825371420500093	0.05932533063207029	0.050869828404783164	0.050869828404783164	0.050869828404783164	0.06238525270372821	0.06238525270372821	0.10063896690872914	0.08206245475664728	0.09357787905559231
UP000002325	0.016999840185665947	0.022776836999676378	0.03127675709250935	0.03127675709250935	0.03127675709250935	0.03724192523973374	0.03127675709250935	0.03724192523973374	0.03724192523973374	0.06851868233224309	0.03724192523973374	0.05748401029380154	0.05253410117370333	0.05253410117370333	0.05253410117370333	0.0625535141850187	0.0625535141850187	0.09979543942475243	0.08381085826621268	0.09383027127752805
UP000006541	0.01601682735081572	0.023482492141581643	0.0314909058169895	0.0314909058169895	0.0314909058169895	0.03259544034845757	0.0314909058169895	0.03259544034845757	0.03259544034845757	0.06408634616544709	0.03259544034845757	0.04917405334609942	0.06084759945397883	0.06084759945397883	0.06084759945397883	0.062981811633979	0.062981811633979	0.09557725198243659	0.09233850527096833	0.09447271745096851
UP000138352	0.017922497005813148	0.02164505285964384	0.030606301362550412	0.030606301362550412	0.030606301362550412	0.04324738296975982	0.030606301362550412	0.04324738296975982	0.04324738296975982	0.07385368433231022	0.04324738296975982	0.06857226893370648	0.04332034073600535	0.04332034073600535	0.04332034073600535	0.061212602725100825	0.061212602725100825	0.10445998569486065	0.07392664209855575	0.09181890408765123
UP000006711	0.012366603702344063	0.02417911618168042	0.030362418032852452	0.030362418032852452	0.030362418032852452	0.020864851368278363	0.030362418032852452	0.020864851368278363	0.020864851368278363	0.051227269401130815	0.020864851368278363	0.02936309903421266	0.08836645059482648	0.08836645059482648	0.08836645059482648	0.060724836065704904	0.060724836065704904	0.08158968743398326	0.11872886862767894	0.09108725409855735
UP000008622	0.018655481340041108	0.01938699588821539	0.028714736558235945	0.028714736558235945	0.028714736558235945	0.05325317038158393	0.028714736558235945	0.05325317038158393	0.05325317038158393	0.08196790693981985	0.05325317038158393	0.08785085942312675	0.030966648171393527	0.030966648171393527	0.030966648171393527	0.05742947311647189	0.05742947311647189	0.11068264349805582	0.05968138472962947	0.08614420967470783
UP000001189	0.013621812622266782	0.024189810949321953	0.031000717260455342	0.031000717260455342	0.031000717260455342	0.024298767411949498	0.031000717260455342	0.024298767411949498	0.024298767411949498	0.05529948467240484	0.024298767411949498	0.03497572220163222	0.07910232271206294	0.07910232271206294	0.07910232271206294	0.062001434520910684	0.062001434520910684	0.08630020193286018	0.11010303997251829	0.09300215178136602
UP000516359	0.01869013920988596	0.01883298350130163	0.028178053106244612	0.028178053106244612	0.028178053106244612	0.055507642772917025	0.028178053106244612	0.055507642772917025	0.055507642772917025	0.08368569587916164	0.055507642772917025	0.0923251463359481	0.02860876943042326	0.02860876943042326	0.02860876943042326	0.056356106212489224	0.056356106212489224	0.11186374898540626	0.05678682253666788	0.08453415931873384
UP000002477	0.016681569578382294	0.0230447604339033	0.031385545223094446	0.031385545223094446	0.031385545223094446	0.03560670726374584	0.031385545223094446	0.03560670726374584	0.03560670726374584	0.06699225248684028	0.03560670726374584	0.05453184494910938	0.055329600777428295	0.055329600777428295	0.055329600777428295	0.06277109044618889	0.06277109044618889	0.09837779770993474	0.08671514600052274	0.09415663566928334
UP000009104	0.017874621619873254	0.021723649267689875	0.030660960077626503	0.030660960077626503	0.030660960077626503	0.0428623926779672	0.030660960077626503	0.0428623926779672	0.0428623926779672	0.07352335275559371	0.0428623926779672	0.06785016373606115	0.043865702036043744	0.043865702036043744	0.043865702036043744	0.06132192015525301	0.06132192015525301	0.10418431283322022	0.07452666211367023	0.09198288023287951
UP000007218	0.01792371518101621	0.021643010387510535	0.030604867978018643	0.030604867978018643	0.030604867978018643	0.043257339894230785	0.030604867978018643	0.043257339894230785	0.043257339894230785	0.07386220787224944	0.043257339894230785	0.06859096460744536	0.043306312697090864	0.043306312697090864	0.043306312697090864	0.061209735956037285	0.061209735956037285	0.10446707585026807	0.0739111806751095	0.09181460393405592
UP000000518	0.012533186581620476	0.024193297497657383	0.03045989078846762	0.03045989078846762	0.03045989078846762	0.02129557614733408	0.03045989078846762	0.02129557614733408	0.02129557614733408	0.05175546693580171	0.02129557614733408	0.030057965713047682	0.08713593287416395	0.08713593287416395	0.08713593287416395	0.06091978157693524	0.06091978157693524	0.08221535772426931	0.11759582366263158	0.09137967236540286
UP000008774	0.01217201362858694	0.0241577702628441	0.03024377707713757	0.03024377707713757	0.03024377707713757	0.02037032345022134	0.03024377707713757	0.02037032345022134	0.02037032345022134	0.05061410052735891	0.02037032345022134	0.02856863327185574	0.0898057464945804	0.0898057464945804	0.0898057464945804	0.06048755415427514	0.06048755415427514	0.08085787760449649	0.12004952357171798	0.0907313312314127
UP000001833	0.018039601410438318	0.021437954225875088	0.030457754931094247	0.030457754931094247	0.030457754931094247	0.044245366905782194	0.030457754931094247	0.044245366905782194	0.044245366905782194	0.07470312183687644	0.044245366905782194	0.07045113240112606	0.04193319664036341	0.04193319664036341	0.04193319664036341	0.060915509862188494	0.060915509862188494	0.1051608767679707	0.07239095157145765	0.09137326479328274
UP000002138	0.01370899453182792	0.024182011940927065	0.031036509206841027	0.031036509206841027	0.031036509206841027	0.02455512766739519	0.031036509206841027	0.02455512766739519	0.02455512766739519	0.05559163687423622	0.02455512766739519	0.035401260802962464	0.078457332154324	0.078457332154324	0.078457332154324	0.062073018413682055	0.062073018413682055	0.08662814608107725	0.10949384136116502	0.09310952762052307
UP000008478	0.018160716258706994	0.021196593375868367	0.030276951505221868	0.030276951505221868	0.030276951505221868	0.045381351077937004	0.030276951505221868	0.045381351077937004	0.045381351077937004	0.07565830258315887	0.045381351077937004	0.07260198589716702	0.0403995813555769	0.0403995813555769	0.0403995813555769	0.060553903010443735	0.060553903010443735	0.10593525408838074	0.07067653286079878	0.09083085451566561
UP000158064	0.018078295664877977	0.021364207304099637	0.030403355136538628	0.030403355136538628	0.030403355136538628	0.04459539076678991	0.030403355136538628	0.04459539076678991	0.04459539076678991	0.07499874590332853	0.04459539076678991	0.07111248586870184	0.04145558487837544	0.04145558487837544	0.04145558487837544	0.060806710273077255	0.060806710273077255	0.10540210103986715	0.07185894001491407	0.09121006540961589
UP000001065	0.0186883220581731	0.018477487584819995	0.027821648613906545	0.027821648613906545	0.027821648613906545	0.05692777175032885	0.027821648613906545	0.05692777175032885	0.05692777175032885	0.0847494203642354	0.05692777175032885	0.0951672214424846	0.027193902300987796	0.027193902300987796	0.027193902300987796	0.05564329722781309	0.05564329722781309	0.11257106897814194	0.05501555091489433	0.08346494584171962
UP000002473	0.017135097272685126	0.022648480707194996	0.031216029343537555	0.031216029343537555	0.031216029343537555	0.0379868105731248	0.031216029343537555	0.0379868105731248	0.0379868105731248	0.06920283991666236	0.0379868105731248	0.058838523873564474	0.05130414863868579	0.05130414863868579	0.05130414863868579	0.06243205868707511	0.06243205868707511	0.10041886926019991	0.08252017798222334	0.09364808803061267
UP000001594	0.014238346351487382	0.024108978030554534	0.031228151206298224	0.031228151206298224	0.031228151206298224	0.026170826362728283	0.031228151206298224	0.026170826362728283	0.026170826362728283	0.0573989775690265	0.026170826362728283	0.038103306373969185	0.07452553574328646	0.07452553574328646	0.07452553574328646	0.06245630241259645	0.06245630241259645	0.08862712877532473	0.10575368694958469	0.09368445361889467
UP000000868	0.018161688053939237	0.021194522519697744	0.03027536654666736	0.03027536654666736	0.03027536654666736	0.04539098204309433	0.03027536654666736	0.04539098204309433	0.04539098204309433	0.0756663485897617	0.04539098204309433	0.07262027603224942	0.040386780733884305	0.040386780733884305	0.040386780733884305	0.06055073309333472	0.06055073309333472	0.10594171513642907	0.07066214728055166	0.09082609964000209
UP000009165	0.017911695972851947	0.02166306799219378	0.030618915978619755	0.030618915978619755	0.030618915978619755	0.04315945688973673	0.030618915978619755	0.04315945688973673	0.04315945688973673	0.07377837286835648	0.04315945688973673	0.06840721780662151	0.04344438430265405	0.04344438430265405	0.04344438430265405	0.06123783195723951	0.06123783195723951	0.10439728884697624	0.0740633002812738	0.09185674793585927
UP000002243	0.018335479495300094	0.0207784032593104	0.02994614300696045	0.02994614300696045	0.02994614300696045	0.04729074186983551	0.02994614300696045	0.04729074186983551	0.04729074186983551	0.07723688487679595	0.04729074186983551	0.07624600424437093	0.03792587916939969	0.03792587916939969	0.03792587916939969	0.0598922860139209	0.0598922860139209	0.10718302788375642	0.06787202217636015	0.08983842902088134
UP000242267	0.018587680620208363	0.01985516888509659	0.029149009195200776	0.029149009195200776	0.029149009195200776	0.0513015450157319	0.029149009195200776	0.0513015450157319	0.0513015450157319	0.08045055421093267	0.0513015450157319	0.08401540941125543	0.03312433326525916	0.03312433326525916	0.03312433326525916	0.05829801839040155	0.05829801839040155	0.10959956340613344	0.062273342460459936	0.08744702758560231
UP000158680	0.01114735766099391	0.02396185632827197	0.029535535158768927	0.029535535158768927	0.029535535158768927	0.017905155318600575	0.029535535158768927	0.017905155318600575	0.017905155318600575	0.047440690477369506	0.017905155318600575	0.02466295297620724	0.09744096843534737	0.09744096843534737	0.09744096843534737	0.059071070317537853	0.059071070317537853	0.07697622563613843	0.1269765035941163	0.08860660547630679
UP000153037	0.012811165082308595	0.024208450973713415	0.030614033514867717	0.030614033514867717	0.030614033514867717	0.02203023847982908	0.030614033514867717	0.02203023847982908	0.02203023847982908	0.0526442719946968	0.02203023847982908	0.031249311877349563	0.08508478461615955	0.08508478461615955	0.08508478461615955	0.06122806702973543	0.06122806702973543	0.0832583055095645	0.11569881813102727	0.09184210054460315
UP000000373	0.01780496541165855	0.021832559594197925	0.0307350423000272	0.0307350423000272	0.0307350423000272	0.042322746399916414	0.0307350423000272	0.042322746399916414	0.042322746399916414	0.07305778869994362	0.042322746399916414	0.06684052738817428	0.0446399586765157	0.0446399586765157	0.0446399586765157	0.0614700846000544	0.0614700846000544	0.10379283099997082	0.07537500097654289	0.09220512690008159
UP000000522	0.01753999520231822	0.022198377870314416	0.030968375471473526	0.030968375471473526	0.030968375471473526	0.0404505343388971	0.030968375471473526	0.0404505343388971	0.0404505343388971	0.07141890981037063	0.0404505343388971	0.06336107347547597	0.04741792883660145	0.04741792883660145	0.04741792883660145	0.06193675094294705	0.06193675094294705	0.10238728528184415	0.07838630430807499	0.09290512641442057
UP000007081	0.01780783270183702	0.021828195737279264	0.030732112088197774	0.030732112088197774	0.030732112088197774	0.042344512547312814	0.030732112088197774	0.042344512547312814	0.042344512547312814	0.0730766246355106	0.042344512547312814	0.0668811923927886	0.04460850564031289	0.04460850564031289	0.04460850564031289	0.06146422417639555	0.06146422417639555	0.10380873672370836	0.07534061772851065	0.09219633626459331
UP000002246	0.018690161780314067	0.018831882275226024	0.028176963165383057	0.028176963165383057	0.028176963165383057	0.05551207184202368	0.028176963165383057	0.05551207184202368	0.05551207184202368	0.08368903500740674	0.05551207184202368	0.09233398190373329	0.02860427387695968	0.02860427387695968	0.02860427387695968	0.056353926330766115	0.056353926330766115	0.11186599817278979	0.05678123704234274	0.08453088949614919
UP000006723	0.01563167038873953	0.023676740956126513	0.03149257615049628	0.03149257615049628	0.03149257615049628	0.031037418510096018	0.03149257615049628	0.031037418510096018	0.031037418510096018	0.0625299946605923	0.031037418510096018	0.0464431666314525	0.06390881717641529	0.06390881717641529	0.06390881717641529	0.06298515230099257	0.06298515230099257	0.09402257081108857	0.09540139332691157	0.09447772845148884
UP000000469	0.018139361272703273	0.021241513857024913	0.03031119449337655	0.03031119449337655	0.03031119449337655	0.04517197184304813	0.03031119449337655	0.04517197184304813	0.04517197184304813	0.07548316633642468	0.04517197184304813	0.07220458241339298	0.040678698499485466	0.040678698499485466	0.040678698499485466	0.0606223889867531	0.0606223889867531	0.10579436082980122	0.07098989299286203	0.09093358348012963
UP000000869	0.011360263408039865	0.024014024791651413	0.029694156495671347	0.029694156495671347	0.029694156495671347	0.018399444016500687	0.029694156495671347	0.018399444016500687	0.018399444016500687	0.04809360051217204	0.018399444016500687	0.025438624624961513	0.09584451891031823	0.09584451891031823	0.09584451891031823	0.059388312991342694	0.059388312991342694	0.07778775700784338	0.12553867540598956	0.08908246948701404
