	AAA	AAC	AAG	AAT	ACA	ACC	ACG	ACT	AGA	AGC	AGG	AGT	ATA	ATC	ATG	ATT	CAA	CAC	CAG	CAT	CCA	CCC	CCG	CCT	CGA	CGC	CGG	CGT	CTA	CTC	CTG	CTT	GAA	GAC	GAG	GAT	GCA	GCC	GCG	GCT	GGA	GGC	GGG	GGT	GTA	GTC	GTG	GTT	TAA	TAC	TAG	TAT	TCA	TCC	TCG	TCT	TGA	TGC	TGG	TGT	TTA	TTC	TTG	TTT
Start	415900.0	289866.0	500135.0	363956.0	277300.0	223159.0	209354.0	255950.0	223538.0	307563.0	229741.0	292887.0	163918.0	192721.0	14681441.0	253512.0	228099.0	156040.0	347736.0	174095.0	251325.0	241214.0	236937.0	299698.0	95114.0	144909.0	133311.0	111433.0	115225.0	220799.0	323428.0	221081.0	566942.0	430094.0	726313.0	562735.0	617093.0	617860.0	783297.0	760040.0	323263.0	309505.0	324747.0	316280.0	144538.0	201506.0	365651.0	269802.0	24554.0	143321.0	12497.0	174022.0	344953.0	336713.0	344802.0	492653.0	25397.0	132076.0	190388.0	149870.0	159308.0	244473.0	271226.0	328539.0
AAA	19135850.0	7562336.0	14099403.0	11153165.0	7493242.0	4830935.0	2710145.0	6193897.0	7264765.0	4808547.0	4512923.0	5386360.0	6568482.0	7060058.0	8912076.0	10214641.0	8589256.0	4183899.0	7612984.0	5520023.0	6398309.0	3662788.0	2256515.0	5481861.0	2866326.0	2373584.0	2082187.0	2580495.0	4144666.0	5566627.0	7626069.0	7387992.0	15972770.0	7532641.0	10915732.0	11694668.0	7615576.0	5804903.0	2741653.0	7895032.0	7429528.0	4836637.0	3836167.0	5517761.0	4458677.0	4938412.0	6798678.0	7515862.0	1445781.0	5224147.0	593212.0	6816937.0	6619569.0	4493421.0	2569593.0	6437918.0	973785.0	3560145.0	5133062.0	4767888.0	6970824.0	7117046.0	8142132.0	9663173.0
AAC	7562336.0	8652952.0	9011032.0	6683419.0	4918624.0	5819955.0	3160091.0	4308466.0	3664142.0	5466418.0	3134819.0	3643090.0	3338985.0	7370250.0	6724574.0	5760331.0	4811886.0	4336513.0	6908446.0	3431241.0	4300291.0	4212133.0	2645907.0	4071427.0	1876529.0	3021499.0	2087531.0	1814501.0	2482092.0	6161024.0	8094248.0	4488108.0	7737822.0	7951324.0	8996349.0	7331180.0	4551432.0	6537829.0	3109033.0	5128934.0	4460105.0	5623801.0	3088209.0	3778914.0	2423109.0	5221081.0	6356761.0	4383293.0	519712.0	5490720.0	285694.0	3901208.0	4088761.0	4753858.0	2719207.0	4382968.0	517360.0	3384830.0	3937930.0	2772981.0	3017922.0	7071933.0	5031937.0	5607700.0
AAG	14099403.0	9011032.0	20673056.0	8405300.0	6410075.0	6443355.0	4201164.0	5578791.0	6304742.0	6543701.0	6110619.0	4841446.0	4932841.0	9494737.0	10527594.0	8772433.0	6936462.0	5599590.0	10981352.0	4914557.0	5992833.0	5330227.0	3738442.0	5520773.0	3074281.0	4513691.0	3861920.0	2977161.0	3813177.0	8045339.0	12766053.0	7121373.0	12906687.0	10203719.0	16473384.0	10527124.0	7433951.0	9107094.0	5269895.0	8268533.0	6909760.0	7652356.0	5276958.0	5550289.0	3661748.0	6788157.0	10118556.0	6828354.0	758529.0	6958888.0	486267.0	5728492.0	5476715.0	5683829.0	3699202.0	5939398.0	788194.0	4534708.0	6243892.0	4142675.0	4571469.0	9437553.0	8570413.0	8426003.0
AAT	11153165.0	6683419.0	8405300.0	12748698.0	6250085.0	4079190.0	2387763.0	5661976.0	4758841.0	4129894.0	3045946.0	5190292.0	5410528.0	5607866.0	7160746.0	8754320.0	6692896.0	3121407.0	5752596.0	4881067.0	5238848.0	2777881.0	1977459.0	4779186.0	2034088.0	1719369.0	1490863.0	2047031.0	3133037.0	4181668.0	5695730.0	5891120.0	11218276.0	5926339.0	7725867.0	10867780.0	5521519.0	4176665.0	2131859.0	6158629.0	5474650.0	3764610.0	2911130.0	4796658.0	3589656.0	3902631.0	5473256.0	6336183.0	1106696.0	4166955.0	441847.0	6095604.0	5848356.0	3761619.0	2378979.0	5955351.0	621574.0	2761093.0	3869283.0	3820888.0	5671523.0	5721824.0	6736364.0	8177497.0
ACA	7493242.0	4918624.0	6410075.0	6250085.0	7146472.0	4016928.0	2385819.0	4588380.0	3988614.0	3556292.0	2674977.0	3598980.0	3547159.0	4136599.0	5319762.0	5092255.0	4745071.0	2631177.0	5107745.0	3113563.0	5181080.0	2974178.0	1947226.0	4102932.0	1651996.0	1522436.0	1375513.0	1515576.0	2333141.0	3419116.0	4902334.0	3902214.0	7976506.0	4702618.0	6605763.0	6564238.0	5301799.0	3886416.0	2018928.0	4840455.0	4651744.0	3369054.0	2600127.0	3498220.0	2603409.0	3080539.0	4429986.0	4067184.0	605254.0	3048631.0	336184.0	3536958.0	5081538.0	3438356.0	2047505.0	4567941.0	715071.0	2217492.0	3109565.0	2619393.0	3332661.0	4088646.0	4265189.0	4892627.0
ACC	4830935.0	5819955.0	6443355.0	4079190.0	4016928.0	6265900.0	2691563.0	3604344.0	2569780.0	4403526.0	2402551.0	2584730.0	1985970.0	5507840.0	4718598.0	3552220.0	3272045.0	3367175.0	5489651.0	2261581.0	3788989.0	4489700.0	2536455.0	3591056.0	1429179.0	2670900.0	1743530.0	1391682.0	1679526.0	5160926.0	6209376.0	2988983.0	5362150.0	6128005.0	7280276.0	4896024.0	3694266.0	6422672.0	2713852.0	4193053.0	3458052.0	5046680.0	2739799.0	2897515.0	1619029.0	4301521.0	4893651.0	2943572.0	294370.0	3819481.0	205703.0	2395970.0	3239874.0	4789943.0	2367010.0	3599749.0	471665.0	2634877.0	2819239.0	1893799.0	1725915.0	5245275.0	3134022.0	3537027.0
ACG	2710145.0	3160091.0	4201164.0	2387763.0	2385819.0	2691563.0	2777066.0	1861190.0	1505867.0	2563276.0	1635387.0	1544322.0	1248604.0	2931673.0	3150911.0	2054560.0	1914549.0	1859863.0	3423841.0	1339433.0	2139946.0	2277342.0	2305807.0	1915823.0	1053330.0	1795946.0	1493136.0	959779.0	985382.0	2736500.0	4061135.0	1711153.0	3175795.0	3561799.0	4975806.0	2945966.0	2333798.0	3336538.0	2915405.0	2336319.0	2138423.0	3041120.0	1952999.0	1722583.0	1012208.0	2324014.0	3467529.0	1724952.0	135031.0	2136515.0	111049.0	1412973.0	1852558.0	2257067.0	2134807.0	1870663.0	264708.0	1532604.0	1923556.0	1086771.0	1034272.0	2863629.0	2188822.0	2002832.0
ACT	6193897.0	4308466.0	5578791.0	5661976.0	4588380.0	3604344.0	1861190.0	5355260.0	3165482.0	3077748.0	2196069.0	3263763.0	2765159.0	3816243.0	4525429.0	4825848.0	4067025.0	2313944.0	4349981.0	2895739.0	4253151.0	2712312.0	1715608.0	4029496.0	1445254.0	1441193.0	1189562.0	1494278.0	1985191.0	3335205.0	4208094.0	3826083.0	6874533.0	4244315.0	5803389.0	6253918.0	4203742.0	3679739.0	1733018.0	4999830.0	4154525.0	3162590.0	2312014.0	3547502.0	2212243.0	3041795.0	3829358.0	4107902.0	528750.0	2728189.0	282133.0	3202881.0	4102126.0	3202553.0	1792559.0	4488805.0	545316.0	1972081.0	2623196.0	2355875.0	2814190.0	3870175.0	3899090.0	4565228.0
AGA	7264765.0	3664142.0	6304742.0	4758841.0	3988614.0	2569780.0	1505867.0	3165482.0	5642318.0	3066271.0	3490755.0	3091232.0	2949497.0	3395417.0	4610844.0	4589627.0	4161005.0	2526561.0	4439514.0	3166514.0	3595884.0	2091960.0	1353967.0	3116110.0	1881262.0	1436298.0	1519402.0	1591758.0	2056132.0	2867439.0	4201250.0	3644139.0	7003911.0	3591936.0	5747397.0	5229789.0	4087026.0	3107938.0	1612869.0	4306523.0	4469618.0	2732430.0	2466632.0	3115217.0	2122000.0	2468256.0	3647620.0	3688455.0	736263.0	2608429.0	415055.0	3184095.0	3580175.0	2562670.0	1437145.0	3536311.0	1069977.0	2096547.0	3141512.0	2469161.0	3063160.0	3538600.0	4051611.0	4450303.0
AGC	4808547.0	5466418.0	6543701.0	4129894.0	3556292.0	4403526.0	2563276.0	3077748.0	3066271.0	7139078.0	3113632.0	3665372.0	2089135.0	4785026.0	4793455.0	3588232.0	3181607.0	3342050.0	5963319.0	2418739.0	3623718.0	4026611.0	2651187.0	3446107.0	1582977.0	2762996.0	2270478.0	1437436.0	1689736.0	4471097.0	6715503.0	3027620.0	5525521.0	6532821.0	8106267.0	5449877.0	3924821.0	5995945.0	3215803.0	4211578.0	4069259.0	6075981.0	3646164.0	3316290.0	1712096.0	3826438.0	5421917.0	3056672.0	391789.0	3608596.0	285291.0	2452983.0	3437871.0	4417231.0	2564445.0	3709466.0	654643.0	2962486.0	3175541.0	2143866.0	1866995.0	4759581.0	3485139.0	3597387.0
AGG	4512923.0	3134819.0	6110619.0	3045946.0	2674977.0	2402551.0	1635387.0	2196069.0	3490755.0	3113632.0	4100936.0	2290377.0	1880106.0	3047523.0	4023550.0	3011668.0	2654026.0	2292681.0	4498914.0	2122641.0	2653453.0	2286473.0	1638329.0	2447198.0	1433536.0	1689315.0	2028802.0	1250525.0	1473798.0	2852240.0	4885650.0	2683253.0	4424388.0	3354436.0	6058666.0	3585363.0	3037644.0	3219490.0	2139904.0	3182311.0	3043275.0	2915736.0	2836908.0	2217013.0	1366354.0	2268124.0	3895937.0	2480233.0	381319.0	2322385.0	315920.0	2100200.0	2454104.0	2415608.0	1476996.0	2546656.0	747345.0	2038565.0	2952338.0	1818765.0	1726057.0	3244459.0	3313304.0	3130947.0
AGT	5386360.0	3643090.0	4841446.0	5190292.0	3598980.0	2584730.0	1544322.0	3263763.0	3091232.0	3665372.0	2290377.0	4414618.0	2595909.0	3166140.0	4078498.0	4290804.0	3425983.0	2023736.0	3935664.0	2672598.0	3362282.0	2105007.0	1444508.0	3143616.0	1352249.0	1241059.0	1238088.0	1357183.0	1746861.0	2616013.0	3909006.0	3251219.0	6084617.0	3963936.0	5311163.0	6091040.0	3543662.0	2950735.0	1593166.0	3968310.0	3945713.0	3034771.0	2474632.0	3544689.0	2043545.0	2463777.0	3728686.0	3613345.0	490511.0	2352195.0	283496.0	2964315.0	3734263.0	2737850.0	1670611.0	3913768.0	572161.0	1888950.0	2521204.0	2403562.0	2641209.0	3222580.0	3696819.0	4165627.0
ATA	6568482.0	3338985.0	4932841.0	5410528.0	3547159.0	1985970.0	1248604.0	2765159.0	2949497.0	2089135.0	1880106.0	2595909.0	3011896.0	2459329.0	3635546.0	3722948.0	3663980.0	1702315.0	3368525.0	2490526.0	2928046.0	1457768.0	1056156.0	2473798.0	1193444.0	940529.0	880608.0	1147997.0	1607133.0	1899325.0	2690724.0	2633531.0	6747137.0	3394452.0	4837448.0	5721641.0	3307546.0	2237293.0	1212187.0	3336051.0	3359476.0	2074040.0	1775510.0	2653432.0	1885988.0	1821020.0	2755251.0	2927068.0	669823.0	2030930.0	303179.0	2905339.0	3218219.0	1966667.0	1251700.0	3075802.0	410092.0	1452734.0	1990119.0	2039566.0	2644828.0	2634780.0	2970694.0	3785136.0
ATC	7060058.0	7370250.0	9494737.0	5607866.0	4136599.0	5507840.0	2931673.0	3816243.0	3395417.0	4785026.0	3047523.0	3166140.0	2459329.0	6927460.0	5823573.0	4633445.0	4542308.0	4291411.0	7463530.0	3267131.0	3945445.0	4220376.0	2624756.0	3832223.0	2066303.0	3532537.0	2359155.0	2048414.0	2767572.0	5840290.0	7036360.0	3734755.0	7990108.0	8535947.0	10578074.0	7459795.0	4487565.0	7377370.0	3361044.0	5444725.0	4609903.0	6273930.0	3410796.0	4063251.0	1993732.0	5264952.0	6128848.0	3908697.0	409128.0	4847904.0	238346.0	3323730.0	3700741.0	5064791.0	2804450.0	4214564.0	427442.0	3159287.0	3462973.0	2508933.0	2184831.0	6639123.0	3884126.0	4710719.0
ATG	8912076.0	6724574.0	10527594.0	7160746.0	5319762.0	4718598.0	3150911.0	4525429.0	4610844.0	4793455.0	4023550.0	4078498.0	3635546.0	5823573.0	8767306.0	5995881.0	5771308.0	3842062.0	8224756.0	3972014.0	4963387.0	3895208.0	2876858.0	4577708.0	2349618.0	3016529.0	2599947.0	2311669.0	2555278.0	4921610.0	7608945.0	4650569.0	10152766.0	7532693.0	11618267.0	8790916.0	5824929.0	6443087.0	3802671.0	6399315.0	5501017.0	5399693.0	3864429.0	4628634.0	2799167.0	4536752.0	6972698.0	4969750.0	604378.0	4569021.0	363086.0	4410939.0	4845950.0	4615095.0	2997243.0	5085743.0	616134.0	3082659.0	4214451.0	3066487.0	3353105.0	6091823.0	5567307.0	5979679.0
ATT	10214641.0	5760331.0	8772433.0	8754320.0	5092255.0	3552220.0	2054560.0	4825848.0	4589627.0	3588232.0	3011668.0	4290804.0	3722948.0	4633445.0	5995881.0	6777616.0	6164497.0	3019094.0	6022529.0	4390470.0	4725071.0	2683222.0	1820547.0	4449659.0	2192732.0	1970288.0	1657006.0	2285603.0	2432129.0	3727282.0	4769136.0	4909737.0	11119931.0	6097414.0	8637193.0	10172186.0	5377939.0	4410645.0	2167398.0	6407241.0	5766766.0	4055449.0	3094235.0	5077911.0	2852592.0	3667627.0	4825304.0	5543509.0	893153.0	3563856.0	386468.0	4792517.0	5031780.0	3552437.0	2199200.0	5387486.0	571714.0	2529906.0	3372285.0	3312536.0	4004902.0	5011866.0	5172566.0	6759230.0
CAA	8589256.0	4811886.0	6936462.0	6692896.0	4745071.0	3272045.0	1914549.0	4067025.0	4161005.0	3181607.0	2654026.0	3425983.0	3663980.0	4542308.0	5771308.0	6164497.0	9131174.0	3220001.0	7482397.0	4244664.0	5059392.0	2799527.0	2012784.0	4348613.0	2212427.0	1895383.0	1580101.0	2026273.0	2931419.0	4260198.0	5150686.0	5295886.0	9507306.0	4668555.0	6980655.0	7046233.0	5141580.0	4150866.0	2151147.0	5516610.0	4634405.0	3309862.0	2416330.0	3730162.0	2731111.0	3371512.0	4244681.0	4840603.0	728636.0	3359122.0	340644.0	4176938.0	4503405.0	3150643.0	1975999.0	4484643.0	727607.0	2286455.0	3282730.0	2808922.0	4031600.0	4547132.0	5123037.0	5663131.0
CAC	4183899.0	4336513.0	5599590.0	3121407.0	2631177.0	3367175.0	1859863.0	2313944.0	2526561.0	3342050.0	2292681.0	2023736.0	1702315.0	4291411.0	3842062.0	3019094.0	3220001.0	5360272.0	5667195.0	2964295.0	3027772.0	3580036.0	2228132.0	3037904.0	1533411.0	2963362.0	2015724.0	1484655.0	1558957.0	4728248.0	5889781.0	2889773.0	4355879.0	5289016.0	6049549.0	4095719.0	2963882.0	4853163.0	2417127.0	3382315.0	3070573.0	4110530.0	2482414.0	2395308.0	1391344.0	3404199.0	4168265.0	2491319.0	337022.0	3539916.0	216472.0	2242592.0	2347090.0	3306451.0	1751702.0	2675985.0	528278.0	2516811.0	2637916.0	1922988.0	1524889.0	4421754.0	2702213.0	3121494.0
CAG	7612984.0	6908446.0	10981352.0	5752596.0	5107745.0	5489651.0	3423841.0	4349981.0	4439514.0	5963319.0	4498914.0	3935664.0	3368525.0	7463530.0	8224756.0	6022529.0	7482397.0	5667195.0	16125410.0	4430340.0	5790847.0	5528868.0	4035633.0	5457583.0	2652008.0	4191550.0	3920400.0	2526169.0	3165497.0	7562021.0	12982406.0	5728661.0	8946563.0	8130499.0	13606480.0	7254399.0	6162217.0	8410619.0	4736604.0	6808425.0	5319002.0	6538865.0	4606809.0	4250922.0	2772507.0	5646428.0	8631034.0	4928525.0	506407.0	5654865.0	385570.0	4194904.0	4526721.0	5264730.0	3123354.0	4972521.0	841006.0	4106832.0	5098800.0	3451216.0	3171744.0	7373692.0	6060888.0	5952550.0
CAT	5520023.0	3431241.0	4914557.0	4881067.0	3113563.0	2261581.0	1339433.0	2895739.0	3166514.0	2418739.0	2122641.0	2672598.0	2490526.0	3267131.0	3972014.0	4390470.0	4244664.0	2964295.0	4430340.0	4183398.0	3422571.0	2150419.0	1511868.0	3379056.0	1650287.0	1547557.0	1325272.0	1668577.0	1915504.0	3056995.0	3898643.0	3792771.0	5661843.0	3633060.0	4709652.0	5644478.0	3404115.0	2839279.0	1502516.0	3894452.0	3563938.0	2607214.0	2034350.0	2985422.0	1900767.0	2503371.0	3309434.0	3526305.0	523174.0	2617593.0	266842.0	3377268.0	3131653.0	2460325.0	1438651.0	3492775.0	632704.0	1929825.0	2601515.0	2460797.0	2631768.0	3543971.0	3611690.0	4452719.0
CCA	6398309.0	4300291.0	5992833.0	5238848.0	5181080.0	3788989.0	2139946.0	4253151.0	3595884.0	3623718.0	2653453.0	3362282.0	2928046.0	3945445.0	4963387.0	4725071.0	5059392.0	3027772.0	5790847.0	3422571.0	8206824.0	4524704.0	3269759.0	6394149.0	1792927.0	1776883.0	1651251.0	1681622.0	2365616.0	3795620.0	5182918.0	4130778.0	6967263.0	4504314.0	6250145.0	6116712.0	4874202.0	4107825.0	2111573.0	4912674.0	4897809.0	3750190.0	2978746.0	3856688.0	2434427.0	3126953.0	4304386.0	4144076.0	458836.0	3150882.0	288009.0	3624685.0	5157979.0	3921544.0	2254709.0	5014960.0	695871.0	2397946.0	3399445.0	2614532.0	2943586.0	4198224.0	4059922.0	4800444.0
CCC	3662788.0	4212133.0	5330227.0	2777881.0	2974178.0	4489700.0	2277342.0	2712312.0	2091960.0	4026611.0	2286473.0	2105007.0	1457768.0	4220376.0	3895208.0	2683222.0	2799527.0	3580036.0	5528868.0	2150419.0	4524704.0	7094772.0	3831907.0	4808882.0	1355165.0	2876237.0	2048810.0	1299283.0	1412911.0	4992442.0	6135422.0	2671292.0	4186047.0	5392782.0	6667075.0	3826500.0	3198133.0	6394711.0	2963301.0	3766087.0	3285091.0	5251385.0	3271807.0	2674731.0	1319272.0	3691883.0	4508206.0	2417007.0	240082.0	3375398.0	191375.0	1997864.0	2822737.0	4865315.0	2370474.0	3447616.0	462736.0	2627576.0	2728662.0	1719271.0	1282733.0	4517540.0	2506123.0	2964955.0
CCG	2256515.0	2645907.0	3738442.0	1977459.0	1947226.0	2536455.0	2305807.0	1715608.0	1353967.0	2651187.0	1638329.0	1444508.0	1056156.0	2624756.0	2876858.0	1820547.0	2012784.0	2228132.0	4035633.0	1511868.0	3269759.0	3831907.0	5053090.0	3113809.0	1144231.0	2237762.0	1943624.0	1065040.0	1000358.0	3065517.0	4502452.0	1798073.0	2718685.0	3493854.0	4713067.0	2712395.0	2272018.0	3871422.0	3419172.0	2476192.0	2207768.0	3507658.0	2353849.0	1832535.0	953575.0	2361549.0	3411980.0	1727583.0	115012.0	2226255.0	104074.0	1421578.0	1902610.0	2734506.0	2537760.0	2113018.0	271118.0	1711149.0	2072130.0	1088847.0	906343.0	2947986.0	2051269.0	1920161.0
CCT	5481861.0	4071427.0	5520773.0	4779186.0	4102932.0	3591056.0	1915823.0	4029496.0	3116110.0	3446107.0	2447198.0	3143616.0	2473798.0	3832223.0	4577708.0	4449659.0	4348613.0	3037904.0	5457583.0	3379056.0	6394149.0	4808882.0	3113809.0	7267560.0	1703743.0	1931496.0	1636981.0	1741461.0	2085967.0	4224347.0	5133730.0	4379149.0	6292413.0	4535737.0	6086553.0	5939115.0	4266981.0	4346596.0	2121833.0	5201161.0	4717106.0	4010313.0	3065539.0	3970621.0	2182282.0	3336855.0	4245575.0	4211102.0	421401.0	3047392.0	255169.0	3381788.0	4284317.0	4082250.0	2151419.0	5247900.0	601951.0	2359956.0	3065792.0	2534478.0	2521177.0	4338189.0	3804717.0	4754212.0
CGA	2866326.0	1876529.0	3074281.0	2034088.0	1651996.0	1429179.0	1053330.0	1445254.0	1881262.0	1582977.0	1433536.0	1352249.0	1193444.0	2066303.0	2349618.0	2192732.0	2212427.0	1533411.0	2652008.0	1650287.0	1792927.0	1355165.0	1144231.0	1703743.0	1623810.0	1464245.0	1325993.0	1281995.0	1096983.0	2073512.0	2698643.0	2073656.0	3209669.0	2179145.0	3209050.0	2624939.0	2094546.0	2160302.0	1391782.0	2358531.0	2173238.0	1906984.0	1327265.0	1708575.0	1010944.0	1632267.0	2100603.0	1835064.0	146245.0	1486173.0	91441.0	1492199.0	1523028.0	1409662.0	1085962.0	1624620.0	299967.0	1096167.0	1598928.0	1124678.0	1187618.0	2039964.0	1942495.0	2064567.0
CGC	2373584.0	3021499.0	4513691.0	1719369.0	1522436.0	2670900.0	1795946.0	1441193.0	1436298.0	2762996.0	1689315.0	1241059.0	940529.0	3532537.0	3016529.0	1970288.0	1895383.0	2963362.0	4191550.0	1547557.0	1776883.0	2876237.0	2237762.0	1931496.0	1464245.0	4163294.0	2332561.0	1593709.0	1019273.0	4377684.0	5278018.0	2005953.0	2775181.0	4021357.0	5362674.0	2490719.0	2163174.0	5103025.0	3071835.0	2669836.0	1928258.0	4175441.0	2029407.0	1780143.0	872920.0	3035319.0	3652957.0	1675378.0	106846.0	2683246.0	89679.0	1375147.0	1393002.0	2706174.0	1823261.0	1705092.0	220968.0	2042743.0	2174367.0	1095544.0	793491.0	3655719.0	1902615.0	2024154.0
CGG	2082187.0	2087531.0	3861920.0	1490863.0	1375513.0	1743530.0	1493136.0	1189562.0	1519402.0	2270478.0	2028802.0	1238088.0	880608.0	2359155.0	2599947.0	1657006.0	1580101.0	2015724.0	3920400.0	1325272.0	1651251.0	2048810.0	1943624.0	1636981.0	1325993.0	2332561.0	2851502.0	1156927.0	912630.0	2615058.0	4840941.0	1685743.0	2365026.0	2782816.0	4744238.0	2117335.0	1870758.0	3056082.0	2571535.0	2088714.0	1783559.0	2883443.0	2235672.0	1473133.0	767055.0	1837594.0	3229839.0	1392705.0	114103.0	1816434.0	110282.0	1179843.0	1261611.0	1778118.0	1442622.0	1408979.0	293395.0	1553744.0	2050553.0	1057417.0	777302.0	2441007.0	1858250.0	1721804.0
CGT	2580495.0	1814501.0	2977161.0	2047031.0	1515576.0	1391682.0	959779.0	1494278.0	1591758.0	1437436.0	1250525.0	1357183.0	1147997.0	2048414.0	2311669.0	2285603.0	2026273.0	1484655.0	2526169.0	1668577.0	1681622.0	1299283.0	1065040.0	1741461.0	1281995.0	1593709.0	1156927.0	1673640.0	1001765.0	2058374.0	2567535.0	2125227.0	2910916.0	2069935.0	3093975.0	2667166.0	1956833.0	2153274.0	1298790.0	2493490.0	1916802.0	1893187.0	1215245.0	1983908.0	994894.0	1676582.0	2117043.0	1952299.0	137195.0	1489576.0	90371.0	1566796.0	1491470.0	1442747.0	1059187.0	1762211.0	229284.0	1098312.0	1563789.0	1218711.0	1205571.0	2116256.0	1993748.0	2188490.0
CTA	4144666.0	2482092.0	3813177.0	3133037.0	2333141.0	1679526.0	985382.0	1985191.0	2056132.0	1689736.0	1473798.0	1746861.0	1607133.0	2767572.0	2555278.0	2432129.0	2931419.0	1558957.0	3165497.0	1915504.0	2365616.0	1412911.0	1000358.0	2085967.0	1096983.0	1019273.0	912630.0	1001765.0	2022212.0	1953762.0	2567793.0	2239742.0	4696765.0	2742742.0	4058480.0	3819633.0	2517083.0	2119089.0	1106804.0	2671185.0	2363487.0	1744012.0	1379608.0	1873973.0	1253764.0	1557384.0	2122629.0	2064867.0	346834.0	1552752.0	194303.0	1828954.0	2228280.0	1686238.0	1010969.0	2268724.0	343352.0	1128632.0	1564423.0	1350379.0	1580661.0	2068199.0	2107671.0	2437960.0
CTC	5566627.0	6161024.0	8045339.0	4181668.0	3419116.0	5160926.0	2736500.0	3335205.0	2867439.0	4471097.0	2852240.0	2616013.0	1899325.0	5840290.0	4921610.0	3727282.0	4260198.0	4728248.0	7562021.0	3056995.0	3795620.0	4992442.0	3065517.0	4224347.0	2073512.0	4377684.0	2615058.0	2058374.0	1953762.0	8791738.0	7356607.0	4144282.0	6609328.0	7860101.0	9532195.0	5930055.0	4092446.0	8133039.0	3881744.0	5279744.0	3907405.0	6125916.0	3340059.0	3362169.0	1674074.0	5339659.0	5312407.0	3403749.0	331281.0	4371237.0	236644.0	2666598.0	3303521.0	5799898.0	2907436.0	4343947.0	510474.0	3214366.0	3334193.0	2246897.0	1744775.0	6596771.0	3444705.0	4095253.0
CTG	7626069.0	8094248.0	12766053.0	5695730.0	4902334.0	6209376.0	4061135.0	4208094.0	4201250.0	6715503.0	4885650.0	3909006.0	2690724.0	7036360.0	7608945.0	4769136.0	5150686.0	5889781.0	12982406.0	3898643.0	5182918.0	6135422.0	4502452.0	5133730.0	2698643.0	5278018.0	4840941.0	2567535.0	2567793.0	7356607.0	14138906.0	4545869.0	9019755.0	10384560.0	16641095.0	7984574.0	5791703.0	10044078.0	5822383.0	6712570.0	5351982.0	7767952.0	5584060.0	4226951.0	2328223.0	5671070.0	9732668.0	4123015.0	437654.0	5571137.0	343590.0	3587644.0	4364108.0	6225217.0	3753741.0	5039413.0	726373.0	4392673.0	4930775.0	3344932.0	2339885.0	7342727.0	5199775.0	5192134.0
CTT	7387992.0	4488108.0	7121373.0	5891120.0	3902214.0	2988983.0	1711153.0	3826083.0	3644139.0	3027620.0	2683253.0	3251219.0	2633531.0	3734755.0	4650569.0	4909737.0	5295886.0	2889773.0	5728661.0	3792771.0	4130778.0	2671292.0	1798073.0	4379149.0	2073656.0	2005953.0	1685743.0	2125227.0	2239742.0	4144282.0	4545869.0	5206118.0	8563990.0	4999602.0	7354772.0	7552318.0	4587580.0	4023045.0	2028120.0	5666066.0	4582839.0	3412115.0	2674532.0	3962472.0	2203568.0	3190076.0	3895964.0	4562970.0	539380.0	2879553.0	290304.0	3529330.0	4091885.0	3425349.0	1933110.0	4952466.0	588397.0	2207511.0	2941066.0	2634959.0	2870750.0	4780562.0	4290524.0	5468537.0
GAA	15972770.0	7737822.0	12906687.0	11218276.0	7976506.0	5362150.0	3175795.0	6874533.0	7003911.0	5525521.0	4424388.0	6084617.0	6747137.0	7990108.0	10152766.0	11119931.0	9507306.0	4355879.0	8946563.0	5661843.0	6967263.0	4186047.0	2718685.0	6292413.0	3209669.0	2775181.0	2365026.0	2910916.0	4696765.0	6609328.0	9019755.0	8563990.0	22656446.0	10381294.0	16563991.0	15489066.0	8818189.0	7084899.0	3606658.0	9376338.0	8139449.0	5761709.0	4381230.0	6253131.0	5208217.0	6041472.0	8293092.0	8935341.0	976013.0	5544515.0	424121.0	6846042.0	6908169.0	4856045.0	2947407.0	7113065.0	780551.0	3849169.0	5403941.0	4792486.0	7143861.0	7432007.0	8896989.0	9827377.0
GAC	7532641.0	7951324.0	10203719.0	5926339.0	4702618.0	6128005.0	3561799.0	4244315.0	3591936.0	6532821.0	3354436.0	3963936.0	3394452.0	8535947.0	7532693.0	6097414.0	4668555.0	5289016.0	8130499.0	3633060.0	4504314.0	5392782.0	3493854.0	4535737.0	2179145.0	4021357.0	2782816.0	2069935.0	2742742.0	7860101.0	10384560.0	4999602.0	10381294.0	13454386.0	14156739.0	10168247.0	5201271.0	8835467.0	4665111.0	5949382.0	5161027.0	7955595.0	4181570.0	4366610.0	2821470.0	6912829.0	8526121.0	5167115.0	338326.0	6430202.0	221302.0	4090521.0	4184615.0	5713265.0	3357585.0	4714949.0	458322.0	4092122.0	4760121.0	3002470.0	2940285.0	8232108.0	5301045.0	6015699.0
GAG	10915732.0	8996349.0	16473384.0	7725867.0	6605763.0	7280276.0	4975806.0	5803389.0	5747397.0	8106267.0	6058666.0	5311163.0	4837448.0	10578074.0	11618267.0	8637193.0	6980655.0	6049549.0	13606480.0	4709652.0	6250145.0	6667075.0	4713067.0	6086553.0	3209050.0	5362674.0	4744238.0	3093975.0	4058480.0	9532195.0	16641095.0	7354772.0	16563991.0	14156739.0	27178178.0	12954472.0	8081826.0	11257735.0	7343778.0	8933769.0	7193229.0	9401020.0	6650445.0	5779996.0	3965960.0	7995618.0	12984269.0	7226813.0	475925.0	7437106.0	350457.0	5379109.0	5314137.0	6238534.0	4156382.0	5970028.0	645555.0	5243825.0	6551044.0	4197428.0	4254758.0	9897764.0	8717010.0	8162000.0
GAT	11694668.0	7331180.0	10527124.0	10867780.0	6564238.0	4896024.0	2945966.0	6253918.0	5229789.0	5449877.0	3585363.0	6091040.0	5721641.0	7459795.0	8790916.0	10172186.0	7046233.0	4095719.0	7254399.0	5644478.0	6116712.0	3826500.0	2712395.0	5939115.0	2624939.0	2490719.0	2117335.0	2667166.0	3819633.0	5930055.0	7984574.0	7552318.0	15489066.0	10168247.0	12954472.0	17307772.0	6954989.0	6061342.0	3238705.0	8189317.0	7061482.0	5640422.0	4097673.0	6489741.0	4437962.0	5824870.0	7857514.0	8546031.0	691274.0	5503336.0	326031.0	6957749.0	6544238.0	4897940.0	3132955.0	7214905.0	549873.0	3583115.0	5265830.0	4412531.0	5845881.0	7502451.0	8135360.0	9505685.0
GCA	7615576.0	4551432.0	7433951.0	5521519.0	5301799.0	3694266.0	2333798.0	4203742.0	4087026.0	3924821.0	3037644.0	3543662.0	3307546.0	4487565.0	5824929.0	5377939.0	5141580.0	2963882.0	6162217.0	3404115.0	4874202.0	3198133.0	2272018.0	4266981.0	2094546.0	2163174.0	1870758.0	1956833.0	2517083.0	4092446.0	5791703.0	4587580.0	8818189.0	5201271.0	8081826.0	6954989.0	7811954.0	5661430.0	3440992.0	6904213.0	5228059.0	4395178.0	3160554.0	4108742.0	2881069.0	3655566.0	5229033.0	4793620.0	434694.0	3219451.0	256872.0	3598340.0	4660263.0	3553086.0	2257460.0	4625930.0	599644.0	2535255.0	3354379.0	2733745.0	3216158.0	4310951.0	4582435.0	5001292.0
GCC	5804903.0	6537829.0	9107094.0	4176665.0	3886416.0	6422672.0	3336538.0	3679739.0	3107938.0	5995945.0	3219490.0	2950735.0	2237293.0	7377370.0	6443087.0	4410645.0	4150866.0	4853163.0	8410619.0	2839279.0	4107825.0	6394711.0	3871422.0	4346596.0	2160302.0	5103025.0	3056082.0	2153274.0	2119089.0	8133039.0	10044078.0	4023045.0	7084899.0	8835467.0	11257735.0	6061342.0	5661430.0	13315266.0	5907351.0	7062228.0	4579566.0	8477462.0	4243341.0	4037661.0	2100068.0	6673166.0	7571664.0	4006952.0	260778.0	5125782.0	194460.0	2886441.0	3439228.0	6293035.0	3363576.0	4196553.0	467113.0	4034041.0	3729184.0	2410041.0	1969418.0	7047700.0	4060292.0	4285093.0
GCG	2741653.0	3109033.0	5269895.0	2131859.0	2018928.0	2713852.0	2915405.0	1733018.0	1612869.0	3215803.0	2139904.0	1593166.0	1212187.0	3361044.0	3802671.0	2167398.0	2151147.0	2417127.0	4736604.0	1502516.0	2111573.0	2963301.0	3419172.0	2121833.0	1391782.0	3071835.0	2571535.0	1298790.0	1106804.0	3881744.0	5822383.0	2028120.0	3606658.0	4665111.0	7343778.0	3238705.0	3440992.0	5907351.0	7450584.0	3546185.0	2541291.0	5064865.0	3099042.0	2177818.0	1151657.0	3148338.0	5069204.0	2078418.0	108133.0	2471187.0	102491.0	1427285.0	1742255.0	2653299.0	2770365.0	1973324.0	247295.0	2090333.0	2346884.0	1186063.0	1011086.0	3329775.0	2534806.0	2064973.0
GCT	7895032.0	5128934.0	8268533.0	6158629.0	4840455.0	4193053.0	2336319.0	4999830.0	4306523.0	4211578.0	3182311.0	3968310.0	3336051.0	5444725.0	6399315.0	6407241.0	5516610.0	3382315.0	6808425.0	3894452.0	4912674.0	3766087.0	2476192.0	5201161.0	2358531.0	2669836.0	2088714.0	2493490.0	2671185.0	5279744.0	6712570.0	5666066.0	9376338.0	5949382.0	8933769.0	8189317.0	6904213.0	7062228.0	3546185.0	9541310.0	5864187.0	5284933.0	3571193.0	5346584.0	3020797.0	4757129.0	5968640.0	6189429.0	455009.0	3744581.0	264684.0	4101654.0	4647920.0	4216764.0	2485237.0	5615432.0	608829.0	2992344.0	3622328.0	3175015.0	3425857.0	5316754.0	5269742.0	5884941.0
GGA	7429528.0	4460105.0	6909760.0	5474650.0	4651744.0	3458052.0	2138423.0	4154525.0	4469618.0	4069259.0	3043275.0	3945713.0	3359476.0	4609903.0	5501017.0	5766766.0	4634405.0	3070573.0	5319002.0	3563938.0	4897809.0	3285091.0	2207768.0	4717106.0	2173238.0	1928258.0	1783559.0	1916802.0	2363487.0	3907405.0	5351982.0	4582839.0	8139449.0	5161027.0	7193229.0	7061482.0	5228059.0	4579566.0	2541291.0	5864187.0	7887840.0	5325145.0	3999319.0	5400640.0	2850572.0	3814009.0	5309532.0	5195309.0	522670.0	3576248.0	296270.0	3963598.0	4150692.0	3301427.0	2019290.0	4502153.0	866932.0	2704301.0	3767882.0	2996293.0	3156498.0	4732384.0	4503253.0	5513153.0
GGC	4836637.0	5623801.0	7652356.0	3764610.0	3369054.0	5046680.0	3041120.0	3162590.0	2732430.0	6075981.0	2915736.0	3034771.0	2074040.0	6273930.0	5399693.0	4055449.0	3309862.0	4110530.0	6538865.0	2607214.0	3750190.0	5251385.0	3507658.0	4010313.0	1906984.0	4175441.0	2883443.0	1893187.0	1744012.0	6125916.0	7767952.0	3412115.0	5761709.0	7955595.0	9401020.0	5640422.0	4395178.0	8477462.0	5064865.0	5284933.0	5325145.0	11649328.0	4933096.0	4945014.0	1947475.0	5696897.0	6934254.0	3751372.0	257657.0	4810977.0	197419.0	2746112.0	2940018.0	4771508.0	2910222.0	3526655.0	477323.0	3546431.0	3835819.0	2203106.0	1703848.0	6353044.0	3493169.0	4111593.0
GGG	3836167.0	3088209.0	5276958.0	2911130.0	2600127.0	2739799.0	1952999.0	2312014.0	2466632.0	3646164.0	2836908.0	2474632.0	1775510.0	3410796.0	3864429.0	3094235.0	2416330.0	2482414.0	4606809.0	2034350.0	2978746.0	3271807.0	2353849.0	3065539.0	1327265.0	2029407.0	2235672.0	1215245.0	1379608.0	3340059.0	5584060.0	2674532.0	4381230.0	4181570.0	6650445.0	4097673.0	3160554.0	4243341.0	3099042.0	3571193.0	3999319.0	4933096.0	4909286.0	3118525.0	1521884.0	2883950.0	4977585.0	2900109.0	248332.0	2629793.0	213085.0	2136412.0	2340979.0	2731959.0	1807380.0	2685684.0	510121.0	2331862.0	2988513.0	1897205.0	1519675.0	3573880.0	3063978.0	3241409.0
GGT	5517761.0	3778914.0	5550289.0	4796658.0	3498220.0	2897515.0	1722583.0	3547502.0	3115217.0	3316290.0	2217013.0	3544689.0	2653432.0	4063251.0	4628634.0	5077911.0	3730162.0	2395308.0	4250922.0	2985422.0	3856688.0	2674731.0	1832535.0	3970621.0	1708575.0	1780143.0	1473133.0	1983908.0	1873973.0	3362169.0	4226951.0	3962472.0	6253131.0	4366610.0	5779996.0	6489741.0	4108742.0	4037661.0	2177818.0	5346584.0	5400640.0	4945014.0	3118525.0	6387822.0	2333915.0	3471643.0	4387758.0	4815385.0	324610.0	2940419.0	193067.0	3339413.0	3401678.0	2863300.0	1825604.0	3988623.0	440146.0	2155623.0	3010604.0	2543551.0	2656651.0	4125581.0	3991566.0	4795148.0
GTA	4458677.0	2423109.0	3661748.0	3589656.0	2603409.0	1619029.0	1012208.0	2212243.0	2122000.0	1712096.0	1366354.0	2043545.0	1885988.0	1993732.0	2799167.0	2852592.0	2731111.0	1391344.0	2772507.0	1900767.0	2434427.0	1319272.0	953575.0	2182282.0	1010944.0	872920.0	767055.0	994894.0	1253764.0	1674074.0	2328223.0	2203568.0	5208217.0	2821470.0	3965960.0	4437962.0	2881069.0	2100068.0	1151657.0	3020797.0	2850572.0	1947475.0	1521884.0	2333915.0	2321038.0	1736618.0	2591350.0	2655169.0	362543.0	1608223.0	190581.0	2080791.0	2375898.0	1580995.0	1001202.0	2427776.0	311188.0	1205029.0	1600810.0	1626543.0	1870381.0	2109371.0	2279048.0	2874601.0
GTC	4938412.0	5221081.0	6788157.0	3902631.0	3080539.0	4301521.0	2324014.0	3041795.0	2468256.0	3826438.0	2268124.0	2463777.0	1821020.0	5264952.0	4536752.0	3667627.0	3371512.0	3404199.0	5646428.0	2503371.0	3126953.0	3691883.0	2361549.0	3336855.0	1632267.0	3035319.0	1837594.0	1676582.0	1557384.0	5339659.0	5671070.0	3190076.0	6041472.0	6912829.0	7995618.0	5824870.0	3655566.0	6673166.0	3148338.0	4757129.0	3814009.0	5696897.0	2883950.0	3471643.0	1736618.0	5268396.0	5150989.0	3585182.0	266491.0	3841868.0	176596.0	2478068.0	2787184.0	4153380.0	2329691.0	3419949.0	372386.0	2737582.0	2842550.0	2062776.0	1620257.0	5398088.0	3100490.0	3753096.0
GTG	6798678.0	6356761.0	10118556.0	5473256.0	4429986.0	4893651.0	3467529.0	3829358.0	3647620.0	5421917.0	3895937.0	3728686.0	2755251.0	6128848.0	6972698.0	4825304.0	4244681.0	4168265.0	8631034.0	3309434.0	4304386.0	4508206.0	3411980.0	4245575.0	2100603.0	3652957.0	3229839.0	2117043.0	2122629.0	5312407.0	9732668.0	3895964.0	8293092.0	8526121.0	12984269.0	7857514.0	5229033.0	7571664.0	5069204.0	5968640.0	5309532.0	6934254.0	4977585.0	4387758.0	2591350.0	5150989.0	10372016.0	4545503.0	359462.0	4683639.0	262992.0	3440430.0	3793579.0	4532044.0	3078297.0	4320303.0	520111.0	3751893.0	4195314.0	3119958.0	2361932.0	6262288.0	4854002.0	5122424.0
GTT	7515862.0	4383293.0	6828354.0	6336183.0	4067184.0	2943572.0	1724952.0	4107902.0	3688455.0	3056672.0	2480233.0	3613345.0	2927068.0	3908697.0	4969750.0	5543509.0	4840603.0	2491319.0	4928525.0	3526305.0	4144076.0	2417007.0	1727583.0	4211102.0	1835064.0	1675378.0	1392705.0	1952299.0	2064867.0	3403749.0	4123015.0	4562970.0	8935341.0	5167115.0	7226813.0	8546031.0	4793620.0	4006952.0	2078418.0	6189429.0	5195309.0	3751372.0	2900109.0	4815385.0	2655169.0	3585182.0	4545503.0	5808992.0	517076.0	2954695.0	264833.0	3744502.0	4078744.0	3034047.0	1880852.0	4747852.0	489998.0	2250786.0	2928534.0	2933555.0	3111542.0	4303810.0	4435769.0	5671433.0
TAA	1445781.0	519712.0	758529.0	1106696.0	605254.0	294370.0	135031.0	528750.0	736263.0	391789.0	381319.0	490511.0	669823.0	409128.0	604378.0	893153.0	728636.0	337022.0	506407.0	523174.0	458836.0	240082.0	115012.0	421401.0	146245.0	106846.0	114103.0	137195.0	346834.0	331281.0	437654.0	539380.0	976013.0	338326.0	475925.0	691274.0	434694.0	260778.0	108133.0	455009.0	522670.0	257657.0	248332.0	324610.0	362543.0	266491.0	359462.0	517076.0	1030436.0	358909.0	354720.0	695671.0	595293.0	326673.0	134703.0	566148.0	468038.0	381842.0	451709.0	581595.0	794109.0	491567.0	577912.0	1025740.0
TAC	5224147.0	5490720.0	6958888.0	4166955.0	3048631.0	3819481.0	2136515.0	2728189.0	2608429.0	3608596.0	2322385.0	2352195.0	2030930.0	4847904.0	4569021.0	3563856.0	3359122.0	3539916.0	5654865.0	2617593.0	3150882.0	3375398.0	2226255.0	3047392.0	1486173.0	2683246.0	1816434.0	1489576.0	1552752.0	4371237.0	5571137.0	2879553.0	5544515.0	6430202.0	7437106.0	5503336.0	3219451.0	5125782.0	2471187.0	3744581.0	3576248.0	4810977.0	2629793.0	2940419.0	1608223.0	3841868.0	4683639.0	2954695.0	358909.0	4944580.0	202776.0	3043182.0	2592403.0	3510528.0	1982329.0	2963480.0	356390.0	2842304.0	2883048.0	2265636.0	1767719.0	5146291.0	3086958.0	3803062.0
TAG	593212.0	285694.0	486267.0	441847.0	336184.0	205703.0	111049.0	282133.0	415055.0	285291.0	315920.0	283496.0	303179.0	238346.0	363086.0	386468.0	340644.0	216472.0	385570.0	266842.0	288009.0	191375.0	104074.0	255169.0	91441.0	89679.0	110282.0	90371.0	194303.0	236644.0	343590.0	290304.0	424121.0	221302.0	350457.0	326031.0	256872.0	194460.0	102491.0	264684.0	296270.0	197419.0	213085.0	193067.0	190581.0	176596.0	262992.0	264833.0	354720.0	202776.0	215986.0	313340.0	328893.0	228846.0	109828.0	318072.0	275301.0	251048.0	344400.0	323537.0	342012.0	306316.0	357699.0	493775.0
TAT	6816937.0	3901208.0	5728492.0	6095604.0	3536958.0	2395970.0	1412973.0	3202881.0	3184095.0	2452983.0	2100200.0	2964315.0	2905339.0	3323730.0	4410939.0	4792517.0	4176938.0	2242592.0	4194904.0	3377268.0	3624685.0	1997864.0	1421578.0	3381788.0	1492199.0	1375147.0	1179843.0	1566796.0	1828954.0	2666598.0	3587644.0	3529330.0	6846042.0	4090521.0	5379109.0	6957749.0	3598340.0	2886441.0	1427285.0	4101654.0	3963598.0	2746112.0	2136412.0	3339413.0	2080791.0	2478068.0	3440430.0	3744502.0	695671.0	3043182.0	313340.0	4606872.0	3404321.0	2405084.0	1469415.0	4561166.0	470534.0	2053011.0	2642684.0	2952562.0	3062928.0	3722293.0	3785842.0	5156247.0
TCA	6619569.0	4088761.0	5476715.0	5848356.0	5081538.0	3239874.0	1852558.0	4102126.0	3580175.0	3437871.0	2454104.0	3734263.0	3218219.0	3700741.0	4845950.0	5031780.0	4503405.0	2347090.0	4526721.0	3131653.0	5157979.0	2822737.0	1902610.0	4284317.0	1523028.0	1393002.0	1261611.0	1491470.0	2228280.0	3303521.0	4364108.0	4091885.0	6908169.0	4184615.0	5314137.0	6544238.0	4660263.0	3439228.0	1742255.0	4647920.0	4150692.0	2940018.0	2340979.0	3401678.0	2375898.0	2787184.0	3793579.0	4078744.0	595293.0	2592403.0	328893.0	3404321.0	6473744.0	3938606.0	2416757.0	5695840.0	672052.0	2121520.0	2875435.0	2620879.0	3472988.0	3934296.0	4321365.0	5026899.0
TCC	4493421.0	4753858.0	5683829.0	3761619.0	3438356.0	4789943.0	2257067.0	3202553.0	2562670.0	4417231.0	2415608.0	2737850.0	1966667.0	5064791.0	4615095.0	3552437.0	3150643.0	3306451.0	5264730.0	2460325.0	3921544.0	4865315.0	2734506.0	4082250.0	1409662.0	2706174.0	1778118.0	1442747.0	1686238.0	5799898.0	6225217.0	3425349.0	4856045.0	5713265.0	6238534.0	4897940.0	3553086.0	6293035.0	2653299.0	4216764.0	3301427.0	4771508.0	2731959.0	2863300.0	1580995.0	4153380.0	4532044.0	3034047.0	326673.0	3510528.0	228846.0	2405084.0	3938606.0	6921818.0	2977163.0	4975106.0	516363.0	2790818.0	2818844.0	2102846.0	1888403.0	5437410.0	3371246.0	3898280.0
TCG	2569593.0	2719207.0	3699202.0	2378979.0	2047505.0	2367010.0	2134807.0	1792559.0	1437145.0	2564445.0	1476996.0	1670611.0	1251700.0	2804450.0	2997243.0	2199200.0	1975999.0	1751702.0	3123354.0	1438651.0	2254709.0	2370474.0	2537760.0	2151419.0	1085962.0	1823261.0	1442622.0	1059187.0	1010969.0	2907436.0	3753741.0	1933110.0	2947407.0	3357585.0	4156382.0	3132955.0	2257460.0	3363576.0	2770365.0	2485237.0	2019290.0	2910222.0	1807380.0	1825604.0	1001202.0	2329691.0	3078297.0	1880852.0	134703.0	1982329.0	109828.0	1469415.0	2416757.0	2977163.0	3197000.0	2624079.0	237421.0	1500565.0	1838111.0	1120227.0	1148429.0	2984519.0	2431042.0	2220437.0
TCT	6437918.0	4382968.0	5939398.0	5955351.0	4567941.0	3599749.0	1870663.0	4488805.0	3536311.0	3709466.0	2546656.0	3913768.0	3075802.0	4214564.0	5085743.0	5387486.0	4484643.0	2675985.0	4972521.0	3492775.0	5014960.0	3447616.0	2113018.0	5247900.0	1624620.0	1705092.0	1408979.0	1762211.0	2268724.0	4343947.0	5039413.0	4952466.0	7113065.0	4714949.0	5970028.0	7214905.0	4625930.0	4196553.0	1973324.0	5615432.0	4502153.0	3526655.0	2685684.0	3988623.0	2427776.0	3419949.0	4320303.0	4747852.0	566148.0	2963480.0	318072.0	4561166.0	5695840.0	4975106.0	2624079.0	8264006.0	621962.0	2408517.0	2970157.0	3041875.0	3352732.0	4831560.0	4708547.0	6379278.0
TGA	973785.0	517360.0	788194.0	621574.0	715071.0	471665.0	264708.0	545316.0	1069977.0	654643.0	747345.0	572161.0	410092.0	427442.0	616134.0	571714.0	727607.0	528278.0	841006.0	632704.0	695871.0	462736.0	271118.0	601951.0	299967.0	220968.0	293395.0	229284.0	343352.0	510474.0	726373.0	588397.0	780551.0	458322.0	645555.0	549873.0	599644.0	467113.0	247295.0	608829.0	866932.0	477323.0	510121.0	440146.0	311188.0	372386.0	520111.0	489998.0	468038.0	356390.0	275301.0	470534.0	672052.0	516363.0	237421.0	621962.0	969222.0	630510.0	848404.0	740988.0	441417.0	551436.0	574862.0	787357.0
TGC	3560145.0	3384830.0	4534708.0	2761093.0	2217492.0	2634877.0	1532604.0	1972081.0	2096547.0	2962486.0	2038565.0	1888950.0	1452734.0	3159287.0	3082659.0	2529906.0	2286455.0	2516811.0	4106832.0	1929825.0	2397946.0	2627576.0	1711149.0	2359956.0	1096167.0	2042743.0	1553744.0	1098312.0	1128632.0	3214366.0	4392673.0	2207511.0	3849169.0	4092122.0	5243825.0	3583115.0	2535255.0	4034041.0	2090333.0	2992344.0	2704301.0	3546431.0	2331862.0	2155623.0	1205029.0	2737582.0	3751893.0	2250786.0	381842.0	2842304.0	251048.0	2053011.0	2121520.0	2790818.0	1500565.0	2408517.0	630510.0	3043390.0	2479508.0	2213815.0	1324466.0	3691005.0	2363857.0	2860507.0
TGG	5133062.0	3937930.0	6243892.0	3869283.0	3109565.0	2819239.0	1923556.0	2623196.0	3141512.0	3175541.0	2952338.0	2521204.0	1990119.0	3462973.0	4214451.0	3372285.0	3282730.0	2637916.0	5098800.0	2601515.0	3399445.0	2728662.0	2072130.0	3065792.0	1598928.0	2174367.0	2050553.0	1563789.0	1564423.0	3334193.0	4930775.0	2941066.0	5403941.0	4760121.0	6551044.0	5265830.0	3354379.0	3729184.0	2346884.0	3622328.0	3767882.0	3835819.0	2988513.0	3010604.0	1600810.0	2842550.0	4195314.0	2928534.0	451709.0	2883048.0	344400.0	2642684.0	2875435.0	2818844.0	1838111.0	2970157.0	848404.0	2479508.0	4000304.0	2344874.0	1923834.0	3934358.0	3385906.0	3728613.0
TGT	4767888.0	2772981.0	4142675.0	3820888.0	2619393.0	1893799.0	1086771.0	2355875.0	2469161.0	2143866.0	1818765.0	2403562.0	2039566.0	2508933.0	3066487.0	3312536.0	2808922.0	1922988.0	3451216.0	2460797.0	2614532.0	1719271.0	1088847.0	2534478.0	1124678.0	1095544.0	1057417.0	1218711.0	1350379.0	2246897.0	3344932.0	2634959.0	4792486.0	3002470.0	4197428.0	4412531.0	2733745.0	2410041.0	1186063.0	3175015.0	2996293.0	2203106.0	1897205.0	2543551.0	1626543.0	2062776.0	3119958.0	2933555.0	581595.0	2265636.0	323537.0	2952562.0	2620879.0	2102846.0	1120227.0	3041875.0	740988.0	2213815.0	2344874.0	3440816.0	2083948.0	2940791.0	2845406.0	3877035.0
TTA	6970824.0	3017922.0	4571469.0	5671523.0	3332661.0	1725915.0	1034272.0	2814190.0	3063160.0	1866995.0	1726057.0	2641209.0	2644828.0	2184831.0	3353105.0	4004902.0	4031600.0	1524889.0	3171744.0	2631768.0	2943586.0	1282733.0	906343.0	2521177.0	1187618.0	793491.0	777302.0	1205571.0	1580661.0	1744775.0	2339885.0	2870750.0	7143861.0	2940285.0	4254758.0	5845881.0	3216158.0	1969418.0	1011086.0	3425857.0	3156498.0	1703848.0	1519675.0	2656651.0	1870381.0	1620257.0	2361932.0	3111542.0	794109.0	1767719.0	342012.0	3062928.0	3472988.0	1888403.0	1148429.0	3352732.0	441417.0	1324466.0	1923834.0	2083948.0	3339342.0	2451528.0	3128541.0	4169043.0
