Proteome_ID	M	W	C	D	E	F	H	K	N	Q	Y	I	A	G	P	T	V	L	R	S
UP000000242	0.03714361540567431	0.032249525079426015	0.032249525079426015	0.032249525079426015	0.032249525079426015	0.03714361540567431	0.032249525079426015	0.042139459185900376	0.03714361540567431	0.032249525079426015	0.03714361540567431	0.03714361540567431	0.056000572722365916	0.056000572722365916	0.056000572722365916	0.06449905015885203	0.06449905015885203	0.10164266556452634	0.06099641650259198	0.1190064127572519
UP000000254	0.05411671520828561	0.030326560185037085	0.030326560185037085	0.030326560185037085	0.030326560185037085	0.05411671520828561	0.030326560185037085	0.05774716120244704	0.05411671520828561	0.030326560185037085	0.05411671520828561	0.05411671520828561	0.033989507645351864	0.033989507645351864	0.033989507645351864	0.06065312037007417	0.06065312037007417	0.11476983557835978	0.037619953639513294	0.11404534875182548
UP000000262	0.02450334124429668	0.031514239675035166	0.031514239675035166	0.031514239675035166	0.031514239675035166	0.02450334124429668	0.031514239675035166	0.030413076997468785	0.02450334124429668	0.031514239675035166	0.02450334124429668	0.02450334124429668	0.08106219412234014	0.08106219412234014	0.08106219412234014	0.06302847935007033	0.06302847935007033	0.08753182059436701	0.08697192987551225	0.11423748719379645
UP000000346	0.02337490562072368	0.03130746337685796	0.03130746337685796	0.03130746337685796	0.03130746337685796	0.02337490562072368	0.03130746337685796	0.029349758094877033	0.02337490562072368	0.03130746337685796	0.02337490562072368	0.02337490562072368	0.08386406165630172	0.08386406165630172	0.08386406165630172	0.06261492675371592	0.06261492675371592	0.08598983237443959	0.08983891413045511	0.11328014855912512
UP000000365	0.031137784361368867	0.032213760584575396	0.032213760584575396	0.032213760584575396	0.032213760584575396	0.031137784361368867	0.032213760584575396	0.036597932028305795	0.031137784361368867	0.032213760584575396	0.031137784361368867	0.031137784361368867	0.06665383502930287	0.06665383502930287	0.06665383502930287	0.06442752116915079	0.06442752116915079	0.09556530553051966	0.07211398269623982	0.11793474700442773
UP000000391	0.05201757121712917	0.030689289843832904	0.030689289843832904	0.030689289843832904	0.030689289843832904	0.05201757121712917	0.030689289843832904	0.05581343731996101	0.05201757121712917	0.030689289843832904	0.05201757121712917	0.05201757121712917	0.036212090994692345	0.036212090994692345	0.036212090994692345	0.06137857968766581	0.06137857968766581	0.11339615090479496	0.04000795709752419	0.11516542716966793
UP000000536	0.02915855003697873	0.03208764482159771	0.03208764482159771	0.03208764482159771	0.03208764482159771	0.02915855003697873	0.03208764482159771	0.03476225571793025	0.02915855003697873	0.03208764482159771	0.02915855003697873	0.02915855003697873	0.07062195814889638	0.07062195814889638	0.07062195814889638	0.06417528964319542	0.06417528964319542	0.09333383968017414	0.07622566382984791	0.11714316792448778
UP000000554	0.014097987780668765	0.028176030599615137	0.028176030599615137	0.028176030599615137	0.028176030599615137	0.014097987780668765	0.028176030599615137	0.020357850857865678	0.014097987780668765	0.028176030599615137	0.014097987780668765	0.014097987780668765	0.11262439898536909	0.11262439898536909	0.11262439898536909	0.05635206119923027	0.05635206119923027	0.07045004897989904	0.11888426206256601	0.10018439624406672
UP000000578	0.06309422876705544	0.028472079495567116	0.028472079495567116	0.028472079495567116	0.028472079495567116	0.06309422876705544	0.028472079495567116	0.06604531170787115	0.06309422876705544	0.028472079495567116	0.06309422876705544	0.06309422876705544	0.025696781675384486	0.025696781675384486	0.025696781675384486	0.05694415899113423	0.05694415899113423	0.12003838775818966	0.028647864616200197	0.10798615210063706
UP000000590	0.05809026073987646	0.02956299015013852	0.02956299015013852	0.02956299015013852	0.02956299015013852	0.05809026073987646	0.02956299015013852	0.06141385067233971	0.05809026073987646	0.02956299015013852	0.05809026073987646	0.05809026073987646	0.030090083104662126	0.030090083104662126	0.030090083104662126	0.05912598030027704	0.05912598030027704	0.1172162410401535	0.03341367303712538	0.11160478073562759
UP000000641	0.022813537303663384	0.03119340066263987	0.03119340066263987	0.03119340066263987	0.03119340066263987	0.022813537303663384	0.03119340066263987	0.028819112892902718	0.022813537303663384	0.03119340066263987	0.022813537303663384	0.022813537303663384	0.08530270706802959	0.08530270706802959	0.08530270706802959	0.06238680132527974	0.06238680132527974	0.08520033862894313	0.09130828265726894	0.11276245147208082
UP000000663	0.02499239406595749	0.031594943107549796	0.031594943107549796	0.031594943107549796	0.031594943107549796	0.02499239406595749	0.031594943107549796	0.030872628524940885	0.02499239406595749	0.031594943107549796	0.02499239406595749	0.02499239406595749	0.07988353795437522	0.07988353795437522	0.07988353795437522	0.06318988621509959	0.06318988621509959	0.0881822802810571	0.08576377241335861	0.11461930351223241
UP000000674	0.026431796315156016	0.03180311178514272	0.03180311178514272	0.03180311178514272	0.03180311178514272	0.026431796315156016	0.03180311178514272	0.03222120998594073	0.026431796315156016	0.03180311178514272	0.026431796315156016	0.026431796315156016	0.0765319093079061	0.0765319093079061	0.0765319093079061	0.06360622357028543	0.06360622357028543	0.09003801988544145	0.08232132297869081	0.11563361979900143
UP000000740	0.015691243111365813	0.028942626065731357	0.028942626065731357	0.028942626065731357	0.028942626065731357	0.015691243111365813	0.028942626065731357	0.021947147121965504	0.015691243111365813	0.028942626065731357	0.015691243111365813	0.015691243111365813	0.1067698202921844	0.1067698202921844	0.1067698202921844	0.057885252131462714	0.057885252131462714	0.07357649524282853	0.1130257243027841	0.10325869624172604
UP000000758	0.02369841349089099	0.03136975822934618	0.03136975822934618	0.03136975822934618	0.03136975822934618	0.02369841349089099	0.03136975822934618	0.029655040828892823	0.02369841349089099	0.03136975822934618	0.02369841349089099	0.02369841349089099	0.08304874347355602	0.08304874347355602	0.08304874347355602	0.06273951645869236	0.06273951645869236	0.08643792994958335	0.08900537081155788	0.11356577824138106
UP000000792	0.05702351564801337	0.029777403835072033	0.029777403835072033	0.029777403835072033	0.029777403835072033	0.05702351564801337	0.029777403835072033	0.0604286016172918	0.05702351564801337	0.029777403835072033	0.05702351564801337	0.05702351564801337	0.031099232275688497	0.031099232275688497	0.031099232275688497	0.059554807670144067	0.059554807670144067	0.11657832331815744	0.03450431824496693	0.11229944340173127
UP000000805	0.06210641316307599	0.02869806065227265	0.02869806065227265	0.02869806065227265	0.02869806065227265	0.06210641316307599	0.02869806065227265	0.06512968081571122	0.06210641316307599	0.02869806065227265	0.06210641316307599	0.06210641316307599	0.02652153435552644	0.02652153435552644	0.02652153435552644	0.0573961213045453	0.0573961213045453	0.11950253446762128	0.02954480200816167	0.10874570730382012
UP000001013	0.04573977630711357	0.03158413933654286	0.03158413933654286	0.03158413933654286	0.03158413933654286	0.04573977630711357	0.03158413933654286	0.050040118356643466	0.04573977630711357	0.03158413933654286	0.04573977630711357	0.04573977630711357	0.043618834116379845	0.043618834116379845	0.043618834116379845	0.06316827867308572	0.06316827867308572	0.10890805498019929	0.047919176165909745	0.11773587324711166
UP000001015	0.05899643676045516	0.02937565747104245	0.02937565747104245	0.02937565747104245	0.02937565747104245	0.05899643676045516	0.02937565747104245	0.06225134529751552	0.05899643676045516	0.02937565747104245	0.05899643676045516	0.05899643676045516	0.029253605785033675	0.029253605785033675	0.029253605785033675	0.0587513149420849	0.0587513149420849	0.11774775170254007	0.032508514322094034	0.1109928128100491
UP000001018	0.05217642100854111	0.030662881195939132	0.030662881195939132	0.030662881195939132	0.030662881195939132	0.05217642100854111	0.030662881195939132	0.05595969882561503	0.05217642100854111	0.030662881195939132	0.05217642100854111	0.05217642100854111	0.03603973845129653	0.03603973845129653	0.03603973845129653	0.061325762391878265	0.061325762391878265	0.11350218340041938	0.03982301626837045	0.11508496914960868
UP000001024	0.036818427643473504	0.03225944893218131	0.03225944893218131	0.03225944893218131	0.03225944893218131	0.036818427643473504	0.03225944893218131	0.04184016106955461	0.036818427643473504	0.03225944893218131	0.036818427643473504	0.036818427643473504	0.05652995589519614	0.05652995589519614	0.05652995589519614	0.06451889786436261	0.06451889786436261	0.10133732550783614	0.06155168932127725	0.118994328876563
UP000001059	0.04230948253016066	0.031936371598311246	0.031936371598311246	0.031936371598311246	0.031936371598311246	0.04230948253016066	0.031936371598311246	0.04688855675519225	0.04230948253016066	0.031936371598311246	0.04230948253016066	0.04230948253016066	0.04821291917897386	0.04821291917897386	0.04821291917897386	0.06387274319662249	0.06387274319662249	0.10618222572678315	0.05279199340400544	0.11858733794318183
UP000001137	0.04146692900585075	0.032006225281129314	0.032006225281129314	0.032006225281129314	0.032006225281129314	0.04146692900585075	0.032006225281129314	0.04611442448311122	0.04146692900585075	0.032006225281129314	0.04146692900585075	0.04146692900585075	0.04940797311524393	0.04940797311524393	0.04940797311524393	0.06401245056225863	0.06401245056225863	0.1054793795681094	0.0540554685925044	0.11872991016999633
UP000001169	0.018769991407798493	0.030120580261552184	0.030120580261552184	0.030120580261552184	0.030120580261552184	0.018769991407798493	0.030120580261552184	0.024955569555860653	0.018769991407798493	0.030120580261552184	0.018769991407798493	0.018769991407798493	0.09667019399014389	0.09667019399014389	0.09667019399014389	0.06024116052310437	0.06024116052310437	0.07901115193090287	0.10285577213820606	0.10811116475008442
UP000001304	0.05430341021418066	0.030292888888580206	0.030292888888580206	0.030292888888580206	0.030292888888580206	0.05430341021418066	0.030292888888580206	0.05791924655276236	0.05430341021418066	0.030292888888580206	0.05430341021418066	0.05430341021418066	0.03379747657086298	0.03379747657086298	0.03379747657086298	0.06058577777716041	0.06058577777716041	0.11488918799134105	0.037413312909444676	0.11393988287715742
UP000001400	0.04828106418779967	0.03125833276970349	0.03125833276970349	0.03125833276970349	0.03125833276970349	0.04828106418779967	0.03125833276970349	0.05237582060167074	0.04828106418779967	0.03125833276970349	0.04828106418779967	0.04828106418779967	0.04047480659253661	0.04047480659253661	0.04047480659253661	0.06251666553940698	0.06251666553940698	0.11079772972720664	0.044569563006407686	0.11684381825107179
UP000001686	0.03299746944643887	0.03227724085194884	0.03227724085194884	0.03227724085194884	0.03227724085194884	0.03299746944643887	0.03227724085194884	0.03831765277753439	0.03299746944643887	0.03227724085194884	0.03299746944643887	0.03299746944643887	0.06314546506093664	0.06314546506093664	0.06314546506093664	0.06455448170389767	0.06455448170389767	0.09755195115033655	0.06846564839203217	0.1184685967456043
UP000001746	0.014613192532502194	0.028437269033685125	0.028437269033685125	0.028437269033685125	0.028437269033685125	0.014613192532502194	0.028437269033685125	0.020874668334574575	0.014613192532502194	0.028437269033685125	0.014613192532502194	0.014613192532502194	0.11067783693338067	0.11067783693338067	0.11067783693338067	0.05687453806737025	0.05687453806737025	0.07148773059987244	0.11693931273545305	0.10122612453059573
UP000001826	0.01956357779630117	0.0303692663201883	0.0303692663201883	0.0303692663201883	0.0303692663201883	0.01956357779630117	0.0303692663201883	0.025720462796181454	0.01956357779630117	0.0303692663201883	0.01956357779630117	0.01956357779630117	0.09428667357571975	0.09428667357571975	0.09428667357571975	0.0607385326403766	0.0607385326403766	0.08030211043667777	0.10044355857560003	0.10916329528099263
UP000001879	0.018926765683581277	0.03017133527615859	0.03017133527615859	0.03017133527615859	0.03017133527615859	0.018926765683581277	0.03017133527615859	0.025106973977807152	0.018926765683581277	0.03017133527615859	0.018926765683581277	0.018926765683581277	0.09619281894909845	0.09619281894909845	0.09619281894909845	0.06034267055231718	0.06034267055231718	0.07926943623589845	0.10237302724332432	0.10832492451618259
UP000001901	0.044039767683768716	0.03177189766316935	0.03177189766316935	0.03177189766316935	0.03177189766316935	0.044039767683768716	0.03177189766316935	0.04847819404159166	0.044039767683768716	0.03177189766316935	0.044039767683768716	0.044039767683768716	0.04584281590072738	0.04584281590072738	0.04584281590072738	0.0635437953263387	0.0635437953263387	0.10758356301010741	0.05028124225855031	0.11821073793703152
UP000001931	0.06726712889639791	0.027464066814388486	0.027464066814388486	0.027464066814388486	0.027464066814388486	0.06726712889639791	0.027464066814388486	0.06992121751815807	0.06726712889639791	0.027464066814388486	0.06726712889639791	0.06726712889639791	0.02242625717374971	0.02242625717374971	0.02242625717374971	0.05492813362877697	0.05492813362877697	0.12219526252517489	0.02508034579550986	0.10454809001403366
UP000001941	0.03796368002794408	0.03221904668348417	0.03221904668348417	0.03221904668348417	0.03221904668348417	0.03796368002794408	0.03221904668348417	0.04289398609152757	0.03796368002794408	0.03221904668348417	0.03796368002794408	0.03796368002794408	0.05468737321716117	0.05468737321716117	0.05468737321716117	0.06443809336696835	0.06443809336696835	0.10240177339491242	0.059617679280744657	0.11901557460676972
UP000001974	0.05351249107815005	0.03043397830825352	0.03043397830825352	0.03043397830825352	0.03043397830825352	0.05351249107815005	0.03043397830825352	0.05719033896715753	0.05351249107815005	0.03043397830825352	0.05351249107815005	0.05351249107815005	0.034617227380223305	0.034617227380223305	0.034617227380223305	0.06086795661650704	0.06086795661650704	0.11438044769465709	0.038295075269230774	0.11438021745499911
UP000001975	0.03418139501473979	0.0322920609469197	0.0322920609469197	0.0322920609469197	0.0322920609469197	0.03418139501473979	0.0322920609469197	0.03941043561505113	0.03418139501473979	0.0322920609469197	0.03418139501473979	0.03418139501473979	0.06101431493652655	0.06101431493652655	0.06101431493652655	0.0645841218938394	0.0645841218938394	0.09876551690857918	0.0662433555368379	0.1187101625870561
UP000002071	0.017127600498415715	0.02953736922895184	0.02953736922895184	0.02953736922895184	0.02953736922895184	0.017127600498415715	0.02953736922895184	0.023359656978644987	0.017127600498415715	0.02953736922895184	0.017127600498415715	0.017127600498415715	0.10187722221196512	0.10187722221196512	0.10187722221196512	0.05907473845790368	0.05907473845790368	0.0762023389563194	0.10810927869219439	0.1056853639553488
UP000002199	0.033930521596573046	0.03229051159189789	0.03229051159189789	0.03229051159189789	0.03229051159189789	0.033930521596573046	0.03229051159189789	0.03917899069399179	0.033930521596573046	0.03229051159189789	0.033930521596573046	0.033930521596573046	0.06145954083840561	0.06145954083840561	0.06145954083840561	0.06458102318379579	0.06458102318379579	0.09851154478036885	0.06670800993582435	0.1186651081727541
UP000002315	0.06247396448415112	0.02861456437824056	0.02861456437824056	0.02861456437824056	0.02861456437824056	0.06247396448415112	0.02861456437824056	0.06547029235983579	0.06247396448415112	0.02861456437824056	0.06247396448415112	0.06247396448415112	0.02621230463977331	0.02621230463977331	0.02621230463977331	0.05722912875648112	0.05722912875648112	0.11970309324063226	0.029208632515457973	0.10846560176159292
UP000002376	0.03676344385534068	0.032261003497975255	0.032261003497975255	0.032261003497975255	0.032261003497975255	0.03676344385534068	0.032261003497975255	0.04178954879160557	0.03676344385534068	0.032261003497975255	0.03676344385534068	0.03676344385534068	0.05661995926125278	0.05661995926125278	0.05661995926125278	0.06452200699595051	0.06452200699595051	0.10128545085129119	0.06164606419751766	0.11899180411937124
UP000002408	0.02578890171989246	0.031715412435450195	0.031715412435450195	0.031715412435450195	0.031715412435450195	0.02578890171989246	0.031715412435450195	0.03161957953207336	0.02578890171989246	0.031715412435450195	0.02578890171989246	0.02578890171989246	0.07800777224838744	0.07800777224838744	0.07800777224838744	0.06343082487090039	0.06343082487090039	0.08921972659079284	0.08383845006056832	0.115200294117439
UP000002439	0.030288831098142933	0.03216739796213051	0.03216739796213051	0.03216739796213051	0.03216739796213051	0.030288831098142933	0.03216739796213051	0.03581131997941209	0.030288831098142933	0.03216739796213051	0.030288831098142933	0.030288831098142933	0.0683249537297278	0.0683249537297278	0.0683249537297278	0.06433479592426102	0.06433479592426102	0.09462362702240397	0.07384744261099695	0.11762461408598372
UP000002457	0.024761674097283574	0.031557521788071155	0.031557521788071155	0.031557521788071155	0.031557521788071155	0.024761674097283574	0.031557521788071155	0.030655917707294315	0.024761674097283574	0.031557521788071155	0.024761674097283574	0.024761674097283574	0.08043698317746911	0.08043698317746911	0.08043698317746911	0.06311504357614231	0.06311504357614231	0.08787671767342589	0.08633122678747987	0.11444159993226313
UP000002487	0.04027345031536558	0.032093152060721726	0.032093152060721726	0.032093152060721726	0.032093152060721726	0.04027345031536558	0.032093152060721726	0.045017675668749264	0.04027345031536558	0.032093152060721726	0.04027345031536558	0.04027345031536558	0.05114885370522332	0.05114885370522332	0.05114885370522332	0.06418630412144345	0.06418630412144345	0.10445975443680902	0.055893079058607006	0.11888415753611954
UP000002518	0.02414052928541073	0.03145094312672109	0.03145094312672109	0.03145094312672109	0.03145094312672109	0.02414052928541073	0.03145094312672109	0.03007166572678801	0.02414052928541073	0.03145094312672109	0.02414052928541073	0.02414052928541073	0.08195030124364688	0.08195030124364688	0.08195030124364688	0.06290188625344217	0.06290188625344217	0.0870424155388529	0.08788143768502417	0.11394149962412978
UP000002593	0.02750833820260158	0.03193180697857026	0.03193180697857026	0.03193180697857026	0.03193180697857026	0.02750833820260158	0.03193180697857026	0.03322636089477836	0.02750833820260158	0.03193180697857026	0.02750833820260158	0.02750833820260158	0.07413318023116619	0.07413318023116619	0.07413318023116619	0.06386361395714052	0.06386361395714052	0.0913719521597421	0.07985120292334297	0.1162911825299275
UP000002613	0.04051808010029557	0.03207650898466098	0.03207650898466098	0.03207650898466098	0.03207650898466098	0.04051808010029557	0.03207650898466098	0.04524250213418814	0.04051808010029557	0.03207650898466098	0.04051808010029557	0.04051808010029557	0.050787323885838856	0.050787323885838856	0.050787323885838856	0.06415301796932196	0.06415301796932196	0.10467109806961752	0.05551174591973143	0.11885719187085879
UP000002654	0.025931433212512792	0.03173557689830339	0.03173557689830339	0.03173557689830339	0.03173557689830339	0.025931433212512792	0.03173557689830339	0.0317530565816496	0.025931433212512792	0.03173557689830339	0.025931433212512792	0.025931433212512792	0.07767768428488908	0.07767768428488908	0.07767768428488908	0.06347115379660678	0.06347115379660678	0.08940258700911957	0.0834993076540259	0.11529906085493993
UP000002698	0.016854983835527953	0.029430913470811292	0.029430913470811292	0.029430913470811292	0.029430913470811292	0.016854983835527953	0.029430913470811292	0.023092871386125726	0.016854983835527953	0.029430913470811292	0.016854983835527953	0.016854983835527953	0.1027801244045809	0.1027801244045809	0.1027801244045809	0.058861826941622584	0.058861826941622584	0.07571681077715053	0.10901801195517866	0.10524787878204962
UP000005223	0.032448644187128645	0.03226375676577173	0.03226375676577173	0.03226375676577173	0.03226375676577173	0.032448644187128645	0.03226375676577173	0.03781057371589864	0.032448644187128645	0.03226375676577173	0.032448644187128645	0.032448644187128645	0.064159845609438	0.064159845609438	0.064159845609438	0.06452751353154346	0.06452751353154346	0.0969761577186721	0.069521775138208	0.1183311680055469
UP000005877	0.018618075393467593	0.03007061441846978	0.03007061441846978	0.03007061441846978	0.03007061441846978	0.018618075393467593	0.03007061441846978	0.02480871128171299	0.018618075393467593	0.03007061441846978	0.018618075393467593	0.018618075393467593	0.09713591038755257	0.09713591038755257	0.09713591038755257	0.06014122883693956	0.06014122883693956	0.07875930423040717	0.10332654627579796	0.10790118589738833
UP000006565	0.0349437143809606	0.03229167209418614	0.03229167209418614	0.03229167209418614	0.03229167209418614	0.0349437143809606	0.03229167209418614	0.0401133735009831	0.0349437143809606	0.03229167209418614	0.0349437143809606	0.0349437143809606	0.05968181145657443	0.05968181145657443	0.05968181145657443	0.06458334418837228	0.06458334418837228	0.09952705856933287	0.06485147057659693	0.11882737013669954
UP000006622	0.0471316940350538	0.03141215567457316	0.03141215567457316	0.03141215567457316	0.03141215567457316	0.0471316940350538	0.03141215567457316	0.0513192636867897	0.0471316940350538	0.03141215567457316	0.0471316940350538	0.0471316940350538	0.04187091274036326	0.04187091274036326	0.04187091274036326	0.06282431134914632	0.06282431134914632	0.10995600538420011	0.046058482392099157	0.11727348339482081
UP000006663	0.019810411874314256	0.030442528702511972	0.030442528702511972	0.030442528702511972	0.030442528702511972	0.019810411874314256	0.030442528702511972	0.025957631275246373	0.019810411874314256	0.030442528702511972	0.019810411874314256	0.019810411874314256	0.09356166440990214	0.09356166440990214	0.09356166440990214	0.060885057405023944	0.060885057405023944	0.08069546927933821	0.09970888381083427	0.10947567600818366
UP000006681	0.03837084404441208	0.03220107469552713	0.03220107469552713	0.03220107469552713	0.03220107469552713	0.03837084404441208	0.03220107469552713	0.04326849186269882	0.03837084404441208	0.03220107469552713	0.03837084404441208	0.03837084404441208	0.05404672414017031	0.05404672414017031	0.05404672414017031	0.06440214939105426	0.06440214939105426	0.10277299343546636	0.05894437195845706	0.11900900314553506
UP000006794	0.014954545617240472	0.028603151825144203	0.028603151825144203	0.028603151825144203	0.028603151825144203	0.014954545617240472	0.028603151825144203	0.021215515490701095	0.014954545617240472	0.028603151825144203	0.014954545617240472	0.014954545617240472	0.10941693786925234	0.10941693786925234	0.10941693786925234	0.057206303650288406	0.057206303650288406	0.07216084926752887	0.11567790774271294	0.10189066755365554
UP000007478	0.04442163921225661	0.031731923772807084	0.031731923772807084	0.031731923772807084	0.031731923772807084	0.04442163921225661	0.031731923772807084	0.04882902759459984	0.04442163921225661	0.031731923772807084	0.04442163921225661	0.04442163921225661	0.04533443628732261	0.04533443628732261	0.04533443628732261	0.06346384754561417	0.06346384754561417	0.10788548675787078	0.04974182466966584	0.11811291832654187
UP000007490	0.051731971286889424	0.03073633182112064	0.03073633182112064	0.03073633182112064	0.03073633182112064	0.051731971286889424	0.03073633182112064	0.055550497347666636	0.051731971286889424	0.03073633182112064	0.051731971286889424	0.051731971286889424	0.03652372296346096	0.03652372296346096	0.03652372296346096	0.06147266364224128	0.06147266364224128	0.1132046349291307	0.04034224902423818	0.11530827516292813
UP000007722	0.06310710032490821	0.02846910184869572	0.02846910184869572	0.02846910184869572	0.02846910184869572	0.06310710032490821	0.02846910184869572	0.06605724727296552	0.06310710032490821	0.02846910184869572	0.06310710032490821	0.06310710032490821	0.025686167036627787	0.025686167036627787	0.025686167036627787	0.05693820369739144	0.05693820369739144	0.12004530402229965	0.028636313984685097	0.10797611349866827
UP000007807	0.02981397687372667	0.032136457033908085	0.032136457033908085	0.032136457033908085	0.032136457033908085	0.02981397687372667	0.032136457033908085	0.035370848744508646	0.02981397687372667	0.032136457033908085	0.02981397687372667	0.02981397687372667	0.06927971233534597	0.06927971233534597	0.06927971233534597	0.06427291406781617	0.06427291406781617	0.09408689094154284	0.07483658420612795	0.11743208439406838
UP000008243	0.01447864530309221	0.028370328536582414	0.028370328536582414	0.028370328536582414	0.028370328536582414	0.01447864530309221	0.028370328536582414	0.02073998187780363	0.01447864530309221	0.028370328536582414	0.01447864530309221	0.01447864530309221	0.11118105657325894	0.11118105657325894	0.11118105657325894	0.05674065707316483	0.05674065707316483	0.07121930237625705	0.11744239314797038	0.10095864099690682
UP000008680	0.05441428763446948	0.03027278511960871	0.03027278511960871	0.03027278511960871	0.03027278511960871	0.05441428763446948	0.03027278511960871	0.058021455722406766	0.05441428763446948	0.03027278511960871	0.05441428763446948	0.05441428763446948	0.03368385616124357	0.03368385616124357	0.03368385616124357	0.06054557023921742	0.06054557023921742	0.11495985787368691	0.037291024249180856	0.11387680430256025
UP000009079	0.04680234148563707	0.03145428814899457	0.03145428814899457	0.03145428814899457	0.03145428814899457	0.04680234148563707	0.03145428814899457	0.0510165626857203	0.04680234148563707	0.03145428814899457	0.04680234148563707	0.04680234148563707	0.04227874980415686	0.04227874980415686	0.04227874980415686	0.06290857629798914	0.06290857629798914	0.10971091778362622	0.046492971004240095	0.1173887101958118
UP000009227	0.0592184332729008	0.029329051242610572	0.029329051242610572	0.029329051242610572	0.029329051242610572	0.0592184332729008	0.029329051242610572	0.06245659507764031	0.0592184332729008	0.029329051242610572	0.0592184332729008	0.0592184332729008	0.029051536801981335	0.029051536801981335	0.029051536801981335	0.058658102485221145	0.058658102485221145	0.11787653575812194	0.03228969860672084	0.11083988136096326
UP000011511	0.01559808374215526	0.02890105102272324	0.02890105102272324	0.02890105102272324	0.02890105102272324	0.01559808374215526	0.02890105102272324	0.021854915136229162	0.01559808374215526	0.02890105102272324	0.01559808374215526	0.01559808374215526	0.10709914936033532	0.10709914936033532	0.10709914936033532	0.05780210204544648	0.05780210204544648	0.07340018578760173	0.11335598075440922	0.10309054130274516
UP000011554	0.017485524324624416	0.029672809887807548	0.029672809887807548	0.029672809887807548	0.029672809887807548	0.017485524324624416	0.029672809887807548	0.023709066506809588	0.017485524324624416	0.029672809887807548	0.017485524324624416	0.017485524324624416	0.10070909288067709	0.10070909288067709	0.10070909288067709	0.059345619775615095	0.059345619775615095	0.07683114410023952	0.10693263506286227	0.10624415518685984
UP000012076	0.021688613126440118	0.03094099957613982	0.03094099957613982	0.03094099957613982	0.03094099957613982	0.021688613126440118	0.03094099957613982	0.02775202752763682	0.021688613126440118	0.03094099957613982	0.021688613126440118	0.021688613126440118	0.08828092872417051	0.08828092872417051	0.08828092872417051	0.06188199915227964	0.06188199915227964	0.08357061227871976	0.09434434312536723	0.11163716950216587
UP000012672	0.02455148683255311	0.0315224179028964	0.0315224179028964	0.0315224179028964	0.0315224179028964	0.02455148683255311	0.0315224179028964	0.03045835108686674	0.02455148683255311	0.0315224179028964	0.02455148683255311	0.02455148683255311	0.08094522643144644	0.08094522643144644	0.08094522643144644	0.0630448358057928	0.0630448358057928	0.08759632263834591	0.08685209068576007	0.11427594310295833
UP000014070	0.043945370393957794	0.03178157822162748	0.03178157822162748	0.03178157822162748	0.03178157822162748	0.043945370393957794	0.03178157822162748	0.04839147019824659	0.043945370393957794	0.03178157822162748	0.043945370393957794	0.043945370393957794	0.04596928892406394	0.04596928892406394	0.04596928892406394	0.06356315644325496	0.06356315644325496	0.10750852683721275	0.050415388728352745	0.11823411327793229
UP000053352	0.017106946977543572	0.029529405008375174	0.029529405008375174	0.029529405008375174	0.029529405008375174	0.017106946977543572	0.029529405008375174	0.023339465338699107	0.017106946977543572	0.029529405008375174	0.017106946977543572	0.017106946977543572	0.10194522275579804	0.10194522275579804	0.10194522275579804	0.05905881001675035	0.05905881001675035	0.07616575699429391	0.10817774111695358	0.10565258331118961
UP000058290	0.026222911663631287	0.03177552878927001	0.03177552878927001	0.03177552878927001	0.03177552878927001	0.026222911663631287	0.03177552878927001	0.03202585062746808	0.026222911663631287	0.03177552878927001	0.026222911663631287	0.026222911663631287	0.07700778943156524	0.07700778943156524	0.07700778943156524	0.06355105757854002	0.06355105757854002	0.08977396924217129	0.08281072839540202	0.11549623722940643
UP000192315	0.05238631718742107	0.03062772034229597	0.03062772034229597	0.03062772034229597	0.03062772034229597	0.05238631718742107	0.03062772034229597	0.05615297835011936	0.05238631718742107	0.03062772034229597	0.05238631718742107	0.05238631718742107	0.035813063552829226	0.035813063552829226	0.035813063552829226	0.06125544068459194	0.06125544068459194	0.11364175787201303	0.039579724715527516	0.1149775590437873
UP000198397	0.01704973202758643	0.02950725642446948	0.02950725642446948	0.02950725642446948	0.02950725642446948	0.01704973202758643	0.02950725642446948	0.02328351282432628	0.01704973202758643	0.02950725642446948	0.01704973202758643	0.01704973202758643	0.10213394325384581	0.10213394325384581	0.10213394325384581	0.05901451284893896	0.05901451284893896	0.07606424487652538	0.10836772405058566	0.10556146410439819
