Proteome_ID	M	W	C	D	E	F	H	K	N	Q	Y	I	A	G	P	T	V	L	R	S
UP000000242	0.017565204183381148	0.015250790388882052	0.032815994572263196	0.032815994572263196	0.032815994572263196	0.037796050594383956	0.032815994572263196	0.037796050594383956	0.037796050594383956	0.032815994572263196	0.037796050594383956	0.05802689700538677	0.05698423421662055	0.05698423421662055	0.05698423421662055	0.06563198914452639	0.06563198914452639	0.08817724935002831	0.08980022878888375	0.11369877410567164
UP000000254	0.019820436795831432	0.01110720905858816	0.030927645854419594	0.030927645854419594	0.030927645854419594	0.05518933214166944	0.030927645854419594	0.05518933214166944	0.05518933214166944	0.030927645854419594	0.05518933214166944	0.09055822748750746	0.03466319453335799	0.03466319453335799	0.03466319453335799	0.06185529170883919	0.06185529170883919	0.10593741479192047	0.06559084038777759	0.10389014662184694
UP000000262	0.013977715679252253	0.017977021077808367	0.03195473675706062	0.03195473675706062	0.03195473675706062	0.02484584198140116	0.03195473675706062	0.02484584198140116	0.02484584198140116	0.03195473675706062	0.02484584198140116	0.03571396828355006	0.08219525842411857	0.08219525842411857	0.08219525842411857	0.06390947351412124	0.06390947351412124	0.07077829441771404	0.11414999518117919	0.11384123134899023
UP000000346	0.01356443754640574	0.018167693962163993	0.03173213150856973	0.03173213150856973	0.03173213150856973	0.02369197306816911	0.03173213150856973	0.02369197306816911	0.02369197306816911	0.03173213150856973	0.02369197306816911	0.03381950858993248	0.08500163048302654	0.08500163048302654	0.08500163048302654	0.06346426301713946	0.06346426301713946	0.06898854212314458	0.11673376199159628	0.11336408848787317
UP000000365	0.016088044704878745	0.016643972300093565	0.03273201700497231	0.03273201700497231	0.03273201700497231	0.03163873042818544	0.03273201700497231	0.03163873042818544	0.03163873042818544	0.03273201700497231	0.03163873042818544	0.047189416151492136	0.0677261649070059	0.0677261649070059	0.0677261649070059	0.06546403400994462	0.06546403400994462	0.0804587921380365	0.10045818191197822	0.11484002331501049
UP000000391	0.019681579308070032	0.011611724227732614	0.03129330353580265	0.03129330353580265	0.03129330353580265	0.053041359170452274	0.03129330353580265	0.053041359170452274	0.053041359170452274	0.03129330353580265	0.053041359170452274	0.08640113903283451	0.036924802135515425	0.036924802135515425	0.036924802135515425	0.0625866070716053	0.0625866070716053	0.10401624201432497	0.06821810567131807	0.10549163483514055
UP000000536	0.015513520505694482	0.017071916651822523	0.03258543715751701	0.03258543715751701	0.03258543715751701	0.029610901800893714	0.03258543715751701	0.029610901800893714	0.029610901800893714	0.03258543715751701	0.029610901800893714	0.043708283096092954	0.07171755334479157	0.07171755334479157	0.07171755334479157	0.06517087431503402	0.06517087431503402	0.0777098594641052	0.10430299050230858	0.11482822812437353
UP000000554	0.009485571989061794	0.018957724377172004	0.0284432963662338	0.0284432963662338	0.0284432963662338	0.014231715258663215	0.0284432963662338	0.014231715258663215	0.014231715258663215	0.0284432963662338	0.014231715258663215	0.018977858528264637	0.11369270582966964	0.11369270582966964	0.11369270582966964	0.0568865927324676	0.0568865927324676	0.052160583613958804	0.14213600219590344	0.10428761347587341
UP000000578	0.02001143156043082	0.00903041500534499	0.029041846565775808	0.029041846565775808	0.029041846565775808	0.06435683460788555	0.029041846565775808	0.06435683460788555	0.06435683460788555	0.029041846565775808	0.06435683460788555	0.10870223765534026	0.02621101106320478	0.02621101106320478	0.02621101106320478	0.058083693131551616	0.058083693131551616	0.11341011273409216	0.055252857628980585	0.09615595470267241
UP000000590	0.019983746314006217	0.010170023131576137	0.030153769445582353	0.030153769445582353	0.030153769445582353	0.059251121773816626	0.030153769445582353	0.059251121773816626	0.059251121773816626	0.030153769445582353	0.059251121773816626	0.09851849723362704	0.030691395691993056	0.030691395691993056	0.030691395691993056	0.060307538891164705	0.060307538891164705	0.1093886375334052	0.06084516513757541	0.1006313314683232
UP000000641	0.013352616974437832	0.01825729721938044	0.03160991419381827	0.03160991419381827	0.03160991419381827	0.023118157729111247	0.03160991419381827	0.023118157729111247	0.023118157729111247	0.03160991419381827	0.023118157729111247	0.03288369848378466	0.08644172144239165	0.08644172144239165	0.08644172144239165	0.06321982838763654	0.06321982838763654	0.06808068889736736	0.1180516356362099	0.11308703980083526
UP000000663	0.014151716170644188	0.017890349604191304	0.03204206577483549	0.03204206577483549	0.03204206577483549	0.02534607933320381	0.03204206577483549	0.02534607933320381	0.02534607933320381	0.03204206577483549	0.02534607933320381	0.03654044249576344	0.08101402711021241	0.08101402711021241	0.08101402711021241	0.06408413154967098	0.06408413154967098	0.07153986127868349	0.1130560928850479	0.11401654692869778
UP000000674	0.014646288048063399	0.01762262127310928	0.03226890932117268	0.03226890932117268	0.03226890932117268	0.02681892401761554	0.03226890932117268	0.02681892401761554	0.02681892401761554	0.03226890932117268	0.02681892401761554	0.03899155998716767	0.07765281769649797	0.07765281769649797	0.07765281769649797	0.06453781864234535	0.06453781864234535	0.07373412138685162	0.10992172701767064	0.11442934923662733
UP000000740	0.010279507135345624	0.01896063486154406	0.029240141996889683	0.029240141996889683	0.029240141996889683	0.015852541356891542	0.029240141996889683	0.015852541356891542	0.015852541356891542	0.029240141996889683	0.015852541356891542	0.02142557557843746	0.10786736142171749	0.10786736142171749	0.10786736142171749	0.058480283993779365	0.058480283993779365	0.05537219048912685	0.13710750341860717	0.10668106085221311
UP000000758	0.013684616848854586	0.018114424502501402	0.031799041351355986	0.031799041351355986	0.031799041351355986	0.02402271719943956	0.031799041351355986	0.02402271719943956	0.02402271719943956	0.031799041351355986	0.02402271719943956	0.03436081755002453	0.08418523370777047	0.08418523370777047	0.08418523370777047	0.06359808270271197	0.06359808270271197	0.06950637539965013	0.11598427505912647	0.11351154855656936
UP000000792	0.01995245883864551	0.010419077420767524	0.03037153625941303	0.03037153625941303	0.03037153625941303	0.05816127499681522	0.03037153625941303	0.05816127499681522	0.05816127499681522	0.03037153625941303	0.05816127499681522	0.09637009115498492	0.03171973842758265	0.03171973842758265	0.03171973842758265	0.06074307251882606	0.06074307251882606	0.10848527009487374	0.06209127468699568	0.10153368619900661
UP000000805	0.020021239747491412	0.009251391657388435	0.02927263140487985	0.02927263140487985	0.02927263140487985	0.06334986055087068	0.02927263140487985	0.06334986055087068	0.06334986055087068	0.02927263140487985	0.06334986055087068	0.10667848135424995	0.027052528353329764	0.027052528353329764	0.027052528353329764	0.0585452628097597	0.0585452628097597	0.11264373170324195	0.05632515975820961	0.09706928587202798
UP000001013	0.01903881757160833	0.013146646431919224	0.03218546400352755	0.03218546400352755	0.03218546400352755	0.046610607563990866	0.03218546400352755	0.046610607563990866	0.046610607563990866	0.03218546400352755	0.046610607563990866	0.07418239755637342	0.04444928514180784	0.04444928514180784	0.04444928514180784	0.0643709280070551	0.0643709280070551	0.09783488913912675	0.0766347491453354	0.10970303844250187
UP000001015	0.02000321351712395	0.00996005150251766	0.02996326501964161	0.02996326501964161	0.02996326501964161	0.060176555081724044	0.02996326501964161	0.060176555081724044	0.060176555081724044	0.02996326501964161	0.060176555081724044	0.10034989664632413	0.029838771907697476	0.029838771907697476	0.029838771907697476	0.05992653003928322	0.05992653003928322	0.11014303361848962	0.05980203692733909	0.0998498465614425
UP000001018	0.019693387069444766	0.011573350114550391	0.03126673718399516	0.03126673718399516	0.03126673718399516	0.05320395146336063	0.03126673718399516	0.05320395146336063	0.05320395146336063	0.03126673718399516	0.05320395146336063	0.08671451585727648	0.036749482970499465	0.036749482970499465	0.036749482970499465	0.06253347436799032	0.06253347436799032	0.10416407571680054	0.06801622015449463	0.10537356166653586
UP000001024	0.017495063119429787	0.015328766908018057	0.03282383002744785	0.03282383002744785	0.03282383002744785	0.03746256835905423	0.03282383002744785	0.03746256835905423	0.03746256835905423	0.03282383002744785	0.03746256835905423	0.057430073598678674	0.05751895104172118	0.05751895104172118	0.05751895104172118	0.0656476600548957	0.0656476600548957	0.08778146150593187	0.09034278106916903	0.11380025699036159
UP000001059	0.018536497399912318	0.013991862667493655	0.032528360067405976	0.032528360067405976	0.032528360067405976	0.043093752143072615	0.032528360067405976	0.043093752143072615	0.043093752143072615	0.032528360067405976	0.043093752143072615	0.06765100688623292	0.04910661782997709	0.04910661782997709	0.04910661782997709	0.06505672013481195	0.06505672013481195	0.0941586096103909	0.08163497789738307	0.11157694286971158
UP000001137	0.018396040113826194	0.01419897297146693	0.03259501308529312	0.03259501308529312	0.03259501308529312	0.042229756295239555	0.03259501308529312	0.042229756295239555	0.042229756295239555	0.03259501308529312	0.042229756295239555	0.06606347247665292	0.05031688417061479	0.05031688417061479	0.05031688417061479	0.06519002617058624	0.06519002617058624	0.09322080949435886	0.08291189725590792	0.1119840122273463
UP000001169	0.011699132785089375	0.018773832144506657	0.03047296492959603	0.03047296492959603	0.03047296492959603	0.01898958402965332	0.03047296492959603	0.01898958402965332	0.01898958402965332	0.03047296492959603	0.01898958402965332	0.02628003527421726	0.09780115142599494	0.09780115142599494	0.09780115142599494	0.06094592985919206	0.06094592985919206	0.061161681744338725	0.12827411635559097	0.11019272693329475
UP000001304	0.019831001224912204	0.011062625980323572	0.03089362720523578	0.03089362720523578	0.03089362720523578	0.055380301208655	0.03089362720523578	0.055380301208655	0.055380301208655	0.03089362720523578	0.055380301208655	0.09092960119239779	0.034467714370138715	0.034467714370138715	0.034467714370138715	0.06178725441047156	0.06178725441047156	0.10610492963880297	0.06536134157537449	0.10374350759603089
UP000001400	0.01934104168165749	0.012521859805043946	0.03186290148670144	0.03186290148670144	0.03186290148670144	0.049214870262690676	0.03186290148670144	0.049214870262690676	0.049214870262690676	0.03186290148670144	0.049214870262690676	0.07908869884372387	0.04125763151389989	0.04125763151389989	0.04125763151389989	0.06372580297340288	0.06372580297340288	0.10041881343104962	0.07312053300060133	0.10811056426514827
UP000001686	0.016587341380128923	0.016225293084639835	0.03281263446476876	0.03281263446476876	0.03281263446476876	0.03354480973682732	0.03281263446476876	0.03354480973682732	0.03354480973682732	0.03281263446476876	0.03354480973682732	0.05050227809352572	0.0641928804465094	0.0641928804465094	0.0641928804465094	0.06562526892953752	0.06562526892953752	0.08294478558172501	0.09700551491127818	0.11466319647894611
UP000001746	0.009746927171811944	0.01896751785210973	0.028714445023921672	0.028714445023921672	0.028714445023921672	0.014755626255864157	0.028714445023921672	0.014755626255864157	0.014755626255864157	0.028714445023921672	0.014755626255864157	0.019764325339916365	0.111756605749504	0.111756605749504	0.111756605749504	0.057428890047843344	0.057428890047843344	0.053216998451597775	0.14047105077342567	0.10511085292387476
UP000001826	0.01204189312642232	0.018693076653121546	0.030734969779543864	0.030734969779543864	0.030734969779543864	0.019799160309294676	0.030734969779543864	0.019799160309294676	0.019799160309294676	0.030734969779543864	0.019799160309294676	0.02755642749216703	0.09542206362216443	0.09542206362216443	0.09542206362216443	0.06146993955908773	0.06146993955908773	0.06257602321526086	0.1261570334017083	0.11089798599175313
UP000001879	0.011767575657992434	0.018758803088731	0.030526378746723433	0.030526378746723433	0.030526378746723433	0.01914948783072391	0.030526378746723433	0.01914948783072391	0.01914948783072391	0.030526378746723433	0.01914948783072391	0.026531400003455382	0.0973247752238375	0.0973247752238375	0.0973247752238375	0.061052757493446866	0.061052757493446866	0.06144344223543978	0.12785115397056093	0.11033793932890129
UP000001901	0.018803670769173463	0.013565655197365994	0.03236932596653946	0.03236932596653946	0.03236932596653946	0.04486787697604518	0.03236932596653946	0.04486787697604518	0.04486787697604518	0.03236932596653946	0.04486787697604518	0.07093208318291691	0.04670482911805648	0.04670482911805648	0.04670482911805648	0.06473865193307891	0.06473865193307891	0.0960408737117581	0.07907415508459595	0.11067363309698436
UP000001931	0.01988968563938772	0.008120632830318091	0.028010318469705812	0.028010318469705812	0.028010318469705812	0.06860505094401144	0.028010318469705812	0.06860505094401144	0.06860505094401144	0.028010318469705812	0.06860505094401144	0.11732041624863515	0.022872308379003656	0.022872308379003656	0.022872308379003656	0.056020636939411624	0.056020636939411624	0.11650505505310498	0.050882626848709464	0.09215158823943553
UP000001941	0.017737255663546468	0.015053268488198405	0.03279052415174487	0.03279052415174487	0.03279052415174487	0.0386370515265288	0.03279052415174487	0.0386370515265288	0.0386370515265288	0.03279052415174487	0.0386370515265288	0.05953684738951112	0.055657377137481735	0.055657377137481735	0.055657377137481735	0.06558104830348974	0.06558104830348974	0.08916483134182013	0.0884479012892266	0.11342484094343303
UP000001974	0.019784257842428384	0.011251834139846498	0.03103609198227488	0.03103609198227488	0.03103609198227488	0.054571195999430826	0.03103609198227488	0.054571195999430826	0.054571195999430826	0.03103609198227488	0.054571195999430826	0.08935813415643327	0.03530210353250362	0.03530210353250362	0.03530210353250362	0.06207218396454976	0.06207218396454976	0.1053915458241341	0.06633819551477849	0.10436011008667113
UP000001975	0.01688531883774703	0.015952003854189368	0.0328373226919364	0.0328373226919364	0.0328373226919364	0.034758558767882655	0.0328373226919364	0.034758558767882655	0.034758558767882655	0.0328373226919364	0.034758558767882655	0.052631798698018276	0.06204456109789652	0.06204456109789652	0.06204456109789652	0.0656746453838728	0.0656746453838728	0.08448120029756608	0.09488188378983294	0.11446397192999856
UP000002071	0.010960019549887642	0.018901079823265762	0.029861099373153406	0.029861099373153406	0.029861099373153406	0.017315319334721017	0.029861099373153406	0.017315319334721017	0.017315319334721017	0.029861099373153406	0.017315319334721017	0.023670619119554395	0.1029937985590965	0.1029937985590965	0.1029937985590965	0.05972219874630681	0.05972219874630681	0.058136438257762074	0.13285489793224992	0.10848437794272597
UP000002199	0.01682345003515308	0.016010299365120637	0.03283374940027372	0.03283374940027372	0.03283374940027372	0.03450135003131967	0.03283374940027372	0.03450135003131967	0.03450135003131967	0.03283374940027372	0.03450135003131967	0.05217925002748627	0.06249350235288397	0.06249350235288397	0.06249350235288397	0.06566749880054744	0.06566749880054744	0.08415854946674646	0.09532725175315769	0.1145115475659418
UP000002315	0.020018454547420936	0.00916892918721968	0.029187383734640616	0.029187383734640616	0.029187383734640616	0.06372459670257428	0.029187383734640616	0.06372459670257428	0.06372459670257428	0.029187383734640616	0.06372459670257428	0.10743073885772765	0.026737034468787762	0.026737034468787762	0.026737034468787762	0.05837476746928123	0.05837476746928123	0.11293043498463586	0.05592441820342838	0.09673108039114155
UP000002376	0.017483095272572486	0.015341930423146664	0.03282502569571915	0.03282502569571915	0.03282502569571915	0.037406182646811476	0.03282502569571915	0.037406182646811476	0.037406182646811476	0.03282502569571915	0.037406182646811476	0.05732927002105046	0.057609851403346436	0.057609851403346436	0.057609851403346436	0.0656500513914383	0.0656500513914383	0.0877143036151031	0.09043487709906559	0.1138170075103041
UP000002408	0.014428602480410965	0.01774441903357262	0.03217302151398359	0.03217302151398359	0.03217302151398359	0.026160999531215173	0.03217302151398359	0.026160999531215173	0.026160999531215173	0.03217302151398359	0.026160999531215173	0.03789339658201938	0.07913331538454184	0.07913331538454184	0.07913331538454184	0.06434604302796718	0.06434604302796718	0.07276262352560972	0.11130633689852543	0.11426348357552338
UP000002439	0.01584714570287943	0.016830013701639467	0.0326771594045189	0.0326771594045189	0.0326771594045189	0.030768822617725112	0.0326771594045189	0.030768822617725112	0.030768822617725112	0.0326771594045189	0.030768822617725112	0.04569049953257079	0.0694077092266253	0.0694077092266253	0.0694077092266253	0.0653543188090378	0.0653543188090378	0.07929312772512345	0.10208486863114419	0.11486149191519618
UP000002457	0.014070009397202772	0.01793152701897898	0.03200153641618175	0.03200153641618175	0.03200153641618175	0.025110071084522827	0.03200153641618175	0.025110071084522827	0.025110071084522827	0.03200153641618175	0.025110071084522827	0.03615013277184289	0.08156873228665876	0.08156873228665876	0.08156873228665876	0.0640030728323635	0.0640030728323635	0.07118161689790735	0.11357026870284051	0.11393613626752425
UP000002487	0.018185273644054124	0.014491501168992066	0.03267677481304619	0.03267677481304619	0.03267677481304619	0.04100583402994073	0.03267677481304619	0.04100583402994073	0.04100583402994073	0.03267677481304619	0.04100583402994073	0.06382639441582733	0.052079009606432504	0.052079009606432504	0.052079009606432504	0.06535354962609238	0.06535354962609238	0.09186788248704103	0.08475578441947867	0.11252182560813064
UP000002518	0.013846644822302284	0.018039788343220935	0.03188643316552322	0.03188643316552322	0.03188643316552322	0.024474794620248194	0.03188643316552322	0.024474794620248194	0.024474794620248194	0.03188643316552322	0.024474794620248194	0.03510294441819411	0.08308503795804832	0.08308503795804832	0.08308503795804832	0.06377286633104644	0.06377286633104644	0.0702078726080737	0.11497147112357155	0.11369908783979059
UP000002593	0.014999396060713434	0.01741136873766266	0.03241076479837609	0.03241076479837609	0.03241076479837609	0.02792094666227446	0.03241076479837609	0.02792094666227446	0.02792094666227446	0.03241076479837609	0.02792094666227446	0.04084249726383548	0.0752451331626937	0.0752451331626937	0.0752451331626937	0.06482152959675218	0.06482152959675218	0.07533110752136397	0.1076558979610698	0.11464366313279094
UP000002613	0.018229612055271363	0.01443163924426741	0.03266125129953877	0.03266125129953877	0.03266125129953877	0.04125670898174836	0.03266125129953877	0.04125670898174836	0.04125670898174836	0.03266125129953877	0.04125670898174836	0.06428380590822537	0.05171315709760311	0.05171315709760311	0.05171315709760311	0.06532250259907754	0.06532250259907754	0.0921475723365585	0.08437440839714189	0.11241539314288373
UP000002654	0.014477308211500688	0.017717714414829222	0.032195022626329915	0.032195022626329915	0.032195022626329915	0.026306850563496284	0.032195022626329915	0.026306850563496284	0.026306850563496284	0.032195022626329915	0.026306850563496284	0.03813639291549188	0.07880224806143706	0.07880224806143706	0.07880224806143706	0.06439004525265983	0.06439004525265983	0.07297918140132688	0.11099727068776698	0.11430278229381895
UP000002698	0.010833354597450212	0.018916394395117254	0.02974974899256747	0.02974974899256747	0.02974974899256747	0.017037579852152523	0.02974974899256747	0.017037579852152523	0.017037579852152523	0.02974974899256747	0.017037579852152523	0.023241805106854828	0.10389357793782578	0.10389357793782578	0.10389357793782578	0.05949949798513494	0.05949949798513494	0.0576206834421702	0.1336433269303932	0.10816564137281967
UP000005223	0.016443998666633642	0.016350303272375025	0.03279430193900867	0.03279430193900867	0.03279430193900867	0.03298222964887586	0.03279430193900867	0.03298222964887586	0.03298222964887586	0.03279430193900867	0.03298222964887586	0.04952046063111807	0.06521489002509101	0.06521489002509101	0.06521489002509101	0.06558860387801733	0.06558860387801733	0.08222053025451816	0.09800919196409967	0.11473320908940102
UP000005877	0.011632465058261593	0.018787944731711498	0.03042040978997309	0.03042040978997309	0.03042040978997309	0.018834649504934187	0.03042040978997309	0.018834649504934187	0.018834649504934187	0.03042040978997309	0.018834649504934187	0.026036833951606782	0.0982658404710382	0.0982658404710382	0.0982658404710382	0.06084081957994618	0.06084081957994618	0.060887524353168875	0.1286862502610113	0.11004917410163077
UP000006565	0.017069161256859956	0.015773702595555484	0.032842863852415444	0.032842863852415444	0.032842863852415444	0.03554017427664287	0.032842863852415444	0.03554017427664287	0.03554017427664287	0.032842863852415444	0.03554017427664287	0.05401118729642579	0.06070052992042821	0.06070052992042821	0.06070052992042821	0.06568572770483089	0.06568572770483089	0.08545219938591826	0.09354339377284362	0.11430229415280181
UP000006622	0.019211574264866176	0.012804058371268573	0.03201563263613475	0.03201563263613475	0.03201563263613475	0.048037168075237176	0.03201563263613475	0.048037168075237176	0.048037168075237176	0.03201563263613475	0.048037168075237176	0.07686276188560817	0.04267531889001247	0.04267531889001247	0.04267531889001247	0.0640312652722695	0.0640312652722695	0.0992643749762381	0.0746909515261472	0.10885095627967283
UP000006663	0.012146640762513105	0.018665662400050784	0.03081230316256389	0.03081230316256389	0.03081230316256389	0.02005104183070898	0.03081230316256389	0.02005104183070898	0.02005104183070898	0.03081230316256389	0.02005104183070898	0.027955442898904854	0.09469812433663205	0.09469812433663205	0.09469812433663205	0.06162460632512778	0.06162460632512778	0.06300998575578598	0.12551042749919594	0.11110257188774245
UP000006681	0.017820128387195454	0.014954773593611647	0.0327749019808071	0.0327749019808071	0.0327749019808071	0.03905461741160855	0.0327749019808071	0.03905461741160855	0.03905461741160855	0.0327749019808071	0.03905461741160855	0.06028910643602165	0.055009843703255484	0.055009843703255484	0.055009843703255484	0.0655498039616142	0.0655498039616142	0.08964964777961112	0.0877847456840626	0.11327947953603296
UP000006794	0.009917635790321906	0.01896919167707936	0.028886827467401267	0.028886827467401267	0.028886827467401267	0.015102859354082017	0.028886827467401267	0.015102859354082017	0.015102859354082017	0.028886827467401267	0.015102859354082017	0.020288082917842124	0.11050209520833187	0.11050209520833187	0.11050209520833187	0.057773654934802535	0.057773654934802535	0.0539073226118052	0.13938892267573313	0.10562967407928317
UP000007478	0.018858831036222184	0.013471519725470548	0.03233035076169273	0.03233035076169273	0.03233035076169273	0.04525937940051258	0.03233035076169273	0.04525937940051258	0.04525937940051258	0.03233035076169273	0.04525937940051258	0.07165992776480297	0.0461893907613876	0.0461893907613876	0.0461893907613876	0.06466070152338546	0.06466070152338546	0.0964485611984275	0.07851974152308033	0.11046257201054875
UP000007490	0.01965980958396289	0.011680792668070487	0.031340602252033375	0.031340602252033375	0.031340602252033375	0.05274901199179271	0.031340602252033375	0.05274901199179271	0.05274901199179271	0.031340602252033375	0.05274901199179271	0.08583821439962254	0.037241772402220014	0.037241772402220014	0.037241772402220014	0.06268120450406675	0.06268120450406675	0.10374942382778898	0.0685823746542534	0.1057025994241706
UP000007722	0.020011255033297117	0.009027549273061757	0.029038804306358874	0.029038804306358874	0.029038804306358874	0.06436995260392181	0.029038804306358874	0.06436995260392181	0.06436995260392181	0.029038804306358874	0.06436995260392181	0.1087286501745465	0.02620017947602561	0.02620017947602561	0.02620017947602561	0.05807760861271775	0.05807760861271775	0.1134200119435778	0.05523898378238448	0.09614396219213839
UP000007807	0.015708791093539287	0.016932490830400968	0.03264128192394025	0.03264128192394025	0.03264128192394025	0.030282318408103654	0.03264128192394025	0.030282318408103654	0.030282318408103654	0.03264128192394025	0.030282318408103654	0.04485584572266803	0.07036801286344242	0.07036801286344242	0.07036801286344242	0.0652825638478805	0.0652825638478805	0.07863239142558319	0.10300929478738267	0.11485633660222172
UP000008243	0.009679105806528964	0.01896582214172502	0.028644927948253983	0.028644927948253983	0.028644927948253983	0.014618785642916044	0.028644927948253983	0.014618785642916044	0.014618785642916044	0.028644927948253983	0.014618785642916044	0.019558465479303126	0.11225718978351319	0.11225718978351319	0.11225718978351319	0.057289855896507966	0.057289855896507966	0.052942819397698994	0.1409021177317672	0.10490060598648697
UP000008680	0.01983713861028079	0.01103617194386484	0.030873310554145626	0.030873310554145626	0.030873310554145626	0.05549371140065413	0.030873310554145626	0.05549371140065413	0.05549371140065413	0.030873310554145626	0.05549371140065413	0.09115028419102748	0.03435204748484291	0.03435204748484291	0.03435204748484291	0.06174662110829125	0.06174662110829125	0.10620416056508056	0.06522535803898853	0.10365610360630172
UP000009079	0.019172286402285663	0.01288505236768145	0.032057338769967116	0.032057338769967116	0.032057338769967116	0.04769964938089728	0.032057338769967116	0.04769964938089728	0.04769964938089728	0.032057338769967116	0.04769964938089728	0.07622701235950889	0.04308933010413273	0.04308933010413273	0.04308933010413273	0.06411467753993423	0.06411467753993423	0.09892927455315007	0.07514666887409985	0.1090570686775828
UP000009227	0.020006994335820247	0.00990884306887621	0.029915837404696458	0.029915837404696458	0.029915837404696458	0.06040321613196786	0.029915837404696458	0.06040321613196786	0.06040321613196786	0.029915837404696458	0.06040321613196786	0.10079943792811548	0.02963277073422544	0.02963277073422544	0.02963277073422544	0.059831674809392915	0.059831674809392915	0.11032604787248457	0.0595486081389219	0.0996563552829656
UP000011511	0.010234235343366569	0.01896259583719387	0.02919683118056044	0.02919683118056044	0.02919683118056044	0.015757718202078018	0.02919683118056044	0.015757718202078018	0.015757718202078018	0.02919683118056044	0.015757718202078018	0.02128120106078947	0.10819522725996338	0.10819522725996338	0.10819522725996338	0.05839366236112088	0.05839366236112088	0.05518878472600503	0.13739205844052382	0.1065530893788752
UP000011554	0.011124577987868619	0.01887832938765504	0.030002907375523656	0.030002907375523656	0.030002907375523656	0.01768004340363247	0.030002907375523656	0.01768004340363247	0.01768004340363247	0.030002907375523656	0.01768004340363247	0.024235508819396328	0.10182943903851567	0.10182943903851567	0.10182943903851567	0.06000581475104731	0.06000581475104731	0.05880752876702475	0.13183234641403932	0.10888705151422601
UP000012076	0.012915437975621637	0.018425178161447557	0.0313406161370692	0.0313406161370692	0.0313406161370692	0.02196873106405191	0.0313406161370692	0.02196873106405191	0.02196873106405191	0.0313406161370692	0.02196873106405191	0.031022024152482185	0.08942111558353782	0.08942111558353782	0.08942111558353782	0.0626812322741384	0.0626812322741384	0.06622478517674274	0.12076173172060703	0.11244702657265514
UP000012672	0.013994981426440165	0.017968592129523762	0.03196357355596392	0.03196357355596392	0.03196357355596392	0.024895084434766183	0.03196357355596392	0.024895084434766183	0.024895084434766183	0.03196357355596392	0.024895084434766183	0.0357951874430922	0.08207805337191354	0.08207805337191354	0.08207805337191354	0.06392714711192785	0.06392714711192785	0.07085363941717027	0.11404162692787746	0.11385931279741554
UP000014070	0.018789824786058108	0.013588923721778152	0.03237874850783626	0.03237874850783626	0.03237874850783626	0.04477109620381869	0.03237874850783626	0.04477109620381869	0.04477109620381869	0.03237874850783626	0.04477109620381869	0.07075236762157928	0.04683304380848679	0.04683304380848679	0.04683304380848679	0.06475749701567252	0.06475749701567252	0.09593966949771304	0.07921179231632304	0.11072516924528693
UP000053352	0.010950463704362383	0.018902301981768416	0.0298527656861308	0.0298527656861308	0.0298527656861308	0.017294275979513614	0.0298527656861308	0.017294275979513614	0.017294275979513614	0.0298527656861308	0.017294275979513614	0.023638088254664843	0.10306157021741853	0.10306157021741853	0.10306157021741853	0.0597055313722616	0.0597055313722616	0.0580975053700068	0.13291433590354934	0.10846059904016081
UP000058290	0.014576122855409645	0.017662569945288364	0.03223869280069801	0.03223869280069801	0.03223869280069801	0.026605140045666928	0.03223869280069801	0.026605140045666928	0.026605140045666928	0.03223869280069801	0.026605140045666928	0.03863415723592421	0.07813026443114322	0.07813026443114322	0.07813026443114322	0.06447738560139601	0.06447738560139601	0.07341995570177458	0.11036895723184124	0.11437864834738239
UP000192315	0.01970866066120971	0.011522691028139005	0.031231351689348714	0.031231351689348714	0.031231351689348714	0.05341878133615846	0.031231351689348714	0.05341878133615846	0.05341878133615846	0.031231351689348714	0.05341878133615846	0.08712890201110722	0.03651889106963028	0.03651889106963028	0.03651889106963028	0.06246270337869743	0.06246270337869743	0.1043587936867169	0.067750242758979	0.10521674609618516
UP000198397	0.010923957378596855	0.018905635057412856	0.029829592436009713	0.029829592436009713	0.029829592436009713	0.017235982573572284	0.029829592436009713	0.017235982573572284	0.017235982573572284	0.029829592436009713	0.017235982573572284	0.023548007768547718	0.10324965009685887	0.10324965009685887	0.10324965009685887	0.059659184872019426	0.059659184872019426	0.05798953238817885	0.13307924253286854	0.10839441236544199
