Proteome_ID	M	W	C	D	E	F	H	K	N	Q	Y	I	A	G	P	T	V	L	R	S
UP000000242	0.027202804572211057	0.032249525079426015	0.032249525079426015	0.032249525079426015	0.032249525079426015	0.03714361540567431	0.032249525079426015	0.044637381076013415	0.03714361540567431	0.032249525079426015	0.03714361540567431	0.04708442623913757	0.056000572722365916	0.056000572722365916	0.056000572722365916	0.06449905015885203	0.06449905015885203	0.10164266556452634	0.06349433839270502	0.11401056897702583
UP000000254	0.03677596870541919	0.030326560185037082	0.030326560185037082	0.030326560185037082	0.030326560185037082	0.0541167152082856	0.030326560185037082	0.05956238419952775	0.0541167152082856	0.030326560185037082	0.0541167152082856	0.071457461711152	0.03398950764535186	0.03398950764535186	0.03398950764535186	0.060653120370074164	0.060653120370074164	0.11476983557835976	0.03943517663659401	0.11041490275766404
UP000000262	0.019144186829907768	0.031514239675035166	0.031514239675035166	0.031514239675035166	0.031514239675035166	0.02450334124429668	0.031514239675035166	0.03336794487405484	0.02450334124429668	0.031514239675035166	0.02450334124429668	0.029862495658685595	0.08106219412234014	0.08106219412234014	0.08106219412234014	0.06302847935007033	0.06302847935007033	0.08753182059436701	0.0899267977520983	0.10832775144062436
UP000000346	0.018378905787560785	0.03130746337685796	0.03130746337685796	0.03130746337685796	0.03130746337685796	0.02337490562072368	0.03130746337685796	0.03233718433195371	0.02337490562072368	0.03130746337685796	0.02337490562072368	0.028370905453886573	0.08386406165630172	0.08386406165630172	0.08386406165630172	0.06261492675371592	0.06261492675371592	0.08598983237443959	0.09282634036753176	0.10730529608497176
UP000000365	0.023485550972566733	0.0322137605845754	0.0322137605845754	0.0322137605845754	0.0322137605845754	0.03113778436136887	0.0322137605845754	0.039328005861774276	0.03113778436136887	0.0322137605845754	0.03113778436136887	0.038790017750171005	0.06665383502930287	0.06665383502930287	0.06665383502930287	0.0644275211691508	0.0644275211691508	0.09556530553051967	0.07484405652970827	0.11247459933749081
UP000000391	0.03565963137623327	0.030689289843832904	0.030689289843832904	0.030689289843832904	0.030689289843832904	0.05201757121712917	0.030689289843832904	0.05771137037137693	0.05201757121712917	0.030689289843832904	0.05201757121712917	0.06837551105802504	0.036212090994692345	0.036212090994692345	0.036212090994692345	0.06137857968766581	0.06137857968766581	0.11339615090479496	0.041905890148940105	0.1113695610668361
UP000000536	0.022217538907860934	0.03208764482159771	0.03208764482159771	0.03208764482159771	0.03208764482159771	0.02915855003697873	0.03208764482159771	0.03756410855840602	0.02915855003697873	0.03208764482159771	0.02915855003697873	0.03609956116609653	0.07062195814889638	0.07062195814889638	0.07062195814889638	0.06417528964319542	0.06417528964319542	0.09333383968017414	0.07902751667032366	0.11153946224353628
UP000000554	0.011747214574346583	0.02817603059961514	0.02817603059961514	0.02817603059961514	0.02817603059961514	0.014097987780668767	0.02817603059961514	0.023487782396464138	0.014097987780668767	0.02817603059961514	0.014097987780668767	0.016448760986990954	0.1126243989853691	0.1126243989853691	0.1126243989853691	0.05635206119923028	0.05635206119923028	0.07045004897989905	0.12201419360116447	0.09392453316686981
UP000000578	0.04135652972008772	0.02847207949556712	0.02847207949556712	0.02847207949556712	0.02847207949556712	0.06309422876705545	0.02847207949556712	0.06752085317827901	0.06309422876705545	0.02847207949556712	0.06309422876705545	0.08483192781402317	0.02569678167538449	0.02569678167538449	0.02569678167538449	0.05694415899113424	0.05694415899113424	0.12003838775818967	0.030123406086608052	0.10503506915982136
UP000000590	0.038841240546312626	0.02956299015013852	0.02956299015013852	0.02956299015013852	0.02956299015013852	0.05809026073987646	0.02956299015013852	0.06307564563857133	0.05809026073987646	0.02956299015013852	0.05809026073987646	0.07733928093344031	0.030090083104662126	0.030090083104662126	0.030090083104662126	0.05912598030027704	0.05912598030027704	0.1172162410401535	0.035075468003357	0.10828119080316434
UP000000641	0.017995105599292627	0.031193400662639873	0.031193400662639873	0.031193400662639873	0.031193400662639873	0.022813537303663384	0.031193400662639873	0.031821900687522386	0.022813537303663384	0.031193400662639873	0.022813537303663384	0.027631969008034142	0.0853027070680296	0.0853027070680296	0.0853027070680296	0.062386801325279746	0.062386801325279746	0.08520033862894315	0.09431107045188859	0.1067568758828415
UP000000663	0.019473316898278557	0.0315949431075498	0.0315949431075498	0.0315949431075498	0.0315949431075498	0.024992394065957494	0.0315949431075498	0.033812745754432584	0.024992394065957494	0.0315949431075498	0.024992394065957494	0.03051147123363643	0.07988353795437522	0.07988353795437522	0.07988353795437522	0.0631898862150996	0.0631898862150996	0.0881822802810571	0.08870388964285031	0.10873906905324904
UP000000674	0.020433333543972292	0.03180311178514272	0.03180311178514272	0.03180311178514272	0.03180311178514272	0.02643179631515602	0.03180311178514272	0.0351159168213331	0.02643179631515602	0.03180311178514272	0.02643179631515602	0.03243025908633975	0.0765319093079061	0.0765319093079061	0.0765319093079061	0.06360622357028543	0.06360622357028543	0.09003801988544147	0.08521602981408317	0.10984420612821671
UP000000740	0.01293307857264905	0.028942626065731357	0.028942626065731357	0.028942626065731357	0.028942626065731357	0.015691243111365813	0.028942626065731357	0.025075099127265348	0.015691243111365813	0.028942626065731357	0.015691243111365813	0.01844940765008258	0.1067698202921844	0.1067698202921844	0.1067698202921844	0.057885252131462714	0.057885252131462714	0.07357649524282853	0.11615367630808394	0.09700279223112637
UP000000758	0.018599144853115833	0.03136975822934618	0.03136975822934618	0.03136975822934618	0.03136975822934618	0.02369841349089099	0.03136975822934618	0.032633354497893736	0.02369841349089099	0.03136975822934618	0.02369841349089099	0.028797682128666142	0.08304874347355602	0.08304874347355602	0.08304874347355602	0.06273951645869236	0.06273951645869236	0.08643792994958335	0.09198368448055878	0.10760915090337923
UP000000792	0.038292830787625055	0.029777403835072033	0.029777403835072033	0.029777403835072033	0.029777403835072033	0.05702351564801337	0.029777403835072033	0.06213114460193102	0.05702351564801337	0.029777403835072033	0.05702351564801337	0.07575420050840169	0.031099232275688497	0.031099232275688497	0.031099232275688497	0.059554807670144067	0.059554807670144067	0.11657832331815744	0.03620686122960614	0.10889435743245285
UP000000805	0.04086733542872146	0.028698060652272647	0.028698060652272647	0.028698060652272647	0.028698060652272647	0.062106413163075976	0.028698060652272647	0.06664131464202883	0.062106413163075976	0.028698060652272647	0.062106413163075976	0.08334549089743049	0.026521534355526438	0.026521534355526438	0.026521534355526438	0.05739612130454529	0.05739612130454529	0.11950253446762127	0.031056435834479285	0.1057224396511849
UP000001013	0.03221144474753337	0.03158413933654285	0.03158413933654285	0.03158413933654285	0.03158413933654285	0.04573977630711356	0.03158413933654285	0.0521902893814084	0.04573977630711356	0.03158413933654285	0.04573977630711356	0.05926810786669376	0.04361883411637984	0.04361883411637984	0.04361883411637984	0.0631682786730857	0.0631682786730857	0.10890805498019926	0.05006934719067468	0.11343553119758173
UP000001015	0.039303684310158266	0.02937565747104245	0.02937565747104245	0.02937565747104245	0.02937565747104245	0.05899643676045516	0.02937565747104245	0.0638787995660457	0.05899643676045516	0.02937565747104245	0.05899643676045516	0.07868918921075206	0.029253605785033675	0.029253605785033675	0.029253605785033675	0.0587513149420849	0.0587513149420849	0.11774775170254007	0.03413596859062421	0.10773790427298874
UP000001018	0.03574473437662925	0.030662881195939132	0.030662881195939132	0.030662881195939132	0.030662881195939132	0.05217642100854111	0.030662881195939132	0.05785133773415199	0.05217642100854111	0.030662881195939132	0.05217642100854111	0.06860810764045297	0.03603973845129653	0.03603973845129653	0.03603973845129653	0.061325762391878265	0.061325762391878265	0.11350218340041938	0.0417146551769074	0.11130169133253477
UP000001024	0.02700633814870574	0.03225944893218131	0.03225944893218131	0.03225944893218131	0.03225944893218131	0.036818427643473504	0.03225944893218131	0.04435102778259517	0.036818427643473504	0.03225944893218131	0.036818427643473504	0.04663051713824127	0.05652995589519614	0.05652995589519614	0.05652995589519614	0.06451889786436261	0.06451889786436261	0.10133732550783614	0.0640625560343178	0.11397259545048191
UP000001059	0.030254315726688578	0.03193637159831124	0.03193637159831124	0.03193637159831124	0.03193637159831124	0.04230948253016066	0.03193637159831124	0.04917809386770803	0.04230948253016066	0.03193637159831124	0.04230948253016066	0.05436464933363274	0.048212919178973856	0.048212919178973856	0.048212919178973856	0.06387274319662248	0.06387274319662248	0.10618222572678314	0.05508153051652123	0.11400826371815022
UP000001137	0.02976533392759933	0.032006225281129314	0.032006225281129314	0.032006225281129314	0.032006225281129314	0.04146692900585075	0.032006225281129314	0.04843817222174145	0.04146692900585075	0.032006225281129314	0.04146692900585075	0.05316852408410217	0.049407973115243926	0.049407973115243926	0.049407973115243926	0.06401245056225863	0.06401245056225863	0.10547937956810939	0.05637921633113462	0.11408241469273585
UP000001169	0.015166918612582103	0.03012058026155218	0.03012058026155218	0.03012058026155218	0.03012058026155218	0.018769991407798493	0.03012058026155218	0.028048358629891728	0.018769991407798493	0.03012058026155218	0.018769991407798493	0.02237306420301488	0.09667019399014387	0.09667019399014387	0.09667019399014387	0.06024116052310436	0.06024116052310436	0.07901115193090286	0.1059485612122371	0.10192558660202225
UP000001304	0.036874395043507896	0.030292888888580206	0.030292888888580206	0.030292888888580206	0.030292888888580206	0.05430341021418066	0.030292888888580206	0.0597271647220532	0.05430341021418066	0.030292888888580206	0.05430341021418066	0.07173242538485343	0.03379747657086298	0.03379747657086298	0.03379747657086298	0.06058577777716041	0.06058577777716041	0.11488918799134105	0.03922123107873551	0.11032404653857575
UP000001400	0.03362756385794498	0.03125833276970349	0.03125833276970349	0.03125833276970349	0.03125833276970349	0.04828106418779967	0.03125833276970349	0.05442319880860627	0.04828106418779967	0.03125833276970349	0.04828106418779967	0.06293456451765436	0.04047480659253661	0.04047480659253661	0.04047480659253661	0.06251666553940698	0.06251666553940698	0.11079772972720664	0.04661694121334321	0.11274906183720072
UP000001686	0.024657080152550567	0.032277240851948844	0.032277240851948844	0.032277240851948844	0.032277240851948844	0.032997469446438873	0.032277240851948844	0.040977744443082165	0.032997469446438873	0.032277240851948844	0.032997469446438873	0.04133785874032717	0.06314546506093666	0.06314546506093666	0.06314546506093666	0.06455448170389769	0.06455448170389769	0.09755195115033656	0.07112574005757993	0.11314841341450879
UP000001746	0.012133017079985086	0.02843726903368512	0.02843726903368512	0.02843726903368512	0.02843726903368512	0.01461319253250219	0.02843726903368512	0.02400540623561076	0.01461319253250219	0.02843726903368512	0.01461319253250219	0.017093367985019297	0.11067783693338065	0.11067783693338065	0.11067783693338065	0.05687453806737024	0.05687453806737024	0.07148773059987243	0.12007005063648923	0.09496464872852334
UP000001826	0.015731094558424308	0.0303692663201883	0.0303692663201883	0.0303692663201883	0.0303692663201883	0.01956357779630117	0.0303692663201883	0.028798905296121596	0.01956357779630117	0.0303692663201883	0.01956357779630117	0.023396061034178024	0.09428667357571975	0.09428667357571975	0.09428667357571975	0.0607385326403766	0.0607385326403766	0.08030211043667777	0.10352200107554019	0.10300641028111235
UP000001879	0.015278738038531112	0.030171335276158586	0.030171335276158586	0.030171335276158586	0.030171335276158586	0.018926765683581273	0.030171335276158586	0.028197078124920092	0.018926765683581273	0.030171335276158586	0.018926765683581273	0.022574793328631434	0.09619281894909844	0.09619281894909844	0.09619281894909844	0.06034267055231717	0.06034267055231717	0.07926943623589844	0.10546313139043725	0.1021447162219567
UP000001901	0.03124819313673462	0.031771897663169346	0.031771897663169346	0.031771897663169346	0.031771897663169346	0.044039767683768716	0.031771897663169346	0.05069740722050312	0.044039767683768716	0.031771897663169346	0.044039767683768716	0.05683134223080281	0.04584281590072737	0.04584281590072737	0.04584281590072737	0.06354379532633869	0.06354379532633869	0.1075835630101074	0.05250045543746178	0.11377231157920858
UP000001931	0.043384464922752976	0.027464066814388483	0.027464066814388483	0.027464066814388483	0.027464066814388483	0.0672671288963979	0.027464066814388483	0.07124826182903812	0.0672671288963979	0.027464066814388483	0.0672671288963979	0.09114979287004284	0.02242625717374971	0.02242625717374971	0.02242625717374971	0.054928133628776965	0.054928133628776965	0.12219526252517487	0.026407390106389927	0.1018940013922735
UP000001941	0.027695904260338897	0.03221904668348417	0.03221904668348417	0.03221904668348417	0.03221904668348417	0.03796368002794408	0.03221904668348417	0.04535913912331931	0.03796368002794408	0.03221904668348417	0.03796368002794408	0.04823145579554926	0.05468737321716117	0.05468737321716117	0.05468737321716117	0.06443809336696835	0.06443809336696835	0.10240177339491242	0.0620828323125364	0.11408526854318622
UP000001974	0.03645646285969057	0.030433978308253524	0.030433978308253524	0.030433978308253524	0.030433978308253524	0.05351249107815006	0.030433978308253524	0.05902926291166127	0.05351249107815006	0.030433978308253524	0.05351249107815006	0.07056851929660955	0.03461722738022331	0.03461722738022331	0.03461722738022331	0.06086795661650705	0.06086795661650705	0.1143804476946571	0.04013399921373453	0.11070236956599165
UP000001975	0.025393167080362735	0.0322920609469197	0.0322920609469197	0.0322920609469197	0.0322920609469197	0.03418139501473979	0.0322920609469197	0.0420249559152068	0.03418139501473979	0.0322920609469197	0.03418139501473979	0.042969622949116854	0.06101431493652656	0.06101431493652656	0.06101431493652656	0.0645841218938394	0.0645841218938394	0.0987655169085792	0.06885787583699357	0.11348112198674479
UP000002071	0.013984400143339874	0.029537369228951844	0.029537369228951844	0.029537369228951844	0.029537369228951844	0.017127600498415718	0.029537369228951844	0.026475685218759624	0.017127600498415718	0.029537369228951844	0.017127600498415718	0.02027080085349156	0.10187722221196512	0.10187722221196512	0.10187722221196512	0.05907473845790369	0.05907473845790369	0.07620233895631941	0.11122530693230903	0.09945330747511956
UP000002199	0.02523781294810736	0.03229051159189789	0.03229051159189789	0.03229051159189789	0.03229051159189789	0.033930521596573046	0.03229051159189789	0.041803225242701164	0.033930521596573046	0.03229051159189789	0.033930521596573046	0.042623230245038744	0.061459540838405616	0.061459540838405616	0.061459540838405616	0.06458102318379579	0.06458102318379579	0.09851154478036886	0.06933224448453373	0.11341663907533536
UP000002315	0.04104977261766885	0.028614564378240556	0.028614564378240556	0.028614564378240556	0.028614564378240556	0.062473964484151115	0.028614564378240556	0.06696845629767811	0.062473964484151115	0.028614564378240556	0.062473964484151115	0.0838981563506334	0.026212304639773306	0.026212304639773306	0.026212304639773306	0.05722912875648111	0.05722912875648111	0.11970309324063225	0.030706796453300298	0.10546927388590825
UP000002376	0.026973066272260635	0.032261003497975255	0.032261003497975255	0.032261003497975255	0.032261003497975255	0.03676344385534068	0.032261003497975255	0.04430260125973802	0.03676344385534068	0.032261003497975255	0.03676344385534068	0.04655382143842073	0.05661995926125278	0.05661995926125278	0.05661995926125278	0.06452200699595051	0.06452200699595051	0.10128545085129119	0.0641591166656501	0.11396569918310635
UP000002408	0.020006140359399984	0.0317154124354502	0.0317154124354502	0.0317154124354502	0.0317154124354502	0.025788901719892465	0.0317154124354502	0.03453491843816381	0.025788901719892465	0.0317154124354502	0.025788901719892465	0.03157166308038494	0.07800777224838744	0.07800777224838744	0.07800777224838744	0.0634308248709004	0.0634308248709004	0.08921972659079286	0.08675378896665879	0.10936961630525811
UP000002439	0.022944381208232993	0.03216739796213051	0.03216739796213051	0.03216739796213051	0.03216739796213051	0.030288831098142937	0.03216739796213051	0.03857256442004667	0.030288831098142937	0.03216739796213051	0.030288831098142937	0.037633280988052874	0.0683249537297278	0.0683249537297278	0.0683249537297278	0.06433479592426102	0.06433479592426102	0.09462362702240397	0.07660868705163153	0.1121021252047146
UP000002457	0.019318232527661256	0.031557521788071155	0.031557521788071155	0.031557521788071155	0.031557521788071155	0.02476167409728357	0.031557521788071155	0.03360303951229968	0.02476167409728357	0.031557521788071155	0.02476167409728357	0.030205115666905893	0.08043698317746911	0.08043698317746911	0.08043698317746911	0.06311504357614231	0.06311504357614231	0.08787671767342589	0.08927834859248522	0.1085473563222524
UP000002487	0.02906696315796813	0.03209315206072172	0.03209315206072172	0.03209315206072172	0.03209315206072172	0.04027345031536558	0.03209315206072172	0.0473897883454411	0.04027345031536558	0.03209315206072172	0.04027345031536558	0.05147993747276303	0.05114885370522331	0.05114885370522331	0.05114885370522331	0.06418630412144344	0.06418630412144344	0.10445975443680901	0.05826519173529883	0.11413993218273584
UP000002518	0.018899031543999984	0.03145094312672109	0.03145094312672109	0.03145094312672109	0.03145094312672109	0.024140529285410727	0.03145094312672109	0.03303723394747665	0.024140529285410727	0.03145094312672109	0.024140529285410727	0.02938202702682147	0.08195030124364687	0.08195030124364687	0.08195030124364687	0.06290188625344217	0.06290188625344217	0.0870424155388529	0.09084700590571279	0.10801036318275249
UP000002593	0.02114303855232075	0.03193180697857027	0.03193180697857027	0.03193180697857027	0.03193180697857027	0.027508338202601585	0.03193180697857027	0.036085372240866755	0.027508338202601585	0.03193180697857027	0.027508338202601585	0.03387363785288241	0.07413318023116619	0.07413318023116619	0.07413318023116619	0.06386361395714053	0.06386361395714053	0.09137195215974211	0.08271021426943136	0.11057315983775073
UP000002613	0.029210661491639426	0.03207650898466098	0.03207650898466098	0.03207650898466098	0.03207650898466098	0.04051808010029557	0.03207650898466098	0.04760471315113442	0.04051808010029557	0.03207650898466098	0.04051808010029557	0.051825498708951714	0.050787323885838856	0.050787323885838856	0.050787323885838856	0.06415301796932196	0.06415301796932196	0.10467109806961752	0.0578739569366777	0.11413276983696623
UP000002654	0.020101070001702883	0.03173557689830339	0.03173557689830339	0.03173557689830339	0.03173557689830339	0.025931433212512792	0.03173557689830339	0.034663868266218	0.025931433212512792	0.03173557689830339	0.025931433212512792	0.031761796423322705	0.07767768428488908	0.07767768428488908	0.07767768428488908	0.06347115379660678	0.06347115379660678	0.08940258700911957	0.0864101193385943	0.10947743748580313
UP000002698	0.013786117327272964	0.029430913470811292	0.029430913470811292	0.029430913470811292	0.029430913470811292	0.016854983835527953	0.029430913470811292	0.026211815161424613	0.016854983835527953	0.029430913470811292	0.016854983835527953	0.019923850343782943	0.1027801244045809	0.1027801244045809	0.1027801244045809	0.058861826941622584	0.058861826941622584	0.07571681077715053	0.11213695573047755	0.09900999123145184
UP000005223	0.024313306183295184	0.03226375676577172	0.03226375676577172	0.03226375676577172	0.03226375676577172	0.03244864418712864	0.03226375676577172	0.04049153848028363	0.03244864418712864	0.03226375676577172	0.03244864418712864	0.0405839821909621	0.064159845609438	0.064159845609438	0.064159845609438	0.06452751353154344	0.06452751353154344	0.09697615771867209	0.07220273990259299	0.1129692384767769
UP000005877	0.015058391073600595	0.030070614418469786	0.030070614418469786	0.030070614418469786	0.030070614418469786	0.0186180753934676	0.030070614418469786	0.027904029225835698	0.0186180753934676	0.030070614418469786	0.0186180753934676	0.0221777597133346	0.09713591038755258	0.09713591038755258	0.09713591038755258	0.06014122883693957	0.06014122883693957	0.07875930423040718	0.10642186421992068	0.10171055000914296
UP000006565	0.025863204557539612	0.03229167209418613	0.03229167209418613	0.03229167209418613	0.03229167209418613	0.0349437143809606	0.03229167209418613	0.042698203060994346	0.0349437143809606	0.03229167209418613	0.0349437143809606	0.04402422420438159	0.059681811456574425	0.059681811456574425	0.059681811456574425	0.06458334418837226	0.06458334418837226	0.09952705856933287	0.06743630013660817	0.11365771101667702
UP000006622	0.03299057037720962	0.03141215567457315	0.03141215567457315	0.03141215567457315	0.03141215567457315	0.047131694035053795	0.03141215567457315	0.05341304851265764	0.047131694035053795	0.03141215567457315	0.047131694035053795	0.06127281769289796	0.04187091274036325	0.04187091274036325	0.04187091274036325	0.0628243113491463	0.0628243113491463	0.1099560053842001	0.0481522672179671	0.1130859137430849
UP000006663	0.015905641187014936	0.030442528702511976	0.030442528702511976	0.030442528702511976	0.030442528702511976	0.019810411874314256	0.030442528702511976	0.029031240975712438	0.019810411874314256	0.030442528702511976	0.019810411874314256	0.02371518256161358	0.09356166440990216	0.09356166440990216	0.09356166440990216	0.06088505740502395	0.06088505740502395	0.08069546927933822	0.10278249351130034	0.10332845660725155
UP000006681	0.02793948764253949	0.03220107469552713	0.03220107469552713	0.03220107469552713	0.03220107469552713	0.03837084404441208	0.03220107469552713	0.045717315771842196	0.03837084404441208	0.03220107469552713	0.03837084404441208	0.04880220044628466	0.05404672414017031	0.05404672414017031	0.05404672414017031	0.06440214939105426	0.06440214939105426	0.10277299343546636	0.06139319586760043	0.11411135532724831
UP000006794	0.0123873939110014	0.028603151825144203	0.028603151825144203	0.028603151825144203	0.028603151825144203	0.014954545617240472	0.028603151825144203	0.02434600042743141	0.014954545617240472	0.028603151825144203	0.014954545617240472	0.01752169732347954	0.10941693786925234	0.10941693786925234	0.10941693786925234	0.057206303650288406	0.057206303650288406	0.07216084926752887	0.11880839267944326	0.09562969768019494
UP000007478	0.031465698919017	0.031731923772807084	0.031731923772807084	0.031731923772807084	0.031731923772807084	0.04442163921225661	0.031731923772807084	0.05103272178577145	0.04442163921225661	0.031731923772807084	0.04442163921225661	0.057377579505496205	0.04533443628732261	0.04533443628732261	0.04533443628732261	0.06346384754561417	0.06346384754561417	0.10788548675787078	0.05194551886083745	0.11370552994419865
UP000007490	0.03550636246283921	0.030736331821120635	0.030736331821120635	0.030736331821120635	0.030736331821120635	0.05173197128688942	0.030736331821120635	0.05745976037805524	0.05173197128688942	0.030736331821120635	0.05173197128688942	0.06795758011093964	0.03652372296346095	0.03652372296346095	0.03652372296346095	0.06147266364224127	0.06147266364224127	0.11320463492913069	0.04225151205462678	0.1114897491021509
UP000007722	0.041362880664715995	0.028469101848695715	0.028469101848695715	0.028469101848695715	0.028469101848695715	0.0631071003249082	0.028469101848695715	0.06753232074699417	0.0631071003249082	0.028469101848695715	0.0631071003249082	0.08485131998510041	0.02568616703662778	0.02568616703662778	0.02568616703662778	0.05693820369739143	0.05693820369739143	0.12004530402229963	0.030111387458713744	0.10502596655061094
UP000007807	0.022639909147644414	0.03213645703390809	0.03213645703390809	0.03213645703390809	0.03213645703390809	0.029813976873726673	0.03213645703390809	0.038149284679899635	0.029813976873726673	0.03213645703390809	0.029813976873726673	0.03698804459980893	0.06927971233534598	0.06927971233534598	0.06927971233534598	0.06427291406781618	0.06427291406781618	0.09408689094154285	0.07761502014151893	0.11187521252328642
UP000008243	0.012032482057770185	0.028370328536582414	0.028370328536582414	0.028370328536582414	0.028370328536582414	0.01447864530309221	0.028370328536582414	0.023870650165159338	0.01447864530309221	0.028370328536582414	0.01447864530309221	0.016924808548414237	0.11118105657325894	0.11118105657325894	0.11118105657325894	0.05674065707316483	0.05674065707316483	0.07121930237625705	0.12057306143532608	0.0946973044221954
UP000008680	0.03693278424513316	0.030272785119608705	0.030272785119608705	0.030272785119608705	0.030272785119608705	0.054414287634469476	0.030272785119608705	0.05982503976637541	0.054414287634469476	0.030272785119608705	0.054414287634469476	0.07189579102380579	0.033683856161243565	0.033683856161243565	0.033683856161243565	0.06054557023921741	0.06054557023921741	0.1149598578736869	0.0390946082931495	0.11026963621462296
UP000009079	0.03280698301719096	0.03145428814899457	0.03145428814899457	0.03145428814899457	0.03145428814899457	0.04680234148563707	0.03145428814899457	0.053123673285761924	0.04680234148563707	0.03145428814899457	0.04680234148563707	0.06079769995408318	0.04227874980415686	0.04227874980415686	0.04227874980415686	0.06290857629798914	0.06290857629798914	0.10971091778362622	0.04860008160428172	0.11317448899572856
UP000009227	0.03941649955064642	0.029329051242610572	0.029329051242610572	0.029329051242610572	0.029329051242610572	0.0592184332729008	0.029329051242610572	0.06407567598001007	0.0592184332729008	0.029329051242610572	0.0592184332729008	0.07902036699515518	0.029051536801981335	0.029051536801981335	0.029051536801981335	0.058658102485221145	0.058658102485221145	0.11787653575812194	0.033908779509090596	0.10760171955622375
UP000011511	0.012864320291328392	0.028901051022723244	0.028901051022723244	0.028901051022723244	0.028901051022723244	0.015598083742155261	0.028901051022723244	0.024983330833266117	0.015598083742155261	0.028901051022723244	0.015598083742155261	0.01833184719298213	0.10709914936033534	0.10709914936033534	0.10709914936033534	0.05780210204544649	0.05780210204544649	0.07340018578760174	0.11648439645144619	0.09683370990867125
UP000011554	0.014243853832938224	0.029672809887807548	0.029672809887807548	0.029672809887807548	0.029672809887807548	0.017485524324624416	0.029672809887807548	0.026820837597902172	0.017485524324624416	0.029672809887807548	0.017485524324624416	0.02072719481631061	0.10070909288067709	0.10070909288067709	0.10070909288067709	0.059345619775615095	0.059345619775615095	0.07683114410023952	0.11004440615395485	0.10002061300467469
UP000012076	0.017219684749494913	0.030940999576139824	0.030940999576139824	0.030940999576139824	0.030940999576139824	0.02168861312644012	0.030940999576139824	0.030783734728235174	0.02168861312644012	0.030940999576139824	0.02168861312644012	0.026157541503385326	0.08828092872417052	0.08828092872417052	0.08828092872417052	0.06188199915227965	0.06188199915227965	0.08357061227871976	0.0973760503259656	0.10557375510096918
UP000012672	0.01917665598625431	0.03152241790289641	0.03152241790289641	0.03152241790289641	0.03152241790289641	0.02455148683255311	0.03152241790289641	0.03341178321402356	0.02455148683255311	0.03152241790289641	0.02455148683255311	0.02992631767885191	0.08094522643144644	0.08094522643144644	0.08094522643144644	0.06304483580579281	0.06304483580579281	0.08759632263834592	0.08980552281291689	0.10836907884864473
UP000014070	0.031194324601359433	0.03178157822162748	0.03178157822162748	0.03178157822162748	0.03178157822162748	0.043945370393957794	0.03178157822162748	0.050614520100391004	0.043945370393957794	0.03178157822162748	0.043945370393957794	0.05669641618655617	0.04596928892406394	0.04596928892406394	0.04596928892406394	0.06356315644325496	0.06356315644325496	0.10750852683721275	0.05263843863049715	0.11378801347364349
UP000053352	0.013969398451226073	0.029529405008375177	0.029529405008375177	0.029529405008375177	0.029529405008375177	0.017106946977543575	0.029529405008375177	0.026455724519276875	0.017106946977543575	0.029529405008375177	0.017106946977543575	0.020244495503861072	0.10194522275579805	0.10194522275579805	0.10194522275579805	0.059058810016750354	0.059058810016750354	0.07616575699429393	0.11129400029753134	0.0994200649500341
UP000058290	0.02029481178069546	0.03177552878927001	0.03177552878927001	0.03177552878927001	0.03177552878927001	0.026222911663631287	0.03177552878927001	0.03492732010938648	0.026222911663631287	0.03177552878927001	0.026222911663631287	0.032151011546567125	0.07700778943156524	0.07700778943156524	0.07700778943156524	0.06355105757854002	0.06355105757854002	0.08977396924217129	0.08571219787732041	0.10969329826556966
UP000192315	0.035857027020811096	0.030627720342295973	0.030627720342295973	0.030627720342295973	0.030627720342295973	0.05238631718742108	0.030627720342295973	0.05803630893146852	0.05238631718742108	0.030627720342295973	0.05238631718742108	0.06891560735403107	0.035813063552829226	0.035813063552829226	0.035813063552829226	0.06125544068459195	0.06125544068459195	0.11364175787201304	0.041463055296876654	0.11121089788108902
UP000198397	0.013927823030918182	0.029507256424469483	0.029507256424469483	0.029507256424469483	0.029507256424469483	0.017049732027586435	0.029507256424469483	0.02640040322269621	0.017049732027586435	0.029507256424469483	0.017049732027586435	0.020171641024254686	0.10213394325384582	0.10213394325384582	0.10213394325384582	0.059014512848938966	0.059014512848938966	0.07606424487652538	0.11148461444895559	0.09932768330765837
