	AAA	AAC	AAG	AAT	ACA	ACC	ACG	ACT	AGA	AGC	AGG	AGT	ATA	ATC	ATG	ATT	CAA	CAC	CAG	CAT	CCA	CCC	CCG	CCT	CGA	CGC	CGG	CGT	CTA	CTC	CTG	CTT	GAA	GAC	GAG	GAT	GCA	GCC	GCG	GCT	GGA	GGC	GGG	GGT	GTA	GTC	GTG	GTT	TAA	TAC	TAG	TAT	TCA	TCC	TCG	TCT	TGA	TGC	TGG	TGT	TTA	TTC	TTG	TTT
AAA	746.0	512.0	743.0	430.5	249.0	284.0	189.0	234.0	369.5	229.0	406.0	199.0	638.5	502.0	492.0	539.5	156.5	193.5	313.5	159.0	222.5	186.5	184.5	221.0	90.0	108.5	69.0	92.5	228.5	442.5	305.5	428.5	992.5	706.5	1056.0	802.0	449.5	361.5	253.0	319.5	475.5	389.0	292.0	368.0	312.5	394.5	333.5	501.0	28.5	424.0	13.0	416.5	239.5	204.5	157.5	211.5	22.0	87.5	248.0	88.0	270.0	461.0	223.0	335.5
AAC	512.0	534.0	645.0	316.5	289.5	346.5	253.5	214.0	264.0	327.5	302.0	154.5	637.5	542.5	568.0	428.0	153.0	209.5	343.5	151.0	206.5	261.0	218.0	161.5	39.0	99.5	58.0	75.0	148.5	562.0	483.5	323.5	735.0	543.5	920.0	656.5	420.5	534.5	324.0	300.0	416.0	491.5	289.5	331.5	313.0	503.0	521.0	460.0	12.5	561.0	5.0	347.0	202.0	261.5	166.0	150.5	12.0	109.5	280.5	92.5	148.5	552.5	191.5	292.0
AAG	743.0	645.0	1193.0	402.5	347.5	461.5	358.5	254.5	382.0	385.5	588.5	181.5	912.0	651.0	651.5	470.0	171.5	330.5	552.5	208.5	249.0	350.0	410.5	272.5	67.5	191.0	94.0	130.0	202.5	938.0	591.5	452.0	1077.5	1057.0	1880.5	929.5	599.0	793.0	526.0	443.5	519.0	788.0	482.0	456.5	439.5	739.5	546.5	518.5	27.0	703.0	13.5	429.5	267.0	305.5	285.5	218.5	29.5	125.5	352.5	108.5	239.0	725.0	220.5	354.0
AAT	430.5	316.5	402.5	326.0	202.0	183.5	136.5	164.5	235.5	166.0	225.5	127.5	470.0	340.5	348.0	399.5	105.5	138.0	182.0	114.0	133.0	106.5	116.5	131.5	48.0	57.0	42.0	63.0	151.5	271.5	196.5	286.0	512.5	347.0	490.0	528.0	281.0	222.0	152.0	227.0	273.0	209.5	171.0	217.5	239.5	238.0	258.5	328.5	12.5	292.5	5.0	308.0	159.0	126.5	113.0	148.5	11.5	65.5	172.0	64.5	223.0	335.0	200.0	325.0
ACA	249.0	289.5	347.5	202.0	264.0	183.5	141.5	152.5	170.5	175.0	188.0	113.0	424.5	272.5	333.0	268.5	110.0	122.0	181.5	110.5	175.0	129.0	126.0	133.0	30.5	51.5	37.0	46.5	105.0	236.5	189.5	224.5	393.5	347.5	488.0	435.5	367.0	258.5	140.5	243.5	317.5	244.5	185.0	228.0	219.5	226.0	205.0	310.5	9.5	287.0	4.0	214.5	160.0	126.5	94.0	122.0	7.0	55.5	144.0	47.5	103.0	306.5	131.5	217.5
ACC	284.0	346.5	461.5	183.5	183.5	307.0	186.0	156.0	139.0	235.0	179.5	105.0	331.5	345.0	387.5	255.0	92.5	179.5	258.5	87.0	145.0	254.0	195.5	116.5	20.5	84.0	48.0	46.5	102.5	424.0	343.5	213.5	431.5	493.5	699.5	418.0	308.5	413.5	276.5	225.5	374.0	401.0	275.5	279.0	189.5	353.0	349.5	273.0	6.5	464.0	3.5	205.5	152.0	205.5	124.5	105.5	7.0	85.0	181.0	54.5	107.0	411.5	138.5	200.5
ACG	189.0	253.5	358.5	136.5	141.5	186.0	147.0	110.5	104.0	185.5	131.0	61.5	215.0	245.0	247.5	162.5	60.5	107.5	189.5	66.5	108.0	164.0	167.5	87.0	14.0	58.0	28.0	27.5	71.5	306.0	254.0	165.0	280.5	315.5	537.0	275.5	202.0	277.0	171.5	187.5	244.0	302.0	259.5	167.0	154.0	260.5	305.0	206.5	5.0	283.0	3.0	143.0	112.5	150.0	99.0	83.5	7.0	66.5	124.0	38.5	76.5	324.0	95.5	163.0
ACT	234.0	214.0	254.5	164.5	152.5	156.0	110.5	153.0	115.0	135.5	146.5	92.5	317.0	236.5	241.5	191.5	89.0	101.0	154.0	78.5	115.0	116.0	105.5	108.5	24.5	39.0	29.5	40.5	85.5	184.5	148.5	163.5	339.0	293.5	399.0	362.5	227.0	201.0	131.5	217.0	249.0	202.5	141.5	206.5	169.5	195.0	190.0	240.5	6.0	189.5	3.0	185.5	122.0	110.0	84.5	99.5	7.0	46.0	119.0	39.5	105.5	228.5	113.0	161.5
AGA	369.5	264.0	382.0	235.5	170.5	139.0	104.0	115.0	253.0	133.0	260.5	90.5	421.0	282.5	357.5	210.0	89.0	99.0	168.5	109.0	138.0	106.5	100.5	129.5	42.0	58.0	55.0	51.5	118.5	212.0	206.0	249.5	541.0	315.5	569.5	489.5	275.0	213.5	138.5	204.5	288.5	190.0	137.0	209.5	233.0	188.0	201.0	311.0	17.0	257.0	6.0	235.0	160.5	129.0	82.5	129.5	13.0	57.5	131.5	47.5	138.0	258.0	116.5	220.5
AGC	229.0	327.5	385.5	166.0	175.0	235.0	185.5	135.5	133.0	201.0	164.0	111.5	401.0	309.0	340.0	230.5	94.5	144.5	237.0	86.0	120.0	180.0	172.0	106.0	23.0	86.0	42.0	48.5	79.0	406.0	314.0	195.0	430.5	407.0	612.5	384.5	248.0	298.5	232.0	181.5	265.5	258.5	240.0	228.0	192.0	366.5	331.5	260.0	9.5	363.5	5.5	188.5	131.0	197.0	131.0	98.0	10.5	63.5	168.5	45.5	96.0	367.0	112.5	164.5
AGG	406.0	302.0	588.5	225.5	188.0	179.5	131.0	146.5	260.5	164.0	415.0	97.0	489.5	298.5	406.0	250.5	81.5	112.5	228.0	127.5	153.5	137.5	113.5	170.5	42.5	66.5	57.5	53.5	103.5	247.5	222.5	293.5	567.5	325.0	760.5	526.5	337.0	238.5	139.5	224.5	365.5	167.5	216.5	224.5	232.5	200.0	260.5	309.0	16.5	314.5	6.5	270.0	143.0	148.0	90.0	125.0	20.5	66.0	163.5	53.0	126.5	317.5	127.0	223.5
AGT	199.0	154.5	181.5	127.5	113.0	105.0	61.5	92.5	90.5	111.5	97.0	90.0	186.0	169.0	176.0	145.0	78.5	76.0	111.0	60.5	75.5	74.0	60.5	69.5	23.0	30.5	22.0	35.0	52.0	131.5	117.5	133.0	300.5	177.5	328.5	271.5	179.5	133.5	85.0	134.0	173.0	136.5	115.5	146.0	103.5	127.5	128.0	180.5	8.0	153.0	3.0	104.5	90.5	77.0	57.0	76.5	7.0	31.5	92.0	34.5	71.0	159.5	84.5	133.5
ATA	638.5	637.5	912.0	470.0	424.5	331.5	215.0	317.0	421.0	401.0	489.5	186.0	1200.0	492.0	779.0	587.5	190.5	221.0	357.0	212.5	332.0	306.0	224.5	360.5	57.0	80.5	60.5	82.0	271.5	430.0	421.0	546.5	810.5	654.0	958.0	939.5	736.5	483.5	278.5	592.0	624.0	455.0	406.0	469.0	541.0	392.0	458.0	671.5	17.0	491.5	8.0	497.0	338.5	281.0	139.5	295.5	15.0	113.0	297.0	89.5	357.0	615.0	280.5	512.5
ATC	502.0	542.5	651.0	340.5	272.5	345.0	245.0	236.5	282.5	309.0	298.5	169.0	492.0	509.0	640.5	445.0	141.5	192.0	359.5	136.0	236.5	299.0	250.5	187.0	35.0	132.0	63.5	84.0	172.0	480.5	475.0	356.0	711.5	599.0	913.0	641.0	542.0	508.0	309.5	369.0	608.0	495.0	374.0	447.5	282.0	380.5	441.5	446.5	12.0	458.5	6.0	320.0	227.5	300.5	185.0	163.5	16.0	110.0	201.0	100.0	218.5	524.5	260.0	333.0
ATG	492.0	568.0	651.5	348.0	333.0	387.5	247.5	241.5	357.5	340.0	406.0	176.0	779.0	640.5	681.0	511.0	178.5	258.0	444.5	200.0	265.0	321.0	274.0	210.0	53.0	163.5	76.5	107.0	175.5	680.5	640.0	427.5	792.5	617.0	1060.0	699.5	647.0	716.0	464.5	394.5	542.5	620.5	399.5	381.0	361.5	465.5	519.0	536.5	14.0	597.5	6.0	389.5	249.5	303.0	228.5	197.0	16.5	104.0	279.0	112.5	239.0	612.5	243.0	414.0
ATT	539.5	428.0	470.0	399.5	268.5	255.0	162.5	191.5	210.0	230.5	250.5	145.0	587.5	445.0	511.0	501.0	134.5	165.5	251.0	154.0	204.0	167.0	171.0	185.0	53.0	72.0	55.0	75.5	165.0	344.0	278.5	440.0	642.5	542.0	606.5	595.0	461.0	349.5	227.0	353.5	384.5	337.0	282.5	357.5	282.0	319.5	277.0	482.0	15.0	374.0	6.5	330.0	239.5	194.0	150.5	175.0	13.5	65.5	203.5	83.0	234.5	406.0	203.0	377.5
CAA	156.5	153.0	171.5	105.5	110.0	92.5	60.5	89.0	89.0	94.5	81.5	78.5	190.5	141.5	178.5	134.5	113.0	64.0	129.5	50.0	73.0	72.5	65.0	55.5	25.0	27.0	14.0	29.5	60.0	114.5	98.5	112.0	323.0	146.5	260.5	238.0	149.0	110.0	64.0	128.5	131.5	99.5	94.5	110.5	98.0	95.0	108.0	154.0	9.0	143.0	4.0	108.0	84.0	73.0	47.0	60.5	8.0	28.5	83.5	31.0	84.0	148.0	90.5	95.0
CAC	193.5	209.5	330.5	138.0	122.0	179.5	107.5	101.0	99.0	144.5	112.5	76.0	221.0	192.0	258.0	165.5	64.0	153.0	158.0	84.5	105.0	158.5	126.5	86.0	18.0	62.0	32.0	34.5	66.0	293.5	240.0	154.5	304.5	293.0	504.0	271.0	204.5	259.5	146.5	145.0	223.5	213.5	190.5	159.0	133.0	251.5	242.5	198.5	4.0	255.0	2.0	141.0	87.5	129.0	80.5	67.0	6.0	71.5	127.5	48.5	64.0	259.5	90.5	136.5
CAG	313.5	343.5	552.5	182.0	181.5	258.5	189.5	154.0	168.5	237.0	228.0	111.0	357.0	359.5	444.5	251.0	129.5	158.0	410.0	95.0	156.5	223.0	198.0	113.0	29.0	129.0	53.5	65.5	93.5	401.0	422.5	232.5	494.5	433.5	863.5	390.0	298.0	415.0	308.0	249.5	326.0	365.0	267.5	244.0	186.0	286.5	355.0	297.5	10.0	399.0	5.5	204.5	141.5	201.5	122.5	109.0	11.5	64.0	188.0	47.5	121.5	366.0	163.0	198.5
CAT	159.0	151.0	208.5	114.0	110.5	87.0	66.5	78.5	109.0	86.0	127.5	60.5	212.5	136.0	200.0	154.0	50.0	84.5	95.0	84.0	72.5	78.5	71.5	73.5	22.5	40.5	21.0	31.5	56.0	144.5	116.5	127.0	239.5	174.5	278.0	242.5	151.5	129.5	90.5	121.5	167.0	129.0	99.5	116.5	117.5	125.5	126.5	188.5	4.0	145.0	2.0	137.0	82.0	65.5	49.5	64.0	5.5	41.0	82.0	37.5	85.5	163.0	80.5	133.5
CCA	222.5	206.5	249.0	133.0	175.0	145.0	108.0	115.0	138.0	120.0	153.5	75.5	332.0	236.5	265.0	204.0	73.0	105.0	156.5	72.5	150.0	119.0	117.5	116.0	27.0	44.0	28.0	36.0	73.0	190.5	151.5	159.0	312.0	257.0	406.0	320.0	252.5	178.5	115.5	161.5	220.0	182.5	137.0	192.5	145.5	191.5	180.0	263.0	7.0	213.0	3.0	164.5	127.5	104.0	66.5	89.0	6.0	45.0	129.5	44.5	74.0	244.5	101.5	187.5
CCC	186.5	261.0	350.0	106.5	129.0	254.0	164.0	116.0	106.5	180.0	137.5	74.0	306.0	299.0	321.0	167.0	72.5	158.5	223.0	78.5	119.0	226.0	193.0	106.0	23.5	79.0	31.0	44.5	60.0	483.0	343.5	180.0	336.5	338.5	654.0	270.0	205.5	331.5	191.5	171.0	241.0	285.5	246.0	169.0	159.0	348.0	318.0	232.5	5.0	388.5	3.5	153.0	100.5	204.5	121.0	82.0	7.0	90.5	169.5	41.0	68.0	414.5	100.0	135.0
CCG	184.5	218.0	410.5	116.5	126.0	195.5	167.5	105.5	100.5	172.0	113.5	60.5	224.5	250.5	274.0	171.0	65.0	126.5	198.0	71.5	117.5	193.0	171.0	99.0	16.5	78.0	36.0	39.0	68.0	338.0	278.5	187.0	246.5	362.5	624.0	238.5	201.0	279.5	214.5	179.0	239.0	304.0	232.5	169.5	158.0	292.0	322.0	241.0	6.0	311.5	3.0	155.5	104.5	156.5	113.5	74.5	9.0	89.5	165.5	42.0	67.0	360.0	101.0	164.5
CCT	221.0	161.5	272.5	131.5	133.0	116.5	87.0	108.5	129.5	106.0	170.5	69.5	360.5	187.0	210.0	185.0	55.5	86.0	113.0	73.5	116.0	106.0	99.0	109.0	23.0	45.0	33.5	38.5	65.0	159.0	135.5	174.5	249.0	203.0	368.0	276.0	180.0	149.5	111.5	162.5	186.5	155.5	119.5	144.5	150.5	184.5	179.0	251.5	6.5	195.0	3.0	178.0	104.0	95.0	78.5	83.0	7.0	41.0	102.0	35.0	105.0	206.5	91.5	154.5
CGA	90.0	39.0	67.5	48.0	30.5	20.5	14.0	24.5	42.0	23.0	42.5	23.0	57.0	35.0	53.0	53.0	25.0	18.0	29.0	22.5	27.0	23.5	16.5	23.0	10.0	10.0	8.5	13.0	24.0	35.0	36.0	43.5	95.0	48.5	83.0	80.5	45.0	34.0	18.5	34.5	48.0	28.5	27.5	33.5	34.0	26.0	31.5	43.0	3.0	34.5	1.5	45.5	26.0	21.0	14.0	23.5	4.0	11.5	22.5	11.0	32.5	38.0	30.0	40.0
CGC	108.5	99.5	191.0	57.0	51.5	84.0	58.0	39.0	58.0	86.0	66.5	30.5	80.5	132.0	163.5	72.0	27.0	62.0	129.0	40.5	44.0	79.0	78.0	45.0	10.0	41.0	26.0	31.0	28.5	153.5	137.5	85.0	168.0	148.5	288.5	183.0	107.0	134.0	68.0	67.5	114.0	141.0	100.5	83.5	59.5	100.5	107.0	89.5	4.0	116.5	1.0	70.5	42.0	78.0	44.0	36.0	5.0	31.0	70.5	20.5	37.5	131.5	40.0	58.0
CGG	69.0	58.0	94.0	42.0	37.0	48.0	28.0	29.5	55.0	42.0	57.5	22.0	60.5	63.5	76.5	55.0	14.0	32.0	53.5	21.0	28.0	31.0	36.0	33.5	8.5	26.0	18.0	15.5	17.0	58.5	83.5	66.0	103.0	106.5	130.0	81.5	53.5	77.5	33.0	50.5	59.0	64.5	60.5	38.0	42.5	55.5	55.5	62.5	3.5	60.5	1.0	46.5	31.5	42.5	31.0	25.5	6.0	19.5	35.5	14.0	27.5	71.5	28.5	43.0
CGT	92.5	75.0	130.0	63.0	46.5	46.5	27.5	40.5	51.5	48.5	53.5	35.0	82.0	84.0	107.0	75.5	29.5	34.5	65.5	31.5	36.0	44.5	39.0	38.5	13.0	31.0	15.5	32.0	29.0	73.0	73.0	64.5	150.0	99.5	189.0	141.0	78.0	76.0	50.5	70.0	76.0	77.5	59.5	82.0	54.0	67.5	73.5	81.0	3.0	80.0	2.0	65.0	37.5	44.0	28.0	34.0	4.0	19.0	44.5	22.5	38.0	83.5	42.0	54.5
CTA	228.5	148.5	202.5	151.5	105.0	102.5	71.5	85.5	118.5	79.0	103.5	52.0	271.5	172.0	175.5	165.0	60.0	66.0	93.5	56.0	73.0	60.0	68.0	65.0	24.0	28.5	17.0	29.0	72.0	186.0	136.0	155.5	264.5	185.0	256.5	203.0	193.0	135.0	111.0	143.5	175.5	134.5	93.0	109.5	123.5	138.0	112.5	151.0	7.0	139.0	3.0	140.0	90.0	73.5	60.0	71.0	6.0	28.5	77.5	31.0	98.5	157.5	82.0	139.5
CTC	442.5	562.0	938.0	271.5	236.5	424.0	306.0	184.5	212.0	406.0	247.5	131.5	430.0	480.5	680.5	344.0	114.5	293.5	401.0	144.5	190.5	483.0	338.0	159.0	35.0	153.5	58.5	73.0	186.0	942.0	766.5	407.0	530.0	738.0	1266.5	542.0	536.5	833.0	522.5	399.0	540.0	594.0	536.0	336.0	285.5	618.5	640.0	401.5	13.0	663.5	8.0	312.5	196.5	450.5	261.0	167.5	16.0	132.5	291.5	65.5	183.5	735.0	227.5	299.5
CTG	305.5	483.5	591.5	196.5	189.5	343.5	254.0	148.5	206.0	314.0	222.5	117.5	421.0	475.0	640.0	278.5	98.5	240.0	422.5	116.5	151.5	343.5	278.5	135.5	36.0	137.5	83.5	73.0	136.0	766.5	794.0	334.5	507.0	643.0	1144.0	485.5	423.5	717.0	496.5	339.5	457.0	551.5	482.0	359.0	235.5	445.0	566.0	395.0	11.0	577.0	5.5	242.5	150.0	341.0	213.0	121.0	20.0	112.5	246.0	59.0	138.0	633.5	235.5	265.5
CTT	428.5	323.5	452.0	286.0	224.5	213.5	165.0	163.5	249.5	195.0	293.5	133.0	546.5	356.0	427.5	440.0	112.0	154.5	232.5	127.0	159.0	180.0	187.0	174.5	43.5	85.0	66.0	64.5	155.5	407.0	334.5	317.0	517.0	404.5	660.5	567.0	435.5	426.5	283.0	329.0	376.5	348.5	249.5	310.5	279.5	325.5	321.5	412.0	12.0	346.0	6.0	287.5	219.0	188.0	130.5	147.5	11.0	65.0	186.5	66.0	178.5	383.0	189.0	314.0
GAA	992.5	735.0	1077.5	512.5	393.5	431.5	280.5	339.0	541.0	430.5	567.5	300.5	810.5	711.5	792.5	642.5	323.0	304.5	494.5	239.5	312.0	336.5	246.5	249.0	95.0	168.0	103.0	150.0	264.5	530.0	507.0	517.0	1831.0	866.0	1616.0	1284.5	709.0	537.0	306.0	510.0	629.5	466.0	447.0	509.0	412.5	497.0	605.5	726.5	32.5	634.5	14.0	444.5	328.0	334.0	226.0	281.0	34.0	120.5	378.5	140.0	264.0	671.5	358.5	430.0
GAC	706.5	543.5	1057.0	347.0	347.5	493.5	315.5	293.5	315.5	407.0	325.0	177.5	654.0	599.0	617.0	542.0	146.5	293.0	433.5	174.5	257.0	338.5	362.5	203.0	48.5	148.5	106.5	99.5	185.0	738.0	643.0	404.5	866.0	751.0	1383.5	695.5	511.0	565.0	404.5	357.0	528.5	561.0	470.0	371.0	413.5	701.5	652.0	573.5	11.0	664.5	4.0	394.5	251.5	351.0	221.5	184.0	14.0	156.5	357.5	104.0	197.0	706.5	243.5	405.0
GAG	1056.0	920.0	1880.5	490.0	488.0	699.5	537.0	399.0	569.5	612.5	760.5	328.5	958.0	913.0	1060.0	606.5	260.5	504.0	863.5	278.0	406.0	654.0	624.0	368.0	83.0	288.5	130.0	189.0	256.5	1266.5	1144.0	660.5	1616.0	1383.5	2888.0	1340.5	779.0	1104.5	833.0	703.5	848.0	930.0	852.0	622.0	528.5	1025.0	1018.0	845.0	32.0	1047.0	17.0	551.0	361.5	622.0	414.0	269.5	45.5	230.5	577.0	148.5	293.0	1100.0	385.5	456.5
GAT	802.0	656.5	929.5	528.0	435.5	418.0	275.5	362.5	489.5	384.5	526.5	271.5	939.5	641.0	699.5	595.0	238.0	271.0	390.0	242.5	320.0	270.0	238.5	276.0	80.5	183.0	81.5	141.0	203.0	542.0	485.5	567.0	1284.5	695.5	1340.5	1152.0	706.0	498.5	310.5	511.5	644.5	452.5	388.5	498.0	477.5	579.0	572.5	740.5	16.0	684.0	8.0	512.0	320.5	317.0	208.5	261.0	27.0	128.0	375.5	121.5	360.0	701.5	298.0	546.0
GCA	449.5	420.5	599.0	281.0	367.0	308.5	202.0	227.0	275.0	248.0	337.0	179.5	736.5	542.0	647.0	461.0	149.0	204.5	298.0	151.5	252.5	205.5	201.0	180.0	45.0	107.0	53.5	78.0	193.0	536.5	423.5	435.5	709.0	511.0	779.0	706.0	741.0	541.0	312.5	495.0	550.0	433.0	288.5	435.0	365.5	422.0	405.0	653.0	13.0	441.0	5.0	327.0	269.5	196.5	155.5	208.0	13.0	81.0	227.5	88.0	228.5	498.0	240.5	357.0
GCC	361.5	534.5	793.0	222.0	258.5	413.5	277.0	201.0	213.5	298.5	238.5	133.5	483.5	508.0	716.0	349.5	110.0	259.5	415.0	129.5	178.5	331.5	279.5	149.5	34.0	134.0	77.5	76.0	135.0	833.0	717.0	426.5	537.0	565.0	1104.5	498.5	541.0	731.0	458.5	401.5	490.0	553.0	403.5	319.5	288.0	612.5	581.5	474.0	8.0	671.5	4.0	309.5	189.0	357.5	215.0	154.5	10.5	159.0	256.5	70.5	156.0	712.0	231.5	277.0
GCG	253.0	324.0	526.0	152.0	140.5	276.5	171.5	131.5	138.5	232.0	139.5	85.0	278.5	309.5	464.5	227.0	64.0	146.5	308.0	90.5	115.5	191.5	214.5	111.5	18.5	68.0	33.0	50.5	111.0	522.5	496.5	283.0	306.0	404.5	833.0	310.5	312.5	458.5	380.0	280.5	352.0	371.0	332.0	207.0	200.0	362.0	403.0	312.0	5.5	352.0	3.0	192.0	140.0	193.5	155.5	107.5	12.5	76.5	176.0	49.5	120.0	443.5	150.5	188.5
GCT	319.5	300.0	443.5	227.0	243.5	225.5	187.5	217.0	204.5	181.5	224.5	134.0	592.0	369.0	394.5	353.5	128.5	145.0	249.5	121.5	161.5	171.0	179.0	162.5	34.5	67.5	50.5	70.0	143.5	399.0	339.5	329.0	510.0	357.0	703.5	511.5	495.0	401.5	280.5	379.0	329.5	313.5	237.0	330.5	317.5	354.0	308.0	452.5	9.0	305.0	4.0	281.0	186.5	178.0	139.5	150.5	12.0	65.0	166.0	69.0	166.5	375.0	188.0	257.0
GGA	475.5	416.0	519.0	273.0	317.5	374.0	244.0	249.0	288.5	265.5	365.5	173.0	624.0	608.0	542.5	384.5	131.5	223.5	326.0	167.0	220.0	241.0	239.0	186.5	48.0	114.0	59.0	76.0	175.5	540.0	457.0	376.5	629.5	528.5	848.0	644.5	550.0	490.0	352.0	329.5	588.0	402.5	352.0	447.5	353.5	512.5	485.0	538.5	17.0	437.5	7.5	310.5	218.5	240.0	161.5	178.5	24.5	89.5	241.0	109.5	213.0	560.5	197.0	337.0
GGC	389.0	491.5	788.0	209.5	244.5	401.0	302.0	202.5	190.0	258.5	167.5	136.5	455.0	495.0	620.5	337.0	99.5	213.5	365.0	129.0	182.5	285.5	304.0	155.5	28.5	141.0	64.5	77.5	134.5	594.0	551.5	348.5	466.0	561.0	930.0	452.5	433.0	553.0	371.0	313.5	402.5	442.0	363.5	327.5	274.5	679.0	512.5	485.0	9.0	552.5	4.5	285.5	194.0	274.0	200.0	137.5	14.0	157.5	239.0	78.0	145.5	679.5	163.5	288.5
GGG	292.0	289.5	482.0	171.0	185.0	275.5	259.5	141.5	137.0	240.0	216.5	115.5	406.0	374.0	399.5	282.5	94.5	190.5	267.5	99.5	137.0	246.0	232.5	119.5	27.5	100.5	60.5	59.5	93.0	536.0	482.0	249.5	447.0	470.0	852.0	388.5	288.5	403.5	332.0	237.0	352.0	363.5	367.0	249.5	234.5	509.0	483.5	342.5	12.0	417.0	6.5	236.5	150.5	219.5	156.5	106.0	22.0	99.5	212.0	61.5	107.5	453.0	179.0	231.5
GGT	368.0	331.5	456.5	217.5	228.0	279.0	167.0	206.5	209.5	228.0	224.5	146.0	469.0	447.5	381.0	357.5	110.5	159.0	244.0	116.5	192.5	169.0	169.5	144.5	33.5	83.5	38.0	82.0	109.5	336.0	359.0	310.5	509.0	371.0	622.0	498.0	435.0	319.5	207.0	330.5	447.5	327.5	249.5	365.0	274.5	383.0	350.0	531.5	12.0	366.0	6.0	248.5	163.5	192.5	127.5	137.5	20.0	72.5	204.5	83.0	122.0	436.0	173.0	269.5
GTA	312.5	313.0	439.5	239.5	219.5	189.5	154.0	169.5	233.0	192.0	232.5	103.5	541.0	282.0	361.5	282.0	98.0	133.0	186.0	117.5	145.5	159.0	158.0	150.5	34.0	59.5	42.5	54.0	123.5	285.5	235.5	279.5	412.5	413.5	528.5	477.5	365.5	288.0	200.0	317.5	353.5	274.5	234.5	274.5	283.0	295.5	270.5	415.5	8.0	270.5	4.0	261.5	172.0	144.0	119.5	119.0	10.0	71.5	150.5	55.5	182.0	284.5	158.5	249.0
GTC	394.5	503.0	739.5	238.0	226.0	353.0	260.5	195.0	188.0	366.5	200.0	127.5	392.0	380.5	465.5	319.5	95.0	251.5	286.5	125.5	191.5	348.0	292.0	184.5	26.0	100.5	55.5	67.5	138.0	618.5	445.0	325.5	497.0	701.5	1025.0	579.0	422.0	612.5	362.0	354.0	512.5	679.0	509.0	383.0	295.5	550.0	535.0	401.5	8.5	484.0	5.0	265.5	185.0	314.0	185.5	150.0	13.0	126.0	244.0	73.5	155.0	565.5	157.5	266.5
GTG	333.5	521.0	546.5	258.5	205.0	349.5	305.0	190.0	201.0	331.5	260.5	128.0	458.0	441.5	519.0	277.0	108.0	242.5	355.0	126.5	180.0	318.0	322.0	179.0	31.5	107.0	55.5	73.5	112.5	640.0	566.0	321.5	605.5	652.0	1018.0	572.5	405.0	581.5	403.0	308.0	485.0	512.5	483.5	350.0	270.5	535.0	525.0	384.0	11.5	520.0	8.0	252.5	167.5	309.0	218.5	142.5	36.5	116.5	235.0	80.0	135.0	600.0	205.0	233.0
GTT	501.0	460.0	518.5	328.5	310.5	273.0	206.5	240.5	311.0	260.0	309.0	180.5	671.5	446.5	536.5	482.0	154.0	198.5	297.5	188.5	263.0	232.5	241.0	251.5	43.0	89.5	62.5	81.0	151.0	401.5	395.0	412.0	726.5	573.5	845.0	740.5	653.0	474.0	312.0	452.5	538.5	485.0	342.5	531.5	415.5	401.5	384.0	574.0	10.5	347.0	5.0	380.0	243.5	210.0	163.0	202.5	15.0	86.5	221.5	91.5	175.0	401.0	214.5	357.5
TAA	28.5	12.5	27.0	12.5	9.5	6.5	5.0	6.0	17.0	9.5	16.5	8.0	17.0	12.0	14.0	15.0	9.0	4.0	10.0	4.0	7.0	5.0	6.0	6.5	3.0	4.0	3.5	3.0	7.0	13.0	11.0	12.0	32.5	11.0	32.0	16.0	13.0	8.0	5.5	9.0	17.0	9.0	12.0	12.0	8.0	8.5	11.5	10.5	0.0	10.5	0.0	10.5	8.0	7.0	5.0	7.5	0.0	3.0	9.0	3.5	9.0	14.0	8.0	10.0
TAC	424.0	561.0	703.0	292.5	287.0	464.0	283.0	189.5	257.0	363.5	314.5	153.0	491.5	458.5	597.5	374.0	143.0	255.0	399.0	145.0	213.0	388.5	311.5	195.0	34.5	116.5	60.5	80.0	139.0	663.5	577.0	346.0	634.5	664.5	1047.0	684.0	441.0	671.5	352.0	305.0	437.5	552.5	417.0	366.0	270.5	484.0	520.0	347.0	10.5	657.0	6.0	331.5	211.5	337.5	222.5	149.5	13.0	127.5	302.0	88.5	158.5	669.0	211.5	281.5
TAG	13.0	5.0	13.5	5.0	4.0	3.5	3.0	3.0	6.0	5.5	6.5	3.0	8.0	6.0	6.0	6.5	4.0	2.0	5.5	2.0	3.0	3.5	3.0	3.0	1.5	1.0	1.0	2.0	3.0	8.0	5.5	6.0	14.0	4.0	17.0	8.0	5.0	4.0	3.0	4.0	7.5	4.5	6.5	6.0	4.0	5.0	8.0	5.0	0.0	6.0	0.0	5.0	4.0	5.0	3.0	4.0	0.0	2.0	6.0	2.0	4.0	8.0	4.0	5.0
TAT	416.5	347.0	429.5	308.0	214.5	205.5	143.0	185.5	235.0	188.5	270.0	104.5	497.0	320.0	389.5	330.0	108.0	141.0	204.5	137.0	164.5	153.0	155.5	178.0	45.5	70.5	46.5	65.0	140.0	312.5	242.5	287.5	444.5	394.5	551.0	512.0	327.0	309.5	192.0	281.0	310.5	285.5	236.5	248.5	261.5	265.5	252.5	380.0	10.5	331.5	5.0	372.0	168.5	146.5	131.0	146.5	12.0	76.5	186.0	73.5	205.5	330.5	168.0	297.5
TCA	239.5	202.0	267.0	159.0	160.0	152.0	112.5	122.0	160.5	131.0	143.0	90.5	338.5	227.5	249.5	239.5	84.0	87.5	141.5	82.0	127.5	100.5	104.5	104.0	26.0	42.0	31.5	37.5	90.0	196.5	150.0	219.0	328.0	251.5	361.5	320.5	269.5	189.0	140.0	186.5	218.5	194.0	150.5	163.5	172.0	185.0	167.5	243.5	8.0	211.5	4.0	168.5	141.0	119.0	87.5	99.5	8.0	40.5	115.0	41.0	106.5	229.5	135.5	217.0
TCC	204.5	261.5	305.5	126.5	126.5	205.5	150.0	110.0	129.0	197.0	148.0	77.0	281.0	300.5	303.0	194.0	73.0	129.0	201.5	65.5	104.0	204.5	156.5	95.0	21.0	78.0	42.5	44.0	73.5	450.5	341.0	188.0	334.0	351.0	622.0	317.0	196.5	357.5	193.5	178.0	240.0	274.0	219.5	192.5	144.0	314.0	309.0	210.0	7.0	337.5	5.0	146.5	119.0	190.0	106.0	87.0	10.0	58.0	134.5	44.0	96.0	344.0	110.5	138.5
TCG	157.5	166.0	285.5	113.0	94.0	124.5	99.0	84.5	82.5	131.0	90.0	57.0	139.5	185.0	228.5	150.5	47.0	80.5	122.5	49.5	66.5	121.0	113.5	78.5	14.0	44.0	31.0	28.0	60.0	261.0	213.0	130.5	226.0	221.5	414.0	208.5	155.5	215.0	155.5	139.5	161.5	200.0	156.5	127.5	119.5	185.5	218.5	163.0	5.0	222.5	3.0	131.0	87.5	106.0	82.0	75.5	7.0	48.0	100.0	33.0	59.5	266.5	82.0	128.0
TCT	211.5	150.5	218.5	148.5	122.0	105.5	83.5	99.5	129.5	98.0	125.0	76.5	295.5	163.5	197.0	175.0	60.5	67.0	109.0	64.0	89.0	82.0	74.5	83.0	23.5	36.0	25.5	34.0	71.0	167.5	121.0	147.5	281.0	184.0	269.5	261.0	208.0	154.5	107.5	150.5	178.5	137.5	106.0	137.5	119.0	150.0	142.5	202.5	7.5	149.5	4.0	146.5	99.5	87.0	75.5	101.0	9.5	34.0	84.0	31.5	118.5	179.0	97.5	167.5
TGA	22.0	12.0	29.5	11.5	7.0	7.0	7.0	7.0	13.0	10.5	20.5	7.0	15.0	16.0	16.5	13.5	8.0	6.0	11.5	5.5	6.0	7.0	9.0	7.0	4.0	5.0	6.0	4.0	6.0	16.0	20.0	11.0	34.0	14.0	45.5	27.0	13.0	10.5	12.5	12.0	24.5	14.0	22.0	20.0	10.0	13.0	36.5	15.0	0.0	13.0	0.0	12.0	8.0	10.0	7.0	9.5	0.0	4.0	14.0	4.0	8.0	16.5	9.0	11.5
TGC	87.5	109.5	125.5	65.5	55.5	85.0	66.5	46.0	57.5	63.5	66.0	31.5	113.0	110.0	104.0	65.5	28.5	71.5	64.0	41.0	45.0	90.5	89.5	41.0	11.5	31.0	19.5	19.0	28.5	132.5	112.5	65.0	120.5	156.5	230.5	128.0	81.0	159.0	76.5	65.0	89.5	157.5	99.5	72.5	71.5	126.0	116.5	86.5	3.0	127.5	2.0	76.5	40.5	58.0	48.0	34.0	4.0	328.0	64.0	254.5	36.5	101.0	41.5	48.0
TGG	248.0	280.5	352.5	172.0	144.0	181.0	124.0	119.0	131.5	168.5	163.5	92.0	297.0	201.0	279.0	203.5	83.5	127.5	188.0	82.0	129.5	169.5	165.5	102.0	22.5	70.5	35.5	44.5	77.5	291.5	246.0	186.5	378.5	357.5	577.0	375.5	227.5	256.5	176.0	166.0	241.0	239.0	212.0	204.5	150.5	244.0	235.0	221.5	9.0	302.0	6.0	186.0	115.0	134.5	100.0	84.0	14.0	64.0	212.0	52.5	101.5	337.5	118.0	201.0
TGT	88.0	92.5	108.5	64.5	47.5	54.5	38.5	39.5	47.5	45.5	53.0	34.5	89.5	100.0	112.5	83.0	31.0	48.5	47.5	37.5	44.5	41.0	42.0	35.0	11.0	20.5	14.0	22.5	31.0	65.5	59.0	66.0	140.0	104.0	148.5	121.5	88.0	70.5	49.5	69.0	109.5	78.0	61.5	83.0	55.5	73.5	80.0	91.5	3.5	88.5	2.0	73.5	41.0	44.0	33.0	31.5	4.0	254.5	52.5	263.0	41.0	85.5	50.0	56.0
TTA	270.0	148.5	239.0	223.0	103.0	107.0	76.5	105.5	138.0	96.0	126.5	71.0	357.0	218.5	239.0	234.5	84.0	64.0	121.5	85.5	74.0	68.0	67.0	105.0	32.5	37.5	27.5	38.0	98.5	183.5	138.0	178.5	264.0	197.0	293.0	360.0	228.5	156.0	120.0	166.5	213.0	145.5	107.5	122.0	182.0	155.0	135.0	175.0	9.0	158.5	4.0	205.5	106.5	96.0	59.5	118.5	8.0	36.5	101.5	41.0	167.0	217.0	151.0	193.0
TTC	461.0	552.5	725.0	335.0	306.5	411.5	324.0	228.5	258.0	367.0	317.5	159.5	615.0	524.5	612.5	406.0	148.0	259.5	366.0	163.0	244.5	414.5	360.0	206.5	38.0	131.5	71.5	83.5	157.5	735.0	633.5	383.0	671.5	706.5	1100.0	701.5	498.0	712.0	443.5	375.0	560.5	679.5	453.0	436.0	284.5	565.5	600.0	401.0	14.0	669.0	8.0	330.5	229.5	344.0	266.5	179.0	16.5	101.0	337.5	85.5	217.0	732.0	228.5	326.5
TTG	223.0	191.5	220.5	200.0	131.5	138.5	95.5	113.0	116.5	112.5	127.0	84.5	280.5	260.0	243.0	203.0	90.5	90.5	163.0	80.5	101.5	100.0	101.0	91.5	30.0	40.0	28.5	42.0	82.0	227.5	235.5	189.0	358.5	243.5	385.5	298.0	240.5	231.5	150.5	188.0	197.0	163.5	179.0	173.0	158.5	157.5	205.0	214.5	8.0	211.5	4.0	168.0	135.5	110.5	82.0	97.5	9.0	41.5	118.0	50.0	151.0	228.5	147.0	170.0
TTT	335.5	292.0	354.0	325.0	217.5	200.5	163.0	161.5	220.5	164.5	223.5	133.5	512.5	333.0	414.0	377.5	95.0	136.5	198.5	133.5	187.5	135.0	164.5	154.5	40.0	58.0	43.0	54.5	139.5	299.5	265.5	314.0	430.0	405.0	456.5	546.0	357.0	277.0	188.5	257.0	337.0	288.5	231.5	269.5	249.0	266.5	233.0	357.5	10.0	281.5	5.0	297.5	217.0	138.5	128.0	167.5	11.5	48.0	201.0	56.0	193.0	326.5	170.0	369.0
