Proteome_ID	M	W	C	D	E	F	H	K	N	Q	Y	I	A	G	P	T	V	L	R	S
UP000000231	0.01749614369321608	0.02306110434720834	0.03180917619381638	0.03180917619381638	0.03180917619381638	0.038883298659909964	0.03180917619381638	0.038883298659909964	0.038883298659909964	0.05125082552377136	0.038883298659909964	0.060270453626603854	0.0520441281990553	0.0520441281990553	0.0520441281990553	0.06361835238763276	0.06361835238763276	0.10250165104754272	0.0838533043928717	0.09542752858144915
UP000000233	0.01058181973078439	0.023961580645091417	0.029252490510483613	0.029252490510483613	0.029252490510483613	0.016579189088106523	0.029252490510483613	0.016579189088106523	0.016579189088106523	0.03754208505453687	0.016579189088106523	0.022576558445428656	0.1032267858842139	0.1032267858842139	0.1032267858842139	0.058504981020967226	0.058504981020967226	0.07508417010907374	0.1324792763946975	0.08775747153145085
UP000000235	0.00818280028639712	0.02269419901582651	0.02678559915902507	0.02678559915902507	0.02678559915902507	0.011782162994423962	0.02678559915902507	0.011782162994423962	0.011782162994423962	0.03267668065623705	0.011782162994423962	0.015381525702450802	0.12178889778515443	0.12178889778515443	0.12178889778515443	0.05357119831805014	0.05357119831805014	0.0653533613124741	0.1485744969441795	0.0803567974770752
UP000000238	0.014817680678872094	0.024362338417237988	0.03177117875667403	0.03177117875667403	0.03177117875667403	0.027768616214028992	0.03177117875667403	0.027768616214028992	0.027768616214028992	0.04565548686368853	0.027768616214028992	0.040719551749185894	0.07270133965685854	0.07270133965685854	0.07270133965685854	0.06354235751334807	0.06354235751334807	0.09131097372737706	0.10447251841353257	0.0953135362700221
UP000000239	0.01046887896471075	0.023919247010860713	0.029153686493216088	0.029153686493216088	0.029153686493216088	0.01633446931722375	0.029153686493216088	0.01633446931722375	0.01633446931722375	0.03732092115182796	0.01633446931722375	0.022200059669736753	0.10406673392793	0.10406673392793	0.10406673392793	0.058307372986432175	0.058307372986432175	0.07464184230365592	0.1332204204211461	0.08746105947964826
UP000000245	0.009034389783518448	0.023235635026263662	0.027752829918022887	0.027752829918022887	0.027752829918022887	0.013394806472839091	0.027752829918022887	0.013394806472839091	0.013394806472839091	0.034450233154442435	0.013394806472839091	0.017755223162159734	0.11500271691427498	0.11500271691427498	0.11500271691427498	0.05550565983604577	0.05550565983604577	0.06890046630888487	0.14275554683229785	0.08325848975406865
UP000000247	0.019235170854677335	0.01885267904042778	0.02847026446776645	0.02847026446776645	0.02847026446776645	0.05929884679665482	0.02847026446776645	0.05929884679665482	0.05929884679665482	0.05811968786609385	0.05929884679665482	0.0993625227386323	0.027338000742041065	0.027338000742041065	0.027338000742041065	0.0569405289355329	0.0569405289355329	0.1162393757321877	0.055808265209807514	0.08541079340329935
UP000000248	0.017650083475826413	0.022918299405669668	0.031743341143582876	0.031743341143582876	0.031743341143582876	0.039754656743962315	0.031743341143582876	0.039754656743962315	0.039754656743962315	0.05162066951556404	0.039754656743962315	0.0618592300120982	0.05069291446521748	0.05069291446521748	0.05069291446521748	0.06348668228716575	0.06348668228716575	0.10324133903112807	0.08243625560880036	0.09523002343074863
UP000000260	0.013673266733801563	0.02449171967754814	0.03132835304444893	0.03132835304444893	0.03132835304444893	0.024262748987475644	0.03132835304444893	0.024262748987475644	0.024262748987475644	0.04345972753818675	0.024262748987475644	0.03485223124114972	0.08090309181241266	0.08090309181241266	0.08090309181241266	0.06265670608889785	0.06265670608889785	0.0869194550763735	0.11223144485686158	0.09398505913334679
UP000000263	0.01204001826326315	0.024363259510346888	0.030383268641978465	0.030383268641978465	0.030383268641978465	0.01994276378473941	0.030383268641978465	0.01994276378473941	0.01994276378473941	0.04035465053434816	0.01994276378473941	0.027845509306215675	0.09257924561860764	0.09257924561860764	0.09257924561860764	0.06076653728395693	0.06076653728395693	0.08070930106869632	0.1229625142605861	0.09114980592593538
UP000000268	0.01695484429175083	0.02348235103392314	0.031959773179798555	0.031959773179798555	0.031959773179798555	0.036112998729023724	0.031959773179798555	0.036112998729023724	0.036112998729023724	0.050016272544310424	0.036112998729023724	0.05527115316629662	0.05656839020035511	0.05656839020035511	0.05656839020035511	0.06391954635959711	0.06391954635959711	0.10003254508862085	0.08852816338015368	0.09587931953939566
UP000000269	0.019048194672475115	0.020494730026217475	0.030018827362455033	0.030018827362455033	0.030018827362455033	0.05212137563968636	0.030018827362455033	0.05212137563968636	0.05212137563968636	0.05607951518229821	0.05212137563968636	0.08519455660689759	0.034578135559827354	0.034578135559827354	0.034578135559827354	0.060037654724910065	0.060037654724910065	0.11215903036459642	0.06459696292228238	0.0900564820873651
UP000000270	0.009046794244925072	0.023242744995654173	0.027766142118116708	0.027766142118116708	0.027766142118116708	0.013418981068122079	0.027766142118116708	0.013418981068122079	0.013418981068122079	0.03447563265217775	0.013418981068122079	0.017791167891319085	0.11490569130541989	0.11490569130541989	0.11490569130541989	0.055532284236233416	0.055532284236233416	0.0689512653043555	0.1426718334235366	0.08329842635435011
UP000000272	0.016907558887118278	0.023514063239870073	0.03196784268342921	0.03196784268342921	0.03196784268342921	0.03588897725795907	0.03196784268342921	0.03588897725795907	0.03588897725795907	0.04991233131240875	0.03588897725795907	0.05487039562879986	0.056950241768499714	0.056950241768499714	0.056950241768499714	0.06393568536685842	0.06393568536685842	0.0998246626248175	0.08891808445192892	0.09590352805028762
UP000000276	0.015084771717182746	0.024302740907094073	0.03184512676568545	0.03184512676568545	0.03184512676568545	0.02866147323102358	0.03184512676568545	0.02866147323102358	0.02866147323102358	0.04617586338119724	0.02866147323102358	0.04223817474486442	0.07076482709373687	0.07076482709373687	0.07076482709373687	0.0636902535313709	0.0636902535313709	0.09235172676239448	0.1026099538594223	0.09553538029705633
UP000000321	0.009310499191127582	0.023388803319029164	0.028044052914592957	0.028044052914592957	0.028044052914592957	0.013937779015745506	0.028044052914592957	0.013937779015745506	0.013937779015745506	0.03501294242246571	0.013937779015745506	0.01856505884036343	0.11285426508599626	0.11285426508599626	0.11285426508599626	0.056088105829185914	0.056088105829185914	0.07002588484493141	0.14089831800058922	0.08413215874377888
UP000000323	0.014706804413035185	0.024383619204108593	0.03173702141062619	0.03173702141062619	0.03173702141062619	0.027407176702705146	0.03173702141062619	0.027407176702705146	0.027407176702705146	0.04544060976197876	0.027407176702705146	0.04010754899237511	0.07350180859155246	0.07350180859155246	0.07350180859155246	0.06347404282125238	0.06347404282125238	0.09088121952395752	0.10523883000217865	0.09521106423187856
UP000000328	0.0072913895225308716	0.02200713783966696	0.025652832600932395	0.025652832600932395	0.025652832600932395	0.010186824317185435	0.025652832600932395	0.010186824317185435	0.010186824317185435	0.030746244759525112	0.010186824317185435	0.013082259111840001	0.12919979769186407	0.12919979769186407	0.12919979769186407	0.05130566520186479	0.05130566520186479	0.061492489519050224	0.15485263029279647	0.07695849780279719
UP000000329	0.010645368909766289	0.023984683505421114	0.02930736796030426	0.02930736796030426	0.02930736796030426	0.016717809430105503	0.02930736796030426	0.016717809430105503	0.016717809430105503	0.037666272675357014	0.016717809430105503	0.022790249950444718	0.10275530659105594	0.10275530659105594	0.10275530659105594	0.05861473592060852	0.05861473592060852	0.07533254535071403	0.1320626745513602	0.08792210388091277
UP000000333	0.010191493522582945	0.02380830717781719	0.02890405393910866	0.02890405393910866	0.02890405393910866	0.015742125713414615	0.02890405393910866	0.015742125713414615	0.015742125713414615	0.036775116795815965	0.015742125713414615	0.021292757904246288	0.10614123522123582	0.10614123522123582	0.10614123522123582	0.05780810787821732	0.05780810787821732	0.07355023359163193	0.13504528916034447	0.08671216181732598
UP000000343	0.012130266644295068	0.02437933013455412	0.030444463456701657	0.030444463456701657	0.030444463456701657	0.020164654958939484	0.030444463456701657	0.020164654958939484	0.020164654958939484	0.0405267909361714	0.020164654958939484	0.028199043273583902	0.09192970145571874	0.09192970145571874	0.09192970145571874	0.060888926913403314	0.060888926913403314	0.0810535818723428	0.12237416491242038	0.09133339037010496
UP000000361	0.00935205659619075	0.02341094152598839	0.028086969824083766	0.028086969824083766	0.028086969824083766	0.01402039754415633	0.028086969824083766	0.01402039754415633	0.01402039754415633	0.03509716859616193	0.01402039754415633	0.018688738492121906	0.11253288238289569	0.11253288238289569	0.11253288238289569	0.05617393964816753	0.05617393964816753	0.07019433719232386	0.14061985220697945	0.08426090947225129
UP000000366	0.008490044373388001	0.02290189399876674	0.02714691618546074	0.02714691618546074	0.02714691618546074	0.012353545939360826	0.02714691618546074	0.012353545939360826	0.012353545939360826	0.03332368915514115	0.012353545939360826	0.016217047505333648	0.11931069216852896	0.11931069216852896	0.11931069216852896	0.05429383237092148	0.05429383237092148	0.0666473783102823	0.1464576083539897	0.08144074855638223
UP000000370	0.019100429602049267	0.02027407987375775	0.029824294674782387	0.029824294674782387	0.029824294674782387	0.05312047820471777	0.029824294674782387	0.05312047820471777	0.05312047820471777	0.056384533777141276	0.05312047820471777	0.08714052680738626	0.03348947836728078	0.03348947836728078	0.03348947836728078	0.059648589349564775	0.059648589349564775	0.11276906755428255	0.06331377304206318	0.08947288402434717
UP000000374	0.010026146549768876	0.02373742567026378	0.02875049894514822	0.02875049894514822	0.02875049894514822	0.015394749560159173	0.02875049894514822	0.015394749560159173	0.015394749560159173	0.03644787372522781	0.015394749560159173	0.02076335257054947	0.10738611711282978	0.10738611711282978	0.10738611711282978	0.05750099789029644	0.05750099789029644	0.07289574745045561	0.13613661605797803	0.08625149683544465
UP000000376	0.014825218010337754	0.024360819301320058	0.03177342830648893	0.03177342830648893	0.03177342830648893	0.027793377197267075	0.03177342830648893	0.027793377197267075	0.027793377197267075	0.045670116905122474	0.027793377197267075	0.04076153638419639	0.07264685678046073	0.07264685678046073	0.07264685678046073	0.06354685661297786	0.06354685661297786	0.09134023381024495	0.10442028508694967	0.0953202849194668
UP000000377	0.007699564009360604	0.02233786852817503	0.026187650532855333	0.026187650532855333	0.026187650532855333	0.010906130890086942	0.026187650532855333	0.010906130890086942	0.010906130890086942	0.0316407159778988	0.010906130890086942	0.014112697770813278	0.12576284795083567	0.12576284795083567	0.12576284795083567	0.052375301065710665	0.052375301065710665	0.0632814319557976	0.15195049848369102	0.078562951598566
UP000000379	0.008652426733862451	0.02300595677965878	0.02733217014659	0.02733217014659	0.02733217014659	0.012660216708849382	0.02733217014659	0.012660216708849382	0.012660216708849382	0.0336622785010147	0.012660216708849382	0.016668006683836313	0.1180149664262802	0.1180149664262802	0.1180149664262802	0.05466434029318	0.05466434029318	0.0673245570020294	0.1453471365728702	0.08199651043977
UP000000417	0.008408965065376287	0.022848469425166527	0.027052951957854666	0.027052951957854666	0.027052951957854666	0.012201645991323834	0.027052951957854666	0.012201645991323834	0.012201645991323834	0.03315377495351659	0.012201645991323834	0.015994326917271384	0.11996122656802113	0.11996122656802113	0.11996122656802113	0.05410590391570933	0.05410590391570933	0.06630754990703318	0.1470141785258758	0.081158855873564
UP000000422	0.01642022697107432	0.02380175820503437	0.032011871690571535	0.032011871690571535	0.032011871690571535	0.03371306929991693	0.032011871690571535	0.03371306929991693	0.03371306929991693	0.048868406340529996	0.03371306929991693	0.05100591162875953	0.06079303667175391	0.06079303667175391	0.06079303667175391	0.06402374338114307	0.06402374338114307	0.09773681268105999	0.09280490836232544	0.0960356150717146
UP000000423	0.01856828585481859	0.01575585664862672	0.025039999576036018	0.025039999576036018	0.025039999576036018	0.07184339264081495	0.025039999576036018	0.07184339264081495	0.07184339264081495	0.06096169589644348	0.07184339264081495	0.12511849942681127	0.017454676226180275	0.017454676226180275	0.017454676226180275	0.050079999152072036	0.050079999152072036	0.12192339179288696	0.04249467580221628	0.07511999872810805
UP000000425	0.015518548928435702	0.024179375255922314	0.03193864972014016	0.03193864972014016	0.03193864972014016	0.030185046040677507	0.03193864972014016	0.030185046040677507	0.030185046040677507	0.04703117274047892	0.030185046040677507	0.04485154315291931	0.06758825840922346	0.06758825840922346	0.06758825840922346	0.06387729944028032	0.06387729944028032	0.09406234548095783	0.09952690812936363	0.09581594916042048
UP000000428	0.007662901283113611	0.02230930187655129	0.026140752518108098	0.026140752518108098	0.026140752518108098	0.010840763001338542	0.026140752518108098	0.010840763001338542	0.010840763001338542	0.031561134018777366	0.010840763001338542	0.014018624719563472	0.12606842196044704	0.12606842196044704	0.12606842196044704	0.052281505036216196	0.052281505036216196	0.06312226803755473	0.15220917447855514	0.07842225755432429
UP000000429	0.018724841931474154	0.02140402882070046	0.03076644978643754	0.03076644978643754	0.03076644978643754	0.04784219150652879	0.03076644978643754	0.04784219150652879	0.04784219150652879	0.05468754553970194	0.04784219150652879	0.07695954108158343	0.03957069702094262	0.03957069702094262	0.03957069702094262	0.06153289957287508	0.06153289957287508	0.10937509107940388	0.07033714680738015	0.09229934935931264
UP000000430	0.018433560724065188	0.021945976803461737	0.031162757165494333	0.031162757165494333	0.031162757165494333	0.04512779570828457	0.031162757165494333	0.04512779570828457	0.04512779570828457	0.05372665501963662	0.04512779570828457	0.07182203069250397	0.04303854947549722	0.04303854947549722	0.04303854947549722	0.062325514330988666	0.062325514330988666	0.10745331003927323	0.07420130664099156	0.093488271496483
UP000000431	0.01829967976211854	0.022151170348248712	0.031301010229307986	0.031301010229307986	0.031301010229307986	0.044056911319396465	0.031301010229307986	0.044056911319396465	0.044056911319396465	0.05332946588900622	0.044056911319396465	0.06981414287667441	0.04447671032916451	0.04447671032916451	0.04447671032916451	0.06260202045861597	0.06260202045861597	0.10665893177801244	0.07577772055847251	0.09390303068792395
UP000000432	0.01749597087628612	0.023061258185134836	0.031809243623277896	0.031809243623277896	0.031809243623277896	0.03888234437134769	0.031809243623277896	0.03888234437134769	0.03888234437134769	0.051250415808951746	0.03888234437134769	0.06026871786640926	0.05204562617014725	0.05204562617014725	0.05204562617014725	0.06361848724655579	0.06361848724655579	0.10250083161790349	0.08385486979342514	0.09542773086983368
UP000000439	0.01210256761680604	0.024374507046242572	0.03042579085464559	0.03042579085464559	0.03042579085464559	0.02009636548839887	0.03042579085464559	0.02009636548839887	0.02009636548839887	0.040473973598845026	0.02009636548839887	0.028090163359991708	0.0921289722427705	0.0921289722427705	0.0921289722427705	0.06085158170929118	0.06085158170929118	0.08094794719769005	0.12255476309741609	0.09127737256393677
UP000000440	0.014533140784265148	0.02441300911548526	0.03167957950761783	0.03167957950761783	0.03167957950761783	0.026851277772537208	0.03167957950761783	0.026851277772537208	0.026851277772537208	0.04510521839388643	0.026851277772537208	0.03916941476080926	0.07475217874405451	0.07475217874405451	0.07475217874405451	0.06335915901523566	0.06335915901523566	0.09021043678777287	0.10643175825167235	0.0950387385228535
UP000000442	0.016374932816304148	0.023825184367382544	0.03201265077553462	0.03201265077553462	0.03201265077553462	0.033521835288745826	0.03201265077553462	0.033521835288745826	0.033521835288745826	0.048773568419907536	0.033521835288745826	0.05066873776118751	0.061142822333501136	0.061142822333501136	0.061142822333501136	0.06402530155106924	0.06402530155106924	0.09754713683981507	0.09315547310903577	0.09603795232660386
UP000000449	0.019041299429392793	0.020521177915407154	0.030041827630103553	0.030041827630103553	0.030041827630103553	0.05200072440831047	0.030041827630103553	0.05200072440831047	0.05200072440831047	0.05604218983425879	0.05200072440831047	0.08496014938722815	0.03471149364267775	0.03471149364267775	0.03471149364267775	0.060083655260207106	0.060083655260207106	0.11208437966851759	0.0647533212727813	0.09012548289031067
UP000000467	0.014538088834192203	0.024412237254309244	0.03168128167140535	0.03168128167140535	0.03168128167140535	0.02686694898048119	0.03168128167140535	0.02686694898048119	0.02686694898048119	0.04511475616164594	0.02686694898048119	0.03919580912677018	0.07471660508025038	0.07471660508025038	0.07471660508025038	0.0633625633428107	0.0633625633428107	0.09022951232329188	0.10639788675165572	0.09504384501421605
UP000000492	0.013259142279399509	0.024492343617291	0.031121914756990752	0.031121914756990752	0.031121914756990752	0.023101111335765527	0.031121914756990752	0.023101111335765527	0.023101111335765527	0.04267247042487352	0.023101111335765527	0.03294308039213155	0.08385515000240157	0.08385515000240157	0.08385515000240157	0.062243829513981504	0.062243829513981504	0.08534494084974704	0.11497706475939233	0.09336574427097226
UP000000504	0.01757078793273659	0.022993327503738465	0.03177872147010676	0.03177872147010676	0.03177872147010676	0.039300379204061396	0.03177872147010676	0.039300379204061396	0.039300379204061396	0.05142891107213746	0.039300379204061396	0.0610299704753862	0.051393251603549926	0.051393251603549926	0.051393251603549926	0.06355744294021352	0.06355744294021352	0.10285782214427493	0.08317197307365669	0.09533616441032028
UP000000528	0.018790199954185093	0.016367435482744434	0.02576253545983698	0.02576253545983698	0.02576253545983698	0.0694291306298607	0.02576253545983698	0.0694291306298607	0.0694291306298607	0.060477100774767326	0.0694291306298607	0.1200680613055363	0.019119013223936415	0.019119013223936415	0.019119013223936415	0.05152507091967396	0.05152507091967396	0.12095420154953465	0.04488154868377339	0.07728760637951095
UP000000529	0.01911457871979979	0.02020652712278467	0.029763816482684568	0.029763816482684568	0.029763816482684568	0.053423806081481735	0.029763816482684568	0.053423806081481735	0.053423806081481735	0.056475719523425436	0.053423806081481735	0.08773303344316367	0.03316442000645847	0.03316442000645847	0.03316442000645847	0.059527632965369136	0.059527632965369136	0.11295143904685087	0.06292823648914304	0.0892914494480537
UP000000531	0.019231104692263377	0.01870199360629596	0.028317545952427654	0.028317545952427654	0.028317545952427654	0.05993300074767333	0.028317545952427654	0.05993300074767333	0.05993300074767333	0.05828404632626432	0.05993300074767333	0.1006348968030833	0.026759327874934805	0.026759327874934805	0.026759327874934805	0.05663509190485531	0.05663509190485531	0.11656809265252864	0.05507687382736246	0.08495263785728295
UP000000532	0.008229538434584814	0.022726719264651998	0.026841488481944405	0.026841488481944405	0.026841488481944405	0.01186834590365583	0.026841488481944405	0.01186834590365583	0.01186834590365583	0.03277566143377232	0.01186834590365583	0.015507153372726843	0.12140958980719087	0.12140958980719087	0.12140958980719087	0.05368297696388881	0.05368297696388881	0.06555132286754464	0.14825107828913525	0.08052446544583321
UP000000534	0.01919135509805653	0.019728634270150345	0.029324311819178613	0.029324311819178613	0.029324311819178613	0.05553890109437609	0.029324311819178613	0.05553890109437609	0.05553890109437609	0.05709376236636666	0.05553890109437609	0.09188644709069566	0.030966232558587447	0.030966232558587447	0.030966232558587447	0.058648623638357225	0.058648623638357225	0.11418752473273332	0.06029054437776605	0.08797293545753583
UP000000535	0.015137110337701222	0.024289641938750203	0.031858197107600815	0.031858197107600815	0.031858197107600815	0.028840293182742883	0.031858197107600815	0.028840293182742883	0.028840293182742883	0.046278343698972255	0.028840293182742883	0.04254347602778454	0.07038380064416651	0.07038380064416651	0.07038380064416651	0.06371639421520163	0.06371639421520163	0.09255668739794451	0.10224199775176732	0.09557459132280242
UP000000537	0.018806062004413076	0.021218984130145013	0.030622015132351552	0.030622015132351552	0.030622015132351552	0.04873745765946113	0.030622015132351552	0.04873745765946113	0.04873745765946113	0.05499074396208212	0.04873745765946113	0.0786688533145092	0.03847996410965583	0.03847996410965583	0.03847996410965583	0.061244030264703105	0.061244030264703105	0.10998148792416423	0.06910197924200738	0.09186604539705465
UP000000545	0.01145550937084763	0.024234372436833632	0.029962127122257445	0.029962127122257445	0.029962127122257445	0.018546415808118208	0.029962127122257445	0.018546415808118208	0.018546415808118208	0.03923533502631655	0.018546415808118208	0.025637322245388786	0.09680890054210452	0.09680890054210452	0.09680890054210452	0.05992425424451489	0.05992425424451489	0.0784706700526331	0.12677102766436196	0.08988638136677234
UP000000546	0.01772582772736129	0.02284352986993581	0.03170644373361645	0.03170644373361645	0.03170644373361645	0.040200157075904276	0.03170644373361645	0.040200157075904276	0.040200157075904276	0.051806522271568595	0.040200157075904276	0.06267448642444727	0.05001465901413384	0.05001465901413384	0.05001465901413384	0.0634128874672329	0.0634128874672329	0.10361304454313719	0.08172110274775031	0.09511933120084938
UP000000549	0.01902440282414001	0.017200539883962362	0.026712741296032367	0.026712741296032367	0.026712741296032367	0.0660993207844134	0.026712741296032367	0.0660993207844134	0.0660993207844134	0.05976240168823908	0.0660993207844134	0.1131742387446868	0.02159085869811289	0.02159085869811289	0.02159085869811289	0.053425482592064734	0.053425482592064734	0.11952480337647815	0.048303599994145255	0.0801382238880971
UP000000555	0.018955219769322604	0.020814755396677074	0.030292365281338374	0.030292365281338374	0.030292365281338374	0.050647532099839215	0.030292365281338374	0.050647532099839215	0.050647532099839215	0.05561613133125798	0.050647532099839215	0.08233984443035582	0.03623581865861329	0.03623581865861329	0.03623581865861329	0.06058473056267675	0.06058473056267675	0.11123226266251596	0.06652818393995166	0.09087709584401513
UP000000556	0.011517476850749513	0.024250069237062518	0.030008807662437277	0.030008807662437277	0.030008807662437277	0.01869123164203288	0.030008807662437277	0.01869123164203288	0.01869123164203288	0.039354423483453714	0.01869123164203288	0.025864986433316254	0.09635839462778295	0.09635839462778295	0.09635839462778295	0.060017615324874554	0.060017615324874554	0.07870884696690743	0.12636720229022022	0.09002642298731181
UP000000557	0.011310886176770162	0.02419586304345385	0.029851306131838933	0.029851306131838933	0.029851306131838933	0.018211277128749318	0.029851306131838933	0.018211277128749318	0.018211277128749318	0.038956944696213594	0.018211277128749318	0.025111668080728476	0.09786249162833556	0.09786249162833556	0.09786249162833556	0.059702612263677866	0.059702612263677866	0.07791388939242719	0.12771379776017447	0.08955391839551678
UP000000558	0.015769406172058995	0.024091839750020928	0.03197654283605043	0.03197654283605043	0.03197654283605043	0.031112904297293527	0.03197654283605043	0.031112904297293527	0.031112904297293527	0.04753299498469719	0.031112904297293527	0.046456402422528055	0.06572830886988032	0.06572830886988032	0.06572830886988032	0.06395308567210085	0.06395308567210085	0.09506598996939437	0.09770485170593074	0.09592962850815127
UP000000562	0.018004746113832883	0.01453376097262224	0.02353613402953868	0.02353613402953868	0.02353613402953868	0.0766104500643967	0.02353613402953868	0.0766104500643967	0.0766104500643967	0.06184135906173704	0.0766104500643967	0.13521615401496054	0.014461463275330544	0.014461463275330544	0.014461463275330544	0.04707226805907736	0.04707226805907736	0.12368271812347408	0.03799759730486922	0.07060840208861603
UP000000566	0.017384714139165036	0.023157477945800517	0.031849835015383035	0.031849835015383035	0.031849835015383035	0.03827830281268771	0.031849835015383035	0.03827830281268771	0.03827830281268771	0.050988986421726896	0.03827830281268771	0.05917189148621039	0.05300193143207398	0.05300193143207398	0.05300193143207398	0.06369967003076607	0.06369967003076607	0.10197797284345379	0.08485176644745702	0.09554950504614912
UP000000577	0.011873822290367885	0.02433097987903351	0.03026789102421745	0.03026789102421745	0.03026789102421745	0.019538665660436723	0.03026789102421745	0.019538665660436723	0.019538665660436723	0.04003722385443581	0.019538665660436723	0.027203509030505554	0.0937776655761073	0.0937776655761073	0.0937776655761073	0.0605357820484349	0.0605357820484349	0.08007444770887162	0.12404555660032474	0.09080367307265234
UP000000579	0.01884319769340897	0.021127288154387556	0.030548887001092043	0.030548887001092043	0.030548887001092043	0.04917597776128967	0.030548887001092043	0.04917597776128967	0.04917597776128967	0.05513687588173688	0.04917597776128967	0.07950875782917037	0.03795489340488979	0.03795489340488979	0.03795489340488979	0.06109777400218409	0.06109777400218409	0.11027375176347376	0.06850378040598183	0.09164666100327613
UP000000580	0.008198228858676418	0.02270497130163162	0.026804085730969828	0.026804085730969828	0.026804085730969828	0.011810583660745272	0.026804085730969828	0.011810583660745272	0.011810583660745272	0.03270937756134246	0.011810583660745272	0.015422938462814124	0.12166359131955788	0.12166359131955788	0.12166359131955788	0.053608171461939656	0.053608171461939656	0.06541875512268493	0.1484676770505277	0.08041225719290948
UP000000582	0.014535726154931377	0.024412606290582468	0.03168046936804816	0.03168046936804816	0.03168046936804816	0.026859464820758013	0.03168046936804816	0.026859464820758013	0.026859464820758013	0.04511020177842717	0.026859464820758013	0.039183203486584654	0.07473359175825253	0.07473359175825253	0.07473359175825253	0.06336093873609631	0.06336093873609631	0.09022040355685434	0.1064140611263007	0.09504140810414446
UP000000584	0.016921978717447505	0.02350446974811677	0.031965459106840524	0.031965459106840524	0.031965459106840524	0.035957026213215226	0.031965459106840524	0.035957026213215226	0.035957026213215226	0.04994397221344814	0.035957026213215226	0.05499207370898296	0.05683398676254026	0.05683398676254026	0.05683398676254026	0.06393091821368105	0.06393091821368105	0.09988794442689627	0.08879944586938081	0.09589637732052157
UP000000585	0.018678306978748522	0.021501967271175152	0.030841120760549415	0.030841120760549415	0.030841120760549415	0.0473623892849654	0.030841120760549415	0.0473623892849654	0.0473623892849654	0.05452231540303212	0.0473623892849654	0.07604647159118229	0.040165825420835785	0.040165825420835785	0.040165825420835785	0.06168224152109883	0.06168224152109883	0.10904463080606425	0.0710069461813852	0.09252336228164824
UP000000586	0.018606836284685638	0.021642844691697468	0.030946262834040283	0.030946262834040283	0.030946262834040283	0.04666440890690777	0.030946262834040283	0.04666440890690777	0.04666440890690777	0.05427846728749417	0.04666440890690777	0.07472198152912991	0.04104503649897248	0.04104503649897248	0.04104503649897248	0.06189252566808057	0.06189252566808057	0.10855693457498834	0.07199129933301275	0.09283878850212085
UP000000588	0.016387521050282728	0.02381872613255762	0.032012486657698985	0.032012486657698985	0.032012486657698985	0.03357481303676838	0.032012486657698985	0.03357481303676838	0.03357481303676838	0.04879989317608318	0.03357481303676838	0.050762105023254046	0.061045719056548674	0.061045719056548674	0.061045719056548674	0.06402497331539797	0.06402497331539797	0.09759978635216636	0.09305820571424767	0.09603745997309696
UP000000593	0.01817434837511945	0.022325312626937596	0.03141248681449732	0.03141248681449732	0.03141248681449732	0.04312551053230641	0.03141248681449732	0.04312551053230641	0.04312551053230641	0.05297524208065052	0.04312551053230641	0.06807667268949336	0.04576151404082616	0.04576151404082616	0.04576151404082616	0.06282497362899464	0.06282497362899464	0.10595048416130104	0.07717400085532349	0.09423746044349197
UP000000594	0.019145943793638733	0.02003971255372733	0.029612684450546697	0.029612684450546697	0.029612684450546697	0.05416803670345419	0.029612684450546697	0.05416803670345419	0.05416803670345419	0.05669670280227379	0.05416803670345419	0.08919012961326962	0.03237743635304144	0.03237743635304144	0.03237743635304144	0.059225368901093395	0.059225368901093395	0.11339340560454758	0.061990120803588136	0.08883805335164009
UP000000601	0.01876679050019495	0.016297109168697838	0.02568050441879531	0.02568050441879531	0.02568050441879531	0.06970792428513269	0.02568050441879531	0.06970792428513269	0.06970792428513269	0.06053446656136166	0.06970792428513269	0.12064905807007044	0.018921473102719286	0.018921473102719286	0.018921473102719286	0.05136100883759062	0.05136100883759062	0.12106893312272332	0.044601977521514596	0.07704151325638593
UP000000602	0.017056884303588468	0.023411372157487252	0.031939814309281486	0.031939814309281486	0.031939814309281486	0.03660527309764403	0.031939814309281486	0.03660527309764403	0.03660527309764403	0.0502424508581035	0.03660527309764403	0.0561536618916996	0.05573796624274008	0.05573796624274008	0.05573796624274008	0.06387962861856297	0.06387962861856297	0.100484901716207	0.08767778055202155	0.09581944292784444
UP000000605	0.008908793144539892	0.023162419281041312	0.027616815853311254	0.027616815853311254	0.027616815853311254	0.013151176026349713	0.027616815853311254	0.013151176026349713	0.013151176026349713	0.03419240386648611	0.013151176026349713	0.017393558908159534	0.11598788068041677	0.11598788068041677	0.11598788068041677	0.05523363170662251	0.05523363170662251	0.06838480773297222	0.143604696533728	0.08285044755993377
UP000000606	0.01718603662038952	0.02331627714819306	0.03190929545838782	0.03190929545838782	0.03190929545838782	0.03724680291997359	0.03190929545838782	0.03724680291997359	0.03724680291997359	0.050532696918374614	0.03724680291997359	0.05730756921955767	0.054673317269046895	0.054673317269046895	0.054673317269046895	0.06381859091677564	0.06381859091677564	0.10106539383674923	0.08658261272743473	0.09572788637516345
UP000000609	0.018795725382951507	0.02124365381256891	0.030641516504044664	0.030641516504044664	0.030641516504044664	0.048618916511339906	0.030641516504044664	0.048618916511339906	0.048618916511339906	0.05495097475971462	0.048618916511339906	0.07844210763972831	0.03862293119792793	0.03862293119792793	0.03862293119792793	0.06128303300808933	0.06128303300808933	0.10990194951942923	0.0692644477019726	0.091924549512134
UP000000625	0.01575279862355482	0.024098023783492722	0.031974423095270134	0.031974423095270134	0.031974423095270134	0.031050321070024738	0.031974423095270134	0.031050321070024738	0.031050321070024738	0.0474995836302825	0.031050321070024738	0.04634784351649466	0.06585205544056742	0.06585205544056742	0.06585205544056742	0.06394884619054027	0.06394884619054027	0.094999167260565	0.09782647853583756	0.0959232692858104
UP000000628	0.012877938030494225	0.024472631292293368	0.03091160030754048	0.03091160030754048	0.03091160030754048	0.022074144844699505	0.03091160030754048	0.022074144844699505	0.022074144844699505	0.04194867272989024	0.022074144844699505	0.03127035165890479	0.08657431943983826	0.08657431943983826	0.08657431943983826	0.06182320061508096	0.06182320061508096	0.08389734545978048	0.11748591974737876	0.09273480092262146
UP000000636	0.012130134652968447	0.02437930738129873	0.030444374707782954	0.030444374707782954	0.030444374707782954	0.020164329151825925	0.030444374707782954	0.020164329151825925	0.020164329151825925	0.040526539283695914	0.020164329151825925	0.028198523650683403	0.09193065084081563	0.09193065084081563	0.09193065084081563	0.06088874941556591	0.06088874941556591	0.08105307856739183	0.12237502554859858	0.09133312412334886
UP000000639	0.01846930948414904	0.021887271104085296	0.031121925846159817	0.031121925846159817	0.031121925846159817	0.04542937711454601	0.031121925846159817	0.04542937711454601	0.04542937711454601	0.05383661440343283	0.04542937711454601	0.07238944474494298	0.04264087821110553	0.04264087821110553	0.04264087821110553	0.062243851692319635	0.062243851692319635	0.10767322880686565	0.07376280405726535	0.09336577753847945
UP000000640	0.007294815726127638	0.022010032120545323	0.025657439983609143	0.025657439983609143	0.025657439983609143	0.010192785849133227	0.025657439983609143	0.010192785849133227	0.010192785849133227	0.03075383290817575	0.010192785849133227	0.013090755972138816	0.1291706185642046	0.1291706185642046	0.1291706185642046	0.051314879967218285	0.051314879967218285	0.0615076658163515	0.15482805854781373	0.07697231995082743
UP000000643	0.018751455543063317	0.021345514402739144	0.030721242174270802	0.030721242174270802	0.030721242174270802	0.04812684006886165	0.030721242174270802	0.04812684006886165	0.04812684006886165	0.05478466220870163	0.04812684006886165	0.07750222459466	0.039221138116684116	0.039221138116684116	0.039221138116684116	0.061442484348541604	0.061442484348541604	0.10956932441740326	0.06994238029095493	0.09216372652281242
UP000000644	0.011350586486653845	0.024206695745379328	0.029881988988706247	0.029881988988706247	0.029881988988706247	0.018302883463460644	0.029881988988706247	0.018302883463460644	0.018302883463460644	0.039033430720436565	0.018302883463460644	0.025255180440267446	0.09757296086201804	0.09757296086201804	0.09757296086201804	0.059763977977412494	0.059763977977412494	0.07806686144087313	0.1274549498507243	0.08964596696611875
UP000000647	0.008835904119133733	0.023118898693393487	0.027536850752960355	0.027536850752960355	0.027536850752960355	0.013010730299392662	0.027536850752960355	0.013010730299392662	0.013010730299392662	0.034042215902656686	0.013010730299392662	0.01718555647965159	0.11656196569168904	0.11656196569168904	0.11656196569168904	0.05507370150592071	0.05507370150592071	0.06808443180531337	0.14409881644464942	0.08261055225888107
UP000000657	0.007065739237636607	0.021811974971279957	0.025344844590098257	0.025344844590098257	0.025344844590098257	0.009796981823727078	0.025344844590098257	0.009796981823727078	0.009796981823727078	0.030243335501961795	0.009796981823727078	0.012528224409817549	0.13113449812482325	0.13113449812482325	0.13113449812482325	0.050689689180196514	0.050689689180196514	0.06048667100392359	0.15647934271492153	0.07603453377029479
UP000000669	0.017369512278907692	0.013438360329613538	0.02212311646906738	0.02212311646906738	0.02212311646906738	0.08083713489495682	0.02212311646906738	0.08083713489495682	0.08083713489495682	0.06254168391654578	0.08083713489495682	0.14430475751100594	0.012109095230549906	0.012109095230549906	0.012109095230549906	0.04424623293813476	0.04424623293813476	0.12508336783309157	0.03423221169961729	0.06636934940720216
UP000000684	0.018185399941934677	0.022310573209023674	0.03140327317999101	0.03140327317999101	0.03140327317999101	0.0432052170556255	0.03140327317999101	0.0432052170556255	0.0432052170556255	0.05300588170780376	0.0432052170556255	0.06822503416931631	0.04565030029347995	0.04565030029347995	0.04565030029347995	0.06280654635998202	0.06280654635998202	0.10601176341560752	0.07705357347347094	0.09420981953997302
UP000000686	0.010609118048235828	0.02397156793708716	0.029276126961205073	0.029276126961205073	0.029276126961205073	0.01663865316476993	0.029276126961205073	0.01663865316476993	0.01663865316476993	0.037595453543590035	0.01663865316476993	0.02266818828130403	0.10302415722726556	0.10302415722726556	0.10302415722726556	0.05855225392241015	0.05855225392241015	0.07519090708718007	0.13230028418847062	0.08782838088361522
UP000000718	0.019219331611480987	0.0194355853561309	0.029045251161871396	0.029045251161871396	0.029045251161871396	0.05681201753749145	0.029045251161871396	0.05681201753749145	0.05681201753749145	0.05745125993061712	0.05681201753749145	0.0944047034635019	0.029698878921153072	0.029698878921153072	0.029698878921153072	0.05809050232374279	0.05809050232374279	0.11490251986123425	0.05874413008302447	0.0871357534856142
UP000000719	0.01884745678808903	0.02111644544485703	0.030540173838901546	0.030540173838901546	0.030540173838901546	0.04922761786059174	0.030540173838901546	0.04922761786059174	0.04922761786059174	0.05515398276919742	0.04922761786059174	0.07960777893309444	0.037893453254295446	0.037893453254295446	0.037893453254295446	0.06108034767780309	0.06108034767780309	0.11030796553839484	0.068433627093197	0.09162052151670463
UP000000723	0.01921244868797958	0.019522915519149173	0.029129139863138965	0.029129139863138965	0.029129139863138965	0.05643435850330825	0.029129139863138965	0.05643435850330825	0.05643435850330825	0.05734631911479309	0.05643435850330825	0.09365626831863694	0.030070574439738547	0.030070574439738547	0.030070574439738547	0.05825827972627793	0.05825827972627793	0.11469263822958618	0.05919971430287751	0.0873874195894169
UP000000738	0.006693350480414859	0.021469676292246595	0.024816351532454026	0.024816351532454026	0.024816351532454026	0.009165399150777262	0.024816351532454026	0.009165399150777262	0.009165399150777262	0.029399051107842654	0.009165399150777262	0.011637447821139662	0.1343861392725284	0.1343861392725284	0.1343861392725284	0.04963270306490805	0.04963270306490805	0.05879810221568531	0.15920249080498242	0.07444905459736208
UP000000739	0.014309388583075434	0.02444398259731858	0.0315986768888563	0.0315986768888563	0.0315986768888563	0.026152478824851687	0.0315986768888563	0.026152478824851687	0.026152478824851687	0.04467491630128214	0.026152478824851687	0.037995569066627946	0.07635806822086233	0.07635806822086233	0.07635806822086233	0.0631973537777126	0.0631973537777126	0.08934983260256428	0.1079567451097186	0.0947960306665689
UP000000742	0.018307292640122753	0.02214006939097433	0.03129371571103571	0.03129371571103571	0.03129371571103571	0.044115551156032246	0.03129371571103571	0.044115551156032246	0.044115551156032246	0.053351491289051825	0.044115551156032246	0.06992380967194173	0.04439689031831202	0.04439689031831202	0.04439689031831202	0.06258743142207142	0.06258743142207142	0.10670298257810365	0.07569060602934773	0.09388114713310712
UP000000746	0.015754178950744185	0.024097511949728666	0.03197460142510076	0.03197460142510076	0.03197460142510076	0.031055516188072615	0.03197460142510076	0.031055516188072615	0.031055516188072615	0.04750235951913707	0.031055516188072615	0.046356853425401044	0.0658417738158038	0.0658417738158038	0.0658417738158038	0.06394920285020152	0.06394920285020152	0.09500471903827414	0.09781637524090457	0.09592380427530228
UP000000747	0.015712341954660546	0.02411285329095507	0.031969024268285344	0.031969024268285344	0.031969024268285344	0.030898570296791387	0.031969024268285344	0.030898570296791387	0.030898570296791387	0.04741830941668103	0.030898570296791387	0.046084798638922224	0.06615312636470737	0.06615312636470737	0.06615312636470737	0.06393804853657069	0.06393804853657069	0.09483661883336206	0.0981221506329927	0.09590707280485603
