Proteome_ID	M	W	C	D	E	F	H	K	N	Q	Y	I	A	G	P	T	V	L	R	S
UP000001015	0.018691062735508614	0.01860593446774006	0.027951465835494366	0.027951465835494366	0.027951465835494366	0.05641683151799889	0.027951465835494366	0.05641683151799889	0.05641683151799889	0.08436829735349324	0.05641683151799889	0.09414260030048917	0.027696856463963325	0.027696856463963325	0.027696856463963325	0.05590293167098873	0.05590293167098873	0.11231976318898762	0.055648322299457695	0.08385439750648309
UP000007478	0.018419645903805806	0.020531990617545	0.029741813569447904	0.029741813569447904	0.029741813569447904	0.048385935508504806	0.029741813569447904	0.048385935508504806	0.048385935508504806	0.0781277490779527	0.048385935508504806	0.07835222511320382	0.03656333044317448	0.03656333044317448	0.03656333044317448	0.05948362713889581	0.05948362713889581	0.10786956264740062	0.06630514401262239	0.08922544070834372
UP000000674	0.01381940170609118	0.024170453935695533	0.03108015478874112	0.03108015478874112	0.03108015478874112	0.02488356921951676	0.03108015478874112	0.02488356921951676	0.02488356921951676	0.05596372400825788	0.02488356921951676	0.03594773673294233	0.07763966761926343	0.07763966761926343	0.07763966761926343	0.06216030957748224	0.06216030957748224	0.087043878796999	0.10871982240800455	0.09324046436622337
UP000001931	0.01863165724140928	0.01775989351826084	0.02707572213896548	0.02707572213896548	0.02707572213896548	0.0597420295292661	0.02707572213896548	0.0597420295292661	0.0597420295292661	0.08681775166823157	0.0597420295292661	0.1008524018171229	0.024542009540782044	0.024542009540782044	0.024542009540782044	0.05415144427793096	0.05415144427793096	0.11389347380719705	0.051617731679747536	0.08122716641689645
UP000000641	0.013910148376241006	0.024159528103139687	0.031114602291260188	0.031114602291260188	0.031114602291260188	0.025156784206985104	0.031114602291260188	0.025156784206985104	0.025156784206985104	0.0562713864982453	0.025156784206985104	0.0364034200377292	0.07696679096801914	0.07696679096801914	0.07696679096801914	0.062229204582520375	0.062229204582520375	0.08738598878950547	0.10808139325927932	0.09334380687378056
UP000002518	0.01311723422914968	0.024212601998810722	0.030771219113385564	0.030771219113385564	0.030771219113385564	0.022863579598235078	0.030771219113385564	0.022863579598235078	0.022863579598235078	0.053634798711620635	0.022863579598235078	0.03260992496732048	0.08282761862863129	0.08282761862863129	0.08282761862863129	0.06154243822677113	0.06154243822677113	0.08440601782500622	0.11359883774201686	0.0923136573401567
UP000001826	0.01177458836829309	0.024098352271497682	0.02998564645564423	0.02998564645564423	0.02998564645564423	0.01938759638670355	0.02998564645564423	0.01938759638670355	0.01938759638670355	0.04937324284234778	0.01938759638670355	0.027000604405114013	0.09275404495005261	0.09275404495005261	0.09275404495005261	0.05997129291128846	0.05997129291128846	0.07935888929799201	0.12273969140569685	0.08995693936693269
UP000005223	0.015487643145788045	0.02373995805182073	0.031483779624714756	0.031483779624714756	0.031483779624714756	0.03048295720348417	0.031483779624714756	0.03048295720348417	0.03048295720348417	0.06196673682819893	0.03048295720348417	0.0454782712611803	0.06503492248739617	0.06503492248739617	0.06503492248739617	0.06296755924942951	0.06296755924942951	0.09345051645291368	0.09651870211211094	0.09445133887414428
UP000000536	0.013970682896148983	0.02415151515570654	0.03113685660378103	0.03113685660378103	0.03113685660378103	0.025340717005612353	0.03113685660378103	0.025340717005612353	0.025340717005612353	0.056477573609393386	0.025340717005612353	0.036710751115075727	0.0765174749356698	0.0765174749356698	0.0765174749356698	0.06227371320756206	0.06227371320756206	0.08761443021317442	0.10765433153945082	0.09341056981134309
UP000002199	0.016218277651098283	0.023364803197667504	0.03147394202321664	0.03147394202321664	0.03147394202321664	0.0334599082711871	0.03147394202321664	0.0334599082711871	0.0334599082711871	0.06493385029440374	0.0334599082711871	0.05070153889127592	0.05921170007114652	0.05921170007114652	0.05921170007114652	0.06294788404643328	0.06294788404643328	0.09640779231762038	0.09068564209436317	0.09442182606964994
UP000002439	0.01516292052638949	0.02386544426693465	0.031446904530129396	0.031446904530129396	0.031446904530129396	0.029281956680981627	0.031446904530129396	0.029281956680981627	0.029281956680981627	0.06072886121111102	0.029281956680981627	0.04340099283557376	0.06754383358331786	0.06754383358331786	0.06754383358331786	0.06289380906025879	0.06289380906025879	0.09217576574124042	0.09899073811344726	0.09434071359038819
UP000001024	0.016389858908722514	0.02325481860407861	0.031449748058439864	0.031449748058439864	0.031449748058439864	0.03422713993896652	0.031449748058439864	0.03422713993896652	0.03422713993896652	0.06567688799740638	0.03422713993896652	0.05206442096921051	0.05779546025189784	0.05779546025189784	0.05779546025189784	0.06289949611687973	0.06289949611687973	0.09712663605584625	0.08924520831033769	0.09434924417531958
UP000000578	0.01868962418398187	0.018525742762575705	0.02787055485456664	0.02787055485456664	0.02787055485456664	0.05673609950021814	0.02787055485456664	0.05673609950021814	0.05673609950021814	0.08460665435478479	0.05673609950021814	0.09478257481645443	0.02738178460429489	0.02738178460429489	0.02738178460429489	0.05574110970913328	0.05574110970913328	0.11247720920935142	0.05525233945886153	0.08361166456369992
UP000001686	0.01567197109566437	0.02365817250831221	0.03149415805614439	0.03149415805614439	0.03149415805614439	0.031195152476140724	0.03149415805614439	0.031195152476140724	0.031195152476140724	0.06268931053228512	0.031195152476140724	0.046718333856617084	0.06359205921009907	0.06359205921009907	0.06359205921009907	0.06298831611228878	0.06298831611228878	0.09418346858842952	0.09508621726624346	0.09448247416843318
UP000002698	0.010162822717406171	0.02364242326910566	0.028723834627808746	0.028723834627808746	0.028723834627808746	0.015727334290589406	0.028723834627808746	0.015727334290589406	0.015727334290589406	0.04445116891839815	0.015727334290589406	0.021291845863772633	0.10492034574726199	0.10492034574726199	0.10492034574726199	0.05744766925561749	0.05744766925561749	0.0731750035462069	0.13364418037507075	0.08617150388342623
UP000001975	0.016174825278020655	0.023391198129458866	0.03147861076846919	0.03147861076846919	0.03147861076846919	0.03327026698672615	0.03147861076846919	0.03327026698672615	0.03327026698672615	0.06474887775519535	0.03327026698672615	0.05036570869543165	0.05956687611242347	0.05956687611242347	0.05956687611242347	0.06295722153693838	0.06295722153693838	0.09622748852366454	0.09104548688089266	0.09443583230540757
UP000001013	0.017864345527585233	0.021740108495931963	0.03067228125972458	0.03067228125972458	0.03067228125972458	0.042781306996101956	0.03067228125972458	0.042781306996101956	0.042781306996101956	0.07345358825582654	0.042781306996101956	0.06769826846461867	0.04398130415984591	0.04398130415984591	0.04398130415984591	0.06134456251944916	0.06134456251944916	0.10412586951555113	0.0746535854195705	0.09201684377917375
UP000000590	0.01864572115113045	0.019473459274233	0.028796319849798222	0.028796319849798222	0.028796319849798222	0.052896205045380236	0.028796319849798222	0.052896205045380236	0.052896205045380236	0.08169252489517845	0.052896205045380236	0.08714668893963001	0.031353025653937903	0.031353025653937903	0.031353025653937903	0.057592639699596444	0.057592639699596444	0.11048884474497668	0.06014934550373613	0.08638895954939467
UP000001974	0.018616649545895207	0.01968485564056319	0.028993180413510792	0.028993180413510792	0.028993180413510792	0.052016987745276536	0.028993180413510792	0.052016987745276536	0.052016987745276536	0.08101016815878731	0.052016987745276536	0.08541732594465785	0.032320384048640655	0.032320384048640655	0.032320384048640655	0.057986360827021584	0.057986360827021584	0.11000334857229811	0.06131356446215144	0.08697954124053238
UP000001018	0.018565373889945083	0.019969430287169194	0.029252117232141734	0.029252117232141734	0.029252117232141734	0.050817772645748584	0.029252117232141734	0.050817772645748584	0.050817772645748584	0.08006988987789032	0.050817772645748584	0.0830701714015521	0.03367665751617904	0.03367665751617904	0.03367665751617904	0.05850423446428347	0.05850423446428347	0.10932200711003205	0.06292877474832077	0.08775635169642519
UP000001137	0.016953980760755796	0.022818260166867457	0.03129525054724535	0.03129525054724535	0.03129525054724535	0.03699665954132397	0.03129525054724535	0.03699665954132397	0.03699665954132397	0.06829191008856933	0.03699665954132397	0.057039338321892154	0.052944926323465126	0.052944926323465126	0.052944926323465126	0.0625905010944907	0.0625905010944907	0.09958716063581467	0.08424017687071048	0.09388575164173606
UP000000554	0.009024728162325316	0.02310893492902721	0.027621299010189868	0.027621299010189868	0.027621299010189868	0.013404337665075126	0.027621299010189868	0.013404337665075126	0.013404337665075126	0.041025636675264994	0.013404337665075126	0.017783947167824936	0.11383421964938092	0.11383421964938092	0.11383421964938092	0.055242598020379736	0.055242598020379736	0.06864693568545485	0.14145551865957082	0.08286389703056961
UP000000365	0.014912363380795539	0.023947257895962092	0.03140343958635986	0.03140343958635986	0.03140343958635986	0.02839714623116271	0.03140343958635986	0.02839714623116271	0.02839714623116271	0.05980058581752257	0.02839714623116271	0.04188192908152987	0.06945599461483458	0.06945599461483458	0.06945599461483458	0.06280687917271972	0.06280687917271972	0.09120402540388242	0.10085943420119442	0.09421031875907958
UP000008243	0.009990231765659873	0.023573044123322583	0.028568160006152518	0.028568160006152518	0.028568160006152518	0.015362452469692098	0.028568160006152518	0.015362452469692098	0.015362452469692098	0.043930612475844615	0.015362452469692098	0.020734673173724325	0.10625123400671324	0.10625123400671324	0.10625123400671324	0.057136320012305036	0.057136320012305036	0.07249877248199714	0.13481939401286575	0.08570448001845757
UP000000805	0.018652857183237365	0.017945519592368616	0.0272719481839873	0.0272719481839873	0.0272719481839873	0.05902011645315073	0.0272719481839873	0.05902011645315073	0.05902011645315073	0.08629206463713801	0.05902011645315073	0.0993873757230641	0.025203581505654018	0.025203581505654018	0.025203581505654018	0.0545438963679746	0.0545438963679746	0.11356401282112533	0.05247552968964132	0.08181584455196189
UP000001400	0.01790141698549436	0.021680056673084983	0.030630765165832165	0.030630765165832165	0.030630765165832165	0.04307636903712737	0.030630765165832165	0.04307636903712737	0.04307636903712737	0.07370713420295953	0.04307636903712737	0.06825132108876036	0.04356187838560341	0.04356187838560341	0.04356187838560341	0.06126153033166433	0.06126153033166433	0.10433789936879169	0.07419264355143558	0.0918922954974965
UP000002408	0.013127921864530236	0.0242125056784391	0.030776466610704215	0.030776466610704215	0.030776466610704215	0.022893165116021155	0.030776466610704215	0.022893165116021155	0.022893165116021155	0.05366963172672537	0.022893165116021155	0.032658408367512076	0.0827487935582071	0.0827487935582071	0.0827487935582071	0.06155293322140843	0.06155293322140843	0.0844460983374296	0.11352526016891133	0.09232939983211265
UP000000254	0.018475398132860036	0.02034346888019844	0.02958116794662846	0.02958116794662846	0.02958116794662846	0.049210803412421115	0.02958116794662846	0.049210803412421115	0.049210803412421115	0.07879197135904957	0.049210803412421115	0.0799462086919822	0.03556314615525143	0.03556314615525143	0.03556314615525143	0.05916233589325692	0.05916233589325692	0.10837313930567802	0.06514431410187989	0.08874350383988536
UP000000663	0.012817247295068215	0.024208662337255545	0.03061728598478965	0.03061728598478965	0.03061728598478965	0.022046543426755688	0.03061728598478965	0.022046543426755688	0.022046543426755688	0.05266382941154534	0.022046543426755688	0.031275839558443166	0.08503992511921356	0.08503992511921356	0.08503992511921356	0.0612345719695793	0.0612345719695793	0.08328111539633498	0.1156572111040032	0.09185185795436895
UP000002613	0.017139662403282862	0.02264397911435219	0.031213810315993618	0.031213810315993618	0.031213810315993618	0.03801254430849559	0.031213810315993618	0.03801254430849559	0.03801254430849559	0.06922635462448923	0.03801254430849559	0.05888542621370832	0.05126212791944466	0.05126212791944466	0.05126212791944466	0.062427620631987236	0.062427620631987236	0.10044016494048283	0.08247593823543826	0.09364143094798084
UP000002487	0.016290790864900907	0.023319464530451764	0.031464859962902214	0.031464859962902214	0.031464859962902214	0.03378048761597839	0.031464859962902214	0.03378048761597839	0.03378048761597839	0.0652453475788806	0.03378048761597839	0.05127018436705588	0.05861593377454699	0.05861593377454699	0.05861593377454699	0.06292971992580443	0.06292971992580443	0.09671020754178282	0.0900807937374492	0.09439457988870667
UP000007722	0.018675918434057463	0.01821988151116403	0.027557840728192763	0.027557840728192763	0.027557840728192763	0.05794556275259333	0.027557840728192763	0.05794556275259333	0.05794556275259333	0.08550340348078608	0.05794556275259333	0.09721520707112918	0.02621200138629948	0.02621200138629948	0.02621200138629948	0.055115681456385526	0.055115681456385526	0.11306124420897885	0.05376984211449224	0.08267352218457828
UP000002071	0.010712988450680784	0.023836827313043107	0.0291933215383835	0.0291933215383835	0.0291933215383835	0.016923272702580414	0.0291933215383835	0.016923272702580414	0.016923272702580414	0.04611659424096391	0.016923272702580414	0.023133556954480043	0.10071929199764029	0.10071929199764029	0.10071929199764029	0.058386643076767	0.058386643076767	0.07530991577934742	0.1299126135360238	0.0875799646151505
UP000002376	0.016411243803564894	0.023240440656498346	0.03144606255828079	0.03144606255828079	0.03144606255828079	0.03432492321493578	0.03144606255828079	0.03432492321493578	0.03432492321493578	0.06577098577321658	0.03432492321493578	0.05223860262630666	0.057617308812450856	0.057617308812450856	0.057617308812450856	0.06289212511656159	0.06289212511656159	0.09721704833149736	0.08906337137073164	0.09433818767484237
UP000001941	0.01600396489970862	0.02348961138413756	0.031491593833991874	0.031491593833991874	0.031491593833991874	0.03254147968637463	0.031491593833991874	0.03254147968637463	0.03254147968637463	0.06403307352036651	0.03254147968637463	0.049078994473040635	0.06095116090374685	0.06095116090374685	0.06095116090374685	0.06298318766798375	0.06298318766798375	0.09552466735435837	0.09244275473773872	0.09447478150197561
UP000000391	0.01838701526577366	0.020632166535100888	0.029825674167987717	0.029825674167987717	0.029825674167987717	0.0479431313519308	0.029825674167987717	0.0479431313519308	0.0479431313519308	0.07776880551991852	0.0479431313519308	0.07749924743808793	0.03710941753240925	0.03710941753240925	0.03710941753240925	0.059651348335975435	0.059651348335975435	0.10759447968790624	0.06693509170039696	0.08947702250396317
UP000009079	0.018141701851521544	0.021236644157808408	0.03030749508356918	0.03030749508356918	0.03030749508356918	0.045194713504104554	0.03030749508356918	0.045194713504104554	0.045194713504104554	0.07550220858767373	0.045194713504104554	0.07224772515668756	0.04064830538895432	0.04064830538895432	0.04064830538895432	0.06061499016713836	0.06061499016713836	0.10580970367124291	0.07095580047252352	0.09092248525070754
UP000000242	0.016688895072594433	0.023039077094551504	0.031383524630848716	0.031383524630848716	0.031383524630848716	0.035642705213906674	0.031383524630848716	0.035642705213906674	0.035642705213906674	0.06702622984475538	0.035642705213906674	0.05459651535521891	0.0552666029328661	0.0552666029328661	0.0552666029328661	0.06276704926169743	0.06276704926169743	0.0984097544756041	0.08665012756371482	0.09415057389254614
UP000002654	0.01120138374158983	0.023975661639244097	0.029576353510039014	0.029576353510039014	0.029576353510039014	0.018029748593748306	0.029576353510039014	0.018029748593748306	0.018029748593748306	0.04760610210378732	0.018029748593748306	0.024858113445906785	0.09703526174004605	0.09703526174004605	0.09703526174004605	0.05915270702007803	0.05915270702007803	0.07718245561382633	0.12661161525008507	0.08872906053011705
UP000002593	0.014735365697571588	0.023997691184740787	0.031365374033526586	0.031365374033526586	0.031365374033526586	0.027791943773465885	0.031365374033526586	0.027791943773465885	0.027791943773465885	0.05915731780699247	0.027791943773465885	0.04084852184936018	0.07079653703115832	0.07079653703115832	0.07079653703115832	0.06273074806705317	0.06273074806705317	0.09052269184051905	0.10216191106468492	0.09409612210057976
UP000001746	0.009952192183436724	0.02355720814389121	0.028533304235609572	0.028533304235609572	0.028533304235609572	0.015282665891251037	0.028533304235609572	0.015282665891251037	0.015282665891251037	0.04381597012686061	0.015282665891251037	0.020613139599065352	0.10654547529798923	0.10654547529798923	0.10654547529798923	0.057066608471219145	0.057066608471219145	0.07234927436247018	0.1350787795335988	0.0855999127068287
UP000001059	0.01746076338753831	0.022295452997165628	0.03102583469093479	0.03102583469093479	0.03102583469093479	0.03993600522421496	0.03102583469093479	0.03993600522421496	0.03993600522421496	0.07096183991514976	0.03993600522421496	0.062411247060891614	0.04820724621127324	0.04820724621127324	0.04820724621127324	0.06205166938186958	0.06205166938186958	0.10198767460608454	0.07923308090220801	0.09307750407280435
UP000000262	0.013350391430130133	0.024206740540287562	0.03088193625535263	0.03088193625535263	0.03088193625535263	0.02351680591981445	0.03088193625535263	0.02351680591981445	0.02351680591981445	0.05439874217516708	0.02351680591981445	0.03368322040949877	0.08110744206772685	0.08110744206772685	0.08110744206772685	0.06176387251070526	0.06176387251070526	0.0852806784305197	0.1119893783230795	0.0926458087660579
UP000001879	0.01238346581362478	0.024180724022883276	0.030372456929695663	0.030372456929695663	0.030372456929695663	0.02090813651737618	0.030372456929695663	0.02090813651737618	0.02090813651737618	0.051280593447071844	0.02090813651737618	0.02943280722112758	0.08824183247316805	0.08824183247316805	0.08824183247316805	0.06074491385939133	0.06074491385939133	0.08165305037676751	0.11861428940286373	0.091117370789087
UP000000740	0.008938485984926255	0.02306103839780022	0.027530281390263343	0.027530281390263343	0.027530281390263343	0.013235894059876747	0.027530281390263343	0.013235894059876747	0.013235894059876747	0.040766175450140094	0.013235894059876747	0.01753330213482724	0.11452439706730895	0.11452439706730895	0.11452439706730895	0.055060562780526685	0.055060562780526685	0.06829645684040343	0.14205467845757228	0.08259084417079002
UP000008680	0.018545228740647558	0.020063503814704682	0.029336118185028463	0.029336118185028463	0.029336118185028463	0.05041706940916919	0.029336118185028463	0.05041706940916919	0.05041706940916919	0.07975318759419767	0.05041706940916919	0.08228891007769082	0.03413954203412869	0.03413954203412869	0.03413954203412869	0.058672236370056925	0.058672236370056925	0.10908930577922613	0.06347566021915715	0.0880083545550854
UP000000792	0.01864091149160983	0.019512514385000772	0.02883297013080569	0.02883297013080569	0.02883297013080569	0.052734473306659126	0.02883297013080569	0.052734473306659126	0.052734473306659126	0.08156744343746483	0.052734473306659126	0.08682803512170842	0.031529286799910225	0.031529286799910225	0.031529286799910225	0.05766594026161138	0.05766594026161138	0.1104004135682705	0.0603622569307159	0.08649891039241706
UP000002457	0.012841874331926234	0.02420946513904327	0.03063040230500639	0.03063040230500639	0.03063040230500639	0.022112665968342365	0.03063040230500639	0.022112665968342365	0.022112665968342365	0.05274306827334876	0.022112665968342365	0.0313834576047585	0.0848582931347805	0.0848582931347805	0.0848582931347805	0.06126080461001278	0.06126080461001278	0.08337347057835513	0.1154886954397869	0.09189120691501916
UP000000758	0.012426994381083417	0.024184695463130366	0.030398192653672076	0.030398192653672076	0.030398192653672076	0.021020199297364935	0.030398192653672076	0.021020199297364935	0.021020199297364935	0.051418391951037014	0.021020199297364935	0.029613404213646454	0.08792020508821728	0.08792020508821728	0.08792020508821728	0.06079638530734415	0.06079638530734415	0.08181658460470907	0.11831839774188936	0.09119457796101622
UP000006565	0.01633305375825631	0.023292275593007	0.03145880247213515	0.03145880247213515	0.03145880247213515	0.033969777077963004	0.03145880247213515	0.033969777077963004	0.033969777077963004	0.06542857955009816	0.033969777077963004	0.051606500397669695	0.05826686767531544	0.05826686767531544	0.05826686767531544	0.0629176049442703	0.0629176049442703	0.0968873820222333	0.08972567014745059	0.09437640741640545
UP000001169	0.01062718872381036	0.023809171179833583	0.029122765541738763	0.029122765541738763	0.029122765541738763	0.01673335893322001	0.029122765541738763	0.01673335893322001	0.01673335893322001	0.04585612447495877	0.01673335893322001	0.022839529142629655	0.10137061855708124	0.10137061855708124	0.10137061855708124	0.05824553108347753	0.05824553108347753	0.07497889001669752	0.13049338409882	0.0873682966252163
UP000006681	0.017266315735995113	0.022514329620245244	0.0311474874882428	0.0311474874882428	0.0311474874882428	0.03874329652811009	0.0311474874882428	0.03874329652811009	0.03874329652811009	0.06989078401635289	0.03874329652811009	0.06022027732022506	0.05008174645780803	0.05008174645780803	0.05008174645780803	0.0622949749764856	0.0622949749764856	0.1010382715045957	0.08122923394605085	0.0934424624647284
UP000009227	0.01841128567680542	0.020558288639116597	0.02976393147751931	0.02976393147751931	0.02976393147751931	0.0482700028625054	0.02976393147751931	0.0482700028625054	0.0482700028625054	0.0780339343400247	0.0482700028625054	0.07812872004820538	0.03670567907451263	0.03670567907451263	0.03670567907451263	0.05952786295503862	0.05952786295503862	0.10779786581754401	0.06646961055203193	0.08929179443255791
UP000000346	0.011491429884521532	0.02404318117619031	0.029788896118451074	0.029788896118451074	0.029788896118451074	0.01870843791736079	0.029788896118451074	0.01870843791736079	0.01870843791736079	0.048497334035811863	0.01870843791736079	0.02592544595020005	0.0948639684270393	0.0948639684270393	0.0948639684270393	0.05957779223690215	0.05957779223690215	0.07828623015426293	0.12465286454549038	0.08936668835535322
UP000005877	0.011321812578647544	0.024005046480170118	0.029665952769493888	0.029665952769493888	0.029665952769493888	0.0183095175750357	0.029665952769493888	0.0183095175750357	0.0183095175750357	0.047975470344529585	0.0183095175750357	0.025297222571423857	0.096132380344284	0.096132380344284	0.096132380344284	0.059331905538987775	0.059331905538987775	0.07764142311402349	0.1257983331137779	0.08899785830848167
UP000001304	0.018678225471980472	0.019117756419422767	0.028456869155413	0.028456869155413	0.028456869155413	0.05435557685898555	0.028456869155413	0.05435557685898555	0.05435557685898555	0.08281244601439855	0.05435557685898555	0.09003292824599064	0.02979614784437445	0.02979614784437445	0.02979614784437445	0.056913738310826	0.056913738310826	0.11126931516981158	0.05825301699978745	0.08537060746623902
UP000002315	0.01867731483537208	0.018241609026014922	0.02758026644370096	0.02758026644370096	0.02758026644370096	0.057860060604007	0.02758026644370096	0.057860060604007	0.057860060604007	0.08544032704770797	0.057860060604007	0.09704280637264193	0.026293477371603657	0.026293477371603657	0.026293477371603657	0.05516053288740192	0.05516053288740192	0.11302059349140893	0.05387374381530462	0.0827407993311029
UP000012076	0.012524818508502076	0.024192675750632962	0.030455085004884	0.030455085004884	0.030455085004884	0.021273772613705732	0.030455085004884	0.021273772613705732	0.021273772613705732	0.05172885761858973	0.021273772613705732	0.030022726718909386	0.08719771706661526	0.08719771706661526	0.08719771706661526	0.060910170009768	0.060910170009768	0.08218394262347374	0.11765280207149925	0.09136525501465201
UP000006663	0.012792056898687471	0.02420775324498452	0.030603781694328258	0.030603781694328258	0.030603781694328258	0.021979079580472113	0.030603781694328258	0.021979079580472113	0.021979079580472113	0.05258286127480037	0.021979079580472113	0.031166102262256752	0.08522572117407867	0.08522572117407867	0.08522572117407867	0.061207563388656516	0.061207563388656516	0.08318664296912862	0.11582950286840693	0.09181134508298477
UP000014070	0.018261947844768856	0.020966814446552393	0.03009778836893682	0.03009778836893682	0.03009778836893682	0.04643896986564491	0.03009778836893682	0.04643896986564491	0.04643896986564491	0.07653675823458173	0.04643896986564491	0.07461599188652096	0.03901365027355903	0.03901365027355903	0.03901365027355903	0.06019557673787364	0.06019557673787364	0.10663454660351854	0.06911143864249586	0.09029336510681046
UP000001901	0.017244796570487803	0.022537027271417147	0.031159425556661048	0.031159425556661048	0.031159425556661048	0.03861676481003	0.031159425556661048	0.03861676481003	0.03861676481003	0.06977619036669105	0.03861676481003	0.059988733049572196	0.05028436772460678	0.05028436772460678	0.05028436772460678	0.062318851113322096	0.062318851113322096	0.10093561592335211	0.08144379328126784	0.09347827666998314
UP000006794	0.008535795887214325	0.02282286882430936	0.027090766767916524	0.027090766767916524	0.027090766767916524	0.01246249627907329	0.027090766767916524	0.01246249627907329	0.01246249627907329	0.03955326304698981	0.01246249627907329	0.016389196670932256	0.11777891485608913	0.11777891485608913	0.11777891485608913	0.05418153353583305	0.05418153353583305	0.06664402981490634	0.14486968162400565	0.08127230030374957
UP000011511	0.015245478662871436	0.02383568951641363	0.03145842884784935	0.03145842884784935	0.03145842884784935	0.02958121750177942	0.03145842884784935	0.02958121750177942	0.02958121750177942	0.061039646349628766	0.02958121750177942	0.04391695634068741	0.06690953443790269	0.06690953443790269	0.06690953443790269	0.0629168576956987	0.0629168576956987	0.0924980751974781	0.09836796328575204	0.09437528654354804
UP000007807	0.014499461938618712	0.024055925489071952	0.031305656458381306	0.031305656458381306	0.031305656458381306	0.02700880165036819	0.031305656458381306	0.02700880165036819	0.02700880165036819	0.058314458108749495	0.02700880165036819	0.03951814136211767	0.07257220360806575	0.07257220360806575	0.07257220360806575	0.06261131291676261	0.06261131291676261	0.08962011456713082	0.10387786006644707	0.09391696937514395
UP000007490	0.01819501076186643	0.02112203423225363	0.03021953961318685	0.03021953961318685	0.03021953961318685	0.04572693494100643	0.03021953961318685	0.04572693494100643	0.04572693494100643	0.07594647455419327	0.04572693494100643	0.07325885912014643	0.03994234801047304	0.03994234801047304	0.03994234801047304	0.0604390792263737	0.0604390792263737	0.10616601416738011	0.0701618876236599	0.09065861883956054
UP000058290	0.013246117100281568	0.024210340078245723	0.030833398628386504	0.030833398628386504	0.030833398628386504	0.023222623017582242	0.030833398628386504	0.023222623017582242	0.023222623017582242	0.054056021645968746	0.023222623017582242	0.03319912893488292	0.08187692408882466	0.08187692408882466	0.08187692408882466	0.06166679725677301	0.06166679725677301	0.08488942027435525	0.11271032271721118	0.09250019588515952
UP000006622	0.017788878177146774	0.02185686226067064	0.030751301349244028	0.030751301349244028	0.030751301349244028	0.04220130343128771	0.030751301349244028	0.04220130343128771	0.04220130343128771	0.07295260478053174	0.04220130343128771	0.06661372868542864	0.044815797512591786	0.044815797512591786	0.044815797512591786	0.061502602698488056	0.061502602698488056	0.10370390612977576	0.07556709886183582	0.09225390404773208
UP000012672	0.013265636869459876	0.02420978728676428	0.030842605721494214	0.030842605721494214	0.030842605721494214	0.02327743828037299	0.030842605721494214	0.02327743828037299	0.02327743828037299	0.0541200440018672	0.02327743828037299	0.033289239691286096	0.08173290516195969	0.08173290516195969	0.08173290516195969	0.06168521144298843	0.06168521144298843	0.08496264972336143	0.1125755108834539	0.09252781716448265
