	M	W	C	D	E	F	H	K	N	Q	Y	I	A	G	P	T	V	L	R	S
Start	2477.0	152.0	190.5	861.5	1210.0	645.5	233.0	1206.0	652.5	374.0	528.0	1458.0	1029.0	946.0	626.0	840.0	1357.0	1605.5	1158.5	1129.0
M	644.0	283.0	239.0	1566.5	2095.0	1113.5	470.5	1493.0	932.5	616.0	965.0	2067.0	2155.0	2185.5	1198.0	1390.5	2156.0	2626.5	1490.0	1633.5
W	283.0	184.0	116.5	623.0	884.0	516.0	203.5	592.0	458.5	257.5	522.0	918.0	949.0	959.5	612.5	593.0	1001.0	1242.0	708.5	724.5
C	239.0	116.5	197.0	786.0	1070.0	414.0	252.0	548.5	425.5	269.0	418.5	700.0	880.0	892.5	550.0	618.0	971.0	1054.5	701.5	704.0
D	1566.5	623.0	786.0	3648.0	4720.5	2441.5	1062.5	3652.5	2874.0	1360.0	2531.0	5082.0	4820.5	4669.5	2515.0	3106.0	5032.5	5825.0	3558.0	3966.0
E	2095.0	884.0	1070.0	4720.5	6986.0	3286.5	1503.5	4383.5	3393.5	1858.0	3262.0	6760.5	6442.0	6324.0	3616.5	4183.5	6948.0	8510.0	5442.0	4910.0
F	1113.5	516.0	414.0	2441.5	3286.5	2038.0	767.5	2201.0	1789.0	974.0	1762.5	3537.5	3406.0	3547.5	1987.0	2342.0	3727.5	4217.5	2400.0	2840.5
H	470.5	203.5	252.0	1062.5	1503.5	767.5	347.0	1079.5	758.5	395.5	764.0	1418.0	1435.0	1457.0	801.0	899.0	1504.0	1807.0	1095.5	1129.0
K	1493.0	592.0	548.5	3652.5	4383.5	2201.0	1079.5	3630.0	2304.0	1284.5	2400.5	4650.5	4573.5	4309.0	2630.5	3050.5	4803.5	5918.5	3200.0	3615.5
N	932.5	458.5	425.5	2874.0	3393.5	1789.0	758.5	2304.0	1747.0	967.5	1641.5	3040.5	3219.5	3468.0	1792.5	2533.5	3417.5	4007.0	2214.5	2591.0
Q	616.0	257.5	269.0	1360.0	1858.0	974.0	395.5	1284.5	967.5	677.0	975.0	1871.0	1834.5	1831.0	1074.0	1398.0	1960.0	2457.5	1276.0	1532.0
Y	965.0	522.0	418.5	2531.0	3262.0	1762.5	764.0	2400.5	1641.5	975.0	1703.0	2980.5	3392.5	3240.0	1865.5	2191.5	3246.0	4198.0	2443.5	2679.5
I	2067.0	918.0	700.0	5082.0	6760.5	3537.5	1418.0	4650.5	3040.5	1871.0	2980.5	6397.0	6524.5	6538.0	3665.5	4533.0	6899.5	8450.0	4757.5	5279.5
A	2155.0	949.0	880.0	4820.5	6442.0	3406.0	1435.0	4573.5	3219.5	1834.5	3392.5	6524.5	7078.0	6715.5	3787.5	4200.0	7212.0	8732.0	4707.5	5526.5
G	2185.5	959.5	892.5	4669.5	6324.0	3547.5	1457.0	4309.0	3468.0	1831.0	3240.0	6538.0	6715.5	6915.0	3746.0	4405.5	7196.5	8425.5	4984.0	5458.5
P	1198.0	612.5	550.0	2515.0	3616.5	1987.0	801.0	2630.5	1792.5	1074.0	1865.5	3665.5	3787.5	3746.0	2187.0	2368.5	4259.0	4990.5	2834.0	3004.0
T	1390.5	593.0	618.0	3106.0	4183.5	2342.0	899.0	3050.5	2533.5	1398.0	2191.5	4533.0	4200.0	4405.5	2368.5	3307.0	4569.0	5322.0	2923.0	4044.0
V	2156.0	1001.0	971.0	5032.5	6948.0	3727.5	1504.0	4803.5	3417.5	1960.0	3246.0	6899.5	7212.0	7196.5	4259.0	4569.0	7523.0	9618.0	5426.5	5866.5
L	2626.5	1242.0	1054.5	5825.0	8510.0	4217.5	1807.0	5918.5	4007.0	2457.5	4198.0	8450.0	8732.0	8425.5	4990.5	5322.0	9618.0	11762.0	6659.5	7008.0
R	1490.0	708.5	701.5	3558.0	5442.0	2400.0	1095.5	3200.0	2214.5	1276.0	2443.5	4757.5	4707.5	4984.0	2834.0	2923.0	5426.5	6659.5	4441.0	3995.0
S	1633.5	724.5	704.0	3966.0	4910.0	2840.5	1129.0	3615.5	2591.0	1532.0	2679.5	5279.5	5526.5	5458.5	3004.0	4044.0	5866.5	7008.0	3995.0	5024.0
End	356.5	245.5	191.5	794.0	1643.5	673.5	247.5	1502.5	606.5	492.5	660.5	1297.5	1104.5	1329.0	668.0	700.5	1315.0	1878.5	1550.5	1160.0
