Proteome_ID	M	W	C	D	E	F	H	K	N	Q	Y	I	A	G	P	T	V	L	R	S
UP000000231	0.039303594695156686	0.032153006864039574	0.032153006864039574	0.032153006864039574	0.032153006864039574	0.039303594695156686	0.032153006864039574	0.017685262417187597	0.06092192697312578	0.032153006864039574	0.039303594695156686	0.039303594695156686	0.0526066818273175	0.0526066818273175	0.0526066818273175	0.06430601372807915	0.06430601372807915	0.10360960842323583	0.0526066818273175	0.1286120274561583
UP000000233	0.01662905437869253	0.029340473338347977	0.029340473338347977	0.029340473338347977	0.029340473338347977	0.01662905437869253	0.029340473338347977	0.010613646710560068	0.022644462046824992	0.029340473338347977	0.01662905437869253	0.01662905437869253	0.10353726148389616	0.10353726148389616	0.10353726148389616	0.058680946676695954	0.058680946676695954	0.07531000105538849	0.10353726148389616	0.11736189335339191
UP000000235	0.01180340536296956	0.026833891613417354	0.026833891613417354	0.026833891613417354	0.026833891613417354	0.01180340536296956	0.026833891613417354	0.00819755327016597	0.01540925745577315	0.026833891613417354	0.01180340536296956	0.01180340536296956	0.12200847416113386	0.12200847416113386	0.12200847416113386	0.05366778322683471	0.05366778322683471	0.06547118858980427	0.12200847416113386	0.10733556645366941
UP000000238	0.027949602967159443	0.03197825290260835	0.03197825290260835	0.03197825290260835	0.03197825290260835	0.027949602967159443	0.03197825290260835	0.014914257472412063	0.040984948461906826	0.03197825290260835	0.027949602967159443	0.027949602967159443	0.0731751831970376	0.0731751831970376	0.0731751831970376	0.0639565058052167	0.0639565058052167	0.09190610877237614	0.0731751831970376	0.1279130116104334
UP000000239	0.016382515880773826	0.02923943978116272	0.02923943978116272	0.02923943978116272	0.02923943978116272	0.016382515880773826	0.02923943978116272	0.010499672353140312	0.02226535940840734	0.02923943978116272	0.016382515880773826	0.016382515880773826	0.10437283808399492	0.10437283808399492	0.10437283808399492	0.05847887956232544	0.05847887956232544	0.07486139544309926	0.10437283808399492	0.11695775912465088
UP000000245	0.013424073750449152	0.02781346907539501	0.02781346907539501	0.02781346907539501	0.02781346907539501	0.013424073750449152	0.02781346907539501	0.009054129672584251	0.01779401782831406	0.02781346907539501	0.013424073750449152	0.013424073750449152	0.11525399463513392	0.11525399463513392	0.11525399463513392	0.05562693815079002	0.05562693815079002	0.06905101190123918	0.11525399463513392	0.11125387630158004
UP000000247	0.06051099320806233	0.0290522341142381	0.0290522341142381	0.0290522341142381	0.0290522341142381	0.06051099320806233	0.0290522341142381	0.019628363042786173	0.10139362337333849	0.0290522341142381	0.06051099320806233	0.06051099320806233	0.027896825428938524	0.027896825428938524	0.027896825428938524	0.0581044682284762	0.0581044682284762	0.11861546143653852	0.027896825428938524	0.1162089364569524
UP000000248	0.04019894702891358	0.0320980985289332	0.0320980985289332	0.0320980985289332	0.0320980985289332	0.04019894702891358	0.0320980985289332	0.01784733736402857	0.06255055669379858	0.0320980985289332	0.04019894702891358	0.04019894702891358	0.05125944858366845	0.05125944858366845	0.05125944858366845	0.0641961970578664	0.0641961970578664	0.10439514408677998	0.05125944858366845	0.1283923941157328
UP000000260	0.024391897771769436	0.03149511150663744	0.03149511150663744	0.03149511150663744	0.03149511150663744	0.024391897771769436	0.03149511150663744	0.013746048502137327	0.03503774704140154	0.03149511150663744	0.024391897771769436	0.024391897771769436	0.08133373287285374	0.08133373287285374	0.08133373287285374	0.06299022301327488	0.06299022301327488	0.08738212078504431	0.08133373287285374	0.12598044602654976
UP000000263	0.02002187768685006	0.03050380052848571	0.03050380052848571	0.03050380052848571	0.03050380052848571	0.02002187768685006	0.03050380052848571	0.012087781594192193	0.027955973779507932	0.03050380052848571	0.02002187768685006	0.02002187768685006	0.09294651193406954	0.09294651193406954	0.09294651193406954	0.06100760105697142	0.06100760105697142	0.08102947874382146	0.09294651193406954	0.12201520211394284
UP000000268	0.036462273664018406	0.03226887926604687	0.03226887926604687	0.03226887926604687	0.03226887926604687	0.036462273664018406	0.03226887926604687	0.017118826856097856	0.05580572047193896	0.03226887926604687	0.036462273664018406	0.036462273664018406	0.05711550402378024	0.05711550402378024	0.05711550402378024	0.06453775853209374	0.06453775853209374	0.10100003219611216	0.05711550402378024	0.1290755170641875
UP000000269	0.052997778194225215	0.03052358336058116	0.03052358336058116	0.03052358336058116	0.03052358336058116	0.052997778194225215	0.03052358336058116	0.019368483349921296	0.08662707303852914	0.03052358336058116	0.052997778194225215	0.052997778194225215	0.03515955471778122	0.03515955471778122	0.03515955471778122	0.06104716672116232	0.06104716672116232	0.11404494491538752	0.03515955471778122	0.12209433344232463
UP000000270	0.013448380484095029	0.027826974483700244	0.027826974483700244	0.027826974483700244	0.027826974483700244	0.013448380484095029	0.027826974483700244	0.009066614711611626	0.017830146256578427	0.027826974483700244	0.013448380484095029	0.013448380484095029	0.1151574362180327	0.1151574362180327	0.1151574362180327	0.05565394896740049	0.05565394896740049	0.06910232945149553	0.1151574362180327	0.11130789793480098
UP000000272	0.03623285272614104	0.032274147228986964	0.032274147228986964	0.032274147228986964	0.032274147228986964	0.03623285272614104	0.032274147228986964	0.01706956112770407	0.055396144324578005	0.032274147228986964	0.03623285272614104	0.03623285272614104	0.05749591881330533	0.05749591881330533	0.05749591881330533	0.06454829445797393	0.06454829445797393	0.10078114718411497	0.05749591881330533	0.12909658891594786
UP000000276	0.02885736716123528	0.03206278016367853	0.03206278016367853	0.03206278016367853	0.03206278016367853	0.02885736716123528	0.03206278016367853	0.015187872321754137	0.04252686200071643	0.03206278016367853	0.02885736716123528	0.02885736716123528	0.07124848681312416	0.07124848681312416	0.07124848681312416	0.06412556032735706	0.06412556032735706	0.09298292748859234	0.07124848681312416	0.1282511206547141
UP000000321	0.01397010079853197	0.02810908722068531	0.02810908722068531	0.02810908722068531	0.02810908722068531	0.01397010079853197	0.02810908722068531	0.009332090287682436	0.018608111309381507	0.02810908722068531	0.01397010079853197	0.01397010079853197	0.11311597471982779	0.11311597471982779	0.11311597471982779	0.05621817444137062	0.05621817444137062	0.07018827523990259	0.11311597471982779	0.11243634888274125
UP000000323	0.027582329630164895	0.03193984537418954	0.03193984537418954	0.03193984537418954	0.03193984537418954	0.027582329630164895	0.03193984537418954	0.014800792198587237	0.04036386706174256	0.03193984537418954	0.027582329630164895	0.027582329630164895	0.07397154165045326	0.07397154165045326	0.07397154165045326	0.06387969074837908	0.06387969074837908	0.09146202037854398	0.07397154165045326	0.12775938149675817
UP000000328	0.01020159334134616	0.025690024496333497	0.025690024496333497	0.025690024496333497	0.025690024496333497	0.01020159334134616	0.025690024496333497	0.007301960698068064	0.013101225984624256	0.025690024496333497	0.01020159334134616	0.01020159334134616	0.1293871136673102	0.1293871136673102	0.1293871136673102	0.051380048992666995	0.051380048992666995	0.06158164233401316	0.1293871136673102	0.10276009798533399
UP000000329	0.016768722966513605	0.029396622581366362	0.029396622581366362	0.029396622581366362	0.029396622581366362	0.016768722966513605	0.029396622581366362	0.010677789029150413	0.022859656903876795	0.029396622581366362	0.016768722966513605	0.016768722966513605	0.10306824448313574	0.10306824448313574	0.10306824448313574	0.058793245162732724	0.058793245162732724	0.07556196812924633	0.10306824448313574	0.11758649032546545
UP000000333	0.01578593667755706	0.02898449507480728	0.02898449507480728	0.02898449507480728	0.02898449507480728	0.01578593667755706	0.02898449507480728	0.010219856855807716	0.0213520164993064	0.02898449507480728	0.01578593667755706	0.01578593667755706	0.10643663051504607	0.10643663051504607	0.10643663051504607	0.05796899014961456	0.05796899014961456	0.07375492682717161	0.10643663051504607	0.11593798029922912
UP000000343	0.020245987019704263	0.030567258067214633	0.030567258067214633	0.030567258067214633	0.030567258067214633	0.020245987019704263	0.030567258067214633	0.012179192826558822	0.02831278121284971	0.030567258067214633	0.020245987019704263	0.020245987019704263	0.09230049044665904	0.09230049044665904	0.09230049044665904	0.061134516134429266	0.061134516134429266	0.08138050315413355	0.09230049044665904	0.12226903226885853
UP000000361	0.01405320010891553	0.02815268298547185	0.02815268298547185	0.02815268298547185	0.02815268298547185	0.01405320010891553	0.02815268298547185	0.009373936963074935	0.018732463254756124	0.02815268298547185	0.01405320010891553	0.01405320010891553	0.11279616786751043	0.11279616786751043	0.11279616786751043	0.0563053659709437	0.0563053659709437	0.07035856607985923	0.11279616786751043	0.1126107319418874
UP000000366	0.012377456099873138	0.027199458761219538	0.027199458761219538	0.027199458761219538	0.027199458761219538	0.012377456099873138	0.027199458761219538	0.008506476766542226	0.016248435433204048	0.027199458761219538	0.012377456099873138	0.012377456099873138	0.11954161678034386	0.11954161678034386	0.11954161678034386	0.054398917522439076	0.054398917522439076	0.0667763736223122	0.11954161678034386	0.10879783504487815
UP000000370	0.05403969472523063	0.03034038536719014	0.03034038536719014	0.03034038536719014	0.03034038536719014	0.05403969472523063	0.03034038536719014	0.019430950542983442	0.08864843890747781	0.03034038536719014	0.05403969472523063	0.05403969472523063	0.034068992762085845	0.034068992762085845	0.034068992762085845	0.06068077073438028	0.06068077073438028	0.11472046545961093	0.034068992762085845	0.12136154146876056
UP000000374	0.015436184934613628	0.028827881671310108	0.028827881671310108	0.028827881671310108	0.028827881671310108	0.015436184934613628	0.028827881671310108	0.010053132187632062	0.020819237681595194	0.028827881671310108	0.015436184934613628	0.015436184934613628	0.10767514967918573	0.10767514967918573	0.10767514967918573	0.057655763342620216	0.057655763342620216	0.07309194827723384	0.10767514967918573	0.11531152668524043
UP000000376	0.027974767818410344	0.03198079432233719	0.03198079432233719	0.03198079432233719	0.03198079432233719	0.027974767818410344	0.03198079432233719	0.014921973272729688	0.041027562364091	0.03198079432233719	0.027974767818410344	0.027974767818410344	0.07312097902843316	0.07312097902843316	0.07312097902843316	0.06396158864467438	0.06396158864467438	0.09193635646308473	0.07312097902843316	0.12792317728934877
UP000000377	0.0109236445885642	0.026229704183217916	0.026229704183217916	0.026229704183217916	0.026229704183217916	0.0109236445885642	0.026229704183217916	0.00771192841648402	0.014135360760644382	0.026229704183217916	0.0109236445885642	0.0109236445885642	0.125964805237141	0.125964805237141	0.125964805237141	0.05245940836643583	0.05245940836643583	0.06338305295500003	0.125964805237141	0.10491881673287166
UP000000379	0.012685637394036452	0.027387050920652127	0.027387050920652127	0.027387050920652127	0.027387050920652127	0.012685637394036452	0.027387050920652127	0.008669800102831086	0.01670147468524182	0.027387050920652127	0.012685637394036452	0.012685637394036452	0.11825193087782772	0.11825193087782772	0.11825193087782772	0.054774101841304254	0.054774101841304254	0.06745973923534071	0.11825193087782772	0.10954820368260851
UP000000417	0.012224828428125004	0.027104351035445836	0.027104351035445836	0.027104351035445836	0.027104351035445836	0.012224828428125004	0.027104351035445836	0.008424941623074316	0.01602471523317569	0.027104351035445836	0.012224828428125004	0.012224828428125004	0.12018914610899792	0.12018914610899792	0.12018914610899792	0.05420870207089167	0.05420870207089167	0.06643353049901668	0.12018914610899792	0.10841740414178334
UP000000422	0.03400710908767337	0.03229107391549637	0.03229107391549637	0.03229107391549637	0.03229107391549637	0.03400710908767337	0.03229107391549637	0.016563441461886024	0.051450776713460704	0.03229107391549637	0.03400710908767337	0.03400710908767337	0.06132326343458609	0.06132326343458609	0.06132326343458609	0.06458214783099274	0.06458214783099274	0.09858925691866612	0.06132326343458609	0.12916429566198548
UP000000423	0.07380949705965176	0.025725257496138017	0.025725257496138017	0.025725257496138017	0.025725257496138017	0.07380949705965176	0.025725257496138017	0.01907643542191801	0.12854255869738548	0.025725257496138017	0.07380949705965176	0.07380949705965176	0.01793235016105738	0.01793235016105738	0.01793235016105738	0.051450514992276035	0.051450514992276035	0.12526001205192777	0.01793235016105738	0.10290102998455207
UP000000425	0.03040803572475051	0.03217459401524625	0.03217459401524625	0.03217459401524625	0.03217459401524625	0.03040803572475051	0.03217459401524625	0.015633191003791822	0.04518288044570919	0.03217459401524625	0.03040803572475051	0.03040803572475051	0.06808756142070162	0.06808756142070162	0.06808756142070162	0.0643491880304925	0.0643491880304925	0.094757223755243	0.06808756142070162	0.128698376060985
UP000000428	0.010858015637453618	0.026182354469088252	0.026182354469088252	0.026182354469088252	0.026182354469088252	0.010858015637453618	0.026182354469088252	0.007675096480758554	0.01404093479414868	0.026182354469088252	0.010858015637453618	0.010858015637453618	0.12626905475810316	0.12626905475810316	0.12626905475810316	0.052364708938176505	0.052364708938176505	0.06322272457563012	0.12626905475810316	0.10472941787635301
UP000000429	0.048549000617782556	0.031220985967687055	0.031220985967687055	0.031220985967687055	0.031220985967687055	0.048549000617782556	0.031220985967687055	0.01900147827414977	0.07809652296141534	0.031220985967687055	0.048549000617782556	0.048549000617782556	0.04015530504813234	0.04015530504813234	0.04015530504813234	0.06244197193537411	0.06244197193537411	0.11099097255315667	0.04015530504813234	0.12488394387074822
UP000000430	0.045738269768774216	0.03158431675209253	0.03158431675209253	0.03158431675209253	0.03158431675209253	0.045738269768774216	0.03158431675209253	0.018682923904514898	0.07279361563303355	0.03158431675209253	0.045738269768774216	0.045738269768774216	0.043620760896275035	0.043620760896275035	0.043620760896275035	0.06316863350418506	0.06316863350418506	0.10890690327295927	0.043620760896275035	0.1263372670083701
UP000000431	0.04463170591137426	0.031709383192015585	0.031709383192015585	0.031709383192015585	0.031709383192015585	0.04463170591137426	0.031709383192015585	0.01853842906721475	0.0707249827555338	0.031709383192015585	0.04463170591137426	0.04463170591137426	0.0450569818870327	0.0450569818870327	0.0450569818870327	0.06341876638403117	0.06341876638403117	0.10805047229540543	0.0450569818870327	0.12683753276806234
UP000000432	0.039302614568595906	0.032153062323204924	0.032153062323204924	0.032153062323204924	0.032153062323204924	0.039302614568595906	0.032153062323204924	0.01768508074736283	0.06092014838982899	0.032153062323204924	0.039302614568595906	0.039302614568595906	0.052608175212137454	0.052608175212137454	0.052608175212137454	0.06430612464640985	0.06430612464640985	0.10360873921500575	0.052608175212137454	0.1286122492928197
UP000000439	0.020177010962040606	0.03054788767438216	0.03054788767438216	0.03054788767438216	0.03054788767438216	0.020177010962040606	0.03054788767438216	0.012151134473250896	0.028202887450830317	0.03054788767438216	0.020177010962040606	0.020177010962040606	0.0924986801189003	0.0924986801189003	0.0924986801189003	0.06109577534876432	0.06109577534876432	0.08127278631080492	0.0924986801189003	0.12219155069752864
UP000000440	0.027017681523593778	0.03187590539224125	0.03187590539224125	0.03187590539224125	0.03187590539224125	0.027017681523593778	0.03187590539224125	0.014623206112314765	0.03941215693487279	0.03187590539224125	0.027017681523593778	0.027017681523593778	0.07521543576474587	0.07521543576474587	0.07521543576474587	0.0637518107844825	0.0637518107844825	0.09076949230807627	0.07521543576474587	0.127503621568965
UP000000442	0.0338117184077273	0.03228948308419978	0.03228948308419978	0.03228948308419978	0.03228948308419978	0.0338117184077273	0.03228948308419978	0.01651653653689447	0.05110690027856014	0.03228948308419978	0.0338117184077273	0.0338117184077273	0.061671560449678094	0.061671560449678094	0.061671560449678094	0.06457896616839956	0.06457896616839956	0.09839068457612686	0.061671560449678094	0.12915793233679912
UP000000449	0.05287204043338367	0.030545203806771067	0.030545203806771067	0.030545203806771067	0.030545203806771067	0.05287204043338367	0.030545203806771067	0.019360352471823022	0.08638372839494433	0.030545203806771067	0.05287204043338367	0.05287204043338367	0.03529311401449431	0.03529311401449431	0.03529311401449431	0.06109040761354213	0.06109040761354213	0.11396244804692582	0.03529311401449431	0.12218081522708427
UP000000467	0.027033595690742436	0.03187779007923518	0.03187779007923518	0.03187779007923518	0.03187779007923518	0.027033595690742436	0.03187779007923518	0.014628263743128235	0.039438927638356644	0.03187779007923518	0.027033595690742436	0.027033595690742436	0.07518004722426004	0.07518004722426004	0.07518004722426004	0.06375558015847035	0.06375558015847035	0.09078917584921278	0.07518004722426004	0.1275111603169407
UP000000492	0.023215353732298463	0.03127582259609232	0.03127582259609232	0.03127582259609232	0.03127582259609232	0.023215353732298463	0.03127582259609232	0.013324712985845333	0.0331059944787516	0.03127582259609232	0.023215353732298463	0.023215353732298463	0.08426984058410841	0.08426984058410841	0.08426984058410841	0.06255164519218465	0.06255164519218465	0.08576699892448311	0.08426984058410841	0.1251032903843693
UP000000504	0.0397320599152242	0.032127783269557356	0.032127783269557356	0.032127783269557356	0.032127783269557356	0.0397320599152242	0.032127783269557356	0.01776378785752385	0.06170033197292456	0.032127783269557356	0.0397320599152242	0.0397320599152242	0.05195776207012824	0.05195776207012824	0.05195776207012824	0.06425556653911471	0.06425556653911471	0.10398762645433893	0.05195776207012824	0.12851113307822942
UP000000528	0.07123270462554769	0.0264317738414327	0.0264317738414327	0.0264317738414327	0.0264317738414327	0.07123270462554769	0.0264317738414327	0.019278316623711003	0.12318709262738435	0.0264317738414327	0.07123270462554769	0.07123270462554769	0.019615671539560734	0.019615671539560734	0.019615671539560734	0.0528635476828654	0.0528635476828654	0.12409625230841308	0.019615671539560734	0.1057270953657308
UP000000529	0.05435626684025908	0.03028331505340085	0.03028331505340085	0.03028331505340085	0.03028331505340085	0.05435626684025908	0.03028331505340085	0.019448205166211888	0.08926432851430627	0.03028331505340085	0.05435626684025908	0.05435626684025908	0.0337432728159432	0.0337432728159432	0.0337432728159432	0.0605666301068017	0.0605666301068017	0.11492289694706079	0.0337432728159432	0.1211332602136034
UP000000531	0.06117803169105528	0.028905806518586298	0.028905806518586298	0.028905806518586298	0.028905806518586298	0.06117803169105528	0.028905806518586298	0.019630606137520403	0.10272545724459017	0.028905806518586298	0.06117803169105528	0.06117803169105528	0.027315218466308046	0.027315218466308046	0.027315218466308046	0.057811613037172596	0.057811613037172596	0.11898964472822789	0.027315218466308046	0.11562322607434519
UP000000532	0.011889978575078872	0.026890412999779397	0.026890412999779397	0.026890412999779397	0.026890412999779397	0.011889978575078872	0.026890412999779397	0.008244538578864721	0.015535418571293022	0.026890412999779397	0.011889978575078872	0.011889978575078872	0.12163088549449437	0.12163088549449437	0.12163088549449437	0.053780825999558794	0.053780825999558794	0.06567080457463767	0.12163088549449437	0.10756165199911759
UP000000534	0.05656693574378513	0.02986710989451257	0.02986710989451257	0.02986710989451257	0.02986710989451257	0.05656693574378513	0.02986710989451257	0.019546590394779257	0.093587281092791	0.02986710989451257	0.05656693574378513	0.05656693574378513	0.03153942287032571	0.03153942287032571	0.03153942287032571	0.05973421978902514	0.05973421978902514	0.11630115553281027	0.03153942287032571	0.11946843957805028
UP000000535	0.02903925831593672	0.03207798233622748	0.03207798233622748	0.03207798233622748	0.03207798233622748	0.02903925831593672	0.03207798233622748	0.015241539136514982	0.042836977495358454	0.03207798233622748	0.02903925831593672	0.02903925831593672	0.0708693686022008	0.0708693686022008	0.0708693686022008	0.06415596467245496	0.06415596467245496	0.09319522298839168	0.0708693686022008	0.12831192934490993
UP000000537	0.049477929399993	0.031087257636424677	0.031087257636424677	0.031087257636424677	0.031087257636424677	0.049477929399993	0.031087257636424677	0.019091783872842435	0.07986407492714356	0.031087257636424677	0.049477929399993	0.049477929399993	0.0390645930043136	0.0390645930043136	0.0390645930043136	0.062174515272849354	0.062174515272849354	0.11165244467284235	0.0390645930043136	0.12434903054569871
UP000000545	0.0186124052201124	0.030068734413463954	0.030068734413463954	0.030068734413463954	0.030068734413463954	0.0186124052201124	0.030068734413463954	0.01149626885425926	0.02572854158596554	0.030068734413463954	0.0186124052201124	0.0186124052201124	0.0971533532109475	0.0971533532109475	0.0971533532109475	0.06013746882692791	0.06013746882692791	0.0787498740470403	0.0971533532109475	0.12027493765385582
UP000000546	0.040657026781008736	0.032066783459929894	0.032066783459929894	0.032066783459929894	0.032066783459929894	0.040657026781008736	0.032066783459929894	0.01792727951948342	0.06338677404253405	0.032066783459929894	0.040657026781008736	0.040657026781008736	0.05058306929351516	0.05058306929351516	0.05058306929351516	0.06413356691985979	0.06413356691985979	0.10479059370086852	0.05058306929351516	0.12826713383971958
UP000000549	0.06769263336551157	0.02735664725871852	0.02735664725871852	0.02735664725871852	0.02735664725871852	0.06769263336551157	0.02735664725871852	0.01948298273098119	0.11590228400004193	0.02735664725871852	0.06769263336551157	0.06769263336551157	0.022111302575480656	0.022111302575480656	0.022111302575480656	0.05471329451743704	0.05471329451743704	0.12240592788294861	0.022111302575480656	0.10942658903487408
UP000000555	0.05146302320223819	0.03078011173873446	0.03078011173873446	0.03078011173873446	0.03078011173873446	0.05146302320223819	0.03078011173873446	0.01926042344707394	0.08366562295740244	0.03078011173873446	0.05146302320223819	0.05146302320223819	0.036819262441145306	0.036819262441145306	0.036819262441145306	0.06156022347746892	0.06156022347746892	0.11302324667970712	0.036819262441145306	0.12312044695493785
UP000000556	0.018758516139549607	0.030116833050133105	0.030116833050133105	0.030116833050133105	0.030116833050133105	0.018758516139549607	0.030116833050133105	0.011558937341818518	0.0259580949372807	0.030116833050133105	0.018758516139549607	0.018758516139549607	0.09670526455525573	0.09670526455525573	0.09670526455525573	0.06023366610026621	0.06023366610026621	0.07899218223981581	0.09670526455525573	0.12046733220053242
UP000000557	0.018274327129538408	0.02995465554889857	0.02995465554889857	0.02995465554889857	0.02995465554889857	0.018274327129538408	0.02995465554889857	0.011350046054319047	0.025198608204757767	0.02995465554889857	0.018274327129538408	0.018274327129538408	0.09820130532771351	0.09820130532771351	0.09820130532771351	0.05990931109779714	0.05990931109779714	0.07818363822733554	0.09820130532771351	0.11981862219559428
UP000000558	0.03135344002138743	0.0322237554013447	0.0322237554013447	0.0322237554013447	0.0322237554013447	0.03135344002138743	0.0322237554013447	0.015891320394398473	0.04681555964837639	0.0322237554013447	0.03135344002138743	0.03135344002138743	0.0662364583571932	0.0662364583571932	0.0662364583571932	0.0644475108026894	0.0644475108026894	0.09580095082407683	0.0662364583571932	0.1288950216053788
UP000000562	0.07892312264468081	0.02424662942240287	0.02424662942240287	0.02424662942240287	0.02424662942240287	0.07892312264468081	0.02424662942240287	0.018548263122510386	0.13929798216685124	0.02424662942240287	0.07892312264468081	0.07892312264468081	0.014898017682197099	0.014898017682197099	0.014898017682197099	0.04849325884480574	0.04849325884480574	0.12741638148948656	0.014898017682197099	0.09698651768961147
UP000000566	0.03868240999434896	0.03218607633536591	0.03218607633536591	0.03218607633536591	0.03218607633536591	0.03868240999434896	0.03218607633536591	0.01756824599190005	0.05979657399679787	0.03218607633536591	0.03868240999434896	0.03868240999434896	0.05356147716842567	0.05356147716842567	0.05356147716842567	0.06437215267073182	0.06437215267073182	0.10305456266508078	0.05356147716842567	0.12874430534146364
UP000000577	0.019613834143735846	0.030384336614745187	0.030384336614745187	0.030384336614745187	0.030384336614745187	0.019613834143735846	0.030384336614745187	0.011919502851571078	0.02730816543590061	0.030384336614745187	0.019613834143735846	0.019613834143735846	0.09413844378948151	0.09413844378948151	0.09413844378948151	0.06076867322949037	0.06076867322949037	0.08038250737322622	0.09413844378948151	0.12153734645898075
UP000000579	0.0499332854440096	0.031019338385643493	0.031019338385643493	0.031019338385643493	0.031019338385643493	0.0499332854440096	0.031019338385643493	0.019133382027912683	0.08073318886010653	0.031019338385643493	0.0499332854440096	0.0499332854440096	0.03853939693040923	0.03853939693040923	0.03853939693040923	0.06203867677128699	0.06203867677128699	0.1119719622152966	0.03853939693040923	0.12407735354257397
UP000000580	0.011831954269156295	0.026852586265441798	0.026852586265441798	0.026852586265441798	0.026852586265441798	0.011831954269156295	0.026852586265441798	0.008213063107654734	0.015450845430657854	0.026852586265441798	0.011831954269156295	0.011831954269156295	0.12188373496720932	0.12188373496720932	0.12188373496720932	0.053705172530883596	0.053705172530883596	0.06553712680003988	0.12188373496720932	0.10741034506176719
UP000000582	0.027025995473457364	0.03187689060268145	0.03187689060268145	0.03187689060268145	0.03187689060268145	0.027025995473457364	0.03187689060268145	0.014625848723649462	0.03942614222326527	0.03187689060268145	0.027025995473457364	0.027025995473457364	0.07519694551072381	0.07519694551072381	0.07519694551072381	0.0637537812053629	0.0637537812053629	0.09077977667882028	0.07519694551072381	0.1275075624107258
UP000000584	0.036302536466140144	0.03227261448157522	0.03227261448157522	0.03227261448157522	0.03227261448157522	0.036302536466140144	0.03227261448157522	0.01708458162882249	0.055520491303457806	0.03227261448157522	0.036302536466140144	0.036302536466140144	0.05738010325795388	0.05738010325795388	0.05738010325795388	0.06454522896315044	0.06454522896315044	0.10084776542929058	0.05738010325795388	0.1290904579263009
UP000000585	0.04805154654295497	0.03128988152911588	0.03128988152911588	0.03128988152911588	0.03128988152911588	0.04805154654295497	0.03128988152911588	0.018950089948647126	0.07715300313726281	0.03128988152911588	0.04805154654295497	0.04805154654295497	0.04075026743336528	0.04075026743336528	0.04075026743336528	0.06257976305823176	0.06257976305823176	0.11063130960118674	0.04075026743336528	0.12515952611646353
UP000000586	0.04732836847469277	0.03138657843595523	0.03138657843595523	0.03138657843595523	0.03138657843595523	0.04732836847469277	0.03138657843595523	0.018871581671305055	0.07578515527808048	0.03138657843595523	0.04732836847469277	0.04732836847469277	0.041629041425466744	0.041629041425466744	0.041629041425466744	0.06277315687191046	0.06277315687191046	0.11010152534660322	0.041629041425466744	0.12554631374382091
UP000000588	0.03386584411233211	0.0322899752743372	0.0322899752743372	0.0322899752743372	0.0322899752743372	0.03386584411233211	0.0322899752743372	0.016529570326085517	0.05120211789857871	0.0322899752743372	0.03386584411233211	0.03386584411233211	0.06157487170606998	0.06157487170606998	0.06157487170606998	0.0645799505486744	0.0645799505486744	0.09844579466100652	0.06157487170606998	0.1291599010973488
UP000000593	0.043670323189991526	0.0318093266481518	0.0318093266481518	0.0318093266481518	0.0318093266481518	0.043670323189991526	0.0318093266481518	0.018403948324609357	0.06893669805537368	0.0318093266481518	0.043670323189991526	0.043670323189991526	0.04633962782490764	0.04633962782490764	0.04633962782490764	0.0636186532963036	0.0636186532963036	0.10728897648629512	0.04633962782490764	0.1272373065926072
UP000000594	0.05513348166205931	0.030140475721071397	0.030140475721071397	0.030140475721071397	0.030140475721071397	0.05513348166205931	0.030140475721071397	0.019487184791803374	0.09077977853231523	0.030140475721071397	0.05513348166205931	0.05513348166205931	0.0329545042071106	0.0329545042071106	0.0329545042071106	0.060280951442142794	0.060280951442142794	0.1154144331042021	0.0329545042071106	0.12056190288428559
UP000000601	0.07152982959462961	0.026351697082053843	0.026351697082053843	0.026351697082053843	0.026351697082053843	0.07152982959462961	0.026351697082053843	0.019257284451996835	0.12380237473726238	0.026351697082053843	0.07152982959462961	0.07152982959462961	0.019416009881182788	0.019416009881182788	0.019416009881182788	0.052703394164107686	0.052703394164107686	0.12423322375873729	0.019416009881182788	0.10540678832821537
UP000000602	0.03696659175161992	0.03225508174858416	0.03225508174858416	0.03225508174858416	0.03225508174858416	0.03696659175161992	0.03225508174858416	0.017225247218438343	0.056707936284801495	0.03225508174858416	0.03696659175161992	0.03696659175161992	0.056288137440328456	0.056288137440328456	0.056288137440328456	0.06451016349716832	0.06451016349716832	0.10147675524878824	0.056288137440328456	0.12902032699433663
UP000000605	0.013179131487259046	0.027675520931433596	0.027675520931433596	0.027675520931433596	0.027675520931433596	0.013179131487259046	0.027675520931433596	0.008927730570212131	0.017430532404305962	0.027675520931433596	0.013179131487259046	0.013179131487259046	0.11623443617156229	0.11623443617156229	0.11623443617156229	0.05535104186286719	0.05535104186286719	0.06853017335012623	0.11623443617156229	0.11070208372573438
UP000000606	0.0376241879407188	0.03223260079426863	0.03223260079426863	0.03223260079426863	0.03223260079426863	0.0376241879407188	0.03223260079426863	0.01736016573424792	0.05788821014718967	0.03223260079426863	0.0376241879407188	0.0376241879407188	0.0552272679266676	0.0552272679266676	0.0552272679266676	0.06446520158853726	0.06446520158853726	0.10208938952925604	0.0552272679266676	0.12893040317707452
UP000000609	0.04935487646835682	0.031105346856249036	0.031105346856249036	0.031105346856249036	0.031105346856249036	0.04935487646835682	0.031105346856249036	0.019080242238478557	0.07962951069823508	0.031105346856249036	0.04935487646835682	0.04935487646835682	0.039207578755379446	0.039207578755379446	0.039207578755379446	0.06221069371249807	0.06221069371249807	0.11156557018085489	0.039207578755379446	0.12442138742499614
UP000000625	0.0312896481172325	0.032220872858166466	0.032220872858166466	0.032220872858166466	0.032220872858166466	0.0312896481172325	0.032220872858166466	0.015874216716827722	0.04670507951763727	0.032220872858166466	0.0312896481172325	0.0312896481172325	0.0663596243621773	0.0663596243621773	0.0663596243621773	0.06444174571633293	0.06444174571633293	0.09573139383356542	0.0663596243621773	0.12888349143266586
UP000000628	0.022176112905004295	0.031054391611414423	0.031054391611414423	0.031054391611414423	0.031054391611414423	0.022176112905004295	0.031054391611414423	0.012937425651461346	0.031414800158547244	0.031054391611414423	0.022176112905004295	0.022176112905004295	0.08697423597058475	0.08697423597058475	0.08697423597058475	0.062108783222828846	0.062108783222828846	0.08428489612783314	0.08697423597058475	0.12421756644565769
UP000000636	0.02024565792860379	0.030567165986188905	0.030567165986188905	0.030567165986188905	0.030567165986188905	0.02024565792860379	0.030567165986188905	0.012179059117851398	0.02831225673935619	0.030567165986188905	0.02024565792860379	0.02024565792860379	0.09230143468018773	0.09230143468018773	0.09230143468018773	0.06113433197237781	0.06113433197237781	0.0813799899009816	0.09230143468018773	0.12226866394475562
UP000000639	0.046050134484592775	0.031547182938951146	0.031547182938951146	0.031547182938951146	0.031547182938951146	0.046050134484592775	0.031547182938951146	0.01872167834126659	0.07337859062791896	0.031547182938951146	0.046050134484592775	0.046050134484592775	0.043223532896158094	0.043223532896158094	0.043223532896158094	0.06309436587790229	0.06309436587790229	0.10914450036249507	0.043223532896158094	0.12618873175580458
UP000000640	0.01020757647495959	0.025694671178306733	0.025694671178306733	0.025694671178306733	0.025694671178306733	0.01020757647495959	0.025694671178306733	0.007305401143252495	0.013109751806666684	0.025694671178306733	0.01020757647495959	0.01020757647495959	0.12935805645559376	0.12935805645559376	0.12935805645559376	0.051389342356613466	0.051389342356613466	0.06159691883157305	0.12935805645559376	0.10277868471322693
UP000000643	0.0488442493724566	0.03117919255959176	0.03117919255959176	0.03117919255959176	0.03117919255959176	0.0488442493724566	0.03117919255959176	0.01903097667188234	0.07865752207303087	0.03117919255959176	0.0488442493724566	0.0488442493724566	0.03980579335983391	0.03980579335983391	0.03980579335983391	0.06235838511918352	0.06235838511918352	0.11120263449164014	0.03980579335983391	0.12471677023836704
UP000000644	0.01836672894050409	0.0299862255613643	0.0299862255613643	0.0299862255613643	0.0299862255613643	0.01836672894050409	0.0299862255613643	0.011390180445191035	0.025343277435817144	0.0299862255613643	0.01836672894050409	0.01836672894050409	0.0979133221086606	0.0979133221086606	0.0979133221086606	0.0599724511227286	0.0599724511227286	0.07833918006323269	0.0979133221086606	0.1199449022454572
UP000000647	0.013037945878287398	0.027594451772805853	0.027594451772805853	0.027594451772805853	0.027594451772805853	0.013037945878287398	0.027594451772805853	0.008854386882216743	0.017221504874358053	0.027594451772805853	0.013037945878287398	0.013037945878287398	0.11680578762177361	0.11680578762177361	0.11680578762177361	0.055188903545611706	0.055188903545611706	0.0682268494238991	0.11680578762177361	0.11037780709122341
UP000000657	0.009810379086300175	0.025379503380321338	0.025379503380321338	0.025379503380321338	0.025379503380321338	0.009810379086300175	0.025379503380321338	0.007075401556659226	0.012545356615941125	0.025379503380321338	0.009810379086300175	0.009810379086300175	0.13131382307768932	0.13131382307768932	0.13131382307768932	0.050759006760642676	0.050759006760642676	0.060569385846942846	0.13131382307768932	0.10151801352128535
UP000000669	0.08348647906848755	0.022848176180718816	0.022848176180718816	0.022848176180718816	0.022848176180718816	0.08348647906848755	0.022848176180718816	0.017938778077516117	0.14903418005945898	0.022848176180718816	0.08348647906848755	0.08348647906848755	0.012505956907271548	0.012505956907271548	0.012505956907271548	0.04569635236143763	0.04569635236143763	0.12918283142992518	0.012505956907271548	0.09139270472287526
UP000000684	0.04375255754970037	0.031801102058752924	0.031801102058752924	0.031801102058752924	0.031801102058752924	0.04375255754970037	0.031801102058752924	0.0184157796615031	0.06908933543789765	0.031801102058752924	0.04375255754970037	0.04375255754970037	0.046228616053012664	0.046228616053012664	0.046228616053012664	0.06360220411750585	0.06360220411750585	0.10735476166720621	0.046228616053012664	0.1272044082350117
UP000000686	0.016688966519614268	0.029364654569159897	0.029364654569159897	0.029364654569159897	0.029364654569159897	0.016688966519614268	0.029364654569159897	0.010641198789126356	0.022736734250102177	0.029364654569159897	0.016688966519614268	0.016688966519614268	0.10333569031403544	0.10333569031403544	0.10333569031403544	0.058729309138319793	0.058729309138319793	0.07541827565793405	0.10333569031403544	0.11745861827663959
UP000000718	0.057900332036114124	0.02960165400277986	0.02960165400277986	0.02960165400277986	0.02960165400277986	0.057900332036114124	0.02960165400277986	0.019587505074653785	0.09621315899757446	0.02960165400277986	0.057900332036114124	0.057900332036114124	0.03026780292568082	0.03026780292568082	0.03026780292568082	0.05920330800555972	0.05920330800555972	0.11710364004167385	0.03026780292568082	0.11840661601111944
UP000000719	0.04998692325052665	0.031011237026868456	0.031011237026868456	0.031011237026868456	0.031011237026868456	0.04998692325052665	0.031011237026868456	0.01913816708746384	0.08083567941358945	0.031011237026868456	0.04998692325052665	0.04998692325052665	0.038477936204104536	0.038477936204104536	0.038477936204104536	0.06202247405373691	0.06202247405373691	0.11200939730426357	0.038477936204104536	0.12404494810747382
UP000000723	0.05750457352822656	0.02968154169725657	0.02968154169725657	0.02968154169725657	0.02968154169725657	0.05750457352822656	0.02968154169725657	0.019576791471288484	0.09543235558516465	0.02968154169725657	0.05750457352822656	0.05750457352822656	0.030640829536577225	0.030640829536577225	0.030640829536577225	0.05936308339451314	0.05936308339451314	0.11686765692273972	0.030640829536577225	0.11872616678902628
UP000000738	0.0091767418269931	0.0248470631071122	0.0248470631071122	0.0248470631071122	0.0248470631071122	0.0091767418269931	0.0248470631071122	0.0067016338629549465	0.011651849791031253	0.0248470631071122	0.0091767418269931	0.0091767418269931	0.1345524493743133	0.1345524493743133	0.1345524493743133	0.0496941262142244	0.0496941262142244	0.058870868041217495	0.1345524493743133	0.0993882524284488
UP000000739	0.02630826439954585	0.03178690447797599	0.03178690447797599	0.03178690447797599	0.03178690447797599	0.02630826439954585	0.03178690447797599	0.014394627016451706	0.03822190178263999	0.03178690447797599	0.02630826439954585	0.02630826439954585	0.07681291938889077	0.07681291938889077	0.07681291938889077	0.06357380895595198	0.06357380895595198	0.08988207335549782	0.07681291938889077	0.12714761791190396
UP000000742	0.044692265932455545	0.03170281290662354	0.03170281290662354	0.03170281290662354	0.03170281290662354	0.044692265932455545	0.03170281290662354	0.018546620630030923	0.07083791123488015	0.03170281290662354	0.044692265932455545	0.044692265932455545	0.04497728299170864	0.04497728299170864	0.04497728299170864	0.06340562581324707	0.06340562581324707	0.1080978917457026	0.04497728299170864	0.12681125162649415
UP000000746	0.031294943429693044	0.032221114494623164	0.032221114494623164	0.032221114494623164	0.032221114494623164	0.031294943429693044	0.032221114494623164	0.015875638197704635	0.04671424866168146	0.032221114494623164	0.031294943429693044	0.031294943429693044	0.06634939101954453	0.06634939101954453	0.06634939101954453	0.06444222898924633	0.06444222898924633	0.09573717241893938	0.06634939101954453	0.12888445797849266
UP000000747	0.031134981768070384	0.03221362600843136	0.03221362600843136	0.03221362600843136	0.03221362600843136	0.031134981768070384	0.03221362600843136	0.01583256039334752	0.04643740314279324	0.03221362600843136	0.031134981768070384	0.031134981768070384	0.06665927787215138	0.06665927787215138	0.06665927787215138	0.06442725201686272	0.06442725201686272	0.0955622337849331	0.06665927787215138	0.12885450403372545
