	AAA	AAC	AAG	AAT	ACA	ACC	ACG	ACT	AGA	AGC	AGG	AGT	ATA	ATC	ATG	ATT	CAA	CAC	CAG	CAT	CCA	CCC	CCG	CCT	CGA	CGC	CGG	CGT	CTA	CTC	CTG	CTT	GAA	GAC	GAG	GAT	GCA	GCC	GCG	GCT	GGA	GGC	GGG	GGT	GTA	GTC	GTG	GTT	TAA	TAC	TAG	TAT	TCA	TCC	TCG	TCT	TGA	TGC	TGG	TGT	TTA	TTC	TTG	TTT
Start	774584.0	362978.0	437891.0	361648.0	279675.0	548535.0	322085.0	213432.0	183245.0	350104.0	108750.0	189930.0	213100.0	468645.0	2701062.0	396143.0	285059.0	187899.0	297986.0	151330.0	141876.0	282338.0	276763.0	144276.0	147733.0	344586.0	179631.0	197489.0	99308.0	303766.0	431584.0	213942.0	481491.0	411908.0	312126.0	343573.0	310861.0	423950.0	323003.0	222579.0	166408.0	231172.0	121601.0	141826.0	165915.0	280959.0	746600.0	210726.0	147.0	160503.0	88.0	182706.0	175612.0	255657.0	186699.0	160350.0	832.0	62752.0	150374.0	47181.0	253273.0	263664.0	368846.0	310944.0
AAA	1831290.0	660549.0	811835.0	1115696.0	563882.0	635000.0	406482.0	495156.0	379244.0	450727.0	158735.0	432564.0	684504.0	909229.0	929637.0	1379664.0	821733.0	298348.0	674949.0	476355.0	361516.0	293645.0	439986.0	404783.0	175885.0	503932.0	244147.0	412797.0	317985.0	466463.0	951481.0	709457.0	1831892.0	732318.0	846990.0	1374165.0	820006.0	919443.0	713964.0	793002.0	641174.0	821049.0	381373.0	748224.0	635959.0	547987.0	716294.0	824894.0	55485.0	495848.0	17822.0	921118.0	433867.0	329889.0	294383.0	469443.0	35430.0	183206.0	437467.0	204563.0	1029982.0	590650.0	669250.0	1156647.0
AAC	660549.0	812590.0	773735.0	481429.0	248835.0	1052196.0	559872.0	227110.0	128339.0	543358.0	110763.0	198175.0	222790.0	1243208.0	785180.0	597868.0	384543.0	472482.0	895237.0	277940.0	176755.0	474110.0	761366.0	196671.0	120434.0	940943.0	481427.0	308892.0	134594.0	827843.0	1601152.0	352754.0	945255.0	1216015.0	1077243.0	748736.0	453160.0	1628960.0	1190427.0	413642.0	345514.0	1511471.0	433243.0	516848.0	289575.0	1026472.0	1079525.0	408387.0	17666.0	633390.0	8876.0	441372.0	186097.0	451596.0	475907.0	196250.0	25416.0	238158.0	487411.0	97175.0	306535.0	901824.0	406273.0	500383.0
AAG	811835.0	773735.0	1219088.0	544007.0	272847.0	1054199.0	597895.0	248217.0	174990.0	556760.0	151319.0	226300.0	294549.0	1357107.0	902571.0	672686.0	405700.0	485886.0	1014370.0	323657.0	197930.0	530336.0	854954.0	237581.0	136169.0	1060235.0	552721.0	346351.0	152825.0	931126.0	1764113.0	435955.0	1148973.0	1352251.0	1412150.0	880750.0	511802.0	1839914.0	1352306.0	494842.0	406565.0	1665589.0	504018.0	567363.0	324736.0	1125732.0	1176753.0	462826.0	29859.0	686868.0	17631.0	530465.0	207372.0	508328.0	530092.0	227313.0	45742.0	253224.0	507627.0	113282.0	366250.0	968942.0	479326.0	574251.0
AAT	1115696.0	481429.0	544007.0	873254.0	404631.0	469094.0	316414.0	362488.0	256095.0	334322.0	111102.0	331459.0	487726.0	648949.0	638045.0	982549.0	565285.0	203330.0	499514.0	343063.0	246677.0	209039.0	321030.0	276226.0	124687.0	366195.0	191233.0	272452.0	217182.0	332479.0	685977.0	470590.0	1166286.0	513476.0	598308.0	990038.0	559850.0	664912.0	532292.0	540693.0	456934.0	602855.0	285899.0	521924.0	441916.0	415930.0	547135.0	577114.0	24351.0	336314.0	8737.0	676096.0	311491.0	238577.0	236020.0	331695.0	18397.0	129351.0	327484.0	144721.0	710118.0	440801.0	478163.0	821607.0
ACA	563882.0	248835.0	272847.0	404631.0	269382.0	255684.0	188175.0	200258.0	135852.0	176807.0	61162.0	167679.0	230466.0	326617.0	335691.0	475379.0	296360.0	119866.0	256028.0	178614.0	162632.0	132046.0	193900.0	165295.0	74274.0	192529.0	111193.0	148463.0	115825.0	192165.0	341510.0	258750.0	609404.0	292298.0	311963.0	496415.0	350471.0	369988.0	298087.0	306866.0	277299.0	320586.0	160305.0	304298.0	240286.0	226724.0	271647.0	309086.0	12433.0	171329.0	4839.0	311713.0	181992.0	136042.0	128093.0	180382.0	11820.0	69716.0	169101.0	74865.0	346372.0	225996.0	234754.0	394988.0
ACC	635000.0	1052196.0	1054199.0	469094.0	255684.0	1869266.0	866820.0	231576.0	110062.0	818126.0	153661.0	216271.0	174938.0	1747642.0	1037351.0	579351.0	418271.0	799115.0	1340936.0	349657.0	211629.0	950807.0	1381056.0	237105.0	173372.0	1639960.0	943559.0	402256.0	131795.0	1421400.0	2670172.0	367176.0	1134959.0	2101085.0	1775465.0	883741.0	559816.0	3054475.0	2075980.0	467841.0	450024.0	2615493.0	748944.0	677676.0	283043.0	1702697.0	1681114.0	400218.0	14409.0	856761.0	11307.0	444521.0	185563.0	774653.0	748502.0	186459.0	40396.0	360034.0	712452.0	107605.0	248621.0	1293363.0	491742.0	499086.0
ACG	406482.0	559872.0	597895.0	316414.0	188175.0	866820.0	642908.0	147287.0	78409.0	465792.0	102103.0	146961.0	116765.0	944047.0	610436.0	397048.0	269888.0	412910.0	764933.0	236465.0	143775.0	488613.0	852709.0	159804.0	117482.0	890903.0	565073.0	255040.0	85905.0	788223.0	1481771.0	256584.0	685553.0	1082709.0	1005626.0	572487.0	374368.0	1542374.0	1389094.0	312675.0	297914.0	1398746.0	484023.0	407482.0	181572.0	921124.0	1000819.0	270302.0	10722.0	447292.0	8891.0	300591.0	132306.0	406736.0	499939.0	129675.0	29167.0	204136.0	410864.0	72370.0	183474.0	719510.0	342715.0	339790.0
ACT	495156.0	227110.0	248217.0	362488.0	200258.0	231576.0	147287.0	196032.0	116070.0	156100.0	49964.0	152213.0	191517.0	285165.0	287283.0	412068.0	265098.0	105138.0	227539.0	151644.0	136405.0	113107.0	161059.0	148263.0	62327.0	167623.0	89780.0	139350.0	101371.0	155511.0	296919.0	212447.0	530934.0	255440.0	278964.0	441470.0	281567.0	314822.0	250505.0	283800.0	231186.0	286652.0	137687.0	285788.0	203272.0	187664.0	237532.0	273280.0	10556.0	150630.0	3950.0	267454.0	150715.0	120249.0	109482.0	165992.0	9642.0	59370.0	148100.0	66467.0	303826.0	199815.0	209649.0	342271.0
AGA	379244.0	128339.0	174990.0	256095.0	135852.0	110062.0	78409.0	116070.0	135274.0	88657.0	54326.0	103308.0	188897.0	159571.0	195832.0	280613.0	166332.0	59132.0	130627.0	104282.0	88465.0	62265.0	82682.0	101079.0	44186.0	83510.0	55634.0	72907.0	72290.0	94860.0	156858.0	169190.0	393410.0	146344.0	192031.0	310647.0	184964.0	164312.0	128029.0	176919.0	173845.0	137680.0	84632.0	159635.0	149011.0	102135.0	129934.0	183750.0	11595.0	96276.0	4691.0	204733.0	107012.0	69244.0	58802.0	114842.0	10244.0	38361.0	90667.0	48507.0	225207.0	113309.0	132713.0	252336.0
AGC	450727.0	543358.0	556760.0	334322.0	176807.0	818126.0	465792.0	156100.0	88657.0	509124.0	99198.0	162870.0	151680.0	907415.0	586856.0	415110.0	291820.0	365734.0	737925.0	226309.0	135974.0	421809.0	667532.0	154453.0	107106.0	832165.0	459966.0	242556.0	101328.0	696144.0	1424598.0	273663.0	695523.0	946237.0	867770.0	564663.0	363184.0	1416958.0	1086189.0	315364.0	272804.0	1247098.0	390356.0	379922.0	200327.0	806802.0	897119.0	280920.0	13019.0	445903.0	8122.0	319231.0	135938.0	362810.0	398539.0	136277.0	25331.0	197302.0	397039.0	73497.0	206096.0	677080.0	338856.0	374573.0
AGG	158735.0	110763.0	151319.0	111102.0	61162.0	153661.0	102103.0	49964.0	54326.0	99198.0	59708.0	51102.0	82141.0	179411.0	148165.0	127743.0	80196.0	79701.0	157172.0	66218.0	44763.0	101637.0	146068.0	56868.0	37407.0	155302.0	127597.0	58845.0	34170.0	154245.0	274059.0	99485.0	213675.0	209039.0	237563.0	173792.0	108434.0	286375.0	231780.0	96658.0	100079.0	225186.0	115561.0	98770.0	70426.0	164384.0	193282.0	92517.0	6431.0	97505.0	4905.0	101320.0	49943.0	88606.0	85099.0	50837.0	14082.0	48044.0	94537.0	26669.0	77021.0	135391.0	99723.0	124769.0
AGT	432564.0	198175.0	226300.0	331459.0	167679.0	216271.0	146961.0	152213.0	103308.0	162870.0	51102.0	160432.0	184874.0	275080.0	274598.0	394957.0	242502.0	95552.0	231682.0	141918.0	110605.0	105885.0	157523.0	121797.0	62898.0	175199.0	105783.0	127112.0	96473.0	162774.0	335355.0	200123.0	460179.0	230705.0	271352.0	400025.0	248038.0	320688.0	265791.0	239531.0	202380.0	279109.0	144348.0	243717.0	180649.0	195609.0	260613.0	241410.0	9927.0	143749.0	4317.0	260526.0	134286.0	112060.0	114242.0	141442.0	9199.0	58472.0	152086.0	63345.0	295144.0	191904.0	220793.0	343840.0
ATA	684504.0	222790.0	294549.0	487726.0	230466.0	174938.0	116765.0	191517.0	188897.0	151680.0	82141.0	184874.0	375496.0	228117.0	313510.0	450263.0	264458.0	88385.0	205709.0	168675.0	140505.0	98469.0	124456.0	164686.0	56241.0	115187.0	72191.0	99043.0	118790.0	125479.0	237079.0	260654.0	647904.0	232956.0	300669.0	519912.0	291866.0	245542.0	181271.0	268407.0	303549.0	233749.0	143131.0	267115.0	246323.0	137572.0	192964.0	277751.0	15278.0	146057.0	5592.0	337358.0	184338.0	109470.0	91397.0	190258.0	9413.0	56167.0	136257.0	76810.0	385859.0	170218.0	207554.0	431922.0
ATC	909229.0	1243208.0	1357107.0	648949.0	326617.0	1747642.0	944047.0	285165.0	159571.0	907415.0	179411.0	275080.0	228117.0	1966292.0	1266030.0	740914.0	542168.0	833344.0	1528326.0	467310.0	269674.0	944727.0	1497122.0	303421.0	206039.0	1820397.0	971295.0	504468.0	169286.0	1412828.0	2726993.0	483695.0	1543708.0	2354934.0	2105410.0	1228922.0	681114.0	3006090.0	2249977.0	593859.0	585103.0	2956973.0	871896.0	863849.0	342890.0	1673967.0	1755476.0	504956.0	22564.0	891161.0	13874.0	569413.0	248499.0	793671.0	873939.0	254477.0	40318.0	359356.0	739321.0	125393.0	339442.0	1425276.0	594958.0	639205.0
ATG	929637.0	785180.0	902571.0	638045.0	335691.0	1037351.0	610436.0	287283.0	195832.0	586856.0	148165.0	274598.0	313510.0	1266030.0	992098.0	800386.0	504125.0	510294.0	999837.0	397953.0	261314.0	576951.0	913607.0	292715.0	165579.0	1087571.0	582351.0	411448.0	174478.0	844224.0	1722443.0	466044.0	1245901.0	1273169.0	1265359.0	988880.0	613590.0	1801401.0	1392295.0	555238.0	490600.0	1672005.0	565300.0	680513.0	369093.0	1015028.0	1156754.0	511388.0	20857.0	577458.0	10699.0	552936.0	260599.0	514286.0	538946.0	273269.0	27851.0	253655.0	531053.0	133690.0	452401.0	914420.0	530166.0	688203.0
ATT	1379664.0	597868.0	672686.0	982549.0	475379.0	579351.0	397048.0	412068.0	280613.0	415110.0	127743.0	394957.0	450263.0	740914.0	800386.0	1150792.0	718213.0	274095.0	636466.0	439632.0	343185.0	289087.0	450461.0	372079.0	166388.0	481091.0	245678.0	382430.0	250377.0	382440.0	835857.0	546895.0	1519706.0	672427.0	770951.0	1251537.0	698616.0	821576.0	682643.0	667255.0	615429.0	835346.0	409608.0	749393.0	476387.0	472523.0	649734.0	660816.0	30000.0	373685.0	10700.0	696224.0	377128.0	306822.0	300781.0	401776.0	20213.0	148673.0	376448.0	161724.0	795733.0	501574.0	575460.0	948158.0
CAA	821733.0	384543.0	405700.0	565285.0	296360.0	418271.0	269888.0	265098.0	166332.0	291820.0	80196.0	242502.0	264458.0	542168.0	504125.0	718213.0	581916.0	203721.0	470124.0	279667.0	217769.0	221300.0	302161.0	226780.0	129477.0	389931.0	194999.0	259793.0	191049.0	343250.0	638139.0	365941.0	946460.0	466560.0	508257.0	739657.0	467434.0	665661.0	514083.0	446087.0	326995.0	534495.0	239957.0	410647.0	303803.0	371597.0	460298.0	416653.0	22070.0	277392.0	8266.0	454729.0	225092.0	202284.0	200426.0	241306.0	18885.0	107584.0	283416.0	103982.0	549920.0	357245.0	427888.0	591864.0
CAC	298348.0	472482.0	485886.0	203330.0	119866.0	799115.0	412910.0	105138.0	59132.0	365734.0	79701.0	95552.0	88385.0	833344.0	510294.0	274095.0	203721.0	494364.0	645283.0	199631.0	108697.0	457564.0	685348.0	116464.0	96278.0	859808.0	521793.0	203714.0	69884.0	735103.0	1343534.0	184681.0	556272.0	1057092.0	938914.0	419235.0	261401.0	1419277.0	1031877.0	218581.0	211630.0	1209207.0	371538.0	307571.0	138197.0	835538.0	854853.0	192247.0	8494.0	443632.0	6549.0	212519.0	88582.0	336838.0	350683.0	86566.0	21948.0	196258.0	376046.0	58478.0	127324.0	643369.0	240838.0	239883.0
CAG	674949.0	895237.0	1014370.0	499514.0	256028.0	1340936.0	764933.0	227539.0	130627.0	737925.0	157172.0	231682.0	205709.0	1528326.0	999837.0	636466.0	470124.0	645283.0	1502820.0	375491.0	206699.0	716799.0	1195253.0	244174.0	171402.0	1477310.0	851602.0	432764.0	147034.0	1206997.0	2553887.0	430457.0	1166084.0	1680651.0	1661411.0	937449.0	568506.0	2459190.0	1905331.0	501568.0	411705.0	2068128.0	667174.0	611334.0	294191.0	1331150.0	1518105.0	421968.0	20436.0	757342.0	13939.0	498611.0	192603.0	607580.0	661613.0	203128.0	41941.0	307016.0	651066.0	112048.0	295012.0	1129293.0	558224.0	557735.0
CAT	476355.0	277940.0	323657.0	343063.0	178614.0	349657.0	236465.0	151644.0	104282.0	226309.0	66218.0	141918.0	168675.0	467310.0	397953.0	439632.0	279667.0	199631.0	375491.0	245636.0	133096.0	193800.0	310576.0	151217.0	86256.0	371969.0	207630.0	185040.0	100348.0	290079.0	629978.0	239653.0	615946.0	428073.0	459689.0	527772.0	290324.0	587674.0	488995.0	266325.0	234627.0	528403.0	218256.0	287528.0	192112.0	342000.0	436955.0	265079.0	11102.0	215723.0	4935.0	315061.0	131992.0	169153.0	185189.0	138455.0	12151.0	111213.0	231700.0	80414.0	278622.0	322727.0	272209.0	377019.0
CCA	361516.0	176755.0	197930.0	246677.0	162632.0	211629.0	143775.0	136405.0	88465.0	135974.0	44763.0	110605.0	140505.0	269674.0	261314.0	343185.0	217769.0	108697.0	206699.0	133096.0	157744.0	133579.0	200579.0	134032.0	65316.0	189646.0	105374.0	130740.0	89002.0	170776.0	316155.0	181068.0	430149.0	240295.0	254623.0	361492.0	254550.0	324260.0	268577.0	229700.0	178835.0	267030.0	124399.0	226957.0	166685.0	196003.0	245532.0	227039.0	9352.0	142857.0	4352.0	223856.0	122012.0	105940.0	105938.0	120117.0	11377.0	59822.0	157201.0	58058.0	242233.0	194140.0	191399.0	286777.0
CCC	293645.0	474110.0	530336.0	209039.0	132046.0	950807.0	488613.0	113107.0	62265.0	421809.0	101637.0	105885.0	98469.0	944727.0	576951.0	289087.0	221300.0	457564.0	716799.0	193800.0	133579.0	719956.0	896752.0	159439.0	112851.0	976047.0	601904.0	213333.0	75017.0	893422.0	1557689.0	215150.0	590025.0	1151561.0	1022661.0	453379.0	312577.0	1764591.0	1218014.0	256971.0	244442.0	1309453.0	427640.0	310112.0	150280.0	984353.0	992900.0	209137.0	8638.0	489223.0	8428.0	242687.0	95183.0	433640.0	397500.0	94530.0	31308.0	223643.0	457189.0	62597.0	125880.0	744870.0	280316.0	271700.0
CCG	439986.0	761366.0	854954.0	321030.0	193900.0	1381056.0	852709.0	161059.0	82682.0	667532.0	146068.0	157523.0	124456.0	1497122.0	913607.0	450461.0	302161.0	685348.0	1195253.0	310576.0	200579.0	896752.0	1649430.0	220180.0	161635.0	1501687.0	1003042.0	364645.0	94629.0	1249979.0	2641098.0	313202.0	893975.0	1752997.0	1617882.0	724640.0	484152.0	2595842.0	2212222.0	392142.0	356557.0	2136218.0	713504.0	529607.0	224955.0	1510536.0	1684339.0	328944.0	14623.0	746105.0	14209.0	388306.0	142958.0	614647.0	733375.0	136577.0	52068.0	350150.0	721266.0	95997.0	168694.0	1196349.0	456084.0	402031.0
CCT	404783.0	196671.0	237581.0	276226.0	165295.0	237105.0	159804.0	148263.0	101079.0	154453.0	56868.0	121797.0	164686.0	303421.0	292715.0	372079.0	226780.0	116464.0	244174.0	151217.0	134032.0	159439.0	220180.0	164070.0	69380.0	209363.0	121491.0	140533.0	90787.0	191747.0	361870.0	210861.0	475078.0	271015.0	307381.0	398311.0	261748.0	370581.0	299824.0	257398.0	206574.0	306521.0	150395.0	243239.0	180783.0	218493.0	279427.0	244965.0	9153.0	160287.0	4306.0	255005.0	124259.0	129931.0	120985.0	138495.0	11055.0	71322.0	175243.0	65803.0	254496.0	222222.0	212357.0	326489.0
CGA	175885.0	120434.0	136169.0	124687.0	74274.0	173372.0	117482.0	62327.0	44186.0	107106.0	37407.0	62898.0	56241.0	206039.0	165579.0	166388.0	129477.0	96278.0	171402.0	86256.0	65316.0	112851.0	161635.0	69380.0	72534.0	199585.0	134651.0	94897.0	48414.0	177853.0	289192.0	105057.0	255862.0	221813.0	226996.0	212225.0	138953.0	313330.0	258541.0	127767.0	110925.0	240698.0	111685.0	126839.0	74261.0	188972.0	201926.0	111096.0	6431.0	98409.0	4333.0	111247.0	58742.0	89962.0	98062.0	59449.0	13976.0	49591.0	108153.0	31339.0	104258.0	144850.0	129708.0	141585.0
CGC	503932.0	940943.0	1060235.0	366195.0	192529.0	1639960.0	890903.0	167623.0	83510.0	832165.0	155302.0	175199.0	115187.0	1820397.0	1087571.0	481091.0	389931.0	859808.0	1477310.0	371969.0	189646.0	976047.0	1501687.0	209363.0	199585.0	2128576.0	1124651.0	464060.0	115410.0	1618065.0	3079346.0	355281.0	1198576.0	2309360.0	2128222.0	898747.0	525809.0	3256668.0	2441299.0	422783.0	383730.0	2673291.0	765035.0	581184.0	233196.0	1778891.0	1868527.0	338265.0	18459.0	866830.0	16863.0	412696.0	148510.0	722606.0	795669.0	143761.0	60628.0	384784.0	756449.0	92889.0	173084.0	1356160.0	503413.0	427132.0
CGG	244147.0	481427.0	552721.0	191233.0	111193.0	943559.0	565073.0	89780.0	55634.0	459966.0	127597.0	105783.0	72191.0	971295.0	582351.0	245678.0	194999.0	521793.0	851602.0	207630.0	105374.0	601904.0	1003042.0	121491.0	134651.0	1124651.0	976098.0	251093.0	62022.0	959049.0	1935569.0	202048.0	591905.0	1393270.0	1359169.0	486918.0	287615.0	1955593.0	1646236.0	240998.0	260996.0	1528007.0	644486.0	346294.0	129340.0	1097884.0	1215672.0	186623.0	10394.0	487535.0	13104.0	219472.0	86558.0	441924.0	498928.0	77877.0	46265.0	229153.0	470113.0	59202.0	92329.0	767397.0	317774.0	230224.0
CGT	412797.0	308892.0	346351.0	272452.0	148463.0	402256.0	255040.0	139350.0	72907.0	242556.0	58845.0	127112.0	99043.0	504468.0	411448.0	382430.0	259793.0	203714.0	432764.0	185040.0	130740.0	213333.0	364645.0	140533.0	94897.0	464060.0	251093.0	276966.0	85168.0	337672.0	729237.0	213638.0	617621.0	527503.0	547013.0	501867.0	300711.0	700972.0	587585.0	282335.0	202838.0	595309.0	226788.0	344755.0	175999.0	400978.0	494429.0	258346.0	12455.0	241370.0	6083.0	252777.0	120206.0	202823.0	212237.0	132830.0	17030.0	102303.0	231720.0	64991.0	214587.0	353465.0	271174.0	299785.0
CTA	317985.0	134594.0	152825.0	217182.0	115825.0	131795.0	85905.0	101371.0	72290.0	101328.0	34170.0	96473.0	118790.0	169286.0	174478.0	250377.0	191049.0	69884.0	147034.0	100348.0	89002.0	75017.0	94629.0	90787.0	48414.0	115410.0	62022.0	85168.0	82644.0	104068.0	178731.0	133136.0	348218.0	160170.0	189376.0	280388.0	171342.0	199165.0	152504.0	162710.0	135529.0	172850.0	89416.0	158590.0	118442.0	113471.0	140467.0	150399.0	8031.0	92302.0	3491.0	162470.0	91367.0	69629.0	65210.0	97891.0	5796.0	35308.0	94458.0	38337.0	194891.0	117439.0	133637.0	219458.0
CTC	466463.0	827843.0	931126.0	332479.0	192165.0	1421400.0	788223.0	155511.0	94860.0	696144.0	154245.0	162774.0	125479.0	1412828.0	844224.0	382440.0	343250.0	735103.0	1206997.0	290079.0	170776.0	893422.0	1249979.0	191747.0	177853.0	1618065.0	959049.0	337672.0	104068.0	1470300.0	2162910.0	317662.0	961547.0	2034615.0	1832560.0	726132.0	468791.0	2745327.0	2060718.0	370633.0	401937.0	2317227.0	739407.0	513349.0	194165.0	1504474.0	1403673.0	282688.0	12436.0	689831.0	11577.0	320683.0	142125.0	644798.0	669577.0	134844.0	38385.0	284211.0	604468.0	74528.0	158442.0	1105155.0	365451.0	354897.0
CTG	951481.0	1601152.0	1764113.0	685977.0	341510.0	2670172.0	1481771.0	296919.0	156858.0	1424598.0	274059.0	335355.0	237079.0	2726993.0	1722443.0	835857.0	638139.0	1343534.0	2553887.0	629978.0	316155.0	1557689.0	2641098.0	361870.0	289192.0	3079346.0	1935569.0	729237.0	178731.0	2162910.0	5191632.0	575334.0	1946934.0	3662070.0	3393544.0	1521758.0	895149.0	5193190.0	4100492.0	726100.0	706624.0	4531179.0	1486539.0	1086290.0	408157.0	2602685.0	3088041.0	577630.0	26672.0	1294793.0	21917.0	692475.0	267194.0	1182863.0	1349969.0	260886.0	74905.0	570739.0	1232961.0	160333.0	289834.0	2129401.0	830995.0	775230.0
CTT	709457.0	352754.0	435955.0	470590.0	258750.0	367176.0	256584.0	212447.0	169190.0	273663.0	99485.0	200123.0	260654.0	483695.0	466044.0	546895.0	365941.0	184681.0	430457.0	239653.0	181068.0	215150.0	313202.0	210861.0	105057.0	355281.0	202048.0	213638.0	133136.0	317662.0	575334.0	378778.0	842093.0	482093.0	555115.0	675652.0	413721.0	613415.0	495274.0	378108.0	351867.0	545725.0	257895.0	386932.0	259484.0	341903.0	413506.0	368561.0	15228.0	238744.0	6819.0	369701.0	203972.0	212174.0	204327.0	211994.0	14124.0	103461.0	240073.0	86934.0	350743.0	344220.0	309628.0	497265.0
GAA	1831892.0	945255.0	1148973.0	1166286.0	609404.0	1134959.0	685553.0	530934.0	393410.0	695523.0	213675.0	460179.0	647904.0	1543708.0	1245901.0	1519706.0	946460.0	556272.0	1166084.0	615946.0	430149.0	590025.0	893975.0	475078.0	255862.0	1198576.0	591905.0	617621.0	348218.0	961547.0	1946934.0	842093.0	2334990.0	1401816.0	1453043.0	1699720.0	1013790.0	1918373.0	1415838.0	942402.0	758557.0	1615291.0	606664.0	939655.0	705921.0	1108624.0	1297589.0	951122.0	46813.0	747024.0	18371.0	1023477.0	447632.0	540247.0	522861.0	482555.0	44733.0	307805.0	669721.0	230759.0	1008746.0	1032180.0	866858.0	1229108.0
GAC	732318.0	1216015.0	1352251.0	513476.0	292298.0	2101085.0	1082709.0	255440.0	146344.0	946237.0	209039.0	230705.0	232956.0	2354934.0	1273169.0	672427.0	466560.0	1057092.0	1680651.0	428073.0	240295.0	1151561.0	1752997.0	271015.0	221813.0	2309360.0	1393270.0	527503.0	160170.0	2034615.0	3662070.0	482093.0	1401816.0	2853726.0	2484164.0	1068812.0	658512.0	3889289.0	2804375.0	554288.0	514501.0	3188797.0	936891.0	768404.0	357720.0	2441814.0	2319503.0	506104.0	18874.0	1209945.0	15321.0	570691.0	208952.0	888417.0	912425.0	206816.0	52536.0	482154.0	957682.0	129705.0	289448.0	1779247.0	620538.0	573560.0
GAG	846990.0	1077243.0	1412150.0	598308.0	311963.0	1775465.0	1005626.0	278964.0	192031.0	867770.0	237563.0	271352.0	300669.0	2105410.0	1265359.0	770951.0	508257.0	938914.0	1661411.0	459689.0	254623.0	1022661.0	1617882.0	307381.0	226996.0	2128222.0	1359169.0	547013.0	189376.0	1832560.0	3393544.0	555115.0	1453043.0	2484164.0	2655998.0	1173714.0	673861.0	3451808.0	2663453.0	620409.0	541996.0	2821361.0	990648.0	772283.0	385460.0	2064769.0	2174268.0	543232.0	26104.0	1048673.0	19659.0	620061.0	233267.0	807146.0	850960.0	251649.0	60920.0	436353.0	874563.0	148553.0	387243.0	1569039.0	679601.0	674373.0
GAT	1374165.0	748736.0	880750.0	990038.0	496415.0	883741.0	572487.0	441470.0	310647.0	564663.0	173792.0	400025.0	519912.0	1228922.0	988880.0	1251537.0	739657.0	419235.0	937449.0	527772.0	361492.0	453379.0	724640.0	398311.0	212225.0	898747.0	486918.0	501867.0	280388.0	726132.0	1521758.0	675652.0	1699720.0	1068812.0	1173714.0	1480924.0	814411.0	1443050.0	1184126.0	768256.0	623696.0	1253015.0	524964.0	810905.0	576555.0	878357.0	1110193.0	799444.0	28143.0	588519.0	11940.0	890662.0	375560.0	427237.0	446525.0	404563.0	27413.0	248228.0	564369.0	198986.0	810081.0	827442.0	730955.0	1039239.0
GCA	820006.0	453160.0	511802.0	559850.0	350471.0	559816.0	374368.0	281567.0	184964.0	363184.0	108434.0	248038.0	291866.0	681114.0	613590.0	698616.0	467434.0	261401.0	568506.0	290324.0	254550.0	312577.0	484152.0	261748.0	138953.0	525809.0	287615.0	300711.0	171342.0	468791.0	895149.0	413721.0	1013790.0	658512.0	673861.0	814411.0	655646.0	988130.0	806658.0	542318.0	430730.0	794326.0	326430.0	536367.0	358843.0	533315.0	627936.0	477403.0	19656.0	319885.0	8529.0	446719.0	258283.0	286224.0	289583.0	259767.0	23747.0	147300.0	330876.0	116073.0	461494.0	474490.0	419515.0	575254.0
GCC	919443.0	1628960.0	1839914.0	664912.0	369988.0	3054475.0	1542374.0	314822.0	164312.0	1416958.0	286375.0	320688.0	245542.0	3006090.0	1801401.0	821576.0	665661.0	1419277.0	2459190.0	587674.0	324260.0	1764591.0	2595842.0	370581.0	313330.0	3256668.0	1955593.0	700972.0	199165.0	2745327.0	5193190.0	613415.0	1918373.0	3889289.0	3451808.0	1443050.0	988130.0	6262500.0	4319892.0	807884.0	747856.0	4683972.0	1430048.0	1068869.0	429546.0	3139692.0	3153935.0	602714.0	22793.0	1413017.0	21041.0	667485.0	275117.0	1333591.0	1335806.0	261035.0	75554.0	653153.0	1274131.0	165966.0	328256.0	2270026.0	846773.0	735848.0
GCG	713964.0	1190427.0	1352306.0	532292.0	298087.0	2075980.0	1389094.0	250505.0	128029.0	1086189.0	231780.0	265791.0	181271.0	2249977.0	1392295.0	682643.0	514083.0	1031877.0	1905331.0	488995.0	268577.0	1218014.0	2212222.0	299824.0	258541.0	2441299.0	1646236.0	587585.0	152504.0	2060718.0	4100492.0	495274.0	1415838.0	2804375.0	2663453.0	1184126.0	806658.0	4319892.0	4020938.0	652895.0	588807.0	3601643.0	1289293.0	889967.0	332125.0	2370366.0	2674985.0	502680.0	20986.0	1018426.0	20534.0	550560.0	225273.0	941496.0	1203086.0	221446.0	69776.0	507941.0	1010729.0	141865.0	279989.0	1750920.0	743760.0	605692.0
GCT	793002.0	413642.0	494842.0	540693.0	306866.0	467841.0	312675.0	283800.0	176919.0	315364.0	96658.0	239531.0	268407.0	593859.0	555238.0	667255.0	446087.0	218581.0	501568.0	266325.0	229700.0	256971.0	392142.0	257398.0	127767.0	422783.0	240998.0	282335.0	162710.0	370633.0	726100.0	378108.0	942402.0	554288.0	620409.0	768256.0	542318.0	807884.0	652895.0	564178.0	397019.0	665317.0	300007.0	519014.0	327716.0	439663.0	538755.0	465020.0	17524.0	283057.0	7819.0	420865.0	236060.0	252713.0	248079.0	259300.0	18432.0	124611.0	293552.0	108958.0	449744.0	415662.0	401633.0	552676.0
GGA	641174.0	345514.0	406565.0	456934.0	277299.0	450024.0	297914.0	231186.0	173845.0	272804.0	100079.0	202380.0	303549.0	585103.0	490600.0	615429.0	326995.0	211630.0	411705.0	234627.0	178835.0	244442.0	356557.0	206574.0	110925.0	383730.0	260996.0	202838.0	135529.0	401937.0	706624.0	351867.0	758557.0	514501.0	541996.0	623696.0	430730.0	747856.0	588807.0	397019.0	448464.0	659554.0	311551.0	432558.0	320895.0	493549.0	547540.0	414924.0	15199.0	285991.0	7363.0	407742.0	197549.0	241789.0	222034.0	213416.0	21780.0	123024.0	296044.0	100553.0	392406.0	414955.0	331140.0	511994.0
GGC	821049.0	1511471.0	1665589.0	602855.0	320586.0	2615493.0	1398746.0	286652.0	137680.0	1247098.0	225186.0	279109.0	233749.0	2956973.0	1672005.0	835346.0	534495.0	1209207.0	2068128.0	528403.0	267030.0	1309453.0	2136218.0	306521.0	240698.0	2673291.0	1528007.0	595309.0	172850.0	2317227.0	4531179.0	545725.0	1615291.0	3188797.0	2821361.0	1253015.0	794326.0	4683972.0	3601643.0	665317.0	659554.0	4539058.0	1222842.0	1055352.0	417081.0	2993059.0	3046541.0	606681.0	20708.0	1395963.0	16720.0	682988.0	235669.0	1109668.0	1221084.0	235370.0	57429.0	599249.0	1220890.0	153329.0	306323.0	2197668.0	742820.0	709654.0
GGG	381373.0	433243.0	504018.0	285899.0	160305.0	748944.0	484023.0	137687.0	84632.0	390356.0	115561.0	144348.0	143131.0	871896.0	565300.0	409608.0	239957.0	371538.0	667174.0	218256.0	124399.0	427640.0	713504.0	150395.0	111685.0	765035.0	644486.0	226788.0	89416.0	739407.0	1486539.0	257895.0	606664.0	936891.0	990648.0	524964.0	326430.0	1430048.0	1289293.0	300007.0	311551.0	1222842.0	602886.0	402280.0	195699.0	918909.0	1089866.0	283682.0	9812.0	417980.0	8868.0	300733.0	119140.0	358044.0	407993.0	127680.0	28956.0	192789.0	430957.0	77775.0	200534.0	667433.0	347646.0	363295.0
GGT	748224.0	516848.0	567363.0	521924.0	304298.0	677676.0	407482.0	285788.0	159635.0	379922.0	98770.0	243717.0	267115.0	863849.0	680513.0	749393.0	410647.0	307571.0	611334.0	287528.0	226957.0	310112.0	529607.0	243239.0	126839.0	581184.0	346294.0	344755.0	158590.0	513349.0	1086290.0	386932.0	939655.0	768404.0	772283.0	810905.0	536367.0	1068869.0	889967.0	519014.0	432558.0	1055352.0	402280.0	720880.0	371762.0	699145.0	837040.0	529337.0	15643.0	408899.0	6989.0	471222.0	228950.0	316664.0	331878.0	250504.0	18805.0	162049.0	400381.0	121371.0	440968.0	606954.0	445787.0	588374.0
GTA	635959.0	289575.0	324736.0	441916.0	240286.0	283043.0	181572.0	203272.0	149011.0	200327.0	70426.0	180649.0	246323.0	342890.0	369093.0	476387.0	303803.0	138197.0	294191.0	192112.0	166685.0	150280.0	224955.0	180783.0	74261.0	233196.0	129340.0	175999.0	118442.0	194165.0	408157.0	259484.0	705921.0	357720.0	385460.0	576555.0	358843.0	429546.0	332125.0	327716.0	320895.0	417081.0	195699.0	371762.0	274700.0	232486.0	309183.0	313754.0	14976.0	192133.0	5349.0	324587.0	177984.0	151392.0	135699.0	191318.0	9734.0	73893.0	179132.0	78411.0	352188.0	247793.0	249665.0	410919.0
GTC	547987.0	1026472.0	1125732.0	415930.0	226724.0	1702697.0	921124.0	187664.0	102135.0	806802.0	164384.0	195609.0	137572.0	1673967.0	1015028.0	472523.0	371597.0	835538.0	1331150.0	342000.0	196003.0	984353.0	1510536.0	218493.0	188972.0	1778891.0	1097884.0	400978.0	113471.0	1504474.0	2602685.0	341903.0	1108624.0	2441814.0	2064769.0	878357.0	533315.0	3139692.0	2370366.0	439663.0	493549.0	2993059.0	918909.0	699145.0	232486.0	1821708.0	1672962.0	353396.0	14576.0	814893.0	12454.0	388447.0	168788.0	759400.0	809524.0	158610.0	40456.0	343386.0	696843.0	93376.0	200266.0	1286780.0	453201.0	412299.0
GTG	716294.0	1079525.0	1176753.0	547135.0	271647.0	1681114.0	1000819.0	237532.0	129934.0	897119.0	193282.0	260613.0	192964.0	1755476.0	1156754.0	649734.0	460298.0	854853.0	1518105.0	436955.0	245532.0	992900.0	1684339.0	279427.0	201926.0	1868527.0	1215672.0	494429.0	140467.0	1403673.0	3088041.0	413506.0	1297589.0	2319503.0	2174268.0	1110193.0	627936.0	3153935.0	2674985.0	538755.0	547540.0	3046541.0	1089866.0	837040.0	309183.0	1672962.0	2131664.0	443896.0	18500.0	837271.0	14859.0	505715.0	210089.0	771623.0	917162.0	216237.0	44616.0	375817.0	775741.0	125959.0	284110.0	1367267.0	624806.0	587372.0
GTT	824894.0	408387.0	462826.0	577114.0	309086.0	400218.0	270302.0	273280.0	183750.0	280920.0	92517.0	241410.0	277751.0	504956.0	511388.0	660816.0	416653.0	192247.0	421968.0	265079.0	227039.0	209137.0	328944.0	244965.0	111096.0	338265.0	186623.0	258346.0	150399.0	282688.0	577630.0	368561.0	951122.0	506104.0	543232.0	799444.0	477403.0	602714.0	502680.0	465020.0	414924.0	606681.0	283682.0	529337.0	313754.0	353396.0	443896.0	470108.0	18788.0	255060.0	7345.0	419057.0	240793.0	218247.0	213000.0	255103.0	15252.0	106072.0	253299.0	105831.0	454659.0	355544.0	361760.0	555778.0
TAA	55485.0	17666.0	29859.0	24351.0	12433.0	14409.0	10722.0	10556.0	11595.0	13019.0	6431.0	9927.0	15278.0	22564.0	20857.0	30000.0	22070.0	8494.0	20436.0	11102.0	9352.0	8638.0	14623.0	9153.0	6431.0	18459.0	10394.0	12455.0	8031.0	12436.0	26672.0	15228.0	46813.0	18874.0	26104.0	28143.0	19656.0	22793.0	20986.0	17524.0	15199.0	20708.0	9812.0	15643.0	14976.0	14576.0	18500.0	18788.0	252.0	12863.0	107.0	20106.0	10399.0	8337.0	8183.0	9630.0	388.0	5047.0	13292.0	4480.0	24387.0	16457.0	18028.0	25146.0
TAC	495848.0	633390.0	686868.0	336314.0	171329.0	856761.0	447292.0	150630.0	96276.0	445903.0	97505.0	143749.0	146057.0	891161.0	577458.0	373685.0	277392.0	443632.0	757342.0	215723.0	142857.0	489223.0	746105.0	160287.0	98409.0	866830.0	487535.0	241370.0	92302.0	689831.0	1294793.0	238744.0	747024.0	1209945.0	1048673.0	588519.0	319885.0	1413017.0	1018426.0	283057.0	285991.0	1395963.0	417980.0	408899.0	192133.0	814893.0	837271.0	255060.0	12863.0	545528.0	7524.0	316331.0	129721.0	383701.0	391581.0	132402.0	21045.0	195517.0	424526.0	68765.0	194744.0	719568.0	280805.0	343907.0
TAG	17822.0	8876.0	17631.0	8737.0	4839.0	11307.0	8891.0	3950.0	4691.0	8122.0	4905.0	4317.0	5592.0	13874.0	10699.0	10700.0	8266.0	6549.0	13939.0	4935.0	4352.0	8428.0	14209.0	4306.0	4333.0	16863.0	13104.0	6083.0	3491.0	11577.0	21917.0	6819.0	18371.0	15321.0	19659.0	11940.0	8529.0	21041.0	20534.0	7819.0	7363.0	16720.0	8868.0	6989.0	5349.0	12454.0	14859.0	7345.0	107.0	7524.0	66.0	7711.0	4202.0	6356.0	7467.0	3821.0	167.0	3546.0	8550.0	1888.0	7643.0	10994.0	9333.0	9833.0
TAT	921118.0	441372.0	530465.0	676096.0	311713.0	444521.0	300591.0	267454.0	204733.0	319231.0	101320.0	260526.0	337358.0	569413.0	552936.0	696224.0	454729.0	212519.0	498611.0	315061.0	223856.0	242687.0	388306.0	255005.0	111247.0	412696.0	219472.0	252777.0	162470.0	320683.0	692475.0	369701.0	1023477.0	570691.0	620061.0	890662.0	446719.0	667485.0	550560.0	420865.0	407742.0	682988.0	300733.0	471222.0	324587.0	388447.0	505715.0	419057.0	20106.0	316331.0	7711.0	565750.0	239707.0	227369.0	236797.0	253655.0	15299.0	125646.0	322336.0	116752.0	500920.0	424814.0	381280.0	642080.0
TCA	433867.0	186097.0	207372.0	311491.0	181992.0	185563.0	132306.0	150715.0	107012.0	135938.0	49943.0	134286.0	184338.0	248499.0	260599.0	377128.0	225092.0	88582.0	192603.0	131992.0	122012.0	95183.0	142958.0	124259.0	58742.0	148510.0	86558.0	120206.0	91367.0	142125.0	267194.0	203972.0	447632.0	208952.0	233267.0	375560.0	258283.0	275117.0	225273.0	236060.0	197549.0	235669.0	119140.0	228950.0	177984.0	168788.0	210089.0	240793.0	10399.0	129721.0	4202.0	239707.0	156758.0	104557.0	104437.0	146483.0	10432.0	53497.0	131175.0	58927.0	278556.0	173599.0	187335.0	317009.0
TCC	329889.0	451596.0	508328.0	238577.0	136042.0	774653.0	406736.0	120249.0	69244.0	362810.0	88606.0	112060.0	109470.0	793671.0	514286.0	306822.0	202284.0	336838.0	607580.0	169153.0	105940.0	433640.0	614647.0	129931.0	89962.0	722606.0	441924.0	202823.0	69629.0	644798.0	1182863.0	212174.0	540247.0	888417.0	807146.0	427237.0	286224.0	1333591.0	941496.0	252713.0	241789.0	1109668.0	358044.0	316664.0	151392.0	759400.0	771623.0	218247.0	8337.0	383701.0	6356.0	227369.0	104557.0	410056.0	349343.0	113856.0	20422.0	165485.0	325530.0	57083.0	137228.0	583066.0	251396.0	263337.0
TCG	294383.0	475907.0	530092.0	236020.0	128093.0	748502.0	499939.0	109482.0	58802.0	398539.0	85099.0	114242.0	91397.0	873939.0	538946.0	300781.0	200426.0	350683.0	661613.0	185189.0	105938.0	397500.0	733375.0	120985.0	98062.0	795669.0	498928.0	212237.0	65210.0	669577.0	1349969.0	204327.0	522861.0	912425.0	850960.0	446525.0	289583.0	1335806.0	1203086.0	248079.0	222034.0	1221084.0	407993.0	331878.0	135699.0	809524.0	917162.0	213000.0	8183.0	391581.0	7467.0	236797.0	104437.0	349343.0	485070.0	100757.0	22676.0	179027.0	355470.0	57216.0	125541.0	652388.0	288938.0	261065.0
TCT	469443.0	196250.0	227313.0	331695.0	180382.0	186459.0	129675.0	165992.0	114842.0	136277.0	50837.0	141442.0	190258.0	254477.0	273269.0	401776.0	241306.0	86566.0	203128.0	138455.0	120117.0	94530.0	136577.0	138495.0	59449.0	143761.0	77877.0	132830.0	97891.0	134844.0	260886.0	211994.0	482555.0	206816.0	251649.0	404563.0	259767.0	261035.0	221446.0	259300.0	213416.0	235370.0	127680.0	250504.0	191318.0	158610.0	216237.0	255103.0	9630.0	132402.0	3821.0	253655.0	146483.0	113856.0	100757.0	172266.0	8035.0	52806.0	133237.0	63547.0	296224.0	175095.0	201623.0	337408.0
TGA	35430.0	25416.0	45742.0	18397.0	11820.0	40396.0	29167.0	9642.0	10244.0	25331.0	14082.0	9199.0	9413.0	40318.0	27851.0	20213.0	18885.0	21948.0	41941.0	12151.0	11377.0	31308.0	52068.0	11055.0	13976.0	60628.0	46265.0	17030.0	5796.0	38385.0	74905.0	14124.0	44733.0	52536.0	60920.0	27413.0	23747.0	75554.0	69776.0	18432.0	21780.0	57429.0	28956.0	18805.0	9734.0	40456.0	44616.0	15252.0	388.0	21045.0	167.0	15299.0	10432.0	20422.0	22676.0	8035.0	1862.0	10932.0	24994.0	4527.0	13378.0	32047.0	19562.0	18577.0
TGC	183206.0	238158.0	253224.0	129351.0	69716.0	360034.0	204136.0	59370.0	38361.0	197302.0	48044.0	58472.0	56167.0	359356.0	253655.0	148673.0	107584.0	196258.0	307016.0	111213.0	59822.0	223643.0	350150.0	71322.0	49591.0	384784.0	229153.0	102303.0	35308.0	284211.0	570739.0	103461.0	307805.0	482154.0	436353.0	248228.0	147300.0	653153.0	507941.0	124611.0	123024.0	599249.0	192789.0	162049.0	73893.0	343386.0	375817.0	106072.0	5047.0	195517.0	3546.0	125646.0	53497.0	165485.0	179027.0	52806.0	10932.0	185730.0	179108.0	59130.0	67816.0	277123.0	123560.0	135721.0
TGG	437467.0	487411.0	507627.0	327484.0	169101.0	712452.0	410864.0	148100.0	90667.0	397039.0	94537.0	152086.0	136257.0	739321.0	531053.0	376448.0	283416.0	376046.0	651066.0	231700.0	157201.0	457189.0	721266.0	175243.0	108153.0	756449.0	470113.0	231720.0	94458.0	604468.0	1232961.0	240073.0	669721.0	957682.0	874563.0	564369.0	330876.0	1274131.0	1010729.0	293552.0	296044.0	1220890.0	430957.0	400381.0	179132.0	696843.0	775741.0	253299.0	13292.0	424526.0	8550.0	322336.0	131175.0	325530.0	355470.0	133237.0	24994.0	179108.0	481122.0	75747.0	213804.0	636275.0	308001.0	376067.0
TGT	204563.0	97175.0	113282.0	144721.0	74865.0	107605.0	72370.0	66467.0	48507.0	73497.0	26669.0	63345.0	76810.0	125393.0	133690.0	161724.0	103982.0	58478.0	112048.0	80414.0	58058.0	62597.0	95997.0	65803.0	31339.0	92889.0	59202.0	64991.0	38337.0	74528.0	160333.0	86934.0	230759.0	129705.0	148553.0	198986.0	116073.0	165966.0	141865.0	108958.0	100553.0	153329.0	77775.0	121371.0	78411.0	93376.0	125959.0	105831.0	4480.0	68765.0	1888.0	116752.0	58927.0	57083.0	57216.0	63547.0	4527.0	59130.0	75747.0	63012.0	114742.0	90044.0	91838.0	144157.0
TTA	1029982.0	306535.0	366250.0	710118.0	346372.0	248621.0	183474.0	303826.0	225207.0	206096.0	77021.0	295144.0	385859.0	339442.0	452401.0	795733.0	549920.0	127324.0	295012.0	278622.0	242233.0	125880.0	168694.0	254496.0	104258.0	173084.0	92329.0	214587.0	194891.0	158442.0	289834.0	350743.0	1008746.0	289448.0	387243.0	810081.0	461494.0	328256.0	279989.0	449744.0	392406.0	306323.0	200534.0	440968.0	352188.0	200266.0	284110.0	454659.0	24387.0	194744.0	7643.0	500920.0	278556.0	137228.0	125541.0	296224.0	13378.0	67816.0	213804.0	114742.0	703556.0	230832.0	344444.0	676898.0
TTC	590650.0	901824.0	968942.0	440801.0	225996.0	1293363.0	719510.0	199815.0	113309.0	677080.0	135391.0	191904.0	170218.0	1425276.0	914420.0	501574.0	357245.0	643369.0	1129293.0	322727.0	194140.0	744870.0	1196349.0	222222.0	144850.0	1356160.0	767397.0	353465.0	117439.0	1105155.0	2129401.0	344220.0	1032180.0	1779247.0	1569039.0	827442.0	474490.0	2270026.0	1750920.0	415662.0	414955.0	2197668.0	667433.0	606954.0	247793.0	1286780.0	1367267.0	355544.0	16457.0	719568.0	10994.0	424814.0	173599.0	583066.0	652388.0	175095.0	32047.0	277123.0	636275.0	90044.0	230832.0	1192406.0	427350.0	470906.0
TTG	669250.0	406273.0	479326.0	478163.0	234754.0	491742.0	342715.0	209649.0	132713.0	338856.0	99723.0	220793.0	207554.0	594958.0	530166.0	575460.0	427888.0	240838.0	558224.0	272209.0	191399.0	280316.0	456084.0	212357.0	129708.0	503413.0	317774.0	271174.0	133637.0	365451.0	830995.0	309628.0	866858.0	620538.0	679601.0	730955.0	419515.0	846773.0	743760.0	401633.0	331140.0	742820.0	347646.0	445787.0	249665.0	453201.0	624806.0	361760.0	18028.0	280805.0	9333.0	381280.0	187335.0	251396.0	288938.0	201623.0	19562.0	123560.0	308001.0	91838.0	344444.0	427350.0	476508.0	517286.0
TTT	1156647.0	500383.0	574251.0	821607.0	394988.0	499086.0	339790.0	342271.0	252336.0	374573.0	124769.0	343840.0	431922.0	639205.0	688203.0	948158.0	591864.0	239883.0	557735.0	377019.0	286777.0	271700.0	402031.0	326489.0	141585.0	427132.0	230224.0	299785.0	219458.0	354897.0	775230.0	497265.0	1229108.0	573560.0	674373.0	1039239.0	575254.0	735848.0	605692.0	552676.0	511994.0	709654.0	363295.0	588374.0	410919.0	412299.0	587372.0	555778.0	25146.0	343907.0	9833.0	642080.0	317009.0	263337.0	261065.0	337408.0	18577.0	135721.0	376067.0	144157.0	676898.0	470906.0	517286.0	931294.0
End	594585.0	269917.0	505212.0	266413.0	136498.0	283770.0	219471.0	103981.0	139926.0	256934.0	153994.0	124172.0	136132.0	298885.0	228187.0	235326.0	246481.0	193423.0	364451.0	149487.0	133705.0	245036.0	371549.0	117349.0	155240.0	481294.0	327980.0	169116.0	85162.0	269260.0	488277.0	155409.0	528991.0	400204.0	571943.0	300535.0	295283.0	622373.0	549655.0	222291.0	272200.0	518857.0	291259.0	202860.0	141576.0	306845.0	336534.0	183020.0	1016505.0	173170.0	581370.0	176041.0	146247.0	196162.0	195800.0	110396.0	1571991.0	95195.0	203659.0	51575.0	190930.0	276071.0	201882.0	233603.0
