Proteome_ID	M	W	C	D	E	F	H	K	N	Q	Y	I	A	G	P	T	V	L	R	S
UP000000226	0.01743455874704769	0.03140895981534034	0.03140895981534034	0.03140895981534034	0.03140895981534034	0.03918603397799258	0.03140895981534034	0.053160435046285225	0.03918603397799258	0.03140895981534034	0.06093750920893745	0.06093750920893745	0.05035073246941546	0.05035073246941546	0.05035073246941546	0.06281791963068067	0.06281791963068067	0.10200395360867325	0.05035073246941546	0.11166143819306872
UP000000267	0.0188349368445173	0.028950437136970493	0.028950437136970493	0.028950437136970493	0.028950437136970493	0.053905357059088894	0.028950437136970493	0.06402085735154209	0.053905357059088894	0.028950437136970493	0.08897577727366049	0.08897577727366049	0.031096271545069557	0.031096271545069557	0.031096271545069557	0.057900874273940986	0.057900874273940986	0.11180623133302989	0.031096271545069557	0.10568624825542877
UP000000304	0.0144248352024419	0.031479528712551524	0.031479528712551524	0.031479528712551524	0.031479528712551524	0.026625340036742468	0.031479528712551524	0.04368003354685209	0.026625340036742468	0.031479528712551524	0.038825844871043035	0.038825844871043035	0.07443741387691943	0.07443741387691943	0.07443741387691943	0.06295905742510305	0.06295905742510305	0.08958439746184553	0.07443741387691943	0.1088634213400965
UP000000305	0.016819282417980835	0.03165019113995757	0.03165019113995757	0.03165019113995757	0.03165019113995757	0.03589351895728404	0.03165019113995757	0.050724427679260775	0.03589351895728404	0.03165019113995757	0.05496775549658725	0.05496775549658725	0.05581701813009681	0.05581701813009681	0.05581701813009681	0.06330038227991513	0.06330038227991513	0.09919390123719918	0.05581701813009681	0.11176985583785354
UP000000311	0.017686220089403223	0.031248924980091436	0.031248924980091436	0.031248924980091436	0.031248924980091436	0.04074964169828685	0.031248924980091436	0.05431234658897506	0.04074964169828685	0.031248924980091436	0.06381306330717047	0.06381306330717047	0.047926571705411355	0.047926571705411355	0.047926571705411355	0.06249784996018287	0.06249784996018287	0.10324749165846972	0.047926571705411355	0.11143299502967753
UP000000314	0.017969621817155206	0.031006400948509306	0.031006400948509306	0.031006400948509306	0.031006400948509306	0.04273857011320883	0.031006400948509306	0.05577534924456293	0.04273857011320883	0.031006400948509306	0.06750751840926246	0.06750751840926246	0.0449896614338339	0.0449896614338339	0.0449896614338339	0.06201280189701861	0.06201280189701861	0.10475137201022745	0.0449896614338339	0.11098882466268312
UP000000437	0.016020718677066535	0.031747933843522196	0.031747933843522196	0.031747933843522196	0.031747933843522196	0.032340418268710834	0.031747933843522196	0.0480676334351665	0.032340418268710834	0.031747933843522196	0.04866011786035513	0.04866011786035513	0.06233260775775616	0.06233260775775616	0.06233260775775616	0.06349586768704439	0.06349586768704439	0.09583628595575523	0.06233260775775616	0.11126452020763311
UP000000539	0.015600678899276525	0.03172875245014377	0.03172875245014377	0.03172875245014377	0.03172875245014377	0.030691209169411888	0.03172875245014377	0.04681928272027913	0.030691209169411888	0.03172875245014377	0.045781739439547255	0.045781739439547255	0.06560274158542025	0.06560274158542025	0.06560274158542025	0.06345750490028754	0.06345750490028754	0.09414871406969944	0.06560274158542025	0.11078693624970784
UP000000542	0.011579073448674506	0.029976397460644195	0.029976397460644195	0.029976397460644195	0.029976397460644195	0.018866814961655792	0.029976397460644195	0.037264138973625474	0.018866814961655792	0.029976397460644195	0.02615455647463708	0.02615455647463708	0.09525554859628028	0.09525554859628028	0.09525554859628028	0.05995279492128839	0.05995279492128839	0.07881960988294419	0.09525554859628028	0.10150826583060708
UP000000559	0.018828079273552185	0.02901153180955711	0.02901153180955711	0.02901153180955711	0.02901153180955711	0.053639118837766446	0.02901153180955711	0.06382257137377137	0.053639118837766446	0.02901153180955711	0.08845015840198071	0.08845015840198071	0.031382654904626744	0.031382654904626744	0.031382654904626744	0.05802306361911422	0.05802306361911422	0.11166218245688068	0.031382654904626744	0.10586267470222352
UP000000560	0.014699197522626243	0.031560529002340146	0.031560529002340146	0.031560529002340146	0.031560529002340146	0.027513512220675686	0.031560529002340146	0.04437484370038959	0.027513512220675686	0.031560529002340146	0.04032782691872512	0.04032782691872512	0.0724056589299446	0.0724056589299446	0.0724056589299446	0.06312105800468029	0.06312105800468029	0.09063457022535597	0.0724056589299446	0.10938078452964667
UP000000561	0.013835492397005742	0.03126392229765118	0.03126392229765118	0.03126392229765118	0.03126392229765118	0.024818745103006225	0.03126392229765118	0.04224717500365166	0.024818745103006225	0.03126392229765118	0.03580199780900671	0.03580199780900671	0.07876569370263423	0.07876569370263423	0.07876569370263423	0.06252784459530236	0.06252784459530236	0.0873465896983086	0.07876569370263423	0.10762725928995928
UP000000589	0.015861721370644094	0.03174566323950243	0.03174566323950243	0.03174566323950243	0.03174566323950243	0.03170125332796112	0.03174566323950243	0.04758519519681945	0.03170125332796112	0.03174566323950243	0.04754078528527815	0.04754078528527815	0.06358027072872909	0.06358027072872909	0.06358027072872909	0.06349132647900486	0.06349132647900486	0.095192579806966	0.06358027072872909	0.11109871108915137
UP000000591	0.014148875896061784	0.03138542150627227	0.03138542150627227	0.03138542150627227	0.03138542150627227	0.02576319199218085	0.03138542150627227	0.04299973760239134	0.02576319199218085	0.03138542150627227	0.03737750808829991	0.03737750808829991	0.07646914896456465	0.07646914896456465	0.07646914896456465	0.06277084301254454	0.06277084301254454	0.08853403500472541	0.07646914896456465	0.10830514041487861
UP000000598	0.018254821297515048	0.030664092644121083	0.030664092644121083	0.030664092644121083	0.030664092644121083	0.04510881548431721	0.030664092644121083	0.05751808683092324	0.04510881548431721	0.030664092644121083	0.07196280967111937	0.07196280967111937	0.041689703779260005	0.041689703779260005	0.041689703779260005	0.06132818528824217	0.06132818528824217	0.10643700077255938	0.041689703779260005	0.11024709922987828
UP000000599	0.0185978605492335	0.02999968984464296	0.02999968984464296	0.02999968984464296	0.02999968984464296	0.048933380231850766	0.02999968984464296	0.06033520952726023	0.048933380231850766	0.02999968984464296	0.07926889991446803	0.07926889991446803	0.03678394529503504	0.03678394529503504	0.03678394529503504	0.05999937968928592	0.05999937968928592	0.10893275992113668	0.03678394529503504	0.10859693008316237
UP000000600	0.01875487015251353	0.026955758218000545	0.026955758218000545	0.026955758218000545	0.026955758218000545	0.06164597555827353	0.026955758218000545	0.06984686362376055	0.06164597555827353	0.026955758218000545	0.10453708096403354	0.10453708096403354	0.023573733549579128	0.023573733549579128	0.023573733549579128	0.05391151643600109	0.05391151643600109	0.11555749199427462	0.023573733549579128	0.09962214480651516
UP000000673	0.014477340925136762	0.031496018862271824	0.031496018862271824	0.031496018862271824	0.031496018862271824	0.026792833411501002	0.031496018862271824	0.04381151134863606	0.026792833411501002	0.031496018862271824	0.03910832589786525	0.03910832589786525	0.07404959295919486	0.07404959295919486	0.07404959295919486	0.06299203772454365	0.06299203772454365	0.08978487113604465	0.07404959295919486	0.10896539751195225
UP000000715	0.0144398367757289	0.03148428713771691	0.03148428713771691	0.03148428713771691	0.03148428713771691	0.026673078780100168	0.03148428713771691	0.04371752914208818	0.026673078780100168	0.03148428713771691	0.03890632078447143	0.03890632078447143	0.07432665308286424	0.07432665308286424	0.07432665308286424	0.06296857427543381	0.06296857427543381	0.08964165305553398	0.07432665308286424	0.10889269818887963
UP000000724	0.01494476855895917	0.031621839646220846	0.031621839646220846	0.031621839646220846	0.031621839646220846	0.02833717458230768	0.031621839646220846	0.04501424566956936	0.02833717458230768	0.031621839646220846	0.04172958060565619	0.04172958060565619	0.07057448439024105	0.07057448439024105	0.07057448439024105	0.06324367929244169	0.06324367929244169	0.09158085387474937	0.07057448439024105	0.10981028749762171
UP000000741	0.015994408729129887	0.03174799847671479	0.03174799847671479	0.03174799847671479	0.03174799847671479	0.03223331774564055	0.03174799847671479	0.04798690749322545	0.03223331774564055	0.03174799847671479	0.04847222676215121	0.04847222676215121	0.06253997278414225	0.06253997278414225	0.06253997278414225	0.06349599695342958	0.06349599695342958	0.09572931469907013	0.06253997278414225	0.11123840415927427
UP000000759	0.015565788441401792	0.03172531520079322	0.03172531520079322	0.03172531520079322	0.03172531520079322	0.030559653881283184	0.03172531520079322	0.04671918064067461	0.030559653881283184	0.03172531520079322	0.04555351932116457	0.04555351932116457	0.06587087854461125	0.06587087854461125	0.06587087854461125	0.06345063040158644	0.06345063040158644	0.0940102842828696	0.06587087854461125	0.11074173404378146
UP000000768	0.013518485117170463	0.031125874313826473	0.031125874313826473	0.031125874313826473	0.031125874313826473	0.023897618435690337	0.031125874313826473	0.041505007632346345	0.023897618435690337	0.031125874313826473	0.034276751754210216	0.034276751754210216	0.081080887152606	0.081080887152606	0.081080887152606	0.062251748627652946	0.062251748627652946	0.08614936706334328	0.081080887152606	0.10689610805864988
UP000000803	0.014811586429964994	0.03158993649422878	0.03158993649422878	0.03158993649422878	0.03158993649422878	0.027886953896494808	0.03158993649422878	0.044665303960758594	0.027886953896494808	0.03158993649422878	0.04096232136302462	0.04096232136302462	0.07156924283758646	0.07156924283758646	0.07156924283758646	0.06317987298845756	0.06317987298845756	0.09106682688495238	0.07156924283758646	0.10958139591265134
UP000000819	0.016692198849839846	0.03167962613491847	0.03167962613491847	0.03167962613491847	0.03167962613491847	0.03528308153722384	0.03167962613491847	0.05027050882230247	0.03528308153722384	0.03167962613491847	0.05387396422460783	0.05387396422460783	0.05688838209833841	0.05688838209833841	0.05688838209833841	0.06335925226983694	0.06335925226983694	0.09864233380706078	0.05688838209833841	0.11173107725459527
UP000001038	0.015044516936766778	0.03164358602163691	0.03164358602163691	0.03164358602163691	0.03164358602163691	0.02868007015384246	0.03164358602163691	0.045279139238712594	0.02868007015384246	0.03164358602163691	0.04231562337091814	0.04231562337091814	0.06982664483995912	0.06982664483995912	0.06982664483995912	0.06328717204327382	0.06328717204327382	0.09196724219711627	0.06982664483995912	0.1099752750016775
UP000001055	0.014356036629787577	0.03145722834879236	0.03145722834879236	0.03145722834879236	0.03145722834879236	0.026407581990030845	0.03145722834879236	0.04350877370903563	0.026407581990030845	0.03145722834879236	0.03845912735027412	0.03845912735027412	0.07494493178221574	0.07494493178221574	0.07494493178221574	0.06291445669758472	0.06291445669758472	0.08932203868761555	0.07494493178221574	0.10872772167616465
UP000001056	0.012187832489367932	0.030391504717025702	0.030391504717025702	0.030391504717025702	0.030391504717025702	0.020347903651449346	0.030391504717025702	0.03855157587910712	0.020347903651449346	0.030391504717025702	0.028507974813530762	0.028507974813530762	0.09078513195134044	0.09078513195134044	0.09078513195134044	0.060783009434051405	0.060783009434051405	0.08113091308550076	0.09078513195134044	0.10336234664044504
UP000001064	0.018734302286640376	0.026829856073826645	0.026829856073826645	0.026829856073826645	0.026829856073826645	0.06208823351772485	0.026829856073826645	0.07018378730491112	0.06208823351772485	0.026829856073826645	0.10544216474880931	0.10544216474880931	0.023187684240903825	0.023187684240903825	0.023187684240903825	0.05365971214765329	0.05365971214765329	0.11574794566537813	0.023187684240903825	0.09922387050812032
UP000001067	0.014589671254992267	0.031529737189386606	0.031529737189386606	0.031529737189386606	0.031529737189386606	0.027155059616118384	0.031529737189386606	0.04409512555051272	0.027155059616118384	0.031529737189386606	0.0397204479772445	0.0397204479772445	0.07321834982396488	0.07321834982396488	0.07321834982396488	0.06305947437877321	0.06305947437877321	0.0902145339948916	0.07321834982396488	0.10917888282315208
UP000001070	0.015464795150492974	0.03171386794960076	0.03171386794960076	0.03171386794960076	0.03171386794960076	0.030183166592575684	0.03171386794960076	0.04643223939168347	0.030183166592575684	0.03171386794960076	0.04490153803465839	0.04490153803465839	0.06664439380406886	0.06664439380406886	0.06664439380406886	0.06342773589920152	0.06342773589920152	0.0936109024917772	0.06664439380406886	0.11060639899929525
UP000001072	0.017658342281435875	0.0312689052968216	0.0312689052968216	0.0312689052968216	0.0312689052968216	0.04056827273588217	0.0312689052968216	0.0541788357512679	0.04056827273588217	0.0312689052968216	0.06347820319032847	0.06347820319032847	0.04820241891130821	0.04820241891130821	0.04820241891130821	0.0625378105936432	0.0625378105936432	0.10310608332952538	0.04820241891130821	0.11146505817190068
UP000001073	0.015167667239577113	0.03166782297735959	0.03166782297735959	0.03166782297735959	0.03166782297735959	0.02911045257727837	0.03166782297735959	0.04561060831506085	0.02911045257727837	0.03166782297735959	0.04305323791497963	0.04305323791497963	0.06889971974589919	0.06889971974589919	0.06889971974589919	0.06333564595471917	0.06333564595471917	0.09244609853199755	0.06889971974589919	0.11017113617165587
UP000001074	0.014630640054700486	0.03154149845383449	0.03154149845383449	0.03154149845383449	0.03154149845383449	0.027288520770038262	0.03154149845383449	0.04419937916917228	0.027288520770038262	0.03154149845383449	0.03994640148537604	0.03994640148537604	0.07291462465826058	0.07291462465826058	0.07291462465826058	0.06308299690766898	0.06308299690766898	0.09037151767770725	0.07291462465826058	0.10925513541620398
UP000001075	0.015530442841686427	0.0317215602957364	0.0317215602957364	0.0317215602957364	0.0317215602957364	0.030427169737985843	0.0317215602957364	0.04661828719203582	0.030427169737985843	0.0317215602957364	0.04532389663428526	0.04532389663428526	0.06614203005150426	0.06614203005150426	0.06614203005150426	0.0634431205914728	0.0634431205914728	0.09387029032945865	0.06614203005150426	0.11069512372889566
UP000001194	0.015744182905526333	0.031740010473330825	0.031740010473330825	0.031740010473330825	0.031740010473330825	0.03124067999590415	0.031740010473330825	0.04723650756370864	0.03124067999590415	0.031740010473330825	0.04673717708628197	0.04673717708628197	0.06449464384124996	0.06449464384124996	0.06449464384124996	0.06348002094666165	0.06348002094666165	0.0947207009425658	0.06449464384124996	0.1109642143255188
UP000001197	0.01379022492388683	0.03124512676797144	0.03124512676797144	0.03124512676797144	0.03124512676797144	0.024685176104367823	0.03124512676797144	0.04214007794845243	0.024685176104367823	0.03124512676797144	0.035580127284848814	0.035580127284848814	0.0790966969503503	0.0790966969503503	0.0790966969503503	0.06249025353594288	0.06249025353594288	0.0871754296403107	0.0790966969503503	0.10752560522780115
UP000001261	0.015570869589821559	0.031725832488973864	0.031725832488973864	0.031725832488973864	0.031725832488973864	0.03057876414809083	0.031725832488973864	0.046733727047243136	0.03057876414809083	0.031725832488973864	0.0455866587063601	0.0455866587063601	0.0658318591453783	0.0658318591453783	0.0658318591453783	0.06345166497794773	0.06345166497794773	0.09403042912603857	0.0658318591453783	0.11074836705674315
UP000001292	0.01444659725914513	0.0314864192698774	0.0314864192698774	0.0314864192698774	0.0314864192698774	0.02669462263385212	0.0314864192698774	0.04373444464458439	0.02669462263385212	0.0314864192698774	0.038942648008559115	0.038942648008559115	0.07427672696757244	0.07427672696757244	0.07427672696757244	0.0629728385397548	0.0629728385397548	0.08966746117360692	0.07427672696757244	0.10890585506877731
UP000001294	0.01586735348058081	0.031745850884354124	0.031745850884354124	0.031745850884354124	0.031745850884354124	0.03172357085905073	0.031745850884354124	0.047602068262824045	0.03172357085905073	0.031745850884354124	0.047579788237520654	0.047579788237520654	0.06353629311462725	0.06353629311462725	0.06353629311462725	0.06349170176870825	0.06349170176870825	0.09521527262775897	0.06353629311462725	0.11110490613364317
UP000001300	0.014592624074375709	0.03153059454041076	0.03153059454041076	0.03153059454041076	0.03153059454041076	0.027164654342291095	0.03153059454041076	0.04410262480832614	0.027164654342291095	0.03153059454041076	0.039736684610206484	0.039736684610206484	0.07319646917236872	0.07319646917236872	0.07319646917236872	0.06306118908082152	0.06306118908082152	0.09022584342311261	0.07319646917236872	0.10918440769560799
UP000001307	0.01725224975490901	0.031499911844391125	0.031499911844391125	0.031499911844391125	0.031499911844391125	0.03814270320168758	0.031499911844391125	0.052390365291169694	0.03814270320168758	0.031499911844391125	0.05903315664846616	0.05903315664846616	0.052028008657787596	0.052028008657787596	0.052028008657787596	0.06299982368878225	0.06299982368878225	0.10114252689046985	0.052028008657787596	0.11175198528808239
UP000001312	0.01719385828018411	0.031525234937539365	0.031525234937539365	0.031525234937539365	0.031525234937539365	0.03782193677028026	0.031525234937539365	0.0521533134276355	0.03782193677028026	0.031525234937539365	0.05845001526037641	0.05845001526037641	0.05255365127932808	0.05255365127932808	0.05255365127932808	0.06305046987507873	0.06305046987507873	0.10087240664535899	0.05255365127932808	0.1117695630928022
UP000001357	0.013301886976476062	0.031023099183577083	0.031023099183577083	0.031023099183577083	0.031023099183577083	0.023286542375164993	0.031023099183577083	0.04100775458226602	0.023286542375164993	0.031023099183577083	0.03327119777385393	0.03327119777385393	0.08265999025948068	0.08265999025948068	0.08265999025948068	0.062046198367154165	0.062046198367154165	0.08533274074231915	0.08265999025948068	0.10637118452720731
UP000001396	0.018674403938515424	0.029771359777809578	0.029771359777809578	0.029771359777809578	0.029771359777809578	0.05010044253046698	0.029771359777809578	0.06119739836976113	0.05010044253046698	0.029771359777809578	0.08152648112241853	0.08152648112241853	0.03538227681245659	0.03538227681245659	0.03538227681245659	0.059542719555619156	0.059542719555619156	0.10964316208608614	0.03538227681245659	0.10798848327194414
UP000001449	0.016497721253591443	0.03171366300138838	0.03171366300138838	0.03171366300138838	0.03171366300138838	0.034385198155940266	0.03171366300138838	0.0496011399037372	0.034385198155940266	0.03171366300138838	0.05227267505828908	0.05227267505828908	0.05849938199596382	0.05849938199596382	0.05849938199596382	0.06342732600277676	0.06342732600277676	0.09781252415871701	0.05849938199596382	0.11163871025775657
UP000001450	0.017867495106893713	0.023790698673061068	0.023790698673061068	0.023790698673061068	0.023790698673061068	0.07176525124993334	0.023790698673061068	0.0776884548161007	0.07176525124993334	0.023790698673061068	0.12566300739297295	0.12566300739297295	0.01577357658461247	0.01577357658461247	0.01577357658461247	0.047581397346122135	0.047581397346122135	0.11934664859605547	0.01577357658461247	0.08923959112607692
UP000001460	0.018752661605946158	0.026941784333166404	0.026941784333166404	0.026941784333166404	0.026941784333166404	0.061695273289883744	0.026941784333166404	0.069884396017104	0.061695273289883744	0.026941784333166404	0.10463788497382133	0.10463788497382133	0.023530481489053425	0.023530481489053425	0.023530481489053425	0.05388356866633281	0.05388356866633281	0.11557884195621655	0.023530481489053425	0.09957801460544537
UP000001471	0.01458469677921908	0.03152828946741541	0.03152828946741541	0.03152828946741541	0.03152828946741541	0.027138904381833907	0.03152828946741541	0.044082497070030244	0.027138904381833907	0.03152828946741541	0.039693111984448734	0.039693111984448734	0.07325520756147534	0.07325520756147534	0.07325520756147534	0.06305657893483083	0.06305657893483083	0.09019548331666473	0.07325520756147534	0.10916956518146533
UP000001514	0.014859713261356775	0.03160183806484666	0.03160183806484666	0.03160183806484666	0.03160183806484666	0.028048665129862402	0.03160183806484666	0.044790789933352296	0.028048665129862402	0.03160183806484666	0.041237616998368025	0.041237616998368025	0.07121024579622773	0.07121024579622773	0.07121024579622773	0.06320367612969333	0.06320367612969333	0.09125234125955574	0.07121024579622773	0.10966522745589678
UP000001519	0.015132167943954224	0.03166113709588715	0.03166113709588715	0.03166113709588715	0.03166113709588715	0.028985573112736827	0.03166113709588715	0.045514542264669756	0.028985573112736827	0.03166113709588715	0.04283897828151943	0.04283897828151943	0.06916734737696631	0.06916734737696631	0.06916734737696631	0.0633222741917743	0.0633222741917743	0.09230784730451112	0.06916734737696631	0.11011557923161568
UP000001529	0.013727976641632394	0.031218777176172486	0.031218777176172486	0.031218777176172486	0.031218777176172486	0.02450263171251077	0.031218777176172486	0.041993432247050856	0.02450263171251077	0.031218777176172486	0.03527728678338915	0.03527728678338915	0.07955162203069659	0.07955162203069659	0.07955162203069659	0.06243755435234497	0.06243755435234497	0.08694018606485573	0.07955162203069659	0.10738430817014986
UP000001542	0.01879869054743307	0.029222620457155152	0.029222620457155152	0.029222620457155152	0.029222620457155152	0.05270056530664003	0.029222620457155152	0.06312449521636211	0.05270056530664003	0.029222620457155152	0.08660244006584698	0.08660244006584698	0.03240806019495763	0.03240806019495763	0.03240806019495763	0.058445240914310304	0.058445240914310304	0.11114580622095033	0.03240806019495763	0.10646655191889853
UP000001548	0.015923269758806258	0.031747291911495924	0.031747291911495924	0.031747291911495924	0.031747291911495924	0.031946409600570005	0.031747291911495924	0.047770431753259665	0.031946409600570005	0.031747291911495924	0.04796954944233374	0.04796954944233374	0.06309883059257786	0.06309883059257786	0.06309883059257786	0.06349458382299185	0.06349458382299185	0.09544099342356184	0.06309883059257786	0.11116514549329402
UP000001554	0.01482777212252913	0.03159398584588718	0.03159398584588718	0.03159398584588718	0.03159398584588718	0.027941217396780144	0.03159398584588718	0.04470743112013819	0.027941217396780144	0.03159398584588718	0.04105466267103115	0.04105466267103115	0.07144856485352327	0.07144856485352327	0.07144856485352327	0.06318797169177436	0.06318797169177436	0.09112918908855451	0.07144856485352327	0.10960972966019066
UP000001555	0.013386589542921013	0.031064093623211383	0.031064093623211383	0.031064093623211383	0.031064093623211383	0.02352381133490708	0.031064093623211383	0.04120131541519745	0.02352381133490708	0.031064093623211383	0.03366103312689315	0.03366103312689315	0.08204265022307057	0.08204265022307057	0.08204265022307057	0.062128187246422766	0.062128187246422766	0.08565199858132985	0.08204265022307057	0.10657887041255516
UP000001568	0.012088879926474783	0.0303273366795287	0.0303273366795287	0.0303273366795287	0.0303273366795287	0.020101675079894465	0.0303273366795287	0.03834013183294838	0.020101675079894465	0.0303273366795287	0.028114470233314145	0.028114470233314145	0.09150952310371496	0.09150952310371496	0.09150952310371496	0.0606546733590574	0.0606546733590574	0.08075634843895185	0.09150952310371496	0.10307088996506089
UP000001593	0.016757865913306396	0.03166516198264856	0.03166516198264856	0.03166516198264856	0.03166516198264856	0.03559602869360389	0.03166516198264856	0.05050332476294605	0.03559602869360389	0.03166516198264856	0.05443419147390138	0.05443419147390138	0.05633676116052459	0.05633676116052459	0.05633676116052459	0.06333032396529711	0.06333032396529711	0.098926352658901	0.05633676116052459	0.11175335186125207
UP000001595	0.015178184446936227	0.03166975646803855	0.03166975646803855	0.03166975646803855	0.03166975646803855	0.029147579408825255	0.03166975646803855	0.04563915142992758	0.029147579408825255	0.03166975646803855	0.04311697437071428	0.04311697437071428	0.06882036142192934	0.06882036142192934	0.06882036142192934	0.0633395129360771	0.0633395129360771	0.09248709234490235	0.06882036142192934	0.11018745385105187
UP000001610	0.012435736289586373	0.030546573842454603	0.030546573842454603	0.030546573842454603	0.030546573842454603	0.020974686330560256	0.030546573842454603	0.03908552388342849	0.020974686330560256	0.030546573842454603	0.029513636371534136	0.029513636371534136	0.08897326604145768	0.08897326604145768	0.08897326604145768	0.061093147684909206	0.061093147684909206	0.08206783401546945	0.08897326604145768	0.10407545781695017
UP000001611	0.012159358442487226	0.030373172378517332	0.030373172378517332	0.030373172378517332	0.030373172378517332	0.020276823474915842	0.030373172378517332	0.038490637410945945	0.020276823474915842	0.030373172378517332	0.028394288507344455	0.028394288507344455	0.09099350314672076	0.09099350314672076	0.09099350314672076	0.060746344757034665	0.060746344757034665	0.08102316823195051	0.09099350314672076	0.10327887557803922
UP000001628	0.015576095961136535	0.03172635863170638	0.03172635863170638	0.03172635863170638	0.03172635863170638	0.030598437723580056	0.03172635863170638	0.0467487003941499	0.030598437723580056	0.03172635863170638	0.045620779486023576	0.045620779486023576	0.06579171401629852	0.06579171401629852	0.06579171401629852	0.06345271726341276	0.06345271726341276	0.0940511549869928	0.06579171401629852	0.11075517185625565
UP000001631	0.015445309644922137	0.0317114071911504	0.0317114071911504	0.0317114071911504	0.0317114071911504	0.030111248377279052	0.0317114071911504	0.04637734592350732	0.030111248377279052	0.0317114071911504	0.04477718710963597	0.04477718710963597	0.06679320189207086	0.06679320189207086	0.06679320189207086	0.0634228143823008	0.0634228143823008	0.09353406275957984	0.06679320189207086	0.11057953121837334
UP000001640	0.01856866642002979	0.030075195778012036	0.030075195778012036	0.030075195778012036	0.030075195778012036	0.048533859389285304	0.030075195778012036	0.060040388747267553	0.048533859389285304	0.030075195778012036	0.07849905235854084	0.07849905235854084	0.03727366471438869	0.03727366471438869	0.03727366471438869	0.06015039155602407	0.06015039155602407	0.10868425094530938	0.03727366471438869	0.1087942537540659
UP000001645	0.015861904874998386	0.031745669474966154	0.031745669474966154	0.031745669474966154	0.031745669474966154	0.03170198010905267	0.031745669474966154	0.04758574470902043	0.03170198010905267	0.031745669474966154	0.047542055343106945	0.047542055343106945	0.06357883810077963	0.06357883810077963	0.06357883810077963	0.06349133894993231	0.06349133894993231	0.09519331905898498	0.06357883810077963	0.11109891329989684
UP000001646	0.016316875296072002	0.031734393989656696	0.031734393989656696	0.031734393989656696	0.031734393989656696	0.033585569741589265	0.031734393989656696	0.04900308843517396	0.033585569741589265	0.031734393989656696	0.05085426418710654	0.05085426418710654	0.05997050338221266	0.05997050338221266	0.05997050338221266	0.06346878797931339	0.06346878797931339	0.09705435772090268	0.05997050338221266	0.1115200572650421
UP000001742	0.018854064809771504	0.02872879367573289	0.02872879367573289	0.02872879367573289	0.02872879367573289	0.05485259850889963	0.02872879367573289	0.06472732737486102	0.05485259850889963	0.02872879367573289	0.09085113220802776	0.09085113220802776	0.030093144481712054	0.030093144481712054	0.030093144481712054	0.05745758735146578	0.05745758735146578	0.11231018586036541	0.030093144481712054	0.10504044583697016
UP000001743	0.013463950202240229	0.03110063493962089	0.03110063493962089	0.03110063493962089	0.03110063493962089	0.023742410000537187	0.03110063493962089	0.04137909473791786	0.023742410000537187	0.03110063493962089	0.03402086979883415	0.03402086979883415	0.0814786277910021	0.0814786277910021	0.0814786277910021	0.06220126987924178	0.06220126987924178	0.08594367987977898	0.0814786277910021	0.1067658550211029
UP000001744	0.01704716155229808	0.03158151675056469	0.03158151675056469	0.03158151675056469	0.03158151675056469	0.03704156192478988	0.03158151675056469	0.05157591712305649	0.03704156192478988	0.03158151675056469	0.05703596229728166	0.05703596229728166	0.05385259953623601	0.05385259953623601	0.05385259953623601	0.06316303350112938	0.06316303350112938	0.10020459542591925	0.05385259953623601	0.11179171180399217
UP000001745	0.01622496702149984	0.0317411972171618	0.0317411972171618	0.0317411972171618	0.0317411972171618	0.0331910439312351	0.0317411972171618	0.04870727412689706	0.0331910439312351	0.0317411972171618	0.050157120840970355	0.050157120840970355	0.060709365024257556	0.060709365024257556	0.060709365024257556	0.0634823944343236	0.0634823944343236	0.09667343836555871	0.060709365024257556	0.11144855867298524
UP000001798	0.01691543080445661	0.03162382328649499	0.03162382328649499	0.03162382328649499	0.03162382328649499	0.03636907263851689	0.03162382328649499	0.05107746512055527	0.03636907263851689	0.03162382328649499	0.05582271447257716	0.05582271447257716	0.054995419278100414	0.054995419278100414	0.054995419278100414	0.06324764657298998	0.06324764657298998	0.09961671921150686	0.054995419278100414	0.11178690066394159
UP000001805	0.013699567198998766	0.031206558901584826	0.031206558901584826	0.031206558901584826	0.031206558901584826	0.024419749434086015	0.031206558901584826	0.04192674113667207	0.024419749434086015	0.031206558901584826	0.03513993166917326	0.03513993166917326	0.07975915732523836	0.07975915732523836	0.07975915732523836	0.06241311780316965	0.06241311780316965	0.08683286723725567	0.07975915732523836	0.10731924390375325
UP000001811	0.014627514579141819	0.03154061139881514	0.03154061139881514	0.03154061139881514	0.03154061139881514	0.027278313249798233	0.03154061139881514	0.04419141006947155	0.027278313249798233	0.03154061139881514	0.039929111920454646	0.039929111920454646	0.07293780654992849	0.07293780654992849	0.07293780654992849	0.06308122279763027	0.06308122279763027	0.0903595360474285	0.07293780654992849	0.10924934877558723
UP000001819	0.014346030616201348	0.031453920020043685	0.031453920020043685	0.031453920020043685	0.031453920020043685	0.02637607065110846	0.031453920020043685	0.04348396005495079	0.02637607065110846	0.031453920020043685	0.03840611068601557	0.03840611068601557	0.07501868627165867	0.07501868627165867	0.07501868627165867	0.06290784004008737	0.06290784004008737	0.08928391069119583	0.07501868627165867	0.10870779067633239
UP000001861	0.014554968658633548	0.03151954940508577	0.03151954940508577	0.03151954940508577	0.03151954940508577	0.02704258128048441	0.03151954940508577	0.044007162026936636	0.02704258128048441	0.03151954940508577	0.03953019390233527	0.03953019390233527	0.07347538198334644	0.07347538198334644	0.07347538198334644	0.06303909881017154	0.06303909881017154	0.09008168009065595	0.07347538198334644	0.10911361687389087
UP000001876	0.009286323409044884	0.027976562873937516	0.027976562873937516	0.027976562873937516	0.027976562873937516	0.013900271915127887	0.027976562873937516	0.03259051138002052	0.013900271915127887	0.027976562873937516	0.01851422042121089	0.01851422042121089	0.11261478552625538	0.11261478552625538	0.11261478552625538	0.05595312574787503	0.05595312574787503	0.06985339766300291	0.11261478552625538	0.09321601203085743
UP000001881	0.013562956718031384	0.031146135768061384	0.031146135768061384	0.031146135768061384	0.031146135768061384	0.02402487571526066	0.031146135768061384	0.04160805476529066	0.02402487571526066	0.031146135768061384	0.034486794712489936	0.034486794712489936	0.08075644467674098	0.08075644467674098	0.08075644467674098	0.06229227153612277	0.06229227153612277	0.08631714725138342	0.08075644467674098	0.10700136402221554
UP000001926	0.018558604233110326	0.025978865752247293	0.025978865752247293	0.025978865752247293	0.025978865752247293	0.06497499942254555	0.025978865752247293	0.07239526094168251	0.06497499942254555	0.025978865752247293	0.11139139461198073	0.11139139461198073	0.020774189204197355	0.020774189204197355	0.020774189204197355	0.051957731504494585	0.051957731504494585	0.11693273092704011	0.020774189204197355	0.09649520148985222
UP000001940	0.017827731943569226	0.03113746240933102	0.03113746240933102	0.03113746240933102	0.03113746240933102	0.04170710553940165	0.03113746240933102	0.055016836005163446	0.04170710553940165	0.03113746240933102	0.06558647913523406	0.06558647913523406	0.0464928722697649	0.0464928722697649	0.0464928722697649	0.06227492481866204	0.06227492481866204	0.10398203035806368	0.0464928722697649	0.11124011917156229
UP000001949	0.018601628859597114	0.029989542106428672	0.029989542106428672	0.029989542106428672	0.029989542106428672	0.048986528070738264	0.029989542106428672	0.060374441317569826	0.048986528070738264	0.029989542106428672	0.07937142728187942	0.07937142728187942	0.03671918264770807	0.03671918264770807	0.03671918264770807	0.059979084212857345	0.059979084212857345	0.10896561228359561	0.03671918264770807	0.10857025517888313
UP000001950	0.0187866657098851	0.02929383793788843	0.02929383793788843	0.02929383793788843	0.02929383793788843	0.0523769410795353	0.02929383793788843	0.06288411330753862	0.0523769410795353	0.02929383793788843	0.08596721644918548	0.08596721644918548	0.03276743251684698	0.03276743251684698	0.03276743251684698	0.05858767587577686	0.05858767587577686	0.11096461695531215	0.03276743251684698	0.10666817952355039
UP000001996	0.01824561630043256	0.030677253712315163	0.030677253712315163	0.030677253712315163	0.030677253712315163	0.04502427008134238	0.030677253712315163	0.05745590749322499	0.04502427008134238	0.030677253712315163	0.07180292386225222	0.07180292386225222	0.041803849063162694	0.041803849063162694	0.041803849063162694	0.061354507424630327	0.061354507424630327	0.10637877750597273	0.041803849063162694	0.11027737743737805
UP000001997	0.01736885780865394	0.0314439187524189	0.0314439187524189	0.0314439187524189	0.0314439187524189	0.03880231538177212	0.0314439187524189	0.05287737632553708	0.03880231538177212	0.0314439187524189	0.06023577295489029	0.06023577295489029	0.050961908678943665	0.050961908678943665	0.050961908678943665	0.0628878375048378	0.0628878375048378	0.10169015288660992	0.050961908678943665	0.11170061406591064
UP000002009	0.010132833532057324	0.02879637514006114	0.02879637514006114	0.02879637514006114	0.02879637514006114	0.015634164284006016	0.02879637514006114	0.034297705892009825	0.015634164284006016	0.02879637514006114	0.021135495035954705	0.021135495035954705	0.10607937925475777	0.10607937925475777	0.10607937925475777	0.05759275028012228	0.05759275028012228	0.07322691456412829	0.10607937925475777	0.09652195895224074
UP000002035	0.015519581237564072	0.03172035173856542	0.03172035173856542	0.03172035173856542	0.03172035173856542	0.030386614986018426	0.03172035173856542	0.04658738548701977	0.030386614986018426	0.03172035173856542	0.04525364873447278	0.04525364873447278	0.06622525838309248	0.06622525838309248	0.06622525838309248	0.06344070347713084	0.06344070347713084	0.09382731846314926	0.06622525838309248	0.11068063645326033
UP000002036	0.01612375171877469	0.03174594094457772	0.03174594094457772	0.03174594094457772	0.03174594094457772	0.032765168983090676	0.03174594094457772	0.048387358208893706	0.032765168983090676	0.03174594094457772	0.04940658624740665	0.04940658624740665	0.06151683618520146	0.06151683618520146	0.06151683618520146	0.06349188188915544	0.06349188188915544	0.0962570508722461	0.06151683618520146	0.11136157455250786
UP000002037	0.01886045612192997	0.028617593322326884	0.028617593322326884	0.028617593322326884	0.028617593322326884	0.05531754366936914	0.028617593322326884	0.06507468086976605	0.05531754366936914	0.028617593322326884	0.0917746312168083	0.0917746312168083	0.029609653402436698	0.029609653402436698	0.029609653402436698	0.05723518664465377	0.05723518664465377	0.1125527303140229	0.029609653402436698	0.10471323608891062
UP000002038	0.015601395819028032	0.031728820251253856	0.031728820251253856	0.031728820251253856	0.031728820251253856	0.030693920513523966	0.031728820251253856	0.04682134494574979	0.030693920513523966	0.031728820251253856	0.0457864452080199	0.0457864452080199	0.06559722692269367	0.06559722692269367	0.06559722692269367	0.06345764050250771	0.06345764050250771	0.09415156101603168	0.06559722692269367	0.1107878565727896
UP000002051	0.01821697738620345	0.030717139695877225	0.030717139695877225	0.030717139695877225	0.030717139695877225	0.04476529386947228	0.030717139695877225	0.05726545617914605	0.04476529386947228	0.030717139695877225	0.0713136103527411	0.0713136103527411	0.04215509782409744	0.04215509782409744	0.04215509782409744	0.06143427939175445	0.06143427939175445	0.10619957326122671	0.04215509782409744	0.11036839647383512
UP000002058	0.015291824112023233	0.0316892493536636	0.0316892493536636	0.0316892493536636	0.0316892493536636	0.029552592569697392	0.0316892493536636	0.045950017811337764	0.029552592569697392	0.0316892493536636	0.04381336102737156	0.04381336102737156	0.06796077347395661	0.06796077347395661	0.06796077347395661	0.0633784987073272	0.0633784987073272	0.0929310912770246	0.06796077347395661	0.11035957217301404
UP000002059	0.01564538183295447	0.0317327605351546	0.0317327605351546	0.0317327605351546	0.0317327605351546	0.03086091055457681	0.0317327605351546	0.046948289256776944	0.03086091055457681	0.0317327605351546	0.04607643927619915	0.04607643927619915	0.06525848220846664	0.06525848220846664	0.06525848220846664	0.0634655210703092	0.0634655210703092	0.094326431624886	0.06525848220846664	0.11084366343841827
UP000002149	0.015476852422106084	0.03171535014346394	0.03171535014346394	0.03171535014346394	0.03171535014346394	0.030227783512277232	0.03171535014346394	0.04646628123363509	0.030227783512277232	0.03171535014346394	0.04497871460244838	0.04497871460244838	0.06655224550711628	0.06655224550711628	0.06655224550711628	0.06343070028692788	0.06343070028692788	0.09365848379920509	0.06655224550711628	0.1106229028524979
UP000002173	0.017617637312721396	0.03129700388164676	0.03129700388164676	0.03129700388164676	0.03129700388164676	0.040307368077570425	0.03129700388164676	0.05398673464649579	0.040307368077570425	0.03129700388164676	0.06299709884241946	0.06299709884241946	0.048601657646452474	0.048601657646452474	0.048601657646452474	0.06259400776329352	0.06259400776329352	0.10290137584086394	0.048601657646452474	0.11150864895766166
UP000002195	0.01843421697657886	0.02549928222214062	0.02549928222214062	0.02549928222214062	0.02549928222214062	0.06653290307902666	0.02549928222214062	0.07359796832458843	0.06653290307902666	0.02549928222214062	0.11463158918147447	0.11463158918147447	0.0195456191975289	0.0195456191975289	0.0195456191975289	0.05099856444428124	0.05099856444428124	0.11753146752330791	0.0195456191975289	0.09493206364300072
UP000002226	0.013647697217126348	0.031183941230585342	0.031183941230585342	0.031183941230585342	0.031183941230585342	0.02426910731996278	0.031183941230585342	0.041805351333421774	0.02426910731996278	0.031183941230585342	0.034890517422799215	0.034890517422799215	0.08013794474201467	0.08013794474201467	0.08013794474201467	0.062367882461170684	0.062367882461170684	0.08663698978113347	0.08013794474201467	0.10719952090888239
