	M	W	C	D	E	F	H	K	N	Q	Y	I	A	G	P	T	V	L	R	S
Start	15290087.0	15603.0	32165.0	52678.0	66061.0	57665.0	25453.0	58857.0	41463.0	71779.0	30516.0	72546.0	86601.0	86153.0	68857.0	59627.0	104623.0	149801.0	80097.0	102762.0
M	8812206.0	4050651.0	5443374.0	17861028.0	23404010.0	11461094.0	7458011.0	19686969.0	13918125.0	13580286.0	8926980.0	14882230.0	25445893.0	19449151.0	14862118.0	16699278.0	19696370.0	27962376.0	16991668.0	24497563.0
W	4050651.0	3197346.0	3702405.0	10009380.0	10706567.0	7401320.0	4595250.0	10746915.0	8041819.0	7280935.0	5449925.0	9167502.0	11783628.0	11481686.0	8241165.0	10084393.0	10883951.0	16834051.0	11459907.0	14320576.0
C	5443374.0	3702405.0	7984446.0	14232810.0	15509897.0	12486942.0	8213383.0	15036693.0	11977533.0	11458725.0	8917572.0	15078763.0	17840695.0	19251284.0	14564371.0	15688720.0	18547434.0	27811471.0	16297359.0	24766476.0
D	17861028.0	10009380.0	14232810.0	51901524.0	58122004.0	31170794.0	16839476.0	42186424.0	30327008.0	27934222.0	22751846.0	41051643.0	49968734.0	49966310.0	39179036.0	38084605.0	49903720.0	71016459.0	39598598.0	60213969.0
E	23404010.0	10706567.0	15509897.0	58122004.0	94656906.0	30932729.0	19705123.0	66325581.0	39902636.0	40898517.0	24180680.0	45870119.0	67313744.0	53818570.0	44438358.0	47591984.0	57283717.0	86813945.0	53986799.0	64979323.0
F	11461094.0	7401320.0	12486942.0	31170794.0	30932729.0	27477916.0	15348038.0	27847190.0	24316685.0	21893197.0	18924406.0	30656412.0	36808540.0	37127974.0	28292517.0	31317809.0	36440959.0	56027504.0	29383466.0	50061109.0
H	7458011.0	4595250.0	8213383.0	16839476.0	19705123.0	15348038.0	14304248.0	18663455.0	14666039.0	17178029.0	11390605.0	19138488.0	22204827.0	23306628.0	20667735.0	19237430.0	22144476.0	37448057.0	22124371.0	29960995.0
K	19686969.0	10746915.0	15036693.0	42186424.0	66325581.0	27847190.0	18663455.0	67096284.0	36577252.0	36172285.0	23328851.0	42709483.0	54561007.0	48976711.0	39698629.0	43020657.0	49640610.0	78222345.0	51489424.0	61149833.0
N	13918125.0	8041819.0	11977533.0	30327008.0	39902636.0	24316685.0	14666039.0	36577252.0	34714278.0	26299166.0	19205587.0	34816107.0	36944456.0	39767265.0	31407597.0	32448794.0	36935879.0	56604294.0	31766587.0	50415137.0
Q	13580286.0	7280935.0	11458725.0	27934222.0	40898517.0	21893197.0	17178029.0	36172285.0	26299166.0	43922364.0	16967566.0	30815326.0	41630507.0	34391999.0	33632085.0	31038326.0	36021236.0	64004918.0	36682188.0	46876882.0
Y	8926980.0	5449925.0	8917572.0	22751846.0	24180680.0	18924406.0	11390605.0	23328851.0	19205587.0	16967566.0	15652314.0	23112673.0	25173706.0	27518737.0	20186960.0	22171904.0	25565501.0	39429742.0	23049238.0	32457802.0
I	14882230.0	9167502.0	15078763.0	41051643.0	45870119.0	30656412.0	19138488.0	42709483.0	34816107.0	30815326.0	23112673.0	41067774.0	48392694.0	42752715.0	36565678.0	41113574.0	45331419.0	66403365.0	38680353.0	60092796.0
A	25445893.0	11783628.0	17840695.0	49968734.0	67313744.0	36808540.0	22204827.0	54561007.0	36944456.0	41630507.0	25173706.0	48392694.0	110744530.0	66350878.0	58177823.0	59008926.0	69504979.0	98447037.0	55972106.0	84298368.0
G	19449151.0	11481686.0	19251284.0	49966310.0	53818570.0	37127974.0	23306628.0	48976711.0	39767265.0	34391999.0	27518737.0	42752715.0	66350878.0	79060276.0	48784060.0	50753270.0	54866751.0	79323959.0	52129390.0	79564963.0
P	14862118.0	8241165.0	14564371.0	39179036.0	44438358.0	28292517.0	20667735.0	39698629.0	31407597.0	33632085.0	20186960.0	36565678.0	58177823.0	48784060.0	71477318.0	47904167.0	49494472.0	73532013.0	42664404.0	76185086.0
T	16699278.0	10084393.0	15688720.0	38084605.0	47591984.0	31317809.0	19237430.0	43020657.0	32448794.0	31038326.0	22171904.0	41113574.0	59008926.0	50753270.0	47904167.0	55118362.0	53303421.0	72848978.0	40013862.0	71807393.0
V	19696370.0	10883951.0	18547434.0	49903720.0	57283717.0	36440959.0	22144476.0	49640610.0	36935879.0	36021236.0	25565501.0	45331419.0	69504979.0	54866751.0	49494472.0	53303421.0	65093764.0	84927282.0	47151643.0	72226862.0
L	27962376.0	16834051.0	27811471.0	71016459.0	86813945.0	56027504.0	37448057.0	78222345.0	56604294.0	64004918.0	39429742.0	66403365.0	98447037.0	79323959.0	73532013.0	72848978.0	84927282.0	143013174.0	79085997.0	116832684.0
R	16991668.0	11459907.0	16297359.0	39598598.0	53986799.0	29383466.0	22124371.0	51489424.0	31766587.0	36682188.0	23049238.0	38680353.0	55972106.0	52129390.0	42664404.0	40013862.0	47151643.0	79085997.0	66064848.0	64891577.0
S	24497563.0	14320576.0	24766476.0	60213969.0	64979323.0	50061109.0	29960995.0	61149833.0	50415137.0	46876882.0	32457802.0	60092796.0	84298368.0	79564963.0	76185086.0	71807393.0	72226862.0	116832684.0	64891577.0	140707710.0
End	365455.0	248143.0	422531.0	762746.0	909801.0	777447.0	482081.0	1216131.0	767114.0	737551.0	546767.0	830723.0	1021982.0	737270.0	713908.0	739876.0	1082580.0	1672126.0	1053914.0	1475564.0
