Proteome_ID	M	W	C	D	E	F	H	K	N	Q	Y	I	A	G	P	T	V	L	R	S
UP000001015	0.020006754162937783	0.009912256509585804	0.029919010672523585	0.029919010672523585	0.029919010672523585	0.06038809535897529	0.029919010672523585	0.06038809535897529	0.06038809535897529	0.029919010672523585	0.06038809535897529	0.1007694365550128	0.02964647897243334	0.02964647897243334	0.02964647897243334	0.05983802134504717	0.05983802134504717	0.11031386019443665	0.059565489644956934	0.09966928852715655
UP000007478	0.01954537669919004	0.012014130631612222	0.03155950733080226	0.03155950733080226	0.03155950733080226	0.05134307909040965	0.03155950733080226	0.05134307909040965	0.05134307909040965	0.03155950733080226	0.05134307909040965	0.08314078148162929	0.03879792644337158	0.03879792644337158	0.03879792644337158	0.06311901466160452	0.06311901466160452	0.10244796312040197	0.07035743377417385	0.10669265262401902
UP000000674	0.014273193192043685	0.017827549168082678	0.03210074236012636	0.03210074236012636	0.03210074236012636	0.025700677810183845	0.03210074236012636	0.025700677810183845	0.025700677810183845	0.03210074236012636	0.025700677810183845	0.037128162428324	0.08018914268968379	0.08018914268968379	0.08018914268968379	0.06420148472025272	0.06420148472025272	0.07207461336235388	0.11228988504981015	0.11412977624846177
UP000001931	0.020013764984774703	0.009070450802426456	0.02908421578720116	0.02908421578720116	0.02908421578720116	0.06417372986310708	0.02908421578720116	0.06417372986310708	0.06417372986310708	0.02908421578720116	0.06417372986310708	0.10833369474143947	0.026362550836951642	0.026362550836951642	0.026362550836951642	0.05816843157440232	0.05816843157440232	0.11327171063508294	0.05544676662415281	0.09632309816402994
UP000000641	0.014371648725002486	0.01777525023345341	0.03214689895845589	0.03214689895845589	0.03214689895845589	0.025991416906163998	0.03214689895845589	0.025991416906163998	0.025991416906163998	0.03214689895845589	0.025991416906163998	0.037611185087325506	0.07952033676164004	0.07952033676164004	0.07952033676164004	0.06429379791691178	0.06429379791691178	0.07250996458962237	0.11166723572009592	0.11421594710882108
UP000002518	0.013514871435060362	0.018189149622466837	0.0317040210575272	0.0317040210575272	0.0317040210575272	0.023556668533733033	0.0317040210575272	0.023556668533733033	0.023556668533733033	0.0317040210575272	0.023556668533733033	0.033598465632405705	0.0853384636946235	0.0853384636946235	0.0853384636946235	0.0634080421150544	0.0634080421150544	0.0687755610263206	0.1170424847521507	0.11330121279504844
UP000001826	0.012079906687936771	0.01868327583970468	0.03076318252764145	0.03076318252764145	0.03076318252764145	0.01989032210123113	0.03076318252764145	0.01989032210123113	0.01989032210123113	0.03076318252764145	0.01989032210123113	0.027700737514525484	0.0951591828842639	0.0951591828842639	0.0951591828842639	0.0615263650552829	0.0615263650552829	0.06273341131680936	0.12592236541190535	0.11097282342262904
UP000005223	0.016103217269954548	0.016631921253302855	0.03273513852325741	0.03273513852325741	0.03273513852325741	0.03169453726804957	0.03273513852325741	0.03169453726804957	0.03169453726804957	0.03273513852325741	0.03169453726804957	0.04728585726614459	0.06761981000537225	0.06761981000537225	0.06761981000537225	0.06547027704651481	0.06547027704651481	0.08053289306126152	0.10035494852862967	0.11483733682307506
UP000000536	0.014437386702616238	0.01773962589113543	0.03217701259375167	0.03217701259375167	0.03217701259375167	0.026187247499006402	0.03217701259375167	0.026187247499006402	0.026187247499006402	0.03217701259375167	0.026187247499006402	0.037937108295396565	0.0790736131773862	0.0790736131773862	0.0790736131773862	0.06435402518750334	0.06435402518750334	0.0728016467953743	0.11125062577113787	0.11427066367239043
UP000002199	0.016921696447688938	0.0159173327258538	0.03283902917354274	0.03283902917354274	0.03283902917354274	0.03491113070777908	0.03283902917354274	0.03491113070777908	0.03491113070777908	0.03283902917354274	0.03491113070777908	0.052900564967869226	0.0617798286791379	0.0617798286791379	0.0617798286791379	0.06567805834708548	0.06567805834708548	0.08467185632901075	0.09461885785268064	0.11443442024648201
UP000002439	0.015743271300401474	0.016907242742326696	0.03265051404272817	0.03265051404272817	0.03265051404272817	0.03040270424374944	0.03265051404272817	0.03040270424374944	0.03040270424374944	0.03265051404272817	0.03040270424374944	0.04506213718709741	0.07012902922762618	0.07012902922762618	0.07012902922762618	0.06530102808545633	0.06530102808545633	0.07879648958687908	0.10277954327035435	0.1148587848705112
UP000001024	0.01711595305704126	0.015727063739006786	0.03284301679604805	0.03284301679604805	0.03284301679604805	0.035743451101971364	0.03284301679604805	0.035743451101971364	0.035743451101971364	0.03284301679604805	0.035743451101971364	0.054370949146901465	0.06035588165161827	0.06035588165161827	0.06035588165161827	0.0656860335920961	0.0656860335920961	0.08570242095506067	0.09319889844766631	0.11425611412715092
UP000000578	0.020012037890611293	0.009830541836592127	0.02984257972720342	0.02984257972720342	0.02984257972720342	0.060750551310548455	0.02984257972720342	0.060750551310548455	0.060750551310548455	0.02984257972720342	0.060750551310548455	0.10148906473048563	0.029319225770379348	0.029319225770379348	0.029319225770379348	0.05968515945440684	0.05968515945440684	0.11060516892836318	0.059161805497582765	0.09935828101820239
UP000001686	0.01630851083295072	0.016464827932036297	0.03277333876498702	0.03277333876498702	0.03277333876498702	0.032462188641570085	0.03277333876498702	0.032462188641570085	0.032462188641570085	0.03277333876498702	0.032462188641570085	0.048615866450189456	0.06617494252554197	0.06617494252554197	0.06617494252554197	0.06554667752997403	0.06554667752997403	0.08154403823950783	0.09894828129052899	0.11478484422699735
UP000002698	0.010378792367937399	0.01895545107039401	0.029334243438331412	0.029334243438331412	0.029334243438331412	0.0160615551055121	0.029334243438331412	0.0160615551055121	0.0160615551055121	0.029334243438331412	0.0160615551055121	0.0217443178430868	0.10715000290401254	0.10715000290401254	0.10715000290401254	0.058668486876662825	0.058668486876662825	0.05577459091178092	0.13648424634234396	0.10695818138538825
UP000001975	0.016872638453626628	0.015964020328743455	0.03283665878237008	0.03283665878237008	0.03283665878237008	0.03470561050730278	0.03283665878237008	0.03470561050730278	0.03470561050730278	0.03283665878237008	0.03470561050730278	0.05253858256097892	0.06213670609614645	0.06213670609614645	0.06213670609614645	0.06567331756474017	0.06567331756474017	0.08441490774329949	0.09497336487851653	0.11447399667585371
UP000001013	0.01883855263814358	0.013506398602920548	0.03234495124106413	0.03234495124106413	0.03234495124106413	0.04511432576861871	0.03234495124106413	0.04511432576861871	0.04511432576861871	0.03234495124106413	0.04511432576861871	0.07139009889909383	0.04637976310019663	0.04637976310019663	0.04637976310019663	0.06468990248212826	0.06468990248212826	0.09629782964782642	0.07872471434126076	0.11054125232611293
UP000000590	0.019882811078342718	0.010824061704121684	0.030706872782464402	0.030706872782464402	0.030706872782464402	0.05640571598995571	0.030706872782464402	0.05640571598995571	0.05640571598995571	0.030706872782464402	0.05640571598995571	0.0929286209015687	0.03343320865730557	0.03343320865730557	0.03343320865730557	0.061413745564928804	0.061413745564928804	0.10699539985076284	0.06414008143976997	0.10294468005151489
UP000001974	0.01983290888117897	0.011054448368532407	0.030887357249711377	0.030887357249711377	0.030887357249711377	0.05541535149395027	0.030887357249711377	0.05541535149395027	0.05541535149395027	0.030887357249711377	0.05541535149395027	0.09099779410672157	0.03443193310703624	0.03443193310703624	0.03443193310703624	0.061774714499422755	0.061774714499422755	0.10613561762484063	0.0653192903567476	0.10371652011766654
UP000001018	0.019752508743499115	0.011370091039243527	0.031122599782742646	0.031122599782742646	0.031122599782742646	0.05406723853021569	0.031122599782742646	0.05406723853021569	0.05406723853021569	0.031122599782742646	0.05406723853021569	0.08838196831693226	0.035830060627026754	0.035830060627026754	0.035830060627026754	0.06224519956548529	0.06224519956548529	0.10494234705645744	0.0669526604097694	0.10473789038747146
UP000001137	0.017761668663589112	0.015024488098535118	0.03278615676212423	0.03278615676212423	0.03278615676212423	0.03875918096791064	0.03278615676212423	0.03875918096791064	0.03875918096791064	0.03278615676212423	0.03875918096791064	0.05975669327223215	0.05546722342355677	0.05546722342355677	0.05546722342355677	0.06557231352424846	0.06557231352424846	0.08930700639362396	0.08825338018568099	0.1133829583849078
UP000000554	0.00918937138873265	0.018935838620747374	0.028125210009480022	0.028125210009480022	0.028125210009480022	0.013648880587735598	0.028125210009480022	0.013648880587735598	0.013648880587735598	0.028125210009480022	0.013648880587735598	0.01810838978673855	0.11591096178072575	0.11591096178072575	0.11591096178072575	0.056250420018960044	0.056250420018960044	0.05096346198594827	0.1440361717902058	0.10331146864918743
UP000000365	0.015466903338107798	0.017104323110937073	0.03257122644904487	0.03257122644904487	0.03257122644904487	0.029453139292537452	0.03257122644904487	0.029453139292537452	0.029453139292537452	0.03257122644904487	0.029453139292537452	0.04343937524696711	0.07203882627640693	0.07203882627640693	0.07203882627640693	0.06514245289808974	0.06514245289808974	0.07749126907969012	0.10461005272545179	0.1148180024580717
UP000008243	0.010197834886407648	0.0189639889416079	0.029161823828015545	0.029161823828015545	0.029161823828015545	0.015681693619433012	0.029161823828015545	0.015681693619433012	0.015681693619433012	0.029161823828015545	0.015681693619433012	0.021165552352458376	0.10845919957553195	0.10845919957553195	0.10845919957553195	0.05832364765603109	0.05832364765603109	0.05504135233385621	0.13762102340354748	0.10644946042565455
UP000000805	0.020021239747491416	0.009251391657388438	0.029272631404879856	0.029272631404879856	0.029272631404879856	0.06334986055087068	0.029272631404879856	0.06334986055087068	0.06334986055087068	0.029272631404879856	0.06334986055087068	0.10667848135424994	0.027052528353329774	0.027052528353329774	0.027052528353329774	0.05854526280975971	0.05854526280975971	0.11264373170324195	0.056325159758209634	0.097069285872028
UP000001400	0.018883890627222538	0.013427966008954182	0.03231185663617672	0.03231185663617672	0.03231185663617672	0.04544050575293186	0.03231185663617672	0.04544050575293186	0.04544050575293186	0.03231185663617672	0.04544050575293186	0.07199712087864119	0.04595266104446799	0.04595266104446799	0.04595266104446799	0.06462371327235344	0.06462371327235344	0.09663625301633111	0.07826451768064471	0.11036353591748435
UP000002408	0.013526369846061405	0.01818419898784608	0.031710568833907486	0.031710568833907486	0.031710568833907486	0.02358799979933718	0.031710568833907486	0.02358799979933718	0.02358799979933718	0.031710568833907486	0.02358799979933718	0.03364962975261296	0.08526031747704534	0.08526031747704534	0.08526031747704534	0.06342113766781497	0.06342113766781497	0.06882493847930607	0.11697088631095283	0.11331590548956853
UP000000254	0.019622291697799613	0.011795180447385957	0.031417472145185574	0.031417472145185574	0.031417472145185574	0.05226565253412042	0.031417472145185574	0.05226565253412042	0.05226565253412042	0.031417472145185574	0.05226565253412042	0.08490901337044122	0.03777079240899685	0.03777079240899685	0.03777079240899685	0.06283494429037115	0.06283494429037115	0.1033054163771056	0.06918826455418242	0.10604759688294266
UP000000663	0.01319264624821312	0.01832137651961814	0.03151402276783126	0.03151402276783126	0.03151402276783126	0.022692255343857604	0.03151402276783126	0.022692255343857604	0.022692255343857604	0.03151402276783126	0.022692255343857604	0.03219186443950208	0.08753062363897743	0.08753062363897743	0.08753062363897743	0.06302804553566252	0.06302804553566252	0.06739892435990198	0.11904464640680869	0.11286344482311193
UP000002613	0.01797707737200016	0.014761787018822201	0.03273886439082236	0.03273886439082236	0.03273886439082236	0.03986977304812741	0.03273886439082236	0.03986977304812741	0.03986977304812741	0.03273886439082236	0.03986977304812741	0.06176246872425465	0.05376670894548761	0.05376670894548761	0.05376670894548761	0.06547772878164472	0.06547772878164472	0.09058571481094993	0.08650557333630997	0.11297838019128928
UP000002487	0.017003685389952325	0.015838095226163314	0.03284178061611563	0.03284178061611563	0.03284178061611563	0.03525874148804077	0.03284178061611563	0.03525874148804077	0.03525874148804077	0.03284178061611563	0.03525874148804077	0.05351379758612922	0.06118100127895419	0.06118100127895419	0.06118100127895419	0.06568356123223126	0.06568356123223126	0.08510420749410873	0.09402278189506982	0.11436343707451022
UP000007722	0.020023146233564455	0.009522638983382499	0.02954578521694695	0.02954578521694695	0.02954578521694695	0.062125591342566684	0.02954578521694695	0.062125591342566684	0.062125591342566684	0.02954578521694695	0.062125591342566684	0.1042280364515689	0.02810286084111165	0.02810286084111165	0.02810286084111165	0.0590915704338939	0.0590915704338939	0.1116945227930781	0.0576486460580586	0.09815999463422335
UP000002071	0.01095711031469572	0.018901453056398305	0.029858563371094025	0.029858563371094025	0.029858563371094025	0.017308911210117916	0.029858563371094025	0.017308911210117916	0.017308911210117916	0.029858563371094025	0.017308911210117916	0.02366071210554011	0.10301442947659148	0.10301442947659148	0.10301442947659148	0.05971712674218805	0.05971712674218805	0.05812458489590766	0.1328729928476855	0.10847714316968038
UP000002376	0.017140227001356895	0.015702661508453744	0.032842888509810646	0.032842888509810646	0.032842888509810646	0.03584962741095494	0.032842888509810646	0.03584962741095494	0.03584962741095494	0.032842888509810646	0.03584962741095494	0.054559027820552976	0.060176654741925496	0.060176654741925496	0.060176654741925496	0.06568577701962129	0.06568577701962129	0.08583274292212248	0.09301954325173613	0.11423132703788567
UP000001941	0.01668023956076367	0.016142084944010534	0.0328223245047742	0.0328223245047742	0.0328223245047742	0.033916575063241736	0.0328223245047742	0.033916575063241736	0.033916575063241736	0.0328223245047742	0.033916575063241736	0.05115291056571981	0.06352675551042108	0.06352675551042108	0.06352675551042108	0.0656446490095484	0.0656446490095484	0.08341913912877962	0.09634908001519528	0.11460905845833315
UP000000391	0.019501251216269912	0.012131830947273253	0.031633082163543165	0.031633082163543165	0.031633082163543165	0.05084844033000748	0.031633082163543165	0.05084844033000748	0.05084844033000748	0.031633082163543165	0.05084844033000748	0.08219562944374506	0.039358213572381784	0.039358213572381784	0.039358213572381784	0.06326616432708633	0.06326616432708633	0.10198277370982056	0.07099129573592494	0.10703107743790276
UP000009079	0.019182659707833147	0.012863857732655684	0.03204651744048883	0.03204651744048883	0.03204651744048883	0.04778795378943666	0.03204651744048883	0.04778795378943666	0.04778795378943666	0.03204651744048883	0.04778795378943666	0.07639324787104017	0.042980676033488784	0.042980676033488784	0.042980676033488784	0.06409303488097766	0.06409303488097766	0.09901713093775863	0.07502719347397763	0.10900341005412217
UP000000242	0.01745676862042608	0.015370744860309114	0.0328275134807352	0.0328275134807352	0.0328275134807352	0.03728266342491275	0.0328275134807352	0.03728266342491275	0.03728266342491275	0.0328275134807352	0.03728266342491275	0.05710855822939941	0.05780947723856845	0.05780947723856845	0.05780947723856845	0.0656550269614704	0.0656550269614704	0.08756694552607402	0.09063699071930365	0.1138532853025147
UP000002654	0.011472483581851215	0.018819687267996908	0.030292170849848126	0.030292170849848126	0.030292170849848126	0.01846611092865965	0.030292170849848126	0.01846611092865965	0.01846611092865965	0.030292170849848126	0.01846611092865965	0.02545973827546809	0.09938374337091592	0.09938374337091592	0.09938374337091592	0.06058434169969625	0.06058434169969625	0.060230765360358984	0.12967591422076405	0.10969619981754127
UP000002593	0.01527233530452865	0.01723602037685888	0.032508355681387525	0.032508355681387525	0.032508355681387525	0.02880470649893188	0.032508355681387525	0.02880470649893188	0.02880470649893188	0.032508355681387525	0.02880470649893188	0.042337077693335105	0.07337642472745126	0.07337642472745126	0.07337642472745126	0.06501671136277505	0.06501671136277505	0.07658539748484805	0.10588478040883881	0.11476108742102145
UP000001746	0.010157980288325607	0.018965326079139536	0.029123306367465147	0.029123306367465147	0.029123306367465147	0.015598675750530552	0.029123306367465147	0.015598675750530552	0.015598675750530552	0.029123306367465147	0.015598675750530552	0.021039371212735497	0.10874858703879235	0.10874858703879235	0.10874858703879235	0.05824661273493029	0.05824661273493029	0.05487996240632131	0.13787189340625747	0.10633524518153498
UP000001059	0.018353985549791556	0.014259005586326328	0.03261299113611788	0.03261299113611788	0.03261299113611788	0.041978970021709944	0.03261299113611788	0.041978970021709944	0.041978970021709944	0.03261299113611788	0.041978970021709944	0.06560395449362834	0.050673334304983934	0.050673334304983934	0.050673334304983934	0.06522598227223576	0.06522598227223576	0.09294594670761937	0.08328632544110182	0.11209797899467998
UP000000262	0.013766014976815935	0.018077335776542122	0.03184335075335806	0.03184335075335806	0.03184335075335806	0.024248929643247454	0.03184335075335806	0.024248929643247454	0.024248929643247454	0.03184335075335806	0.024248929643247454	0.034731844309678975	0.08363247385508872	0.08363247385508872	0.08363247385508872	0.06368670150671613	0.06368670150671613	0.06985829537342145	0.11547582460844678	0.1136073880366163
UP000001879	0.012728403897217713	0.018490069587537305	0.031218473484755017	0.031218473484755017	0.031218473484755017	0.021490526992736337	0.031218473484755017	0.021490526992736337	0.021490526992736337	0.031218473484755017	0.021490526992736337	0.030252650088254954	0.09069978479799574	0.09069978479799574	0.09069978479799574	0.062436946969510035	0.062436946969510035	0.06543740437470906	0.12191825828275075	0.11214549004180235
UP000000740	0.009099595571643058	0.018926898741531663	0.02802649431317472	0.02802649431317472	0.02802649431317472	0.013474461242888529	0.02802649431317472	0.013474461242888529	0.013474461242888529	0.02802649431317472	0.013474461242888529	0.017849326914134	0.11658861446515695	0.11658861446515695	0.11658861446515695	0.05605298862634944	0.05605298862634944	0.05060055112770631	0.14461510877833164	0.10300638168105583
UP000008680	0.019722455896462394	0.01147588116203374	0.031198337058496135	0.031198337058496135	0.031198337058496135	0.05361747982497531	0.031198337058496135	0.05361747982497531	0.05361747982497531	0.031198337058496135	0.05361747982497531	0.08751250375348822	0.03630667604642424	0.03630667604642424	0.03630667604642424	0.06239667411699227	0.06239667411699227	0.10453827277993384	0.06750501310492038	0.10507089233752215
UP000000792	0.019874203798286725	0.01086637048894514	0.030740574287231863	0.030740574287231863	0.030740574287231863	0.056223413225451914	0.030740574287231863	0.056223413225451914	0.056223413225451914	0.030740574287231863	0.056223413225451914	0.0925726226526171	0.03361528065610339	0.03361528065610339	0.03361528065610339	0.061481148574463726	0.061481148574463726	0.10683819131097053	0.06435585494333525	0.10308809335064074
UP000002457	0.013219061794992408	0.018311006979214558	0.03153006877420697	0.03153006877420697	0.03153006877420697	0.022762152185279803	0.03153006877420697	0.022762152185279803	0.022762152185279803	0.03153006877420697	0.022762152185279803	0.032305242575567196	0.08735072402768057	0.08735072402768057	0.08735072402768057	0.06306013754841394	0.06306013754841394	0.06751128275447917	0.11888079280188756	0.11290121330183545
UP000000758	0.012774902189988249	0.01847432236057634	0.03124922455056459	0.03124922455056459	0.03124922455056459	0.021608683628815288	0.03124922455056459	0.021608683628815288	0.021608683628815288	0.03124922455056459	0.021608683628815288	0.030442465067642324	0.09038163099481196	0.09038163099481196	0.09038163099481196	0.06249844910112918	0.06249844910112918	0.06563281036936812	0.12163085554537655	0.1122219960122701
UP000006565	0.017051542746354013	0.015791128504364222	0.032842671250718235	0.032842671250718235	0.032842671250718235	0.03546410331480115	0.032842671250718235	0.03546410331480115	0.03546410331480115	0.032842671250718235	0.03546410331480115	0.05387666388324828	0.06083001988281357	0.06083001988281357	0.06083001988281357	0.06568534250143647	0.06568534250143647	0.08535831731187339	0.0936726911335318	0.11431914225651893
UP000001169	0.010866767847002188	0.018912540719871567	0.029779308566873757	0.029779308566873757	0.029779308566873757	0.0171105954315512	0.029779308566873757	0.0171105954315512	0.0171105954315512	0.029779308566873757	0.0171105954315512	0.023354423016100218	0.10365591568904098	0.10365591568904098	0.10365591568904098	0.059558617133747514	0.059558617133747514	0.05775667184542714	0.13343522425591473	0.10825046642049282
UP000006681	0.018125014666784827	0.014571518640606409	0.03269653330739124	0.03269653330739124	0.03269653330739124	0.040670101748902	0.03269653330739124	0.040670101748902	0.040670101748902	0.03269653330739124	0.040670101748902	0.06321518883101918	0.052572442376552786	0.052572442376552786	0.052572442376552786	0.06539306661478247	0.06539306661478247	0.09149164972307806	0.08526897568394404	0.11266111856278013
UP000009227	0.019534015850971802	0.012044936291493797	0.031578952142465595	0.031578952142465595	0.031578952142465595	0.051213533785449385	0.031578952142465595	0.051213533785449385	0.051213533785449385	0.031578952142465595	0.051213533785449385	0.08289305171992697	0.03894401126834416	0.03894401126834416	0.03894401126834416	0.06315790428493119	0.06315790428493119	0.10232650177888677	0.07052296341080976	0.10678179271889059
UP000000346	0.01177948726675062	0.018756131541705582	0.030535618808456202	0.030535618808456202	0.030535618808456202	0.019177405113456135	0.030535618808456202	0.019177405113456135	0.019177405113456135	0.030535618808456202	0.019177405113456135	0.026575322960161653	0.09724193763431463	0.09724193763431463	0.09724193763431463	0.061071237616912404	0.061071237616912404	0.06149251118866295	0.12777755644277083	0.11036298796707418
UP000005877	0.011599866290398286	0.018794656063062812	0.030394522353461097	0.030394522353461097	0.030394522353461097	0.018759183146404155	0.030394522353461097	0.018759183146404155	0.018759183146404155	0.030394522353461097	0.018759183146404155	0.025918500002410028	0.0984933066525479	0.0984933066525479	0.0984933066525479	0.060789044706922195	0.060789044706922195	0.06075357179026354	0.128887829006009	0.10997822312344611
UP000001304	0.01994886204789408	0.010443862247456992	0.030392724295351066	0.030392724295351066	0.030392724295351066	0.05805326131865319	0.030392724295351066	0.05805326131865319	0.05805326131865319	0.030392724295351066	0.05805326131865319	0.09615766058941229	0.03182311102292619	0.03182311102292619	0.03182311102292619	0.06078544859070213	0.06078544859070213	0.10839484766189833	0.062215835318277256	0.1016220351335102
UP000002315	0.020022822862936884	0.009544317509349141	0.029567140372286027	0.029567140372286027	0.029567140372286027	0.06202828160923624	0.029567140372286027	0.06202828160923624	0.06202828160923624	0.029567140372286027	0.06202828160923624	0.1040337403555356	0.0281876514104267	0.0281876514104267	0.0281876514104267	0.059134280744572054	0.059134280744572054	0.11161824484445917	0.057754791782712735	0.09824573862620722
UP000012076	0.01287946993499498	0.018437978012203347	0.031317447947198325	0.031317447947198325	0.031317447947198325	0.021876158492528237	0.031317447947198325	0.021876158492528237	0.021876158492528237	0.031317447947198325	0.021876158492528237	0.030872847050061495	0.08966679833303103	0.08966679833303103	0.08966679833303103	0.06263489589439665	0.06263489589439665	0.06607307637472154	0.12098424628022933	0.11239032185379833
UP000006663	0.0131656331619384	0.01833189427611676	0.03149752743805516	0.03149752743805516	0.03149752743805516	0.02262095152369416	0.03149752743805516	0.02262095152369416	0.02262095152369416	0.03149752743805516	0.02262095152369416	0.03207626988544992	0.08771463337179917	0.08771463337179917	0.08771463337179917	0.06299505487611032	0.06299505487611032	0.06728411212368772	0.11921216080985432	0.11282447659028225
UP000014070	0.0193364746543709	0.012532257361270905	0.031868732015641804	0.031868732015641804	0.031868732015641804	0.049171423082306064	0.031868732015641804	0.049171423082306064	0.049171423082306064	0.031868732015641804	0.049171423082306064	0.07900637151024123	0.04130920020698991	0.04130920020698991	0.04130920020698991	0.06373746403128361	0.06373746403128361	0.10037662975231876	0.07317793222263173	0.10813845340819632
UP000001901	0.018099816766725733	0.014604534996818595	0.03270435176354433	0.03270435176354433	0.03270435176354433	0.040531435922036736	0.03270435176354433	0.040531435922036736	0.040531435922036736	0.03270435176354433	0.040531435922036736	0.06296305507734774	0.05277753427393984	0.05277753427393984	0.05277753427393984	0.06540870352708866	0.06540870352708866	0.0913356044523068	0.08548188603748418	0.11271759028745158
UP000006794	0.008681032991420892	0.018870684877962483	0.027551717869383374	0.027551717869383374	0.027551717869383374	0.012674546437567463	0.027551717869383374	0.012674546437567463	0.012674546437567463	0.027551717869383374	0.012674546437567463	0.016668059883714035	0.11978293050457865	0.11978293050457865	0.11978293050457865	0.05510343573876675	0.05510343573876675	0.04890729729837173	0.14733464837396204	0.1015258384861126
UP000011511	0.015834587990958816	0.01683944413777503	0.03267403212873385	0.03267403212873385	0.03267403212873385	0.030724282377067348	0.03267403212873385	0.030724282377067348	0.030724282377067348	0.03267403212873385	0.030724282377067348	0.045613976763175884	0.06949502432293646	0.06949502432293646	0.06949502432293646	0.0653480642574677	0.0653480642574677	0.07923290249676	0.10216905645167029	0.11486154052397657
UP000007807	0.015013813146027639	0.017402374328350217	0.032416187474377856	0.032416187474377856	0.032416187474377856	0.02796690684063972	0.032416187474377856	0.02796690684063972	0.02796690684063972	0.032416187474377856	0.02796690684063972	0.040920000535251806	0.07514661641787594	0.07514661641787594	0.07514661641787594	0.06483237494875571	0.06483237494875571	0.07539690746104522	0.1075628038922538	0.11465093675148377
UP000007490	0.019250403351588882	0.012722005693223952	0.031972409044812834	0.031972409044812834	0.031972409044812834	0.04837930315991417	0.031972409044812834	0.04837930315991417	0.04837930315991417	0.031972409044812834	0.04837930315991417	0.07750820296823946	0.04225918412879608	0.04225918412879608	0.04225918412879608	0.06394481808962567	0.06394481808962567	0.09960211555631587	0.07423159317360892	0.10863923282766244
UP000058290	0.013653618654902925	0.018128334012392118	0.03178195266729504	0.03178195266729504	0.03178195266729504	0.02393704030005133	0.03178195266729504	0.02393704030005133	0.02393704030005133	0.03178195266729504	0.02393704030005133	0.03422046194519974	0.08439577346945573	0.08439577346945573	0.08439577346945573	0.06356390533459008	0.06356390533459008	0.06937261162224928	0.11617772613675079	0.11347419201427722
UP000006622	0.018746757680681087	0.013660412069938012	0.0324071697506191	0.0324071697506191	0.0324071697506191	0.04447372124070275	0.0324071697506191	0.04447372124070275	0.04447372124070275	0.0324071697506191	0.04447372124070275	0.07020068480072439	0.04722899824646409	0.04722899824646409	0.04722899824646409	0.0648143395012382	0.0648143395012382	0.09562764867200294	0.07963616799708322	0.11088192132179531
UP000012672	0.013674649135594463	0.01811891010466267	0.03179355924025713	0.03179355924025713	0.03179355924025713	0.02399513904925066	0.03179355924025713	0.02399513904925066	0.02399513904925066	0.03179355924025713	0.02399513904925066	0.03431562896290686	0.08425293198668142	0.08425293198668142	0.08425293198668142	0.06358711848051427	0.06358711848051427	0.06946334742510227	0.11604649122693855	0.11349958782543408
