	M	W	C	D	E	F	H	K	N	Q	Y	I	A	G	P	T	V	L	R	S
Start	3982.0	246.0	190.0	1097.0	1198.0	954.0	526.0	1577.0	1016.0	900.0	545.0	1734.0	1743.0	991.0	1128.0	1839.0	1407.0	2564.0	1572.0	1917.0
M	1240.0	632.0	461.0	2727.0	2891.0	1991.0	1074.0	1833.0	1477.0	1685.0	1318.0	2723.0	4818.0	4056.0	2292.0	2730.0	3759.0	5245.0	2787.0	2869.0
W	632.0	506.0	268.0	1477.0	1607.0	1203.0	629.0	1030.0	839.0	974.0	847.0	1495.0	2757.0	2258.0	1459.0	1471.0	2013.0	3068.0	1720.0	1603.0
C	461.0	268.0	304.0	1157.0	1245.0	782.0	485.0	746.0	626.0	661.0	563.0	1056.0	1999.0	1705.0	1014.0	1083.0	1447.0	2061.0	1222.0	1193.0
D	2727.0	1477.0	1157.0	7210.0	8137.0	4576.0	2696.0	5105.0	4043.0	4521.0	3445.0	6718.0	11478.0	9004.0	5405.0	6537.0	8588.0	12084.0	7148.0	6942.0
E	2891.0	1607.0	1245.0	8137.0	9944.0	4875.0	3008.0	5685.0	4064.0	5103.0	3719.0	7242.0	13271.0	9712.0	6176.0	7077.0	9711.0	13614.0	8504.0	7497.0
F	1991.0	1203.0	782.0	4576.0	4875.0	3690.0	1773.0	3211.0	2628.0	2763.0	2448.0	4722.0	7988.0	6690.0	3930.0	4546.0	6430.0	9093.0	4635.0	4811.0
H	1074.0	629.0	485.0	2696.0	3008.0	1773.0	1210.0	1754.0	1408.0	1694.0	1316.0	2513.0	4688.0	3681.0	2175.0	2438.0	3325.0	4749.0	2887.0	2574.0
K	1833.0	1030.0	746.0	5105.0	5685.0	3211.0	1754.0	4626.0	2975.0	3089.0	2456.0	4872.0	8559.0	6450.0	3868.0	4674.0	6348.0	8455.0	5081.0	4888.0
N	1477.0	839.0	626.0	4043.0	4064.0	2628.0	1408.0	2975.0	2590.0	2422.0	2030.0	3876.0	6873.0	5644.0	3135.0	3956.0	5116.0	6688.0	3953.0	4047.0
Q	1685.0	974.0	661.0	4521.0	5103.0	2763.0	1694.0	3089.0	2422.0	3222.0	2095.0	3941.0	8328.0	5942.0	3758.0	4248.0	5531.0	7851.0	4974.0	4537.0
Y	1318.0	847.0	563.0	3445.0	3719.0	2448.0	1316.0	2456.0	2030.0	2095.0	1894.0	3213.0	5796.0	4790.0	2858.0	3262.0	4357.0	5920.0	3489.0	3352.0
I	2723.0	1495.0	1056.0	6718.0	7242.0	4722.0	2513.0	4872.0	3876.0	3941.0	3213.0	6970.0	12187.0	10211.0	5758.0	6693.0	9059.0	12753.0	6934.0	6840.0
A	4818.0	2757.0	1999.0	11478.0	13271.0	7988.0	4688.0	8559.0	6873.0	8328.0	5796.0	12187.0	22914.0	16651.0	10211.0	11640.0	15536.0	22271.0	12490.0	12588.0
G	4056.0	2258.0	1705.0	9004.0	9712.0	6690.0	3681.0	6450.0	5644.0	5942.0	4790.0	10211.0	16651.0	14028.0	7769.0	9490.0	13001.0	17886.0	9354.0	10111.0
P	2292.0	1459.0	1014.0	5405.0	6176.0	3930.0	2175.0	3868.0	3135.0	3758.0	2858.0	5758.0	10211.0	7769.0	5110.0	5467.0	7416.0	10563.0	5884.0	5780.0
T	2730.0	1471.0	1083.0	6537.0	7077.0	4546.0	2438.0	4674.0	3956.0	4248.0	3262.0	6693.0	11640.0	9490.0	5467.0	6942.0	8521.0	12326.0	6623.0	7076.0
V	3759.0	2013.0	1447.0	8588.0	9711.0	6430.0	3325.0	6348.0	5116.0	5531.0	4357.0	9059.0	15536.0	13001.0	7416.0	8521.0	11744.0	16711.0	9005.0	9298.0
L	5245.0	3068.0	2061.0	12084.0	13614.0	9093.0	4749.0	8455.0	6688.0	7851.0	5920.0	12753.0	22271.0	17886.0	10563.0	12326.0	16711.0	25552.0	13119.0	13199.0
R	2787.0	1720.0	1222.0	7148.0	8504.0	4635.0	2887.0	5081.0	3953.0	4974.0	3489.0	6934.0	12490.0	9354.0	5884.0	6623.0	9005.0	13119.0	8488.0	7180.0
S	2869.0	1603.0	1193.0	6942.0	7497.0	4811.0	2574.0	4888.0	4047.0	4537.0	3352.0	6840.0	12588.0	10111.0	5780.0	7076.0	9298.0	13199.0	7180.0	7684.0
End	472.0	381.0	248.0	1310.0	1994.0	959.0	581.0	1768.0	857.0	1115.0	658.0	1268.0	2513.0	1957.0	1300.0	1287.0	1759.0	2753.0	2112.0	1752.0
