	AAA	AAC	AAG	AAT	ACA	ACC	ACG	ACT	AGA	AGC	AGG	AGT	ATA	ATC	ATG	ATT	CAA	CAC	CAG	CAT	CCA	CCC	CCG	CCT	CGA	CGC	CGG	CGT	CTA	CTC	CTG	CTT	GAA	GAC	GAG	GAT	GCA	GCC	GCG	GCT	GGA	GGC	GGG	GGT	GTA	GTC	GTG	GTT	TAA	TAC	TAG	TAT	TCA	TCC	TCG	TCT	TGA	TGC	TGG	TGT	TTA	TTC	TTG	TTT
Start	42255.0	18678.0	31150.0	20006.0	17857.0	18334.0	16206.0	13165.0	18107.0	17227.0	16733.0	14189.0	30436.0	24869.0	149590.0	26347.0	10768.0	9033.0	14790.0	6586.0	11153.0	10853.0	11607.0	8085.0	8480.0	10278.0	8373.0	6287.0	9195.0	22409.0	16569.0	15144.0	39042.0	33270.0	35625.0	30052.0	19859.0	16354.0	14705.0	13407.0	16184.0	12929.0	10135.0	11633.0	18322.0	20955.0	35083.0	21620.0	0.0	14708.0	0.0	14212.0	13162.0	11650.0	10697.0	9939.0	11.0	4815.0	8382.0	5127.0	15302.0	17341.0	23317.0	17130.0
AAA	129322.0	43516.0	68762.0	67771.0	38601.0	26130.0	17153.0	29322.0	46059.0	21890.0	31817.0	23250.0	79266.0	47297.0	48759.0	72341.0	25829.0	16571.0	29149.0	21216.0	28491.0	17030.0	17484.0	23870.0	7495.0	11089.0	10722.0	9729.0	21273.0	35189.0	30958.0	43329.0	128627.0	50989.0	81097.0	89250.0	51499.0	31590.0	21335.0	37085.0	54065.0	30756.0	23850.0	36674.0	43048.0	32892.0	29581.0	58180.0	3042.0	38085.0	985.0	51863.0	32283.0	20459.0	13841.0	26425.0	2066.0	10437.0	20999.0	13074.0	53542.0	38078.0	26790.0	51714.0
AAC	43516.0	45728.0	50468.0	29643.0	23168.0	37347.0	30259.0	17624.0	19871.0	25344.0	26932.0	13174.0	41621.0	54245.0	40265.0	31379.0	12525.0	22124.0	34105.0	11310.0	15514.0	21939.0	25754.0	12665.0	7639.0	19364.0	17066.0	7651.0	12506.0	52954.0	40042.0	25859.0	60140.0	72276.0	83233.0	48606.0	34547.0	50286.0	40333.0	24037.0	35208.0	50149.0	28950.0	27091.0	23945.0	56362.0	35514.0	33432.0	956.0	43439.0	468.0	26009.0	18291.0	22867.0	22555.0	13368.0	1179.0	10588.0	20763.0	7943.0	19255.0	46590.0	15866.0	24191.0
AAG	68762.0	50468.0	99202.0	39025.0	26943.0	38982.0	27815.0	22597.0	36367.0	31437.0	55042.0	17932.0	66934.0	61391.0	53820.0	47158.0	16216.0	24466.0	41046.0	16096.0	22686.0	28958.0	28736.0	20138.0	7343.0	21158.0	17552.0	9827.0	20108.0	59668.0	48029.0	38481.0	86031.0	77624.0	130429.0	70101.0	44009.0	57403.0	40129.0	36601.0	46822.0	53306.0	35598.0	35326.0	34339.0	58741.0	47305.0	50979.0	1996.0	51512.0	1185.0	35759.0	22408.0	27904.0	21793.0	18482.0	2440.0	13568.0	24870.0	9264.0	29138.0	52082.0	24462.0	32747.0
AAT	67771.0	29643.0	39025.0	53682.0	28717.0	17957.0	12215.0	22530.0	25551.0	14955.0	20296.0	18588.0	54324.0	28893.0	32174.0	49122.0	16919.0	9626.0	19393.0	15079.0	19188.0	10150.0	10698.0	15681.0	4654.0	5526.0	5961.0	6128.0	14920.0	20073.0	19892.0	28844.0	69296.0	29253.0	46356.0	61352.0	34935.0	20377.0	13155.0	25661.0	35934.0	19637.0	16223.0	27590.0	28914.0	19986.0	20380.0	39379.0	1181.0	25035.0	458.0	39155.0	25103.0	13849.0	9458.0	19826.0	952.0	6796.0	15092.0	9173.0	36440.0	25769.0	17551.0	35448.0
ACA	38601.0	23168.0	26943.0	28717.0	25434.0	17213.0	12493.0	16373.0	17455.0	13097.0	14938.0	12181.0	38325.0	24580.0	25924.0	30921.0	11995.0	9097.0	16409.0	10111.0	16207.0	9884.0	11244.0	11998.0	4367.0	6062.0	6113.0	5050.0	11750.0	21623.0	18633.0	22277.0	44589.0	28222.0	36247.0	39941.0	31819.0	20600.0	14834.0	21031.0	30043.0	20043.0	15101.0	22410.0	21506.0	20307.0	17779.0	28089.0	765.0	20605.0	318.0	23776.0	18544.0	11390.0	9063.0	12434.0	705.0	5126.0	11557.0	5958.0	21427.0	22064.0	12077.0	22539.0
ACC	26130.0	37347.0	38982.0	17957.0	17213.0	43752.0	32842.0	13360.0	11995.0	22954.0	20586.0	10096.0	26169.0	55478.0	35723.0	21504.0	8619.0	21581.0	32199.0	8765.0	11709.0	24167.0	29266.0	9928.0	8667.0	23636.0	21164.0	7771.0	8548.0	59952.0	42558.0	21511.0	46186.0	77663.0	79624.0	38289.0	30473.0	60131.0	48145.0	20032.0	29758.0	55523.0	30657.0	24469.0	16883.0	65537.0	34836.0	24125.0	653.0	37291.0	450.0	17635.0	13194.0	23058.0	23610.0	9516.0	1204.0	9440.0	17983.0	6424.0	10449.0	42903.0	11605.0	16492.0
ACG	17153.0	30259.0	27815.0	12215.0	12493.0	32842.0	35794.0	10246.0	8631.0	19549.0	14638.0	8196.0	19291.0	43904.0	27273.0	16003.0	7133.0	19627.0	26836.0	6158.0	9161.0	19962.0	29578.0	7056.0	9568.0	22495.0	20918.0	6996.0	6798.0	53533.0	35819.0	15613.0	37566.0	71463.0	71191.0	29939.0	22607.0	51435.0	50271.0	16305.0	21672.0	49898.0	27818.0	19752.0	12195.0	59156.0	30712.0	19374.0	613.0	31406.0	500.0	12496.0	9289.0	17351.0	24593.0	6890.0	1268.0	6372.0	15217.0	5153.0	7855.0	37404.0	10272.0	12521.0
ACT	29322.0	17624.0	22597.0	22530.0	16373.0	13360.0	10246.0	14702.0	13577.0	10203.0	12460.0	10093.0	27298.0	19176.0	19565.0	24823.0	8923.0	7187.0	12374.0	7566.0	11689.0	8208.0	9062.0	10055.0	3356.0	4812.0	4819.0	3912.0	9000.0	16888.0	14457.0	17188.0	34524.0	22688.0	30686.0	30834.0	22341.0	16925.0	12497.0	18197.0	22539.0	16410.0	12288.0	18429.0	16646.0	16881.0	14857.0	23205.0	592.0	16212.0	271.0	18732.0	13033.0	9070.0	7313.0	10687.0	573.0	3822.0	9453.0	4566.0	17737.0	17761.0	10709.0	17873.0
AGA	46059.0	19871.0	36367.0	25551.0	17455.0	11995.0	8631.0	13577.0	27638.0	12386.0	22657.0	10997.0	40494.0	21646.0	24829.0	31350.0	10998.0	8519.0	14581.0	9994.0	14973.0	9491.0	8866.0	12193.0	3290.0	4990.0	4600.0	4304.0	12562.0	19103.0	16907.0	21806.0	50145.0	23934.0	45521.0	39609.0	25468.0	16820.0	11724.0	20931.0	28309.0	16551.0	13667.0	19511.0	20667.0	16279.0	16899.0	28830.0	1273.0	19966.0	561.0	23578.0	14687.0	10169.0	7013.0	12194.0	1120.0	5381.0	11479.0	5523.0	22996.0	20435.0	13602.0	22590.0
AGC	21890.0	25344.0	31437.0	14955.0	13097.0	22954.0	19549.0	10203.0	12386.0	18682.0	20544.0	8105.0	27757.0	32945.0	25088.0	18323.0	6573.0	12996.0	20444.0	6455.0	9246.0	15139.0	17425.0	7913.0	5212.0	13528.0	12081.0	4776.0	8832.0	37151.0	28475.0	16980.0	32498.0	45409.0	55554.0	28120.0	21562.0	36762.0	29577.0	17119.0	21365.0	34797.0	20556.0	16253.0	14357.0	37669.0	25513.0	20793.0	624.0	26544.0	450.0	14934.0	10363.0	14956.0	14797.0	8075.0	870.0	6329.0	12990.0	4062.0	10402.0	29788.0	10243.0	13834.0
AGG	31817.0	26932.0	55042.0	20296.0	14938.0	20586.0	14638.0	12460.0	22657.0	20544.0	49450.0	10797.0	44361.0	30314.0	32285.0	26210.0	7679.0	13993.0	22544.0	9503.0	13569.0	19417.0	16303.0	12777.0	3095.0	9459.0	8854.0	5281.0	13786.0	36294.0	31766.0	24243.0	40788.0	40635.0	80377.0	40145.0	25224.0	36306.0	23485.0	23300.0	26424.0	32213.0	25695.0	22145.0	20319.0	30151.0	32981.0	31369.0	1026.0	30917.0	810.0	20346.0	14227.0	18086.0	11950.0	10649.0	1593.0	8677.0	14927.0	4551.0	16635.0	31765.0	15013.0	18847.0
AGT	23250.0	13174.0	17932.0	18588.0	12181.0	10096.0	8196.0	10093.0	10997.0	8105.0	10797.0	9336.0	22120.0	15242.0	15373.0	20611.0	7048.0	5444.0	9958.0	6335.0	8757.0	5844.0	6821.0	6999.0	2968.0	4079.0	4412.0	3319.0	7296.0	13935.0	11384.0	14039.0	27573.0	17582.0	24963.0	25117.0	17086.0	12801.0	9986.0	13625.0	16628.0	11902.0	9622.0	14967.0	13078.0	13411.0	11386.0	18529.0	511.0	12470.0	241.0	15151.0	10415.0	7058.0	6210.0	8141.0	561.0	2902.0	7598.0	3764.0	14501.0	13627.0	8208.0	14320.0
ATA	79266.0	41621.0	66934.0	54324.0	38325.0	26169.0	19291.0	27298.0	40494.0	27757.0	44361.0	22120.0	94054.0	40919.0	52058.0	60042.0	18682.0	16614.0	26788.0	19264.0	30440.0	21954.0	20040.0	24392.0	4588.0	8424.0	7345.0	6882.0	27589.0	40112.0	37570.0	44015.0	78559.0	44786.0	77438.0	71585.0	51674.0	39074.0	25714.0	39795.0	55357.0	39728.0	30556.0	40021.0	42374.0	32432.0	36956.0	54207.0	1911.0	42436.0	840.0	48507.0	32610.0	21978.0	14841.0	24455.0	1565.0	9634.0	21575.0	9650.0	47978.0	44423.0	27379.0	46930.0
ATC	47297.0	54245.0	61391.0	28893.0	24580.0	55478.0	43904.0	19176.0	21646.0	32945.0	30314.0	15242.0	40919.0	91002.0	55970.0	37775.0	13037.0	31338.0	46433.0	14742.0	18647.0	35591.0	44317.0	16374.0	12462.0	32782.0	29643.0	11940.0	13339.0	87778.0	64861.0	34825.0	70326.0	100181.0	110662.0	58144.0	46244.0	79793.0	64057.0	29718.0	47787.0	76862.0	45702.0	36284.0	25440.0	90157.0	48587.0	36826.0	1277.0	53630.0	761.0	29185.0	20237.0	33449.0	33993.0	15552.0	2053.0	13279.0	24886.0	9688.0	18571.0	65275.0	19561.0	28621.0
ATG	48759.0	40265.0	53820.0	32174.0	25924.0	35723.0	27273.0	19565.0	24829.0	25088.0	32285.0	15373.0	52058.0	55970.0	53690.0	40875.0	13647.0	21144.0	34503.0	14654.0	19735.0	24111.0	26845.0	16821.0	7236.0	17551.0	15582.0	8727.0	15732.0	54699.0	44589.0	33764.0	60317.0	62452.0	78598.0	53999.0	42895.0	52846.0	38863.0	30686.0	42474.0	49307.0	31495.0	33575.0	28204.0	53581.0	37837.0	39180.0	1167.0	40662.0	558.0	30252.0	21890.0	24417.0	21201.0	16283.0	1353.0	11613.0	21515.0	9823.0	26049.0	49336.0	19575.0	31326.0
ATT	72341.0	31379.0	47158.0	49122.0	30921.0	21504.0	16003.0	24823.0	31350.0	18323.0	26210.0	20611.0	60042.0	37775.0	40875.0	59200.0	17443.0	13049.0	21963.0	16986.0	25080.0	14697.0	15895.0	20531.0	6043.0	7981.0	8003.0	7559.0	18699.0	30785.0	27419.0	38687.0	74075.0	36483.0	55926.0	63643.0	44591.0	27644.0	20023.0	33347.0	46728.0	27568.0	22576.0	35846.0	33174.0	27393.0	25759.0	48494.0	1663.0	30124.0	610.0	40868.0	27326.0	15950.0	12117.0	21810.0	1360.0	7182.0	17109.0	9531.0	42199.0	33046.0	23480.0	42458.0
CAA	25829.0	12525.0	16216.0	16919.0	11995.0	8619.0	7133.0	8923.0	10998.0	6573.0	7679.0	7048.0	18682.0	13037.0	13647.0	17443.0	10368.0	5428.0	10581.0	5633.0	8818.0	5599.0	5991.0	6567.0	3428.0	4619.0	4268.0	3314.0	6487.0	11888.0	8508.0	11078.0	31064.0	17759.0	24202.0	23344.0	14961.0	11191.0	9026.0	11178.0	14329.0	10567.0	7471.0	11546.0	11639.0	11951.0	8915.0	15008.0	570.0	11265.0	277.0	13423.0	9277.0	5959.0	5288.0	7362.0	530.0	2402.0	6680.0	3486.0	13369.0	11770.0	7464.0	12532.0
CAC	16571.0	22124.0	24466.0	9626.0	9097.0	21581.0	19627.0	7187.0	8519.0	12996.0	13993.0	5444.0	16614.0	31338.0	21144.0	13049.0	5428.0	16698.0	18460.0	5919.0	7385.0	15241.0	18651.0	5979.0	5955.0	15807.0	13512.0	4857.0	5611.0	36129.0	24455.0	12037.0	28953.0	49965.0	51693.0	23385.0	16743.0	34024.0	29660.0	12122.0	17030.0	33946.0	18533.0	14240.0	10180.0	38583.0	21594.0	15398.0	419.0	24545.0	271.0	10449.0	6786.0	11687.0	13620.0	5058.0	743.0	6473.0	12060.0	4819.0	7025.0	26940.0	7641.0	10216.0
CAG	29149.0	34105.0	41046.0	19393.0	16409.0	32199.0	26836.0	12374.0	14581.0	20444.0	22544.0	9958.0	26788.0	46433.0	34503.0	21963.0	10581.0	18460.0	38382.0	9252.0	12001.0	20103.0	25501.0	10440.0	8311.0	21172.0	19318.0	8087.0	8363.0	46993.0	36431.0	21535.0	49424.0	65157.0	78946.0	39518.0	28482.0	46848.0	37868.0	19718.0	26333.0	44447.0	25077.0	21802.0	15988.0	50185.0	29291.0	23691.0	909.0	32988.0	529.0	18759.0	13459.0	19648.0	20011.0	10206.0	1271.0	7999.0	16381.0	6065.0	10220.0	36709.0	11098.0	17101.0
CAT	21216.0	11310.0	16096.0	15079.0	10111.0	8765.0	6158.0	7566.0	9994.0	6455.0	9503.0	6335.0	19264.0	14742.0	14654.0	16986.0	5633.0	5919.0	9252.0	7598.0	7893.0	6130.0	6784.0	6775.0	2665.0	3867.0	4628.0	3384.0	5653.0	12264.0	11344.0	12946.0	24899.0	15634.0	22365.0	24060.0	15077.0	11612.0	8431.0	11073.0	15060.0	10895.0	8933.0	11861.0	10775.0	11757.0	10316.0	15376.0	370.0	10898.0	189.0	13683.0	8575.0	6425.0	4762.0	6655.0	436.0	3690.0	6739.0	4081.0	10700.0	12222.0	6803.0	13241.0
CCA	28491.0	15514.0	22686.0	19188.0	16207.0	11709.0	9161.0	11689.0	14973.0	9246.0	13569.0	8757.0	30440.0	18647.0	19735.0	25080.0	8818.0	7385.0	12001.0	7893.0	14106.0	7664.0	8580.0	9189.0	3525.0	4837.0	4592.0	3856.0	9712.0	16981.0	13568.0	17013.0	34494.0	20774.0	31766.0	28991.0	22756.0	15505.0	11495.0	16577.0	22106.0	14860.0	11161.0	17413.0	17143.0	16318.0	14609.0	24214.0	518.0	16713.0	240.0	18571.0	12606.0	7543.0	6361.0	8800.0	454.0	4141.0	10140.0	5168.0	17435.0	17771.0	9830.0	17793.0
CCC	17030.0	21939.0	28958.0	10150.0	9884.0	24167.0	19962.0	8208.0	9491.0	15139.0	19417.0	5844.0	21954.0	35591.0	24111.0	14697.0	5599.0	15241.0	20103.0	6130.0	7664.0	17964.0	19279.0	7199.0	5408.0	15987.0	13691.0	4915.0	7143.0	40727.0	28914.0	14332.0	29125.0	48223.0	58274.0	23627.0	18160.0	40015.0	31649.0	13681.0	18263.0	35657.0	21254.0	14512.0	12529.0	44079.0	26960.0	17359.0	440.0	26644.0	308.0	12181.0	7638.0	14600.0	14625.0	6094.0	747.0	7359.0	13536.0	4566.0	7476.0	29887.0	8675.0	11686.0
CCG	17484.0	25754.0	28736.0	10698.0	11244.0	29266.0	29578.0	9062.0	8866.0	17425.0	16303.0	6821.0	20040.0	44317.0	26845.0	15895.0	5991.0	18651.0	25501.0	6784.0	8580.0	19279.0	28662.0	7205.0	8350.0	21211.0	20348.0	6858.0	6519.0	50106.0	36023.0	16121.0	34949.0	62181.0	68224.0	27861.0	21594.0	47416.0	45018.0	15321.0	20192.0	44910.0	25345.0	17509.0	12523.0	57028.0	31698.0	19781.0	573.0	31305.0	442.0	12861.0	8271.0	15788.0	21287.0	6364.0	1068.0	7656.0	16425.0	5658.0	6855.0	36861.0	9748.0	13069.0
CCT	23870.0	12665.0	20138.0	15681.0	11998.0	9928.0	7056.0	10055.0	12193.0	7913.0	12777.0	6999.0	24392.0	16374.0	16821.0	20531.0	6567.0	5979.0	10440.0	6775.0	9189.0	7199.0	7205.0	8758.0	2427.0	3838.0	4022.0	3266.0	7279.0	13914.0	12857.0	15107.0	28490.0	16405.0	26822.0	24131.0	17778.0	13646.0	9128.0	14085.0	17653.0	12482.0	9763.0	14154.0	14360.0	13673.0	13177.0	19915.0	459.0	13467.0	246.0	15800.0	9916.0	7412.0	5304.0	8235.0	414.0	4050.0	8189.0	4284.0	13398.0	14996.0	8456.0	15425.0
CGA	7495.0	7639.0	7343.0	4654.0	4367.0	8667.0	9568.0	3356.0	3290.0	5212.0	3095.0	2968.0	4588.0	12462.0	7236.0	6043.0	3428.0	5955.0	8311.0	2665.0	3525.0	5408.0	8350.0	2427.0	5370.0	8330.0	8064.0	3523.0	2188.0	15697.0	9378.0	5468.0	15199.0	22129.0	22090.0	11797.0	7622.0	13558.0	13663.0	5116.0	6820.0	12222.0	7155.0	6211.0	3638.0	16222.0	7747.0	6358.0	301.0	7962.0	249.0	4645.0	3414.0	4612.0	7108.0	2579.0	625.0	1854.0	4672.0	1905.0	2869.0	9418.0	3238.0	4404.0
CGC	11089.0	19364.0	21158.0	5526.0	6062.0	23636.0	22495.0	4812.0	4990.0	13528.0	9459.0	4079.0	8424.0	32782.0	17551.0	7981.0	4619.0	15807.0	21172.0	3867.0	4837.0	15987.0	21211.0	3838.0	8330.0	25958.0	18849.0	6454.0	3507.0	42679.0	25563.0	8994.0	27928.0	62067.0	60758.0	18709.0	13282.0	40989.0	36406.0	8870.0	11920.0	38701.0	17871.0	11302.0	6489.0	46701.0	20498.0	10257.0	467.0	22429.0	405.0	6520.0	4292.0	12084.0	17043.0	3589.0	920.0	5072.0	11062.0	3608.0	2958.0	25198.0	5561.0	6253.0
CGG	10722.0	17066.0	17552.0	5961.0	6113.0	21164.0	20918.0	4819.0	4600.0	12081.0	8854.0	4412.0	7345.0	29643.0	15582.0	8003.0	4268.0	13512.0	19318.0	4628.0	4592.0	13691.0	20348.0	4022.0	8064.0	18849.0	20934.0	5931.0	3109.0	35635.0	24157.0	9439.0	25135.0	50498.0	53517.0	19982.0	12888.0	34696.0	32702.0	8599.0	11861.0	31181.0	18873.0	10503.0	5981.0	38358.0	19724.0	9348.0	484.0	18465.0	484.0	7011.0	5025.0	10994.0	15975.0	3876.0	1061.0	4637.0	9744.0	3406.0	2849.0	21435.0	5520.0	6782.0
CGT	9729.0	7651.0	9827.0	6128.0	5050.0	7771.0	6996.0	3912.0	4304.0	4776.0	5281.0	3319.0	6882.0	11940.0	8727.0	7559.0	3314.0	4857.0	8087.0	3384.0	3856.0	4915.0	6858.0	3266.0	3523.0	6454.0	5931.0	4046.0	2688.0	12888.0	8966.0	7235.0	15494.0	17162.0	20269.0	13389.0	8747.0	11640.0	10120.0	6359.0	7829.0	10222.0	6697.0	7443.0	4987.0	13028.0	7646.0	7857.0	269.0	7714.0	176.0	5902.0	4172.0	4914.0	5423.0	3238.0	411.0	2011.0	4548.0	2269.0	3695.0	9009.0	3502.0	5288.0
CTA	21273.0	12506.0	20108.0	14920.0	11750.0	8548.0	6798.0	9000.0	12562.0	8832.0	13786.0	7296.0	27589.0	13339.0	15732.0	18699.0	6487.0	5611.0	8363.0	5653.0	9712.0	7143.0	6519.0	7279.0	2188.0	3507.0	3109.0	2688.0	12020.0	15579.0	12778.0	14009.0	23145.0	15183.0	25746.0	20440.0	16268.0	13997.0	9697.0	13858.0	15852.0	12717.0	9533.0	12408.0	14380.0	12143.0	12781.0	17611.0	639.0	14678.0	396.0	15176.0	9806.0	6846.0	5131.0	7595.0	517.0	2859.0	7582.0	3014.0	15088.0	14818.0	9256.0	14052.0
CTC	35189.0	52954.0	59668.0	20073.0	21623.0	59952.0	53533.0	16888.0	19103.0	37151.0	36294.0	13935.0	40112.0	87778.0	54699.0	30785.0	11888.0	36129.0	46993.0	12264.0	16981.0	40727.0	50106.0	13914.0	15697.0	42679.0	35635.0	12888.0	15579.0	118160.0	74944.0	35314.0	63961.0	116282.0	127238.0	51394.0	43400.0	101213.0	85343.0	31892.0	41834.0	91133.0	51896.0	34406.0	24226.0	114336.0	58654.0	38161.0	1243.0	62118.0	884.0	24469.0	16877.0	34048.0	39464.0	12934.0	2203.0	13668.0	29762.0	9546.0	14368.0	74544.0	20123.0	24850.0
CTG	30958.0	40042.0	48029.0	19892.0	18633.0	42558.0	35819.0	14457.0	16907.0	28475.0	31766.0	11384.0	37570.0	64861.0	44589.0	27419.0	8508.0	24455.0	36431.0	11344.0	13568.0	28914.0	36023.0	12857.0	9378.0	25563.0	24157.0	8966.0	12778.0	74944.0	64060.0	30465.0	48410.0	75104.0	89610.0	43046.0	36065.0	68799.0	55967.0	25599.0	33361.0	61581.0	38298.0	26118.0	21678.0	71888.0	47718.0	30494.0	1110.0	45731.0	823.0	22609.0	15749.0	26158.0	27714.0	12245.0	1844.0	11387.0	21841.0	7520.0	12738.0	55472.0	17146.0	23438.0
CTT	43329.0	25859.0	38481.0	28844.0	22277.0	21511.0	15613.0	17188.0	21806.0	16980.0	24243.0	14039.0	44015.0	34825.0	33764.0	38687.0	11078.0	12037.0	21535.0	12946.0	17013.0	14332.0	16121.0	15107.0	5468.0	8994.0	9439.0	7235.0	14009.0	35314.0	30465.0	36608.0	51875.0	33637.0	50826.0	45384.0	36437.0	30347.0	21396.0	27186.0	34083.0	26528.0	21153.0	26226.0	25016.0	29962.0	25626.0	37940.0	1092.0	27236.0	546.0	28362.0	19473.0	15530.0	12087.0	14856.0	1096.0	7043.0	14645.0	7152.0	23447.0	30827.0	16511.0	30229.0
GAA	128627.0	60140.0	86031.0	69296.0	44589.0	46186.0	37566.0	34524.0	50145.0	32498.0	40788.0	27573.0	78559.0	70326.0	60317.0	74075.0	31064.0	28953.0	49424.0	24899.0	34494.0	29125.0	34949.0	28490.0	15199.0	27928.0	25135.0	15494.0	23145.0	63961.0	48410.0	51875.0	171882.0	107320.0	144430.0	110671.0	65493.0	60680.0	48284.0	46859.0	64295.0	56457.0	37300.0	47387.0	47625.0	67348.0	43900.0	66528.0	3068.0	54379.0	1241.0	54481.0	37254.0	30804.0	28388.0	29323.0	2978.0	13382.0	29198.0	15214.0	49719.0	57801.0	29407.0	53305.0
GAC	50989.0	72276.0	77624.0	29253.0	28222.0	77663.0	71463.0	22688.0	23934.0	45409.0	40635.0	17582.0	44786.0	100181.0	62452.0	36483.0	17759.0	49965.0	65157.0	15634.0	20774.0	48223.0	62181.0	16405.0	22129.0	62067.0	50498.0	17162.0	15183.0	116282.0	75104.0	33637.0	107320.0	202576.0	196677.0	77929.0	51172.0	122658.0	108474.0	36598.0	48859.0	114065.0	57530.0	42104.0	28971.0	135956.0	66526.0	43458.0	1649.0	75762.0	1121.0	30133.0	21181.0	42175.0	52522.0	16059.0	2763.0	17627.0	35386.0	13234.0	17879.0	83021.0	21270.0	27276.0
GAG	81097.0	83233.0	130429.0	46356.0	36247.0	79624.0	71191.0	30686.0	45521.0	55554.0	80377.0	24963.0	77438.0	110662.0	78598.0	55926.0	24202.0	51693.0	78946.0	22365.0	31766.0	58274.0	68224.0	26822.0	22090.0	60758.0	53517.0	20269.0	25746.0	127238.0	89610.0	50826.0	144430.0	196677.0	281312.0	108208.0	64548.0	128608.0	108544.0	52501.0	63568.0	115804.0	68954.0	52209.0	41406.0	136377.0	82783.0	66783.0	2392.0	88126.0	1794.0	44825.0	30093.0	49457.0	53595.0	24366.0	4101.0	20584.0	43153.0	14706.0	31097.0	94696.0	32513.0	40748.0
GAT	89250.0	48606.0	70101.0	61352.0	39941.0	38289.0	29939.0	30834.0	39609.0	28120.0	40145.0	25117.0	71585.0	58144.0	53999.0	63643.0	23344.0	23385.0	39518.0	24060.0	28991.0	23627.0	27861.0	24131.0	11797.0	18709.0	19982.0	13389.0	20440.0	51394.0	43046.0	45384.0	110671.0	77929.0	108208.0	104058.0	58622.0	49926.0	39378.0	43082.0	56387.0	46844.0	34444.0	46011.0	41324.0	52817.0	40560.0	60823.0	1784.0	45091.0	769.0	51052.0	33845.0	27058.0	23346.0	26922.0	1784.0	12793.0	25891.0	14291.0	41063.0	48563.0	25749.0	46514.0
GCA	51499.0	34547.0	44009.0	34935.0	31819.0	30473.0	22607.0	22341.0	25468.0	21562.0	25224.0	17086.0	51674.0	46244.0	42895.0	44591.0	14961.0	16743.0	28482.0	15077.0	22756.0	18160.0	21594.0	17778.0	7622.0	13282.0	12888.0	8747.0	16268.0	43400.0	36065.0	36437.0	65493.0	51172.0	64548.0	58622.0	57390.0	44512.0	32872.0	35999.0	49158.0	39107.0	27607.0	37351.0	32008.0	41784.0	31813.0	43780.0	1171.0	33118.0	508.0	32514.0	25796.0	20357.0	17123.0	18003.0	1239.0	8971.0	18563.0	9342.0	28360.0	38905.0	18467.0	33814.0
GCC	31590.0	50286.0	57403.0	20377.0	20600.0	60131.0	51435.0	16925.0	16820.0	36762.0	36306.0	12801.0	39074.0	79793.0	52846.0	27644.0	11191.0	34024.0	46848.0	11612.0	15505.0	40015.0	47416.0	13646.0	13558.0	40989.0	34696.0	11640.0	13997.0	101213.0	68799.0	30347.0	60680.0	122658.0	128608.0	49926.0	44512.0	111680.0	89275.0	32882.0	40786.0	94332.0	51978.0	35029.0	23314.0	108316.0	58986.0	34722.0	1032.0	56180.0	773.0	22881.0	16109.0	34480.0	38164.0	12489.0	1892.0	13505.0	27316.0	8749.0	13917.0	68261.0	18100.0	22434.0
GCG	21335.0	40333.0	40129.0	13155.0	14834.0	48145.0	50271.0	12497.0	11724.0	29577.0	23485.0	9986.0	25714.0	64057.0	38863.0	20023.0	9026.0	29660.0	37868.0	8431.0	11495.0	31649.0	45018.0	9128.0	13663.0	36406.0	32702.0	10120.0	9697.0	85343.0	55967.0	21396.0	48284.0	108474.0	108544.0	39378.0	32872.0	89275.0	86650.0	24729.0	30568.0	79089.0	44042.0	27258.0	16540.0	94288.0	49464.0	26280.0	978.0	45280.0	835.0	16102.0	11261.0	25646.0	37056.0	9099.0	1933.0	9735.0	22486.0	7126.0	9428.0	56230.0	15228.0	16311.0
GCT	37085.0	24037.0	36601.0	25661.0	21031.0	20032.0	16305.0	18197.0	20931.0	17119.0	23300.0	13625.0	39795.0	29718.0	30686.0	33347.0	11178.0	12122.0	19718.0	11073.0	16577.0	13681.0	15321.0	14085.0	5116.0	8870.0	8599.0	6359.0	13858.0	31892.0	25599.0	27186.0	46859.0	36598.0	52501.0	43082.0	35999.0	32882.0	24729.0	33784.0	34110.0	28624.0	21228.0	28699.0	23686.0	29890.0	25076.0	36327.0	830.0	25259.0	427.0	25130.0	16696.0	14228.0	12143.0	14628.0	981.0	6442.0	14548.0	6461.0	22924.0	29038.0	15756.0	24539.0
GGA	54065.0	35208.0	46822.0	35934.0	30043.0	29758.0	21672.0	22539.0	28309.0	21365.0	26424.0	16628.0	55357.0	47787.0	42474.0	46728.0	14329.0	17030.0	26333.0	15060.0	22106.0	18263.0	20192.0	17653.0	6820.0	11920.0	11861.0	7829.0	15852.0	41834.0	33361.0	34083.0	64295.0	48859.0	63568.0	56387.0	49158.0	40786.0	30568.0	34110.0	51750.0	36976.0	27194.0	34897.0	32738.0	42718.0	32257.0	46109.0	1110.0	34625.0	501.0	33689.0	23624.0	20810.0	15941.0	18041.0	1267.0	10393.0	19298.0	9862.0	28864.0	40454.0	19035.0	34034.0
GGC	30756.0	50149.0	53306.0	19637.0	20043.0	55523.0	49898.0	16410.0	16551.0	34797.0	32213.0	11902.0	39728.0	76862.0	49307.0	27568.0	10567.0	33946.0	44447.0	10895.0	14860.0	35657.0	44910.0	12482.0	12222.0	38701.0	31181.0	10222.0	12717.0	91133.0	61581.0	26528.0	56457.0	114065.0	115804.0	46844.0	39107.0	94332.0	79089.0	28624.0	36976.0	96996.0	46766.0	32577.0	23181.0	104030.0	55912.0	33793.0	930.0	55606.0	665.0	22529.0	15200.0	30248.0	36241.0	12037.0	1549.0	13842.0	27787.0	9021.0	13019.0	65130.0	16220.0	21834.0
GGG	23850.0	28950.0	35598.0	16223.0	15101.0	30657.0	27818.0	12288.0	13667.0	20556.0	25695.0	9622.0	30556.0	45702.0	31495.0	22576.0	7471.0	18533.0	25077.0	8933.0	11161.0	21254.0	25345.0	9763.0	7155.0	17871.0	18873.0	6697.0	9533.0	51896.0	38298.0	21153.0	37300.0	57530.0	68954.0	34444.0	27607.0	51978.0	44042.0	21228.0	27194.0	46766.0	32960.0	21656.0	17369.0	54051.0	36057.0	26244.0	707.0	32277.0	545.0	17856.0	12111.0	19789.0	20673.0	9647.0	1115.0	9010.0	16843.0	6252.0	12148.0	38705.0	13181.0	18024.0
GGT	36674.0	27091.0	35326.0	27590.0	22410.0	24469.0	19752.0	18429.0	19511.0	16253.0	22145.0	14967.0	40021.0	36284.0	33575.0	35846.0	11546.0	14240.0	21802.0	11861.0	17413.0	14512.0	17509.0	14154.0	6211.0	11302.0	10503.0	7443.0	12408.0	34406.0	26118.0	26226.0	47387.0	42104.0	52209.0	46011.0	37351.0	35029.0	27258.0	28699.0	34897.0	32577.0	21656.0	35210.0	24830.0	37086.0	26845.0	38030.0	819.0	27171.0	395.0	25442.0	18516.0	15771.0	14208.0	14083.0	962.0	6897.0	15807.0	7954.0	22301.0	32042.0	14419.0	24859.0
GTA	43048.0	23945.0	34339.0	28914.0	21506.0	16883.0	12195.0	16646.0	20667.0	14357.0	20319.0	13078.0	42374.0	25440.0	28204.0	33174.0	11639.0	10180.0	15988.0	10775.0	17143.0	12529.0	12523.0	14360.0	3638.0	6489.0	5981.0	4987.0	14380.0	24226.0	21678.0	25016.0	47625.0	28971.0	41406.0	41324.0	32008.0	23314.0	16540.0	23686.0	32738.0	23181.0	17369.0	24830.0	25764.0	21797.0	21141.0	30445.0	917.0	23306.0	438.0	25720.0	17953.0	12923.0	9496.0	13985.0	842.0	5729.0	12409.0	6472.0	25368.0	24460.0	14773.0	25363.0
GTC	32892.0	56362.0	58741.0	19986.0	20307.0	65537.0	59156.0	16881.0	16279.0	37669.0	30151.0	13411.0	32432.0	90157.0	53581.0	27393.0	11951.0	38583.0	50185.0	11757.0	16318.0	44079.0	57028.0	13673.0	16222.0	46701.0	38358.0	13028.0	12143.0	114336.0	71888.0	29962.0	67348.0	135956.0	136377.0	52817.0	41784.0	108316.0	94288.0	29890.0	42718.0	104030.0	54051.0	37086.0	21797.0	123318.0	57932.0	34354.0	1033.0	60603.0	843.0	22458.0	15603.0	34812.0	43463.0	12238.0	2113.0	13554.0	28849.0	9756.0	12486.0	73237.0	18439.0	22092.0
GTG	29581.0	35514.0	47305.0	20380.0	17779.0	34836.0	30712.0	14857.0	16899.0	25513.0	32981.0	11386.0	36956.0	48587.0	37837.0	25759.0	8915.0	21594.0	29291.0	10316.0	14609.0	26960.0	31698.0	13177.0	7747.0	20498.0	19724.0	7646.0	12781.0	58654.0	47718.0	25626.0	43900.0	66526.0	82783.0	40560.0	31813.0	58986.0	49464.0	25076.0	32257.0	55912.0	36057.0	26845.0	21141.0	57932.0	43772.0	30453.0	997.0	40036.0	680.0	21294.0	14477.0	22674.0	23145.0	11593.0	1544.0	9718.0	18952.0	6562.0	14829.0	45079.0	17142.0	20745.0
GTT	58180.0	33432.0	50979.0	39379.0	28089.0	24125.0	19374.0	23205.0	28830.0	20793.0	31369.0	18529.0	54207.0	36826.0	39180.0	48494.0	15008.0	15398.0	23691.0	15376.0	24214.0	17359.0	19781.0	19915.0	6358.0	10257.0	9348.0	7857.0	17611.0	38161.0	30494.0	37940.0	66528.0	43458.0	66783.0	60823.0	43780.0	34722.0	26280.0	36327.0	46109.0	33793.0	26244.0	38030.0	30445.0	34354.0	30453.0	51468.0	1243.0	33464.0	589.0	35296.0	23863.0	16962.0	13893.0	18752.0	1251.0	8142.0	17652.0	9228.0	33337.0	35845.0	22099.0	36031.0
TAA	3042.0	956.0	1996.0	1181.0	765.0	653.0	613.0	592.0	1273.0	624.0	1026.0	511.0	1911.0	1277.0	1167.0	1663.0	570.0	419.0	909.0	370.0	518.0	440.0	573.0	459.0	301.0	467.0	484.0	269.0	639.0	1243.0	1110.0	1092.0	3068.0	1649.0	2392.0	1784.0	1171.0	1032.0	978.0	830.0	1110.0	930.0	707.0	819.0	917.0	1033.0	997.0	1243.0	0.0	1070.0	0.0	1199.0	654.0	517.0	491.0	486.0	0.0	292.0	719.0	321.0	1342.0	1113.0	795.0	1120.0
TAC	38085.0	43439.0	51512.0	25035.0	20605.0	37291.0	31406.0	16212.0	19966.0	26544.0	30917.0	12470.0	42436.0	53630.0	40662.0	30124.0	11265.0	24545.0	32988.0	10898.0	16713.0	26644.0	31305.0	13467.0	7962.0	22429.0	18465.0	7714.0	14678.0	62118.0	45731.0	27236.0	54379.0	75762.0	88126.0	45091.0	33118.0	56180.0	45280.0	25259.0	34625.0	55606.0	32277.0	27171.0	23306.0	60603.0	40036.0	33464.0	1070.0	48290.0	682.0	25088.0	16958.0	22741.0	22981.0	12298.0	1543.0	10980.0	23683.0	7711.0	19174.0	52898.0	17225.0	24427.0
TAG	985.0	468.0	1185.0	458.0	318.0	450.0	500.0	271.0	561.0	450.0	810.0	241.0	840.0	761.0	558.0	610.0	277.0	271.0	529.0	189.0	240.0	308.0	442.0	246.0	249.0	405.0	484.0	176.0	396.0	884.0	823.0	546.0	1241.0	1121.0	1794.0	769.0	508.0	773.0	835.0	427.0	501.0	665.0	545.0	395.0	438.0	843.0	680.0	589.0	0.0	682.0	0.0	534.0	287.0	329.0	413.0	234.0	1.0	172.0	436.0	148.0	435.0	642.0	385.0	426.0
TAT	51863.0	26009.0	35759.0	39155.0	23776.0	17635.0	12496.0	18732.0	23578.0	14934.0	20346.0	15151.0	48507.0	29185.0	30252.0	40868.0	13423.0	10449.0	18759.0	13683.0	18571.0	12181.0	12861.0	15800.0	4645.0	6520.0	7011.0	5902.0	15176.0	24469.0	22609.0	28362.0	54481.0	30133.0	44825.0	51052.0	32514.0	22881.0	16102.0	25130.0	33689.0	22529.0	17856.0	25442.0	25720.0	22458.0	21294.0	35296.0	1199.0	25088.0	534.0	35820.0	20374.0	13547.0	10248.0	16767.0	1004.0	6558.0	15966.0	7972.0	30937.0	27799.0	17404.0	33701.0
TCA	32283.0	18291.0	22408.0	25103.0	18544.0	13194.0	9289.0	13033.0	14687.0	10363.0	14227.0	10415.0	32610.0	20237.0	21890.0	27326.0	9277.0	6786.0	13459.0	8575.0	12606.0	7638.0	8271.0	9916.0	3414.0	4292.0	5025.0	4172.0	9806.0	16877.0	15749.0	19473.0	37254.0	21181.0	30093.0	33845.0	25796.0	16109.0	11261.0	16696.0	23624.0	15200.0	12111.0	18516.0	17953.0	15603.0	14477.0	23863.0	654.0	16958.0	287.0	20374.0	17372.0	9987.0	7577.0	11589.0	627.0	4102.0	9031.0	4864.0	19275.0	18477.0	10567.0	20644.0
TCC	20459.0	22867.0	27904.0	13849.0	11390.0	23058.0	17351.0	9070.0	10169.0	14956.0	18086.0	7058.0	21978.0	33449.0	24417.0	15950.0	5959.0	11687.0	19648.0	6425.0	7543.0	14600.0	15788.0	7412.0	4612.0	12084.0	10994.0	4914.0	6846.0	34048.0	26158.0	15530.0	30804.0	42175.0	49457.0	27058.0	20357.0	34480.0	25646.0	14228.0	20810.0	30248.0	19789.0	15771.0	12923.0	34812.0	22674.0	16962.0	517.0	22741.0	329.0	13547.0	9987.0	17032.0	14396.0	8093.0	744.0	6421.0	11048.0	4107.0	8860.0	26994.0	8826.0	13184.0
TCG	13841.0	22555.0	21793.0	9458.0	9063.0	23610.0	24593.0	7313.0	7013.0	14797.0	11950.0	6210.0	14841.0	33993.0	21201.0	12117.0	5288.0	13620.0	20011.0	4762.0	6361.0	14625.0	21287.0	5304.0	7108.0	17043.0	15975.0	5423.0	5131.0	39464.0	27714.0	12087.0	28388.0	52522.0	53595.0	23346.0	17123.0	38164.0	37056.0	12143.0	15941.0	36241.0	20673.0	14208.0	9496.0	43463.0	23145.0	13893.0	491.0	22981.0	413.0	10248.0	7577.0	14396.0	20230.0	6123.0	937.0	5071.0	11453.0	3917.0	5819.0	28779.0	8129.0	10236.0
TCT	26425.0	13368.0	18482.0	19826.0	12434.0	9516.0	6890.0	10687.0	12194.0	8075.0	10649.0	8141.0	24455.0	15552.0	16283.0	21810.0	7362.0	5058.0	10206.0	6655.0	8800.0	6094.0	6364.0	8235.0	2579.0	3589.0	3876.0	3238.0	7595.0	12934.0	12245.0	14856.0	29323.0	16059.0	24366.0	26922.0	18003.0	12489.0	9099.0	14628.0	18041.0	12037.0	9647.0	14083.0	13985.0	12238.0	11593.0	18752.0	486.0	12298.0	234.0	16767.0	11589.0	8093.0	6123.0	10744.0	461.0	3162.0	7312.0	3893.0	15330.0	13739.0	9129.0	16637.0
TGA	2066.0	1179.0	2440.0	952.0	705.0	1204.0	1268.0	573.0	1120.0	870.0	1593.0	561.0	1565.0	2053.0	1353.0	1360.0	530.0	743.0	1271.0	436.0	454.0	747.0	1068.0	414.0	625.0	920.0	1061.0	411.0	517.0	2203.0	1844.0	1096.0	2978.0	2763.0	4101.0	1784.0	1239.0	1892.0	1933.0	981.0	1267.0	1549.0	1115.0	962.0	842.0	2113.0	1544.0	1251.0	0.0	1543.0	1.0	1004.0	627.0	744.0	937.0	461.0	4.0	406.0	934.0	278.0	738.0	1638.0	707.0	900.0
TGC	10437.0	10588.0	13568.0	6796.0	5126.0	9440.0	6372.0	3822.0	5381.0	6329.0	8677.0	2902.0	9634.0	13279.0	11613.0	7182.0	2402.0	6473.0	7999.0	3690.0	4141.0	7359.0	7656.0	4050.0	1854.0	5072.0	4637.0	2011.0	2859.0	13668.0	11387.0	7043.0	13382.0	17627.0	20584.0	12793.0	8971.0	13505.0	9735.0	6442.0	10393.0	13842.0	9010.0	6897.0	5729.0	13554.0	9718.0	8142.0	292.0	10980.0	172.0	6558.0	4102.0	6421.0	5071.0	3162.0	406.0	10028.0	5043.0	5754.0	4024.0	12158.0	3961.0	6382.0
TGG	20999.0	20763.0	24870.0	15092.0	11557.0	17983.0	15217.0	9453.0	11479.0	12990.0	14927.0	7598.0	21575.0	24886.0	21515.0	17109.0	6680.0	12060.0	16381.0	6739.0	10140.0	13536.0	16425.0	8189.0	4672.0	11062.0	9744.0	4548.0	7582.0	29762.0	21841.0	14645.0	29198.0	35386.0	43153.0	25891.0	18563.0	27316.0	22486.0	14548.0	19298.0	27787.0	16843.0	15807.0	12409.0	28849.0	18952.0	17652.0	719.0	23683.0	436.0	15966.0	9031.0	11048.0	11453.0	7312.0	934.0	5043.0	16584.0	4215.0	11013.0	26144.0	9224.0	14478.0
TGT	13074.0	7943.0	9264.0	9173.0	5958.0	6424.0	5153.0	4566.0	5523.0	4062.0	4551.0	3764.0	9650.0	9688.0	9823.0	9531.0	3486.0	4819.0	6065.0	4081.0	5168.0	4566.0	5658.0	4284.0	1905.0	3608.0	3406.0	2269.0	3014.0	9546.0	7520.0	7152.0	15214.0	13234.0	14706.0	14291.0	9342.0	8749.0	7126.0	6461.0	9862.0	9021.0	6252.0	7954.0	6472.0	9756.0	6562.0	9228.0	321.0	7711.0	148.0	7972.0	4864.0	4107.0	3917.0	3893.0	278.0	5754.0	4215.0	7504.0	6497.0	8905.0	4123.0	7921.0
TTA	53542.0	19255.0	29138.0	36440.0	21427.0	10449.0	7855.0	17737.0	22996.0	10402.0	16635.0	14501.0	47978.0	18571.0	26049.0	42199.0	13369.0	7025.0	10220.0	10700.0	17435.0	7476.0	6855.0	13398.0	2869.0	2958.0	2849.0	3695.0	15088.0	14368.0	12738.0	23447.0	49719.0	17879.0	31097.0	41063.0	28360.0	13917.0	9428.0	22924.0	28864.0	13019.0	12148.0	22301.0	25368.0	12486.0	14829.0	33337.0	1342.0	19174.0	435.0	30937.0	19275.0	8860.0	5819.0	15330.0	738.0	4024.0	11013.0	6497.0	39762.0	19905.0	17308.0	31258.0
TTC	38078.0	46590.0	52082.0	25769.0	22064.0	42903.0	37404.0	17761.0	20435.0	29788.0	31765.0	13627.0	44423.0	65275.0	49336.0	33046.0	11770.0	26940.0	36709.0	12222.0	17771.0	29887.0	36861.0	14996.0	9418.0	25198.0	21435.0	9009.0	14818.0	74544.0	55472.0	30827.0	57801.0	83021.0	94696.0	48563.0	38905.0	68261.0	56230.0	29038.0	40454.0	65130.0	38705.0	32042.0	24460.0	73237.0	45079.0	35845.0	1113.0	52898.0	642.0	27799.0	18477.0	26994.0	28779.0	13739.0	1638.0	12158.0	26144.0	8905.0	19905.0	65044.0	19712.0	28014.0
TTG	26790.0	15866.0	24462.0	17551.0	12077.0	11605.0	10272.0	10709.0	13602.0	10243.0	15013.0	8208.0	27379.0	19561.0	19575.0	23480.0	7464.0	7641.0	11098.0	6803.0	9830.0	8675.0	9748.0	8456.0	3238.0	5561.0	5520.0	3502.0	9256.0	20123.0	17146.0	16511.0	29407.0	21270.0	32513.0	25749.0	18467.0	18100.0	15228.0	15756.0	19035.0	16220.0	13181.0	14419.0	14773.0	18439.0	17142.0	22099.0	795.0	17225.0	385.0	17404.0	10567.0	8826.0	8129.0	9129.0	707.0	3961.0	9224.0	4123.0	17308.0	19712.0	14696.0	18360.0
TTT	51714.0	24191.0	32747.0	35448.0	22539.0	16492.0	12521.0	17873.0	22590.0	13834.0	18847.0	14320.0	46930.0	28621.0	31326.0	42458.0	12532.0	10216.0	17101.0	13241.0	17793.0	11686.0	13069.0	15425.0	4404.0	6253.0	6782.0	5288.0	14052.0	24850.0	23438.0	30229.0	53305.0	27276.0	40748.0	46514.0	33814.0	22434.0	16311.0	24539.0	34034.0	21834.0	18024.0	24859.0	25363.0	22092.0	20745.0	36031.0	1120.0	24427.0	426.0	33701.0	20644.0	13184.0	10236.0	16637.0	900.0	6382.0	14478.0	7921.0	31258.0	28014.0	18360.0	38582.0
End	41328.0	15775.0	34263.0	17490.0	10508.0	12369.0	12774.0	8713.0	19300.0	12847.0	22813.0	9838.0	21441.0	20615.0	16554.0	19628.0	11009.0	8056.0	17662.0	6653.0	8616.0	9810.0	13647.0	7147.0	8817.0	11229.0	13756.0	5782.0	9297.0	22627.0	20885.0	14344.0	41916.0	31714.0	54106.0	24348.0	15383.0	18682.0	19319.0	12156.0	20318.0	19157.0	18505.0	16156.0	12602.0	20047.0	19925.0	16144.0	59871.0	16167.0	32986.0	14423.0	11113.0	10896.0	11744.0	9032.0	74133.0	4836.0	13082.0	4260.0	15657.0	19587.0	11124.0	14732.0
