	AAA	AAC	AAG	AAT	ACA	ACC	ACG	ACT	AGA	AGC	AGG	AGT	ATA	ATC	ATG	ATT	CAA	CAC	CAG	CAT	CCA	CCC	CCG	CCT	CGA	CGC	CGG	CGT	CTA	CTC	CTG	CTT	GAA	GAC	GAG	GAT	GCA	GCC	GCG	GCT	GGA	GGC	GGG	GGT	GTA	GTC	GTG	GTT	TAA	TAC	TAG	TAT	TCA	TCC	TCG	TCT	TGA	TGC	TGG	TGT	TTA	TTC	TTG	TTT
Start	475.0	213.0	397.5	208.0	210.0	134.0	122.5	160.0	214.5	182.5	199.0	165.0	433.5	282.0	1936.5	359.0	115.0	73.5	165.5	85.5	142.0	120.0	116.0	101.5	44.0	60.5	39.0	60.5	104.0	239.0	205.5	201.5	566.0	243.0	485.0	398.0	260.0	148.5	138.5	177.0	220.0	129.0	130.5	157.5	234.0	208.5	458.5	277.5	0.0	187.0	0.0	175.0	172.0	123.5	99.0	116.0	0.0	65.5	111.0	68.0	161.5	218.0	285.0	221.5
AAA	759.0	498.0	768.0	397.5	303.5	293.0	206.0	214.0	386.5	235.5	422.5	166.5	677.5	511.0	510.0	502.0	163.0	206.5	301.5	155.5	221.5	196.0	206.5	207.5	81.0	109.5	75.0	96.0	208.5	404.5	293.5	411.0	882.5	659.0	952.5	657.5	428.0	380.5	244.5	352.5	437.0	377.0	252.5	353.5	319.5	430.5	341.5	501.0	23.0	405.0	10.0	374.5	244.0	215.0	167.0	203.0	21.5	94.0	240.5	84.5	234.0	472.5	207.5	366.0
AAC	498.0	514.0	631.5	322.0	304.5	338.0	244.0	210.5	250.5	329.0	294.0	158.0	600.5	483.0	547.0	413.0	149.0	197.5	362.5	145.0	193.5	269.0	228.5	155.5	35.5	96.0	57.5	71.5	139.0	541.5	476.5	325.5	804.0	599.0	1011.5	687.0	433.5	541.5	336.5	311.5	446.0	504.5	333.0	360.0	292.0	460.0	522.0	405.0	11.5	545.5	6.0	319.5	216.0	282.0	172.5	155.0	13.0	114.0	261.5	101.0	147.5	496.0	194.5	282.0
AAG	768.0	631.5	1243.0	410.5	388.0	458.5	356.0	254.5	414.0	382.0	618.5	173.5	972.5	671.5	697.0	463.0	166.5	353.0	545.0	206.5	251.5	363.5	394.5	271.5	62.5	154.0	98.0	117.0	205.0	900.5	573.0	442.5	964.5	1039.0	1692.5	876.5	621.5	778.5	562.0	438.5	515.5	700.0	471.0	447.5	446.5	772.0	572.5	533.0	23.5	691.0	14.0	417.5	276.5	314.0	328.0	224.5	29.0	143.0	336.0	117.0	250.0	675.5	206.0	363.5
AAT	397.5	322.0	410.5	310.0	203.0	174.5	139.5	160.5	230.5	166.0	202.0	121.0	427.5	309.5	328.0	339.0	109.0	129.5	180.0	112.5	123.5	111.0	112.5	126.0	47.0	52.5	32.5	54.5	131.0	276.5	189.5	270.5	478.0	348.5	513.0	501.0	261.5	237.0	154.0	207.0	307.5	223.5	177.5	227.0	227.0	234.0	235.5	327.0	10.5	300.5	4.5	291.5	171.5	128.0	112.5	150.5	11.0	70.0	171.5	67.0	182.5	322.0	180.5	318.0
ACA	303.5	304.5	388.0	203.0	231.0	188.0	128.5	148.5	174.5	161.0	195.5	95.5	413.0	266.0	358.0	262.0	102.5	113.0	169.5	104.0	165.5	124.0	124.0	122.0	32.0	55.5	34.0	42.5	112.0	246.5	190.5	244.5	383.5	313.5	483.0	432.0	376.5	260.0	147.5	240.0	291.0	243.5	182.0	224.5	216.0	222.5	220.0	298.0	8.0	275.5	4.0	200.0	152.0	123.0	95.5	112.5	9.0	56.0	147.0	50.5	105.5	287.0	134.0	212.5
ACC	293.0	338.0	458.5	174.5	188.0	324.0	182.0	151.0	137.0	232.0	187.5	103.5	348.0	316.5	390.5	250.5	83.0	156.5	248.0	85.5	131.5	219.5	175.5	106.0	19.5	84.5	47.5	47.0	100.5	448.0	399.0	233.5	430.5	421.5	767.5	422.5	323.0	417.0	277.5	244.5	332.5	393.0	289.5	273.5	191.0	353.5	379.5	288.0	7.0	437.0	4.0	194.0	138.0	200.5	119.0	97.0	8.0	82.0	181.0	53.5	107.5	389.0	144.0	188.0
ACG	206.0	244.0	356.0	139.5	128.5	182.0	134.0	109.5	104.0	178.5	120.0	63.5	213.0	233.5	293.0	184.5	60.5	111.5	176.5	59.0	104.0	162.0	158.5	95.5	16.0	48.0	26.5	35.5	74.0	320.0	275.5	161.0	260.5	289.0	538.5	243.0	205.5	288.0	182.5	186.0	233.0	297.0	241.0	157.0	147.0	270.0	292.0	203.5	4.0	265.5	3.0	134.5	102.5	143.5	106.0	80.0	8.0	59.5	135.0	37.5	87.5	295.0	101.0	158.0
ACT	214.0	210.5	254.5	160.5	148.5	151.0	109.5	157.0	140.0	132.5	148.0	87.0	298.0	228.5	249.5	202.5	83.0	92.5	138.0	70.0	107.0	104.5	99.0	98.0	23.0	42.5	26.5	41.5	81.0	198.0	170.5	184.5	314.5	266.0	391.5	326.0	237.0	217.0	145.0	214.5	223.0	193.0	149.0	180.5	169.0	184.0	196.0	255.0	6.5	193.5	3.0	170.0	111.5	96.5	76.5	92.0	7.0	43.5	114.0	41.0	116.5	217.0	114.0	160.5
AGA	386.5	250.5	414.0	230.5	174.5	137.0	104.0	140.0	234.0	138.5	247.5	83.5	437.5	286.0	337.5	217.5	78.0	111.0	175.0	99.0	160.0	120.5	95.0	124.5	41.5	59.5	52.5	48.5	111.5	214.5	191.5	248.0	449.0	301.5	487.5	423.0	296.5	197.5	140.0	203.0	279.0	191.0	146.0	204.5	215.0	194.0	202.5	282.5	14.0	263.0	5.5	231.5	173.0	131.5	76.5	119.0	13.0	65.5	126.0	46.0	141.0	236.5	109.5	191.5
AGC	235.5	329.0	382.0	166.0	161.0	232.0	178.5	132.5	138.5	224.0	141.0	104.0	402.5	305.5	357.0	233.5	87.5	130.0	209.0	79.0	117.5	175.0	171.5	100.5	24.0	76.5	36.0	45.0	80.5	397.5	300.5	200.5	385.0	414.0	605.5	372.0	253.5	326.5	239.0	191.0	264.0	281.0	235.0	220.0	185.0	341.0	318.5	262.0	8.0	354.5	4.5	187.5	132.0	197.5	125.5	102.0	11.0	74.5	163.5	51.5	106.5	369.0	113.0	163.0
AGG	422.5	294.0	618.5	202.0	195.5	187.5	120.0	148.0	247.5	141.0	351.0	100.5	512.0	304.0	386.5	264.5	74.0	112.0	221.0	126.5	158.5	144.5	110.5	172.5	37.5	61.0	52.0	49.0	111.5	265.5	224.5	282.5	489.5	320.5	728.5	490.0	339.5	258.0	152.0	240.5	349.5	198.5	199.0	223.5	219.0	217.5	268.0	313.5	11.0	317.5	6.0	264.5	145.5	164.5	89.5	145.0	17.0	77.0	176.0	60.5	139.5	292.0	123.5	221.5
AGT	166.5	158.0	173.5	121.0	95.5	103.5	63.5	87.0	83.5	104.0	100.5	82.0	200.5	185.5	183.0	153.0	65.0	66.0	99.0	56.5	81.0	75.0	66.5	63.0	19.0	29.5	21.0	34.5	57.5	156.5	130.5	145.0	256.5	179.0	310.0	266.0	187.5	153.5	90.0	141.0	171.0	129.0	118.5	136.5	102.5	130.5	129.5	188.0	5.0	155.5	2.5	110.5	93.5	77.5	57.0	65.5	6.5	32.5	84.0	39.5	78.5	165.0	83.0	105.0
ATA	677.5	600.5	972.5	427.5	413.0	348.0	213.0	298.0	437.5	402.5	512.0	200.5	1188.0	513.0	793.5	577.0	177.0	222.5	346.0	205.5	339.0	300.0	232.0	342.0	58.0	85.0	59.5	75.0	271.0	424.5	429.5	535.5	704.5	547.5	1035.0	860.0	648.0	421.0	270.0	517.5	579.0	413.5	378.0	406.5	531.0	392.5	450.0	687.5	17.5	531.0	8.5	437.0	333.0	276.5	146.5	282.0	19.5	126.0	305.0	95.0	318.5	630.0	306.5	536.5
ATC	511.0	483.0	671.5	309.5	266.0	316.5	233.5	228.5	286.0	305.5	304.0	185.5	513.0	507.0	581.0	440.0	152.0	192.5	359.0	140.5	240.0	288.0	223.0	181.0	35.5	136.0	63.0	89.0	175.0	509.5	499.5	369.5	738.0	562.5	962.5	582.0	484.0	464.0	295.5	353.5	583.5	472.0	374.0	395.5	308.0	358.5	454.5	486.0	14.0	494.5	7.0	327.0	216.5	265.5	171.0	162.5	16.5	103.5	220.0	96.5	207.5	531.0	274.0	338.5
ATG	510.0	547.0	697.0	328.0	358.0	390.5	293.0	249.5	337.5	357.0	386.5	183.0	793.5	581.0	711.0	502.0	166.0	252.0	433.5	193.0	272.0	330.5	276.0	207.5	47.5	145.5	70.0	106.5	165.0	645.0	620.0	403.5	753.5	605.5	1052.5	713.5	595.0	630.0	461.0	368.5	541.5	569.5	405.0	417.5	358.5	497.5	564.5	502.5	13.5	555.5	7.0	364.0	244.5	285.5	218.5	194.0	16.0	118.5	285.0	129.5	242.5	652.5	242.0	426.5
ATT	502.0	413.0	463.0	339.0	262.0	250.5	184.5	202.5	217.5	233.5	264.5	153.0	577.0	440.0	502.0	502.0	139.0	167.0	251.5	151.0	184.0	166.0	183.5	177.0	51.5	70.0	49.0	72.0	166.5	355.5	269.0	437.5	618.0	488.5	634.5	527.5	451.0	317.5	204.5	295.5	371.0	333.0	252.5	349.5	284.5	319.0	276.5	440.0	17.0	389.0	6.0	316.5	206.0	191.5	139.0	166.5	17.0	69.0	222.0	82.0	217.5	442.0	203.0	364.0
CAA	163.0	149.0	166.5	109.0	102.5	83.0	60.5	83.0	78.0	87.5	74.0	65.0	177.0	152.0	166.0	139.0	101.0	59.5	131.5	52.5	77.5	69.5	54.0	57.5	20.5	25.5	15.5	30.0	57.0	106.0	95.5	99.0	334.5	152.5	279.0	244.0	141.0	114.0	62.0	122.5	131.5	102.0	90.0	108.5	106.0	95.5	111.5	153.0	6.5	144.5	3.0	101.5	69.5	74.5	43.5	53.0	6.5	32.0	84.0	31.5	76.5	147.0	82.5	101.0
CAC	206.5	197.5	353.0	129.5	113.0	156.5	111.5	92.5	111.0	130.0	112.0	66.0	222.5	192.5	252.0	167.0	59.5	133.0	159.5	70.0	91.5	152.5	122.5	82.5	18.5	43.0	28.0	32.5	64.5	302.0	249.0	150.0	284.5	302.0	501.5	277.5	205.5	263.5	170.5	153.0	227.0	224.5	184.0	160.0	138.0	238.0	240.5	191.0	5.0	247.0	2.0	144.5	86.0	123.5	73.5	64.0	7.0	69.0	125.0	51.0	75.5	255.5	87.0	133.5
CAG	301.5	362.5	545.0	180.0	169.5	248.0	176.5	138.0	175.0	209.0	221.0	99.0	346.0	359.0	433.5	251.5	131.5	159.5	414.0	96.0	157.0	223.5	200.5	119.0	26.5	111.0	56.5	55.0	97.5	435.0	394.5	245.5	485.0	434.0	888.0	413.0	293.0	375.0	297.0	232.0	338.5	378.5	253.5	247.0	184.5	301.0	353.5	299.5	10.0	375.0	5.0	195.0	130.5	172.5	111.0	103.5	12.5	77.5	185.0	54.0	110.5	370.5	141.5	193.0
CAT	155.5	145.0	206.5	112.5	104.0	85.5	59.0	70.0	99.0	79.0	126.5	56.5	205.5	140.5	193.0	151.0	52.5	70.0	96.0	70.0	71.0	77.0	69.0	67.0	23.0	41.0	19.0	36.0	57.0	144.5	114.0	126.0	241.5	177.0	297.5	263.5	168.0	134.0	81.0	117.5	165.0	126.0	99.5	117.0	110.5	114.5	129.0	177.0	3.5	149.0	2.0	127.5	71.0	63.0	53.0	58.0	5.0	33.0	81.0	39.0	85.5	158.5	73.0	130.0
CCA	221.5	193.5	251.5	123.5	165.5	131.5	104.0	107.0	160.0	117.5	158.5	81.0	339.0	240.0	272.0	184.0	77.5	91.5	157.0	71.0	141.0	101.5	98.5	97.5	25.5	43.0	31.0	38.0	82.0	202.0	163.5	182.0	339.0	259.0	415.0	320.0	241.0	197.5	123.5	176.0	218.0	171.0	131.5	189.5	150.0	173.0	175.5	236.0	6.0	195.5	2.5	160.5	104.0	97.0	70.0	89.0	6.0	52.0	116.0	46.5	79.0	230.5	94.0	168.5
CCC	196.0	269.0	363.5	111.0	124.0	219.5	162.0	104.5	120.5	175.0	144.5	75.0	300.0	288.0	330.5	166.0	69.5	152.5	223.5	77.0	101.5	199.0	153.5	92.5	21.0	67.0	44.0	45.5	65.5	417.0	364.5	181.5	362.0	374.0	720.0	303.0	225.5	328.5	203.5	179.5	244.0	295.0	269.5	183.5	152.0	327.0	315.0	221.0	5.0	360.5	3.0	144.0	91.5	178.5	102.0	71.0	7.0	87.5	174.5	53.0	68.5	396.0	102.0	122.0
CCG	206.5	228.5	394.5	112.5	124.0	175.5	158.5	99.0	95.0	171.5	110.5	66.5	232.0	223.0	276.0	183.5	54.0	122.5	200.5	69.0	98.5	153.5	155.0	91.5	17.0	80.5	38.0	42.5	72.5	342.5	295.5	178.5	265.5	338.0	626.5	268.5	215.0	274.5	219.0	171.5	225.5	254.5	225.0	156.0	150.0	329.5	317.0	204.0	4.0	302.5	3.0	143.5	97.5	141.0	92.0	72.5	6.0	75.0	163.0	45.0	79.5	338.0	99.5	149.5
CCT	207.5	155.5	271.5	126.0	122.0	106.0	95.5	98.0	124.5	100.5	172.5	63.0	342.0	181.0	207.5	177.0	57.5	82.5	119.0	67.0	97.5	92.5	91.5	94.0	24.0	48.5	31.5	38.0	67.0	179.0	149.5	184.5	252.5	208.0	354.0	270.5	194.0	161.0	119.5	177.5	177.0	150.0	116.0	142.0	143.0	177.5	167.5	259.5	5.5	190.0	2.0	172.0	94.5	82.5	67.0	79.0	6.0	47.0	101.5	39.0	103.5	192.0	92.5	155.5
CGA	81.0	35.5	62.5	47.0	32.0	19.5	16.0	23.0	41.5	24.0	37.5	19.0	58.0	35.5	47.5	51.5	20.5	18.5	26.5	23.0	25.5	21.0	17.0	24.0	10.0	11.0	7.5	10.0	22.5	36.5	36.0	40.5	94.0	43.5	77.0	76.5	48.0	31.5	18.5	36.0	47.0	32.0	29.0	32.5	37.5	27.0	34.0	54.0	3.0	41.5	1.0	45.5	24.0	19.0	12.0	24.0	2.5	11.0	22.0	11.0	29.5	32.5	25.5	43.0
CGC	109.5	96.0	154.0	52.5	55.5	84.5	48.0	42.5	59.5	76.5	61.0	29.5	85.0	136.0	145.5	70.0	25.5	43.0	111.0	41.0	43.0	67.0	80.5	48.5	11.0	37.0	26.0	27.5	24.0	139.5	144.5	89.5	137.0	124.5	255.5	160.0	118.5	144.5	81.5	71.0	113.5	123.0	108.0	83.0	69.5	105.0	104.5	96.0	4.0	97.0	1.5	73.5	43.0	68.0	36.5	36.0	4.5	38.0	51.0	19.0	31.0	122.0	36.5	60.5
CGG	75.0	57.5	98.0	32.5	34.0	47.5	26.5	26.5	52.5	36.0	52.0	21.0	59.5	63.0	70.0	49.0	15.5	28.0	56.5	19.0	31.0	44.0	38.0	31.5	7.5	26.0	13.0	20.0	23.0	59.0	79.5	62.0	93.5	99.0	130.0	85.0	59.5	75.5	27.5	50.5	60.0	63.5	59.5	38.5	47.0	64.5	65.0	69.0	2.5	62.5	1.5	46.5	32.0	46.5	23.5	28.5	4.0	20.5	37.0	10.0	30.5	75.0	27.5	44.5
CGT	96.0	71.5	117.0	54.5	42.5	47.0	35.5	41.5	48.5	45.0	49.0	34.5	75.0	89.0	106.5	72.0	30.0	32.5	55.0	36.0	38.0	45.5	42.5	38.0	10.0	27.5	20.0	27.0	28.0	73.0	71.0	63.5	141.0	91.5	172.5	133.5	74.0	80.0	53.0	66.0	77.5	79.5	59.5	82.0	54.0	67.0	77.0	76.0	3.0	74.0	1.0	63.5	38.0	42.5	26.0	31.5	3.0	24.5	45.0	23.5	30.5	81.0	42.5	61.0
CTA	208.5	139.0	205.0	131.0	112.0	100.5	74.0	81.0	111.5	80.5	111.5	57.5	271.0	175.0	165.0	166.5	57.0	64.5	97.5	57.0	82.0	65.5	72.5	67.0	22.5	24.0	23.0	28.0	68.0	182.0	141.5	137.0	256.0	185.0	244.5	191.5	172.5	122.5	96.5	120.5	170.0	121.5	88.5	107.0	118.0	153.0	110.5	161.5	6.0	140.5	3.0	127.0	88.0	74.0	64.0	72.5	6.5	34.0	79.0	32.5	112.0	158.0	72.5	133.5
CTC	404.5	541.5	900.5	276.5	246.5	448.0	320.0	198.0	214.5	397.5	265.5	156.5	424.5	509.5	645.0	355.5	106.0	302.0	435.0	144.5	202.0	417.0	342.5	179.0	36.5	139.5	59.0	73.0	182.0	808.0	757.0	397.5	527.5	694.0	1283.0	531.5	495.0	778.0	480.0	383.0	530.5	612.0	500.0	326.0	316.5	655.0	679.0	459.0	13.0	695.5	8.0	317.5	185.0	415.5	264.0	171.5	20.5	151.5	317.0	79.0	172.5	707.5	235.0	287.5
CTG	293.5	476.5	573.0	189.5	190.5	399.0	275.5	170.5	191.5	300.5	224.5	130.5	429.5	499.5	620.0	269.0	95.5	249.0	394.5	114.0	163.5	364.5	295.5	149.5	36.0	144.5	79.5	71.0	141.5	757.0	786.0	334.5	498.5	590.0	1081.5	503.0	396.5	644.0	442.0	300.0	448.5	511.0	447.5	331.0	240.0	484.5	567.0	420.5	13.0	564.5	8.0	245.0	143.0	358.5	205.5	128.0	24.0	111.0	247.0	69.5	132.5	656.5	227.0	257.5
CTT	411.0	325.5	442.5	270.5	244.5	233.5	161.0	184.5	248.0	200.5	282.5	145.0	535.5	369.5	403.5	437.5	99.0	150.0	245.5	126.0	182.0	181.5	178.5	184.5	40.5	89.5	62.0	63.5	137.0	397.5	334.5	335.0	530.5	410.0	647.5	543.5	387.0	367.0	240.0	311.5	336.0	327.0	245.5	297.0	291.5	368.0	322.5	452.5	14.0	348.5	6.0	271.5	195.5	178.0	126.0	147.5	13.0	69.5	180.5	76.0	160.5	395.5	178.0	330.5
GAA	882.5	804.0	964.5	478.0	383.5	430.5	260.5	314.5	449.0	385.0	489.5	256.5	704.5	738.0	753.5	618.0	334.5	284.5	485.0	241.5	339.0	362.0	265.5	252.5	94.0	137.0	93.5	141.0	256.0	527.5	498.5	530.5	1818.0	916.5	1608.0	1308.5	729.5	590.5	321.5	521.0	674.5	491.5	436.5	543.5	409.5	531.0	596.5	737.5	34.0	621.5	15.5	443.5	325.0	327.0	227.0	257.0	35.5	130.0	371.0	166.0	251.5	710.5	331.5	437.5
GAC	659.0	599.0	1039.0	348.5	313.5	421.5	289.0	266.0	301.5	414.0	320.5	179.0	547.5	562.5	605.5	488.5	152.5	302.0	434.0	177.0	259.0	374.0	338.0	208.0	43.5	124.5	99.0	91.5	185.0	694.0	590.0	410.0	916.5	926.0	1512.5	816.5	540.5	664.5	456.5	409.5	550.0	632.0	487.0	428.5	386.5	627.0	630.0	528.0	13.0	637.5	6.5	370.0	256.5	326.5	224.0	194.5	14.5	181.0	329.0	120.5	193.0	667.0	235.0	395.5
GAG	952.5	1011.5	1692.5	513.0	483.0	767.5	538.5	391.5	487.5	605.5	728.5	310.0	1035.0	962.5	1052.5	634.5	279.0	501.5	888.0	297.5	415.0	720.0	626.5	354.0	77.0	255.5	130.0	172.5	244.5	1283.0	1081.5	647.5	1608.0	1512.5	3089.0	1424.0	825.0	1141.5	732.5	704.5	862.0	914.0	853.5	640.0	518.0	1105.5	1042.0	859.5	32.5	1082.5	16.5	547.5	371.0	693.0	434.5	305.5	50.0	250.5	557.0	170.0	263.5	1159.5	396.0	459.5
GAT	657.5	687.0	876.5	501.0	432.0	422.5	243.0	326.0	423.0	372.0	490.0	266.0	860.0	582.0	713.5	527.5	244.0	277.5	413.0	263.5	320.0	303.0	268.5	270.5	76.5	160.0	85.0	133.5	191.5	531.5	503.0	543.5	1308.5	816.5	1424.0	1274.0	714.5	563.0	335.5	520.0	708.5	496.0	397.0	530.5	431.0	533.5	542.0	657.5	21.0	626.5	9.0	495.0	313.5	328.5	219.0	266.5	22.0	147.0	350.5	139.5	333.5	676.5	321.0	489.5
GCA	428.0	433.5	621.5	261.5	376.5	323.0	205.5	237.0	296.5	253.5	339.5	187.5	648.0	484.0	595.0	451.0	141.0	205.5	293.0	168.0	241.0	225.5	215.0	194.0	48.0	118.5	59.5	74.0	172.5	495.0	396.5	387.0	729.5	540.5	825.0	714.5	723.0	536.0	315.0	471.5	639.0	482.0	317.5	443.0	331.5	391.0	402.0	612.0	13.5	439.0	6.0	317.5	265.0	197.0	153.5	193.5	16.5	85.0	240.5	87.0	189.5	505.0	210.5	336.5
GCC	380.5	541.5	778.5	237.0	260.0	417.0	288.0	217.0	197.5	326.5	258.0	153.5	421.0	464.0	630.0	317.5	114.0	263.5	375.0	134.0	197.5	328.5	274.5	161.0	31.5	144.5	75.5	80.0	122.5	778.0	644.0	367.0	590.5	664.5	1141.5	563.0	536.0	664.0	468.5	394.0	518.0	618.5	468.5	356.5	269.5	590.5	594.5	443.0	10.5	613.5	4.0	297.0	185.0	357.5	222.5	154.0	16.0	161.5	284.5	70.5	144.0	645.0	202.0	269.5
GCG	244.5	336.5	562.0	154.0	147.5	277.5	182.5	145.0	140.0	239.0	152.0	90.0	270.0	295.5	461.0	204.5	62.0	170.5	297.0	81.0	123.5	203.5	219.0	119.5	18.5	81.5	27.5	53.0	96.5	480.0	442.0	240.0	321.5	456.5	732.5	335.5	315.0	468.5	352.0	266.0	338.0	411.5	329.0	215.0	186.0	362.0	400.0	308.5	7.5	342.0	4.0	181.5	137.5	217.5	164.5	100.0	11.5	88.0	163.0	44.0	109.0	452.5	133.0	183.0
GCT	352.5	311.5	438.5	207.0	240.0	244.5	186.0	214.5	203.0	191.0	240.5	141.0	517.5	353.5	368.5	295.5	122.5	153.0	232.0	117.5	176.0	179.5	171.5	177.5	36.0	71.0	50.5	66.0	120.5	383.0	300.0	311.5	521.0	409.5	704.5	520.0	471.5	394.0	266.0	372.0	349.5	341.0	275.5	336.5	268.5	333.5	312.0	430.5	10.5	290.0	4.5	280.5	194.0	181.5	143.0	152.0	12.0	72.0	188.0	70.5	140.0	363.0	173.5	238.0
GGA	437.0	446.0	515.5	307.5	291.0	332.5	233.0	223.0	279.0	264.0	349.5	171.0	579.0	583.5	541.5	371.0	131.5	227.0	338.5	165.0	218.0	244.0	225.5	177.0	47.0	113.5	60.0	77.5	170.0	530.5	448.5	336.0	674.5	550.0	862.0	708.5	639.0	518.0	338.0	349.5	590.0	430.5	341.0	453.5	293.0	466.0	454.0	483.5	12.5	423.0	7.0	296.0	231.5	243.0	180.5	178.5	17.0	100.0	240.0	102.5	202.0	529.5	194.5	327.0
GGC	377.0	504.5	700.0	223.5	243.5	393.0	297.0	193.0	191.0	281.0	198.5	129.0	413.5	472.0	569.5	333.0	102.0	224.5	378.5	126.0	171.0	295.0	254.5	150.0	32.0	123.0	63.5	79.5	121.5	612.0	511.0	327.0	491.5	632.0	914.0	496.0	482.0	618.5	411.5	341.0	430.5	508.0	382.0	331.5	244.0	616.0	492.0	443.5	9.0	557.5	4.0	275.5	174.0	273.5	197.5	142.0	12.0	158.5	234.5	79.0	141.0	642.5	171.5	255.5
GGG	252.5	333.0	471.0	177.5	182.0	289.5	241.0	149.0	146.0	235.0	199.0	118.5	378.0	374.0	405.0	252.5	90.0	184.0	253.5	99.5	131.5	269.5	225.0	116.0	29.0	108.0	59.5	59.5	88.5	500.0	447.5	245.5	436.5	487.0	853.5	397.0	317.5	468.5	329.0	275.5	341.0	382.0	351.0	248.0	213.0	464.5	414.5	306.5	9.0	420.5	4.5	234.0	153.5	240.0	169.5	121.0	12.5	93.5	190.0	65.5	106.0	487.0	171.0	200.5
GGT	353.5	360.0	447.5	227.0	224.5	273.5	157.0	180.5	204.5	220.0	223.5	136.5	406.5	395.5	417.5	349.5	108.5	160.0	247.0	117.0	189.5	183.5	156.0	142.0	32.5	83.0	38.5	82.0	107.0	326.0	331.0	297.0	543.5	428.5	640.0	530.5	443.0	356.5	215.0	336.5	453.5	331.5	248.0	363.0	244.5	321.5	337.5	465.5	10.0	338.0	5.0	246.5	169.0	198.5	128.0	136.0	14.0	78.0	208.5	98.0	116.5	439.0	174.5	278.0
GTA	319.5	292.0	446.5	227.0	216.0	191.0	147.0	169.0	215.0	185.0	219.0	102.5	531.0	308.0	358.5	284.5	106.0	138.0	184.5	110.5	150.0	152.0	150.0	143.0	37.5	69.5	47.0	54.0	118.0	316.5	240.0	291.5	409.5	386.5	518.0	431.0	331.5	269.5	186.0	268.5	293.0	244.0	213.0	244.5	251.0	289.5	243.0	397.5	9.0	299.0	5.0	242.5	164.5	137.0	123.5	125.5	10.5	67.5	159.5	55.0	177.0	306.5	166.0	258.5
GTC	430.5	460.0	772.0	234.0	222.5	353.5	270.0	184.0	194.0	341.0	217.5	130.5	392.5	358.5	497.5	319.0	95.5	238.0	301.0	114.5	173.0	327.0	329.5	177.5	27.0	105.0	64.5	67.0	153.0	655.0	484.5	368.0	531.0	627.0	1105.5	533.5	391.0	590.5	362.0	333.5	466.0	616.0	464.5	321.5	289.5	509.0	506.0	396.0	8.5	517.5	4.0	260.5	183.0	288.0	192.5	159.0	18.0	130.5	247.0	72.5	167.0	540.0	163.0	279.5
GTG	341.5	522.0	572.5	235.5	220.0	379.5	292.0	196.0	202.5	318.5	268.0	129.5	450.0	454.5	564.5	276.5	111.5	240.5	353.5	129.0	175.5	315.0	317.0	167.5	34.0	104.5	65.0	77.0	110.5	679.0	567.0	322.5	596.5	630.0	1042.0	542.0	402.0	594.5	400.0	312.0	454.0	492.0	414.5	337.5	243.0	506.0	501.0	371.0	12.0	548.0	6.0	264.5	167.0	325.0	216.0	135.5	19.0	116.0	231.5	87.5	151.0	639.0	206.5	243.5
GTT	501.0	405.0	533.0	327.0	298.0	288.0	203.5	255.0	282.5	262.0	313.5	188.0	687.5	486.0	502.5	440.0	153.0	191.0	299.5	177.0	236.0	221.0	204.0	259.5	54.0	96.0	69.0	76.0	161.5	459.0	420.5	452.5	737.5	528.0	859.5	657.5	612.0	443.0	308.5	430.5	483.5	443.5	306.5	465.5	397.5	396.0	371.0	529.0	16.0	374.5	7.0	398.5	251.5	201.0	152.0	197.0	14.5	90.5	219.0	96.5	180.5	409.0	225.5	400.5
TAA	23.0	11.5	23.5	10.5	8.0	7.0	4.0	6.5	14.0	8.0	11.0	5.0	17.5	14.0	13.5	17.0	6.5	5.0	10.0	3.5	6.0	5.0	4.0	5.5	3.0	4.0	2.5	3.0	6.0	13.0	13.0	14.0	34.0	13.0	32.5	21.0	13.5	10.5	7.5	10.5	12.5	9.0	9.0	10.0	9.0	8.5	12.0	16.0	0.0	14.0	0.0	11.5	6.0	6.0	4.5	4.0	0.0	3.0	9.0	3.0	8.0	14.0	9.0	11.5
TAC	405.0	545.5	691.0	300.5	275.5	437.0	265.5	193.5	263.0	354.5	317.5	155.5	531.0	494.5	555.5	389.0	144.5	247.0	375.0	149.0	195.5	360.5	302.5	190.0	41.5	97.0	62.5	74.0	140.5	695.5	564.5	348.5	621.5	637.5	1082.5	626.5	439.0	613.5	342.0	290.0	423.0	557.5	420.5	338.0	299.0	517.5	548.0	374.5	14.0	615.0	8.0	307.5	200.0	306.5	208.0	153.0	19.0	135.0	289.5	94.0	161.5	640.5	211.5	287.5
TAG	10.0	6.0	14.0	4.5	4.0	4.0	3.0	3.0	5.5	4.5	6.0	2.5	8.5	7.0	7.0	6.0	3.0	2.0	5.0	2.0	2.5	3.0	3.0	2.0	1.0	1.5	1.5	1.0	3.0	8.0	8.0	6.0	15.5	6.5	16.5	9.0	6.0	4.0	4.0	4.5	7.0	4.0	4.5	5.0	5.0	4.0	6.0	7.0	0.0	8.0	0.0	5.5	3.0	3.0	3.0	2.5	0.0	2.0	5.0	1.0	4.5	8.0	5.0	5.5
TAT	374.5	319.5	417.5	291.5	200.0	194.0	134.5	170.0	231.5	187.5	264.5	110.5	437.0	327.0	364.0	316.5	101.5	144.5	195.0	127.5	160.5	144.0	143.5	172.0	45.5	73.5	46.5	63.5	127.0	317.5	245.0	271.5	443.5	370.0	547.5	495.0	317.5	297.0	181.5	280.5	296.0	275.5	234.0	246.5	242.5	260.5	264.5	398.5	11.5	307.5	5.5	312.0	170.5	135.0	120.0	153.5	12.0	75.0	188.0	72.5	200.5	359.5	181.0	326.5
TCA	244.0	216.0	276.5	171.5	152.0	138.0	102.5	111.5	173.0	132.0	145.5	93.5	333.0	216.5	244.5	206.0	69.5	86.0	130.5	71.0	104.0	91.5	97.5	94.5	24.0	43.0	32.0	38.0	88.0	185.0	143.0	195.5	325.0	256.5	371.0	313.5	265.0	185.0	137.5	194.0	231.5	174.0	153.5	169.0	164.5	183.0	167.0	251.5	6.0	200.0	3.0	170.5	123.0	105.0	88.0	98.0	8.0	41.0	112.5	40.5	105.0	212.0	127.0	218.5
TCC	215.0	282.0	314.0	128.0	123.0	200.5	143.5	96.5	131.5	197.5	164.5	77.5	276.5	265.5	285.5	191.5	74.5	123.5	172.5	63.0	97.0	178.5	141.0	82.5	19.0	68.0	46.5	42.5	74.0	415.5	358.5	178.0	327.0	326.5	693.0	328.5	197.0	357.5	217.5	181.5	243.0	273.5	240.0	198.5	137.0	288.0	325.0	201.0	6.0	306.5	3.0	135.0	105.0	179.0	109.0	88.5	7.0	58.5	144.0	46.0	89.5	326.0	102.0	128.5
TCG	167.0	172.5	328.0	112.5	95.5	119.0	106.0	76.5	76.5	125.5	89.5	57.0	146.5	171.0	218.5	139.0	43.5	73.5	111.0	53.0	70.0	102.0	92.0	67.0	12.0	36.5	23.5	26.0	64.0	264.0	205.5	126.0	227.0	224.0	434.5	219.0	153.5	222.5	164.5	143.0	180.5	197.5	169.5	128.0	123.5	192.5	216.0	152.0	4.5	208.0	3.0	120.0	88.0	109.0	83.0	69.0	7.0	43.0	98.5	33.0	66.0	241.0	75.5	125.0
TCT	203.0	155.0	224.5	150.5	112.5	97.0	80.0	92.0	119.0	102.0	145.0	65.5	282.0	162.5	194.0	166.5	53.0	64.0	103.5	58.0	89.0	71.0	72.5	79.0	24.0	36.0	28.5	31.5	72.5	171.5	128.0	147.5	257.0	194.5	305.5	266.5	193.5	154.0	100.0	152.0	178.5	142.0	121.0	136.0	125.5	159.0	135.5	197.0	4.0	153.0	2.5	153.5	98.0	88.5	69.0	85.0	6.0	31.5	88.0	35.5	121.5	175.0	95.0	172.0
TGA	21.5	13.0	29.0	11.0	9.0	8.0	8.0	7.0	13.0	11.0	17.0	6.5	19.5	16.5	16.0	17.0	6.5	7.0	12.5	5.0	6.0	7.0	6.0	6.0	2.5	4.5	4.0	3.0	6.5	20.5	24.0	13.0	35.5	14.5	50.0	22.0	16.5	16.0	11.5	12.0	17.0	12.0	12.5	14.0	10.5	18.0	19.0	14.5	0.0	19.0	0.0	12.0	8.0	7.0	7.0	6.0	0.0	4.0	11.5	3.0	8.0	19.5	8.5	10.0
TGC	94.0	114.0	143.0	70.0	56.0	82.0	59.5	43.5	65.5	74.5	77.0	32.5	126.0	103.5	118.5	69.0	32.0	69.0	77.5	33.0	52.0	87.5	75.0	47.0	11.0	38.0	20.5	24.5	34.0	151.5	111.0	69.5	130.0	181.0	250.5	147.0	85.0	161.5	88.0	72.0	100.0	158.5	93.5	78.0	67.5	130.5	116.0	90.5	3.0	135.0	2.0	75.0	41.0	58.5	43.0	31.5	4.0	105.0	67.5	71.0	41.0	142.0	43.5	57.5
TGG	240.5	261.5	336.0	171.5	147.0	181.0	135.0	114.0	126.0	163.5	176.0	84.0	305.0	220.0	285.0	222.0	84.0	125.0	185.0	81.0	116.0	174.5	163.0	101.5	22.0	51.0	37.0	45.0	79.0	317.0	247.0	180.5	371.0	329.0	557.0	350.5	240.5	284.5	163.0	188.0	240.0	234.5	190.0	208.5	159.5	247.0	231.5	219.0	9.0	289.5	5.0	188.0	112.5	144.0	98.5	88.0	11.5	67.5	213.0	54.0	101.5	319.0	117.0	178.0
TGT	84.5	101.0	117.0	67.0	50.5	53.5	37.5	41.0	46.0	51.5	60.5	39.5	95.0	96.5	129.5	82.0	31.5	51.0	54.0	39.0	46.5	53.0	45.0	39.0	11.0	19.0	10.0	23.5	32.5	79.0	69.5	76.0	166.0	120.5	170.0	139.5	87.0	70.5	44.0	70.5	102.5	79.0	65.5	98.0	55.0	72.5	87.5	96.5	3.0	94.0	1.0	72.5	40.5	46.0	33.0	35.5	3.0	71.0	54.0	81.0	37.0	98.5	46.0	63.5
TTA	234.0	147.5	250.0	182.5	105.5	107.5	87.5	116.5	141.0	106.5	139.5	78.5	318.5	207.5	242.5	217.5	76.5	75.5	110.5	85.5	79.0	68.5	79.5	103.5	29.5	31.0	30.5	30.5	112.0	172.5	132.5	160.5	251.5	193.0	263.5	333.5	189.5	144.0	109.0	140.0	202.0	141.0	106.0	116.5	177.0	167.0	151.0	180.5	8.0	161.5	4.5	200.5	105.0	89.5	66.0	121.5	8.0	41.0	101.5	37.0	144.0	220.0	128.5	199.5
TTC	472.5	496.0	675.5	322.0	287.0	389.0	295.0	217.0	236.5	369.0	292.0	165.0	630.0	531.0	652.5	442.0	147.0	255.5	370.5	158.5	230.5	396.0	338.0	192.0	32.5	122.0	75.0	81.0	158.0	707.5	656.5	395.5	710.5	667.0	1159.5	676.5	505.0	645.0	452.5	363.0	529.5	642.5	487.0	439.0	306.5	540.0	639.0	409.0	14.0	640.5	8.0	359.5	212.0	326.0	241.0	175.0	19.5	142.0	319.0	98.5	220.0	705.0	238.0	365.0
TTG	207.5	194.5	206.0	180.5	134.0	144.0	101.0	114.0	109.5	113.0	123.5	83.0	306.5	274.0	242.0	203.0	82.5	87.0	141.5	73.0	94.0	102.0	99.5	92.5	25.5	36.5	27.5	42.5	72.5	235.0	227.0	178.0	331.5	235.0	396.0	321.0	210.5	202.0	133.0	173.5	194.5	171.5	171.0	174.5	166.0	163.0	206.5	225.5	9.0	211.5	5.0	181.0	127.0	102.0	75.5	95.0	8.5	43.5	117.0	46.0	128.5	238.0	140.0	181.0
TTT	366.0	282.0	363.5	318.0	212.5	188.0	158.0	160.5	191.5	163.0	221.5	105.0	536.5	338.5	426.5	364.0	101.0	133.5	193.0	130.0	168.5	122.0	149.5	155.5	43.0	60.5	44.5	61.0	133.5	287.5	257.5	330.5	437.5	395.5	459.5	489.5	336.5	269.5	183.0	238.0	327.0	255.5	200.5	278.0	258.5	279.5	243.5	400.5	11.5	287.5	5.5	326.5	218.5	128.5	125.0	172.0	10.0	57.5	178.0	63.5	199.5	365.0	181.0	362.0
End	443.5	179.0	450.0	176.0	130.5	115.5	102.0	104.5	247.5	164.0	307.0	120.0	300.5	231.0	228.5	236.5	138.0	77.5	218.0	85.5	110.5	117.5	110.5	98.0	57.5	81.0	58.5	64.0	109.0	268.0	264.5	170.0	532.5	177.5	599.5	314.0	183.0	184.5	144.0	153.5	282.0	167.0	233.0	214.5	168.5	175.0	268.5	201.5	777.0	198.5	383.5	174.0	134.5	135.5	95.0	117.5	928.5	61.0	164.5	55.0	157.5	226.0	139.0	187.0
