	M	W	C	D	E	F	H	K	N	Q	Y	I	A	G	P	T	V	L	R	S
Start	31841.0	0.0	2.0	0.0	2.0	4.0	1.0	3.0	2.0	1.0	1.0	7.0	7.0	6.0	6.0	6.0	5.0	8.0	4.0	8.0
M	11492.0	5337.0	7469.0	24915.0	25547.0	18573.0	8426.0	26811.0	23023.0	15089.0	16913.0	25430.0	30520.0	22402.0	16040.0	25697.0	25220.0	37262.0	21818.0	31800.0
W	5337.0	3660.0	4504.0	12997.0	13209.0	9660.0	4942.0	13586.0	11484.0	8186.0	8559.0	12084.0	13993.0	13090.0	8773.0	13463.0	13591.0	18965.0	12952.0	14746.0
C	7469.0	4504.0	8238.0	17749.0	17213.0	14915.0	7768.0	19550.0	17196.0	10068.0	14131.0	20614.0	19103.0	19082.0	14081.0	18213.0	23040.0	29482.0	17692.0	22757.0
D	24915.0	12997.0	17749.0	71282.0	69311.0	49486.0	19172.0	63491.0	55648.0	28709.0	46035.0	79287.0	66656.0	66389.0	47291.0	60135.0	72782.0	92359.0	50890.0	71991.0
E	25547.0	13209.0	17213.0	69311.0	85634.0	44807.0	21860.0	72152.0	57053.0	39763.0	42849.0	74154.0	71187.0	58507.0	46375.0	63016.0	68557.0	101048.0	58949.0	69440.0
F	18573.0	9660.0	14915.0	49486.0	44807.0	34744.0	16532.0	49314.0	45126.0	24345.0	32956.0	51747.0	44716.0	44523.0	31468.0	47736.0	53243.0	69562.0	37996.0	57673.0
H	8426.0	4942.0	7768.0	19172.0	21860.0	16532.0	11754.0	24346.0	19673.0	13932.0	16129.0	25507.0	22854.0	22644.0	18808.0	22788.0	25437.0	36166.0	23026.0	24835.0
K	26811.0	13586.0	19550.0	63491.0	72152.0	49314.0	24346.0	89210.0	70818.0	40240.0	51285.0	85275.0	65072.0	61270.0	44213.0	65936.0	70556.0	104329.0	58773.0	76364.0
N	23023.0	11484.0	17196.0	55648.0	57053.0	45126.0	19673.0	70818.0	71404.0	31441.0	45108.0	81751.0	55645.0	56872.0	41475.0	58964.0	64677.0	84801.0	45034.0	67901.0
Q	15089.0	8186.0	10068.0	28709.0	39763.0	24345.0	13932.0	40240.0	31441.0	32552.0	24972.0	39933.0	42471.0	33928.0	27591.0	36982.0	38122.0	59994.0	36197.0	42105.0
Y	16913.0	8559.0	14131.0	46035.0	42849.0	32956.0	16129.0	51285.0	45108.0	24972.0	33150.0	50366.0	41250.0	41736.0	27522.0	42712.0	49222.0	63648.0	37024.0	48301.0
I	25430.0	12084.0	20614.0	79287.0	74154.0	51747.0	25507.0	85275.0	81751.0	39933.0	50366.0	86704.0	70192.0	61726.0	50016.0	74276.0	73583.0	98550.0	55747.0	86424.0
A	30520.0	13993.0	19103.0	66656.0	71187.0	44716.0	22854.0	65072.0	55645.0	42471.0	41250.0	70192.0	109564.0	73478.0	55429.0	72874.0	80515.0	108203.0	66029.0	82192.0
G	22402.0	13090.0	19082.0	66389.0	58507.0	44523.0	22644.0	61270.0	56872.0	33928.0	41736.0	61726.0	73478.0	79598.0	42841.0	66906.0	68812.0	85545.0	56922.0	79500.0
P	16040.0	8773.0	14081.0	47291.0	46375.0	31468.0	18808.0	44213.0	41475.0	27591.0	27522.0	50016.0	55429.0	42841.0	53894.0	56590.0	56084.0	70853.0	42570.0	61225.0
T	25697.0	13463.0	18213.0	60135.0	63016.0	47736.0	22788.0	65936.0	58964.0	36982.0	42712.0	74276.0	72874.0	66906.0	56590.0	75998.0	77072.0	98276.0	51599.0	81821.0
V	25220.0	13591.0	23040.0	72782.0	68557.0	53243.0	25437.0	70556.0	64677.0	38122.0	49222.0	73583.0	80515.0	68812.0	56084.0	77072.0	83908.0	99412.0	62130.0	88439.0
L	37262.0	18965.0	29482.0	92359.0	101048.0	69562.0	36166.0	104329.0	84801.0	59994.0	63648.0	98550.0	108203.0	85545.0	70853.0	98276.0	99412.0	150412.0	88095.0	117902.0
R	21818.0	12952.0	17692.0	50890.0	58949.0	37996.0	23026.0	58773.0	45034.0	36197.0	37024.0	55747.0	66029.0	56922.0	42570.0	51599.0	62130.0	88095.0	72044.0	64548.0
S	31800.0	14746.0	22757.0	71991.0	69440.0	57673.0	24835.0	76364.0	67901.0	42105.0	48301.0	86424.0	82192.0	79500.0	61225.0	81821.0	88439.0	117902.0	64548.0	112662.0
End	572.0	405.0	561.0	1562.0	2425.0	1545.0	650.0	3417.0	1764.0	1311.0	1226.0	1904.0	1808.0	1467.0	1002.0	1034.0	2228.0	3021.0	1917.0	2095.0
