Proteome_ID	M	W	C	D	E	F	H	K	N	Q	Y	I	A	G	P	T	V	L	R	S
UP000000242	0.016925487597800083	0.03162085127753982	0.03162085127753982	0.03162085127753982	0.03162085127753982	0.0364195359702292	0.03162085127753982	0.05111489964996894	0.0364195359702292	0.03162085127753982	0.055913584342658314	0.055913584342658314	0.054908894848832386	0.054908894848832386	0.054908894848832386	0.06324170255507965	0.06324170255507965	0.09966123852530885	0.054908894848832386	0.11178804143041954
UP000000254	0.01878377291362755	0.029310044095733196	0.029310044095733196	0.029310044095733196	0.029310044095733196	0.052302776819828325	0.029310044095733196	0.06282904800193398	0.052302776819828325	0.029310044095733196	0.0858217807260291	0.0858217807260291	0.03285021320581747	0.03285021320581747	0.03285021320581747	0.05862008819146639	0.05862008819146639	0.11092286501129471	0.03285021320581747	0.10671390520082713
UP000000262	0.013638847040866387	0.03118004235181405	0.03118004235181405	0.03118004235181405	0.03118004235181405	0.024243492009847135	0.03118004235181405	0.0417846873207948	0.024243492009847135	0.03118004235181405	0.03484813697882788	0.03484813697882788	0.08020255833326613	0.08020255833326613	0.08020255833326613	0.0623600847036281	0.0623600847036281	0.08660357671347524	0.08020255833326613	0.10717897409630854
UP000000346	0.013250506893935043	0.03099773402878548	0.03099773402878548	0.03099773402878548	0.03099773402878548	0.023143654235326733	0.03099773402878548	0.04089088137017717	0.023143654235326733	0.03099773402878548	0.03303680157671843	0.03303680157671843	0.08303438213768838	0.08303438213768838	0.08303438213768838	0.06199546805757096	0.06199546805757096	0.08513912229289769	0.08303438213768838	0.10624370898029148
UP000000365	0.015594649784233429	0.03172817774240288	0.03172817774240288	0.03172817774240288	0.03172817774240288	0.030668420538121598	0.03172817774240288	0.046801948496291046	0.030668420538121598	0.03172817774240288	0.04574219129200976	0.04574219129200976	0.0656491104002037	0.0656491104002037	0.0656491104002037	0.06345635548480576	0.06345635548480576	0.09412477602292735	0.0656491104002037	0.11077918301144207
UP000000391	0.018690224402557624	0.029717069764908743	0.029717069764908743	0.029717069764908743	0.029717069764908743	0.050369682737092435	0.029717069764908743	0.06139652809944355	0.050369682737092435	0.029717069764908743	0.08204914107162724	0.08204914107162724	0.03506491156681961	0.03506491156681961	0.03506491156681961	0.059434139529817485	0.059434139529817485	0.1098038222669099	0.03506491156681961	0.10784143369728384
UP000000536	0.015067362319648874	0.03164830238347494	0.03164830238347494	0.03164830238347494	0.03164830238347494	0.028759312619069256	0.03164830238347494	0.04534025268289533	0.028759312619069256	0.03164830238347494	0.042451262918489635	0.042451262918489635	0.06965500580787394	0.06965500580787394	0.06965500580787394	0.06329660476694988	0.06329660476694988	0.09205591738601912	0.06965500580787394	0.1100122694700737
UP000000554	0.009352470294860235	0.02804417958767913	0.02804417958767913	0.02804417958767913	0.02804417958767913	0.014032015608024686	0.02804417958767913	0.03272372490084358	0.014032015608024686	0.02804417958767913	0.018711560921189137	0.018711560921189137	0.11209736800694915	0.11209736800694915	0.11209736800694915	0.05608835917535826	0.05608835917535826	0.07012037478338294	0.11209736800694915	0.09348500905789763
UP000000578	0.01880143097667347	0.027285817708376882	0.027285817708376882	0.027285817708376882	0.027285817708376882	0.06046546845503644	0.027285817708376882	0.06894985518673986	0.06046546845503644	0.027285817708376882	0.10212950593339941	0.10212950593339941	0.02462615000058796	0.02462615000058796	0.02462615000058796	0.054571635416753764	0.054571635416753764	0.1150371038717902	0.02462615000058796	0.10065888410180411
UP000000590	0.018865919424792803	0.028467063971654803	0.028467063971654803	0.028467063971654803	0.028467063971654803	0.055936803422586875	0.028467063971654803	0.06553794796944888	0.055936803422586875	0.028467063971654803	0.09300768742038096	0.09300768742038096	0.028974617124405206	0.028974617124405206	0.028974617124405206	0.056934127943309605	0.056934127943309605	0.11287093136589649	0.028974617124405206	0.10426711133975722
UP000000641	0.0130509041146088	0.030895663374774708	0.030895663374774708	0.030895663374774708	0.030895663374774708	0.02259578481181857	0.030895663374774708	0.04044054407198448	0.02259578481181857	0.030895663374774708	0.032140665509028346	0.032140665509028346	0.08448850290591622	0.08448850290591622	0.08448850290591622	0.061791326749549416	0.061791326749549416	0.08438711156136801	0.08448850290591622	0.10573789423893293
UP000000663	0.01380189231312733	0.03125000077600421	0.03125000077600421	0.03125000077600421	0.03125000077600421	0.024719536012354687	0.03125000077600421	0.042167644475231573	0.024719536012354687	0.03125000077600421	0.03563717971158204	0.03563717971158204	0.07901139794955565	0.07901139794955565	0.07901139794955565	0.06250000155200842	0.06250000155200842	0.08721953756436311	0.07901139794955565	0.10755189464113998
UP000000674	0.014263749630516288	0.03142609526021852	0.03142609526021852	0.03142609526021852	0.03142609526021852	0.026118455153399025	0.03142609526021852	0.043280800783101266	0.026118455153399025	0.03142609526021852	0.03797316067628176	0.03797316067628176	0.0756246460599569	0.0756246460599569	0.0756246460599569	0.06285219052043704	0.06285219052043704	0.08897064567383609	0.0756246460599569	0.10854203541117186
UP000000740	0.010119093782661716	0.028783844905120905	0.028783844905120905	0.028783844905120905	0.028783844905120905	0.015605159913974357	0.028783844905120905	0.034269911036433544	0.015605159913974357	0.028783844905120905	0.021091226045287	0.021091226045287	0.10618407399723312	0.10618407399723312	0.10618407399723312	0.05756768981024181	0.05756768981024181	0.07317284972421616	0.10618407399723312	0.09647062849802443
UP000000758	0.01336358717341752	0.03105306241478897	0.03105306241478897	0.03105306241478897	0.03105306241478897	0.023459164329028136	0.03105306241478897	0.04114863957039959	0.023459164329028136	0.03105306241478897	0.03355474148463875	0.03355474148463875	0.08221031847614224	0.08221031847614224	0.08221031847614224	0.06210612482957794	0.06210612482957794	0.08556528915860608	0.08221031847614224	0.10652277441778443
UP000000792	0.01885578248807637	0.028702180827307675	0.028702180827307675	0.028702180827307675	0.028702180827307675	0.0549644712683237	0.028702180827307675	0.06481086960755501	0.0549644712683237	0.028702180827307675	0.09107316004857102	0.09107316004857102	0.02997627977614104	0.02997627977614104	0.02997627977614104	0.05740436165461535	0.05740436165461535	0.11236883292293905	0.02997627977614104	0.1049623249699994
UP000000805	0.018828459465936604	0.027528692569456954	0.027528692569456954	0.027528692569456954	0.027528692569456954	0.05957574538830723	0.027528692569456954	0.06827597849182758	0.05957574538830723	0.027528692569456954	0.10032303131067787	0.10032303131067787	0.025440853812041826	0.025440853812041826	0.025440853812041826	0.05505738513891391	0.05505738513891391	0.11463313052722114	0.025440853812041826	0.10141453717430748
UP000001013	0.0181909273936384	0.030752090386738894	0.030752090386738894	0.030752090386738894	0.030752090386738894	0.04453481287799871	0.030752090386738894	0.0570959758710992	0.04453481287799871	0.030752090386738894	0.07087869836235902	0.07087869836235902	0.04246974454545663	0.04246974454545663	0.04246974454545663	0.06150418077347779	0.06150418077347779	0.10603899365147648	0.04246974454545663	0.11044719855385508
UP000001015	0.01886781349883935	0.028262523705150113	0.028262523705150113	0.028262523705150113	0.028262523705150113	0.05676088081110727	0.028262523705150113	0.06615559101741804	0.05676088081110727	0.028262523705150113	0.09465394812337519	0.09465394812337519	0.028145096931894844	0.028145096931894844	0.028145096931894844	0.056525047410300226	0.056525047410300226	0.11328592822140751	0.028145096931894844	0.10365538461428969
UP000001018	0.018698550306502405	0.029687257762897674	0.029687257762897674	0.029687257762897674	0.029687257762897674	0.050516285463453756	0.029687257762897674	0.061504992919849025	0.050516285463453756	0.029687257762897674	0.0823340206204051	0.0823340206204051	0.03489303559812738	0.03489303559812738	0.03489303559812738	0.05937451552579535	0.05937451552579535	0.1098908009892491	0.03489303559812738	0.10776032359519543
UP000001024	0.01686331984690453	0.0316385680105693	0.0316385680105693	0.0316385680105693	0.0316385680105693	0.03610980241755465	0.0316385680105693	0.05088505058121943	0.03610980241755465	0.0316385680105693	0.05535628498820477	0.05535628498820477	0.05544195308433963	0.05544195308433963	0.05544195308433963	0.0632771360211386	0.0632771360211386	0.09938693843869327	0.05544195308433963	0.11177902387861245
UP000001059	0.017770691619836125	0.031184502831672917	0.031184502831672917	0.031184502831672917	0.031184502831672917	0.04131340261077684	0.031184502831672917	0.054727213822613634	0.04131340261077684	0.031184502831672917	0.06485611360171754	0.06485611360171754	0.0470778563567137	0.0470778563567137	0.0470778563567137	0.062369005663345835	0.062369005663345835	0.10368240827412267	0.0470778563567137	0.11132420011485489
UP000001137	0.017650657163366407	0.03127430673362939	0.03127430673362939	0.03127430673362939	0.03127430673362939	0.04051866303007074	0.03127430673362939	0.054142312600333725	0.04051866303007074	0.03127430673362939	0.06338666889677508	0.06338666889677508	0.04827811129618256	0.04827811129618256	0.04827811129618256	0.06254861346725878	0.06254861346725878	0.10306727649732954	0.04827811129618256	0.11147357736425459
UP000001169	0.011481111258099887	0.02990507990188567	0.02990507990188567	0.02990507990188567	0.02990507990188567	0.018635699841560605	0.02990507990188567	0.03705966848534639	0.018635699841560605	0.02990507990188567	0.02579028842502132	0.02579028842502132	0.09597855852386107	0.09597855852386107	0.09597855852386107	0.05981015980377134	0.05981015980377134	0.07844585964533195	0.09597855852386107	0.1011963509637569
UP000001304	0.018790384093962255	0.029272506953043762	0.029272506953043762	0.029272506953043762	0.029272506953043762	0.052474260837758406	0.029272506953043762	0.06295638369683991	0.052474260837758406	0.029272506953043762	0.08615813758155455	0.08615813758155455	0.032659046535798694	0.032659046535798694	0.032659046535798694	0.058545013906087524	0.058545013906087524	0.1110192747438459	0.032659046535798694	0.10660790495309354
UP000001400	0.018433823452020937	0.030368328156389898	0.030368328156389898	0.030368328156389898	0.030368328156389898	0.04690637891013574	0.030368328156389898	0.0588408836145047	0.04690637891013574	0.030368328156389898	0.07537893436825055	0.07537893436825055	0.039322385417174144	0.039322385417174144	0.039322385417174144	0.060736656312779795	0.060736656312779795	0.10764303522291555	0.039322385417174144	0.10953880792119061
UP000001686	0.01604898135413459	0.031747665080069314	0.031747665080069314	0.031747665080069314	0.031747665080069314	0.03245607681525572	0.031747665080069314	0.048154760541190444	0.03245607681525572	0.031747665080069314	0.04886317227637684	0.04886317227637684	0.06210943138774497	0.06210943138774497	0.06210943138774497	0.06349533016013863	0.06349533016013863	0.09595140697539435	0.06210943138774497	0.11129197659434253
UP000001746	0.009605196482403457	0.028296906448175244	0.028296906448175244	0.028296906448175244	0.028296906448175244	0.014541063753751112	0.028296906448175244	0.0332327737195229	0.014541063753751112	0.028296906448175244	0.019476931025098763	0.019476931025098763	0.11013154582039762	0.11013154582039762	0.11013154582039762	0.05659381289635049	0.05659381289635049	0.0711348766501016	0.11013154582039762	0.09449591582692919
UP000001826	0.011808102609900303	0.03013825758615281	0.03013825758615281	0.03013825758615281	0.03013825758615281	0.019414764278968214	0.03013825758615281	0.037744919255220714	0.019414764278968214	0.03013825758615281	0.027021425948036127	0.027021425948036127	0.0935694667499274	0.0935694667499274	0.0935694667499274	0.06027651517230562	0.06027651517230562	0.07969127945127384	0.0935694667499274	0.10222287536835874
UP000001879	0.011546466733785945	0.029952798005814955	0.029952798005814955	0.029952798005814955	0.029952798005814955	0.018789675174624192	0.029952798005814955	0.037196006446653204	0.018789675174624192	0.029952798005814955	0.02603288361546244	0.02603288361546244	0.0954960743109383	0.0954960743109383	0.0954960743109383	0.05990559601162991	0.05990559601162991	0.0786952711862541	0.0954960743109383	0.1014048607512308
UP000001901	0.01799621864497664	0.03097934837485827	0.03097934837485827	0.03097934837485827	0.03097934837485827	0.04294119664765408	0.03097934837485827	0.05592432637753571	0.04294119664765408	0.03097934837485827	0.06788617465033152	0.06788617465033152	0.04469926786650293	0.04469926786650293	0.04469926786650293	0.06195869674971654	0.06195869674971654	0.1048998933973706	0.04469926786650293	0.11093426376955146
UP000001931	0.018612756529474635	0.026212040121803042	0.026212040121803042	0.026212040121803042	0.026212040121803042	0.06420056772462882	0.026212040121803042	0.07179985131695724	0.06420056772462882	0.026212040121803042	0.10978837891978302	0.10978837891978302	0.02140389319589884	0.02140389319589884	0.02140389319589884	0.052424080243606085	0.052424080243606085	0.11662464796823492	0.02140389319589884	0.09724887689488378
UP000001941	0.017077433967406873	0.031570724444647195	0.031570724444647195	0.031570724444647195	0.031570724444647195	0.03719976239028089	0.031570724444647195	0.051693052867521204	0.03719976239028089	0.031570724444647195	0.05732209081315489	0.05732209081315489	0.05358693593270117	0.05358693593270117	0.05358693593270117	0.06314144888929439	0.06314144888929439	0.10034121127957527	0.05358693593270117	0.11178960730134845
UP000001974	0.01876047621770912	0.029430058492031518	0.029430058492031518	0.029430058492031518	0.029430058492031518	0.05174728477930122	0.029430058492031518	0.06241686705362361	0.05174728477930122	0.029430058492031518	0.08473409334089332	0.08473409334089332	0.03347531552769878	0.03347531552769878	0.03347531552769878	0.058860116984063036	0.058860116984063036	0.11060740176336425	0.03347531552769878	0.10705065169380366
UP000001975	0.016318124353426833	0.031734284692495576	0.031734284692495576	0.031734284692495576	0.031734284692495576	0.03359098455708421	0.031734284692495576	0.049007144896152946	0.03359098455708421	0.031734284692495576	0.050863844760741586	0.050863844760741586	0.059960423204206026	0.059960423204206026	0.059960423204206026	0.06346856938499115	0.06346856938499115	0.09705955394207537	0.059960423204206026	0.11152097843091356
UP000002071	0.010773473417322574	0.02935284548027964	0.02935284548027964	0.02935284548027964	0.02935284548027964	0.017020602172829233	0.02935284548027964	0.0355999742357863	0.017020602172829233	0.02935284548027964	0.023267730928335895	0.023267730928335895	0.1012407820875536	0.1012407820875536	0.1012407820875536	0.05870569096055928	0.05870569096055928	0.07572629313338852	0.1012407820875536	0.0988320098581615
UP000002199	0.016262376104819724	0.03173872068826171	0.03173872068826171	0.03173872068826171	0.03173872068826171	0.03335070566150072	0.03173872068826171	0.0488270502449427	0.03335070566150072	0.03173872068826171	0.050439035218181716	0.050439035218181716	0.060409299950156634	0.060409299950156634	0.060409299950156634	0.06347744137652342	0.06347744137652342	0.09682814703802416	0.060409299950156634	0.11147853816960487
UP000002315	0.018819208100927513	0.027438853839723363	0.027438853839723363	0.027438853839723363	0.027438853839723363	0.05990704445503405	0.027438853839723363	0.0685266901938299	0.05990704445503405	0.027438853839723363	0.1009948808091406	0.1009948808091406	0.025135297756270315	0.025135297756270315	0.025135297756270315	0.054877707679446726	0.054877707679446726	0.11478475213448079	0.025135297756270315	0.10113576962009761
UP000002376	0.01685270009473682	0.0316414402042315	0.0316414402042315	0.0316414402042315	0.0316414402042315	0.03605741248945934	0.0316414402042315	0.05084615259895402	0.03605741248945934	0.0316414402042315	0.05526212488418185	0.05526212488418185	0.05553258922783951	0.05553258922783951	0.05553258922783951	0.063282880408463	0.063282880408463	0.09934029289792234	0.05553258922783951	0.11177702070743133
UP000002408	0.014060758971547776	0.031352800904225854	0.031352800904225854	0.031352800904225854	0.031352800904225854	0.025494049708736154	0.031352800904225854	0.04278609164141423	0.025494049708736154	0.031352800904225854	0.03692734044592453	0.03692734044592453	0.07711588670851124	0.07711588670851124	0.07711588670851124	0.06270560180845171	0.06270560180845171	0.08819965151718785	0.07711588670851124	0.10811916168422533
UP000002439	0.015374102665071165	0.03170173436322266	0.03170173436322266	0.03170173436322266	0.03170173436322266	0.029850362120562666	0.03170173436322266	0.046177993818714166	0.029850362120562666	0.03170173436322266	0.04432662157605416	0.04432662157605416	0.06733586397225182	0.06733586397225182	0.06733586397225182	0.06340346872644533	0.06340346872644533	0.093253830847008	0.06733586397225182	0.11047930575473917
UP000002457	0.013725364518482684	0.03121765878499807	0.03121765878499807	0.03121765878499807	0.03121765878499807	0.024494999895920876	0.03121765878499807	0.04198729416243627	0.024494999895920876	0.03121765878499807	0.035264635273359074	0.035264635273359074	0.07957070619778665	0.07957070619778665	0.07957070619778665	0.06243531756999614	0.06243531756999614	0.08693031746591703	0.07957070619778665	0.1073783408734769
UP000002487	0.0174689449853084	0.03138961737279405	0.03138961737279405	0.03138961737279405	0.03138961737279405	0.039390590032717665	0.03138961737279405	0.05331126242020331	0.039390590032717665	0.03138961737279405	0.061312235080126926	0.061312235080126926	0.05002758668971555	0.05002758668971555	0.05002758668971555	0.0627792347455881	0.0627792347455881	0.10216982477830575	0.05002758668971555	0.11163779710369055
UP000002518	0.013515847237056676	0.031124663420677785	0.031124663420677785	0.031124663420677785	0.031124663420677785	0.0238900895842152	0.031124663420677785	0.04149890576783631	0.0238900895842152	0.031124663420677785	0.03426433193137373	0.03426433193137373	0.08110012895812264	0.08110012895812264	0.08110012895812264	0.06224932684135557	0.06224932684135557	0.08613941642557077	0.08110012895812264	0.10688983749909003
UP000002593	0.01459197432391804	0.03153040601382425	0.03153040601382425	0.03153040601382425	0.03153040601382425	0.027162542754805778	0.03153040601382425	0.04410097444471199	0.027162542754805778	0.03153040601382425	0.03973311118569351	0.03973311118569351	0.07320128401607098	0.07320128401607098	0.07320128401607098	0.0630608120276485	0.0630608120276485	0.09022335478245427	0.07320128401607098	0.1091831923653908
UP000002613	0.017507317742133176	0.0313671460820439	0.0313671460820439	0.0313671460820439	0.0313671460820439	0.039622034245612274	0.0313671460820439	0.053481862585522996	0.039622034245612274	0.0313671460820439	0.06173675074909138	0.06173675074909138	0.049664176616133156	0.049664176616133156	0.049664176616133156	0.0627342921640878	0.0627342921640878	0.10235632640970006	0.049664176616133156	0.11160875598826489
UP000002654	0.0141062180414677	0.03136978244727993	0.03136978244727993	0.03136978244727993	0.03136978244727993	0.025632539185578312	0.03136978244727993	0.04289610359139054	0.025632539185578312	0.03136978244727993	0.037158860329688924	0.037158860329688924	0.0767823463500906	0.0767823463500906	0.0767823463500906	0.06273956489455985	0.06273956489455985	0.08837210408013817	0.0767823463500906	0.10821556538330747
UP000002698	0.01065187246967321	0.029251376332516846	0.029251376332516846	0.029251376332516846	0.029251376332516846	0.016752163528342075	0.029251376332516846	0.03535166739118571	0.016752163528342075	0.029251376332516846	0.02285245458701094	0.02285245458701094	0.10215313573066676	0.10215313573066676	0.10215313573066676	0.05850275266503369	0.05850275266503369	0.07525491619337576	0.10215313573066676	0.09840600146722372
UP000005223	0.015918956003941297	0.031747208226569276	0.031747208226569276	0.031747208226569276	0.031747208226569276	0.0319291355671113	0.031747208226569276	0.04775738778973928	0.0319291355671113	0.031747208226569276	0.0479393151302813	0.0479393151302813	0.06313263496048561	0.06313263496048561	0.06313263496048561	0.06349441645313855	0.06349441645313855	0.09542355202024985	0.06313263496048561	0.11116058068364913
UP000005877	0.01141742191818267	0.02985804399639803	0.02985804399639803	0.02985804399639803	0.02985804399639803	0.018486463445355147	0.02985804399639803	0.03692708552357051	0.018486463445355147	0.02985804399639803	0.025555504972527624	0.025555504972527624	0.09644925260324326	0.09644925260324326	0.09644925260324326	0.05971608799279606	0.05971608799279606	0.07820255143815122	0.09644925260324326	0.10099155390737677
UP000006565	0.016483340464104445	0.03171568295296434	0.03171568295296434	0.03171568295296434	0.03171568295296434	0.03432042054908086	0.03171568295296434	0.049552763037940754	0.03432042054908086	0.03171568295296434	0.05215750063405729	0.05215750063405729	0.05861726220600705	0.05861726220600705	0.05861726220600705	0.06343136590592868	0.06343136590592868	0.09775178645500955	0.05861726220600705	0.11163038932299746
UP000006622	0.018331004710595344	0.03054818436919824	0.03054818436919824	0.03054818436919824	0.03054818436919824	0.04583536685388686	0.03054818436919824	0.058052546512489756	0.04583536685388686	0.03054818436919824	0.07333972899717837	0.07333972899717837	0.04071927999308214	0.04071927999308214	0.04071927999308214	0.06109636873839648	0.06109636873839648	0.10693173559228333	0.04071927999308214	0.10997555781819006
UP000006663	0.011907875453676562	0.030206628785226605	0.030206628785226605	0.030206628785226605	0.030206628785226605	0.01965690049658977	0.030206628785226605	0.03795565382813981	0.01965690049658977	0.030206628785226605	0.027405925539502978	0.027405925539502978	0.09283665272933317	0.09283665272933317	0.09283665272933317	0.06041325757045321	0.06041325757045321	0.080070158067043	0.09283665272933317	0.10252776180935638
UP000006681	0.01715032885526963	0.0315430021017112	0.0315430021017112	0.0315430021017112	0.0315430021017112	0.037586683853922526	0.0315430021017112	0.0519793571003641	0.037586683853922526	0.0315430021017112	0.05802303885257541	0.05802303885257541	0.052942206099127524	0.052942206099127524	0.052942206099127524	0.0630860042034224	0.0630860042034224	0.10067268805734494	0.052942206099127524	0.11177933516040324
UP000006794	0.009770079651467613	0.02845704472331226	0.02845704472331226	0.02845704472331226	0.02845704472331226	0.014878156646797435	0.02845704472331226	0.03356512171864209	0.014878156646797435	0.02845704472331226	0.019986233642127257	0.019986233642127257	0.10885802772602299	0.10885802772602299	0.10885802772602299	0.05691408944662452	0.05691408944662452	0.07179224609342195	0.10885802772602299	0.0951412138214044
UP000007478	0.018042249998309785	0.03093045745280483	0.03093045745280483	0.03093045745280483	0.03093045745280483	0.04329966350215406	0.03093045745280483	0.0561878709566491	0.04329966350215406	0.03093045745280483	0.06855707700599833	0.06855707700599833	0.04418940568405002	0.04418940568405002	0.04418940568405002	0.06186091490560966	0.06186091490560966	0.10516057840776373	0.04418940568405002	0.11083362235672428
UP000007490	0.018674735725248207	0.029770250928791847	0.029770250928791847	0.029770250928791847	0.029770250928791847	0.0501059715002648	0.029770250928791847	0.06120148670380844	0.0501059715002648	0.029770250928791847	0.08153720727528141	0.08153720727528141	0.03537573721561502	0.03537573721561502	0.03537573721561502	0.059540501857583694	0.059540501857583694	0.1096464733578485	0.03537573721561502	0.10798548851162375
UP000007722	0.018801033404166192	0.02728262314744705	0.02728262314744705	0.02728262314744705	0.02728262314744705	0.06047704789715672	0.02728262314744705	0.06895863764043758	0.06047704789715672	0.02728262314744705	0.10215306239014725	0.10215306239014725	0.024615669966939906	0.024615669966939906	0.024615669966939906	0.0545652462948941	0.0545652462948941	0.11504229419205081	0.024615669966939906	0.10064890284650735
UP000007807	0.015247074333771978	0.03168188111232902	0.03168188111232902	0.03168188111232902	0.03168188111232902	0.02939225284861054	0.03168188111232902	0.045827059627167585	0.02939225284861054	0.03168188111232902	0.043537431363449106	0.043537431363449106	0.06829973843690584	0.06829973843690584	0.06829973843690584	0.06336376222465805	0.06336376222465805	0.09275601507326857	0.06829973843690584	0.11029271767075903
UP000008243	0.009539647741092998	0.028232207360622683	0.028232207360622683	0.028232207360622683	0.028232207360622683	0.014408155900299844	0.028232207360622683	0.03310071551982953	0.014408155900299844	0.028232207360622683	0.019276664059506694	0.019276664059506694	0.1106397706921828	0.1106397706921828	0.1106397706921828	0.056464414721245366	0.056464414721245366	0.07087257062154521	0.1106397706921828	0.09423626982296104
UP000008680	0.018794179819372533	0.02925011321306343	0.02925011321306343	0.02925011321306343	0.02925011321306343	0.05257607013784407	0.02925011321306343	0.06303200353153496	0.05257607013784407	0.02925011321306343	0.08635796045631562	0.08635796045631562	0.032545951826901266	0.032545951826901266	0.032545951826901266	0.05850022642612686	0.05850022642612686	0.11107629656397093	0.032545951826901266	0.10654451945856282
UP000009079	0.0182994109176374	0.03059783287024131	0.03059783287024131	0.03059783287024131	0.03059783287024131	0.04552798066610386	0.03059783287024131	0.05782640261870777	0.04552798066610386	0.03059783287024131	0.07275655041457033	0.07275655041457033	0.041127559916236414	0.041127559916236414	0.041127559916236414	0.06119566574048262	0.06119566574048262	0.1067236464065865	0.041127559916236414	0.11009290952836133
UP000009227	0.018867345959963935	0.02821175657484371	0.02821175657484371	0.02821175657484371	0.02821175657484371	0.05696249805078925	0.02821175657484371	0.06630690866566903	0.05696249805078925	0.02821175657484371	0.09505765014161456	0.09505765014161456	0.027944814089037644	0.027944814089037644	0.027944814089037644	0.05642351314968742	0.05642351314968742	0.11338601120047667	0.027944814089037644	0.10350261568449506
UP000011511	0.010075468943008845	0.028743893014408706	0.028743893014408706	0.028743893014408706	0.028743893014408706	0.015513264550890792	0.028743893014408706	0.03418168862229065	0.015513264550890792	0.028743893014408706	0.020951060158772742	0.020951060158772742	0.1065167660763358	0.1065167660763358	0.1065167660763358	0.05748778602881741	0.05748778602881741	0.07300105057970818	0.1065167660763358	0.09630714798623496
UP000011554	0.010931311918687578	0.029481670167353275	0.029481670167353275	0.029481670167353275	0.029481670167353275	0.017372889955178387	0.029481670167353275	0.035923248203844085	0.017372889955178387	0.029481670167353275	0.0238144679916692	0.0238144679916692	0.100060367399902	0.100060367399902	0.100060367399902	0.05896334033470655	0.05896334033470655	0.07633623028988494	0.100060367399902	0.09937632242074741
UP000012076	0.012637801512942925	0.030666903188356864	0.030666903188356864	0.030666903188356864	0.030666903188356864	0.021496480661574193	0.030666903188356864	0.039525582336988135	0.021496480661574193	0.030666903188356864	0.03035515981020546	0.03035515981020546	0.08749887630165991	0.08749887630165991	0.08749887630165991	0.06133380637671373	0.06133380637671373	0.08283028703828792	0.08749887630165991	0.10463851107801353
UP000012672	0.013655038099981184	0.031187166414786707	0.031187166414786707	0.031187166414786707	0.031187166414786707	0.024290373534668598	0.031187166414786707	0.041822501849474114	0.024290373534668598	0.031187166414786707	0.03492570896935601	0.03492570896935601	0.08008434679651129	0.08008434679651129	0.08008434679651129	0.062374332829573415	0.062374332829573415	0.086664706364242	0.08008434679651129	0.1072165373443413
UP000014070	0.01798463304960391	0.03099123686086322	0.03099123686086322	0.03099123686086322	0.03099123686086322	0.04285254096949533	0.03099123686086322	0.05585914478075464	0.04285254096949533	0.03099123686086322	0.06772044888938676	0.06772044888938676	0.04482612887995744	0.04482612887995744	0.04482612887995744	0.06198247372172644	0.06198247372172644	0.10483501469122176	0.04482612887995744	0.11095834363219356
UP000053352	0.010764302879634905	0.02934526064976304	0.02934526064976304	0.02934526064976304	0.02934526064976304	0.017000268641894814	0.02934526064976304	0.03558122641202295	0.017000268641894814	0.02934526064976304	0.02323623440415472	0.02323623440415472	0.10130949583706692	0.10130949583706692	0.10130949583706692	0.05869052129952608	0.05869052129952608	0.0756907899414209	0.10130949583706692	0.09880008482892401
UP000058290	0.014198373149350537	0.03140320610440731	0.03140320610440731	0.03140320610440731	0.03140320610440731	0.025915650533839565	0.03140320610440731	0.043120483488896334	0.025915650533839565	0.03140320610440731	0.0376329279183286	0.0376329279183286	0.07610546780202924	0.07610546780202924	0.07610546780202924	0.06280641220881462	0.06280641220881462	0.08872206274265418	0.07610546780202924	0.10840799146257248
UP000192315	0.018709236070588383	0.029647612367167793	0.029647612367167793	0.029647612367167793	0.029647612367167793	0.050709919248261334	0.029647612367167793	0.06164829554484074	0.050709919248261334	0.029647612367167793	0.0827106024259343	0.0827106024259343	0.03466702105245327	0.03466702105245327	0.03466702105245327	0.059295224734335586	0.059295224734335586	0.11000514398259693	0.03466702105245327	0.10765207317209176
UP000198397	0.010738862531149964	0.029324161696032282	0.029324161696032282	0.029324161696032282	0.029324161696032282	0.016943937167820035	0.029324161696032282	0.03552923633270235	0.016943937167820035	0.029324161696032282	0.023149011804490104	0.023149011804490104	0.10150019451301827	0.10150019451301827	0.10150019451301827	0.058648323392064564	0.058648323392064564	0.07559226055988459	0.10150019451301827	0.0987113476192468
