	AAA	AAC	AAG	AAT	ACA	ACC	ACG	ACT	AGA	AGC	AGG	AGT	ATA	ATC	ATG	ATT	CAA	CAC	CAG	CAT	CCA	CCC	CCG	CCT	CGA	CGC	CGG	CGT	CTA	CTC	CTG	CTT	GAA	GAC	GAG	GAT	GCA	GCC	GCG	GCT	GGA	GGC	GGG	GGT	GTA	GTC	GTG	GTT	TAA	TAC	TAG	TAT	TCA	TCC	TCG	TCT	TGA	TGC	TGG	TGT	TTA	TTC	TTG	TTT
AAA	1116.0	552.0	709.0	650.0	297.0	529.0	327.0	294.0	143.0	405.0	95.0	279.0	225.0	813.0	767.0	863.0	481.0	289.0	557.0	399.0	248.0	257.0	387.0	313.0	125.0	464.0	211.0	275.0	155.0	425.0	685.0	470.0	1359.0	725.0	756.0	1109.0	627.0	849.0	595.0	610.0	385.0	781.0	332.0	593.0	362.0	531.0	613.0	572.0	36.0	418.0	13.0	615.0	251.0	268.0	259.0	283.0	26.0	160.0	387.0	144.0	291.0	547.0	487.0	783.0
AAC	552.0	828.0	798.0	473.0	215.0	973.0	517.0	203.0	82.0	565.0	97.0	180.0	121.0	1201.0	816.0	508.0	340.0	406.0	953.0	306.0	170.0	436.0	687.0	194.0	121.0	897.0	372.0	320.0	101.0	620.0	1410.0	320.0	1017.0	1108.0	1035.0	840.0	447.0	1413.0	943.0	414.0	343.0	1435.0	451.0	556.0	213.0	786.0	969.0	376.0	17.0	573.0	9.0	426.0	165.0	429.0	413.0	167.0	22.0	231.0	486.0	87.0	162.0	801.0	372.0	452.0
AAG	709.0	798.0	1138.0	505.0	211.0	918.0	544.0	226.0	87.0	543.0	117.0	203.0	133.0	1237.0	952.0	609.0	369.0	419.0	999.0	351.0	187.0	479.0	697.0	220.0	130.0	788.0	388.0	379.0	110.0	627.0	1507.0	375.0	1232.0	1113.0	1269.0	995.0	502.0	1430.0	1031.0	486.0	350.0	1262.0	490.0	633.0	242.0	807.0	1101.0	440.0	26.0	614.0	15.0	510.0	175.0	459.0	424.0	200.0	31.0	239.0	490.0	106.0	173.0	806.0	459.0	547.0
AAT	650.0	473.0	505.0	506.0	231.0	451.0	286.0	224.0	108.0	338.0	73.0	205.0	165.0	639.0	588.0	584.0	355.0	218.0	500.0	319.0	171.0	207.0	344.0	227.0	98.0	368.0	190.0	211.0	100.0	320.0	592.0	341.0	945.0	592.0	646.0	853.0	438.0	697.0	529.0	429.0	297.0	680.0	300.0	444.0	229.0	408.0	538.0	390.0	18.0	310.0	8.0	467.0	178.0	221.0	241.0	203.0	14.0	130.0	305.0	94.0	196.0	432.0	363.0	530.0
ACA	297.0	215.0	211.0	231.0	134.0	247.0	162.0	114.0	54.0	167.0	45.0	104.0	83.0	297.0	263.0	281.0	179.0	124.0	236.0	135.0	101.0	122.0	187.0	113.0	58.0	210.0	109.0	108.0	61.0	194.0	320.0	178.0	413.0	297.0	303.0	361.0	248.0	389.0	299.0	220.0	158.0	335.0	156.0	219.0	118.0	227.0	268.0	198.0	9.0	149.0	4.0	188.0	99.0	122.0	119.0	101.0	10.0	66.0	159.0	48.0	99.0	211.0	183.0	256.0
ACC	529.0	973.0	918.0	451.0	247.0	1302.0	672.0	206.0	93.0	745.0	113.0	198.0	124.0	1516.0	1065.0	528.0	377.0	511.0	1232.0	356.0	200.0	600.0	906.0	231.0	163.0	1168.0	486.0	410.0	108.0	823.0	2061.0	385.0	1334.0	1343.0	1239.0	951.0	606.0	1904.0	1311.0	503.0	418.0	1834.0	555.0	661.0	255.0	1027.0	1329.0	390.0	16.0	671.0	9.0	456.0	177.0	565.0	518.0	159.0	22.0	301.0	655.0	96.0	136.0	1062.0	468.0	452.0
ACG	327.0	517.0	544.0	286.0	162.0	672.0	442.0	133.0	64.0	418.0	82.0	136.0	86.0	821.0	629.0	331.0	234.0	285.0	676.0	228.0	132.0	309.0	528.0	159.0	109.0	604.0	323.0	257.0	69.0	433.0	1105.0	243.0	705.0	721.0	725.0	581.0	383.0	1040.0	799.0	324.0	274.0	936.0	383.0	414.0	166.0	550.0	799.0	262.0	10.0	364.0	7.0	278.0	117.0	309.0	322.0	110.0	16.0	166.0	356.0	67.0	85.0	560.0	324.0	307.0
ACT	294.0	203.0	226.0	224.0	114.0	206.0	133.0	112.0	48.0	145.0	36.0	96.0	66.0	274.0	248.0	280.0	164.0	101.0	209.0	121.0	86.0	104.0	161.0	111.0	48.0	163.0	93.0	97.0	54.0	154.0	264.0	163.0	409.0	263.0	271.0	362.0	216.0	327.0	249.0	223.0	141.0	295.0	133.0	214.0	120.0	191.0	235.0	204.0	8.0	140.0	3.0	193.0	90.0	108.0	101.0	99.0	7.0	55.0	133.0	44.0	100.0	190.0	173.0	244.0
AGA	143.0	82.0	87.0	108.0	54.0	93.0	64.0	48.0	38.0	69.0	26.0	47.0	47.0	115.0	113.0	128.0	84.0	52.0	97.0	64.0	46.0	51.0	75.0	48.0	33.0	83.0	50.0	56.0	28.0	77.0	130.0	81.0	184.0	118.0	127.0	160.0	99.0	155.0	124.0	91.0	68.0	129.0	67.0	90.0	51.0	91.0	111.0	84.0	6.0	60.0	3.0	90.0	47.0	50.0	51.0	45.0	7.0	31.0	67.0	25.0	58.0	81.0	82.0	115.0
AGC	405.0	565.0	543.0	338.0	167.0	745.0	418.0	145.0	69.0	488.0	90.0	144.0	98.0	930.0	634.0	374.0	264.0	305.0	752.0	234.0	130.0	381.0	539.0	152.0	109.0	689.0	319.0	238.0	81.0	514.0	1186.0	261.0	767.0	819.0	809.0	615.0	376.0	1187.0	836.0	319.0	281.0	1053.0	390.0	393.0	165.0	637.0	815.0	271.0	12.0	398.0	8.0	322.0	129.0	359.0	334.0	121.0	20.0	189.0	400.0	68.0	121.0	613.0	301.0	342.0
AGG	95.0	97.0	117.0	73.0	45.0	113.0	82.0	36.0	26.0	90.0	34.0	39.0	30.0	153.0	132.0	88.0	64.0	60.0	139.0	60.0	37.0	71.0	106.0	43.0	34.0	115.0	75.0	57.0	22.0	96.0	218.0	65.0	163.0	147.0	175.0	140.0	92.0	197.0	159.0	78.0	71.0	170.0	88.0	85.0	42.0	112.0	145.0	67.0	4.0	71.0	3.0	70.0	35.0	64.0	67.0	34.0	8.0	40.0	84.0	20.0	34.0	105.0	80.0	84.0
AGT	279.0	180.0	203.0	205.0	104.0	198.0	136.0	96.0	47.0	144.0	39.0	94.0	72.0	262.0	230.0	250.0	145.0	100.0	201.0	115.0	73.0	105.0	164.0	94.0	45.0	171.0	105.0	90.0	50.0	160.0	293.0	154.0	357.0	255.0	276.0	316.0	200.0	323.0	265.0	191.0	139.0	288.0	144.0	196.0	101.0	192.0	246.0	176.0	6.0	132.0	3.0	175.0	79.0	107.0	108.0	93.0	7.0	55.0	135.0	43.0	92.0	190.0	172.0	239.0
ATA	225.0	121.0	133.0	165.0	83.0	124.0	86.0	66.0	47.0	98.0	30.0	72.0	80.0	183.0	175.0	215.0	124.0	69.0	127.0	96.0	64.0	73.0	100.0	70.0	39.0	103.0	59.0	70.0	46.0	111.0	180.0	123.0	266.0	164.0	175.0	235.0	146.0	209.0	168.0	131.0	99.0	192.0	89.0	132.0	78.0	134.0	154.0	132.0	7.0	88.0	3.0	142.0	68.0	69.0	72.0	69.0	7.0	39.0	94.0	36.0	94.0	123.0	127.0	194.0
ATC	813.0	1201.0	1237.0	639.0	297.0	1516.0	821.0	274.0	115.0	930.0	153.0	262.0	183.0	2060.0	1505.0	802.0	524.0	648.0	1617.0	474.0	262.0	748.0	1224.0	293.0	203.0	1394.0	602.0	525.0	149.0	1002.0	2681.0	506.0	1575.0	1591.0	1634.0	1236.0	715.0	2285.0	1653.0	660.0	544.0	2156.0	743.0	854.0	332.0	1243.0	1756.0	560.0	25.0	855.0	14.0	619.0	238.0	696.0	626.0	224.0	33.0	361.0	802.0	129.0	216.0	1307.0	629.0	690.0
ATG	767.0	816.0	952.0	588.0	263.0	1065.0	629.0	248.0	113.0	634.0	132.0	230.0	175.0	1505.0	1158.0	717.0	416.0	487.0	1086.0	405.0	233.0	562.0	883.0	292.0	161.0	1032.0	490.0	404.0	142.0	798.0	1796.0	488.0	1300.0	1193.0	1302.0	1055.0	614.0	1769.0	1214.0	566.0	459.0	1584.0	615.0	695.0	291.0	984.0	1272.0	523.0	19.0	614.0	11.0	573.0	219.0	532.0	533.0	235.0	27.0	283.0	618.0	123.0	220.0	990.0	544.0	686.0
ATT	863.0	508.0	609.0	584.0	281.0	528.0	331.0	280.0	128.0	374.0	88.0	250.0	215.0	802.0	717.0	844.0	426.0	250.0	552.0	356.0	213.0	248.0	402.0	288.0	110.0	465.0	208.0	251.0	140.0	394.0	721.0	460.0	1212.0	679.0	729.0	948.0	566.0	846.0	646.0	548.0	370.0	779.0	353.0	568.0	308.0	490.0	656.0	537.0	23.0	360.0	10.0	531.0	230.0	255.0	268.0	265.0	18.0	142.0	357.0	114.0	257.0	548.0	455.0	777.0
CAA	481.0	340.0	369.0	355.0	179.0	377.0	234.0	164.0	84.0	264.0	64.0	145.0	124.0	524.0	416.0	426.0	312.0	199.0	404.0	203.0	135.0	197.0	299.0	164.0	85.0	360.0	188.0	164.0	93.0	317.0	512.0	290.0	730.0	488.0	498.0	574.0	351.0	638.0	458.0	323.0	228.0	522.0	211.0	304.0	181.0	368.0	414.0	292.0	16.0	243.0	7.0	320.0	149.0	187.0	187.0	150.0	17.0	103.0	228.0	70.0	145.0	346.0	271.0	394.0
CAC	289.0	406.0	419.0	218.0	124.0	511.0	285.0	101.0	52.0	305.0	60.0	100.0	69.0	648.0	487.0	250.0	199.0	272.0	515.0	213.0	107.0	261.0	410.0	122.0	84.0	557.0	238.0	211.0	58.0	341.0	866.0	187.0	650.0	600.0	564.0	485.0	281.0	781.0	556.0	239.0	201.0	759.0	259.0	301.0	139.0	439.0	553.0	193.0	8.0	293.0	5.0	237.0	92.0	232.0	222.0	81.0	13.0	153.0	295.0	59.0	78.0	438.0	223.0	237.0
CAG	557.0	953.0	999.0	500.0	236.0	1232.0	676.0	209.0	97.0	752.0	139.0	201.0	127.0	1617.0	1086.0	552.0	404.0	515.0	1428.0	391.0	199.0	611.0	973.0	243.0	173.0	1279.0	621.0	422.0	114.0	900.0	2154.0	402.0	1242.0	1323.0	1499.0	1013.0	566.0	1967.0	1408.0	498.0	424.0	1725.0	639.0	631.0	255.0	1054.0	1439.0	415.0	19.0	669.0	13.0	512.0	175.0	576.0	578.0	172.0	33.0	308.0	645.0	103.0	149.0	1030.0	513.0	490.0
CAT	399.0	306.0	351.0	319.0	135.0	356.0	228.0	121.0	64.0	234.0	60.0	115.0	96.0	474.0	405.0	356.0	203.0	213.0	391.0	234.0	112.0	200.0	300.0	138.0	80.0	336.0	209.0	170.0	66.0	278.0	533.0	230.0	635.0	483.0	535.0	572.0	285.0	588.0	442.0	263.0	207.0	518.0	237.0	290.0	136.0	339.0	449.0	243.0	9.0	228.0	5.0	307.0	105.0	175.0	178.0	114.0	12.0	107.0	237.0	69.0	115.0	330.0	240.0	348.0
CCA	248.0	170.0	187.0	171.0	101.0	200.0	132.0	86.0	46.0	130.0	37.0	73.0	64.0	262.0	233.0	213.0	135.0	107.0	199.0	112.0	98.0	116.0	189.0	95.0	54.0	187.0	101.0	91.0	48.0	162.0	269.0	140.0	331.0	252.0	262.0	280.0	200.0	340.0	264.0	173.0	131.0	288.0	130.0	179.0	95.0	197.0	223.0	151.0	7.0	130.0	4.0	154.0	83.0	103.0	102.0	78.0	8.0	60.0	139.0	40.0	81.0	184.0	141.0	205.0
CCC	257.0	436.0	479.0	207.0	122.0	600.0	309.0	104.0	51.0	381.0	71.0	105.0	73.0	748.0	562.0	248.0	197.0	261.0	611.0	200.0	116.0	348.0	457.0	145.0	91.0	583.0	269.0	237.0	59.0	419.0	985.0	200.0	624.0	614.0	603.0	481.0	326.0	984.0	676.0	264.0	225.0	836.0	294.0	320.0	131.0	486.0	637.0	197.0	8.0	318.0	6.0	226.0	95.0	281.0	236.0	86.0	13.0	164.0	338.0	59.0	63.0	481.0	252.0	234.0
CCG	387.0	687.0	697.0	344.0	187.0	906.0	528.0	161.0	75.0	539.0	106.0	164.0	100.0	1224.0	883.0	402.0	299.0	410.0	973.0	300.0	189.0	457.0	848.0	227.0	137.0	850.0	421.0	338.0	86.0	597.0	1642.0	293.0	1014.0	999.0	1025.0	740.0	504.0	1379.0	1103.0	431.0	359.0	1313.0	528.0	504.0	199.0	774.0	1131.0	330.0	13.0	511.0	10.0	369.0	142.0	437.0	407.0	132.0	22.0	262.0	522.0	96.0	83.0	813.0	421.0	386.0
CCT	313.0	194.0	220.0	227.0	113.0	231.0	159.0	111.0	48.0	152.0	43.0	94.0	70.0	293.0	292.0	288.0	164.0	122.0	243.0	138.0	95.0	145.0	227.0	116.0	58.0	228.0	126.0	110.0	54.0	185.0	334.0	171.0	415.0	298.0	318.0	366.0	232.0	412.0	320.0	227.0	151.0	347.0	156.0	218.0	110.0	226.0	275.0	201.0	8.0	148.0	4.0	198.0	93.0	124.0	126.0	98.0	10.0	70.0	156.0	48.0	95.0	210.0	179.0	256.0
CGA	125.0	121.0	130.0	98.0	58.0	163.0	109.0	48.0	33.0	109.0	34.0	45.0	39.0	203.0	161.0	110.0	85.0	84.0	173.0	80.0	54.0	91.0	137.0	58.0	56.0	178.0	95.0	87.0	31.0	126.0	267.0	91.0	219.0	193.0	216.0	190.0	125.0	270.0	209.0	111.0	94.0	236.0	107.0	118.0	58.0	150.0	191.0	90.0	4.0	95.0	3.0	88.0	47.0	84.0	86.0	43.0	8.0	49.0	106.0	26.0	41.0	140.0	105.0	103.0
CGC	464.0	897.0	788.0	368.0	210.0	1168.0	604.0	163.0	83.0	689.0	115.0	171.0	103.0	1394.0	1032.0	465.0	360.0	557.0	1279.0	336.0	187.0	583.0	850.0	228.0	178.0	1320.0	482.0	489.0	95.0	709.0	2046.0	332.0	1258.0	1269.0	1273.0	873.0	536.0	1744.0	1262.0	468.0	404.0	1657.0	585.0	644.0	229.0	914.0	1379.0	335.0	18.0	650.0	12.0	379.0	147.0	552.0	474.0	138.0	30.0	314.0	624.0	97.0	83.0	893.0	447.0	394.0
CGG	211.0	372.0	388.0	190.0	109.0	486.0	323.0	93.0	50.0	319.0	75.0	105.0	59.0	602.0	490.0	208.0	188.0	238.0	621.0	209.0	101.0	269.0	421.0	126.0	95.0	482.0	304.0	244.0	54.0	332.0	944.0	186.0	616.0	525.0	615.0	502.0	284.0	759.0	607.0	246.0	202.0	667.0	301.0	289.0	111.0	416.0	606.0	185.0	9.0	281.0	8.0	212.0	88.0	228.0	229.0	78.0	18.0	142.0	305.0	55.0	44.0	368.0	261.0	208.0
CGT	275.0	320.0	379.0	211.0	108.0	410.0	257.0	97.0	56.0	238.0	57.0	90.0	70.0	525.0	404.0	251.0	164.0	211.0	422.0	170.0	91.0	237.0	338.0	110.0	87.0	489.0	244.0	222.0	52.0	332.0	630.0	183.0	537.0	546.0	565.0	426.0	258.0	703.0	556.0	229.0	196.0	646.0	237.0	305.0	117.0	409.0	508.0	196.0	10.0	242.0	5.0	215.0	86.0	195.0	210.0	87.0	15.0	109.0	234.0	50.0	84.0	359.0	225.0	221.0
CTA	155.0	101.0	110.0	100.0	61.0	108.0	69.0	54.0	28.0	81.0	22.0	50.0	46.0	149.0	142.0	140.0	93.0	58.0	114.0	66.0	48.0	59.0	86.0	54.0	31.0	95.0	54.0	52.0	34.0	92.0	156.0	92.0	220.0	141.0	150.0	180.0	120.0	177.0	132.0	108.0	85.0	151.0	70.0	99.0	61.0	103.0	124.0	101.0	5.0	74.0	3.0	95.0	52.0	56.0	54.0	46.0	5.0	32.0	78.0	23.0	58.0	111.0	98.0	129.0
CTC	425.0	620.0	627.0	320.0	194.0	823.0	433.0	154.0	77.0	514.0	96.0	160.0	111.0	1002.0	798.0	394.0	317.0	341.0	900.0	278.0	162.0	419.0	597.0	185.0	126.0	709.0	332.0	332.0	92.0	582.0	1526.0	302.0	935.0	797.0	881.0	695.0	461.0	1222.0	842.0	376.0	331.0	1057.0	402.0	463.0	205.0	635.0	888.0	299.0	14.0	425.0	9.0	321.0	140.0	375.0	315.0	123.0	18.0	201.0	466.0	76.0	96.0	647.0	368.0	348.0
CTG	685.0	1410.0	1507.0	592.0	320.0	2061.0	1105.0	264.0	130.0	1186.0	218.0	293.0	180.0	2681.0	1796.0	721.0	512.0	866.0	2154.0	533.0	269.0	985.0	1642.0	334.0	267.0	2046.0	944.0	630.0	156.0	1526.0	3658.0	557.0	1912.0	2170.0	2418.0	1392.0	882.0	3347.0	2459.0	719.0	684.0	2983.0	1045.0	989.0	357.0	1735.0	2370.0	559.0	23.0	1009.0	19.0	635.0	230.0	1039.0	886.0	217.0	48.0	501.0	1074.0	151.0	164.0	1767.0	771.0	669.0
CTT	470.0	320.0	375.0	341.0	178.0	385.0	243.0	163.0	81.0	261.0	65.0	154.0	123.0	506.0	488.0	460.0	290.0	187.0	402.0	230.0	140.0	200.0	293.0	171.0	91.0	332.0	186.0	183.0	92.0	302.0	557.0	296.0	731.0	467.0	520.0	624.0	380.0	623.0	476.0	352.0	236.0	521.0	249.0	354.0	176.0	358.0	459.0	317.0	13.0	235.0	6.0	314.0	151.0	192.0	194.0	151.0	14.0	100.0	259.0	73.0	166.0	347.0	314.0	409.0
GAA	1359.0	1017.0	1232.0	945.0	413.0	1334.0	705.0	409.0	184.0	767.0	163.0	357.0	266.0	1575.0	1300.0	1212.0	730.0	650.0	1242.0	635.0	331.0	624.0	1014.0	415.0	219.0	1258.0	616.0	537.0	220.0	935.0	1912.0	731.0	2192.0	1632.0	1754.0	1672.0	929.0	2137.0	1502.0	891.0	574.0	1800.0	658.0	902.0	446.0	1199.0	1467.0	850.0	42.0	793.0	19.0	876.0	339.0	604.0	564.0	362.0	49.0	340.0	685.0	187.0	368.0	1086.0	756.0	1036.0
GAC	725.0	1108.0	1113.0	592.0	297.0	1343.0	721.0	263.0	118.0	819.0	147.0	255.0	164.0	1591.0	1193.0	679.0	488.0	600.0	1323.0	483.0	252.0	614.0	999.0	298.0	193.0	1269.0	525.0	546.0	141.0	797.0	2170.0	467.0	1632.0	1468.0	1333.0	1252.0	709.0	1851.0	1384.0	617.0	506.0	1763.0	597.0	761.0	335.0	978.0	1320.0	503.0	23.0	752.0	13.0	590.0	231.0	592.0	498.0	204.0	28.0	349.0	665.0	132.0	177.0	1031.0	569.0	577.0
GAG	756.0	1035.0	1269.0	646.0	303.0	1239.0	725.0	271.0	127.0	809.0	175.0	276.0	175.0	1634.0	1302.0	729.0	498.0	564.0	1499.0	535.0	262.0	603.0	1025.0	318.0	216.0	1273.0	615.0	565.0	150.0	881.0	2418.0	520.0	1754.0	1333.0	1670.0	1367.0	736.0	1935.0	1510.0	666.0	533.0	1714.0	651.0	805.0	358.0	1027.0	1525.0	569.0	26.0	745.0	16.0	659.0	236.0	586.0	554.0	232.0	37.0	354.0	713.0	159.0	202.0	1034.0	653.0	653.0
GAT	1109.0	840.0	995.0	853.0	361.0	951.0	581.0	362.0	160.0	615.0	140.0	316.0	235.0	1236.0	1055.0	948.0	574.0	485.0	1013.0	572.0	280.0	481.0	740.0	366.0	190.0	873.0	502.0	426.0	180.0	695.0	1392.0	624.0	1672.0	1252.0	1367.0	1558.0	781.0	1526.0	1154.0	739.0	519.0	1326.0	579.0	800.0	365.0	849.0	1154.0	681.0	26.0	608.0	14.0	823.0	290.0	473.0	455.0	317.0	27.0	250.0	558.0	163.0	307.0	837.0	675.0	872.0
GCA	627.0	447.0	502.0	438.0	248.0	606.0	383.0	216.0	99.0	376.0	92.0	200.0	146.0	715.0	614.0	566.0	351.0	281.0	566.0	285.0	200.0	326.0	504.0	232.0	125.0	536.0	284.0	258.0	120.0	461.0	882.0	380.0	929.0	709.0	736.0	781.0	558.0	1034.0	807.0	510.0	345.0	865.0	354.0	507.0	243.0	560.0	689.0	421.0	19.0	347.0	9.0	393.0	193.0	296.0	296.0	193.0	22.0	153.0	347.0	91.0	204.0	513.0	392.0	499.0
GCC	849.0	1413.0	1430.0	697.0	389.0	1904.0	1040.0	327.0	155.0	1187.0	197.0	323.0	209.0	2285.0	1769.0	846.0	638.0	781.0	1967.0	588.0	340.0	984.0	1379.0	412.0	270.0	1744.0	759.0	703.0	177.0	1222.0	3347.0	623.0	2137.0	1851.0	1935.0	1526.0	1034.0	3154.0	2120.0	888.0	708.0	2657.0	941.0	1073.0	411.0	1512.0	2137.0	642.0	28.0	945.0	18.0	707.0	289.0	895.0	740.0	260.0	39.0	478.0	1031.0	172.0	200.0	1491.0	842.0	723.0
GCG	595.0	943.0	1031.0	529.0	299.0	1311.0	799.0	249.0	124.0	836.0	159.0	265.0	168.0	1653.0	1214.0	646.0	458.0	556.0	1408.0	442.0	264.0	676.0	1103.0	320.0	209.0	1262.0	607.0	556.0	132.0	842.0	2459.0	476.0	1502.0	1384.0	1510.0	1154.0	807.0	2120.0	1654.0	677.0	570.0	1881.0	782.0	843.0	332.0	1076.0	1815.0	515.0	21.0	696.0	16.0	540.0	221.0	689.0	616.0	200.0	34.0	335.0	715.0	138.0	143.0	1083.0	680.0	577.0
GCT	610.0	414.0	486.0	429.0	220.0	503.0	324.0	223.0	91.0	319.0	78.0	191.0	131.0	660.0	566.0	548.0	323.0	239.0	498.0	263.0	173.0	264.0	431.0	227.0	111.0	468.0	246.0	229.0	108.0	376.0	719.0	352.0	891.0	617.0	666.0	739.0	510.0	888.0	677.0	490.0	305.0	741.0	318.0	485.0	235.0	486.0	578.0	412.0	18.0	306.0	8.0	386.0	176.0	263.0	254.0	194.0	19.0	133.0	300.0	87.0	196.0	452.0	364.0	491.0
GGA	385.0	343.0	350.0	297.0	158.0	418.0	274.0	141.0	68.0	281.0	71.0	139.0	99.0	544.0	459.0	370.0	228.0	201.0	424.0	207.0	131.0	225.0	359.0	151.0	94.0	404.0	202.0	196.0	85.0	331.0	684.0	236.0	574.0	506.0	533.0	519.0	345.0	708.0	570.0	305.0	300.0	668.0	302.0	398.0	166.0	400.0	513.0	259.0	10.0	258.0	6.0	270.0	130.0	220.0	218.0	125.0	14.0	123.0	282.0	73.0	137.0	386.0	284.0	338.0
GGC	781.0	1435.0	1262.0	680.0	335.0	1834.0	936.0	295.0	129.0	1053.0	170.0	288.0	192.0	2156.0	1584.0	779.0	522.0	759.0	1725.0	518.0	288.0	836.0	1313.0	347.0	236.0	1657.0	667.0	646.0	151.0	1057.0	2983.0	521.0	1800.0	1763.0	1714.0	1326.0	865.0	2657.0	1881.0	741.0	668.0	2702.0	888.0	1073.0	396.0	1385.0	2001.0	587.0	22.0	958.0	13.0	643.0	246.0	797.0	715.0	240.0	29.0	451.0	911.0	154.0	174.0	1348.0	714.0	690.0
GGG	332.0	451.0	490.0	300.0	156.0	555.0	383.0	133.0	67.0	390.0	88.0	144.0	89.0	743.0	615.0	353.0	211.0	259.0	639.0	237.0	130.0	294.0	528.0	156.0	107.0	585.0	301.0	237.0	70.0	402.0	1045.0	249.0	658.0	597.0	651.0	579.0	354.0	941.0	782.0	318.0	302.0	888.0	380.0	399.0	170.0	499.0	748.0	266.0	9.0	322.0	7.0	292.0	120.0	275.0	291.0	117.0	15.0	161.0	372.0	77.0	101.0	501.0	326.0	335.0
GGT	593.0	556.0	633.0	444.0	219.0	661.0	414.0	214.0	90.0	393.0	85.0	196.0	132.0	854.0	695.0	568.0	304.0	301.0	631.0	290.0	179.0	320.0	504.0	218.0	118.0	644.0	289.0	305.0	99.0	463.0	989.0	354.0	902.0	761.0	805.0	800.0	507.0	1073.0	843.0	485.0	398.0	1073.0	399.0	646.0	241.0	604.0	803.0	424.0	13.0	395.0	7.0	388.0	175.0	317.0	330.0	190.0	16.0	172.0	392.0	99.0	174.0	614.0	394.0	501.0
GTA	362.0	213.0	242.0	229.0	118.0	255.0	166.0	120.0	51.0	165.0	42.0	101.0	78.0	332.0	291.0	308.0	181.0	139.0	255.0	136.0	95.0	131.0	199.0	110.0	58.0	229.0	111.0	117.0	61.0	205.0	357.0	176.0	446.0	335.0	358.0	365.0	243.0	411.0	332.0	235.0	166.0	396.0	170.0	241.0	126.0	253.0	321.0	218.0	9.0	172.0	5.0	193.0	100.0	128.0	130.0	101.0	9.0	72.0	167.0	46.0	122.0	246.0	199.0	266.0
GTC	531.0	786.0	807.0	408.0	227.0	1027.0	550.0	191.0	91.0	637.0	112.0	192.0	134.0	1243.0	984.0	490.0	368.0	439.0	1054.0	339.0	197.0	486.0	774.0	226.0	150.0	914.0	416.0	409.0	103.0	635.0	1735.0	358.0	1199.0	978.0	1027.0	849.0	560.0	1512.0	1076.0	486.0	400.0	1385.0	499.0	604.0	253.0	824.0	1151.0	390.0	16.0	547.0	9.0	418.0	166.0	469.0	403.0	153.0	22.0	246.0	536.0	98.0	118.0	787.0	466.0	436.0
GTG	613.0	969.0	1101.0	538.0	268.0	1329.0	799.0	235.0	111.0	815.0	145.0	246.0	154.0	1756.0	1272.0	656.0	414.0	553.0	1439.0	449.0	223.0	637.0	1131.0	275.0	191.0	1379.0	606.0	508.0	124.0	888.0	2370.0	459.0	1467.0	1320.0	1525.0	1154.0	689.0	2137.0	1815.0	578.0	513.0	2001.0	748.0	803.0	321.0	1151.0	1706.0	492.0	19.0	706.0	14.0	558.0	201.0	637.0	654.0	196.0	32.0	350.0	741.0	124.0	175.0	1136.0	610.0	598.0
GTT	572.0	376.0	440.0	390.0	198.0	390.0	262.0	204.0	84.0	271.0	67.0	176.0	132.0	560.0	523.0	537.0	292.0	193.0	415.0	243.0	151.0	197.0	330.0	201.0	90.0	335.0	185.0	196.0	101.0	299.0	559.0	317.0	850.0	503.0	569.0	681.0	421.0	642.0	515.0	412.0	259.0	587.0	266.0	424.0	218.0	390.0	492.0	404.0	15.0	263.0	7.0	338.0	159.0	203.0	206.0	189.0	15.0	107.0	264.0	88.0	193.0	387.0	338.0	475.0
TAA	36.0	17.0	26.0	18.0	9.0	16.0	10.0	8.0	6.0	12.0	4.0	6.0	7.0	25.0	19.0	23.0	16.0	8.0	19.0	9.0	7.0	8.0	13.0	8.0	4.0	18.0	9.0	10.0	5.0	14.0	23.0	13.0	42.0	23.0	26.0	26.0	19.0	28.0	21.0	18.0	10.0	22.0	9.0	13.0	9.0	16.0	19.0	15.0	0.0	13.0	0.0	14.0	7.0	8.0	8.0	7.0	0.0	5.0	13.0	4.0	9.0	17.0	15.0	20.0
TAC	418.0	573.0	614.0	310.0	149.0	671.0	364.0	140.0	60.0	398.0	71.0	132.0	88.0	855.0	614.0	360.0	243.0	293.0	669.0	228.0	130.0	318.0	511.0	148.0	95.0	650.0	281.0	242.0	74.0	425.0	1009.0	235.0	793.0	752.0	745.0	608.0	347.0	945.0	696.0	306.0	258.0	958.0	322.0	395.0	172.0	547.0	706.0	263.0	13.0	458.0	7.0	334.0	116.0	296.0	287.0	117.0	18.0	163.0	377.0	66.0	108.0	585.0	281.0	340.0
TAG	13.0	9.0	15.0	8.0	4.0	9.0	7.0	3.0	3.0	8.0	3.0	3.0	3.0	14.0	11.0	10.0	7.0	5.0	13.0	5.0	4.0	6.0	10.0	4.0	3.0	12.0	8.0	5.0	3.0	9.0	19.0	6.0	19.0	13.0	16.0	14.0	9.0	18.0	16.0	8.0	6.0	13.0	7.0	7.0	5.0	9.0	14.0	7.0	0.0	7.0	0.0	7.0	3.0	5.0	5.0	3.0	0.0	3.0	9.0	2.0	4.0	10.0	9.0	9.0
TAT	615.0	426.0	510.0	467.0	188.0	456.0	278.0	193.0	90.0	322.0	70.0	175.0	142.0	619.0	573.0	531.0	320.0	237.0	512.0	307.0	154.0	226.0	369.0	198.0	88.0	379.0	212.0	215.0	95.0	321.0	635.0	314.0	876.0	590.0	659.0	823.0	393.0	707.0	540.0	386.0	270.0	643.0	292.0	388.0	193.0	418.0	558.0	338.0	14.0	334.0	7.0	490.0	152.0	207.0	225.0	174.0	15.0	128.0	339.0	92.0	161.0	444.0	341.0	538.0
TCA	251.0	165.0	175.0	178.0	99.0	177.0	117.0	90.0	47.0	129.0	35.0	79.0	68.0	238.0	219.0	230.0	149.0	92.0	175.0	105.0	83.0	95.0	142.0	93.0	47.0	147.0	88.0	86.0	52.0	140.0	230.0	151.0	339.0	231.0	236.0	290.0	193.0	289.0	221.0	176.0	130.0	246.0	120.0	175.0	100.0	166.0	201.0	159.0	7.0	116.0	3.0	152.0	84.0	97.0	97.0	88.0	8.0	49.0	124.0	39.0	94.0	168.0	158.0	213.0
TCC	268.0	429.0	459.0	221.0	122.0	565.0	309.0	108.0	50.0	359.0	64.0	107.0	69.0	696.0	532.0	255.0	187.0	232.0	576.0	175.0	103.0	281.0	437.0	124.0	84.0	552.0	228.0	195.0	56.0	375.0	1039.0	192.0	604.0	592.0	586.0	473.0	296.0	895.0	689.0	263.0	220.0	797.0	275.0	317.0	128.0	469.0	637.0	203.0	8.0	296.0	5.0	207.0	97.0	280.0	257.0	96.0	14.0	144.0	297.0	53.0	79.0	461.0	235.0	225.0
TCG	259.0	413.0	424.0	241.0	119.0	518.0	322.0	101.0	51.0	334.0	67.0	108.0	72.0	626.0	533.0	268.0	187.0	222.0	578.0	178.0	102.0	236.0	407.0	126.0	86.0	474.0	229.0	210.0	54.0	315.0	886.0	194.0	564.0	498.0	554.0	455.0	296.0	740.0	616.0	254.0	218.0	715.0	291.0	330.0	130.0	403.0	654.0	206.0	8.0	287.0	5.0	225.0	97.0	257.0	258.0	90.0	11.0	129.0	287.0	56.0	72.0	417.0	251.0	251.0
TCT	283.0	167.0	200.0	203.0	101.0	159.0	110.0	99.0	45.0	121.0	34.0	93.0	69.0	224.0	235.0	265.0	150.0	81.0	172.0	114.0	78.0	86.0	132.0	98.0	43.0	138.0	78.0	87.0	46.0	123.0	217.0	151.0	362.0	204.0	232.0	317.0	193.0	260.0	200.0	194.0	125.0	240.0	117.0	190.0	101.0	153.0	196.0	189.0	7.0	117.0	3.0	174.0	88.0	96.0	90.0	94.0	7.0	49.0	118.0	41.0	98.0	159.0	158.0	241.0
TGA	26.0	22.0	31.0	14.0	10.0	22.0	16.0	7.0	7.0	20.0	8.0	7.0	7.0	33.0	27.0	18.0	17.0	13.0	33.0	12.0	8.0	13.0	22.0	10.0	8.0	30.0	18.0	15.0	5.0	18.0	48.0	14.0	49.0	28.0	37.0	27.0	22.0	39.0	34.0	19.0	14.0	29.0	15.0	16.0	9.0	22.0	32.0	15.0	0.0	18.0	0.0	15.0	8.0	14.0	11.0	7.0	0.0	8.0	20.0	4.0	7.0	22.0	18.0	17.0
TGC	160.0	231.0	239.0	130.0	66.0	301.0	166.0	55.0	31.0	189.0	40.0	55.0	39.0	361.0	283.0	142.0	103.0	153.0	308.0	107.0	60.0	164.0	262.0	70.0	49.0	314.0	142.0	109.0	32.0	201.0	501.0	100.0	340.0	349.0	354.0	250.0	153.0	478.0	335.0	133.0	123.0	451.0	161.0	172.0	72.0	246.0	350.0	107.0	5.0	163.0	3.0	128.0	49.0	144.0	129.0	49.0	8.0	122.0	174.0	45.0	44.0	251.0	119.0	138.0
TGG	387.0	486.0	490.0	305.0	159.0	655.0	356.0	133.0	67.0	400.0	84.0	135.0	94.0	802.0	618.0	357.0	228.0	295.0	645.0	237.0	139.0	338.0	522.0	156.0	106.0	624.0	305.0	234.0	78.0	466.0	1074.0	259.0	685.0	665.0	713.0	558.0	347.0	1031.0	715.0	300.0	282.0	911.0	372.0	392.0	167.0	536.0	741.0	264.0	13.0	377.0	9.0	339.0	124.0	297.0	287.0	118.0	20.0	174.0	494.0	70.0	106.0	606.0	310.0	388.0
TGT	144.0	87.0	106.0	94.0	48.0	96.0	67.0	44.0	25.0	68.0	20.0	43.0	36.0	129.0	123.0	114.0	70.0	59.0	103.0	69.0	40.0	59.0	96.0	48.0	26.0	97.0	55.0	50.0	23.0	76.0	151.0	73.0	187.0	132.0	159.0	163.0	91.0	172.0	138.0	87.0	73.0	154.0	77.0	99.0	46.0	98.0	124.0	88.0	4.0	66.0	2.0	92.0	39.0	53.0	56.0	41.0	4.0	45.0	70.0	34.0	46.0	94.0	82.0	122.0
TTA	291.0	162.0	173.0	196.0	99.0	136.0	85.0	100.0	58.0	121.0	34.0	92.0	94.0	216.0	220.0	257.0	145.0	78.0	149.0	115.0	81.0	63.0	83.0	95.0	41.0	83.0	44.0	84.0	58.0	96.0	164.0	166.0	368.0	177.0	202.0	307.0	204.0	200.0	143.0	196.0	137.0	174.0	101.0	174.0	122.0	118.0	175.0	193.0	9.0	108.0	4.0	161.0	94.0	79.0	72.0	98.0	7.0	44.0	106.0	46.0	114.0	149.0	179.0	257.0
TTC	547.0	801.0	806.0	432.0	211.0	1062.0	560.0	190.0	81.0	613.0	105.0	190.0	123.0	1307.0	990.0	548.0	346.0	438.0	1030.0	330.0	184.0	481.0	813.0	210.0	140.0	893.0	368.0	359.0	111.0	647.0	1767.0	347.0	1086.0	1031.0	1034.0	837.0	513.0	1491.0	1083.0	452.0	386.0	1348.0	501.0	614.0	246.0	787.0	1136.0	387.0	17.0	585.0	10.0	444.0	168.0	461.0	417.0	159.0	22.0	251.0	606.0	94.0	149.0	926.0	436.0	519.0
TTG	487.0	372.0	459.0	363.0	183.0	468.0	324.0	173.0	82.0	301.0	80.0	172.0	127.0	629.0	544.0	455.0	271.0	223.0	513.0	240.0	141.0	252.0	421.0	179.0	105.0	447.0	261.0	225.0	98.0	368.0	771.0	314.0	756.0	569.0	653.0	675.0	392.0	842.0	680.0	364.0	284.0	714.0	326.0	394.0	199.0	466.0	610.0	338.0	15.0	281.0	9.0	341.0	158.0	235.0	251.0	158.0	18.0	119.0	310.0	82.0	179.0	436.0	380.0	466.0
TTT	783.0	452.0	547.0	530.0	256.0	452.0	307.0	244.0	115.0	342.0	84.0	239.0	194.0	690.0	686.0	777.0	394.0	237.0	490.0	348.0	205.0	234.0	386.0	256.0	103.0	394.0	208.0	221.0	129.0	348.0	669.0	409.0	1036.0	577.0	653.0	872.0	499.0	723.0	577.0	491.0	338.0	690.0	335.0	501.0	266.0	436.0	598.0	475.0	20.0	340.0	9.0	538.0	213.0	225.0	251.0	241.0	17.0	138.0	388.0	122.0	257.0	519.0	466.0	848.0
