Proteome_ID	M	W	C	D	E	F	H	K	N	Q	Y	I	A	G	P	T	V	L	R	S
UP000006687	0.01608597867249131	0.017085776492955108	0.03317175516544642	0.03317175516544642	0.03317175516544642	0.031230664075495265	0.03317175516544642	0.031230664075495265	0.031230664075495265	0.03317175516544642	0.031230664075495265	0.046375349478499216	0.07046698322497141	0.07046698322497141	0.07046698322497141	0.06634351033089284	0.06634351033089284	0.08242948900338416	0.10363873839041783	0.09951526549633925
UP000007251	0.014826697766688329	0.01783981549647192	0.03266651326316025	0.03266651326316025	0.03266651326316025	0.027149188809726044	0.03266651326316025	0.027149188809726044	0.027149188809726044	0.03266651326316025	0.027149188809726044	0.039471679852763765	0.0786101637327699	0.0786101637327699	0.0786101637327699	0.0653330265263205	0.0653330265263205	0.08015972429300883	0.11127667699593015	0.09799953978948076
UP000006677	0.01943640416777998	0.013738611182678708	0.033175015350458685	0.033175015350458685	0.033175015350458685	0.04693363820040058	0.033175015350458685	0.04693363820040058	0.04693363820040058	0.033175015350458685	0.04693363820040058	0.07443087223302117	0.04689948129756436	0.04689948129756436	0.04689948129756436	0.06635003070091737	0.06635003070091737	0.08578643486869736	0.08007449664802305	0.09952504605137606
UP000007666	0.019668170570155512	0.013375110403631247	0.03304328097378676	0.03304328097378676	0.03304328097378676	0.04859031939007912	0.03304328097378676	0.04859031939007912	0.04859031939007912	0.03304328097378676	0.04859031939007912	0.07751246821000272	0.044941397019734236	0.044941397019734236	0.044941397019734236	0.06608656194757352	0.06608656194757352	0.08575473251772904	0.077984677993521	0.09912984292136029
UP000099345	0.010942627740699026	0.01903065694034613	0.029973284681045157	0.029973284681045157	0.029973284681045157	0.017234638691600968	0.029973284681045157	0.017234638691600968	0.017234638691600968	0.029973284681045157	0.017234638691600968	0.02352664964250291	0.10425490323841792	0.10425490323841792	0.10425490323841792	0.059946569362090314	0.059946569362090314	0.07088919710278935	0.1342281879194631	0.08991985404313547
UP000007699	0.018826397940336494	0.014569032509047798	0.03339543044938429	0.03339543044938429	0.03339543044938429	0.043154249442335174	0.03339543044938429	0.043154249442335174	0.043154249442335174	0.03339543044938429	0.043154249442335174	0.06748210094433385	0.05168690403896013	0.05168690403896013	0.05168690403896013	0.06679086089876858	0.06679086089876858	0.08561725883910508	0.08508233448834443	0.10018629134815288
UP000002135	0.01663899948670317	0.01668776514514492	0.03332676463184809	0.03332676463184809	0.03332676463184809	0.03322937581993289	0.03332676463184809	0.03322937581993289	0.03322937581993289	0.03332676463184809	0.03322937581993289	0.04981975215316262	0.0668488777427083	0.0668488777427083	0.0668488777427083	0.06665352926369618	0.06665352926369618	0.08329252875039934	0.10017564237455638	0.09998029389554426
UP000008222	0.01934743530859047	0.013870098485337977	0.03321753379392845	0.03321753379392845	0.03321753379392845	0.046335221546430716	0.03321753379392845	0.046335221546430716	0.046335221546430716	0.03321753379392845	0.046335221546430716	0.07332300778427096	0.04762703250464011	0.04762703250464011	0.04762703250464011	0.0664350675878569	0.0664350675878569	0.08578250289644734	0.08084456629856857	0.09965260138178533
UP000008623	0.015546928807020164	0.017433082449781815	0.03298001125680198	0.03298001125680198	0.03298001125680198	0.02941177434003596	0.03298001125680198	0.02941177434003596	0.02941177434003596	0.03298001125680198	0.02941177434003596	0.04327661987305175	0.07396229346273814	0.07396229346273814	0.07396229346273814	0.06596002251360396	0.06596002251360396	0.08150695132062412	0.10694230471954011	0.09894003377040593
UP000172353	0.018563472501236838	0.004304827318260253	0.022868299819497093	0.022868299819497093	0.022868299819497093	0.09861372442247848	0.022868299819497093	0.09861372442247848	0.09861372442247848	0.022868299819497093	0.09861372442247848	0.1786639763437201	0.01060621408829388	0.01060621408829388	0.01060621408829388	0.04573659963899419	0.04573659963899419	0.06430007214023102	0.03347451390779097	0.06860489945849127
UP000163220	0.02077176388985032	0.010718916994666452	0.03149068088451677	0.03149068088451677	0.03149068088451677	0.06102454085513327	0.03149068088451677	0.06102454085513327	0.06102454085513327	0.03149068088451677	0.06102454085513327	0.10127731782041623	0.032500465179232996	0.032500465179232996	0.032500465179232996	0.06298136176903354	0.06298136176903354	0.08375312565888386	0.06399114606374977	0.0944720426535503
UP000000360	0.01678059556205119	0.016578537507118737	0.033359133069169926	0.033359133069169926	0.033359133069169926	0.033765711848467855	0.033359133069169926	0.033765711848467855	0.033765711848467855	0.033359133069169926	0.033765711848467855	0.050750828134884525	0.06591489995061851	0.06591489995061851	0.06591489995061851	0.06671826613833985	0.06671826613833985	0.08349886170039104	0.09927403301978845	0.10007739920750977
UP000004993	0.017685720530358762	0.015800403079614986	0.033486123609973745	0.033486123609973745	0.033486123609973745	0.037481716183247846	0.033486123609973745	0.037481716183247846	0.037481716183247846	0.033486123609973745	0.037481716183247846	0.057277711836136926	0.05983293128523324	0.05983293128523324	0.05983293128523324	0.06697224721994749	0.06697224721994749	0.08465796775030626	0.093319054895207	0.10045837082992125
UP000008865	0.016830621275052922	0.016539196126047137	0.03336981740110006	0.03336981740110006	0.03336981740110006	0.033957802689762076	0.03336981740110006	0.033957802689762076	0.033957802689762076	0.03336981740110006	0.033957802689762076	0.05108498410447123	0.06558402636095666	0.06558402636095666	0.06558402636095666	0.06673963480220012	0.06673963480220012	0.08357025607725305	0.09895384376205671	0.10010945220330018
UP000009108	0.019333045677611408	0.013890986735542586	0.03322403241315399	0.03322403241315399	0.03322403241315399	0.04624018066293681	0.03322403241315399	0.04624018066293681	0.04624018066293681	0.03322403241315399	0.04624018066293681	0.07314731564826223	0.047743599352978824	0.047743599352978824	0.047743599352978824	0.06644806482630798	0.06644806482630798	0.0857811105039194	0.08096763176613282	0.09967209723946198
UP000000396	0.01885616923671673	0.014531934093305	0.03338810333002173	0.03338810333002173	0.03338810333002173	0.04332332660206082	0.03338810333002173	0.04332332660206082	0.04332332660206082	0.03338810333002173	0.04332332660206082	0.0677904839674049	0.05146259677682188	0.05146259677682188	0.05146259677682188	0.06677620666004346	0.06677620666004346	0.08563237589676019	0.08485070010684359	0.10016430999006519
UP000007661	0.017861110859596147	0.01563167889993114	0.03349278975952729	0.03349278975952729	0.03349278975952729	0.03826962124296826	0.03349278975952729	0.03826962124296826	0.03826962124296826	0.03349278975952729	0.03826962124296826	0.05867813162634038	0.058624409097438435	0.058624409097438435	0.058624409097438435	0.06698557951905458	0.06698557951905458	0.08484669037865072	0.09211719885696573	0.10047836927858188
UP000007068	0.01881533530596132	0.014582740114960422	0.03339807542092174	0.03339807542092174	0.03339807542092174	0.043091763459033115	0.03339807542092174	0.043091763459033115	0.043091763459033115	0.03339807542092174	0.043091763459033115	0.06736819161210492	0.0517700531277633	0.0517700531277633	0.0517700531277633	0.06679615084184348	0.06679615084184348	0.0856114861478048	0.08516812854868505	0.10019422626276522
UP000134285	0.018236016286468874	0.015248056060938753	0.03348407234740763	0.03348407234740763	0.03348407234740763	0.04004550391369919	0.03348407234740763	0.04004550391369919	0.04004550391369919	0.03348407234740763	0.04004550391369919	0.06185499154092951	0.05599545473982071	0.05599545473982071	0.05599545473982071	0.06696814469481525	0.06696814469481525	0.08520416098128412	0.08947952708722834	0.10045221704222287
UP000006372	0.019106056543396557	0.014207753664432138	0.03331381020782869	0.03331381020782869	0.03331381020782869	0.04479916787269243	0.03331381020782869	0.04479916787269243	0.04479916787269243	0.03331381020782869	0.04479916787269243	0.0704922792019883	0.04954600735964659	0.04954600735964659	0.04954600735964659	0.06662762041565738	0.06662762041565738	0.08573367695905394	0.08285981756747528	0.09994143062348607
UP000009089	0.019827013735946638	0.013105384975392062	0.032932398711338705	0.032932398711338705	0.032932398711338705	0.04982311643903846	0.032932398711338705	0.04982311643903846	0.04982311643903846	0.032932398711338705	0.04982311643903846	0.07981921914213028	0.04353573049608752	0.04353573049608752	0.04353573049608752	0.06586479742267741	0.06586479742267741	0.08569181115862405	0.07646812920742622	0.0987971961340161
UP000002317	0.018150706815122722	0.015338270745249403	0.03348897756037213	0.03348897756037213	0.03348897756037213	0.039629539948289286	0.03348897756037213	0.039629539948289286	0.039629539948289286	0.03348897756037213	0.039629539948289286	0.06110837308145586	0.05659977983607758	0.05659977983607758	0.05659977983607758	0.06697795512074425	0.06697795512074425	0.08512866193586696	0.0900887573964497	0.10046693268111638
UP000000862	0.01929954509323388	0.013939224414369978	0.033238769507603856	0.033238769507603856	0.033238769507603856	0.0460207190791972	0.033238769507603856	0.0460207190791972	0.0460207190791972	0.033238769507603856	0.0460207190791972	0.07274189306516052	0.0480138433507888	0.0480138433507888	0.0480138433507888	0.06647753901520771	0.06647753901520771	0.08577708410844159	0.08125261285839266	0.09971630852281156
UP000000344	0.020749603473489527	0.010814290331565718	0.03156389380505525	0.03156389380505525	0.03156389380505525	0.06056229863022418	0.03156389380505525	0.06056229863022418	0.06056229863022418	0.03156389380505525	0.06056229863022418	0.10037499378695884	0.032900976834442756	0.032900976834442756	0.032900976834442756	0.0631277876101105	0.0631277876101105	0.08387739108360004	0.064464870639498	0.09469168141516575
UP000125273	0.01059884728615874	0.019056396353216064	0.029655243639374808	0.029655243639374808	0.029655243639374808	0.01649374796481492	0.029655243639374808	0.01649374796481492	0.01649374796481492	0.029655243639374808	0.01649374796481492	0.022388648643471096	0.10663840349527838	0.10663840349527838	0.10663840349527838	0.059310487278749616	0.059310487278749616	0.06990933456490835	0.13629364713465317	0.08896573091812442
UP000000470	0.01752092941021108	0.015953214469667937	0.03347414387987902	0.03347414387987902	0.03347414387987902	0.03676363237651737	0.03347414387987902	0.03676363237651737	0.03676363237651737	0.03347414387987902	0.03676363237651737	0.056006335342823656	0.060957975915707875	0.060957975915707875	0.060957975915707875	0.06694828775975804	0.06694828775975804	0.08446921716996911	0.09443211979558691	0.10042243163963706
UP000008687	0.01823365787154383	0.015250574441751182	0.03348423231329501	0.03348423231329501	0.03348423231329501	0.04003390419317263	0.03348423231329501	0.04003390419317263	0.04003390419317263	0.03348423231329501	0.04003390419317263	0.061834150514801435	0.05601221445706102	0.05601221445706102	0.05601221445706102	0.06696846462659002	0.06696846462659002	0.08520212249813386	0.08949644677035602	0.10045269693988505
UP000008226	0.019481980833790123	0.013669624033154122	0.03315160486694425	0.03315160486694425	0.03315160486694425	0.04724774646769609	0.03315160486694425	0.04724774646769609	0.04724774646769609	0.03315160486694425	0.04724774646769609	0.07501351210160205	0.04652196083067886	0.04652196083067886	0.04652196083067886	0.0663032097338885	0.0663032097338885	0.08578519056767862	0.0796735656976231	0.09945481460083273
UP000009116	0.019936822580455774	0.012907088374836352	0.03284391095529213	0.03284391095529213	0.03284391095529213	0.05073206338623593	0.03284391095529213	0.05073206338623593	0.05073206338623593	0.03284391095529213	0.05073206338623593	0.0815273041920161	0.04252626109947758	0.04252626109947758	0.04252626109947758	0.06568782191058425	0.06568782191058425	0.08562464449104001	0.07537017205476972	0.09853173286587637
UP000002241	0.01873961445093019	0.014675460963847035	0.03341507541477722	0.03341507541477722	0.03341507541477722	0.04266889003788625	0.03341507541477722	0.04266889003788625	0.04266889003788625	0.03341507541477722	0.04266889003788625	0.0665981656248423	0.052336363284061764	0.052336363284061764	0.052336363284061764	0.06683015082955444	0.06683015082955444	0.08556976528048463	0.08575143869883897	0.10024522624433166
UP000006674	0.020393789308687328	0.01193078669258336	0.03232457600127069	0.03232457600127069	0.03232457600127069	0.05525374054942767	0.03232457600127069	0.05525374054942767	0.05525374054942767	0.03232457600127069	0.05525374054942767	0.09011369179016801	0.03782108517077575	0.03782108517077575	0.03782108517077575	0.06464915200254139	0.06464915200254139	0.0850429413112287	0.07014566117204644	0.09697372800381207
UP000006716	0.020071709909011373	0.01264767069668888	0.03271938060570025	0.03271938060570025	0.03271938060570025	0.051925285822952305	0.03271938060570025	0.051925285822952305	0.051925285822952305	0.03271938060570025	0.051925285822952305	0.08377886173689324	0.04123454884277055	0.04123454884277055	0.04123454884277055	0.0654387612114005	0.0654387612114005	0.08551047112041188	0.07395392944847082	0.09815814181710075
UP000001795	0.01765073042376353	0.015833301627000237	0.03348403205076377	0.03348403205076377	0.03348403205076377	0.037327503584018	0.03348403205076377	0.037327503584018	0.037327503584018	0.03348403205076377	0.037327503584018	0.05700427674427246	0.060072616420917886	0.060072616420917886	0.060072616420917886	0.06696806410152754	0.06696806410152754	0.08461879452529107	0.09355664847168166	0.10045209615229131
UP000007453	0.018347381533103124	0.015127513478347648	0.03347489501145077	0.03347489501145077	0.03347489501145077	0.040599975100649735	0.03347489501145077	0.040599975100649735	0.040599975100649735	0.03347489501145077	0.040599975100649735	0.06285256866819634	0.055200457303222275	0.055200457303222275	0.055200457303222275	0.06694979002290154	0.06694979002290154	0.08529717155600466	0.08867535231467305	0.10042468503435231
UP000140422	0.0151649052545389	0.01765668071255716	0.032821585967096056	0.032821585967096056	0.032821585967096056	0.02818968353098966	0.032821585967096056	0.02818968353098966	0.02818968353098966	0.032821585967096056	0.02818968353098966	0.04121446180744041	0.07642913083513128	0.07642913083513128	0.07642913083513128	0.06564317193419211	0.06564317193419211	0.08080807718873102	0.10925071680222734	0.09846475790128818
UP000009190	0.012477434121629277	0.018755945956608965	0.031233380078238244	0.031233380078238244	0.031233380078238244	0.020778074495608388	0.031233380078238244	0.020778074495608388	0.020778074495608388	0.031233380078238244	0.020778074495608388	0.029078714869587494	0.09389936794363447	0.09389936794363447	0.09389936794363447	0.06246676015647649	0.06246676015647649	0.07494419427810578	0.12513274802187271	0.09370014023471473
UP000007225	0.015426469761388513	0.01750554706979246	0.03293201683118097	0.03293201683118097	0.03293201683118097	0.029020787513941652	0.03293201683118097	0.029020787513941652	0.029020787513941652	0.03293201683118097	0.029020787513941652	0.04261510526649479	0.07474075140436366	0.07474075140436366	0.07474075140436366	0.06586403366236195	0.06586403366236195	0.08129050342375047	0.10767276823554463	0.09879605049354293
UP000008479	0.017594254222415923	0.015885883572810466	0.03348013779522639	0.03348013779522639	0.03348013779522639	0.037080597567700484	0.03348013779522639	0.037080597567700484	0.037080597567700484	0.03348013779522639	0.037080597567700484	0.056566940912985045	0.060458552467543704	0.060458552467543704	0.060458552467543704	0.06696027559045278	0.06696027559045278	0.0845545298128687	0.0939386902627701	0.10044041338567918
UP000002242	0.01739869008182959	0.016063168074539856	0.03346185815636945	0.03346185815636945	0.03346185815636945	0.03624393998264823	0.03346185815636945	0.03624393998264823	0.03624393998264823	0.03346185815636945	0.03624393998264823	0.055089189883466866	0.06178665740054986	0.06178665740054986	0.06178665740054986	0.0669237163127389	0.0669237163127389	0.08432240639456849	0.0952485155569193	0.10038557446910834
UP000007544	0.018537405462795302	0.014914129327969237	0.03345153479076454	0.03345153479076454	0.03345153479076454	0.041578334888533616	0.03345153479076454	0.041578334888533616	0.041578334888533616	0.03345153479076454	0.041578334888533616	0.06461926431427192	0.053826358504141414	0.053826358504141414	0.053826358504141414	0.06690306958152908	0.06690306958152908	0.0854404750443244	0.08727789329490597	0.10035460437229363
UP000007711	0.02053788044517216	0.011541712906566042	0.032079593351738205	0.032079593351738205	0.032079593351738205	0.05708397517087113	0.032079593351738205	0.05708397517087113	0.05708397517087113	0.032079593351738205	0.05708397517087113	0.0936300698965701	0.03605566383674051	0.03605566383674051	0.03605566383674051	0.06415918670347641	0.06415918670347641	0.08469706714864857	0.06813525718847871	0.0962387800552146
UP000009246	0.020782955690754085	0.01066847578536343	0.031451431476117515	0.031451431476117515	0.031451431476117515	0.06126964338014582	0.031451431476117515	0.06126964338014582	0.06126964338014582	0.031451431476117515	0.06126964338014582	0.10175633106953758	0.0322898090253112	0.0322898090253112	0.0322898090253112	0.06290286295223503	0.06290286295223503	0.08368581864298912	0.06374124050142871	0.09435429442835254
UP000002665	0.016890510042411384	0.01649157223043248	0.033382082272843866	0.033382082272843866	0.033382082272843866	0.03418960836405868	0.033382082272843866	0.03418960836405868	0.03418960836405868	0.033382082272843866	0.03418960836405868	0.05148870668570598	0.06518725836253653	0.06518725836253653	0.06518725836253653	0.06676416454568773	0.06676416454568773	0.08365467458809911	0.0985693406353804	0.10014624681853158
UP000002092	0.016375629326156358	0.01688283908404616	0.03325846841020252	0.03325846841020252	0.03325846841020252	0.03225928695581874	0.03325846841020252	0.03225928695581874	0.03225928695581874	0.03325846841020252	0.03225928695581874	0.04814294458548113	0.06857719592546184	0.06857719592546184	0.06857719592546184	0.06651693682040503	0.06651693682040503	0.08289256614656138	0.10183566433566435	0.09977540523060754
UP000007016	0.019231366763182958	0.014035752166699797	0.03326711892988275	0.03326711892988275	0.03326711892988275	0.04558160885833241	0.03326711892988275	0.04558160885833241	0.04558160885833241	0.03326711892988275	0.04558160885833241	0.07193185095348185	0.04855911099297041	0.04855911099297041	0.04855911099297041	0.0665342378597655	0.0665342378597655	0.08576560462294845	0.08182622992285317	0.09980135678964824
UP000009115	0.01701484316928659	0.016390837090240577	0.03340568025952717	0.03340568025952717	0.03340568025952717	0.03467744859215393	0.03340568025952717	0.03467744859215393	0.03467744859215393	0.03340568025952717	0.03467744859215393	0.052340054015021266	0.06436110607366044	0.06436110607366044	0.06436110607366044	0.06681136051905434	0.06681136051905434	0.08382620368834091	0.09776678633318761	0.10021704077858148
UP000002131	0.010960110477822454	0.01902898995640963	0.029989100434232085	0.029989100434232085	0.029989100434232085	0.017272795594649244	0.029989100434232085	0.017272795594649244	0.017272795594649244	0.029989100434232085	0.017272795594649244	0.02358548071147603	0.10413440487109776	0.10413440487109776	0.10413440487109776	0.05997820086846417	0.05997820086846417	0.07093831134628664	0.13412350530532985	0.08996730130269626
UP000009294	0.009367644282255713	0.019034623782399552	0.028402268064655265	0.028402268064655265	0.028402268064655265	0.013977809442442339	0.028402268064655265	0.013977809442442339	0.013977809442442339	0.028402268064655265	0.013977809442442339	0.018587974602628964	0.11542421357771547	0.11542421357771547	0.11542421357771547	0.05680453612931053	0.05680453612931053	0.06617218041156624	0.14382648164237072	0.08520680419396578
UP000008446	0.020472432567785578	0.011725666359066566	0.032198098926852145	0.032198098926852145	0.032198098926852145	0.056216285616994474	0.032198098926852145	0.056216285616994474	0.056216285616994474	0.032198098926852145	0.056216285616994474	0.09196013866620337	0.0368831758670997	0.0368831758670997	0.0368831758670997	0.06439619785370429	0.06439619785370429	0.08486863042148986	0.06908127479395183	0.09659429678055644
UP000002326	0.01922202267119835	0.014048815048672239	0.03327083771987059	0.03327083771987059	0.03327083771987059	0.04552218779487428	0.03327083771987059	0.04552218779487428	0.04552218779487428	0.03327083771987059	0.04552218779487428	0.07182235291855023	0.04863336742820624	0.04863336742820624	0.04863336742820624	0.06654167543974118	0.06654167543974118	0.08576369811093953	0.08190420514807684	0.09981251315961177
UP000007219	0.016203757902048154	0.017004683638141935	0.033208441540190085	0.033208441540190085	0.033208441540190085	0.03164431391211442	0.033208441540190085	0.03164431391211442	0.03164431391211442	0.033208441540190085	0.03164431391211442	0.04708486992218069	0.06969976297106802	0.06969976297106802	0.06969976297106802	0.06641688308038017	0.06641688308038017	0.08262064098242833	0.10290820451125811	0.09962532462057026
UP000006540	0.018967979384244386	0.014389795338948743	0.03335777472319312	0.03335777472319312	0.03335777472319312	0.04397071454805139	0.03335777472319312	0.04397071454805139	0.04397071454805139	0.03335777472319312	0.04397071454805139	0.0689734497118584	0.05061282928515041	0.05061282928515041	0.05061282928515041	0.06671554944638625	0.06671554944638625	0.08568352883063064	0.08397060400834352	0.10007332416957937
UP000000840	0.01737296261381119	0.016085952869489828	0.03345891548330102	0.03345891548330102	0.03345891548330102	0.036135906433778606	0.03345891548330102	0.036135906433778606	0.036135906433778606	0.03345891548330102	0.036135906433778606	0.05489885025374603	0.061960478416128034	0.061960478416128034	0.061960478416128034	0.06691783096660205	0.06691783096660205	0.08429079358041325	0.09541939389942905	0.10037674644990306
UP000201106	0.01807049871829905	0.01542147577521051	0.03349197449350956	0.03349197449350956	0.03349197449350956	0.03924505611396375	0.03349197449350956	0.03924505611396375	0.03924505611396375	0.03349197449350956	0.03924505611396375	0.06041961350962844	0.05716451785501612	0.05716451785501612	0.05716451785501612	0.06698394898701912	0.06698394898701912	0.08505444770531817	0.09065649234852569	0.10047592348052868
UP000008920	0.018861149537156174	0.014525698027332693	0.03338684756448887	0.03338684756448887	0.03338684756448887	0.043351742773610126	0.03338684756448887	0.043351742773610126	0.043351742773610126	0.03338684756448887	0.043351742773610126	0.06784233601006409	0.051424995581629336	0.051424995581629336	0.051424995581629336	0.06677369512897774	0.06677369512897774	0.0856348446661339	0.08481184314611821	0.10016054269346661
UP000009253	0.019628939430072385	0.013438971717112634	0.03306791114718502	0.03306791114718502	0.03306791114718502	0.048298935264562554	0.03306791114718502	0.048298935264562554	0.048298935264562554	0.03306791114718502	0.048298935264562554	0.07696893109905273	0.045279952514416036	0.045279952514416036	0.045279952514416036	0.06613582229437004	0.06613582229437004	0.08576476172444243	0.07834786366160106	0.09920373344155506
UP000008286	0.020331154311660722	0.012083971213025806	0.032415125524686526	0.032415125524686526	0.032415125524686526	0.0545381073370856	0.032415125524686526	0.0545381073370856	0.0545381073370856	0.032415125524686526	0.0545381073370856	0.08874506036251048	0.03853233689562551	0.03853233689562551	0.03853233689562551	0.06483025104937305	0.06483025104937305	0.08516140536103377	0.07094746242031202	0.09724537657405957
UP000007908	0.01744947440599831	0.016017830736356792	0.0334673051423551	0.0334673051423551	0.0334673051423551	0.03645855010777115	0.0334673051423551	0.03645855010777115	0.03645855010777115	0.0334673051423551	0.03645855010777115	0.055467625809543994	0.061442954268922885	0.061442954268922885	0.061442954268922885	0.0669346102847102	0.0669346102847102	0.08438408469070852	0.094910259411278	0.10040191542706531
UP000007670	0.017392779629101747	0.016068413337522448	0.0334611929666242	0.0334611929666242	0.0334611929666242	0.03621908045123007	0.0334611929666242	0.03621908045123007	0.03621908045123007	0.0334611929666242	0.03621908045123007	0.0550453812733584	0.0618266074566581	0.0618266074566581	0.0618266074566581	0.0669223859332484	0.0669223859332484	0.08431516556235014	0.0952878004232823	0.10038357889987258
UP000002501	0.020140809874073344	0.01250686497049332	0.03264767484456667	0.03264767484456667	0.03264767484456667	0.052575174788110614	0.03264767484456667	0.052575174788110614	0.052575174788110614	0.03264767484456667	0.052575174788110614	0.08500953970214788	0.04054653843956741	0.04054653843956741	0.04054653843956741	0.06529534968913334	0.06529534968913334	0.08543615956320669	0.07319421328413407	0.0979430245337
UP000008167	0.014500131691860473	0.018003890273418165	0.032504021965278636	0.032504021965278636	0.032504021965278636	0.026178375442974956	0.032504021965278636	0.026178375442974956	0.026178375442974956	0.032504021965278636	0.026178375442974956	0.03785661919408944	0.08071634897442302	0.08071634897442302	0.08071634897442302	0.06500804393055727	0.06500804393055727	0.07950817562241774	0.11322037093970165	0.09751206589583591
UP000110594	0.006279301128249553	0.018056746306593215	0.024336047434842766	0.024336047434842766	0.024336047434842766	0.008462951603797233	0.024336047434842766	0.008462951603797233	0.008462951603797233	0.024336047434842766	0.008462951603797233	0.010646602079344914	0.1399613828549331	0.1399613828549331	0.1399613828549331	0.04867209486968553	0.04867209486968553	0.05495139599793509	0.16429743028977584	0.0730081423045283
UP000008447	0.01843407329602286	0.01503140733954001	0.03346548063556287	0.03346548063556287	0.03346548063556287	0.041041075462031756	0.03346548063556287	0.041041075462031756	0.041041075462031756	0.03346548063556287	0.041041075462031756	0.06364807762804066	0.05457646426470085	0.05457646426470085	0.05457646426470085	0.06693096127112574	0.06693096127112574	0.08536503456714861	0.08804194490026374	0.10039644190668862
UP000002325	0.01820080054158276	0.015285515283214895	0.033486315824797656	0.033486315824797656	0.033486315824797656	0.03987289560783465	0.033486315824797656	0.03987289560783465	0.03987289560783465	0.033486315824797656	0.03987289560783465	0.06154499067408654	0.05624539328905737	0.05624539328905737	0.05624539328905737	0.06697263164959531	0.06697263164959531	0.08517343219117807	0.08973170911385503	0.10045894747439296
UP000006541	0.016988257844777577	0.016412590904296188	0.033400848749073765	0.033400848749073765	0.033400848749073765	0.03457237398363181	0.033400848749073765	0.03457237398363181	0.03457237398363181	0.033400848749073765	0.03457237398363181	0.05215649012248605	0.06453804402825723	0.06453804402825723	0.06453804402825723	0.06680169749814753	0.06680169749814753	0.0837899553429251	0.09793889277733099	0.10020254624722129
UP000138352	0.0194288869510027	0.013749880994582048	0.03317876794558475	0.03317876794558475	0.03317876794558475	0.046882335333834846	0.03317876794558475	0.046882335333834846	0.046882335333834846	0.03317876794558475	0.046882335333834846	0.07433578371666698	0.04696142521690875	0.04696142521690875	0.04696142521690875	0.0663575358911695	0.0663575358911695	0.0857864228421722	0.08014019316249348	0.09953630383675424
UP000006711	0.012822393647239031	0.018659077375032713	0.031481471022271744	0.031481471022271744	0.031481471022271744	0.02163385712639016	0.031481471022271744	0.02163385712639016	0.02163385712639016	0.031481471022271744	0.02163385712639016	0.030445320605541292	0.09162333022132776	0.09162333022132776	0.09162333022132776	0.06296294204454349	0.06296294204454349	0.07578533569178252	0.12310480124359952	0.09444441306681522
UP000008622	0.020663534716795433	0.011142021244991186	0.03180555596178662	0.03180555596178662	0.03180555596178662	0.0589852770294083	0.03180555596178662	0.0589852770294083	0.0589852770294083	0.03180555596178662	0.0589852770294083	0.09730701934202116	0.034299860608741066	0.034299860608741066	0.034299860608741066	0.06361111192357324	0.06361111192357324	0.08427464664036867	0.06610541657052768	0.09541666788535985
UP000001189	0.014215844850009231	0.01813677950581604	0.03235262435582527	0.03235262435582527	0.03235262435582527	0.02535840986463756	0.03235262435582527	0.02535840986463756	0.02535840986463756	0.03235262435582527	0.02535840986463756	0.036500974879265895	0.08255188777974257	0.08255188777974257	0.08255188777974257	0.06470524871165054	0.06470524871165054	0.07892109356165977	0.11490451213556784	0.0970578730674758
UP000516359	0.020805431971134748	0.010561726956761303	0.03136715892789605	0.03136715892789605	0.03136715892789605	0.06178982792054983	0.03136715892789605	0.06178982792054983	0.06178982792054983	0.03136715892789605	0.06178982792054983	0.1027742238699649	0.03184662240759106	0.03184662240759106	0.03184662240759106	0.0627343178557921	0.0627343178557921	0.08353974982692686	0.06321378133548712	0.09410147678368816
UP000002477	0.017800749511481934	0.015690477208670114	0.03349122672015205	0.03349122672015205	0.03349122672015205	0.03799558992050613	0.03349122672015205	0.03799558992050613	0.03799558992050613	0.03349122672015205	0.03799558992050613	0.058190430329530314	0.05904170823863261	0.05904170823863261	0.05904170823863261	0.0669824534403041	0.0669824534403041	0.08478320295178603	0.09253293495878467	0.10047368016045614
UP000009104	0.019361329192412294	0.013849832086566843	0.03321116127897914	0.03321116127897914	0.03321116127897914	0.046427438424201446	0.03321116127897914	0.046427438424201446	0.046427438424201446	0.03321116127897914	0.046427438424201446	0.07349354765599059	0.047514197247781255	0.047514197247781255	0.047514197247781255	0.06642232255795828	0.06642232255795828	0.08578365175037056	0.08072535852676038	0.09963348383693742
UP000007218	0.019430614145000472	0.013747294264825382	0.03317790840982585	0.03317790840982585	0.03317790840982585	0.046894110508638405	0.03317790840982585	0.046894110508638405	0.046894110508638405	0.03317790840982585	0.046894110508638405	0.07435760687227634	0.04694720059773897	0.04694720059773897	0.04694720059773897	0.0663558168196517	0.0663558168196517	0.08578643096465219	0.08012510900756482	0.09953372522947755
UP000000518	0.013005609615479086	0.018602429245593806	0.03160803886107289	0.03160803886107289	0.03160803886107289	0.02209828666518786	0.03160803886107289	0.02209828666518786	0.02209828666518786	0.03160803886107289	0.02209828666518786	0.031190963714896634	0.09042041455792664	0.09042041455792664	0.09042041455792664	0.06321607772214578	0.06321607772214578	0.07622168733762487	0.12202845341899954	0.09482411658321868
UP000008774	0.012608973051544157	0.018720516199677375	0.03132948925122153	0.03132948925122153	0.03132948925122153	0.02110159150921824	0.03132948925122153	0.02110159150921824	0.02110159150921824	0.03132948925122153	0.02110159150921824	0.029594209966892323	0.09302965573128649	0.09302965573128649	0.09302965573128649	0.06265897850244306	0.06265897850244306	0.07526795155398723	0.12435914498250804	0.0939884677536646
UP000001833	0.019596992706936833	0.013490235091175619	0.03308722779811245	0.03308722779811245	0.03308722779811245	0.04806514915937325	0.03308722779811245	0.04806514915937325	0.04806514915937325	0.03308722779811245	0.04806514915937325	0.07653330561180967	0.04555336506849033	0.04555336506849033	0.04555336506849033	0.0661744555962249	0.0661744555962249	0.08577144830316175	0.07864059286660278	0.09926168339433734
UP000002138	0.01431383654595107	0.01809200610809751	0.03240584265404858	0.03240584265404858	0.03240584265404858	0.025638502005383063	0.03240584265404858	0.025638502005383063	0.025638502005383063	0.03240584265404858	0.025638502005383063	0.03696316746481505	0.08191887637573109	0.08191887637573109	0.08191887637573109	0.06481168530809717	0.06481168530809717	0.07912552185404824	0.11432471902977967	0.09721752796214574
UP000008478	0.01977607219089716	0.013193947832431507	0.03297002002332867	0.03297002002332867	0.03297002002332867	0.049417922853535544	0.03297002002332867	0.049417922853535544	0.049417922853535544	0.03297002002332867	0.049417922853535544	0.07905977351617392	0.04399303562638201	0.04399303562638201	0.04399303562638201	0.06594004004665734	0.06594004004665734	0.0857161122375545	0.07696305564971069	0.09891006006998601
UP000158064	0.019653560659805887	0.013399012188554816	0.0330525728483607	0.0330525728483607	0.0330525728483607	0.04848124147485939	0.0330525728483607	0.04848124147485939	0.04848124147485939	0.0330525728483607	0.04848124147485939	0.07730892228991289	0.04506784639426809	0.04506784639426809	0.04506784639426809	0.0661051456967214	0.0661051456967214	0.0857587063565273	0.07812041924262879	0.09915771854508211
UP000001065	0.020869413292771203	0.010199265939238464	0.031068679232009663	0.031068679232009663	0.031068679232009663	0.06357174243872683	0.031068679232009663	0.06357174243872683	0.06357174243872683	0.031068679232009663	0.06357174243872683	0.10627407158468248	0.03036766941387111	0.03036766941387111	0.03036766941387111	0.06213735846401933	0.06213735846401933	0.08300677175679053	0.06143634864588077	0.09320603769602899
UP000002473	0.018373588726661696	0.015098674413148607	0.0334722631398103	0.0334722631398103	0.0334722631398103	0.04073242324808976	0.0334722631398103	0.04073242324808976	0.04073242324808976	0.0334722631398103	0.04073242324808976	0.06309125776951784	0.05501231256862414	0.05501231256862414	0.05501231256862414	0.0669445262796206	0.0669445262796206	0.0853181150062823	0.08848457570843445	0.1004167894194309
UP000001594	0.014912737309496318	0.017794517037642656	0.032707254347138975	0.032707254347138975	0.032707254347138975	0.027410392266447304	0.032707254347138975	0.027410392266447304	0.027410392266447304	0.032707254347138975	0.027410392266447304	0.03990804722339829	0.07805539421177315	0.07805539421177315	0.07805539421177315	0.06541450869427795	0.06541450869427795	0.08032724600377426	0.11076264855891213	0.09812176304141693
UP000000868	0.019777534799030185	0.013191433374621243	0.03296896817365143	0.03296896817365143	0.03296896817365143	0.049429421111807835	0.03296896817365143	0.049429421111807835	0.049429421111807835	0.03296896817365143	0.049429421111807835	0.0790813074245855	0.04397999563768253	0.04397999563768253	0.04397999563768253	0.06593793634730286	0.06593793634730286	0.08571547114633306	0.07694896381133397	0.09890690452095428
UP000009165	0.019413590881496464	0.013772719836638914	0.033186310718135374	0.033186310718135374	0.033186310718135374	0.04677837542546918	0.033186310718135374	0.04677837542546918	0.04677837542546918	0.033186310718135374	0.04677837542546918	0.07414315996944187	0.047087193989254754	0.047087193989254754	0.047087193989254754	0.06637262143627075	0.06637262143627075	0.08578621231776722	0.08027350470739011	0.09955893215440614
UP000002243	0.020047840621759936	0.012694990150342976	0.03274283077210291	0.03274283077210291	0.03274283077210291	0.05170725184112425	0.03274283077210291	0.05170725184112425	0.05170725184112425	0.03274283077210291	0.05170725184112425	0.08336666306048857	0.04146779914990196	0.04146779914990196	0.04146779914990196	0.06548566154420582	0.06548566154420582	0.08553350216596577	0.07421062992200488	0.09822849231630872
UP000242267	0.02050057377832086	0.011648214754310385	0.03214878853263125	0.03214878853263125	0.03214878853263125	0.056581083461992004	0.03214878853263125	0.056581083461992004	0.056581083461992004	0.03214878853263125	0.056581083461992004	0.09266159314566313	0.03653322067648703	0.03653322067648703	0.03653322067648703	0.0642975770652625	0.0642975770652625	0.08479815084358334	0.06868200920911828	0.09644636559789373
UP000158680	0.011494925490701757	0.018961509684607757	0.030456435175309514	0.030456435175309514	0.030456435175309514	0.018463427167762097	0.030456435175309514	0.018463427167762097	0.018463427167762097	0.030456435175309514	0.018463427167762097	0.025431928844822434	0.10047911854711877	0.10047911854711877	0.10047911854711877	0.06091287035061903	0.06091287035061903	0.07240779584132079	0.1309355537224283	0.09136930552592855
UP000153037	0.013312443746017142	0.018499463788306747	0.03181190753432389	0.03181190753432389	0.03181190753432389	0.022892243491504358	0.03181190753432389	0.022892243491504358	0.022892243491504358	0.03181190753432389	0.022892243491504358	0.03247204323699157	0.0884140046254479	0.0884140046254479	0.0884140046254479	0.06362381506864778	0.06362381506864778	0.07693625881466493	0.1202259121597718	0.09543572260297166
UP000000373	0.019264085212349263	0.013989698784624534	0.033253783996973804	0.033253783996973804	0.033253783996973804	0.04579110232557824	0.033253783996973804	0.04579110232557824	0.04579110232557824	0.033253783996973804	0.04579110232557824	0.07231811943880721	0.04829821052373745	0.04829821052373745	0.04829821052373745	0.06650756799394761	0.06650756799394761	0.08577165320629686	0.08155199452071124	0.0997613519909214
UP000000522	0.018903526840445474	0.014472281429594449	0.03337580827003993	0.03337580827003993	0.03337580827003993	0.04359509525319823	0.03337580827003993	0.04359509525319823	0.04359509525319823	0.03337580827003993	0.04359509525319823	0.06828666366595096	0.05110412404004298	0.05110412404004298	0.05110412404004298	0.06675161654007986	0.06675161654007986	0.08565514338052532	0.0844799323100829	0.10012742481011976
UP000007081	0.019268065111600497	0.013984063131457095	0.033252128243057594	0.033252128243057594	0.033252128243057594	0.04581673910247602	0.033252128243057594	0.04581673910247602	0.04581673910247602	0.033252128243057594	0.04581673910247602	0.07236541309335154	0.04826637837405561	0.04826637837405561	0.04826637837405561	0.06650425648611519	0.06650425648611519	0.08577232159771568	0.0815185066171132	0.09975638472917275
UP000002246	0.020805661992519958	0.010560592536754324	0.03136625452927429	0.03136625452927429	0.03136625452927429	0.061795366825884254	0.03136625452927429	0.061795366825884254	0.061795366825884254	0.03136625452927429	0.061795366825884254	0.10278507165924855	0.031841931644076504	0.031841931644076504	0.031841931644076504	0.06273250905854857	0.06273250905854857	0.08353817105106853	0.06320818617335078	0.09409876358782286
UP000006723	0.016528489743933714	0.01677087679647746	0.03329936654041117	0.03329936654041117	0.03329936654041117	0.03281809562027661	0.03329936654041117	0.03281809562027661	0.03281809562027661	0.03329936654041117	0.03281809562027661	0.04910770149661951	0.06757539040794037	0.06757539040794037	0.06757539040794037	0.06659873308082234	0.06659873308082234	0.08312722282475607	0.10087475694835155	0.09989809962123353
UP000000469	0.019744043889439258	0.013248603724848434	0.03299264761428769	0.03299264761428769	0.03299264761428769	0.04916807054192057	0.03299264761428769	0.04916807054192057	0.04916807054192057	0.03299264761428769	0.04916807054192057	0.07859209719440188	0.04427730372996835	0.04427730372996835	0.04427730372996835	0.06598529522857538	0.06598529522857538	0.08572933911801463	0.07726995134425604	0.09897794284286306
UP000000869	0.01172513502789741	0.018922745390514254	0.030647880418411662	0.030647880418411662	0.030647880418411662	0.018990401699579374	0.030647880418411662	0.018990401699579374	0.018990401699579374	0.030647880418411662	0.018990401699579374	0.02625566837126134	0.0989228757769843	0.0989228757769843	0.0989228757769843	0.061295760836823324	0.061295760836823324	0.07302089586472073	0.12957075619539596	0.09194364125523498
UP000126245	0.018652696915172434	0.01477959576140473	0.033432292676577165	0.033432292676577165	0.033432292676577165	0.04219346946578885	0.033432292676577165	0.04219346946578885	0.04219346946578885	0.033432292676577165	0.04219346946578885	0.06573424201640526	0.05298062509500809	0.05298062509500809	0.05298062509500809	0.06686458535315433	0.06686458535315433	0.08551728226832676	0.08641291777158526	0.10029687802973149
