Proteome_ID	M	W	C	D	E	F	H	K	N	Q	Y	I	A	G	P	T	V	L	R	S
UP000001015	0.019233612472685607	0.01914601316729026	0.028762819403633063	0.028762819403633063	0.028762819403633063	0.05805445574223838	0.028762819403633063	0.05805445574223838	0.05805445574223838	0.05779004727475225	0.05805445574223838	0.09687529901179115	0.02850081942785647	0.02850081942785647	0.02850081942785647	0.057525638807266126	0.057525638807266126	0.1155800945495045	0.057263638831489536	0.08628845821089919
UP000007478	0.01887632010748514	0.02104103571614169	0.03047919576988426	0.03047919576988426	0.03047919576988426	0.049585557297274395	0.03047919576988426	0.049585557297274395	0.049585557297274395	0.05527197441852146	0.049585557297274395	0.08029479448706367	0.03746983700150908	0.03746983700150908	0.03746983700150908	0.06095839153976852	0.06095839153976852	0.11054394883704292	0.06794903277139334	0.09143758730965279
UP000000674	0.013993505892339048	0.024474966193404994	0.031471719139574514	0.031471719139574514	0.031471719139574514	0.025197065683549413	0.031471719139574514	0.025197065683549413	0.025197065683549413	0.04407025198134922	0.025197065683549413	0.03640062547475978	0.07861781352158918	0.07861781352158918	0.07861781352158918	0.06294343827914903	0.06294343827914903	0.08814050396269844	0.11008953266116371	0.09441515741872356
UP000001931	0.019205340243379054	0.018306734247252737	0.027909404368942268	0.027909404368942268	0.027909404368942268	0.06158153239259399	0.027909404368942268	0.06158153239259399	0.06158153239259399	0.05870017056523927	0.06158153239259399	0.10395772454180893	0.025297676818539554	0.025297676818539554	0.025297676818539554	0.055818808737884536	0.055818808737884536	0.11740034113047854	0.053207081187481825	0.08372821310682681
UP000000641	0.014087344519301772	0.02446728723569909	0.031510959495349974	0.031510959495349974	0.031510959495349974	0.025477247009589254	0.031510959495349974	0.025477247009589254	0.025477247009589254	0.0442495830001446	0.025477247009589254	0.03686714949987674	0.07794724194053297	0.07794724194053297	0.07794724194053297	0.06302191899069995	0.06302191899069995	0.0884991660002892	0.10945820143588295	0.09453287848604992
UP000002518	0.013268921753496593	0.024492596210321786	0.031127057087070083	0.031127057087070083	0.031127057087070083	0.02312797373242366	0.031127057087070083	0.02312797373242366	0.02312797373242366	0.04269104395328192	0.02312797373242366	0.03298702571135073	0.0837854361226124	0.0837854361226124	0.0837854361226124	0.06225411417414017	0.06225411417414017	0.08538208790656383	0.11491249320968248	0.09338117126121026
UP000001826	0.011889846137298059	0.02433424351734268	0.03027916658599171	0.03027916658599171	0.03027916658599171	0.01957737551409263	0.03027916658599171	0.01957737551409263	0.01957737551409263	0.04006785434303802	0.01957737551409263	0.027264904890887204	0.09366198533427171	0.09366198533427171	0.09366198533427171	0.06055833317198342	0.06055833317198342	0.08013570868607604	0.12394115192026343	0.09083749975797514
UP000005223	0.015727351233068947	0.024107390325612394	0.03197106594214687	0.03197106594214687	0.03197106594214687	0.030954753415285443	0.03197106594214687	0.030954753415285443	0.030954753415285443	0.04744844264978959	0.030954753415285443	0.046182155597501946	0.06604149248188594	0.06604149248188594	0.06604149248188594	0.06394213188429373	0.06394213188429373	0.09489688529957918	0.09801255842403284	0.09591319782644062
UP000000536	0.014149968064327268	0.024461450503079202	0.03153643453524284	0.03153643453524284	0.03153643453524284	0.025665913328790077	0.03153643453524284	0.025665913328790077	0.025665913328790077	0.04436939119963788	0.025665913328790077	0.03718185859325289	0.07749942037558817	0.07749942037558817	0.07749942037558817	0.06307286907048568	0.06307286907048568	0.08873878239927575	0.10903585491083101	0.0946093036057285
UP000002199	0.01649422528359497	0.02376234615906272	0.03200945880086021	0.03200945880086021	0.03200945880086021	0.03402921548553024	0.03200945880086021	0.03402921548553024	0.03402921548553024	0.04902406654362533	0.03402921548553024	0.051564205687465524	0.06021916392163933	0.06021916392163933	0.06021916392163933	0.06401891760172042	0.06401891760172042	0.09804813308725066	0.09222862272249954	0.09602837640258062
UP000002439	0.015388219109064023	0.024220049486877643	0.03191415904140966	0.03191415904140966	0.03191415904140966	0.029717043267809048	0.03191415904140966	0.029717043267809048	0.029717043267809048	0.04677268067531418	0.029717043267809048	0.04404586742655407	0.06854743509585244	0.06854743509585244	0.06854743509585244	0.06382831808281932	0.06382831808281932	0.09354536135062835	0.10046159413726209	0.09574247712422897
UP000001024	0.016675231652362562	0.023659720893040092	0.03199733671922137	0.03199733671922137	0.03199733671922137	0.03482308727968075	0.03199733671922137	0.03482308727968075	0.03482308727968075	0.04940888035906175	0.03482308727968075	0.052970942906998934	0.058801768430258416	0.058801768430258416	0.058801768430258416	0.06399467343844274	0.06399467343844274	0.0988177607181235	0.09079910514947977	0.0959920101576641
UP000000578	0.019235291901604456	0.019066625750430635	0.02868427170123286	0.02868427170123286	0.02868427170123286	0.058392583205632925	0.02868427170123286	0.058392583205632925	0.058392583205632925	0.05788056330404932	0.058392583205632925	0.0975498745096614	0.0281812311722074	0.0281812311722074	0.0281812311722074	0.05736854340246572	0.05736854340246572	0.11576112660809865	0.056865502873440256	0.0860528151036986
UP000001686	0.015920289017344512	0.024033029518458152	0.03199317402713041	0.03199317402713041	0.03199317402713041	0.031689430788810244	0.03199317402713041	0.031689430788810244	0.031689430788810244	0.04783788942153553	0.031689430788810244	0.047458572560275976	0.06459965728962724	0.06459965728962724	0.06459965728962724	0.06398634805426082	0.06398634805426082	0.09567577884307106	0.09659283131675765	0.09597952208139122
UP000002698	0.010243373194653963	0.023829812986566636	0.02895149958389362	0.02895149958389362	0.02895149958389362	0.015851989056117566	0.02895149958389362	0.015851989056117566	0.015851989056117566	0.0368774941119524	0.015851989056117566	0.021460604917581165	0.10575194383353681	0.10575194383353681	0.10575194383353681	0.05790299916778724	0.05790299916778724	0.0737549882239048	0.13470344341743043	0.08685449875168086
UP000001975	0.016448447396215257	0.02378689632522172	0.03201112002332934	0.03201112002332934	0.03201112002332934	0.033833084870031414	0.03201112002332934	0.033833084870031414	0.033833084870031414	0.04892766245834506	0.033833084870031414	0.05121772234384756	0.06057454169990061	0.06057454169990061	0.06057454169990061	0.06402224004665868	0.06402224004665868	0.09785532491669012	0.09258566172322995	0.09603336006998803
UP000001013	0.01825482823298342	0.022215308461586075	0.03134272257807779	0.03134272257807779	0.03134272257807779	0.0437164300024563	0.03134272257807779	0.0437164300024563	0.0437164300024563	0.05320093757930595	0.0437164300024563	0.06917803177192917	0.04494265696220624	0.04494265696220624	0.04494265696220624	0.06268544515615558	0.06268544515615558	0.1064018751586119	0.07628537954028403	0.09402816773423338
UP000000590	0.0191522621438525	0.0200024871038648	0.02957861817579105	0.02957861817579105	0.02957861817579105	0.05433321549929296	0.02957861817579105	0.05433321549929296	0.05433321549929296	0.05674522592543753	0.05433321549929296	0.0895141688547334	0.032204781003643046	0.032204781003643046	0.032204781003643046	0.0591572363515821	0.0591572363515821	0.11349045185087506	0.061783399179434095	0.08873585452737316
UP000001974	0.019113769913575454	0.020210500314146628	0.02976738527093435	0.02976738527093435	0.02976738527093435	0.0534059972987841	0.02976738527093435	0.0534059972987841	0.0534059972987841	0.0564703839203264	0.0534059972987841	0.08769822468399274	0.03318343522023934	0.03318343522023934	0.03318343522023934	0.0595347705418687	0.0595347705418687	0.1129407678406528	0.06295082049117369	0.08930215581280306
UP000001018	0.01904939787507199	0.020490059889654307	0.0300147588271903	0.0300147588271903	0.0300147588271903	0.05214265955495271	0.0300147588271903	0.05214265955495271	0.05214265955495271	0.05608608860466665	0.05214265955495271	0.08523592123483344	0.03455465276008648	0.03455465276008648	0.03455465276008648	0.0600295176543806	0.0600295176543806	0.1121721772093333	0.06456941158727678	0.09004427648157089
UP000001137	0.017273511879805893	0.023248315167447176	0.03188507110735012	0.03188507110735012	0.03188507110735012	0.0376939343696474	0.03188507110735012	0.0376939343696474	0.0376939343696474	0.05073203829217382	0.0376939343696474	0.05811435685948891	0.053942777612486385	0.053942777612486385	0.053942777612486385	0.06377014221470025	0.06377014221470025	0.10146407658434764	0.08582784871983651	0.09565521332205036
UP000000554	0.009085621531779844	0.02326485994826583	0.02780767071415575	0.02780767071415575	0.02780767071415575	0.013494781972211168	0.02780767071415575	0.013494781972211168	0.013494781972211168	0.03455506170026133	0.013494781972211168	0.017903942412642496	0.11460230363695352	0.11460230363695352	0.11460230363695352	0.0556153414283115	0.0556153414283115	0.06911012340052267	0.1424099743511093	0.08342301214246726
UP000000365	0.015127147287588533	0.024292172077338463	0.03185574572113273	0.03185574572113273	0.03185574572113273	0.028806152493520545	0.03185574572113273	0.028806152493520545	0.028806152493520545	0.046258821967893	0.028806152493520545	0.042485157699452554	0.0704563746010666	0.0704563746010666	0.0704563746010666	0.06371149144226546	0.06371149144226546	0.092517643935786	0.10231212032219933	0.09556723716339818
UP000008243	0.010067562994655384	0.023755515613072004	0.028789297110399695	0.028789297110399695	0.028789297110399695	0.01548136836250952	0.028789297110399695	0.01548136836250952	0.01548136836250952	0.036529981291654454	0.01548136836250952	0.020895173730363658	0.10707369125302779	0.10707369125302779	0.10707369125302779	0.05757859422079939	0.05757859422079939	0.07305996258330891	0.13586298836342747	0.0863678913311991
UP000000805	0.01922004173392263	0.018491195858842055	0.028101216725803374	0.028101216725803374	0.028101216725803374	0.060814763670090526	0.028101216725803374	0.060814763670090526	0.060814763670090526	0.05850859856084864	0.060814763670090526	0.10240948560625843	0.025969956432107127	0.025969956432107127	0.025969956432107127	0.05620243345160675	0.05620243345160675	0.11701719712169728	0.054071173157910504	0.08430365017741012
UP000001400	0.018295468154458597	0.022157284351886193	0.0313050184291155	0.0313050184291155	0.0313050184291155	0.04402457853292143	0.0313050184291155	0.04402457853292143	0.04402457853292143	0.0533173076955762	0.04402457853292143	0.06975368891138425	0.0445207750536177	0.0445207750536177	0.0445207750536177	0.062610036858231	0.062610036858231	0.1066346153911524	0.07582579348273319	0.09391505528734648
UP000002408	0.013279931699088596	0.024492865282982997	0.031132831132527294	0.031132831132527294	0.031132831132527294	0.023158247912652207	0.031132831132527294	0.023158247912652207	0.023158247912652207	0.0427119550888534	0.023158247912652207	0.03303656412621582	0.08370695209605404	0.08370695209605404	0.08370695209605404	0.06226566226505459	0.06226566226505459	0.0854239101777068	0.11483978322858134	0.09339849339758188
UP000000254	0.01894146037427125	0.02085665526114691	0.030327385448282538	0.030327385448282538	0.030327385448282538	0.05045220006190643	0.030327385448282538	0.05045220006190643	0.05045220006190643	0.05555348547923575	0.05045220006190643	0.0819629397495416	0.03646026563757921	0.03646026563757921	0.03646026563757921	0.060654770896565076	0.060654770896565076	0.1111069709584715	0.06678765108586175	0.09098215634484759
UP000000663	0.012960110110248781	0.024478495443665753	0.030958550498790142	0.030958550498790142	0.030958550498790142	0.02229227725605918	0.030958550498790142	0.02229227725605918	0.02229227725605918	0.04210468912681973	0.02229227725605918	0.03162444440186958	0.08598779191350957	0.08598779191350957	0.08598779191350957	0.061917100997580285	0.061917100997580285	0.08420937825363946	0.1169463424122997	0.09287565149637042
UP000002613	0.017471734952802714	0.023082695099466168	0.03181856257586752	0.03181856257586752	0.03181856257586752	0.03874901870368793	0.03181856257586752	0.03874901870368793	0.03874901870368793	0.051193071927711484	0.03874901870368793	0.06002630245457314	0.05225530649621536	0.05225530649621536	0.05225530649621536	0.06363712515173504	0.06363712515173504	0.10238614385542297	0.08407386907208288	0.09545568772760256
UP000002487	0.016570673581759426	0.023720102850751535	0.032005439641631245	0.032005439641631245	0.032005439641631245	0.03436085076281222	0.032005439641631245	0.03436085076281222	0.03436085076281222	0.04918586502303736	0.03436085076281222	0.052151027943865017	0.059622980450922035	0.059622980450922035	0.059622980450922035	0.06401087928326249	0.06401087928326249	0.09837173004607472	0.09162842009255327	0.09601631892489376
UP000007722	0.01923315647168778	0.01876351266135278	0.02838009089719667	0.02838009089719667	0.02838009089719667	0.059674498964841734	0.02838009089719667	0.059674498964841734	0.059674498964841734	0.05821734037961754	0.059674498964841734	0.10011584145799568	0.02699409541109606	0.02699409541109606	0.02699409541109606	0.05676018179439334	0.05676018179439334	0.11643468075923508	0.05537418630829273	0.08514027269159001
UP000002071	0.010804411451372009	0.024040247142155167	0.02944245286784117	0.02944245286784117	0.02944245286784117	0.017067693316782373	0.02944245286784117	0.017067693316782373	0.017067693316782373	0.03797629952623236	0.017067693316782373	0.023330975182192733	0.10157881499108988	0.10157881499108988	0.10157881499108988	0.05888490573568234	0.05888490573568234	0.07595259905246472	0.13102126785893103	0.0883273586035235
UP000002376	0.016697819489481555	0.023646268837583237	0.031995178582324015	0.031995178582324015	0.031995178582324015	0.034924310350493426	0.031995178582324015	0.034924310350493426	0.034924310350493426	0.04945733375757072	0.034924310350493426	0.05315080121150529	0.058623431199714	0.058623431199714	0.058623431199714	0.06399035716464803	0.06399035716464803	0.09891466751514144	0.090618609782038	0.09598553574697202
UP000001941	0.016268668167049832	0.023878126162876528	0.03201246024640145	0.03201246024640145	0.03201246024640145	0.033079711059105135	0.03201246024640145	0.033079711059105135	0.033079711059105135	0.048552315775954015	0.033079711059105135	0.04989075395116044	0.06195928429945334	0.06195928429945334	0.06195928429945334	0.0640249204928029	0.0640249204928029	0.09710463155190803	0.09397174454585477	0.09603738073920433
UP000000391	0.01883860615035043	0.021138899041798977	0.03055820211697419	0.03055820211697419	0.03055820211697419	0.04912062975412663	0.03055820211697419	0.04912062975412663	0.04912062975412663	0.055118516994037504	0.04912062975412663	0.07940265335790282	0.038020836511909635	0.038020836511909635	0.038020836511909635	0.06111640423394838	0.06111640423394838	0.11023703398807501	0.06857903862888381	0.09167460635092259
UP000009079	0.01856113442791187	0.02172763119121327	0.031008198405169208	0.031008198405169208	0.031008198405169208	0.04623960638567615	0.031008198405169208	0.04623960638567615	0.04623960638567615	0.054128001598007285	0.04623960638567615	0.07391807834344044	0.04158808620966933	0.04158808620966933	0.04158808620966933	0.062016396810338416	0.062016396810338416	0.10825600319601457	0.07259628461483855	0.09302459521550761
UP000000242	0.01699171033384917	0.023457114605070176	0.03195296977199476	0.03195296977199476	0.03195296977199476	0.036289431977076195	0.03195296977199476	0.036289431977076195	0.036289431977076195	0.050097685760532855	0.036289431977076195	0.05558715362030321	0.05626939974673427	0.05626939974673427	0.05626939974673427	0.06390593954398952	0.06390593954398952	0.10019537152106571	0.08822236951872903	0.09585890931598427
UP000002654	0.01130328140257625	0.02419376539303033	0.029845406094318457	0.029845406094318457	0.029845406094318457	0.01819376308090982	0.029845406094318457	0.01819376308090982	0.01819376308090982	0.038942287634773365	0.01819376308090982	0.02508424475924339	0.09791798002134228	0.09791798002134228	0.09791798002134228	0.059690812188636914	0.059690812188636914	0.07788457526954673	0.12776338611566074	0.08953621828295538
UP000002593	0.014943013391563833	0.02433586163384411	0.03180736832962602	0.03180736832962602	0.03180736832962602	0.028183582037121152	0.03180736832962602	0.028183582037121152	0.028183582037121152	0.0458991593481866	0.028183582037121152	0.04142415068267847	0.07179418703583917	0.07179418703583917	0.07179418703583917	0.06361473665925205	0.06361473665925205	0.0917983186963732	0.10360155536546523	0.09542210498887808
UP000001746	0.010028825780277497	0.02373860271086889	0.02875301560100764	0.02875301560100764	0.02875301560100764	0.015400345055296073	0.02875301560100764	0.015400345055296073	0.015400345055296073	0.036453188128655674	0.015400345055296073	0.02077186433031465	0.107365893839824	0.107365893839824	0.107365893839824	0.05750603120201528	0.05750603120201528	0.07290637625731135	0.13611890944083163	0.0862590468030229
UP000001059	0.01781652378093469	0.022749719454661012	0.03165798134512836	0.03165798134512836	0.03165798134512836	0.040749695245316006	0.03165798134512836	0.040749695245316006	0.040749695245316006	0.05203282896778636	0.040749695245316006	0.06368286670969733	0.04918946150713588	0.04918946150713588	0.04918946150713588	0.06331596269025672	0.06331596269025672	0.10406565793557272	0.08084744285226424	0.09497394403538506
UP000000262	0.013509238500095751	0.024494759796379526	0.031249379046427404	0.031249379046427404	0.031249379046427404	0.023796616121250336	0.031249379046427404	0.023796616121250336	0.023796616121250336	0.04314768710705257	0.023796616121250336	0.03408399374240492	0.08207248339945798	0.08207248339945798	0.08207248339945798	0.06249875809285481	0.06249875809285481	0.08629537421410514	0.1133218624458854	0.09374813713928222
UP000001879	0.012514291066644576	0.024436181532606842	0.03069332706592913	0.03069332706592913	0.03069332706592913	0.021129020742457066	0.03069332706592913	0.021129020742457066	0.021129020742457066	0.04125783743715766	0.021129020742457066	0.029743750418269554	0.08917406422750707	0.08917406422750707	0.08917406422750707	0.06138665413185826	0.06138665413185826	0.08251567487431533	0.11986739129343618	0.09207998119778739
UP000000740	0.008998034500624948	0.023214671866530315	0.027713689116842785	0.027713689116842785	0.027713689116842785	0.013324072063012848	0.027713689116842785	0.013324072063012848	0.013324072063012848	0.034375725148349204	0.013324072063012848	0.017650109625400746	0.11528736272705789	0.11528736272705789	0.11528736272705789	0.05542737823368557	0.05542737823368557	0.06875145029669841	0.14300105184390066	0.08314106735052836
UP000008680	0.019024816487316427	0.020582354820499315	0.03009476306415753	0.03009476306415753	0.03009476306415753	0.05172087693021609	0.03009476306415753	0.05172087693021609	0.05172087693021609	0.05595520152926558	0.05172087693021609	0.08441693737311574	0.03502240556012925	0.03502240556012925	0.03502240556012925	0.06018952612831506	0.06018952612831506	0.11191040305853116	0.06511716862428676	0.0902842891924726
UP000000792	0.019145731525647695	0.020040938554625416	0.029613804317449265	0.029613804317449265	0.029613804317449265	0.05416259116568221	0.029613804317449265	0.05416259116568221	0.05416259116568221	0.056695099900290376	0.05416259116568221	0.08917945080571672	0.032383140735254765	0.032383140735254765	0.032383140735254765	0.05922760863489853	0.05922760863489853	0.11339019980058075	0.061996945052704026	0.08884141295234779
UP000002457	0.012985445744020007	0.02448012555871474	0.030972848430724745	0.030972848430724745	0.030972848430724745	0.0223598842945909	0.030972848430724745	0.0223598842945909	0.0223598842945909	0.04215279057802019	0.0223598842945909	0.03173432284516179	0.08580700394274557	0.08580700394274557	0.08580700394274557	0.06194569686144949	0.06194569686144949	0.08430558115604038	0.11677985237347033	0.09291854529217422
UP000000758	0.012558990624028826	0.024441578892865513	0.030721074204879927	0.030721074204879927	0.030721074204879927	0.021243470286964758	0.030721074204879927	0.021243470286964758	0.021243470286964758	0.0413428093483623	0.021243470286964758	0.029927949949900688	0.08885407022042495	0.08885407022042495	0.08885407022042495	0.06144214840975985	0.06144214840975985	0.0826856186967246	0.11957514442530488	0.09216322261463977
UP000006565	0.01661526213364218	0.02369472790544243	0.03200235897226352	0.03200235897226352	0.03200235897226352	0.03455671910015197	0.03200235897226352	0.03455671910015197	0.03455671910015197	0.049280718522339506	0.03455671910015197	0.05249817606666177	0.05927362356486624	0.05927362356486624	0.05927362356486624	0.06400471794452704	0.06400471794452704	0.09856143704467901	0.09127598253712975	0.09600707691679056
UP000001169	0.010716853199420626	0.024010055619174697	0.02936848221888501	0.02936848221888501	0.02936848221888501	0.016874542824175467	0.02936848221888501	0.016874542824175467	0.016874542824175467	0.03780575363097274	0.016874542824175467	0.02303223244893031	0.10222590997905855	0.10222590997905855	0.10222590997905855	0.05873696443777002	0.05873696443777002	0.07561150726194547	0.13159439219794355	0.08810544665665503
UP000006681	0.01760740009752893	0.022959084938131286	0.03176278498689575	0.03176278498689575	0.03176278498689575	0.0395086440847088	0.03176278498689575	0.0395086440847088	0.0395086440847088	0.05151710702925016	0.0395086440847088	0.06140988807188867	0.05107107740577911	0.05107107740577911	0.05107107740577911	0.0635255699737915	0.0635255699737915	0.10303421405850031	0.08283386239267487	0.09528835496068726
UP000009227	0.01886663186384217	0.02106673430163846	0.030500050233559544	0.030500050233559544	0.030500050233559544	0.049463812036808996	0.030500050233559544	0.049463812036808996	0.049463812036808996	0.05523195625196404	0.049463812036808996	0.08006099220977583	0.037613480479725195	0.037613480479725195	0.037613480479725195	0.06100010046711909	0.06100010046711909	0.11046391250392808	0.06811353071328473	0.09150015070067863
UP000000346	0.01159993824678917	0.024270210035031152	0.030070179158425737	0.030070179158425737	0.030070179158425737	0.01888509321434284	0.030070179158425737	0.01888509321434284	0.01888509321434284	0.03951272576559716	0.01888509321434284	0.026170248181896515	0.09575972587025286	0.09575972587025286	0.09575972587025286	0.060140358316851474	0.060140358316851474	0.07902545153119432	0.1258299050286786	0.0902105374752772
UP000005877	0.011426418685518655	0.024226837332130203	0.029940046674889528	0.029940046674889528	0.029940046674889528	0.01847868548334614	0.029940046674889528	0.01847868548334614	0.01847868548334614	0.0391793894165626	0.01847868548334614	0.02553095228117363	0.09702058035485771	0.09702058035485771	0.09702058035485771	0.059880093349779055	0.059880093349779055	0.0783587788331252	0.12696062702974723	0.0898201400246686
UP000001304	0.01920004009964644	0.019651850247702912	0.029251870297526128	0.029251870297526128	0.029251870297526128	0.05587411164393014	0.029251870297526128	0.05587411164393014	0.05587411164393014	0.05718892611949121	0.05587411164393014	0.09254818318821384	0.030628564489982264	0.030628564489982264	0.030628564489982264	0.058503740595052256	0.058503740595052256	0.11437785223898242	0.059880434787508395	0.0877556108925784
UP000002315	0.019233747740320647	0.018785061422183693	0.028401935292344013	0.028401935292344013	0.028401935292344013	0.0595838223912964	0.028401935292344013	0.0595838223912964	0.0595838223912964	0.058193846487992223	0.0595838223912964	0.09993389704227215	0.02707681031448326	0.02707681031448326	0.02707681031448326	0.056803870584688027	0.056803870584688027	0.11638769297598445	0.05547874560682728	0.08520580587703205
UP000012076	0.012659475914509052	0.02445277716118328	0.0307825151184378	0.0307825151184378	0.0307825151184378	0.02150249217832052	0.0307825151184378	0.02150249217832052	0.02150249217832052	0.04153376120759807	0.02150249217832052	0.030345508442131987	0.08813520118121142	0.08813520118121142	0.08813520118121142	0.0615650302368756	0.0615650302368756	0.08306752241519615	0.11891771629964921	0.09234754535531342
UP000006663	0.012934197779843849	0.024476741368185513	0.03094384025810744	0.03094384025810744	0.03094384025810744	0.022223303458095343	0.03094384025810744	0.022223303458095343	0.022223303458095343	0.04205549198715511	0.022223303458095343	0.031512409136346835	0.08617271970612198	0.08617271970612198	0.08617271970612198	0.06188768051621488	0.06188768051621488	0.08411098397431022	0.1171165599642294	0.09283152077432232
UP000014070	0.018696060745553366	0.021465225936770874	0.030813256309547555	0.030813256309547555	0.030813256309547555	0.04754289131417726	0.030813256309547555	0.04754289131417726	0.04754289131417726	0.05458470196663618	0.04754289131417726	0.07638972188280116	0.039941061140921594	0.039941061140921594	0.039941061140921594	0.06162651261909511	0.06162651261909511	0.10916940393327236	0.07075431745046916	0.09243976892864267
UP000001901	0.01758432137186852	0.022980748348483074	0.03177290903441734	0.03177290903441734	0.03177290903441734	0.039377072381563176	0.03177290903441734	0.039377072381563176	0.039377072381563176	0.05146144522519893	0.039377072381563176	0.06116982339125784	0.05127439331838327	0.05127439331838327	0.05127439331838327	0.06354581806883468	0.06354581806883468	0.10292289045039786	0.08304730235280061	0.095318727103252
UP000006794	0.008589318059391797	0.022965975516519313	0.027260634546215214	0.027260634546215214	0.027260634546215214	0.012540640119486437	0.027260634546215214	0.012540640119486437	0.012540640119486437	0.03353095460595843	0.012540640119486437	0.016491962179581078	0.11851742634852605	0.11851742634852605	0.11851742634852605	0.05452126909243043	0.05452126909243043	0.06706190921191686	0.14577806089474127	0.08178190363864565
UP000011511	0.015474353775233771	0.02419352650119712	0.031930703388814	0.031930703388814	0.031930703388814	0.03002531011633425	0.031930703388814	0.03002531011633425	0.03002531011633425	0.04694335844698112	0.03002531011633425	0.04457626645743473	0.06791402419852148	0.06791402419852148	0.06791402419852148	0.063861406777628	0.063861406777628	0.09388671689396225	0.09984472758733548	0.09579211016644201
UP000007807	0.014697948932308693	0.024385233455875784	0.031734207922030126	0.031734207922030126	0.031734207922030126	0.02737853232488874	0.031734207922030126	0.02737853232488874	0.02737853232488874	0.0454234740844745	0.02737853232488874	0.04005911571746879	0.07356566381925166	0.07356566381925166	0.07356566381925166	0.06346841584406025	0.06346841584406025	0.090846948168949	0.1052998717412818	0.0952026237660904
UP000007490	0.01862074557254073	0.021616256816819016	0.03092662960308938	0.03092662960308938	0.03092662960308938	0.046796873741516844	0.03092662960308938	0.046796873741516844	0.046796873741516844	0.0543250664738478	0.046796873741516844	0.07497300191049296	0.04087693651886596	0.04087693651886596	0.04087693651886596	0.06185325920617876	0.06185325920617876	0.1086501329476956	0.07180356612195535	0.09277988880926814
UP000058290	0.013401728747525406	0.02449475632425862	0.03119562069802132	0.03119562069802132	0.03119562069802132	0.023495435842180615	0.03119562069802132	0.023495435842180615	0.023495435842180615	0.042943338619111635	0.023495435842180615	0.03358914293683583	0.08283879109726669	0.08283879109726669	0.08283879109726669	0.06239124139604264	0.06239124139604264	0.08588667723822327	0.11403441179528803	0.09358686209406397
UP000006622	0.018172326101068528	0.02232799756070686	0.031414160611241124	0.031414160611241124	0.031414160611241124	0.04311097305892663	0.031414160611241124	0.04311097305892663	0.04311097305892663	0.052969647140704436	0.04311097305892663	0.06804962001678473	0.045781823832181615	0.045781823832181615	0.045781823832181615	0.06282832122248225	0.06282832122248225	0.10593929428140887	0.07719598444342277	0.09424248183372337
UP000012672	0.013421850012092326	0.0244948762720685	0.03120580127811466	0.03120580127811466	0.03120580127811466	0.023551548134426153	0.03120580127811466	0.023551548134426153	0.023551548134426153	0.04298157534532775	0.023551548134426153	0.03368124625675998	0.08269537338700386	0.08269537338700386	0.08269537338700386	0.06241160255622932	0.06241160255622932	0.0859631506906555	0.11390117466511852	0.09361740383434398
