	AAA	AAC	AAG	AAT	ACA	ACC	ACG	ACT	AGA	AGC	AGG	AGT	ATA	ATC	ATG	ATT	CAA	CAC	CAG	CAT	CCA	CCC	CCG	CCT	CGA	CGC	CGG	CGT	CTA	CTC	CTG	CTT	GAA	GAC	GAG	GAT	GCA	GCC	GCG	GCT	GGA	GGC	GGG	GGT	GTA	GTC	GTG	GTT	TAA	TAC	TAG	TAT	TCA	TCC	TCG	TCT	TGA	TGC	TGG	TGT	TTA	TTC	TTG	TTT
Start	47821.0	21453.0	35777.0	22620.0	20217.0	21054.0	18771.0	14834.0	20617.0	19130.0	19319.0	15605.0	35320.0	29226.0	152403.0	30597.0	12273.0	10665.0	17152.0	7759.0	12784.0	12733.0	13947.0	9388.0	9768.0	12048.0	10084.0	7275.0	10832.0	26917.0	20064.0	17935.0	44541.0	38958.0	41398.0	34558.0	23055.0	19921.0	17783.0	15570.0	19646.0	16394.0	12494.0	14332.0	20948.0	25054.0	37831.0	25019.0	0.0	17346.0	0.0	16558.0	15146.0	13544.0	12670.0	11399.0	12.0	5811.0	10074.0	6168.0	18007.0	20743.0	25307.0	20153.0
AAA	115904.0	42710.0	65713.0	63331.0	39387.0	27396.0	17833.0	30326.0	44706.0	22604.0	31574.0	23593.0	76950.0	47494.0	49247.0	70523.0	24665.0	17418.0	28888.0	21507.0	29966.0	17895.0	18219.0	24732.0	7383.0	11103.0	10667.0	9554.0	21657.0	36153.0	31541.0	44596.0	118749.0	50886.0	78965.0	85522.0	54518.0	34056.0	22414.0	39693.0	55174.0	32205.0	25239.0	38022.0	43637.0	33892.0	29627.0	59235.0	2733.0	38479.0	953.0	51735.0	33007.0	20923.0	13933.0	26720.0	2142.0	11088.0	22053.0	13883.0	52299.0	38644.0	26738.0	50830.0
AAC	42710.0	45478.0	48778.0	29538.0	22467.0	36563.0	28821.0	17238.0	19960.0	25136.0	26484.0	13234.0	42065.0	53150.0	39695.0	31960.0	12766.0	21740.0	34493.0	11446.0	16109.0	22879.0	25991.0	13213.0	7509.0	19923.0	16776.0	7829.0	12715.0	52828.0	39556.0	26729.0	59565.0	72270.0	83056.0	48375.0	35818.0	51972.0	40244.0	25086.0	36302.0	50759.0	29136.0	27779.0	23726.0	55579.0	34789.0	33260.0	890.0	42773.0	533.0	25914.0	18043.0	22912.0	21758.0	13411.0	1210.0	10532.0	19944.0	7984.0	19458.0	44797.0	15323.0	23681.0
AAG	65713.0	48778.0	93840.0	37996.0	27076.0	38986.0	27573.0	22966.0	35550.0	31276.0	53043.0	17889.0	66980.0	60569.0	53851.0	47831.0	15800.0	25003.0	40163.0	16398.0	23336.0	29478.0	28745.0	20731.0	7379.0	20877.0	17295.0	9644.0	20456.0	60564.0	49214.0	39241.0	83067.0	75823.0	123626.0	68174.0	45054.0	59290.0	40611.0	37673.0	47115.0	53598.0	35341.0	34971.0	34438.0	58923.0	46757.0	51731.0	1976.0	52206.0	1078.0	36806.0	23192.0	28181.0	20953.0	18878.0	2470.0	14111.0	25007.0	9877.0	29744.0	55092.0	24436.0	34058.0
AAT	63331.0	29538.0	37996.0	53580.0	28361.0	18289.0	12017.0	22374.0	24891.0	15048.0	20382.0	18639.0	52952.0	29023.0	32028.0	48311.0	16884.0	9697.0	18813.0	15134.0	19637.0	10333.0	10972.0	16260.0	4574.0	5624.0	6089.0	6128.0	15126.0	20615.0	19788.0	29651.0	67022.0	29122.0	45483.0	60241.0	36350.0	21011.0	13693.0	26974.0	36584.0	20931.0	16719.0	29203.0	28793.0	20396.0	20041.0	39059.0	1324.0	25135.0	459.0	38914.0	25210.0	14315.0	9364.0	19390.0	875.0	6826.0	14582.0	8998.0	35394.0	25412.0	17720.0	35056.0
ACA	39387.0	22467.0	27076.0	28361.0	26170.0	17659.0	12838.0	16694.0	17822.0	12733.0	15276.0	12158.0	37416.0	24042.0	25444.0	30601.0	11675.0	9040.0	16149.0	10051.0	16230.0	9798.0	11278.0	11921.0	4514.0	6246.0	6257.0	5251.0	11924.0	21298.0	18196.0	22197.0	44337.0	27882.0	36652.0	39642.0	30888.0	20485.0	14701.0	20795.0	29549.0	20298.0	15060.0	22868.0	21528.0	20203.0	17368.0	28235.0	761.0	20667.0	325.0	23895.0	18023.0	11162.0	8885.0	12374.0	697.0	5121.0	11370.0	6193.0	21271.0	21656.0	11906.0	22984.0
ACC	27396.0	36563.0	38986.0	18289.0	17659.0	42818.0	32942.0	14000.0	12370.0	22867.0	21080.0	9875.0	25846.0	54067.0	35143.0	21403.0	8738.0	21442.0	32481.0	8966.0	11780.0	24253.0	28963.0	10030.0	8888.0	24191.0	21162.0	8135.0	8590.0	58744.0	41226.0	21485.0	47575.0	77822.0	78960.0	38551.0	29969.0	58757.0	46623.0	19776.0	30407.0	55321.0	30617.0	24493.0	16915.0	63797.0	34565.0	23939.0	665.0	37028.0	382.0	18207.0	12933.0	23227.0	23534.0	9697.0	1165.0	9282.0	18169.0	6796.0	10812.0	43169.0	11102.0	16716.0
ACG	17833.0	28821.0	27573.0	12017.0	12838.0	32942.0	35496.0	10520.0	8789.0	19539.0	14429.0	8196.0	18933.0	43323.0	26849.0	15992.0	7356.0	19334.0	26517.0	6384.0	9349.0	19697.0	29549.0	6802.0	9739.0	22847.0	20701.0	7277.0	7088.0	54069.0	35254.0	15826.0	37896.0	70311.0	70910.0	30142.0	22198.0	50948.0	48722.0	16160.0	21686.0	50138.0	27288.0	19885.0	12247.0	58792.0	30422.0	19566.0	585.0	31788.0	490.0	12905.0	9183.0	16914.0	24398.0	6892.0	1151.0	6719.0	15470.0	5481.0	7790.0	37320.0	10394.0	12511.0
ACT	30326.0	17238.0	22966.0	22374.0	16694.0	14000.0	10520.0	15302.0	14083.0	10436.0	12978.0	10036.0	27371.0	18517.0	19412.0	24438.0	9005.0	7157.0	12350.0	7516.0	11625.0	8200.0	8885.0	9853.0	3428.0	4950.0	4849.0	3912.0	8936.0	16675.0	14197.0	17053.0	35023.0	22328.0	30452.0	30658.0	21657.0	16548.0	12169.0	17510.0	22339.0	16330.0	12130.0	18489.0	16705.0	16294.0	14388.0	22997.0	693.0	16094.0	255.0	18912.0	12753.0	8998.0	7397.0	10831.0	585.0	3918.0	8997.0	4710.0	17745.0	17464.0	10409.0	17640.0
AGA	44706.0	19960.0	35550.0	24891.0	17822.0	12370.0	8789.0	14083.0	26788.0	12385.0	22187.0	11029.0	39904.0	21267.0	25303.0	30858.0	10822.0	8368.0	13954.0	10267.0	15335.0	9736.0	9187.0	12369.0	3351.0	4945.0	4591.0	4370.0	12438.0	18627.0	17004.0	21733.0	48714.0	23674.0	43651.0	38795.0	25645.0	17597.0	11927.0	21313.0	27751.0	16395.0	13558.0	19534.0	20930.0	16463.0	16912.0	29521.0	1187.0	19889.0	587.0	23936.0	14789.0	10154.0	7140.0	12126.0	1095.0	5443.0	11532.0	5793.0	22851.0	20589.0	13587.0	22595.0
AGC	22604.0	25136.0	31276.0	15048.0	12733.0	22867.0	19539.0	10436.0	12385.0	18728.0	20114.0	8040.0	26667.0	32134.0	24565.0	18321.0	6806.0	13157.0	20638.0	6577.0	9427.0	15180.0	17221.0	7812.0	5199.0	13289.0	11985.0	4760.0	8816.0	36685.0	28409.0	16832.0	33931.0	45760.0	56008.0	28527.0	21989.0	36442.0	29239.0	17240.0	21231.0	34712.0	20277.0	16098.0	14302.0	36643.0	24959.0	20582.0	602.0	26245.0	395.0	14965.0	10487.0	14527.0	14604.0	8172.0	922.0	6406.0	12974.0	4352.0	10509.0	28717.0	10313.0	14291.0
AGG	31574.0	26484.0	53043.0	20382.0	15276.0	21080.0	14429.0	12978.0	22187.0	20114.0	48048.0	10469.0	44469.0	30178.0	33206.0	26477.0	7908.0	13772.0	21962.0	9770.0	13481.0	19495.0	16394.0	13300.0	3095.0	9445.0	8650.0	5212.0	13666.0	36189.0	32172.0	25217.0	40121.0	39583.0	76549.0	39062.0	25306.0	36301.0	23358.0	23384.0	26120.0	31472.0	24857.0	21645.0	21013.0	30461.0	32628.0	31994.0	1044.0	32083.0	720.0	20979.0	14149.0	17732.0	11875.0	10777.0	1462.0	8783.0	15669.0	4774.0	17026.0	31927.0	14886.0	19593.0
AGT	23593.0	13234.0	17889.0	18639.0	12158.0	9875.0	8196.0	10036.0	11029.0	8040.0	10469.0	9214.0	22189.0	14956.0	15324.0	20173.0	7106.0	5500.0	9917.0	6247.0	8728.0	5912.0	6807.0	7046.0	3009.0	4039.0	4269.0	3349.0	7353.0	13667.0	11163.0	13791.0	27776.0	17589.0	24869.0	24726.0	17103.0	12747.0	10273.0	13530.0	16275.0	12135.0	9352.0	14359.0	12656.0	13237.0	11258.0	18338.0	504.0	12620.0	287.0	15328.0	10629.0	7061.0	5949.0	8325.0	523.0	2946.0	7545.0	3805.0	14673.0	13636.0	8598.0	14365.0
ATA	76950.0	42065.0	66980.0	52952.0	37416.0	25846.0	18933.0	27371.0	39904.0	26667.0	44469.0	22189.0	92710.0	41669.0	51250.0	59859.0	19067.0	16192.0	27149.0	18656.0	29180.0	21115.0	19278.0	23925.0	4546.0	8644.0	7425.0	7114.0	27346.0	40489.0	37425.0	44227.0	79184.0	45137.0	79145.0	72188.0	52056.0	39960.0	25737.0	40944.0	54652.0	39385.0	30576.0	40351.0	42139.0	33262.0	36882.0	55292.0	1863.0	41720.0	848.0	47139.0	31926.0	21718.0	14759.0	23910.0	1629.0	10063.0	21855.0	9655.0	46110.0	44909.0	26784.0	46720.0
ATC	47494.0	53150.0	60569.0	29023.0	24042.0	54067.0	43323.0	18517.0	21267.0	32134.0	30178.0	14956.0	41669.0	88978.0	55008.0	37610.0	13266.0	30542.0	47213.0	14602.0	17738.0	33795.0	42664.0	15467.0	12455.0	31993.0	29981.0	11920.0	13008.0	87192.0	64269.0	35143.0	73122.0	102194.0	113919.0	60024.0	46481.0	79867.0	65789.0	29880.0	46761.0	75428.0	44713.0	35753.0	25702.0	90531.0	48956.0	37021.0	1366.0	52074.0	775.0	28519.0	19549.0	32312.0	33837.0	15268.0	2046.0	13510.0	25641.0	9532.0	18621.0	66528.0	18914.0	29378.0
ATG	49247.0	39695.0	53851.0	32028.0	25444.0	35143.0	26849.0	19412.0	25303.0	24565.0	33206.0	15324.0	51250.0	55008.0	50014.0	40527.0	13675.0	20857.0	34092.0	14636.0	19580.0	23916.0	26667.0	17217.0	7312.0	18237.0	16574.0	8891.0	15125.0	53494.0	43670.0	33810.0	62461.0	64621.0	82202.0	56443.0	42840.0	52232.0	39006.0	30423.0	42160.0	49825.0	32081.0	33805.0	27928.0	52572.0	37081.0	39636.0	1221.0	39786.0	605.0	30661.0	21431.0	24265.0	20625.0	16255.0	1476.0	10552.0	20249.0	8771.0	25190.0	48207.0	19448.0	31783.0
ATT	70523.0	31960.0	47831.0	48311.0	30601.0	21403.0	15992.0	24438.0	30858.0	18321.0	26477.0	20173.0	59859.0	37610.0	40527.0	59122.0	17519.0	12782.0	22324.0	16561.0	23862.0	13963.0	15359.0	19425.0	5997.0	8146.0	8380.0	7599.0	18447.0	30586.0	27105.0	38356.0	74186.0	36994.0	57657.0	64116.0	45107.0	28100.0	20219.0	33882.0	45920.0	27366.0	22426.0	35557.0	32807.0	27925.0	26148.0	48698.0	1715.0	29512.0	573.0	39359.0	27170.0	16127.0	11997.0	21249.0	1220.0	7496.0	17378.0	9674.0	41548.0	33197.0	22894.0	42048.0
CAA	24665.0	12766.0	15800.0	16884.0	11675.0	8738.0	7356.0	9005.0	10822.0	6806.0	7908.0	7106.0	19067.0	13266.0	13675.0	17519.0	9320.0	5721.0	10025.0	5576.0	8765.0	5685.0	6295.0	6634.0	3405.0	4617.0	4266.0	3294.0	6726.0	12448.0	8736.0	11129.0	28683.0	17471.0	23293.0	22884.0	15261.0	11550.0	9236.0	11336.0	14712.0	10727.0	7556.0	11606.0	11475.0	11933.0	9131.0	14716.0	626.0	11167.0	274.0	13464.0	9111.0	5996.0	5200.0	7412.0	511.0	2503.0	6572.0	3575.0	13249.0	11808.0	7356.0	12675.0
CAC	17418.0	21740.0	25003.0	9697.0	9040.0	21442.0	19334.0	7157.0	8368.0	13157.0	13772.0	5500.0	16192.0	30542.0	20857.0	12782.0	5721.0	17120.0	18819.0	5822.0	7237.0	14375.0	18190.0	5910.0	5981.0	16088.0	13442.0	5088.0	5623.0	35833.0	23830.0	12067.0	30428.0	51016.0	53694.0	23402.0	16939.0	34453.0	28975.0	12139.0	17096.0	34128.0	18416.0	14267.0	9762.0	37480.0	20661.0	15094.0	424.0	24171.0	265.0	10634.0	6841.0	11728.0	13742.0	5087.0	685.0	6058.0	11389.0	4618.0	6877.0	26112.0	7483.0	10028.0
CAG	28888.0	34493.0	40163.0	18813.0	16149.0	32481.0	26517.0	12350.0	13954.0	20638.0	21962.0	9917.0	27149.0	47213.0	34092.0	22324.0	10025.0	18819.0	35896.0	9553.0	12009.0	20157.0	25400.0	10421.0	8008.0	20612.0	18842.0	7702.0	8598.0	48534.0	38042.0	21667.0	48303.0	65481.0	76796.0	39477.0	29243.0	47080.0	37407.0	19715.0	26385.0	43797.0	25569.0	21471.0	16160.0	50048.0	29633.0	23691.0	867.0	32568.0	581.0	18194.0	13279.0	19479.0	19756.0	9802.0	1328.0	8208.0	16236.0	6189.0	10641.0	37202.0	11286.0	17461.0
CAT	21507.0	11446.0	16398.0	15134.0	10051.0	8966.0	6384.0	7516.0	10267.0	6577.0	9770.0	6247.0	18656.0	14602.0	14636.0	16561.0	5576.0	5822.0	9553.0	7066.0	7736.0	5798.0	6538.0	6573.0	2677.0	3951.0	4635.0	3358.0	5525.0	12189.0	11089.0	12394.0	25281.0	15528.0	23513.0	24089.0	15131.0	11921.0	8293.0	11039.0	15733.0	10873.0	9121.0	11982.0	10412.0	11398.0	10288.0	14634.0	418.0	10748.0	171.0	13667.0	8502.0	6247.0	4871.0	6522.0	411.0	3607.0	6503.0	3960.0	10765.0	12002.0	6749.0	12822.0
CCA	29966.0	16109.0	23336.0	19637.0	16230.0	11780.0	9349.0	11625.0	15335.0	9427.0	13481.0	8728.0	29180.0	17738.0	19580.0	23862.0	8765.0	7237.0	12009.0	7736.0	15028.0	8166.0	9258.0	9888.0	3426.0	4882.0	4791.0	3855.0	9521.0	16512.0	13231.0	16258.0	33788.0	20973.0	31224.0	29264.0	22386.0	15714.0	11360.0	16398.0	21938.0	15410.0	11313.0	17216.0	16278.0	15671.0	14303.0	23362.0	572.0	16929.0	220.0	18030.0	12565.0	7686.0	6406.0	8662.0	531.0	4357.0	9838.0	5354.0	17639.0	17536.0	9816.0	17575.0
CCC	17895.0	22879.0	29478.0	10333.0	9798.0	24253.0	19697.0	8200.0	9736.0	15180.0	19495.0	5912.0	21115.0	33795.0	23916.0	13963.0	5685.0	14375.0	20157.0	5798.0	8166.0	18908.0	20266.0	7463.0	5311.0	16011.0	13712.0	4949.0	7075.0	39720.0	28523.0	14069.0	29141.0	49474.0	57167.0	23695.0	18168.0	40345.0	31347.0	13582.0	18586.0	37065.0	21794.0	14607.0	11901.0	41559.0	25646.0	16639.0	397.0	26774.0	321.0	11886.0	7898.0	14941.0	14903.0	6091.0	735.0	7494.0	13035.0	4570.0	7495.0	30050.0	8686.0	11481.0
CCG	18219.0	25991.0	28745.0	10972.0	11278.0	28963.0	29549.0	8885.0	9187.0	17221.0	16394.0	6807.0	19278.0	42664.0	26667.0	15359.0	6295.0	18190.0	25400.0	6538.0	9258.0	20266.0	30236.0	7691.0	8249.0	21116.0	20411.0	6798.0	6274.0	50157.0	35575.0	15722.0	34863.0	62497.0	66906.0	27850.0	21583.0	46927.0	44456.0	15562.0	20782.0	45954.0	26119.0	17628.0	12177.0	54631.0	30427.0	18765.0	615.0	31156.0	411.0	13209.0	8514.0	15984.0	21609.0	6542.0	1006.0	7818.0	15482.0	5742.0	6812.0	36930.0	9839.0	12741.0
CCT	24732.0	13213.0	20731.0	16260.0	11921.0	10030.0	6802.0	9853.0	12369.0	7812.0	13300.0	7046.0	23925.0	15467.0	17217.0	19425.0	6634.0	5910.0	10421.0	6573.0	9888.0	7463.0	7691.0	9072.0	2341.0	3779.0	3899.0	3186.0	7191.0	13687.0	12587.0	14569.0	28132.0	16685.0	26246.0	24625.0	17467.0	13447.0	9057.0	13887.0	17965.0	12665.0	10102.0	14200.0	14112.0	13057.0	12889.0	18593.0	468.0	13649.0	228.0	15707.0	9776.0	7481.0	5337.0	8144.0	405.0	4105.0	7968.0	4505.0	13473.0	14711.0	8408.0	15021.0
CGA	7383.0	7509.0	7379.0	4574.0	4514.0	8888.0	9739.0	3428.0	3351.0	5199.0	3095.0	3009.0	4546.0	12455.0	7312.0	5997.0	3405.0	5981.0	8008.0	2677.0	3426.0	5311.0	8249.0	2341.0	5016.0	8190.0	7618.0	3413.0	2160.0	15526.0	9219.0	5310.0	14846.0	21024.0	21395.0	11321.0	7529.0	13778.0	13639.0	5326.0	6996.0	12297.0	7256.0	6201.0	3784.0	16823.0	7694.0	6213.0	349.0	8006.0	214.0	4613.0	3455.0	4528.0	7222.0	2534.0	599.0	1968.0	4715.0	2079.0	2829.0	9895.0	3241.0	4422.0
CGC	11103.0	19923.0	20877.0	5624.0	6246.0	24191.0	22847.0	4950.0	4945.0	13289.0	9445.0	4039.0	8644.0	31993.0	18237.0	8146.0	4617.0	16088.0	20612.0	3951.0	4882.0	16011.0	21116.0	3779.0	8190.0	24992.0	18097.0	6084.0	3501.0	41596.0	24645.0	8738.0	28216.0	60767.0	59899.0	18489.0	13525.0	40656.0	37132.0	9077.0	11913.0	38337.0	17913.0	11048.0	6279.0	45935.0	21053.0	10258.0	551.0	22793.0	452.0	6812.0	4386.0	11980.0	17003.0	3659.0	1038.0	5160.0	11080.0	3814.0	2966.0	25862.0	5541.0	6276.0
CGG	10667.0	16776.0	17295.0	6089.0	6257.0	21162.0	20701.0	4849.0	4591.0	11985.0	8650.0	4269.0	7425.0	29981.0	16574.0	8380.0	4266.0	13442.0	18842.0	4635.0	4791.0	13712.0	20411.0	3899.0	7618.0	18097.0	20132.0	5552.0	3236.0	36035.0	24760.0	9511.0	24565.0	47926.0	51727.0	19376.0	13178.0	34849.0	32785.0	8791.0	11424.0	30509.0	18811.0	10570.0	6079.0	38499.0	19671.0	9804.0	513.0	19117.0	486.0	7530.0	4846.0	10763.0	15748.0	3786.0	1134.0	4804.0	9921.0	3738.0	3005.0	22057.0	5510.0	7087.0
CGT	9554.0	7829.0	9644.0	6128.0	5251.0	8135.0	7277.0	3912.0	4370.0	4760.0	5212.0	3349.0	7114.0	11920.0	8891.0	7599.0	3294.0	5088.0	7702.0	3358.0	3855.0	4949.0	6798.0	3186.0	3413.0	6084.0	5552.0	3738.0	2575.0	12650.0	8825.0	6818.0	15313.0	16784.0	19891.0	13212.0	8832.0	11519.0	10273.0	6056.0	7833.0	10092.0	6556.0	7480.0	5043.0	13134.0	8054.0	7683.0	292.0	7847.0	173.0	6060.0	4053.0	4952.0	5280.0	3182.0	442.0	2156.0	4747.0	2325.0	3785.0	9043.0	3399.0	5394.0
CTA	21657.0	12715.0	20456.0	15126.0	11924.0	8590.0	7088.0	8936.0	12438.0	8816.0	13666.0	7353.0	27346.0	13008.0	15125.0	18447.0	6726.0	5623.0	8598.0	5525.0	9521.0	7075.0	6274.0	7191.0	2160.0	3501.0	3236.0	2575.0	11432.0	14793.0	12155.0	13309.0	23741.0	15554.0	26508.0	21007.0	15874.0	14001.0	9761.0	13590.0	16022.0	13205.0	9969.0	12527.0	14026.0	12179.0	12776.0	17127.0	567.0	14198.0	386.0	14644.0	9736.0	6784.0	5239.0	7522.0	533.0	2743.0	7525.0	2864.0	14646.0	15181.0	8729.0	13864.0
CTC	36153.0	52828.0	60564.0	20615.0	21298.0	58744.0	54069.0	16675.0	18627.0	36685.0	36189.0	13667.0	40489.0	87192.0	53494.0	30586.0	12448.0	35833.0	48534.0	12189.0	16512.0	39720.0	50157.0	13687.0	15526.0	41596.0	36035.0	12650.0	14793.0	111154.0	71142.0	32913.0	68238.0	120802.0	133027.0	53508.0	42526.0	98742.0	86209.0	30966.0	42047.0	91499.0	52380.0	34369.0	24102.0	112675.0	58660.0	37271.0	1144.0	60912.0	900.0	24074.0	17199.0	34256.0	40692.0	12949.0	2212.0	12657.0	29372.0	8571.0	14115.0	73990.0	19604.0	24830.0
CTG	31541.0	39556.0	49214.0	19788.0	18196.0	41226.0	35254.0	14197.0	17004.0	28409.0	32172.0	11163.0	37425.0	64269.0	43670.0	27105.0	8736.0	23830.0	38042.0	11089.0	13231.0	28523.0	35575.0	12587.0	9219.0	24645.0	24760.0	8825.0	12155.0	71142.0	61564.0	28953.0	50470.0	77375.0	92928.0	44234.0	35154.0	67853.0	56675.0	25251.0	34101.0	62818.0	39798.0	26665.0	21148.0	72415.0	47760.0	30067.0	1178.0	44995.0	765.0	21827.0	15568.0	26186.0	27974.0	12122.0	1810.0	10439.0	22130.0	6663.0	12089.0	54410.0	16416.0	23408.0
CTT	44596.0	26729.0	39241.0	29651.0	22197.0	21485.0	15826.0	17053.0	21733.0	16832.0	25217.0	13791.0	44227.0	35143.0	33810.0	38356.0	11129.0	12067.0	21667.0	12394.0	16258.0	14069.0	15722.0	14569.0	5310.0	8738.0	9511.0	6818.0	13309.0	32913.0	28953.0	32386.0	53916.0	35782.0	54083.0	47570.0	35739.0	29738.0	21447.0	25505.0	34348.0	27063.0	21689.0	26801.0	24217.0	29773.0	25476.0	35638.0	989.0	26552.0	511.0	27388.0	19627.0	16002.0	12358.0	14707.0	1103.0	6618.0	14953.0	6430.0	23049.0	30539.0	15904.0	30183.0
GAA	118749.0	59565.0	83067.0	67022.0	44337.0	47575.0	37896.0	35023.0	48714.0	33931.0	40121.0	27776.0	79184.0	73122.0	62461.0	74186.0	28683.0	30428.0	48303.0	25281.0	33788.0	29141.0	34863.0	28132.0	14846.0	28216.0	24565.0	15313.0	23741.0	68238.0	50470.0	53916.0	157356.0	103456.0	136463.0	105741.0	67601.0	64840.0	49414.0	48943.0	63641.0	56694.0	37043.0	47746.0	47633.0	70241.0	44918.0	67967.0	2974.0	55835.0	1216.0	55577.0	37488.0	31765.0	28568.0	29601.0	2835.0	14929.0	29305.0	16864.0	50252.0	57761.0	30037.0	52050.0
GAC	50886.0	72270.0	75823.0	29122.0	27882.0	77822.0	70311.0	22328.0	23674.0	45760.0	39583.0	17589.0	45137.0	102194.0	64621.0	36994.0	17471.0	51016.0	65481.0	15528.0	20973.0	49474.0	62497.0	16685.0	21024.0	60767.0	47926.0	16784.0	15554.0	120802.0	77375.0	35782.0	103456.0	193152.0	188214.0	75896.0	52492.0	123367.0	106201.0	36833.0	49550.0	113088.0	56555.0	42077.0	29383.0	137627.0	66404.0	44253.0	1545.0	76173.0	1065.0	30548.0	20591.0	41621.0	51053.0	15946.0	2813.0	18143.0	35933.0	14085.0	18988.0	84391.0	21780.0	28144.0
GAG	78965.0	83056.0	123626.0	45483.0	36652.0	78960.0	70910.0	30452.0	43651.0	56008.0	76549.0	24869.0	79145.0	113919.0	82202.0	57657.0	23293.0	53694.0	76796.0	23513.0	31224.0	57167.0	66906.0	26246.0	21395.0	59899.0	51727.0	19891.0	26508.0	133027.0	92928.0	54083.0	136463.0	188214.0	260678.0	104178.0	66027.0	131243.0	108474.0	54159.0	63032.0	115210.0	67832.0	52348.0	43304.0	138893.0	85919.0	69666.0	2562.0	91127.0	1802.0	47139.0	30043.0	49212.0	53156.0	24453.0	4038.0	22486.0	42912.0	15973.0	32398.0	95813.0	33721.0	42273.0
GAT	85522.0	48375.0	68174.0	60241.0	39642.0	38551.0	30142.0	30658.0	38795.0	28527.0	39062.0	24726.0	72188.0	60024.0	56443.0	64116.0	22884.0	23402.0	39477.0	24089.0	29264.0	23695.0	27850.0	24625.0	11321.0	18489.0	19376.0	13212.0	21007.0	53508.0	44234.0	47570.0	105741.0	75896.0	104178.0	97266.0	58999.0	51381.0	39774.0	43776.0	56680.0	47515.0	35226.0	45972.0	40492.0	53218.0	40880.0	59910.0	1652.0	45853.0	750.0	51574.0	33860.0	26856.0	22846.0	26906.0	1697.0	13540.0	25762.0	14524.0	42194.0	49124.0	26991.0	46281.0
GCA	54518.0	35818.0	45054.0	36350.0	30888.0	29969.0	22198.0	21657.0	25645.0	21989.0	25306.0	17103.0	52056.0	46481.0	42840.0	45107.0	15261.0	16939.0	29243.0	15131.0	22386.0	18168.0	21583.0	17467.0	7529.0	13525.0	13178.0	8832.0	15874.0	42526.0	35154.0	35739.0	67601.0	52492.0	66027.0	58999.0	53724.0	42649.0	31124.0	33494.0	47833.0	39085.0	26976.0	36100.0	31458.0	41620.0	31140.0	42834.0	1304.0	33318.0	559.0	32745.0	25313.0	20178.0	16902.0	17892.0	1289.0	9309.0	18213.0	9700.0	28792.0	38591.0	18432.0	33384.0
GCC	34056.0	51972.0	59290.0	21011.0	20485.0	58757.0	50948.0	16548.0	17597.0	36442.0	36301.0	12747.0	39960.0	79867.0	52232.0	28100.0	11550.0	34453.0	47080.0	11921.0	15714.0	40345.0	46927.0	13447.0	13778.0	40656.0	34849.0	11519.0	14001.0	98742.0	67853.0	29738.0	64840.0	123367.0	131243.0	51381.0	42649.0	105188.0	85848.0	30912.0	40607.0	93855.0	50341.0	33843.0	23370.0	106095.0	58486.0	34219.0	1081.0	56759.0	817.0	23283.0	16388.0	34124.0	38459.0	12853.0	1969.0	13895.0	27074.0	9077.0	14061.0	66859.0	18395.0	22765.0
GCG	22414.0	40244.0	40611.0	13693.0	14701.0	46623.0	48722.0	12169.0	11927.0	29239.0	23358.0	10273.0	25737.0	65789.0	39006.0	20219.0	9236.0	28975.0	37407.0	8293.0	11360.0	31347.0	44456.0	9057.0	13639.0	37132.0	32785.0	10273.0	9761.0	86209.0	56675.0	21447.0	49414.0	106201.0	108474.0	39774.0	31124.0	85848.0	84552.0	23778.0	30378.0	79387.0	43354.0	26737.0	16593.0	94379.0	49723.0	26530.0	953.0	45957.0	843.0	16243.0	11213.0	25467.0	36445.0	9081.0	1947.0	10181.0	22578.0	7392.0	9639.0	56361.0	15530.0	16495.0
GCT	39693.0	25086.0	37673.0	26974.0	20795.0	19776.0	16160.0	17510.0	21313.0	17240.0	23384.0	13530.0	40944.0	29880.0	30423.0	33882.0	11336.0	12139.0	19715.0	11039.0	16398.0	13582.0	15562.0	13887.0	5326.0	9077.0	8791.0	6056.0	13590.0	30966.0	25251.0	25505.0	48943.0	36833.0	54159.0	43776.0	33494.0	30912.0	23778.0	29536.0	34111.0	28802.0	21114.0	27787.0	23987.0	29356.0	24737.0	35008.0	941.0	25568.0	504.0	25339.0	17001.0	14196.0	11986.0	14058.0	1047.0	6388.0	14238.0	6808.0	23039.0	28640.0	15473.0	24370.0
GGA	55174.0	36302.0	47115.0	36584.0	29549.0	30407.0	21686.0	22339.0	27751.0	21231.0	26120.0	16275.0	54652.0	46761.0	42160.0	45920.0	14712.0	17096.0	26385.0	15733.0	21938.0	18586.0	20782.0	17965.0	6996.0	11913.0	11424.0	7833.0	16022.0	42047.0	34101.0	34348.0	63641.0	49550.0	63032.0	56680.0	47833.0	40607.0	30378.0	34111.0	49914.0	35603.0	26716.0	33698.0	32239.0	42383.0	31897.0	45636.0	1141.0	34304.0	561.0	33503.0	23296.0	20598.0	16058.0	18093.0	1247.0	10263.0	18902.0	9576.0	29529.0	40121.0	19788.0	34436.0
GGC	32205.0	50759.0	53598.0	20931.0	20298.0	55321.0	50138.0	16330.0	16395.0	34712.0	31472.0	12135.0	39385.0	75428.0	49825.0	27366.0	10727.0	34128.0	43797.0	10873.0	15410.0	37065.0	45954.0	12665.0	12297.0	38337.0	30509.0	10092.0	13205.0	91499.0	62818.0	27063.0	56694.0	113088.0	115210.0	47515.0	39085.0	93855.0	79387.0	28802.0	35603.0	93438.0	44739.0	31451.0	23262.0	102745.0	54690.0	33548.0	1026.0	54660.0	797.0	22346.0	15256.0	29867.0	36707.0	12039.0	1697.0	13530.0	26726.0	9139.0	13865.0	63809.0	17215.0	21972.0
GGG	25239.0	29136.0	35341.0	16719.0	15060.0	30617.0	27288.0	12130.0	13558.0	20277.0	24857.0	9352.0	30576.0	44713.0	32081.0	22426.0	7556.0	18416.0	25569.0	9121.0	11313.0	21794.0	26119.0	10102.0	7256.0	17913.0	18811.0	6556.0	9969.0	52380.0	39798.0	21689.0	37043.0	56555.0	67832.0	35226.0	26976.0	50341.0	43354.0	21114.0	26716.0	44739.0	31664.0	20862.0	17842.0	53683.0	35872.0	26168.0	702.0	32577.0	561.0	18034.0	11942.0	19346.0	20594.0	9752.0	1228.0	8789.0	16561.0	6033.0	12612.0	38368.0	13546.0	18551.0
GGT	38022.0	27779.0	34971.0	29203.0	22868.0	24493.0	19885.0	18489.0	19534.0	16098.0	21645.0	14359.0	40351.0	35753.0	33805.0	35557.0	11606.0	14267.0	21471.0	11982.0	17216.0	14607.0	17628.0	14200.0	6201.0	11048.0	10570.0	7480.0	12527.0	34369.0	26665.0	26801.0	47746.0	42077.0	52348.0	45972.0	36100.0	33843.0	26737.0	27787.0	33698.0	31451.0	20862.0	33780.0	24664.0	36439.0	26623.0	36979.0	859.0	27319.0	431.0	25841.0	18302.0	15650.0	13860.0	13905.0	956.0	6700.0	15780.0	7605.0	23889.0	31930.0	15431.0	24948.0
GTA	43637.0	23726.0	34438.0	28793.0	21528.0	16915.0	12247.0	16705.0	20930.0	14302.0	21013.0	12656.0	42139.0	25702.0	27928.0	32807.0	11475.0	9762.0	16160.0	10412.0	16278.0	11901.0	12177.0	14112.0	3784.0	6279.0	6079.0	5043.0	14026.0	24102.0	21148.0	24217.0	47633.0	29383.0	43304.0	40492.0	31458.0	23370.0	16593.0	23987.0	32239.0	23262.0	17842.0	24664.0	25462.0	21532.0	21042.0	30866.0	905.0	23201.0	415.0	25590.0	17527.0	12775.0	9479.0	14113.0	876.0	5873.0	12629.0	6191.0	24949.0	25126.0	14318.0	24587.0
GTC	33892.0	55579.0	58923.0	20396.0	20203.0	63797.0	58792.0	16294.0	16463.0	36643.0	30461.0	13237.0	33262.0	90531.0	52572.0	27925.0	11933.0	37480.0	50048.0	11398.0	15671.0	41559.0	54631.0	13057.0	16823.0	45935.0	38499.0	13134.0	12179.0	112675.0	72415.0	29773.0	70241.0	137627.0	138893.0	53218.0	41620.0	106095.0	94379.0	29356.0	42383.0	102745.0	53683.0	36439.0	21532.0	122800.0	58083.0	34852.0	1086.0	60087.0	847.0	22409.0	15489.0	34500.0	44492.0	12059.0	2185.0	13515.0	28840.0	9802.0	12351.0	73953.0	18672.0	22295.0
GTG	29627.0	34789.0	46757.0	20041.0	17368.0	34565.0	30422.0	14388.0	16912.0	24959.0	32628.0	11258.0	36882.0	48956.0	37081.0	26148.0	9131.0	20661.0	29633.0	10288.0	14303.0	25646.0	30427.0	12889.0	7694.0	21053.0	19671.0	8054.0	12776.0	58660.0	47760.0	25476.0	44918.0	66404.0	85919.0	40880.0	31140.0	58486.0	49723.0	24737.0	31897.0	54690.0	35872.0	26623.0	21042.0	58083.0	44740.0	30904.0	932.0	39266.0	691.0	21157.0	14505.0	22288.0	23022.0	11584.0	1550.0	9507.0	19262.0	6506.0	15058.0	44874.0	16756.0	20907.0
GTT	59235.0	33260.0	51731.0	39059.0	28235.0	23939.0	19566.0	22997.0	29521.0	20582.0	31994.0	18338.0	55292.0	37021.0	39636.0	48698.0	14716.0	15094.0	23691.0	14634.0	23362.0	16639.0	18765.0	18593.0	6213.0	10258.0	9804.0	7683.0	17127.0	37271.0	30067.0	35638.0	67967.0	44253.0	69666.0	59910.0	42834.0	34219.0	26530.0	35008.0	45636.0	33548.0	26168.0	36979.0	30866.0	34852.0	30904.0	50506.0	1260.0	33535.0	589.0	34170.0	23631.0	17134.0	14320.0	18298.0	1188.0	8280.0	18331.0	8813.0	33232.0	36003.0	21804.0	35432.0
TAA	2733.0	890.0	1976.0	1324.0	761.0	665.0	585.0	693.0	1187.0	602.0	1044.0	504.0	1863.0	1366.0	1221.0	1715.0	626.0	424.0	867.0	418.0	572.0	397.0	615.0	468.0	349.0	551.0	513.0	292.0	567.0	1144.0	1178.0	989.0	2974.0	1545.0	2562.0	1652.0	1304.0	1081.0	953.0	941.0	1141.0	1026.0	702.0	859.0	905.0	1086.0	932.0	1260.0	0.0	1039.0	0.0	1139.0	669.0	520.0	487.0	484.0	1.0	263.0	708.0	322.0	1310.0	1140.0	726.0	1062.0
TAC	38479.0	42773.0	52206.0	25135.0	20667.0	37028.0	31788.0	16094.0	19889.0	26245.0	32083.0	12620.0	41720.0	52074.0	39786.0	29512.0	11167.0	24171.0	32568.0	10748.0	16929.0	26774.0	31156.0	13649.0	8006.0	22793.0	19117.0	7847.0	14198.0	60912.0	44995.0	26552.0	55835.0	76173.0	91127.0	45853.0	33318.0	56759.0	45957.0	25568.0	34304.0	54660.0	32577.0	27319.0	23201.0	60087.0	39266.0	33535.0	1039.0	47118.0	657.0	24867.0	16782.0	22731.0	23037.0	12111.0	1511.0	10996.0	23180.0	7459.0	18385.0	51435.0	16450.0	23617.0
TAG	953.0	533.0	1078.0	459.0	325.0	382.0	490.0	255.0	587.0	395.0	720.0	287.0	848.0	775.0	605.0	573.0	274.0	265.0	581.0	171.0	220.0	321.0	411.0	228.0	214.0	452.0	486.0	173.0	386.0	900.0	765.0	511.0	1216.0	1065.0	1802.0	750.0	559.0	817.0	843.0	504.0	561.0	797.0	561.0	431.0	415.0	847.0	691.0	589.0	0.0	657.0	0.0	496.0	273.0	306.0	356.0	218.0	3.0	157.0	445.0	143.0	453.0	710.0	451.0	439.0
TAT	51735.0	25914.0	36806.0	38914.0	23895.0	18207.0	12905.0	18912.0	23936.0	14965.0	20979.0	15328.0	47139.0	28519.0	30661.0	39359.0	13464.0	10634.0	18194.0	13667.0	18030.0	11886.0	13209.0	15707.0	4613.0	6812.0	7530.0	6060.0	14644.0	24074.0	21827.0	27388.0	55577.0	30548.0	47139.0	51574.0	32745.0	23283.0	16243.0	25339.0	33503.0	22346.0	18034.0	25841.0	25590.0	22409.0	21157.0	34170.0	1139.0	24867.0	496.0	34832.0	20311.0	13677.0	10086.0	16427.0	972.0	6654.0	15867.0	8103.0	29039.0	26933.0	16925.0	32165.0
TCA	33007.0	18043.0	23192.0	25210.0	18023.0	12933.0	9183.0	12753.0	14789.0	10487.0	14149.0	10629.0	31926.0	19549.0	21431.0	27170.0	9111.0	6841.0	13279.0	8502.0	12565.0	7898.0	8514.0	9776.0	3455.0	4386.0	4846.0	4053.0	9736.0	17199.0	15568.0	19627.0	37488.0	20591.0	30043.0	33860.0	25313.0	16388.0	11213.0	17001.0	23296.0	15256.0	11942.0	18302.0	17527.0	15489.0	14505.0	23631.0	669.0	16782.0	273.0	20311.0	17192.0	9791.0	7729.0	11602.0	578.0	4295.0	9629.0	5169.0	19470.0	17848.0	10460.0	20183.0
TCC	20923.0	22912.0	28181.0	14315.0	11162.0	23227.0	16914.0	8998.0	10154.0	14527.0	17732.0	7061.0	21718.0	32312.0	24265.0	16127.0	5996.0	11728.0	19479.0	6247.0	7686.0	14941.0	15984.0	7481.0	4528.0	11980.0	10763.0	4952.0	6784.0	34256.0	26186.0	16002.0	31765.0	41621.0	49212.0	26856.0	20178.0	34124.0	25467.0	14196.0	20598.0	29867.0	19346.0	15650.0	12775.0	34500.0	22288.0	17134.0	520.0	22731.0	306.0	13677.0	9791.0	16972.0	14020.0	8213.0	711.0	6588.0	11275.0	4427.0	9033.0	26730.0	8753.0	12960.0
TCG	13933.0	21758.0	20953.0	9364.0	8885.0	23534.0	24398.0	7397.0	7140.0	14604.0	11875.0	5949.0	14759.0	33837.0	20625.0	11997.0	5200.0	13742.0	19756.0	4871.0	6406.0	14903.0	21609.0	5337.0	7222.0	17003.0	15748.0	5280.0	5239.0	40692.0	27974.0	12358.0	28568.0	51053.0	53156.0	22846.0	16902.0	38459.0	36445.0	11986.0	16058.0	36707.0	20594.0	13860.0	9479.0	44492.0	23022.0	14320.0	487.0	23037.0	356.0	10086.0	7729.0	14020.0	19766.0	5950.0	915.0	5392.0	11595.0	4230.0	5827.0	28124.0	8083.0	10054.0
TCT	26720.0	13411.0	18878.0	19390.0	12374.0	9697.0	6892.0	10831.0	12126.0	8172.0	10777.0	8325.0	23910.0	15268.0	16255.0	21249.0	7412.0	5087.0	9802.0	6522.0	8662.0	6091.0	6542.0	8144.0	2534.0	3659.0	3786.0	3182.0	7522.0	12949.0	12122.0	14707.0	29601.0	15946.0	24453.0	26906.0	17892.0	12853.0	9081.0	14058.0	18093.0	12039.0	9752.0	13905.0	14113.0	12059.0	11584.0	18298.0	484.0	12111.0	218.0	16427.0	11602.0	8213.0	5950.0	11000.0	461.0	3400.0	7432.0	4314.0	15208.0	13328.0	8948.0	16374.0
TGA	2142.0	1210.0	2470.0	875.0	697.0	1165.0	1151.0	585.0	1095.0	922.0	1462.0	523.0	1629.0	2046.0	1476.0	1220.0	511.0	685.0	1328.0	411.0	531.0	735.0	1006.0	405.0	599.0	1038.0	1134.0	442.0	533.0	2212.0	1810.0	1103.0	2835.0	2813.0	4038.0	1697.0	1289.0	1969.0	1947.0	1047.0	1247.0	1697.0	1228.0	956.0	876.0	2185.0	1550.0	1188.0	1.0	1511.0	3.0	972.0	578.0	711.0	915.0	461.0	2.0	423.0	897.0	271.0	738.0	1655.0	750.0	835.0
TGC	11088.0	10532.0	14111.0	6826.0	5121.0	9282.0	6719.0	3918.0	5443.0	6406.0	8783.0	2946.0	10063.0	13510.0	10552.0	7496.0	2503.0	6058.0	8208.0	3607.0	4357.0	7494.0	7818.0	4105.0	1968.0	5160.0	4804.0	2156.0	2743.0	12657.0	10439.0	6618.0	14929.0	18143.0	22486.0	13540.0	9309.0	13895.0	10181.0	6388.0	10263.0	13530.0	8789.0	6700.0	5873.0	13515.0	9507.0	8280.0	263.0	10996.0	157.0	6654.0	4295.0	6588.0	5392.0	3400.0	423.0	5712.0	5256.0	3320.0	3986.0	11114.0	3710.0	6340.0
TGG	22053.0	19944.0	25007.0	14582.0	11370.0	18169.0	15470.0	8997.0	11532.0	12974.0	15669.0	7545.0	21855.0	25641.0	20249.0	17378.0	6572.0	11389.0	16236.0	6503.0	9838.0	13035.0	15482.0	7968.0	4715.0	11080.0	9921.0	4747.0	7525.0	29372.0	22130.0	14953.0	29305.0	35933.0	42912.0	25762.0	18213.0	27074.0	22578.0	14238.0	18902.0	26726.0	16561.0	15780.0	12629.0	28840.0	19262.0	18331.0	708.0	23180.0	445.0	15867.0	9629.0	11275.0	11595.0	7432.0	897.0	5256.0	14800.0	4222.0	11027.0	26115.0	9500.0	14770.0
TGT	13883.0	7984.0	9877.0	8998.0	6193.0	6796.0	5481.0	4710.0	5793.0	4352.0	4774.0	3805.0	9655.0	9532.0	8771.0	9674.0	3575.0	4618.0	6189.0	3960.0	5354.0	4570.0	5742.0	4505.0	2079.0	3814.0	3738.0	2325.0	2864.0	8571.0	6663.0	6430.0	16864.0	14085.0	15973.0	14524.0	9700.0	9077.0	7392.0	6808.0	9576.0	9139.0	6033.0	7605.0	6191.0	9802.0	6506.0	8813.0	322.0	7459.0	143.0	8103.0	5169.0	4427.0	4230.0	4314.0	271.0	3320.0	4222.0	4332.0	6215.0	7977.0	4004.0	7392.0
TTA	52299.0	19458.0	29744.0	35394.0	21271.0	10812.0	7790.0	17745.0	22851.0	10509.0	17026.0	14673.0	46110.0	18621.0	25190.0	41548.0	13249.0	6877.0	10641.0	10765.0	17639.0	7495.0	6812.0	13473.0	2829.0	2966.0	3005.0	3785.0	14646.0	14115.0	12089.0	23049.0	50252.0	18988.0	32398.0	42194.0	28792.0	14061.0	9639.0	23039.0	29529.0	13865.0	12612.0	23889.0	24949.0	12351.0	15058.0	33232.0	1310.0	18385.0	453.0	29039.0	19470.0	9033.0	5827.0	15208.0	738.0	3986.0	11027.0	6215.0	37174.0	19302.0	16526.0	29844.0
TTC	38644.0	44797.0	55092.0	25412.0	21656.0	43169.0	37320.0	17464.0	20589.0	28717.0	31927.0	13636.0	44909.0	66528.0	48207.0	33197.0	11808.0	26112.0	37202.0	12002.0	17536.0	30050.0	36930.0	14711.0	9895.0	25862.0	22057.0	9043.0	15181.0	73990.0	54410.0	30539.0	57761.0	84391.0	95813.0	49124.0	38591.0	66859.0	56361.0	28640.0	40121.0	63809.0	38368.0	31930.0	25126.0	73953.0	44874.0	36003.0	1140.0	51435.0	710.0	26933.0	17848.0	26730.0	28124.0	13328.0	1655.0	11114.0	26115.0	7977.0	19302.0	64410.0	19316.0	28401.0
TTG	26738.0	15323.0	24436.0	17720.0	11906.0	11102.0	10394.0	10409.0	13587.0	10313.0	14886.0	8598.0	26784.0	18914.0	19448.0	22894.0	7356.0	7483.0	11286.0	6749.0	9816.0	8686.0	9839.0	8408.0	3241.0	5541.0	5510.0	3399.0	8729.0	19604.0	16416.0	15904.0	30037.0	21780.0	33721.0	26991.0	18432.0	18395.0	15530.0	15473.0	19788.0	17215.0	13546.0	15431.0	14318.0	18672.0	16756.0	21804.0	726.0	16450.0	451.0	16925.0	10460.0	8753.0	8083.0	8948.0	750.0	3710.0	9500.0	4004.0	16526.0	19316.0	13560.0	17973.0
TTT	50830.0	23681.0	34058.0	35056.0	22984.0	16716.0	12511.0	17640.0	22595.0	14291.0	19593.0	14365.0	46720.0	29378.0	31783.0	42048.0	12675.0	10028.0	17461.0	12822.0	17575.0	11481.0	12741.0	15021.0	4422.0	6276.0	7087.0	5394.0	13864.0	24830.0	23408.0	30183.0	52050.0	28144.0	42273.0	46281.0	33384.0	22765.0	16495.0	24370.0	34436.0	21972.0	18551.0	24948.0	24587.0	22295.0	20907.0	35432.0	1062.0	23617.0	439.0	32165.0	20183.0	12960.0	10054.0	16374.0	835.0	6340.0	14770.0	7392.0	29844.0	28401.0	17973.0	36722.0
End	47414.0	18376.0	39877.0	20082.0	12291.0	14666.0	15135.0	10142.0	22242.0	14787.0	26237.0	11151.0	25751.0	24687.0	19622.0	23254.0	12383.0	9488.0	20364.0	7643.0	9822.0	11292.0	15720.0	8259.0	9981.0	13012.0	15774.0	6630.0	10843.0	26959.0	24659.0	17073.0	49195.0	37244.0	62393.0	28672.0	18296.0	22377.0	23061.0	14388.0	23171.0	22298.0	20865.0	18321.0	14784.0	24030.0	23135.0	19220.0	59871.0	19460.0	32987.0	17161.0	12678.0	12478.0	13572.0	10205.0	74134.0	5700.0	15166.0	5007.0	18170.0	22979.0	13006.0	17176.0
