Proteome_ID	M	W	C	D	E	F	H	K	N	Q	Y	I	A	G	P	T	V	L	R	S
UP000006687	0.0153661366927091	0.03168733059935021	0.03168733059935021	0.03168733059935021	0.04660388193137483	0.029833102664049232	0.03168733059935021	0.029833102664049232	0.029833102664049232	0.03168733059935021	0.029833102664049232	0.04430006863538937	0.0673136101075068	0.0673136101075068	0.0673136101075068	0.06337466119870042	0.06337466119870042	0.09320776386274966	0.09900094070685701	0.09506199179805062
UP000007251	0.014246525356508725	0.03138826438871214	0.03138826438871214	0.03138826438871214	0.04443168150264971	0.02608683422787514	0.03138826438871214	0.02608683422787514	0.02608683422787514	0.03138826438871214	0.02608683422787514	0.037927143099241556	0.07553412826788557	0.07553412826788557	0.07553412826788557	0.06277652877742428	0.06277652877742428	0.08886336300529941	0.10692239265659771	0.0941647931661364
UP000006677	0.018158067884981897	0.03099308779643219	0.03099308779643219	0.03099308779643219	0.05291648939827782	0.04384680320369126	0.03099308779643219	0.04384680320369126	0.04384680320369126	0.03099308779643219	0.04384680320369126	0.06953553852240062	0.043814892807350105	0.043814892807350105	0.043814892807350105	0.06198617559286438	0.06198617559286438	0.10583297879655564	0.0748079806037823	0.09297926338929657
UP000007666	0.018332031660011978	0.030798516354200032	0.030798516354200032	0.030798516354200032	0.05344320692803162	0.045289381147663156	0.030798516354200032	0.045289381147663156	0.045289381147663156	0.030798516354200032	0.045289381147663156	0.07224673063531434	0.041888344931331443	0.041888344931331443	0.041888344931331443	0.061597032708400064	0.061597032708400064	0.10688641385606323	0.07268686128553149	0.09239554906260011
UP000099345	0.010666868308789705	0.029217943628423976	0.029217943628423976	0.029217943628423976	0.03761810242159587	0.016800317586343788	0.029217943628423976	0.016800317586343788	0.016800317586343788	0.029217943628423976	0.016800317586343788	0.02293376686389787	0.10162763001190947	0.10162763001190947	0.10162763001190947	0.05843588725684795	0.05843588725684795	0.07523620484319174	0.13084557364033345	0.08765383088527194
UP000007699	0.01768182886047412	0.0313651229406301	0.0313651229406301	0.0313651229406301	0.051630445485595464	0.04053064508993073	0.0313651229406301	0.04053064508993073	0.04053064508993073	0.0313651229406301	0.04053064508993073	0.06337946131938732	0.048544548693859525	0.048544548693859525	0.048544548693859525	0.0627302458812602	0.0627302458812602	0.10326089097119093	0.07990967163448962	0.0940953688218903
UP000002135	0.01584901992738609	0.03174449023738281	0.03174449023738281	0.03174449023738281	0.04757035284305167	0.03165172521133771	0.03174449023738281	0.03165172521133771	0.03165172521133771	0.03174449023738281	0.03165172521133771	0.04745443049528934	0.06367505427921052	0.06367505427921052	0.06367505427921052	0.06348898047476562	0.06348898047476562	0.09514070568610335	0.09541954451659333	0.09523347071214842
UP000008222	0.018090120684045124	0.031058855376645333	0.031058855376645333	0.031058855376645333	0.05272089316944584	0.04332407558560102	0.031058855376645333	0.04332407558560102	0.04332407558560102	0.031058855376645333	0.04332407558560102	0.06855803048715692	0.04453193677041675	0.04453193677041675	0.04453193677041675	0.062117710753290666	0.062117710753290666	0.10544178633889167	0.0755907921470621	0.09317656612993598
UP000008623	0.014890016116129513	0.031586489217225455	0.031586489217225455	0.031586489217225455	0.04567100067807902	0.028169022921707133	0.031586489217225455	0.028169022921707133	0.028169022921707133	0.031586489217225455	0.028169022921707133	0.04144802972728475	0.07083712515289728	0.07083712515289728	0.07083712515289728	0.06317297843445091	0.06317297843445091	0.09134200135615804	0.10242361437012273	0.09475946765167637
UP000172353	0.01617139087615312	0.01992149987183215	0.01992149987183215	0.01992149987183215	0.06287469958387132	0.08590639942407835	0.01992149987183215	0.08590639942407835	0.08590639942407835	0.01992149987183215	0.08590639942407835	0.15564140797200357	0.009239501592524488	0.009239501592524488	0.009239501592524488	0.0398429997436643	0.0398429997436643	0.12574939916774264	0.02916100146435664	0.05976449961549645
UP000163220	0.019029833602625598	0.028849856971393445	0.028849856971393445	0.028849856971393445	0.05680335346567171	0.055906992988556545	0.028849856971393445	0.055906992988556545	0.055906992988556545	0.028849856971393445	0.055906992988556545	0.09278415237448749	0.029774960260882687	0.029774960260882687	0.029774960260882687	0.05769971394278689	0.05769971394278689	0.11360670693134342	0.05862481723227613	0.08654957091418032
UP000000360	0.015971654154181	0.03175099085690361	0.03175099085690361	0.03175099085690361	0.047819975712633585	0.03213796971145994	0.03175099085690361	0.03213796971145994	0.03213796971145994	0.03175099085690361	0.03213796971145994	0.04830428526873889	0.06273734336339819	0.06273734336339819	0.06273734336339819	0.06350198171380722	0.06350198171380722	0.09563995142526717	0.0944883342203018	0.09525297257071083
UP000004993	0.016744312194331326	0.03170366211209125	0.03170366211209125	0.03170366211209125	0.04944694704849784	0.03548656987281317	0.03170366211209125	0.03548656987281317	0.03548656987281317	0.03170366211209125	0.03548656987281317	0.054228827551295024	0.05664803304011024	0.05664803304011024	0.05664803304011024	0.0634073242241825	0.0634073242241825	0.09889389409699569	0.08835169515220152	0.09511098633627377
UP000008865	0.01601487626270794	0.031752452143873414	0.031752452143873414	0.031752452143873414	0.04790842165154925	0.03231193901535167	0.031752452143873414	0.03231193901535167	0.03231193901535167	0.031752452143873414	0.03231193901535167	0.04860900176799541	0.06240530577072199	0.06240530577072199	0.06240530577072199	0.06350490428774683	0.06350490428774683	0.0958168433030985	0.09415775791459541	0.09525735643162024
UP000009108	0.018079076062582237	0.03106907308447016	0.03106907308447016	0.03106907308447016	0.05268956054653837	0.04324097492413643	0.03106907308447016	0.04324097492413643	0.04324097492413643	0.03106907308447016	0.04324097492413643	0.06840287378569061	0.044646879679363566	0.044646879679363566	0.044646879679363566	0.06213814616894032	0.06213814616894032	0.10537912109307675	0.07571595276383372	0.09320721925341048
UP000000396	0.01770557276908903	0.031350773622696684	0.031350773622696684	0.031350773622696684	0.05169065024668697	0.04067975324798056	0.031350773622696684	0.04067975324798056	0.04067975324798056	0.031350773622696684	0.04067975324798056	0.06365393372687209	0.04832236816924972	0.04832236816924972	0.04832236816924972	0.06270154724539337	0.06270154724539337	0.10338130049337393	0.0796731417919464	0.09405232086809005
UP000007661	0.016891465858624045	0.0316745312864555	0.0316745312864555	0.0316745312864555	0.04977055022193978	0.03619203787096857	0.0316745312864555	0.03619203787096857	0.03619203787096857	0.0316745312864555	0.03619203787096857	0.0554926098833131	0.05544180384611198	0.05544180384611198	0.05544180384611198	0.063349062572911	0.063349062572911	0.09954110044387957	0.08711633513256747	0.09502359385936648
UP000007068	0.017672994554526658	0.031370368661918654	0.031370368661918654	0.031370368661918654	0.05160812920597751	0.040475521088117715	0.031370368661918654	0.040475521088117715	0.040475521088117715	0.031370368661918654	0.040475521088117715	0.06327804762170877	0.04862692331210468	0.04862692331210468	0.04862692331210468	0.06274073732383731	0.06274073732383731	0.10321625841195502	0.07999729197402333	0.09411110598575596
UP000134285	0.017202681228760217	0.03158671355544917	0.03158671355544917	0.03158671355544917	0.05047488594054386	0.03777634477018938	0.03158671355544917	0.03777634477018938	0.03777634477018938	0.03158671355544917	0.03777634477018938	0.05835000831161855	0.0528224993340982	0.0528224993340982	0.0528224993340982	0.06317342711089834	0.06317342711089834	0.10094977188108772	0.08440921288954738	0.09476014066634751
UP000006372	0.0179029974604162	0.03121612553552702	0.03121612553552702	0.03121612553552702	0.05220526546693722	0.0419782798628204	0.03121612553552702	0.0419782798628204	0.0419782798628204	0.03121612553552702	0.0419782798628204	0.0660535622652246	0.046426223115103686	0.046426223115103686	0.046426223115103686	0.06243225107105404	0.06243225107105404	0.10441053093387444	0.0776423486506307	0.09364837660658105
UP000009089	0.01844828700836852	0.030642352468809374	0.030642352468809374	0.030642352468809374	0.05382161597162099	0.046358527005623235	0.030642352468809374	0.046358527005623235	0.046358527005623235	0.030642352468809374	0.046358527005623235	0.07426876700287796	0.0405083519892189	0.0405083519892189	0.0405083519892189	0.06128470493761875	0.06128470493761875	0.10764323194324198	0.07115070445802828	0.09192705740642812
UP000002317	0.01713228967783272	0.03160994612621402	0.03160994612621402	0.03160994612621402	0.05031293012316933	0.03740596799391062	0.03160994612621402	0.03740596799391062	0.03740596799391062	0.03160994612621402	0.03740596799391062	0.057679646309988536	0.05342402550656152	0.05342402550656152	0.05342402550656152	0.06321989225242804	0.06321989225242804	0.10062586024633866	0.08503397163277554	0.09482983837864205
UP000000862	0.018053305913397	0.03109242581660848	0.03109242581660848	0.03109242581660848	0.05261692589880283	0.04304900016438872	0.03109242581660848	0.04304900016438872	0.04304900016438872	0.03109242581660848	0.04304900016438872	0.06804469441538046	0.04491342142533723	0.04491342142533723	0.04491342142533723	0.06218485163321696	0.06218485163321696	0.10523385179760567	0.07600584724194573	0.09327727744982543
UP000000344	0.01902161443291661	0.0289353104375404	0.0289353104375404	0.0289353104375404	0.05669470100100605	0.05551878112693128	0.0289353104375404	0.05551878112693128	0.05551878112693128	0.0289353104375404	0.05551878112693128	0.09201594782094595	0.03016104363684226	0.03016104363684226	0.03016104363684226	0.0578706208750808	0.0578706208750808	0.1133894020020121	0.059096354074382657	0.08680593131262121
UP000125273	0.010342956119001807	0.028939268146727332	0.028939268146727332	0.028939268146727332	0.03698703536291973	0.016095534432384786	0.028939268146727332	0.016095534432384786	0.016095534432384786	0.028939268146727332	0.016095534432384786	0.021848112745767766	0.10406380035236919	0.10406380035236919	0.10406380035236919	0.057878536293454665	0.057878536293454665	0.07397407072583946	0.1330030684990965	0.08681780444018199
UP000000470	0.016605226733473855	0.03172467257989032	0.03172467257989032	0.03172467257989032	0.049145793254070244	0.03484224134835987	0.03172467257989032	0.03484224134835987	0.03484224134835987	0.03172467257989032	0.03484224134835987	0.05307925596324589	0.05777210715226397	0.05777210715226397	0.05777210715226397	0.06344934515978064	0.06344934515978064	0.09829158650814049	0.08949677973215431	0.09517401773967095
UP000008687	0.017200738779045672	0.03158738292094005	0.03158738292094005	0.03158738292094005	0.050470394031036064	0.037766022220192035	0.03158738292094005	0.037766022220192035	0.037766022220192035	0.03158738292094005	0.037766022220192035	0.058331305661338394	0.05283917665337971	0.05283917665337971	0.05283917665337971	0.0631747658418801	0.0631747658418801	0.10094078806207213	0.08442655957431976	0.09476214876282016
UP000008226	0.01819263903848701	0.030957590300304837	0.030957590300304837	0.030957590300304837	0.05301800613281341	0.04412083166501716	0.030957590300304837	0.04412083166501716	0.04412083166501716	0.030957590300304837	0.04412083166501716	0.0700490242915473	0.04344307942687351	0.04344307942687351	0.04344307942687351	0.06191518060060967	0.06191518060060967	0.10603601226562683	0.07440066972717835	0.0928727709009145
UP000009116	0.01852695648437663	0.030521298295644827	0.030521298295644827	0.030521298295644827	0.05409352819653265	0.04714445980177564	0.030521298295644827	0.04714445980177564	0.04714445980177564	0.030521298295644827	0.04714445980177564	0.07576196311917466	0.03951894468909138	0.03951894468909138	0.03951894468909138	0.061042596591289654	0.061042596591289654	0.1081870563930653	0.07004024298473623	0.09156389488693448
UP000002241	0.017612364391629737	0.03140504762890851	0.03140504762890851	0.03140504762890851	0.05145615491026268	0.04010221456270836	0.03140504762890851	0.04010221456270836	0.04010221456270836	0.03140504762890851	0.04010221456270836	0.06259206473378698	0.04918815717928782	0.04918815717928782	0.04918815717928782	0.06281009525781701	0.06281009525781701	0.10291230982052536	0.08059320480819632	0.0942151428867255
UP000006674	0.018832906513273285	0.029850544628986952	0.029850544628986952	0.029850544628986952	0.05536293260469188	0.05102477595140985	0.029850544628986952	0.05102477595140985	0.05102477595140985	0.029850544628986952	0.05102477595140985	0.08321664538954641	0.03492636657515871	0.03492636657515871	0.03492636657515871	0.059701089257973905	0.059701089257973905	0.11072586520938375	0.06477691120414568	0.08955163388696086
UP000006716	0.018621332862107473	0.03035508584284526	0.03035508584284526	0.03035508584284526	0.05444167427134677	0.04817317685700302	0.03035508584284526	0.04817317685700302	0.04817317685700302	0.03035508584284526	0.04817317685700302	0.07772502085189857	0.03825495002173827	0.03825495002173827	0.03825495002173827	0.06071017168569052	0.06071017168569052	0.10888334854269353	0.06861003586458353	0.09106525752853575
UP000001795	0.016714845254545505	0.031708626260205604	0.031708626260205604	0.031708626260205604	0.049382779996794114	0.03534830747317703	0.031708626260205604	0.03534830747317703	0.03534830747317703	0.031708626260205604	0.03534830747317703	0.05398176969180854	0.05688741844697065	0.05688741844697065	0.05688741844697065	0.06341725252041121	0.06341725252041121	0.09876555999358823	0.08859604470717626	0.09512587878061682
UP000007453	0.017294167385261027	0.03155330020731058	0.03155330020731058	0.03155330020731058	0.0506879861013503	0.038269371788079445	0.03155330020731058	0.038269371788079445	0.038269371788079445	0.03155330020731058	0.038269371788079445	0.05924457619089786	0.05203172706810876	0.05203172706810876	0.05203172706810876	0.06310660041462116	0.06310660041462116	0.1013759722027006	0.08358502727541935	0.09465990062193172
UP000140422	0.01454967898542401	0.031490044388560554	0.031490044388560554	0.031490044388560554	0.04501307137726641	0.027046053977411708	0.031490044388560554	0.027046053977411708	0.027046053977411708	0.031490044388560554	0.027046053977411708	0.0395424289693994	0.07332847123811084	0.07332847123811084	0.07332847123811084	0.06298008877712111	0.06298008877712111	0.09002614275453281	0.1048185156266714	0.09447013316568166
UP000009190	0.012100302637206357	0.030289348566820962	0.030289348566820962	0.030289348566820962	0.0403643762994639	0.020150055465285862	0.030289348566820962	0.020150055465285862	0.020150055465285862	0.030289348566820962	0.020150055465285862	0.028199808293365363	0.0910612517353052	0.0910612517353052	0.0910612517353052	0.060578697133641925	0.060578697133641925	0.0807287525989278	0.12135060030212616	0.09086804570046289
UP000007225	0.014782950464978609	0.031558248974480285	0.031558248974480285	0.031558248974480285	0.045463337789649824	0.027810177630339085	0.031558248974480285	0.027810177630339085	0.027810177630339085	0.031558248974480285	0.027810177630339085	0.04083740479569956	0.07162292104519309	0.07162292104519309	0.07162292104519309	0.06311649794896057	0.06311649794896057	0.09092667557929965	0.10318117001967338	0.09467474692344086
UP000008479	0.01666720911193156	0.03171606199814805	0.03171606199814805	0.03171606199814805	0.0492794683762611	0.0351268127562261	0.03171606199814805	0.0351268127562261	0.0351268127562261	0.03171606199814805	0.0351268127562261	0.053586416400520656	0.057272978089483895	0.057272978089483895	0.057272978089483895	0.0634321239962961	0.0634321239962961	0.0985589367525222	0.08898904008763195	0.09514818599444413
UP000002242	0.016501567356496844	0.03173647577167539	0.03173647577167539	0.03173647577167539	0.04892402880226557	0.03437510606118035	0.03173647577167539	0.03437510606118035	0.03437510606118035	0.03173647577167539	0.03437510606118035	0.052248644765863855	0.05860077304858529	0.05860077304858529	0.05860077304858529	0.06347295154335078	0.06347295154335078	0.09784805760453114	0.09033724882026066	0.09520942731502617
UP000007544	0.017449145820151623	0.03148772408541297	0.03148772408541297	0.03148772408541297	0.05105643961804825	0.039137431065270546	0.03148772408541297	0.039137431065270546	0.039137431065270546	0.03148772408541297	0.039137431065270546	0.060825716310389466	0.050666420410965855	0.050666420410965855	0.050666420410965855	0.06297544817082594	0.06297544817082594	0.1021128792360965	0.08215414449637884	0.09446317225623892
UP000007711	0.018918007812772208	0.029549397722850142	0.029549397722850142	0.029549397722850142	0.055840209258869435	0.0525816230720386	0.029549397722850142	0.0525816230720386	0.0525816230720386	0.029549397722850142	0.0525816230720386	0.08624523833130499	0.033211865848527075	0.033211865848527075	0.033211865848527075	0.059098795445700285	0.059098795445700285	0.11168041851773887	0.06276126357137722	0.08864819316855042
UP000009246	0.019033675889783604	0.0288041971456678	0.0288041971456678	0.0288041971456678	0.05686051770307374	0.05611264111481188	0.0288041971456678	0.05611264111481188	0.05611264111481188	0.0288041971456678	0.05611264111481188	0.09319160633984017	0.02957200932705655	0.02957200932705655	0.02957200932705655	0.0576083942913356	0.0576083942913356	0.11372103540614747	0.058376206472724346	0.08641259143700339
UP000002665	0.016066546636513464	0.03175361669445508	0.03175361669445508	0.03175361669445508	0.04801449146632364	0.03252174954373711	0.03175361669445508	0.03252174954373711	0.03252174954373711	0.03175361669445508	0.03252174954373711	0.04897695245096077	0.06200725282767258	0.06200725282767258	0.06200725282767258	0.06350723338891016	0.06350723338891016	0.09602898293264728	0.09376086952212767	0.09526085008336524
UP000002092	0.015619803730073349	0.031723406690724196	0.031723406690724196	0.031723406690724196	0.047108578175925196	0.030770342970402	0.031723406690724196	0.030770342970402	0.030770342970402	0.031723406690724196	0.030770342970402	0.04592088221073065	0.06541198016759946	0.06541198016759946	0.06541198016759946	0.06344681338144839	0.06344681338144839	0.09421715635185039	0.09713538685832365	0.09517022007217259
UP000007016	0.018000620873395577	0.031138129846984903	0.031138129846984903	0.031138129846984903	0.05247039577384125	0.0426645318537127	0.031138129846984903	0.0426645318537127	0.0426645318537127	0.031138129846984903	0.0426645318537127	0.06732844283402983	0.04545148338634907	0.04545148338634907	0.04545148338634907	0.062276259693969806	0.062276259693969806	0.1049407915476825	0.07658961323333398	0.09341438954095468
UP000009115	0.016173556650344662	0.0317539607474041	0.0317539607474041	0.0317539607474041	0.048235384458291355	0.03296284742177453	0.0317539607474041	0.03296284742177453	0.03296284742177453	0.0317539607474041	0.03296284742177453	0.04975213819320439	0.06117881809455637	0.06117881809455637	0.06117881809455637	0.0635079214948082	0.0635079214948082	0.09647076891658271	0.09293277884196047	0.09526188224221227
UP000002131	0.010683314418486621	0.02923172989129654	0.02923172989129654	0.02923172989129654	0.03765001666848197	0.016836573554370855	0.02923172989129654	0.016836573554370855	0.016836573554370855	0.02923172989129654	0.016836573554370855	0.02298983269025509	0.10150450502036845	0.10150450502036845	0.10150450502036845	0.05846345978259308	0.05846345978259308	0.07530003333696395	0.130736234911665	0.08769518967388962
UP000009294	0.009175269038941513	0.027818995145127038	0.027818995145127038	0.027818995145127038	0.034664374748855066	0.01369075920745606	0.027818995145127038	0.01369075920745606	0.01369075920745606	0.027818995145127038	0.01369075920745606	0.018206249375970606	0.11305384590551172	0.11305384590551172	0.11305384590551172	0.055637990290254076	0.055637990290254076	0.06932874949771013	0.14087284105063874	0.0834569854353811
UP000008446	0.018880357235438162	0.029694156179443307	0.029694156179443307	0.029694156179443307	0.055616418992715945	0.05184452562654529	0.029694156179443307	0.05184452562654529	0.05184452562654529	0.029694156179443307	0.05184452562654529	0.08480869401765243	0.03401488973245436	0.03401488973245436	0.03401488973245436	0.059388312358886614	0.059388312358886614	0.11123283798543189	0.06370904591189766	0.08908246853832992
UP000002326	0.017993375914998833	0.03114420892852024	0.03114420892852024	0.03114420892852024	0.05245044322751662	0.04261246859799277	0.03114420892852024	0.04261246859799277	0.04261246859799277	0.03114420892852024	0.04261246859799277	0.06723156128098672	0.04552478566468261	0.04552478566468261	0.04552478566468261	0.06228841785704048	0.06228841785704048	0.10490088645503325	0.07666899459320287	0.09343262678556072
UP000007219	0.015469476448843267	0.031703584280522064	0.031703584280522064	0.031703584280522064	0.04680875222250242	0.030210335883960722	0.031703584280522064	0.030210335883960722	0.030210335883960722	0.031703584280522064	0.030210335883960722	0.04495119531907817	0.0665412830954854	0.0665412830954854	0.0665412830954854	0.06340716856104413	0.06340716856104413	0.09361750444500484	0.09824486737600746	0.09511075284156618
UP000006540	0.017794334950240246	0.031293761164260255	0.031293761164260255	0.031293761164260255	0.05191877363446959	0.04125002494041868	0.031293761164260255	0.04125002494041868	0.04125002494041868	0.031293761164260255	0.04125002494041868	0.0647057149305971	0.047481158579674006	0.047481158579674006	0.047481158579674006	0.06258752232852051	0.06258752232852051	0.10383754726893918	0.07877491974393426	0.09388128349278076
UP000000840	0.016479699305567027	0.03173856287567408	0.03173856287567408	0.03173856287567408	0.04887751854490915	0.034277911338470135	0.03173856287567408	0.034277911338470135	0.034277911338470135	0.03173856287567408	0.034277911338470135	0.05207612337137325	0.058774664737672185	0.058774664737672185	0.058774664737672185	0.06347712575134816	0.06347712575134816	0.0977550370898183	0.09051322761334626	0.09521568862702225
UP000201106	0.017065872058447788	0.031629993206121754	0.031629993206121754	0.031629993206121754	0.05016160976547237	0.03706323311870122	0.031629993206121754	0.03706323311870122	0.03706323311870122	0.031629993206121754	0.03706323311870122	0.057060594178954656	0.053986465077948194	0.053986465077948194	0.053986465077948194	0.06325998641224351	0.06325998641224351	0.10032321953094474	0.08561645828406994	0.09488997961836526
UP000008920	0.01770954037846693	0.03134833981822007	0.03134833981822007	0.03134833981822007	0.0517007429846794	0.04070480633291866	0.03134833981822007	0.04070480633291866	0.04070480633291866	0.03134833981822007	0.04070480633291866	0.0637000722873704	0.0482851288528972	0.0482851288528972	0.0482851288528972	0.06269667963644014	0.06269667963644014	0.1034014859693588	0.07963346867111727	0.0940450194546602
UP000009253	0.018302921965338084	0.030834034586525227	0.030834034586525227	0.030834034586525227	0.05335210404986719	0.045036138926683934	0.030834034586525227	0.045036138926683934	0.045036138926683934	0.030834034586525227	0.045036138926683934	0.07176935588802978	0.0422211011663667	0.0422211011663667	0.0422211011663667	0.061668069173050455	0.061668069173050455	0.10670420809973438	0.07305513575289192	0.09250210375957568
UP000008286	0.018793695442689846	0.02996386666044437	0.02996386666044437	0.02996386666044437	0.05517081171633953	0.05041389011179031	0.02996386666044437	0.05041389011179031	0.05041389011179031	0.02996386666044437	0.05041389011179031	0.08203408478089078	0.03561848939861569	0.03561848939861569	0.03561848939861569	0.05992773332088874	0.05992773332088874	0.11034162343267906	0.06558235605906006	0.0898915999813331
UP000007908	0.016544681743456885	0.03173195361122654	0.03173195361122654	0.03173195361122654	0.04901600166695477	0.03456809611145647	0.03173195361122654	0.03456809611145647	0.03456809611145647	0.03173195361122654	0.03456809611145647	0.05259151047945606	0.05825700534611296	0.05825700534611296	0.05825700534611296	0.06346390722245308	0.06346390722245308	0.09803200333390955	0.0899889589573395	0.09519586083367962
UP000007670	0.016496545088509635	0.031736967308298225	0.031736967308298225	0.031736967308298225	0.04891333895416068	0.03435274329172491	0.031736967308298225	0.03435274329172491	0.03435274329172491	0.031736967308298225	0.03435274329172491	0.0522089414949402	0.05864073709482286	0.05864073709482286	0.05864073709482286	0.06347393461659645	0.06347393461659645	0.09782667790832136	0.0903777044031211	0.09521090192489468
UP000002501	0.01866855598327952	0.030261193535433294	0.030261193535433294	0.030261193535433294	0.0546272095993158	0.04873203212776501	0.030261193535433294	0.04873203212776501	0.04873203212776501	0.030261193535433294	0.04873203212776501	0.0787955082722505	0.03758266561870742	0.03758266561870742	0.03758266561870742	0.06052238707086659	0.06052238707086659	0.1092544191986316	0.0678438591541407	0.09078358060629989
UP000008167	0.013952260424359892	0.03127589382883003	0.03127589382883003	0.03127589382883003	0.043870521223562005	0.025189254789463943	0.03127589382883003	0.025189254789463943	0.025189254789463943	0.03127589382883003	0.025189254789463943	0.03642624915456799	0.07766657195443498	0.07766657195443498	0.07766657195443498	0.06255178765766006	0.06255178765766006	0.08774104244712401	0.10894246578326501	0.0938276814864901
UP000110594	0.006200588211328233	0.02403098780466923	0.02403098780466923	0.02403098780466923	0.02820942079233634	0.008356865975334223	0.02403098780466923	0.008356865975334223	0.008356865975334223	0.02403098780466923	0.008356865975334223	0.010513143739340213	0.1382069250775714	0.1382069250775714	0.1382069250775714	0.04806197560933846	0.04806197560933846	0.05641884158467268	0.16223791288224063	0.0720929634140077
UP000008447	0.0173650526421876	0.031524765232328625	0.031524765232328625	0.031524765232328625	0.05085528498359639	0.03866103950253553	0.031524765232328625	0.03866103950253553	0.03866103950253553	0.031524765232328625	0.03866103950253553	0.05995702636288347	0.05141149000343138	0.05141149000343138	0.05141149000343138	0.06304953046465725	0.06304953046465725	0.10171056996719278	0.08293625523576001	0.09457429569698587
UP000002325	0.01717365548315559	0.03159654708930766	0.03159654708930766	0.03159654708930766	0.05040790021414203	0.03762270624966874	0.03159654708930766	0.03762270624966874	0.03762270624966874	0.03159654708930766	0.03762270624966874	0.0580717570161819	0.05307123742464043	0.05307123742464043	0.05307123742464043	0.06319309417861532	0.06319309417861532	0.10081580042828406	0.08466778451394809	0.09478964126792298
UP000006541	0.016150705498868028	0.03175412549582643	0.03175412549582643	0.03175412549582643	0.04818807168701914	0.032867892382385425	0.03175412549582643	0.032867892382385425	0.032867892382385425	0.03175412549582643	0.032867892382385425	0.04958507926590281	0.06135619979972161	0.06135619979972161	0.06135619979972161	0.06350825099165286	0.06350825099165286	0.09637614337403828	0.09311032529554804	0.09526237648747929
UP000138352	0.018152350103993783	0.030998822180924698	0.030998822180924698	0.030998822180924698	0.052899833978944565	0.04380202359603972	0.030998822180924698	0.04380202359603972	0.04380202359603972	0.030998822180924698	0.04380202359603972	0.06945169708808564	0.0438759170337267	0.0438759170337267	0.0438759170337267	0.061997644361849395	0.061997644361849395	0.10579966795788913	0.07487473921465139	0.09299646654277409
UP000006711	0.012419375165349711	0.030491982241308408	0.030491982241308408	0.030491982241308408	0.040968925755831796	0.020953887029046787	0.030491982241308408	0.020953887029046787	0.020953887029046787	0.030491982241308408	0.020953887029046787	0.02948839889274386	0.08874353285530365	0.08874353285530365	0.08874353285530365	0.060983964482616816	0.060983964482616816	0.08193785151166359	0.11923551509661207	0.09147594672392523
UP000008622	0.01898388053786656	0.029220212470629264	0.029220212470629264	0.029220212470629264	0.056315515088653685	0.054190605236048836	0.029220212470629264	0.054190605236048836	0.054190605236048836	0.029220212470629264	0.054190605236048836	0.0893973299342311	0.03151176529989139	0.03151176529989139	0.03151176529989139	0.05844042494125853	0.05844042494125853	0.11263103017730737	0.060731977770520654	0.08766063741188779
UP000001189	0.013694922657296861	0.031167102130642492	0.031167102130642492	0.031167102130642492	0.04338169315468633	0.02442918204808768	0.031167102130642492	0.02442918204808768	0.02442918204808768	0.031167102130642492	0.02442918204808768	0.0351634414388785	0.0795268751372656	0.0795268751372656	0.0795268751372656	0.062334204261284984	0.062334204261284984	0.08676338630937266	0.1106939772679081	0.09350130639192747
UP000516359	0.019040653880937897	0.028706504013137537	0.028706504013137537	0.028706504013137537	0.05698082026934872	0.05654863251242235	0.028706504013137537	0.05654863251242235	0.05654863251242235	0.028706504013137537	0.05654863251242235	0.0940566111439068	0.029145297986657947	0.029145297986657947	0.029145297986657947	0.057413008026275074	0.057413008026275074	0.11396164053869744	0.05785180199979549	0.08611951203941262
UP000002477	0.01684092801913804	0.03168537022010808	0.03168537022010808	0.03168537022010808	0.04965879865589364	0.03594685687157112	0.03168537022010808	0.03594685687157112	0.03594685687157112	0.03168537022010808	0.03594685687157112	0.05505278572400419	0.05585816248537184	0.05585816248537184	0.05585816248537184	0.06337074044021616	0.06337074044021616	0.09931759731178728	0.08754353270547993	0.09505611066032425
UP000009104	0.018100770575430223	0.03104888124571545	0.03104888124571545	0.03104888124571545	0.052751224172943964	0.04340468585445704	0.03104888124571545	0.04340468585445704	0.04340468585445704	0.03104888124571545	0.04340468585445704	0.06870860113348384	0.04442068904003129	0.04442068904003129	0.04442068904003129	0.0620977624914309	0.0620977624914309	0.10550244834588793	0.07546957028574672	0.09314664373714635
UP000007218	0.018153664239523103	0.030997507590186043	0.030997507590186043	0.030997507590186043	0.05290365864213193	0.04381230210389178	0.030997507590186043	0.04381230210389178	0.04381230210389178	0.030997507590186043	0.04381230210389178	0.06947093996826045	0.04386190319445875	0.04386190319445875	0.04386190319445875	0.061995015180372086	0.061995015180372086	0.10580731728426386	0.0748594107846448	0.09299252277055811
UP000000518	0.012588338544777691	0.03059392874949199	0.03059392874949199	0.03059392874949199	0.04128857213898157	0.02138928677897917	0.03059392874949199	0.02138928677897917	0.02138928677897917	0.03059392874949199	0.02138928677897917	0.03019023501318065	0.08751937229144614	0.08751937229144614	0.08751937229144614	0.06118785749898398	0.06118785749898398	0.08257714427796314	0.11811330104093813	0.09178178624847597
UP000008774	0.012222113967075645	0.03036826128451497	0.03036826128451497	0.03036826128451497	0.04059534541174913	0.020454168254468327	0.03036826128451497	0.020454168254468327	0.020454168254468327	0.03036826128451497	0.020454168254468327	0.028686222541861005	0.090175389384812	0.090175389384812	0.090175389384812	0.06073652256902994	0.06073652256902994	0.08119069082349827	0.12054365066932698	0.09110478385354491
UP000001833	0.018279110451414955	0.030862137905411334	0.030862137905411334	0.030862137905411334	0.05327854085781231	0.04483280590480195	0.030862137905411334	0.04483280590480195	0.04483280590480195	0.030862137905411334	0.04483280590480195	0.07138650135818894	0.042489937306851015	0.042489937306851015	0.042489937306851015	0.06172427581082267	0.06172427581082267	0.10655708171562463	0.07335207521226235	0.09258641371623401
UP000002138	0.013783744696872395	0.031205740012224273	0.031205740012224273	0.031205740012224273	0.04355024893958153	0.02468901785471451	0.031205740012224273	0.02468901785471451	0.02468901785471451	0.031205740012224273	0.02468901785471451	0.03559429101255662	0.07888513147351324	0.07888513147351324	0.07888513147351324	0.062411480024448546	0.062411480024448546	0.08710049787916306	0.1100908714857375	0.0936172200366728
UP000008478	0.01841129989419054	0.030694716337371593	0.030694716337371593	0.030694716337371593	0.05369848040694286	0.04600752813914253	0.030694716337371593	0.04600752813914253	0.04600752813914253	0.030694716337371593	0.04600752813914253	0.07360375638409453	0.04095701938962141	0.04095701938962141	0.04095701938962141	0.061389432674743186	0.061389432674743186	0.10739696081388572	0.071651735726993	0.09208414901211479
UP000158064	0.01832120827599624	0.030811875857732526	0.030811875857732526	0.030811875857732526	0.053409178654785554	0.04519460559410606	0.030811875857732526	0.04519460559410606	0.04519460559410606	0.030811875857732526	0.04519460559410606	0.07206800291221588	0.04201261108012104	0.04201261108012104	0.04201261108012104	0.06162375171546505	0.06162375171546505	0.10681835730957111	0.07282448693785357	0.09243562757319758
UP000001065	0.01905260257704793	0.028363959719284498	0.028363959719284498	0.028363959719284498	0.057382675454696545	0.0580374314708241	0.028363959719284498	0.0580374314708241	0.0580374314708241	0.028363959719284498	0.0580374314708241	0.09702226036460028	0.02772397711506683	0.02772397711506683	0.02772397711506683	0.056727919438568995	0.056727919438568995	0.11476535090939309	0.05608793683435132	0.08509187915785349
UP000002473	0.017315627523049035	0.03154491207487398	0.03154491207487398	0.03154491207487398	0.05073842618819585	0.03838702822664373	0.03154491207487398	0.03838702822664373	0.03838702822664373	0.03154491207487398	0.03838702822664373	0.05945842893023843	0.05184467377554706	0.05184467377554706	0.05184467377554706	0.06308982414974797	0.06308982414974797	0.1014768523763917	0.08338958585042104	0.09463473622462194
UP000001594	0.014323805613571803	0.03141558412108135	0.03141558412108135	0.03141558412108135	0.044579536602371454	0.0263279049625802	0.03141558412108135	0.0263279049625802	0.0263279049625802	0.03141558412108135	0.0263279049625802	0.0383320043115886	0.07497284171083671	0.07497284171083671	0.07497284171083671	0.0628311682421627	0.0628311682421627	0.08915907320474291	0.10638842583191806	0.09424675236324405
UP000000868	0.018412365916223618	0.03069324423200446	0.03069324423200446	0.03069324423200446	0.05370199122160256	0.04601749397919619	0.03069324423200446	0.04601749397919619	0.04601749397919619	0.03069324423200446	0.04601749397919619	0.07362262204216877	0.040944221860989345	0.040944221860989345	0.040944221860989345	0.06138648846400892	0.06138648846400892	0.10740398244320512	0.0716374660929938	0.09207973269601337
UP000009165	0.01814070202666884	0.031010387402154536	0.031010387402154536	0.031010387402154536	0.05286601872417589	0.043711262644042695	0.031010387402154536	0.043711262644042695	0.043711262644042695	0.031010387402154536	0.043711262644042695	0.06928182326141656	0.043999832933801795	0.043999832933801795	0.043999832933801795	0.06202077480430907	0.06202077480430907	0.10573203744835177	0.07501022033595632	0.09303116220646362
UP000002243	0.01860483341173576	0.03038606119416329	0.03038606119416329	0.03038606119416329	0.05437879000802426	0.04798545762772193	0.03038606119416329	0.04798545762772193	0.04798545762772193	0.03038606119416329	0.04798545762772193	0.07736608184370809	0.0384830221713682	0.0384830221713682	0.0384830221713682	0.06077212238832658	0.06077212238832658	0.10875758001604852	0.0688690833655315	0.09115818358248987
UP000242267	0.01889677386914236	0.029633726042850733	0.029633726042850733	0.029633726042850733	0.05571104346366851	0.05215463484163556	0.029633726042850733	0.05215463484163556	0.05215463484163556	0.029633726042850733	0.05215463484163556	0.08541249581412874	0.03367515550053042	0.03367515550053042	0.03367515550053042	0.059267452085701465	0.059267452085701465	0.11142208692733702	0.06330888154338116	0.08890117812855218
UP000158680	0.011185151155131976	0.029635671093116264	0.029635671093116264	0.029635671093116264	0.03861860116431334	0.01796586014239416	0.029635671093116264	0.01796586014239416	0.01796586014239416	0.029635671093116264	0.01796586014239416	0.02474656912965634	0.09777132786054593	0.09777132786054593	0.09777132786054593	0.05927134218623253	0.05927134218623253	0.07723720232862669	0.1274069989536622	0.0889070132793488
UP000153037	0.012870492087918961	0.03075580351989252	0.03075580351989252	0.03075580351989252	0.04182193248739598	0.02213225793500692	0.03075580351989252	0.02213225793500692	0.02213225793500692	0.03075580351989252	0.02213225793500692	0.03139402378209488	0.08547880229229195	0.08547880229229195	0.08547880229229195	0.06151160703978504	0.06151160703978504	0.08364386497479195	0.11623460581218446	0.09226741055967756
UP000000373	0.018025943478818748	0.031116496017263837	0.031116496017263837	0.031116496017263837	0.05254050378235972	0.04284801553019177	0.031116496017263837	0.04284801553019177	0.04284801553019177	0.031116496017263837	0.04284801553019177	0.0676700875815648	0.04519398681183509	0.04519398681183509	0.04519398681183509	0.06223299203452767	0.06223299203452767	0.10508100756471944	0.07631048282909891	0.09334948805179151
UP000000522	0.017743248901502185	0.031327237420960434	0.031327237420960434	0.031327237420960434	0.05178687525709144	0.040919275672262015	0.031327237420960434	0.040919275672262015	0.040919275672262015	0.031327237420960434	0.040919275672262015	0.06409530244302183	0.04796740843066699	0.04796740843066699	0.04796740843066699	0.06265447484192087	0.06265447484192087	0.10357375051418288	0.07929464585162742	0.0939817122628813
UP000007081	0.018029018833358102	0.03111382709530021	0.03111382709530021	0.03111382709530021	0.052549058068862675	0.04287046194712494	0.03111382709530021	0.04287046194712494	0.04287046194712494	0.03111382709530021	0.04287046194712494	0.06771190506089178	0.04516257546793988	0.04516257546793988	0.04516257546793988	0.06222765419060042	0.06222765419060042	0.10509811613772535	0.07627640256324009	0.09334148128590061
UP000002246	0.01904071961286157	0.028705458062919555	0.028705458062919555	0.028705458062919555	0.05698209385390305	0.05655327158196699	0.028705458062919555	0.05655327158196699	0.05655327158196699	0.028705458062919555	0.05655327158196699	0.0940658235510724	0.029140783532133667	0.029140783532133667	0.029140783532133667	0.05741091612583911	0.05741091612583911	0.1139641877078061	0.057846241595053215	0.08611637418875867
UP000006723	0.015753013870661352	0.031737042592645814	0.031737042592645814	0.031737042592645814	0.04737621844973377	0.031278351714175916	0.031737042592645814	0.031278351714175916	0.031278351714175916	0.031737042592645814	0.031278351714175916	0.04680368955769047	0.06440492016533692	0.06440492016533692	0.06440492016533692	0.06347408518529163	0.06347408518529163	0.09475243689946754	0.09614196275798273	0.09521112777793744
UP000000469	0.018387897711727504	0.030726503292220052	0.030726503292220052	0.030726503292220052	0.05362195107562534	0.04579089556681058	0.030726503292220052	0.04579089556681058	0.04579089556681058	0.030726503292220052	0.04579089556681058	0.07319389342189367	0.04123605764334995	0.04123605764334995	0.04123605764334995	0.061453006584440105	0.061453006584440105	0.10724390215125068	0.07196256093557	0.09217950987666014
UP000000869	0.011400388103473312	0.029799036897009464	0.029799036897009464	0.029799036897009464	0.03903125252185959	0.018464431249700264	0.029799036897009464	0.018464431249700264	0.018464431249700264	0.029799036897009464	0.018464431249700264	0.025528474395927214	0.09618304381877414	0.09618304381877414	0.09618304381877414	0.05959807379401893	0.05959807379401893	0.07806250504371919	0.12598208071578362	0.08939711069102839
UP000126245	0.01754243276343308	0.031442302905228404	0.031442302905228404	0.031442302905228404	0.05128329706617184	0.039681988321886866	0.031442302905228404	0.039681988321886866	0.039681988321886866	0.031442302905228404	0.039681988321886866	0.06182154388034064	0.04982706027554852	0.04982706027554852	0.04982706027554852	0.06288460581045681	0.06288460581045681	0.10256659413234367	0.08126936318077693	0.09432690871568522
