Proteome_ID	GC	Length	M	W	C	D	E	F	H	K	N	Q	Y	I	A	G	P	T	V	L	R	S	shannon_entropy
UP000006687	0.5095785440613027	201.0	0.017464678207392743	0.023953929713998415	0.030827837520598023	0.030403917784945413	0.03507417132529457	0.06471516636956257	0.03507417132529457	0.03507417132529457	0.031472805519572426	0.03553038900679094	0.03169352830598905	0.037359159029199326	0.08732339103696392	0.07524082377908667	0.055077409659251744	0.0606106635998198	0.08072713384631183	0.10021191807227035	0.05511655493974864	0.0770481796326144	4.170769013357001
UP000007251	0.546119365502985	1893.5	0.017303403890014866	0.02163865226070917	0.014845603287565417	0.05270975246745195	0.05252383637351865	0.04024778653175049	0.024998095121988372	0.0511579118473253	0.029579453731783032	0.035550357355114935	0.030513351924942683	0.04600483585031215	0.08987747824629314	0.061352310998003715	0.05812290780898395	0.0505260003149398	0.07623982160182467	0.08617845913147729	0.0941106251555651	0.06651935610043531	4.161012212264553
UP000006677	0.4116666666666667	286.0	0.025323449114772925	0.010398429930832842	0.013469155042301725	0.06239057958499705	0.05719136461958063	0.04413172513298959	0.02587495573915875	0.08435944473862718	0.04891429989046439	0.028918614916337928	0.04040746512690538	0.06426358870297318	0.049977654235909295	0.04650084396035364	0.043420302438999185	0.06149980499302011	0.07355287522164938	0.0996008570233371	0.03721740209057077	0.08258718749621896	4.1586815614714885
UP000007666	0.4080996884735202	310.0	0.010176237000562543	0.014660895753619452	0.0474891060026252	0.05766534300318775	0.07123365900393781	0.03392079000187514	0.03392079000187514	0.059075533149333094	0.027195116122192987	0.04070494800225017	0.05119879539608872	0.04135287320453321	0.04005883771650021	0.04070494800225017	0.054273264003000234	0.07679819309413308	0.07705282901288023	0.09058248416231078	0.057106348711022055	0.07482900865582194	4.186560607600162
UP000099345	0.6349206349206349	209.0	0.03827751196172244	0.01913875598086122	0.03349282296650713	0.04306220095693784	0.04306220095693784	0.06698564593301436	0.028708133971291825	0.01913875598086122	0.028708133971291825	0.047846889952153145	0.02392344497607652	0.01913875598086122	0.08612440191387569	0.07177033492822966	0.06698564593301436	0.05741626794258375	0.04306220095693784	0.09090909090909098	0.09090909090909098	0.08133971291866027	4.150978550627399
UP000007699	0.4329896907216495	192.0	0.023233321492318607	0.025890753981951932	0.01832435792435445	0.04186838143928259	0.076215496751748	0.026073722572966376	0.027182522154479756	0.07246450633721997	0.020934190719641296	0.06717601033155093	0.027788153312230068	0.057569024479013596	0.06280257215892399	0.07347376130013383	0.057569024479013596	0.05214744514593286	0.060636966222409376	0.07729547342636797	0.07443267811428021	0.05692163765618079	4.187075596766218
UP000002135	0.5012846221330993	149.0	0.03365946219321884	0.021966992586899495	0.0325348971287052	0.060022316712019345	0.060201433738151656	0.02113580908361141	0.021698988949475684	0.06220352592764998	0.04906424686670486	0.03889362514342763	0.03170371362541717	0.04960562842301153	0.09287453702314132	0.055530353674218706	0.02840193362750707	0.05709204266652913	0.06942361260796714	0.07713144685057985	0.08834947313975716	0.04850596003200678	4.19438789030586
UP000008222	0.4103260869565217	150.0	0.012773783553061878	0.019175437020909947	0.031583530763065096	0.04421694306829118	0.03790023691567814	0.04015710398417661	0.029327564279988998	0.054678102567790335	0.04478744288733411	0.04409926657309946	0.04176713968303621	0.0531806498943802	0.05742981706417474	0.05248685040247657	0.056404284616600193	0.08092383313588263	0.07309249444531338	0.11496405197755719	0.04019534884511393	0.07085611832206913	4.1846554944336045
UP000008623	0.5283018867924528	215.0	0.015849069362533264	0.011465830529686359	0.012815783053823743	0.04883861094464404	0.05304807521957154	0.04330367187817336	0.04754720808759999	0.04985122391275522	0.03995508834427416	0.03870830402003333	0.038324626204731545	0.04900152344109093	0.09381843177736901	0.04297056670987971	0.07010987200033013	0.07957707152025462	0.05617205048488557	0.10234738012076626	0.05578634976370346	0.05050926262389366	4.162765355346963
UP000172353	0.1894150417827298	674.0	0.019762484793181264	0.006190412547271627	0.011857490875908696	0.049025036460236135	0.05027443830231901	0.054017458434695576	0.01712748682075711	0.0977558522545091	0.11172097400515334	0.022284107481925445	0.07773244018651317	0.1475598864557538	0.01815465827583734	0.02932675567635266	0.022284107481925445	0.04333288783090139	0.04368083887172963	0.07960119397867176	0.02321404705226863	0.07509744221408901	3.955861091628642
UP000163220	0.3393213572854291	312.0	0.027609826935562593	0.007680929297863282	0.016215295184377972	0.06363838798590334	0.05187627639064696	0.04897907655007336	0.02188947668538327	0.07511497033939822	0.06914136017704345	0.021890648498910335	0.051078179830790854	0.09811627764106717	0.03858751934177378	0.041900069392445616	0.03257833793307842	0.059456082342719506	0.06610117389867043	0.08401016419537961	0.046016378225937654	0.07811956915297422	4.14406730385498
UP000000360	0.4969714732317311	3411.0	0.03781882145998243	0.024919378481383717	0.018762826150688913	0.04632072705951333	0.061565523306948144	0.03400762239812372	0.02403987100557022	0.05658164761067133	0.03635297566695982	0.027264731750219817	0.023160363529756613	0.05159777191439464	0.07153327469950164	0.08824391673995896	0.03987100557021403	0.058047493403693945	0.08384637936089126	0.09146877748460866	0.061565523306948144	0.06303136909997065	4.1829757582918985
UP000004993	0.4741561066200568	278.5	0.02735188253857929	0.012901436606380547	0.02485178449309085	0.047339350549892086	0.06150441635111013	0.04122882781320436	0.025473079105418146	0.04245513184236351	0.049462289525083726	0.043732298179633616	0.030160839702889422	0.04329796546876649	0.07041281435153003	0.05822418081238429	0.06718174709121265	0.055350455149970446	0.06561128101905922	0.10107943323028894	0.0655641572686425	0.06681662890049955	4.201589781752989
UP000008865	0.4823187838455014	181.5	0.014018899284194034	0.013537563686453398	0.031171831341056472	0.03758930183605251	0.028913979773650265	0.03649201509150247	0.03502490990292107	0.03382134660998963	0.04238253273780137	0.045212923332401955	0.02921603443186218	0.05054891568819974	0.07202743609005366	0.04512333207099964	0.07469351450629023	0.0798672867873556	0.060828528414761655	0.13060277787251603	0.04986098278814606	0.08906588775379198	4.124330834552484
UP000009108	0.40331937039857824	518.5	0.016459140144663396	0.015036745317346806	0.012288712408253835	0.06603413872058649	0.059021834576621905	0.042294474763270834	0.01700975812576978	0.05281729363882724	0.045056977113844376	0.05558092354138062	0.03517679561027535	0.04833268354851226	0.0548928289480749	0.06648970106058465	0.05377213824199854	0.06697121373690561	0.06270745892111808	0.07403634710942002	0.06902507747213986	0.0869957570004056	4.176973117083224
UP000000396	0.4352428752740279	1212.5	0.021114162707838453	0.008688390736342002	0.024988865795724458	0.05955314726840857	0.07119210213776721	0.06687945368171021	0.018976395486935853	0.07669239904988122	0.03894002375296911	0.023114608076009503	0.025938984560570057	0.05377820665083136	0.05785332541567696	0.06349094418052256	0.03703978622327791	0.03995323634204276	0.05221570665083136	0.09179409144893112	0.07490350356294537	0.09289266627078387	4.138118143516866
UP000007661	0.4643874643874643	701.0	0.018299195068066817	0.014852419986150889	0.01654233739239177	0.06747991333944778	0.041636542273276234	0.04737951362131443	0.027823337530394104	0.051686742132343005	0.05136616159457366	0.030150599577200028	0.041636542273276234	0.05564667506078821	0.07758430657513737	0.06604417050243826	0.05832199597717227	0.0695583438259852	0.06173694199140968	0.08293494840790548	0.05404148251095772	0.06527783035977076	4.197549362491198
UP000007068	0.4397706220921188	146.5	0.01798735019796929	0.012745300330166704	0.02637833302163858	0.0463840158781938	0.06264380632529785	0.05354796319271439	0.020777295652567637	0.05587174272749255	0.061502717653488595	0.039183054790185565	0.03876464585053698	0.056712578513163275	0.05356359594403843	0.05476008041111679	0.052174171170099884	0.06426548201305461	0.036499579387670594	0.08474572391837834	0.07009037818071995	0.09140218484150611	4.1933703183809605
UP000134285	0.4438832331014242	198.5	0.020880213571130877	0.02365772736849736	0.018470887232093308	0.03990645351913239	0.06304571820088548	0.025194390162314027	0.030294717926880075	0.07461021639530811	0.030307866675980264	0.07222141902183185	0.02365772736849736	0.04465880617312959	0.059313012747830664	0.08169638247660223	0.0720856565680681	0.04950504036228452	0.0620861757571311	0.08490816733360357	0.05816328685986367	0.06533613427893539	4.180343068905218
UP000006372	0.41265746742364473	323.5	0.014139938433212826	0.010326683203551342	0.03430884979235149	0.05446306431768433	0.0792995795273116	0.042306089253258794	0.014585446253409387	0.02907476521684359	0.04062330266560451	0.04764272491210244	0.038641782310063155	0.047635990261543366	0.05445731522574372	0.039724418452370985	0.0672700011610693	0.05490908434576505	0.0837985998670319	0.11747519261087357	0.0661356373211684	0.06318153486904006	4.137447191116919
UP000009089	0.4134790528233151	339.0	0.03422639751163168	0.008556599377907897	0.007818841977974195	0.06470195693979698	0.05931012719481391	0.0710288134979506	0.014686700424767302	0.0881202025486041	0.03850469720058573	0.03235097846989849	0.0587468016990694	0.06739787181228857	0.07700939440117147	0.0587468016990694	0.026959148724915425	0.06609015191145311	0.05561789595640153	0.07278970155727163	0.03638061179163314	0.060956305302795444	4.141828335122065
UP000002317	0.4580095261970419	3988.0	0.024824473420260725	0.015797392176529517	0.019057171514543617	0.045135406218655943	0.06795386158475426	0.03009027081243733	0.02106318956870612	0.07447342026078237	0.03836509528585754	0.03259779338014043	0.04162487462387164	0.06193580742226686	0.058425275827482456	0.07522567703109327	0.04413239719157474	0.07146439317953866	0.07447342026078237	0.0985456369107322	0.052908726178535655	0.051905717151454346	4.175816490905333
UP000000862	0.4227290223248653	302.5	0.02848604416397334	0.008900545119913127	0.01194886301376595	0.05763393793838688	0.06060523852643174	0.053597156516080706	0.019864984760385913	0.08581610755552518	0.05166038269400658	0.024951398493291282	0.03891361590265582	0.07852198318257982	0.0550335278274743	0.05609677591967365	0.0399729513818761	0.06767992817923696	0.06971994040846617	0.08535979489567606	0.04425920257618753	0.06097762094441289	4.160423447696257
UP000000344	0.3387582881253767	213.0	0.029803199319938755	0.009268507034884283	0.021268447364150424	0.06751662601355837	0.05196156756432032	0.0465110534841468	0.021362070493762646	0.0745408936633347	0.06895169653984035	0.021621674518348587	0.051268969185030266	0.09704673927115176	0.03720884278731742	0.038449728601264915	0.03257254987631808	0.05797699907467212	0.06395269854070193	0.08671119903586563	0.04329552404283644	0.0787110135885562	4.152468766949973
UP000125273	0.6170940170940171	145.0	0.02153012361260625	0.025316455696202524	0.014551393889899346	0.05332417684398082	0.09115037677716321	0.026374401425442687	0.043654181669698144	0.03244366903003076	0.01709417573035373	0.026374401425442687	0.02975240357845499	0.029102787779798796	0.1164111511191953	0.08003266639444673	0.06593600356360671	0.05092987861464793	0.03956160213816402	0.10549760570177075	0.09458406028434618	0.03637848472474847	4.069403741969872
UP000000470	0.4824561403508772	233.0	0.016740334453199574	0.034160411786266325	0.01863295188341796	0.045835995369867356	0.04718881698372065	0.043476887727975304	0.02396426858825862	0.07142631555310244	0.04840169153407186	0.035373286336617585	0.04239671660429897	0.04239671660429897	0.04239671660429897	0.07453180753367203	0.07547145210290027	0.08370167226599796	0.06832082357253275	0.07453180753367203	0.05279336366968438	0.058257963292146026	4.210337872314606
UP000008687	0.4669603524229075	226.0	0.014589121505683443	0.017435858761508917	0.01613220166493842	0.04066879003796734	0.0723000711786086	0.04488960463287234	0.02711252669197816	0.05422505338395642	0.035771403691820164	0.03079235626409617	0.03163128114064125	0.054709205646313167	0.08753472903410117	0.05170827875432131	0.05120220528437004	0.09037508897326077	0.06216234380682547	0.09941259787058686	0.04440167414773247	0.07294560752841762	4.149117787041455
UP000008226	0.410789618488628	415.5	0.018677316342706245	0.01983627925305912	0.02798172286493666	0.05938315975227199	0.054674265914798334	0.03914372753187962	0.025351474542458917	0.060982436838654897	0.041060797445467034	0.04532229744849132	0.03967255850611834	0.04363367309380355	0.06496335054723662	0.0586788119565143	0.04194139996014395	0.07596705757508213	0.07312994057445817	0.08370909844790983	0.05294257106253784	0.07294806034147126	4.217907314414068
UP000009116	0.3769136162946053	260.5	0.01640446250167044	0.018409948744767257	0.0363049594472648	0.05447156059962857	0.049162326642668785	0.04088657273464735	0.02407124201735963	0.06618337912982529	0.03268293635977711	0.039609303488045734	0.038830441056020924	0.0509223286659669	0.05312650631907703	0.05458870374070299	0.05493264023872684	0.08573663976500032	0.06717726826647842	0.09388527803880604	0.041233545299254576	0.08137995694431098	4.197330004498418
UP000002241	0.4404524284763805	192.0	0.02036291516753466	0.026437148972582838	0.016305089322593204	0.03535629895214946	0.08202661356898687	0.02500811389298378	0.02500811389298378	0.053901834267003616	0.0320416459253855	0.06187352316626166	0.02275855224606811	0.05874301752987335	0.064083291850771	0.07466014584555843	0.05501785056456431	0.063224084509162	0.064083291850771	0.08461483195829957	0.07502434167895133	0.059469294837515486	4.17487578618917
UP000006674	0.36918319955575746	799.5	0.025816504331477936	0.009869805425796642	0.01674914186538405	0.05697047835894579	0.06226358754078599	0.04670770425770251	0.016399481442278277	0.09089959302885825	0.06073681791121625	0.030324090348919645	0.04029794674785915	0.07876536271053095	0.0447796011452142	0.04478489003627651	0.032539826683731246	0.057030903208721465	0.058944091670834274	0.10486522110193858	0.028171373802560212	0.09308357838096809	4.1213517569104905
UP000006716	0.383505001722733	307.0	0.01835121099238552	0.012948816770605996	0.03366804752036153	0.05237807048255492	0.04190123325579119	0.06183697083111729	0.02241767251910732	0.06213152281353769	0.052719565798382564	0.028953524278716128	0.047462409877549065	0.05478902771574194	0.06220223904386221	0.06008288996407423	0.031016936258047998	0.05722598769663391	0.10354060290910247	0.0917899104455195	0.03811807606517506	0.06646528476173359	4.1758744832392205
UP000001795	0.4838709677419355	120.0	0.03150806541602037	0.01766423484861634	0.019168262055335804	0.06012633785009812	0.07357652638356424	0.029972015400698236	0.01861053314407796	0.07015262105250612	0.04453146039025367	0.03968257968997796	0.03344020300013464	0.06049247559910064	0.08935642778239218	0.06018253725456138	0.03868390295450278	0.05053041726392084	0.06222028991452946	0.07988393324436911	0.05768578539123808	0.06253139136410214	4.193694108904797
UP000007453	0.4514345570076861	268.5	0.013360690342002835	0.02645740655960154	0.016744112112736378	0.06366909843723058	0.03859969459420129	0.05892022444939837	0.03019430053116397	0.06342747828600136	0.032558315378139815	0.04558566853191621	0.04609348176812213	0.048537636466499515	0.049909806309808034	0.05553499106351148	0.06675063080073387	0.07583852496707709	0.057211337165525886	0.07394583378244808	0.047583472700702435	0.08907729575317914	4.204901808633828
UP000140422	0.5329239167519618	204.0	0.017041174107316332	0.01074984623880336	0.02526938807579994	0.04014104433680356	0.04119738760882467	0.05112352232194899	0.04548489853643991	0.03537714330611987	0.060646531381919916	0.052817163601057295	0.01267611926425374	0.03537714330611987	0.07711305885754366	0.06570040899707988	0.05053877615159988	0.05559265376675985	0.05964410937560711	0.13632939285853074	0.05112352232194899	0.07605671558552243	4.121761118231368
UP000009190	0.6002886002886003	207.0	0.009190147108664795	0.009767306105827347	0.016709358379390693	0.036760588434659486	0.03442975402304164	0.036760588434659486	0.04834816522384567	0.027570441325994587	0.03795497578452212	0.03868579711750238	0.03065594197980632	0.045950735543324385	0.09230104270006903	0.05274345297146799	0.08790575495244672	0.09230104270006903	0.04525400958923792	0.11232402021701529	0.046713816350181035	0.09767306105827417	4.074337183123539
UP000007225	0.5304347826086957	229.0	0.013346721433272311	0.014149047957842284	0.026227181855775335	0.04963656731382274	0.05582319202646447	0.043883777955203845	0.027238207006678155	0.027708331244324588	0.02780566965265064	0.030598378831737858	0.03631760934223757	0.049936712845576756	0.0961663334711762	0.06618208975176365	0.08008032859963407	0.061285965765026	0.06733890065539902	0.0938204908007806	0.05377294792330799	0.07868154556732601	4.145833843366619
UP000008479	0.4833333333333333	383.0	0.03233565882571926	0.018862467648336184	0.03057400702548709	0.0539311681048121	0.0637368350329597	0.03233565882571926	0.026462729338142033	0.052925458676284065	0.0370478210733988	0.051273644997852266	0.03503029706119581	0.029641020590242602	0.0539311681048121	0.06836485999713646	0.0661882517649966	0.0539311681048121	0.047632912808655684	0.11646919119357828	0.05823459559678909	0.07109108522907051	4.199990416114939
UP000002242	0.4810606060606061	215.0	0.02222500508851171	0.02404149003085324	0.02469445009834631	0.03951112015735412	0.08152486404828364	0.027477511834797113	0.02241933761327794	0.06610809987417243	0.028922293694950425	0.05926668023603123	0.02740287365751984	0.03758801253907584	0.07056239966811365	0.0854371204551984	0.06576689677804763	0.05638201880861381	0.03758801253907584	0.08890002035404695	0.08263512484271548	0.051546667681014256	4.167586877383815
UP000007544	0.4471701715225564	343.5	0.02688427349932127	0.017057420172344552	0.008189804068406827	0.06839220177156309	0.05619892845529578	0.048462129378985835	0.02557650033229336	0.07085634896677609	0.03141825581657878	0.033866526349417565	0.04460392748964464	0.04807878754284411	0.06146261841097231	0.07016343415548837	0.05108815609410325	0.05833137489237103	0.06033006829582181	0.08295023112492467	0.042891299432073815	0.09319771375077283	4.176578406150795
UP000007711	0.36943229511817977	418.0	0.02048212066511591	0.018525501989621555	0.034140604415794584	0.06167269951867661	0.0627011596685801	0.030954935655358225	0.024152451601083928	0.06787207209030531	0.03747544587946442	0.04642800734111268	0.04484777456867848	0.05706338608602379	0.0509337519027247	0.05567977716549565	0.040964241330231875	0.08460009343120568	0.06082717520446097	0.08314433752859411	0.045853964763831294	0.0716804991936402	4.215901812003269
UP000009246	0.3364197530864197	427.0	0.022405615958298482	0.006969665032371726	0.02934068756443857	0.04694510010310169	0.06152449858069325	0.06441962401785768	0.023993407090992614	0.07500568674204855	0.06425101778561802	0.03590679353111555	0.03901518454514539	0.08207977903856853	0.03796651050968338	0.03220084806389157	0.03359760476017932	0.06290487966464296	0.057551272884673356	0.11537127996794767	0.03466071935712518	0.07388982480160632	4.143065147784592
UP000002665	0.4983498349834983	144.0	0.017525397505440497	0.029704063568543257	0.043813493763601344	0.06534893985079529	0.06572024064540212	0.020925847767690214	0.03286012032270106	0.08215030080675265	0.047083157477302934	0.021906746881800672	0.03286012032270106	0.05231461941922554	0.07302248960600231	0.08488864416697772	0.03662023359345783	0.03564487628225193	0.0415856889959606	0.059408127137086625	0.10953373440900346	0.047083157477302934	4.167504291314861
UP000002092	0.5076252723311547	152.0	0.019736842105263115	0.013157894736842108	0.03947368421052633	0.03947368421052633	0.07236842105263154	0.03947368421052633	0.026315789473684216	0.05263157894736843	0.026315789473684216	0.04605263157894733	0.03947368421052633	0.026315789473684216	0.09210526315789476	0.06578947368421054	0.03947368421052633	0.05921052631578944	0.09210526315789476	0.07236842105263154	0.07236842105263154	0.06578947368421054	4.171017545538498
UP000007016	0.4219106618845777	3066.0	0.031311154598825844	0.014350945857795118	0.016960208741030623	0.051532941943900866	0.0724070450097848	0.049902152641878667	0.026418786692759235	0.0756686236138291	0.04533594259621656	0.04305283757338556	0.03424657534246575	0.05088062622309197	0.059034572733202874	0.059034572733202874	0.03522504892367905	0.058382257012393975	0.071102413568167	0.08708414872798441	0.05088062622309197	0.06718851924331379	4.207481181475099
UP000009115	0.4728835978835979	388.0	0.020512572023085214	0.019165786991266465	0.029677332021528197	0.05776479055972428	0.05998693742833531	0.040050779368310294	0.020118360897393116	0.05366420357554632	0.02868940485702991	0.04023672179478623	0.03526504806393042	0.03621304961530759	0.0643970442906556	0.0683752400769509	0.06746357020925821	0.06746357020925821	0.0659303072499569	0.08739598868017542	0.06520319285688617	0.07242609923061517	4.200236673383936
UP000002131	0.6346153846153846	147.0	0.020691131037658156	0.02010746087318697	0.01475914657943632	0.06424448158433446	0.06591380329966974	0.03296799613909743	0.023422265126091704	0.04164635531275585	0.031027429104544372	0.03464480487089148	0.030818928398830346	0.052865529970674036	0.10026908683719253	0.07704710336464606	0.05457503154995757	0.05785912743092188	0.0743601403113778	0.08236572137468781	0.07339596811408196	0.047018488719963454	4.1583742330675575
UP000009294	0.6654567453115547	417.0	0.018218506325117366	0.011771337736222458	0.01902754070113056	0.052067431387779514	0.04692958655140503	0.0323157344146858	0.026017988181524603	0.016957480386402508	0.021218590842472893	0.030423714810898603	0.025518446389649025	0.03161180237134389	0.12082204775311803	0.07797032438974022	0.08782695030316018	0.062365452814025	0.07038859462166493	0.10134669047128497	0.0838707813705854	0.06333099817778896	4.048584609890086
UP000008446	0.36090904400763557	406.5	0.0143090658673766	0.010241409336535053	0.01634997680504189	0.04780695974371568	0.07818594707623132	0.04110028756861183	0.013163003394002464	0.11025085831534528	0.06324641841580342	0.03884302266913264	0.0372799753378775	0.08514681444258475	0.04632070655408408	0.04146605218777378	0.045819039676641	0.052346759777859256	0.04016294624138671	0.08587091360641562	0.0337658924065517	0.0983239505770294	4.092011730555544
UP000002326	0.4244742249620298	410.0	0.032235541300311754	0.012976758760059756	0.01839894051056342	0.06640328287836456	0.05105076523294554	0.028791943105676798	0.030754187754043722	0.06855735976044847	0.053114660213827256	0.027751939854136078	0.04335216681952762	0.0839070199724697	0.04668117493508029	0.05821170787371949	0.03966735607228954	0.06617021631532692	0.059890036994089915	0.07108631760126434	0.046829541648914674	0.09416908239694013	4.1889755371014035
UP000007219	0.503789592760181	309.5	0.03125901286986882	0.01655889267902637	0.016300029505526715	0.052421448040189306	0.07294182350402248	0.03544184047089857	0.01947756501925289	0.0645069071808239	0.03642633603953463	0.03478501362404756	0.021515068707443703	0.05941254953938578	0.0744055005696463	0.06239544825018286	0.048625187225316314	0.061864918532508736	0.05837228702328743	0.09760570351906195	0.05923786550423653	0.07644660219573922	4.1709760906194955
UP000006540	0.4329954954954955	688.0	0.020621572798637362	0.02083307610939269	0.013747715199091608	0.05671226274223565	0.06539271112114922	0.032407007281277524	0.021257004983711702	0.08101751820319376	0.030092221046900538	0.043694954688740704	0.026571256229639652	0.05093980992265298	0.0636566214453665	0.07004223864364786	0.06377101495113521	0.06052341696751253	0.05786629134454861	0.10187961984530595	0.048117003196820676	0.07085668327903911	4.1629848102761535
UP000000840	0.4851851851851851	121.0	0.030735863491655538	0.021880915413927265	0.01898391568602254	0.060494295556152	0.07211151280885571	0.03986122238814381	0.025845476337659615	0.073522838927881	0.040195279925270694	0.03318425903743496	0.03607498277124886	0.052259699715215435	0.07226032553214978	0.0704805145584515	0.03420239160299685	0.05429860764216311	0.0671281005024436	0.07970776855356909	0.05735531669425005	0.059416712854508516	4.2147448278757444
UP000201106	0.4604528699315429	3164.0	0.027812895069532224	0.01232616940581541	0.015802781289506913	0.05341340075853355	0.06858407079646016	0.04045512010113783	0.029077117572692723	0.07206068268015177	0.04804045512010114	0.03476611883691533	0.03160556257901393	0.05847029077117575	0.06668773704171936	0.05973451327433626	0.038242730720606834	0.06099873577749686	0.06510745891276866	0.09007585335018968	0.054993678887484146	0.07174462705436158	4.194115921451997
UP000008920	0.4350724637681159	1149.0	0.04525674499564835	0.002610966057441203	0.0	0.025239338555265427	0.051348999129677955	0.03655352480417754	0.0034812880765883038	0.04525674499564835	0.043516100957354246	0.05918189730200176	0.007832898172323709	0.09138381201044389	0.12619669277632733	0.09660574412532641	0.02872062663185373	0.04960835509138386	0.07571801566579639	0.11314186248912103	0.022628372497824123	0.07571801566579639	3.8997585061582365
UP000009253	0.4163473818646232	402.0	0.010320305477062239	0.01612646158901252	0.01600047360784838	0.07371646769330167	0.060302285759128195	0.04233561076437399	0.0223378899074511	0.05400159842648842	0.04875734871053018	0.03763643072249184	0.03850860252635154	0.048001420823545256	0.059046523873739175	0.06500979828070695	0.04364308286319848	0.058001716828450574	0.05400159842648842	0.0949878862316673	0.0812622478508837	0.07600224963727997	4.16568464176967
UP000008286	0.36536866359447	610.0	0.0410613469650492	0.013109174127280701	0.023593074637652006	0.049127880656260885	0.08113653451304496	0.042045137106611966	0.012869510947667789	0.08360047801149142	0.04676365131986436	0.033557222735770824	0.026815460892825507	0.0708256167850707	0.06674223265250886	0.057978903565233816	0.037548669601204655	0.05936455788344162	0.045197664171067256	0.08838348843240586	0.052698207141257246	0.0675811878542904	4.1763056650151
UP000007908	0.4694691342992816	307.0	0.018139499898136888	0.025695737952640903	0.030310883984170603	0.03349425435914943	0.03753141471078604	0.045443277367737726	0.023302066651128533	0.018139499898136888	0.03627015320363381	0.039443519004893596	0.02607096210260776	0.03819994302694807	0.05483997992493378	0.054536395566382505	0.08525286768702818	0.06817855151806432	0.05689890664976874	0.11504440959838005	0.09465376003031009	0.09855391686516209	4.115183543888054
UP000007670	0.46917488998234336	420.5	0.015614384425426429	0.01895136532312527	0.025887690122909365	0.059646062393576636	0.07103868026772725	0.04231606229684141	0.029718287667637237	0.046426518245921054	0.030278508798787032	0.05311141765784537	0.03658305794680916	0.04283573323732892	0.06334141932254918	0.0632941479969312	0.04795171374281641	0.07251688233542869	0.07057564516384632	0.08591911070751551	0.05634471051837833	0.06764860182859923	4.2083109453330145
UP000002501	0.38736802413272997	408.0	0.021966489315886416	0.007349701741914029	0.015750467807353855	0.05184235482646225	0.07669666295900995	0.03162969992207637	0.015533718250371926	0.11517094648529028	0.07174117718879786	0.04490981052944054	0.025205656028905427	0.07750143223565772	0.04879280454255273	0.052467259288834465	0.04310687748486941	0.05420100924710052	0.04246859951846973	0.09600007948060202	0.03711961211136959	0.07054564103503487	4.100037918299469
UP000008167	0.5637037037037037	204.0	0.02529010104156786	0.013133583469924683	0.01984400517627113	0.05131089030966189	0.06437420793642143	0.03551428183193928	0.025830975328204647	0.03333008331294733	0.039032519097533296	0.04205736843214954	0.03157011383747368	0.03891130009412485	0.0822861556281186	0.060461285149965266	0.07165528628444229	0.058899070484354804	0.06264719315154103	0.09850187602443555	0.07785104412106704	0.06749865928785562	4.171780177789641
UP000110594	0.7419753086419754	539.0	0.014842300556586214	0.02411873840445262	0.02411873840445262	0.06307977736549165	0.05009276437847864	0.014842300556586214	0.03153988868274583	0.01113172541743971	0.01113172541743971	0.014842300556586214	0.027829313543599226	0.01855287569573282	0.12615955473098342	0.07977736549165126	0.12059369202226351	0.04452690166975884	0.10018552875695738	0.06493506493506496	0.09276437847866419	0.06493506493506496	3.948589326688337
UP000008447	0.4422125181950509	264.0	0.01117511012278276	0.009552000446271088	0.01542224710965494	0.0609484572504948	0.0483262871629387	0.057758357838667576	0.02211306588727529	0.06251947955643519	0.043474992685364915	0.018305367082663674	0.02439723710663955	0.04876471720254305	0.06073405891227233	0.047045833973690554	0.0520414048669543	0.05418751655034194	0.08531593734639831	0.08811050878943578	0.05575652257096991	0.13405089753820532	4.076726485722618
UP000002325	0.4359949302915082	322.0	0.030396520567944185	0.016024235893711134	0.013833518544186827	0.05821165723269472	0.06225083344884088	0.027165440041924133	0.018945905832255933	0.06830465730311083	0.05466471037622228	0.032798826225733366	0.038768312646075276	0.06225083344884088	0.044958935268607315	0.05927321510749127	0.05015425893710794	0.07262597235698108	0.06225083344884088	0.09172339694989162	0.04268854863730942	0.09270938773222998	4.170598563406381
UP000006541	0.48346261581555694	258.0	0.020229460837107475	0.024133912452043643	0.017495489058489577	0.050251304956260096	0.051789692360751836	0.04396943602099366	0.024742320748227926	0.06649498701086258	0.04466352752713205	0.04616312323675791	0.03839706161186263	0.05634900234760413	0.06876909737375123	0.06507346517914223	0.07852244709952064	0.038420606735545475	0.05360255356464683	0.07513583767647718	0.05256141630543926	0.0832352578973837	4.213219182199741
UP000138352	0.43332446032485444	565.0	0.02347237011930098	0.021495482063105035	0.02450135442102933	0.042017309111607046	0.06781796432604786	0.02442219069383018	0.027689391064128075	0.061246860612707024	0.04083071094968534	0.05908332434158442	0.03493717691672966	0.061106176992729855	0.05265752445317684	0.06233201030757143	0.0729566503981857	0.0604816478262772	0.0538357599733824	0.08840175633531795	0.05597160109251312	0.06474273800109032	4.216866188676193
UP000006711	0.5977366255144033	647.0	0.01577520337548589	0.01300198290947695	0.007887601687742945	0.050912987654627345	0.05989763253485566	0.03893346114765613	0.0260039658189539	0.025240325400777506	0.025755981989987905	0.031550406750971885	0.029349839942079268	0.03833448482230758	0.11200394396595031	0.058508923092646326	0.06310081350194377	0.08360857789007556	0.0790648749460095	0.0880495198262379	0.07098841518968682	0.082031057552527	4.078428106074091
UP000008622	0.3423431141572071	406.0	0.017504304071897882	0.013049336614895839	0.01774886204352844	0.05046281698806965	0.08015377592884981	0.049659272634459205	0.02172593177757584	0.11638188313517893	0.05803834284811892	0.04195360378112982	0.026120825901108997	0.08253861655564537	0.041247580901613984	0.03851243133045904	0.03569659055126417	0.054006778334399486	0.04312067557073752	0.0831847373933554	0.03999575430083231	0.08889787933687943	4.117177238575014
UP000001189	0.5531135531135531	411.0	0.022501497151392165	0.010046288874161709	0.02030667898662514	0.05538935609766469	0.05066288008933074	0.037997160066998076	0.02077295721929023	0.03258531351856056	0.03625378316673112	0.03096768545460347	0.030275670137182076	0.04198171074388026	0.09117720217969469	0.06451601136375723	0.06781244990059153	0.06352345734277631	0.07325689032271782	0.0939190901573306	0.06939537356773885	0.08665854365897267	4.138718749944599
UP000516359	0.3354589486430283	229.5	0.02895010726569508	0.00803805853724367	0.02056697412160824	0.06669562360082143	0.05225881210723231	0.047365855252710136	0.020777281258683413	0.0736963172562235	0.06695880954237245	0.02182088645461335	0.05157201356686727	0.10046395502170628	0.038185684318492154	0.03860777603319119	0.032348636585385934	0.05855867028834057	0.06418485225398753	0.08740614151707383	0.043179095717944774	0.07836444929980697	4.1454822784472976
UP000002477	0.4663903079903431	731.0	0.04036255242292633	0.011977718273999948	0.02074124110557701	0.048427295761747556	0.06311156031538158	0.04655885937957282	0.025451281510855326	0.06358299967111804	0.03621533802927849	0.031770267603943414	0.027421084676227253	0.05814811181348867	0.06418435126332829	0.057576058891709934	0.04446859020698819	0.04649318622814237	0.06819878897996903	0.09574370551026419	0.06397414238589513	0.08559286596958647	4.190872896052002
UP000009104	0.4017394595338504	484.0	0.01373437601790534	0.01566484753154208	0.025703398851154028	0.0591834132183931	0.06741678252955731	0.047594637673755845	0.020004695265358207	0.04669772137269135	0.02558243166162936	0.04977132663461275	0.038432997708318706	0.052808297580222395	0.059928578001631205	0.06857721987401387	0.05101876673493298	0.056920613974694514	0.06300415371549735	0.09236047560147521	0.06416320105749619	0.08143206499511826	4.182661526694055
UP000007218	0.4363636363636363	283.0	0.014022611112703497	0.007041625062982622	0.021750335541284912	0.06288951346074954	0.05524214108154334	0.041946555311586906	0.007041625062982622	0.064944383203439	0.047965459490121556	0.03341209630727808	0.04311433842917373	0.055848531214161785	0.055908527411028655	0.047965459490121556	0.04008238776608133	0.06288951346074954	0.07889135625366403	0.09587027996698137	0.05402936081630636	0.10914389955705948	4.1085091332854295
UP000000518	0.5885347498893315	3011.0	0.017934241115908318	0.02324809033543672	0.03387578877449353	0.039521753570242436	0.038193291265360335	0.028894055131185623	0.02225174360677512	0.03254732646961143	0.029226170707406126	0.028229823978744625	0.03254732646961143	0.04284290933244764	0.09266024576552648	0.08402524078379277	0.06874792427764866	0.07206908003985386	0.08003985386914647	0.1022915974759217	0.06011291929591495	0.07074061773497177	4.13971447679634
UP000008774	0.6072727272727273	725.0	0.03095582872449749	0.006319825099873927	0.022865986834909018	0.06193428597876448	0.06446221601871405	0.040380129505259175	0.023650964773762616	0.03628216136474382	0.0371795085185924	0.029183955824272554	0.03641620125559596	0.04319130846593939	0.07373536076526006	0.059966949223536174	0.05608686348435055	0.05424640462197667	0.0770668445176566	0.09231083574092924	0.07330997115853755	0.0804543981228283	4.166202794110826
UP000001833	0.4105461393596987	113.0	0.020228450506451428	0.014448893218893848	0.017899127379144716	0.053910012043976795	0.03257086785253661	0.055439775068147415	0.015427203697256475	0.06375574132836954	0.0425038275522463	0.02853403807703245	0.04435182005451793	0.06375574132836954	0.06657942217974248	0.07221889283213537	0.04148036428257463	0.06357513016313328	0.0823676658155333	0.09035778724393626	0.03496162738344736	0.09563361199255432	4.144396316143315
UP000002138	0.5582945736434108	288.5	0.010587764476614655	0.013928521714922057	0.014494014476614657	0.05629697939866368	0.05629697939866368	0.028405136414253865	0.016155693207126905	0.04961546492204897	0.02676085746102446	0.031232600222717115	0.028422536191536764	0.032328786191536764	0.06299589365256128	0.061299415367483324	0.04401273663697107	0.0830752366369711	0.10426816536748333	0.1098186943207127	0.0830404370824054	0.08696408685968825	4.059640171818207
UP000008478	0.4026974951830443	344.0	0.033826306193367614	0.01470708964929025	0.0225467162504797	0.06002486758557788	0.0588283585971611	0.04117985101801274	0.01714996216730791	0.08677182893081259	0.045591977912799855	0.04853339584265786	0.03235559722843861	0.0314415973067313	0.052945522737444975	0.05700550804908	0.052945522737444975	0.07059403031659334	0.0602990675620901	0.0911839558255997	0.0588283585971611	0.06324048549194822	4.196526521349753
UP000158064	0.3887952670763706	489.5	0.010632254727745262	0.019402553022493718	0.020764752338092746	0.06022132173958496	0.07444957785904568	0.043825540146315026	0.019148023545233907	0.05358370086589817	0.03629947035726842	0.05157382195829867	0.03128716722645718	0.0534290007771331	0.05231641918438366	0.06903438933791836	0.04468466084099938	0.058985436405377074	0.06774898695703305	0.09584657913173697	0.06022132173958496	0.07654502183939954	4.174363151321273
UP000001065	0.3298791018998273	201.0	0.010689342116094958	0.012533699846701366	0.017794974158585893	0.04745326442289575	0.0999522899167327	0.04288094467381467	0.022023482869537002	0.11742322085740206	0.0674810168961645	0.05041909344932682	0.027734509274192472	0.06441369794633878	0.02552678714291343	0.03386722254604364	0.03855577734360285	0.05307811257647176	0.035589948317171785	0.1112185884911621	0.04653863234218233	0.07482539481266512	4.0662742288974965
UP000002473	0.4347133076593924	530.0	0.030459311942048508	0.010863626445293173	0.031220035582803157	0.05031044630453528	0.043357252440963306	0.032112627108075414	0.02196876658830868	0.07232400879411544	0.05612841859573376	0.040361492469566884	0.03221798880511873	0.057596770160287226	0.05693742067874299	0.06090568387536742	0.033972138299713905	0.0572718264987847	0.05536973992042575	0.1208340722711889	0.04674779426274971	0.08904057895617708	4.16530476519326
UP000001594	0.5520579549649317	234.0	0.027722396722903365	0.012014399313551158	0.01662553325569911	0.04191176991304194	0.05071462787162459	0.04530790304852634	0.02957563345036793	0.03311233102290822	0.04106520338466037	0.03980974153319377	0.035376545295816166	0.04045880193912702	0.07442500738491396	0.06774027383567123	0.0649984824038265	0.06286192567664452	0.06838819917848131	0.0974731163589347	0.08009382442812157	0.07032428398198613	4.178004574584209
UP000000868	0.392434988179669	241.0	0.022703796837291908	0.005495683801027209	0.025762634737546287	0.06315148412588278	0.05436882739314412	0.051887104232642395	0.025077827037084104	0.0794347904407678	0.051887104232642395	0.020388310272428985	0.05606248332548905	0.08665786988385028	0.03481248848384758	0.038970061406794786	0.032321625733719474	0.06737753041208451	0.07262420674476518	0.09189954779512795	0.04546507164126055	0.07365155146260251	4.145654642742103
UP000009165	0.4012098909805816	510.5	0.013621739900713614	0.014470420155632104	0.021700880786960638	0.06598788114985844	0.07358232547983813	0.04879447013900537	0.017281741314001748	0.0547353209021071	0.03872203101469211	0.05508999324744616	0.033868799026765546	0.047331868943464216	0.05134059988243314	0.0576867295650143	0.055461080088353654	0.06274015833043989	0.06451489961717716	0.08792327440955597	0.0567767090540472	0.07836907699249344	4.1832394777201785
UP000002243	0.4055820526408761	200.0	0.0148103121328106	0.011218981583815122	0.010059390160196378	0.039494165687494934	0.0888618727968636	0.03455739497655807	0.02255051944576939	0.08776481263887755	0.047640099119327074	0.05850987509258503	0.029254937546292516	0.07591004804727944	0.06177507358330331	0.0511961407060119	0.03874030038274949	0.04973416941028657	0.08045107825230442	0.08045107825230442	0.04388240631943877	0.07313734386573129	4.126908388457057
UP000242267	0.3578374173473356	450.0	0.02849930854918975	0.03324919330738808	0.03239762034277086	0.039095205317478315	0.06887332899387537	0.02849930854918975	0.013031735105826104	0.0809940508569273	0.04049702542846365	0.05606892435211307	0.03644732288561721	0.07006080018342503	0.053436203529730934	0.07905919297534508	0.05516458686256285	0.04250386200885986	0.052126940423304416	0.08668539683711911	0.05462367471928049	0.04868631877153261	4.212261794293663
