Proteome_ID	M	W	C	D	E	F	H	K	N	Q	Y	I	A	G	P	T	V	L	R	S
UP000000242	0.0172619937387478	0.014987531340678215	0.032249525079426015	0.032249525079426015	0.032249525079426015	0.03714361540567431	0.032249525079426015	0.03714361540567431	0.03714361540567431	0.032249525079426015	0.03714361540567431	0.05702523707260082	0.056000572722365916	0.056000572722365916	0.056000572722365916	0.06449905015885203	0.06449905015885203	0.11890465930327414	0.08825009780179192	0.09674857523827804
UP000000254	0.019435222202552796	0.010891337982484293	0.03032656018503709	0.03032656018503709	0.03032656018503709	0.054116715208285614	0.03032656018503709	0.054116715208285614	0.054116715208285614	0.03032656018503709	0.054116715208285614	0.08879820821401842	0.033989507645351864	0.033989507645351864	0.033989507645351864	0.06065312037007418	0.06065312037007418	0.1342050577809126	0.06431606783038896	0.09097968055511126
UP000000262	0.013785032415518855	0.01772920725951631	0.031514239675035166	0.031514239675035166	0.031514239675035166	0.02450334124429668	0.031514239675035166	0.02450334124429668	0.02450334124429668	0.031514239675035166	0.02450334124429668	0.035221650073074505	0.08106219412234014	0.08106219412234014	0.08106219412234014	0.06302847935007033	0.06302847935007033	0.10131685300988587	0.1125764337973753	0.09454271902510548
UP000000346	0.01338290595439789	0.01792455742246007	0.03130746337685796	0.03130746337685796	0.03130746337685796	0.02337490562072368	0.03130746337685796	0.02337490562072368	0.02337490562072368	0.03130746337685796	0.02337490562072368	0.03336690528704947	0.08386406165630172	0.08386406165630172	0.08386406165630172	0.06261492675371592	0.06261492675371592	0.09937273832883747	0.11517152503315968	0.09392239013057388
UP000000365	0.015833317583764595	0.0163804430008108	0.032213760584575396	0.032213760584575396	0.032213760584575396	0.031137784361368864	0.032213760584575396	0.031137784361368864	0.031137784361368864	0.032213760584575396	0.031137784361368864	0.04644225113897312	0.06665383502930286	0.06665383502930286	0.06665383502930286	0.06442752116915079	0.06442752116915079	0.11139862311428424	0.09886759561387826	0.0966412817537262
UP000000391	0.01930169153533739	0.011387598308495516	0.030689289843832904	0.030689289843832904	0.030689289843832904	0.05201757121712917	0.030689289843832904	0.05201757121712917	0.05201757121712917	0.030689289843832904	0.05201757121712917	0.08473345089892094	0.036212090994692345	0.036212090994692345	0.036212090994692345	0.06137857968766581	0.06137857968766581	0.13269784244013236	0.06690138083852523	0.09206786953149872
UP000000536	0.01527652777874314	0.016811117042854568	0.03208764482159771	0.03208764482159771	0.03208764482159771	0.029158550036978727	0.03208764482159771	0.029158550036978727	0.029158550036978727	0.03208764482159771	0.029158550036978727	0.04304057229521432	0.07062195814889637	0.07062195814889637	0.07062195814889637	0.06417528964319542	0.06417528964319542	0.10861036745891729	0.10270960297049407	0.09626293446479313
UP000000554	0.0093964413680244	0.018779589231590742	0.02817603059961514	0.02817603059961514	0.02817603059961514	0.014097987780668767	0.02817603059961514	0.014097987780668767	0.014097987780668767	0.02817603059961514	0.014097987780668767	0.018799534193313136	0.1126243989853691	0.1126243989853691	0.1126243989853691	0.05635206119923028	0.05635206119923028	0.07984649034792345	0.14080042958498423	0.08452809179884542
UP000000578	0.019618830673119994	0.008853248822447124	0.028472079495567116	0.028472079495567116	0.028472079495567116	0.06309422876705544	0.028472079495567116	0.06309422876705544	0.06309422876705544	0.028472079495567116	0.06309422876705544	0.10656962686099088	0.025696781675384486	0.025696781675384486	0.025696781675384486	0.05694415899113423	0.05694415899113423	0.13965721843130965	0.0541688611709516	0.08541623848670135
UP000000590	0.019592220352748775	0.009970769797389744	0.029562990150138517	0.029562990150138517	0.029562990150138517	0.058090260739876456	0.029562990150138517	0.058090260739876456	0.058090260739876456	0.029562990150138517	0.058090260739876456	0.09658830112700414	0.030090083104662123	0.030090083104662123	0.030090083104662123	0.059125980300277034	0.059125980300277034	0.13680846139290226	0.05965307325480064	0.08868897045041556
UP000000641	0.013176673894921867	0.018016726767718004	0.03119340066263987	0.03119340066263987	0.03119340066263987	0.022813537303663384	0.03119340066263987	0.022813537303663384	0.022813537303663384	0.03119340066263987	0.022813537303663384	0.0324504007124049	0.08530270706802959	0.08530270706802959	0.08530270706802959	0.06238680132527974	0.06238680132527974	0.09837701252386499	0.11649610773066944	0.09358020198791961
UP000000663	0.013954239730599616	0.01764070337695018	0.031594943107549796	0.031594943107549796	0.031594943107549796	0.024992394065957487	0.031594943107549796	0.024992394065957487	0.024992394065957487	0.031594943107549796	0.024992394065957487	0.03603054840131536	0.07988353795437521	0.07988353795437521	0.07988353795437521	0.06318988621509959	0.06318988621509959	0.1021365200116567	0.11147848106192501	0.0947848293226494
UP000000674	0.014434870772788565	0.017368241012354152	0.03180311178514272	0.03180311178514272	0.03180311178514272	0.02643179631515602	0.03180311178514272	0.02643179631515602	0.02643179631515602	0.03180311178514272	0.02643179631515602	0.038428721857523475	0.0765319093079061	0.0765319093079061	0.0765319093079061	0.06360622357028543	0.06360622357028543	0.10447289065823001	0.10833502109304882	0.09540933535542816
UP000000740	0.010174914033932288	0.018767712031799066	0.028942626065731353	0.028942626065731353	0.028942626065731353	0.01569124311136581	0.028942626065731353	0.01569124311136581	0.01569124311136581	0.028942626065731353	0.01569124311136581	0.021207572188799338	0.1067698202921844	0.1067698202921844	0.1067698202921844	0.05788525213146271	0.05788525213146271	0.08375140927676081	0.13571244635791574	0.08682787819719406
UP000000758	0.013499876215340682	0.0178698820140055	0.03136975822934618	0.03136975822934618	0.03136975822934618	0.02369841349089099	0.03136975822934618	0.02369841349089099	0.02369841349089099	0.03136975822934618	0.02369841349089099	0.033896950766441294	0.08304874347355602	0.08304874347355602	0.08304874347355602	0.06273951645869236	0.06273951645869236	0.09993780616492404	0.11441850170290221	0.09410927468803855
UP000000792	0.019562145927236742	0.010215257907835293	0.029777403835072033	0.029777403835072033	0.029777403835072033	0.05702351564801337	0.029777403835072033	0.05702351564801337	0.05702351564801337	0.029777403835072033	0.05702351564801337	0.09448488536879	0.031099232275688497	0.031099232275688497	0.031099232275688497	0.059554807670144067	0.059554807670144067	0.1361404692453942	0.06087663611076053	0.0893322115052161
UP000000805	0.01962825769436695	0.0090698029579057	0.02869806065227265	0.02869806065227265	0.02869806065227265	0.06210641316307599	0.02869806065227265	0.06210641316307599	0.06210641316307599	0.02869806065227265	0.06210641316307599	0.10458456863178503	0.02652153435552644	0.02652153435552644	0.02652153435552644	0.0573961213045453	0.0573961213045453	0.13913079216198823	0.05521959500779909	0.08609418195681795
UP000001013	0.01868311318795318	0.012901026148589676	0.03158413933654285	0.03158413933654285	0.03158413933654285	0.04573977630711357	0.03158413933654285	0.04573977630711357	0.04573977630711357	0.03158413933654285	0.04573977630711357	0.07279643942627395	0.043618834116379845	0.043618834116379845	0.043618834116379845	0.0631682786730857	0.0631682786730857	0.12759116816815247	0.07520297345292269	0.09475241800962857
UP000001015	0.019610931859861375	0.009764725611181076	0.02937565747104245	0.02937565747104245	0.02937565747104245	0.05899643676045516	0.02937565747104245	0.05899643676045516	0.05899643676045516	0.02937565747104245	0.05899643676045516	0.09838194166104894	0.029253605785033675	0.029253605785033675	0.029253605785033675	0.0587513149420849	0.0587513149420849	0.13735868356240144	0.05862926325607613	0.08812697241312736
UP000001018	0.019313047744717378	0.01134983345122175	0.03066288119593913	0.03066288119593913	0.03066288119593913	0.052176421008541106	0.03066288119593913	0.052176421008541106	0.052176421008541106	0.03066288119593913	0.052176421008541106	0.08503979427236484	0.03603973845129652	0.03603973845129652	0.03603973845129652	0.06132576239187826	0.06132576239187826	0.13281523114513677	0.06670261964723566	0.09198864358781739
UP000001024	0.017194248653937972	0.015065200278243339	0.032259448932181314	0.032259448932181314	0.032259448932181314	0.036818427643473504	0.032259448932181314	0.036818427643473504	0.036818427643473504	0.032259448932181314	0.036818427643473504	0.05644260663300904	0.05652995589519614	0.05652995589519614	0.05652995589519614	0.06451889786436263	0.06451889786436263	0.11853157416177411	0.08878940482737746	0.09677834679654394
UP000001059	0.018199148923216498	0.013737222675094746	0.031936371598311246	0.031936371598311246	0.031936371598311246	0.04230948253016066	0.031936371598311246	0.04230948253016066	0.04230948253016066	0.031936371598311246	0.04230948253016066	0.06641981613710482	0.04821291917897386	0.04821291917897386	0.04821291917897386	0.06387274319662249	0.06387274319662249	0.12438137464999964	0.08014929077728511	0.09580911479493372
UP000001137	0.01806373884934791	0.013942486431781404	0.032006225281129314	0.032006225281129314	0.032006225281129314	0.04146692900585075	0.032006225281129314	0.04146692900585075	0.04146692900585075	0.032006225281129314	0.04146692900585075	0.06487011916235358	0.049407973115243926	0.049407973115243926	0.049407973115243926	0.06401245056225863	0.06401245056225863	0.12354311841745728	0.08141419839637323	0.09601867584338795
UP000001169	0.011563845817365713	0.018556734444186478	0.030120580261552187	0.030120580261552187	0.030120580261552187	0.018769991407798496	0.030120580261552187	0.018769991407798496	0.018769991407798496	0.030120580261552187	0.018769991407798496	0.025976136998231283	0.0966701939901439	0.0966701939901439	0.0966701939901439	0.060241160523104374	0.060241160523104374	0.09057499774826859	0.12679077425169608	0.09036174078465657
UP000001304	0.01944537987283513	0.010847509015745084	0.030292888888580213	0.030292888888580213	0.030292888888580213	0.05430341021418067	0.030292888888580213	0.05430341021418067	0.05430341021418067	0.030292888888580213	0.05430341021418067	0.08916144055552622	0.03379747657086299	0.03379747657086299	0.03379747657086299	0.06058577777716043	0.06058577777716043	0.13433456786417625	0.06409036545944319	0.09087866666574063
UP000001400	0.01897406352809028	0.012284269241613204	0.03125833276970349	0.03125833276970349	0.03125833276970349	0.04828106418779967	0.03125833276970349	0.04828106418779967	0.04828106418779967	0.03125833276970349	0.04828106418779967	0.07758806484750906	0.04047480659253661	0.04047480659253661	0.04047480659253661	0.06251666553940698	0.06251666553940698	0.12977179325529692	0.0717331393622401	0.09377499830911046
UP000001686	0.01631669085866226	0.015960549993286572	0.03227724085194883	0.03227724085194883	0.03227724085194883	0.03299746944643887	0.03227724085194883	0.03299746944643887	0.03299746944643887	0.03227724085194883	0.03299746944643887	0.049678248034215465	0.06314546506093664	0.06314546506093664	0.06314546506093664	0.06455448170389766	0.06455448170389766	0.1138686420089988	0.09542270591288547	0.09683172255584652
UP000001746	0.00965284162746798	0.018784427406217143	0.028437269033685122	0.028437269033685122	0.028437269033685122	0.014613192532502192	0.028437269033685122	0.014613192532502192	0.014613192532502192	0.028437269033685122	0.014613192532502192	0.019573543437536402	0.11067783693338065	0.11067783693338065	0.11067783693338065	0.056874538067370244	0.056874538067370244	0.08114057222734042	0.13911510596706578	0.08531180710105536
UP000001826	0.01189861132054745	0.018470654999640852	0.030369266320188302	0.030369266320188302	0.030369266320188302	0.01956357779630117	0.030369266320188302	0.01956357779630117	0.01956357779630117	0.030369266320188302	0.01956357779630117	0.02722854427205489	0.09428667357571976	0.09428667357571976	0.09428667357571976	0.060738532640376604	0.060738532640376604	0.09220072175722523	0.12465593989590806	0.09110779896056491
UP000001879	0.01163071039348095	0.018540624882677634	0.030171335276158586	0.030171335276158586	0.030171335276158586	0.018926765683581273	0.030171335276158586	0.018926765683581273	0.018926765683581273	0.030171335276158586	0.018926765683581273	0.026222820973681598	0.09619281894909844	0.09619281894909844	0.09619281894909844	0.06034267055231717	0.06034267055231717	0.0909001466293794	0.126364154225257	0.09051400582847574
UP000001901	0.018456618589700526	0.01331527907346882	0.031771897663169346	0.031771897663169346	0.031771897663169346	0.04403976768376871	0.031771897663169346	0.04403976768376871	0.04403976768376871	0.031771897663169346	0.04403976768376871	0.0696229167778369	0.04584281590072736	0.04584281590072736	0.04584281590072736	0.06354379532633869	0.06354379532633869	0.12604018159980793	0.07761471356389672	0.09531569298950804
UP000001931	0.01950180094910805	0.007962265865280437	0.027464066814388486	0.027464066814388486	0.027464066814388486	0.06726712889639791	0.027464066814388486	0.06726712889639791	0.06726712889639791	0.027464066814388486	0.06726712889639791	0.11503245684368778	0.02242625717374971	0.02242625717374971	0.02242625717374971	0.05492813362877697	0.05492813362877697	0.14169706347428296	0.0498903239881382	0.08239220044316546
UP000001941	0.01742812849273371	0.014790918190750462	0.03221904668348417	0.03221904668348417	0.03221904668348417	0.03796368002794408	0.03221904668348417	0.03796368002794408	0.03796368002794408	0.03221904668348417	0.03796368002794408	0.05849923156315444	0.05468737321716116	0.05468737321716116	0.05468737321716116	0.06443809336696835	0.06443809336696835	0.11982990188764611	0.08690641990064532	0.09665714005045252
UP000001974	0.019400434641231087	0.011033543667022434	0.030433978308253524	0.030433978308253524	0.030433978308253524	0.05351249107815006	0.030433978308253524	0.05351249107815006	0.05351249107815006	0.030433978308253524	0.05351249107815006	0.08762454751506904	0.03461722738022331	0.03461722738022331	0.03461722738022331	0.06086795661650705	0.06086795661650705	0.1337808823358882	0.06505120568847683	0.09130193492476056
UP000001975	0.016604939145985674	0.015687121800934022	0.0322920609469197	0.0322920609469197	0.0322920609469197	0.03418139501473979	0.0322920609469197	0.03418139501473979	0.03418139501473979	0.0322920609469197	0.03418139501473979	0.05175785088349391	0.06101431493652655	0.06101431493652655	0.06101431493652655	0.0645841218938394	0.0645841218938394	0.11537045605456486	0.09330637588344626	0.09687618284075909
UP000002071	0.010841199788264031	0.01869616944068781	0.029537369228951844	0.029537369228951844	0.029537369228951844	0.017127600498415718	0.029537369228951844	0.017127600498415718	0.017127600498415718	0.029537369228951844	0.017127600498415718	0.023414001208567403	0.10187722221196512	0.10187722221196512	0.10187722221196512	0.05907473845790369	0.05907473845790369	0.08704353874458343	0.13141459144091697	0.08861210768685554
UP000002199	0.01654510429964166	0.015745407292256226	0.032290511591897886	0.032290511591897886	0.032290511591897886	0.03393052159657303	0.032290511591897886	0.03393052159657303	0.03393052159657303	0.032290511591897886	0.03393052159657303	0.051315938893504415	0.061459540838405595	0.061459540838405595	0.061459540838405595	0.06458102318379577	0.06458102318379577	0.11505664908001047	0.09375005243030349	0.09687153477569366
UP000002315	0.01962558075118657	0.00898898362705399	0.02861456437824056	0.02861456437824056	0.02861456437824056	0.06247396448415112	0.02861456437824056	0.06247396448415112	0.06247396448415112	0.02861456437824056	0.06247396448415112	0.10532234821711568	0.02621230463977331	0.02621230463977331	0.02621230463977331	0.05722912875648112	0.05722912875648112	0.13932867399181884	0.054826869018013875	0.08584369313472169
UP000002376	0.017182688689180586	0.015078314808794664	0.03226100349797525	0.03226100349797525	0.03226100349797525	0.03676344385534068	0.03226100349797525	0.03676344385534068	0.03676344385534068	0.03226100349797525	0.03676344385534068	0.05634419902150077	0.056619959261252774	0.056619959261252774	0.056619959261252774	0.0645220069959505	0.0645220069959505	0.11846813954047176	0.08888096275922804	0.09678301049392576
UP000002408	0.014223378998907504	0.01749203343654269	0.031715412435450195	0.031715412435450195	0.031715412435450195	0.025788901719892458	0.031715412435450195	0.025788901719892458	0.025788901719892458	0.031715412435450195	0.025788901719892458	0.03735442444087741	0.07800777224838742	0.07800777224838742	0.07800777224838742	0.06343082487090039	0.06343082487090039	0.10344310558970034	0.10972318468383761	0.09514623730635056
UP000002439	0.015599931318323055	0.016567466643807455	0.03216739796213051	0.03216739796213051	0.03216739796213051	0.030288831098142933	0.03216739796213051	0.030288831098142933	0.030288831098142933	0.03216739796213051	0.030288831098142933	0.044977730877962814	0.0683249537297278	0.0683249537297278	0.0683249537297278	0.06433479592426102	0.06433479592426102	0.110223558340727	0.1004923516918583	0.09650219388639153
UP000002457	0.013874790958038941	0.01768273083003222	0.03155752178807116	0.03155752178807116	0.03155752178807116	0.024761674097283578	0.03155752178807116	0.024761674097283578	0.024761674097283578	0.03155752178807116	0.024761674097283578	0.03564855723652822	0.08043698317746913	0.08043698317746913	0.08043698317746913	0.06311504357614232	0.06311504357614232	0.10175150863146483	0.1119945049655403	0.09467256536421348
UP000002487	0.017860476000570686	0.014232676060151038	0.032093152060721726	0.032093152060721726	0.032093152060721726	0.04027345031536558	0.032093152060721726	0.04027345031536558	0.04027345031536558	0.032093152060721726	0.04027345031536558	0.06268642463016048	0.05114885370522332	0.05114885370522332	0.05114885370522332	0.06418630412144345	0.06418630412144345	0.12232023043737972	0.08324200576594504	0.09627945618216517
UP000002518	0.013657533802589243	0.01779340932413184	0.03145094312672109	0.03145094312672109	0.03145094312672109	0.024140529285410727	0.03145094312672109	0.024140529285410727	0.024140529285410727	0.03145094312672109	0.024140529285410727	0.03462352476823221	0.08195030124364687	0.08195030124364687	0.08195030124364687	0.06290188625344217	0.06290188625344217	0.10069994934144214	0.11340124437036796	0.09435282938016326
UP000002593	0.014777738902039926	0.01715406807653034	0.03193180697857027	0.03193180697857027	0.03193180697857027	0.027508338202601585	0.03193180697857027	0.027508338202601585	0.027508338202601585	0.03193180697857027	0.027508338202601585	0.04023893750316324	0.07413318023116619	0.07413318023116619	0.07413318023116619	0.06386361395714053	0.06386361395714053	0.10614969106178204	0.10606498720973646	0.09579542093571079
UP000002613	0.017903242882983277	0.014173266101677696	0.032076508984660974	0.032076508984660974	0.032076508984660974	0.04051808010029556	0.032076508984660974	0.04051808010029556	0.04051808010029556	0.032076508984660974	0.04051808010029556	0.06313291731760785	0.05078732388583884	0.05078732388583884	0.05078732388583884	0.06415301796932195	0.06415301796932195	0.12257434095260078	0.08286383287049982	0.09622952695398292
UP000002654	0.014270706790892974	0.017464870107410418	0.03173557689830339	0.03173557689830339	0.03173557689830339	0.025931433212512792	0.03173557689830339	0.025931433212512792	0.025931433212512792	0.03173557689830339	0.025931433212512792	0.037592159634132614	0.07767768428488908	0.07767768428488908	0.07767768428488908	0.06347115379660678	0.06347115379660678	0.10367329380001254	0.10941326118319247	0.09520673069491016
UP000002698	0.010717250819017978	0.018713662651793316	0.029430913470811296	0.029430913470811296	0.029430913470811296	0.016854983835527956	0.029430913470811296	0.016854983835527956	0.016854983835527956	0.029430913470811296	0.016854983835527956	0.022992716852037933	0.10278012440458091	0.10278012440458091	0.10278012440458091	0.05886182694162259	0.05886182694162259	0.08643406159616851	0.13221103787539218	0.08829274041243387
UP000005223	0.016177968179461728	0.01608578858630999	0.03226375676577172	0.03226375676577172	0.03226375676577172	0.03244864418712864	0.03226375676577172	0.03244864418712864	0.03244864418712864	0.03226375676577172	0.03244864418712864	0.048719320194795544	0.06415984560943798	0.06415984560943798	0.06415984560943798	0.06452751353154344	0.06452751353154344	0.11315412589813381	0.0964236023752097	0.09679127029731514
UP000005877	0.01149870675373359	0.018571907664736192	0.030070614418469782	0.030070614418469782	0.030070614418469782	0.018618075393467597	0.030070614418469782	0.018618075393467597	0.018618075393467597	0.030070614418469782	0.018618075393467597	0.025737444033201603	0.09713591038755257	0.09713591038755257	0.09713591038755257	0.060141228836939564	0.060141228836939564	0.09025801098414075	0.12720652480602238	0.09021184325540937
UP000006565	0.01678269473411863	0.015508977360067502	0.03229167209418613	0.03229167209418613	0.03229167209418613	0.0349437143809606	0.03229167209418613	0.0349437143809606	0.0349437143809606	0.03229167209418613	0.0349437143809606	0.053104734027802566	0.059681811456574425	0.059681811456574425	0.059681811456574425	0.06458334418837226	0.06458334418837226	0.1163097533034515	0.09197348355076054	0.0968750162825584
UP000006622	0.018849446719365448	0.012562708955207702	0.03141215567457315	0.03141215567457315	0.03141215567457315	0.04713169403505379	0.03141215567457315	0.04713169403505379	0.04713169403505379	0.03141215567457315	0.04713169403505379	0.07541394135074213	0.041870912740363246	0.041870912740363246	0.041870912740363246	0.0628243113491463	0.0628243113491463	0.12880545210356553	0.07328306841493638	0.09423646702371945
UP000006663	0.012000870499715618	0.018441658202796363	0.03044252870251198	0.03044252870251198	0.03044252870251198	0.01981041187431426	0.03044252870251198	0.01981041187431426	0.01981041187431426	0.03044252870251198	0.01981041187431426	0.0276199532489129	0.09356166440990216	0.09356166440990216	0.09356166440990216	0.06088505740502396	0.06088505740502396	0.09269633977905384	0.12400419311241415	0.09132758610753595
UP000006681	0.017508131240666906	0.014692943454860236	0.03220107469552714	0.03220107469552714	0.03220107469552714	0.03837084404441208	0.03220107469552714	0.03837084404441208	0.03837084404441208	0.03220107469552714	0.03837084404441208	0.05923355684815725	0.05404672414017032	0.05404672414017032	0.05404672414017032	0.06440214939105428	0.06440214939105428	0.12028112467613326	0.08624779883569747	0.09660322408658142
UP000006794	0.009820242204762327	0.01878290962038188	0.028603151825144207	0.028603151825144207	0.028603151825144207	0.014954545617240474	0.028603151825144207	0.014954545617240474	0.014954545617240474	0.028603151825144207	0.014954545617240474	0.020088849029718615	0.10941693786925236	0.10941693786925236	0.10941693786925236	0.05720630365028841	0.05720630365028841	0.0819810914722912	0.13802008969439655	0.08580945547543263
UP000007478	0.018509758625777396	0.01322216514702969	0.031731923772807084	0.031731923772807084	0.031731923772807084	0.04442163921225661	0.031731923772807084	0.04442163921225661	0.04442163921225661	0.031731923772807084	0.04442163921225661	0.07033351979873582	0.04533443628732261	0.04533443628732261	0.04533443628732261	0.06346384754561417	0.06346384754561417	0.12639524538364819	0.0770663600601297	0.09519577131842126
UP000007490	0.019280753638788995	0.011455578182331646	0.03073633182112064	0.03073633182112064	0.03073633182112064	0.051731971286889424	0.03073633182112064	0.051731971286889424	0.051731971286889424	0.03073633182112064	0.051731971286889424	0.08418318893498986	0.03652372296346096	0.03652372296346096	0.03652372296346096	0.06147266364224128	0.06147266364224128	0.1324853885679197	0.06726005478458161	0.09220899546336192
UP000007722	0.01961866100452379	0.008850440844171923	0.028469101848695715	0.028469101848695715	0.028469101848695715	0.0631071003249082	0.028469101848695715	0.0631071003249082	0.0631071003249082	0.028469101848695715	0.0631071003249082	0.10659553964529261	0.02568616703662778	0.02568616703662778	0.02568616703662778	0.05693820369739143	0.05693820369739143	0.13966396502682343	0.054155268885323495	0.08540730554608714
UP000007807	0.01546584142156216	0.01667061561234593	0.03213645703390809	0.03213645703390809	0.03213645703390809	0.029813976873726673	0.03213645703390809	0.029813976873726673	0.029813976873726673	0.03213645703390809	0.029813976873726673	0.044162112325891185	0.06927971233534598	0.06927971233534598	0.06927971233534598	0.06427291406781618	0.06427291406781618	0.10955273236310502	0.10141616936925407	0.09640937110172426
UP000008243	0.00958631881244816	0.018784009724134257	0.028370328536582418	0.028370328536582418	0.028370328536582418	0.014478645303092211	0.028370328536582418	0.014478645303092211	0.014478645303092211	0.028370328536582418	0.014478645303092211	0.019370971793736265	0.11118105657325895	0.11118105657325895	0.11118105657325895	0.056740657073164835	0.056740657073164835	0.08080562118870521	0.13955138510984139	0.08511098560974725
UP000008680	0.019451280855796848	0.01082150426381186	0.03027278511960871	0.03027278511960871	0.03027278511960871	0.05441428763446948	0.03027278511960871	0.05441428763446948	0.05441428763446948	0.03027278511960871	0.05441428763446948	0.08937729441314213	0.03368385616124357	0.03368385616124357	0.03368385616124357	0.06054557023921742	0.06054557023921742	0.13441113872948376	0.06395664128085228	0.09081835535882612
UP000009079	0.018811624548744858	0.012642663600249711	0.03145428814899457	0.03145428814899457	0.03145428814899457	0.04680234148563707	0.03145428814899457	0.04680234148563707	0.04680234148563707	0.03145428814899457	0.04680234148563707	0.07479305842252927	0.04227874980415686	0.04227874980415686	0.04227874980415686	0.06290857629798914	0.06290857629798914	0.12852254233237106	0.07373303795315143	0.09436286444698372
UP000009227	0.019614565828392036	0.009714485414218533	0.02932905124261057	0.02932905124261057	0.02932905124261057	0.05921843327290079	0.02932905124261057	0.05921843327290079	0.05921843327290079	0.02932905124261057	0.05921843327290079	0.09882230071740955	0.02905153680198133	0.02905153680198133	0.02905153680198133	0.05865810248522114	0.05865810248522114	0.13749110158651398	0.0583805880445919	0.08798715372783171
UP000011511	0.010130556840501523	0.01877049418222172	0.028901051022723244	0.028901051022723244	0.028901051022723244	0.015598083742155261	0.028901051022723244	0.015598083742155261	0.015598083742155261	0.028901051022723244	0.015598083742155261	0.021065610643809	0.10709914936033534	0.10709914936033534	0.10709914936033534	0.05780210204544649	0.05780210204544649	0.08353074262810326	0.13600020038305857	0.08670315306816974
UP000011554	0.01100218334125203	0.01867062654655551	0.02967280988780754	0.02967280988780754	0.02967280988780754	0.017485524324624413	0.02967280988780754	0.017485524324624413	0.017485524324624413	0.02967280988780754	0.017485524324624413	0.023968865307996797	0.10070909288067706	0.10070909288067706	0.10070909288067706	0.05934561977561508	0.05934561977561508	0.08783332744149153	0.1303819027684846	0.08901842966342263
UP000012076	0.012750756372549708	0.018190243203590115	0.030940999576139824	0.030940999576139824	0.030940999576139824	0.02168861312644012	0.030940999576139824	0.02168861312644012	0.02168861312644012	0.030940999576139824	0.02168861312644012	0.03062646988033053	0.08828092872417052	0.08828092872417052	0.08828092872417052	0.06188199915227965	0.06188199915227965	0.09632136865126947	0.11922192830031035	0.09282299872841947
UP000012672	0.013801825139955513	0.017720592762940895	0.03152241790289641	0.03152241790289641	0.03152241790289641	0.02455148683255311	0.03152241790289641	0.02455148683255311	0.02455148683255311	0.03152241790289641	0.02455148683255311	0.03530114852515071	0.08094522643144644	0.08094522643144644	0.08094522643144644	0.06304483580579281	0.06304483580579281	0.10139814777830143	0.11246764433434286	0.09456725370868921
UP000014070	0.018443278808761066	0.01333829941286641	0.03178157822162748	0.03178157822162748	0.03178157822162748	0.043945370393957794	0.03178157822162748	0.043945370393957794	0.043945370393957794	0.03178157822162748	0.043945370393957794	0.06944746197915454	0.04596928892406394	0.04596928892406394	0.04596928892406394	0.06356315644325496	0.06356315644325496	0.12595180564597383	0.07775086714569142	0.09534473466488243
UP000053352	0.010831849924908574	0.018697555083466603	0.029529405008375177	0.029529405008375177	0.029529405008375177	0.017106946977543575	0.029529405008375177	0.017106946977543575	0.017106946977543575	0.029529405008375177	0.017106946977543575	0.023382044030178573	0.10194522275579805	0.10194522275579805	0.10194522275579805	0.059058810016750354	0.059058810016750354	0.0869976069192025	0.13147462776417324	0.08858821502512554
UP000058290	0.014366711897759624	0.017408816891510377	0.03177552878927001	0.03177552878927001	0.03177552878927001	0.026222911663631283	0.03177552878927001	0.026222911663631283	0.026222911663631283	0.03177552878927001	0.026222911663631283	0.038079111429502946	0.07700778943156522	0.07700778943156522	0.07700778943156522	0.06355105757854002	0.06355105757854002	0.10414068113993091	0.10878331822083523	0.09532658636781002
UP000192315	0.019327736854201104	0.011299983488094868	0.03062772034229597	0.03062772034229597	0.03062772034229597	0.05238631718742107	0.03062772034229597	0.05238631718742107	0.05238631718742107	0.03062772034229597	0.05238631718742107	0.08544489752064106	0.035813063552829226	0.035813063552829226	0.035813063552829226	0.06125544068459194	0.06125544068459194	0.1329694947262141	0.0664407838951252	0.09188316102688793
UP000198397	0.010805914034249927	0.018701342390219554	0.029507256424469483	0.029507256424469483	0.029507256424469483	0.017049732027586435	0.029507256424469483	0.017049732027586435	0.017049732027586435	0.029507256424469483	0.017049732027586435	0.02329355002092294	0.10213394325384582	0.10213394325384582	0.10213394325384582	0.059014512848938966	0.059014512848938966	0.08687015891077532	0.13164119967831528	0.08852176927340843
