Proteome_ID	M	W	C	D	E	F	H	K	N	Q	Y	I	A	G	P	T	V	L	R	S
UP000000278	0.018024425305819717	0.03094971037993134	0.03094971037993134	0.03094971037993134	0.03094971037993134	0.04315964713978796	0.03094971037993134	0.018024425305819717	0.06829486897375621	0.03094971037993134	0.06829486897375621	0.06829486897375621	0.04438797052715365	0.04438797052715365	0.04438797052715365	0.06189942075986268	0.06189942075986268	0.10505906789965065	0.04438797052715365	0.12379884151972537
UP000000280	0.017354121484061527	0.0314514121650028	0.0314514121650028	0.0314514121650028	0.0314514121650028	0.03871748408328242	0.0314514121650028	0.017354121484061527	0.060080846682503304	0.0314514121650028	0.060080846682503304	0.060080846682503304	0.05109791354443937	0.05109791354443937	0.05109791354443937	0.0629028243300056	0.0629028243300056	0.10162030841328802	0.05109791354443937	0.1258056486600112
UP000000287	0.016709747543843627	0.03167591354151858	0.03167591354151858	0.03167591354151858	0.03167591354151858	0.03536620658768728	0.03167591354151858	0.016709747543843627	0.05402266563153093	0.03167591354151858	0.05402266563153093	0.05402266563153093	0.05674136954451204	0.05674136954451204	0.05674136954451204	0.06335182708303716	0.06335182708303716	0.09871803367072443	0.05674136954451204	0.12670365416607432
UP000000327	0.018023755595799253	0.03095042572335664	0.03095042572335664	0.03095042572335664	0.03095042572335664	0.04315441666872086	0.03095042572335664	0.018023755595799253	0.06828507774164247	0.03095042572335664	0.06828507774164247	0.06828507774164247	0.04439540266808154	0.04439540266808154	0.04439540266808154	0.06190085144671328	0.06190085144671328	0.10505526811543413	0.04439540266808154	0.12380170289342655
UP000000339	0.01735669295016303	0.031450113537260654	0.031450113537260654	0.031450113537260654	0.031450113537260654	0.038732255277596495	0.031450113537260654	0.01735669295016303	0.06010781760502996	0.031450113537260654	0.06010781760502996	0.06010781760502996	0.05107420853330513	0.05107420853330513	0.05107420853330513	0.06290022707452131	0.06290022707452131	0.10163248235211782	0.05107420853330513	0.12580045414904262
UP000000344	0.018856847520752378	0.02868467021085928	0.02868467021085928	0.02868467021085928	0.02868467021085928	0.055037872518165845	0.02868467021085928	0.018856847520752378	0.09121889751557932	0.02868467021085928	0.09121889751557932	0.09121889751557932	0.029899786000419273	0.029899786000419273	0.029899786000419273	0.05736934042171856	0.05736934042171856	0.11240721293988443	0.029899786000419273	0.11473868084343712
UP000000348	0.01743074260414399	0.03141106125854725	0.03141106125854725	0.03141106125854725	0.03141106125854725	0.03916349385557741	0.03141106125854725	0.01743074260414399	0.06089624510701082	0.03141106125854725	0.06089624510701082	0.06089624510701082	0.050386452905692186	0.050386452905692186	0.050386452905692186	0.0628221225170945	0.0628221225170945	0.10198561637267191	0.050386452905692186	0.125644245034189
UP000000349	0.01736454818268556	0.03144612309749382	0.03144612309749382	0.03144612309749382	0.03144612309749382	0.038777460830099766	0.03144612309749382	0.01736454818268556	0.06019037347751398	0.03144612309749382	0.06019037347751398	0.06019037347751398	0.0510017229954966	0.0510017229954966	0.0510017229954966	0.06289224619498764	0.06289224619498764	0.1016697070250874	0.0510017229954966	0.12578449238997527
UP000000350	0.016045194706049662	0.031747713148307634	0.031747713148307634	0.031747713148307634	0.031747713148307634	0.03244054390444384	0.031747713148307634	0.016045194706049662	0.048835893102838035	0.031747713148307634	0.048835893102838035	0.048835893102838035	0.06213935827439419	0.06213935827439419	0.06213935827439419	0.06349542629661527	0.06349542629661527	0.09593597020105911	0.06213935827439419	0.12699085259323054
UP000000351	0.01710455896794995	0.03156069909684136	0.03156069909684136	0.03156069909684136	0.03156069909684136	0.03734273699331148	0.03156069909684136	0.01710455896794995	0.05758091501867301	0.03156069909684136	0.05758091501867301	0.05758091501867301	0.05334786936799905	0.05334786936799905	0.05334786936799905	0.06312139819368272	0.06312139819368272	0.10046413518699421	0.05334786936799905	0.12624279638736544
UP000000352	0.012779719626442431	0.030748122708188056	0.030748122708188056	0.030748122708188056	0.030748122708188056	0.021869076815696407	0.030748122708188056	0.012779719626442431	0.030958434004950384	0.030748122708188056	0.030958434004950384	0.030958434004950384	0.08646428544246557	0.08646428544246557	0.08646428544246557	0.06149624541637611	0.06149624541637611	0.08336532223207252	0.08646428544246557	0.12299249083275222
UP000000353	0.016241818202260304	0.031740130801100386	0.031740130801100386	0.031740130801100386	0.031740130801100386	0.033262810444668486	0.031740130801100386	0.016241818202260304	0.050283802687076676	0.031740130801100386	0.050283802687076676	0.050283802687076676	0.060574310456826576	0.060574310456826576	0.060574310456826576	0.06348026160220077	0.06348026160220077	0.09674307204686926	0.060574310456826576	0.12696052320440154
UP000000354	0.018072544490092043	0.0308967636909738	0.0308967636909738	0.0308967636909738	0.0308967636909738	0.04354129695214439	0.0308967636909738	0.018072544490092043	0.06901004941419675	0.0308967636909738	0.06901004941419675	0.06901004941419675	0.04384848745433903	0.04384848745433903	0.04384848745433903	0.0617935273819476	0.0617935273819476	0.105334824334092	0.04384848745433903	0.1235870547638952
UP000000355	0.01840514430970024	0.030421608779625315	0.030421608779625315	0.030421608779625315	0.030421608779625315	0.046595577353355996	0.030421608779625315	0.01840514430970024	0.07478601039701176	0.030421608779625315	0.07478601039701176	0.07478601039701176	0.039723696252211796	0.039723696252211796	0.039723696252211796	0.06084321755925063	0.06084321755925063	0.10743879491260663	0.039723696252211796	0.12168643511850126
UP000000356	0.0170481215929499	0.031581180821809954	0.031581180821809954	0.031581180821809954	0.031581180821809954	0.0370465572472166	0.031581180821809954	0.0170481215929499	0.0570449929014833	0.031581180821809954	0.0570449929014833	0.0570449929014833	0.0538441926165645	0.0538441926165645	0.0538441926165645	0.06316236164361991	0.06316236164361991	0.10020891889083651	0.0538441926165645	0.12632472328723982
UP000000357	0.017368985592710537	0.03144385322818287	0.03144385322818287	0.03144385322818287	0.03144385322818287	0.03880305291988524	0.03144385322818287	0.017368985592710537	0.060237120247059954	0.03144385322818287	0.060237120247059954	0.060237120247059954	0.05096072764567568	0.05096072764567568	0.05096072764567568	0.06288770645636574	0.06288770645636574	0.10169075937625098	0.05096072764567568	0.12577541291273148
UP000000358	0.017343792018912393	0.03145659080180034	0.03145659080180034	0.03145659080180034	0.03145659080180034	0.038658282944697	0.03145659080180034	0.017343792018912393	0.05997277387048161	0.03145659080180034	0.05997277387048161	0.05997277387048161	0.05119301890813275	0.05119301890813275	0.05119301890813275	0.06291318160360068	0.06291318160360068	0.10157146454829769	0.05119301890813275	0.12582636320720136
UP000000359	0.017399672114582536	0.031427842386005385	0.031427842386005385	0.031427842386005385	0.031427842386005385	0.038981145951674324	0.031427842386005385	0.017399672114582536	0.060562619788766106	0.031427842386005385	0.060562619788766106	0.060562619788766106	0.05067625658127542	0.05067625658127542	0.05067625658127542	0.06285568477201077	0.06285568477201077	0.1018368307236851	0.05067625658127542	0.12571136954402154
UP000000360	0.01597009977316627	0.03174790081144492	0.03174790081144492	0.03174790081144492	0.03174790081144492	0.03213484200474345	0.03174790081144492	0.01597009977316627	0.04829958423632063	0.03174790081144492	0.04829958423632063	0.04829958423632063	0.06273123768802497	0.06273123768802497	0.06273123768802497	0.06349580162288984	0.06349580162288984	0.0956306436276333	0.06273123768802497	0.12699160324577968
UP000000369	0.01498567428592342	0.03163098316902462	0.03163098316902462	0.03163098316902462	0.03163098316902462	0.02847718924553926	0.03163098316902462	0.01498567428592342	0.041968704205155104	0.03163098316902462	0.041968704205155104	0.041968704205155104	0.07026810740430381	0.07026810740430381	0.07026810740430381	0.06326196633804924	0.06326196633804924	0.09173915558358853	0.07026810740430381	0.1265239326760985
UP000000372	0.018449707940762478	0.030337644761193223	0.030337644761193223	0.030337644761193223	0.030337644761193223	0.04708308042928656	0.030337644761193223	0.018449707940762478	0.07571645291781062	0.030337644761193223	0.07571645291781062	0.07571645291781062	0.03909568708184462	0.03909568708184462	0.03909568708184462	0.06067528952238645	0.06067528952238645	0.107758369951673	0.03909568708184462	0.1213505790447729
UP000000373	0.0179648976018712	0.03101111824388178	0.03101111824388178	0.03101111824388178	0.03101111824388178	0.04270290830256864	0.03101111824388178	0.0179648976018712	0.06744091900326608	0.03101111824388178	0.06744091900326608	0.06744091900326608	0.04504093481980337	0.04504093481980337	0.04504093481980337	0.06202223648776356	0.06202223648776356	0.1047251447903322	0.04504093481980337	0.12404447297552712
UP000000375	0.014448147002409187	0.03148690695566468	0.03148690695566468	0.03148690695566468	0.03148690695566468	0.026699563911615723	0.03148690695566468	0.014448147002409187	0.03895098082082226	0.03148690695566468	0.03895098082082226	0.03895098082082226	0.07426528110471216	0.07426528110471216	0.07426528110471216	0.06297381391132936	0.06297381391132936	0.0896733778229451	0.07426528110471216	0.12594762782265873
UP000000394	0.015094413883658151	0.03165375818864257	0.03165375818864257	0.03165375818864257	0.03165375818864257	0.028853493125859244	0.03165375818864257	0.015094413883658151	0.042612572368060334	0.03165375818864257	0.042612572368060334	0.042612572368060334	0.06945158446462579	0.06945158446462579	0.06945158446462579	0.06330751637728514	0.06330751637728514	0.09216100950314439	0.06945158446462579	0.12661503275457028
UP000000395	0.01808012275703759	0.03088813740514322	0.03088813740514322	0.03088813740514322	0.03088813740514322	0.04360248886066296	0.03088813740514322	0.01808012275703759	0.06912485496428832	0.03088813740514322	0.06912485496428832	0.06912485496428832	0.0437625033473606	0.0437625033473606	0.0437625033473606	0.06177627481028644	0.06177627481028644	0.1053787636709494	0.0437625033473606	0.12355254962057288
UP000000396	0.017659053456494683	0.03126840314774797	0.03126840314774797	0.03126840314774797	0.03126840314774797	0.04057287197493258	0.03126840314774797	0.017659053456494683	0.06348669049337047	0.03126840314774797	0.06348669049337047	0.06348669049337047	0.048195406823266666	0.048195406823266666	0.048195406823266666	0.06253680629549593	0.06253680629549593	0.10310967827042852	0.048195406823266666	0.12507361259099187
UP000000398	0.01426512264188474	0.03142656858895031	0.03142656858895031	0.03142656858895031	0.03142656858895031	0.026122732112303988	0.03142656858895031	0.01426512264188474	0.03798034158272324	0.03142656858895031	0.03798034158272324	0.03798034158272324	0.07561454208006196	0.07561454208006196	0.07561454208006196	0.06285313717790061	0.06285313717790061	0.0889758692902046	0.07561454208006196	0.12570627435580123
UP000000399	0.008578757943264051	0.02721408713786087	0.02721408713786087	0.02721408713786087	0.02721408713786087	0.012527981865235575	0.02721408713786087	0.008578757943264051	0.016477205787207096	0.02721408713786087	0.016477205787207096	0.016477205787207096	0.1182323772039014	0.1182323772039014	0.1182323772039014	0.05442817427572174	0.05442817427572174	0.0669561561409573	0.1182323772039014	0.10885634855144348
UP000000400	0.011017462317641209	0.02955061383829428	0.02955061383829428	0.02955061383829428	0.02955061383829428	0.01756704865137268	0.02955061383829428	0.011017462317641209	0.024116634985104152	0.02955061383829428	0.024116634985104152	0.024116634985104152	0.09941781292348786	0.09941781292348786	0.09941781292348786	0.05910122767658856	0.05910122767658856	0.07666827632796125	0.09941781292348786	0.11820245535317712
UP000000401	0.013407666236154933	0.031074134652757157	0.031074134652757157	0.031074134652757157	0.031074134652757157	0.02358318686998986	0.031074134652757157	0.013407666236154933	0.03375870750382479	0.031074134652757157	0.03375870750382479	0.03375870750382479	0.08188900420803037	0.08188900420803037	0.08188900420803037	0.062148269305514314	0.062148269305514314	0.08573145617550418	0.08188900420803037	0.12429653861102863
UP000000409	0.01765083932278744	0.0312741792297793	0.0312741792297793	0.0312741792297793	0.0312741792297793	0.040519837008073316	0.0312741792297793	0.01765083932278744	0.0633888346933592	0.0312741792297793	0.0633888346933592	0.0633888346933592	0.048276318895433074	0.048276318895433074	0.048276318895433074	0.0625483584595586	0.0625483584595586	0.10306819546763192	0.048276318895433074	0.1250967169191172
UP000000410	0.015298682332393137	0.03169034286096528	0.03169034286096528	0.03169034286096528	0.03169034286096528	0.029577265072653545	0.03169034286096528	0.015298682332393137	0.04385584781291395	0.03169034286096528	0.04385584781291395	0.04385584781291395	0.06790876899393009	0.06790876899393009	0.06790876899393009	0.06338068572193056	0.06338068572193056	0.09295795079458409	0.06790876899393009	0.12676137144386113
UP000000411	0.01689783358300884	0.031628924502093925	0.031628924502093925	0.031628924502093925	0.031628924502093925	0.03628110813935076	0.031628924502093925	0.01689783358300884	0.05566438269569268	0.031628924502093925	0.05566438269569268	0.05566438269569268	0.05514654410867502	0.05514654410867502	0.05514654410867502	0.06325784900418785	0.06325784900418785	0.0995389571435386	0.05514654410867502	0.1265156980083757
UP000000412	0.014975391177798227	0.031628713966321415	0.031628713966321415	0.031628713966321415	0.031628713966321415	0.028441913371352875	0.031628713966321415	0.014975391177798227	0.041908435564907524	0.031628713966321415	0.041908435564907524	0.041908435564907524	0.07034516518645814	0.07034516518645814	0.07034516518645814	0.06325742793264283	0.06325742793264283	0.09169934130399571	0.07034516518645814	0.12651485586528566
UP000000413	0.017510197089608055	0.031365421269995024	0.031365421269995024	0.031365421269995024	0.031365421269995024	0.03963953964842005	0.031365421269995024	0.017510197089608055	0.061768882207232034	0.031365421269995024	0.061768882207232034	0.061768882207232034	0.04963678489558181	0.04963678489558181	0.04963678489558181	0.06273084253999005	0.06273084253999005	0.1023703821884101	0.04963678489558181	0.1254616850799801
UP000000414	0.013619694805634693	0.031171565387268344	0.031171565387268344	0.031171565387268344	0.031171565387268344	0.024188145942275165	0.031171565387268344	0.013619694805634693	0.03475659707891564	0.031171565387268344	0.03475659707891564	0.03475659707891564	0.08034237026778496	0.08034237026778496	0.08034237026778496	0.06234313077453669	0.06234313077453669	0.08653127671681184	0.08034237026778496	0.12468626154907338
UP000000469	0.01830538527103695	0.030588623539989847	0.030588623539989847	0.030588623539989847	0.030588623539989847	0.04558541701706784	0.030588623539989847	0.01830538527103695	0.07286544876309872	0.030588623539989847	0.07286544876309872	0.07286544876309872	0.041051018123664185	0.041051018123664185	0.041051018123664185	0.061177247079979694	0.061177247079979694	0.10676266409704752	0.041051018123664185	0.12235449415995939
UP000000470	0.016591689674402433	0.03169880971311779	0.03169880971311779	0.03169880971311779	0.03169880971311779	0.03481383694973985	0.03169880971311779	0.016591689674402433	0.05303598422507727	0.03169880971311779	0.05303598422507727	0.05303598422507727	0.05772500966664975	0.05772500966664975	0.05772500966664975	0.06339761942623558	0.06339761942623558	0.09821145637597542	0.05772500966664975	0.12679523885247115
UP000000472	0.01811704501091886	0.030844925074059573	0.030844925074059573	0.030844925074059573	0.030844925074059573	0.04390510384706311	0.030844925074059573	0.01811704501091886	0.06969316268320734	0.030844925074059573	0.06969316268320734	0.06969316268320734	0.04333935326236522	0.04333935326236522	0.04333935326236522	0.061689850148119146	0.061689850148119146	0.10559495399518225	0.04333935326236522	0.12337970029623829
UP000000473	0.013236444465051171	0.030990726487516242	0.030990726487516242	0.030990726487516242	0.030990726487516242	0.023104681426404674	0.030990726487516242	0.013236444465051171	0.03297291838775818	0.030990726487516242	0.03297291838775818	0.03297291838775818	0.0831368423133885	0.0831368423133885	0.0831368423133885	0.061981452975032485	0.061981452975032485	0.08508613440143716	0.0831368423133885	0.12396290595006497
UP000000477	0.01600102769710752	0.031747998954063335	0.031747998954063335	0.031747998954063335	0.031747998954063335	0.032260210697172116	0.031747998954063335	0.01600102769710752	0.04851939369723672	0.031747998954063335	0.04851939369723672	0.04851939369723672	0.0624878397136793	0.0624878397136793	0.0624878397136793	0.06349599790812667	0.06349599790812667	0.09575620860529879	0.0624878397136793	0.12699199581625334
UP000000513	0.018852477252261357	0.028751877305587287	0.028751877305587287	0.028751877305587287	0.028751877305587287	0.05475524879725228	0.028751877305587287	0.018852477252261357	0.0906580203422432	0.028751877305587287	0.0906580203422432	0.0906580203422432	0.030195112496211658	0.030195112496211658	0.030195112496211658	0.05750375461117457	0.05750375461117457	0.11225900340842684	0.030195112496211658	0.11500750922234915
UP000000514	0.01872197952654527	0.029598091565472873	0.029598091565472873	0.029598091565472873	0.029598091565472873	0.050949720114158895	0.029598091565472873	0.01872197952654527	0.08317746070177252	0.029598091565472873	0.08317746070177252	0.08317746070177252	0.03438868839142705	0.03438868839142705	0.03438868839142705	0.05919618313094575	0.05919618313094575	0.11014590324510463	0.03438868839142705	0.1183923662618915
UP000000515	0.017128117651830487	0.03155171406114559	0.03155171406114559	0.03155171406114559	0.03155171406114559	0.037467872451505846	0.03155171406114559	0.017128117651830487	0.057807627251181215	0.03155171406114559	0.057807627251181215	0.057807627251181215	0.053139428265363504	0.053139428265363504	0.053139428265363504	0.06310342812229118	0.06310342812229118	0.10057130057379703	0.053139428265363504	0.12620685624458236
UP000000516	0.01884847567759312	0.028804979440839987	0.028804979440839987	0.028804979440839987	0.028804979440839987	0.05453018120561532	0.028804979440839987	0.01884847567759312	0.09021188673363752	0.028804979440839987	0.09021188673363752	0.09021188673363752	0.03043183874480769	0.03043183874480769	0.03043183874480769	0.057609958881679975	0.057609958881679975	0.1121401400872953	0.03043183874480769	0.11521991776335995
UP000000518	0.012612222248947938	0.030651974244619032	0.030651974244619032	0.030651974244619032	0.030651974244619032	0.02142986841697886	0.030651974244619032	0.012612222248947938	0.030247514585009783	0.030651974244619032	0.030247514585009783	0.030247514585009783	0.08768542174980311	0.08768542174980311	0.08768542174980311	0.061303948489238064	0.061303948489238064	0.08273381690621691	0.08768542174980311	0.12260789697847613
UP000000519	0.015559124232635675	0.03172462814798331	0.03172462814798331	0.03172462814798331	0.03172462814798331	0.030534614520739363	0.03172462814798331	0.015559124232635675	0.045510104808843044	0.03172462814798331	0.045510104808843044	0.045510104808843044	0.06592203942474693	0.06592203942474693	0.06592203942474693	0.06344925629596662	0.06344925629596662	0.09398387081670599	0.06592203942474693	0.12689851259193324
UP000000520	0.017884263842157112	0.031087774817910013	0.031087774817910013	0.031087774817910013	0.031087774817910013	0.04210864580868549	0.031087774817910013	0.017884263842157112	0.06633302777521387	0.031087774817910013	0.06633302777521387	0.06633302777521387	0.04590267507152826	0.04590267507152826	0.04590267507152826	0.062175549635820025	0.062175549635820025	0.10428419544450551	0.04590267507152826	0.12435109927164005
UP000000521	0.016895077803194127	0.03162971201477368	0.03162971201477368	0.03162971201477368	0.03162971201477368	0.03626737099196297	0.03162971201477368	0.016895077803194127	0.055639664180731824	0.03162971201477368	0.055639664180731824	0.055639664180731824	0.055170179407777895	0.055170179407777895	0.055170179407777895	0.06325942402954736	0.06325942402954736	0.09952679502151034	0.055170179407777895	0.12651884805909472
UP000000522	0.017695181905178714	0.03124237099011133	0.03124237099011133	0.03124237099011133	0.03124237099011133	0.040808424120541344	0.03124237099011133	0.017695181905178714	0.06392166633590395	0.03124237099011133	0.06392166633590395	0.06392166633590395	0.047837463274766706	0.047837463274766706	0.047837463274766706	0.06248474198022266	0.06248474198022266	0.103293166100764	0.047837463274766706	0.12496948396044533
UP000000568	0.017012809444821145	0.031593268150890044	0.031593268150890044	0.031593268150890044	0.031593268150890044	0.03686374082089112	0.031593268150890044	0.017012809444821145	0.056714672196961094	0.031593268150890044	0.056714672196961094	0.056714672196961094	0.05415264811586287	0.05415264811586287	0.05415264811586287	0.06318653630178009	0.06318653630178009	0.10005027712267121	0.05415264811586287	0.12637307260356018
UP000000569	0.015479664674410679	0.03171569138602818	0.03171569138602818	0.03171569138602818	0.03171569138602818	0.030238202750770247	0.03171569138602818	0.015479664674410679	0.044996740827129816	0.03171569138602818	0.044996740827129816	0.044996740827129816	0.06653074512294946	0.06653074512294946	0.06653074512294946	0.06343138277205636	0.06343138277205636	0.09366958552282661	0.06653074512294946	0.12686276554411272
UP000000570	0.014558932681069722	0.031520723549379036	0.031520723549379036	0.031520723549379036	0.031520723549379036	0.027055403275335902	0.031520723549379036	0.014558932681069722	0.03955187386960208	0.031520723549379036	0.03955187386960208	0.03955187386960208	0.07344603242207949	0.07344603242207949	0.07344603242207949	0.06304144709875807	0.06304144709875807	0.09009685037409397	0.07344603242207949	0.12608289419751614
UP000000571	0.008050808283442047	0.026596558258972128	0.026596558258972128	0.026596558258972128	0.026596558258972128	0.011545706796700283	0.026596558258972128	0.008050808283442047	0.015040605309958523	0.026596558258972128	0.015040605309958523	0.015040605309958523	0.12253505544157142	0.12253505544157142	0.12253505544157142	0.053193116517944256	0.053193116517944256	0.06473882331464455	0.12253505544157142	0.10638623303588851
UP000000572	0.016519676368764096	0.03171045113815516	0.03171045113815516	0.03171045113815516	0.03171045113815516	0.034484507753045256	0.03171045113815516	0.016519676368764096	0.05244933913732642	0.03171045113815516	0.05244933913732642	0.05244933913732642	0.0583190990334799	0.0583190990334799	0.0583190990334799	0.06342090227631032	0.06342090227631032	0.09790541002935559	0.0583190990334799	0.12684180455262065
UP000000573	0.01603059566540169	0.031747863500369816	0.031747863500369816	0.031747863500369816	0.031747863500369816	0.03238076543319432	0.031747863500369816	0.01603059566540169	0.048730935200986945	0.031747863500369816	0.048730935200986945	0.048730935200986945	0.06225466404848253	0.06225466404848253	0.06225466404848253	0.06349572700073963	0.06349572700073963	0.09587649243393395	0.06225466404848253	0.12699145400147926
UP000000574	0.01602914071187905	0.031747875449487525	0.031747875449487525	0.031747875449487525	0.031747875449487525	0.03237481714514071	0.031747875449487525	0.01602914071187905	0.048720493578402385	0.031747875449487525	0.048720493578402385	0.048720493578402385	0.062266149089738224	0.062266149089738224	0.062266149089738224	0.06349575089897505	0.06349575089897505	0.09587056804411576	0.062266149089738224	0.1269915017979501
UP000000575	0.016027534743979003	0.03174788800159728	0.03174788800159728	0.03174788800159728	0.03174788800159728	0.032368253413578	0.03174788800159728	0.016027534743979003	0.04870897208317699	0.03174788800159728	0.04870897208317699	0.04870897208317699	0.06227882485244963	0.06227882485244963	0.06227882485244963	0.06349577600319456	0.06349577600319456	0.09586402941677255	0.06227882485244963	0.12699155200638912
UP000000587	0.018835670917395086	0.028943498673825264	0.028943498673825264	0.028943498673825264	0.028943498673825264	0.05393544778910773	0.028943498673825264	0.018835670917395086	0.0890352246608204	0.028943498673825264	0.0890352246608204	0.0890352246608204	0.031064027455832255	0.031064027455832255	0.031064027455832255	0.05788699734765053	0.05788699734765053	0.11182244513675826	0.031064027455832255	0.11577399469530106
UP000000624	0.01852021993807616	0.030189855238911788	0.030189855238911788	0.030189855238911788	0.030189855238911788	0.0479126163337161	0.030189855238911788	0.01852021993807616	0.07730501272935603	0.030189855238911788	0.07730501272935603	0.07730501272935603	0.03804540136143967	0.03804540136143967	0.03804540136143967	0.060379710477823575	0.060379710477823575	0.10829232681153968	0.03804540136143967	0.12075942095564715
UP000000668	0.014113146491601834	0.0313723420806783	0.0313723420806783	0.0313723420806783	0.0313723420806783	0.025653713539783206	0.0313723420806783	0.014113146491601834	0.037194280587964576	0.0313723420806783	0.037194280587964576	0.037194280587964576	0.07673149122062084	0.07673149122062084	0.07673149122062084	0.0627446841613566	0.0627446841613566	0.08839839770113982	0.07673149122062084	0.1254893683227132
UP000000670	0.018492504411526202	0.030250369897794237	0.030250369897794237	0.030250369897794237	0.030250369897794237	0.047577096322337295	0.030250369897794237	0.018492504411526202	0.07666168823314838	0.030250369897794237	0.07666168823314838	0.07666168823314838	0.03846745386702998	0.03846745386702998	0.03846745386702998	0.060500739795588475	0.060500739795588475	0.10807783611792576	0.03846745386702998	0.12100147959117695
UP000000672	0.015495383588981938	0.03171756753391987	0.03171756753391987	0.03171756753391987	0.03171756753391987	0.030296529561970067	0.03171756753391987	0.015495383588981938	0.04509767553495819	0.03171756753391987	0.04509767553495819	0.04509767553495819	0.06641051663762584	0.06641051663762584	0.06641051663762584	0.06343513506783974	0.06343513506783974	0.09373166462980982	0.06641051663762584	0.12687027013567947
UP000000675	0.01640475169259744	0.03172557174720984	0.03172557174720984	0.03172557174720984	0.03172557174720984	0.0339701220276377	0.03172557174720984	0.01640475169259744	0.05153549236267797	0.03172557174720984	0.05153549236267797	0.05153549236267797	0.05925865687903461	0.05925865687903461	0.05925865687903461	0.06345114349441967	0.06345114349441967	0.09742126552205738	0.05925865687903461	0.12690228698883935
UP000000676	0.017686139359788525	0.031248983726876962	0.031248983726876962	0.031248983726876962	0.031248983726876962	0.04074911324548018	0.031248983726876962	0.017686139359788525	0.06381208713117185	0.031248983726876962	0.06381208713117185	0.06381208713117185	0.047927373441478884	0.047927373441478884	0.047927373441478884	0.062497967453753925	0.062497967453753925	0.10324708069923412	0.047927373441478884	0.12499593490750785
UP000000677	0.015918010968745153	0.031747189275774045	0.031747189275774045	0.031747189275774045	0.031747189275774045	0.03192535312424903	0.031747189275774045	0.015918010968745153	0.0479326952797529	0.031747189275774045	0.0479326952797529	0.0479326952797529	0.06314003939059205	0.06314003939059205	0.06314003939059205	0.06349437855154809	0.06349437855154809	0.0954197316757971	0.06314003939059205	0.12698875710309618
UP000000678	0.017226263933223965	0.03151139638238611	0.03151139638238611	0.03151139638238611	0.03151139638238611	0.03799920182183959	0.03151139638238611	0.017226263933223965	0.0587721397104552	0.03151139638238611	0.0587721397104552	0.0587721397104552	0.05226257681008237	0.05226257681008237	0.05226257681008237	0.06302279276477223	0.06302279276477223	0.1010219945866118	0.05226257681008237	0.12604558552954445
UP000000679	0.016402685367915955	0.03172580593263434	0.03172580593263434	0.03172580593263434	0.03172580593263434	0.033960994469674884	0.03172580593263434	0.016402685367915955	0.05151930357143381	0.03172580593263434	0.05151930357143381	0.05151930357143381	0.05927545867209182	0.05927545867209182	0.05927545867209182	0.06345161186526868	0.06345161186526868	0.09741260633494357	0.05927545867209182	0.12690322373053736
UP000000680	0.01758680889799033	0.031317466379344516	0.031317466379344516	0.031317466379344516	0.031317466379344516	0.04011274020422576	0.031317466379344516	0.01758680889799033	0.06263867151046118	0.031317466379344516	0.06263867151046118	0.06263867151046118	0.04890135629866799	0.04890135629866799	0.04890135629866799	0.06263493275868903	0.06263493275868903	0.10274767296291479	0.04890135629866799	0.12526986551737807
UP000000725	0.01685036582712704	0.03164206558665601	0.03164206558665601	0.03164206558665601	0.03164206558665601	0.036045916921591134	0.03164206558665601	0.01685036582712704	0.05524146801605523	0.03164206558665601	0.05524146801605523	0.05524146801605523	0.05555249526697544	0.05555249526697544	0.05555249526697544	0.06328413117331202	0.06328413117331202	0.09933004809490316	0.05555249526697544	0.12656826234662405
UP000000728	0.015800767602211014	0.031743142261899615	0.031743142261899615	0.031743142261899615	0.031743142261899615	0.03146118596199116	0.031743142261899615	0.015800767602211014	0.047121604321771315	0.031743142261899615	0.047121604321771315	0.047121604321771315	0.06405525092897198	0.06405525092897198	0.06405525092897198	0.06348628452379923	0.06348628452379923	0.09494747048579039	0.06405525092897198	0.12697256904759846
UP000000729	0.010581058263809038	0.029191392898992	0.029191392898992	0.029191392898992	0.029191392898992	0.016597005648788493	0.029191392898992	0.010581058263809038	0.022612953033767952	0.029191392898992	0.022612953033767952	0.022612953033767952	0.10268568167240728	0.10268568167240728	0.10268568167240728	0.058382785797984	0.058382785797984	0.07497979144677247	0.10268568167240728	0.116765571595968
UP000000730	0.010199916607078153	0.02885719096461884	0.02885719096461884	0.02885719096461884	0.02885719096461884	0.015776202660313987	0.02885719096461884	0.010199916607078153	0.02135248871354982	0.02885719096461884	0.02135248871354982	0.02135248871354982	0.10556880997266621	0.10556880997266621	0.10556880997266621	0.05771438192923768	0.05771438192923768	0.07349058458955167	0.10556880997266621	0.11542876385847536
UP000000735	0.01845929466358932	0.030318696384071267	0.030318696384071267	0.030318696384071267	0.030318696384071267	0.04719139831505158	0.030318696384071267	0.01845929466358932	0.07592350196651385	0.030318696384071267	0.07592350196651385	0.07592350196651385	0.038957241499509125	0.038957241499509125	0.038957241499509125	0.060637392768142534	0.060637392768142534	0.10782879108319413	0.038957241499509125	0.12127478553628507
UP000000744	0.01874090218455544	0.029519376712403785	0.029519376712403785	0.029519376712403785	0.029519376712403785	0.051326349576356955	0.029519376712403785	0.01874090218455544	0.08391179696815847	0.029519376712403785	0.08391179696815847	0.08391179696815847	0.03395501954380979	0.03395501954380979	0.03395501954380979	0.05903875342480757	0.05903875342480757	0.11036510300116453	0.03395501954380979	0.11807750684961514
UP000000825	0.01748167898743541	0.03138226551662653	0.03138226551662653	0.03138226551662653	0.03138226551662653	0.03946701748937302	0.03138226551662653	0.01748167898743541	0.06145235599131064	0.03138226551662653	0.06145235599131064	0.06145235599131064	0.04990732270160666	0.04990732270160666	0.04990732270160666	0.06276453103325307	0.06276453103325307	0.10223154852262607	0.04990732270160666	0.12552906206650613
UP000000826	0.016606352007126682	0.03169622764449549	0.03169622764449549	0.03169622764449549	0.03169622764449549	0.034881580618135045	0.03169622764449549	0.016606352007126682	0.05315680922914341	0.03169622764449549	0.05315680922914341	0.05315680922914341	0.05760351618752958	0.05760351618752958	0.05760351618752958	0.06339245528899098	0.06339245528899098	0.09827403590712604	0.05760351618752958	0.12678491057798197
UP000000831	0.013467148457071918	0.031102127037060796	0.031102127037060796	0.031102127037060796	0.031102127037060796	0.0237514868667945	0.031102127037060796	0.013467148457071918	0.03403582527651708	0.031102127037060796	0.03403582527651708	0.03403582527651708	0.0814553052324358	0.0814553052324358	0.0814553052324358	0.06220425407412159	0.06220425407412159	0.0859557409409161	0.0814553052324358	0.12440850814824318
UP000000832	0.018596730657410954	0.030002713748296224	0.030002713748296224	0.030002713748296224	0.030002713748296224	0.04891751829917543	0.030002713748296224	0.018596730657410954	0.07923830594093989	0.030002713748296224	0.07923830594093989	0.07923830594093989	0.03680329107281702	0.03680329107281702	0.03680329107281702	0.06000542749659245	0.06000542749659245	0.10892294579576788	0.03680329107281702	0.1200108549931849
UP000000834	0.01761538139725594	0.0312985247968785	0.0312985247968785	0.0312985247968785	0.0312985247968785	0.0402930405219385	0.0312985247968785	0.01761538139725594	0.06297069964662107	0.0312985247968785	0.06297069964662107	0.06297069964662107	0.04862366511792295	0.04862366511792295	0.04862366511792295	0.062597049593757	0.062597049593757	0.1028900901156955	0.04862366511792295	0.125194099187514
UP000000835	0.01873346347164593	0.029551123702240497	0.029551123702240497	0.029551123702240497	0.029551123702240497	0.051175104839800034	0.029551123702240497	0.01873346347164593	0.08361674620795415	0.029551123702240497	0.08361674620795415	0.08361674620795415	0.03412866137934941	0.03412866137934941	0.03412866137934941	0.059102247404480994	0.059102247404480994	0.11027735224428105	0.03412866137934941	0.11820449480896199
UP000000839	0.018867682045277195	0.028243649073733876	0.028243649073733876	0.028243649073733876	0.028243649073733876	0.05683597104215867	0.028243649073733876	0.018867682045277195	0.09480426003904015	0.028243649073733876	0.09480426003904015	0.09480426003904015	0.02807038213206645	0.02807038213206645	0.02807038213206645	0.05648729814746775	0.05648729814746775	0.11332326918962642	0.02807038213206645	0.1129745962949355
UP000000840	0.016468842116599415	0.031717652811217675	0.031717652811217675	0.031717652811217675	0.031717652811217675	0.03425532829530192	0.031717652811217675	0.016468842116599415	0.05204181447400443	0.031717652811217675	0.05204181447400443	0.05204181447400443	0.05873594269367533	0.05873594269367533	0.05873594269367533	0.06343530562243535	0.06343530562243535	0.09769063391773729	0.05873594269367533	0.1268706112448707
UP000000842	0.011437079960616884	0.02987261812837588	0.02987261812837588	0.02987261812837588	0.02987261812837588	0.018532440933279232	0.02987261812837588	0.011437079960616884	0.025627801905941584	0.02987261812837588	0.025627801905941584	0.025627801905941584	0.09630391561009223	0.09630391561009223	0.09630391561009223	0.05974523625675176	0.05974523625675176	0.07827767719003098	0.09630391561009223	0.11949047251350352
UP000000846	0.01686031443796478	0.03163938534998384	0.03163938534998384	0.03163938534998384	0.03163938534998384	0.03609496082672127	0.03163938534998384	0.01686031443796478	0.055329607215477764	0.03163938534998384	0.055329607215477764	0.055329607215477764	0.05546761555611328	0.05546761555611328	0.05546761555611328	0.06327877069996768	0.06327877069996768	0.09937373152668896	0.05546761555611328	0.12655754139993536
UP000000853	0.0174429240728886	0.03140432196007891	0.03140432196007891	0.03140432196007891	0.03140432196007891	0.03923555563249149	0.03140432196007891	0.0174429240728886	0.06102818719209439	0.03140432196007891	0.06102818719209439	0.06102818719209439	0.05027233191292353	0.05027233191292353	0.05027233191292353	0.06280864392015782	0.06280864392015782	0.1020441995526493	0.05027233191292353	0.12561728784031564
UP000000854	0.018456023653816205	0.030325198950144176	0.030325198950144176	0.030325198950144176	0.030325198950144176	0.04715429464620808	0.030325198950144176	0.018456023653816205	0.07585256563859996	0.030325198950144176	0.07585256563859996	0.07585256563859996	0.03900462082046122	0.03900462082046122	0.03900462082046122	0.06065039790028835	0.06065039790028835	0.10780469254649641	0.03900462082046122	0.1213007958005767
UP000000862	0.018239957962214497	0.030685260058489254	0.030685260058489254	0.030685260058489254	0.030685260058489254	0.04497262092930612	0.030685260058489254	0.018239957962214497	0.07170528389639776	0.030685260058489254	0.07170528389639776	0.07170528389639776	0.04187370739798435	0.04187370739798435	0.04187370739798435	0.06137052011697851	0.06137052011697851	0.10634314104628463	0.04187370739798435	0.12274104023395702
UP000000866	0.018242007996422605	0.024855727510571718	0.024855727510571718	0.024855727510571718	0.024855727510571718	0.06855724362587898	0.024855727510571718	0.018242007996422605	0.11887247925533535	0.024855727510571718	0.11887247925533535	0.11887247925533535	0.018023104705060865	0.018023104705060865	0.018023104705060865	0.049711455021143436	0.049711455021143436	0.11826869864702241	0.018023104705060865	0.09942291004228687
UP000000867	0.017787863658048478	0.03117065441721282	0.03117065441721282	0.03117065441721282	0.03117065441721282	0.041430771868404395	0.03117065441721282	0.017787863658048478	0.06507368007876031	0.03117065441721282	0.06507368007876031	0.06507368007876031	0.04690280450885204	0.04690280450885204	0.04690280450885204	0.06234130883442564	0.06234130883442564	0.10377208070283005	0.04690280450885204	0.12468261766885128
UP000000868	0.01845020821410883	0.030336664119559993	0.030336664119559993	0.030336664119559993	0.030336664119559993	0.047088701121642006	0.030336664119559993	0.01845020821410883	0.07572719402917519	0.030336664119559993	0.07572719402917519	0.07572719402917519	0.039088493332003246	0.039088493332003246	0.039088493332003246	0.060673328239119986	0.060673328239119986	0.107762029360762	0.039088493332003246	0.12134665647823997
UP000000869	0.010524730470315265	0.029143209837684175	0.029143209837684175	0.029143209837684175	0.029143209837684175	0.016474193328539874	0.029143209837684175	0.010524730470315265	0.02242365618676449	0.029143209837684175	0.02242365618676449	0.02242365618676449	0.10310995660976237	0.10310995660976237	0.10310995660976237	0.05828641967536835	0.05828641967536835	0.07476061300390824	0.10310995660976237	0.1165728393507367
UP000000870	0.010401539665088598	0.02903637553602397	0.02903637553602397	0.02903637553602397	0.02903637553602397	0.01620744148004141	0.02903637553602397	0.010401539665088598	0.022013343294994218	0.02903637553602397	0.022013343294994218	0.022013343294994218	0.10403999981209343	0.10403999981209343	0.10403999981209343	0.05807275107204794	0.05807275107204794	0.07428019255208936	0.10403999981209343	0.11614550214409589
UP000000871	0.018422679517898558	0.02545781886000002	0.02545781886000002	0.02545781886000002	0.02545781886000002	0.06666552221301121	0.02545781886000002	0.018422679517898558	0.11490836490812387	0.02545781886000002	0.11490836490812387	0.11490836490812387	0.01944335001345214	0.01944335001345214	0.01944335001345214	0.05091563772000004	0.05091563772000004	0.11758115993301126	0.01944335001345214	0.10183127544000008
UP000000872	0.015484867226075652	0.01894324046338804	0.01894324046338804	0.01894324046338804	0.01894324046338804	0.08481836495911195	0.01894324046338804	0.015484867226075652	0.15415186269214826	0.01894324046338804	0.15415186269214826	0.15415186269214826	0.008461525034742878	0.008461525034742878	0.008461525034742878	0.03788648092677608	0.03788648092677608	0.12270484588588802	0.008461525034742878	0.07577296185355216
