	M	W	C	D	E	F	H	K	N	Q	Y	I	A	G	P	T	V	L	R	S
Start	9.0	1.0	1.0	3.0	3.0	2.0	1.0	4.0	3.0	2.0	1.0	3.0	5.0	3.0	3.0	4.0	4.0	6.0	4.0	6.0
M	4.0	3.0	3.0	9.0	11.0	8.0	4.0	11.0	8.0	7.0	6.0	11.0	12.0	11.0	8.0	11.0	11.0	17.0	9.0	14.0
W	3.0	2.0	2.0	7.0	6.0	5.0	3.0	6.0	5.0	4.0	4.0	7.0	7.0	7.0	6.0	7.0	7.0	10.0	6.0	8.0
C	3.0	2.0	4.0	7.0	8.0	6.0	4.0	9.0	6.0	5.0	5.0	8.0	8.0	8.0	7.0	9.0	8.0	13.0	8.0	10.0
D	9.0	7.0	7.0	26.0	26.0	16.0	9.0	25.0	17.0	15.0	14.0	22.0	25.0	23.0	19.0	24.0	25.0	35.0	22.0	30.0
E	11.0	6.0	8.0	26.0	34.0	18.0	10.0	31.0	21.0	19.0	15.0	27.0	29.0	26.0	23.0	27.0	30.0	44.0	25.0	33.0
F	8.0	5.0	6.0	16.0	18.0	14.0	7.0	18.0	14.0	10.0	11.0	19.0	19.0	17.0	14.0	18.0	20.0	30.0	16.0	24.0
H	4.0	3.0	4.0	9.0	10.0	7.0	4.0	10.0	8.0	7.0	7.0	10.0	11.0	10.0	8.0	11.0	11.0	16.0	10.0	13.0
K	11.0	6.0	9.0	25.0	31.0	18.0	10.0	32.0	21.0	18.0	16.0	28.0	29.0	28.0	21.0	26.0	29.0	42.0	26.0	34.0
N	8.0	5.0	6.0	17.0	21.0	14.0	8.0	21.0	16.0	15.0	12.0	20.0	22.0	21.0	16.0	22.0	22.0	31.0	18.0	24.0
Q	7.0	4.0	5.0	15.0	19.0	10.0	7.0	18.0	15.0	14.0	9.0	18.0	18.0	18.0	15.0	20.0	19.0	27.0	16.0	21.0
Y	6.0	4.0	5.0	14.0	15.0	11.0	7.0	16.0	12.0	9.0	10.0	15.0	16.0	15.0	13.0	16.0	17.0	23.0	13.0	18.0
I	11.0	7.0	8.0	22.0	27.0	19.0	10.0	28.0	20.0	18.0	15.0	28.0	26.0	29.0	21.0	27.0	30.0	42.0	25.0	32.0
A	12.0	7.0	8.0	25.0	29.0	19.0	11.0	29.0	22.0	18.0	16.0	26.0	34.0	29.0	24.0	29.0	29.0	42.0	26.0	35.0
G	11.0	7.0	8.0	23.0	26.0	17.0	10.0	28.0	21.0	18.0	15.0	29.0	29.0	34.0	24.0	29.0	30.0	42.0	25.0	34.0
P	8.0	6.0	7.0	19.0	23.0	14.0	8.0	21.0	16.0	15.0	13.0	21.0	24.0	24.0	24.0	25.0	23.0	31.0	20.0	26.0
T	11.0	7.0	9.0	24.0	27.0	18.0	11.0	26.0	22.0	20.0	16.0	27.0	29.0	29.0	25.0	34.0	30.0	43.0	23.0	35.0
V	11.0	7.0	8.0	25.0	30.0	20.0	11.0	29.0	22.0	19.0	17.0	30.0	29.0	30.0	23.0	30.0	30.0	43.0	26.0	35.0
L	17.0	10.0	13.0	35.0	44.0	30.0	16.0	42.0	31.0	27.0	23.0	42.0	42.0	42.0	31.0	43.0	43.0	68.0	37.0	53.0
R	9.0	6.0	8.0	22.0	25.0	16.0	10.0	26.0	18.0	16.0	13.0	25.0	26.0	25.0	20.0	23.0	26.0	37.0	30.0	30.0
S	14.0	8.0	10.0	30.0	33.0	24.0	13.0	34.0	24.0	21.0	18.0	32.0	35.0	34.0	26.0	35.0	35.0	53.0	30.0	50.0
End	1.0	1.0	1.0	4.0	4.0	3.0	2.0	4.0	3.0	3.0	2.0	3.0	4.0	4.0	3.0	4.0	4.0	6.0	5.0	6.0
