Proteome_ID	M	W	C	D	E	F	H	K	N	Q	Y	I	A	G	P	T	V	L	R	S
UP000000242	0.01756520418338115	0.015250790388882053	0.0328159945722632	0.0328159945722632	0.0328159945722632	0.037796050594383956	0.0328159945722632	0.037796050594383956	0.037796050594383956	0.0328159945722632	0.037796050594383956	0.05802689700538677	0.056984234216620556	0.056984234216620556	0.056984234216620556	0.0656319891445264	0.0656319891445264	0.10342803973891038	0.08980022878888376	0.0984479837167896
UP000000254	0.019820436795831432	0.01110720905858816	0.030927645854419594	0.030927645854419594	0.030927645854419594	0.05518933214166944	0.030927645854419594	0.05518933214166944	0.05518933214166944	0.030927645854419594	0.05518933214166944	0.09055822748750746	0.03466319453335799	0.03466319453335799	0.03466319453335799	0.06185529170883919	0.06185529170883919	0.11704462385050862	0.06559084038777759	0.09278293756325877
UP000000262	0.013977715679252253	0.017977021077808367	0.03195473675706062	0.03195473675706062	0.03195473675706062	0.02484584198140116	0.03195473675706062	0.02484584198140116	0.02484584198140116	0.03195473675706062	0.02484584198140116	0.03571396828355006	0.08219525842411857	0.08219525842411857	0.08219525842411857	0.06390947351412124	0.06390947351412124	0.08875531549552239	0.11414999518117919	0.09586421027118185
UP000000346	0.01356443754640574	0.018167693962163993	0.03173213150856973	0.03173213150856973	0.03173213150856973	0.02369197306816911	0.03173213150856973	0.02369197306816911	0.02369197306816911	0.03173213150856973	0.02369197306816911	0.03381950858993248	0.08500163048302654	0.08500163048302654	0.08500163048302654	0.06346426301713946	0.06346426301713946	0.08715623608530858	0.11673376199159628	0.0951963945257092
UP000000365	0.016088044704878745	0.016643972300093565	0.03273201700497231	0.03273201700497231	0.03273201700497231	0.03163873042818544	0.03273201700497231	0.03163873042818544	0.03163873042818544	0.03273201700497231	0.03163873042818544	0.047189416151492136	0.0677261649070059	0.0677261649070059	0.0677261649070059	0.06546403400994462	0.06546403400994462	0.09710276443813005	0.10045818191197822	0.09819605101491694
UP000000391	0.019681579308070032	0.011611724227732614	0.03129330353580265	0.03129330353580265	0.03129330353580265	0.053041359170452274	0.03129330353580265	0.053041359170452274	0.053041359170452274	0.03129330353580265	0.053041359170452274	0.08640113903283451	0.036924802135515425	0.036924802135515425	0.036924802135515425	0.0625866070716053	0.0625866070716053	0.11562796624205757	0.06821810567131807	0.09387991060740795
UP000000536	0.015513520505694482	0.017071916651822523	0.03258543715751701	0.03258543715751701	0.03258543715751701	0.029610901800893714	0.03258543715751701	0.029610901800893714	0.029610901800893714	0.03258543715751701	0.029610901800893714	0.043708283096092954	0.07171755334479157	0.07171755334479157	0.07171755334479157	0.06517087431503402	0.06517087431503402	0.09478177611592771	0.10430299050230858	0.09775631147255102
UP000000554	0.009485571989061794	0.018957724377172004	0.0284432963662338	0.0284432963662338	0.0284432963662338	0.014231715258663215	0.0284432963662338	0.014231715258663215	0.014231715258663215	0.0284432963662338	0.014231715258663215	0.018977858528264637	0.11369270582966964	0.11369270582966964	0.11369270582966964	0.0568865927324676	0.0568865927324676	0.07111830799113081	0.14213600219590344	0.0853298890987014
UP000000578	0.02001143156043082	0.00903041500534499	0.029041846565775808	0.029041846565775808	0.029041846565775808	0.06435683460788555	0.029041846565775808	0.06435683460788555	0.06435683460788555	0.029041846565775808	0.06435683460788555	0.10870223765534026	0.02621101106320478	0.02621101106320478	0.02621101106320478	0.058083693131551616	0.058083693131551616	0.12244052773943714	0.055252857628980585	0.08712553969732742
UP000000590	0.019983746314006214	0.010170023131576136	0.03015376944558235	0.03015376944558235	0.03015376944558235	0.05925112177381662	0.03015376944558235	0.05925112177381662	0.05925112177381662	0.03015376944558235	0.05925112177381662	0.09851849723362703	0.030691395691993053	0.030691395691993053	0.030691395691993053	0.0603075388911647	0.0603075388911647	0.11955866066498132	0.0608451651375754	0.09046130833674706
UP000000641	0.013352616974437834	0.018257297219380443	0.03160991419381828	0.03160991419381828	0.03160991419381828	0.02311815772911125	0.03160991419381828	0.02311815772911125	0.02311815772911125	0.03160991419381828	0.02311815772911125	0.03288369848378467	0.08644172144239166	0.08644172144239166	0.08644172144239166	0.06321982838763655	0.06321982838763655	0.08633798611674781	0.11805163563620992	0.09482974258145482
UP000000663	0.014151716170644188	0.017890349604191304	0.03204206577483549	0.03204206577483549	0.03204206577483549	0.02534607933320381	0.03204206577483549	0.02534607933320381	0.02534607933320381	0.03204206577483549	0.02534607933320381	0.03654044249576344	0.08101402711021241	0.08101402711021241	0.08101402711021241	0.06408413154967098	0.06408413154967098	0.0894302108828748	0.1130560928850479	0.09612619732450649
UP000000674	0.014646288048063397	0.01762262127310928	0.03226890932117268	0.03226890932117268	0.03226890932117268	0.026818924017615535	0.03226890932117268	0.026818924017615535	0.026818924017615535	0.03226890932117268	0.026818924017615535	0.03899155998716767	0.07765281769649796	0.07765281769649796	0.07765281769649796	0.06453781864234535	0.06453781864234535	0.0913567426599609	0.10992172701767063	0.09680672796351802
UP000000740	0.010279507135345622	0.01896063486154406	0.02924014199688968	0.02924014199688968	0.02924014199688968	0.01585254135689154	0.02924014199688968	0.01585254135689154	0.01585254135689154	0.02924014199688968	0.01585254135689154	0.02142557557843746	0.10786736142171748	0.10786736142171748	0.10786736142171748	0.05848028399377936	0.05848028399377936	0.0743328253506709	0.13710750341860714	0.08772042599066905
UP000000758	0.013684616848854586	0.018114424502501402	0.031799041351355986	0.031799041351355986	0.031799041351355986	0.02402271719943956	0.031799041351355986	0.02402271719943956	0.02402271719943956	0.031799041351355986	0.02402271719943956	0.03436081755002453	0.08418523370777047	0.08418523370777047	0.08418523370777047	0.06359808270271197	0.06359808270271197	0.08762079990215153	0.11598427505912647	0.09539712405406797
UP000000792	0.01995245883864551	0.010419077420767524	0.03037153625941303	0.03037153625941303	0.03037153625941303	0.05816127499681522	0.03037153625941303	0.05816127499681522	0.05816127499681522	0.03037153625941303	0.05816127499681522	0.09637009115498492	0.03171973842758265	0.03171973842758265	0.03171973842758265	0.06074307251882606	0.06074307251882606	0.11890434751564127	0.06209127468699568	0.0911146087782391
UP000000805	0.020021239747491416	0.009251391657388437	0.029272631404879852	0.029272631404879852	0.029272631404879852	0.06334986055087069	0.029272631404879852	0.06334986055087069	0.06334986055087069	0.029272631404879852	0.06334986055087069	0.10667848135424997	0.027052528353329768	0.027052528353329768	0.027052528353329768	0.058545262809759704	0.058545262809759704	0.1218951233606304	0.05632515975820962	0.08781789421463955
UP000001013	0.01903881757160833	0.013146646431919224	0.03218546400352755	0.03218546400352755	0.03218546400352755	0.046610607563990866	0.03218546400352755	0.046610607563990866	0.046610607563990866	0.03218546400352755	0.046610607563990866	0.07418239755637342	0.04444928514180784	0.04444928514180784	0.04444928514180784	0.0643709280070551	0.0643709280070551	0.11098153557104597	0.0766347491453354	0.09655639201058265
UP000001015	0.02000321351712395	0.00996005150251766	0.02996326501964161	0.02996326501964161	0.02996326501964161	0.060176555081724044	0.02996326501964161	0.060176555081724044	0.060176555081724044	0.02996326501964161	0.060176555081724044	0.10034989664632413	0.029838771907697476	0.029838771907697476	0.029838771907697476	0.05992653003928322	0.05992653003928322	0.12010308512100727	0.05980203692733909	0.08988979505892485
UP000001018	0.019693387069444766	0.011573350114550391	0.03126673718399516	0.03126673718399516	0.03126673718399516	0.05320395146336063	0.03126673718399516	0.05320395146336063	0.05320395146336063	0.03126673718399516	0.05320395146336063	0.08671451585727648	0.036749482970499465	0.036749482970499465	0.036749482970499465	0.06253347436799032	0.06253347436799032	0.11573742583135094	0.06801622015449463	0.09380021155198548
UP000001024	0.017495063119429787	0.015328766908018054	0.03282383002744784	0.03282383002744784	0.03282383002744784	0.03746256835905423	0.03282383002744784	0.03746256835905423	0.03746256835905423	0.03282383002744784	0.03746256835905423	0.05743007359867867	0.057518951041721174	0.057518951041721174	0.057518951041721174	0.06564766005489568	0.06564766005489568	0.10311022841394993	0.09034278106916901	0.09847149008234353
UP000001059	0.018536497399912318	0.013991862667493655	0.032528360067405976	0.032528360067405976	0.032528360067405976	0.043093752143072615	0.032528360067405976	0.043093752143072615	0.043093752143072615	0.032528360067405976	0.043093752143072615	0.06765100688623292	0.04910661782997709	0.04910661782997709	0.04910661782997709	0.06505672013481195	0.06505672013481195	0.10815047227788456	0.08163497789738307	0.0975850802022179
UP000001137	0.018396040113826194	0.01419897297146693	0.03259501308529312	0.03259501308529312	0.03259501308529312	0.042229756295239555	0.03259501308529312	0.042229756295239555	0.042229756295239555	0.03259501308529312	0.042229756295239555	0.06606347247665292	0.05031688417061479	0.05031688417061479	0.05031688417061479	0.06519002617058624	0.06519002617058624	0.10741978246582581	0.08291189725590792	0.09778503925587938
UP000001169	0.011699132785089375	0.018773832144506657	0.03047296492959603	0.03047296492959603	0.03047296492959603	0.01898958402965332	0.03047296492959603	0.01898958402965332	0.01898958402965332	0.03047296492959603	0.01898958402965332	0.02628003527421726	0.09780115142599494	0.09780115142599494	0.09780115142599494	0.06094592985919206	0.06094592985919206	0.07993551388884537	0.12827411635559097	0.09141889478878809
UP000001304	0.019831001224912204	0.011062625980323572	0.03089362720523578	0.03089362720523578	0.03089362720523578	0.055380301208655	0.03089362720523578	0.055380301208655	0.055380301208655	0.03089362720523578	0.055380301208655	0.09092960119239779	0.034467714370138715	0.034467714370138715	0.034467714370138715	0.06178725441047156	0.06178725441047156	0.11716755561912653	0.06536134157537449	0.09268088161570733
UP000001400	0.019341041681657494	0.012521859805043948	0.03186290148670144	0.03186290148670144	0.03186290148670144	0.04921487026269068	0.03186290148670144	0.04921487026269068	0.04921487026269068	0.03186290148670144	0.04921487026269068	0.07908869884372388	0.04125763151389989	0.04125763151389989	0.04125763151389989	0.06372580297340288	0.06372580297340288	0.11294067323609358	0.07312053300060133	0.09558870446010434
UP000001686	0.016587341380128923	0.01622529308463983	0.03281263446476875	0.03281263446476875	0.03281263446476875	0.03354480973682732	0.03281263446476875	0.03354480973682732	0.03354480973682732	0.03281263446476875	0.03354480973682732	0.05050227809352572	0.0641928804465094	0.0641928804465094	0.0641928804465094	0.0656252689295375	0.0656252689295375	0.09917007866636483	0.09700551491127817	0.09843790339430628
UP000001746	0.009746927171811947	0.018967517852109733	0.02871444502392168	0.02871444502392168	0.02871444502392168	0.01475562625586416	0.02871444502392168	0.01475562625586416	0.01475562625586416	0.02871444502392168	0.01475562625586416	0.019764325339916372	0.11175660574950402	0.11175660574950402	0.11175660574950402	0.05742889004784336	0.05742889004784336	0.07218451630370752	0.1404710507734257	0.08614333507176504
UP000001826	0.01204189312642232	0.018693076653121546	0.030734969779543864	0.030734969779543864	0.030734969779543864	0.019799160309294676	0.030734969779543864	0.019799160309294676	0.019799160309294676	0.030734969779543864	0.019799160309294676	0.02755642749216703	0.09542206362216443	0.09542206362216443	0.09542206362216443	0.06146993955908773	0.06146993955908773	0.0812690998683824	0.1261570334017083	0.0922049093386316
UP000001879	0.011767575657992435	0.018758803088731	0.030526378746723436	0.030526378746723436	0.030526378746723436	0.01914948783072391	0.030526378746723436	0.01914948783072391	0.01914948783072391	0.030526378746723436	0.01914948783072391	0.026531400003455385	0.09732477522383752	0.09732477522383752	0.09732477522383752	0.06105275749344687	0.06105275749344687	0.08020224532417078	0.12785115397056096	0.09157913624017029
UP000001901	0.018803670769173463	0.013565655197365996	0.03236932596653946	0.03236932596653946	0.03236932596653946	0.04486787697604519	0.03236932596653946	0.04486787697604519	0.04486787697604519	0.03236932596653946	0.04486787697604519	0.07093208318291692	0.04670482911805648	0.04670482911805648	0.04670482911805648	0.06473865193307891	0.06473865193307891	0.10960652890912409	0.07907415508459595	0.09710797789961838
UP000001931	0.01988968563938772	0.008120632830318091	0.028010318469705812	0.028010318469705812	0.028010318469705812	0.06860505094401144	0.028010318469705812	0.06860505094401144	0.06860505094401144	0.028010318469705812	0.06860505094401144	0.11732041624863515	0.022872308379003656	0.022872308379003656	0.022872308379003656	0.056020636939411624	0.056020636939411624	0.12462568788342307	0.050882626848709464	0.08403095540911744
UP000001941	0.017737255663546465	0.015053268488198403	0.03279052415174487	0.03279052415174487	0.03279052415174487	0.03863705152652879	0.03279052415174487	0.03863705152652879	0.03863705152652879	0.03279052415174487	0.03863705152652879	0.059536847389511115	0.05565737713748173	0.05565737713748173	0.05565737713748173	0.06558104830348974	0.06558104830348974	0.10421809983001852	0.08844790128922658	0.0983715724552346
UP000001974	0.019784257842428384	0.011251834139846498	0.03103609198227488	0.03103609198227488	0.03103609198227488	0.054571195999430826	0.03103609198227488	0.054571195999430826	0.054571195999430826	0.03103609198227488	0.054571195999430826	0.08935813415643327	0.03530210353250362	0.03530210353250362	0.03530210353250362	0.06207218396454976	0.06207218396454976	0.1166433799639806	0.06633819551477849	0.09310827594682464
UP000001975	0.01688531883774703	0.015952003854189364	0.0328373226919364	0.0328373226919364	0.0328373226919364	0.03475855876788265	0.0328373226919364	0.03475855876788265	0.03475855876788265	0.0328373226919364	0.03475855876788265	0.05263179869801827	0.062044561097896515	0.062044561097896515	0.062044561097896515	0.0656746453838728	0.0656746453838728	0.10043320415175545	0.09488188378983292	0.0985119680758092
UP000002071	0.010960019549887642	0.018901079823265762	0.029861099373153406	0.029861099373153406	0.029861099373153406	0.017315319334721017	0.029861099373153406	0.017315319334721017	0.017315319334721017	0.029861099373153406	0.017315319334721017	0.023670619119554395	0.1029937985590965	0.1029937985590965	0.1029937985590965	0.05972219874630681	0.05972219874630681	0.07703751808102784	0.13285489793224992	0.08958329811946023
UP000002199	0.01682345003515308	0.016010299365120637	0.03283374940027372	0.03283374940027372	0.03283374940027372	0.03450135003131967	0.03283374940027372	0.03450135003131967	0.03450135003131967	0.03283374940027372	0.03450135003131967	0.05217925002748627	0.06249350235288397	0.06249350235288397	0.06249350235288397	0.06566749880054744	0.06566749880054744	0.10016884883186712	0.09532725175315769	0.09850124820082115
UP000002315	0.020018454547420936	0.00916892918721968	0.029187383734640616	0.029187383734640616	0.029187383734640616	0.06372459670257428	0.029187383734640616	0.06372459670257428	0.06372459670257428	0.029187383734640616	0.06372459670257428	0.10743073885772765	0.026737034468787762	0.026737034468787762	0.026737034468787762	0.05837476746928123	0.05837476746928123	0.12209936417185555	0.05592441820342838	0.08756215120392186
UP000002376	0.017483095272572486	0.015341930423146664	0.03282502569571915	0.03282502569571915	0.03282502569571915	0.037406182646811476	0.03282502569571915	0.037406182646811476	0.037406182646811476	0.03282502569571915	0.037406182646811476	0.05732927002105046	0.057609851403346436	0.057609851403346436	0.057609851403346436	0.0656500513914383	0.0656500513914383	0.10305623403824977	0.09043487709906559	0.09847507708715746
UP000002408	0.014428602480410965	0.01774441903357262	0.03217302151398359	0.03217302151398359	0.03217302151398359	0.026160999531215173	0.03217302151398359	0.026160999531215173	0.026160999531215173	0.03217302151398359	0.026160999531215173	0.03789339658201938	0.07913331538454184	0.07913331538454184	0.07913331538454184	0.06434604302796718	0.06434604302796718	0.09050704255918235	0.11130633689852543	0.09651906454195075
UP000002439	0.01584714570287943	0.016830013701639467	0.032677159404518895	0.032677159404518895	0.032677159404518895	0.03076882261772511	0.032677159404518895	0.03076882261772511	0.03076882261772511	0.032677159404518895	0.03076882261772511	0.04569049953257079	0.06940770922662529	0.06940770922662529	0.06940770922662529	0.06535431880903779	0.06535431880903779	0.09612314142676291	0.10208486863114417	0.0980314782135567
UP000002457	0.014070009397202772	0.01793152701897898	0.03200153641618175	0.03200153641618175	0.03200153641618175	0.025110071084522827	0.03200153641618175	0.025110071084522827	0.025110071084522827	0.03200153641618175	0.025110071084522827	0.03615013277184289	0.08156873228665876	0.08156873228665876	0.08156873228665876	0.0640030728323635	0.0640030728323635	0.08911314391688634	0.11357026870284051	0.09600460924854526
UP000002487	0.018185273644054124	0.014491501168992064	0.03267677481304619	0.03267677481304619	0.03267677481304619	0.04100583402994072	0.03267677481304619	0.04100583402994072	0.04100583402994072	0.03267677481304619	0.04100583402994072	0.06382639441582733	0.0520790096064325	0.0520790096064325	0.0520790096064325	0.06535354962609238	0.06535354962609238	0.10635938365603309	0.08475578441947867	0.09803032443913856
UP000002518	0.013846644822302284	0.018039788343220935	0.03188643316552322	0.03188643316552322	0.03188643316552322	0.024474794620248194	0.03188643316552322	0.024474794620248194	0.024474794620248194	0.03188643316552322	0.024474794620248194	0.03510294441819411	0.08308503795804832	0.08308503795804832	0.08308503795804832	0.06377286633104644	0.06377286633104644	0.08824766095129463	0.11497147112357155	0.09565929949656966
UP000002593	0.014999396060713436	0.01741136873766266	0.032410764798376096	0.032410764798376096	0.032410764798376096	0.027920946662274463	0.032410764798376096	0.027920946662274463	0.027920946662274463	0.032410764798376096	0.027920946662274463	0.04084249726383549	0.07524513316269371	0.07524513316269371	0.07524513316269371	0.06482152959675219	0.06482152959675219	0.09274247625902665	0.10765589796106981	0.09723229439512829
UP000002613	0.018229612055271363	0.01443163924426741	0.03266125129953877	0.03266125129953877	0.03266125129953877	0.04125670898174836	0.03266125129953877	0.04125670898174836	0.04125670898174836	0.03266125129953877	0.04125670898174836	0.06428380590822537	0.05171315709760311	0.05171315709760311	0.05171315709760311	0.06532250259907754	0.06532250259907754	0.1065792115808259	0.08437440839714189	0.09798375389861631
UP000002654	0.014477308211500688	0.017717714414829222	0.032195022626329915	0.032195022626329915	0.032195022626329915	0.026306850563496284	0.032195022626329915	0.026306850563496284	0.026306850563496284	0.032195022626329915	0.026306850563496284	0.03813639291549188	0.07880224806143706	0.07880224806143706	0.07880224806143706	0.06439004525265983	0.06439004525265983	0.0906968958161561	0.11099727068776698	0.09658506787898972
UP000002698	0.010833354597450212	0.018916394395117254	0.029749748992567465	0.029749748992567465	0.029749748992567465	0.01703757985215252	0.029749748992567465	0.01703757985215252	0.01703757985215252	0.029749748992567465	0.01703757985215252	0.023241805106854828	0.10389357793782576	0.10389357793782576	0.10389357793782576	0.05949949798513493	0.05949949798513493	0.07653707783728744	0.13364332693039319	0.08924924697770238
UP000005223	0.016443998666633642	0.016350303272375025	0.03279430193900867	0.03279430193900867	0.03279430193900867	0.03298222964887586	0.03279430193900867	0.03298222964887586	0.03298222964887586	0.03279430193900867	0.03298222964887586	0.04952046063111807	0.06521489002509101	0.06521489002509101	0.06521489002509101	0.06558860387801733	0.06558860387801733	0.09857083352689319	0.09800919196409967	0.098382905817026
UP000005877	0.011632465058261593	0.018787944731711498	0.03042040978997309	0.03042040978997309	0.03042040978997309	0.018834649504934187	0.03042040978997309	0.018834649504934187	0.018834649504934187	0.03042040978997309	0.018834649504934187	0.026036833951606782	0.0982658404710382	0.0982658404710382	0.0982658404710382	0.06084081957994618	0.06084081957994618	0.07967546908488038	0.1286862502610113	0.09126122936991929
UP000006565	0.017069161256859956	0.015773702595555484	0.032842863852415444	0.032842863852415444	0.032842863852415444	0.03554017427664287	0.032842863852415444	0.03554017427664287	0.03554017427664287	0.032842863852415444	0.03554017427664287	0.05401118729642579	0.06070052992042821	0.06070052992042821	0.06070052992042821	0.06568572770483089	0.06568572770483089	0.10122590198147376	0.09354339377284362	0.09852859155724633
UP000006622	0.019211574264866176	0.012804058371268575	0.03201563263613475	0.03201563263613475	0.03201563263613475	0.048037168075237176	0.03201563263613475	0.048037168075237176	0.048037168075237176	0.03201563263613475	0.048037168075237176	0.07686276188560819	0.04267531889001247	0.04267531889001247	0.04267531889001247	0.0640312652722695	0.0640312652722695	0.11206843334750669	0.07469095152614721	0.09604689790840426
UP000006663	0.012146640762513103	0.01866566240005078	0.030812303162563885	0.030812303162563885	0.030812303162563885	0.020051041830708976	0.030812303162563885	0.020051041830708976	0.020051041830708976	0.030812303162563885	0.020051041830708976	0.02795544289890485	0.09469812433663204	0.09469812433663204	0.09469812433663204	0.06162460632512777	0.06162460632512777	0.08167564815583676	0.12551042749919594	0.09243690948769166
UP000006681	0.017820128387195454	0.014954773593611647	0.0327749019808071	0.0327749019808071	0.0327749019808071	0.03905461741160855	0.0327749019808071	0.03905461741160855	0.03905461741160855	0.0327749019808071	0.03905461741160855	0.06028910643602165	0.055009843703255484	0.055009843703255484	0.055009843703255484	0.0655498039616142	0.0655498039616142	0.10460442137322278	0.0877847456840626	0.09832470594242132
UP000006794	0.009917635790321906	0.01896919167707936	0.028886827467401267	0.028886827467401267	0.028886827467401267	0.015102859354082017	0.028886827467401267	0.015102859354082017	0.015102859354082017	0.028886827467401267	0.015102859354082017	0.020288082917842124	0.11050209520833187	0.11050209520833187	0.11050209520833187	0.057773654934802535	0.057773654934802535	0.07287651428888454	0.13938892267573313	0.08666048240220381
UP000007478	0.018858831036222184	0.013471519725470548	0.03233035076169273	0.03233035076169273	0.03233035076169273	0.04525937940051258	0.03233035076169273	0.04525937940051258	0.04525937940051258	0.03233035076169273	0.04525937940051258	0.07165992776480297	0.0461893907613876	0.0461893907613876	0.0461893907613876	0.06466070152338546	0.06466070152338546	0.10992008092389804	0.07851974152308033	0.0969910522850782
UP000007490	0.019659809583962885	0.011680792668070485	0.03134060225203337	0.03134060225203337	0.03134060225203337	0.05274901199179271	0.03134060225203337	0.05274901199179271	0.05274901199179271	0.03134060225203337	0.05274901199179271	0.08583821439962253	0.037241772402220014	0.037241772402220014	0.037241772402220014	0.06268120450406674	0.06268120450406674	0.11543021649585945	0.0685823746542534	0.09402180675610013
UP000007722	0.02001125503329712	0.009027549273061758	0.029038804306358877	0.029038804306358877	0.029038804306358877	0.06436995260392181	0.029038804306358877	0.06436995260392181	0.06436995260392181	0.029038804306358877	0.06436995260392181	0.10872865017454651	0.026200179476025612	0.026200179476025612	0.026200179476025612	0.058077608612717754	0.058077608612717754	0.12244756121663956	0.05523898378238449	0.08711641291907662
UP000007807	0.015708791093539287	0.016932490830400968	0.03264128192394025	0.03264128192394025	0.03264128192394025	0.030282318408103654	0.03264128192394025	0.030282318408103654	0.030282318408103654	0.03264128192394025	0.030282318408103654	0.04485584572266803	0.07036801286344242	0.07036801286344242	0.07036801286344242	0.0652825638478805	0.0652825638478805	0.09556488225598415	0.10300929478738267	0.09792384577182076
UP000008243	0.009679105806528964	0.01896582214172502	0.028644927948253983	0.028644927948253983	0.028644927948253983	0.014618785642916044	0.028644927948253983	0.014618785642916044	0.014618785642916044	0.028644927948253983	0.014618785642916044	0.019558465479303126	0.11225718978351319	0.11225718978351319	0.11225718978351319	0.057289855896507966	0.057289855896507966	0.07190864153942401	0.1409021177317672	0.08593478384476196
UP000008680	0.01983713861028079	0.011036171943864841	0.03087331055414563	0.03087331055414563	0.03087331055414563	0.055493711400654136	0.03087331055414563	0.055493711400654136	0.055493711400654136	0.03087331055414563	0.055493711400654136	0.0911502841910275	0.03435204748484292	0.03435204748484292	0.03435204748484292	0.06174662110829126	0.06174662110829126	0.1172403325089454	0.06522535803898855	0.0926199316624369
UP000009079	0.01917228640228566	0.012885052367681449	0.03205733876996711	0.03205733876996711	0.03205733876996711	0.047699649380897276	0.03205733876996711	0.047699649380897276	0.047699649380897276	0.03205733876996711	0.047699649380897276	0.07622701235950889	0.043089330104132725	0.043089330104132725	0.043089330104132725	0.06411467753993422	0.06411467753993422	0.11181432692083151	0.07514666887409985	0.09617201630990134
UP000009227	0.020006994335820247	0.009908843068876213	0.02991583740469646	0.02991583740469646	0.02991583740469646	0.06040321613196787	0.02991583740469646	0.06040321613196787	0.06040321613196787	0.02991583740469646	0.06040321613196787	0.10079943792811549	0.029632770734225444	0.029632770734225444	0.029632770734225444	0.05983167480939292	0.05983167480939292	0.12023489094136079	0.059548608138921905	0.08974751221408939
UP000011511	0.010234235343366569	0.01896259583719387	0.02919683118056044	0.02919683118056044	0.02919683118056044	0.015757718202078018	0.02919683118056044	0.015757718202078018	0.015757718202078018	0.02919683118056044	0.015757718202078018	0.02128120106078947	0.10819522725996338	0.10819522725996338	0.10819522725996338	0.05839366236112088	0.05839366236112088	0.07415138056319888	0.13739205844052382	0.08759049354168132
UP000011554	0.01112457798786862	0.01887832938765504	0.03000290737552366	0.03000290737552366	0.03000290737552366	0.017680043403632474	0.03000290737552366	0.017680043403632474	0.017680043403632474	0.03000290737552366	0.017680043403632474	0.02423550881939633	0.10182943903851568	0.10182943903851568	0.10182943903851568	0.06000581475104732	0.06000581475104732	0.07768585815467981	0.13183234641403935	0.09000872212657099
UP000012076	0.012915437975621636	0.018425178161447554	0.03134061613706919	0.03134061613706919	0.03134061613706919	0.021968731064051908	0.03134061613706919	0.021968731064051908	0.021968731064051908	0.03134061613706919	0.021968731064051908	0.031022024152482182	0.08942111558353781	0.08942111558353781	0.08942111558353781	0.06268123227413838	0.06268123227413838	0.08464996333819029	0.12076173172060702	0.09402184841120757
UP000012672	0.013994981426440165	0.017968592129523762	0.03196357355596392	0.03196357355596392	0.03196357355596392	0.024895084434766183	0.03196357355596392	0.024895084434766183	0.024895084434766183	0.03196357355596392	0.024895084434766183	0.0357951874430922	0.08207805337191354	0.08207805337191354	0.08207805337191354	0.06392714711192785	0.06392714711192785	0.08882223154669404	0.11404162692787746	0.09589072066789177
UP000014070	0.018789824786058108	0.013588923721778152	0.03237874850783626	0.03237874850783626	0.03237874850783626	0.04477109620381869	0.03237874850783626	0.04477109620381869	0.04477109620381869	0.03237874850783626	0.04477109620381869	0.07075236762157928	0.04683304380848679	0.04683304380848679	0.04683304380848679	0.06475749701567252	0.06475749701567252	0.1095285932194912	0.07921179231632304	0.09713624552350876
UP000053352	0.010950463704362385	0.01890230198176842	0.029852765686130805	0.029852765686130805	0.029852765686130805	0.017294275979513617	0.029852765686130805	0.017294275979513617	0.017294275979513617	0.029852765686130805	0.017294275979513617	0.023638088254664846	0.10306157021741855	0.10306157021741855	0.10306157021741855	0.05970553137226161	0.05970553137226161	0.07699980735177522	0.13291433590354937	0.08955829705839241
UP000058290	0.014576122855409645	0.017662569945288364	0.03223869280069801	0.03223869280069801	0.03223869280069801	0.026605140045666928	0.03223869280069801	0.026605140045666928	0.026605140045666928	0.03223869280069801	0.026605140045666928	0.03863415723592421	0.07813026443114322	0.07813026443114322	0.07813026443114322	0.06447738560139601	0.06447738560139601	0.09108252564706294	0.11036895723184124	0.09671607840209404
UP000192315	0.019708660661209708	0.011522691028139003	0.03123135168934871	0.03123135168934871	0.03123135168934871	0.053418781336158454	0.03123135168934871	0.053418781336158454	0.053418781336158454	0.03123135168934871	0.053418781336158454	0.0871289020111072	0.03651889106963027	0.03651889106963027	0.03651889106963027	0.06246270337869742	0.06246270337869742	0.11588148471485589	0.06775024275897899	0.09369405506804615
UP000198397	0.010923957378596855	0.018905635057412856	0.029829592436009713	0.029829592436009713	0.029829592436009713	0.017235982573572284	0.029829592436009713	0.017235982573572284	0.017235982573572284	0.029829592436009713	0.017235982573572284	0.023548007768547718	0.10324965009685887	0.10324965009685887	0.10324965009685887	0.059659184872019426	0.059659184872019426	0.0768951674455917	0.13307924253286854	0.08948877730802914
