Proteome_ID	M	W	C	D	E	F	H	K	N	Q	Y	I	A	G	P	T	V	L	R	S
UP000000231	0.017311026885895454	0.014161594393663926	0.031472621279559375	0.031472621279559375	0.06994451773380458	0.038471896454245195	0.031472621279559375	0.038471896454245195	0.038471896454245195	0.031472621279559375	0.038471896454245195	0.05963276602259494	0.05149347869474596	0.05149347869474596	0.05149347869474596	0.06294524255911875	0.06294524255911875	0.10141713901336394	0.08296609997430535	0.09441786383867815
UP000000233	0.010550183058489827	0.01861485071207336	0.029165033770563186	0.029165033770563186	0.04569465573454226	0.01652962196397908	0.029165033770563186	0.01652962196397908	0.01652962196397908	0.029165033770563186	0.01652962196397908	0.022509060869468328	0.10291816675441154	0.10291816675441154	0.10291816675441154	0.05833006754112637	0.05833006754112637	0.07485968950510545	0.13208320052497471	0.08749510131168957
UP000000235	0.008168100308574067	0.018569379905855787	0.026737480214429853	0.026737480214429853	0.03849847716194277	0.011760996947512913	0.026737480214429853	0.011760996947512913	0.011760996947512913	0.026737480214429853	0.011760996947512913	0.015353893586451757	0.12157011032439825	0.12157011032439825	0.12157011032439825	0.05347496042885971	0.05347496042885971	0.06523595737637262	0.1483075905388281	0.08021244064328956
UP000000238	0.014722346598013539	0.01684442256243542	0.03156676916044896	0.03156676916044896	0.05915672748861508	0.02758995832816612	0.03156676916044896	0.02758995832816612	0.02758995832816612	0.03156676916044896	0.02758995832816612	0.0404575700583187	0.07223359335137534	0.07223359335137534	0.07223359335137534	0.06313353832089792	0.06313353832089792	0.09072349664906404	0.1038003625118243	0.09470030748134688
UP000000239	0.010438265669506735	0.018630169058557557	0.02906843472806429	0.02906843472806429	0.04535513847908991	0.01628670375102562	0.02906843472806429	0.01628670375102562	0.01628670375102562	0.02906843472806429	0.01628670375102562	0.02213514183254451	0.10376242000306829	0.10376242000306829	0.10376242000306829	0.05813686945612858	0.05813686945612858	0.07442357320715419	0.13283085473113257	0.08720530418419287
UP000000245	0.009014735781343056	0.018677718816082396	0.02769245459742545	0.02769245459742545	0.04105812113255271	0.013365666535127258	0.02769245459742545	0.013365666535127258	0.013365666535127258	0.02769245459742545	0.013365666535127258	0.017716597288911465	0.11475253248537945	0.11475253248537945	0.11475253248537945	0.0553849091948509	0.0553849091948509	0.06875057572997817	0.1424449870828049	0.08307736379227634
UP000000247	0.018857422031982117	0.009053730745757148	0.027911152777739267	0.027911152777739267	0.08604546250145338	0.05813430972371411	0.027911152777739267	0.05813430972371411	0.05813430972371411	0.027911152777739267	0.05813430972371411	0.09741119741544611	0.026801124949610254	0.026801124949610254	0.026801124949610254	0.055822305555478534	0.055822305555478534	0.11395661527919264	0.05471227772734952	0.0837334583332178
UP000000248	0.01745714213711535	0.013939197659771734	0.031396339796887086	0.031396339796887086	0.07071641974676883	0.039320079949881744	0.031396339796887086	0.039320079949881744	0.039320079949881744	0.031396339796887086	0.039320079949881744	0.06118301776264813	0.05013876644696701	0.05013876644696701	0.05013876644696701	0.06279267959377417	0.06279267959377417	0.10211275954365591	0.08153510624385409	0.09418901939066124
UP000000260	0.013601251627433334	0.01756209953993964	0.031163351167372972	0.031163351167372972	0.05529831178626518	0.024134960618892205	0.031163351167372972	0.024134960618892205	0.024134960618892205	0.031163351167372972	0.024134960618892205	0.034668669610351074	0.08047698699958206	0.08047698699958206	0.08047698699958206	0.062326702334745944	0.062326702334745944	0.08646166295363815	0.11164033816695502	0.09349005350211893
UP000000263	0.011992630908163047	0.01827105463113588	0.03026368553929893	0.03026368553929893	0.05012795817822102	0.019864272638922095	0.03026368553929893	0.019864272638922095	0.019864272638922095	0.03026368553929893	0.019864272638922095	0.027735914369681147	0.09221487029200082	0.09221487029200082	0.09221487029200082	0.06052737107859786	0.06052737107859786	0.08039164371751994	0.12247855583129974	0.09079105661789677
UP000000268	0.016793973522570393	0.014862559284990242	0.03165653280756064	0.03165653280756064	0.06742688457486753	0.035770351767306904	0.03165653280756064	0.035770351767306904	0.035770351767306904	0.03165653280756064	0.035770351767306904	0.054746730012043415	0.05603165861578622	0.05603165861578622	0.05603165861578622	0.06331306561512128	0.06331306561512128	0.09908341738242818	0.08768819142334687	0.09496959842268189
UP000000269	0.0187383266385061	0.010792167043156572	0.029530493681662672	0.029530493681662672	0.08080398066444822	0.05127348698278555	0.029530493681662672	0.05127348698278555	0.05127348698278555	0.029530493681662672	0.05127348698278555	0.08380864732706499	0.034015632967404744	0.034015632967404744	0.034015632967404744	0.059060987363325344	0.059060987363325344	0.11033447434611088	0.06354612664906742	0.08859148104498801
UP000000270	0.009027060247990834	0.01867851489484158	0.027705575142832412	0.027705575142832412	0.04109528505433374	0.01338970991150133	0.027705575142832412	0.01338970991150133	0.01338970991150133	0.027705575142832412	0.01338970991150133	0.01775235957501182	0.11465504466766537	0.11465504466766537	0.11465504466766537	0.055411150285664824	0.055411150285664824	0.06880086019716616	0.1423606198104978	0.08311672542849723
UP000000272	0.0167486027689758	0.014918694802514228	0.03166729757149003	0.03166729757149003	0.06721886523962503	0.03555156766813501	0.03166729757149003	0.03555156766813501	0.03555156766813501	0.03166729757149003	0.03555156766813501	0.05435453256729421	0.05641482507001385	0.05641482507001385	0.05641482507001385	0.06333459514298007	0.06333459514298007	0.09888616281111508	0.08808212264150388	0.09500189271447008
UP000000276	0.014983061440710712	0.016647347017773876	0.03163040845848459	0.03163040845848459	0.06009862942019457	0.028468220961709978	0.03163040845848459	0.028468220961709978	0.028468220961709978	0.03163040845848459	0.028468220961709978	0.041953380482709246	0.07028768960281938	0.07028768960281938	0.07028768960281938	0.06326081691696918	0.06326081691696918	0.09172903787867916	0.10191809806130396	0.09489122537545376
UP000000321	0.009289007772000535	0.01869031107379158	0.027979318845792116	0.027979318845792116	0.041884925295450834	0.013905606449658716	0.027979318845792116	0.013905606449658716	0.013905606449658716	0.027979318845792116	0.013905606449658716	0.0185222051273169	0.11259376366051421	0.11259376366051421	0.11259376366051421	0.05595863769158423	0.05595863769158423	0.06986424414124294	0.14057308250630635	0.08393795653737636
UP000000323	0.014614002775092215	0.016922754357338584	0.0315367571324308	0.0315367571324308	0.0587709913781635	0.027234234245732708	0.0315367571324308	0.027234234245732708	0.027234234245732708	0.0315367571324308	0.027234234245732708	0.0398544657163732	0.07303800367258442	0.07303800367258442	0.07303800367258442	0.0630735142648616	0.0630735142648616	0.09030774851059431	0.10457476080501522	0.0946102713972924
UP000000328	0.007280848910895257	0.018334899325669507	0.025615748236564765	0.025615748236564765	0.035787846230517034	0.010172097993952273	0.025615748236564765	0.010172097993952273	0.010172097993952273	0.025615748236564765	0.010172097993952273	0.01306334707700929	0.1290130232935602	0.1290130232935602	0.1290130232935602	0.05123149647312953	0.05123149647312953	0.0614035944670818	0.15462877153012497	0.0768472447096943
UP000000329	0.010613145063699765	0.018605508628289996	0.029218653691989758	0.029218653691989758	0.04588585781924371	0.016667204127253952	0.029218653691989758	0.016667204127253952	0.016667204127253952	0.029218653691989758	0.016667204127253952	0.02272126319080814	0.102444263243458	0.102444263243458	0.102444263243458	0.058437307383979516	0.058437307383979516	0.07510451151123347	0.13166291693544777	0.08765596107596928
UP000000333	0.010163287188067568	0.018660770878753043	0.028824058066820615	0.028824058066820615	0.0445226153216112	0.01569855725479059	0.028824058066820615	0.01569855725479059	0.01569855725479059	0.028824058066820615	0.01569855725479059	0.02123382732151361	0.10584747502015326	0.10584747502015326	0.10584747502015326	0.05764811613364123	0.05764811613364123	0.0733466733884318	0.13467153308697385	0.08647217420046184
UP000000343	0.01208173198116998	0.01824091949717834	0.03032265147834832	0.03032265147834832	0.05040662521533577	0.020083973736987445	0.03032265147834832	0.020083973736987445	0.020083973736987445	0.03032265147834832	0.020083973736987445	0.028086215492804916	0.09156187960792435	0.09156187960792435	0.09156187960792435	0.06064530295669664	0.06064530295669664	0.0807292766936841	0.12188453108627266	0.09096795443504496
UP000000361	0.009330278136450602	0.01869128458329787	0.028021562719748472	0.028021562719748472	0.04200931047609442	0.013987747756345948	0.028021562719748472	0.013987747756345948	0.013987747756345948	0.028021562719748472	0.013987747756345948	0.018645217376241294	0.1122708231424269	0.1122708231424269	0.1122708231424269	0.056043125439496945	0.056043125439496945	0.07003087319584289	0.14029238586217535	0.08406468815924542
UP000000366	0.008473675344406672	0.01862090087223289	0.027094576216639563	0.027094576216639563	0.03942430419432548	0.012329727977685922	0.027094576216639563	0.012329727977685922	0.012329727977685922	0.027094576216639563	0.012329727977685922	0.01618578061096517	0.11908065801417154	0.11908065801417154	0.11908065801417154	0.054189152433279125	0.054189152433279125	0.06651888041096504	0.1461752342308111	0.08128372864991869
UP000000370	0.018780964932150875	0.010544502823460568	0.029325467755611446	0.029325467755611446	0.08155747819347363	0.05223201043786219	0.029325467755611446	0.05223201043786219	0.05223201043786219	0.029325467755611446	0.05223201043786219	0.0856830559435735	0.03292934933486756	0.03292934933486756	0.03292934933486756	0.05865093551122289	0.05865093551122289	0.11088294594908508	0.06225481709047901	0.08797640326683434
UP000000374	0.009999305399234801	0.01867422514471503	0.028673530543949832	0.028673530543949832	0.04402706658420607	0.015353536040256244	0.028673530543949832	0.015353536040256244	0.015353536040256244	0.028673530543949832	0.015353536040256244	0.020707766681277686	0.10709863209349685	0.10709863209349685	0.10709863209349685	0.057347061087899664	0.057347061087899664	0.07270059712815591	0.13577216263744668	0.0860205916318495
UP000000376	0.014729709402185378	0.016839024719593015	0.03156873412177839	0.03156873412177839	0.05918305784609728	0.027614323724318886	0.03156873412177839	0.027614323724318886	0.027614323724318886	0.03156873412177839	0.027614323724318886	0.040498938046452396	0.07217884341479497	0.07217884341479497	0.07217884341479497	0.06313746824355677	0.06313746824355677	0.09075179196787567	0.10374757753657336	0.09470620236533517
UP000000377	0.007687239186071466	0.01845849232841052	0.026145731514481987	0.026145731514481987	0.037034404775042745	0.01088867326056076	0.026145731514481987	0.01088867326056076	0.01088867326056076	0.026145731514481987	0.01088867326056076	0.014090107335050055	0.12556153721746838	0.12556153721746838	0.12556153721746838	0.05229146302896397	0.05229146302896397	0.06318013628952474	0.15170726873195037	0.07843719454344596
UP000000379	0.008635122854458012	0.0186423860288095	0.027277508883267514	0.027277508883267514	0.03991240658394701	0.012634897700679498	0.027277508883267514	0.012634897700679498	0.012634897700679498	0.027277508883267514	0.012634897700679498	0.016634672546900982	0.11777894977918545	0.11777894977918545	0.11777894977918545	0.05455501776653503	0.05455501776653503	0.06718991546721453	0.14505645866245295	0.08183252664980255
UP000000417	0.008393048986974566	0.01860869846461665	0.02700174745159122	0.02700174745159122	0.039180298763282294	0.012178551311691075	0.02700174745159122	0.012178551311691075	0.012178551311691075	0.02700174745159122	0.012178551311691075	0.015964053636407582	0.1197341698169966	0.1197341698169966	0.1197341698169966	0.05400349490318244	0.05400349490318244	0.06618204621487352	0.14673591726858784	0.08100524235477365
UP000000422	0.016279467835833058	0.015457988441080867	0.031737456276913927	0.031737456276913927	0.06516152698446398	0.033424070707550046	0.031737456276913927	0.033424070707550046	0.033424070707550046	0.031737456276913927	0.033424070707550046	0.05056867357926704	0.060271900436202425	0.060271900436202425	0.060271900436202425	0.06347491255382785	0.06347491255382785	0.0968989832613779	0.09200935671311634	0.09521236883074177
UP000000423	0.018086505596304276	0.006303796018203948	0.024390301614508225	0.024390301614508225	0.0943696165181714	0.06997931490366319	0.024390301614508225	0.06997931490366319	0.06997931490366319	0.024390301614508225	0.06997931490366319	0.12187212421102209	0.017001790133716846	0.017001790133716846	0.017001790133716846	0.04878060322901645	0.04878060322901645	0.11875991813267962	0.041392091748225064	0.07317090484352468
UP000000425	0.015405576010401217	0.016300564699160393	0.03170614070956161	0.03170614070956161	0.061671443735093416	0.029965303025531805	0.03170614070956161	0.029965303025531805	0.029965303025531805	0.03170614070956161	0.029965303025531805	0.04452503004066239	0.06709622511329026	0.06709622511329026	0.06709622511329026	0.06341228141912322	0.06341228141912322	0.09337758444465502	0.09880236582285187	0.09511842212868482
UP000000428	0.007650744778639637	0.01844853778400398	0.026099282562643617	0.026099282562643617	0.03692284766738163	0.010823565104738012	0.026099282562643617	0.010823565104738012	0.010823565104738012	0.026099282562643617	0.010823565104738012	0.013996385430836384	0.1258684257346094	0.1258684257346094	0.1258684257346094	0.052198565125287234	0.052198565125287234	0.06302213023002524	0.15196770829725303	0.07829784768793085
UP000000429	0.018456144919755953	0.011868813656819981	0.030324958576575935	0.030324958576575935	0.0774806260558847	0.04715566747930876	0.030324958576575935	0.04715566747930876	0.04715566747930876	0.030324958576575935	0.04715566747930876	0.07585519003886156	0.039002866965017736	0.039002866965017736	0.039002866965017736	0.06064991715315187	0.06064991715315187	0.10780558463246064	0.06932782554159367	0.09097487572972782
UP000000430	0.018190766427288643	0.01256153614265179	0.030752302569940434	0.030752302569940434	0.07528570571413594	0.04453340314419551	0.030752302569940434	0.04453340314419551	0.04453340314419551	0.030752302569940434	0.04453340314419551	0.07087603986110239	0.0424716750386694	0.0424716750386694	0.0424716750386694	0.06150460513988087	0.06150460513988087	0.10603800828407638	0.07322397760860984	0.09225690770982131
UP000000431	0.018067001787821207	0.012836020293700066	0.03090302208152127	0.03090302208152127	0.07439975568126087	0.0434967335997396	0.03090302208152127	0.0434967335997396	0.0434967335997396	0.03090302208152127	0.0434967335997396	0.068926465411658	0.04391119492139099	0.04391119492139099	0.04391119492139099	0.06180604416304254	0.06180604416304254	0.10530277776278216	0.07481421700291227	0.09270906624456382
UP000000432	0.017310862589851986	0.014161837573134058	0.03147270016298605	0.03147270016298605	0.06994366729839668	0.03847096713541062	0.03147270016298605	0.03847096713541062	0.03847096713541062	0.03147270016298605	0.03847096713541062	0.05963107168096927	0.05149498072469756	0.05149498072469756	0.05149498072469756	0.0629454003259721	0.0629454003259721	0.10141636746138272	0.08296768088768361	0.09441810048895813
UP000000439	0.012054387448441685	0.01825027871825258	0.030304666166694267	0.030304666166694267	0.05032102827866927	0.020016362111975	0.030304666166694267	0.020016362111975	0.020016362111975	0.030304666166694267	0.020016362111975	0.027978336775508324	0.09176220797138335	0.09176220797138335	0.09176220797138335	0.060609332333388534	0.060609332333388534	0.08062569444536354	0.1220668741380776	0.09091399850008279
UP000000440	0.014444178101993471	0.017041479086418048	0.03148565718841152	0.03148565718841152	0.05817256844661254	0.02668691125820102	0.03148565718841152	0.02668691125820102	0.02668691125820102	0.03148565718841152	0.02668691125820102	0.03892964441440856	0.07429459325545022	0.07429459325545022	0.07429459325545022	0.06297131437682305	0.06297131437682305	0.08965822563502406	0.10578025044386176	0.09445697156523457
UP000000442	0.016235736520957587	0.015504788411853522	0.03174052493281111	0.03174052493281111	0.06497740544722252	0.03323688051441141	0.03174052493281111	0.03323688051441141	0.03323688051441141	0.03174052493281111	0.03323688051441141	0.05023802450786525	0.06062307337017212	0.06062307337017212	0.06062307337017212	0.06348104986562222	0.06348104986562222	0.09671793038003364	0.09236359830298324	0.09522157479843334
UP000000449	0.01873259170392961	0.010822181756849214	0.029554773460778824	0.029554773460778824	0.08071243432639076	0.05115766086561193	0.029554773460778824	0.05115766086561193	0.05115766086561193	0.029554773460778824	0.05115766086561193	0.08358273002729426	0.03414873235164318	0.03414873235164318	0.03414873235164318	0.05910954692155765	0.05910954692155765	0.1102672077871696	0.063703505812422	0.08866432038233647
UP000000467	0.014449018867756373	0.017038162277279962	0.03148718114503633	0.03148718114503633	0.05818952539162042	0.02670234424658409	0.03148718114503633	0.02670234424658409	0.02670234424658409	0.03148718114503633	0.02670234424658409	0.03895566962541181	0.07425884164362553	0.07425884164362553	0.07425884164362553	0.06297436229007267	0.06297436229007267	0.08967670653665676	0.10574602278866187	0.09446154343510901
UP000000492	0.013194213757636639	0.01777530049885259	0.030969514256489226	0.030969514256489226	0.05395750205993991	0.022987987803450686	0.030969514256489226	0.022987987803450686	0.022987987803450686	0.030969514256489226	0.022987987803450686	0.032781761849264734	0.08344452080655089	0.08344452080655089	0.08344452080655089	0.06193902851297845	0.06193902851297845	0.08492701631642914	0.11441403506304011	0.09290854276946768
UP000000504	0.017381936742279707	0.014055226375190749	0.031437163117470454	0.031437163117470454	0.07031514103671149	0.038877977919241045	0.031437163117470454	0.038877977919241045	0.038877977919241045	0.031437163117470454	0.038877977919241045	0.06037401909620238	0.050840875877206	0.050840875877206	0.050840875877206	0.06287432623494091	0.06287432623494091	0.10175230415418196	0.08227803899467645	0.09431148935241138
UP000000528	0.018326190606352932	0.006800159112705946	0.025126349719058878	0.025126349719058878	0.09284098206243699	0.06771463234337811	0.025126349719058878	0.06771463234337811	0.06771463234337811	0.025126349719058878	0.06771463234337811	0.11710307408040327	0.018646884088596518	0.018646884088596518	0.018646884088596518	0.050252699438117755	0.050252699438117755	0.11796733178149586	0.043773233807655396	0.07537904915717664
UP000000529	0.018792205690960462	0.01046963521538551	0.02926184090634597	0.02926184090634597	0.08178463868254014	0.05252279777619419	0.02926184090634597	0.05252279777619419	0.05252279777619419	0.02926184090634597	0.05252279777619419	0.08625338986142791	0.03260509224496787	0.03260509224496787	0.03260509224496787	0.05852368181269194	0.05852368181269194	0.11104647958888614	0.061866933151313835	0.08778552271903792
UP000000531	0.01884753939753404	0.008905211758491507	0.02775275115602555	0.02775275115602555	0.08649038536268874	0.05873763420666318	0.02775275115602555	0.05873763420666318	0.05873763420666318	0.02775275115602555	0.05873763420666318	0.09862772901579234	0.026225611811954944	0.026225611811954944	0.026225611811954944	0.0555055023120511	0.0555055023120511	0.11424313651871429	0.053978362967980496	0.08325825346807664
UP000000532	0.008214592773814448	0.018578148893881305	0.02679274166769575	0.02679274166769575	0.03863953347409675	0.011846791806400997	0.02679274166769575	0.011846791806400997	0.011846791806400997	0.02679274166769575	0.011846791806400997	0.015478990838987548	0.12118909790986865	0.12118909790986865	0.12118909790986865	0.0535854833353915	0.0535854833353915	0.0654322751417925	0.1479818395775644	0.08037822500308725
UP000000534	0.018848801262622207	0.009952089702020243	0.028800890964642452	0.028800890964642452	0.08334845697671305	0.05454756601207059	0.028800890964642452	0.05454756601207059	0.05454756601207059	0.028800890964642452	0.05454756601207059	0.09024633076151897	0.030413504432944587	0.030413504432944587	0.030413504432944587	0.057601781929284904	0.057601781929284904	0.11214934794135549	0.05921439539758703	0.08640267289392735
UP000000535	0.015034102807857608	0.01660730033338415	0.03164140314124176	0.03164140314124176	0.060285439092951525	0.02864403595170977	0.03164140314124176	0.02864403595170977	0.02864403595170977	0.03164140314124176	0.02864403595170977	0.04225396909556193	0.06990484123357785	0.06990484123357785	0.06990484123357785	0.06328280628248352	0.06328280628248352	0.09192684223419328	0.1015462443748196	0.09492420942372526
UP000000537	0.018528766089993362	0.011641726565961633	0.030170492655954995	0.030170492655954995	0.07818931512826208	0.048018822472307064	0.030170492655954995	0.048018822472307064	0.048018822472307064	0.030170492655954995	0.048018822472307064	0.07750887885462077	0.03791257595406425	0.03791257595406425	0.03791257595406425	0.06034098531190999	0.06034098531190999	0.10835980778421705	0.06808306861001924	0.09051147796786499
UP000000545	0.011415037888026683	0.018441235214662385	0.029856273102689068	0.029856273102689068	0.04833716577041523	0.018480892667726168	0.029856273102689068	0.018480892667726168	0.018480892667726168	0.029856273102689068	0.018480892667726168	0.02554674744742565	0.09646688172579809	0.09646688172579809	0.09646688172579809	0.059712546205378136	0.059712546205378136	0.0781934388731043	0.12632315482848716	0.08956881930806719
UP000000546	0.017528853118319615	0.013825259290938386	0.031354112409258	0.031354112409258	0.07110755352102045	0.03975344111176244	0.031354112409258	0.03975344111176244	0.03975344111176244	0.031354112409258	0.03975344111176244	0.06197802910520528	0.04945888141902301	0.04945888141902301	0.04945888141902301	0.062708224818516	0.062708224818516	0.10246166593027844	0.08081299382828101	0.09406233722777402
UP000000549	0.01858691409603721	0.007511536001382009	0.026098450097419217	0.026098450097419217	0.0906777385293985	0.06457928843197927	0.026098450097419217	0.06457928843197927	0.06457928843197927	0.026098450097419217	0.06457928843197927	0.11057166276792134	0.02109435127037387	0.02109435127037387	0.02109435127037387	0.052196900194838435	0.052196900194838435	0.11677618862681773	0.04719280136779309	0.07829535029225766
UP000000555	0.018659537819070076	0.01116029769193854	0.029819835511008617	0.029819835511008617	0.07967731815486659	0.04985748264385798	0.029819835511008617	0.04985748264385798	0.04985748264385798	0.029819835511008617	0.04985748264385798	0.08105542746864589	0.03567057712301707	0.03567057712301707	0.03567057712301707	0.059639671022017234	0.059639671022017234	0.10949715366587522	0.06549041263402569	0.08945950653302585
UP000000556	0.011476312724054286	0.01842524172862213	0.029901554452676418	0.029901554452676418	0.048525982554543955	0.018624428101867537	0.029901554452676418	0.018624428101867537	0.018624428101867537	0.029901554452676418	0.018624428101867537	0.02577254347968079	0.09601400416657282	0.09601400416657282	0.09601400416657282	0.059803108905352835	0.059803108905352835	0.07842753700722037	0.12591555861924922	0.08970466335802924
UP000000557	0.01127199558858505	0.018476671825525	0.02974866741411005	0.02974866741411005	0.04789732811581109	0.01814866070170104	0.02974866741411005	0.01814866070170104	0.01814866070170104	0.02974866741411005	0.01814866070170104	0.025025325814817027	0.09752600783730396	0.09752600783730396	0.09752600783730396	0.0594973348282201	0.0594973348282201	0.07764599552992114	0.12727467525141398	0.08924600224233013
UP000000558	0.015649348298916215	0.01608374619916462	0.03173309449808083	0.03173309449808083	0.06260912563246183	0.030876031134381	0.03173309449808083	0.030876031134381	0.030876031134381	0.03173309449808083	0.030876031134381	0.046102713969845784	0.06522789681364376	0.06522789681364376	0.06522789681364376	0.06346618899616166	0.06346618899616166	0.09434222013054266	0.09696099131172459	0.09519928349424249
UP000000562	0.017492175484873966	0.005373916826413915	0.022866092311287882	0.022866092311287882	0.09729554707999617	0.0744294547687083	0.022866092311287882	0.0744294547687083	0.0744294547687083	0.022866092311287882	0.0744294547687083	0.13136673405254265	0.01404976508865034	0.01404976508865034	0.01404976508865034	0.045732184622575764	0.045732184622575764	0.12016163939128406	0.03691585739993822	0.06859827693386364
UP000000566	0.01720497727995272	0.014315569070326597	0.031520546350279316	0.031520546350279316	0.06940309793758272	0.0378825515873034	0.031520546350279316	0.0378825515873034	0.0378825515873034	0.031520546350279316	0.0378825515873034	0.058560125894654085	0.05245395574426408	0.05245395574426408	0.05245395574426408	0.06304109270055863	0.06304109270055863	0.10092364428786205	0.0839745020945434	0.09456163905083796
UP000000577	0.011828490526771861	0.01832384403661047	0.030152334563382333	0.030152334563382333	0.04961640569553314	0.019464071132150814	0.030152334563382333	0.019464071132150814	0.019464071132150814	0.030152334563382333	0.019464071132150814	0.027099651737529765	0.09341964211386199	0.09341964211386199	0.09341964211386199	0.060304669126764666	0.060304669126764666	0.07976874025891548	0.1235719766772443	0.09045700369014699
UP000000579	0.018561683954862795	0.011530808567541042	0.030092492522403837	0.030092492522403837	0.07853379066235266	0.048441298139948824	0.030092492522403837	0.048441298139948824	0.048441298139948824	0.030092492522403837	0.048441298139948824	0.07832091232503487	0.037387854619202715	0.037387854619202715	0.037387854619202715	0.060184985044807675	0.060184985044807675	0.1086262831847565	0.06748034714160656	0.09027747756721151
UP000000580	0.008183448099656283	0.01857231198210637	0.026755760081762652	0.026755760081762652	0.03854505019313452	0.011789290111371874	0.026755760081762652	0.011789290111371874	0.011789290111371874	0.026755760081762652	0.011789290111371874	0.015395132123087464	0.12144424147511976	0.12144424147511976	0.12144424147511976	0.053511520163525304	0.053511520163525304	0.06530081027489718	0.1482000015568824	0.08026728024528795
UP000000582	0.014446707431447966	0.017039746521584805	0.03148645395303277	0.03148645395303277	0.05818142783289752	0.026694973879864747	0.03148645395303277	0.026694973879864747	0.026694973879864747	0.03148645395303277	0.026694973879864747	0.03894324032828154	0.07427591328600137	0.07427591328600137	0.07427591328600137	0.06297290790606554	0.06297290790606554	0.0896678817859303	0.10576236723903416	0.09445936185909831
UP000000584	0.016762441779736348	0.014901653547868442	0.03166409532760479	0.03166409532760479	0.0672821260872126	0.0356180307596078	0.03166409532760479	0.0356180307596078	0.0356180307596078	0.03166409532760479	0.0356180307596078	0.05447361973947928	0.056298167615299315	0.056298167615299315	0.056298167615299315	0.06332819065520957	0.06332819065520957	0.09894622141481738	0.08796226294290412	0.09499228598281437
UP000000585	0.018414209626483533	0.011990840651713647	0.03040505027819718	0.03040505027819718	0.07709777064609559	0.04669272036789842	0.03040505027819718	0.04669272036789842	0.04669272036789842	0.03040505027819718	0.04669272036789842	0.07497123110931331	0.03959791055803533	0.03959791055803533	0.03959791055803533	0.06081010055639436	0.06081010055639436	0.10750282092429278	0.0700029608362325	0.09121515083459154
UP000000586	0.01834941624524743	0.012168714257357214	0.030518130502604646	0.030518130502604646	0.07653695120755336	0.04601882070494871	0.030518130502604646	0.04601882070494871	0.04601882070494871	0.030518130502604646	0.04601882070494871	0.07368822516465001	0.04047719064099584	0.04047719064099584	0.04047719064099584	0.06103626100520929	0.06103626100520929	0.10705508171015801	0.07099532114360048	0.09155439150781393
UP000000588	0.016247892414734205	0.015491834267931664	0.03173972668266587	0.03173972668266587	0.06502846806047279	0.0332887413778069	0.03173972668266587	0.0332887413778069	0.0332887413778069	0.03173972668266587	0.0332887413778069	0.050329590340879596	0.06052558361740627	0.06052558361740627	0.06052558361740627	0.06347945336533174	0.06347945336533174	0.09676819474313865	0.09226531030007215	0.09521918004799762
UP000000593	0.01795040662191404	0.013075019967667013	0.031025426589581052	0.031025426589581052	0.073619550673408	0.042594124083826956	0.031025426589581052	0.042594124083826956	0.042594124083826956	0.031025426589581052	0.042594124083826956	0.06723784154573986	0.04519764712950042	0.04519764712950042	0.04519764712950042	0.062050853179162105	0.062050853179162105	0.10464497726298906	0.07622307371908148	0.09307627976874316
UP000000594	0.0188164480968976	0.010286611328078404	0.029103059424976006	0.029103059424976006	0.08233888118060224	0.05323582175562623	0.029103059424976006	0.05323582175562623	0.05323582175562623	0.029103059424976006	0.05323582175562623	0.08765519541435486	0.03182023081306792	0.03182023081306792	0.03182023081306792	0.05820611884995201	0.05820611884995201	0.11144194060557826	0.06092329023804393	0.08730917827492803
UP000000601	0.018300662257976674	0.0067419915712952265	0.0250426538292719	0.0250426538292719	0.09301917752060694	0.06797652369133504	0.0250426538292719	0.06797652369133504	0.06797652369133504	0.0250426538292719	0.06797652369133504	0.11765238512469342	0.018451502864736433	0.018451502864736433	0.018451502864736433	0.0500853076585438	0.0500853076585438	0.11806183134987884	0.043494156694008336	0.0751279614878157
UP000000602	0.016891780754779283	0.01473886943068509	0.03163065018546437	0.03163065018546437	0.06788159945784338	0.036250949272379006	0.03163065018546437	0.036250949272379006	0.036250949272379006	0.03163065018546437	0.036250949272379006	0.05561011778997873	0.055198445902079334	0.055198445902079334	0.055198445902079334	0.06326130037092874	0.06326130037092874	0.09951224964330775	0.08682909608754369	0.09489195055639311
UP000000605	0.008889935888622753	0.018668423408821383	0.027558359297444136	0.027558359297444136	0.040681698209617256	0.013123338912173117	0.027558359297444136	0.013123338912173117	0.013123338912173117	0.027558359297444136	0.013123338912173117	0.017356741935723483	0.11574236895803293	0.11574236895803293	0.11574236895803293	0.05511671859488827	0.05511671859488827	0.06824005750706139	0.14330072825547704	0.08267507789233242
UP000000606	0.017015365980174436	0.014577045486575993	0.031592411466750424	0.031592411466750424	0.0684693248164449	0.03687691334969448	0.031592411466750424	0.03687691334969448	0.03687691334969448	0.031592411466750424	0.03687691334969448	0.056738460719214526	0.05413036892865291	0.05413036892865291	0.05413036892865291	0.06318482293350085	0.06318482293350085	0.10006173628319533	0.08572278039540335	0.09477723440025129
UP000000609	0.01851956905911876	0.011671746753970258	0.030191315813089023	0.030191315813089023	0.07809589856082323	0.04790458274773422	0.030191315813089023	0.04790458274773422	0.04790458274773422	0.030191315813089023	0.04790458274773422	0.07728959643634968	0.03805546351695515	0.03805546351695515	0.03805546351695515	0.060382631626178046	0.060382631626178046	0.10828721437391227	0.06824677933004417	0.09057394743926707
UP000000625	0.015633223827350034	0.016098490958320708	0.03173171478567074	0.03173171478567074	0.06254634212896366	0.030814627343292923	0.03173171478567074	0.030814627343292923	0.030814627343292923	0.03173171478567074	0.030814627343292923	0.045996030859235815	0.06535219212756867	0.06535219212756867	0.06535219212756867	0.06346342957134148	0.06346342957134148	0.0942780569146344	0.09708390691323941	0.09519514435701222
UP000000628	0.012818994966065131	0.01795112116565316	0.030770116131718286	0.030770116131718286	0.05274322634348841	0.021973110211770123	0.030770116131718286	0.021973110211770123	0.021973110211770123	0.030770116131718286	0.021973110211770123	0.031127225457475118	0.08617806379110289	0.08617806379110289	0.08617806379110289	0.06154023226343657	0.06154023226343657	0.0835133424752067	0.1169481799228212	0.09231034839515487
UP000000636	0.012081601684074657	0.018240964327188827	0.030322566011263485	0.030322566011263485	0.050406217183208105	0.02008365117194462	0.030322566011263485	0.02008365117194462	0.02008365117194462	0.030322566011263485	0.02008365117194462	0.02808570065981458	0.09156283403207548	0.09156283403207548	0.09156283403207548	0.06064513202252697	0.06064513202252697	0.08072878319447158	0.12188540004333896	0.09096769803379044
UP000000639	0.018223654011833054	0.012484327209072476	0.030707981220905532	0.030707981220905532	0.07553311402942196	0.04482513280851645	0.030707981220905532	0.04482513280851645	0.04482513280851645	0.030707981220905532	0.04482513280851645	0.07142661160519984	0.042073723002303186	0.042073723002303186	0.042073723002303186	0.061415962441811064	0.061415962441811064	0.10624109525032752	0.07278170422320872	0.0921239436627166
UP000000640	0.007284260940840272	0.018336055586849278	0.02562031652768955	0.02562031652768955	0.035798354551770474	0.010178038024080927	0.02562031652768955	0.010178038024080927	0.010178038024080927	0.02562031652768955	0.010178038024080927	0.013071815107321581	0.12898372307629002	0.12898372307629002	0.12898372307629002	0.0512406330553791	0.0512406330553791	0.061418671079460016	0.1546040396039796	0.07686094958306865
UP000000643	0.018480026599361703	0.011796522932601205	0.030276549531962904	0.030276549531962904	0.07770674942088822	0.04743019988892532	0.030276549531962904	0.04743019988892532	0.04743019988892532	0.030276549531962904	0.04743019988892532	0.07638037317848895	0.03865340874413816	0.03865340874413816	0.03865340874413816	0.06055309906392581	0.06055309906392581	0.10798329895285115	0.06892995827610107	0.09082964859588873
UP000000644	0.011311266843513837	0.01846720774576194	0.02977847458927578	0.02977847458927578	0.04801795491078754	0.018239480321511757	0.02977847458927578	0.018239480321511757	0.018239480321511757	0.02977847458927578	0.018239480321511757	0.025167693799509682	0.09723495771075184	0.09723495771075184	0.09723495771075184	0.05955694917855156	0.05955694917855156	0.07779642950006331	0.12701343230002765	0.08933542376782734
UP000000647	0.0088174983576398	0.018661991348797258	0.027479489706437057	0.027479489706437057	0.040463117810567786	0.012983628104130725	0.027479489706437057	0.012983628104130725	0.012983628104130725	0.027479489706437057	0.012983628104130725	0.01714975785062165	0.11631915955540023	0.11631915955540023	0.11631915955540023	0.054958979412874115	0.054958979412874115	0.06794260751700483	0.1437986492618373	0.08243846911931117
UP000000657	0.007056103272761398	0.018254177059582072	0.025310280332343466	0.025310280332343466	0.03509390143476999	0.009783621102426518	0.025310280332343466	0.009783621102426518	0.009783621102426518	0.025310280332343466	0.009783621102426518	0.012511138932091638	0.13095566228396344	0.13095566228396344	0.13095566228396344	0.05062056066468693	0.05062056066468693	0.06040418176711344	0.1562659426163069	0.0759308409970304
UP000000669	0.01683526515127652	0.004607394017777809	0.02144265916905433	0.02144265916905433	0.09979342562544495	0.07835076645639062	0.02144265916905433	0.07835076645639062	0.07835076645639062	0.02144265916905433	0.07835076645639062	0.1398662677615047	0.011736646698820585	0.011736646698820585	0.011736646698820585	0.04288531833810866	0.04288531833810866	0.12123608479449928	0.033179305867874924	0.064327977507163
UP000000684	0.01796071306388968	0.013054561862901751	0.031015274926791434	0.031015274926791434	0.07368667664888118	0.04267140172208975	0.031015274926791434	0.04267140172208975	0.04267140172208975	0.031015274926791434	0.04267140172208975	0.0673820903802898	0.04508627511462719	0.04508627511462719	0.04508627511462719	0.06203054985358287	0.06203054985358287	0.1047019515756726	0.07610155004141861	0.09304582478037429
UP000000686	0.010577230157899468	0.018610901371284988	0.02918813152918446	0.02918813152918446	0.045776773793420475	0.016588642264236012	0.02918813152918446	0.016588642264236012	0.016588642264236012	0.02918813152918446	0.016588642264236012	0.022600054370572557	0.10271449689426501	0.10271449689426501	0.10271449689426501	0.05837626305836892	0.05837626305836892	0.07496490532260493	0.13190262842344946	0.08756439458755337
UP000000718	0.01886474342417117	0.009644635670573082	0.028509379094744252	0.028509379094744252	0.08427323997813026	0.05576386088338601	0.028509379094744252	0.05576386088338601	0.05576386088338601	0.028509379094744252	0.05576386088338601	0.09266297834260086	0.029150947710293758	0.029150947710293758	0.029150947710293758	0.057018758189488504	0.057018758189488504	0.11278261907287453	0.05766032680503801	0.08552813728423277
UP000000719	0.018565446165641493	0.011517761328633254	0.030083207494274747	0.030083207494274747	0.07857424262593043	0.04849103513165569	0.030083207494274747	0.04849103513165569	0.04849103513165569	0.030083207494274747	0.04849103513165569	0.07841662409766988	0.03732646130099998	0.03732646130099998	0.03732646130099998	0.060166414988549494	0.060166414988549494	0.1086574501202052	0.06740966879527473	0.09024962248282423
UP000000723	0.01886141965724408	0.009735504146485758	0.028596923803729836	0.028596923803729836	0.08400017489916299	0.05540325109543315	0.028596923803729836	0.05540325109543315	0.05540325109543315	0.028596923803729836	0.05540325109543315	0.09194508253362223	0.02952115750852533	0.02952115750852533	0.02952115750852533	0.05719384760745967	0.05719384760745967	0.11259709870289283	0.05811808131225516	0.08579077141118953
UP000000738	0.006685087549520835	0.018100628235058567	0.0247857157845794	0.0247857157845794	0.03393980026417358	0.009154084479594178	0.0247857157845794	0.009154084479594178	0.009154084479594178	0.0247857157845794	0.009154084479594178	0.01162308140966752	0.13422023978987427	0.13422023978987427	0.13422023978987427	0.0495714315691588	0.0495714315691588	0.05872551604875298	0.15900595557445366	0.0743571473537382
UP000000739	0.014225153693627054	0.017187511679852822	0.03141266537347988	0.03141266537347988	0.05741119274542197	0.02599852737194209	0.03141266537347988	0.02599852737194209	0.02599852737194209	0.03141266537347988	0.02599852737194209	0.03777190105025712	0.07590857218560308	0.07590857218560308	0.07590857218560308	0.06282533074695976	0.06282533074695976	0.08882385811890184	0.10732123755908295	0.09423799612043963
UP000000742	0.018074062600114512	0.012820979494304857	0.03089504209441937	0.03089504209441937	0.07444857285981465	0.043553530765395275	0.03089504209441937	0.043553530765395275	0.043553530765395275	0.03089504209441937	0.043553530765395275	0.06903299893067603	0.04383128574156057	0.04383128574156057	0.04383128574156057	0.06179008418883874	0.06179008418883874	0.105343614954234	0.07472632783597995	0.0926851262832581
UP000000746	0.015634564081955873	0.01609726761417457	0.03173183169613044	0.03173183169613044	0.06255155638370001	0.03081972468756956	0.03173183169613044	0.03081972468756956	0.03081972468756956	0.03173183169613044	0.03081972468756956	0.04600488529318325	0.06534186486082807	0.06534186486082807	0.06534186486082807	0.06346366339226088	0.06346366339226088	0.09428338807983046	0.09707369655695852	0.09519549508839134
UP000000747	0.015593935422620367	0.01613417369073524	0.03172810911335561	0.03172810911335561	0.062393831082100164	0.03066572196874456	0.03172810911335561	0.03066572196874456	0.03066572196874456	0.03172810911335561	0.03066572196874456	0.04573750851486874	0.06565460346474354	0.06565460346474354	0.06565460346474354	0.06345621822671121	0.06345621822671121	0.09412194019545578	0.09738271257809915	0.09518432734006683
