	AAA	AAC	AAG	AAT	ACA	ACC	ACG	ACT	AGA	AGC	AGG	AGT	ATA	ATC	ATG	ATT	CAA	CAC	CAG	CAT	CCA	CCC	CCG	CCT	CGA	CGC	CGG	CGT	CTA	CTC	CTG	CTT	GAA	GAC	GAG	GAT	GCA	GCC	GCG	GCT	GGA	GGC	GGG	GGT	GTA	GTC	GTG	GTT	TAA	TAC	TAG	TAT	TCA	TCC	TCG	TCT	TGA	TGC	TGG	TGT	TTA	TTC	TTG	TTT
Start	10692.0	4986.0	4881.0	6882.0	4437.0	2924.0	2297.0	3946.0	2933.0	2471.0	1210.0	3178.0	4385.0	3912.0	33454.0	6853.0	4256.0	1588.0	2312.0	1815.0	2262.0	1473.0	1602.0	1920.0	1309.0	1664.0	950.0	1835.0	2255.0	2006.0	2463.0	2589.0	7329.0	3737.0	3342.0	5709.0	3740.0	2368.0	2196.0	3259.0	2205.0	1482.0	1198.0	2189.0	3429.0	1896.0	3260.0	3405.0	0.0	2925.0	2.0	4252.0	3161.0	1950.0	1885.0	3537.0	11.0	1061.0	1889.0	1580.0	5101.0	3200.0	3314.0	5694.0
AAA	42992.0	14781.0	16635.0	30765.0	14110.0	6974.0	5553.0	13043.0	10986.0	5370.0	3867.0	9797.0	18910.0	10458.0	15501.0	24189.0	15374.0	5005.0	8033.0	8755.0	8751.0	4247.0	4360.0	8675.0	3713.0	4158.0	1940.0	6595.0	7235.0	5165.0	7271.0	9471.0	33284.0	13689.0	13066.0	28930.0	11562.0	6487.0	5665.0	12514.0	11146.0	5961.0	4551.0	12839.0	12139.0	5956.0	8073.0	14891.0	989.0	9868.0	239.0	20847.0	10875.0	4913.0	4377.0	12726.0	467.0	3591.0	7532.0	8263.0	19589.0	9539.0	10624.0	20468.0
AAC	14781.0	12174.0	10157.0	11509.0	6792.0	6779.0	5286.0	6619.0	4740.0	4718.0	2491.0	4597.0	7110.0	8632.0	9517.0	10318.0	7685.0	4620.0	7059.0	4035.0	4371.0	4107.0	4124.0	4436.0	2357.0	4992.0	2366.0	4261.0	4221.0	5126.0	8328.0	5156.0	13941.0	11359.0	9940.0	12333.0	6552.0	7380.0	5949.0	7125.0	5653.0	6259.0	3870.0	7724.0	6065.0	5686.0	8060.0	7706.0	378.0	7921.0	96.0	8177.0	4787.0	4173.0	3931.0	6233.0	280.0	3202.0	4804.0	3792.0	7239.0	7962.0	6009.0	9421.0
AAG	16635.0	10157.0	15024.0	10744.0	6239.0	6281.0	4571.0	6652.0	5182.0	4498.0	3217.0	4688.0	6645.0	8177.0	9765.0	9815.0	7211.0	4169.0	7406.0	4286.0	4669.0	4025.0	4272.0	5122.0	2363.0	4771.0	2504.0	4209.0	4080.0	5055.0	8374.0	5306.0	15435.0	11564.0	12339.0	13076.0	6604.0	7427.0	5687.0	7505.0	5849.0	6032.0	4085.0	7359.0	6027.0	5611.0	7630.0	7602.0	393.0	7214.0	157.0	8025.0	4646.0	4091.0	3663.0	6168.0	317.0	2867.0	4958.0	3786.0	6571.0	7729.0	6060.0	9057.0
AAT	30765.0	11509.0	10744.0	30430.0	12315.0	5402.0	4317.0	11724.0	8936.0	4053.0	2995.0	8653.0	17575.0	7975.0	12518.0	21369.0	12908.0	3739.0	6299.0	7452.0	7163.0	2968.0	2884.0	6921.0	2839.0	2671.0	1460.0	4810.0	5883.0	3622.0	5059.0	7617.0	24603.0	9617.0	9106.0	24525.0	9344.0	4909.0	3945.0	9864.0	9256.0	4277.0	3497.0	10809.0	10115.0	4673.0	6350.0	12414.0	574.0	7654.0	161.0	19068.0	9607.0	3959.0	3328.0	11232.0	235.0	2836.0	5771.0	7058.0	18164.0	7150.0	8918.0	17701.0
ACA	14110.0	6792.0	6239.0	12315.0	8278.0	3894.0	3117.0	6778.0	4973.0	2724.0	1971.0	4522.0	7975.0	4986.0	7122.0	10523.0	6946.0	2481.0	3971.0	3834.0	4874.0	2236.0	2166.0	4568.0	1703.0	1823.0	1056.0	2783.0	3531.0	2681.0	3531.0	4457.0	12252.0	6104.0	5601.0	11610.0	6287.0	3388.0	2933.0	5839.0	5627.0	2964.0	2533.0	6338.0	6136.0	3158.0	4345.0	7070.0	280.0	4612.0	101.0	8667.0	5589.0	2666.0	2187.0	6025.0	209.0	1848.0	3562.0	3670.0	8104.0	4651.0	4849.0	9056.0
ACC	6974.0	6779.0	6281.0	5402.0	3894.0	6058.0	3543.0	3959.0	2527.0	3309.0	1780.0	2567.0	3285.0	6003.0	5933.0	5158.0	3886.0	3212.0	5000.0	2263.0	2992.0	3752.0	3491.0	2795.0	1564.0	3990.0	2060.0	2574.0	2337.0	4134.0	6611.0	2988.0	7583.0	7769.0	6900.0	6598.0	3683.0	6383.0	4679.0	4444.0	3470.0	5007.0	2907.0	4473.0	3332.0	4598.0	5528.0	4254.0	172.0	4968.0	62.0	4072.0	2762.0	3542.0	2803.0	3362.0	142.0	2230.0	3202.0	2104.0	3220.0	5304.0	3596.0	5124.0
ACG	5553.0	5286.0	4571.0	4317.0	3117.0	3543.0	3828.0	2725.0	1990.0	2525.0	1306.0	2062.0	3081.0	4179.0	4616.0	4111.0	3010.0	2531.0	3614.0	1714.0	2102.0	2501.0	3083.0	1971.0	1398.0	3074.0	1711.0	2034.0	1752.0	2903.0	4756.0	2158.0	5759.0	5942.0	5306.0	5179.0	2838.0	4424.0	4469.0	2926.0	2639.0	3575.0	2227.0	3277.0	2571.0	3309.0	4570.0	3234.0	158.0	3872.0	52.0	3259.0	2038.0	2396.0	2552.0	2511.0	113.0	1736.0	2323.0	1747.0	2794.0	4030.0	2955.0	4232.0
ACT	13043.0	6619.0	6652.0	11724.0	6778.0	3959.0	2725.0	7488.0	4268.0	2540.0	1826.0	4694.0	6575.0	4904.0	6755.0	9990.0	6377.0	2308.0	4095.0	3523.0	4336.0	2129.0	2080.0	4535.0	1570.0	1909.0	1020.0	3112.0	3143.0	2509.0	3595.0	4485.0	11877.0	6021.0	5433.0	11474.0	5809.0	3564.0	2681.0	6763.0	5339.0	3223.0	2304.0	7252.0	5708.0	3022.0	4241.0	7366.0	275.0	4280.0	67.0	8245.0	4870.0	2567.0	2047.0	6162.0	143.0	1714.0	3497.0	3364.0	7268.0	4576.0	4553.0	8460.0
AGA	10986.0	4740.0	5182.0	8936.0	4973.0	2527.0	1990.0	4268.0	5548.0	1985.0	2125.0	3549.0	6157.0	3242.0	5047.0	7097.0	5137.0	1907.0	2789.0	3000.0	3478.0	1757.0	1401.0	3286.0	1659.0	1509.0	956.0	2035.0	2591.0	1943.0	2397.0	3279.0	9697.0	4475.0	4678.0	8881.0	4124.0	2438.0	1922.0	3965.0	4730.0	2232.0	1902.0	4328.0	4211.0	2182.0	3095.0	4905.0	297.0	3361.0	107.0	6528.0	3876.0	1962.0	1622.0	4654.0	194.0	1391.0	2831.0	2793.0	5842.0	3216.0	3511.0	6707.0
AGC	5370.0	4718.0	4498.0	4053.0	2724.0	3309.0	2525.0	2540.0	1985.0	2858.0	1570.0	2125.0	2613.0	3752.0	4142.0	3682.0	2996.0	2221.0	3528.0	1576.0	2010.0	2299.0	2348.0	1992.0	1145.0	2883.0	1438.0	1757.0	1789.0	2699.0	4419.0	2209.0	5727.0	5521.0	5136.0	5014.0	2852.0	3996.0	3558.0	3097.0	2671.0	3523.0	2123.0	3085.0	2411.0	2927.0	3981.0	3080.0	177.0	3498.0	66.0	3088.0	2100.0	2293.0	2061.0	2596.0	111.0	1775.0	2119.0	1535.0	2445.0	3642.0	2480.0	4062.0
AGG	3867.0	2491.0	3217.0	2995.0	1971.0	1780.0	1306.0	1826.0	2125.0	1570.0	1884.0	1457.0	2193.0	1931.0	2753.0	2484.0	1990.0	1282.0	2091.0	1264.0	1512.0	1609.0	1159.0	1521.0	767.0	1316.0	914.0	1081.0	1195.0	1514.0	2244.0	1525.0	3909.0	3000.0	3453.0	3320.0	1863.0	2378.0	1665.0	1942.0	1900.0	1665.0	1662.0	1737.0	1578.0	1597.0	2507.0	2150.0	107.0	1903.0	63.0	2393.0	1455.0	1483.0	1083.0	1918.0	123.0	1041.0	1479.0	1212.0	1874.0	1930.0	1840.0	2747.0
AGT	9797.0	4597.0	4688.0	8653.0	4522.0	2567.0	2062.0	4694.0	3549.0	2125.0	1457.0	3714.0	5313.0	3265.0	4859.0	6979.0	4528.0	1586.0	2791.0	2615.0	2890.0	1440.0	1502.0	2822.0	1218.0	1317.0	835.0	2085.0	2357.0	1675.0	2570.0	3039.0	8555.0	4335.0	4157.0	8580.0	3815.0	2344.0	2025.0	4283.0	3714.0	2184.0	1755.0	4622.0	3975.0	2095.0	2990.0	4875.0	188.0	3070.0	57.0	5867.0	3596.0	1803.0	1538.0	4244.0	99.0	1300.0	2314.0	2582.0	5529.0	3059.0	3337.0	6169.0
ATA	18910.0	7110.0	6645.0	17575.0	7975.0	3285.0	3081.0	6575.0	6157.0	2613.0	2193.0	5313.0	14666.0	4935.0	8076.0	12561.0	6824.0	2500.0	3248.0	4767.0	4421.0	2217.0	1943.0	4238.0	1699.0	1425.0	859.0	2251.0	4262.0	2631.0	3465.0	4502.0	13861.0	5844.0	5412.0	13941.0	5305.0	2889.0	2550.0	5099.0	6068.0	2513.0	2393.0	5734.0	6729.0	2878.0	4321.0	7136.0	378.0	5139.0	127.0	12046.0	5874.0	2598.0	2420.0	6548.0	175.0	2055.0	3558.0	4710.0	12131.0	4586.0	5437.0	11664.0
ATC	10458.0	8632.0	8177.0	7975.0	4986.0	6003.0	4179.0	4904.0	3242.0	3752.0	1931.0	3265.0	4935.0	8802.0	8107.0	8032.0	5164.0	4076.0	5689.0	3308.0	3403.0	3629.0	3807.0	3497.0	1979.0	4383.0	2164.0	3485.0	3186.0	5155.0	7900.0	4224.0	10531.0	9364.0	8202.0	9673.0	5160.0	6662.0	5154.0	5533.0	4370.0	5763.0	3387.0	6098.0	4519.0	5448.0	6668.0	5785.0	335.0	6465.0	89.0	6020.0	3556.0	3667.0	3255.0	4399.0	237.0	2671.0	3999.0	2710.0	4790.0	7368.0	4768.0	6842.0
ATG	15501.0	9517.0	9765.0	12518.0	7122.0	5933.0	4616.0	6755.0	5047.0	4142.0	2753.0	4859.0	8076.0	8107.0	11270.0	11460.0	7743.0	4039.0	6405.0	4640.0	5053.0	3598.0	3797.0	4844.0	2358.0	4157.0	2086.0	4137.0	4402.0	4759.0	7422.0	5540.0	14087.0	9499.0	9130.0	13230.0	6896.0	6601.0	5454.0	7372.0	6166.0	5287.0	3694.0	7481.0	6510.0	5213.0	7262.0	8134.0	336.0	6904.0	117.0	9638.0	5401.0	3922.0	3546.0	6484.0	205.0	2911.0	4861.0	4281.0	8507.0	7299.0	6744.0	10545.0
ATT	24189.0	10318.0	9815.0	21369.0	10523.0	5158.0	4111.0	9990.0	7097.0	3682.0	2484.0	6979.0	12561.0	8032.0	11460.0	18900.0	10181.0	3710.0	5660.0	6275.0	6418.0	2925.0	3199.0	6314.0	2467.0	2927.0	1427.0	4538.0	5423.0	3662.0	5524.0	7424.0	20081.0	9136.0	8258.0	19266.0	8280.0	4831.0	3984.0	8896.0	8206.0	4681.0	3432.0	10211.0	8606.0	4307.0	6230.0	11202.0	609.0	7138.0	144.0	14654.0	7648.0	3639.0	3083.0	9142.0	308.0	2629.0	5174.0	5845.0	13912.0	7034.0	7914.0	15178.0
CAA	15374.0	7685.0	7211.0	12908.0	6946.0	3886.0	3010.0	6377.0	5137.0	2996.0	1990.0	4528.0	6824.0	5164.0	7743.0	10181.0	9332.0	2729.0	5227.0	3923.0	4728.0	2586.0	2384.0	4487.0	1947.0	2600.0	1269.0	3453.0	3533.0	2984.0	3912.0	4558.0	14473.0	6896.0	6666.0	11958.0	6025.0	4088.0	3258.0	6289.0	5252.0	3325.0	2420.0	6323.0	5601.0	3282.0	4577.0	6872.0	365.0	4907.0	102.0	8321.0	5194.0	2760.0	2272.0	5795.0	201.0	1927.0	3603.0	3264.0	7825.0	4795.0	4964.0	8618.0
CAC	5005.0	4620.0	4169.0	3739.0	2481.0	3212.0	2531.0	2308.0	1907.0	2221.0	1282.0	1586.0	2500.0	4076.0	4039.0	3710.0	2729.0	2842.0	3138.0	1891.0	2036.0	2563.0	2378.0	1907.0	1290.0	3041.0	1493.0	1763.0	1726.0	3135.0	4737.0	2107.0	5074.0	5442.0	5073.0	4521.0	2377.0	4286.0	3166.0	2741.0	2272.0	3301.0	2082.0	2903.0	2302.0	3099.0	4208.0	2835.0	138.0	3770.0	39.0	3087.0	1783.0	2174.0	1870.0	2274.0	120.0	1963.0	2197.0	1768.0	2451.0	3778.0	2632.0	3890.0
CAG	8033.0	7059.0	7406.0	6299.0	3971.0	5000.0	3614.0	4095.0	2789.0	3528.0	2091.0	2791.0	3248.0	5689.0	6405.0	5660.0	5227.0	3138.0	7664.0	2613.0	3236.0	3537.0	3691.0	3115.0	1828.0	4311.0	2442.0	3031.0	2397.0	3746.0	6829.0	3320.0	8941.0	8378.0	8701.0	7465.0	4605.0	6694.0	5246.0	5113.0	3659.0	4931.0	3103.0	4831.0	3629.0	4262.0	5772.0	4613.0	191.0	5056.0	63.0	4639.0	2906.0	3223.0	2739.0	3854.0	173.0	2231.0	3381.0	2077.0	3531.0	5106.0	3702.0	5202.0
CAT	8755.0	4035.0	4286.0	7452.0	3834.0	2263.0	1714.0	3523.0	3000.0	1576.0	1264.0	2615.0	4767.0	3308.0	4640.0	6275.0	3923.0	1891.0	2613.0	3092.0	2750.0	1464.0	1457.0	2483.0	1215.0	1508.0	803.0	2076.0	2133.0	1910.0	2669.0	2993.0	7705.0	3957.0	3717.0	7592.0	3233.0	2291.0	1813.0	3472.0	3085.0	1984.0	1501.0	3730.0	3472.0	2029.0	2789.0	4186.0	203.0	3108.0	51.0	5690.0	2969.0	1626.0	1393.0	3333.0	127.0	1395.0	2420.0	2724.0	4856.0	3102.0	3368.0	5903.0
CCA	8751.0	4371.0	4669.0	7163.0	4874.0	2992.0	2102.0	4336.0	3478.0	2010.0	1512.0	2890.0	4421.0	3403.0	5053.0	6418.0	4728.0	2036.0	3236.0	2750.0	4322.0	2228.0	2117.0	3804.0	1259.0	1643.0	924.0	2147.0	2360.0	2047.0	2791.0	3016.0	8541.0	4501.0	4219.0	7636.0	4220.0	2773.0	2174.0	4119.0	4039.0	2419.0	1876.0	4505.0	3894.0	2308.0	3189.0	4860.0	180.0	3101.0	60.0	5357.0	3582.0	2075.0	1587.0	4122.0	141.0	1381.0	2850.0	2383.0	4946.0	3436.0	3345.0	6047.0
CCC	4247.0	4107.0	4025.0	2968.0	2236.0	3752.0	2501.0	2129.0	1757.0	2299.0	1609.0	1440.0	2217.0	3629.0	3598.0	2925.0	2586.0	2563.0	3537.0	1464.0	2228.0	4200.0	3236.0	2465.0	1196.0	3138.0	1864.0	1421.0	1561.0	3152.0	4402.0	1833.0	4443.0	5495.0	5246.0	3879.0	2404.0	5051.0	3779.0	2523.0	2377.0	3499.0	2449.0	2308.0	1867.0	3090.0	4044.0	2406.0	134.0	3343.0	58.0	2413.0	1707.0	2653.0	2058.0	2322.0	92.0	1728.0	2295.0	1274.0	1869.0	3395.0	2258.0	3303.0
CCG	4360.0	4124.0	4272.0	2884.0	2166.0	3491.0	3083.0	2080.0	1401.0	2348.0	1159.0	1502.0	1943.0	3807.0	3797.0	3199.0	2384.0	2378.0	3691.0	1457.0	2117.0	3236.0	4306.0	2254.0	1277.0	3510.0	2000.0	1791.0	1350.0	2839.0	4945.0	1715.0	4889.0	5555.0	5241.0	4193.0	2441.0	4812.0	4524.0	2681.0	2240.0	3995.0	2337.0	2810.0	1914.0	3259.0	4133.0	2705.0	130.0	3538.0	50.0	2616.0	1672.0	2226.0	2603.0	2079.0	124.0	1653.0	2461.0	1295.0	1875.0	3610.0	2242.0	3075.0
CCT	8675.0	4436.0	5122.0	6921.0	4568.0	2795.0	1971.0	4535.0	3286.0	1992.0	1521.0	2822.0	4238.0	3497.0	4844.0	6314.0	4487.0	1907.0	3115.0	2483.0	3804.0	2465.0	2254.0	4178.0	1268.0	1745.0	978.0	2229.0	2277.0	2064.0	2875.0	3300.0	8178.0	4635.0	4581.0	7555.0	3817.0	3046.0	2280.0	4545.0	3831.0	2665.0	2025.0	4726.0	3656.0	2395.0	3335.0	4866.0	200.0	3332.0	66.0	5362.0	3291.0	2127.0	1648.0	4439.0	112.0	1339.0	2742.0	2413.0	4637.0	3365.0	3274.0	5692.0
CGA	3713.0	2357.0	2363.0	2839.0	1703.0	1564.0	1398.0	1570.0	1659.0	1145.0	767.0	1218.0	1699.0	1979.0	2358.0	2467.0	1947.0	1290.0	1828.0	1215.0	1259.0	1196.0	1277.0	1268.0	1218.0	1563.0	1009.0	1419.0	999.0	1375.0	1835.0	1406.0	3905.0	2918.0	2695.0	3317.0	1714.0	1887.0	1700.0	1827.0	1780.0	1524.0	1135.0	1979.0	1477.0	1522.0	1867.0	1905.0	128.0	1810.0	33.0	2125.0	1325.0	1165.0	1243.0	1591.0	92.0	868.0	1351.0	1079.0	1748.0	1784.0	1594.0	2386.0
CGC	4158.0	4992.0	4771.0	2671.0	1823.0	3990.0	3074.0	1909.0	1509.0	2883.0	1316.0	1317.0	1425.0	4383.0	4157.0	2927.0	2600.0	3041.0	4311.0	1508.0	1643.0	3138.0	3510.0	1745.0	1563.0	5890.0	2591.0	2290.0	1448.0	3731.0	6371.0	1825.0	5201.0	7130.0	6931.0	4115.0	2556.0	6367.0	5484.0	2863.0	1983.0	5040.0	2439.0	2769.0	1880.0	3806.0	5179.0	2496.0	151.0	4053.0	63.0	2286.0	1420.0	2563.0	2569.0	1894.0	150.0	2088.0	2489.0	1247.0	1505.0	4315.0	2373.0	3176.0
CGG	1940.0	2366.0	2504.0	1460.0	1056.0	2060.0	1711.0	1020.0	956.0	1438.0	914.0	835.0	859.0	2164.0	2086.0	1427.0	1269.0	1493.0	2442.0	803.0	924.0	1864.0	2000.0	978.0	1009.0	2591.0	1786.0	1082.0	700.0	1800.0	3137.0	985.0	2625.0	3644.0	3873.0	2281.0	1221.0	3240.0	2723.0	1375.0	1173.0	2385.0	1576.0	1257.0	966.0	1986.0	2588.0	1140.0	70.0	1978.0	42.0	1276.0	778.0	1382.0	1373.0	1105.0	88.0	1161.0	1370.0	691.0	867.0	2041.0	1328.0	1569.0
CGT	6595.0	4261.0	4209.0	4810.0	2783.0	2574.0	2034.0	3112.0	2035.0	1757.0	1081.0	2085.0	2251.0	3485.0	4137.0	4538.0	3453.0	1763.0	3031.0	2076.0	2147.0	1421.0	1791.0	2229.0	1419.0	2290.0	1082.0	3138.0	1525.0	1898.0	3240.0	2502.0	7221.0	4529.0	4074.0	6164.0	3118.0	2689.0	2386.0	3826.0	2414.0	2465.0	1486.0	4062.0	2672.0	2103.0	2913.0	3665.0	185.0	2859.0	59.0	3666.0	2136.0	1684.0	1591.0	2943.0	134.0	1128.0	2187.0	1633.0	2831.0	3225.0	2530.0	3853.0
CTA	7235.0	4221.0	4080.0	5883.0	3531.0	2337.0	1752.0	3143.0	2591.0	1789.0	1195.0	2357.0	4262.0	3186.0	4402.0	5423.0	3533.0	1726.0	2397.0	2133.0	2360.0	1561.0	1350.0	2277.0	999.0	1448.0	700.0	1525.0	2656.0	2050.0	2782.0	2654.0	6464.0	3747.0	3619.0	5997.0	3178.0	2466.0	1863.0	3268.0	3062.0	1894.0	1610.0	3136.0	3345.0	1858.0	2814.0	3587.0	176.0	3140.0	59.0	4406.0	2629.0	1644.0	1345.0	2971.0	101.0	1353.0	2113.0	2019.0	4436.0	2735.0	3004.0	4932.0
CTC	5165.0	5126.0	5055.0	3622.0	2681.0	4134.0	2903.0	2509.0	1943.0	2699.0	1514.0	1675.0	2631.0	5155.0	4759.0	3662.0	2984.0	3135.0	3746.0	1910.0	2047.0	3152.0	2839.0	2064.0	1375.0	3731.0	1800.0	1898.0	2050.0	4692.0	6129.0	2756.0	5438.0	6748.0	6007.0	4667.0	2837.0	5891.0	4113.0	3161.0	2767.0	4120.0	2544.0	2908.0	2340.0	4089.0	4766.0	3061.0	134.0	4368.0	62.0	3054.0	1977.0	2758.0	2279.0	2537.0	115.0	2149.0	2624.0	1691.0	2394.0	4968.0	2980.0	4023.0
CTG	7271.0	8328.0	8374.0	5059.0	3531.0	6611.0	4756.0	3595.0	2397.0	4419.0	2244.0	2570.0	3465.0	7900.0	7422.0	5524.0	3912.0	4737.0	6829.0	2669.0	2791.0	4402.0	4945.0	2875.0	1835.0	6371.0	3137.0	3240.0	2782.0	6129.0	11974.0	3469.0	7940.0	10268.0	9839.0	6917.0	4602.0	9043.0	7234.0	5056.0	3505.0	7148.0	4074.0	4792.0	3583.0	5817.0	8497.0	4623.0	229.0	6838.0	80.0	4353.0	2714.0	3824.0	3585.0	3406.0	186.0	3502.0	4047.0	2389.0	3205.0	7381.0	4442.0	5628.0
CTT	9471.0	5156.0	5306.0	7617.0	4457.0	2988.0	2158.0	4485.0	3279.0	2209.0	1525.0	3039.0	4502.0	4224.0	5540.0	7424.0	4558.0	2107.0	3320.0	2993.0	3016.0	1833.0	1715.0	3300.0	1406.0	1825.0	985.0	2502.0	2654.0	2756.0	3469.0	4542.0	8683.0	4973.0	4614.0	8097.0	4182.0	3171.0	2484.0	4877.0	3763.0	2718.0	1954.0	4866.0	3979.0	2729.0	3488.0	5601.0	251.0	3794.0	60.0	5872.0	3388.0	2036.0	1604.0	4239.0	142.0	1669.0	2679.0	2553.0	5162.0	4015.0	3909.0	6704.0
GAA	33284.0	13941.0	15435.0	24603.0	12252.0	7583.0	5759.0	11877.0	9697.0	5727.0	3909.0	8555.0	13861.0	10531.0	14087.0	20081.0	14473.0	5074.0	8941.0	7705.0	8541.0	4443.0	4889.0	8178.0	3905.0	5201.0	2625.0	7221.0	6464.0	5438.0	7940.0	8683.0	35074.0	15407.0	15853.0	27233.0	11670.0	7985.0	6425.0	12547.0	10055.0	6686.0	4768.0	12107.0	10888.0	6436.0	8402.0	13271.0	747.0	9506.0	198.0	16641.0	9376.0	5010.0	4429.0	11297.0	416.0	3543.0	6890.0	6199.0	15089.0	9440.0	9373.0	16854.0
GAC	13689.0	11359.0	11564.0	9617.0	6104.0	7769.0	5942.0	6021.0	4475.0	5521.0	3000.0	4335.0	5844.0	9364.0	9499.0	9136.0	6896.0	5442.0	8378.0	3957.0	4501.0	5495.0	5555.0	4635.0	2918.0	7130.0	3644.0	4529.0	3747.0	6748.0	10268.0	4973.0	15407.0	15746.0	14230.0	13269.0	6581.0	10240.0	8243.0	7115.0	5869.0	8336.0	4948.0	7319.0	5475.0	7260.0	9524.0	7363.0	314.0	8974.0	117.0	7776.0	4429.0	5068.0	4848.0	5731.0	256.0	3829.0	5467.0	3620.0	6003.0	8602.0	5920.0	8836.0
GAG	13066.0	9940.0	12339.0	9106.0	5601.0	6900.0	5306.0	5433.0	4678.0	5136.0	3453.0	4157.0	5412.0	8202.0	9130.0	8258.0	6666.0	5073.0	8701.0	3717.0	4219.0	5246.0	5241.0	4581.0	2695.0	6931.0	3873.0	4074.0	3619.0	6007.0	9839.0	4614.0	15853.0	14230.0	17032.0	12563.0	6233.0	9809.0	7736.0	6928.0	5445.0	7333.0	4969.0	6458.0	5328.0	6377.0	8794.0	6437.0	367.0	7669.0	130.0	6937.0	4184.0	4634.0	4219.0	5550.0	274.0	3393.0	4830.0	3245.0	5514.0	7925.0	5749.0	7837.0
GAT	28930.0	12333.0	13076.0	24525.0	11610.0	6598.0	5179.0	11474.0	8881.0	5014.0	3320.0	8580.0	13941.0	9673.0	13230.0	19266.0	11958.0	4521.0	7465.0	7592.0	7636.0	3879.0	4193.0	7555.0	3317.0	4115.0	2281.0	6164.0	5997.0	4667.0	6917.0	8097.0	27233.0	13269.0	12563.0	27270.0	10269.0	6566.0	5552.0	11233.0	9689.0	5880.0	4348.0	12493.0	10276.0	5842.0	7778.0	13199.0	560.0	8955.0	152.0	17491.0	9008.0	4744.0	4203.0	10952.0	266.0	3216.0	6581.0	6564.0	14964.0	8659.0	8902.0	16578.0
GCA	11562.0	6552.0	6604.0	9344.0	6287.0	3683.0	2838.0	5809.0	4124.0	2852.0	1863.0	3815.0	5305.0	5160.0	6896.0	8280.0	6025.0	2377.0	4605.0	3233.0	4220.0	2404.0	2441.0	3817.0	1714.0	2556.0	1221.0	3118.0	3178.0	2837.0	4602.0	4182.0	11670.0	6581.0	6233.0	10269.0	7346.0	4657.0	3862.0	6888.0	5486.0	3831.0	2893.0	6758.0	5214.0	3290.0	4478.0	6420.0	261.0	4181.0	103.0	6655.0	4565.0	2566.0	2163.0	5339.0	184.0	1675.0	3348.0	2815.0	6121.0	4730.0	4382.0	7260.0
GCC	6487.0	7380.0	7427.0	4909.0	3388.0	6383.0	4424.0	3564.0	2438.0	3996.0	2378.0	2344.0	2889.0	6662.0	6601.0	4831.0	4088.0	4286.0	6694.0	2291.0	2773.0	5051.0	4812.0	3046.0	1887.0	6367.0	3240.0	2689.0	2466.0	5891.0	9043.0	3171.0	7985.0	10240.0	9809.0	6566.0	4657.0	11048.0	7682.0	5288.0	3570.0	7176.0	4130.0	4718.0	3170.0	5814.0	7095.0	4029.0	218.0	5589.0	90.0	3762.0	2559.0	4214.0	3739.0	3502.0	188.0	2968.0	3885.0	2086.0	2842.0	6110.0	3694.0	5397.0
GCG	5665.0	5949.0	5687.0	3945.0	2933.0	4679.0	4469.0	2681.0	1922.0	3558.0	1665.0	2025.0	2550.0	5154.0	5454.0	3984.0	3258.0	3166.0	5246.0	1813.0	2174.0	3779.0	4524.0	2280.0	1700.0	5484.0	2723.0	2386.0	1863.0	4113.0	7234.0	2484.0	6425.0	8243.0	7736.0	5552.0	3862.0	7682.0	7586.0	4102.0	3033.0	5852.0	3352.0	3820.0	2614.0	4448.0	6242.0	3417.0	171.0	4670.0	69.0	3098.0	1980.0	2936.0	3499.0	2643.0	153.0	2212.0	2939.0	1612.0	2589.0	4928.0	3191.0	4156.0
GCT	12514.0	7125.0	7505.0	9864.0	5839.0	4444.0	2926.0	6763.0	3965.0	3097.0	1942.0	4283.0	5099.0	5533.0	7372.0	8896.0	6289.0	2741.0	5113.0	3472.0	4119.0	2523.0	2681.0	4545.0	1827.0	2863.0	1375.0	3826.0	3268.0	3161.0	5056.0	4877.0	12547.0	7115.0	6928.0	11233.0	6888.0	5288.0	4102.0	8972.0	5238.0	4344.0	2845.0	7814.0	5397.0	3602.0	4526.0	7367.0	278.0	4800.0	75.0	7321.0	4443.0	2795.0	2315.0	5976.0	188.0	1809.0	3700.0	2892.0	6310.0	5301.0	4736.0	7658.0
GGA	11146.0	5653.0	5849.0	9256.0	5627.0	3470.0	2639.0	5339.0	4730.0	2671.0	1900.0	3714.0	6068.0	4370.0	6166.0	8206.0	5252.0	2272.0	3659.0	3085.0	4039.0	2377.0	2240.0	3831.0	1780.0	1983.0	1173.0	2414.0	3062.0	2767.0	3505.0	3763.0	10055.0	5869.0	5445.0	9689.0	5486.0	3570.0	3033.0	5238.0	6898.0	3577.0	2930.0	6068.0	4959.0	3082.0	4170.0	6003.0	219.0	4035.0	83.0	6798.0	4125.0	2519.0	2060.0	4986.0	186.0	1756.0	3207.0	3122.0	6109.0	4172.0	4009.0	7051.0
GGC	5961.0	6259.0	6032.0	4277.0	2964.0	5007.0	3575.0	3223.0	2232.0	3523.0	1665.0	2184.0	2513.0	5763.0	5287.0	4681.0	3325.0	3301.0	4931.0	1984.0	2419.0	3499.0	3995.0	2665.0	1524.0	5040.0	2385.0	2465.0	1894.0	4120.0	7148.0	2718.0	6686.0	8336.0	7333.0	5880.0	3831.0	7176.0	5852.0	4344.0	3577.0	6504.0	3369.0	4659.0	2961.0	4679.0	5953.0	3986.0	203.0	5308.0	56.0	3687.0	2263.0	3160.0	2994.0	3030.0	156.0	2501.0	3378.0	1775.0	2626.0	5533.0	2927.0	4382.0
GGG	4551.0	3870.0	4085.0	3497.0	2533.0	2907.0	2227.0	2304.0	1902.0	2123.0	1662.0	1755.0	2393.0	3387.0	3694.0	3432.0	2420.0	2082.0	3103.0	1501.0	1876.0	2449.0	2337.0	2025.0	1135.0	2439.0	1576.0	1486.0	1610.0	2544.0	4074.0	1954.0	4768.0	4948.0	4969.0	4348.0	2893.0	4130.0	3352.0	2845.0	2930.0	3369.0	2828.0	2922.0	2325.0	2745.0	3850.0	2811.0	121.0	2957.0	66.0	2825.0	1825.0	1961.0	1821.0	2403.0	121.0	1545.0	2211.0	1510.0	2289.0	3199.0	2308.0	3496.0
GGT	12839.0	7724.0	7359.0	10809.0	6338.0	4473.0	3277.0	7252.0	4328.0	3085.0	1737.0	4622.0	5734.0	6098.0	7481.0	10211.0	6323.0	2903.0	4831.0	3730.0	4505.0	2308.0	2810.0	4726.0	1979.0	2769.0	1257.0	4062.0	3136.0	2908.0	4792.0	4866.0	12107.0	7319.0	6458.0	12493.0	6758.0	4718.0	3820.0	7814.0	6068.0	4659.0	2922.0	9576.0	5901.0	3731.0	4866.0	8211.0	271.0	5245.0	57.0	8226.0	4859.0	2910.0	2379.0	6209.0	138.0	1830.0	3955.0	3409.0	6740.0	5753.0	4897.0	8381.0
GTA	12139.0	6065.0	6027.0	10115.0	6136.0	3332.0	2571.0	5708.0	4211.0	2411.0	1578.0	3975.0	6729.0	4519.0	6510.0	8606.0	5601.0	2302.0	3629.0	3472.0	3894.0	1867.0	1914.0	3656.0	1477.0	1880.0	966.0	2672.0	3345.0	2340.0	3583.0	3979.0	10888.0	5475.0	5328.0	10276.0	5214.0	3170.0	2614.0	5397.0	4959.0	2961.0	2325.0	5901.0	5624.0	2850.0	3898.0	6303.0	294.0	4483.0	87.0	7463.0	4145.0	2219.0	1935.0	4962.0	155.0	1527.0	3210.0	3118.0	6883.0	4219.0	4259.0	7836.0
GTC	5956.0	5686.0	5611.0	4673.0	3158.0	4598.0	3309.0	3022.0	2182.0	2927.0	1597.0	2095.0	2878.0	5448.0	5213.0	4307.0	3282.0	3099.0	4262.0	2029.0	2308.0	3090.0	3259.0	2395.0	1522.0	3806.0	1986.0	2103.0	1858.0	4089.0	5817.0	2729.0	6436.0	7260.0	6377.0	5842.0	3290.0	5814.0	4448.0	3602.0	3082.0	4679.0	2745.0	3731.0	2850.0	4796.0	5174.0	3742.0	174.0	4533.0	72.0	3634.0	2240.0	2989.0	2674.0	2813.0	141.0	2160.0	2984.0	1953.0	2644.0	4924.0	3298.0	4531.0
GTG	8073.0	8060.0	7630.0	6350.0	4345.0	5528.0	4570.0	4241.0	3095.0	3981.0	2507.0	2990.0	4321.0	6668.0	7262.0	6230.0	4577.0	4208.0	5772.0	2789.0	3189.0	4044.0	4133.0	3335.0	1867.0	5179.0	2588.0	2913.0	2814.0	4766.0	8497.0	3488.0	8402.0	9524.0	8794.0	7778.0	4478.0	7095.0	6242.0	4526.0	4170.0	5953.0	3850.0	4866.0	3898.0	5174.0	8234.0	5033.0	215.0	6516.0	102.0	5063.0	2902.0	3466.0	3429.0	3694.0	162.0	2938.0	3852.0	2808.0	3912.0	6174.0	5050.0	6558.0
GTT	14891.0	7706.0	7602.0	12414.0	7070.0	4254.0	3234.0	7366.0	4905.0	3080.0	2150.0	4875.0	7136.0	5785.0	8134.0	11202.0	6872.0	2835.0	4613.0	4186.0	4860.0	2406.0	2705.0	4866.0	1905.0	2496.0	1140.0	3665.0	3587.0	3061.0	4623.0	5601.0	13271.0	7363.0	6437.0	13199.0	6420.0	4029.0	3417.0	7367.0	6003.0	3986.0	2811.0	8211.0	6303.0	3742.0	5033.0	8970.0	340.0	5183.0	92.0	9259.0	5211.0	2794.0	2396.0	6684.0	194.0	2092.0	3948.0	3917.0	8058.0	5345.0	5781.0	9956.0
TAA	989.0	378.0	393.0	574.0	280.0	172.0	158.0	275.0	297.0	177.0	107.0	188.0	378.0	335.0	336.0	609.0	365.0	138.0	191.0	203.0	180.0	134.0	130.0	200.0	128.0	151.0	70.0	185.0	176.0	134.0	229.0	251.0	747.0	314.0	367.0	560.0	261.0	218.0	171.0	278.0	219.0	203.0	121.0	271.0	294.0	174.0	215.0	340.0	16.0	283.0	12.0	480.0	233.0	152.0	132.0	275.0	14.0	111.0	201.0	178.0	472.0	272.0	290.0	498.0
TAC	9868.0	7921.0	7214.0	7654.0	4612.0	4968.0	3872.0	4280.0	3361.0	3498.0	1903.0	3070.0	5139.0	6465.0	6904.0	7138.0	4907.0	3770.0	5056.0	3108.0	3101.0	3343.0	3538.0	3332.0	1810.0	4053.0	1978.0	2859.0	3140.0	4368.0	6838.0	3794.0	9506.0	8974.0	7669.0	8955.0	4181.0	5589.0	4670.0	4800.0	4035.0	5308.0	2957.0	5245.0	4483.0	4533.0	6516.0	5183.0	283.0	7000.0	119.0	6193.0	3109.0	3190.0	2917.0	4021.0	187.0	2811.0	3830.0	2964.0	4732.0	6347.0	4602.0	7082.0
TAG	239.0	96.0	157.0	161.0	101.0	62.0	52.0	67.0	107.0	66.0	63.0	57.0	127.0	89.0	117.0	144.0	102.0	39.0	63.0	51.0	60.0	58.0	50.0	66.0	33.0	63.0	42.0	59.0	59.0	62.0	80.0	60.0	198.0	117.0	130.0	152.0	103.0	90.0	69.0	75.0	83.0	56.0	66.0	57.0	87.0	72.0	102.0	92.0	12.0	119.0	6.0	118.0	86.0	61.0	69.0	88.0	12.0	64.0	93.0	63.0	108.0	108.0	106.0	144.0
TAT	20847.0	8177.0	8025.0	19068.0	8667.0	4072.0	3259.0	8245.0	6528.0	3088.0	2393.0	5867.0	12046.0	6020.0	9638.0	14654.0	8321.0	3087.0	4639.0	5690.0	5357.0	2413.0	2616.0	5362.0	2125.0	2286.0	1276.0	3666.0	4406.0	3054.0	4353.0	5872.0	16641.0	7776.0	6937.0	17491.0	6655.0	3762.0	3098.0	7321.0	6798.0	3687.0	2825.0	8226.0	7463.0	3634.0	5063.0	9259.0	480.0	6193.0	118.0	14354.0	6329.0	2870.0	2486.0	7592.0	241.0	2329.0	4820.0	5490.0	12488.0	5865.0	6374.0	13364.0
TCA	10875.0	4787.0	4646.0	9607.0	5589.0	2762.0	2038.0	4870.0	3876.0	2100.0	1455.0	3596.0	5874.0	3556.0	5401.0	7648.0	5194.0	1783.0	2906.0	2969.0	3582.0	1707.0	1672.0	3291.0	1325.0	1420.0	778.0	2136.0	2629.0	1977.0	2714.0	3388.0	9376.0	4429.0	4184.0	9008.0	4565.0	2559.0	1980.0	4443.0	4125.0	2263.0	1825.0	4859.0	4145.0	2240.0	2902.0	5211.0	233.0	3109.0	86.0	6329.0	4818.0	2358.0	1878.0	5243.0	139.0	1315.0	2613.0	2702.0	6312.0	3536.0	3811.0	6868.0
TCC	4913.0	4173.0	4091.0	3959.0	2666.0	3542.0	2396.0	2567.0	1962.0	2293.0	1483.0	1803.0	2598.0	3667.0	3922.0	3639.0	2760.0	2174.0	3223.0	1626.0	2075.0	2653.0	2226.0	2127.0	1165.0	2563.0	1382.0	1684.0	1644.0	2758.0	3824.0	2036.0	5010.0	5068.0	4634.0	4744.0	2566.0	4214.0	2936.0	2795.0	2519.0	3160.0	1961.0	2910.0	2219.0	2989.0	3466.0	2794.0	152.0	3190.0	61.0	2870.0	2358.0	3142.0	2230.0	3137.0	116.0	1653.0	1983.0	1526.0	2346.0	3515.0	2472.0	3507.0
TCG	4377.0	3931.0	3663.0	3328.0	2187.0	2803.0	2552.0	2047.0	1622.0	2061.0	1083.0	1538.0	2420.0	3255.0	3546.0	3083.0	2272.0	1870.0	2739.0	1393.0	1587.0	2058.0	2603.0	1648.0	1243.0	2569.0	1373.0	1591.0	1345.0	2279.0	3585.0	1604.0	4429.0	4848.0	4219.0	4203.0	2163.0	3739.0	3499.0	2315.0	2060.0	2994.0	1821.0	2379.0	1935.0	2674.0	3429.0	2396.0	132.0	2917.0	69.0	2486.0	1878.0	2230.0	2706.0	2475.0	119.0	1358.0	1876.0	1371.0	2128.0	3140.0	2308.0	3181.0
TCT	12726.0	6233.0	6168.0	11232.0	6025.0	3362.0	2511.0	6162.0	4654.0	2596.0	1918.0	4244.0	6548.0	4399.0	6484.0	9142.0	5795.0	2274.0	3854.0	3333.0	4122.0	2322.0	2079.0	4439.0	1591.0	1894.0	1105.0	2943.0	2971.0	2537.0	3406.0	4239.0	11297.0	5731.0	5550.0	10952.0	5339.0	3502.0	2643.0	5976.0	4986.0	3030.0	2403.0	6209.0	4962.0	2813.0	3694.0	6684.0	275.0	4021.0	88.0	7592.0	5243.0	3137.0	2475.0	6972.0	151.0	1615.0	3050.0	3196.0	7190.0	4315.0	4394.0	8217.0
TGA	467.0	280.0	317.0	235.0	209.0	142.0	113.0	143.0	194.0	111.0	123.0	99.0	175.0	237.0	205.0	308.0	201.0	120.0	173.0	127.0	141.0	92.0	124.0	112.0	92.0	150.0	88.0	134.0	101.0	115.0	186.0	142.0	416.0	256.0	274.0	266.0	184.0	188.0	153.0	188.0	186.0	156.0	121.0	138.0	155.0	141.0	162.0	194.0	14.0	187.0	12.0	241.0	139.0	116.0	119.0	151.0	26.0	78.0	165.0	126.0	179.0	202.0	178.0	308.0
TGC	3591.0	3202.0	2867.0	2836.0	1848.0	2230.0	1736.0	1714.0	1391.0	1775.0	1041.0	1300.0	2055.0	2671.0	2911.0	2629.0	1927.0	1963.0	2231.0	1395.0	1381.0	1728.0	1653.0	1339.0	868.0	2088.0	1161.0	1128.0	1353.0	2149.0	3502.0	1669.0	3543.0	3829.0	3393.0	3216.0	1675.0	2968.0	2212.0	1809.0	1756.0	2501.0	1545.0	1830.0	1527.0	2160.0	2938.0	2092.0	111.0	2811.0	64.0	2329.0	1315.0	1653.0	1358.0	1615.0	78.0	1984.0	1934.0	1653.0	1837.0	2735.0	2050.0	3357.0
TGG	7532.0	4804.0	4958.0	5771.0	3562.0	3202.0	2323.0	3497.0	2831.0	2119.0	1479.0	2314.0	3558.0	3999.0	4861.0	5174.0	3603.0	2197.0	3381.0	2420.0	2850.0	2295.0	2461.0	2742.0	1351.0	2489.0	1370.0	2187.0	2113.0	2624.0	4047.0	2679.0	6890.0	5467.0	4830.0	6581.0	3348.0	3885.0	2939.0	3700.0	3207.0	3378.0	2211.0	3955.0	3210.0	2984.0	3852.0	3948.0	201.0	3830.0	93.0	4820.0	2613.0	1983.0	1876.0	3050.0	165.0	1934.0	3724.0	2465.0	3746.0	3955.0	3052.0	5200.0
TGT	8263.0	3792.0	3786.0	7058.0	3670.0	2104.0	1747.0	3364.0	2793.0	1535.0	1212.0	2582.0	4710.0	2710.0	4281.0	5845.0	3264.0	1768.0	2077.0	2724.0	2383.0	1274.0	1295.0	2413.0	1079.0	1247.0	691.0	1633.0	2019.0	1691.0	2389.0	2553.0	6199.0	3620.0	3245.0	6564.0	2815.0	2086.0	1612.0	2892.0	3122.0	1775.0	1510.0	3409.0	3118.0	1953.0	2808.0	3917.0	178.0	2964.0	63.0	5490.0	2702.0	1526.0	1371.0	3196.0	126.0	1653.0	2465.0	3422.0	4847.0	2732.0	3128.0	5797.0
TTA	19589.0	7239.0	6571.0	18164.0	8104.0	3220.0	2794.0	7268.0	5842.0	2445.0	1874.0	5529.0	12131.0	4790.0	8507.0	13912.0	7825.0	2451.0	3531.0	4856.0	4946.0	1869.0	1875.0	4637.0	1748.0	1505.0	867.0	2831.0	4436.0	2394.0	3205.0	5162.0	15089.0	6003.0	5514.0	14964.0	6121.0	2842.0	2589.0	6310.0	6109.0	2626.0	2289.0	6740.0	6883.0	2644.0	3912.0	8058.0	472.0	4732.0	108.0	12488.0	6312.0	2346.0	2128.0	7190.0	179.0	1837.0	3746.0	4847.0	13566.0	4445.0	6045.0	12586.0
TTC	9539.0	7962.0	7729.0	7150.0	4651.0	5304.0	4030.0	4576.0	3216.0	3642.0	1930.0	3059.0	4586.0	7368.0	7299.0	7034.0	4795.0	3778.0	5106.0	3102.0	3436.0	3395.0	3610.0	3365.0	1784.0	4315.0	2041.0	3225.0	2735.0	4968.0	7381.0	4015.0	9440.0	8602.0	7925.0	8659.0	4730.0	6110.0	4928.0	5301.0	4172.0	5533.0	3199.0	5753.0	4219.0	4924.0	6174.0	5345.0	272.0	6347.0	108.0	5865.0	3536.0	3515.0	3140.0	4315.0	202.0	2735.0	3955.0	2732.0	4445.0	7622.0	4433.0	6917.0
TTG	10624.0	6009.0	6060.0	8918.0	4849.0	3596.0	2955.0	4553.0	3511.0	2480.0	1840.0	3337.0	5437.0	4768.0	6744.0	7914.0	4964.0	2632.0	3702.0	3368.0	3345.0	2258.0	2242.0	3274.0	1594.0	2373.0	1328.0	2530.0	3004.0	2980.0	4442.0	3909.0	9373.0	5920.0	5749.0	8902.0	4382.0	3694.0	3191.0	4736.0	4009.0	2927.0	2308.0	4897.0	4259.0	3298.0	5050.0	5781.0	290.0	4602.0	106.0	6374.0	3811.0	2472.0	2308.0	4394.0	178.0	2050.0	3052.0	3128.0	6045.0	4433.0	5606.0	7811.0
TTT	20468.0	9421.0	9057.0	17701.0	9056.0	5124.0	4232.0	8460.0	6707.0	4062.0	2747.0	6169.0	11664.0	6842.0	10545.0	15178.0	8618.0	3890.0	5202.0	5903.0	6047.0	3303.0	3075.0	5692.0	2386.0	3176.0	1569.0	3853.0	4932.0	4023.0	5628.0	6704.0	16854.0	8836.0	7837.0	16578.0	7260.0	5397.0	4156.0	7658.0	7051.0	4382.0	3496.0	8381.0	7836.0	4531.0	6558.0	9956.0	498.0	7082.0	144.0	13364.0	6868.0	3507.0	3181.0	8217.0	308.0	3357.0	5200.0	5797.0	12586.0	6917.0	7811.0	15240.0
End	10880.0	3913.0	5293.0	6672.0	3180.0	2065.0	1735.0	2803.0	3229.0	1970.0	1932.0	2550.0	4164.0	3064.0	3699.0	5419.0	3829.0	1564.0	2439.0	2134.0	1997.0	1386.0	1577.0	1868.0	1622.0	1860.0	1165.0	1946.0	2238.0	1820.0	2768.0	2502.0	7790.0	3998.0	5401.0	5842.0	2995.0	2126.0	2134.0	2491.0	3290.0	2127.0	2119.0	3012.0	3471.0	2053.0	3152.0	3523.0	16491.0	2850.0	5066.0	4806.0	2757.0	1683.0	1634.0	2916.0	10130.0	1266.0	2719.0	2090.0	5009.0	3339.0	3072.0	5409.0
