Proteome_ID	M	W	C	D	E	F	H	K	N	Q	Y	I	A	G	P	T	V	L	R	S
UP000000226	0.04005734022164113	0.03210734186668501	0.03210734186668501	0.03210734186668501	0.03210734186668501	0.04005734022164113	0.03210734186668501	0.04481904808164591	0.04005734022164113	0.03210734186668501	0.04005734022164113	0.04005734022164113	0.05147028714538799	0.05147028714538799	0.05147028714538799	0.06421468373337003	0.06421468373337003	0.10427202395501116	0.05623199500539277	0.1189059517467305
UP000000267	0.055864550313688005	0.030002642413976162	0.030002642413976162	0.030002642413976162	0.030002642413976162	0.055864550313688005	0.030002642413976162	0.05935893322147235	0.055864550313688005	0.030002642413976162	0.055864550313688005	0.055864550313688005	0.03222646729514131	0.03222646729514131	0.03222646729514131	0.060005284827952324	0.060005284827952324	0.11586983514164033	0.035720850202925654	0.11302180384033594
UP000000304	0.02695419482096027	0.03186833853085839	0.03186833853085839	0.03186833853085839	0.03186833853085839	0.02695419482096027	0.03186833853085839	0.03270930794313249	0.02695419482096027	0.03186833853085839	0.02695419482096027	0.02695419482096027	0.07535680493988595	0.07535680493988595	0.07535680493988595	0.06373667706171678	0.06373667706171678	0.09069087188267705	0.08111191806205817	0.11596312787908912
UP000000305	0.0365914733757752	0.032265633464754764	0.032265633464754764	0.032265633464754764	0.032265633464754764	0.0365914733757752	0.032265633464754764	0.04163123930384891	0.0365914733757752	0.032265633464754764	0.0365914733757752	0.0365914733757752	0.05690238773337435	0.05690238773337435	0.05690238773337435	0.06453126692950953	0.06453126692950953	0.10112274030528473	0.06194215366144806	0.11898300200287164
UP000000311	0.041711655187889524	0.03198664649403775	0.03198664649403775	0.03198664649403775	0.03198664649403775	0.041711655187889524	0.03198664649403775	0.04633928581430616	0.041711655187889524	0.03198664649403775	0.041711655187889524	0.041711655187889524	0.04905801744504234	0.04905801744504234	0.04905801744504234	0.0639732929880755	0.0639732929880755	0.10568494817596503	0.05368564807145897	0.11869132472331774
UP000000314	0.04382404563363217	0.03179390247504343	0.03179390247504343	0.03179390247504343	0.03179390247504343	0.04382404563363217	0.03179390247504343	0.048280008183421756	0.04382404563363217	0.03179390247504343	0.04382404563363217	0.04382404563363217	0.04613231024097	0.04613231024097	0.04613231024097	0.06358780495008685	0.06358780495008685	0.10741185058371903	0.050588272790759586	0.11826368480059452
UP000000437	0.032876960385691725	0.032274646376818435	0.032274646376818435	0.032274646376818435	0.032274646376818435	0.032876960385691725	0.032274646376818435	0.038206339304136	0.032876960385691725	0.032274646376818435	0.032876960385691725	0.032876960385691725	0.06336673381776581	0.06336673381776581	0.06336673381776581	0.06454929275363687	0.06454929275363687	0.09742625313932861	0.06869611273621007	0.11843982767038519
UP000000539	0.031161452004141766	0.032214892256895604	0.032214892256895604	0.032214892256895604	0.032214892256895604	0.031161452004141766	0.032214892256895604	0.036619846589819025	0.031161452004141766	0.032214892256895604	0.031161452004141766	0.031161452004141766	0.06660788996516949	0.06660788996516949	0.06660788996516949	0.06442978451379121	0.06442978451379121	0.09559123651793298	0.07206628455084675	0.1179427798562279
UP000000542	0.01900532082721582	0.030196461466418148	0.030196461466418148	0.030196461466418148	0.030196461466418148	0.01900532082721582	0.030196461466418148	0.02518278190407369	0.01900532082721582	0.030196461466418148	0.01900532082721582	0.01900532082721582	0.09595484268669971	0.09595484268669971	0.09595484268669971	0.060392922932836296	0.060392922932836296	0.07939824376005211	0.10213230376355759	0.10843092371195684
UP000000559	0.05557369700286275	0.03005787778225138	0.03005787778225138	0.03005787778225138	0.03005787778225138	0.05557369700286275	0.03005787778225138	0.05909060852776839	0.05557369700286275	0.03005787778225138	0.05557369700286275	0.05557369700286275	0.032514519115984686	0.032514519115984686	0.032514519115984686	0.06011575556450276	0.06011575556450276	0.11568945256736551	0.03603143064089033	0.11319768807919421
UP000000560	0.02787065557201645	0.0319702052736783	0.0319702052736783	0.0319702052736783	0.0319702052736783	0.02787065557201645	0.0319702052736783	0.03356405642886961	0.02787065557201645	0.0319702052736783	0.02787065557201645	0.02787065557201645	0.07334553165425801	0.07334553165425801	0.07334553165425801	0.0639404105473566	0.0639404105473566	0.09181106611937304	0.07903893251111117	0.11649401938100686
UP000000561	0.025094362831480442	0.03161111516381383	0.03161111516381383	0.03161111516381383	0.03161111516381383	0.025094362831480442	0.03161111516381383	0.030968355005468906	0.025094362831480442	0.03161111516381383	0.025094362831480442	0.025094362831480442	0.07964040438965388	0.07964040438965388	0.07964040438965388	0.06322223032762767	0.06322223032762767	0.08831659315910811	0.08551439656364232	0.1146964763072784
UP000000589	0.032211467903206045	0.032256592568322535	0.032256592568322535	0.032256592568322535	0.032256592568322535	0.032211467903206045	0.032256592568322535	0.037591329685451313	0.032211467903206045	0.032256592568322535	0.032211467903206045	0.032211467903206045	0.06460356089609934	0.06460356089609934	0.06460356089609934	0.06451318513664507	0.06451318513664507	0.09672465303985112	0.06998342267834459	0.11826664670879959
UP000000591	0.026065929941864963	0.03175422511413516	0.03175422511413516	0.03175422511413516	0.03175422511413516	0.026065929941864963	0.03175422511413516	0.031878959508127115	0.026065929941864963	0.03175422511413516	0.026065929941864963	0.026065929941864963	0.07736772214519565	0.07736772214519565	0.07736772214519565	0.06350845022827031	0.06350845022827031	0.08957438017013529	0.0831807517114578	0.11539084132401634
UP000000598	0.04635359464546388	0.031510269230871475	0.031510269230871475	0.031510269230871475	0.031510269230871475	0.04635359464546388	0.031510269230871475	0.050604163170117546	0.04635359464546388	0.031510269230871475	0.04635359464546388	0.04635359464546388	0.0428401324469523	0.0428401324469523	0.0428401324469523	0.06302053846174295	0.06302053846174295	0.10937413310720684	0.04709070097160596	0.11753993987417857
UP000000599	0.050464239151911894	0.030938216727113388	0.030938216727113388	0.030938216727113388	0.030938216727113388	0.050464239151911894	0.030938216727113388	0.054383749294113354	0.050464239151911894	0.030938216727113388	0.050464239151911894	0.050464239151911894	0.037934714575700676	0.037934714575700676	0.037934714575700676	0.061876433454226776	0.061876433454226776	0.11234067260613867	0.041854224717902136	0.11591384662405063
UP000000600	0.06440852854513274	0.028163731807578977	0.028163731807578977	0.028163731807578977	0.028163731807578977	0.06440852854513274	0.028163731807578977	0.06726466055957948	0.06440852854513274	0.028163731807578977	0.06440852854513274	0.06440852854513274	0.02463014781570185	0.02463014781570185	0.02463014781570185	0.056327463615157954	0.056327463615157954	0.12073599216029068	0.027486279830148595	0.10694266320142241
UP000000673	0.027126914725987144	0.031888744455007056	0.031888744455007056	0.031888744455007056	0.031888744455007056	0.027126914725987144	0.031888744455007056	0.03287054298233435	0.027126914725987144	0.031888744455007056	0.027126914725987144	0.027126914725987144	0.07497292140949427	0.07497292140949427	0.07497292140949427	0.06377748891001411	0.06377748891001411	0.09090440363600125	0.08071654966584148	0.11606772130733384
UP000000715	0.02700341812901767	0.03187421208788668	0.03187421208788668	0.03187421208788668	0.03187421208788668	0.02700341812901767	0.03187421208788668	0.032755265321693844	0.02700341812901767	0.03187421208788668	0.02700341812901767	0.02700341812901767	0.07524716992267234	0.07524716992267234	0.07524716992267234	0.06374842417577337	0.06374842417577337	0.09075184230479104	0.08099901711534852	0.11599315396619439
UP000000724	0.02872182897771036	0.032051080732882736	0.032051080732882736	0.032051080732882736	0.032051080732882736	0.02872182897771036	0.032051080732882736	0.034356311957257996	0.02872182897771036	0.032051080732882736	0.02872182897771036	0.02872182897771036	0.07153247635747596	0.07153247635747596	0.07153247635747596	0.06410216146576547	0.06410216146576547	0.09282399044347583	0.0771669593370236	0.11693535697243565
UP000000741	0.032765391964644716	0.03227206154796746	0.03227206154796746	0.03227206154796746	0.03227206154796746	0.032765391964644716	0.03227206154796746	0.038103269860667775	0.032765391964644716	0.03227206154796746	0.032765391964644716	0.032765391964644716	0.06357231787000191	0.06357231787000191	0.06357231787000191	0.06454412309593492	0.06454412309593492	0.09730951506057965	0.06891019576602497	0.11841249039982372
UP000000759	0.03102483609904666	0.03220824123594014	0.03220824123594014	0.03220824123594014	0.03220824123594014	0.03102483609904666	0.03220824123594014	0.03649333901573422	0.03102483609904666	0.03220824123594014	0.03102483609904666	0.03102483609904666	0.0668735718829078	0.0668735718829078	0.0668735718829078	0.06441648247188028	0.06441648247188028	0.09544131857092693	0.07234207479959535	0.11789595911038545
UP000000768	0.024148256408362538	0.031452322158688546	0.031452322158688546	0.031452322158688546	0.031452322158688546	0.024148256408362538	0.031452322158688546	0.030078941511941414	0.024148256408362538	0.031452322158688546	0.024148256408362538	0.024148256408362538	0.08193126265061139	0.08193126265061139	0.08193126265061139	0.06290464431737709	0.06290464431737709	0.08705290072573962	0.08786194775419025	0.11394791842759641
UP000000803	0.028256416931157165	0.03200845885580575	0.03200845885580575	0.03200845885580575	0.03200845885580575	0.028256416931157165	0.03200845885580575	0.03392329682288479	0.028256416931157165	0.03200845885580575	0.028256416931157165	0.028256416931157165	0.07251743494725196	0.07251743494725196	0.07251743494725196	0.0640169177116115	0.0640169177116115	0.09227333464276866	0.07818431483897957	0.11670007563976774
UP000000819	0.0359514507403795	0.03227973489961711	0.03227973489961711	0.03227973489961711	0.03227973489961711	0.0359514507403795	0.03227973489961711	0.04104189570048562	0.0359514507403795	0.03227973489961711	0.0359514507403795	0.0359514507403795	0.05796602160586745	0.05796602160586745	0.05796602160586745	0.06455946979923421	0.06455946979923421	0.1005109205396137	0.06305646656597359	0.11893804967825618
UP000001038	0.0290765449295987	0.03208102859429292	0.03208102859429292	0.03208102859429292	0.03208102859429292	0.0290765449295987	0.03208102859429292	0.034686056754904514	0.0290765449295987	0.03208102859429292	0.0290765449295987	0.0290765449295987	0.07079193199603061	0.07079193199603061	0.07079193199603061	0.06416205718858584	0.06416205718858584	0.09323860211818454	0.07640144382133644	0.11710509072656004
UP000001055	0.026729716379444157	0.03184096113623949	0.03184096113623949	0.03184096113623949	0.03184096113623949	0.026729716379444157	0.03184096113623949	0.03249965023874337	0.026729716379444157	0.03184096113623949	0.026729716379444157	0.026729716379444157	0.07585915179101474	0.07585915179101474	0.07585915179101474	0.06368192227247899	0.06368192227247899	0.09041163865192314	0.08162908565031396	0.11582397682635955
UP000001056	0.020515310041298508	0.0306415418792765	0.0306415418792765	0.0306415418792765	0.0306415418792765	0.020515310041298508	0.0306415418792765	0.026633122569436982	0.020515310041298508	0.0306415418792765	0.020515310041298508	0.020515310041298508	0.0915320399106216	0.0915320399106216	0.0915320399106216	0.061283083758553	0.061283083758553	0.08179839379985152	0.09764985243876008	0.11033054246082905
UP000001064	0.06490198992572528	0.02804574957209967	0.02804574957209967	0.02804574957209967	0.02804574957209967	0.06490198992572528	0.02804574957209967	0.06772280110883583	0.06490198992572528	0.02804574957209967	0.06490198992572528	0.06490198992572528	0.02423851934158209	0.02423851934158209	0.02423851934158209	0.05609149914419934	0.05609149914419934	0.12099348906992463	0.027059330524692626	0.1065413759221776
UP000001067	0.02750061553042823	0.031930962129285485	0.031930962129285485	0.031930962129285485	0.031930962129285485	0.02750061553042823	0.031930962129285485	0.03321915990616785	0.02750061553042823	0.031930962129285485	0.02750061553042823	0.02750061553042823	0.07415007430460864	0.07415007430460864	0.07415007430460864	0.06386192425857097	0.06386192425857097	0.0913625397889992	0.07986861868034828	0.11628675976566272
UP000001070	0.030634049918044765	0.032187617256213295	0.032187617256213295	0.032187617256213295	0.032187617256213295	0.030634049918044765	0.032187617256213295	0.036131318356542	0.030634049918044765	0.032187617256213295	0.030634049918044765	0.030634049918044765	0.06763994361856847	0.06763994361856847	0.06763994361856847	0.06437523451242659	0.06437523451242659	0.09500928443047135	0.0731372120570657	0.11775593214785869
UP000001072	0.041519481161803796	0.03200207050652437	0.03200207050652437	0.03200207050652437	0.03200207050652437	0.041519481161803796	0.03200207050652437	0.04616271158637664	0.041519481161803796	0.03200207050652437	0.041519481161803796	0.041519481161803796	0.049332625940745924	0.049332625940745924	0.049332625940745924	0.06400414101304874	0.06400414101304874	0.10552362217485253	0.05397585636531877	0.11872182117695178
UP000001073	0.02952207249682566	0.03211560394921411	0.03211560394921411	0.03211560394921411	0.03211560394921411	0.02952207249682566	0.03211560394921411	0.03509989478828143	0.02952207249682566	0.03211560394921411	0.02952207249682566	0.02952207249682566	0.06987395733369864	0.06987395733369864	0.06987395733369864	0.06423120789842822	0.06423120789842822	0.09375328039525388	0.07545177962515442	0.11730677121394491
UP000001074	0.02763836388323941	0.03194586540751101	0.03194586540751101	0.03194586540751101	0.03194586540751101	0.02763836388323941	0.03194586540751101	0.03334758330132253	0.02763836388323941	0.03194586540751101	0.02763836388323941	0.02763836388323941	0.073849401574287	0.073849401574287	0.073849401574287	0.06389173081502202	0.06389173081502202	0.09153009469826143	0.07955862099237013	0.11636502279387778
UP000001075	0.030887289250517817	0.03220125357597622	0.03220125357597622	0.03220125357597622	0.03220125357597622	0.030887289250517817	0.03220125357597622	0.036365942401619326	0.030887289250517817	0.03220125357597622	0.030887289250517817	0.030887289250517817	0.06714222950768899	0.06714222950768899	0.06714222950768899	0.06440250715195243	0.06440250715195243	0.09528979640247025	0.07262088265879048	0.11784770800170186
UP000001194	0.03173242137135602	0.03223961151943669	0.03223961151943669	0.03223961151943669	0.03223961151943669	0.03173242137135602	0.03223961151943669	0.03714829090035552	0.03173242137135602	0.03223961151943669	0.03173242137135602	0.03173242137135602	0.06550981652238022	0.06550981652238022	0.06550981652238022	0.06447922303887338	0.06447922303887338	0.09621164441022939	0.07092568605137974	0.11812670701974776
UP000001197	0.024957082297607503	0.0315892905462994	0.0315892905462994	0.0315892905462994	0.0315892905462994	0.024957082297607503	0.0315892905462994	0.030839471252793727	0.024957082297607503	0.0315892905462994	0.024957082297607503	0.024957082297607503	0.07996794379398926	0.07996794379398926	0.07996794379398926	0.0631785810925988	0.0631785810925988	0.0881356633902063	0.0858503327491755	0.11459238427482515
UP000001261	0.031044679423473588	0.03220922514373459	0.03220922514373459	0.03220922514373459	0.03220922514373459	0.031044679423473588	0.03220922514373459	0.03651171576143065	0.031044679423473588	0.03220922514373459	0.031044679423473588	0.031044679423473588	0.06683491043398287	0.06683491043398287	0.06683491043398287	0.06441845028746918	0.06441845028746918	0.09546312971094277	0.07230194677193992	0.11790282789902422
UP000001292	0.0270256332759839	0.03187684770948889	0.03187684770948889	0.03187684770948889	0.03187684770948889	0.0270256332759839	0.03187684770948889	0.03277600464061599	0.0270256332759839	0.03187684770948889	0.0270256332759839	0.0270256332759839	0.07519775092907262	0.07519775092907262	0.07519775092907262	0.06375369541897778	0.06375369541897778	0.09077932869496168	0.08094812229370471	0.11600664810869137
UP000001294	0.03223469112871548	0.032257330122830795	0.032257330122830795	0.032257330122830795	0.032257330122830795	0.03223469112871548	0.032257330122830795	0.03761280006095459	0.03223469112871548	0.032257330122830795	0.03223469112871548	0.03223469112871548	0.06455997003342474	0.06455997003342474	0.06455997003342474	0.06451466024566159	0.06451466024566159	0.09674935137437707	0.06993807896566386	0.11827310262684493
UP000001300	0.02751051739972647	0.03193204517891654	0.03193204517891654	0.03193204517891654	0.03193204517891654	0.02751051739972647	0.03193204517891654	0.033228392858406175	0.02751051739972647	0.03193204517891654	0.02751051739972647	0.02751051739972647	0.07412841383481253	0.07412841383481253	0.07412841383481253	0.06386409035783308	0.06386409035783308	0.09137460775755955	0.07984628929349225	0.11629242979830674
UP000001307	0.038956522624012904	0.03217199950228336	0.03217199950228336	0.03217199950228336	0.03217199950228336	0.038956522624012904	0.03217199950228336	0.04380707352836555	0.038956522624012904	0.03217199950228336	0.038956522624012904	0.038956522624012904	0.053138087398844	0.053138087398844	0.053138087398844	0.06434399900456672	0.06434399900456672	0.10330052162857964	0.057988638303196643	0.11898689620042815
UP000001312	0.03861856352995085	0.032189237045857626	0.032189237045857626	0.032189237045857626	0.032189237045857626	0.03861856352995085	0.032189237045857626	0.04349630756930091	0.03861856352995085	0.032189237045857626	0.03861856352995085	0.03861856352995085	0.053660565639155534	0.053660565639155534	0.053660565639155534	0.06437847409171525	0.06437847409171525	0.1029970376216661	0.058538309678505596	0.11900146010473035
UP000001357	0.023521395402757838	0.03133597812675357	0.03133597812675357	0.03133597812675357	0.03133597812675357	0.023521395402757838	0.03133597812675357	0.029488041039022375	0.023521395402757838	0.03133597812675357	0.023521395402757838	0.023521395402757838	0.0834936455381595	0.0834936455381595	0.0834936455381595	0.06267195625350715	0.06267195625350715	0.08619335165626499	0.08946029117442401	0.11341062123448523
UP000001396	0.05172598534203242	0.030737311722204425	0.030737311722204425	0.030737311722204425	0.030737311722204425	0.05172598534203242	0.030737311722204425	0.055544986706045324	0.05172598534203242	0.030737311722204425	0.05172598534203242	0.05172598534203242	0.036530278762625615	0.036530278762625615	0.036530278762625615	0.06147462344440885	0.06147462344440885	0.11320060878644127	0.04034928012663853	0.11531124416079189
UP000001449	0.03501146492612369	0.032291272390419457	0.032291272390419457	0.032291272390419457	0.032291272390419457	0.03501146492612369	0.032291272390419457	0.040175822841652144	0.03501146492612369	0.032291272390419457	0.03501146492612369	0.03501146492612369	0.05956484681760568	0.05956484681760568	0.05956484681760568	0.06458254478083891	0.06458254478083891	0.0995940097069626	0.06472920473313414	0.1188363737306209
UP000001450	0.07585358952048254	0.025146012312658617	0.025146012312658617	0.025146012312658617	0.025146012312658617	0.07585358952048254	0.025146012312658617	0.07794046882083537	0.07585358952048254	0.025146012312658617	0.07585358952048254	0.07585358952048254	0.016672169088521108	0.016672169088521108	0.016672169088521108	0.05029202462531723	0.05029202462531723	0.12614561414579975	0.018759048388873933	0.09641029064992883
UP000001460	0.0644635045328225	0.028150646619603804	0.028150646619603804	0.028150646619603804	0.028150646619603804	0.0644635045328225	0.028150646619603804	0.06731569250928542	0.0644635045328225	0.028150646619603804	0.0644635045328225	0.0644635045328225	0.024586280589145432	0.024586280589145432	0.024586280589145432	0.05630129323920761	0.05630129323920761	0.1207647977720301	0.02743846856560836	0.10689821052548937
UP000001471	0.027483943514452883	0.03192913444987089	0.03192913444987089	0.03192913444987089	0.03192913444987089	0.027483943514452883	0.03192913444987089	0.033203613670408	0.027483943514452883	0.03192913444987089	0.027483943514452883	0.027483943514452883	0.0741865610502239	0.0741865610502239	0.0741865610502239	0.06385826889974178	0.06385826889974178	0.09134221241419466	0.07990623120617904	0.11627719748757331
UP000001514	0.02842354185532473	0.03202420374668896	0.03202420374668896	0.03202420374668896	0.03202420374668896	0.02842354185532473	0.03202420374668896	0.03407883754581879	0.02842354185532473	0.03202420374668896	0.02842354185532473	0.02842354185532473	0.07216198676642584	0.07216198676642584	0.07216198676642584	0.06404840749337792	0.06404840749337792	0.09247194934870266	0.0778172824569199	0.11678622360576772
UP000001519	0.02939276296715075	0.032105913321442914	0.032105913321442914	0.032105913321442914	0.032105913321442914	0.02939276296715075	0.032105913321442914	0.03497981910348578	0.02939276296715075	0.032105913321442914	0.02939276296715075	0.02939276296715075	0.07013901152171452	0.07013901152171452	0.07013901152171452	0.06421182664288583	0.06421182664288583	0.09360458961003656	0.07572606765804954	0.11724954101310157
UP000001529	0.024769514689563874	0.03155881249525539	0.03155881249525539	0.03155881249525539	0.03155881249525539	0.024769514689563874	0.03155881249525539	0.030663284875228132	0.024769514689563874	0.03155881249525539	0.024769514689563874	0.024769514689563874	0.08041809931224163	0.08041809931224163	0.08041809931224163	0.06311762499051078	0.06311762499051078	0.08788713968007465	0.0863118694979059	0.11444770960969304
UP000001542	0.05454990950686792	0.03024808732536523	0.03024808732536523	0.03024808732536523	0.03024808732536523	0.05454990950686792	0.03024808732536523	0.05814648340806938	0.05454990950686792	0.03024808732536523	0.05454990950686792	0.05454990950686792	0.033545309061520166	0.033545309061520166	0.033545309061520166	0.06049617465073046	0.06049617465073046	0.11504608415759839	0.037141882962721626	0.11379920149905802
UP000001548	0.03246662690363735	0.03226426676984106	0.03226426676984106	0.03226426676984106	0.03226426676984106	0.03246662690363735	0.03226426676984106	0.03782719407190219	0.03246662690363735	0.03226426676984106	0.03246662690363735	0.03246662690363735	0.0641263358392704	0.0641263358392704	0.0641263358392704	0.06452853353968212	0.06452853353968212	0.09699516044331946	0.06948690300753521	0.11833593274283458
UP000001554	0.028312491707362327	0.032013797021144944	0.032013797021144944	0.032013797021144944	0.032013797021144944	0.028312491707362327	0.032013797021144944	0.033975491047077824	0.028312491707362327	0.032013797021144944	0.028312491707362327	0.028312491707362327	0.07239795142753615	0.07239795142753615	0.07239795142753615	0.06402759404228989	0.06402759404228989	0.09234008574965222	0.07806095076725166	0.11672918940514877
UP000001555	0.023764719567992167	0.031382222169670716	0.031382222169670716	0.031382222169670716	0.031382222169670716	0.023764719567992167	0.031382222169670716	0.029717566255251394	0.023764719567992167	0.031382222169670716	0.023764719567992167	0.023764719567992167	0.08288285207733084	0.08288285207733084	0.08288285207733084	0.06276444433934143	0.06276444433934143	0.0865291639073336	0.08883569876459008	0.11362319530416441
UP000001568	0.02026404673536426	0.030572306307336993	0.030572306307336993	0.030572306307336993	0.030572306307336993	0.02026404673536426	0.030572306307336993	0.026392639477940565	0.02026404673536426	0.030572306307336993	0.02026404673536426	0.02026404673536426	0.09224869298376458	0.09224869298376458	0.09224869298376458	0.061144612614673986	0.061144612614673986	0.08140865935003824	0.09837728572634089	0.11003203974419537
UP000001593	0.03627946720234411	0.032273128429431634	0.032273128429431634	0.032273128429431634	0.032273128429431634	0.03627946720234411	0.032273128429431634	0.04134397185517646	0.03627946720234411	0.032273128429431634	0.03627946720234411	0.03627946720234411	0.057418418678171254	0.057418418678171254	0.057418418678171254	0.06454625685886327	0.06454625685886327	0.10082572406120738	0.0624829233310036	0.11896350441206183
UP000001595	0.029560522016148446	0.03211843152354737	0.03211843152354737	0.03211843152354737	0.03211843152354737	0.029560522016148446	0.03211843152354737	0.035135593059190055	0.029560522016148446	0.03211843152354737	0.029560522016148446	0.029560522016148446	0.06979536037755071	0.06979536037755071	0.06979536037755071	0.06423686304709474	0.06423686304709474	0.09379738506324317	0.07537043142059233	0.11732358400810625
UP000001610	0.02115533064201268	0.03080965595543767	0.03080965595543767	0.03080965595543767	0.03080965595543767	0.02115533064201268	0.03080965595543767	0.027244269638865417	0.02115533064201268	0.03080965595543767	0.02115533064201268	0.02115533064201268	0.08973954755472709	0.08973954755472709	0.08973954755472709	0.06161931191087534	0.06161931191087534	0.08277464255288802	0.09582848655157983	0.11106074582804519
UP000001611	0.02044276692055957	0.030621743309060635	0.030621743309060635	0.030621743309060635	0.030621743309060635	0.02044276692055957	0.030621743309060635	0.02656372489489121	0.02044276692055957	0.030621743309060635	0.02044276692055957	0.02044276692055957	0.09173818465277818	0.09173818465277818	0.09173818465277818	0.06124348661812127	0.06124348661812127	0.08168625353868085	0.09785914262710982	0.11024505728757926
UP000001628	0.031065108398834702	0.032210231741169736	0.032210231741169736	0.032210231741169736	0.032210231741169736	0.031065108398834702	0.032210231741169736	0.036530634286825535	0.031065108398834702	0.032210231741169736	0.031065108398834702	0.031065108398834702	0.06679513333736033	0.06679513333736033	0.06679513333736033	0.06442046348233947	0.06442046348233947	0.09548557188117417	0.07226065922535116	0.11790987518869726
UP000001631	0.030559431121807156	0.03218340706739938	0.03218340706739938	0.03218340706739938	0.03218340706739938	0.030559431121807156	0.03218340706739938	0.03606216641590012	0.030559431121807156	0.03218340706739938	0.030559431121807156	0.030559431121807156	0.06778736726723997	0.06778736726723997	0.06778736726723997	0.06436681413479876	0.06436681413479876	0.09492624525660591	0.07329010256133293	0.1177281576814116
UP000001640	0.05003311122190182	0.03100424393024778	0.03100424393024778	0.03100424393024778	0.03100424393024778	0.05003311122190182	0.03100424393024778	0.05398710313868107	0.05003311122190182	0.03100424393024778	0.05003311122190182	0.05003311122190182	0.038425079640680704	0.038425079640680704	0.038425079640680704	0.06200848786049556	0.06200848786049556	0.11204159908239737	0.042379071557459944	0.11610899188743262
UP000001645	0.032212224163254845	0.03225661671045583	0.03225661671045583	0.03225661671045583	0.03225661671045583	0.032212224163254845	0.03225661671045583	0.03759202887461659	0.032212224163254845	0.03225661671045583	0.032212224163254845	0.032212224163254845	0.0646021408724807	0.0646021408724807	0.0646021408724807	0.06451323342091166	0.06451323342091166	0.09672545758416651	0.06998194558384245	0.1182668574190998
UP000001646	0.03417574015578899	0.03229203527992967	0.03229203527992967	0.03229203527992967	0.03229203527992967	0.03417574015578899	0.03229203527992967	0.03940521933164766	0.03417574015578899	0.03229203527992967	0.03417574015578899	0.03417574015578899	0.06102431360765061	0.06102431360765061	0.06102431360765061	0.06458407055985935	0.06458407055985935	0.09875981071564834	0.06625379278350928	0.11870918276800137
UP000001742	0.056900949247913016	0.02980160786059056	0.02980160786059056	0.02980160786059056	0.02980160786059056	0.056900949247913016	0.02980160786059056	0.06031544227901227	0.056900949247913016	0.02980160786059056	0.056900949247913016	0.056900949247913016	0.031216907373789998	0.031216907373789998	0.031216907373789998	0.05960321572118112	0.05960321572118112	0.11650416496909413	0.034631400404889254	0.11237744538016373
UP000001743	0.023988979764650305	0.03142362136857469	0.03142362136857469	0.03142362136857469	0.03142362136857469	0.023988979764650305	0.03142362136857469	0.029928928198289646	0.023988979764650305	0.03142362136857469	0.023988979764650305	0.023988979764650305	0.08232479993756318	0.08232479993756318	0.08232479993756318	0.06284724273714938	0.06284724273714938	0.0868362225017997	0.08826474837120254	0.1138145886070201
UP000001744	0.037797296197969746	0.032225853365091546	0.032225853365091546	0.032225853365091546	0.032225853365091546	0.037797296197969746	0.032225853365091546	0.04274092618123753	0.037797296197969746	0.032225853365091546	0.037797296197969746	0.037797296197969746	0.05495131819318678	0.05495131819318678	0.05495131819318678	0.06445170673018309	0.06445170673018309	0.10224900292815282	0.059894948176454556	0.11901615349383061
UP000001745	0.03376388459402882	0.032289015131217645	0.032289015131217645	0.032289015131217645	0.032289015131217645	0.03376388459402882	0.032289015131217645	0.03902522564279791	0.03376388459402882	0.032289015131217645	0.03376388459402882	0.03376388459402882	0.06175714143557899	0.06175714143557899	0.06175714143557899	0.06457803026243529	0.06457803026243529	0.09834191485646412	0.06701848248434808	0.11863337842733243
UP000001798	0.03709062028086394	0.032251227107350317	0.032251227107350317	0.032251227107350317	0.032251227107350317	0.03709062028086394	0.032251227107350317	0.042090687287571524	0.03709062028086394	0.032251227107350317	0.03709062028086394	0.03709062028086394	0.056086506079086815	0.056086506079086815	0.056086506079086815	0.06450245421470063	0.06450245421470063	0.10159307449556457	0.06108657308579439	0.1190047744159861
UP000001805	0.02468437038294962	0.03154472409241101	0.03154472409241101	0.03154472409241101	0.03154472409241101	0.02468437038294962	0.03154472409241101	0.03058327157962679	0.02468437038294962	0.03154472409241101	0.02468437038294962	0.02468437038294962	0.08062345546019406	0.08062345546019406	0.08062345546019406	0.06308944818482203	0.06308944818482203	0.08777381856777165	0.08652235665687123	0.11438109397628972
UP000001811	0.027627827331071275	0.03194473784589039	0.03194473784589039	0.03194473784589039	0.03194473784589039	0.027627827331071275	0.03194473784589039	0.0333377614985377	0.027627827331071275	0.03194473784589039	0.027627827331071275	0.027627827331071275	0.07387235078706374	0.07387235078706374	0.07387235078706374	0.06388947569178079	0.06388947569178079	0.09151730302285205	0.07958228495453017	0.11635908304862871
UP000001819	0.02669723951125031	0.03183691943544015	0.03183691943544015	0.03183691943544015	0.03183691943544015	0.02669723951125031	0.03183691943544015	0.03246930752178199	0.02669723951125031	0.03183691943544015	0.02669723951125031	0.02669723951125031	0.07593215311355139	0.07593215311355139	0.07593215311355139	0.0636738388708803	0.0636738388708803	0.09037107838213061	0.08170422112408308	0.1158035417206972
UP000001861	0.027384548919211653	0.03191813065633572	0.03191813065633572	0.03191813065633572	0.03191813065633572	0.027384548919211653	0.03191813065633572	0.0331109178449029	0.027384548919211653	0.03191813065633572	0.027384548919211653	0.027384548919211653	0.07440451676603672	0.07440451676603672	0.07440451676603672	0.06383626131267144	0.06383626131267144	0.0912208102318831	0.08013088569172797	0.11621978477396039
UP000001876	0.01396470434186392	0.02810624363476776	0.02810624363476776	0.02810624363476776	0.02810624363476776	0.01396470434186392	0.02810624363476776	0.020223662674945353	0.01396470434186392	0.02810624363476776	0.01396470434186392	0.01396470434186392	0.1131367928626671	0.1131367928626671	0.1131367928626671	0.05621248726953552	0.05621248726953552	0.07017719161139944	0.11939575119574855	0.09990705787290816
UP000001881	0.024278879384727173	0.03147542915831874	0.03147542915831874	0.03147542915831874	0.03147542915831874	0.024278879384727173	0.03147542915831874	0.030201905285260375	0.024278879384727173	0.03147542915831874	0.024278879384727173	0.024278879384727173	0.08161024444345247	0.08161024444345247	0.08161024444345247	0.06295085831663748	0.06295085831663748	0.08722973770136466	0.08753327034398567	0.11405566483220855
UP000001926	0.06813770611697252	0.027243406473424166	0.027243406473424166	0.027243406473424166	0.027243406473424166	0.06813770611697252	0.027243406473424166	0.07073152221647472	0.06813770611697252	0.027243406473424166	0.06813770611697252	0.06813770611697252	0.02178538840160142	0.02178538840160142	0.02178538840160142	0.05448681294684833	0.05448681294684833	0.12262451906382084	0.024379204501103625	0.10378599369469226
UP000001940	0.04272740930907511	0.03189919520913638	0.03189919520913638	0.03189919520913638	0.03189919520913638	0.04272740930907511	0.03189919520913638	0.04727252054011635	0.04272740930907511	0.03189919520913638	0.04272740930907511	0.04272740930907511	0.047630252872573046	0.047630252872573046	0.047630252872573046	0.06379839041827276	0.06379839041827276	0.10652579972734785	0.05217536410361429	0.11850655837446303
UP000001949	0.0505216224777067	0.030929326577143652	0.030929326577143652	0.030929326577143652	0.030929326577143652	0.0505216224777067	0.030929326577143652	0.054436548182957026	0.0505216224777067	0.030929326577143652	0.0505216224777067	0.0505216224777067	0.03786985435543867	0.03786985435543867	0.03786985435543867	0.061858653154287305	0.061858653154287305	0.112380275631994	0.041784780060688996	0.11588745489807396
UP000001950	0.05419744829199581	0.03031202728127894	0.03031202728127894	0.03031202728127894	0.03031202728127894	0.05419744829199581	0.03031202728127894	0.057821574429600064	0.05419744829199581	0.03031202728127894	0.05419744829199581	0.05419744829199581	0.03390635636389159	0.03390635636389159	0.03390635636389159	0.06062405456255788	0.06062405456255788	0.11482150285455368	0.03753048250149584	0.11399985684990725
UP000001996	0.046263134544119	0.03152135311406245	0.03152135311406245	0.03152135311406245	0.03152135311406245	0.046263134544119	0.03152135311406245	0.0505210345104452	0.046263134544119	0.03152135311406245	0.046263134544119	0.046263134544119	0.042954102091541956	0.042954102091541956	0.042954102091541956	0.0630427062281249	0.0630427062281249	0.10930584077224391	0.04721200205786816	0.11756961252359739
UP000001997	0.03965219910905692	0.032132632160544544	0.032132632160544544	0.032132632160544544	0.032132632160544544	0.03965219910905692	0.032132632160544544	0.0444466477007893	0.03965219910905692	0.032132632160544544	0.03965219910905692	0.03965219910905692	0.052078122916972225	0.052078122916972225	0.052078122916972225	0.06426526432108909	0.06426526432108909	0.103917463430146	0.0568725715087046	0.1189416314587134
UP000002009	0.015720648772538967	0.028955669857089215	0.028955669857089215	0.028955669857089215	0.028955669857089215	0.015720648772538967	0.028955669857089215	0.021976243403656125	0.015720648772538967	0.028955669857089215	0.015720648772538967	0.015720648772538967	0.10666618521969996	0.10666618521969996	0.10666618521969996	0.05791133971417843	0.05791133971417843	0.0736319884867174	0.11292177985081712	0.10331149016612252
UP000002035	0.03084519148886086	0.03219905619366502	0.03219905619366502	0.03219905619366502	0.03219905619366502	0.03084519148886086	0.03219905619366502	0.03632694574810083	0.03084519148886086	0.03219905619366502	0.03084519148886086	0.03084519148886086	0.06722469011983345	0.06722469011983345	0.06722469011983345	0.06439811238733004	0.06439811238733004	0.09524330387619089	0.07270644437907342	0.11783271625618012
UP000002036	0.033319655269534156	0.03228317879349886	0.03228317879349886	0.03228317879349886	0.03228317879349886	0.033319655269534156	0.03228317879349886	0.03861517665921292	0.033319655269534156	0.03228317879349886	0.033319655269534156	0.033319655269534156	0.06255788810431984	0.06255788810431984	0.06255788810431984	0.06456635758699772	0.06456635758699772	0.09788601285653185	0.06785340949399861	0.11854167239463789
UP000002037	0.057410565688835	0.02970038277743633	0.02970038277743633	0.02970038277743633	0.02970038277743633	0.057410565688835	0.02970038277743633	0.06078600338316717	0.057410565688835	0.02970038277743633	0.057410565688835	0.057410565688835	0.03072997893479342	0.03072997893479342	0.03072997893479342	0.05940076555487266	0.05940076555487266	0.11681133124370766	0.034105416629125584	0.112050655721081
UP000002038	0.03116426799786767	0.03221502633169885	0.03221502633169885	0.03221502633169885	0.03221502633169885	0.03116426799786767	0.03221502633169885	0.03662245394818526	0.03116426799786767	0.03221502633169885	0.03116426799786767	0.03116426799786767	0.06660242567693614	0.06660242567693614	0.06660242567693614	0.0644300526633977	0.0644300526633977	0.09559432066126537	0.07206061162725375	0.11794373342616023
UP000002051	0.045986148698979434	0.03155486832680512	0.03155486832680512	0.03155486832680512	0.03155486832680512	0.045986148698979434	0.03155486832680512	0.05026650574231865	0.045986148698979434	0.03155486832680512	0.045986148698979434	0.045986148698979434	0.0433047664695655	0.0433047664695655	0.0433047664695655	0.06310973665361023	0.06310973665361023	0.10909588535258967	0.04758512351290472	0.11765875922054203
UP000002058	0.029980132294682296	0.032147700263569064	0.032147700263569064	0.032147700263569064	0.032147700263569064	0.029980132294682296	0.032147700263569064	0.03552501499690376	0.029980132294682296	0.032147700263569064	0.029980132294682296	0.029980132294682296	0.06894396743002969	0.06894396743002969	0.06894396743002969	0.06429540052713813	0.06429540052713813	0.09427553282182044	0.07448885013225116	0.11750103564983334
UP000002059	0.03133773069605307	0.032223051297672646	0.032223051297672646	0.032223051297672646	0.032223051297672646	0.03133773069605307	0.032223051297672646	0.0367830435780067	0.03133773069605307	0.032223051297672646	0.03133773069605307	0.03133773069605307	0.06626676609121657	0.06626676609121657	0.06626676609121657	0.06444610259534529	0.06444610259534529	0.09578383329139836	0.0717120789731702	0.11800157942678334
UP000002149	0.03068034719964167	0.03219018534933177	0.03219018534933177	0.03219018534933177	0.03219018534933177	0.03068034719964167	0.03219018534933177	0.03617421950522549	0.03068034719964167	0.03219018534933177	0.03068034719964167	0.03068034719964167	0.06754865100329997	0.06754865100329997	0.06754865100329997	0.06438037069866354	0.06438037069866354	0.0950607178983052	0.07304252330888382	0.11777299678615943
UP000002173	0.04124316437308616	0.032023610993200745	0.032023610993200745	0.032023610993200745	0.032023610993200745	0.04124316437308616	0.032023610993200745	0.04590881559956613	0.04124316437308616	0.032023610993200745	0.04124316437308616	0.04124316437308616	0.049730018374296255	0.049730018374296255	0.049730018374296255	0.06404722198640149	0.06404722198640149	0.10529038635948765	0.05439566960077622	0.11876314151984303
UP000002195	0.06989474865478253	0.026787737184366323	0.026787737184366323	0.026787737184366323	0.026787737184366323	0.06989474865478253	0.026787737184366323	0.0723687674570867	0.06989474865478253	0.026787737184366323	0.06989474865478253	0.06989474865478253	0.020533241116665258	0.020533241116665258	0.020533241116665258	0.053575474368732647	0.053575474368732647	0.12347022302351518	0.023007259918969427	0.10220291113285694
UP000002226	0.02452964675785568	0.03151871442237963	0.03151871442237963	0.03151871442237963	0.03151871442237963	0.02452964675785568	0.03151871442237963	0.03043781450157103	0.02452964675785568	0.03151871442237963	0.02452964675785568	0.02452964675785568	0.0809982604842341	0.0809982604842341	0.0809982604842341	0.06303742884475926	0.06303742884475926	0.08756707560261494	0.08690642822794944	0.11425852220208779
UP000002258	0.04189670729592779	0.03197145345192795	0.03197145345192795	0.03197145345192795	0.03197145345192795	0.04189670729592779	0.03197145345192795	0.04650931181312937	0.04189670729592779	0.03197145345192795	0.04189670729592779	0.04189670729592779	0.0487949484244146	0.0487949484244146	0.0487949484244146	0.0639429069038559	0.0639429069038559	0.10583961419978369	0.053407552941616185	0.11866060477330863
