Proteome_ID	M	W	C	D	E	F	H	K	N	Q	Y	I	A	G	P	T	V	L	R	S
UP000001015	0.05920362302750869	0.029332169174778103	0.029332169174778103	0.029332169174778103	0.029332169174778103	0.05920362302750869	0.029332169174778103	0.06244290109082578	0.05920362302750869	0.029332169174778103	0.05920362302750869	0.05920362302750869	0.02906498300274741	0.02906498300274741	0.02906498300274741	0.05866433834955621	0.05866433834955621	0.1178679613770649	0.0323042610660645	0.11085012057247824
UP000007478	0.050358797424627115	0.030954490160091892	0.030954490160091892	0.030954490160091892	0.030954490160091892	0.050358797424627115	0.030954490160091892	0.05428673462297211	0.050358797424627115	0.030954490160091892	0.050358797424627115	0.050358797424627115	0.03805414386653498	0.03805414386653498	0.03805414386653498	0.061908980320183785	0.061908980320183785	0.1122677777448109	0.041982081064879974	0.11596208624367758
UP000000674	0.02533900923606254	0.03164900992709995	0.03164900992709995	0.03164900992709995	0.03164900992709995	0.02533900923606254	0.03164900992709995	0.031197900537979977	0.02533900923606254	0.03164900992709995	0.02533900923606254	0.02533900923606254	0.07906069412849075	0.07906069412849075	0.07906069412849075	0.0632980198541999	0.0632980198541999	0.08863702909026243	0.08491958543040819	0.11487825710456492
UP000001931	0.06291457239703523	0.02851355225351815	0.02851355225351815	0.02851355225351815	0.02851355225351815	0.06291457239703523	0.02851355225351815	0.06587873200409106	0.06291457239703523	0.02851355225351815	0.06291457239703523	0.06291457239703523	0.025845289291115733	0.025845289291115733	0.025845289291115733	0.0570271045070363	0.0570271045070363	0.11994167690407152	0.028809448898171577	0.10812588979996092
UP000000641	0.025623169711844248	0.031691440705053614	0.031691440705053614	0.031691440705053614	0.031691440705053614	0.025623169711844248	0.031691440705053614	0.031464306358948466	0.025623169711844248	0.031691440705053614	0.025623169711844248	0.025623169711844248	0.07839369018405808	0.07839369018405808	0.07839369018405808	0.06338288141010723	0.06338288141010723	0.08900605112195148	0.0842348268311623	0.11508348952600604
UP000002518	0.023242548479213306	0.03128125886563135	0.03128125886563135	0.03128125886563135	0.03128125886563135	0.023242548479213306	0.03128125886563135	0.029224749673331742	0.023242548479213306	0.03128125886563135	0.023242548479213306	0.023242548479213306	0.08420050469885133	0.08420050469885133	0.08420050469885133	0.0625625177312627	0.0625625177312627	0.08580506621047601	0.09018270589296976	0.11316063307428852
UP000001826	0.01965291670133323	0.030396001663855705	0.030396001663855705	0.030396001663855705	0.030396001663855705	0.01965291670133323	0.030396001663855705	0.025806342505048104	0.01965291670133323	0.030396001663855705	0.01965291670133323	0.01965291670133323	0.09402338911724402	0.09402338911724402	0.09402338911724402	0.06079200332771141	0.06079200332771141	0.08044492002904463	0.1001768149209589	0.10927715504799308
UP000005223	0.03119224182087112	0.0322163516135787	0.0322163516135787	0.0322163516135787	0.0322163516135787	0.03119224182087112	0.0322163516135787	0.036648354602401706	0.03119224182087112	0.0322163516135787	0.03119224182087112	0.03119224182087112	0.06654817035916073	0.06654817035916073	0.06654817035916073	0.0644327032271574	0.0644327032271574	0.09562494504802851	0.07200428314069135	0.11795318089125362
UP000000536	0.025814552817426107	0.031719072084223573	0.031719072084223573	0.031719072084223573	0.031719072084223573	0.025814552817426107	0.031719072084223573	0.03164360516495354	0.025814552817426107	0.031719072084223573	0.025814552817426107	0.025814552817426107	0.07794824423261003	0.07794824423261003	0.07794824423261003	0.06343814416844715	0.06343814416844715	0.08925269698587325	0.08377729658013748	0.11521818364183942
UP000002199	0.034330205393129726	0.03229258387175339	0.03229258387175339	0.03229258387175339	0.03229258387175339	0.034330205393129726	0.03229258387175339	0.039547694206495336	0.034330205393129726	0.03229258387175339	0.034330205393129726	0.034330205393129726	0.06075180507500942	0.06075180507500942	0.06075180507500942	0.06458516774350678	0.06458516774350678	0.09891537313663651	0.06596929388837504	0.11873535786028233
UP000002439	0.02993148475876832	0.032144455164273424	0.032144455164273424	0.032144455164273424	0.032144455164273424	0.02993148475876832	0.032144455164273424	0.035479882410037446	0.02993148475876832	0.032144455164273424	0.02993148475876832	0.02993148475876832	0.06904208101506176	0.06904208101506176	0.06904208101506176	0.06428891032854685	0.06428891032854685	0.09422039508731517	0.0745904786663309	0.11748102535455543
UP000001024	0.03514196291439627	0.032290336905379524	0.032290336905379524	0.032290336905379524	0.032290336905379524	0.03514196291439627	0.032290336905379524	0.04029609953364064	0.03514196291439627	0.032290336905379524	0.03514196291439627	0.03514196291439627	0.059340217278288455	0.059340217278288455	0.059340217278288455	0.06458067381075905	0.06458067381075905	0.09972263672515531	0.06449435389753283	0.11885307438302935
UP000000578	0.05955866112735378	0.029257085817259557	0.029257085817259557	0.029257085817259557	0.029257085817259557	0.05955866112735378	0.029257085817259557	0.06277121858465652	0.05955866112735378	0.029257085817259557	0.05955866112735378	0.05955866112735378	0.028743999758092678	0.028743999758092678	0.028743999758092678	0.058514171634519115	0.058514171634519115	0.1180728327618729	0.03195655721539541	0.11060322835443276
UP000001686	0.03194127402806514	0.0322474311841849	0.0322474311841849	0.0322474311841849	0.0322474311841849	0.03194127402806514	0.0322474311841849	0.03734148067677983	0.03194127402806514	0.0322474311841849	0.03194127402806514	0.03194127402806514	0.06511304571414639	0.06511304571414639	0.06511304571414639	0.0644948623683698	0.0644948623683698	0.09643613639643496	0.07051325236286109	0.11818931143931022
UP000002698	0.015896567927628433	0.029032916822792056	0.029032916822792056	0.029032916822792056	0.029032916822792056	0.015896567927628433	0.029032916822792056	0.022150147018815857	0.015896567927628433	0.029032916822792056	0.015896567927628433	0.015896567927628433	0.10604933883548202	0.10604933883548202	0.10604933883548202	0.05806583364558411	0.05806583364558411	0.07396240157321254	0.11230291792666945	0.10362450910879335
UP000001975	0.03412975154890598	0.03229181073482838	0.03229181073482838	0.03229181073482838	0.03229181073482838	0.03412975154890598	0.03229181073482838	0.039362796384956836	0.03412975154890598	0.03229181073482838	0.03412975154890598	0.03412975154890598	0.06110569185010098	0.06110569185010098	0.06110569185010098	0.06458362146965677	0.06458362146965677	0.09871337301856277	0.06633873668615181	0.11870115326721184
UP000001013	0.04428015179814438	0.031746885860680564	0.031746885860680564	0.031746885860680564	0.031746885860680564	0.04428015179814438	0.031746885860680564	0.04869903922243994	0.04428015179814438	0.031746885860680564	0.04428015179814438	0.04428015179814438	0.04552219091052509	0.04552219091052509	0.04552219091052509	0.06349377172136113	0.06349377172136113	0.10777392351950552	0.04994107833482065	0.11814976859413114
UP000000590	0.05530607573463936	0.030108236406099838	0.030108236406099838	0.030108236406099838	0.030108236406099838	0.05530607573463936	0.030108236406099838	0.0588437572494653	0.05530607573463936	0.030108236406099838	0.05530607573463936	0.05530607573463936	0.032781421839981756	0.032781421839981756	0.032781421839981756	0.060216472812199676	0.060216472812199676	0.11552254854683904	0.03631910335480769	0.11335758259474749
UP000001974	0.05433767729141474	0.030286684201627462	0.030286684201627462	0.030286684201627462	0.030286684201627462	0.05433767729141474	0.030286684201627462	0.05795083400635799	0.05433767729141474	0.030286684201627462	0.05433767729141474	0.05433767729141474	0.033762327933514365	0.033762327933514365	0.033762327933514365	0.060573368403254925	0.060573368403254925	0.11491104569466966	0.03737548464845761	0.11392042337662335
UP000001018	0.05301996128142436	0.03051975799607568	0.03051975799607568	0.03051975799607568	0.03051975799607568	0.05301996128142436	0.03051975799607568	0.05673657910184477	0.05301996128142436	0.03051975799607568	0.05301996128142436	0.05301996128142436	0.03513603577320463	0.03513603577320463	0.03513603577320463	0.06103951599215136	0.06103951599215136	0.11405947727357571	0.03885265359362504	0.11464579634346189
UP000001137	0.038082767470310475	0.03221398267550727	0.03221398267550727	0.03221398267550727	0.03221398267550727	0.038082767470310475	0.03221398267550727	0.043003529229876304	0.038082767470310475	0.03221398267550727	0.038082767470310475	0.038082767470310475	0.05449922622492762	0.05449922622492762	0.05449922622492762	0.06442796535101454	0.06442796535101454	0.102510732821325	0.05941998798449346	0.11901440718289741
UP000000554	0.013524598033522241	0.027869110403706772	0.027869110403706772	0.027869110403706772	0.027869110403706772	0.013524598033522241	0.027869110403706772	0.019779069578570323	0.013524598033522241	0.027869110403706772	0.013524598033522241	0.013524598033522241	0.114855511826509	0.114855511826509	0.114855511826509	0.055738220807413544	0.055738220807413544	0.06926281884093577	0.1211099833715571	0.0989674985247309
UP000000365	0.029004529045424526	0.032075123612571366	0.032075123612571366	0.032075123612571366	0.032075123612571366	0.029004529045424526	0.032075123612571366	0.034619129598369075	0.029004529045424526	0.032075123612571366	0.029004529045424526	0.029004529045424526	0.07094157972022158	0.07094157972022158	0.07094157972022158	0.06415024722514273	0.06415024722514273	0.09315477627056726	0.07655618027316613	0.11707129334439637
UP000008243	0.01552338866495032	0.028867438457037153	0.028867438457037153	0.028867438457037153	0.028867438457037153	0.01552338866495032	0.028867438457037153	0.02178090519181304	0.01552338866495032	0.028867438457037153	0.01552338866495032	0.01552338866495032	0.10736431600818837	0.10736431600818837	0.10736431600818837	0.05773487691407431	0.05773487691407431	0.07325826557902462	0.11362183253505108	0.10295472077442318
UP000000805	0.06210641316307596	0.02869806065227265	0.02869806065227265	0.02869806065227265	0.02869806065227265	0.06210641316307596	0.02869806065227265	0.06512968081571119	0.06210641316307596	0.02869806065227265	0.06210641316307596	0.06210641316307596	0.026521534355526444	0.026521534355526444	0.026521534355526444	0.0573961213045453	0.0573961213045453	0.11950253446762127	0.029544802008161685	0.10874570730382013
UP000001400	0.04459831603084704	0.03171299196445791	0.03171299196445791	0.03171299196445791	0.03171299196445791	0.04459831603084704	0.03171299196445791	0.04899134718074184	0.04459831603084704	0.03171299196445791	0.04459831603084704	0.04459831603084704	0.045100979088186034	0.045100979088186034	0.045100979088186034	0.06342598392891582	0.06342598392891582	0.10802429995976286	0.04949401023808084	0.11806590555804206
UP000002408	0.023273197916813777	0.03128736437190462	0.03128736437190462	0.03128736437190462	0.03128736437190462	0.023273197916813777	0.03128736437190462	0.029253703055062908	0.023273197916813777	0.03128736437190462	0.023273197916813777	0.023273197916813777	0.08412244615795743	0.08412244615795743	0.08412244615795743	0.06257472874380925	0.06257472874380925	0.08584792666062303	0.09010295129620657	0.11318844721112023
UP000000254	0.051259817443861024	0.03081285334873517	0.03081285334873517	0.03081285334873517	0.03081285334873517	0.051259817443861024	0.03081285334873517	0.05511587948547106	0.051259817443861024	0.03081285334873517	0.051259817443861024	0.051259817443861024	0.037043906078302505	0.037043906078302505	0.037043906078302505	0.06162570669747034	0.06162570669747034	0.11288552414133135	0.04089996811991255	0.11553928931172061
UP000000663	0.022396782515038537	0.031103682882545246	0.031103682882545246	0.031103682882545246	0.031103682882545246	0.022396782515038537	0.031103682882545246	0.028424387955280996	0.022396782515038537	0.031103682882545246	0.022396782515038537	0.022396782515038537	0.08639089906850161	0.08639089906850161	0.08639089906850161	0.06220736576509049	0.06220736576509049	0.08460414828012902	0.09241850450874407	0.11235952064969607
UP000002613	0.03916568843677191	0.03216070883967319	0.03216070883967319	0.03216070883967319	0.03216070883967319	0.03916568843677191	0.03216070883967319	0.04399938831304387	0.03916568843677191	0.03216070883967319	0.03916568843677191	0.03916568843677191	0.05281720987695639	0.05281720987695639	0.05281720987695639	0.06432141767934638	0.06432141767934638	0.10348710611611828	0.05765090975322836	0.11897543560614882
UP000002487	0.0346692366945764	0.032292685943928534	0.032292685943928534	0.032292685943928534	0.032292685943928534	0.0346692366945764	0.032292685943928534	0.03986033398481237	0.0346692366945764	0.032292685943928534	0.0346692366945764	0.0346692366945764	0.06015809200877714	0.06015809200877714	0.06015809200877714	0.06458537188785707	0.06458537188785707	0.09925460858243348	0.06534918929901311	0.11878854919524222
UP000007722	0.06090606038888963	0.028965798791963458	0.028965798791963458	0.028965798791963458	0.028965798791963458	0.06090606038888963	0.028965798791963458	0.06401796329636934	0.06090606038888963	0.028965798791963458	0.06090606038888963	0.06090606038888963	0.027551199151589316	0.027551199151589316	0.027551199151589316	0.057931597583926915	0.057931597583926915	0.11883765797281655	0.03066310205906903	0.1096393893528944
UP000002071	0.017121311115493226	0.029534945712780536	0.029534945712780536	0.029534945712780536	0.029534945712780536	0.017121311115493226	0.029534945712780536	0.023353508592368896	0.017121311115493226	0.029534945712780536	0.017121311115493226	0.017121311115493226	0.10189792269676468	0.10189792269676468	0.10189792269676468	0.05906989142556107	0.05906989142556107	0.0761912025410543	0.10813012017364033	0.1056753878973708
UP000002376	0.03524551134571056	0.03228944017545659	0.03228944017545659	0.03228944017545659	0.03228944017545659	0.03524551134571056	0.03228944017545659	0.04039152795568083	0.03524551134571056	0.03228944017545659	0.03524551134571056	0.03524551134571056	0.05916259444318018	0.05916259444318018	0.05916259444318018	0.06457888035091318	0.06457888035091318	0.09982439169662372	0.06430861105315044	0.11886572748188579
UP000001941	0.03336012026543834	0.03228382260970709	0.03228382260970709	0.03228382260970709	0.03228382260970709	0.03336012026543834	0.03228382260970709	0.03865253647651908	0.03336012026543834	0.03228382260970709	0.03336012026543834	0.03336012026543834	0.06248449909665456	0.06248449909665456	0.06248449909665456	0.06456764521941417	0.06456764521941417	0.0979277654848525	0.0677769153077353	0.11855045801666685
UP000000391	0.04987579982795023	0.031027997391670427	0.031027997391670427	0.031027997391670427	0.031027997391670427	0.04987579982795023	0.031027997391670427	0.0538423900055166	0.04987579982795023	0.031027997391670427	0.04987579982795023	0.04987579982795023	0.03860536073440542	0.03860536073440542	0.03860536073440542	0.062055994783340854	0.062055994783340854	0.11193179461129109	0.042571950911971794	0.11617880921154897
UP000009079	0.04688850750574577	0.03144335035063837	0.03144335035063837	0.03144335035063837	0.03144335035063837	0.04688850750574577	0.03144335035063837	0.05109575390727021	0.04688850750574577	0.03144335035063837	0.04688850750574577	0.04688850750574577	0.04217171046239147	0.04217171046239147	0.04217171046239147	0.06288670070127673	0.06288670070127673	0.1097752082070225	0.046378956863915924	0.11735890859950456
UP000000242	0.03664299513724251	0.03226428335156309	0.03226428335156309	0.03226428335156309	0.03226428335156309	0.03664299513724251	0.03226428335156309	0.04167867014390655	0.03664299513724251	0.03226428335156309	0.03664299513724251	0.03664299513724251	0.05681762510357325	0.05681762510357325	0.05681762510357325	0.06452856670312618	0.06452856670312618	0.10117156184036867	0.06185330011023729	0.11898578339292427
UP000002654	0.01825666167730733	0.029948586186523574	0.029948586186523574	0.029948586186523574	0.029948586186523574	0.01825666167730733	0.029948586186523574	0.024458737552982553	0.01825666167730733	0.029948586186523574	0.01825666167730733	0.01825666167730733	0.09825649731861787	0.09825649731861787	0.09825649731861787	0.05989717237304715	0.05989717237304715	0.07815383405035448	0.10445857319429308	0.10739019299474384
UP000002593	0.02837140883021497	0.032019345500669746	0.032019345500669746	0.032019345500669746	0.032019345500669746	0.02837140883021497	0.032019345500669746	0.034030324104308715	0.02837140883021497	0.032019345500669746	0.02837140883021497	0.02837140883021497	0.0722726525444448	0.0722726525444448	0.0722726525444448	0.06403869100133949	0.06403869100133949	0.09241009983155446	0.07793156781853856	0.1167595514544915
UP000001746	0.015441818066990158	0.028830447252569932	0.028830447252569932	0.028830447252569932	0.028830447252569932	0.015441818066990158	0.028830447252569932	0.021700022707326492	0.015441818066990158	0.028830447252569932	0.015441818066990158	0.015441818066990158	0.10765502937248751	0.10765502937248751	0.10765502937248751	0.057660894505139865	0.057660894505139865	0.07310271257213002	0.11391323401282386	0.10280537972960703
UP000001059	0.04122237514398909	0.03202520105865811	0.03202520105865811	0.03202520105865811	0.03202520105865811	0.04122237514398909	0.03202520105865811	0.04588971275895675	0.04122237514398909	0.03202520105865811	0.04122237514398909	0.04122237514398909	0.04976003926338668	0.04976003926338668	0.04976003926338668	0.06405040211731622	0.06405040211731622	0.10527277726130531	0.05442737687835435	0.1187661290046971
UP000000262	0.023919651364325924	0.03141094718398731	0.03141094718398731	0.03141094718398731	0.03141094718398731	0.023919651364325924	0.03141094718398731	0.02986360539628123	0.023919651364325924	0.03141094718398731	0.023919651364325924	0.023919651364325924	0.08249682137648037	0.08249682137648037	0.08249682137648037	0.06282189436797463	0.06282189436797463	0.08674154573230054	0.08844077540843569	0.11375588067203864
UP000001879	0.02122042485432	0.03082610635252154	0.03082610635252154	0.03082610635252154	0.03082610635252154	0.02122042485432	0.03082610635252154	0.027306317681519327	0.02122042485432	0.03082610635252154	0.02122042485432	0.02122042485432	0.08955983109485387	0.08955983109485387	0.08955983109485387	0.06165221270504308	0.06165221270504308	0.08287263755936308	0.09564572392205319	0.11113263975568749
UP000000740	0.0133529547549322	0.02777376429062787	0.02777376429062787	0.02777376429062787	0.02777376429062787	0.0133529547549322	0.02777376429062787	0.019605029649088973	0.0133529547549322	0.02777376429062787	0.0133529547549322	0.0133529547549322	0.1155372720163572	0.1155372720163572	0.1155372720163572	0.05554752858125574	0.05554752858125574	0.06890048333618794	0.12178934691051395	0.09859090737419794
UP000008680	0.05258046394382764	0.03059492990283217	0.03059492990283217	0.03059492990283217	0.03059492990283217	0.05258046394382764	0.03059492990283217	0.05633177264411022	0.05258046394382764	0.03059492990283217	0.05258046394382764	0.05258046394382764	0.035604468486972934	0.035604468486972934	0.035604468486972934	0.06118985980566434	0.06118985980566434	0.11377032374949199	0.03935577718725551	0.11487710221076353
UP000000792	0.05512779224737792	0.03014153527243426	0.03014153527243426	0.03014153527243426	0.03014153527243426	0.05512779224737792	0.03014153527243426	0.058679331724330354	0.05512779224737792	0.03014153527243426	0.05512779224737792	0.05512779224737792	0.032960222477351635	0.032960222477351635	0.032960222477351635	0.06028307054486852	0.06028307054486852	0.11541086279224645	0.03651176195430407	0.11346306213583217
UP000002457	0.02246518353588312	0.03111870864169208	0.03111870864169208	0.03111870864169208	0.03111870864169208	0.02246518353588312	0.03111870864169208	0.028489220413217838	0.02246518353588312	0.03111870864169208	0.02246518353588312	0.02246518353588312	0.08621109424543624	0.08621109424543624	0.08621109424543624	0.06223741728338416	0.06223741728338416	0.08470260081926725	0.09223513112277096	0.11242676081209887
UP000000758	0.021336116823283673	0.03085505425044833	0.03085505425044833	0.03085505425044833	0.03085505425044833	0.021336116823283673	0.03085505425044833	0.02741654737128538	0.021336116823283673	0.03085505425044833	0.021336116823283673	0.021336116823283673	0.08924157855746023	0.08924157855746023	0.08924157855746023	0.06171010850089666	0.06171010850089666	0.08304622532418031	0.09532200910546194	0.11125935590578988
UP000006565	0.034869524133493854	0.03229204211424021	0.03229204211424021	0.03229204211424021	0.03229204211424021	0.034869524133493854	0.03229204211424021	0.04004498405880019	0.034869524133493854	0.03229204211424021	0.034869524133493854	0.034869524133493854	0.059810164309424964	0.059810164309424964	0.059810164309424964	0.06458408422848042	0.06458408422848042	0.09945360836197427	0.0649856242347313	0.11881724860634814
UP000001169	0.016926657375426687	0.029459182470009677	0.029459182470009677	0.029459182470009677	0.029459182470009677	0.016926657375426687	0.029459182470009677	0.02316306798904708	0.016926657375426687	0.029459182470009677	0.016926657375426687	0.016926657375426687	0.10254161971296458	0.10254161971296458	0.10254161971296458	0.058918364940019355	0.058918364940019355	0.07584502231544603	0.10877803032658498	0.1053639086527979
UP000006681	0.039946078490383265	0.03211445828004949	0.03211445828004949	0.03211445828004949	0.03211445828004949	0.039946078490383265	0.03211445828004949	0.044716782294170865	0.039946078490383265	0.03211445828004949	0.039946078490383265	0.039946078490383265	0.05163652952163134	0.05163652952163134	0.05163652952163134	0.06422891656009898	0.06422891656009898	0.10417499505048225	0.05640723332541894	0.11891642551262276
UP000009227	0.05023229533219949	0.030973907345413748	0.030973907345413748	0.030973907345413748	0.030973907345413748	0.05023229533219949	0.030973907345413748	0.054170348110634835	0.05023229533219949	0.030973907345413748	0.05023229533219949	0.05023229533219949	0.038197853786995875	0.038197853786995875	0.038197853786995875	0.061947814690827496	0.061947814690827496	0.11218011002302698	0.042135906565431216	0.11601952382478431
UP000000346	0.01895413512015599	0.030180112556883295	0.030180112556883295	0.030180112556883295	0.030180112556883295	0.01895413512015599	0.030180112556883295	0.025133390507241015	0.01895413512015599	0.030180112556883295	0.01895413512015599	0.01895413512015599	0.09610981331219387	0.09610981331219387	0.09610981331219387	0.06036022511376659	0.06036022511376659	0.07931436023392259	0.1022890686992789	0.10836193945336312
UP000005877	0.01854407436331055	0.030045992853794817	0.030045992853794817	0.030045992853794817	0.030045992853794817	0.01854407436331055	0.030045992853794817	0.024737121202401197	0.01854407436331055	0.030045992853794817	0.01854407436331055	0.01854407436331055	0.09736389844902726	0.09736389844902726	0.09736389844902726	0.06009198570758963	0.06009198570758963	0.0786360600709002	0.10355694528811792	0.10779787773699796
UP000001304	0.05691781566586733	0.0297982824691106	0.0297982824691106	0.0297982824691106	0.0297982824691106	0.05691781566586733	0.0297982824691106	0.06033101366564659	0.05691781566586733	0.0297982824691106	0.05691781566586733	0.05691781566586733	0.03120069270828978	0.03120069270828978	0.03120069270828978	0.0595965649382212	0.0595965649382212	0.11651438060408854	0.034613890708069035	0.11236673387688391
UP000002315	0.060810680132763216	0.02898674393313947	0.02898674393313947	0.02898674393313947	0.02898674393313947	0.060810680132763216	0.02898674393313947	0.06392966835388318	0.060810680132763216	0.02898674393313947	0.060810680132763216	0.060810680132763216	0.02763433403510654	0.02763433403510654	0.02763433403510654	0.05797348786627894	0.05797348786627894	0.11878416799904216	0.03075332225622652	0.10970899929031794
UP000012076	0.021597987857264217	0.030919224721978254	0.030919224721978254	0.030919224721978254	0.030919224721978254	0.021597987857264217	0.030919224721978254	0.02766582993834509	0.021597987857264217	0.030919224721978254	0.021597987857264217	0.021597987857264217	0.08852662236187461	0.08852662236187461	0.08852662236187461	0.06183844944395651	0.06183844944395651	0.08343643730122074	0.09459446444295548	0.11154121472575128
UP000006663	0.022327002400483673	0.031088231190546888	0.031088231190546888	0.031088231190546888	0.031088231190546888	0.022327002400483673	0.031088231190546888	0.02835822891011358	0.022327002400483673	0.031088231190546888	0.022327002400483673	0.022327002400483673	0.08657482103696601	0.08657482103696601	0.08657482103696601	0.062176462381093776	0.062176462381093776	0.08450346478157744	0.09260604754659592	0.11229047174292772
UP000014070	0.04823865750411682	0.03126419274503801	0.03126419274503801	0.03126419274503801	0.03126419274503801	0.04823865750411682	0.03126419274503801	0.052336832370114904	0.04823865750411682	0.03126419274503801	0.04823865750411682	0.04823865750411682	0.040525578387643514	0.040525578387643514	0.040525578387643514	0.06252838549007601	0.06252838549007601	0.11076704299419282	0.0446237532536416	0.11686042124815585
UP000001901	0.03981086653247437	0.03212293257001713	0.03212293257001713	0.03212293257001713	0.03212293257001713	0.03981086653247437	0.03212293257001713	0.04459249820758182	0.03981086653247437	0.03212293257001713	0.03981086653247437	0.03981086653247437	0.05183925328810131	0.05183925328810131	0.05183925328810131	0.06424586514003426	0.06424586514003426	0.10405673167250863	0.056620884963208766	0.11892846692985361
UP000006794	0.01256546521944491	0.027314598934882233	0.027314598934882233	0.027314598934882233	0.027314598934882233	0.01256546521944491	0.027314598934882233	0.01880155778678444	0.01256546521944491	0.027314598934882233	0.01256546521944491	0.01256546521944491	0.11875204012644247	0.11875204012644247	0.11875204012644247	0.054629197869764466	0.054629197869764466	0.06719466308920938	0.12498813269378202	0.09678621060484986
UP000011511	0.030245359569643637	0.03216471708583391	0.03216471708583391	0.03216471708583391	0.03216471708583391	0.030245359569643637	0.03216471708583391	0.035771011198641886	0.030245359569643637	0.03216471708583391	0.030245359569643637	0.030245359569643637	0.06841175240978797	0.06841175240978797	0.06841175240978797	0.06432943417166782	0.06432943417166782	0.09457479374131145	0.07393740403878624	0.11760756508533914
UP000007807	0.02755322782648298	0.031936695889787085	0.031936695889787085	0.031936695889787085	0.031936695889787085	0.02755322782648298	0.031936695889787085	0.03326821551202382	0.02755322782648298	0.031936695889787085	0.02755322782648298	0.02755322782648298	0.07403506774450642	0.07403506774450642	0.07403506774450642	0.06387339177957417	0.06387339177957417	0.09142661960605716	0.07975005543004728	0.11631680818806665
UP000007490	0.047465571758253985	0.031368551770672194	0.031368551770672194	0.031368551770672194	0.031368551770672194	0.047465571758253985	0.031368551770672194	0.051626147560297764	0.047465571758253985	0.031368551770672194	0.047465571758253985	0.047465571758253985	0.04146104234036671	0.04146104234036671	0.04146104234036671	0.06273710354134439	0.06273710354134439	0.11020267529959836	0.0456216181424105	0.1171530554786012
UP000058290	0.0236146153474155	0.03135385903270293	0.03135385903270293	0.03135385903270293	0.03135385903270293	0.0236146153474155	0.03135385903270293	0.029575998893946263	0.0236146153474155	0.03135385903270293	0.0236146153474155	0.0236146153474155	0.08325898701121114	0.08325898701121114	0.08325898701121114	0.06270771806540586	0.06270771806540586	0.08632233341282138	0.08922037055774192	0.1134926690377502
UP000006622	0.04365532543333278	0.03181082001615253	0.03181082001615253	0.03181082001615253	0.03181082001615253	0.04365532543333278	0.03181082001615253	0.04812500413969347	0.04365532543333278	0.03181082001615253	0.04365532543333278	0.04365532543333278	0.04635990042705754	0.04635990042705754	0.04635990042705754	0.06362164003230505	0.06362164003230505	0.10727696546563782	0.050829579133418235	0.11830392265188872
UP000012672	0.023671440407148768	0.03136465853947212	0.03136465853947212	0.03136465853947212	0.03136465853947212	0.023671440407148768	0.03136465853947212	0.029629601348338815	0.023671440407148768	0.03136465853947212	0.023671440407148768	0.023671440407148768	0.08311634512960114	0.08311634512960114	0.08311634512960114	0.06272931707894425	0.06272931707894425	0.08640075748609304	0.0890745060707912	0.1135423122755084
