Proteome_ID	M	W	C	D	E	F	H	K	N	Q	Y	I	A	G	P	T	V	L	R	S
UP000008323	0.01901269877924542	0.02753741011094478	0.02753741011094478	0.02753741011094478	0.05824580968179401	0.061416799141698473	0.02753741011094478	0.061416799141698473	0.061416799141698473	0.02753741011094478	0.061416799141698473	0.10382089950415153	0.02469386116553624	0.02469386116553624	0.02469386116553624	0.05507482022188956	0.05507482022188956	0.11649161936358803	0.052231271276481014	0.08261223033283434
UP000002535	0.018751066566387815	0.030074639981643978	0.030074639981643978	0.030074639981643978	0.05497541801237471	0.04980155606146147	0.030074639981643978	0.04980155606146147	0.04980155606146147	0.030074639981643978	0.04980155606146147	0.08085204555653513	0.03632352245818383	0.03632352245818383	0.03632352245818383	0.060149279963287956	0.060149279963287956	0.10995083602474942	0.06639816243982781	0.09022391994493192
UP000001961	0.01397112429633373	0.031283487149614445	0.031283487149614445	0.031283487149614445	0.04390641710706961	0.02524585991491034	0.031283487149614445	0.02524585991491034	0.02524585991491034	0.031283487149614445	0.02524585991491034	0.03652059553348695	0.07753006406108533	0.07753006406108533	0.07753006406108533	0.06256697429922889	0.06256697429922889	0.08781283421413923	0.10881355121069977	0.09385046144884335
UP000000815	0.01623140545833674	0.031752952934988435	0.031752952934988435	0.031752952934988435	0.048355519604406046	0.03320513333883523	0.031752952934988435	0.03320513333883523	0.03320513333883523	0.031752952934988435	0.03320513333883523	0.05017886121933372	0.06072856324973022	0.06072856324973022	0.06072856324973022	0.06350590586997687	0.06350590586997687	0.09671103920881209	0.09248151618471866	0.09525885880496529
UP000000425	0.01458169112239193	0.03149993528269806	0.03149993528269806	0.03149993528269806	0.045074698784022524	0.027149527002648922	0.03149993528269806	0.027149527002648922	0.027149527002648922	0.03149993528269806	0.027149527002648922	0.03971736288290591	0.07309489573924104	0.07309489573924104	0.07309489573924104	0.06299987056539612	0.06299987056539612	0.09014939756804505	0.10459483102193907	0.09449980584809417
UP000010481	0.017042155399780056	0.03163672619091434	0.03163672619091434	0.03163672619091434	0.05010791016068803	0.036942367939547395	0.03163672619091434	0.036942367939547395	0.036942367939547395	0.03163672619091434	0.036942367939547395	0.05684258047931474	0.05418615534969129	0.05418615534969129	0.05418615534969129	0.06327345238182867	0.06327345238182867	0.10021582032137606	0.08582288154060563	0.09491017857274302
UP000002194	0.011000135793431827	0.029490509126977833	0.029490509126977833	0.029490509126977833	0.03826263068348685	0.01754424311301803	0.029490509126977833	0.01754424311301803	0.01754424311301803	0.029490509126977833	0.01754424311301803	0.024088350432604235	0.09914250765517983	0.09914250765517983	0.09914250765517983	0.058981018253955665	0.058981018253955665	0.0765252613669737	0.12863301678215766	0.08847152738093352
UP000010378	0.01897944300287352	0.02924710825450658	0.02924710825450658	0.02924710825450658	0.05627826921035251	0.054062321911691864	0.02924710825450658	0.054062321911691864	0.054062321911691864	0.02924710825450658	0.054062321911691864	0.08914520082051021	0.031644713397551434	0.031644713397551434	0.031644713397551434	0.05849421650901316	0.05849421650901316	0.11255653842070502	0.060891821652058024	0.08774132476351976
UP000001168	0.01708956298033153	0.03162304603870409	0.03162304603870409	0.03162304603870409	0.05021542457376646	0.03718475707012473	0.03162304603870409	0.03718475707012473	0.03718475707012473	0.03162304603870409	0.03718475707012473	0.05727995115991794	0.053786396338699756	0.053786396338699756	0.053786396338699756	0.06324609207740818	0.06324609207740818	0.10043084914753292	0.08540944237740386	0.09486913811611228
UP000000430	0.017866769127725037	0.031243027266603555	0.031243027266603555	0.031243027266603555	0.052108801133555295	0.04173154773390348	0.031243027266603555	0.04173154773390348	0.04173154773390348	0.031243027266603555	0.04173154773390348	0.06559632634008193	0.04678123893251674	0.04678123893251674	0.04678123893251674	0.06248605453320711	0.06248605453320711	0.10421760226711059	0.07802426619912031	0.09372908179981067
UP000001054	0.011960259236529642	0.03019626420605626	0.03019626420605626	0.03019626420605626	0.0400985193458932	0.01980451027967388	0.03019626420605626	0.01980451027967388	0.01980451027967388	0.03019626420605626	0.01980451027967388	0.027648761322818117	0.09208148640138646	0.09208148640138646	0.09208148640138646	0.06039252841211252	0.06039252841211252	0.0801970386917864	0.12227775060744273	0.09058879261816878
UP000008561	0.012625313410025677	0.03061573967892988	0.03061573967892988	0.03061573967892988	0.04135848982138641	0.021485500284913056	0.03061573967892988	0.021485500284913056	0.021485500284913056	0.03061573967892988	0.021485500284913056	0.030345687159800436	0.08725172825006848	0.08725172825006848	0.08725172825006848	0.06123147935785976	0.06123147935785976	0.08271697964277282	0.11786746792899835	0.09184721903678962
UP000008898	0.01762990776787275	0.031395246673750515	0.031395246673750515	0.031395246673750515	0.05149992070293459	0.040209348058368136	0.031395246673750515	0.040209348058368136	0.040209348058368136	0.031395246673750515	0.040209348058368136	0.06278878834886352	0.04902648569555768	0.04902648569555768	0.04902648569555768	0.06279049334750103	0.06279049334750103	0.10299984140586918	0.08042173236930819	0.09418574002125155
UP000008204	0.017500953667505773	0.03146308295972103	0.03146308295972103	0.03146308295972103	0.05118192188431043	0.0394376778491788	0.03146308295972103	0.0394376778491788	0.0394376778491788	0.03146308295972103	0.0394376778491788	0.061374402030851836	0.05020202219390564	0.05020202219390564	0.05020202219390564	0.06292616591944206	0.06292616591944206	0.10236384376862086	0.08166510515362667	0.09438924887916308
UP000001946	0.016146810841061232	0.03175414053894114	0.03175414053894114	0.03175414053894114	0.04818001577281942	0.032851750467756534	0.03175414053894114	0.032851750467756534	0.032851750467756534	0.03175414053894114	0.032851750467756534	0.04955669009445184	0.06138640571719189	0.06138640571719189	0.06138640571719189	0.06350828107788228	0.06350828107788228	0.09636003154563884	0.09314054625613305	0.09526242161682345
UP000017700	0.01652923126413927	0.03173363678997754	0.03173363678997754	0.03173363678997754	0.048982999826971976	0.03449872607398887	0.03173363678997754	0.03449872607398887	0.03449872607398887	0.03173363678997754	0.03449872607398887	0.05246822088383847	0.05838034145136071	0.05838034145136071	0.05838034145136071	0.06346727357995507	0.06346727357995507	0.09796599965394395	0.09011397824133825	0.09520091036993261
UP000002084	0.014669601796258543	0.031526234445710566	0.031526234445710566	0.031526234445710566	0.04524419683688535	0.027435924782349567	0.031526234445710566	0.027435924782349567	0.027435924782349567	0.031526234445710566	0.027435924782349567	0.040202247768440585	0.07245270325025227	0.07245270325025227	0.07245270325025227	0.06305246889142113	0.06305246889142113	0.0904883936737707	0.10397893769596285	0.09457870333713171
UP000065734	0.010706193762848124	0.029250850816352907	0.029250850816352907	0.029250850816352907	0.03769439538189808	0.01688708913109034	0.029250850816352907	0.01688708913109034	0.01688708913109034	0.029250850816352907	0.01688708913109034	0.023067984499332558	0.101333304613794	0.101333304613794	0.101333304613794	0.058501701632705815	0.058501701632705815	0.07538879076379616	0.1305841554301469	0.08775255244905873
UP000001191	0.017335769184891967	0.031536842733104885	0.031536842733104885	0.031536842733104885	0.05078593064836828	0.03849817583052678	0.031536842733104885	0.03849817583052678	0.03849817583052678	0.031536842733104885	0.03849817583052678	0.05966058247616159	0.05166854938534274	0.05166854938534274	0.05166854938534274	0.06307368546620977	0.06307368546620977	0.10157186129673657	0.08320539211844763	0.09461052819931468
UP000002186	0.007778650806062781	0.0262239686947251	0.0262239686947251	0.0262239686947251	0.031753477496272296	0.011059017603094395	0.0262239686947251	0.011059017603094395	0.011059017603094395	0.0262239686947251	0.011059017603094395	0.014339384400126009	0.12436846721529761	0.12436846721529761	0.12436846721529761	0.0524479373894502	0.0524479373894502	0.06350695499254459	0.15059243591002272	0.0786719060841753
UP000254519	0.017630880916295142	0.031394697515190834	0.031394697515190834	0.031394697515190834	0.051502353313868314	0.04021531159735497	0.031394697515190834	0.04021531159735497	0.04021531159735497	0.031394697515190834	0.04021531159735497	0.0627997422784148	0.049017500694196074	0.049017500694196074	0.049017500694196074	0.06278939503038167	0.06278939503038167	0.10300470662773663	0.08041219820938691	0.0941840925455725
UP000001688	0.015630064471327202	0.03172459036651137	0.03172459036651137	0.03172459036651137	0.04712912592053442	0.030809071108046125	0.03172459036651137	0.030809071108046125	0.030809071108046125	0.03172459036651137	0.030809071108046125	0.045988077744765044	0.06533463020636805	0.06533463020636805	0.06533463020636805	0.06344918073302273	0.06344918073302273	0.09425825184106884	0.09705922057287941	0.0951737710995341
UP000001430	0.019031869781482906	0.028826218608106753	0.028826218608106753	0.028826218608106753	0.05683302378492204	0.05601361035363058	0.028826218608106753	0.05601361035363058	0.05601361035363058	0.028826218608106753	0.05601361035363058	0.09299535092577825	0.029669606154515662	0.029669606154515662	0.029669606154515662	0.057652437216213506	0.057652437216213506	0.11366604756984408	0.05849582476262241	0.08647865582432025
UP000029482	0.007275494297359427	0.02557380073800738	0.02557380073800738	0.02557380073800738	0.030657933579335796	0.010168265682656828	0.02557380073800738	0.010168265682656828	0.010168265682656828	0.02557380073800738	0.010168265682656828	0.013061037067954227	0.12863929889298895	0.12863929889298895	0.12863929889298895	0.05114760147601476	0.05114760147601476	0.06131586715867159	0.15421309963099636	0.07672140221402214
UP000889800	0.013553391377274699	0.03110320309184374	0.03110320309184374	0.03110320309184374	0.04311341412563689	0.0240204220675863	0.03110320309184374	0.0240204220675863	0.0240204220675863	0.03110320309184374	0.0240204220675863	0.03448745275789789	0.08054889625590068	0.08054889625590068	0.08054889625590068	0.06220640618368748	0.06220640618368748	0.08622682825127378	0.11165209934774444	0.09330960927553122
UP000002384	0.01790639019929254	0.0312135517700431	0.0312135517700431	0.0312135517700431	0.05221435026972966	0.04200159699937313	0.0312135517700431	0.04200159699937313	0.04200159699937313	0.0312135517700431	0.04200159699937313	0.06609680379945372	0.046392798546002985	0.046392798546002985	0.046392798546002985	0.0624271035400862	0.0624271035400862	0.10442870053945932	0.07760635031604608	0.0936406553101293
UP000002417	0.009038936296547907	0.027675993677856923	0.027675993677856923	0.027675993677856923	0.03438739501873321	0.013422802681752576	0.027675993677856923	0.013422802681752576	0.013422802681752576	0.027675993677856923	0.013422802681752576	0.017806669066957246	0.11412827026028623	0.11412827026028623	0.11412827026028623	0.055351987355713846	0.055351987355713846	0.06877479003746642	0.14180426393814316	0.08302798103357077
UP000000817	0.018556590143234318	0.030471832080682194	0.030471832080682194	0.030471832080682194	0.05419998220147582	0.047456300241587264	0.030471832080682194	0.047456300241587264	0.047456300241587264	0.030471832080682194	0.047456300241587264	0.0763560103399402	0.03913210872429511	0.03913210872429511	0.03913210872429511	0.06094366416136439	0.06094366416136439	0.10839996440295165	0.06960394080497731	0.09141549624204658
UP000001566	0.011715393605425246	0.030027462802170515	0.030027462802170515	0.030027462802170515	0.03963270025295019	0.01921047490155934	0.030027462802170515	0.01921047490155934	0.01921047490155934	0.030027462802170515	0.01921047490155934	0.026705556197693433	0.09387050835089414	0.09387050835089414	0.09387050835089414	0.06005492560434103	0.06005492560434103	0.07926540050590038	0.12389797115306467	0.09008238840651156
UP000000562	0.018087151856810275	0.0239371877622084	0.0239371877622084	0.0239371877622084	0.06094170851057969	0.07400904149674256	0.0239371877622084	0.07400904149674256	0.07400904149674256	0.0239371877622084	0.07400904149674256	0.12993093113667487	0.015484296144774127	0.015484296144774127	0.015484296144774127	0.0478743755244168	0.0478743755244168	0.12188341702115937	0.03942148390698253	0.07181156328662522
UP000000585	0.018054549643595087	0.031091314182699822	0.031091314182699822	0.031091314182699822	0.052620416503769835	0.04305820464214003	0.031091314182699822	0.04305820464214003	0.04305820464214003	0.031091314182699822	0.04305820464214003	0.06806185964068497	0.04490060956518817	0.04490060956518817	0.04490060956518817	0.062182628365399645	0.062182628365399645	0.10524083300753967	0.07599192374788798	0.09327394254809947
UP000001020	0.009968422703432463	0.028599913998238163	0.028599913998238163	0.028599913998238163	0.036250832207231326	0.015301836417986336	0.028599913998238163	0.015301836417986336	0.015301836417986336	0.028599913998238163	0.015301836417986336	0.02063525013254021	0.10690940072332299	0.10690940072332299	0.10690940072332299	0.05719982799647633	0.05719982799647633	0.07250166441446265	0.13550931472156114	0.08579974199471449
UP000000594	0.018796233267425296	0.029956892468976166	0.029956892468976166	0.029956892468976166	0.05518285487161847	0.05045192480528459	0.029956892468976166	0.05045192480528459	0.05045192480528459	0.029956892468976166	0.05045192480528459	0.0821076163431439	0.03557507111418675	0.03557507111418675	0.03557507111418675	0.05991378493795233	0.05991378493795233	0.11036570974323694	0.06553196358316292	0.08987067740692851
UP000000586	0.01803650505448165	0.031107291996353814	0.031107291996353814	0.031107291996353814	0.052569918226076026	0.04292525245944443	0.031107291996353814	0.04292525245944443	0.04292525245944443	0.031107291996353814	0.04292525245944443	0.0678139998644072	0.04508598365312642	0.04508598365312642	0.04508598365312642	0.06221458399270763	0.06221458399270763	0.10513983645215205	0.07619327564948022	0.09332187598906144
UP000037395	0.007104631246193577	0.025343069552026833	0.025343069552026833	0.025343069552026833	0.030279160043837197	0.009872180983620726	0.025343069552026833	0.009872180983620726	0.009872180983620726	0.025343069552026833	0.009872180983620726	0.012639730721047874	0.1301173824476038	0.1301173824476038	0.1301173824476038	0.05068613910405367	0.05068613910405367	0.060558320087674394	0.15546045199963063	0.07602920865608051
UP000001174	0.01900472540589704	0.029078376795565745	0.029078376795565745	0.029078376795565745	0.056507684445406374	0.054858615299681265	0.029078376795565745	0.054858615299681265	0.054858615299681265	0.029078376795565745	0.054858615299681265	0.0907125051934655	0.030826589130834626	0.030826589130834626	0.030826589130834626	0.05815675359113149	0.05815675359113149	0.11301536889081275	0.05990496592640037	0.08723513038669722
UP000061569	0.008277199429751587	0.026827316947830273	0.026827316947830273	0.026827316947830273	0.03281259041916904	0.011970546942677535	0.026827316947830273	0.011970546942677535	0.011970546942677535	0.026827316947830273	0.011970546942677535	0.015663894455603483	0.12024595669115852	0.12024595669115852	0.12024595669115852	0.053654633895660546	0.053654633895660546	0.06562518083833808	0.14707327363898878	0.08048195084349083
UP000002516	0.015010216343833625	0.03161582436145779	0.03161582436145779	0.03161582436145779	0.04590498387463123	0.028578319026346877	0.03161582436145779	0.028578319026346877	0.028578319026346877	0.03161582436145779	0.028578319026346877	0.04214642170886014	0.06995235437976842	0.06995235437976842	0.06995235437976842	0.06323164872291558	0.06323164872291558	0.09180996774926246	0.10156817874122621	0.09484747308437336
UP000001584	0.009928972324236698	0.02856308755394164	0.02856308755394164	0.02856308755394164	0.03617284262741412	0.015219510146944972	0.02856308755394164	0.015219510146944972	0.015219510146944972	0.02856308755394164	0.015219510146944972	0.020510047969653243	0.10721106825871161	0.10721106825871161	0.10721106825871161	0.05712617510788328	0.05712617510788328	0.07234568525482823	0.13577415581265326	0.08568926266182492
UP000001962	0.009074460295027828	0.027713509034355592	0.027713509034355592	0.027713509034355592	0.03445969927413778	0.013492380479564369	0.027713509034355592	0.013492380479564369	0.013492380479564369	0.027713509034355592	0.013492380479564369	0.01791030066410091	0.11384775046339443	0.11384775046339443	0.11384775046339443	0.055427018068711184	0.055427018068711184	0.06891939854827556	0.14156125949775003	0.08314052710306678
UP000000579	0.018667321677025648	0.0302637540508298	0.0302637540508298	0.0302637540508298	0.05462224698256157	0.04871698586346355	0.0302637540508298	0.04871698586346355	0.04871698586346355	0.0302637540508298	0.04871698586346355	0.07876665004990145	0.03760063530268665	0.03760063530268665	0.03760063530268665	0.0605275081016596	0.0605275081016596	0.10924449396512315	0.06786438935351645	0.0907912621524894
UP000002357	0.007335351199562994	0.025653412065196446	0.025653412065196446	0.025653412065196446	0.030789785078301816	0.010272746026210741	0.025653412065196446	0.010272746026210741	0.010272746026210741	0.025653412065196446	0.010272746026210741	0.013210140852858489	0.1281249529400691	0.1281249529400691	0.1281249529400691	0.05130682413039289	0.05130682413039289	0.06157957015660363	0.15377836500526557	0.07696023619558934
UP000002521	0.018858525254369308	0.026526680330371488	0.026526680330371488	0.026526680330371488	0.05914561317449582	0.06523786568824866	0.026526680330371488	0.06523786568824866	0.06523786568824866	0.026526680330371488	0.06523786568824866	0.11161720612212801	0.021572280513047788	0.021572280513047788	0.021572280513047788	0.053053360660742975	0.053053360660742975	0.11829122634899164	0.048098960843419275	0.07958004099111447
UP000069205	0.010796518235731816	0.02932567791056885	0.02932567791056885	0.02932567791056885	0.03786937934908104	0.017087402877024368	0.02932567791056885	0.017087402877024368	0.017087402877024368	0.02932567791056885	0.017087402877024368	0.02337828751831692	0.1006584079633039	0.1006584079633039	0.1006584079633039	0.0586513558211377	0.0586513558211377	0.07573875869816207	0.12998408587387275	0.08797703373170654
UP000000558	0.015324266281173499	0.031680152054357716	0.031680152054357716	0.031680152054357716	0.04652114240613032	0.029681980703545198	0.031680152054357716	0.029681980703545198	0.029681980703545198	0.031680152054357716	0.029681980703545198	0.0440396951259169	0.0676256779634219	0.0676256779634219	0.0676256779634219	0.06336030410871543	0.06336030410871543	0.09304228481226064	0.09930583001777961	0.09504045616307315
UP000035170	0.010065184973228005	0.02868936334411783	0.02868936334411783	0.02868936334411783	0.036441752283702944	0.015504777879170227	0.02868936334411783	0.015504777879170227	0.015504777879170227	0.02868936334411783	0.015504777879170227	0.020944370785112448	0.10617108810008452	0.10617108810008452	0.10617108810008452	0.05737872668823566	0.05737872668823566	0.07288350456740589	0.13486045144420236	0.08606809003235348
UP000001010	0.009864325785233077	0.02850229132621112	0.02850229132621112	0.02850229132621112	0.03604484973070036	0.01508511680897847	0.02850229132621112	0.01508511680897847	0.01508511680897847	0.02850229132621112	0.01508511680897847	0.020305907832723867	0.10770624067832091	0.10770624067832091	0.10770624067832091	0.05700458265242224	0.05700458265242224	0.07208969946140072	0.13620853200453203	0.08550687397863335
UP000001423	0.014619114016432379	0.0315112859348371	0.0315112859348371	0.0315112859348371	0.04514680551488203	0.027271039160089872	0.0315112859348371	0.027271039160089872	0.027271039160089872	0.0315112859348371	0.027271039160089872	0.03992296430374736	0.0728216578354831	0.0728216578354831	0.0728216578354831	0.0630225718696742	0.0630225718696742	0.09029361102976406	0.10433294377032018	0.09453385780451129
UP000000818	0.01902938248003	0.02772522243598621	0.02772522243598621	0.02772522243598621	0.05806121440171435	0.060671983931456286	0.02772522243598621	0.060671983931456286	0.060671983931456286	0.02772522243598621	0.060671983931456286	0.10231458538288256	0.025339140384574618	0.025339140384574618	0.025339140384574618	0.05545044487197242	0.05545044487197242	0.1161224288034287	0.05306436282056083	0.08317566730795863
UP000001203	0.018039517838923307	0.031104646590723657	0.031104646590723657	0.031104646590723657	0.05257832808695247	0.042947362992457626	0.031104646590723657	0.042947362992457626	0.042947362992457626	0.031104646590723657	0.042947362992457626	0.06785520814599194	0.045055108026247286	0.045055108026247286	0.045055108026247286	0.062209293181447314	0.062209293181447314	0.10515665617390493	0.07615975461697094	0.09331393977217095
UP000000429	0.018313294774843492	0.030821527990151212	0.030821527990151212	0.030821527990151212	0.053384415880822926	0.045125775781343434	0.030821527990151212	0.045125775781343434	0.045125775781343434	0.030821527990151212	0.045125775781343434	0.07193825678784337	0.042103058449376236	0.042103058449376236	0.042103058449376236	0.061643055980302425	0.061643055980302425	0.10676883176164585	0.07292458643952746	0.09246458397045364
UP000000640	0.00767465227924793	0.026093071965151454	0.026093071965151454	0.026093071965151454	0.031529348737126484	0.010872553543950057	0.026093071965151454	0.010872553543950057	0.010872553543950057	0.026093071965151454	0.010872553543950057	0.014070454808652183	0.12524167424448787	0.12524167424448787	0.12524167424448787	0.05218614393030291	0.05218614393030291	0.06305869747425297	0.15133474620963933	0.07827921589545436
UP000001170	0.018262703570641494	0.03088102567001052	0.03088102567001052	0.03088102567001052	0.053228331965075454	0.04469461259012988	0.03088102567001052	0.04469461259012988	0.04469461259012988	0.03088102567001052	0.04469461259012988	0.07112652160961827	0.04267349871346441	0.04267349871346441	0.04267349871346441	0.06176205134002104	0.06176205134002104	0.10645666393015091	0.07355452438347493	0.09264307701003155
UP000006552	0.010100083550762664	0.02872131961166846	0.02872131961166846	0.02872131961166846	0.0365104837363592	0.015578328249381473	0.02872131961166846	0.015578328249381473	0.015578328249381473	0.02872131961166846	0.015578328249381473	0.021056572948000278	0.10590535608573587	0.10590535608573587	0.10590535608573587	0.05744263922333692	0.05744263922333692	0.0730209674727184	0.13462667569740436	0.0861639588350054
UP000001409	0.010682906877671247	0.02923138868480507	0.02923138868480507	0.02923138868480507	0.037649225963128384	0.01683567455664662	0.02923138868480507	0.01683567455664662	0.01683567455664662	0.02923138868480507	0.01683567455664662	0.02298844223562199	0.1015075554670673	0.1015075554670673	0.1015075554670673	0.05846277736961014	0.05846277736961014	0.07529845192625677	0.13073894415187234	0.08769416605441521
UP000001937	0.008115555011313643	0.02663599051475289	0.02663599051475289	0.02663599051475289	0.03247186425171668	0.011671747473927565	0.02663599051475289	0.011671747473927565	0.011671747473927565	0.02663599051475289	0.011671747473927565	0.015227939936541488	0.12157151142737428	0.12157151142737428	0.12157151142737428	0.05327198102950578	0.05327198102950578	0.06494372850343336	0.14820750194212717	0.07990797154425867
UP000198251	0.011872446472728624	0.030136612365449685	0.030136612365449685	0.030136612365449685	0.03993162077918643	0.01959001682747349	0.030136612365449685	0.01959001682747349	0.01959001682747349	0.030136612365449685	0.01959001682747349	0.027307587182218353	0.09272226898668844	0.09272226898668844	0.09272226898668844	0.06027322473089937	0.06027322473089937	0.07986324155837286	0.12285888135213813	0.09040983709634906
UP000183015	0.005964766408883915	0.023661437832831676	0.023661437832831676	0.023661437832831676	0.027649050706181986	0.007975225746700627	0.023661437832831676	0.007975225746700627	0.007975225746700627	0.023661437832831676	0.007975225746700627	0.009985685084517339	0.1404007003936096	0.1404007003936096	0.1404007003936096	0.04732287566566335	0.04732287566566335	0.05529810141236397	0.16406213822644128	0.07098431349849503
UP000008080	0.01606765498093465	0.03175363464500909	0.03175363464500909	0.03175363464500909	0.04801677079566928	0.03252627230132038	0.03175363464500909	0.03252627230132038	0.03252627230132038	0.03175363464500909	0.03252627230132038	0.04898488962170612	0.061998700854987966	0.061998700854987966	0.061998700854987966	0.06350726929001818	0.06350726929001818	0.09603354159133856	0.09375233549999705	0.09526090393502727
UP000006647	0.018900435592177585	0.026745956546592196	0.026745956546592196	0.026745956546592196	0.05896244236042459	0.06443297162766479	0.026745956546592196	0.06443297162766479	0.06443297162766479	0.026745956546592196	0.06443297162766479	0.10996550766315198	0.022204352011759725	0.022204352011759725	0.022204352011759725	0.05349191309318439	0.05349191309318439	0.11792488472084918	0.04895030855835192	0.08023786963977658
UP000000809	0.018217504965175497	0.03093114998402207	0.03093114998402207	0.03093114998402207	0.05309192203551481	0.044321544102985486	0.03093114998402207	0.044321544102985486	0.044321544102985486	0.03093114998402207	0.044321544102985486	0.07042558324079547	0.04317250487081397	0.04317250487081397	0.04317250487081397	0.06186229996804414	0.06186229996804414	0.10618384407102963	0.07410365485483604	0.09279344995206623
UP000001572	0.01866461304064028	0.030269351904681354	0.030269351904681354	0.030269351904681354	0.054611379196759055	0.04868405458415541	0.030269351904681354	0.04868405458415541	0.04868405458415541	0.030269351904681354	0.04868405458415541	0.07870349612767055	0.03763999003598323	0.03763999003598323	0.03763999003598323	0.06053870380936271	0.06053870380936271	0.10922275839351811	0.06790934194066459	0.09080805571404406
UP000002207	0.011354806252790105	0.029764933947837822	0.029764933947837822	0.029764933947837822	0.03894398646999137	0.018358105044307103	0.029764933947837822	0.018358105044307103	0.018358105044307103	0.029764933947837822	0.018358105044307103	0.025361403835824102	0.09651881725057286	0.09651881725057286	0.09651881725057286	0.059529867895675645	0.059529867895675645	0.07788797293998274	0.1262837511984107	0.08929480184351347
UP000194841	0.018336358485860463	0.030793123761580887	0.030793123761580887	0.030793123761580887	0.053456862850104425	0.04532747817704707	0.030793123761580887	0.04532747817704707	0.04532747817704707	0.030793123761580887	0.04532747817704707	0.07231859786823366	0.04183848337171316	0.04183848337171316	0.04183848337171316	0.061586247523161775	0.061586247523161775	0.10691372570020885	0.07263160713329407	0.09237937128474268
UP000001410	0.015363163491447488	0.0316868320269438	0.0316868320269438	0.0316868320269438	0.04659800165457343	0.029822339255259254	0.0316868320269438	0.029822339255259254	0.029822339255259254	0.0316868320269438	0.029822339255259254	0.04428151501907103	0.0673357857886137	0.0673357857886137	0.0673357857886137	0.0633736640538876	0.0633736640538876	0.09319600330914686	0.0990226178155575	0.0950604960808314
UP000006637	0.007725061026094257	0.026156740747942917	0.026156740747942917	0.026156740747942917	0.03163812989887481	0.010962778301863794	0.026156740747942917	0.010962778301863794	0.010962778301863794	0.026156740747942917	0.010962778301863794	0.014200495577633332	0.1248178276922338	0.1248178276922338	0.1248178276922338	0.052313481495885834	0.052313481495885834	0.06327625979774962	0.1509745684401767	0.07847022224382873
UP000000625	0.015629971693564452	0.031724579762171065	0.031724579762171065	0.031724579762171065	0.04712894007834899	0.030808720632355843	0.031724579762171065	0.030808720632355843	0.030808720632355843	0.031724579762171065	0.030808720632355843	0.04598746957114724	0.0653353297656485	0.0653353297656485	0.0653353297656485	0.06344915952434213	0.06344915952434213	0.09425788015669798	0.09705990952781957	0.0951737392865132
UP000001806	0.018660182693058545	0.025685980685094496	0.025685980685094496	0.025685980685094496	0.05979634742048523	0.06822073347078146	0.025685980685094496	0.06822073347078146	0.06822073347078146	0.025685980685094496	0.06822073347078146	0.1177812842485044	0.019342202001906734	0.019342202001906734	0.019342202001906734	0.05137196137018899	0.05137196137018899	0.11959269484097046	0.04502818268700123	0.07705794205528349
UP000002361	0.00951219518967009	0.02816123986576742	0.02816123986576742	0.02816123986576742	0.03534324878469175	0.014364017837848648	0.02816123986576742	0.014364017837848648	0.014364017837848648	0.02816123986576742	0.014364017837848648	0.01921584048602721	0.11042250709096409	0.11042250709096409	0.11042250709096409	0.05632247973153484	0.05632247973153484	0.0706864975693835	0.1385837469567315	0.08448371959730228
UP000000588	0.01582708588945482	0.03174296833066403	0.03174296833066403	0.03174296833066403	0.04752590364736564	0.03156587063340323	0.03174296833066403	0.03156587063340323	0.03156587063340323	0.03174296833066403	0.03156587063340323	0.047304655377351644	0.06384211923971282	0.06384211923971282	0.06384211923971282	0.06348593666132805	0.06348593666132805	0.09505180729473128	0.09558508757037686	0.0952289049919921
UP000002480	0.01897163274908929	0.027191912436125055	0.027191912436125055	0.027191912436125055	0.0585701012644898	0.06275637765672948	0.027191912436125055	0.06275637765672948	0.06275637765672948	0.027191912436125055	0.06275637765672948	0.10654112256436966	0.023564142149131998	0.023564142149131998	0.023564142149131998	0.05438382487225011	0.05438382487225011	0.1171402025289796	0.05075605458525705	0.08157573730837517
UP000001983	0.011560037813720274	0.029916390339063723	0.029916390339063723	0.029916390339063723	0.039336415452770834	0.01884005022741422	0.029916390339063723	0.01884005022741422	0.01884005022741422	0.029916390339063723	0.01884005022741422	0.026120062641108173	0.09500934446734345	0.09500934446734345	0.09500934446734345	0.059832780678127445	0.059832780678127445	0.07867283090554167	0.12492573480640717	0.08974917101719115
UP000001116	0.007059348608203459	0.025281044465433493	0.025281044465433493	0.025281044465433493	0.030178165662585264	0.009794242394303546	0.025281044465433493	0.009794242394303546	0.009794242394303546	0.025281044465433493	0.009794242394303546	0.012529136180403633	0.13051161764894692	0.13051161764894692	0.13051161764894692	0.050562088930866986	0.050562088930866986	0.06035633132517053	0.1557926621143804	0.07584313339630046
UP000002145	0.01812901314277525	0.031021838151772684	0.031021838151772684	0.031021838151772684	0.05283223700439258	0.043620797705239786	0.031021838151772684	0.043620797705239786	0.043620797705239786	0.031021838151772684	0.043620797705239786	0.06911258226770432	0.04412365169558466	0.04412365169558466	0.04412365169558466	0.06204367630354537	0.06204367630354537	0.10566447400878516	0.07514548984735733	0.09306551445531806
UP000000423	0.018682690892486798	0.025770674536845277	0.025770674536845277	0.025770674536845277	0.059734180282655834	0.06792701149162111	0.025770674536845277	0.06792701149162111	0.06792701149162111	0.025770674536845277	0.06792701149162111	0.11717133209075542	0.019554155305829303	0.019554155305829303	0.019554155305829303	0.051541349073690554	0.051541349073690554	0.11946836056531167	0.04532482984267458	0.07731202361053582
UP000009072	0.018656960211243762	0.02567401732588391	0.02567401732588391	0.02567401732588391	0.05980507197502106	0.0682621092982743	0.02567401732588391	0.0682621092982743	0.0682621092982743	0.02567401732588391	0.0682621092982743	0.11786725838530482	0.01931247576220007	0.01931247576220007	0.01931247576220007	0.05134803465176782	0.05134803465176782	0.11961014395004212	0.04498649308808398	0.07702205197765173
UP000000774	0.018338722952904653	0.03079016421264124	0.03079016421264124	0.03079016421264124	0.053464338205492436	0.0453483479857024	0.03079016421264124	0.0453483479857024	0.0453483479857024	0.03079016421264124	0.0453483479857024	0.07235797301850012	0.04181119067624308	0.04181119067624308	0.04181119067624308	0.06158032842528248	0.06158032842528248	0.10692867641098487	0.07260135488888432	0.09237049263792371
UP000001422	0.011364049766399547	0.029771871107219752	0.029771871107219752	0.029771871107219752	0.03896168826801046	0.018379634321581427	0.029771871107219752	0.018379634321581427	0.018379634321581427	0.029771871107219752	0.018379634321581427	0.02539521887676331	0.09645070121815583	0.09645070121815583	0.09645070121815583	0.059543742214439505	0.059543742214439505	0.07792337653602092	0.1262225723253756	0.08931561332165924
UP000006697	0.01413022911455536	0.03134541900551604	0.03134541900551604	0.03134541900551604	0.044209580105250584	0.025728322199469095	0.03134541900551604	0.025728322199469095	0.025728322199469095	0.03134541900551604	0.025728322199469095	0.03732641528438283	0.07637771985393128	0.07637771985393128	0.07637771985393128	0.06269083801103208	0.06269083801103208	0.08841916021050117	0.10772313885944733	0.09403625701654812
UP000001006	0.015508843267739877	0.03170921889146044	0.03170921889146044	0.03170921889146044	0.046887055422919086	0.030355673062917303	0.03170921889146044	0.030355673062917303	0.030355673062917303	0.03170921889146044	0.030355673062917303	0.04520250285809473	0.0662462374411883	0.0662462374411883	0.0662462374411883	0.06341843778292088	0.06341843778292088	0.09377411084583817	0.09795545633264874	0.0951276566743813
UP000028341	0.0084875830385605	0.02707032634707886	0.02707032634707886	0.02707032634707886	0.033252450238507765	0.012364247782857812	0.02707032634707886	0.012364247782857812	0.012364247782857812	0.02707032634707886	0.012364247782857812	0.016240912527155125	0.11853573001882618	0.11853573001882618	0.11853573001882618	0.05414065269415772	0.05414065269415772	0.06650490047701553	0.14560605636590504	0.08121097904123657
UP000005954	0.01100630396074394	0.02949541928018732	0.02949541928018732	0.02949541928018732	0.03827451834573153	0.017558198131088408	0.02949541928018732	0.017558198131088408	0.017558198131088408	0.02949541928018732	0.017558198131088408	0.024110092301432875	0.09909670138345994	0.09909670138345994	0.09909670138345994	0.05899083856037464	0.05899083856037464	0.07654903669146305	0.12859212066364725	0.08848625784056197
UP000001822	0.018337543710209042	0.03079164136747162	0.03079164136747162	0.03079164136747162	0.05346060884404435	0.04533793495314544	0.03079164136747162	0.04533793495314544	0.04533793495314544	0.03079164136747162	0.04533793495314544	0.07233832619608184	0.04182480649296581	0.04182480649296581	0.04182480649296581	0.06158328273494324	0.06158328273494324	0.1069212176880887	0.07261644786043744	0.09237492410241487
UP000008320	0.019050245087301115	0.028120063829090058	0.028120063829090058	0.028120063829090058	0.05765175145513494	0.05906337525208976	0.028120063829090058	0.05906337525208976	0.05906337525208976	0.028120063829090058	0.05906337525208976	0.0990765054168784	0.026775916085971442	0.026775916085971442	0.026775916085971442	0.056240127658180115	0.056240127658180115	0.11530350291026988	0.054895979915061496	0.08436019148727016
UP000061018	0.007828970333993436	0.026286666783621623	0.026286666783621623	0.026286666783621623	0.03186151018269296	0.011149686798142676	0.026286666783621623	0.011149686798142676	0.011149686798142676	0.026286666783621623	0.011149686798142676	0.014470403262291915	0.12394767011899595	0.12394767011899595	0.12394767011899595	0.052573333567243245	0.052573333567243245	0.06372302036538592	0.1502343369026176	0.07886000035086486
UP000001025	0.01369611593931792	0.03116762873330891	0.03116762873330891	0.03116762873330891	0.04338395658420433	0.02443265570179083	0.03116762873330891	0.02443265570179083	0.02443265570179083	0.03116762873330891	0.02443265570179083	0.035169195464263746	0.07951825562590656	0.07951825562590656	0.07951825562590656	0.06233525746661782	0.06233525746661782	0.08676791316840866	0.11068588435921546	0.09350288619992672
UP000007065	0.019049131829925924	0.02808229207161606	0.02808229207161606	0.02808229207161606	0.05769226629136975	0.05921994843950737	0.02808229207161606	0.05921994843950737	0.05921994843950737	0.02808229207161606	0.05921994843950737	0.09939076504908884	0.02663342838945944	0.02663342838945944	0.02663342838945944	0.05616458414323212	0.05616458414323212	0.1153845325827395	0.0547157204610755	0.08424687621484818
UP000002484	0.006077598900894355	0.023839757172674694	0.023839757172674694	0.023839757172674694	0.027918329150620293	0.008157143955891209	0.023839757172674694	0.008157143955891209	0.008157143955891209	0.023839757172674694	0.008157143955891209	0.010236689010888063	0.13934632639200523	0.13934632639200523	0.13934632639200523	0.04767951434534939	0.04767951434534939	0.055836658301240585	0.16318608356467992	0.07151927151802408
UP000002709	0.012850891995691407	0.030744899659465575	0.030744899659465575	0.030744899659465575	0.041784891157346384	0.022079982995761617	0.030744899659465575	0.022079982995761617	0.022079982995761617	0.030744899659465575	0.022079982995761617	0.03130907399583183	0.08562043324508468	0.08562043324508468	0.08562043324508468	0.06148979931893115	0.06148979931893115	0.08356978231469277	0.11636533290455026	0.09223469897839673
UP000001652	0.016797486748287002	0.03169398268959023	0.03169398268959023	0.03169398268959023	0.0495632606837765	0.03573855598837252	0.03169398268959023	0.03573855598837252	0.03573855598837252	0.03169398268959023	0.03573855598837252	0.05467962522845804	0.0562142767634406	0.0562142767634406	0.0562142767634406	0.06338796537918046	0.06338796537918046	0.099126521367553	0.08790825945303084	0.0950819480687707
UP000006821	0.010784417254488438	0.029315714159945997	0.029315714159945997	0.029315714159945997	0.037845956139962625	0.01706048396003326	0.029315714159945997	0.01706048396003326	0.01706048396003326	0.029315714159945997	0.01706048396003326	0.02333655066557808	0.1007487359351537	0.1007487359351537	0.1007487359351537	0.058631428319891994	0.058631428319891994	0.07569191227992525	0.1300644500950997	0.08794714247983798
UP000002171	0.015764862523647994	0.031738071248049046	0.031738071248049046	0.031738071248049046	0.04740011945089064	0.03132409640568319	0.031738071248049046	0.03132409640568319	0.03132409640568319	0.031738071248049046	0.03132409640568319	0.04688333028771839	0.06431503424714782	0.06431503424714782	0.06431503424714782	0.06347614249609809	0.06347614249609809	0.09480023890178128	0.09605310549519688	0.09521421374414714
UP000009134	0.009974313256627038	0.02860539495532074	0.02860539495532074	0.02860539495532074	0.036262469695482295	0.015314149480323126	0.02860539495532074	0.015314149480323126	0.015314149480323126	0.02860539495532074	0.015314149480323126	0.020653985704019214	0.1068643899031112	0.1068643899031112	0.1068643899031112	0.05721078991064148	0.05721078991064148	0.07252493939096459	0.13546978485843195	0.08581618486596221
UP000007073	0.012354228354311382	0.03045168081835992	0.03045168081835992	0.03045168081835992	0.04084560281787824	0.02078784399903664	0.03045168081835992	0.02078784399903664	0.02078784399903664	0.03045168081835992	0.02078784399903664	0.029221459643761893	0.08921606922836664	0.08921606922836664	0.08921606922836664	0.06090336163671984	0.06090336163671984	0.08169120563575648	0.11966775004672654	0.09135504245507975
UP000000245	0.008829017400787573	0.027450620127315077	0.027450620127315077	0.027450620127315077	0.03395816962038896	0.013015098986147755	0.027450620127315077	0.013015098986147755	0.013015098986147755	0.027450620127315077	0.013015098986147755	0.017201180571507938	0.11579420889171269	0.11579420889171269	0.11579420889171269	0.054901240254630154	0.054901240254630154	0.06791633924077792	0.14324482901902774	0.08235186038194522
