Proteome_ID	M	W	C	D	E	F	H	K	N	Q	Y	I	A	G	P	T	V	L	R	S
UP000000278	0.04427244486254002	0.031747695755462206	0.031747695755462206	0.031747695755462206	0.031747695755462206	0.04427244486254002	0.031747695755462206	0.04427244486254002	0.04427244486254002	0.031747695755462206	0.04427244486254002	0.04427244486254002	0.045532438468706075	0.045532438468706075	0.045532438468706075	0.12699078302184882	0.06349539151092441	0.04427244486254002	0.07728013422416828	0.0952430872663866
UP000000280	0.03956267587336046	0.03213798764834364	0.03213798764834364	0.03213798764834364	0.03213798764834364	0.03956267587336046	0.03213798764834364	0.03956267587336046	0.03956267587336046	0.03213798764834364	0.03956267587336046	0.03956267587336046	0.052213366628244606	0.052213366628244606	0.052213366628244606	0.12855195059337457	0.06427597529668728	0.03956267587336046	0.08435135427658826	0.09641396294503093
UP000000287	0.036038558477929944	0.032278108755528834	0.032278108755528834	0.032278108755528834	0.032278108755528834	0.036038558477929944	0.032278108755528834	0.036038558477929944	0.036038558477929944	0.032278108755528834	0.036038558477929944	0.036038558477929944	0.05782008764150728	0.05782008764150728	0.05782008764150728	0.12911243502211533	0.06455621751105767	0.036038558477929944	0.0900981963970361	0.09683432626658652
UP000000327	0.04426687243668546	0.031748281013145876	0.031748281013145876	0.031748281013145876	0.031748281013145876	0.04426687243668546	0.031748281013145876	0.04426687243668546	0.04426687243668546	0.031748281013145876	0.04426687243668546	0.04426687243668546	0.04553984918321693	0.04553984918321693	0.04553984918321693	0.1269931240525835	0.06349656202629175	0.04426687243668546	0.07728813019636281	0.09524484303943764
UP000000339	0.03957826290309311	0.03213706129397047	0.03213706129397047	0.03213706129397047	0.03213706129397047	0.03957826290309311	0.03213706129397047	0.03957826290309311	0.03957826290309311	0.03213706129397047	0.03957826290309311	0.03957826290309311	0.052189794743705165	0.052189794743705165	0.052189794743705165	0.12854824517588187	0.06427412258794094	0.03957826290309311	0.08432685603767563	0.09641118388191142
UP000000344	0.05710395203416508	0.029761470727199892	0.029761470727199892	0.029761470727199892	0.029761470727199892	0.05710395203416508	0.029761470727199892	0.05710395203416508	0.05710395203416508	0.029761470727199892	0.05710395203416508	0.05710395203416508	0.031022201031411567	0.031022201031411567	0.031022201031411567	0.11904588290879957	0.059522941454399785	0.05710395203416508	0.060783671758611456	0.08928441218159969
UP000000348	0.04003353266265093	0.032108875461924515	0.032108875461924515	0.032108875461924515	0.032108875461924515	0.04003353266265093	0.032108875461924515	0.04003353266265093	0.04003353266265093	0.032108875461924515	0.04003353266265093	0.04003353266265093	0.05150581599266283	0.05150581599266283	0.05150581599266283	0.12843550184769806	0.06421775092384903	0.04003353266265093	0.08361469145458733	0.09632662638577352
UP000000349	0.03962596822629871	0.03213421013204495	0.03213421013204495	0.03213421013204495	0.03213421013204495	0.03962596822629871	0.03213421013204495	0.03962596822629871	0.03962596822629871	0.03213421013204495	0.03962596822629871	0.03962596822629871	0.052117715075797474	0.052117715075797474	0.052117715075797474	0.1285368405281798	0.0642684202640899	0.03962596822629871	0.08425192520784243	0.09640263039613485
UP000000350	0.032981283565511665	0.0322769042647717	0.0322769042647717	0.0322769042647717	0.0322769042647717	0.032981283565511665	0.0322769042647717	0.032981283565511665	0.032981283565511665	0.0322769042647717	0.032981283565511665	0.032981283565511665	0.06317513670126776	0.06317513670126776	0.06317513670126776	0.1291076170590868	0.0645538085295434	0.032981283565511665	0.09545204096603947	0.09683071279431511
UP000000351	0.03811409687106395	0.03221262391428263	0.03221262391428263	0.03221262391428263	0.03221262391428263	0.03811409687106395	0.03221262391428263	0.03811409687106395	0.03811409687106395	0.03221262391428263	0.03811409687106395	0.03811409687106395	0.054449834818507535	0.054449834818507535	0.054449834818507535	0.12885049565713053	0.06442524782856526	0.03811409687106395	0.08666245873279017	0.0966378717428479
UP000000352	0.02206967598376394	0.031030166979506994	0.031030166979506994	0.031030166979506994	0.031030166979506994	0.02206967598376394	0.031030166979506994	0.02206967598376394	0.02206967598376394	0.031030166979506994	0.02206967598376394	0.02206967598376394	0.08725739911038516	0.08725739911038516	0.08725739911038516	0.12412066791802798	0.06206033395901399	0.02206967598376394	0.11828756608989216	0.09309050093852099
UP000000353	0.0338387800575201	0.03228973411498089	0.03228973411498089	0.03228973411498089	0.03228973411498089	0.0338387800575201	0.03228973411498089	0.0338387800575201	0.0338387800575201	0.03228973411498089	0.0338387800575201	0.0338387800575201	0.06162319843941626	0.06162319843941626	0.06162319843941626	0.12915893645992357	0.06457946822996179	0.0338387800575201	0.09391293255439714	0.09686920234494267
UP000000354	0.04467922097125872	0.031704230899759524	0.031704230899759524	0.031704230899759524	0.031704230899759524	0.04467922097125872	0.031704230899759524	0.04467922097125872	0.04467922097125872	0.031704230899759524	0.04467922097125872	0.04467922097125872	0.04499443970125914	0.04499443970125914	0.04499443970125914	0.1268169235990381	0.06340846179951905	0.04467922097125872	0.07669867060101866	0.09511269269927858
UP000000355	0.047947230545682805	0.03130408447706908	0.03130408447706908	0.03130408447706908	0.03130408447706908	0.047947230545682805	0.03130408447706908	0.047947230545682805	0.047947230545682805	0.03130408447706908	0.047947230545682805	0.047947230545682805	0.04087600863677881	0.04087600863677881	0.04087600863677881	0.12521633790827633	0.06260816895413816	0.047947230545682805	0.07218009311384789	0.09391225343120725
UP000000356	0.03780254909281655	0.032225643275267744	0.032225643275267744	0.032225643275267744	0.032225643275267744	0.03780254909281655	0.032225643275267744	0.03780254909281655	0.03780254909281655	0.032225643275267744	0.03780254909281655	0.03780254909281655	0.05494296598650007	0.05494296598650007	0.05494296598650007	0.12890257310107098	0.06445128655053549	0.03780254909281655	0.08716860926176781	0.09667692982580323
UP000000357	0.03965297750954784	0.03213258522325428	0.03213258522325428	0.03213258522325428	0.03213258522325428	0.03965297750954784	0.03213258522325428	0.03965297750954784	0.03965297750954784	0.03213258522325428	0.03965297750954784	0.03965297750954784	0.05207694846527417	0.05207694846527417	0.05207694846527417	0.12853034089301713	0.06426517044650856	0.03965297750954784	0.08420953368852845	0.09639775566976284
UP000000358	0.039500209808220915	0.03214167422541752	0.03214167422541752	0.03214167422541752	0.03214167422541752	0.039500209808220915	0.03214167422541752	0.039500209808220915	0.039500209808220915	0.03214167422541752	0.039500209808220915	0.039500209808220915	0.0523079359339433	0.0523079359339433	0.0523079359339433	0.12856669690167008	0.06428334845083504	0.039500209808220915	0.08444961015936081	0.09642502267625257
UP000000359	0.039840972865209115	0.03212106225058601	0.03212106225058601	0.03212106225058601	0.03212106225058601	0.039840972865209115	0.03212106225058601	0.039840972865209115	0.039840972865209115	0.03212106225058601	0.039840972865209115	0.039840972865209115	0.05179404848354	0.05179404848354	0.05179404848354	0.12848424900234404	0.06424212450117202	0.039840972865209115	0.083915110734126	0.096363186751758
UP000000360	0.032662828203202515	0.03226952943672386	0.03226952943672386	0.03226952943672386	0.03226952943672386	0.032662828203202515	0.03226952943672386	0.032662828203202515	0.032662828203202515	0.03226952943672386	0.032662828203202515	0.032662828203202515	0.06376193289750019	0.06376193289750019	0.06376193289750019	0.12907811774689543	0.06453905887344771	0.032662828203202515	0.09603146233422404	0.09680858831017157
UP000000369	0.02886664400496617	0.032063569293810754	0.032063569293810754	0.032063569293810754	0.032063569293810754	0.02886664400496617	0.032063569293810754	0.02886664400496617	0.02886664400496617	0.032063569293810754	0.02886664400496617	0.02886664400496617	0.07122909581606619	0.07122909581606619	0.07122909581606619	0.12825427717524301	0.06412713858762151	0.02886664400496617	0.10329266510987695	0.09619070788143227
UP000000372	0.048470967702388255	0.03123191995890842	0.03123191995890842	0.03123191995890842	0.03123191995890842	0.048470967702388255	0.03123191995890842	0.048470967702388255	0.048470967702388255	0.03123191995890842	0.048470967702388255	0.048470967702388255	0.04024812668518688	0.04024812668518688	0.04024812668518688	0.12492767983563367	0.06246383991781684	0.048470967702388255	0.0714800466440953	0.09369575987672527
UP000000373	0.043786089041827056	0.03179773084990462	0.03179773084990462	0.03179773084990462	0.03179773084990462	0.043786089041827056	0.03179773084990462	0.043786089041827056	0.043786089041827056	0.03179773084990462	0.043786089041827056	0.043786089041827056	0.046183420777184174	0.046183420777184174	0.046183420777184174	0.1271909233996185	0.06359546169980924	0.043786089041827056	0.0779811516270888	0.09539319254971386
UP000000375	0.02703072863751353	0.031877450896601704	0.031877450896601704	0.031877450896601704	0.031877450896601704	0.02703072863751353	0.031877450896601704	0.02703072863751353	0.02703072863751353	0.031877450896601704	0.02703072863751353	0.02703072863751353	0.0751864212979445	0.0751864212979445	0.0751864212979445	0.12750980358640682	0.06375490179320341	0.02703072863751353	0.10706387219454623	0.09563235268980512
UP000000394	0.02925602914923572	0.0320953608012135	0.0320953608012135	0.0320953608012135	0.0320953608012135	0.02925602914923572	0.0320953608012135	0.02925602914923572	0.02925602914923572	0.0320953608012135	0.02925602914923572	0.02925602914923572	0.0704205057839835	0.0704205057839835	0.0704205057839835	0.128381443204854	0.064190721602427	0.02925602914923572	0.10251586658519699	0.09628608240364049
UP000000395	0.04474447369953657	0.031697122982329885	0.031697122982329885	0.031697122982329885	0.031697122982329885	0.04474447369953657	0.031697122982329885	0.04474447369953657	0.04474447369953657	0.031697122982329885	0.04474447369953657	0.04474447369953657	0.04490867909649149	0.04490867909649149	0.04490867909649149	0.12678849192931954	0.06339424596465977	0.04474447369953657	0.07660580207882138	0.09509136894698965
UP000000396	0.04152435347454374	0.03200168392550132	0.03200168392550132	0.03200168392550132	0.03200168392550132	0.04152435347454374	0.03200168392550132	0.04152435347454374	0.04152435347454374	0.03200168392550132	0.04152435347454374	0.04152435347454374	0.04932564571754321	0.04932564571754321	0.04932564571754321	0.12800673570200527	0.06400336785100263	0.04152435347454374	0.08132732964304451	0.09600505177650394
UP000000398	0.026436202274759093	0.03180368425658542	0.03180368425658542	0.03180368425658542	0.03180368425658542	0.026436202274759093	0.03180368425658542	0.026436202274759093	0.026436202274759093	0.03180368425658542	0.026436202274759093	0.026436202274759093	0.0765219089928299	0.0765219089928299	0.0765219089928299	0.12721473702634167	0.06360736851317084	0.026436202274759093	0.10832559324941532	0.09541105276975625
UP000000399	0.012577653836649546	0.027321987785619648	0.027321987785619648	0.027321987785619648	0.027321987785619648	0.012577653836649546	0.027321987785619648	0.012577653836649546	0.012577653836649546	0.027321987785619648	0.012577653836649546	0.012577653836649546	0.11870115464338467	0.11870115464338467	0.11870115464338467	0.10928795114247859	0.054643975571239296	0.012577653836649546	0.14602314242900433	0.08196596335685893
UP000000400	0.017682864096399693	0.029745434127144334	0.029745434127144334	0.029745434127144334	0.029745434127144334	0.017682864096399693	0.029745434127144334	0.017682864096399693	0.017682864096399693	0.029745434127144334	0.017682864096399693	0.017682864096399693	0.10007325132272325	0.10007325132272325	0.10007325132272325	0.11898173650857734	0.05949086825428867	0.017682864096399693	0.12981868544986758	0.089236302381433
UP000000401	0.023825625008881756	0.031393580680744035	0.031393580680744035	0.031393580680744035	0.031393580680744035	0.023825625008881756	0.031393580680744035	0.023825625008881756	0.023825625008881756	0.031393580680744035	0.023825625008881756	0.023825625008881756	0.08273083351148082	0.08273083351148082	0.08273083351148082	0.12557432272297614	0.06278716136148807	0.023825625008881756	0.11412441419222484	0.09418074204223209
UP000000409	0.041468172550135386	0.03200612728047136	0.03200612728047136	0.03200612728047136	0.03200612728047136	0.041468172550135386	0.03200612728047136	0.041468172550135386	0.041468172550135386	0.03200612728047136	0.041468172550135386	0.041468172550135386	0.049406188915377625	0.049406188915377625	0.049406188915377625	0.12802450912188543	0.06401225456094271	0.041468172550135386	0.08141231619584897	0.09601838184141408
UP000000410	0.030005703999895814	0.0321493905946195	0.0321493905946195	0.0321493905946195	0.0321493905946195	0.030005703999895814	0.0321493905946195	0.030005703999895814	0.030005703999895814	0.0321493905946195	0.030005703999895814	0.030005703999895814	0.0688924556217043	0.0688924556217043	0.0688924556217043	0.128597562378478	0.064298781189239	0.030005703999895814	0.1010418462163238	0.09644817178385849
UP000000411	0.03699825548349299	0.03225411486611563	0.03225411486611563	0.03225411486611563	0.03225411486611563	0.03699825548349299	0.03225411486611563	0.03699825548349299	0.03699825548349299	0.03225411486611563	0.03699825548349299	0.03699825548349299	0.05623659343942476	0.05623659343942476	0.05623659343942476	0.12901645946446252	0.06450822973223126	0.03699825548349299	0.0884907083055404	0.09676234459834689
UP000000412	0.028830155297510433	0.03206045681961831	0.03206045681961831	0.03206045681961831	0.03206045681961831	0.028830155297510433	0.03206045681961831	0.028830155297510433	0.028830155297510433	0.03206045681961831	0.028830155297510433	0.028830155297510433	0.07130540095088353	0.07130540095088353	0.07130540095088353	0.12824182727847325	0.06412091363923662	0.028830155297510433	0.10336585777050185	0.09618137045885491
UP000000413	0.040536587683432046	0.03207522490967211	0.03207522490967211	0.03207522490967211	0.03207522490967211	0.040536587683432046	0.03207522490967211	0.040536587683432046	0.040536587683432046	0.03207522490967211	0.040536587683432046	0.040536587683432046	0.05076007191530556	0.05076007191530556	0.05076007191530556	0.12830089963868843	0.06415044981934422	0.040536587683432046	0.08283529682497766	0.0962256747290163
UP000000414	0.02444650766398348	0.031504519360715404	0.031504519360715404	0.031504519360715404	0.031504519360715404	0.02444650766398348	0.031504519360715404	0.02444650766398348	0.02444650766398348	0.031504519360715404	0.02444650766398348	0.02444650766398348	0.08120053414516726	0.08120053414516726	0.08120053414516726	0.12601807744286161	0.06300903872143081	0.02444650766398348	0.11270505350588267	0.0945135580821462
UP000000469	0.04686386473477418	0.03144648463924965	0.03144648463924965	0.03144648463924965	0.03144648463924965	0.04686386473477418	0.03144648463924965	0.04686386473477418	0.04686386473477418	0.03144648463924965	0.04686386473477418	0.04686386473477418	0.0422022981571466	0.0422022981571466	0.0422022981571466	0.1257859385569986	0.0628929692784993	0.04686386473477418	0.07364878279639625	0.09433945391774892
UP000000470	0.03545999418618309	0.032287150932511055	0.032287150932511055	0.032287150932511055	0.032287150932511055	0.03545999418618309	0.032287150932511055	0.03545999418618309	0.03545999418618309	0.032287150932511055	0.03545999418618309	0.03545999418618309	0.058796406444135384	0.058796406444135384	0.058796406444135384	0.12914860373004422	0.06457430186502211	0.03545999418618309	0.09108355737664646	0.09686145279753317
UP000000472	0.045067302084812536	0.0316614114144508	0.0316614114144508	0.0316614114144508	0.0316614114144508	0.045067302084812536	0.0316614114144508	0.045067302084812536	0.045067302084812536	0.0316614114144508	0.045067302084812536	0.045067302084812536	0.044486575693774864	0.044486575693774864	0.044486575693774864	0.1266456456578032	0.0633228228289016	0.045067302084812536	0.07614798710822566	0.0949842342433524
UP000000473	0.023334956304702306	0.031299598340737825	0.031299598340737825	0.031299598340737825	0.031299598340737825	0.023334956304702306	0.031299598340737825	0.023334956304702306	0.023334956304702306	0.031299598340737825	0.023334956304702306	0.023334956304702306	0.08396543310381965	0.08396543310381965	0.08396543310381965	0.1251983933629513	0.06259919668147565	0.023334956304702306	0.11526503144455749	0.09389879502221349
UP000000477	0.03279340466481248	0.03227272713038746	0.03227272713038746	0.03227272713038746	0.03227272713038746	0.03279340466481248	0.03227272713038746	0.03279340466481248	0.03279340466481248	0.03227272713038746	0.03279340466481248	0.03279340466481248	0.06352063331502836	0.06352063331502836	0.06352063331502836	0.12909090852154984	0.06454545426077492	0.03279340466481248	0.09579336044541581	0.09681818139116238
UP000000513	0.05679432237866608	0.02982259097628868	0.02982259097628868	0.02982259097628868	0.02982259097628868	0.05679432237866608	0.02982259097628868	0.05679432237866608	0.05679432237866608	0.02982259097628868	0.05679432237866608	0.05679432237866608	0.0313195719321796	0.0313195719321796	0.0313195719321796	0.11929036390515473	0.05964518195257736	0.05679432237866608	0.06114216290846828	0.08946777292886604
UP000000514	0.05264639445761199	0.030583736284654713	0.030583736284654713	0.030583736284654713	0.030583736284654713	0.05264639445761199	0.030583736284654713	0.05264639445761199	0.05264639445761199	0.030583736284654713	0.05264639445761199	0.05264639445761199	0.03553386456056018	0.03553386456056018	0.03553386456056018	0.12233494513861885	0.061167472569309426	0.05264639445761199	0.0661176008452149	0.09175120885396415
UP000000515	0.03824578228531084	0.032206792319814694	0.032206792319814694	0.032206792319814694	0.032206792319814694	0.03824578228531084	0.032206792319814694	0.03824578228531084	0.03824578228531084	0.032206792319814694	0.03824578228531084	0.03824578228531084	0.05424271172144723	0.05424271172144723	0.05424271172144723	0.12882716927925877	0.06441358463962939	0.03824578228531084	0.08644950404126193	0.09662037695944407
UP000000516	0.056547906970357616	0.029870821289989573	0.029870821289989573	0.029870821289989573	0.029870821289989573	0.056547906970357616	0.029870821289989573	0.056547906970357616	0.056547906970357616	0.029870821289989573	0.056547906970357616	0.056547906970357616	0.031557877641915894	0.031557877641915894	0.031557877641915894	0.11948328515995829	0.059741642579979146	0.056547906970357616	0.06142869893190547	0.08961246386996873
UP000000518	0.02162051042790435	0.030924656927271466	0.030924656927271466	0.030924656927271466	0.030924656927271466	0.02162051042790435	0.030924656927271466	0.02162051042790435	0.02162051042790435	0.030924656927271466	0.02162051042790435	0.02162051042790435	0.08846547904208156	0.08846547904208156	0.08846547904208156	0.12369862770908586	0.06184931385454293	0.02162051042790435	0.11939013596935304	0.09277397078181439
UP000000519	0.0309988373077846	0.0322069429087224	0.0322069429087224	0.0322069429087224	0.0322069429087224	0.0309988373077846	0.0322069429087224	0.0309988373077846	0.0309988373077846	0.0322069429087224	0.0309988373077846	0.0309988373077846	0.06692426307648737	0.06692426307648737	0.06692426307648737	0.1288277716348896	0.0644138858174448	0.0309988373077846	0.09913120598520977	0.0966208287261672
UP000000520	0.04315402540345198	0.0318595527940765	0.0318595527940765	0.0318595527940765	0.0318595527940765	0.04315402540345198	0.0318595527940765	0.04315402540345198	0.04315402540345198	0.0318595527940765	0.04315402540345198	0.04315402540345198	0.04704224436765306	0.04704224436765306	0.04704224436765306	0.127438211176306	0.063719105588153	0.04315402540345198	0.07890179716172956	0.09557865838222951
UP000000521	0.03698383264113132	0.0322545567447059	0.0322545567447059	0.0322545567447059	0.0322545567447059	0.03698383264113132	0.0322545567447059	0.03698383264113132	0.03698383264113132	0.0322545567447059	0.03698383264113132	0.03698383264113132	0.056260065899196576	0.056260065899196576	0.056260065899196576	0.1290182269788236	0.0645091134894118	0.03698383264113132	0.08851462264390249	0.09676367023411771
UP000000522	0.04177395567638341	0.03198156873470381	0.03198156873470381	0.03198156873470381	0.03198156873470381	0.04177395567638341	0.03198156873470381	0.04177395567638341	0.04177395567638341	0.03198156873470381	0.04177395567638341	0.04177395567638341	0.04896930262751382	0.04896930262751382	0.04896930262751382	0.12792627493881523	0.06396313746940761	0.04177395567638341	0.08095087136221762	0.0959447062041114
UP000000568	0.037610341121525094	0.03223312571754527	0.03223312571754527	0.03223312571754527	0.03223312571754527	0.037610341121525094	0.03223312571754527	0.037610341121525094	0.037610341121525094	0.03223312571754527	0.037610341121525094	0.037610341121525094	0.05524940016714999	0.05524940016714999	0.05524940016714999	0.12893250287018107	0.06446625143509054	0.037610341121525094	0.08748252588469525	0.09669937715263581
UP000000569	0.03069115939531361	0.03219078024193653	0.03219078024193653	0.03219078024193653	0.03219078024193653	0.03069115939531361	0.03219078024193653	0.03069115939531361	0.03069115939531361	0.03219078024193653	0.03069115939531361	0.03069115939531361	0.06752735009045512	0.06752735009045512	0.06752735009045512	0.12876312096774611	0.06438156048387306	0.03069115939531361	0.09971813033239163	0.09657234072580959
UP000000570	0.027397778812615965	0.03191960596672275	0.03191960596672275	0.03191960596672275	0.03191960596672275	0.027397778812615965	0.03191960596672275	0.027397778812615965	0.027397778812615965	0.03191960596672275	0.027397778812615965	0.027397778812615965	0.07437546321103106	0.07437546321103106	0.07437546321103106	0.127678423866891	0.0638392119334455	0.027397778812615965	0.10629506917775382	0.09575881790016826
UP000000571	0.01158619938771472	0.02668983652897635	0.02668983652897635	0.02668983652897635	0.02668983652897635	0.01158619938771472	0.02668983652897635	0.01158619938771472	0.01158619938771472	0.02668983652897635	0.01158619938771472	0.01158619938771472	0.12296480495559378	0.12296480495559378	0.12296480495559378	0.1067593461159054	0.0533796730579527	0.01158619938771472	0.14965464148457014	0.08006950958692906
UP000000572	0.035115349078235936	0.032290545340503796	0.032290545340503796	0.032290545340503796	0.032290545340503796	0.035115349078235936	0.032290545340503796	0.035115349078235936	0.035115349078235936	0.032290545340503796	0.035115349078235936	0.035115349078235936	0.05938595775107195	0.05938595775107195	0.05938595775107195	0.12916218136201518	0.06458109068100759	0.035115349078235936	0.09167650309157575	0.09687163602151139
UP000000573	0.03291899661645881	0.03227557462483899	0.03227557462483899	0.03227557462483899	0.03227557462483899	0.03291899661645881	0.03227557462483899	0.03291899661645881	0.03291899661645881	0.03227557462483899	0.03291899661645881	0.03291899661645881	0.06328945742184111	0.06328945742184111	0.06328945742184111	0.12910229849935595	0.06455114924967797	0.03291899661645881	0.0955650320466801	0.09682672387451698
UP000000574	0.03291279910990415	0.03227543933764199	0.03227543933764199	0.03227543933764199	0.03227543933764199	0.03291279910990415	0.03227543933764199	0.03291279910990415	0.03291279910990415	0.03227543933764199	0.03291279910990415	0.03291279910990415	0.06330084420709979	0.06330084420709979	0.06330084420709979	0.12910175735056795	0.06455087867528397	0.03291279910990415	0.09557628354474178	0.09682631801292596
UP000000575	0.032905960455941484	0.03227528942608888	0.03227528942608888	0.03227528942608888	0.03227528942608888	0.032905960455941484	0.03227528942608888	0.032905960455941484	0.032905960455941484	0.03227528942608888	0.032905960455941484	0.032905960455941484	0.06331341149774686	0.06331341149774686	0.06331341149774686	0.1291011577043555	0.06455057885217776	0.032905960455941484	0.09558870092383574	0.09682586827826664
UP000000587	0.05589743529568735	0.029996364370181217	0.029996364370181217	0.029996364370181217	0.029996364370181217	0.05589743529568735	0.029996364370181217	0.05589743529568735	0.05589743529568735	0.029996364370181217	0.05589743529568735	0.05589743529568735	0.03219403075182227	0.03219403075182227	0.03219403075182227	0.11998545748072487	0.05999272874036243	0.05589743529568735	0.062190395122003486	0.08998909311054364
UP000000624	0.049363528737867056	0.03110407864805663	0.03110407864805663	0.03110407864805663	0.03110407864805663	0.049363528737867056	0.03110407864805663	0.049363528737867056	0.049363528737867056	0.03110407864805663	0.049363528737867056	0.049363528737867056	0.03919751011650613	0.03919751011650613	0.03919751011650613	0.12441631459222652	0.06220815729611326	0.049363528737867056	0.07030158876456276	0.09331223594416989
UP000000668	0.025953228513560724	0.0317386237966202	0.0317386237966202	0.0317386237966202	0.0317386237966202	0.025953228513560724	0.0317386237966202	0.025953228513560724	0.025953228513560724	0.0317386237966202	0.025953228513560724	0.025953228513560724	0.07762735491478792	0.07762735491478792	0.07762735491478792	0.1269544951864808	0.0634772475932404	0.025953228513560724	0.10936597871140812	0.09521587138986061
UP000000670	0.049002308466781316	0.031156545303291164	0.031156545303291164	0.031156545303291164	0.031156545303291164	0.049002308466781316	0.031156545303291164	0.049002308466781316	0.049002308466781316	0.031156545303291164	0.049002308466781316	0.049002308466781316	0.03961977896996804	0.03961977896996804	0.03961977896996804	0.12462618121316466	0.06231309060658233	0.049002308466781316	0.07077632427325921	0.0934696359098735
UP000000672	0.03075168981179043	0.03219407676356295	0.03219407676356295	0.03219407676356295	0.03219407676356295	0.03075168981179043	0.03219407676356295	0.03075168981179043	0.03075168981179043	0.03219407676356295	0.03075168981179043	0.03075168981179043	0.06740823577511491	0.06740823577511491	0.06740823577511491	0.1287763070542518	0.0643881535271259	0.03075168981179043	0.09960231253867786	0.09658223029068887
UP000000675	0.03457748841693676	0.032292806858843344	0.032292806858843344	0.032292806858843344	0.032292806858843344	0.03457748841693676	0.032292806858843344	0.03457748841693676	0.03457748841693676	0.032292806858843344	0.03457748841693676	0.03457748841693676	0.060318167834987266	0.060318167834987266	0.060318167834987266	0.12917122743537338	0.06458561371768669	0.03457748841693676	0.09261097469383062	0.09687842057653004
UP000000676	0.04171109514351876	0.03198669196843464	0.03198669196843464	0.03198669196843464	0.03198669196843464	0.04171109514351876	0.03198669196843464	0.04171109514351876	0.04171109514351876	0.03198669196843464	0.04171109514351876	0.04171109514351876	0.04905881562510362	0.04905881562510362	0.04905881562510362	0.12794676787373857	0.06397338393686929	0.04171109514351876	0.08104550759353826	0.09596007590530395
UP000000677	0.0324447066446448	0.032263644472021215	0.032263644472021215	0.032263644472021215	0.032263644472021215	0.0324447066446448	0.032263644472021215	0.0324447066446448	0.0324447066446448	0.032263644472021215	0.0324447066446448	0.0324447066446448	0.0641671854837867	0.0641671854837867	0.0641671854837867	0.12905457788808486	0.06452728894404243	0.0324447066446448	0.09643082995580791	0.09679093341606364
UP000000678	0.038805301948974615	0.0321798667557676	0.0321798667557676	0.0321798667557676	0.0321798667557676	0.038805301948974615	0.0321798667557676	0.038805301948974615	0.038805301948974615	0.0321798667557676	0.038805301948974615	0.038805301948974615	0.05337125456622403	0.05337125456622403	0.05337125456622403	0.1287194670230704	0.0643597335115352	0.038805301948974615	0.08555112132199164	0.09653960026730278
UP000000679	0.034567949206862895	0.03229281312728862	0.03229281312728862	0.03229281312728862	0.03229281312728862	0.034567949206862895	0.03229281312728862	0.034567949206862895	0.034567949206862895	0.03229281312728862	0.034567949206862895	0.034567949206862895	0.06033483637883548	0.06033483637883548	0.06033483637883548	0.12917125250915448	0.06458562625457724	0.034567949206862895	0.0926276495061241	0.09687843938186587
UP000000680	0.04103714000089018	0.032039178718260244	0.032039178718260244	0.032039178718260244	0.032039178718260244	0.04103714000089018	0.032039178718260244	0.04103714000089018	0.04103714000089018	0.032039178718260244	0.04103714000089018	0.04103714000089018	0.05002829012540119	0.05002829012540119	0.05002829012540119	0.12815671487304098	0.06407835743652049	0.04103714000089018	0.08206746884366145	0.09611753615478073
UP000000725	0.03675137991249347	0.03226133978283326	0.03226133978283326	0.03226133978283326	0.03226133978283326	0.03675137991249347	0.03226133978283326	0.03675137991249347	0.03675137991249347	0.03226133978283326	0.03675137991249347	0.03675137991249347	0.05663972602180342	0.05663972602180342	0.05663972602180342	0.12904535913133303	0.06452267956566651	0.03675137991249347	0.08890106580463668	0.09678401934849978
UP000000728	0.031961719866600215	0.03224816196967873	0.03224816196967873	0.03224816196967873	0.03224816196967873	0.031961719866600215	0.03224816196967873	0.031961719866600215	0.031961719866600215	0.03224816196967873	0.031961719866600215	0.031961719866600215	0.06507434235473467	0.06507434235473467	0.06507434235473467	0.12899264787871492	0.06449632393935746	0.031961719866600215	0.0973225043244134	0.0967444859090362
UP000000729	0.016697456669575637	0.029368069660870206	0.029368069660870206	0.029368069660870206	0.029368069660870206	0.016697456669575637	0.029368069660870206	0.016697456669575637	0.016697456669575637	0.029368069660870206	0.016697456669575637	0.016697456669575637	0.10330717218476182	0.10330717218476182	0.10330717218476182	0.11747227864348082	0.05873613932174041	0.016697456669575637	0.132675241845632	0.0881042089826106
UP000000730	0.01586466859051448	0.02901900926124102	0.02901900926124102	0.02901900926124102	0.02901900926124102	0.01586466859051448	0.02901900926124102	0.01586466859051448	0.01586466859051448	0.02901900926124102	0.01586466859051448	0.01586466859051448	0.10616079292163558	0.10616079292163558	0.10616079292163558	0.11607603704496408	0.05803801852248204	0.01586466859051448	0.1351798021828766	0.08705702778372305
UP000000735	0.04858741701693909	0.031215585831729637	0.031215585831729637	0.031215585831729637	0.031215585831729637	0.04858741701693909	0.031215585831729637	0.04858741701693909	0.04858741701693909	0.031215585831729637	0.04858741701693909	0.04858741701693909	0.04010967689343804	0.04010967689343804	0.04010967689343804	0.12486234332691855	0.062431171663459274	0.04858741701693909	0.07132526272516768	0.09364675749518891
UP000000744	0.05305517623027122	0.030513678580519652	0.030513678580519652	0.030513678580519652	0.030513678580519652	0.05305517623027122	0.030513678580519652	0.05305517623027122	0.05305517623027122	0.030513678580519652	0.05305517623027122	0.05305517623027122	0.03509872727494676	0.03509872727494676	0.03509872727494676	0.12205471432207861	0.061027357161039304	0.05305517623027122	0.06561240585546642	0.09154103574155896
UP000000825	0.04035421864629298	0.03208772501278981	0.03208772501278981	0.03208772501278981	0.03208772501278981	0.04035421864629298	0.03208772501278981	0.04035421864629298	0.04035421864629298	0.03208772501278981	0.04035421864629298	0.04035421864629298	0.05102921731782805	0.05102921731782805	0.05102921731782805	0.12835090005115923	0.06417545002557962	0.04035421864629298	0.08311694233061785	0.09626317503836943
UP000000826	0.03553091623508991	0.03228626654663113	0.03228626654663113	0.03228626654663113	0.03228626654663113	0.03553091623508991	0.03228626654663113	0.03553091623508991	0.03553091623508991	0.03228626654663113	0.03553091623508991	0.03553091623508991	0.05867583040206814	0.05867583040206814	0.05867583040206814	0.12914506618652452	0.06457253309326226	0.03553091623508991	0.09096209694869928	0.0968587996398934
UP000000831	0.023998293437764294	0.031425315617503544	0.031425315617503544	0.031425315617503544	0.031425315617503544	0.023998293437764294	0.031425315617503544	0.023998293437764294	0.023998293437764294	0.031425315617503544	0.023998293437764294	0.023998293437764294	0.08230172401389832	0.08230172401389832	0.08230172401389832	0.12570126247001417	0.06285063123500709	0.023998293437764294	0.11372703963140186	0.09427594685251063
UP000000832	0.05044711454647898	0.03094086514996065	0.03094086514996065	0.03094086514996065	0.03094086514996065	0.05044711454647898	0.03094086514996065	0.05044711454647898	0.05044711454647898	0.03094086514996065	0.05044711454647898	0.05044711454647898	0.0379540889438192	0.0379540889438192	0.0379540889438192	0.1237634605998426	0.0618817302999213	0.05044711454647898	0.06889495409377985	0.09282259544988193
UP000000834	0.04122799493752585	0.032024771651947156	0.032024771651947156	0.032024771651947156	0.032024771651947156	0.04122799493752585	0.032024771651947156	0.04122799493752585	0.04122799493752585	0.032024771651947156	0.04122799493752585	0.04122799493752585	0.04975192225154112	0.04975192225154112	0.04975192225154112	0.12809908660778863	0.06404954330389431	0.04122799493752585	0.08177669390348828	0.09607431495584148
UP000000835	0.05289097487841771	0.03054195484810508	0.03054195484810508	0.03054195484810508	0.03054195484810508	0.05289097487841771	0.03054195484810508	0.05289097487841771	0.05289097487841771	0.03054195484810508	0.05289097487841771	0.05289097487841771	0.035272974570348684	0.035272974570348684	0.035272974570348684	0.12216781939242032	0.06108390969621016	0.05289097487841771	0.06581492941845377	0.09162586454431526
UP000000839	0.05907910351821493	0.029358334814435574	0.029358334814435574	0.029358334814435574	0.029358334814435574	0.05907910351821493	0.029358334814435574	0.05907910351821493	0.05907910351821493	0.029358334814435574	0.05907910351821493	0.05907910351821493	0.029178229585381577	0.029178229585381577	0.029178229585381577	0.1174333392577423	0.05871666962887115	0.05907910351821493	0.05853656439981716	0.08807500444330672
UP000000840	0.034875643445417194	0.03229201427683506	0.03229201427683506	0.03229201427683506	0.03229201427683506	0.034875643445417194	0.03229201427683506	0.034875643445417194	0.034875643445417194	0.03229201427683506	0.034875643445417194	0.034875643445417194	0.059799566863179665	0.059799566863179665	0.059799566863179665	0.12916805710734025	0.06458402855367013	0.034875643445417194	0.09209158114001473	0.0968760428305052
UP000000842	0.01866487495862025	0.030086089795732535	0.030086089795732535	0.030086089795732535	0.030086089795732535	0.01866487495862025	0.030086089795732535	0.01866487495862025	0.01866487495862025	0.030086089795732535	0.01866487495862025	0.01866487495862025	0.09699210963948443	0.09699210963948443	0.09699210963948443	0.12034435918293014	0.06017217959146507	0.01866487495862025	0.12707819943521695	0.0902582693871976
UP000000846	0.03680285064497559	0.03225989298407158	0.03225989298407158	0.03225989298407158	0.03225989298407158	0.03680285064497559	0.03225989298407158	0.03680285064497559	0.03680285064497559	0.03225989298407158	0.03680285064497559	0.03680285064497559	0.05655543943500635	0.05655543943500635	0.05655543943500635	0.12903957193628632	0.06451978596814316	0.03680285064497559	0.08881533241907792	0.09677967895221472
UP000000853	0.04010965046710558	0.03210395154776673	0.03210395154776673	0.03210395154776673	0.03210395154776673	0.04010965046710558	0.03210395154776673	0.04010965046710558	0.04010965046710558	0.03210395154776673	0.04010965046710558	0.04010965046710558	0.051392305491498314	0.051392305491498314	0.051392305491498314	0.12841580619106693	0.06420790309553347	0.04010965046710558	0.08349625703926504	0.09631185464330021
UP000000854	0.048547524665055665	0.031221193213696662	0.031221193213696662	0.031221193213696662	0.031221193213696662	0.048547524665055665	0.031221193213696662	0.048547524665055665	0.048547524665055665	0.031221193213696662	0.048547524665055665	0.048547524665055665	0.04015705898136591	0.04015705898136591	0.04015705898136591	0.12488477285478665	0.062442386427393325	0.048547524665055665	0.07137825219506257	0.09366357964108998
UP000000862	0.046207880628573374	0.03152808985867746	0.03152808985867746	0.03152808985867746	0.03152808985867746	0.046207880628573374	0.03152808985867746	0.046207880628573374	0.046207880628573374	0.03152808985867746	0.046207880628573374	0.046207880628573374	0.04302384946528674	0.04302384946528674	0.04302384946528674	0.12611235943470983	0.06305617971735492	0.046207880628573374	0.07455193932396421	0.09458426957603236
UP000000866	0.07218947402122333	0.02617260847292441	0.02617260847292441	0.02617260847292441	0.02617260847292441	0.07218947402122333	0.02617260847292441	0.07218947402122333	0.07218947402122333	0.02617260847292441	0.07218947402122333	0.07218947402122333	0.01897798657116151	0.01897798657116151	0.01897798657116151	0.10469043389169765	0.05234521694584882	0.07218947402122333	0.045150595044085924	0.07851782541877324
UP000000867	0.04243403588380002	0.03192546526197459	0.03192546526197459	0.03192546526197459	0.03192546526197459	0.04243403588380002	0.03192546526197459	0.04243403588380002	0.04243403588380002	0.03192546526197459	0.04243403588380002	0.04243403588380002	0.048038576155451575	0.048038576155451575	0.048038576155451575	0.12770186104789835	0.06385093052394918	0.04243403588380002	0.07996404141742618	0.09577639578592378
UP000000868	0.048477009617758596	0.03123107504060499	0.03123107504060499	0.03123107504060499	0.03123107504060499	0.048477009617758596	0.03123107504060499	0.048477009617758596	0.048477009617758596	0.03123107504060499	0.048477009617758596	0.048477009617758596	0.04024093300650248	0.04024093300650248	0.04024093300650248	0.12492430016241995	0.06246215008120998	0.048477009617758596	0.07147200804710746	0.09369322512181497
UP000000869	0.01657279254222692	0.02931763401233157	0.02931763401233157	0.02931763401233157	0.02931763401233157	0.01657279254222692	0.02931763401233157	0.01657279254222692	0.01657279254222692	0.02931763401233157	0.01657279254222692	0.01657279254222692	0.10372707700177666	0.10372707700177666	0.10372707700177666	0.11727053604932627	0.05863526802466314	0.01657279254222692	0.13304471101410825	0.0879529020369947
UP000000870	0.0163020898128735	0.02920594236983642	0.02920594236983642	0.02920594236983642	0.02920594236983642	0.0163020898128735	0.02920594236983642	0.0163020898128735	0.0163020898128735	0.02920594236983642	0.0163020898128735	0.0163020898128735	0.10464757334812574	0.10464757334812574	0.10464757334812574	0.11682376947934568	0.05841188473967284	0.0163020898128735	0.13385351571796217	0.08761782710950926
UP000000871	0.07004467652419816	0.0267482294875402	0.0267482294875402	0.0267482294875402	0.0267482294875402	0.07004467652419816	0.0267482294875402	0.07004467652419816	0.07004467652419816	0.0267482294875402	0.07004467652419816	0.07004467652419816	0.020428898132492455	0.020428898132492455	0.020428898132492455	0.1069929179501608	0.0534964589750804	0.07004467652419816	0.047177127620032656	0.08024468846262059
UP000000872	0.09113722773142381	0.02035448833416175	0.02035448833416175	0.02035448833416175	0.02035448833416175	0.09113722773142381	0.02035448833416175	0.09113722773142381	0.09113722773142381	0.02035448833416175	0.09113722773142381	0.09113722773142381	0.009091898133361276	0.009091898133361276	0.009091898133361276	0.081417953336647	0.0407089766683235	0.09113722773142381	0.02944638646752303	0.06106346500248525
UP000000875	0.016790034343072132	0.029405121783292562	0.029405121783292562	0.029405121783292562	0.029405121783292562	0.016790034343072132	0.029405121783292562	0.016790034343072132	0.016790034343072132	0.029405121783292562	0.016790034343072132	0.016790034343072132	0.10299695276645354	0.10299695276645354	0.10299695276645354	0.11762048713317025	0.058810243566585124	0.016790034343072132	0.1324020745497461	0.08821536534987767
