Proteome_ID	M	W	C	D	E	F	H	K	N	Q	Y	I	A	G	P	T	V	L	R	S
UP000001015	0.039408979006167764	0.0293321691747781	0.0293321691747781	0.0293321691747781	0.0293321691747781	0.05920362302750868	0.0293321691747781	0.06406254012248432	0.05920362302750868	0.0293321691747781	0.05920362302750868	0.0789982670488496	0.029064983002747406	0.029064983002747406	0.029064983002747406	0.0586643383495562	0.0586643383495562	0.11786796137706489	0.03392390009772303	0.10761084250916114
UP000007478	0.03476473799484202	0.030954490160091896	0.030954490160091896	0.030954490160091896	0.030954490160091896	0.05035879742462712	0.030954490160091896	0.05625070322214461	0.05035879742462712	0.030954490160091896	0.05035879742462712	0.06595285685441224	0.03805414386653498	0.03805414386653498	0.03805414386653498	0.06190898032018379	0.06190898032018379	0.11226777774481092	0.04394604966405248	0.11203414904533261
UP000000674	0.019705672628705085	0.03164900992709995	0.03164900992709995	0.03164900992709995	0.03164900992709995	0.02533900923606254	0.03164900992709995	0.034127346188938694	0.02533900923606254	0.03164900992709995	0.02533900923606254	0.030972345843419995	0.07906069412849075	0.07906069412849075	0.07906069412849075	0.0632980198541999	0.0632980198541999	0.08863702909026243	0.08784903108136691	0.10901936580264747
UP000001931	0.04126782291469292	0.02851355225351815	0.02851355225351815	0.02851355225351815	0.02851355225351815	0.06291457239703523	0.02851355225351815	0.06736081180761898	0.06291457239703523	0.02851355225351815	0.06291457239703523	0.08456132187937751	0.025845289291115733	0.025845289291115733	0.025845289291115733	0.0570271045070363	0.0570271045070363	0.11994167690407152	0.030291528701699495	0.10516173019290509
UP000000641	0.01989560023779261	0.03169144070505362	0.03169144070505362	0.03169144070505362	0.03169144070505362	0.02562316971184425	0.03169144070505362	0.03438487468250057	0.02562316971184425	0.03169144070505362	0.02562316971184425	0.03135073918589589	0.07839369018405809	0.07839369018405809	0.07839369018405809	0.06338288141010724	0.06338288141010724	0.08900605112195148	0.0871553951547144	0.10924235287890183
UP000002518	0.01828860188124467	0.031281258865631344	0.031281258865631344	0.031281258865631344	0.031281258865631344	0.023242548479213303	0.031281258865631344	0.032215850270390964	0.023242548479213303	0.031281258865631344	0.023242548479213303	0.028196495077181936	0.08420050469885132	0.08420050469885132	0.08420050469885132	0.06256251773126269	0.06256251773126269	0.085805066210476	0.09317380649002897	0.10717843188017008
UP000001826	0.01579432047702215	0.030396001663855705	0.030396001663855705	0.030396001663855705	0.030396001663855705	0.01965291670133323	0.030396001663855705	0.028883055406905542	0.01965291670133323	0.030396001663855705	0.01965291670133323	0.023511512925644303	0.09402338911724402	0.09402338911724402	0.09402338911724402	0.06079200332771141	0.06079200332771141	0.08044492002904463	0.10325352782281633	0.10312372924427819
UP000005223	0.023520127544929024	0.0322163516135787	0.0322163516135787	0.0322163516135787	0.0322163516135787	0.03119224182087112	0.0322163516135787	0.039376410993167	0.03119224182087112	0.0322163516135787	0.03119224182087112	0.03886435609681321	0.06654817035916073	0.06654817035916073	0.06654817035916073	0.0644327032271574	0.0644327032271574	0.09562494504802851	0.07473233953145662	0.11249706810972303
UP000000536	0.02002323392953369	0.031719072084223573	0.031719072084223573	0.031719072084223573	0.031719072084223573	0.025814552817426107	0.031719072084223573	0.034558131338717255	0.025814552817426107	0.031719072084223573	0.025814552817426107	0.031605871705318526	0.07794824423261003	0.07794824423261003	0.07794824423261003	0.06343814416844715	0.06343814416844715	0.08925269698587325	0.08669182275390118	0.10938913129431199
UP000002199	0.025485161412393136	0.03229258387175339	0.03229258387175339	0.03229258387175339	0.03229258387175339	0.034330205393129726	0.03229258387175339	0.042156438613178145	0.034330205393129726	0.03229258387175339	0.034330205393129726	0.04317524937386632	0.06075180507500942	0.06075180507500942	0.06075180507500942	0.06458516774350678	0.06458516774350678	0.09891537313663651	0.06857803829505785	0.11351786904691673
UP000002439	0.02271537348461718	0.032144455164273424	0.032144455164273424	0.032144455164273424	0.032144455164273424	0.02993148475876832	0.032144455164273424	0.038254081235672005	0.02993148475876832	0.032144455164273424	0.02993148475876832	0.03714759603291946	0.06904208101506176	0.06904208101506176	0.06904208101506176	0.06428891032854685	0.06428891032854685	0.09422039508731517	0.07736467749196543	0.11193262770328631
UP000001024	0.025984944981021347	0.03229033690537952	0.03229033690537952	0.03229033690537952	0.03229033690537952	0.03514196291439627	0.03229033690537952	0.04287316784326282	0.03514196291439627	0.03229033690537952	0.03514196291439627	0.04429898084777119	0.05934021727828845	0.05934021727828845	0.05934021727828845	0.06458067381075903	0.06458067381075903	0.09972263672515531	0.067071422207155	0.11369893776378498
UP000000578	0.039589037286352574	0.029257085817259557	0.029257085817259557	0.029257085817259557	0.029257085817259557	0.05955866112735378	0.029257085817259557	0.06437749731330789	0.05955866112735378	0.029257085817259557	0.05955866112735378	0.07952828496835501	0.028743999758092678	0.028743999758092678	0.028743999758092678	0.058514171634519115	0.058514171634519115	0.1180728327618729	0.03356283594404678	0.10739067089713003
UP000001686	0.023994042633052978	0.0322474311841849	0.0322474311841849	0.0322474311841849	0.0322474311841849	0.03194127402806514	0.0322474311841849	0.04004158400113718	0.03194127402806514	0.0322474311841849	0.03194127402806514	0.0398885054230773	0.06511304571414639	0.06511304571414639	0.06511304571414639	0.0644948623683698	0.0644948623683698	0.09643613639643496	0.07321335568721843	0.11278910479059553
UP000002698	0.0130843737384291	0.029032916822792056	0.029032916822792056	0.029032916822792056	0.029032916822792056	0.015896567927628433	0.029032916822792056	0.025276936564409574	0.015896567927628433	0.029032916822792056	0.015896567927628433	0.018708762116827763	0.10604933883548202	0.10604933883548202	0.10604933883548202	0.05806583364558411	0.05806583364558411	0.07396240157321254	0.11542970747226318	0.09737093001760594
UP000001975	0.02536121388779091	0.03229181073482838	0.03229181073482838	0.03229181073482838	0.03229181073482838	0.03412975154890598	0.03229181073482838	0.04197931880298225	0.03412975154890598	0.03229181073482838	0.03412975154890598	0.042898289210021055	0.06110569185010098	0.06110569185010098	0.06110569185010098	0.06458362146965677	0.06458362146965677	0.09871337301856277	0.06895525910417726	0.113468108431161
UP000001013	0.031385187692969135	0.031746885860680564	0.031746885860680564	0.031746885860680564	0.031746885860680564	0.04428015179814438	0.031746885860680564	0.05090848293458772	0.04428015179814438	0.031746885860680564	0.04428015179814438	0.05717511590331963	0.04552219091052509	0.04552219091052509	0.04552219091052509	0.06349377172136113	0.06349377172136113	0.10777392351950552	0.052150522046968434	0.11373088116983558
UP000000590	0.0374006337981307	0.030108236406099838	0.030108236406099838	0.030108236406099838	0.030108236406099838	0.05530607573463936	0.030108236406099838	0.06061259800687826	0.05530607573463936	0.030108236406099838	0.05530607573463936	0.07321151767114802	0.032781421839981756	0.032781421839981756	0.032781421839981756	0.060216472812199676	0.060216472812199676	0.11552254854683904	0.03808794411222065	0.10981990107992157
UP000001974	0.03689244567410623	0.030286684201627466	0.030286684201627466	0.030286684201627466	0.030286684201627466	0.05433767729141475	0.030286684201627466	0.059757412363829615	0.05433767729141475	0.030286684201627466	0.05433767729141475	0.07178290890872326	0.03376232793351437	0.03376232793351437	0.03376232793351437	0.06057336840325493	0.06057336840325493	0.11491104569466967	0.03918206300592924	0.11030726666168011
UP000001018	0.036194932908119405	0.030519757996075682	0.030519757996075682	0.030519757996075682	0.030519757996075682	0.05301996128142437	0.030519757996075682	0.05859488801205499	0.05301996128142437	0.030519757996075682	0.05301996128142437	0.06984498965472934	0.03513603577320463	0.03513603577320463	0.03513603577320463	0.061039515992151364	0.061039515992151364	0.11405947727357572	0.04071096250383525	0.11092917852304149
UP000001137	0.02776723243356011	0.03221398267550726	0.03221398267550726	0.03221398267550726	0.03221398267550726	0.03808276747031047	0.03221398267550726	0.04546391010965922	0.03808276747031047	0.03221398267550726	0.03808276747031047	0.04839830250706083	0.054499226224927616	0.054499226224927616	0.054499226224927616	0.06442796535101453	0.06442796535101453	0.10251073282132499	0.06188036886427637	0.11409364542333156
UP000000554	0.011315146901042378	0.027869110403706772	0.027869110403706772	0.027869110403706772	0.027869110403706772	0.013524598033522241	0.027869110403706772	0.022906305351094367	0.013524598033522241	0.027869110403706772	0.013524598033522241	0.0157340491660021	0.114855511826509	0.114855511826509	0.114855511826509	0.055738220807413544	0.055738220807413544	0.06926281884093577	0.12423721914408112	0.09271302697968285
UP000000365	0.022117925499581133	0.03207512361257137	0.03207512361257137	0.03207512361257137	0.03207512361257137	0.02900452904542453	0.03207512361257137	0.03742642987484135	0.02900452904542453	0.03207512361257137	0.02900452904542453	0.03589113259126792	0.0709415797202216	0.0709415797202216	0.0709415797202216	0.06415024722514275	0.06415024722514275	0.09315477627056727	0.0793634805496384	0.11145669279145184
UP000008243	0.012809138770699653	0.02886743845703715	0.02886743845703715	0.02886743845703715	0.02886743845703715	0.015523388664950318	0.02886743845703715	0.0249096634552444	0.015523388664950318	0.02886743845703715	0.015523388664950318	0.018237638559200985	0.10736431600818835	0.10736431600818835	0.10736431600818835	0.0577348769140743	0.0577348769140743	0.07325826557902462	0.11675059079848242	0.09669720424756045
UP000000805	0.04086733542872146	0.028698060652272653	0.028698060652272653	0.028698060652272653	0.028698060652272653	0.06210641316307597	0.028698060652272653	0.06664131464202881	0.06210641316307597	0.028698060652272653	0.06210641316307597	0.08334549089743049	0.026521534355526448	0.026521534355526448	0.026521534355526448	0.05739612130454531	0.05739612130454531	0.11950253446762128	0.031056435834479302	0.1057224396511849
UP000001400	0.03156610727281028	0.03171299196445791	0.03171299196445791	0.03171299196445791	0.03171299196445791	0.04459831603084704	0.03171299196445791	0.051187862755689234	0.04459831603084704	0.03171299196445791	0.04459831603084704	0.0576305247888838	0.04510097908818603	0.04510097908818603	0.04510097908818603	0.06342598392891582	0.06342598392891582	0.10802429995976284	0.05169052581302823	0.11367287440814725
UP000002408	0.0183095234369855	0.03128736437190462	0.03128736437190462	0.03128736437190462	0.03128736437190462	0.023273197916813773	0.03128736437190462	0.03224395562418747	0.023273197916813773	0.03128736437190462	0.023273197916813773	0.028236872396642045	0.08412244615795741	0.08412244615795741	0.08412244615795741	0.06257472874380925	0.06257472874380925	0.08584792666062302	0.09309320386533111	0.1072079420728711
UP000000254	0.03525224233388304	0.03081285334873517	0.03081285334873517	0.03081285334873517	0.03081285334873517	0.051259817443861024	0.03081285334873517	0.05704391050627607	0.051259817443861024	0.03081285334873517	0.051259817443861024	0.067267392553839	0.037043906078302505	0.037043906078302505	0.037043906078302505	0.06162570669747034	0.06162570669747034	0.11288552414133135	0.04282799914071756	0.11168322727011057
UP000000663	0.017708824538428203	0.031103682882545242	0.031103682882545242	0.031103682882545242	0.031103682882545242	0.022396782515038533	0.031103682882545242	0.03143819067540222	0.022396782515038533	0.031103682882545242	0.022396782515038533	0.027084740491648867	0.08639089906850161	0.08639089906850161	0.08639089906850161	0.062207365765090485	0.062207365765090485	0.08460414828012901	0.09543230722886531	0.1063319152094536
UP000002613	0.028412648823814605	0.03216070883967319	0.03216070883967319	0.03216070883967319	0.03216070883967319	0.039165688436771914	0.03216070883967319	0.04641623825117987	0.039165688436771914	0.03216070883967319	0.039165688436771914	0.049918728049729216	0.0528172098769564	0.0528172098769564	0.0528172098769564	0.06432141767934638	0.06432141767934638	0.10348710611611829	0.06006775969136435	0.11414173572987688
UP000002487	0.02569431538389852	0.032292685943928534	0.032292685943928534	0.032292685943928534	0.032292685943928534	0.0346692366945764	0.032292685943928534	0.042455882629930344	0.0346692366945764	0.032292685943928534	0.0346692366945764	0.04364415800525427	0.060158092008777135	0.060158092008777135	0.060158092008777135	0.06458537188785707	0.06458537188785707	0.09925460858243347	0.06794473794413107	0.11359745190500627
UP000007722	0.04026807522920697	0.02896579879196346	0.02896579879196346	0.02896579879196346	0.02896579879196346	0.060906060388889634	0.02896579879196346	0.0655739147501092	0.060906060388889634	0.02896579879196346	0.060906060388889634	0.08154404554857228	0.02755119915158932	0.02755119915158932	0.02755119915158932	0.05793159758392692	0.05793159758392692	0.11883765797281656	0.03221905351280889	0.10652748644541471
UP000002071	0.013979832198823374	0.02953494571278054	0.02953494571278054	0.02953494571278054	0.02953494571278054	0.01712131111549323	0.02953494571278054	0.02646960733080674	0.01712131111549323	0.02953494571278054	0.01712131111549323	0.020262790032163084	0.10189792269676469	0.10189792269676469	0.10189792269676469	0.05906989142556108	0.05906989142556108	0.07619120254105431	0.1112462189120782	0.09944319042049514
UP000002376	0.026048450845628165	0.03228944017545659	0.03228944017545659	0.03228944017545659	0.03228944017545659	0.03524551134571056	0.03228944017545659	0.04296453626066597	0.03524551134571056	0.03228944017545659	0.03524551134571056	0.04444257184579296	0.05916259444318018	0.05916259444318018	0.05916259444318018	0.06457888035091318	0.06457888035091318	0.09982439169662372	0.06688161935813558	0.11371971087191551
UP000001941	0.02488334712095159	0.03228382260970709	0.03228382260970709	0.03228382260970709	0.03228382260970709	0.03336012026543834	0.03228382260970709	0.041298744582059455	0.03336012026543834	0.03228382260970709	0.03336012026543834	0.04183689340992508	0.06248449909665456	0.06248449909665456	0.06248449909665456	0.06456764521941417	0.06456764521941417	0.0979277654848525	0.0704231234132757	0.1132580418055861
UP000000391	0.03450201334346077	0.031027997391670427	0.031027997391670427	0.031027997391670427	0.031027997391670427	0.04987579982795023	0.031027997391670427	0.05582568509429979	0.04987579982795023	0.031027997391670427	0.04987579982795023	0.06524958631243968	0.03860536073440542	0.03860536073440542	0.03860536073440542	0.062055994783340854	0.062055994783340854	0.11193179461129109	0.04455524600075497	0.11221221903398258
UP000009079	0.03285505932590539	0.03144335035063836	0.03144335035063836	0.03144335035063836	0.03144335035063836	0.04688850750574576	0.03144335035063836	0.05319937710803243	0.04688850750574576	0.03144335035063836	0.04688850750574576	0.060921955685586136	0.04217171046239146	0.04217171046239146	0.04217171046239146	0.06288670070127672	0.06288670070127672	0.10977520820702248	0.048482580064678135	0.1131516621979801
UP000000242	0.026900126734406737	0.03226428335156309	0.03226428335156309	0.03226428335156309	0.03226428335156309	0.03664299513724251	0.03226428335156309	0.044196507647238564	0.03664299513724251	0.03226428335156309	0.03664299513724251	0.046385863540078266	0.05681762510357325	0.05681762510357325	0.05681762510357325	0.06452856670312618	0.06452856670312618	0.10117156184036867	0.0643711376135693	0.11395010838626023
UP000002654	0.01479951011840262	0.029948586186523577	0.029948586186523577	0.029948586186523577	0.029948586186523577	0.018256661677307332	0.029948586186523577	0.027559775490820167	0.018256661677307332	0.029948586186523577	0.018256661677307332	0.021713813236212045	0.09825649731861788	0.09825649731861788	0.09825649731861788	0.059897172373047154	0.059897172373047154	0.07815383405035449	0.10755961113213071	0.10118811711906864
UP000002593	0.021707004254301738	0.032019345500669746	0.032019345500669746	0.032019345500669746	0.032019345500669746	0.02837140883021497	0.032019345500669746	0.036859781741355596	0.02837140883021497	0.032019345500669746	0.02837140883021497	0.035035813406128206	0.0722726525444448	0.0722726525444448	0.0722726525444448	0.06403869100133949	0.06403869100133949	0.09241009983155446	0.08076102545558543	0.11110063618039775
UP000001746	0.01274882569927554	0.02883044725256993	0.02883044725256993	0.02883044725256993	0.02883044725256993	0.015441818066990156	0.02883044725256993	0.024829125027494656	0.015441818066990156	0.02883044725256993	0.015441818066990156	0.01813481043470477	0.1076550293724875	0.1076550293724875	0.1076550293724875	0.05766089450513986	0.05766089450513986	0.07310271257213001	0.117042336332992	0.0965471750892707
UP000001059	0.02962278167887211	0.03202520105865811	0.03202520105865811	0.03202520105865811	0.03202520105865811	0.04122237514398909	0.03202520105865811	0.048223381566440585	0.04122237514398909	0.03202520105865811	0.04122237514398909	0.052821968609106075	0.04976003926338668	0.04976003926338668	0.04976003926338668	0.06405040211731622	0.06405040211731622	0.10527277726130531	0.05676104568583817	0.11409879138972943
UP000000262	0.01874936822622366	0.03141094718398731	0.03141094718398731	0.03141094718398731	0.03141094718398731	0.023919651364325924	0.03141094718398731	0.03283558241225888	0.023919651364325924	0.03141094718398731	0.023919651364325924	0.02908993450242819	0.08249682137648037	0.08249682137648037	0.08249682137648037	0.06282189436797463	0.06282189436797463	0.08674154573230054	0.09141275242441332	0.10781192664008332
UP000001879	0.016894426362621773	0.030826106352521535	0.030826106352521535	0.030826106352521535	0.030826106352521535	0.021220424854319995	0.030826106352521535	0.03034926409511899	0.021220424854319995	0.030826106352521535	0.021220424854319995	0.02554642334601822	0.08955983109485385	0.08955983109485385	0.08955983109485385	0.06165221270504307	0.06165221270504307	0.08287263755936307	0.09868867033565284	0.10504674692848817
UP000000740	0.011185247181544877	0.02777376429062787	0.02777376429062787	0.02777376429062787	0.02777376429062787	0.0133529547549322	0.02777376429062787	0.02273106709616736	0.0133529547549322	0.02777376429062787	0.0133529547549322	0.015520662328319522	0.1155372720163572	0.1155372720163572	0.1155372720163572	0.05554752858125574	0.05554752858125574	0.06890048333618794	0.12491538435759235	0.09233883248004116
UP000008680	0.03596073387290604	0.03059492990283217	0.03059492990283217	0.03059492990283217	0.03059492990283217	0.05258046394382764	0.03059492990283217	0.05820742699425151	0.05258046394382764	0.03059492990283217	0.05258046394382764	0.06920019401474922	0.035604468486972934	0.035604468486972934	0.035604468486972934	0.06118985980566434	0.06118985980566434	0.11377032374949199	0.04123143153739679	0.11112579351048096
UP000000792	0.037307354544477436	0.030141535272434253	0.030141535272434253	0.030141535272434253	0.030141535272434253	0.055127792247377905	0.030141535272434253	0.06045510146280656	0.055127792247377905	0.030141535272434253	0.055127792247377905	0.07294822995027839	0.03296022247735163	0.03296022247735163	0.03296022247735163	0.060283070544868506	0.060283070544868506	0.11541086279224642	0.03828753169278028	0.10991152265887971
UP000002457	0.01775589077278552	0.03111870864169208	0.03111870864169208	0.03111870864169208	0.03111870864169208	0.02246518353588312	0.03111870864169208	0.031501238851885195	0.02246518353588312	0.03111870864169208	0.02246518353588312	0.02717447629898072	0.08621109424543624	0.08621109424543624	0.08621109424543624	0.06223741728338416	0.06223741728338416	0.08470260081926725	0.09524714956143832	0.10640272393476416
UP000000758	0.01697493971486344	0.030855054250448332	0.030855054250448332	0.030855054250448332	0.030855054250448332	0.021336116823283673	0.030855054250448332	0.030456762645286236	0.021336116823283673	0.030855054250448332	0.021336116823283673	0.025697293931703908	0.08924157855746025	0.08924157855746025	0.08924157855746025	0.061710108500896664	0.061710108500896664	0.08304622532418032	0.0983622243794628	0.1051789253577882
UP000006565	0.025817593235907522	0.03229204211424021	0.03229204211424021	0.03229204211424021	0.03229204211424021	0.034869524133493854	0.03229204211424021	0.042632714021453355	0.034869524133493854	0.03229204211424021	0.034869524133493854	0.04392145503108018	0.05981016430942496	0.05981016430942496	0.05981016430942496	0.06458408422848042	0.06458408422848042	0.09945360836197426	0.06757335419738447	0.1136417886810418
UP000001169	0.013838304002287591	0.029459182470009677	0.029459182470009677	0.029459182470009677	0.029459182470009677	0.016926657375426687	0.029459182470009677	0.02628127329585728	0.016926657375426687	0.029459182470009677	0.016926657375426687	0.020015010748565785	0.10254161971296458	0.10254161971296458	0.10254161971296458	0.058918364940019355	0.058918364940019355	0.07584502231544603	0.11189623563339518	0.09912749803917752
UP000006681	0.028874212679534977	0.03211445828004949	0.03211445828004949	0.03211445828004949	0.03211445828004949	0.039946078490383265	0.03211445828004949	0.04710213419606466	0.039946078490383265	0.03211445828004949	0.039946078490383265	0.051017944301231556	0.05163652952163134	0.05163652952163134	0.05163652952163134	0.06422891656009898	0.06422891656009898	0.10417499505048225	0.058792585227312746	0.11414572170883516
UP000009227	0.034696022171153605	0.03097390734541376	0.03097390734541376	0.03097390734541376	0.03097390734541376	0.05023229533219951	0.03097390734541376	0.056139374499852526	0.05023229533219951	0.03097390734541376	0.05023229533219951	0.06576856849324539	0.03819785378699588	0.03819785378699588	0.03819785378699588	0.06194781469082752	0.06194781469082752	0.11218011002302701	0.0441049329546489	0.11208147104634898
UP000000346	0.015298240757892101	0.03018011255688329	0.03018011255688329	0.03018011255688329	0.03018011255688329	0.018954135120155986	0.03018011255688329	0.028223018200783524	0.018954135120155986	0.03018011255688329	0.018954135120155986	0.02261002948241987	0.09610981331219386	0.09610981331219386	0.09610981331219386	0.06036022511376658	0.06036022511376658	0.07931436023392258	0.10537869639282138	0.10218268406627809
UP000005877	0.015005463349916716	0.03004599285379482	0.03004599285379482	0.03004599285379482	0.03004599285379482	0.018544074363310552	0.03004599285379482	0.02783364462194652	0.018544074363310552	0.03004599285379482	0.018544074363310552	0.022082685376704388	0.09736389844902728	0.09736389844902728	0.09736389844902728	0.06009198570758964	0.06009198570758964	0.0786360600709002	0.10665346870766323	0.10160483089790733
UP000001304	0.03823825206782008	0.029798282469110596	0.029798282469110596	0.029798282469110596	0.029798282469110596	0.05691781566586732	0.029798282469110596	0.0620376126655362	0.05691781566586732	0.029798282469110596	0.05691781566586732	0.07559737926391456	0.031200692708289776	0.031200692708289776	0.031200692708289776	0.05959656493822119	0.05959656493822119	0.11651438060408853	0.036320489707958654	0.10895353587710463
UP000002315	0.04022022970127138	0.028986743933139467	0.028986743933139467	0.028986743933139467	0.028986743933139467	0.06081068013276321	0.028986743933139467	0.06548916246444317	0.06081068013276321	0.028986743933139467	0.06081068013276321	0.08140113056425505	0.027634334035106536	0.027634334035106536	0.027634334035106536	0.057973487866278935	0.057973487866278935	0.11878416799904215	0.0323128163667865	0.10659001106919795
UP000012076	0.01715684316799993	0.030919224721978254	0.030919224721978254	0.030919224721978254	0.030919224721978254	0.021597987857264217	0.030919224721978254	0.030699750978885523	0.021597987857264217	0.030919224721978254	0.021597987857264217	0.026039132546528506	0.08852662236187461	0.08852662236187461	0.08852662236187461	0.06183844944395651	0.06183844944395651	0.08343643730122074	0.09762838548349591	0.10547337264467041
UP000006663	0.01766077703107042	0.031088231190546888	0.031088231190546888	0.031088231190546888	0.031088231190546888	0.022327002400483673	0.031088231190546888	0.031373842164928535	0.022327002400483673	0.031088231190546888	0.022327002400483673	0.02699322776989693	0.08657482103696601	0.08657482103696601	0.08657482103696601	0.062176462381093776	0.062176462381093776	0.08450346478157744	0.09562166080141087	0.10625924523329783
UP000014070	0.03360416282558029	0.03126419274503801	0.03126419274503801	0.03126419274503801	0.03126419274503801	0.04823865750411682	0.03126419274503801	0.05438591980311395	0.04823865750411682	0.03126419274503801	0.04823865750411682	0.06287315218265335	0.040525578387643514	0.040525578387643514	0.040525578387643514	0.06252838549007601	0.06252838549007601	0.11076704299419284	0.04667284068664064	0.11276224638215779
UP000001901	0.02879445203858458	0.03212293257001713	0.03212293257001713	0.03212293257001713	0.03212293257001713	0.03981086653247438	0.03212293257001713	0.04698331404513555	0.03981086653247438	0.03212293257001713	0.03981086653247438	0.05082728102636418	0.051839253288101315	0.051839253288101315	0.051839253288101315	0.06424586514003426	0.06424586514003426	0.10405673167250865	0.059011700800762484	0.11414683525474618
UP000006794	0.010585893226154271	0.027314598934882233	0.027314598934882233	0.027314598934882233	0.027314598934882233	0.01256546521944491	0.027314598934882233	0.021919604070454207	0.01256546521944491	0.027314598934882233	0.01256546521944491	0.014545037212735548	0.11875204012644247	0.11875204012644247	0.11875204012644247	0.054629197869764466	0.054629197869764466	0.06719466308920938	0.12810617897745177	0.09055011803751033
UP000011511	0.022916560884241394	0.03216471708583391	0.03216471708583391	0.03216471708583391	0.03216471708583391	0.030245359569643637	0.03216471708583391	0.03853383701314102	0.030245359569643637	0.03216471708583391	0.030245359569643637	0.03757415825504587	0.06841175240978797	0.06841175240978797	0.06841175240978797	0.06432943417166782	0.06432943417166782	0.09457479374131145	0.07670022985328534	0.11208191345634089
UP000007807	0.021172480329823763	0.03193669588978709	0.03193669588978709	0.03193669588978709	0.03193669588978709	0.027553227826482982	0.03193669588978709	0.03612570935479425	0.027553227826482982	0.03193669588978709	0.027553227826482982	0.0339339753231422	0.07403506774450644	0.07403506774450644	0.07403506774450644	0.06387339177957418	0.06387339177957418	0.09142661960605716	0.0826075492728177	0.11060182050252582
UP000007490	0.033176198061397426	0.0313685517706722	0.0313685517706722	0.0313685517706722	0.0313685517706722	0.047465571758254	0.0313685517706722	0.053706435461319674	0.047465571758254	0.0313685517706722	0.047465571758254	0.061754945455110566	0.041461042340366724	0.041461042340366724	0.041461042340366724	0.0627371035413444	0.0627371035413444	0.11020267529959839	0.04770190604343239	0.11299247967655746
UP000058290	0.018542161870263075	0.031353859032702935	0.031353859032702935	0.031353859032702935	0.031353859032702935	0.023614615347415505	0.031353859032702935	0.032556690667211646	0.023614615347415505	0.031353859032702935	0.023614615347415505	0.02868706882456793	0.08325898701121115	0.08325898701121115	0.08325898701121115	0.06270771806540587	0.06270771806540587	0.08632233341282138	0.0922010623310073	0.10753128549121947
UP000006622	0.03102855466520161	0.03181082001615252	0.03181082001615252	0.03181082001615252	0.03181082001615252	0.043655325433332774	0.03181082001615252	0.05035984349287381	0.043655325433332774	0.03181082001615252	0.043655325433332774	0.05628209620146393	0.04635990042705753	0.04635990042705753	0.04635990042705753	0.06362164003230504	0.06362164003230504	0.10727696546563781	0.053064418486598576	0.11383424394552802
UP000012672	0.01858080806152538	0.03136465853947212	0.03136465853947212	0.03136465853947212	0.03136465853947212	0.023671440407148768	0.03136465853947212	0.03260868181893384	0.023671440407148768	0.03136465853947212	0.023671440407148768	0.02876207275277216	0.08311634512960114	0.08311634512960114	0.08311634512960114	0.06272931707894425	0.06272931707894425	0.08640075748609304	0.0920535865413862	0.10758415133431837
