Proteome_ID	M	W	C	D	E	F	H	K	N	Q	Y	I	A	G	P	T	V	L	R	S
UP000001015	0.020006754162937786	0.009912256509585805	0.029919010672523588	0.029919010672523588	0.029919010672523588	0.0603880953589753	0.029919010672523588	0.0603880953589753	0.0603880953589753	0.029919010672523588	0.0603880953589753	0.10076943655501282	0.029646478972433343	0.029646478972433343	0.029646478972433343	0.059838021345047177	0.059838021345047177	0.12022611670402247	0.05956548964495694	0.08975703201757076
UP000007478	0.019545376699190035	0.01201413063161222	0.031559507330802254	0.031559507330802254	0.031559507330802254	0.051343079090409645	0.031559507330802254	0.051343079090409645	0.051343079090409645	0.031559507330802254	0.051343079090409645	0.08314078148162926	0.03879792644337157	0.03879792644337157	0.03879792644337157	0.06311901466160451	0.06311901466160451	0.11446209375201415	0.07035743377417382	0.09467852199240677
UP000000674	0.014273193192043685	0.017827549168082678	0.03210074236012636	0.03210074236012636	0.03210074236012636	0.025700677810183845	0.03210074236012636	0.025700677810183845	0.025700677810183845	0.03210074236012636	0.025700677810183845	0.037128162428324	0.08018914268968379	0.08018914268968379	0.08018914268968379	0.06420148472025272	0.06420148472025272	0.08990216253043656	0.11228988504981015	0.09630222708037908
UP000001931	0.020013764984774703	0.009070450802426456	0.02908421578720116	0.02908421578720116	0.02908421578720116	0.06417372986310708	0.02908421578720116	0.06417372986310708	0.06417372986310708	0.02908421578720116	0.06417372986310708	0.10833369474143947	0.026362550836951642	0.026362550836951642	0.026362550836951642	0.05816843157440232	0.05816843157440232	0.12234216143750941	0.05544676662415281	0.08725264736160349
UP000000641	0.014371648725002486	0.01777525023345341	0.03214689895845589	0.03214689895845589	0.03214689895845589	0.025991416906163998	0.03214689895845589	0.025991416906163998	0.025991416906163998	0.03214689895845589	0.025991416906163998	0.037611185087325506	0.07952033676164004	0.07952033676164004	0.07952033676164004	0.06429379791691178	0.06429379791691178	0.09028521482307578	0.11166723572009592	0.09644069687536767
UP000002518	0.01351487143506036	0.018189149622466837	0.0317040210575272	0.0317040210575272	0.0317040210575272	0.02355666853373303	0.0317040210575272	0.02355666853373303	0.02355666853373303	0.0317040210575272	0.02355666853373303	0.033598465632405705	0.08533846369462349	0.08533846369462349	0.08533846369462349	0.0634080421150544	0.0634080421150544	0.08696471064878743	0.11704248475215069	0.0951120631725816
UP000001826	0.012079906687936771	0.01868327583970468	0.03076318252764145	0.03076318252764145	0.03076318252764145	0.01989032210123113	0.03076318252764145	0.01989032210123113	0.01989032210123113	0.03076318252764145	0.01989032210123113	0.027700737514525484	0.0951591828842639	0.0951591828842639	0.0951591828842639	0.0615263650552829	0.0615263650552829	0.08141668715651403	0.12592236541190535	0.09228954758292436
UP000005223	0.01610321726995455	0.01663192125330286	0.03273513852325741	0.03273513852325741	0.03273513852325741	0.03169453726804957	0.03273513852325741	0.03169453726804957	0.03169453726804957	0.03273513852325741	0.03169453726804957	0.04728585726614459	0.06761981000537226	0.06761981000537226	0.06761981000537226	0.06547027704651481	0.06547027704651481	0.09716481431456439	0.10035494852862968	0.09820541556977223
UP000000536	0.014437386702616238	0.01773962589113543	0.03217701259375167	0.03217701259375167	0.03217701259375167	0.026187247499006402	0.03217701259375167	0.026187247499006402	0.026187247499006402	0.03217701259375167	0.026187247499006402	0.037937108295396565	0.0790736131773862	0.0790736131773862	0.0790736131773862	0.06435402518750334	0.06435402518750334	0.09054127268650974	0.11125062577113787	0.096531037781255
UP000002199	0.016921696447688938	0.0159173327258538	0.03283902917354274	0.03283902917354274	0.03283902917354274	0.03491113070777908	0.03283902917354274	0.03491113070777908	0.03491113070777908	0.03283902917354274	0.03491113070777908	0.052900564967869226	0.0617798286791379	0.0617798286791379	0.0617798286791379	0.06567805834708548	0.06567805834708548	0.10058918905486455	0.09461885785268064	0.09851708752062821
UP000002439	0.01574327130040147	0.016907242742326693	0.03265051404272817	0.03265051404272817	0.03265051404272817	0.030402704243749436	0.03265051404272817	0.030402704243749436	0.030402704243749436	0.03265051404272817	0.030402704243749436	0.0450621371870974	0.07012902922762616	0.07012902922762616	0.07012902922762616	0.06530102808545633	0.06530102808545633	0.09570373232920577	0.10277954327035434	0.0979515421281845
UP000001024	0.01711595305704126	0.015727063739006786	0.03284301679604804	0.03284301679604804	0.03284301679604804	0.035743451101971364	0.03284301679604804	0.035743451101971364	0.035743451101971364	0.03284301679604804	0.035743451101971364	0.05437094914690146	0.060355881651618266	0.060355881651618266	0.060355881651618266	0.06568603359209609	0.06568603359209609	0.10142948469406744	0.0931988984476663	0.09852905038814412
UP000000578	0.020012037890611293	0.009830541836592127	0.02984257972720342	0.02984257972720342	0.02984257972720342	0.060750551310548455	0.02984257972720342	0.060750551310548455	0.060750551310548455	0.02984257972720342	0.060750551310548455	0.10148906473048563	0.029319225770379348	0.029319225770379348	0.029319225770379348	0.05968515945440684	0.05968515945440684	0.1204357107649553	0.059161805497582765	0.08952773918161026
UP000001686	0.01630851083295072	0.016464827932036297	0.03277333876498702	0.03277333876498702	0.03277333876498702	0.032462188641570085	0.03277333876498702	0.032462188641570085	0.032462188641570085	0.03277333876498702	0.032462188641570085	0.048615866450189456	0.06617494252554197	0.06617494252554197	0.06617494252554197	0.06554667752997403	0.06554667752997403	0.09800886617154414	0.09894828129052899	0.09832001629496107
UP000002698	0.010378792367937399	0.018955451070394015	0.029334243438331416	0.029334243438331416	0.029334243438331416	0.016061555105512104	0.029334243438331416	0.016061555105512104	0.016061555105512104	0.029334243438331416	0.016061555105512104	0.0217443178430868	0.10715000290401255	0.10715000290401255	0.10715000290401255	0.05866848687666283	0.05866848687666283	0.07473004198217494	0.13648424634234396	0.08800273031499424
UP000001975	0.016872638453626628	0.015964020328743455	0.03283665878237008	0.03283665878237008	0.03283665878237008	0.03470561050730278	0.03283665878237008	0.03470561050730278	0.03470561050730278	0.03283665878237008	0.03470561050730278	0.05253858256097892	0.06213670609614645	0.06213670609614645	0.06213670609614645	0.06567331756474017	0.06567331756474017	0.10037892807204296	0.09497336487851653	0.09850997634711024
UP000001013	0.01883855263814358	0.013506398602920548	0.03234495124106413	0.03234495124106413	0.03234495124106413	0.04511432576861871	0.03234495124106413	0.04511432576861871	0.04511432576861871	0.03234495124106413	0.04511432576861871	0.07139009889909383	0.04637976310019663	0.04637976310019663	0.04637976310019663	0.06468990248212826	0.06468990248212826	0.10980422825074698	0.07872471434126076	0.0970348537231924
UP000000590	0.019882811078342718	0.010824061704121684	0.030706872782464402	0.030706872782464402	0.030706872782464402	0.05640571598995571	0.030706872782464402	0.05640571598995571	0.05640571598995571	0.030706872782464402	0.05640571598995571	0.0929286209015687	0.03343320865730557	0.03343320865730557	0.03343320865730557	0.061413745564928804	0.061413745564928804	0.11781946155488451	0.06414008143976997	0.09212061834739321
UP000001974	0.01983290888117897	0.011054448368532407	0.030887357249711377	0.030887357249711377	0.030887357249711377	0.05541535149395027	0.030887357249711377	0.05541535149395027	0.05541535149395027	0.030887357249711377	0.05541535149395027	0.09099779410672157	0.03443193310703624	0.03443193310703624	0.03443193310703624	0.061774714499422755	0.061774714499422755	0.11719006599337302	0.0653192903567476	0.09266207174913414
UP000001018	0.019752508743499115	0.011370091039243527	0.031122599782742646	0.031122599782742646	0.031122599782742646	0.05406723853021569	0.031122599782742646	0.05406723853021569	0.05406723853021569	0.031122599782742646	0.05406723853021569	0.08838196831693226	0.035830060627026754	0.035830060627026754	0.035830060627026754	0.06224519956548529	0.06224519956548529	0.11631243809570097	0.0669526604097694	0.09336779934822792
UP000001137	0.017761668663589112	0.015024488098535118	0.03278615676212423	0.03278615676212423	0.03278615676212423	0.03875918096791064	0.03278615676212423	0.03875918096791064	0.03875918096791064	0.03278615676212423	0.03875918096791064	0.05975669327223215	0.05546722342355677	0.05546722342355677	0.05546722342355677	0.06557231352424846	0.06557231352424846	0.10433149449215909	0.08825338018568099	0.09835847028637268
UP000000554	0.00918937138873265	0.018935838620747374	0.028125210009480022	0.028125210009480022	0.028125210009480022	0.013648880587735598	0.028125210009480022	0.013648880587735598	0.013648880587735598	0.028125210009480022	0.013648880587735598	0.01810838978673855	0.11591096178072575	0.11591096178072575	0.11591096178072575	0.056250420018960044	0.056250420018960044	0.06989930060669564	0.1440361717902058	0.08437563002844008
UP000000365	0.015466903338107798	0.017104323110937073	0.03257122644904487	0.03257122644904487	0.03257122644904487	0.029453139292537452	0.03257122644904487	0.029453139292537452	0.029453139292537452	0.03257122644904487	0.029453139292537452	0.04343937524696711	0.07203882627640693	0.07203882627640693	0.07203882627640693	0.06514245289808974	0.06514245289808974	0.0945955921906272	0.10461005272545179	0.09771367934713461
UP000008243	0.01019783488640765	0.0189639889416079	0.02916182382801555	0.02916182382801555	0.02916182382801555	0.015681693619433015	0.02916182382801555	0.015681693619433015	0.015681693619433015	0.02916182382801555	0.015681693619433015	0.02116555235245838	0.10845919957553196	0.10845919957553196	0.10845919957553196	0.0583236476560311	0.0583236476560311	0.07400534127546411	0.1376210234035475	0.08748547148404666
UP000000805	0.020021239747491416	0.009251391657388438	0.029272631404879856	0.029272631404879856	0.029272631404879856	0.06334986055087068	0.029272631404879856	0.06334986055087068	0.06334986055087068	0.029272631404879856	0.06334986055087068	0.10667848135424994	0.027052528353329774	0.027052528353329774	0.027052528353329774	0.05854526280975971	0.05854526280975971	0.1218951233606304	0.056325159758209634	0.08781789421463956
UP000001400	0.01888389062722254	0.013427966008954184	0.03231185663617673	0.03231185663617673	0.03231185663617673	0.04544050575293187	0.03231185663617673	0.04544050575293187	0.04544050575293187	0.03231185663617673	0.04544050575293187	0.07199712087864119	0.04595266104446799	0.04595266104446799	0.04595266104446799	0.06462371327235346	0.06462371327235346	0.1100642190252853	0.07826451768064471	0.09693556990853018
UP000002408	0.013526369846061405	0.01818419898784608	0.031710568833907486	0.031710568833907486	0.031710568833907486	0.02358799979933718	0.031710568833907486	0.02358799979933718	0.02358799979933718	0.031710568833907486	0.02358799979933718	0.03364962975261296	0.08526031747704534	0.08526031747704534	0.08526031747704534	0.06342113766781497	0.06342113766781497	0.08700913746715216	0.11697088631095283	0.09513170650172245
UP000000254	0.019622291697799617	0.011795180447385959	0.031417472145185574	0.031417472145185574	0.031417472145185574	0.052265652534120424	0.031417472145185574	0.052265652534120424	0.052265652534120424	0.031417472145185574	0.052265652534120424	0.08490901337044122	0.037770792408996855	0.037770792408996855	0.037770792408996855	0.06283494429037115	0.06283494429037115	0.11510059682449156	0.06918826455418244	0.09425241643555671
UP000000663	0.01319264624821312	0.01832137651961814	0.03151402276783126	0.03151402276783126	0.03151402276783126	0.022692255343857604	0.03151402276783126	0.022692255343857604	0.022692255343857604	0.03151402276783126	0.022692255343857604	0.03219186443950208	0.08753062363897743	0.08753062363897743	0.08753062363897743	0.06302804553566252	0.06302804553566252	0.08572030087952012	0.11904464640680869	0.09454206830349378
UP000002613	0.017977077372000157	0.0147617870188222	0.03273886439082236	0.03273886439082236	0.03273886439082236	0.0398697730481274	0.03273886439082236	0.0398697730481274	0.0398697730481274	0.03273886439082236	0.0398697730481274	0.06176246872425464	0.0537667089454876	0.0537667089454876	0.0537667089454876	0.06547772878164472	0.06547772878164472	0.10534750182977211	0.08650557333630995	0.09821659317246706
UP000002487	0.017003685389952325	0.015838095226163314	0.03284178061611563	0.03284178061611563	0.03284178061611563	0.03525874148804077	0.03284178061611563	0.03525874148804077	0.03525874148804077	0.03284178061611563	0.03525874148804077	0.05351379758612922	0.06118100127895419	0.06118100127895419	0.06118100127895419	0.06568356123223126	0.06568356123223126	0.10094230272027203	0.09402278189506982	0.09852534184834692
UP000007722	0.020023146233564455	0.009522638983382499	0.02954578521694695	0.02954578521694695	0.02954578521694695	0.062125591342566684	0.02954578521694695	0.062125591342566684	0.062125591342566684	0.02954578521694695	0.062125591342566684	0.1042280364515689	0.02810286084111165	0.02810286084111165	0.02810286084111165	0.0590915704338939	0.0590915704338939	0.12121716177646058	0.0576486460580586	0.08863735565084085
UP000002071	0.01095711031469572	0.018901453056398305	0.029858563371094025	0.029858563371094025	0.029858563371094025	0.017308911210117916	0.029858563371094025	0.017308911210117916	0.017308911210117916	0.029858563371094025	0.017308911210117916	0.02366071210554011	0.10301442947659148	0.10301442947659148	0.10301442947659148	0.05971712674218805	0.05971712674218805	0.07702603795230598	0.1328729928476855	0.08957569011328206
UP000002376	0.017140227001356895	0.015702661508453744	0.032842888509810646	0.032842888509810646	0.032842888509810646	0.03584962741095494	0.032842888509810646	0.03584962741095494	0.03584962741095494	0.032842888509810646	0.03584962741095494	0.054559027820552976	0.060176654741925496	0.060176654741925496	0.060176654741925496	0.06568577701962129	0.06568577701962129	0.10153540443057621	0.09301954325173613	0.0985286655294319
UP000001941	0.01668023956076367	0.016142084944010534	0.0328223245047742	0.0328223245047742	0.0328223245047742	0.033916575063241736	0.0328223245047742	0.033916575063241736	0.033916575063241736	0.0328223245047742	0.033916575063241736	0.05115291056571981	0.06352675551042108	0.06352675551042108	0.06352675551042108	0.0656446490095484	0.0656446490095484	0.09956122407279015	0.09634908001519528	0.0984669735143226
UP000000391	0.019501251216269912	0.012131830947273253	0.031633082163543165	0.031633082163543165	0.031633082163543165	0.05084844033000748	0.031633082163543165	0.05084844033000748	0.05084844033000748	0.031633082163543165	0.05084844033000748	0.08219562944374506	0.039358213572381784	0.039358213572381784	0.039358213572381784	0.06326616432708633	0.06326616432708633	0.1141146046570938	0.07099129573592494	0.0948992464906295
UP000009079	0.019182659707833147	0.012863857732655684	0.03204651744048883	0.03204651744048883	0.03204651744048883	0.04778795378943666	0.03204651744048883	0.04778795378943666	0.04778795378943666	0.03204651744048883	0.04778795378943666	0.07639324787104017	0.042980676033488784	0.042980676033488784	0.042980676033488784	0.06409303488097766	0.06409303488097766	0.11188098867041432	0.07502719347397763	0.0961395523214665
UP000000242	0.01745676862042608	0.015370744860309114	0.0328275134807352	0.0328275134807352	0.0328275134807352	0.03728266342491275	0.0328275134807352	0.03728266342491275	0.03728266342491275	0.0328275134807352	0.03728266342491275	0.05710855822939941	0.05780947723856845	0.05780947723856845	0.05780947723856845	0.0656550269614704	0.0656550269614704	0.10293769038638312	0.09063699071930365	0.09848254044220557
UP000002654	0.011472483581851215	0.018819687267996908	0.030292170849848126	0.030292170849848126	0.030292170849848126	0.01846611092865965	0.030292170849848126	0.01846611092865965	0.01846611092865965	0.030292170849848126	0.01846611092865965	0.02545973827546809	0.09938374337091592	0.09938374337091592	0.09938374337091592	0.06058434169969625	0.06058434169969625	0.0790504526283559	0.12967591422076405	0.09087651254954437
UP000002593	0.01527233530452865	0.01723602037685888	0.032508355681387525	0.032508355681387525	0.032508355681387525	0.02880470649893188	0.032508355681387525	0.02880470649893188	0.02880470649893188	0.032508355681387525	0.02880470649893188	0.042337077693335105	0.07337642472745126	0.07337642472745126	0.07337642472745126	0.06501671136277505	0.06501671136277505	0.09382141786170693	0.10588478040883881	0.09752506704416258
UP000001746	0.010157980288325607	0.018965326079139536	0.029123306367465147	0.029123306367465147	0.029123306367465147	0.015598675750530552	0.029123306367465147	0.015598675750530552	0.015598675750530552	0.029123306367465147	0.015598675750530552	0.021039371212735497	0.10874858703879235	0.10874858703879235	0.10874858703879235	0.05824661273493029	0.05824661273493029	0.07384528848546085	0.13787189340625747	0.08736991910239542
UP000001059	0.018353985549791556	0.01425900558632633	0.03261299113611789	0.03261299113611789	0.03261299113611789	0.04197897002170995	0.03261299113611789	0.04197897002170995	0.04197897002170995	0.03261299113611789	0.04197897002170995	0.06560395449362835	0.05067333430498394	0.05067333430498394	0.05067333430498394	0.06522598227223578	0.06522598227223578	0.10720495229394572	0.08328632544110182	0.09783897340835364
UP000000262	0.013766014976815935	0.018077335776542122	0.03184335075335806	0.03184335075335806	0.03184335075335806	0.024248929643247454	0.03184335075335806	0.024248929643247454	0.024248929643247454	0.03184335075335806	0.024248929643247454	0.034731844309678975	0.08363247385508872	0.08363247385508872	0.08363247385508872	0.06368670150671613	0.06368670150671613	0.08793563114996357	0.11547582460844678	0.09553005226007417
UP000001879	0.012728403897217713	0.018490069587537305	0.031218473484755017	0.031218473484755017	0.031218473484755017	0.021490526992736337	0.031218473484755017	0.021490526992736337	0.021490526992736337	0.031218473484755017	0.021490526992736337	0.030252650088254954	0.09069978479799574	0.09069978479799574	0.09069978479799574	0.062436946969510035	0.062436946969510035	0.08392747396224637	0.12191825828275075	0.09365542045426505
UP000000740	0.009099595571643058	0.018926898741531663	0.02802649431317472	0.02802649431317472	0.02802649431317472	0.013474461242888529	0.02802649431317472	0.013474461242888529	0.013474461242888529	0.02802649431317472	0.013474461242888529	0.017849326914134	0.11658861446515695	0.11658861446515695	0.11658861446515695	0.05605298862634944	0.05605298862634944	0.06952744986923796	0.14461510877833164	0.08407948293952416
UP000008680	0.019722455896462394	0.01147588116203374	0.031198337058496135	0.031198337058496135	0.031198337058496135	0.05361747982497531	0.031198337058496135	0.05361747982497531	0.05361747982497531	0.031198337058496135	0.05361747982497531	0.08751250375348822	0.03630667604642424	0.03630667604642424	0.03630667604642424	0.06239667411699227	0.06239667411699227	0.11601415394196758	0.06750501310492038	0.09359501117548841
UP000000792	0.019874203798286725	0.01086637048894514	0.030740574287231863	0.030740574287231863	0.030740574287231863	0.056223413225451914	0.030740574287231863	0.056223413225451914	0.056223413225451914	0.030740574287231863	0.056223413225451914	0.0925726226526171	0.03361528065610339	0.03361528065610339	0.03361528065610339	0.061481148574463726	0.061481148574463726	0.11770456179991565	0.06435585494333525	0.0922217228616956
UP000002457	0.01321906179499241	0.01831100697921456	0.03153006877420697	0.03153006877420697	0.03153006877420697	0.022762152185279806	0.03153006877420697	0.022762152185279806	0.022762152185279806	0.03153006877420697	0.022762152185279806	0.0323052425755672	0.08735072402768058	0.08735072402768058	0.08735072402768058	0.06306013754841394	0.06306013754841394	0.08582228973369374	0.11888079280188757	0.0945902063226209
UP000000758	0.01277490218998825	0.018474322360576344	0.031249224550564593	0.031249224550564593	0.031249224550564593	0.021608683628815288	0.031249224550564593	0.021608683628815288	0.021608683628815288	0.031249224550564593	0.021608683628815288	0.030442465067642328	0.09038163099481196	0.09038163099481196	0.09038163099481196	0.062498449101129186	0.062498449101129186	0.08410713272994447	0.12163085554537656	0.09374767365169377
UP000006565	0.017051542746354016	0.015791128504364225	0.03284267125071824	0.03284267125071824	0.03284267125071824	0.03546410331480115	0.03284267125071824	0.03546410331480115	0.03546410331480115	0.03284267125071824	0.03546410331480115	0.053876663883248285	0.06083001988281358	0.06083001988281358	0.06083001988281358	0.06568534250143648	0.06568534250143648	0.10114944581623764	0.09367269113353181	0.09852801375215471
UP000001169	0.010866767847002185	0.018912540719871564	0.02977930856687375	0.02977930856687375	0.02977930856687375	0.017110595431551197	0.02977930856687375	0.017110595431551197	0.017110595431551197	0.02977930856687375	0.017110595431551197	0.02335442301610021	0.10365591568904095	0.10365591568904095	0.10365591568904095	0.0595586171337475	0.0595586171337475	0.07666921256529868	0.1334352242559147	0.08933792570062124
UP000006681	0.018125014666784827	0.014571518640606409	0.03269653330739124	0.03269653330739124	0.03269653330739124	0.040670101748902	0.03269653330739124	0.040670101748902	0.040670101748902	0.03269653330739124	0.040670101748902	0.06321518883101918	0.052572442376552786	0.052572442376552786	0.052572442376552786	0.06539306661478247	0.06539306661478247	0.10606316836368448	0.08526897568394404	0.09808959992217371
UP000009227	0.0195340158509718	0.012044936291493795	0.031578952142465595	0.031578952142465595	0.031578952142465595	0.05121353378544938	0.031578952142465595	0.05121353378544938	0.05121353378544938	0.031578952142465595	0.05121353378544938	0.08289305171992696	0.03894401126834415	0.03894401126834415	0.03894401126834415	0.06315790428493119	0.06315790428493119	0.11437143807038055	0.07052296341080974	0.09473685642739678
UP000000346	0.01177948726675062	0.018756131541705582	0.030535618808456202	0.030535618808456202	0.030535618808456202	0.019177405113456135	0.030535618808456202	0.019177405113456135	0.019177405113456135	0.030535618808456202	0.019177405113456135	0.026575322960161653	0.09724193763431463	0.09724193763431463	0.09724193763431463	0.061071237616912404	0.061071237616912404	0.08024864273036854	0.12777755644277083	0.0916068564253686
UP000005877	0.011599866290398287	0.018794656063062815	0.0303945223534611	0.0303945223534611	0.0303945223534611	0.018759183146404155	0.0303945223534611	0.018759183146404155	0.018759183146404155	0.0303945223534611	0.018759183146404155	0.02591850000241003	0.09849330665254791	0.09849330665254791	0.09849330665254791	0.0607890447069222	0.0607890447069222	0.07954822785332637	0.128887829006009	0.09118356706038332
UP000001304	0.01994886204789408	0.010443862247456992	0.030392724295351066	0.030392724295351066	0.030392724295351066	0.05805326131865319	0.030392724295351066	0.05805326131865319	0.05805326131865319	0.030392724295351066	0.05805326131865319	0.09615766058941229	0.03182311102292619	0.03182311102292619	0.03182311102292619	0.06078544859070213	0.06078544859070213	0.11883870990935534	0.062215835318277256	0.09117817288605322
UP000002315	0.020022822862936884	0.009544317509349141	0.029567140372286027	0.029567140372286027	0.029567140372286027	0.06202828160923624	0.029567140372286027	0.06202828160923624	0.06202828160923624	0.029567140372286027	0.06202828160923624	0.1040337403555356	0.0281876514104267	0.0281876514104267	0.0281876514104267	0.059134280744572054	0.059134280744572054	0.1211625623538083	0.057754791782712735	0.0887014211168581
UP000012076	0.012879469934994978	0.018437978012203343	0.03131744794719832	0.03131744794719832	0.03131744794719832	0.021876158492528237	0.03131744794719832	0.021876158492528237	0.021876158492528237	0.03131744794719832	0.021876158492528237	0.03087284705006149	0.08966679833303101	0.08966679833303101	0.08966679833303101	0.06263489589439664	0.06263489589439664	0.0845110543869249	0.12098424628022932	0.09395234384159498
UP000006663	0.0131656331619384	0.01833189427611676	0.03149752743805516	0.03149752743805516	0.03149752743805516	0.02262095152369416	0.03149752743805516	0.02262095152369416	0.02262095152369416	0.03149752743805516	0.02262095152369416	0.03207626988544992	0.08771463337179917	0.08771463337179917	0.08771463337179917	0.06299505487611032	0.06299505487611032	0.08561600639980448	0.11921216080985432	0.09449258231416549
UP000014070	0.0193364746543709	0.012532257361270905	0.031868732015641804	0.031868732015641804	0.031868732015641804	0.049171423082306064	0.031868732015641804	0.049171423082306064	0.049171423082306064	0.031868732015641804	0.049171423082306064	0.07900637151024123	0.04130920020698991	0.04130920020698991	0.04130920020698991	0.06373746403128361	0.06373746403128361	0.11290888711358966	0.07317793222263173	0.09560619604692541
UP000001901	0.018099816766725733	0.014604534996818595	0.03270435176354433	0.03270435176354433	0.03270435176354433	0.040531435922036736	0.03270435176354433	0.040531435922036736	0.040531435922036736	0.03270435176354433	0.040531435922036736	0.06296305507734774	0.05277753427393984	0.05277753427393984	0.05277753427393984	0.06540870352708866	0.06540870352708866	0.1059401394491254	0.08548188603748418	0.09811305529063298
UP000006794	0.008681032991420892	0.018870684877962483	0.027551717869383374	0.027551717869383374	0.027551717869383374	0.012674546437567463	0.027551717869383374	0.012674546437567463	0.012674546437567463	0.027551717869383374	0.012674546437567463	0.016668059883714035	0.11978293050457865	0.11978293050457865	0.11978293050457865	0.05510343573876675	0.05510343573876675	0.06777798217633421	0.14733464837396204	0.08265515360815014
UP000011511	0.015834587990958816	0.01683944413777503	0.03267403212873385	0.03267403212873385	0.03267403212873385	0.030724282377067348	0.03267403212873385	0.030724282377067348	0.030724282377067348	0.03267403212873385	0.030724282377067348	0.045613976763175884	0.06949502432293646	0.06949502432293646	0.06949502432293646	0.0653480642574677	0.0653480642574677	0.09607234663453502	0.10216905645167029	0.09802209638620153
UP000007807	0.015013813146027642	0.01740237432835022	0.03241618747437786	0.03241618747437786	0.03241618747437786	0.027966906840639728	0.03241618747437786	0.027966906840639728	0.027966906840639728	0.03241618747437786	0.027966906840639728	0.04092000053525181	0.07514661641787596	0.07514661641787596	0.07514661641787596	0.06483237494875572	0.06483237494875572	0.09279928178939546	0.10756280389225382	0.09724856242313361
UP000007490	0.019250403351588882	0.012722005693223952	0.031972409044812834	0.031972409044812834	0.031972409044812834	0.04837930315991417	0.031972409044812834	0.04837930315991417	0.04837930315991417	0.031972409044812834	0.04837930315991417	0.07750820296823946	0.04225918412879608	0.04225918412879608	0.04225918412879608	0.06394481808962567	0.06394481808962567	0.11232412124953983	0.07423159317360892	0.0959172271344385
UP000058290	0.013653618654902923	0.018128334012392115	0.031781952667295034	0.031781952667295034	0.031781952667295034	0.023937040300051327	0.031781952667295034	0.023937040300051327	0.023937040300051327	0.031781952667295034	0.023937040300051327	0.03422046194519973	0.08439577346945572	0.08439577346945572	0.08439577346945572	0.06356390533459007	0.06356390533459007	0.0875009456346414	0.11617772613675077	0.09534585800188511
UP000006622	0.018746757680681084	0.01366041206993801	0.032407169750619094	0.032407169750619094	0.032407169750619094	0.04447372124070274	0.032407169750619094	0.04447372124070274	0.04447372124070274	0.032407169750619094	0.04447372124070274	0.07020068480072439	0.047228998246464086	0.047228998246464086	0.047228998246464086	0.06481433950123819	0.06481433950123819	0.10928806074194092	0.0796361679970832	0.09722150925185728
UP000012672	0.013674649135594463	0.01811891010466267	0.03179355924025713	0.03179355924025713	0.03179355924025713	0.02399513904925066	0.03179355924025713	0.02399513904925066	0.02399513904925066	0.03179355924025713	0.02399513904925066	0.03431562896290686	0.08425293198668142	0.08425293198668142	0.08425293198668142	0.06358711848051427	0.06358711848051427	0.08758225752976494	0.11604649122693855	0.0953806777207714
