Proteome_ID	M	W	C	D	E	F	H	K	N	Q	Y	I	A	G	P	T	V	L	R	S
UP000000242	0.01756520418338115	0.015250790388882053	0.0328159945722632	0.0328159945722632	0.0328159945722632	0.037796050594383956	0.0328159945722632	0.037796050594383956	0.037796050594383956	0.0328159945722632	0.037796050594383956	0.05802689700538677	0.07223502460550262	0.056984234216620556	0.056984234216620556	0.0656319891445264	0.0656319891445264	0.08817724935002831	0.08980022878888376	0.0984479837167896
UP000000254	0.019820436795831436	0.011107209058588162	0.030927645854419598	0.030927645854419598	0.030927645854419598	0.05518933214166945	0.030927645854419598	0.05518933214166945	0.05518933214166945	0.030927645854419598	0.05518933214166945	0.09055822748750746	0.04577040359194615	0.034663194533358	0.034663194533358	0.061855291708839195	0.061855291708839195	0.10593741479192048	0.0655908403877776	0.09278293756325878
UP000000262	0.013977715679252253	0.017977021077808367	0.03195473675706062	0.03195473675706062	0.03195473675706062	0.02484584198140116	0.03195473675706062	0.02484584198140116	0.02484584198140116	0.03195473675706062	0.02484584198140116	0.03571396828355006	0.10017227950192693	0.08219525842411857	0.08219525842411857	0.06390947351412124	0.06390947351412124	0.07077829441771404	0.11414999518117919	0.09586421027118185
UP000000346	0.01356443754640574	0.018167693962163993	0.03173213150856973	0.03173213150856973	0.03173213150856973	0.02369197306816911	0.03173213150856973	0.02369197306816911	0.02369197306816911	0.03173213150856973	0.02369197306816911	0.03381950858993248	0.10316932444519054	0.08500163048302654	0.08500163048302654	0.06346426301713946	0.06346426301713946	0.06898854212314458	0.11673376199159628	0.0951963945257092
UP000000365	0.016088044704878745	0.016643972300093565	0.03273201700497231	0.03273201700497231	0.03273201700497231	0.03163873042818544	0.03273201700497231	0.03163873042818544	0.03163873042818544	0.03273201700497231	0.03163873042818544	0.047189416151492136	0.08437013720709947	0.0677261649070059	0.0677261649070059	0.06546403400994462	0.06546403400994462	0.0804587921380365	0.10045818191197822	0.09819605101491694
UP000000391	0.019681579308070032	0.011611724227732614	0.03129330353580265	0.03129330353580265	0.03129330353580265	0.05304135917045227	0.03129330353580265	0.05304135917045227	0.05304135917045227	0.03129330353580265	0.05304135917045227	0.0864011390328345	0.04853652636324803	0.036924802135515425	0.036924802135515425	0.0625866070716053	0.0625866070716053	0.10401624201432495	0.06821810567131806	0.09387991060740794
UP000000536	0.015513520505694482	0.017071916651822523	0.03258543715751701	0.03258543715751701	0.03258543715751701	0.029610901800893714	0.03258543715751701	0.029610901800893714	0.029610901800893714	0.03258543715751701	0.029610901800893714	0.043708283096092954	0.08878946999661409	0.07171755334479157	0.07171755334479157	0.06517087431503402	0.06517087431503402	0.0777098594641052	0.10430299050230858	0.09775631147255102
UP000000554	0.009485571989061794	0.018957724377172004	0.0284432963662338	0.0284432963662338	0.0284432963662338	0.014231715258663215	0.0284432963662338	0.014231715258663215	0.014231715258663215	0.0284432963662338	0.014231715258663215	0.018977858528264637	0.13265043020684167	0.11369270582966964	0.11369270582966964	0.0568865927324676	0.0568865927324676	0.052160583613958804	0.14213600219590344	0.0853298890987014
UP000000578	0.02001143156043082	0.00903041500534499	0.029041846565775808	0.029041846565775808	0.029041846565775808	0.06435683460788555	0.029041846565775808	0.06435683460788555	0.06435683460788555	0.029041846565775808	0.06435683460788555	0.10870223765534026	0.03524142606854977	0.02621101106320478	0.02621101106320478	0.058083693131551616	0.058083693131551616	0.11341011273409216	0.055252857628980585	0.08712553969732742
UP000000590	0.019983746314006214	0.010170023131576136	0.03015376944558235	0.03015376944558235	0.03015376944558235	0.05925112177381662	0.03015376944558235	0.05925112177381662	0.05925112177381662	0.03015376944558235	0.05925112177381662	0.09851849723362703	0.04086141882356919	0.030691395691993053	0.030691395691993053	0.0603075388911647	0.0603075388911647	0.10938863753340519	0.0608451651375754	0.09046130833674706
UP000000641	0.013352616974437835	0.018257297219380447	0.03160991419381828	0.03160991419381828	0.03160991419381828	0.02311815772911125	0.03160991419381828	0.02311815772911125	0.02311815772911125	0.03160991419381828	0.02311815772911125	0.03288369848378467	0.10469901866177211	0.08644172144239166	0.08644172144239166	0.06321982838763655	0.06321982838763655	0.06808068889736738	0.11805163563620993	0.09482974258145484
UP000000663	0.014151716170644188	0.017890349604191304	0.03204206577483549	0.03204206577483549	0.03204206577483549	0.02534607933320381	0.03204206577483549	0.02534607933320381	0.02534607933320381	0.03204206577483549	0.02534607933320381	0.03654044249576344	0.09890437671440372	0.08101402711021241	0.08101402711021241	0.06408413154967098	0.06408413154967098	0.07153986127868349	0.1130560928850479	0.09612619732450649
UP000000674	0.014646288048063397	0.01762262127310928	0.03226890932117268	0.03226890932117268	0.03226890932117268	0.026818924017615535	0.03226890932117268	0.026818924017615535	0.026818924017615535	0.03226890932117268	0.026818924017615535	0.03899155998716767	0.09527543896960723	0.07765281769649796	0.07765281769649796	0.06453781864234535	0.06453781864234535	0.07373412138685162	0.10992172701767063	0.09680672796351802
UP000000740	0.010279507135345622	0.01896063486154406	0.02924014199688968	0.02924014199688968	0.02924014199688968	0.01585254135689154	0.02924014199688968	0.01585254135689154	0.01585254135689154	0.02924014199688968	0.01585254135689154	0.02142557557843746	0.12682799628326152	0.10786736142171748	0.10786736142171748	0.05848028399377936	0.05848028399377936	0.055372190489126845	0.13710750341860714	0.08772042599066905
UP000000758	0.013684616848854586	0.018114424502501402	0.031799041351355986	0.031799041351355986	0.031799041351355986	0.02402271719943956	0.031799041351355986	0.02402271719943956	0.02402271719943956	0.031799041351355986	0.02402271719943956	0.03436081755002453	0.10229965821027187	0.08418523370777047	0.08418523370777047	0.06359808270271197	0.06359808270271197	0.06950637539965013	0.11598427505912647	0.09539712405406797
UP000000792	0.01995245883864551	0.010419077420767524	0.03037153625941303	0.03037153625941303	0.03037153625941303	0.05816127499681522	0.03037153625941303	0.05816127499681522	0.05816127499681522	0.03037153625941303	0.05816127499681522	0.09637009115498492	0.04213881584835018	0.03171973842758265	0.03171973842758265	0.06074307251882606	0.06074307251882606	0.10848527009487374	0.06209127468699568	0.0911146087782391
UP000000805	0.020021239747491412	0.009251391657388435	0.02927263140487985	0.02927263140487985	0.02927263140487985	0.06334986055087068	0.02927263140487985	0.06334986055087068	0.06334986055087068	0.02927263140487985	0.06334986055087068	0.10667848135424995	0.0363039200107182	0.027052528353329764	0.027052528353329764	0.0585452628097597	0.0585452628097597	0.11264373170324195	0.05632515975820961	0.08781789421463955
UP000001013	0.01903881757160833	0.013146646431919224	0.03218546400352755	0.03218546400352755	0.03218546400352755	0.046610607563990866	0.03218546400352755	0.046610607563990866	0.046610607563990866	0.03218546400352755	0.046610607563990866	0.07418239755637342	0.05759593157372707	0.04444928514180784	0.04444928514180784	0.0643709280070551	0.0643709280070551	0.09783488913912675	0.0766347491453354	0.09655639201058265
UP000001015	0.02000321351712395	0.009960051502517659	0.029963265019641607	0.029963265019641607	0.029963265019641607	0.06017655508172404	0.029963265019641607	0.06017655508172404	0.06017655508172404	0.029963265019641607	0.06017655508172404	0.10034989664632411	0.03979882341021514	0.029838771907697473	0.029838771907697473	0.059926530039283214	0.059926530039283214	0.11014303361848961	0.05980203692733908	0.08988979505892483
UP000001018	0.019693387069444766	0.011573350114550391	0.03126673718399516	0.03126673718399516	0.03126673718399516	0.05320395146336063	0.03126673718399516	0.05320395146336063	0.05320395146336063	0.03126673718399516	0.05320395146336063	0.08671451585727648	0.04832283308504986	0.036749482970499465	0.036749482970499465	0.06253347436799032	0.06253347436799032	0.10416407571680054	0.06801622015449463	0.09380021155198548
UP000001024	0.017495063119429787	0.015328766908018054	0.03282383002744784	0.03282383002744784	0.03282383002744784	0.03746256835905423	0.03282383002744784	0.03746256835905423	0.03746256835905423	0.03282383002744784	0.03746256835905423	0.05743007359867867	0.07284771794973924	0.057518951041721174	0.057518951041721174	0.06564766005489568	0.06564766005489568	0.08778146150593186	0.09034278106916901	0.09847149008234353
UP000001059	0.01853649739991232	0.013991862667493657	0.032528360067405976	0.032528360067405976	0.032528360067405976	0.04309375214307262	0.032528360067405976	0.04309375214307262	0.04309375214307262	0.032528360067405976	0.04309375214307262	0.06765100688623292	0.06309848049747076	0.04910661782997709	0.04910661782997709	0.06505672013481195	0.06505672013481195	0.09415860961039091	0.08163497789738307	0.09758508020221791
UP000001137	0.018396040113826194	0.014198972971466932	0.032595013085293126	0.032595013085293126	0.032595013085293126	0.04222975629523956	0.032595013085293126	0.04222975629523956	0.04222975629523956	0.032595013085293126	0.04222975629523956	0.06606347247665292	0.06451585714208173	0.0503168841706148	0.0503168841706148	0.06519002617058625	0.06519002617058625	0.09322080949435887	0.08291189725590793	0.09778503925587939
UP000001169	0.011699132785089375	0.018773832144506657	0.03047296492959603	0.03047296492959603	0.03047296492959603	0.01898958402965332	0.03047296492959603	0.01898958402965332	0.01898958402965332	0.03047296492959603	0.01898958402965332	0.02628003527421726	0.11657498357050158	0.09780115142599494	0.09780115142599494	0.06094592985919206	0.06094592985919206	0.061161681744338725	0.12827411635559097	0.09141889478878809
UP000001304	0.019831001224912204	0.011062625980323572	0.03089362720523578	0.03089362720523578	0.03089362720523578	0.055380301208655	0.03089362720523578	0.055380301208655	0.055380301208655	0.03089362720523578	0.055380301208655	0.09092960119239779	0.04553034035046229	0.034467714370138715	0.034467714370138715	0.06178725441047156	0.06178725441047156	0.10610492963880297	0.06536134157537449	0.09268088161570733
UP000001400	0.019341041681657494	0.012521859805043948	0.03186290148670144	0.03186290148670144	0.03186290148670144	0.04921487026269068	0.03186290148670144	0.04921487026269068	0.04921487026269068	0.03186290148670144	0.04921487026269068	0.07908869884372388	0.05377949131894384	0.04125763151389989	0.04125763151389989	0.06372580297340288	0.06372580297340288	0.10041881343104964	0.07312053300060133	0.09558870446010434
UP000001686	0.016587341380128923	0.016225293084639835	0.03281263446476876	0.03281263446476876	0.03281263446476876	0.03354480973682732	0.03281263446476876	0.03354480973682732	0.03354480973682732	0.03281263446476876	0.03354480973682732	0.05050227809352572	0.08041817353114925	0.0641928804465094	0.0641928804465094	0.06562526892953752	0.06562526892953752	0.08294478558172501	0.09700551491127818	0.09843790339430629
UP000001746	0.009746927171811944	0.01896751785210973	0.028714445023921672	0.028714445023921672	0.028714445023921672	0.014755626255864157	0.028714445023921672	0.014755626255864157	0.014755626255864157	0.028714445023921672	0.014755626255864157	0.019764325339916365	0.13072412360161373	0.111756605749504	0.111756605749504	0.057428890047843344	0.057428890047843344	0.053216998451597775	0.14047105077342567	0.08614333507176501
UP000001826	0.01204189312642232	0.018693076653121542	0.03073496977954386	0.03073496977954386	0.03073496977954386	0.019799160309294673	0.03073496977954386	0.019799160309294673	0.019799160309294673	0.03073496977954386	0.019799160309294673	0.027556427492167027	0.11411514027528598	0.09542206362216443	0.09542206362216443	0.06146993955908772	0.06146993955908772	0.06257602321526086	0.1261570334017083	0.09220490933863158
UP000001879	0.011767575657992435	0.018758803088731	0.030526378746723436	0.030526378746723436	0.030526378746723436	0.01914948783072391	0.030526378746723436	0.01914948783072391	0.01914948783072391	0.030526378746723436	0.01914948783072391	0.026531400003455385	0.11608357831256852	0.09732477522383752	0.09732477522383752	0.06105275749344687	0.06105275749344687	0.06144344223543979	0.12785115397056096	0.09157913624017029
UP000001901	0.01880367076917346	0.013565655197365993	0.03236932596653945	0.03236932596653945	0.03236932596653945	0.044867876976045176	0.03236932596653945	0.044867876976045176	0.044867876976045176	0.03236932596653945	0.044867876976045176	0.0709320831829169	0.060270484315422465	0.04670482911805647	0.04670482911805647	0.0647386519330789	0.0647386519330789	0.09604087371175808	0.07907415508459593	0.09710797789961835
UP000001931	0.019889685639387724	0.008120632830318093	0.028010318469705815	0.028010318469705815	0.028010318469705815	0.06860505094401144	0.028010318469705815	0.06860505094401144	0.06860505094401144	0.028010318469705815	0.06860505094401144	0.11732041624863516	0.030992941209321754	0.02287230837900366	0.02287230837900366	0.05602063693941163	0.05602063693941163	0.11650505505310499	0.05088262684870947	0.08403095540911745
UP000001941	0.017737255663546468	0.015053268488198405	0.03279052415174487	0.03279052415174487	0.03279052415174487	0.0386370515265288	0.03279052415174487	0.0386370515265288	0.0386370515265288	0.03279052415174487	0.0386370515265288	0.05953684738951112	0.07071064562568015	0.055657377137481735	0.055657377137481735	0.06558104830348974	0.06558104830348974	0.08916483134182013	0.0884479012892266	0.09837157245523462
UP000001974	0.019784257842428384	0.011251834139846498	0.03103609198227488	0.03103609198227488	0.03103609198227488	0.054571195999430826	0.03103609198227488	0.054571195999430826	0.054571195999430826	0.03103609198227488	0.054571195999430826	0.08935813415643327	0.04655393767235011	0.03530210353250362	0.03530210353250362	0.06207218396454976	0.06207218396454976	0.1053915458241341	0.06633819551477849	0.09310827594682464
UP000001975	0.01688531883774703	0.015952003854189364	0.0328373226919364	0.0328373226919364	0.0328373226919364	0.03475855876788265	0.0328373226919364	0.03475855876788265	0.03475855876788265	0.0328373226919364	0.03475855876788265	0.05263179869801827	0.0779965649520859	0.062044561097896515	0.062044561097896515	0.0656746453838728	0.0656746453838728	0.08448120029756608	0.09488188378983292	0.0985119680758092
UP000002071	0.010960019549887642	0.018901079823265762	0.029861099373153406	0.029861099373153406	0.029861099373153406	0.017315319334721017	0.029861099373153406	0.017315319334721017	0.017315319334721017	0.029861099373153406	0.017315319334721017	0.023670619119554395	0.12189487838236227	0.1029937985590965	0.1029937985590965	0.05972219874630681	0.05972219874630681	0.058136438257762074	0.13285489793224992	0.08958329811946023
UP000002199	0.01682345003515308	0.016010299365120637	0.03283374940027372	0.03283374940027372	0.03283374940027372	0.03450135003131967	0.03283374940027372	0.03450135003131967	0.03450135003131967	0.03283374940027372	0.03450135003131967	0.05217925002748627	0.07850380171800461	0.06249350235288397	0.06249350235288397	0.06566749880054744	0.06566749880054744	0.08415854946674646	0.09532725175315769	0.09850124820082115
UP000002315	0.020018454547420936	0.00916892918721968	0.029187383734640616	0.029187383734640616	0.029187383734640616	0.06372459670257428	0.029187383734640616	0.06372459670257428	0.06372459670257428	0.029187383734640616	0.06372459670257428	0.10743073885772765	0.03590596365600744	0.026737034468787762	0.026737034468787762	0.05837476746928123	0.05837476746928123	0.11293043498463586	0.05592441820342838	0.08756215120392186
UP000002376	0.017483095272572486	0.015341930423146664	0.03282502569571915	0.03282502569571915	0.03282502569571915	0.037406182646811476	0.03282502569571915	0.037406182646811476	0.037406182646811476	0.03282502569571915	0.037406182646811476	0.05732927002105046	0.0729517818264931	0.057609851403346436	0.057609851403346436	0.0656500513914383	0.0656500513914383	0.0877143036151031	0.09043487709906559	0.09847507708715746
UP000002408	0.014428602480410965	0.01774441903357262	0.03217302151398359	0.03217302151398359	0.03217302151398359	0.026160999531215173	0.03217302151398359	0.026160999531215173	0.026160999531215173	0.03217302151398359	0.026160999531215173	0.03789339658201938	0.09687773441811447	0.07913331538454184	0.07913331538454184	0.06434604302796718	0.06434604302796718	0.07276262352560972	0.11130633689852543	0.09651906454195075
UP000002439	0.01584714570287943	0.016830013701639467	0.0326771594045189	0.0326771594045189	0.0326771594045189	0.030768822617725112	0.0326771594045189	0.030768822617725112	0.030768822617725112	0.0326771594045189	0.030768822617725112	0.04569049953257079	0.08623772292826475	0.0694077092266253	0.0694077092266253	0.0653543188090378	0.0653543188090378	0.07929312772512345	0.10208486863114419	0.0980314782135567
UP000002457	0.01407000939720277	0.017931527018978977	0.032001536416181746	0.032001536416181746	0.032001536416181746	0.025110071084522827	0.032001536416181746	0.025110071084522827	0.025110071084522827	0.032001536416181746	0.025110071084522827	0.03615013277184288	0.09950025930563772	0.08156873228665874	0.08156873228665874	0.06400307283236349	0.06400307283236349	0.07118161689790735	0.1135702687028405	0.09600460924854524
UP000002487	0.018185273644054124	0.014491501168992064	0.03267677481304619	0.03267677481304619	0.03267677481304619	0.04100583402994072	0.03267677481304619	0.04100583402994072	0.04100583402994072	0.03267677481304619	0.04100583402994072	0.06382639441582733	0.06657051077542456	0.0520790096064325	0.0520790096064325	0.06535354962609238	0.06535354962609238	0.09186788248704102	0.08475578441947867	0.09803032443913856
UP000002518	0.013846644822302285	0.018039788343220935	0.031886433165523226	0.031886433165523226	0.031886433165523226	0.024474794620248198	0.031886433165523226	0.024474794620248198	0.024474794620248198	0.031886433165523226	0.024474794620248198	0.035102944418194115	0.10112482630126927	0.08308503795804834	0.08308503795804834	0.06377286633104645	0.06377286633104645	0.07020787260807371	0.11497147112357156	0.09565929949656968
UP000002593	0.014999396060713434	0.01741136873766266	0.03241076479837609	0.03241076479837609	0.03241076479837609	0.02792094666227446	0.03241076479837609	0.02792094666227446	0.02792094666227446	0.03241076479837609	0.02792094666227446	0.04084249726383548	0.09265650190035635	0.0752451331626937	0.0752451331626937	0.06482152959675218	0.06482152959675218	0.07533110752136397	0.1076558979610698	0.09723229439512827
UP000002613	0.018229612055271363	0.01443163924426741	0.03266125129953877	0.03266125129953877	0.03266125129953877	0.04125670898174836	0.03266125129953877	0.04125670898174836	0.04125670898174836	0.03266125129953877	0.04125670898174836	0.06428380590822537	0.06614479634187052	0.05171315709760311	0.05171315709760311	0.06532250259907754	0.06532250259907754	0.0921475723365585	0.08437440839714189	0.09798375389861631
UP000002654	0.014477308211500686	0.017717714414829222	0.03219502262632991	0.03219502262632991	0.03219502262632991	0.026306850563496284	0.03219502262632991	0.026306850563496284	0.026306850563496284	0.03219502262632991	0.026306850563496284	0.03813639291549188	0.09651996247626628	0.07880224806143706	0.07880224806143706	0.06439004525265982	0.06439004525265982	0.07297918140132686	0.11099727068776696	0.09658506787898971
UP000002698	0.010833354597450212	0.018916394395117254	0.029749748992567465	0.029749748992567465	0.029749748992567465	0.01703757985215252	0.029749748992567465	0.01703757985215252	0.01703757985215252	0.029749748992567465	0.01703757985215252	0.023241805106854828	0.12280997233294301	0.10389357793782576	0.10389357793782576	0.05949949798513493	0.05949949798513493	0.057620683442170195	0.13364332693039319	0.08924924697770238
UP000005223	0.016443998666633642	0.016350303272375025	0.03279430193900867	0.03279430193900867	0.03279430193900867	0.03298222964887586	0.03279430193900867	0.03298222964887586	0.03298222964887586	0.03279430193900867	0.03298222964887586	0.04952046063111807	0.08156519329746603	0.06521489002509101	0.06521489002509101	0.06558860387801733	0.06558860387801733	0.08222053025451816	0.09800919196409967	0.098382905817026
UP000005877	0.011632465058261593	0.018787944731711498	0.03042040978997309	0.03042040978997309	0.03042040978997309	0.018834649504934187	0.03042040978997309	0.018834649504934187	0.018834649504934187	0.03042040978997309	0.018834649504934187	0.026036833951606782	0.11705378520274971	0.0982658404710382	0.0982658404710382	0.06084081957994618	0.06084081957994618	0.060887524353168875	0.1286862502610113	0.09126122936991929
UP000006565	0.017069161256859956	0.015773702595555484	0.032842863852415444	0.032842863852415444	0.032842863852415444	0.03554017427664287	0.032842863852415444	0.03554017427664287	0.03554017427664287	0.032842863852415444	0.03554017427664287	0.05401118729642579	0.07647423251598369	0.06070052992042821	0.06070052992042821	0.06568572770483089	0.06568572770483089	0.08545219938591826	0.09354339377284362	0.09852859155724633
UP000006622	0.019211574264866176	0.012804058371268575	0.03201563263613475	0.03201563263613475	0.03201563263613475	0.048037168075237176	0.03201563263613475	0.048037168075237176	0.048037168075237176	0.03201563263613475	0.048037168075237176	0.07686276188560819	0.05547937726128104	0.04267531889001247	0.04267531889001247	0.0640312652722695	0.0640312652722695	0.0992643749762381	0.07469095152614721	0.09604689790840426
UP000006663	0.012146640762513103	0.01866566240005078	0.030812303162563885	0.030812303162563885	0.030812303162563885	0.020051041830708976	0.030812303162563885	0.020051041830708976	0.020051041830708976	0.030812303162563885	0.020051041830708976	0.02795544289890485	0.11336378673668283	0.09469812433663204	0.09469812433663204	0.06162460632512777	0.06162460632512777	0.06300998575578597	0.12551042749919594	0.09243690948769166
UP000006681	0.017820128387195454	0.014954773593611647	0.0327749019808071	0.0327749019808071	0.0327749019808071	0.03905461741160855	0.0327749019808071	0.03905461741160855	0.03905461741160855	0.0327749019808071	0.03905461741160855	0.06028910643602165	0.06996461729686712	0.055009843703255484	0.055009843703255484	0.0655498039616142	0.0655498039616142	0.08964964777961112	0.0877847456840626	0.09832470594242132
UP000006794	0.009917635790321906	0.01896919167707936	0.028886827467401267	0.028886827467401267	0.028886827467401267	0.015102859354082017	0.028886827467401267	0.015102859354082017	0.015102859354082017	0.028886827467401267	0.015102859354082017	0.020288082917842124	0.12947128688541124	0.11050209520833187	0.11050209520833187	0.057773654934802535	0.057773654934802535	0.0539073226118052	0.13938892267573313	0.08666048240220381
UP000007478	0.01885883103622219	0.013471519725470551	0.032330350761692744	0.032330350761692744	0.032330350761692744	0.045259379400512584	0.032330350761692744	0.045259379400512584	0.045259379400512584	0.032330350761692744	0.045259379400512584	0.07165992776480298	0.05966091048685816	0.046189390761387616	0.046189390761387616	0.06466070152338549	0.06466070152338549	0.09644856119842753	0.07851974152308035	0.09699105228507823
UP000007490	0.019659809583962885	0.011680792668070483	0.03134060225203337	0.03134060225203337	0.03134060225203337	0.0527490119917927	0.03134060225203337	0.0527490119917927	0.0527490119917927	0.03134060225203337	0.0527490119917927	0.08583821439962251	0.0489225650702905	0.03724177240222001	0.03724177240222001	0.06268120450406674	0.06268120450406674	0.10374942382778896	0.06858237465425339	0.09402180675610011
UP000007722	0.02001125503329712	0.009027549273061758	0.029038804306358877	0.029038804306358877	0.029038804306358877	0.06436995260392181	0.029038804306358877	0.06436995260392181	0.06436995260392181	0.029038804306358877	0.06436995260392181	0.10872865017454651	0.035227728749087375	0.026200179476025612	0.026200179476025612	0.058077608612717754	0.058077608612717754	0.11342001194357781	0.05523898378238449	0.08711641291907662
UP000007807	0.015708791093539287	0.016932490830400968	0.03264128192394025	0.03264128192394025	0.03264128192394025	0.030282318408103654	0.03264128192394025	0.030282318408103654	0.030282318408103654	0.03264128192394025	0.030282318408103654	0.04485584572266803	0.08730050369384339	0.07036801286344242	0.07036801286344242	0.0652825638478805	0.0652825638478805	0.07863239142558319	0.10300929478738267	0.09792384577182076
UP000008243	0.009679105806528964	0.01896582214172502	0.028644927948253983	0.028644927948253983	0.028644927948253983	0.014618785642916044	0.028644927948253983	0.014618785642916044	0.014618785642916044	0.028644927948253983	0.014618785642916044	0.019558465479303126	0.13122301192523825	0.11225718978351319	0.11225718978351319	0.057289855896507966	0.057289855896507966	0.052942819397698994	0.1409021177317672	0.08593478384476196
UP000008680	0.01983713861028079	0.01103617194386484	0.030873310554145626	0.030873310554145626	0.030873310554145626	0.05549371140065413	0.030873310554145626	0.05549371140065413	0.05549371140065413	0.030873310554145626	0.05549371140065413	0.09115028419102748	0.04538821942870775	0.03435204748484291	0.03435204748484291	0.06174662110829125	0.06174662110829125	0.10620416056508056	0.06522535803898853	0.09261993166243689
UP000009079	0.019172286402285667	0.012885052367681452	0.032057338769967116	0.032057338769967116	0.032057338769967116	0.04769964938089728	0.032057338769967116	0.04769964938089728	0.04769964938089728	0.032057338769967116	0.04769964938089728	0.0762270123595089	0.055974382471814195	0.04308933010413273	0.04308933010413273	0.06411467753993423	0.06411467753993423	0.09892927455315008	0.07514666887409986	0.09617201630990137
UP000009227	0.02000699433582025	0.009908843068876214	0.029915837404696465	0.029915837404696465	0.029915837404696465	0.06040321613196788	0.029915837404696465	0.06040321613196788	0.06040321613196788	0.029915837404696465	0.06040321613196788	0.1007994379281155	0.03954161380310166	0.029632770734225447	0.029632770734225447	0.05983167480939293	0.05983167480939293	0.1103260478724846	0.05954860813892191	0.08974751221408939
UP000011511	0.010234235343366569	0.01896259583719387	0.02919683118056044	0.02919683118056044	0.02919683118056044	0.015757718202078018	0.02919683118056044	0.015757718202078018	0.015757718202078018	0.02919683118056044	0.015757718202078018	0.02128120106078947	0.12715782309715726	0.10819522725996338	0.10819522725996338	0.05839366236112088	0.05839366236112088	0.05518878472600503	0.13739205844052382	0.08759049354168132
UP000011554	0.01112457798786862	0.01887832938765504	0.03000290737552366	0.03000290737552366	0.03000290737552366	0.017680043403632474	0.03000290737552366	0.017680043403632474	0.017680043403632474	0.03000290737552366	0.017680043403632474	0.02423550881939633	0.12070776842617073	0.10182943903851568	0.10182943903851568	0.06000581475104732	0.06000581475104732	0.058807528767024754	0.13183234641403935	0.09000872212657099
UP000012076	0.012915437975621636	0.018425178161447554	0.03134061613706919	0.03134061613706919	0.03134061613706919	0.021968731064051908	0.03134061613706919	0.021968731064051908	0.021968731064051908	0.03134061613706919	0.021968731064051908	0.031022024152482182	0.10784629374498539	0.08942111558353781	0.08942111558353781	0.06268123227413838	0.06268123227413838	0.06622478517674273	0.12076173172060702	0.09402184841120757
UP000012672	0.013994981426440165	0.017968592129523762	0.03196357355596392	0.03196357355596392	0.03196357355596392	0.024895084434766183	0.03196357355596392	0.024895084434766183	0.024895084434766183	0.03196357355596392	0.024895084434766183	0.0357951874430922	0.1000466455014373	0.08207805337191354	0.08207805337191354	0.06392714711192785	0.06392714711192785	0.07085363941717027	0.11404162692787746	0.09589072066789177
UP000014070	0.018789824786058108	0.013588923721778154	0.032378748507836265	0.032378748507836265	0.032378748507836265	0.044771096203818694	0.032378748507836265	0.044771096203818694	0.044771096203818694	0.032378748507836265	0.044771096203818694	0.07075236762157928	0.060421967530264936	0.04683304380848679	0.04683304380848679	0.06475749701567253	0.06475749701567253	0.09593966949771306	0.07921179231632304	0.09713624552350877
UP000053352	0.010950463704362385	0.01890230198176842	0.029852765686130805	0.029852765686130805	0.029852765686130805	0.017294275979513617	0.029852765686130805	0.017294275979513617	0.017294275979513617	0.029852765686130805	0.017294275979513617	0.023638088254664846	0.12196387219918697	0.10306157021741855	0.10306157021741855	0.05970553137226161	0.05970553137226161	0.058097505370006804	0.13291433590354937	0.08955829705839241
UP000058290	0.014576122855409645	0.017662569945288364	0.03223869280069801	0.03223869280069801	0.03223869280069801	0.026605140045666928	0.03223869280069801	0.026605140045666928	0.026605140045666928	0.03223869280069801	0.026605140045666928	0.03863415723592421	0.0957928343764316	0.07813026443114322	0.07813026443114322	0.06447738560139601	0.06447738560139601	0.07341995570177458	0.11036895723184124	0.09671607840209404
UP000192315	0.019708660661209708	0.011522691028139001	0.031231351689348708	0.031231351689348708	0.031231351689348708	0.05341878133615845	0.031231351689348708	0.05341878133615845	0.05341878133615845	0.031231351689348708	0.05341878133615845	0.0871289020111072	0.04804158209776927	0.03651889106963027	0.03651889106963027	0.062462703378697415	0.062462703378697415	0.10435879368671688	0.06775024275897899	0.09369405506804615
UP000198397	0.010923957378596855	0.018905635057412856	0.029829592436009713	0.029829592436009713	0.029829592436009713	0.017235982573572284	0.029829592436009713	0.017235982573572284	0.017235982573572284	0.029829592436009713	0.017235982573572284	0.023548007768547718	0.1221552851542717	0.10324965009685887	0.10324965009685887	0.059659184872019426	0.059659184872019426	0.05798953238817885	0.13307924253286854	0.08948877730802914
