Proteome_ID	M	W	C	D	E	F	H	K	N	Q	Y	I	A	G	P	T	V	L	R	S
UP000000231	0.017311026885895454	0.031472621279559375	0.031472621279559375	0.031472621279559375	0.031472621279559375	0.038471896454245195	0.031472621279559375	0.017311026885895454	0.05963276602259494	0.031472621279559375	0.05963276602259494	0.05963276602259494	0.05149347869474596	0.05149347869474596	0.05149347869474596	0.06294524255911875	0.06294524255911875	0.10141713901336394	0.05149347869474596	0.1258904851182375
UP000000233	0.010550183058489827	0.029165033770563186	0.029165033770563186	0.029165033770563186	0.029165033770563186	0.01652962196397908	0.029165033770563186	0.010550183058489827	0.022509060869468328	0.029165033770563186	0.022509060869468328	0.022509060869468328	0.10291816675441154	0.10291816675441154	0.10291816675441154	0.05833006754112637	0.05833006754112637	0.07485968950510545	0.10291816675441154	0.11666013508225274
UP000000235	0.008168100308574068	0.026737480214429857	0.026737480214429857	0.026737480214429857	0.026737480214429857	0.011760996947512915	0.026737480214429857	0.008168100308574068	0.015353893586451759	0.026737480214429857	0.015353893586451759	0.015353893586451759	0.12157011032439827	0.12157011032439827	0.12157011032439827	0.053474960428859714	0.053474960428859714	0.06523595737637262	0.12157011032439827	0.10694992085771943
UP000000238	0.014722346598013537	0.031566769160448954	0.031566769160448954	0.031566769160448954	0.031566769160448954	0.027589958328166117	0.031566769160448954	0.014722346598013537	0.040457570058318695	0.031566769160448954	0.040457570058318695	0.040457570058318695	0.07223359335137533	0.07223359335137533	0.07223359335137533	0.06313353832089791	0.06313353832089791	0.09072349664906404	0.07223359335137533	0.12626707664179582
UP000000239	0.010438265669506733	0.029068434728064287	0.029068434728064287	0.029068434728064287	0.029068434728064287	0.01628670375102562	0.029068434728064287	0.010438265669506733	0.022135141832544506	0.029068434728064287	0.022135141832544506	0.022135141832544506	0.10376242000306828	0.10376242000306828	0.10376242000306828	0.05813686945612857	0.05813686945612857	0.07442357320715418	0.10376242000306828	0.11627373891225715
UP000000245	0.009014735781343054	0.027692454597425448	0.027692454597425448	0.027692454597425448	0.027692454597425448	0.013365666535127255	0.027692454597425448	0.009014735781343054	0.01771659728891146	0.027692454597425448	0.01771659728891146	0.01771659728891146	0.11475253248537942	0.11475253248537942	0.11475253248537942	0.055384909194850895	0.055384909194850895	0.06875057572997814	0.11475253248537942	0.11076981838970179
UP000000247	0.018857422031982117	0.027911152777739267	0.027911152777739267	0.027911152777739267	0.027911152777739267	0.05813430972371411	0.027911152777739267	0.018857422031982117	0.09741119741544611	0.027911152777739267	0.09741119741544611	0.09741119741544611	0.026801124949610254	0.026801124949610254	0.026801124949610254	0.055822305555478534	0.055822305555478534	0.11395661527919264	0.026801124949610254	0.11164461111095707
UP000000248	0.01745714213711535	0.031396339796887086	0.031396339796887086	0.031396339796887086	0.031396339796887086	0.039320079949881744	0.031396339796887086	0.01745714213711535	0.06118301776264813	0.031396339796887086	0.06118301776264813	0.06118301776264813	0.05013876644696701	0.05013876644696701	0.05013876644696701	0.06279267959377417	0.06279267959377417	0.10211275954365591	0.05013876644696701	0.12558535918754835
UP000000260	0.013601251627433333	0.03116335116737297	0.03116335116737297	0.03116335116737297	0.03116335116737297	0.024134960618892202	0.03116335116737297	0.013601251627433333	0.03466866961035107	0.03116335116737297	0.03466866961035107	0.03466866961035107	0.08047698699958204	0.08047698699958204	0.08047698699958204	0.06232670233474594	0.06232670233474594	0.08646166295363815	0.08047698699958204	0.12465340466949187
UP000000263	0.011992630908163049	0.030263685539298937	0.030263685539298937	0.030263685539298937	0.030263685539298937	0.019864272638922098	0.030263685539298937	0.011992630908163049	0.027735914369681154	0.030263685539298937	0.027735914369681154	0.027735914369681154	0.09221487029200083	0.09221487029200083	0.09221487029200083	0.060527371078597875	0.060527371078597875	0.08039164371751996	0.09221487029200083	0.12105474215719575
UP000000268	0.016793973522570393	0.03165653280756064	0.03165653280756064	0.03165653280756064	0.03165653280756064	0.035770351767306904	0.03165653280756064	0.016793973522570393	0.054746730012043415	0.03165653280756064	0.054746730012043415	0.054746730012043415	0.05603165861578622	0.05603165861578622	0.05603165861578622	0.06331306561512128	0.06331306561512128	0.09908341738242818	0.05603165861578622	0.12662613123024255
UP000000269	0.0187383266385061	0.029530493681662672	0.029530493681662672	0.029530493681662672	0.029530493681662672	0.05127348698278555	0.029530493681662672	0.0187383266385061	0.08380864732706499	0.029530493681662672	0.08380864732706499	0.08380864732706499	0.034015632967404744	0.034015632967404744	0.034015632967404744	0.059060987363325344	0.059060987363325344	0.11033447434611088	0.034015632967404744	0.11812197472665069
UP000000270	0.009027060247990834	0.027705575142832412	0.027705575142832412	0.027705575142832412	0.027705575142832412	0.01338970991150133	0.027705575142832412	0.009027060247990834	0.01775235957501182	0.027705575142832412	0.01775235957501182	0.01775235957501182	0.11465504466766537	0.11465504466766537	0.11465504466766537	0.055411150285664824	0.055411150285664824	0.06880086019716616	0.11465504466766537	0.11082230057132965
UP000000272	0.016748602768975798	0.031667297571490026	0.031667297571490026	0.031667297571490026	0.031667297571490026	0.035551567668135005	0.031667297571490026	0.016748602768975798	0.0543545325672942	0.031667297571490026	0.0543545325672942	0.0543545325672942	0.056414825070013844	0.056414825070013844	0.056414825070013844	0.06333459514298005	0.06333459514298005	0.09888616281111506	0.056414825070013844	0.1266691902859601
UP000000276	0.014983061440710712	0.03163040845848459	0.03163040845848459	0.03163040845848459	0.03163040845848459	0.028468220961709978	0.03163040845848459	0.014983061440710712	0.041953380482709246	0.03163040845848459	0.041953380482709246	0.041953380482709246	0.07028768960281938	0.07028768960281938	0.07028768960281938	0.06326081691696918	0.06326081691696918	0.09172903787867916	0.07028768960281938	0.12652163383393836
UP000000321	0.009289007772000535	0.027979318845792116	0.027979318845792116	0.027979318845792116	0.027979318845792116	0.013905606449658716	0.027979318845792116	0.009289007772000535	0.0185222051273169	0.027979318845792116	0.0185222051273169	0.0185222051273169	0.11259376366051421	0.11259376366051421	0.11259376366051421	0.05595863769158423	0.05595863769158423	0.06986424414124294	0.11259376366051421	0.11191727538316847
UP000000323	0.014614002775092215	0.0315367571324308	0.0315367571324308	0.0315367571324308	0.0315367571324308	0.027234234245732708	0.0315367571324308	0.014614002775092215	0.0398544657163732	0.0315367571324308	0.0398544657163732	0.0398544657163732	0.07303800367258442	0.07303800367258442	0.07303800367258442	0.0630735142648616	0.0630735142648616	0.09030774851059431	0.07303800367258442	0.1261470285297232
UP000000328	0.007280848910895256	0.02561574823656476	0.02561574823656476	0.02561574823656476	0.02561574823656476	0.010172097993952273	0.02561574823656476	0.007280848910895256	0.013063347077009289	0.02561574823656476	0.013063347077009289	0.013063347077009289	0.12901302329356018	0.12901302329356018	0.12901302329356018	0.05123149647312952	0.05123149647312952	0.061403594467081796	0.12901302329356018	0.10246299294625905
UP000000329	0.010613145063699765	0.029218653691989758	0.029218653691989758	0.029218653691989758	0.029218653691989758	0.016667204127253952	0.029218653691989758	0.010613145063699765	0.02272126319080814	0.029218653691989758	0.02272126319080814	0.02272126319080814	0.102444263243458	0.102444263243458	0.102444263243458	0.058437307383979516	0.058437307383979516	0.07510451151123347	0.102444263243458	0.11687461476795903
UP000000333	0.010163287188067568	0.028824058066820618	0.028824058066820618	0.028824058066820618	0.028824058066820618	0.01569855725479059	0.028824058066820618	0.010163287188067568	0.021233827321513615	0.028824058066820618	0.021233827321513615	0.021233827321513615	0.10584747502015328	0.10584747502015328	0.10584747502015328	0.057648116133641236	0.057648116133641236	0.07334667338843182	0.10584747502015328	0.11529623226728247
UP000000343	0.01208173198116998	0.03032265147834832	0.03032265147834832	0.03032265147834832	0.03032265147834832	0.020083973736987445	0.03032265147834832	0.01208173198116998	0.028086215492804916	0.03032265147834832	0.028086215492804916	0.028086215492804916	0.09156187960792435	0.09156187960792435	0.09156187960792435	0.06064530295669664	0.06064530295669664	0.0807292766936841	0.09156187960792435	0.12129060591339327
UP000000361	0.0093302781364506	0.02802156271974847	0.02802156271974847	0.02802156271974847	0.02802156271974847	0.013987747756345946	0.02802156271974847	0.0093302781364506	0.018645217376241294	0.02802156271974847	0.018645217376241294	0.018645217376241294	0.11227082314242688	0.11227082314242688	0.11227082314242688	0.05604312543949694	0.05604312543949694	0.07003087319584288	0.11227082314242688	0.11208625087899388
UP000000366	0.008473675344406672	0.027094576216639566	0.027094576216639566	0.027094576216639566	0.027094576216639566	0.012329727977685922	0.027094576216639566	0.008473675344406672	0.01618578061096517	0.027094576216639566	0.01618578061096517	0.01618578061096517	0.11908065801417156	0.11908065801417156	0.11908065801417156	0.05418915243327913	0.05418915243327913	0.06651888041096504	0.11908065801417156	0.10837830486655826
UP000000370	0.018780964932150875	0.029325467755611446	0.029325467755611446	0.029325467755611446	0.029325467755611446	0.05223201043786219	0.029325467755611446	0.018780964932150875	0.0856830559435735	0.029325467755611446	0.0856830559435735	0.0856830559435735	0.03292934933486756	0.03292934933486756	0.03292934933486756	0.05865093551122289	0.05865093551122289	0.11088294594908508	0.03292934933486756	0.11730187102244578
UP000000374	0.009999305399234805	0.028673530543949843	0.028673530543949843	0.028673530543949843	0.028673530543949843	0.015353536040256249	0.028673530543949843	0.009999305399234805	0.020707766681277693	0.028673530543949843	0.020707766681277693	0.020707766681277693	0.10709863209349688	0.10709863209349688	0.10709863209349688	0.057347061087899685	0.057347061087899685	0.07270059712815594	0.10709863209349688	0.11469412217579937
UP000000376	0.014729709402185383	0.0315687341217784	0.0315687341217784	0.0315687341217784	0.0315687341217784	0.027614323724318896	0.0315687341217784	0.014729709402185383	0.04049893804645241	0.0315687341217784	0.04049893804645241	0.04049893804645241	0.072178843414795	0.072178843414795	0.072178843414795	0.0631374682435568	0.0631374682435568	0.0907517919678757	0.072178843414795	0.1262749364871136
UP000000377	0.007687239186071466	0.026145731514481987	0.026145731514481987	0.026145731514481987	0.026145731514481987	0.01088867326056076	0.026145731514481987	0.007687239186071466	0.014090107335050055	0.026145731514481987	0.014090107335050055	0.014090107335050055	0.12556153721746838	0.12556153721746838	0.12556153721746838	0.05229146302896397	0.05229146302896397	0.06318013628952474	0.12556153721746838	0.10458292605792795
UP000000379	0.008635122854458012	0.027277508883267514	0.027277508883267514	0.027277508883267514	0.027277508883267514	0.012634897700679498	0.027277508883267514	0.008635122854458012	0.016634672546900982	0.027277508883267514	0.016634672546900982	0.016634672546900982	0.11777894977918545	0.11777894977918545	0.11777894977918545	0.05455501776653503	0.05455501776653503	0.06718991546721453	0.11777894977918545	0.10911003553307005
UP000000417	0.008393048986974568	0.027001747451591222	0.027001747451591222	0.027001747451591222	0.027001747451591222	0.012178551311691075	0.027001747451591222	0.008393048986974568	0.015964053636407582	0.027001747451591222	0.015964053636407582	0.015964053636407582	0.11973416981699661	0.11973416981699661	0.11973416981699661	0.054003494903182445	0.054003494903182445	0.06618204621487353	0.11973416981699661	0.10800698980636489
UP000000422	0.016279467835833058	0.031737456276913927	0.031737456276913927	0.031737456276913927	0.031737456276913927	0.033424070707550046	0.031737456276913927	0.016279467835833058	0.05056867357926704	0.031737456276913927	0.05056867357926704	0.05056867357926704	0.060271900436202425	0.060271900436202425	0.060271900436202425	0.06347491255382785	0.06347491255382785	0.0968989832613779	0.060271900436202425	0.1269498251076557
UP000000423	0.018086505596304273	0.02439030161450822	0.02439030161450822	0.02439030161450822	0.02439030161450822	0.06997931490366317	0.02439030161450822	0.018086505596304273	0.12187212421102206	0.02439030161450822	0.12187212421102206	0.12187212421102206	0.017001790133716842	0.017001790133716842	0.017001790133716842	0.04878060322901644	0.04878060322901644	0.1187599181326796	0.017001790133716842	0.09756120645803289
UP000000425	0.015405576010401217	0.03170614070956161	0.03170614070956161	0.03170614070956161	0.03170614070956161	0.029965303025531805	0.03170614070956161	0.015405576010401217	0.04452503004066239	0.03170614070956161	0.04452503004066239	0.04452503004066239	0.06709622511329026	0.06709622511329026	0.06709622511329026	0.06341228141912322	0.06341228141912322	0.09337758444465502	0.06709622511329026	0.12682456283824645
UP000000428	0.007650744778639637	0.026099282562643617	0.026099282562643617	0.026099282562643617	0.026099282562643617	0.010823565104738012	0.026099282562643617	0.007650744778639637	0.013996385430836384	0.026099282562643617	0.013996385430836384	0.013996385430836384	0.1258684257346094	0.1258684257346094	0.1258684257346094	0.052198565125287234	0.052198565125287234	0.06302213023002524	0.1258684257346094	0.10439713025057447
UP000000429	0.018456144919755953	0.030324958576575935	0.030324958576575935	0.030324958576575935	0.030324958576575935	0.04715566747930876	0.030324958576575935	0.018456144919755953	0.07585519003886156	0.030324958576575935	0.07585519003886156	0.07585519003886156	0.039002866965017736	0.039002866965017736	0.039002866965017736	0.06064991715315187	0.06064991715315187	0.10780558463246064	0.039002866965017736	0.12129983430630374
UP000000430	0.018190766427288643	0.03075230256994043	0.03075230256994043	0.03075230256994043	0.03075230256994043	0.04453340314419551	0.03075230256994043	0.018190766427288643	0.07087603986110237	0.03075230256994043	0.07087603986110237	0.07087603986110237	0.0424716750386694	0.0424716750386694	0.0424716750386694	0.06150460513988086	0.06150460513988086	0.10603800828407636	0.0424716750386694	0.12300921027976172
UP000000431	0.018067001787821207	0.03090302208152127	0.03090302208152127	0.03090302208152127	0.03090302208152127	0.0434967335997396	0.03090302208152127	0.018067001787821207	0.068926465411658	0.03090302208152127	0.068926465411658	0.068926465411658	0.04391119492139099	0.04391119492139099	0.04391119492139099	0.06180604416304254	0.06180604416304254	0.10530277776278216	0.04391119492139099	0.12361208832608508
UP000000432	0.017310862589851986	0.03147270016298605	0.03147270016298605	0.03147270016298605	0.03147270016298605	0.03847096713541062	0.03147270016298605	0.017310862589851986	0.05963107168096927	0.03147270016298605	0.05963107168096927	0.05963107168096927	0.05149498072469756	0.05149498072469756	0.05149498072469756	0.0629454003259721	0.0629454003259721	0.10141636746138272	0.05149498072469756	0.1258908006519442
UP000000439	0.012054387448441685	0.030304666166694267	0.030304666166694267	0.030304666166694267	0.030304666166694267	0.020016362111975	0.030304666166694267	0.012054387448441685	0.027978336775508324	0.030304666166694267	0.027978336775508324	0.027978336775508324	0.09176220797138335	0.09176220797138335	0.09176220797138335	0.060609332333388534	0.060609332333388534	0.08062569444536354	0.09176220797138335	0.12121866466677707
UP000000440	0.014444178101993471	0.03148565718841152	0.03148565718841152	0.03148565718841152	0.03148565718841152	0.02668691125820102	0.03148565718841152	0.014444178101993471	0.03892964441440856	0.03148565718841152	0.03892964441440856	0.03892964441440856	0.07429459325545022	0.07429459325545022	0.07429459325545022	0.06297131437682305	0.06297131437682305	0.08965822563502406	0.07429459325545022	0.1259426287536461
UP000000442	0.016235736520957587	0.03174052493281111	0.03174052493281111	0.03174052493281111	0.03174052493281111	0.03323688051441141	0.03174052493281111	0.016235736520957587	0.05023802450786525	0.03174052493281111	0.05023802450786525	0.05023802450786525	0.06062307337017212	0.06062307337017212	0.06062307337017212	0.06348104986562222	0.06348104986562222	0.09671793038003364	0.06062307337017212	0.12696209973124445
UP000000449	0.018732591703929612	0.029554773460778828	0.029554773460778828	0.029554773460778828	0.029554773460778828	0.05115766086561194	0.029554773460778828	0.018732591703929612	0.08358273002729427	0.029554773460778828	0.08358273002729427	0.08358273002729427	0.03414873235164319	0.03414873235164319	0.03414873235164319	0.059109546921557655	0.059109546921557655	0.11026720778716961	0.03414873235164319	0.11821909384311531
UP000000467	0.014449018867756375	0.03148718114503634	0.03148718114503634	0.03148718114503634	0.03148718114503634	0.026702344246584093	0.03148718114503634	0.014449018867756375	0.03895566962541181	0.03148718114503634	0.03895566962541181	0.03895566962541181	0.07425884164362553	0.07425884164362553	0.07425884164362553	0.06297436229007268	0.06297436229007268	0.08967670653665677	0.07425884164362553	0.12594872458014536
UP000000492	0.01319421375763664	0.03096951425648923	0.03096951425648923	0.03096951425648923	0.03096951425648923	0.02298798780345069	0.03096951425648923	0.01319421375763664	0.03278176184926474	0.03096951425648923	0.03278176184926474	0.03278176184926474	0.08344452080655089	0.08344452080655089	0.08344452080655089	0.06193902851297846	0.06193902851297846	0.08492701631642915	0.08344452080655089	0.12387805702595692
UP000000504	0.017381936742279707	0.031437163117470454	0.031437163117470454	0.031437163117470454	0.031437163117470454	0.038877977919241045	0.031437163117470454	0.017381936742279707	0.06037401909620238	0.031437163117470454	0.06037401909620238	0.06037401909620238	0.050840875877206	0.050840875877206	0.050840875877206	0.06287432623494091	0.06287432623494091	0.10175230415418196	0.050840875877206	0.12574865246988182
UP000000528	0.018326190606352932	0.025126349719058878	0.025126349719058878	0.025126349719058878	0.025126349719058878	0.06771463234337811	0.025126349719058878	0.018326190606352932	0.11710307408040327	0.025126349719058878	0.11710307408040327	0.11710307408040327	0.018646884088596518	0.018646884088596518	0.018646884088596518	0.050252699438117755	0.050252699438117755	0.11796733178149586	0.018646884088596518	0.10050539887623551
UP000000529	0.018792205690960462	0.029261840906345968	0.029261840906345968	0.029261840906345968	0.029261840906345968	0.05252279777619418	0.029261840906345968	0.018792205690960462	0.0862533898614279	0.029261840906345968	0.0862533898614279	0.0862533898614279	0.03260509224496786	0.03260509224496786	0.03260509224496786	0.058523681812691936	0.058523681812691936	0.11104647958888612	0.03260509224496786	0.11704736362538387
UP000000531	0.01884753939753404	0.027752751156025546	0.027752751156025546	0.027752751156025546	0.027752751156025546	0.058737634206663177	0.027752751156025546	0.01884753939753404	0.09862772901579232	0.027752751156025546	0.09862772901579232	0.09862772901579232	0.026225611811954944	0.026225611811954944	0.026225611811954944	0.05550550231205109	0.05550550231205109	0.11424313651871427	0.026225611811954944	0.11101100462410218
UP000000532	0.008214592773814446	0.026792741667695748	0.026792741667695748	0.026792741667695748	0.026792741667695748	0.011846791806400995	0.026792741667695748	0.008214592773814446	0.015478990838987546	0.026792741667695748	0.015478990838987546	0.015478990838987546	0.12118909790986863	0.12118909790986863	0.12118909790986863	0.053585483335391496	0.053585483335391496	0.06543227514179249	0.12118909790986863	0.10717096667078299
UP000000534	0.018848801262622207	0.028800890964642452	0.028800890964642452	0.028800890964642452	0.028800890964642452	0.05454756601207059	0.028800890964642452	0.018848801262622207	0.09024633076151897	0.028800890964642452	0.09024633076151897	0.09024633076151897	0.030413504432944587	0.030413504432944587	0.030413504432944587	0.057601781929284904	0.057601781929284904	0.11214934794135549	0.030413504432944587	0.11520356385856981
UP000000535	0.015034102807857608	0.03164140314124176	0.03164140314124176	0.03164140314124176	0.03164140314124176	0.02864403595170977	0.03164140314124176	0.015034102807857608	0.04225396909556193	0.03164140314124176	0.04225396909556193	0.04225396909556193	0.06990484123357785	0.06990484123357785	0.06990484123357785	0.06328280628248352	0.06328280628248352	0.09192684223419328	0.06990484123357785	0.12656561256496704
UP000000537	0.018528766089993362	0.030170492655955	0.030170492655955	0.030170492655955	0.030170492655955	0.048018822472307064	0.030170492655955	0.018528766089993362	0.07750887885462078	0.030170492655955	0.07750887885462078	0.07750887885462078	0.037912575954064255	0.037912575954064255	0.037912575954064255	0.06034098531191	0.06034098531191	0.10835980778421707	0.037912575954064255	0.12068197062382
UP000000545	0.01141503788802668	0.02985627310268906	0.02985627310268906	0.02985627310268906	0.02985627310268906	0.01848089266772616	0.02985627310268906	0.01141503788802668	0.025546747447425647	0.02985627310268906	0.025546747447425647	0.025546747447425647	0.09646688172579808	0.09646688172579808	0.09646688172579808	0.05971254620537812	0.05971254620537812	0.07819343887310427	0.09646688172579808	0.11942509241075625
UP000000546	0.017528853118319615	0.031354112409258	0.031354112409258	0.031354112409258	0.031354112409258	0.03975344111176244	0.031354112409258	0.017528853118319615	0.06197802910520528	0.031354112409258	0.06197802910520528	0.06197802910520528	0.04945888141902301	0.04945888141902301	0.04945888141902301	0.062708224818516	0.062708224818516	0.10246166593027844	0.04945888141902301	0.125416449637032
UP000000549	0.01858691409603721	0.026098450097419217	0.026098450097419217	0.026098450097419217	0.026098450097419217	0.06457928843197927	0.026098450097419217	0.01858691409603721	0.11057166276792134	0.026098450097419217	0.11057166276792134	0.11057166276792134	0.02109435127037387	0.02109435127037387	0.02109435127037387	0.052196900194838435	0.052196900194838435	0.11677618862681773	0.02109435127037387	0.10439380038967687
UP000000555	0.018659537819070076	0.029819835511008617	0.029819835511008617	0.029819835511008617	0.029819835511008617	0.04985748264385798	0.029819835511008617	0.018659537819070076	0.08105542746864589	0.029819835511008617	0.08105542746864589	0.08105542746864589	0.03567057712301707	0.03567057712301707	0.03567057712301707	0.059639671022017234	0.059639671022017234	0.10949715366587522	0.03567057712301707	0.11927934204403447
UP000000556	0.011476312724054284	0.029901554452676414	0.029901554452676414	0.029901554452676414	0.029901554452676414	0.018624428101867537	0.029901554452676414	0.011476312724054284	0.025772543479680787	0.029901554452676414	0.025772543479680787	0.025772543479680787	0.09601400416657281	0.09601400416657281	0.09601400416657281	0.05980310890535283	0.05980310890535283	0.07842753700722037	0.09601400416657281	0.11960621781070566
UP000000557	0.011271995588585052	0.02974866741411005	0.02974866741411005	0.02974866741411005	0.02974866741411005	0.01814866070170104	0.02974866741411005	0.011271995588585052	0.02502532581481703	0.02974866741411005	0.02502532581481703	0.02502532581481703	0.09752600783730397	0.09752600783730397	0.09752600783730397	0.0594973348282201	0.0594973348282201	0.07764599552992114	0.09752600783730397	0.1189946696564402
UP000000558	0.01564934829891621	0.03173309449808083	0.03173309449808083	0.03173309449808083	0.03173309449808083	0.030876031134380998	0.03173309449808083	0.01564934829891621	0.04610271396984578	0.03173309449808083	0.04610271396984578	0.04610271396984578	0.06522789681364374	0.06522789681364374	0.06522789681364374	0.06346618899616166	0.06346618899616166	0.09434222013054265	0.06522789681364374	0.12693237799232332
UP000000562	0.017492175484873966	0.022866092311287882	0.022866092311287882	0.022866092311287882	0.022866092311287882	0.0744294547687083	0.022866092311287882	0.017492175484873966	0.13136673405254265	0.022866092311287882	0.13136673405254265	0.13136673405254265	0.01404976508865034	0.01404976508865034	0.01404976508865034	0.045732184622575764	0.045732184622575764	0.12016163939128406	0.01404976508865034	0.09146436924515153
UP000000566	0.01720497727995272	0.031520546350279316	0.031520546350279316	0.031520546350279316	0.031520546350279316	0.0378825515873034	0.031520546350279316	0.01720497727995272	0.058560125894654085	0.031520546350279316	0.058560125894654085	0.058560125894654085	0.05245395574426408	0.05245395574426408	0.05245395574426408	0.06304109270055863	0.06304109270055863	0.10092364428786205	0.05245395574426408	0.12608218540111726
UP000000577	0.011828490526771861	0.030152334563382333	0.030152334563382333	0.030152334563382333	0.030152334563382333	0.019464071132150814	0.030152334563382333	0.011828490526771861	0.027099651737529765	0.030152334563382333	0.027099651737529765	0.027099651737529765	0.09341964211386199	0.09341964211386199	0.09341964211386199	0.060304669126764666	0.060304669126764666	0.07976874025891548	0.09341964211386199	0.12060933825352933
UP000000579	0.018561683954862792	0.030092492522403834	0.030092492522403834	0.030092492522403834	0.030092492522403834	0.04844129813994882	0.030092492522403834	0.018561683954862792	0.07832091232503485	0.030092492522403834	0.07832091232503485	0.07832091232503485	0.03738785461920271	0.03738785461920271	0.03738785461920271	0.06018498504480767	0.06018498504480767	0.10862628318475649	0.03738785461920271	0.12036997008961534
UP000000580	0.008183448099656283	0.026755760081762652	0.026755760081762652	0.026755760081762652	0.026755760081762652	0.011789290111371874	0.026755760081762652	0.008183448099656283	0.015395132123087464	0.026755760081762652	0.015395132123087464	0.015395132123087464	0.12144424147511976	0.12144424147511976	0.12144424147511976	0.053511520163525304	0.053511520163525304	0.06530081027489718	0.12144424147511976	0.10702304032705061
UP000000582	0.014446707431447967	0.031486453953032775	0.031486453953032775	0.031486453953032775	0.031486453953032775	0.026694973879864754	0.031486453953032775	0.014446707431447967	0.038943240328281545	0.031486453953032775	0.038943240328281545	0.038943240328281545	0.07427591328600139	0.07427591328600139	0.07427591328600139	0.06297290790606555	0.06297290790606555	0.08966788178593033	0.07427591328600139	0.1259458158121311
UP000000584	0.016762441779736348	0.031664095327604794	0.031664095327604794	0.031664095327604794	0.031664095327604794	0.03561803075960781	0.031664095327604794	0.016762441779736348	0.05447361973947928	0.031664095327604794	0.05447361973947928	0.05447361973947928	0.05629816761529932	0.05629816761529932	0.05629816761529932	0.06332819065520959	0.06332819065520959	0.09894622141481739	0.05629816761529932	0.12665638131041917
UP000000585	0.018414209626483533	0.03040505027819718	0.03040505027819718	0.03040505027819718	0.03040505027819718	0.04669272036789842	0.03040505027819718	0.018414209626483533	0.07497123110931331	0.03040505027819718	0.07497123110931331	0.07497123110931331	0.03959791055803533	0.03959791055803533	0.03959791055803533	0.06081010055639436	0.06081010055639436	0.10750282092429278	0.03959791055803533	0.12162020111278872
UP000000586	0.01834941624524743	0.030518130502604646	0.030518130502604646	0.030518130502604646	0.030518130502604646	0.04601882070494871	0.030518130502604646	0.01834941624524743	0.07368822516465001	0.030518130502604646	0.07368822516465001	0.07368822516465001	0.04047719064099584	0.04047719064099584	0.04047719064099584	0.06103626100520929	0.06103626100520929	0.10705508171015801	0.04047719064099584	0.12207252201041859
UP000000588	0.016247892414734205	0.03173972668266587	0.03173972668266587	0.03173972668266587	0.03173972668266587	0.0332887413778069	0.03173972668266587	0.016247892414734205	0.050329590340879596	0.03173972668266587	0.050329590340879596	0.050329590340879596	0.06052558361740627	0.06052558361740627	0.06052558361740627	0.06347945336533174	0.06347945336533174	0.09676819474313865	0.06052558361740627	0.12695890673066348
UP000000593	0.01795040662191404	0.03102542658958105	0.03102542658958105	0.03102542658958105	0.03102542658958105	0.04259412408382695	0.03102542658958105	0.01795040662191404	0.06723784154573985	0.03102542658958105	0.06723784154573985	0.06723784154573985	0.04519764712950042	0.04519764712950042	0.04519764712950042	0.0620508531791621	0.0620508531791621	0.10464497726298905	0.04519764712950042	0.1241017063583242
UP000000594	0.0188164480968976	0.029103059424976003	0.029103059424976003	0.029103059424976003	0.029103059424976003	0.05323582175562623	0.029103059424976003	0.0188164480968976	0.08765519541435485	0.029103059424976003	0.08765519541435485	0.08765519541435485	0.031820230813067917	0.031820230813067917	0.031820230813067917	0.058206118849952006	0.058206118849952006	0.11144194060557824	0.031820230813067917	0.11641223769990401
UP000000601	0.018300662257976677	0.025042653829271906	0.025042653829271906	0.025042653829271906	0.025042653829271906	0.06797652369133506	0.025042653829271906	0.018300662257976677	0.11765238512469345	0.025042653829271906	0.11765238512469345	0.11765238512469345	0.01845150286473644	0.01845150286473644	0.01845150286473644	0.05008530765854381	0.05008530765854381	0.11806183134987887	0.01845150286473644	0.10017061531708762
UP000000602	0.016891780754779283	0.03163065018546437	0.03163065018546437	0.03163065018546437	0.03163065018546437	0.036250949272379006	0.03163065018546437	0.016891780754779283	0.05561011778997873	0.03163065018546437	0.05561011778997873	0.05561011778997873	0.055198445902079334	0.055198445902079334	0.055198445902079334	0.06326130037092874	0.06326130037092874	0.09951224964330775	0.055198445902079334	0.12652260074185748
UP000000605	0.008889935888622753	0.027558359297444136	0.027558359297444136	0.027558359297444136	0.027558359297444136	0.013123338912173117	0.027558359297444136	0.008889935888622753	0.017356741935723483	0.027558359297444136	0.017356741935723483	0.017356741935723483	0.11574236895803293	0.11574236895803293	0.11574236895803293	0.05511671859488827	0.05511671859488827	0.06824005750706139	0.11574236895803293	0.11023343718977655
UP000000606	0.017015365980174436	0.03159241146675043	0.03159241146675043	0.03159241146675043	0.03159241146675043	0.036876913349694486	0.03159241146675043	0.017015365980174436	0.05673846071921453	0.03159241146675043	0.05673846071921453	0.05673846071921453	0.05413036892865292	0.05413036892865292	0.05413036892865292	0.06318482293350086	0.06318482293350086	0.10006173628319534	0.05413036892865292	0.12636964586700172
UP000000609	0.01851956905911876	0.030191315813089023	0.030191315813089023	0.030191315813089023	0.030191315813089023	0.04790458274773422	0.030191315813089023	0.01851956905911876	0.07728959643634968	0.030191315813089023	0.07728959643634968	0.07728959643634968	0.03805546351695515	0.03805546351695515	0.03805546351695515	0.060382631626178046	0.060382631626178046	0.10828721437391227	0.03805546351695515	0.12076526325235609
UP000000625	0.015633223827350037	0.031731714785670745	0.031731714785670745	0.031731714785670745	0.031731714785670745	0.03081462734329293	0.031731714785670745	0.015633223827350037	0.04599603085923582	0.031731714785670745	0.04599603085923582	0.04599603085923582	0.06535219212756868	0.06535219212756868	0.06535219212756868	0.06346342957134149	0.06346342957134149	0.09427805691463441	0.06535219212756868	0.12692685914268298
UP000000628	0.01281899496606513	0.030770116131718282	0.030770116131718282	0.030770116131718282	0.030770116131718282	0.021973110211770123	0.030770116131718282	0.01281899496606513	0.031127225457475115	0.030770116131718282	0.031127225457475115	0.031127225457475115	0.08617806379110288	0.08617806379110288	0.08617806379110288	0.061540232263436564	0.061540232263436564	0.0835133424752067	0.08617806379110288	0.12308046452687313
UP000000636	0.012081601684074657	0.03032256601126349	0.03032256601126349	0.03032256601126349	0.03032256601126349	0.02008365117194462	0.03032256601126349	0.012081601684074657	0.028085700659814583	0.03032256601126349	0.028085700659814583	0.028085700659814583	0.09156283403207548	0.09156283403207548	0.09156283403207548	0.06064513202252698	0.06064513202252698	0.08072878319447159	0.09156283403207548	0.12129026404505396
UP000000639	0.018223654011833058	0.030707981220905536	0.030707981220905536	0.030707981220905536	0.030707981220905536	0.04482513280851646	0.030707981220905536	0.018223654011833058	0.07142661160519985	0.030707981220905536	0.07142661160519985	0.07142661160519985	0.04207372300230319	0.04207372300230319	0.04207372300230319	0.06141596244181107	0.06141596244181107	0.10624109525032753	0.04207372300230319	0.12283192488362214
UP000000640	0.007284260940840272	0.02562031652768955	0.02562031652768955	0.02562031652768955	0.02562031652768955	0.010178038024080927	0.02562031652768955	0.007284260940840272	0.013071815107321581	0.02562031652768955	0.013071815107321581	0.013071815107321581	0.12898372307629002	0.12898372307629002	0.12898372307629002	0.0512406330553791	0.0512406330553791	0.061418671079460016	0.12898372307629002	0.1024812661107582
UP000000643	0.018480026599361703	0.030276549531962904	0.030276549531962904	0.030276549531962904	0.030276549531962904	0.04743019988892532	0.030276549531962904	0.018480026599361703	0.07638037317848895	0.030276549531962904	0.07638037317848895	0.07638037317848895	0.03865340874413816	0.03865340874413816	0.03865340874413816	0.06055309906392581	0.06055309906392581	0.10798329895285115	0.03865340874413816	0.12110619812785162
UP000000644	0.011311266843513836	0.029778474589275777	0.029778474589275777	0.029778474589275777	0.029778474589275777	0.018239480321511757	0.029778474589275777	0.011311266843513836	0.02516769379950968	0.029778474589275777	0.02516769379950968	0.02516769379950968	0.09723495771075184	0.09723495771075184	0.09723495771075184	0.05955694917855155	0.05955694917855155	0.07779642950006331	0.09723495771075184	0.1191138983571031
UP000000647	0.008817498357639801	0.02747948970643706	0.02747948970643706	0.02747948970643706	0.02747948970643706	0.012983628104130727	0.02747948970643706	0.008817498357639801	0.017149757850621655	0.02747948970643706	0.017149757850621655	0.017149757850621655	0.11631915955540024	0.11631915955540024	0.11631915955540024	0.05495897941287412	0.05495897941287412	0.06794260751700484	0.11631915955540024	0.10991795882574824
UP000000657	0.007056103272761398	0.025310280332343466	0.025310280332343466	0.025310280332343466	0.025310280332343466	0.009783621102426518	0.025310280332343466	0.007056103272761398	0.012511138932091638	0.025310280332343466	0.012511138932091638	0.012511138932091638	0.13095566228396344	0.13095566228396344	0.13095566228396344	0.05062056066468693	0.05062056066468693	0.06040418176711344	0.13095566228396344	0.10124112132937386
UP000000669	0.01683526515127652	0.02144265916905433	0.02144265916905433	0.02144265916905433	0.02144265916905433	0.07835076645639062	0.02144265916905433	0.01683526515127652	0.1398662677615047	0.02144265916905433	0.1398662677615047	0.1398662677615047	0.011736646698820585	0.011736646698820585	0.011736646698820585	0.04288531833810866	0.04288531833810866	0.12123608479449928	0.011736646698820585	0.08577063667621732
UP000000684	0.01796071306388968	0.031015274926791434	0.031015274926791434	0.031015274926791434	0.031015274926791434	0.04267140172208975	0.031015274926791434	0.01796071306388968	0.0673820903802898	0.031015274926791434	0.0673820903802898	0.0673820903802898	0.04508627511462719	0.04508627511462719	0.04508627511462719	0.06203054985358287	0.06203054985358287	0.1047019515756726	0.04508627511462719	0.12406109970716574
UP000000686	0.010577230157899468	0.02918813152918446	0.02918813152918446	0.02918813152918446	0.02918813152918446	0.016588642264236012	0.02918813152918446	0.010577230157899468	0.022600054370572557	0.02918813152918446	0.022600054370572557	0.022600054370572557	0.10271449689426501	0.10271449689426501	0.10271449689426501	0.05837626305836892	0.05837626305836892	0.07496490532260493	0.10271449689426501	0.11675252611673784
UP000000718	0.01886474342417117	0.028509379094744252	0.028509379094744252	0.028509379094744252	0.028509379094744252	0.05576386088338601	0.028509379094744252	0.01886474342417117	0.09266297834260086	0.028509379094744252	0.09266297834260086	0.09266297834260086	0.029150947710293758	0.029150947710293758	0.029150947710293758	0.057018758189488504	0.057018758189488504	0.11278261907287453	0.029150947710293758	0.11403751637897701
UP000000719	0.018565446165641496	0.030083207494274754	0.030083207494274754	0.030083207494274754	0.030083207494274754	0.048491035131655695	0.030083207494274754	0.018565446165641496	0.07841662409766989	0.030083207494274754	0.07841662409766989	0.07841662409766989	0.037326461300999994	0.037326461300999994	0.037326461300999994	0.06016641498854951	0.06016641498854951	0.10865745012020521	0.037326461300999994	0.12033282997709902
UP000000723	0.01886141965724408	0.02859692380372984	0.02859692380372984	0.02859692380372984	0.02859692380372984	0.055403251095433155	0.02859692380372984	0.01886141965724408	0.09194508253362224	0.02859692380372984	0.09194508253362224	0.09194508253362224	0.029521157508525332	0.029521157508525332	0.029521157508525332	0.05719384760745968	0.05719384760745968	0.11259709870289285	0.029521157508525332	0.11438769521491936
UP000000738	0.006685087549520834	0.024785715784579398	0.024785715784579398	0.024785715784579398	0.024785715784579398	0.009154084479594177	0.024785715784579398	0.006685087549520834	0.01162308140966752	0.024785715784579398	0.01162308140966752	0.01162308140966752	0.13422023978987424	0.13422023978987424	0.13422023978987424	0.049571431569158796	0.049571431569158796	0.05872551604875297	0.13422023978987424	0.09914286313831759
UP000000739	0.014225153693627054	0.03141266537347988	0.03141266537347988	0.03141266537347988	0.03141266537347988	0.02599852737194209	0.03141266537347988	0.014225153693627054	0.03777190105025712	0.03141266537347988	0.03777190105025712	0.03777190105025712	0.07590857218560308	0.07590857218560308	0.07590857218560308	0.06282533074695976	0.06282533074695976	0.08882385811890184	0.07590857218560308	0.1256506614939195
UP000000742	0.018074062600114512	0.03089504209441937	0.03089504209441937	0.03089504209441937	0.03089504209441937	0.043553530765395275	0.03089504209441937	0.018074062600114512	0.06903299893067603	0.03089504209441937	0.06903299893067603	0.06903299893067603	0.04383128574156057	0.04383128574156057	0.04383128574156057	0.06179008418883874	0.06179008418883874	0.105343614954234	0.04383128574156057	0.12358016837767748
UP000000746	0.015634564081955873	0.03173183169613044	0.03173183169613044	0.03173183169613044	0.03173183169613044	0.030819724687569557	0.03173183169613044	0.015634564081955873	0.046004885293183244	0.03173183169613044	0.046004885293183244	0.046004885293183244	0.06534186486082807	0.06534186486082807	0.06534186486082807	0.06346366339226088	0.06346366339226088	0.09428338807983044	0.06534186486082807	0.12692732678452176
UP000000747	0.015593935422620366	0.03172810911335561	0.03172810911335561	0.03172810911335561	0.03172810911335561	0.030665721968744557	0.03172810911335561	0.015593935422620366	0.04573750851486874	0.03172810911335561	0.04573750851486874	0.04573750851486874	0.06565460346474353	0.06565460346474353	0.06565460346474353	0.06345621822671121	0.06345621822671121	0.09412194019545576	0.06565460346474353	0.12691243645342243
