	AAA	AAC	AAG	AAT	ACA	ACC	ACG	ACT	AGA	AGC	AGG	AGT	ATA	ATC	ATG	ATT	CAA	CAC	CAG	CAT	CCA	CCC	CCG	CCT	CGA	CGC	CGG	CGT	CTA	CTC	CTG	CTT	GAA	GAC	GAG	GAT	GCA	GCC	GCG	GCT	GGA	GGC	GGG	GGT	GTA	GTC	GTG	GTT	TAA	TAC	TAG	TAT	TCA	TCC	TCG	TCT	TGA	TGC	TGG	TGT	TTA	TTC	TTG	TTT
Start	537360.0	246611.0	294118.0	243286.0	186958.0	356389.0	215440.0	141983.0	124159.0	260133.0	71474.0	138464.0	123298.0	258257.0	2603729.0	215808.0	172184.0	107381.0	176880.0	88244.0	88769.0	157133.0	158843.0	86580.0	93264.0	200396.0	103726.0	121476.0	54598.0	150920.0	224357.0	109030.0	295604.0	243763.0	186664.0	208939.0	203718.0	243054.0	195158.0	146394.0	98907.0	129005.0	70210.0	82184.0	87859.0	139736.0	636854.0	109408.0	105.0	88574.0	62.0	99879.0	113869.0	153781.0	114367.0	102606.0	493.0	33016.0	78657.0	24870.0	132436.0	140469.0	276328.0	166255.0
AAA	2024664.0	694870.0	887336.0	1164834.0	569366.0	641513.0	399287.0	499347.0	393080.0	479242.0	165993.0	443048.0	681701.0	889989.0	869177.0	1319279.0	868611.0	295679.0	702427.0	462210.0	390509.0	319245.0	467326.0	433336.0	183591.0	515960.0	251830.0	409721.0	303661.0	439696.0	881073.0	670074.0	2260416.0	832711.0	1024578.0	1525437.0	785355.0	895865.0	672843.0	745217.0	585074.0	760471.0	332230.0	662043.0	617146.0	529883.0	659808.0	794674.0	62384.0	503462.0	20119.0	918811.0	442327.0	345204.0	291787.0	476754.0	35208.0	158467.0	446032.0	171183.0	975845.0	572984.0	598514.0	1100350.0
AAC	694870.0	860066.0	800463.0	492026.0	257864.0	1068654.0	582663.0	229225.0	135207.0	561996.0	112443.0	199835.0	225328.0	1273102.0	785583.0	596352.0	411374.0	486976.0	943659.0	277207.0	183823.0	478127.0	763988.0	196340.0	122552.0	934202.0	475234.0	305804.0	131215.0	784064.0	1563503.0	335326.0	975821.0	1231949.0	1074478.0	742972.0	440359.0	1545572.0	1150365.0	384464.0	335219.0	1504116.0	426678.0	496165.0	289460.0	1020178.0	1099097.0	403660.0	19322.0	679148.0	9360.0	449821.0	195809.0	470276.0	501756.0	199034.0	23256.0	239710.0	535304.0	93095.0	296020.0	943094.0	376680.0	505203.0
AAG	887336.0	800463.0	1321794.0	551061.0	276343.0	1082408.0	606746.0	249808.0	181376.0	586884.0	159247.0	231307.0	287812.0	1306982.0	819486.0	640868.0	430205.0	476375.0	1033172.0	312546.0	211457.0	572829.0	900376.0	255156.0	143001.0	1066234.0	568924.0	338035.0	146458.0	861899.0	1625304.0	413592.0	1413167.0	1564202.0	1726371.0	978567.0	506148.0	1839901.0	1352876.0	479786.0	375524.0	1550702.0	465325.0	502434.0	311896.0	1085365.0	1110535.0	441893.0	35222.0	681303.0	18727.0	518481.0	213032.0	517192.0	529566.0	229090.0	49262.0	216352.0	511661.0	94125.0	338114.0	933262.0	419925.0	546522.0
AAT	1164834.0	492026.0	551061.0	895674.0	415591.0	484474.0	324269.0	373057.0	266195.0	346452.0	113811.0	338193.0	487322.0	651915.0	625852.0	967710.0	604710.0	209944.0	523802.0	350858.0	255872.0	216695.0	324743.0	282202.0	128961.0	370381.0	192018.0	278591.0	211956.0	322881.0	660803.0	457115.0	1226329.0	516713.0	606107.0	1009691.0	552756.0	653953.0	515989.0	523071.0	439609.0	594157.0	267881.0	505735.0	447186.0	422859.0	548272.0	582290.0	27610.0	348151.0	9526.0	693614.0	321377.0	246983.0	241515.0	339936.0	18139.0	128175.0	346776.0	138455.0	683254.0	442430.0	446297.0	811330.0
ACA	569366.0	257864.0	276343.0	415591.0	277246.0	262298.0	193090.0	205866.0	135603.0	181574.0	61526.0	169604.0	241958.0	341678.0	351259.0	502340.0	299219.0	121903.0	253852.0	178718.0	169069.0	133626.0	194547.0	167895.0	75164.0	190325.0	110345.0	147871.0	116729.0	186532.0	334077.0	262021.0	602224.0	291873.0	310412.0	494315.0	348914.0	351743.0	287881.0	298057.0	281535.0	324553.0	158541.0	307435.0	250582.0	228119.0	275459.0	319282.0	12939.0	171863.0	5255.0	314746.0	184859.0	136131.0	128760.0	181636.0	11684.0	67590.0	174300.0	74039.0	353264.0	227784.0	235571.0	404106.0
ACC	641513.0	1068654.0	1082408.0	484474.0	262298.0	1934484.0	892076.0	236693.0	108681.0	829111.0	152634.0	220485.0	179443.0	1822891.0	1077736.0	605903.0	420826.0	797852.0	1337320.0	349511.0	214662.0	954965.0	1399163.0	238048.0	171758.0	1634281.0	937998.0	401769.0	131054.0	1407492.0	2703368.0	370618.0	1117946.0	2090809.0	1741556.0	888385.0	546281.0	2932223.0	1983309.0	454162.0	454545.0	2677482.0	769482.0	700071.0	289377.0	1778766.0	1734704.0	414167.0	13542.0	850838.0	10388.0	450088.0	186534.0	758540.0	746529.0	184989.0	34091.0	360892.0	734627.0	108186.0	250201.0	1280491.0	493586.0	502526.0
ACG	399287.0	582663.0	606746.0	324269.0	193090.0	892076.0	656978.0	151546.0	76399.0	475814.0	100860.0	150519.0	120266.0	999145.0	630319.0	416316.0	270844.0	415168.0	761928.0	239115.0	149205.0	490198.0	858808.0	165183.0	119707.0	871888.0	558950.0	253529.0	85959.0	773136.0	1465408.0	261894.0	679130.0	1090120.0	1003422.0	575700.0	373455.0	1467791.0	1347860.0	308209.0	297949.0	1399922.0	485766.0	415979.0	190560.0	948605.0	1022230.0	283458.0	11130.0	461007.0	8511.0	307978.0	134813.0	406746.0	507105.0	131683.0	27382.0	206962.0	427516.0	72787.0	184386.0	740753.0	341671.0	346204.0
ACT	499347.0	229225.0	249808.0	373057.0	205866.0	236693.0	151546.0	199256.0	116021.0	157416.0	50384.0	156466.0	197714.0	289629.0	300370.0	427479.0	267826.0	105741.0	224802.0	151998.0	139689.0	115691.0	163567.0	151373.0	62581.0	167684.0	88282.0	141707.0	100359.0	152948.0	289406.0	212900.0	526787.0	252808.0	275777.0	448790.0	282608.0	307329.0	244307.0	282951.0	236974.0	294108.0	140255.0	297807.0	212775.0	194299.0	246863.0	285726.0	10431.0	147766.0	4267.0	266131.0	152490.0	117963.0	108512.0	165895.0	9055.0	58512.0	150559.0	66410.0	301388.0	190120.0	210166.0	338730.0
AGA	393080.0	135207.0	181376.0	266195.0	135603.0	108681.0	76399.0	116021.0	143334.0	92914.0	57693.0	104302.0	189600.0	159724.0	191226.0	284119.0	170601.0	59276.0	132820.0	103453.0	92068.0	64984.0	85749.0	105399.0	46651.0	86262.0	58015.0	75584.0	71570.0	89311.0	146365.0	165225.0	450435.0	159782.0	223680.0	325459.0	179733.0	156781.0	121549.0	167967.0	172639.0	132371.0	81859.0	153683.0	144520.0	96900.0	121685.0	179056.0	12963.0	98469.0	5077.0	208385.0	109423.0	70992.0	59245.0	118197.0	11326.0	33994.0	95947.0	42892.0	224579.0	111701.0	125559.0	250633.0
AGC	479242.0	561996.0	586884.0	346452.0	181574.0	829111.0	475814.0	157416.0	92914.0	537380.0	101671.0	171115.0	145753.0	895684.0	575532.0	408419.0	305401.0	377248.0	764567.0	230731.0	143593.0	438833.0	690648.0	160837.0	109666.0	839899.0	461401.0	244282.0	97433.0	665508.0	1367037.0	262416.0	710656.0	962965.0	879603.0	572623.0	366896.0	1403085.0	1083064.0	313098.0	279054.0	1279429.0	401277.0	383246.0	193823.0	787646.0	887603.0	269941.0	13991.0	446063.0	9195.0	317744.0	144346.0	375330.0	414657.0	142311.0	25266.0	182531.0	403983.0	68473.0	196221.0	669251.0	320576.0	374355.0
AGG	165993.0	112443.0	159247.0	113811.0	61526.0	152634.0	100860.0	50384.0	57693.0	101671.0	62910.0	52682.0	80465.0	173598.0	139172.0	125351.0	84192.0	78065.0	163503.0	66787.0	47278.0	109587.0	152592.0	61410.0	39808.0	162799.0	132750.0	61327.0	32684.0	144365.0	252703.0	96718.0	257479.0	231924.0	296139.0	186024.0	108524.0	284089.0	228344.0	96464.0	98121.0	212032.0	110897.0	94220.0	67413.0	158056.0	179688.0	91130.0	7490.0	97153.0	5141.0	100841.0	51686.0	91554.0	86765.0	52631.0	24258.0	41563.0	98067.0	23538.0	74340.0	130535.0	91544.0	122607.0
AGT	443048.0	199835.0	231307.0	338193.0	169604.0	220485.0	150519.0	156466.0	104302.0	171115.0	52682.0	167634.0	177872.0	266011.0	266913.0	388539.0	249738.0	96980.0	236379.0	145046.0	115071.0	111991.0	163769.0	129057.0	64881.0	177038.0	106333.0	132485.0	93925.0	157001.0	321100.0	196314.0	461473.0	229720.0	272559.0	404986.0	253107.0	328996.0	273217.0	247855.0	208435.0	288846.0	150273.0	254995.0	178090.0	193615.0	259624.0	239170.0	10981.0	143382.0	4680.0	262263.0	141958.0	116646.0	118183.0	148433.0	9788.0	55097.0	154270.0	60985.0	280707.0	184990.0	211306.0	338301.0
ATA	681701.0	225328.0	287812.0	487322.0	241958.0	179443.0	120266.0	197714.0	189600.0	145753.0	80465.0	177872.0	417898.0	256221.0	322120.0	500515.0	251459.0	88551.0	190483.0	169468.0	140109.0	95210.0	121277.0	160061.0	56230.0	112806.0	70213.0	96401.0	130411.0	137840.0	260976.0	281932.0	600947.0	228236.0	273800.0	513509.0	291376.0	235304.0	174535.0	261817.0	293625.0	223843.0	133807.0	257925.0	263336.0	146502.0	204094.0	296168.0	14723.0	147034.0	5682.0	334826.0	183666.0	108677.0	89540.0	188541.0	7917.0	62616.0	129010.0	84514.0	419779.0	180280.0	224319.0	452197.0
ATC	889989.0	1273102.0	1306982.0	651915.0	341678.0	1822891.0	999145.0	289629.0	159724.0	895684.0	173598.0	266011.0	256221.0	2249696.0	1355823.0	830098.0	500707.0	851344.0	1446927.0	459947.0	262669.0	893144.0	1455390.0	288169.0	199574.0	1744706.0	932290.0	482781.0	184939.0	1568771.0	3029501.0	522908.0	1405943.0	2260938.0	1890189.0	1187756.0	654669.0	2832501.0	2162514.0	550196.0	563206.0	2906127.0	839296.0	838922.0	370318.0	1835230.0	1932773.0	533405.0	18904.0	910262.0	12473.0	564901.0	247633.0	784945.0	878036.0	249098.0	33805.0	431650.0	707392.0	143891.0	374152.0	1452634.0	648055.0	653829.0
ATG	869177.0	785583.0	819486.0	625852.0	351259.0	1077736.0	630319.0	300370.0	191226.0	575532.0	139172.0	266913.0	322120.0	1355823.0	1168510.0	848951.0	494022.0	521319.0	963199.0	398955.0	256003.0	541143.0	861496.0	282857.0	161684.0	1011130.0	533756.0	392841.0	188227.0	911731.0	1854087.0	503718.0	1183458.0	1252007.0	1123071.0	974300.0	613757.0	1719923.0	1339473.0	545790.0	483961.0	1701662.0	553333.0	680421.0	381735.0	1046482.0	1177402.0	530507.0	18149.0	621863.0	9384.0	573080.0	264183.0	511031.0	542462.0	276830.0	21975.0	263624.0	536693.0	137582.0	481539.0	1016341.0	558978.0	747716.0
ATT	1319279.0	596352.0	640868.0	967710.0	502340.0	605903.0	416316.0	427479.0	284119.0	408419.0	125351.0	388539.0	500515.0	830098.0	848951.0	1277148.0	651135.0	275826.0	589447.0	436277.0	341042.0	284643.0	445096.0	362951.0	163295.0	465499.0	238622.0	374248.0	270201.0	419817.0	908780.0	590942.0	1384578.0	661277.0	692342.0	1238283.0	702003.0	807579.0	671620.0	652776.0	601004.0	832575.0	390358.0	744335.0	523500.0	512787.0	704756.0	713711.0	25904.0	377877.0	9765.0	692878.0	378213.0	305133.0	297762.0	396686.0	16759.0	170836.0	356413.0	185769.0	858270.0	503831.0	620429.0	944801.0
CAA	868611.0	411374.0	430205.0	604710.0	299219.0	420826.0	270844.0	267826.0	170601.0	305401.0	84192.0	249738.0	251459.0	500707.0	494022.0	651135.0	660004.0	209641.0	527913.0	283001.0	227852.0	227065.0	306647.0	235303.0	137040.0	401650.0	204294.0	268549.0	179581.0	313662.0	582107.0	337777.0	1116028.0	545693.0	603247.0	844503.0	459232.0	653710.0	505932.0	435831.0	311814.0	510941.0	226738.0	386879.0	288327.0	344811.0	427069.0	391498.0	22699.0	269621.0	8585.0	448184.0	230285.0	204299.0	200831.0	244251.0	17210.0	94521.0	303833.0	91048.0	513240.0	330819.0	391991.0	543073.0
CAC	295679.0	486976.0	476375.0	209944.0	121903.0	797852.0	415168.0	105741.0	59276.0	377248.0	78065.0	96980.0	88551.0	851344.0	521319.0	275826.0	209641.0	549340.0	650667.0	224087.0	109373.0	457255.0	688211.0	114796.0	95756.0	847723.0	508003.0	201032.0	67420.0	711155.0	1327011.0	180004.0	575850.0	1090919.0	961708.0	429002.0	254539.0	1360984.0	994412.0	212500.0	211180.0	1196750.0	371142.0	304154.0	137213.0	844357.0	868801.0	191486.0	8610.0	463516.0	6667.0	222741.0	90156.0	338816.0	353043.0	87040.0	21312.0	200797.0	417176.0	60064.0	123968.0	660067.0	236244.0	246413.0
CAG	702427.0	943659.0	1033172.0	523802.0	253852.0	1337320.0	761928.0	224802.0	132820.0	764567.0	163503.0	236379.0	190483.0	1446927.0	963199.0	589447.0	527913.0	650667.0	1609112.0	376887.0	212327.0	729475.0	1190213.0	250016.0	181044.0	1524597.0	874191.0	439341.0	135928.0	1141016.0	2373705.0	403961.0	1359736.0	1930064.0	1907014.0	1053875.0	565774.0	2446521.0	1878377.0	494696.0	392892.0	1999739.0	632523.0	580084.0	278421.0	1284510.0	1427752.0	402391.0	20520.0	752381.0	13919.0	489276.0	195834.0	614709.0	662672.0	204187.0	37940.0	276449.0	708248.0	99890.0	270150.0	1104748.0	514020.0	524378.0
CAT	462210.0	277207.0	312546.0	350858.0	178718.0	349511.0	239115.0	151998.0	103453.0	230731.0	66787.0	145046.0	169468.0	459947.0	398955.0	436277.0	283001.0	224087.0	376887.0	282728.0	135454.0	196165.0	314291.0	153059.0	86520.0	368541.0	204556.0	188593.0	98139.0	282652.0	617006.0	237050.0	631600.0	433922.0	464270.0	543741.0	287027.0	577651.0	483316.0	266533.0	232205.0	522897.0	216062.0	288891.0	191832.0	348162.0	446383.0	267902.0	11823.0	224239.0	5057.0	332106.0	133341.0	168420.0	185614.0	139445.0	12289.0	115227.0	253894.0	83363.0	272379.0	320221.0	272935.0	379896.0
CCA	390509.0	183823.0	211457.0	255872.0	169069.0	214662.0	149205.0	139689.0	92068.0	143593.0	47278.0	115071.0	140109.0	262669.0	256003.0	341042.0	227852.0	109373.0	212327.0	135454.0	163994.0	139062.0	211157.0	139677.0	68457.0	196976.0	108894.0	134457.0	86710.0	157743.0	298365.0	173277.0	449357.0	242012.0	266404.0	352518.0	249071.0	314439.0	268055.0	222710.0	186946.0	275749.0	132147.0	228430.0	166188.0	191306.0	244046.0	225070.0	10508.0	138590.0	4643.0	223476.0	125049.0	106980.0	108155.0	122839.0	11651.0	54050.0	154068.0	51035.0	239830.0	188938.0	189599.0	285285.0
CCC	319245.0	478127.0	572829.0	216695.0	133626.0	954965.0	490198.0	115691.0	64984.0	438833.0	109587.0	111991.0	95210.0	893144.0	541143.0	284643.0	227065.0	457255.0	729475.0	196165.0	139062.0	769676.0	971728.0	167529.0	115844.0	1036685.0	621014.0	227109.0	71036.0	847600.0	1482393.0	206930.0	613545.0	1162973.0	1071061.0	455243.0	306709.0	1784372.0	1211926.0	258359.0	255070.0	1384430.0	461668.0	327518.0	145463.0	960822.0	976411.0	207773.0	8923.0	465012.0	9403.0	238728.0	96612.0	436703.0	400228.0	96663.0	33345.0	193933.0	448591.0	56009.0	122293.0	703517.0	276159.0	269382.0
CCG	467326.0	763988.0	900376.0	324743.0	194547.0	1399163.0	858808.0	163567.0	85749.0	690648.0	152592.0	163769.0	121277.0	1455390.0	861496.0	445096.0	306647.0	688211.0	1190213.0	314291.0	211157.0	971728.0	1757960.0	234764.0	166447.0	1567411.0	1023733.0	382176.0	89699.0	1201840.0	2505576.0	300745.0	928939.0	1763801.0	1689422.0	721309.0	480339.0	2603223.0	2211420.0	396763.0	367697.0	2186869.0	752005.0	544331.0	220041.0	1486261.0	1663671.0	328036.0	15099.0	734853.0	15361.0	386698.0	146852.0	630457.0	744928.0	140850.0	52726.0	300928.0	719117.0	84536.0	164268.0	1176561.0	447568.0	400970.0
CCT	433336.0	196340.0	255156.0	282202.0	167895.0	238048.0	165183.0	151373.0	105399.0	160837.0	61410.0	129057.0	160061.0	288169.0	282857.0	362951.0	235303.0	114796.0	250016.0	153059.0	139677.0	167529.0	234764.0	171894.0	71404.0	218212.0	126722.0	148494.0	87048.0	183162.0	345132.0	204661.0	497834.0	264366.0	319209.0	393446.0	258710.0	371032.0	304294.0	255791.0	214383.0	315562.0	160789.0	251746.0	182192.0	218077.0	286206.0	247962.0	10209.0	152980.0	4891.0	252525.0	126640.0	130516.0	123840.0	142434.0	11389.0	62633.0	172764.0	59951.0	247429.0	203664.0	212902.0	315978.0
CGA	183591.0	122552.0	143001.0	128961.0	75164.0	171758.0	119707.0	62581.0	46651.0	109666.0	39808.0	64881.0	56230.0	199574.0	161684.0	163295.0	137040.0	95756.0	181044.0	86520.0	68457.0	115844.0	166447.0	71404.0	79130.0	208551.0	143803.0	100094.0	46584.0	162972.0	266755.0	100244.0	307939.0	246566.0	279831.0	229571.0	138462.0	304969.0	255937.0	125189.0	113078.0	234612.0	111794.0	123914.0	72021.0	175226.0	192035.0	107235.0	6970.0	97686.0	4697.0	113101.0	58971.0	90108.0	98803.0	59117.0	14039.0	42877.0	116241.0	27389.0	100610.0	134865.0	121716.0	134168.0
CGC	515960.0	934202.0	1066234.0	370381.0	190325.0	1634281.0	871888.0	167684.0	86262.0	839899.0	162799.0	177038.0	112806.0	1744706.0	1011130.0	465499.0	401650.0	847723.0	1524597.0	368541.0	196976.0	1036685.0	1567411.0	218212.0	208551.0	2255534.0	1180978.0	493233.0	107871.0	1554538.0	2920490.0	341762.0	1427892.0	2536740.0	2553373.0	971568.0	509542.0	3288289.0	2345512.0	419536.0	374307.0	2614073.0	749805.0	567593.0	215668.0	1707134.0	1771326.0	323375.0	17401.0	845630.0	16275.0	408614.0	146825.0	713900.0	772929.0	142563.0	59035.0	330973.0	805531.0	82309.0	161921.0	1256303.0	473032.0	396050.0
CGG	251830.0	475234.0	568924.0	192018.0	110345.0	937998.0	558950.0	88282.0	58015.0	461401.0	132750.0	106333.0	70213.0	932290.0	533756.0	238622.0	204294.0	508003.0	874191.0	204556.0	108894.0	621014.0	1023733.0	126722.0	143803.0	1180978.0	1029272.0	261938.0	58751.0	887101.0	1777133.0	192761.0	724214.0	1543061.0	1726729.0	529948.0	293061.0	1979516.0	1665045.0	244032.0	255001.0	1445970.0	622066.0	331343.0	122861.0	1033201.0	1138423.0	180662.0	10284.0	469420.0	12680.0	218084.0	86743.0	442113.0	496939.0	78641.0	43682.0	191271.0	498817.0	52262.0	88059.0	719162.0	295647.0	220555.0
CGT	409721.0	305804.0	338035.0	278591.0	147871.0	401769.0	253529.0	141707.0	75584.0	244282.0	61327.0	132485.0	96401.0	482781.0	392841.0	374248.0	268549.0	201032.0	439341.0	188593.0	134457.0	227109.0	382176.0	148494.0	100094.0	493233.0	261938.0	299150.0	80620.0	327620.0	694780.0	211742.0	714891.0	558020.0	621243.0	546667.0	293865.0	711754.0	581509.0	286733.0	200452.0	587623.0	225096.0	346709.0	168191.0	394174.0	483136.0	253816.0	11788.0	234311.0	5790.0	252636.0	119023.0	197637.0	207610.0	133207.0	15955.0	89484.0	242732.0	58848.0	202813.0	323047.0	263766.0	280140.0
CTA	303661.0	131215.0	146458.0	211956.0	116729.0	131054.0	85959.0	100359.0	71570.0	97433.0	32684.0	93925.0	130411.0	184939.0	188227.0	270201.0	179581.0	67420.0	135928.0	98139.0	86710.0	71036.0	89699.0	87048.0	46584.0	107871.0	58751.0	80620.0	92098.0	114682.0	197527.0	146405.0	326290.0	155018.0	177778.0	272289.0	171050.0	193917.0	149405.0	160343.0	143634.0	179109.0	94963.0	164436.0	125175.0	117306.0	147987.0	156780.0	7737.0	95447.0	3332.0	166789.0	88694.0	66483.0	62684.0	93578.0	5243.0	38710.0	95056.0	42756.0	217442.0	126301.0	151673.0	236935.0
CTC	439696.0	784064.0	861899.0	322881.0	186532.0	1407492.0	773136.0	152948.0	89311.0	665508.0	144365.0	157001.0	137840.0	1568771.0	911731.0	419817.0	313662.0	711155.0	1141016.0	282652.0	157743.0	847600.0	1201840.0	183162.0	162972.0	1554538.0	887101.0	327620.0	114682.0	1734868.0	2526989.0	360419.0	879155.0	1877075.0	1669302.0	707074.0	441456.0	2643988.0	1968118.0	359110.0	414294.0	2384638.0	768139.0	533321.0	206074.0	1648205.0	1516376.0	300494.0	10764.0	727932.0	10481.0	335375.0	132322.0	614318.0	640823.0	128143.0	35651.0	327417.0	603914.0	84942.0	175108.0	1170327.0	432546.0	377841.0
CTG	881073.0	1563503.0	1625304.0	660803.0	334077.0	2703368.0	1465408.0	289406.0	146365.0	1367037.0	252703.0	321100.0	260976.0	3029501.0	1854087.0	908780.0	582107.0	1327011.0	2373705.0	617006.0	298365.0	1482393.0	2505576.0	345132.0	266755.0	2920490.0	1777133.0	694780.0	197527.0	2526989.0	5775266.0	640943.0	1801996.0	3467561.0	3057371.0	1476309.0	865718.0	5070464.0	3965320.0	706039.0	724768.0	4653576.0	1519219.0	1118112.0	432209.0	2825781.0	3267183.0	612023.0	23906.0	1370859.0	19510.0	718734.0	255237.0	1153374.0	1298853.0	249626.0	61078.0	663613.0	1216538.0	181026.0	323714.0	2307750.0	973999.0	832303.0
CTT	670074.0	335326.0	413592.0	457115.0	262021.0	370618.0	261894.0	212900.0	165225.0	262416.0	96718.0	196314.0	281932.0	522908.0	503718.0	590942.0	337777.0	180004.0	403961.0	237050.0	173277.0	206930.0	300745.0	204661.0	100244.0	341762.0	192761.0	211742.0	146405.0	360419.0	640943.0	420272.0	785508.0	455455.0	512769.0	657903.0	413205.0	603386.0	491199.0	378556.0	369476.0	562020.0	273392.0	402911.0	275254.0	362720.0	441817.0	388682.0	13322.0	245451.0	6073.0	385744.0	193442.0	200251.0	194147.0	203418.0	11715.0	114751.0	235678.0	96758.0	380981.0	354308.0	352746.0	518159.0
GAA	2260416.0	975821.0	1413167.0	1226329.0	602224.0	1117946.0	679130.0	526787.0	450435.0	710656.0	257479.0	461473.0	600947.0	1405943.0	1183458.0	1384578.0	1116028.0	575850.0	1359736.0	631600.0	449357.0	613545.0	928939.0	497834.0	307939.0	1427892.0	724214.0	714891.0	326290.0	879155.0	1801996.0	785508.0	2562396.0	1440429.0	1597708.0	1702694.0	990875.0	1924518.0	1437617.0	920632.0	709647.0	1513440.0	556726.0	849764.0	658074.0	1016094.0	1186251.0	884161.0	47653.0	709100.0	18869.0	970392.0	445314.0	539376.0	510570.0	481763.0	43650.0	261398.0	654830.0	192916.0	935321.0	937255.0	778508.0	1121770.0
GAC	832711.0	1231949.0	1564202.0	516713.0	291873.0	2090809.0	1090120.0	252808.0	159782.0	962965.0	231924.0	229720.0	228236.0	2260938.0	1252007.0	661277.0	545693.0	1090919.0	1930064.0	433922.0	242012.0	1162973.0	1763801.0	264366.0	246566.0	2536740.0	1543061.0	558020.0	155018.0	1877075.0	3467561.0	455455.0	1440429.0	2876214.0	2543758.0	1044722.0	657892.0	3879603.0	2823497.0	540958.0	499055.0	3060391.0	905426.0	722215.0	355801.0	2376151.0	2322789.0	499658.0	17852.0	1179555.0	14579.0	557337.0	211743.0	889014.0	914656.0	206745.0	46633.0	454639.0	976206.0	120255.0	276432.0	1754717.0	567770.0	574692.0
GAG	1024578.0	1074478.0	1726371.0	606107.0	310412.0	1741556.0	1003422.0	275777.0	223680.0	879603.0	296139.0	272559.0	273800.0	1890189.0	1123071.0	692342.0	603247.0	961708.0	1907014.0	464270.0	266404.0	1071061.0	1689422.0	319209.0	279831.0	2553373.0	1726729.0	621243.0	177778.0	1669302.0	3057371.0	512769.0	1597708.0	2543758.0	2957858.0	1154395.0	690204.0	3559159.0	2799807.0	626739.0	516828.0	2652215.0	940634.0	700429.0	355245.0	1883115.0	1930397.0	503664.0	26387.0	974326.0	19050.0	572531.0	236030.0	806444.0	842007.0	253250.0	89859.0	365643.0	852252.0	123650.0	354041.0	1441827.0	585183.0	612193.0
GAT	1525437.0	742972.0	978567.0	1009691.0	494315.0	888385.0	575700.0	448790.0	325459.0	572623.0	186024.0	404986.0	513509.0	1187756.0	974300.0	1238283.0	844503.0	429002.0	1053875.0	543741.0	352518.0	455243.0	721309.0	393446.0	229571.0	971568.0	529948.0	546667.0	272289.0	707074.0	1476309.0	657903.0	1702694.0	1044722.0	1154395.0	1458136.0	802137.0	1457051.0	1193591.0	769553.0	589055.0	1194601.0	494637.0	772329.0	583285.0	888962.0	1120987.0	815793.0	25919.0	577304.0	11364.0	888890.0	372659.0	425141.0	440561.0	406172.0	25912.0	235493.0	567493.0	191199.0	775295.0	806032.0	699615.0	1033157.0
GCA	785355.0	440359.0	506148.0	552756.0	348914.0	546281.0	373455.0	282608.0	179733.0	366896.0	108524.0	253107.0	291376.0	654669.0	613757.0	702003.0	459232.0	254539.0	565774.0	287027.0	249071.0	306709.0	480339.0	258710.0	138462.0	509542.0	293061.0	293865.0	171050.0	441456.0	865718.0	413205.0	990875.0	657892.0	690204.0	802137.0	742480.0	1071469.0	901073.0	619961.0	472364.0	834449.0	360392.0	579392.0	357886.0	502340.0	615586.0	473956.0	19659.0	308092.0	9085.0	445115.0	262875.0	283208.0	291194.0	264351.0	23705.0	141878.0	321579.0	114908.0	472769.0	454701.0	426182.0	582966.0
GCC	895865.0	1545572.0	1839901.0	653953.0	351743.0	2932223.0	1467791.0	307329.0	156781.0	1403085.0	284089.0	328996.0	235304.0	2832501.0	1719923.0	807579.0	653710.0	1360984.0	2446521.0	577651.0	314439.0	1784372.0	2603223.0	371032.0	304969.0	3288289.0	1979516.0	711754.0	193917.0	2643988.0	5070464.0	603386.0	1924518.0	3879603.0	3559159.0	1457051.0	1071469.0	7010408.0	4725783.0	918692.0	789935.0	4947254.0	1548304.0	1180175.0	411228.0	3005195.0	3087695.0	588361.0	21161.0	1308836.0	20183.0	652502.0	268449.0	1308955.0	1301697.0	262177.0	70997.0	615003.0	1223350.0	165982.0	324015.0	2101500.0	845639.0	723897.0
GCG	672843.0	1150365.0	1352876.0	515989.0	287881.0	1983309.0	1347860.0	244307.0	121549.0	1083064.0	228344.0	273217.0	174535.0	2162514.0	1339473.0	671620.0	505932.0	994412.0	1878377.0	483316.0	268055.0	1211926.0	2211420.0	304294.0	255937.0	2345512.0	1665045.0	581509.0	149405.0	1968118.0	3965320.0	491199.0	1437617.0	2823497.0	2799807.0	1193591.0	901073.0	4725783.0	4455966.0	744111.0	621630.0	3714013.0	1364382.0	958198.0	326821.0	2253511.0	2605318.0	497047.0	21076.0	983627.0	20442.0	541503.0	229054.0	945564.0	1216450.0	226131.0	67374.0	485984.0	977983.0	142097.0	274843.0	1701304.0	740526.0	597653.0
GCT	745217.0	384464.0	479786.0	523071.0	298057.0	454162.0	308209.0	282951.0	167967.0	313098.0	96464.0	247855.0	261817.0	550196.0	545790.0	652776.0	435831.0	212500.0	494696.0	266533.0	222710.0	258359.0	396763.0	255791.0	125189.0	419536.0	244032.0	286733.0	160343.0	359110.0	706039.0	378556.0	920632.0	540958.0	626739.0	769553.0	619961.0	918692.0	744111.0	667562.0	436991.0	707208.0	335769.0	580321.0	326971.0	425748.0	545054.0	466645.0	17287.0	267389.0	7709.0	414117.0	235256.0	246421.0	246044.0	264197.0	18331.0	119208.0	280542.0	111761.0	447354.0	375253.0	409743.0	534602.0
GGA	585074.0	335219.0	375524.0	439609.0	281535.0	454545.0	297949.0	236974.0	172639.0	279054.0	98121.0	208435.0	293625.0	563206.0	483961.0	601004.0	311814.0	211180.0	392892.0	232205.0	186946.0	255070.0	367697.0	214383.0	113078.0	374307.0	255001.0	200452.0	143634.0	414294.0	724768.0	369476.0	709647.0	499055.0	516828.0	589055.0	472364.0	789935.0	621630.0	436991.0	470118.0	666201.0	319133.0	446872.0	325921.0	484575.0	528310.0	425660.0	16455.0	294362.0	8010.0	425584.0	210759.0	259769.0	234698.0	228770.0	45593.0	136968.0	292923.0	114715.0	417869.0	430185.0	337557.0	544977.0
GGC	760471.0	1504116.0	1550702.0	594157.0	324553.0	2677482.0	1399922.0	294108.0	132371.0	1279429.0	212032.0	288846.0	223843.0	2906127.0	1701662.0	832575.0	510941.0	1196750.0	1999739.0	522897.0	275749.0	1384430.0	2186869.0	315562.0	234612.0	2614073.0	1445970.0	587623.0	179109.0	2384638.0	4653576.0	562020.0	1513440.0	3060391.0	2652215.0	1194601.0	834449.0	4947254.0	3714013.0	707208.0	666201.0	4560226.0	1225468.0	1076409.0	407807.0	2971280.0	3021124.0	605015.0	20849.0	1397346.0	18138.0	695758.0	246617.0	1181322.0	1267402.0	246293.0	58303.0	668711.0	1209007.0	175550.0	318415.0	2236994.0	758824.0	739220.0
GGG	332230.0	426678.0	465325.0	267881.0	158541.0	769482.0	485766.0	140255.0	81859.0	401277.0	110897.0	150273.0	133807.0	839296.0	553333.0	390358.0	226738.0	371142.0	632523.0	216062.0	132147.0	461668.0	752005.0	160789.0	111794.0	749805.0	622066.0	225096.0	94963.0	768139.0	1519219.0	273392.0	556726.0	905426.0	940634.0	494637.0	360392.0	1548304.0	1364382.0	335769.0	319133.0	1225468.0	601308.0	415015.0	194172.0	897579.0	1042064.0	288619.0	11323.0	421695.0	10098.0	303785.0	127794.0	391273.0	435528.0	137401.0	44958.0	214236.0	422038.0	89157.0	208087.0	693774.0	354861.0	375197.0
GGT	662043.0	496165.0	502434.0	505735.0	307435.0	700071.0	415979.0	297807.0	153683.0	383246.0	94220.0	254995.0	257925.0	838922.0	680421.0	744335.0	386879.0	304154.0	580084.0	288891.0	228430.0	327518.0	544331.0	251746.0	123914.0	567593.0	331343.0	346709.0	164436.0	533321.0	1118112.0	402911.0	849764.0	722215.0	700429.0	772329.0	579392.0	1180175.0	958198.0	580321.0	446872.0	1076409.0	415015.0	758144.0	372019.0	710631.0	843471.0	545170.0	14627.0	402364.0	7100.0	481987.0	240541.0	335749.0	345173.0	266993.0	21656.0	179714.0	392791.0	140484.0	453319.0	595484.0	460391.0	606346.0
GTA	617146.0	289460.0	311896.0	447186.0	250582.0	289377.0	190560.0	212775.0	144520.0	193823.0	67413.0	178090.0	263336.0	370318.0	381735.0	523500.0	288327.0	137213.0	278421.0	191832.0	166188.0	145463.0	220041.0	182192.0	72021.0	215668.0	122861.0	168191.0	125175.0	206074.0	432209.0	275254.0	658074.0	355801.0	355245.0	583285.0	357886.0	411228.0	326821.0	326971.0	325921.0	407807.0	194172.0	372019.0	291844.0	244179.0	330895.0	336542.0	15091.0	195674.0	5295.0	331936.0	176052.0	148749.0	135029.0	191368.0	9960.0	80073.0	172450.0	85112.0	373688.0	255518.0	269756.0	437062.0
GTC	529883.0	1020178.0	1085365.0	422859.0	228119.0	1778766.0	948605.0	194299.0	96900.0	787646.0	158056.0	193615.0	146502.0	1835230.0	1046482.0	512787.0	344811.0	844357.0	1284510.0	348162.0	191306.0	960822.0	1486261.0	218077.0	175226.0	1707134.0	1033201.0	394174.0	117306.0	1648205.0	2825781.0	362720.0	1016094.0	2376151.0	1883115.0	888962.0	502340.0	3005195.0	2253511.0	425748.0	484575.0	2971280.0	897579.0	710631.0	244179.0	2019510.0	1836449.0	380109.0	13625.0	832474.0	12135.0	395818.0	164313.0	755605.0	804410.0	157126.0	39579.0	389488.0	688860.0	104463.0	207739.0	1319688.0	494522.0	426937.0
GTG	659808.0	1099097.0	1110535.0	548272.0	275459.0	1734704.0	1022230.0	246863.0	121685.0	887603.0	179688.0	259624.0	204094.0	1932773.0	1177402.0	704756.0	427069.0	868801.0	1427752.0	446383.0	244046.0	976411.0	1663671.0	286206.0	192035.0	1771326.0	1138423.0	483136.0	147987.0	1516376.0	3267183.0	441817.0	1186251.0	2322789.0	1930397.0	1120987.0	615586.0	3087695.0	2605318.0	545054.0	528310.0	3021124.0	1042064.0	843471.0	330895.0	1836449.0	2298936.0	484160.0	17047.0	861244.0	13887.0	514790.0	208951.0	778824.0	918153.0	217661.0	43073.0	430055.0	742618.0	141254.0	294401.0	1437334.0	673774.0	604183.0
GTT	794674.0	403660.0	441893.0	582290.0	319282.0	414167.0	283458.0	285726.0	179056.0	269941.0	91130.0	239170.0	296168.0	533405.0	530507.0	713711.0	391498.0	191486.0	402391.0	267902.0	225070.0	207773.0	328036.0	247962.0	107235.0	323375.0	180662.0	253816.0	156780.0	300494.0	612023.0	388682.0	884161.0	499658.0	503664.0	815793.0	473956.0	588361.0	497047.0	466645.0	425660.0	605015.0	288619.0	545170.0	336542.0	380109.0	484160.0	506846.0	18205.0	255811.0	7256.0	425290.0	236854.0	211494.0	206614.0	254288.0	14313.0	113427.0	242802.0	113234.0	469347.0	349351.0	388015.0	563783.0
TAA	62384.0	19322.0	35222.0	27610.0	12939.0	13542.0	11130.0	10431.0	12963.0	13991.0	7490.0	10981.0	14723.0	18904.0	18149.0	25904.0	22699.0	8610.0	20520.0	11823.0	10508.0	8923.0	15099.0	10209.0	6970.0	17401.0	10284.0	11788.0	7737.0	10764.0	23906.0	13322.0	47653.0	17852.0	26387.0	25919.0	19659.0	21161.0	21076.0	17287.0	16455.0	20849.0	11323.0	14627.0	15091.0	13625.0	17047.0	18205.0	300.0	12265.0	98.0	19168.0	11533.0	8515.0	8812.0	10534.0	404.0	4859.0	13274.0	4611.0	23787.0	15475.0	17376.0	23953.0
TAC	503462.0	679148.0	681303.0	348151.0	171863.0	850838.0	461007.0	147766.0	98469.0	446063.0	97153.0	143382.0	147034.0	910262.0	621863.0	377877.0	269621.0	463516.0	752381.0	224239.0	138590.0	465012.0	734853.0	152980.0	97686.0	845630.0	469420.0	234311.0	95447.0	727932.0	1370859.0	245451.0	709100.0	1179555.0	974326.0	577304.0	308092.0	1308836.0	983627.0	267389.0	294362.0	1397346.0	421695.0	402364.0	195674.0	832474.0	861244.0	255811.0	12265.0	579248.0	7209.0	324654.0	132035.0	395223.0	413354.0	131228.0	18587.0	204993.0	438194.0	70588.0	203451.0	806833.0	297033.0	367723.0
TAG	20119.0	9360.0	18727.0	9526.0	5255.0	10388.0	8511.0	4267.0	5077.0	9195.0	5141.0	4680.0	5682.0	12473.0	9384.0	9765.0	8585.0	6667.0	13919.0	5057.0	4643.0	9403.0	15361.0	4891.0	4697.0	16275.0	12680.0	5790.0	3332.0	10481.0	19510.0	6073.0	18869.0	14579.0	19050.0	11364.0	9085.0	20183.0	20442.0	7709.0	8010.0	18138.0	10098.0	7100.0	5295.0	12135.0	13887.0	7256.0	98.0	7209.0	70.0	7344.0	4832.0	6828.0	7454.0	4118.0	174.0	3568.0	8368.0	2120.0	7405.0	10715.0	9044.0	9087.0
TAT	918811.0	449821.0	518481.0	693614.0	314746.0	450088.0	307978.0	266131.0	208385.0	317744.0	100841.0	262263.0	334826.0	564901.0	573080.0	692878.0	448184.0	222741.0	489276.0	332106.0	223476.0	238728.0	386698.0	252525.0	113101.0	408614.0	218084.0	252636.0	166789.0	335375.0	718734.0	385744.0	970392.0	557337.0	572531.0	888890.0	445115.0	652502.0	541503.0	414117.0	425584.0	695758.0	303785.0	481987.0	331936.0	395818.0	514790.0	425290.0	19168.0	324654.0	7344.0	578620.0	243004.0	230753.0	244218.0	254393.0	13981.0	131070.0	324798.0	120004.0	516153.0	447309.0	403697.0	669154.0
TCA	442327.0	195809.0	213032.0	321377.0	184859.0	186534.0	134813.0	152490.0	109423.0	144346.0	51686.0	141958.0	183666.0	247633.0	264183.0	378213.0	230285.0	90156.0	195834.0	133341.0	125049.0	96612.0	146852.0	126640.0	58971.0	146825.0	86743.0	119023.0	88694.0	132322.0	255237.0	193442.0	445314.0	211743.0	236030.0	372659.0	262875.0	268449.0	229054.0	235256.0	210759.0	246617.0	127794.0	240541.0	176052.0	164313.0	208951.0	236854.0	11533.0	132035.0	4832.0	243004.0	161128.0	109367.0	109522.0	151722.0	11232.0	50965.0	134125.0	55756.0	272715.0	176224.0	186472.0	321863.0
TCC	345204.0	470276.0	517192.0	246983.0	136131.0	758540.0	406746.0	117963.0	70992.0	375330.0	91554.0	116646.0	108677.0	784945.0	511031.0	305133.0	204299.0	338816.0	614709.0	168420.0	106980.0	436703.0	630457.0	130516.0	90108.0	713900.0	442113.0	197637.0	66483.0	614318.0	1153374.0	200251.0	539376.0	889014.0	806444.0	425141.0	283208.0	1308955.0	945564.0	246421.0	259769.0	1181322.0	391273.0	335749.0	148749.0	755605.0	778824.0	211494.0	8515.0	395223.0	6828.0	230753.0	109367.0	427330.0	373606.0	117692.0	20723.0	161717.0	338860.0	54313.0	134013.0	597291.0	247725.0	268772.0
TCG	291787.0	501756.0	529566.0	241515.0	128760.0	746529.0	507105.0	108512.0	59245.0	414657.0	86765.0	118183.0	89540.0	878036.0	542462.0	297762.0	200831.0	353043.0	662672.0	185614.0	108155.0	400228.0	744928.0	123840.0	98803.0	772929.0	496939.0	207610.0	62684.0	640823.0	1298853.0	194147.0	510570.0	914656.0	842007.0	440561.0	291194.0	1301697.0	1216450.0	246044.0	234698.0	1267402.0	435528.0	345173.0	135029.0	804410.0	918153.0	206614.0	8812.0	413354.0	7454.0	244218.0	109522.0	373606.0	522278.0	106301.0	22850.0	177002.0	368857.0	55521.0	123048.0	688118.0	284368.0	266059.0
TCT	476754.0	199034.0	229090.0	339936.0	181636.0	184989.0	131683.0	165895.0	118197.0	142311.0	52631.0	148433.0	188541.0	249098.0	276830.0	396686.0	244251.0	87040.0	204187.0	139445.0	122839.0	96663.0	140850.0	142434.0	59117.0	142563.0	78641.0	133207.0	93578.0	128143.0	249626.0	203418.0	481763.0	206745.0	253250.0	406172.0	264351.0	262177.0	226131.0	264197.0	228770.0	246293.0	137401.0	266993.0	191368.0	157126.0	217661.0	254288.0	10534.0	131228.0	4118.0	254393.0	151722.0	117692.0	106301.0	180050.0	8096.0	49961.0	134946.0	61234.0	291478.0	173872.0	199243.0	336665.0
TGA	35208.0	23256.0	49262.0	18139.0	11684.0	34091.0	27382.0	9055.0	11326.0	25266.0	24258.0	9788.0	7917.0	33805.0	21975.0	16759.0	17210.0	21312.0	37940.0	12289.0	11651.0	33345.0	52726.0	11389.0	14039.0	59035.0	43682.0	15955.0	5243.0	35651.0	61078.0	11715.0	43650.0	46633.0	89859.0	25912.0	23705.0	70997.0	67374.0	18331.0	45593.0	58303.0	44958.0	21656.0	9960.0	39579.0	43073.0	14313.0	404.0	18587.0	174.0	13981.0	11232.0	20723.0	22850.0	8096.0	2196.0	10949.0	22245.0	4358.0	11356.0	30765.0	17925.0	16603.0
TGC	158467.0	239710.0	216352.0	128175.0	67590.0	360892.0	206962.0	58512.0	33994.0	182531.0	41563.0	55097.0	62616.0	431650.0	263624.0	170836.0	94521.0	200797.0	276449.0	115227.0	54050.0	193933.0	300928.0	62633.0	42877.0	330973.0	191271.0	89484.0	38710.0	327417.0	663613.0	114751.0	261398.0	454639.0	365643.0	235493.0	141878.0	615003.0	485984.0	119208.0	136968.0	668711.0	214236.0	179714.0	80073.0	389488.0	430055.0	113427.0	4859.0	204993.0	3568.0	131070.0	50965.0	161717.0	177002.0	49961.0	10949.0	187768.0	185058.0	63912.0	74503.0	333514.0	143164.0	161641.0
TGG	446032.0	535304.0	511661.0	346776.0	174300.0	734627.0	427516.0	150559.0	95947.0	403983.0	98067.0	154270.0	129010.0	707392.0	536693.0	356413.0	303833.0	417176.0	708248.0	253894.0	154068.0	448591.0	719117.0	172764.0	116241.0	805531.0	498817.0	242732.0	95056.0	603914.0	1216538.0	235678.0	654830.0	976206.0	852252.0	567493.0	321579.0	1223350.0	977983.0	280542.0	292923.0	1209007.0	422038.0	392791.0	172450.0	688860.0	742618.0	242802.0	13274.0	438194.0	8368.0	324798.0	134125.0	338860.0	368857.0	134946.0	22245.0	185058.0	487080.0	78621.0	212349.0	665220.0	299720.0	376964.0
TGT	171183.0	93095.0	94125.0	138455.0	74039.0	108186.0	72787.0	66410.0	42892.0	68473.0	23538.0	60985.0	84514.0	143891.0	137582.0	185769.0	91048.0	60064.0	99890.0	83363.0	51035.0	56009.0	84536.0	59951.0	27389.0	82309.0	52262.0	58848.0	42756.0	84942.0	181026.0	96758.0	192916.0	120255.0	123650.0	191199.0	114908.0	165982.0	142097.0	111761.0	114715.0	175550.0	89157.0	140484.0	85112.0	104463.0	141254.0	113234.0	4611.0	70588.0	2120.0	120004.0	55756.0	54313.0	55521.0	61234.0	4358.0	63912.0	78621.0	68210.0	126185.0	103162.0	106974.0	167189.0
TTA	975845.0	296020.0	338114.0	683254.0	353264.0	250201.0	184386.0	301388.0	224579.0	196221.0	74340.0	280707.0	419779.0	374152.0	481539.0	858270.0	513240.0	123968.0	270150.0	272379.0	239830.0	122293.0	164268.0	247429.0	100610.0	161921.0	88059.0	202813.0	217442.0	175108.0	323714.0	380981.0	935321.0	276432.0	354041.0	775295.0	472769.0	324015.0	274843.0	447354.0	417869.0	318415.0	208087.0	453319.0	373688.0	207739.0	294401.0	469347.0	23787.0	203451.0	7405.0	516153.0	272715.0	134013.0	123048.0	291478.0	11356.0	74503.0	212349.0	126185.0	798496.0	254788.0	387444.0	732842.0
TTC	572984.0	943094.0	933262.0	442430.0	227784.0	1280491.0	740753.0	190120.0	111701.0	669251.0	130535.0	184990.0	180280.0	1452634.0	1016341.0	503831.0	330819.0	660067.0	1104748.0	320221.0	188938.0	703517.0	1176561.0	203664.0	134865.0	1256303.0	719162.0	323047.0	126301.0	1170327.0	2307750.0	354308.0	937255.0	1754717.0	1441827.0	806032.0	454701.0	2101500.0	1701304.0	375253.0	430185.0	2236994.0	693774.0	595484.0	255518.0	1319688.0	1437334.0	349351.0	15475.0	806833.0	10715.0	447309.0	176224.0	597291.0	688118.0	173872.0	30765.0	333514.0	665220.0	103162.0	254788.0	1372714.0	462674.0	520094.0
TTG	598514.0	376680.0	419925.0	446297.0	235571.0	493586.0	341671.0	210166.0	125559.0	320576.0	91544.0	211306.0	224319.0	648055.0	558978.0	620429.0	391991.0	236244.0	514020.0	272935.0	189599.0	276159.0	447568.0	212902.0	121716.0	473032.0	295647.0	263766.0	151673.0	432546.0	973999.0	352746.0	778508.0	567770.0	585183.0	699615.0	426182.0	845639.0	740526.0	409743.0	337557.0	758824.0	354861.0	460391.0	269756.0	494522.0	673774.0	388015.0	17376.0	297033.0	9044.0	403697.0	186472.0	247725.0	284368.0	199243.0	17925.0	143164.0	299720.0	106974.0	387444.0	462674.0	553740.0	551022.0
TTT	1100350.0	505203.0	546522.0	811330.0	404106.0	502526.0	346204.0	338730.0	250633.0	374355.0	122607.0	338301.0	452197.0	653829.0	747716.0	944801.0	543073.0	246413.0	524378.0	379896.0	285285.0	269382.0	400970.0	315978.0	134168.0	396050.0	220555.0	280140.0	236935.0	377841.0	832303.0	518159.0	1121770.0	574692.0	612193.0	1033157.0	582966.0	723897.0	597653.0	534602.0	544977.0	739220.0	375197.0	606346.0	437062.0	426937.0	604183.0	563783.0	23953.0	367723.0	9087.0	669154.0	321863.0	268772.0	266059.0	336665.0	16603.0	161641.0	376964.0	167189.0	732842.0	520094.0	551022.0	996122.0
End	382437.0	171703.0	308148.0	170369.0	81631.0	163979.0	124666.0	60857.0	88381.0	164966.0	90744.0	78578.0	81255.0	163569.0	124223.0	134471.0	153347.0	123217.0	214096.0	95572.0	85409.0	146495.0	210098.0	68918.0	107467.0	301627.0	196195.0	105164.0	53429.0	152182.0	265249.0	92631.0	309896.0	241265.0	315042.0	181083.0	193675.0	392985.0	326781.0	138373.0	155945.0	331003.0	173740.0	124445.0	83421.0	174916.0	184688.0	107770.0	1016442.0	97626.0	581342.0	100753.0	98270.0	126826.0	119828.0	69484.0	1571558.0	59469.0	115775.0	32216.0	112167.0	163252.0	113122.0	140210.0
