Proteome_ID	M	W	C	D	E	F	H	K	N	Q	Y	I	A	G	P	T	V	L	R	S
UP000000242	0.0172619937387478	0.014987531340678215	0.032249525079426015	0.032249525079426015	0.032249525079426015	0.03714361540567431	0.032249525079426015	0.03714361540567431	0.03714361540567431	0.032249525079426015	0.03714361540567431	0.05702523707260082	0.056000572722365916	0.0732625664611137	0.056000572722365916	0.06449905015885203	0.06449905015885203	0.10164266556452634	0.08825009780179192	0.09674857523827804
UP000000254	0.019435222202552796	0.010891337982484291	0.030326560185037085	0.030326560185037085	0.030326560185037085	0.05411671520828561	0.030326560185037085	0.05411671520828561	0.05411671520828561	0.030326560185037085	0.05411671520828561	0.08879820821401842	0.033989507645351864	0.05342472984790466	0.033989507645351864	0.06065312037007417	0.06065312037007417	0.11476983557835978	0.06431606783038896	0.09097968055511124
UP000000262	0.013785032415518856	0.017729207259516315	0.031514239675035166	0.031514239675035166	0.031514239675035166	0.024503341244296685	0.031514239675035166	0.024503341244296685	0.024503341244296685	0.031514239675035166	0.024503341244296685	0.03522165007307451	0.08106219412234016	0.09484722653785901	0.08106219412234016	0.06302847935007033	0.06302847935007033	0.08753182059436702	0.11257643379737531	0.0945427190251055
UP000000346	0.01338290595439789	0.01792455742246007	0.03130746337685796	0.03130746337685796	0.03130746337685796	0.02337490562072368	0.03130746337685796	0.02337490562072368	0.02337490562072368	0.03130746337685796	0.02337490562072368	0.03336690528704947	0.08386406165630172	0.09724696761069962	0.08386406165630172	0.06261492675371592	0.06261492675371592	0.08598983237443959	0.11517152503315968	0.09392239013057388
UP000000365	0.0158333175837646	0.0163804430008108	0.032213760584575396	0.032213760584575396	0.032213760584575396	0.031137784361368867	0.032213760584575396	0.031137784361368867	0.031137784361368867	0.032213760584575396	0.031137784361368867	0.04644225113897313	0.06665383502930287	0.08248715261306748	0.06665383502930287	0.06442752116915079	0.06442752116915079	0.09556530553051966	0.09886759561387827	0.0966412817537262
UP000000391	0.01930169153533739	0.011387598308495516	0.030689289843832904	0.030689289843832904	0.030689289843832904	0.05201757121712917	0.030689289843832904	0.05201757121712917	0.05201757121712917	0.030689289843832904	0.05201757121712917	0.08473345089892094	0.036212090994692345	0.055513782530029726	0.036212090994692345	0.06137857968766581	0.06137857968766581	0.11339615090479496	0.06690138083852523	0.09206786953149872
UP000000536	0.01527652777874314	0.016811117042854568	0.03208764482159771	0.03208764482159771	0.03208764482159771	0.029158550036978727	0.03208764482159771	0.029158550036978727	0.029158550036978727	0.03208764482159771	0.029158550036978727	0.04304057229521432	0.07062195814889637	0.0858984859276395	0.07062195814889637	0.06417528964319542	0.06417528964319542	0.09333383968017413	0.10270960297049407	0.09626293446479313
UP000000554	0.0093964413680244	0.018779589231590742	0.02817603059961514	0.02817603059961514	0.02817603059961514	0.014097987780668767	0.02817603059961514	0.014097987780668767	0.014097987780668767	0.02817603059961514	0.014097987780668767	0.018799534193313136	0.1126243989853691	0.12202084035339349	0.1126243989853691	0.05635206119923028	0.05635206119923028	0.07045004897989905	0.14080042958498423	0.08452809179884542
UP000000578	0.019618830673119998	0.008853248822447125	0.028472079495567123	0.028472079495567123	0.028472079495567123	0.06309422876705545	0.028472079495567123	0.06309422876705545	0.06309422876705545	0.028472079495567123	0.06309422876705545	0.1065696268609909	0.025696781675384493	0.04531561234850449	0.025696781675384493	0.056944158991134246	0.056944158991134246	0.12003838775818969	0.05416886117095161	0.08541623848670138
UP000000590	0.019592220352748775	0.009970769797389744	0.029562990150138517	0.029562990150138517	0.029562990150138517	0.058090260739876456	0.029562990150138517	0.058090260739876456	0.058090260739876456	0.029562990150138517	0.058090260739876456	0.09658830112700414	0.030090083104662123	0.0496823034574109	0.030090083104662123	0.059125980300277034	0.059125980300277034	0.11721624104015349	0.05965307325480064	0.08868897045041556
UP000000641	0.013176673894921867	0.018016726767718004	0.03119340066263987	0.03119340066263987	0.03119340066263987	0.022813537303663384	0.03119340066263987	0.022813537303663384	0.022813537303663384	0.03119340066263987	0.022813537303663384	0.0324504007124049	0.08530270706802959	0.09847938096295145	0.08530270706802959	0.06238680132527974	0.06238680132527974	0.08520033862894313	0.11649610773066944	0.09358020198791961
UP000000663	0.013954239730599616	0.01764070337695018	0.031594943107549796	0.031594943107549796	0.031594943107549796	0.024992394065957487	0.031594943107549796	0.024992394065957487	0.024992394065957487	0.031594943107549796	0.024992394065957487	0.03603054840131536	0.07988353795437521	0.09383777768497482	0.07988353795437521	0.06318988621509959	0.06318988621509959	0.08818228028105708	0.11147848106192501	0.0947848293226494
UP000000674	0.014434870772788565	0.017368241012354152	0.03180311178514272	0.03180311178514272	0.03180311178514272	0.02643179631515602	0.03180311178514272	0.02643179631515602	0.02643179631515602	0.03180311178514272	0.02643179631515602	0.038428721857523475	0.0765319093079061	0.09096678008069467	0.0765319093079061	0.06360622357028543	0.06360622357028543	0.09003801988544147	0.10833502109304882	0.09540933535542816
UP000000740	0.010174914033932288	0.018767712031799066	0.028942626065731353	0.028942626065731353	0.028942626065731353	0.01569124311136581	0.028942626065731353	0.01569124311136581	0.01569124311136581	0.028942626065731353	0.01569124311136581	0.021207572188799338	0.1067698202921844	0.11694473432611668	0.1067698202921844	0.05788525213146271	0.05788525213146271	0.07357649524282851	0.13571244635791574	0.08682787819719406
UP000000758	0.013499876215340684	0.017869882014005502	0.031369758229346185	0.031369758229346185	0.031369758229346185	0.023698413490890993	0.031369758229346185	0.023698413490890993	0.023698413490890993	0.031369758229346185	0.023698413490890993	0.033896950766441294	0.08304874347355604	0.09654861968889672	0.08304874347355604	0.06273951645869237	0.06273951645869237	0.08643792994958337	0.11441850170290223	0.09410927468803856
UP000000792	0.019562145927236742	0.010215257907835293	0.029777403835072033	0.029777403835072033	0.029777403835072033	0.05702351564801337	0.029777403835072033	0.05702351564801337	0.05702351564801337	0.029777403835072033	0.05702351564801337	0.09448488536879	0.031099232275688497	0.05066137820292523	0.031099232275688497	0.059554807670144067	0.059554807670144067	0.11657832331815744	0.06087663611076053	0.0893322115052161
UP000000805	0.01962825769436695	0.0090698029579057	0.02869806065227265	0.02869806065227265	0.02869806065227265	0.06210641316307599	0.02869806065227265	0.06210641316307599	0.06210641316307599	0.02869806065227265	0.06210641316307599	0.10458456863178503	0.02652153435552644	0.04614979204989339	0.02652153435552644	0.0573961213045453	0.0573961213045453	0.11950253446762128	0.05521959500779909	0.08609418195681795
UP000001013	0.01868311318795318	0.012901026148589676	0.03158413933654285	0.03158413933654285	0.03158413933654285	0.04573977630711357	0.03158413933654285	0.04573977630711357	0.04573977630711357	0.03158413933654285	0.04573977630711357	0.07279643942627395	0.043618834116379845	0.06230194730433302	0.043618834116379845	0.0631682786730857	0.0631682786730857	0.10890805498019927	0.07520297345292269	0.09475241800962857
UP000001015	0.019610931859861375	0.009764725611181076	0.02937565747104245	0.02937565747104245	0.02937565747104245	0.05899643676045516	0.02937565747104245	0.05899643676045516	0.05899643676045516	0.02937565747104245	0.05899643676045516	0.09838194166104894	0.029253605785033675	0.048864537644895054	0.029253605785033675	0.0587513149420849	0.0587513149420849	0.11774775170254007	0.05862926325607613	0.08812697241312736
UP000001018	0.019313047744717378	0.01134983345122175	0.03066288119593913	0.03066288119593913	0.03066288119593913	0.052176421008541106	0.03066288119593913	0.052176421008541106	0.052176421008541106	0.03066288119593913	0.052176421008541106	0.08503979427236484	0.03603973845129652	0.0553527861960139	0.03603973845129652	0.06132576239187826	0.06132576239187826	0.11350218340041937	0.06670261964723566	0.09198864358781739
UP000001024	0.01719424865393797	0.015065200278243335	0.03225944893218131	0.03225944893218131	0.03225944893218131	0.0368184276434735	0.03225944893218131	0.0368184276434735	0.0368184276434735	0.03225944893218131	0.0368184276434735	0.056442606633009026	0.05652995589519613	0.07372420454913409	0.05652995589519613	0.06451889786436261	0.06451889786436261	0.10133732550783613	0.08878940482737745	0.09677834679654392
UP000001059	0.018199148923216498	0.013737222675094746	0.031936371598311246	0.031936371598311246	0.031936371598311246	0.04230948253016066	0.031936371598311246	0.04230948253016066	0.04230948253016066	0.031936371598311246	0.04230948253016066	0.06641981613710482	0.04821291917897386	0.06641206810219036	0.04821291917897386	0.06387274319662249	0.06387274319662249	0.10618222572678315	0.08014929077728511	0.09580911479493372
UP000001137	0.01806373884934791	0.013942486431781404	0.032006225281129314	0.032006225281129314	0.032006225281129314	0.04146692900585075	0.032006225281129314	0.04146692900585075	0.04146692900585075	0.032006225281129314	0.04146692900585075	0.06487011916235358	0.049407973115243926	0.06747171196459183	0.049407973115243926	0.06401245056225863	0.06401245056225863	0.10547937956810939	0.08141419839637323	0.09601867584338795
UP000001169	0.011563845817365713	0.018556734444186478	0.030120580261552187	0.030120580261552187	0.030120580261552187	0.018769991407798496	0.030120580261552187	0.018769991407798496	0.018769991407798496	0.030120580261552187	0.018769991407798496	0.025976136998231283	0.0966701939901439	0.1082340398075096	0.0966701939901439	0.060241160523104374	0.060241160523104374	0.07901115193090287	0.12679077425169608	0.09036174078465657
UP000001304	0.01944537987283513	0.010847509015745084	0.030292888888580213	0.030292888888580213	0.030292888888580213	0.05430341021418067	0.030292888888580213	0.05430341021418067	0.05430341021418067	0.030292888888580213	0.05430341021418067	0.08916144055552622	0.03379747657086299	0.05324285644369811	0.03379747657086299	0.06058577777716043	0.06058577777716043	0.11488918799134108	0.06409036545944319	0.09087866666574063
UP000001400	0.018974063528090283	0.012284269241613206	0.03125833276970349	0.03125833276970349	0.03125833276970349	0.04828106418779967	0.03125833276970349	0.04828106418779967	0.04828106418779967	0.03125833276970349	0.04828106418779967	0.07758806484750906	0.04047480659253662	0.0594488701206269	0.04047480659253662	0.06251666553940698	0.06251666553940698	0.11079772972720665	0.0717331393622401	0.09377499830911047
UP000001686	0.01631669085866226	0.015960549993286572	0.03227724085194883	0.03227724085194883	0.03227724085194883	0.03299746944643887	0.03227724085194883	0.03299746944643887	0.03299746944643887	0.03227724085194883	0.03299746944643887	0.049678248034215465	0.06314546506093664	0.0794621559195989	0.06314546506093664	0.06455448170389766	0.06455448170389766	0.09755195115033653	0.09542270591288547	0.09683172255584652
UP000001746	0.009652841627467983	0.01878442740621715	0.02843726903368513	0.02843726903368513	0.02843726903368513	0.014613192532502196	0.02843726903368513	0.014613192532502196	0.014613192532502196	0.02843726903368513	0.014613192532502196	0.01957354343753641	0.11067783693338068	0.12033067856084867	0.11067783693338068	0.05687453806737026	0.05687453806737026	0.07148773059987246	0.1391151059670658	0.08531180710105539
UP000001826	0.01189861132054745	0.018470654999640852	0.0303692663201883	0.0303692663201883	0.0303692663201883	0.01956357779630117	0.0303692663201883	0.01956357779630117	0.01956357779630117	0.0303692663201883	0.01956357779630117	0.027228544272054886	0.09428667357571975	0.10618528489626719	0.09428667357571975	0.0607385326403766	0.0607385326403766	0.08030211043667777	0.12465593989590805	0.0911077989605649
UP000001879	0.01163071039348095	0.018540624882677634	0.030171335276158586	0.030171335276158586	0.030171335276158586	0.018926765683581273	0.030171335276158586	0.018926765683581273	0.018926765683581273	0.030171335276158586	0.018926765683581273	0.026222820973681598	0.09619281894909844	0.1078235293425794	0.09619281894909844	0.06034267055231717	0.06034267055231717	0.07926943623589844	0.126364154225257	0.09051400582847574
UP000001901	0.018456618589700526	0.01331527907346882	0.031771897663169346	0.031771897663169346	0.031771897663169346	0.04403976768376871	0.031771897663169346	0.04403976768376871	0.04403976768376871	0.031771897663169346	0.04403976768376871	0.0696229167778369	0.04584281590072736	0.0642994344904279	0.04584281590072736	0.06354379532633869	0.06354379532633869	0.10758356301010738	0.07761471356389672	0.09531569298950804
UP000001931	0.019501800949108052	0.007962265865280437	0.02746406681438849	0.02746406681438849	0.02746406681438849	0.06726712889639792	0.02746406681438849	0.06726712889639792	0.06726712889639792	0.02746406681438849	0.06726712889639792	0.11503245684368779	0.022426257173749714	0.04192805812285776	0.022426257173749714	0.05492813362877698	0.05492813362877698	0.1221952625251749	0.049890323988138204	0.08239220044316548
UP000001941	0.01742812849273371	0.014790918190750464	0.03221904668348417	0.03221904668348417	0.03221904668348417	0.03796368002794408	0.03221904668348417	0.03796368002794408	0.03796368002794408	0.03221904668348417	0.03796368002794408	0.05849923156315444	0.05468737321716117	0.07211550170989486	0.05468737321716117	0.06443809336696835	0.06443809336696835	0.10240177339491242	0.08690641990064533	0.09665714005045252
UP000001974	0.019400434641231087	0.011033543667022434	0.030433978308253524	0.030433978308253524	0.030433978308253524	0.05351249107815006	0.030433978308253524	0.05351249107815006	0.05351249107815006	0.030433978308253524	0.05351249107815006	0.08762454751506904	0.03461722738022331	0.05401766202145439	0.03461722738022331	0.06086795661650705	0.06086795661650705	0.1143804476946571	0.06505120568847683	0.09130193492476056
UP000001975	0.016604939145985674	0.015687121800934022	0.0322920609469197	0.0322920609469197	0.0322920609469197	0.03418139501473979	0.0322920609469197	0.03418139501473979	0.03418139501473979	0.0322920609469197	0.03418139501473979	0.05175785088349391	0.06101431493652655	0.07761925408251223	0.06101431493652655	0.0645841218938394	0.0645841218938394	0.09876551690857918	0.09330637588344626	0.09687618284075909
UP000002071	0.010841199788264031	0.01869616944068781	0.029537369228951844	0.029537369228951844	0.029537369228951844	0.017127600498415718	0.029537369228951844	0.017127600498415718	0.017127600498415718	0.029537369228951844	0.017127600498415718	0.023414001208567403	0.10187722221196512	0.11271842200022915	0.10187722221196512	0.05907473845790369	0.05907473845790369	0.07620233895631941	0.13141459144091697	0.08861210768685554
UP000002199	0.016545104299641664	0.015745407292256233	0.03229051159189789	0.03229051159189789	0.03229051159189789	0.033930521596573046	0.03229051159189789	0.033930521596573046	0.033930521596573046	0.03229051159189789	0.033930521596573046	0.05131593889350443	0.06145954083840561	0.07800464513804727	0.06145954083840561	0.06458102318379579	0.06458102318379579	0.09851154478036885	0.0937500524303035	0.09687153477569369
UP000002315	0.019625580751186568	0.00898898362705399	0.028614564378240556	0.028614564378240556	0.028614564378240556	0.062473964484151115	0.028614564378240556	0.062473964484151115	0.062473964484151115	0.028614564378240556	0.062473964484151115	0.10532234821711567	0.026212304639773306	0.04583788539095988	0.026212304639773306	0.05722912875648111	0.05722912875648111	0.11970309324063225	0.05482686901801387	0.08584369313472168
UP000002376	0.01718268868918059	0.015078314808794666	0.032261003497975255	0.032261003497975255	0.032261003497975255	0.03676344385534068	0.032261003497975255	0.03676344385534068	0.03676344385534068	0.032261003497975255	0.03676344385534068	0.05634419902150078	0.05661995926125278	0.07380264795043337	0.05661995926125278	0.06452200699595051	0.06452200699595051	0.10128545085129119	0.08888096275922804	0.09678301049392576
UP000002408	0.014223378998907504	0.01749203343654269	0.031715412435450195	0.031715412435450195	0.031715412435450195	0.025788901719892458	0.031715412435450195	0.025788901719892458	0.025788901719892458	0.031715412435450195	0.025788901719892458	0.03735442444087741	0.07800777224838742	0.09223115124729492	0.07800777224838742	0.06343082487090039	0.06343082487090039	0.08921972659079284	0.10972318468383761	0.09514623730635056
UP000002439	0.015599931318323055	0.016567466643807455	0.03216739796213051	0.03216739796213051	0.03216739796213051	0.030288831098142933	0.03216739796213051	0.030288831098142933	0.030288831098142933	0.03216739796213051	0.030288831098142933	0.044977730877962814	0.0683249537297278	0.08392488504805085	0.0683249537297278	0.06433479592426102	0.06433479592426102	0.09462362702240397	0.1004923516918583	0.09650219388639153
UP000002457	0.01387479095803894	0.017682730830032217	0.031557521788071155	0.031557521788071155	0.031557521788071155	0.024761674097283574	0.031557521788071155	0.024761674097283574	0.024761674097283574	0.031557521788071155	0.024761674097283574	0.03564855723652821	0.08043698317746911	0.09431177413550805	0.08043698317746911	0.06311504357614231	0.06311504357614231	0.08787671767342589	0.11199450496554028	0.09467256536421348
UP000002487	0.017860476000570686	0.014232676060151038	0.032093152060721726	0.032093152060721726	0.032093152060721726	0.04027345031536558	0.032093152060721726	0.04027345031536558	0.04027345031536558	0.032093152060721726	0.04027345031536558	0.06268642463016048	0.05114885370522332	0.069009329705794	0.05114885370522332	0.06418630412144345	0.06418630412144345	0.10445975443680902	0.08324200576594504	0.09627945618216517
UP000002518	0.013657533802589243	0.01779340932413184	0.03145094312672109	0.03145094312672109	0.03145094312672109	0.024140529285410727	0.03145094312672109	0.024140529285410727	0.024140529285410727	0.03145094312672109	0.024140529285410727	0.03462352476823221	0.08195030124364687	0.09560783504623611	0.08195030124364687	0.06290188625344217	0.06290188625344217	0.0870424155388529	0.11340124437036796	0.09435282938016326
UP000002593	0.014777738902039926	0.01715406807653034	0.03193180697857027	0.03193180697857027	0.03193180697857027	0.027508338202601585	0.03193180697857027	0.027508338202601585	0.027508338202601585	0.03193180697857027	0.027508338202601585	0.04023893750316324	0.07413318023116619	0.08891091913320612	0.07413318023116619	0.06386361395714053	0.06386361395714053	0.09137195215974211	0.10606498720973646	0.09579542093571079
UP000002613	0.017903242882983283	0.0141732661016777	0.03207650898466098	0.03207650898466098	0.03207650898466098	0.04051808010029557	0.03207650898466098	0.04051808010029557	0.04051808010029557	0.03207650898466098	0.04051808010029557	0.06313291731760787	0.050787323885838856	0.06869056676882214	0.050787323885838856	0.06415301796932196	0.06415301796932196	0.10467109806961752	0.08286383287049985	0.09622952695398294
UP000002654	0.014270706790892972	0.017464870107410414	0.03173557689830339	0.03173557689830339	0.03173557689830339	0.02593143321251279	0.03173557689830339	0.02593143321251279	0.02593143321251279	0.03173557689830339	0.02593143321251279	0.03759215963413261	0.07767768428488907	0.09194839107578204	0.07767768428488907	0.06347115379660678	0.06347115379660678	0.08940258700911956	0.10941326118319246	0.09520673069491015
UP000002698	0.010717250819017978	0.018713662651793316	0.029430913470811296	0.029430913470811296	0.029430913470811296	0.016854983835527956	0.029430913470811296	0.016854983835527956	0.016854983835527956	0.029430913470811296	0.016854983835527956	0.022992716852037933	0.10278012440458091	0.11349737522359889	0.10278012440458091	0.05886182694162259	0.05886182694162259	0.07571681077715053	0.13221103787539218	0.08829274041243387
UP000005223	0.01617796817946173	0.016085788586309994	0.03226375676577173	0.03226375676577173	0.03226375676577173	0.032448644187128645	0.03226375676577173	0.032448644187128645	0.032448644187128645	0.03226375676577173	0.032448644187128645	0.04871932019479556	0.064159845609438	0.08033781378889973	0.064159845609438	0.06452751353154346	0.06452751353154346	0.0969761577186721	0.09642360237520971	0.09679127029731517
UP000005877	0.01149870675373359	0.018571907664736192	0.030070614418469782	0.030070614418469782	0.030070614418469782	0.018618075393467597	0.030070614418469782	0.018618075393467597	0.018618075393467597	0.030070614418469782	0.018618075393467597	0.025737444033201603	0.09713591038755257	0.10863461714128617	0.09713591038755257	0.060141228836939564	0.060141228836939564	0.07875930423040717	0.12720652480602238	0.09021184325540937
UP000006565	0.01678269473411863	0.015508977360067502	0.03229167209418613	0.03229167209418613	0.03229167209418613	0.0349437143809606	0.03229167209418613	0.0349437143809606	0.0349437143809606	0.03229167209418613	0.0349437143809606	0.053104734027802566	0.059681811456574425	0.07646450619069305	0.059681811456574425	0.06458334418837226	0.06458334418837226	0.09952705856933287	0.09197348355076054	0.0968750162825584
UP000006622	0.01884944671936545	0.012562708955207703	0.03141215567457315	0.03141215567457315	0.03141215567457315	0.047131694035053795	0.03141215567457315	0.047131694035053795	0.047131694035053795	0.03141215567457315	0.047131694035053795	0.07541394135074214	0.04187091274036325	0.0607203594597287	0.04187091274036325	0.0628243113491463	0.0628243113491463	0.1099560053842001	0.0732830684149364	0.09423646702371946
UP000006663	0.012000870499715615	0.018441658202796356	0.030442528702511972	0.030442528702511972	0.030442528702511972	0.019810411874314256	0.030442528702511972	0.019810411874314256	0.019810411874314256	0.030442528702511972	0.019810411874314256	0.027619953248912893	0.09356166440990214	0.10556253490961776	0.09356166440990214	0.060885057405023944	0.060885057405023944	0.08069546927933821	0.12400419311241412	0.09132758610753594
UP000006681	0.017508131240666903	0.014692943454860235	0.03220107469552713	0.03220107469552713	0.03220107469552713	0.03837084404441208	0.03220107469552713	0.03837084404441208	0.03837084404441208	0.03220107469552713	0.03837084404441208	0.059233556848157246	0.05404672414017031	0.07155485538083721	0.05404672414017031	0.06440214939105426	0.06440214939105426	0.10277299343546636	0.08624779883569746	0.09660322408658142
UP000006794	0.009820242204762327	0.01878290962038188	0.028603151825144207	0.028603151825144207	0.028603151825144207	0.014954545617240474	0.028603151825144207	0.014954545617240474	0.014954545617240474	0.028603151825144207	0.014954545617240474	0.020088849029718615	0.10941693786925236	0.11923718007401468	0.10941693786925236	0.05720630365028841	0.05720630365028841	0.07216084926752887	0.13802008969439655	0.08580945547543263
UP000007478	0.018509758625777396	0.01322216514702969	0.031731923772807084	0.031731923772807084	0.031731923772807084	0.04442163921225661	0.031731923772807084	0.04442163921225661	0.04442163921225661	0.031731923772807084	0.04442163921225661	0.07033351979873582	0.04533443628732261	0.0638441949131	0.04533443628732261	0.06346384754561417	0.06346384754561417	0.10788548675787078	0.0770663600601297	0.09519577131842126
UP000007490	0.01928075363878899	0.011455578182331644	0.030736331821120635	0.030736331821120635	0.030736331821120635	0.05173197128688942	0.030736331821120635	0.05173197128688942	0.05173197128688942	0.030736331821120635	0.05173197128688942	0.08418318893498984	0.03652372296346095	0.05580447660224995	0.03652372296346095	0.06147266364224127	0.06147266364224127	0.11320463492913069	0.06726005478458161	0.09220899546336192
UP000007722	0.019618661004523797	0.008850440844171924	0.02846910184869572	0.02846910184869572	0.02846910184869572	0.06310710032490821	0.02846910184869572	0.06310710032490821	0.06310710032490821	0.02846910184869572	0.06310710032490821	0.10659553964529264	0.025686167036627787	0.04530482804115159	0.025686167036627787	0.05693820369739144	0.05693820369739144	0.12004530402229965	0.0541552688853235	0.08540730554608715
UP000007807	0.01546584142156216	0.01667061561234593	0.03213645703390809	0.03213645703390809	0.03213645703390809	0.029813976873726673	0.03213645703390809	0.029813976873726673	0.029813976873726673	0.03213645703390809	0.029813976873726673	0.044162112325891185	0.06927971233534598	0.08474555375690813	0.06927971233534598	0.06427291406781618	0.06427291406781618	0.09408689094154285	0.10141616936925407	0.09640937110172426
UP000008243	0.00958631881244816	0.018784009724134257	0.028370328536582418	0.028370328536582418	0.028370328536582418	0.014478645303092211	0.028370328536582418	0.014478645303092211	0.014478645303092211	0.028370328536582418	0.014478645303092211	0.019370971793736265	0.11118105657325895	0.12076737538570712	0.11118105657325895	0.056740657073164835	0.056740657073164835	0.07121930237625705	0.13955138510984139	0.08511098560974725
UP000008680	0.019451280855796844	0.01082150426381186	0.030272785119608705	0.030272785119608705	0.030272785119608705	0.054414287634469476	0.030272785119608705	0.054414287634469476	0.054414287634469476	0.030272785119608705	0.054414287634469476	0.08937729441314211	0.033683856161243565	0.05313513701704042	0.033683856161243565	0.06054557023921741	0.06054557023921741	0.1149598578736869	0.06395664128085227	0.09081835535882612
UP000009079	0.018811624548744858	0.012642663600249711	0.03145428814899457	0.03145428814899457	0.03145428814899457	0.04680234148563707	0.03145428814899457	0.04680234148563707	0.04680234148563707	0.03145428814899457	0.04680234148563707	0.07479305842252927	0.04227874980415686	0.061090374352901704	0.04227874980415686	0.06290857629798914	0.06290857629798914	0.10971091778362622	0.07373303795315143	0.09436286444698372
UP000009227	0.019614565828392036	0.009714485414218535	0.029329051242610572	0.029329051242610572	0.029329051242610572	0.0592184332729008	0.029329051242610572	0.0592184332729008	0.0592184332729008	0.029329051242610572	0.0592184332729008	0.09882230071740956	0.029051536801981335	0.048666102630373374	0.029051536801981335	0.058658102485221145	0.058658102485221145	0.11787653575812194	0.058380588044591904	0.08798715372783171
UP000011511	0.010130556840501523	0.01877049418222172	0.028901051022723244	0.028901051022723244	0.028901051022723244	0.015598083742155261	0.028901051022723244	0.015598083742155261	0.015598083742155261	0.028901051022723244	0.015598083742155261	0.021065610643809	0.10709914936033534	0.11722970620083685	0.10709914936033534	0.05780210204544649	0.05780210204544649	0.07340018578760174	0.13600020038305857	0.08670315306816974
UP000011554	0.011002183341252034	0.018670626546555515	0.029672809887807548	0.029672809887807548	0.029672809887807548	0.017485524324624416	0.029672809887807548	0.017485524324624416	0.017485524324624416	0.029672809887807548	0.017485524324624416	0.0239688653079968	0.10070909288067709	0.11171127622192911	0.10070909288067709	0.059345619775615095	0.059345619775615095	0.07683114410023952	0.13038190276848463	0.08901842966342265
UP000012076	0.012750756372549707	0.018190243203590112	0.03094099957613982	0.03094099957613982	0.03094099957613982	0.021688613126440118	0.03094099957613982	0.021688613126440118	0.021688613126440118	0.03094099957613982	0.021688613126440118	0.030626469880330527	0.08828092872417051	0.10103168509672024	0.08828092872417051	0.06188199915227964	0.06188199915227964	0.08357061227871976	0.11922192830031034	0.09282299872841945
UP000012672	0.013801825139955513	0.017720592762940895	0.03152241790289641	0.03152241790289641	0.03152241790289641	0.02455148683255311	0.03152241790289641	0.02455148683255311	0.02455148683255311	0.03152241790289641	0.02455148683255311	0.03530114852515071	0.08094522643144644	0.09474705157140197	0.08094522643144644	0.06304483580579281	0.06304483580579281	0.08759632263834592	0.11246764433434286	0.09456725370868921
UP000014070	0.018443278808761066	0.01333829941286641	0.03178157822162748	0.03178157822162748	0.03178157822162748	0.043945370393957794	0.03178157822162748	0.043945370393957794	0.043945370393957794	0.03178157822162748	0.043945370393957794	0.06944746197915454	0.04596928892406394	0.06441256773282501	0.04596928892406394	0.06356315644325496	0.06356315644325496	0.10750852683721275	0.07775086714569142	0.09534473466488243
UP000053352	0.010831849924908574	0.018697555083466603	0.029529405008375177	0.029529405008375177	0.029529405008375177	0.017106946977543575	0.029529405008375177	0.017106946977543575	0.017106946977543575	0.029529405008375177	0.017106946977543575	0.023382044030178573	0.10194522275579805	0.11277707268070662	0.10194522275579805	0.059058810016750354	0.059058810016750354	0.07616575699429393	0.13147462776417324	0.08858821502512554
UP000058290	0.014366711897759623	0.017408816891510377	0.03177552878927	0.03177552878927	0.03177552878927	0.02622291166363128	0.03177552878927	0.02622291166363128	0.02622291166363128	0.03177552878927	0.02622291166363128	0.038079111429502946	0.07700778943156521	0.09137450132932484	0.07700778943156521	0.06355105757854	0.06355105757854	0.08977396924217128	0.10878331822083522	0.09532658636781001
UP000192315	0.0193277368542011	0.011299983488094868	0.030627720342295967	0.030627720342295967	0.030627720342295967	0.05238631718742107	0.030627720342295967	0.05238631718742107	0.05238631718742107	0.030627720342295967	0.05238631718742107	0.08544489752064105	0.03581306355282922	0.05514080040703032	0.03581306355282922	0.06125544068459193	0.06125544068459193	0.11364175787201301	0.0664407838951252	0.09188316102688791
UP000198397	0.010805914034249927	0.01870134239021955	0.02950725642446948	0.02950725642446948	0.02950725642446948	0.01704973202758643	0.02950725642446948	0.01704973202758643	0.01704973202758643	0.02950725642446948	0.01704973202758643	0.02329355002092294	0.10213394325384581	0.11293985728809575	0.10213394325384581	0.05901451284893896	0.05901451284893896	0.07606424487652538	0.13164119967831528	0.08852176927340843
