Proteome_ID	M	W	C	D	E	F	H	K	N	Q	Y	I	A	G	P	T	V	L	R	S
UP000000231	0.018003661902401897	0.01472821682636345	0.032731878728765346	0.032731878728765346	0.032731878728765346	0.04001120332559732	0.032731878728765346	0.04001120332559732	0.04001120332559732	0.032731878728765346	0.04001120332559732	0.06201874474879275	0.05355379474074375	0.05355379474074375	0.05355379474074375	0.06546375745753069	0.06546375745753069	0.09074674395676456	0.0862856734695091	0.11292385301265949
UP000000233	0.010727504655054707	0.018927718747611903	0.02965522340266661	0.02965522340266661	0.02965522340266661	0.01680744263694911	0.02965522340266661	0.01680744263694911	0.01680744263694911	0.02965522340266661	0.01680744263694911	0.022887380618843513	0.10464795793843627	0.10464795793843627	0.10464795793843627	0.05931044680533322	0.05931044680533322	0.05719017069467043	0.13430318134110286	0.10789338895561174
UP000000235	0.008265308577524588	0.01879037343041351	0.0270556820079381	0.0270556820079381	0.0270556820079381	0.011900964150560113	0.0270556820079381	0.011900964150560113	0.011900964150560113	0.0270556820079381	0.011900964150560113	0.015536619723595636	0.12301691184914856	0.12301691184914856	0.12301691184914856	0.0541113640158762	0.0541113640158762	0.0472219547360228	0.15007259385708666	0.0999574194542278
UP000000238	0.015140060228812398	0.017322345348753636	0.032462405577566036	0.032462405577566036	0.032462405577566036	0.028372761639453636	0.032462405577566036	0.028372761639453636	0.028372761639453636	0.032462405577566036	0.028372761639453636	0.041605463050094875	0.07428305987789514	0.07428305987789514	0.07428305987789514	0.06492481115513207	0.06492481115513207	0.07597522744583207	0.10674546545546117	0.11470956208145174
UP000000239	0.010611085271805503	0.018938616698174957	0.02954970196998046	0.02954970196998046	0.02954970196998046	0.016556352153751428	0.02954970196998046	0.016556352153751428	0.016556352153751428	0.02954970196998046	0.016556352153751428	0.022501619035697352	0.10548034716896455	0.10548034716896455	0.10548034716896455	0.05909940393996092	0.05909940393996092	0.05671713939553739	0.135030049138945	0.10758772260811635
UP000000245	0.009136855951165833	0.018930740784673272	0.02806759673583911	0.02806759673583911	0.02806759673583911	0.013546727578584838	0.02806759673583911	0.013546727578584838	0.013546727578584838	0.02806759673583911	0.013546727578584838	0.017956599206003843	0.11630705378191161	0.11630705378191161	0.11630705378191161	0.05613519347167822	0.05613519347167822	0.050751180265589786	0.1443746505177507	0.1031335309921906
UP000000247	0.02002134935656325	0.009612549686464677	0.029633899043027927	0.029633899043027927	0.029633899043027927	0.06172250494299358	0.029633899043027927	0.06172250494299358	0.06172250494299358	0.029633899043027927	0.06172250494299358	0.10342366052942391	0.02845535751679036	0.02845535751679036	0.02845535751679036	0.05926779808605585	0.05926779808605585	0.11137775334258475	0.05808925655981829	0.09851424681554845
UP000000248	0.018171652985319624	0.014509721051569946	0.032681374036889574	0.032681374036889574	0.032681374036889574	0.04092942834469824	0.032681374036889574	0.04092942834469824	0.04092942834469824	0.032681374036889574	0.04092942834469824	0.06368720370407685	0.05219091749554971	0.05219091749554971	0.05219091749554971	0.06536274807377915	0.06536274807377915	0.09178245536690742	0.08487229153243928	0.11255384316223865
UP000000260	0.013937635921519668	0.017996442982604947	0.03193407890412461	0.03193407890412461	0.03193407890412461	0.024731863162347285	0.03193407890412461	0.024731863162347285	0.024731863162347285	0.03193407890412461	0.024731863162347285	0.0355260904031749	0.08246733282977371	0.08246733282977371	0.08246733282977371	0.06386815780824923	0.06386815780824923	0.07060357798799156	0.11440141173389833	0.11379867969497878
UP000000263	0.012235683868449592	0.018641351520088913	0.030877035388538508	0.030877035388538508	0.030877035388538508	0.020266859052679123	0.030877035388538508	0.020266859052679123	0.020266859052679123	0.030877035388538508	0.020266859052679123	0.02829803423690866	0.0940837760707699	0.0940837760707699	0.0940837760707699	0.061754070777077015	0.061754070777077015	0.06337957830966723	0.1249608114593084	0.11127245768570444
UP000000268	0.01741698521026765	0.01541392064870788	0.03283090585897553	0.03283090585897553	0.03283090585897553	0.03709733654515736	0.03283090585897553	0.03709733654515736	0.03709733654515736	0.03283090585897553	0.03709733654515736	0.05677768788004706	0.05811028391263941	0.05811028391263941	0.05811028391263941	0.06566181171795106	0.06566181171795106	0.08734522761440053	0.09094118977161494	0.11390663822563446
UP000000269	0.01975103086232196	0.011375424735242697	0.03112645559756466	0.03112645559756466	0.03112645559756466	0.05404453894697386	0.03112645559756466	0.05404453894697386	0.05404453894697386	0.03112645559756466	0.05404453894697386	0.08833804703162575	0.03585399216811762	0.03585399216811762	0.03585399216811762	0.06225291119512932	0.06225291119512932	0.10492202540686046	0.06698044776568228	0.10475479152793667
UP000000270	0.009149570340667247	0.018932009003439568	0.028081579344106815	0.028081579344106815	0.028081579344106815	0.013571427387302314	0.028081579344106815	0.013571427387302314	0.013571427387302314	0.028081579344106815	0.013571427387302314	0.01799328443393738	0.1162110772809605	0.1162110772809605	0.1162110772809605	0.05616315868821363	0.05616315868821363	0.050802577072076374	0.14429265662506732	0.10317674703576002
UP000000272	0.017365990972146278	0.015468628806252993	0.03283461977839927	0.03283461977839927	0.03283461977839927	0.03686207211947831	0.03283461977839927	0.03686207211947831	0.03686207211947831	0.03283461977839927	0.03686207211947831	0.05635815326681034	0.058494392420352447	0.058494392420352447	0.058494392420352447	0.06566923955679854	0.06566923955679854	0.08706268287002386	0.09132901219875172	0.11397248814145082
UP000000276	0.015422101226109453	0.017135154378843814	0.03255725560495327	0.03255725560495327	0.03255725560495327	0.029302408398714855	0.03255725560495327	0.029302408398714855	0.029302408398714855	0.03255725560495327	0.029302408398714855	0.043182715571320265	0.07234728818896329	0.07234728818896329	0.07234728818896329	0.06511451120990654	0.06511451120990654	0.07728176522977757	0.10490454379391655	0.1148069211937036
UP000000321	0.009419998564798979	0.018953876217162997	0.028373874781961975	0.028373874781961975	0.028373874781961975	0.014101699128004238	0.028373874781961975	0.014101699128004238	0.014101699128004238	0.028373874781961975	0.014101699128004238	0.0187833996912095	0.11418152703934441	0.11418152703934441	0.11418152703934441	0.05674774956392395	0.05674774956392395	0.0518955724747652	0.14255540182130638	0.10407550056304891
UP000000323	0.0150231466706281	0.01739653568525507	0.03241968235588317	0.03241968235588317	0.03241968235588317	0.027996703013716474	0.03241968235588317	0.027996703013716474	0.027996703013716474	0.03241968235588317	0.027996703013716474	0.040970259356804845	0.0750828269701205	0.0750828269701205	0.0750828269701205	0.06483936471176634	0.06483936471176634	0.07543953204022774	0.10750250932600366	0.11465558275290458
UP000000328	0.0073556715224327674	0.018523320355499015	0.02587899187793178	0.02587899187793178	0.02587899187793178	0.01027663291097054	0.02587899187793178	0.01027663291097054	0.01027663291097054	0.02587899187793178	0.01027663291097054	0.013197594299508314	0.1303388427746826	0.1303388427746826	0.1303388427746826	0.05175798375586356	0.05175798375586356	0.04351129631133509	0.1562178346526144	0.09616029598929436
UP000000329	0.010793034777488721	0.01892086657373904	0.02971390135122776	0.02971390135122776	0.02971390135122776	0.01694970837666526	0.02971390135122776	0.01694970837666526	0.01694970837666526	0.02971390135122776	0.01694970837666526	0.023106381975841795	0.10418066363029695	0.10418066363029695	0.10418066363029695	0.05942780270245552	0.05942780270245552	0.05745664450538174	0.1338945649815247	0.10806257062742232
UP000000333	0.010325380769251173	0.018958390253607977	0.029283771022859152	0.029283771022859152	0.029283771022859152	0.015948932484552123	0.029283771022859152	0.015948932484552123	0.015948932484552123	0.029283771022859152	0.015948932484552123	0.021572484199853074	0.10753562925291002	0.10753562925291002	0.10753562925291002	0.058567542045718304	0.058567542045718304	0.055558084276662444	0.13681940027576917	0.10680970332218544
UP000000343	0.012329354411361777	0.018614778213947095	0.030944132625308873	0.030944132625308873	0.030944132625308873	0.020495606969078022	0.030944132625308873	0.020495606969078022	0.020495606969078022	0.030944132625308873	0.020495606969078022	0.02866185952679427	0.09343849590571839	0.09343849590571839	0.09343849590571839	0.06188826525061775	0.06188826525061775	0.06376909400574868	0.12438262853102725	0.11144717608987371
UP000000361	0.00946263914593324	0.018956442519619986	0.028419081665553226	0.028419081665553226	0.028419081665553226	0.01418618047039179	0.028419081665553226	0.01418618047039179	0.01418618047039179	0.028419081665553226	0.01418618047039179	0.01890972179485034	0.11386351730108481	0.11386351730108481	0.11386351730108481	0.05683816333110645	0.05683816333110645	0.05206790128187826	0.142282598966638	0.10421368751627966
UP000000366	0.008579457724343887	0.018853357643442564	0.027432815367786453	0.027432815367786453	0.027432815367786453	0.01248364796121692	0.027432815367786453	0.01248364796121692	0.01248364796121692	0.027432815367786453	0.01248364796121692	0.016387838198089952	0.12056721902781053	0.12056721902781053	0.12056721902781053	0.05486563073557291	0.05486563073557291	0.048495921053347255	0.14800003439559697	0.10115180374680192
UP000000370	0.019815994145178456	0.011125616120810386	0.03094161026598884	0.03094161026598884	0.03094161026598884	0.05511054499951304	0.03094161026598884	0.05511054499951304	0.05511054499951304	0.03094161026598884	0.05511054499951304	0.09040509585384761	0.03474410372319146	0.03474410372319146	0.03474410372319146	0.06188322053197768	0.06188322053197768	0.10586814941068033	0.06568571398918031	0.1039504469187769
UP000000374	0.010155223996867585	0.018965411270169867	0.029120635267037454	0.029120635267037454	0.029120635267037454	0.015592942850281701	0.029120635267037454	0.015592942850281701	0.015592942850281701	0.029120635267037454	0.015592942850281701	0.02103066170369582	0.1087686149430741	0.1087686149430741	0.1087686149430741	0.05824127053407491	0.05824127053407491	0.054868802114186745	0.13788925021011159	0.10632731707128222
UP000000376	0.015148011495399032	0.017317228266964912	0.03246523976236394	0.03246523976236394	0.03246523976236394	0.028398529922904737	0.03246523976236394	0.028398529922904737	0.028398529922904737	0.03246523976236394	0.028398529922904737	0.041649048350410445	0.07422861645931068	0.07422861645931068	0.07422861645931068	0.06493047952472789	0.06493047952472789	0.07601178118066772	0.10669385622167463	0.11471294755405674
UP000000377	0.007771864479008751	0.018661693410445625	0.026433557889454375	0.026433557889454375	0.026433557889454375	0.01100854167392338	0.026433557889454375	0.01100854167392338	0.01100854167392338	0.026433557889454375	0.01100854167392338	0.014245218868838009	0.12694378663256878	0.12694378663256878	0.12694378663256878	0.05286711577890875	0.05286711577890875	0.0452139640423865	0.15337734452202315	0.09796236707880875
UP000000379	0.008745622905193855	0.018880944835295635	0.02762656774048949	0.02762656774048949	0.02762656774048949	0.01279658119499672	0.02762656774048949	0.01279658119499672	0.01279658119499672	0.02762656774048949	0.01279658119499672	0.016847539484799584	0.11928611767309623	0.11928611767309623	0.11928611767309623	0.05525313548097898	0.05525313548097898	0.04916877184068007	0.14691268541358574	0.1017606480567641
UP000000417	0.008496524344677252	0.018838119469187925	0.02733464381386518	0.02733464381386518	0.02733464381386518	0.01232869698047407	0.02733464381386518	0.01232869698047407	0.01232869698047407	0.02733464381386518	0.01232869698047407	0.016160869616270886	0.121210336114879	0.121210336114879	0.121210336114879	0.05466928762773036	0.05466928762773036	0.0481598651390165	0.1485449799287442	0.10084205091078347
UP000000422	0.016842409729517997	0.015992523683469317	0.032834933412987315	0.032834933412987315	0.032834933412987315	0.034579870752644376	0.032834933412987315	0.034579870752644376	0.034579870752644376	0.032834933412987315	0.034579870752644376	0.052317331775770755	0.062356094963302564	0.062356094963302564	0.062356094963302564	0.06566986682597463	0.06566986682597463	0.08425721389514969	0.09519102837628987	0.11449732392243125
UP000000423	0.01944742292955642	0.0067781245290807314	0.026225547458637154	0.026225547458637154	0.026225547458637154	0.07524490156518865	0.026225547458637154	0.07524490156518865	0.07524490156518865	0.026225547458637154	0.07524490156518865	0.13104238020082087	0.01828108815876036	0.01828108815876036	0.01828108815876036	0.05245109491727431	0.05245109491727431	0.12091787195338222	0.04450663561739751	0.0854547669049922
UP000000425	0.015881469042758063	0.016804104791304626	0.03268557383406269	0.03268557383406269	0.03268557383406269	0.030890960002764214	0.03268557383406269	0.030890960002764214	0.030890960002764214	0.03268557383406269	0.030890960002764214	0.045900450962770366	0.06916889191960138	0.06916889191960138	0.06916889191960138	0.06537114766812538	0.06537114766812538	0.07945800287958496	0.10185446575366407	0.1148608262934927
UP000000428	0.007734459201355448	0.018650401620169395	0.026384860821524844	0.026384860821524844	0.026384860821524844	0.010941996516409182	0.026384860821524844	0.010941996516409182	0.010941996516409182	0.026384860821524844	0.010941996516409182	0.014149533831462916	0.1272456776105234	0.1272456776105234	0.1272456776105234	0.05276972164304969	0.05276972164304969	0.04506131653928947	0.15363053843204827	0.09780498408474392
UP000000429	0.019369527938452816	0.012456193789201394	0.03182572172765421	0.03182572172765421	0.03182572172765421	0.04948937184163266	0.03182572172765421	0.04948937184163266	0.04948937184163266	0.03182572172765421	0.04948937184163266	0.0796092157448125	0.04093309435113923	0.04093309435113923	0.04093309435113923	0.06365144345530842	0.06365144345530842	0.1006846215077397	0.07275881607879343	0.10793335897216402
UP000000430	0.019038621012131444	0.013147017576531281	0.032185638588662725	0.032185638588662725	0.032185638588662725	0.04660906335265254	0.032185638588662725	0.04660906335265254	0.04660906335265254	0.032185638588662725	0.04660906335265254	0.07417950569317364	0.044451240031240014	0.044451240031240014	0.044451240031240014	0.06437127717732545	0.06437127717732545	0.09783332295344671	0.07663687861990275	0.10970393334251947
UP000000431	0.018888593925889277	0.013419734928880715	0.03230832885476999	0.03230832885476999	0.03230832885476999	0.04547473608055393	0.03230832885476999	0.04547473608055393	0.04547473608055393	0.03230832885476999	0.04547473608055393	0.0720608782352186	0.045908044921423016	0.045908044921423016	0.045908044921423016	0.06461665770953998	0.06461665770953998	0.0966716588612132	0.07821637377619302	0.11034472149319068
UP000000432	0.018003473632282767	0.014728455500655116	0.03273192913293788	0.03273192913293788	0.03273192913293788	0.04001019815366139	0.03273192913293788	0.04001019815366139	0.04001019815366139	0.03273192913293788	0.04001019815366139	0.062016922675040026	0.05355530510741168	0.05355530510741168	0.05355530510741168	0.06546385826587577	0.06546385826587577	0.09074560091888204	0.08628723424034956	0.11292424289946877
UP000000439	0.012300600726783814	0.018623044316927562	0.030923645043711374	0.030923645043711374	0.030923645043711374	0.020425200317744606	0.030923645043711374	0.020425200317744606	0.020425200317744606	0.030923645043711374	0.020425200317744606	0.028549799908705403	0.0936364694507974	0.0936364694507974	0.0936364694507974	0.06184729008742275	0.06184729008742275	0.0636494460882398	0.12456011449450877	0.11139397944806169
UP000000440	0.014840217674114966	0.01750873309270664	0.03234895076682161	0.03234895076682161	0.03234895076682161	0.027418629798453824	0.03234895076682161	0.027418629798453824	0.027418629798453824	0.03234895076682161	0.027418629798453824	0.03999704192279268	0.07633164920394812	0.07633164920394812	0.07633164920394812	0.06469790153364322	0.06469790153364322	0.0746077982393904	0.10868059997076975	0.11455558539317147
UP000000442	0.016793913828235987	0.016037836052438127	0.03283174988067412	0.03283174988067412	0.03283174988067412	0.034379549493051255	0.03283174988067412	0.034379549493051255	0.034379549493051255	0.03283174988067412	0.034379549493051255	0.05196518515786652	0.06270726732152283	0.06270726732152283	0.06270726732152283	0.06566349976134823	0.06566349976134823	0.08400521320196136	0.09553901720219696	0.11453308569446048
UP000000449	0.019742575695999215	0.011405669109076751	0.031148244805075966	0.031148244805075966	0.031148244805075966	0.053915870693841676	0.031148244805075966	0.053915870693841676	0.053915870693841676	0.031148244805075966	0.053915870693841676	0.08808916569168415	0.03598989098947299	0.03598989098947299	0.03598989098947299	0.06229648961015193	0.06229648961015193	0.10480669119491687	0.06713813579454894	0.10485040352430465
UP000000467	0.014845426558200835	0.017505602912493364	0.0323510294706942	0.0323510294706942	0.0323510294706942	0.027434920950173445	0.0323510294706942	0.027434920950173445	0.027434920950173445	0.0323510294706942	0.027434920950173445	0.040024415342146055	0.07629612709396985	0.07629612709396985	0.07629612709396985	0.0647020589413884	0.0647020589413884	0.07463137697906849	0.10864715656466405	0.11455869132457595
UP000000492	0.013504658686818998	0.01819353321858305	0.031698191905402046	0.031698191905402046	0.031698191905402046	0.023528869160746924	0.031698191905402046	0.023528869160746924	0.023528869160746924	0.031698191905402046	0.023528869160746924	0.033553079634674854	0.08540787601878945	0.08540787601878945	0.08540787601878945	0.06339638381080409	0.06339638381080409	0.06873171975296796	0.1171060679241915	0.1132881089347892
UP000000504	0.018085046792132683	0.014623768941182108	0.03270881573331479	0.03270881573331479	0.03270881573331479	0.04045061607793885	0.03270881573331479	0.04045061607793885	0.04045061607793885	0.03270881573331479	0.04045061607793885	0.062816185363745	0.052897420628381	0.052897420628381	0.052897420628381	0.06541763146662959	0.06541763146662959	0.09124447860338633	0.08560623636169579	0.1127502161411265
UP000000528	0.019657275810750267	0.0072940746992508545	0.026951350510001124	0.026951350510001124	0.026951350510001124	0.0726329455471178	0.026951350510001124	0.0726329455471178	0.0726329455471178	0.026951350510001124	0.0726329455471178	0.12560861528348533	0.020001262205226966	0.020001262205226966	0.020001262205226966	0.05390270102000225	0.05390270102000225	0.11924157186786918	0.04695261271522809	0.08814812622925422
UP000000529	0.01983393969464767	0.01105001280327635	0.03088395249792402	0.03088395249792402	0.03088395249792402	0.05543436575879496	0.03088395249792402	0.05543436575879496	0.05543436575879496	0.03088395249792402	0.05543436575879496	0.09103479182294225	0.03441253485407467	0.03441253485407467	0.03441253485407467	0.06176790499584804	0.06176790499584804	0.10615225795136665	0.06529648735199868	0.1037018702970484
UP000000531	0.020023683175358353	0.009460924054884322	0.029484607230242675	0.029484607230242675	0.029484607230242675	0.062403041214929005	0.029484607230242675	0.062403041214929005	0.062403041214929005	0.029484607230242675	0.062403041214929005	0.10478239925449966	0.027862169746743094	0.027862169746743094	0.027862169746743094	0.05896921446048535	0.05896921446048535	0.11191133162053005	0.05734677697698577	0.09791474574561233
UP000000532	0.008313076055110113	0.018800878993089777	0.02711395504819989	0.02711395504819989	0.02711395504819989	0.011988820871267134	0.02711395504819989	0.011988820871267134	0.011988820871267134	0.02711395504819989	0.011988820871267134	0.015664565687424154	0.12264201229626051	0.12264201229626051	0.12264201229626051	0.05422791009639978	0.05422791009639978	0.04741585197457714	0.1497559673444604	0.10014274413768945
UP000000534	0.019936276628024257	0.010526272231424917	0.030462548859449174	0.030462548859449174	0.030462548859449174	0.0576946698227729	0.030462548859449174	0.0576946698227729	0.0576946698227729	0.030462548859449174	0.0576946698227729	0.09545306301752154	0.03216820152935676	0.03216820152935676	0.03216820152935676	0.06092509771889835	0.06092509771889835	0.10809349531024633	0.06263075038880593	0.10191391880977244
UP000000535	0.015477439130759482	0.01709702822451454	0.03257446735527402	0.03257446735527402	0.03257446735527402	0.02948871166892403	0.03257446735527402	0.02948871166892403	0.02948871166892403	0.03257446735527402	0.02948871166892403	0.04349998420708858	0.07196624494097674	0.07196624494097674	0.07196624494097674	0.06514893471054804	0.06514893471054804	0.07754061815495754	0.10454071229625075	0.1148204302903366
UP000000537	0.019463374410524373	0.01222894616067446	0.031692320571198834	0.031692320571198834	0.031692320571198834	0.05044093686496254	0.031692320571198834	0.05044093686496254	0.05044093686496254	0.031692320571198834	0.05044093686496254	0.0814184993194007	0.03982492180415129	0.03982492180415129	0.03982492180415129	0.06338464114239767	0.06338464114239767	0.10159663184668576	0.07151724237535013	0.10730590787427097
UP000000545	0.011629970117497005	0.018788462778666484	0.03041843289616349	0.03041843289616349	0.03041843289616349	0.01882886693663705	0.03041843289616349	0.01882886693663705	0.01882886693663705	0.03041843289616349	0.01882886693663705	0.026027763755777096	0.09828324380560544	0.09828324380560544	0.09828324380560544	0.06083686579232698	0.06083686579232698	0.06087726995029754	0.1287016767017689	0.11004376146715694
UP000000546	0.018254533646664996	0.014397613990874502	0.0326521476375395	0.0326521476375395	0.0326521476375395	0.04139920184435602	0.0326521476375395	0.04139920184435602	0.04139920184435602	0.0326521476375395	0.04139920184435602	0.06454387004204704	0.05150643963388521	0.05150643963388521	0.05150643963388521	0.065304295275079	0.065304295275079	0.09230588312856051	0.08415858727142472	0.112354056903493
UP000000549	0.019870111775567235	0.008030115121986793	0.027900226897554028	0.027900226897554028	0.027900226897554028	0.06903769355686677	0.027900226897554028	0.06903769355686677	0.06903769355686677	0.027900226897554028	0.06903769355686677	0.11820527533816633	0.02255065662915885	0.02255065662915885	0.02255065662915885	0.055800453795108056	0.055800453795108056	0.11680803222998806	0.05045088352671288	0.0917307958146489
UP000000555	0.019638672597235136	0.011745919678442646	0.03138459227567778	0.03138459227567778	0.03138459227567778	0.05247368866577086	0.03138459227567778	0.05247368866577086	0.05247368866577086	0.03138459227567778	0.05247368866577086	0.08530870473430659	0.03754234388149864	0.03754234388149864	0.03754234388149864	0.06276918455135556	0.06276918455135556	0.10349695353868378	0.06892693615717642	0.105899696505476
UP000000556	0.011694108812854716	0.018774913760065234	0.03046902257291995	0.03046902257291995	0.03046902257291995	0.0189778802684532	0.03046902257291995	0.0189778802684532	0.0189778802684532	0.03046902257291995	0.0189778802684532	0.026261651724051684	0.09783614644174082	0.09783614644174082	0.09783614644174082	0.0609380451458399	0.0609380451458399	0.06114101165422786	0.12830516901466077	0.11018198147882508
UP000000557	0.011480348538955833	0.018818196896008464	0.030298545434964297	0.030298545434964297	0.030298545434964297	0.018484122774300407	0.030298545434964297	0.018484122774300407	0.018484122774300407	0.030298545434964297	0.018484122774300407	0.02548789700964498	0.0993286905398561	0.0993286905398561	0.0993286905398561	0.060597090869928594	0.060597090869928594	0.06026301674822053	0.12962723597482037	0.10971383320090135
UP000000558	0.016147932361258305	0.01659617006273304	0.032744102423991346	0.032744102423991346	0.032744102423991346	0.031859733250145565	0.032744102423991346	0.031859733250145565	0.031859733250145565	0.032744102423991346	0.031859733250145565	0.047571534139032826	0.06730604020659446	0.06730604020659446	0.06730604020659446	0.06548820484798269	0.06548820484798269	0.08075176803539522	0.1000501426305858	0.1148284773347071
UP000000562	0.018898803095017284	0.005806058602557435	0.02470486169757472	0.02470486169757472	0.02470486169757472	0.08041467519918655	0.02470486169757472	0.08041467519918655	0.08041467519918655	0.02470486169757472	0.08041467519918655	0.14193054730335583	0.01517957238487903	0.01517957238487903	0.01517957238487903	0.04940972339514944	0.04940972339514944	0.12401833999177855	0.03988443408245374	0.07992064369528158
UP000000566	0.017882408544130996	0.014879232357696509	0.03276164090182751	0.03276164090182751	0.03276164090182751	0.03937414465333948	0.03276164090182751	0.03937414465333948	0.03937414465333948	0.03276164090182751	0.03937414465333948	0.060865880762547966	0.0545192853853786	0.0545192853853786	0.0545192853853786	0.06552328180365502	0.06552328180365502	0.090018194099298	0.0872809262872061	0.11316415506317903
UP000000577	0.012063291286459362	0.01868758043141533	0.03075087171787469	0.03075087171787469	0.03075087171787469	0.019850441538256033	0.03075087171787469	0.019850441538256033	0.019850441538256033	0.03075087171787469	0.019850441538256033	0.0276375917900527	0.095274063258168	0.095274063258168	0.095274063258168	0.06150174343574938	0.06150174343574938	0.06266460454259008	0.1260249349760427	0.1109401955850394
UP000000579	0.019506609438366233	0.012117811066202529	0.03162442050456876	0.03162442050456876	0.03162442050456876	0.05090731454114036	0.03162442050456876	0.05090731454114036	0.05090731454114036	0.03162442050456876	0.05090731454114036	0.08230801964391449	0.039291169894320896	0.039291169894320896	0.039291169894320896	0.06324884100913752	0.06324884100913752	0.10203834448407537	0.07091559039888966	0.10699107257990882
UP000000580	0.008281076108331753	0.018793878467679707	0.027074954576011463	0.027074954576011463	0.027074954576011463	0.011929935582969477	0.027074954576011463	0.011929935582969477	0.011929935582969477	0.027074954576011463	0.011929935582969477	0.0155787950576072	0.12289306345284051	0.12289306345284051	0.12289306345284051	0.054149909152022925	0.054149909152022925	0.04728596626731269	0.14996801802885196	0.10001874219571409
UP000000582	0.014842939308591228	0.017507098046652427	0.03235003735524365	0.03235003735524365	0.03235003735524365	0.027427140684024152	0.03235003735524365	0.027427140684024152	0.027427140684024152	0.03235003735524365	0.027427140684024152	0.04001134205945708	0.07631308920913092	0.07631308920913092	0.07631308920913092	0.0647000747104873	0.0647000747104873	0.07462011734785905	0.10866312656437459	0.11455721011238339
UP000000584	0.017381537932464143	0.015452024221902365	0.03283356215436651	0.03283356215436651	0.03283356215436651	0.03693353038077101	0.03283356215436651	0.03693353038077101	0.03693353038077101	0.03283356215436651	0.03693353038077101	0.05648552282907789	0.05837745769930071	0.05837745769930071	0.05837745769930071	0.06566712430873302	0.06566712430873302	0.08714863046760166	0.09121101985366722	0.11395271068500187
UP000000585	0.019316132394992205	0.012578148628363699	0.031894281023355904	0.031894281023355904	0.031894281023355904	0.048979716577762816	0.031894281023355904	0.048979716577762816	0.048979716577762816	0.031894281023355904	0.048979716577762816	0.07864330076053343	0.0415374049942395	0.0415374049942395	0.0415374049942395	0.06378856204671181	0.06378856204671181	0.10019012999611092	0.07343168601759541	0.10826099169843141
UP000000586	0.019234568399773687	0.012755717325942783	0.031990285725716466	0.031990285725716466	0.031990285725716466	0.048238709215368936	0.031990285725716466	0.048238709215368936	0.048238709215368936	0.031990285725716466	0.048238709215368936	0.07724285003096419	0.04242975807018189	0.04242975807018189	0.04242975807018189	0.06398057145143293	0.06398057145143293	0.0994635633408591	0.07442004379589835	0.10872657450309219
UP000000588	0.016807389248669292	0.016025296208933604	0.0328326854576029	0.0328326854576029	0.0328326854576029	0.034435040536562836	0.0328326854576029	0.034435040536562836	0.034435040536562836	0.0328326854576029	0.034435040536562836	0.05206269182445639	0.06260978454277079	0.06260978454277079	0.06260978454277079	0.0656653709152058	0.0656653709152058	0.08407511524283504	0.09544247000037369	0.11452335258174229
UP000000593	0.01874900402583879	0.013656715815698432	0.03240571984153722	0.03240571984153722	0.03240571984153722	0.04448909825529036	0.03240571984153722	0.04448909825529036	0.04448909825529036	0.03240571984153722	0.04448909825529036	0.07022919248474192	0.04720844969355271	0.04720844969355271	0.04720844969355271	0.06481143968307444	0.06481143968307444	0.09564382212266637	0.07961416953508993	0.1108738753403101
UP000000594	0.019874482505020167	0.010865019573462652	0.03073950207848282	0.03073950207848282	0.03073950207848282	0.05622923107879276	0.03073950207848282	0.05622923107879276	0.05622923107879276	0.03073950207848282	0.05622923107879276	0.09258397965256535	0.03360945792443644	0.03360945792443644	0.03360945792443644	0.06147900415696564	0.06147900415696564	0.10684321566229575	0.06434896000291926	0.10308352580891111
UP000000601	0.019635409110570424	0.007233714324447375	0.026869123435017798	0.026869123435017798	0.026869123435017798	0.07293434706232955	0.026869123435017798	0.07293434706232955	0.07293434706232955	0.026869123435017798	0.07293434706232955	0.1262332850140887	0.019797251178494693	0.019797251178494693	0.019797251178494693	0.053738246870035596	0.053738246870035596	0.11943887960791778	0.046666374613512494	0.08784108462950077
UP000000602	0.01752715682783413	0.015293264797052083	0.032820421624886215	0.032820421624886215	0.032820421624886215	0.037614511002641085	0.032820421624886215	0.037614511002641085	0.037614511002641085	0.032820421624886215	0.037614511002641085	0.05770186517744805	0.057274708452791784	0.057274708452791784	0.057274708452791784	0.06564084324977243	0.06564084324977243	0.08796208945536142	0.09009513007767798	0.11375452967171072
UP000000605	0.009008152932529018	0.018916673323942344	0.02792482625647136	0.02792482625647136	0.02792482625647136	0.013297851119214187	0.02792482625647136	0.013297851119214187	0.013297851119214187	0.02792482625647136	0.013297851119214187	0.017587549305899355	0.11728149374862203	0.11728149374862203	0.11728149374862203	0.05584965251294272	0.05584965251294272	0.05023083030821457	0.14520632000509337	0.10269115209335643
UP000000606	0.017666865446402117	0.015135184369086445	0.032802049815488565	0.032802049815488565	0.032802049815488565	0.038288889406597616	0.032802049815488565	0.038288889406597616	0.038288889406597616	0.032802049815488565	0.038288889406597616	0.05891091336679312	0.05620296063810043	0.05620296063810043	0.05620296063810043	0.06560409963097713	0.06560409963097713	0.0887578046684883	0.089005010453589	0.11354133381555213
UP000000609	0.01945137926676087	0.012259009488413209	0.03171038875517408	0.03171038875517408	0.03171038875517408	0.050314896889206956	0.03171038875517408	0.050314896889206956	0.050314896889206956	0.03171038875517408	0.050314896889206956	0.08117841451165304	0.039970220239881726	0.039970220239881726	0.039970220239881726	0.06342077751034816	0.06342077751034816	0.1014766649111419	0.07168060899505581	0.10739017575393545
UP000000625	0.016130272152680786	0.016610332153684824	0.032740604306365606	0.032740604306365606	0.032740604306365606	0.03179435865692507	0.032740604306365606	0.03179435865692507	0.03179435865692507	0.032740604306365606	0.03179435865692507	0.04745844516116935	0.06743002316308887	0.06743002316308887	0.06743002316308887	0.06548120861273121	0.06548120861273121	0.08066523511597146	0.10017062746945449	0.11483214507278165
UP000000628	0.013106996443462613	0.018354424968356518	0.03146142141181913	0.03146142141181913	0.03146142141181913	0.022466775137980014	0.03146142141181913	0.022466775137980014	0.022466775137980014	0.03146142141181913	0.022466775137980014	0.03182655383249742	0.08811420697212409	0.08811420697212409	0.08811420697212409	0.06292284282363826	0.06292284282363826	0.06703519299326177	0.11957562838394324	0.11273868920381391
UP000000636	0.012329217385263363	0.018614817835220693	0.030944035220484056	0.030944035220484056	0.030944035220484056	0.02049527104631323	0.030944035220484056	0.02049527104631323	0.02049527104631323	0.030944035220484056	0.02049527104631323	0.0286613247073631	0.09343943913333146	0.09343943913333146	0.09343943913333146	0.06188807044096811	0.06188807044096811	0.06376852365206065	0.12438347435381553	0.11144692349667286
UP000000639	0.019078866747631637	0.013070200690874912	0.03214906743850655	0.03214906743850655	0.03214906743850655	0.046928718864134834	0.03214906743850655	0.046928718864134834	0.046928718864134834	0.03214906743850655	0.046928718864134834	0.07477857098063803	0.04404818892064576	0.04404818892064576	0.04404818892064576	0.0642981348770131	0.0642981348770131	0.09815665305027302	0.07619725635915231	0.10951740300639455
UP000000640	0.00735916277943476	0.018524599666637186	0.025883762446071944	0.025883762446071944	0.025883762446071944	0.010282695691822347	0.025883762446071944	0.010282695691822347	0.010282695691822347	0.025883762446071944	0.010282695691822347	0.013206228604209934	0.1303100234498818	0.1303100234498818	0.1303100234498818	0.05176752489214389	0.05176752489214389	0.04352562091732905	0.15619378589595376	0.09617588700485302
UP000000643	0.019400181065163762	0.012383893475549685	0.03178407454071345	0.03178407454071345	0.03178407454071345	0.049791836654274266	0.03178407454071345	0.049791836654274266	0.049791836654274266	0.03178407454071345	0.049791836654274266	0.08018349224338478	0.04057803295845718	0.04057803295845718	0.04057803295845718	0.0635681490814269	0.0635681490814269	0.10097609226015149	0.07236210749917063	0.10773611709769004
UP000000644	0.011521411400020552	0.018810297802370046	0.0303317092023906	0.0303317092023906	0.0303317092023906	0.018578339580700303	0.0303317092023906	0.018578339580700303	0.018578339580700303	0.0303317092023906	0.018578339580700303	0.025635267761380056	0.09904142177421722	0.09904142177421722	0.09904142177421722	0.0606634184047812	0.0606634184047812	0.06043146018311145	0.12937313097660783	0.10980542540954183
UP000000647	0.00893348743618414	0.018907479024842466	0.027840966461026604	0.027840966461026604	0.027840966461026604	0.013154420203984727	0.027840966461026604	0.013154420203984727	0.013154420203984727	0.027840966461026604	0.013154420203984727	0.017375352971785316	0.11784927065796633	0.11784927065796633	0.11784927065796633	0.05568193292205321	0.05568193292205321	0.049928874101195474	0.14569023711899293	0.10243037840792228
UP000000657	0.007125819591690748	0.01843453355104547	0.025560353142736213	0.025560353142736213	0.025560353142736213	0.009880286077795246	0.025560353142736213	0.009880286077795246	0.009880286077795246	0.025560353142736213	0.009880286077795246	0.012634752563899745	0.13224954169083614	0.13224954169083614	0.13224954169083614	0.051120706285472425	0.051120706285472425	0.04256645881222221	0.15780989483357236	0.09511559297925412
UP000000669	0.018266455977560287	0.004999075407531169	0.023265531385091454	0.023265531385091454	0.023265531385091454	0.08501148116311358	0.023265531385091454	0.08501148116311358	0.08501148116311358	0.023265531385091454	0.08501148116311358	0.15175650634866686	0.012734396418575489	0.012734396418575489	0.012734396418575489	0.04653106277018291	0.04653106277018291	0.1265434685257653	0.03599992780366695	0.07479566956280555
UP000000684	0.018761283321315474	0.013636448223091778	0.032397731544407254	0.032397731544407254	0.032397731544407254	0.04457341167792246	0.032397731544407254	0.04457341167792246	0.04457341167792246	0.032397731544407254	0.04457341167792246	0.07038554003452945	0.047095924216335544	0.047095924216335544	0.047095924216335544	0.06479546308881451	0.06479546308881451	0.09573242654364518	0.07949365576074278	0.11082964285631354
UP000000686	0.01075565181823078	0.018924838751237624	0.029680490569468403	0.029680490569468403	0.029680490569468403	0.01686846723270535	0.029680490569468403	0.01686846723270535	0.01686846723270535	0.029680490569468403	0.01686846723270535	0.022981282647179923	0.10444713301944974	0.10444713301944974	0.10444713301944974	0.05936098113893681	0.05936098113893681	0.057304609620404526	0.13412762358891814	0.10796631045964282
UP000000718	0.019978840718615366	0.010214220014493602	0.03019306073310897	0.03019306073310897	0.03019306073310897	0.059057113547418605	0.03019306073310897	0.059057113547418605	0.059057113547418605	0.03019306073310897	0.059057113547418605	0.09813538637622184	0.030872518539235446	0.030872518539235446	0.030872518539235446	0.06038612146621794	0.06038612146621794	0.10922901499914295	0.06106557927234441	0.10079340221382052
UP000000719	0.01951158302350867	0.012104732329271235	0.03161631535277991	0.03161631535277991	0.03161631535277991	0.05096224725361906	0.03161631535277991	0.05096224725361906	0.05096224725361906	0.03161631535277991	0.05096224725361906	0.08241291148372944	0.03922870165092419	0.03922870165092419	0.03922870165092419	0.06323263070555982	0.06323263070555982	0.10209014562990762	0.0708450170037041	0.10695367838761095
UP000000723	0.019967694869919207	0.010306518795216966	0.030274213665136173	0.030274213665136173	0.030274213665136173	0.05865280730606302	0.030274213665136173	0.05865280730606302	0.05865280730606302	0.030274213665136173	0.05865280730606302	0.09733791974220685	0.03125265627132481	0.03125265627132481	0.03125265627132481	0.060548427330272346	0.060548427330272346	0.10889471584111841	0.061526869936460976	0.10112915979062548
UP000000738	0.006746848773161401	0.018267853711191682	0.025014702484353085	0.025014702484353085	0.025014702484353085	0.009238655916330168	0.025014702484353085	0.009238655916330168	0.009238655916330168	0.025014702484353085	0.009238655916330168	0.011730463059498934	0.13546025440230025	0.13546025440230025	0.13546025440230025	0.05002940496870617	0.05002940496870617	0.04100020717384465	0.1604749568866533	0.09331196116425093
UP000000739	0.014604858507292233	0.017646289212969415	0.03225114772026165	0.03225114772026165	0.03225114772026165	0.026692492878673656	0.03225114772026165	0.026692492878673656	0.026692492878673656	0.03225114772026165	0.026692492878673656	0.03878012725005508	0.07793476120809759	0.07793476120809759	0.07793476120809759	0.0645022954405233	0.0645022954405233	0.07354849910622753	0.11018590892835921	0.11439973237375436
UP000000742	0.01889709793646712	0.013404806130514377	0.0323019040669815	0.0323019040669815	0.0323019040669815	0.04553682005878379	0.0323019040669815	0.04553682005878379	0.04553682005878379	0.0323019040669815	0.04553682005878379	0.07217654218110045	0.04582722311331915	0.04582722311331915	0.04582722311331915	0.064603808133963	0.064603808133963	0.0967358220622324	0.07812912718030066	0.11031051833145887
UP000000746	0.01613173986327345	0.01660915726848172	0.03274089713175517	0.03274089713175517	0.03274089713175517	0.031799785316136704	0.03274089713175517	0.031799785316136704	0.031799785316136704	0.03274089713175517	0.031799785316136704	0.04746783076899996	0.06741972213555843	0.06741972213555843	0.06741972213555843	0.06548179426351033	0.06548179426351033	0.08067242231116532	0.1001606192673136	0.11483184866374724
UP000000747	0.016087262955656618	0.01664459212512756	0.032731855080784175	0.032731855080784175	0.032731855080784175	0.03163585840689291	0.032731855080784175	0.03163585840689291	0.03163585840689291	0.032731855080784175	0.03163585840689291	0.047184453858129194	0.06773164320371487	0.06773164320371487	0.06773164320371487	0.06546371016156835	0.06546371016156835	0.08045497644333371	0.10046349828449905	0.11484015736748009
