	M	W	C	D	E	F	H	K	N	Q	Y	I	A	G	P	T	V	L	R	S
Start	2124.5	31.0	34.0	238.0	332.5	133.5	52.0	364.5	189.5	97.0	107.5	312.5	260.5	203.0	161.0	227.5	270.5	294.0	328.0	379.0
M	732.0	286.5	234.0	1543.0	2016.0	1149.0	500.5	1498.0	973.5	638.0	1015.0	2105.5	2324.5	2162.5	1135.5	1459.5	2202.5	2821.0	1484.0	1770.5
W	286.5	212.0	102.0	698.5	931.5	578.0	227.5	616.0	513.0	267.5	544.0	876.5	901.0	983.5	647.5	588.5	1049.0	1205.5	744.0	765.0
C	234.0	102.0	1224.0	648.0	800.0	387.0	258.0	466.5	403.5	241.0	439.0	740.0	960.0	946.5	516.5	633.0	942.5	1078.5	598.0	656.0
D	1543.0	698.5	648.0	3415.0	4894.5	2597.5	1070.0	3949.0	2739.5	1391.5	2649.5	5501.0	4184.5	4137.5	2365.5	3392.0	5575.5	5899.5	3818.0	3975.5
E	2016.0	931.5	800.0	4894.5	8403.0	3038.5	1326.5	5736.5	3452.0	1993.0	3071.5	6410.5	5833.5	5952.0	3380.0	4099.0	6534.5	7875.0	6756.0	5162.0
F	1149.0	578.0	387.0	2597.5	3038.5	2119.0	810.5	2217.5	1863.5	950.5	1804.0	3419.5	3570.0	3719.5	2118.5	2490.5	3636.5	4544.0	2418.0	3047.0
H	500.5	227.5	258.0	1070.0	1326.5	810.5	455.0	1004.5	748.0	393.0	770.5	1463.0	1429.5	1483.5	902.0	942.0	1549.5	1875.5	1055.5	1159.0
K	1498.0	616.0	466.5	3949.0	5736.5	2217.5	1004.5	4032.0	2450.5	1380.0	2331.0	4472.5	4135.5	4376.0	2486.0	2735.0	4606.0	5973.5	3428.5	3606.5
N	973.5	513.0	403.5	2739.5	3452.0	1863.5	748.0	2450.5	1652.0	991.0	1764.5	3279.0	3045.5	3142.0	1696.0	2488.5	3722.0	4180.0	2251.0	2571.0
Q	638.0	267.5	241.0	1391.5	1993.0	950.5	393.0	1380.0	991.0	785.0	981.5	1853.5	1807.5	1762.5	1109.5	1464.0	1923.0	2414.0	1417.5	1678.0
Y	1015.0	544.0	439.0	2649.5	3071.5	1804.0	770.5	2331.0	1764.5	981.5	1910.0	2978.0	3471.5	3456.5	2057.5	2286.0	3192.0	4323.0	2491.0	2803.5
I	2105.5	876.5	740.0	5501.0	6410.5	3419.5	1463.0	4472.5	3279.0	1853.5	2978.0	6795.0	7249.0	7457.5	3952.0	4570.5	6778.0	8581.5	4703.5	5512.0
A	2324.5	901.0	960.0	4184.5	5833.5	3570.0	1429.5	4135.5	3045.5	1807.5	3471.5	7249.0	7723.0	6500.0	3569.0	4204.5	7738.0	10077.5	4652.0	5412.0
G	2162.5	983.5	946.5	4137.5	5952.0	3719.5	1483.5	4376.0	3142.0	1762.5	3456.5	7457.5	6500.0	6720.0	3708.5	4844.5	8408.0	8941.0	5072.0	5274.5
P	1135.5	647.5	516.5	2365.5	3380.0	2118.5	902.0	2486.0	1696.0	1109.5	2057.5	3952.0	3569.0	3708.5	2672.0	2558.5	4605.5	4988.5	2705.5	3153.0
T	1459.5	588.5	633.0	3392.0	4099.0	2490.5	942.0	2735.0	2488.5	1464.0	2286.0	4570.5	4204.5	4844.5	2558.5	3369.0	4778.5	5276.0	2708.5	4159.0
V	2202.5	1049.0	942.5	5575.5	6534.5	3636.5	1549.5	4606.0	3722.0	1923.0	3192.0	6778.0	7738.0	8408.0	4605.5	4778.5	7895.0	9196.0	5287.5	6126.0
L	2821.0	1205.5	1078.5	5899.5	7875.0	4544.0	1875.5	5973.5	4180.0	2414.0	4323.0	8581.5	10077.5	8941.0	4988.5	5276.0	9196.0	13280.0	6620.5	7075.5
R	1484.0	744.0	598.0	3818.0	6756.0	2418.0	1055.5	3428.5	2251.0	1417.5	2491.0	4703.5	4652.0	5072.0	2705.5	2708.5	5287.5	6620.5	4653.0	3986.0
S	1770.5	765.0	656.0	3975.5	5162.0	3047.0	1159.0	3606.5	2571.0	1678.0	2803.5	5512.0	5412.0	5274.5	3153.0	4159.0	6126.0	7075.5	3986.0	5309.0
End	102.5	84.0	60.5	248.0	558.0	232.5	95.0	567.5	224.0	198.5	184.5	379.5	300.5	505.0	247.0	228.0	401.0	598.0	546.0	451.0
