Proteome_ID	M	W	C	D	E	F	H	K	N	Q	Y	I	A	G	P	T	V	L	R	S
UP000001015	0.019050408386509347	0.02848884767563975	0.02848884767563975	0.02848884767563975	0.057239585274122394	0.05750147519696529	0.02848884767563975	0.05750147519696529	0.05750147519696529	0.02848884767563975	0.05750147519696529	0.09595254200742125	0.028229343303131055	0.028229343303131055	0.028229343303131055	0.0569776953512795	0.0569776953512795	0.11447917054824479	0.056718190978770816	0.08546654302691925
UP000007478	0.01869982813655486	0.030194217908565642	0.030194217908565642	0.030194217908565642	0.05475518620732426	0.04912193659751724	0.030194217908565642	0.04912193659751724	0.04912193659751724	0.030194217908565642	0.04912193659751724	0.07954404505847963	0.03711949724539262	0.03711949724539262	0.03711949724539262	0.060388435817131284	0.060388435817131284	0.10951037241464852	0.06731371515395826	0.09058265372569693
UP000000674	0.013896277074775327	0.031253049274983	0.031253049274983	0.031253049274983	0.04376404576520523	0.025021992980444458	0.031253049274983	0.025021992980444458	0.025021992980444458	0.031253049274983	0.025021992980444458	0.036147708886113586	0.07807156606173468	0.07807156606173468	0.07807156606173468	0.062506098549966	0.062506098549966	0.08752809153041045	0.10932461533671768	0.093759147824949
UP000001931	0.019022671801238598	0.027643948649203047	0.027643948649203047	0.027643948649203047	0.05814185352556963	0.060995809752733166	0.027643948649203047	0.060995809752733166	0.060995809752733166	0.027643948649203047	0.060995809752733166	0.10296894770422774	0.025057062116813113	0.025057062116813113	0.025057062116813113	0.055287897298406094	0.055287897298406094	0.11628370705113926	0.05270101076601617	0.08293184594760915
UP000000641	0.013988811912885504	0.03129055905256247	0.03129055905256247	0.03129055905256247	0.04394008345323827	0.025299048801351615	0.03129055905256247	0.025299048801351615	0.025299048801351615	0.03129055905256247	0.025299048801351615	0.03660928568981773	0.07740204728721581	0.07740204728721581	0.07740204728721581	0.06258111810512494	0.06258111810512494	0.08788016690647654	0.10869260633977827	0.0938716771576874
UP000002518	0.013181469807758976	0.03092190690547128	0.03092190690547128	0.03092190690547128	0.04240967859981597	0.022975543388689366	0.03092190690547128	0.022975543388689366	0.022975543388689366	0.03092190690547128	0.022975543388689366	0.03276961696961976	0.08323322852432233	0.08323322852432233	0.08323322852432233	0.06184381381094256	0.06184381381094256	0.08481935719963193	0.11415513542979361	0.09276572071641385
UP000001826	0.01181957964560119	0.030100223075458933	0.030100223075458933	0.030100223075458933	0.03983106174522008	0.019461677339522303	0.030100223075458933	0.019461677339522303	0.019461677339522303	0.030100223075458933	0.019461677339522303	0.02710377503344341	0.09310846268655994	0.09310846268655994	0.09310846268655994	0.060200446150917866	0.060200446150917866	0.07966212349044016	0.12320868576201888	0.0903006692263768
UP000005223	0.015604641395026117	0.0317216174326249	0.0317216174326249	0.0317216174326249	0.04707823468363838	0.03071323450202695	0.0317216174326249	0.03071323450202695	0.03071323450202695	0.0317216174326249	0.03071323450202695	0.04582182760902779	0.06552621557819988	0.06552621557819988	0.06552621557819988	0.0634432348652498	0.0634432348652498	0.09415646936727676	0.0972478330108248	0.09516485229787472
UP000000536	0.014050560572632943	0.03131488224340169	0.03131488224340169	0.03131488224340169	0.0440576837903272	0.025485603093851023	0.03131488224340169	0.025485603093851023	0.025485603093851023	0.03131488224340169	0.025485603093851023	0.0369206456150691	0.07695496522542261	0.07695496522542261	0.07695496522542261	0.06262976448680338	0.06262976448680338	0.0881153675806544	0.1082698474688243	0.09394464673020506
UP000002199	0.016359308225913975	0.031747632499526224	0.031747632499526224	0.031747632499526224	0.04862306663608788	0.033750868273123326	0.031747632499526224	0.033750868273123326	0.033750868273123326	0.031747632499526224	0.033750868273123326	0.05114242832033269	0.059726591989788864	0.059726591989788864	0.059726591989788864	0.06349526499905245	0.06349526499905245	0.09724613327217577	0.09147422448931508	0.09524289749857867
UP000002439	0.015270724481923032	0.031670482876512834	0.031670482876512834	0.031670482876512834	0.04641555431537733	0.029490142877728998	0.031670482876512834	0.029490142877728998	0.029490142877728998	0.031670482876512834	0.029490142877728998	0.043709561273534966	0.0680240505982068	0.0680240505982068	0.0680240505982068	0.06334096575302567	0.06334096575302567	0.09283110863075467	0.09969453347471964	0.0950114486295385
UP000001024	0.016537349584741727	0.03173276114766815	0.03173276114766815	0.03173276114766815	0.04900033439551751	0.03453514649569873	0.03173276114766815	0.03453514649569873	0.03453514649569873	0.03173276114766815	0.03453514649569873	0.052532943406655715	0.05831555572989231	0.05831555572989231	0.05831555572989231	0.0634655222953363	0.0634655222953363	0.09800066879103501	0.09004831687756044	0.09519828344300442
UP000000578	0.01905205597262488	0.028411024526239923	0.028411024526239923	0.028411024526239923	0.05732919143815141	0.05783633382382298	0.028411024526239923	0.05783633382382298	0.05783633382382298	0.028411024526239923	0.05783633382382298	0.09662061167502109	0.027912775975372207	0.027912775975372207	0.027912775975372207	0.056822049052479846	0.056822049052479846	0.11465838287630283	0.05632380050161213	0.08523307357871977
UP000001686	0.015794562021204536	0.03174051494141706	0.03174051494141706	0.03174051494141706	0.04746010016581955	0.031439170448804975	0.03174051494141706	0.031439170448804975	0.031439170448804975	0.03174051494141706	0.031439170448804975	0.04708377887640542	0.06408949564282246	0.06408949564282246	0.06408949564282246	0.06348102988283412	0.06348102988283412	0.0949202003316391	0.09583001058423951	0.09522154482425119
UP000002698	0.01019117717908486	0.028803974652963794	0.028803974652963794	0.028803974652963794	0.03668958157374463	0.015771213841561663	0.028803974652963794	0.015771213841561663	0.015771213841561663	0.028803974652963794	0.015771213841561663	0.021351250504038462	0.10521307543521671	0.10521307543521671	0.10521307543521671	0.05760794930592759	0.05760794930592759	0.07337916314748925	0.13401705008818052	0.08641192395889137
UP000001975	0.016314275147926233	0.0317500009134024	0.0317500009134024	0.0317500009134024	0.048528552784499905	0.03355710374219499	0.0317500009134024	0.03355710374219499	0.03355710374219499	0.0317500009134024	0.03355710374219499	0.05079993233646375	0.060080426829774755	0.060080426829774755	0.060080426829774755	0.0635000018268048	0.0635000018268048	0.09705710556899981	0.09183042774317715	0.0952500027402072
UP000001013	0.0180897159046718	0.031059232104519604	0.031059232104519604	0.031059232104519604	0.052719742655970035	0.04332102110290085	0.031059232104519604	0.04332102110290085	0.04332102110290085	0.031059232104519604	0.04332102110290085	0.0685523263011299	0.04453615701398252	0.04453615701398252	0.04453615701398252	0.06211846420903921	0.06211846420903921	0.10543948531194007	0.07559538911850212	0.09317769631355882
UP000000590	0.018970597218376604	0.029298056149946506	0.029298056149946506	0.029298056149946506	0.0562069805128889	0.053817848725884784	0.029298056149946506	0.053817848725884784	0.053817848725884784	0.029298056149946506	0.053817848725884784	0.08866510023339295	0.03189930903917997	0.03189930903917997	0.03189930903917997	0.05859611229989301	0.05859611229989301	0.1124139610257778	0.06119736518912648	0.08789416844983954
UP000001974	0.018932831025557897	0.029485594833230714	0.029485594833230714	0.029485594833230714	0.05593581180197044	0.052900433937479466	0.029485594833230714	0.052900433937479466	0.052900433937479466	0.029485594833230714	0.052900433937479466	0.08686803684940103	0.03286930703430317	0.03286930703430317	0.03286930703430317	0.05897118966646143	0.05897118966646143	0.11187162360394089	0.06235490186753388	0.08845678449969215
UP000001018	0.01886966994974995	0.02973157453084509	0.02973157453084509	0.02973157453084509	0.055556925614295406	0.051650702166900646	0.02973157453084509	0.051650702166900646	0.051650702166900646	0.02973157453084509	0.051650702166900646	0.08443173438405134	0.034228635313680957	0.034228635313680957	0.034228635313680957	0.05946314906169018	0.05946314906169018	0.11111385122859081	0.06396020984452604	0.08919472359253526
UP000001137	0.017125602232995654	0.03161204558487249	0.03161204558487249	0.03161204558487249	0.05029762993804338	0.037371168706341794	0.03161204558487249	0.037371168706341794	0.037371168706341794	0.03161204558487249	0.037371168706341794	0.057616735179687927	0.05348087633611919	0.05348087633611919	0.05348087633611919	0.06322409116974498	0.06322409116974498	0.10059525987608677	0.08509292192099169	0.09483613675461747
UP000000554	0.009044533925689763	0.027681917003571456	0.027681917003571456	0.027681917003571456	0.03439879448633518	0.013433754965527444	0.027681917003571456	0.013433754965527444	0.013433754965527444	0.027681917003571456	0.013433754965527444	0.017822976005365126	0.11408404142535021	0.11408404142535021	0.11408404142535021	0.05536383400714291	0.05536383400714291	0.06879758897267035	0.14176595842892167	0.08304575101071437
UP000000365	0.015013590887254983	0.03161661115429998	0.03161661115429998	0.03161661115429998	0.04591156645391685	0.02858991059923375	0.03161661115429998	0.02858991059923375	0.02858991059923375	0.03161661115429998	0.02858991059923375	0.04216623031121251	0.06992747300923682	0.06992747300923682	0.06992747300923682	0.06323322230859996	0.06323322230859996	0.0918231329078337	0.10154408416353679	0.09484983346289994
UP000008243	0.010017138906173327	0.02864510391631671	0.02864510391631671	0.02864510391631671	0.03634701834323525	0.015403828853837074	0.02864510391631671	0.015403828853837074	0.015403828853837074	0.02864510391631671	0.015403828853837074	0.02079051880150082	0.10653740523378864	0.10653740523378864	0.10653740523378864	0.05729020783263342	0.05729020783263342	0.0726940366864705	0.13518250915010535	0.08593531174895015
UP000000805	0.01903709485511862	0.02783373396162669	0.02783373396162669	0.02783373396162669	0.057951681690527175	0.06023589545780096	0.02783373396162669	0.06023589545780096	0.06023589545780096	0.02783373396162669	0.06023589545780096	0.1014346960604833	0.025722760170116467	0.025722760170116467	0.025722760170116467	0.05566746792325338	0.05566746792325338	0.11590336338105435	0.05355649413174316	0.08350120188488007
UP000001400	0.01812962318266322	0.031021244335192395	0.031021244335192395	0.031021244335192395	0.05283399634675874	0.04362550402313271	0.031021244335192395	0.04362550402313271	0.04362550402313271	0.031021244335192395	0.04362550402313271	0.0691213848636022	0.04411720261585659	0.04411720261585659	0.04411720261585659	0.06204248867038479	0.06204248867038479	0.10566799269351748	0.07513844695104899	0.09306373300557719
UP000002408	0.013192335044914615	0.030927473762928766	0.030927473762928766	0.030927473762928766	0.042430219877875645	0.023005492229893752	0.030927473762928766	0.023005492229893752	0.023005492229893752	0.030927473762928766	0.023005492229893752	0.03281864941487289	0.08315480701723414	0.08315480701723414	0.08315480701723414	0.06185494752585753	0.06185494752585753	0.08486043975575129	0.11408228078016291	0.09278242128878629
UP000000254	0.018763753923563373	0.03004285764943422	0.03004285764943422	0.03004285764943422	0.05503228951367143	0.049978863728474425	0.03004285764943422	0.049978863728474425	0.049978863728474425	0.03004285764943422	0.049978863728474425	0.08119397353338548	0.036118199911373564	0.036118199911373564	0.036118199911373564	0.06008571529886844	0.06008571529886844	0.11006457902734286	0.06616105756080778	0.09012857294830265
UP000000663	0.012876668588866337	0.03075922900140784	0.03075922900140784	0.03075922900140784	0.041833605062858076	0.022148752122900482	0.03075922900140784	0.022148752122900482	0.022148752122900482	0.03075922900140784	0.022148752122900482	0.031420835656934626	0.08543417376393023	0.08543417376393023	0.08543417376393023	0.06151845800281568	0.06151845800281568	0.08366721012571615	0.11619340276533806	0.09227768700422351
UP000002613	0.017320426006574463	0.031543007046502085	0.031543007046502085	0.031543007046502085	0.0507497290205249	0.03841344394804563	0.031543007046502085	0.03841344394804563	0.03841344394804563	0.031543007046502085	0.03841344394804563	0.05950646188951679	0.05180276441140608	0.05180276441140608	0.05180276441140608	0.06308601409300417	0.06308601409300417	0.1014994580410498	0.08334577145790817	0.09462902113950625
UP000002487	0.01643450814677097	0.03174244281236556	0.03174244281236556	0.03174244281236556	0.04878169227332381	0.03407849892191651	0.03174244281236556	0.03407849892191651	0.03407849892191651	0.03174244281236556	0.03407849892191651	0.05172248969706204	0.059133043271944304	0.059133043271944304	0.059133043271944304	0.06348488562473112	0.06348488562473112	0.09756338454664762	0.09087548608430986	0.09522732843709669
UP000007722	0.019049961031042978	0.028109771084372143	0.028109771084372143	0.028109771084372143	0.057662821346836195	0.05910610052492811	0.028109771084372143	0.05910610052492811	0.05910610052492811	0.028109771084372143	0.05910610052492811	0.09916224001881323	0.02673697717827124	0.02673697717827124	0.02673697717827124	0.05621954216874429	0.05621954216874429	0.11532564269367239	0.05484674826264339	0.08432931325311643
UP000002071	0.010746357417799305	0.029284253306953906	0.029284253306953906	0.029284253306953906	0.03777224608217521	0.016975985550442607	0.029284253306953906	0.016975985550442607	0.016975985550442607	0.029284253306953906	0.016975985550442607	0.02320561368308591	0.1010330138651045	0.1010330138651045	0.1010330138651045	0.05856850661390781	0.05856850661390781	0.07554449216435043	0.1303172671720584	0.08785275992086171
UP000002376	0.016559565174428102	0.031730265459823284	0.031730265459823284	0.031730265459823284	0.04904783778671475	0.034635144653782944	0.031730265459823284	0.034635144653782944	0.034635144653782944	0.031730265459823284	0.034635144653782944	0.05271072413313779	0.05813804193486386	0.05813804193486386	0.05813804193486386	0.06346053091964657	0.06346053091964657	0.0980956755734295	0.08986830739468714	0.09519079637946984
UP000001941	0.016137401154816693	0.031754161289927044	0.031754161289927044	0.031754161289927044	0.04816056167761806	0.03281280077538203	0.031754161289927044	0.03281280077538203	0.03281280077538203	0.031754161289927044	0.03281280077538203	0.049488200395947375	0.06145935338645053	0.06145935338645053	0.06145935338645053	0.06350832257985409	0.06350832257985409	0.09632112335523613	0.09321351467637758	0.09526248386978112
UP000000391	0.01866281543552714	0.03027305107389888	0.03027305107389888	0.03027305107389888	0.05460418363916766	0.048662265130537556	0.03027305107389888	0.048662265130537556	0.048662265130537556	0.03027305107389888	0.048662265130537556	0.07866171482554798	0.037666048584646575	0.037666048584646575	0.037666048584646575	0.06054610214779776	0.06054610214779776	0.10920836727833531	0.06793909965854544	0.09081915322169665
UP000009079	0.018390460522933187	0.030723070880840437	0.030723070880840437	0.030723070880840437	0.05363028215972058	0.04581442255776028	0.030723070880840437	0.04581442255776028	0.04581442255776028	0.030723070880840437	0.04581442255776028	0.07323838459258739	0.041205674180837704	0.041205674180837704	0.041205674180837704	0.061446141761680874	0.061446141761680874	0.10726056431944116	0.07192874506167815	0.09216921264252131
UP000000242	0.016848567345908158	0.03168378889044215	0.03168378889044215	0.03168378889044215	0.04967564864432761	0.035983719507770934	0.03168378889044215	0.035983719507770934	0.035983719507770934	0.03168378889044215	0.035983719507770934	0.055118871669633696	0.05579537036116092	0.05579537036116092	0.05579537036116092	0.0633675777808843	0.0633675777808843	0.09935129728865522	0.08747915925160307	0.09505136667132642
UP000002654	0.011239758326943058	0.029677678518483654	0.029677678518483654	0.029677678518483654	0.03872343668391679	0.018091516330866277	0.029677678518483654	0.018091516330866277	0.018091516330866277	0.029677678518483654	0.018091516330866277	0.0249432743347895	0.09736769280569113	0.09736769280569113	0.09736769280569113	0.05935535703696731	0.05935535703696731	0.07744687336783358	0.1270453713241748	0.08903303555545096
UP000002593	0.014832194550665399	0.03157148179202119	0.03157148179202119	0.03157148179202119	0.045558766717604456	0.027974569851166548	0.03157148179202119	0.027974569851166548	0.027974569851166548	0.03157148179202119	0.027974569851166548	0.041116945151667694	0.07126175436097798	0.07126175436097798	0.07126175436097798	0.06314296358404238	0.06314296358404238	0.09111753343520891	0.10283323615299919	0.09471444537606358
UP000001746	0.009978788017017005	0.02860955547724142	0.02860955547724142	0.02860955547724142	0.03627130881021553	0.015323506665948216	0.02860955547724142	0.015323506665948216	0.015323506665948216	0.02860955547724142	0.015323506665948216	0.020668225314879426	0.10683020309238143	0.10683020309238143	0.10683020309238143	0.05721911095448284	0.05721911095448284	0.07254261762043106	0.13543975856962284	0.08582866643172424
UP000001059	0.017659210905410297	0.031378453860421776	0.031378453860421776	0.031378453860421776	0.051573399617412724	0.040389891513981896	0.031378453860421776	0.040389891513981896	0.040389891513981896	0.031378453860421776	0.040389891513981896	0.0631205721225535	0.048755137969596844	0.048755137969596844	0.048755137969596844	0.06275690772084355	0.06275690772084355	0.10314679923482545	0.08013359183001861	0.0941353615812653
UP000000262	0.01341860095974435	0.0310397175725955	0.0310397175725955	0.0310397175725955	0.04285819630923985	0.023636957473288697	0.0310397175725955	0.023636957473288697	0.023636957473288697	0.0310397175725955	0.023636957473288697	0.033855313986833044	0.0815218344472017	0.0815218344472017	0.0815218344472017	0.062079435145191	0.062079435145191	0.0857163926184797	0.1125615520197972	0.09311915271778651
UP000001879	0.012436474237419627	0.030502468680271067	0.030502468680271067	0.030502468680271067	0.04100128642096823	0.020997635481394328	0.030502468680271067	0.020997635481394328	0.020997635481394328	0.030502468680271067	0.020997635481394328	0.02955879672536903	0.08861955875130136	0.08861955875130136	0.08861955875130136	0.06100493736054213	0.06100493736054213	0.08200257284193646	0.11912202743157242	0.0915074060408132
UP000000740	0.00895773350307093	0.027589563196094968	0.027589563196094968	0.027589563196094968	0.034221760855922344	0.013264395319654756	0.027589563196094968	0.013264395319654756	0.013264395319654756	0.027589563196094968	0.013264395319654756	0.01757105713623858	0.11477100599126745	0.11477100599126745	0.11477100599126745	0.055179126392189935	0.055179126392189935	0.06844352171184469	0.1423605691873624	0.08276868958828489
UP000008680	0.01884554992287381	0.02981118688428621	0.02981118688428621	0.02981118688428621	0.05542794825733346	0.051233522746094495	0.02981118688428621	0.051233522746094495	0.051233522746094495	0.02981118688428621	0.051233522746094495	0.08362149556931517	0.034692397313927974	0.034692397313927974	0.034692397313927974	0.05962237376857242	0.05962237376857242	0.11085589651466692	0.06450358419821418	0.08943356065285864
UP000000792	0.018964189881610336	0.029333003413352786	0.029333003413352786	0.029333003413352786	0.05615751158035738	0.05364901633400919	0.029333003413352786	0.05364901633400919	0.05364901633400919	0.029333003413352786	0.05364901633400919	0.08833384278640805	0.03207608072032162	0.03207608072032162	0.03207608072032162	0.05866600682670557	0.05866600682670557	0.11231502316071476	0.0614090841336744	0.08799901024005835
UP000002457	0.012901678719510517	0.03077304756098409	0.03077304756098409	0.03077304756098409	0.04188086969743597	0.02221564427290378	0.03077304756098409	0.02221564427290378	0.02221564427290378	0.03077304756098409	0.02221564427290378	0.031529609826297045	0.08525347674436903	0.08525347674436903	0.08525347674436903	0.06154609512196818	0.06154609512196818	0.08376173939487194	0.11602652430535314	0.09231914268295226
UP000000758	0.012480618637801713	0.030529365199232578	0.030529365199232578	0.030529365199232578	0.04108481742991618	0.021110904461367222	0.030529365199232578	0.021110904461367222	0.021110904461367222	0.030529365199232578	0.021110904461367222	0.02974119028493273	0.08829959333800619	0.08829959333800619	0.08829959333800619	0.061058730398465155	0.061058730398465155	0.08216963485983236	0.11882895853723877	0.09158809559769773
UP000006565	0.01647836594875585	0.03173868568107932	0.03173868568107932	0.03173868568107932	0.048874685665325136	0.03427199996849164	0.03173868568107932	0.03427199996849164	0.03427199996849164	0.03173868568107932	0.03427199996849164	0.05206563398822743	0.05878525733476091	0.05878525733476091	0.05878525733476091	0.06347737136215864	0.06347737136215864	0.09774937133065027	0.09052394301584021	0.09521605704323795
UP000001169	0.010659733798290038	0.02921195211762844	0.02921195211762844	0.02921195211762844	0.037604253996097785	0.016784603756938687	0.02921195211762844	0.016784603756938687	0.016784603756938687	0.02921195211762844	0.016784603756938687	0.02290947371558734	0.10168105948522617	0.10168105948522617	0.10168105948522617	0.05842390423525688	0.05842390423525688	0.07520850799219557	0.1308930116028546	0.08763585635288532
UP000006681	0.01745374258309898	0.03148559525045395	0.03148559525045395	0.03148559525045395	0.05106752386689291	0.03916385723287791	0.03148559525045395	0.03916385723287791	0.03916385723287791	0.03148559525045395	0.03916385723287791	0.060873971882656835	0.05062538668653811	0.05062538668653811	0.05062538668653811	0.0629711905009079	0.0629711905009079	0.10213504773378582	0.08211098193699207	0.09445678575136185
UP000009227	0.018690320168820926	0.030215022381544374	0.030215022381544374	0.030215022381544374	0.05471580477901429	0.049001564794939834	0.030215022381544374	0.049001564794939834	0.049001564794939834	0.030215022381544374	0.049001564794939834	0.07931280942105874	0.03726197648331032	0.03726197648331032	0.03726197648331032	0.06043004476308875	0.06043004476308875	0.10943160955802858	0.06747699886485468	0.0906450671446331
UP000000346	0.011533046930692493	0.029896778764701513	0.029896778764701513	0.029896778764701513	0.03928487470529005	0.018776191881177084	0.029896778764701513	0.018776191881177084	0.018776191881177084	0.029896778764701513	0.018776191881177084	0.026019336831661678	0.09520752516398692	0.09520752516398692	0.09520752516398692	0.059793557529403026	0.059793557529403026	0.0785697494105801	0.12510430392868843	0.08969033629410453
UP000005877	0.011361508011797817	0.02976996463480435	0.02976996463480435	0.02976996463480435	0.038956820943185796	0.018373712616762877	0.02976996463480435	0.018373712616762877	0.018373712616762877	0.02976996463480435	0.018373712616762877	0.025385917221727942	0.09646943030435222	0.09646943030435222	0.09646943030435222	0.0595399292696087	0.0595399292696087	0.07791364188637159	0.1262393949391566	0.08930989390441306
UP000001304	0.01901747198727168	0.028973721985546874	0.028973721985546874	0.028973721985546874	0.05664513171926142	0.05534281946742908	0.028973721985546874	0.05534281946742908	0.05534281946742908	0.028973721985546874	0.05534281946742908	0.09166816694758648	0.030337325556382973	0.030337325556382973	0.030337325556382973	0.05794744397109375	0.05794744397109375	0.11329026343852285	0.059311047541929854	0.08692116595664064
UP000002315	0.019050541089504578	0.028131399174689892	0.028131399174689892	0.028131399174689892	0.05763953435615432	0.05901627036292884	0.028131399174689892	0.05901627036292884	0.05901627036292884	0.028131399174689892	0.05901627036292884	0.09898199963635311	0.026818896370748867	0.026818896370748867	0.026818896370748867	0.056262798349379785	0.056262798349379785	0.11527906871230864	0.05495029554543877	0.0843941975240697
UP000012076	0.01257984876826405	0.030588895425989433	0.030588895425989433	0.030588895425989433	0.04127251699021369	0.021367243128448496	0.030588895425989433	0.021367243128448496	0.021367243128448496	0.030588895425989433	0.021367243128448496	0.03015463748863294	0.08758083743020134	0.08758083743020134	0.08758083743020134	0.061177790851978865	0.061177790851978865	0.08254503398042738	0.11816973285619077	0.0917666862779683
UP000006663	0.012851088519544814	0.030745009242961644	0.030745009242961644	0.030745009242961644	0.04178526256202514	0.022080506638127	0.030745009242961644	0.022080506638127	0.022080506638127	0.030745009242961644	0.022080506638127	0.031309924756709184	0.08561901308166532	0.08561901308166532	0.08561901308166532	0.06149001848592329	0.06149001848592329	0.08357052512405028	0.11636402232462696	0.09223502772888494
UP000014070	0.01852290803861623	0.030527880753051524	0.030527880753051524	0.030527880753051524	0.05407916825921454	0.047102575012326044	0.030527880753051524	0.047102575012326044	0.047102575012326044	0.030527880753051524	0.047102575012326044	0.07568224198603586	0.03957114883968258	0.03957114883968258	0.03957114883968258	0.06105576150610305	0.06105576150610305	0.10815833651842909	0.07009902959273412	0.09158364225915458
UP000001901	0.017431064650534112	0.0314959912186601	0.0314959912186601	0.0314959912186601	0.05101293133583375	0.039033880234347285	0.0314959912186601	0.039033880234347285	0.039033880234347285	0.0314959912186601	0.039033880234347285	0.06063669581816045	0.05082750968595844	0.05082750968595844	0.05082750968595844	0.0629919824373202	0.0629919824373202	0.1020258626716675	0.08232350090461855	0.0944879736559803
UP000006794	0.008552587611777613	0.027144060063560637	0.027144060063560637	0.027144060063560637	0.03338756639247144	0.012487012657821598	0.027144060063560637	0.012487012657821598	0.012487012657821598	0.027144060063560637	0.012487012657821598	0.01642143770386558	0.11801061101234196	0.11801061101234196	0.11801061101234196	0.054288120127121274	0.054288120127121274	0.06677513278494288	0.1451546710759026	0.08143218019068192
UP000011511	0.015355545205770923	0.0316855467091445	0.0316855467091445	0.0316855467091445	0.046582938015609456	0.029794782612929917	0.0316855467091445	0.029794782612929917	0.029794782612929917	0.0316855467091445	0.029794782612929917	0.044234020020088916	0.06739259576417836	0.06739259576417836	0.06739259576417836	0.063371093418289	0.063371093418289	0.09316587603121891	0.09907814247332286	0.0950566401274335
UP000007807	0.014590722088239468	0.03150269541778976	0.03150269541778976	0.03150269541778976	0.045092093441150054	0.027178796046720577	0.03150269541778976	0.027178796046720577	0.027178796046720577	0.03150269541778976	0.027178796046720577	0.03976687000520169	0.07302897574123988	0.07302897574123988	0.07302897574123988	0.06300539083557952	0.06300539083557952	0.09018418688230011	0.10453167115902966	0.09450808625336929
UP000007490	0.018448978703287166	0.03064134723763346	0.03064134723763346	0.03064134723763346	0.05382394547663247	0.046365196477998014	0.03064134723763346	0.046365196477998014	0.046365196477998014	0.03064134723763346	0.046365196477998014	0.07428141425270886	0.04049986765321987	0.04049986765321987	0.04049986765321987	0.06128269447526692	0.06128269447526692	0.10764789095326494	0.07114121489085333	0.09192404171290038
UP000058290	0.013312523334190448	0.030987974483787845	0.030987974483787845	0.030987974483787845	0.04265749652040416	0.02333904407323262	0.030987974483787845	0.02333904407323262	0.02333904407323262	0.030987974483787845	0.02333904407323262	0.033365564812274796	0.08228739442753746	0.08228739442753746	0.08228739442753746	0.06197594896757569	0.06197594896757569	0.08531499304080832	0.11327536891132532	0.09296392345136355
UP000006622	0.018008696151508394	0.031131296574589865	0.031131296574589865	0.031131296574589865	0.05249269000039966	0.0427227868516196	0.031131296574589865	0.0427227868516196	0.0427227868516196	0.031131296574589865	0.0427227868516196	0.06743687755173079	0.045369588354853795	0.045369588354853795	0.045369588354853795	0.06226259314917973	0.06226259314917973	0.10498538000079932	0.07650088492944368	0.0933938897237696
UP000012672	0.013332377427027243	0.030997777517838342	0.030997777517838342	0.030997777517838342	0.04269505205287168	0.02339454907006667	0.030997777517838342	0.02339454907006667	0.02339454907006667	0.030997777517838342	0.02339454907006667	0.03345672071310609	0.08214411042227163	0.08214411042227163	0.08214411042227163	0.061995555035676685	0.061995555035676685	0.08539010410574337	0.11314188794010996	0.09299333255351502
