Proteome_ID	GC	Length	M	W	C	D	E	F	H	K	N	Q	Y	I	A	G	P	T	V	L	R	S	shannon_entropy
UP000077654	0.2695035460992908	273.0	0.021717936268953127	0.009371633211086168	0.015422934380700007	0.039829232582159875	0.04843457601831176	0.04861874425964266	0.020168778752286953	0.1043589145391254	0.0753751337642896	0.027671501809863046	0.03571554303366042	0.1174904748976153	0.038660011546677364	0.05295752932577234	0.029332729333526285	0.04594997169342746	0.054477438283429276	0.10168329260953099	0.03544933161011619	0.07731429207982576	4.077486308791974
UP000008323	0.2840260798696006	215.0	0.01907803183939873	0.008474745548493225	0.01043187957708359	0.04458453092902986	0.060320247727510996	0.056420696096653934	0.01934800398806948	0.11611133477659577	0.07069963614871883	0.05182750526768087	0.03838561219023427	0.09505432344939212	0.04171298486919404	0.04205544544358633	0.03307884552798987	0.051014574151188576	0.048067697407860335	0.10875923453899705	0.029358443756369913	0.055216226765952336	4.0839201053204155
UP000002535	0.3583672086720867	197.0	0.021710245023295823	0.01568455313817506	0.013996391841502646	0.05195270869981486	0.06597454374663966	0.043391360605558656	0.018057239833622066	0.07498001681383056	0.05195270869981486	0.03405788681432307	0.0252766141260147	0.08038590985917643	0.061567260979910984	0.06514428014820185	0.040394237849545975	0.04644257292862236	0.055158017205716	0.11197113473202117	0.044020397923274696	0.07788191903093848	4.142392104431262
UP000000815	0.48698244647355166	271.0	0.027305279686234828	0.0137002827688057	0.0119808496170733	0.05293744174463678	0.056912980847988924	0.03739995884296411	0.023112334116438486	0.04386245173127047	0.038949613782030906	0.046749948553705165	0.028836416864902188	0.06285270861109257	0.09202358294255658	0.07101738732366264	0.04395294308468009	0.05274353170161606	0.07012492283055774	0.10900496106559619	0.054131519377974446	0.062400884506212825	4.155691117937092
UP000218890	0.5620468873128448	267.0	0.021541907241532845	0.014261192947356227	0.011443520776002934	0.06005685072463347	0.07487126297362043	0.031387748281374576	0.024076249269948467	0.028282344561293995	0.027694545990717107	0.04276229347946086	0.025904825163868665	0.05116202969864068	0.10458881368454245	0.0801738614393483	0.04722648895259134	0.04561426973462198	0.07012054831793384	0.10494775322798082	0.07579559955354166	0.05808789398098935	4.104037960539176
UP000059074	0.6150696150696151	247.0	0.02458939144500581	0.013486252136137585	0.01076868155272038	0.058224429893054416	0.05732919915549117	0.035494251998877985	0.021040407112736966	0.03444589856431197	0.027579993107236304	0.032047939749658895	0.022115226671127485	0.051668847846468	0.12804247750545833	0.08127555490893534	0.051478876723602095	0.05295799075680904	0.07369987046989263	0.09475697631843334	0.07288998178341027	0.05610775230063198	4.087663877163364
UP000198672	0.5708154506437768	271.0	0.0207114023745807	0.013838682313917546	0.012228567022362146	0.05726455290782268	0.06117173523809597	0.03297875109655037	0.025264687332416515	0.025451697428588663	0.026120112548834236	0.043015989547206014	0.024122692177452734	0.05289804119994251	0.11566521633804297	0.07127037036658528	0.05101723216442727	0.0550115053315082	0.06749835441577856	0.11691041603546208	0.07737467302201843	0.05018532113840704	4.087143490337314
UP000188947	0.375	277.0	0.02390361827502766	0.011354544759606422	0.008475153572655273	0.05452814143067998	0.06831339510460165	0.0517054366741512	0.018160493846595533	0.08409921184632148	0.05961982771444565	0.036119554964274436	0.043322470807724625	0.07968018322169497	0.061979418140865	0.062072538949403296	0.03437619039136602	0.053354870965378505	0.060289779963124054	0.09120447287119256	0.03449958843694583	0.06294110806394605	4.1511410002535785
UP000430670	0.5045492142266336	264.0	0.027211151705107853	0.012040332612879588	0.014082046424191533	0.05245371470344802	0.07176034353854746	0.03638700518706285	0.02000819978316759	0.05549101933821094	0.034669146000513316	0.03952758961784192	0.028999451195496868	0.06622182937083779	0.0812025976457666	0.07440549294365441	0.04382164001589464	0.05330542778052853	0.07448307948478446	0.09899579444955306	0.057535615074550545	0.05739852312796203	4.1581737291499055
UP000190750	0.6101694915254238	283.0	0.025686505179291275	0.014310197524127247	0.011202691127464595	0.053228971715467824	0.050859780966598676	0.03508042707343206	0.023431582968895498	0.035901021858775584	0.02810931656525005	0.04605951035900792	0.022037704187156056	0.04448604882500453	0.12001504623366037	0.07656442416820508	0.050114895819188696	0.05442442143484596	0.07853292235977978	0.11230014764360902	0.05990510087676256	0.05774928311347717	4.098260383268061
UP000282551	0.6925911378778622	287.0	0.020033090214093	0.014389966210123119	0.008537779394864059	0.06580892007789488	0.05620935021235796	0.029614133359963553	0.021434005613679842	0.0199678358485747	0.021236000942883797	0.02919107431196401	0.02064963891859869	0.04191538875564071	0.13360530165860476	0.08884240007989067	0.0571338461040086	0.06029631743127002	0.08763012561486293	0.09924965266067784	0.07274151203952212	0.05151366055052477	4.020260263124134
UP000000425	0.5337597725657427	239.0	0.025457629355899663	0.012755223007157111	0.012126267237573492	0.053609347906418865	0.06354540040774947	0.040661491332339664	0.022035904980106682	0.05738149656819786	0.03891150309778336	0.03842510930906107	0.029493969024606822	0.05980561760165145	0.09884336110470153	0.07611831177413993	0.04210970883184774	0.05123347907874809	0.06774674919503876	0.09843282594657107	0.05555437490466658	0.05575222933574077	4.1539479746281724
UP000001961	0.5389077853363567	216.0	0.023302356016796064	0.01816507876871395	0.014997387840567067	0.05285716416525101	0.058012084105675814	0.032613994910474	0.02228788909414087	0.030759687507537395	0.02980556757096097	0.046387411526934604	0.019281229695500314	0.04817061425609861	0.09599109265235416	0.07740856059528817	0.05174203411957063	0.048974497402066525	0.06872990549865089	0.12234076025102716	0.06734757296268253	0.07082511105970939	4.11328773286896
UP000002194	0.632183908045977	258.0	0.028260112588625003	0.0128012322041344	0.01826623070031456	0.05830037717098992	0.05931724421466999	0.03518126208594216	0.02484103027285657	0.02948718498532725	0.02336465497310664	0.028739622549079514	0.023119994934323197	0.043600709422748865	0.11192688444219584	0.08545974275391824	0.05201389315128529	0.05417291684030034	0.07838024017616102	0.10308292077513119	0.078481276960948	0.05120246879794187	4.100999720539439
UP000057134	0.6656017039403621	273.0	0.02115308258342393	0.0152186656673557	0.008872542236897074	0.06483780865424812	0.05441825905296896	0.029900142336796148	0.022278217407056006	0.021257132442565982	0.02218135559224279	0.0302323661405383	0.021405783718388072	0.042643487574752476	0.13025647113742578	0.0884849740698682	0.05609211911546215	0.06086252657239949	0.08718860789375803	0.09736091195068396	0.0708814158976815	0.054474129955487366	4.0384748362786285
UP000220914	0.6694026498989445	282.0	0.020930220968613907	0.014961577760030834	0.00907906474016311	0.06572403276509325	0.05622356605146933	0.029760479720595104	0.022044491725216362	0.022497682450844856	0.02244823699490893	0.0291071052226734	0.021600493905977368	0.04432087816943567	0.12794541871089854	0.08629545286737896	0.05625623992770909	0.05973068908002096	0.08786191684028893	0.09676371630963405	0.07370890188534551	0.05273983390370186	4.042701735453509
UP000235584	0.4120218579234972	271.0	0.02675450457412815	0.010069183002282673	0.010751058687785508	0.05360255636704709	0.07048428101597921	0.05113390290458016	0.020305074332417784	0.08382515439439796	0.048545712271896475	0.03193818983536559	0.034257723175364206	0.06900514008224964	0.06813480498211318	0.060628428162049844	0.03586042367479643	0.05270095412981129	0.06432306764045653	0.09979340123642845	0.0387496521225288	0.06913678740832079	4.149453175700886
UP000036196	0.6067211625794732	283.0	0.02720633514118565	0.015526847833100895	0.011915952988193663	0.05469288534468702	0.057733631379417526	0.03616842201122336	0.021870133228331166	0.03795451692535783	0.03222553323851136	0.0416975002768218	0.026276204025247715	0.054823191114405735	0.10698821985321501	0.07783078154313894	0.04578019051821512	0.051132072697779425	0.07088106150304224	0.1082057345884426	0.06296143494703721	0.05812935084264572	4.131434425911214
UP000239724	0.6771428571428572	271.0	0.025095640242470595	0.01509677259499565	0.011368232888982342	0.0577953439386187	0.04990125267656141	0.03271557307626971	0.023184987889300585	0.02272988356719032	0.023113057301016027	0.032434820570943684	0.02065615386699626	0.04654975174509561	0.1350748726958628	0.08592120537869795	0.05937722534830153	0.053527402797328455	0.07499014057095596	0.10161393810412447	0.08122867747469303	0.04762506727159477	4.051927832992869
UP000010481	0.437976437976438	264.0	0.019214393435650314	0.014592634762248634	0.011296374162717419	0.049992464379686005	0.07342643205766379	0.03864549055666515	0.019154721406347077	0.046443188463518824	0.03997661300917243	0.05671558889971269	0.030889247520681597	0.06471072788464452	0.07544734303172793	0.06424812805045584	0.04718969206683598	0.05743693971359178	0.06519047445955749	0.11056654594729608	0.051398502440364674	0.06346449775146167	4.152718976083637
UP000236520	0.7101062382112031	290.0	0.01814387446597327	0.015043054984426351	0.00894337720351096	0.061869681296904	0.06043670642067072	0.02649452642802673	0.02413342907773499	0.01752810889516961	0.01638014819922345	0.025664656377119538	0.019908844214532397	0.033680959315001126	0.13470888491845143	0.09466113172115198	0.06026032749070016	0.06043670642067072	0.08286684342642042	0.10280836143077872	0.08568566051349882	0.05034471720003474	3.9871102645970047
UP000295110	0.6933333333333334	284.0	0.02255121447671707	0.015615962377895407	0.010177685105633619	0.054302475516730786	0.05467480180018738	0.03309936318356868	0.02265792369348385	0.027002112070806047	0.022306092580231085	0.039464625334254946	0.01986763228379339	0.03708723826592638	0.13865949441765268	0.08550668822421915	0.0541322883389673	0.04722545123680719	0.07404702897767429	0.11478185944674844	0.07688109876241687	0.04995896390628534	4.035597386406087
UP000010378	0.4248277209434498	260.5	0.01955927892459274	0.014669459193444501	0.011301941831427435	0.04856780408640438	0.06270913853686233	0.03816041749646053	0.019895610632549143	0.04687385781517082	0.04263295774322823	0.055010471975417134	0.03092958263678072	0.06948691196894802	0.08053820733655853	0.06417888397132007	0.04721205257660319	0.057688884468602236	0.06767955036975572	0.11036368832451295	0.05061996482244961	0.06192133528891179	4.154383144759575
UP000326553	0.7142857142857143	296.0	0.017453598602340893	0.014839774657062824	0.009061455321569243	0.061601673532531334	0.060949074484365165	0.026569416900968704	0.02306181196705708	0.020444458123369265	0.01615054339648787	0.02599638219896821	0.02042054461356505	0.03126547943014757	0.136525926844978	0.09494141177029676	0.0593590986282513	0.059416505880309535	0.08457358300131375	0.10344212996252111	0.08373377522618392	0.05019335545771245	3.9852326639527598
UP000192911	0.6491739552964043	295.0	0.023242563487589598	0.013498530860940794	0.010708615638261112	0.0554751751166054	0.05605222637757506	0.035063067204135115	0.02350971938974579	0.026000155765778202	0.02390663673009211	0.0326384934081045	0.02349933523807186	0.04469723747613388	0.13551551420991878	0.08151739657966213	0.05194528474686688	0.05167188851135706	0.07734500118559233	0.10163207885256578	0.07729503671454224	0.054786042506461186	4.059584700802293
UP000587070	0.651178596558562	277.0	0.02061961237969191	0.0137086773589671	0.011930820122373134	0.05471666103413202	0.058321329580877906	0.03594805662808828	0.02120809420774373	0.02975107689806673	0.025431216806537975	0.034997338828047196	0.022048753165381962	0.047865031298669244	0.1337740229008422	0.08032149362332164	0.050453930074623725	0.04611030324775855	0.07081884760349333	0.11074161174896303	0.07541844057432785	0.05581468191809251	4.059655167093042
UP000184363	0.7320417800293961	278.0	0.016538626457971415	0.014345677026949007	0.008818554709206703	0.06167985421546779	0.059415012353280526	0.02536723009003885	0.022280629632480207	0.014516053238670425	0.014655295955588121	0.024627984395142185	0.017691815092788252	0.03441023881464117	0.14446377025957316	0.09201790965261068	0.06259203216786136	0.058291100504423564	0.0960376713577703	0.10306685816385393	0.08532297959483819	0.04386070631684416	3.9448830400509616
UP000272462	0.2414174972314507	237.0	0.017204426771114476	0.007615513893231256	0.011014302470807055	0.048393225141628506	0.06772204772126926	0.05960302558922628	0.0167599827832273	0.12508742507195375	0.0797738460644535	0.04021191417280807	0.0411923132405542	0.11060898925704367	0.030429780387656653	0.038965701714037716	0.027461542160369397	0.04737224981314629	0.0424012845022233	0.10208628115898269	0.026024024610458347	0.060072123475808176	4.032106417154022
UP000430120	0.6971608832807571	280.0	0.022339864720439508	0.016730616078676954	0.01143942255446805	0.054007602780290674	0.05472770415069454	0.030896664806230243	0.023521935881387287	0.02417437497023266	0.020479005473353233	0.043284253075374375	0.019081198502953894	0.03445548390446842	0.13588214215497796	0.08472752362779547	0.05735959267454492	0.049590624114244614	0.07604878172242885	0.11585501886739777	0.07574603899687007	0.04965215094317043	4.035732165101359
UP000315499	0.5726141078838174	194.0	0.024975972440205392	0.014840795218093068	0.011726488696305012	0.054782688521108916	0.05858208638720947	0.03445451114599227	0.022505821319745458	0.04326823394570791	0.030465496595301525	0.039385187309554634	0.024381306429724324	0.051895818721496303	0.11070431027550508	0.07131873641004384	0.04432964805404415	0.05293945442316146	0.07360106878473033	0.10293647480852186	0.06890497113552266	0.06400092937802637	4.125021159753263
UP000279306	0.6781924869421705	287.5	0.020582302259726	0.014822245983047712	0.008578841950272354	0.06805881280549407	0.052934632182050946	0.029890694813223696	0.02181372205304292	0.01882678486087328	0.02082106017648904	0.02835783866895581	0.020623882668331553	0.0419540626883183	0.13112248338673174	0.08937015822943671	0.0559838621464548	0.061746906779178115	0.09034355682145236	0.09671515503938635	0.07238466247479022	0.05506833401274417	4.022117722576484
UP000027341	0.4443003263295025	272.0	0.02875283087080883	0.012648710861264477	0.010285176566418123	0.057217722090551086	0.06796200908537414	0.04160060813693237	0.02324119284741496	0.061944018184762764	0.041539954810822635	0.04497884361369231	0.029985895742461504	0.0643822730111685	0.0820414107513748	0.06505149173383261	0.03969233588421958	0.05176891904383623	0.06992165689037616	0.10219935188100808	0.04135151751581382	0.06343408047786703	4.164024644024992
UP000001168	0.45330599534862914	273.0	0.027112479456123814	0.01134250850808304	0.008867118082005063	0.050829498708421926	0.07814934091693579	0.04209590786505044	0.022503173192389217	0.06004857445455733	0.03645806306169551	0.03970526862755155	0.03284510185738328	0.06632116439758111	0.0866738857693138	0.0702667503619693	0.03818956639704621	0.05462612793190497	0.07291612612339102	0.1001744910293316	0.0446826092742665	0.05619224398499858	4.146173307597987
UP000215134	0.6197758475427482	290.0	0.02643030522663741	0.014224382986296167	0.011460738123036914	0.05328499023437937	0.05531494703215224	0.03667195174384992	0.02251223614959004	0.034968274841311396	0.03230664762241893	0.047894290833235924	0.02722266828835726	0.05336199166535391	0.10842272699985682	0.07815131901042315	0.04662436645508193	0.047911238565307095	0.07000608272167738	0.11397067355686707	0.06354117198303202	0.05571899596113492	4.12207472340223
UP000606196	0.648936170212766	270.0	0.024746589869634406	0.012912767392858975	0.01039523506256064	0.05871267077240971	0.0531468032087606	0.03631164440831354	0.02036165878134811	0.034464391519166686	0.026290101548478908	0.031584605926183125	0.02153912288518041	0.05531400474220571	0.12888428843957167	0.08240945128134337	0.052022118422538295	0.051912656702124915	0.0750023642663793	0.09840223540359537	0.0708748422126085	0.05471244715473765	4.078562700232454
UP000198418	0.659217867795888	262.0	0.021497205781589437	0.012952746774729794	0.011183245849220235	0.05882052365688378	0.058140170182026066	0.038204182684562556	0.0195840573244719	0.03354973754766091	0.02395608349975112	0.030000627083712	0.01998134821080897	0.045989527874321756	0.14401535488051492	0.08279202705623609	0.05323354310308049	0.045478533120162576	0.0703007859300223	0.10347643771722387	0.07647171880647932	0.05037214291654199	4.0420389965301995
UP000001946	0.4829415108512496	274.0	0.027456604757247285	0.011104005998351148	0.012888934441498426	0.049396002441149875	0.07441926497147333	0.03872603261559449	0.019295313453574162	0.061871259156929675	0.03630441159371813	0.038548907310491994	0.03340303443766284	0.07042344818078693	0.07941677899030725	0.07613752155630983	0.04075170201394872	0.050204403896153334	0.0681817408212784	0.1053923327946949	0.04863895796756624	0.05743934260126296	4.149871082106207
UP000315532	0.6392156862745098	186.0	0.025766519559416085	0.015382223736978066	0.010367704380512287	0.0630334625206411	0.051214688298020866	0.034588277103487365	0.021943100528018882	0.03073355947448427	0.02497370357297249	0.030992066049503303	0.023546634797374053	0.04977337436843308	0.12627947344368226	0.08423456845114707	0.05130272386020058	0.05748474222833114	0.07466006155264962	0.09536020322924099	0.07466006155264962	0.05370285129225677	4.085396960497911
UP000030125	0.4883720930232558	299.0	0.027789832841921207	0.01065907174350967	0.010907203118221869	0.05763610301125123	0.06933222862401883	0.0432600741664308	0.02179727053895225	0.06401059187845011	0.03869946293423008	0.030166770962093255	0.0391771016112383	0.07261209453659394	0.0705569680990796	0.06780162453148382	0.03930884065506263	0.055556791791203666	0.06780162453148382	0.09561869021320733	0.05285812190083919	0.0644495323107284	4.165292506044504
UP000245396	0.6303538175046555	270.0	0.02657129714145972	0.013680524031604852	0.009307753793192347	0.058129222833910296	0.0617696388093674	0.03754943832885219	0.020589879603122467	0.033973301345152036	0.026237427959140105	0.02961174774845189	0.022294979007756045	0.05377069277649967	0.12230388484254745	0.08415404920358767	0.04971702635875908	0.052634692224883484	0.07484399000443868	0.09667071357562829	0.07228361988330224	0.05390612052834413	4.086460637543963
UP000065734	0.6861313868613139	268.0	0.021396814205212087	0.012487687733007043	0.009570003683238985	0.05851373680609016	0.055350832113869056	0.035310013589881964	0.019553250676379585	0.026368851350383905	0.020969086568735393	0.026116411868334258	0.018801143189247613	0.046125693428224215	0.14111387142808068	0.08568957272858395	0.05544791290025112	0.05309579821293365	0.08350136260954932	0.10176302053233074	0.0811974761846626	0.04762746019100361	4.015493421549119
UP000001054	0.6304044630404463	279.0	0.024880190511275425	0.012939803098887365	0.010000860891787137	0.057292980910713366	0.06182350369468444	0.037781030035640456	0.021207202381077362	0.03381506555676107	0.026156097716981838	0.028934861584711008	0.02217582197744115	0.05430125229457065	0.12079987235079785	0.08314195324457557	0.04967960118322857	0.05169363906903506	0.07443292396309363	0.09871817525441548	0.07389662711332215	0.056328537167000314	4.084982611573156
UP000053937	0.5136752136752136	263.0	0.026133461297889963	0.01052538392372707	0.01247370022218884	0.0532115055342579	0.06869666813003529	0.04355576882981664	0.021014535889024924	0.05251424241878841	0.03454932171585452	0.030391463312530797	0.029830389969298807	0.06710814753038416	0.08637330428963645	0.0739020305911255	0.04207727025485952	0.050960249530885515	0.06945178811705004	0.10100229636752084	0.060046329827221676	0.06618214224790323	4.14527919525488
UP000051221	0.5163398692810458	288.0	0.027713146776064512	0.01311045020559974	0.011620626318599723	0.056420144333063756	0.06081022975408622	0.039786287374722236	0.0251875644344034	0.046291219244463305	0.03773487513050851	0.04773041397455863	0.02921757474390797	0.059454367211440755	0.09315993441847539	0.0670567289204446	0.040394360092929	0.053353832141049405	0.07304393685977006	0.10612043656985459	0.04913363154282407	0.06266023995323408	4.15887016179411
UP000198773	0.5211640211640212	285.0	0.023963772587520873	0.014513270722019708	0.01184416346279769	0.05209464964764772	0.05724679007018887	0.03932985577341223	0.024889908726169023	0.03696653708568253	0.030816963626568928	0.06305047653964496	0.02832495205368582	0.05221835580726685	0.10004293410324279	0.0668394954333016	0.0442249880370558	0.04815150566651403	0.06715241441941264	0.12061155770513082	0.05534004552322854	0.06237736300950865	4.131300971389715
UP000193484	0.7073791348600509	281.0	0.019471727257732295	0.014519950619747682	0.008730585693155976	0.06508798673765535	0.0529477509668387	0.02768609780477712	0.02055535178096814	0.01832633153668926	0.020296189236907142	0.02774752568692674	0.02044760277986198	0.040742548007650384	0.140870163122782	0.09226088795080056	0.05867450413968687	0.059291151476422534	0.08573813077277932	0.10104763918421018	0.07616491954555182	0.049392955698855955	3.997235982477515
UP000000430	0.4135472370766488	281.0	0.02545434674147196	0.013160139049256177	0.011097362680094987	0.05370363013275685	0.05832572028256309	0.04223038297853636	0.026209948871088965	0.05325443136656697	0.04165256739513602	0.05479626643982341	0.03255121640657525	0.0713419115497971	0.08285725772150714	0.06394792504647441	0.03989097492593652	0.05263004432555415	0.06594271194233409	0.10554312325280452	0.0434622228621406	0.06194781602958161	4.17041909709294
UP000241247	0.6505636070853462	280.0	0.02643780011657412	0.014103821787470593	0.010458339266646468	0.05811567137639407	0.05993849099656295	0.03748484058262723	0.021322741720011588	0.032618201436708495	0.026325580534987344	0.029836296713904656	0.023053959008483726	0.053520080164801954	0.12298365550516051	0.08362071197369221	0.04996560022223596	0.05210756747471842	0.07505748898935768	0.09734660007854626	0.07218247188631394	0.053520080164801954	4.0904509333435835
UP000008204	0.4014732965009208	254.0	0.019609608600021793	0.014644171344626379	0.01153992416209145	0.05027533393694416	0.06649160423774739	0.039286189907010965	0.019378363215587568	0.05330726213284494	0.04425295630549173	0.05373223283245905	0.0326964517925926	0.0745904595281558	0.06734775412630457	0.06302178668612561	0.047220839100052606	0.056512386901768345	0.06153342516573216	0.11411702782512732	0.04723894525001432	0.06320327694930125	4.1576190595951275
UP000321668	0.441494109121838	279.0	0.02619174073039552	0.011536937158608684	0.00472286164381941	0.06271201928655133	0.05124304883544145	0.040994439068353164	0.020915530136914856	0.05124304883544145	0.04124827460438007	0.05040299885453252	0.03253526910186754	0.06799404686863042	0.09875346042289397	0.06689473821100338	0.03819812513722004	0.06658653940959425	0.07734799824217573	0.09880946636430409	0.041588561373691574	0.05008089571418056	4.129049252952728
UP000320239	0.72859450726979	282.0	0.016944411356041203	0.01570231555641886	0.008749390216561721	0.06125031715021809	0.051256844352024676	0.0259528325833036	0.022346308164370426	0.014438547704795662	0.01627201408000776	0.02634184720446658	0.019905570622145465	0.03306893184001588	0.14559880242410447	0.09397088131204517	0.062012061219840806	0.05974724188272809	0.08748163338927281	0.10373408976004984	0.0888451968768427	0.04638076230474627	3.9569749662936484
UP000008561	0.5803255484784147	298.0	0.0283815800129753	0.011409683964214596	0.012886771465350971	0.05872051037167311	0.06104299936434449	0.04312963436334254	0.021230896217498386	0.05133742025813635	0.0324975188107756	0.030652106414013412	0.028593382848893036	0.06089033414076719	0.0983361786365062	0.07680482244969186	0.04628480299305789	0.054721537931653984	0.07424944155053265	0.09514445406458752	0.06144570204103524	0.05224022210094969	4.14677989586885
UP000182983	0.6521264821633004	276.0	0.02253957801622085	0.012726335496354765	0.010788677030327867	0.0606348355998393	0.05694023988228635	0.03279757817219697	0.020212161246781223	0.026196148699837832	0.021691519955156665	0.028470119941143127	0.018760061612248836	0.05040611399415513	0.12755855166161875	0.08503713260466103	0.05460662349366805	0.05232346367561449	0.07680311425982812	0.10838717276294214	0.07936663609760616	0.05375393579751227	4.040346367951907
UP000002186	0.6886930983847284	291.0	0.023013376040307638	0.014028701832790303	0.010741188510051684	0.055596422529553234	0.06213978018280409	0.03479935260463998	0.023099892491587032	0.02603631950322944	0.021635814798458202	0.03145685018478912	0.020793811853678946	0.043578520586965624	0.13361944752825633	0.08493088954863992	0.05174375918115488	0.04602675208061537	0.07577871708832809	0.11094365032764994	0.08258832530594283	0.04744842782055713	4.039128550621281
UP000632849	0.7327933009751191	273.0	0.016077149038871724	0.015331768678048531	0.008995995110307365	0.06032608485735529	0.06032608485735529	0.025638586064376006	0.023181161283653898	0.017681783492673075	0.015018418615115603	0.02368039920688368	0.019497023623099557	0.02707705458944	0.14243658924653335	0.09680646065605099	0.06369835047049936	0.060474306196071095	0.08546195354791998	0.10488512480881085	0.0872802929851098	0.046125412671824684	3.953725569457991
UP000238938	0.451063829787234	258.0	0.028841403934985993	0.014336700040556292	0.011653092498984174	0.05420520559613563	0.057682807869971986	0.03763200513433441	0.025940813425858855	0.047525333135288166	0.040261030897183414	0.054820837668177386	0.028886539152411597	0.05954354360771296	0.09948610312565646	0.06755796938997063	0.039441236150408135	0.05201670274908905	0.07503454682272771	0.1042146483648997	0.04394880599616908	0.056970674439478446	4.159102348738662
UP000186437	0.4371184371184371	252.0	0.024541967164226006	0.010124573912634488	0.008107694506228702	0.055777198100513604	0.0759632316987947	0.043329744287122184	0.01985596048885595	0.06334578545338565	0.03933007558369546	0.04179490320883172	0.03858799868588987	0.07134292780298256	0.07717599737177984	0.06441461197959573	0.032599089493868354	0.05560868692800446	0.07094539838672358	0.10238633962101386	0.04542154056117021	0.05934627476468333	4.142803296808044
UP000295382	0.5895061728395061	273.0	0.027010769419658513	0.012948358664739795	0.01065542015119211	0.053486030562847	0.05958759230181255	0.035553893996638254	0.022605974243413186	0.041802032900830836	0.03147447183121375	0.04091681338057796	0.025272149440945132	0.05383791234286572	0.11457825692282608	0.07544314831559927	0.04735742289418735	0.05055129560100466	0.07216573515528156	0.10335276644392977	0.06393252090715307	0.057467434523283574	4.121187575975099
UP000680099	0.5621890547263682	254.0	0.024450617841319213	0.013387414479014845	0.01267809813994322	0.06070498222672355	0.05489136477516644	0.03768535593891401	0.025998125299630533	0.04302870273965485	0.03450241924974563	0.04401111211437454	0.026604299205580464	0.059531939091907654	0.10237268030757954	0.07129180541193272	0.04464895431893074	0.050612629203313705	0.06923096287654426	0.10794339325418888	0.05992066296462596	0.05650448056090921	4.144462299337528
UP000889800	0.5683060109289617	256.0	0.015322155612604114	0.017142056075020465	0.012282178821511674	0.0526453551817681	0.057605789044810854	0.03389332519223046	0.01816963585919424	0.023599641978033974	0.026055442285392805	0.06013465257164307	0.024534980285164373	0.05291672299198347	0.10693587771296656	0.07140767014304418	0.05450112948004048	0.05180013158940027	0.06686764754135159	0.12443447588417933	0.06936381257057288	0.060387319179087025	4.0798667155140205
UP000001430	0.3163952153954802	218.0	0.019275018799641306	0.013876523221060588	0.013210034435961106	0.05141083034423363	0.06907453356312768	0.0486911058126546	0.01603923665815566	0.09080675523386603	0.06401786622748365	0.029468538357144008	0.029022045351732775	0.09080675523386603	0.050517494326532617	0.059799570519862996	0.03635501766480401	0.04388705387811725	0.0510787998190497	0.10735205385698574	0.038002312915537406	0.07730845378018324	4.114757549481759
UP000220246	0.6605504587155964	289.0	0.026046664589151104	0.015588534110173734	0.010887230172184783	0.05129966349830039	0.04973260429106801	0.031754421335539094	0.024647872843540326	0.028852815352994506	0.023957540133100145	0.04983508625994305	0.021434234401488922	0.03957089427967186	0.13369149592793106	0.0825614954724019	0.0530802627052667	0.052042654733576256	0.07794267055086888	0.10887230172184865	0.06520837508058608	0.05299318254036464	4.070536061937389
UP000008898	0.4347979287311946	288.0	0.023796280632280314	0.012260498717907745	0.00868524660244382	0.05810220829019819	0.06913188815124628	0.05011014438114578	0.019953360658555803	0.07827856873741121	0.0526992059294573	0.03273967605126088	0.04000633637265391	0.07134614936583229	0.0652022860879123	0.06784142623908966	0.03642524711925197	0.055006561815478104	0.06333520408153893	0.09357438101943406	0.03816080225948797	0.06334452748741323	4.1585348583586965
UP000076038	0.6488205060622034	289.0	0.019089643978763327	0.014140477021306077	0.007995662399481965	0.06763039903984237	0.054724541309167055	0.03025864313650129	0.021359042214000847	0.02036228691068088	0.020777843786409043	0.026330543418983856	0.01976921059289402	0.043709298306781594	0.1265227688613251	0.0870506689490074	0.05206266539662722	0.06404623865615452	0.09226945560724761	0.09839763891749138	0.07021478245062372	0.0632881890467108	4.02032292958561
UP000002084	0.5261272764099447	251.0	0.028691194022960137	0.015497563430020053	0.013166292699427236	0.05325033936212797	0.05745291359750072	0.03845858494119867	0.023699326858968982	0.04405380388990131	0.03768700295615873	0.042806972682896516	0.028526967515425643	0.06041004885619564	0.09568051216353966	0.07131741878856428	0.04364626029860136	0.053815065356610944	0.06962514105459836	0.10632778801204129	0.05829965413632848	0.057587149376934085	4.162882065330058
UP000269148	0.370506711891174	265.0	0.02647094310215212	0.009320144529611633	0.007892735007058522	0.058918574482515945	0.06814061222760535	0.044621410462824744	0.02004135653753101	0.07317112722427427	0.04553388338865894	0.04088436733656326	0.03739423841758831	0.07757382418227649	0.07154764283898571	0.06132655100484488	0.031940911981690044	0.055142148175321586	0.06500003967727572	0.10309970893568125	0.036963959649070545	0.06501582083846967	4.140584549591171
UP000017700	0.5019806244792475	290.0	0.027831889732150297	0.013913082091982115	0.0126534614910619	0.05415160404006756	0.05546160069134309	0.0370895076075933	0.024697117609060657	0.03946260525554181	0.03632664640725131	0.046463510595179565	0.028246112856032023	0.062432307458437745	0.09137933515352471	0.07161085629876118	0.04429954494513243	0.05414726539948779	0.0711757208872236	0.10994062907978068	0.05694057670977885	0.061776625690609425	4.1553472515562655
UP000000817	0.3834309774571889	267.0	0.027628770759963187	0.009959556886327645	0.007839958882314263	0.05575701478900297	0.08053581740143077	0.043400787852802214	0.017791427887546205	0.072799618192919	0.04406292680097729	0.033262442985785824	0.03347719668725468	0.07927069536562285	0.07590971186673877	0.06575449385166873	0.03355373348809428	0.05827936737078906	0.07140854268604793	0.09592420279537563	0.03692734256162558	0.056456390887712926	4.129844018920017
UP000255169	0.4882266372332597	264.0	0.027452624657048588	0.013581060346211843	0.012192717429578824	0.05340658862944113	0.056690512021856106	0.0374718307362634	0.023184184307146177	0.0440655863593827	0.03850230608151065	0.04716040412353493	0.028441223328909016	0.06286090788818058	0.09160091194776827	0.07020363502041821	0.04355816445585041	0.05302352011225253	0.06908015494732628	0.1100065888043161	0.05566598469615996	0.061851094106844334	4.155736718330433
UP000249134	0.3699912739965096	271.0	0.029672044361367025	0.011522048196508036	0.008117451711077793	0.0525123809144468	0.07938235244729361	0.044293051727837734	0.020610350659485126	0.07073902434517862	0.0460076214721411	0.035537448479311624	0.034956771216577746	0.08489501581168898	0.06591848286554669	0.06656541012507426	0.03464121070699546	0.0535437444123515	0.06643957759175659	0.09702287521335884	0.038134659508993994	0.05948847823300835	4.147462669981162
UP000188937	0.5857605177993528	279.0	0.025918472637745566	0.013960631852603841	0.011767582404493672	0.05767772784174364	0.056876648288386115	0.03583228842168329	0.023092774493028965	0.031023626339119727	0.026250760748485882	0.03241275056677341	0.02110885915857628	0.052501521496971765	0.11112092416134438	0.0826898963577306	0.052114119143193124	0.056876648288386115	0.07352605904537014	0.10093602372305147	0.07184418731164566	0.06246849771966627	4.10328860757082
UP000664545	0.4072632944228275	278.0	0.02966134965795505	0.008436643089525294	0.013578306732308284	0.05504718945530394	0.07734478518403472	0.04019893440486014	0.016603907688963918	0.07347037012266659	0.04664303839342547	0.0320243083309158	0.03711744557628242	0.08559224226626592	0.07321635983107426	0.07023262102918094	0.0320243083309158	0.05316806853012287	0.06764101139710779	0.09086060241100236	0.03810239134066104	0.059036116227427445	4.142410449383665
UP000000585	0.4068627450980392	239.0	0.026292653655948583	0.010261621946124016	0.00876421788531616	0.05631982188406145	0.07485781575338336	0.04599240466843871	0.01976189774785818	0.06907380596521265	0.0427977226675172	0.039885052778156335	0.03744613876427891	0.07451184512351876	0.07059072010870568	0.06315658043129932	0.03272536486023521	0.05304059135788776	0.06968463449170563	0.10286616443837307	0.041256571685770814	0.06071437378620811	4.146754724386586
UP000000594	0.3558052434456928	226.0	0.029206882355467846	0.01181781366984241	0.01022240882441377	0.04810545329135886	0.08101675991376875	0.0454329281085056	0.021482097934566218	0.07640460203814414	0.045231897453158205	0.03564661738563492	0.03786077342375467	0.08070322756116131	0.063045693190217	0.06409374289483659	0.032674366105432145	0.054253007727335635	0.0722796583544408	0.0950921751108257	0.03786077342375467	0.05756912123338044	4.154449025420059
UP000222056	0.6903754050876136	294.0	0.013283166761339836	0.01286533006192497	0.010946747682384381	0.050520052478548405	0.07271837442099498	0.028936023721930573	0.019286624061281534	0.015259836579571827	0.014916946754431263	0.02699040817399152	0.018149368191431862	0.03541321758438241	0.14040165970992907	0.0861840904624865	0.05872434456487955	0.04396261714612451	0.08480412747854921	0.11300421794617578	0.10812580221220724	0.04550704400743469	3.932122348877106
UP000549250	0.582077537164385	261.5	0.023266973691877156	0.015500730962203998	0.012679145872584697	0.054526100678811695	0.06147799409999942	0.03558584146997941	0.02461132657276622	0.03457577315168625	0.030062436080341204	0.04446533835132391	0.02585037261641716	0.051302817981984945	0.10427296391434895	0.07493280650250812	0.048557871964989376	0.049142413756869396	0.06640838878255738	0.11536975856409495	0.07000219047310335	0.057408754511552515	4.124253757176404
UP000054537	0.7135416666666666	269.0	0.01824565456506238	0.016094539408302258	0.008744720595727375	0.06289983621719514	0.05385598253494703	0.02793877876446101	0.02205286834587758	0.017205630203792323	0.01731248722770987	0.02604615277283573	0.020172906953663052	0.03741688904644621	0.13744851774326994	0.09168070159331748	0.05883846655317391	0.0613859121738004	0.08734265534316231	0.10353698824585592	0.08345278930988474	0.04832752240151527	3.9882040294022456
UP000092671	0.4437456324248777	260.0	0.028347334274264366	0.011401927785870805	0.011932250008469371	0.06567510404661592	0.04897646253476326	0.040221354718259855	0.02669237429640276	0.06146351697070984	0.0477290000338778	0.04064053468231182	0.03173732476479497	0.07226573948791362	0.08192626369029093	0.06756893201567025	0.037832172985466025	0.058420768605823216	0.06703559119709977	0.10065650898864302	0.041128827549589006	0.058348011363163414	4.169011562693813
UP000000586	0.4092370504656099	243.5	0.02593592788627067	0.010400702045763285	0.00871888639581011	0.05632820077018241	0.07460705798142461	0.04570415565533742	0.01948103002754199	0.06906533605669833	0.0426862146461538	0.039874547813173615	0.03763356066762951	0.07365464487963803	0.070653044931565	0.06368321752615382	0.03285310884531214	0.05326163615908954	0.06961847228697281	0.10281410839503727	0.04210147197976819	0.060924675050477536	4.146985500151921
UP000610303	0.7272727272727273	294.0	0.01810599251262261	0.017014632256202276	0.008784514748713213	0.05868731916039293	0.06588039636354232	0.0305677240335763	0.020925108862934052	0.016957046136786353	0.017809320704142626	0.026415215115984853	0.02021201489233916	0.040120758519820866	0.14098207646103128	0.09098003118950378	0.055231922161698754	0.05291151190380239	0.08778214151266525	0.10246794280881277	0.07709051540937262	0.05107381524605572	3.9928937169734455
UP000289841	0.2798703928716079	284.0	0.022658793966825328	0.008289802670789754	0.005602449057731447	0.057993714263230196	0.07390969409972288	0.048554558500340024	0.015173299531356179	0.0957413829584169	0.06668054411939021	0.0238607225457461	0.04737951678052609	0.1002529373352344	0.04652022208513987	0.05366556465827054	0.025438147072943174	0.05215579173949563	0.06599648728201556	0.09767177926281605	0.03186392901584815	0.060590663054161414	4.076288514281475
UP000036780	0.3783068783068783	254.0	0.02901757160597439	0.011366602608946926	0.008994976426808661	0.05213856326395456	0.07577391556591907	0.04267446762198255	0.022127439854884034	0.0712713185986467	0.04424201930633976	0.04169404333771908	0.03682475909338661	0.08192524672646187	0.06904436540310904	0.0645540627252296	0.03496040591303288	0.05520799968837785	0.06802716517546434	0.09537227290114461	0.03867329169825513	0.056109512484362335	4.158760325593722
UP000182719	0.6951719304660482	315.0	0.019764639054683498	0.013523174090046618	0.009605245148070433	0.046716419583797374	0.06808512885714317	0.03397557787912538	0.021619572817097175	0.028681708767726747	0.02055522461687087	0.037270462217403155	0.02104630506846846	0.03114427972253162	0.1183596502508203	0.08799543233279682	0.0615871902112471	0.05149387086587415	0.07855499853581215	0.11419569231594927	0.07988399358064666	0.05594143408388903	4.038871331607016
UP000001174	0.3288888888888889	269.0	0.023030951953458643	0.009219307336766782	0.01191717862708028	0.058716932193843836	0.05658164587206035	0.04613369838914391	0.017610672261846448	0.08342025038956258	0.057577379883646654	0.03719313007000077	0.04062097896812018	0.0931706692662647	0.06987800194969844	0.05637328868488155	0.03027063938186654	0.050455500894961786	0.0634879781725874	0.09670255128408964	0.03182143218615266	0.06581781223396678	4.132553033660261
UP000001191	0.4280510018214936	271.0	0.018142809514051967	0.01415840797712616	0.010904986569616368	0.04881279702590194	0.06512867669478073	0.039425720674766906	0.01842820202326182	0.05000335305092391	0.043225790137395026	0.052388521509911766	0.030417469956793466	0.06989105028708681	0.0796169893238012	0.06424932258110164	0.045466758520094144	0.05627138847136919	0.06711260278489645	0.11061892851193608	0.050413216600521636	0.06532300778466288	4.147634134323612
UP000323946	0.7203791469194313	286.0	0.016697605549467264	0.014884921857249498	0.009870854570578857	0.06259030524790493	0.06378876617098281	0.027960304194598096	0.02263453196705563	0.016882109478190667	0.017518126706689265	0.029816930006370968	0.01786936734241235	0.03387886444709627	0.1341042803063798	0.09028091727768785	0.05771285715949105	0.05505696964959478	0.09040419572640566	0.10523804530808163	0.0820635874634956	0.05074645957026712	3.9874238430480933
