Proteome_ID	M	W	C	D	E	F	H	K	N	Q	Y	I	A	G	P	T	V	L	R	S
UP000000231	0.017685262417187597	0.014467744446851975	0.03215300686403957	0.03215300686403957	0.03215300686403957	0.039303594695156686	0.03215300686403957	0.039303594695156686	0.039303594695156686	0.03215300686403957	0.039303594695156686	0.060921926973125776	0.052606681827317495	0.052606681827317495	0.052606681827317495	0.06430601372807913	0.06430601372807913	0.12129487084042342	0.08475968869135708	0.09645902059211872
UP000000233	0.010613646710560068	0.018726826627787907	0.029340473338347977	0.029340473338347977	0.029340473338347977	0.01662905437869253	0.029340473338347977	0.01662905437869253	0.01662905437869253	0.029340473338347977	0.01662905437869253	0.022644462046824992	0.10353726148389616	0.10353726148389616	0.10353726148389616	0.058680946676695954	0.058680946676695954	0.08592364776594855	0.13287773482224413	0.08802142001504394
UP000000235	0.00819755327016597	0.01863633834325138	0.02683389161341735	0.02683389161341735	0.02683389161341735	0.01180340536296956	0.02683389161341735	0.01180340536296956	0.01180340536296956	0.02683389161341735	0.01180340536296956	0.015409257455773148	0.12200847416113385	0.12200847416113385	0.12200847416113385	0.0536677832268347	0.0536677832268347	0.07366874185997023	0.1488423657745512	0.08050167484025206
UP000000238	0.014914257472412063	0.017063995430196283	0.03197825290260835	0.03197825290260835	0.03197825290260835	0.027949602967159447	0.03197825290260835	0.027949602967159447	0.027949602967159447	0.03197825290260835	0.027949602967159447	0.04098494846190683	0.07317518319703761	0.07317518319703761	0.07317518319703761	0.0639565058052167	0.0639565058052167	0.1068203662447882	0.10515343609964595	0.09593475870782504
UP000000239	0.010499672353140312	0.01873976742802241	0.029239439781162724	0.029239439781162724	0.029239439781162724	0.01638251588077383	0.029239439781162724	0.01638251588077383	0.01638251588077383	0.029239439781162724	0.01638251588077383	0.022265359408407345	0.10437283808399493	0.10437283808399493	0.10437283808399493	0.05847887956232545	0.05847887956232545	0.08536106779623959	0.13361227786515767	0.08771831934348817
UP000000245	0.009054129672584253	0.01875933940281076	0.027813469075395017	0.027813469075395017	0.027813469075395017	0.013424073750449156	0.027813469075395017	0.013424073750449156	0.013424073750449156	0.027813469075395017	0.013424073750449156	0.017794017828314062	0.11525399463513394	0.11525399463513394	0.11525399463513394	0.055626938150790034	0.055626938150790034	0.07810514157382344	0.14306746371052895	0.08344040722618504
UP000000247	0.019628363042786173	0.009423871071451926	0.0290522341142381	0.0290522341142381	0.0290522341142381	0.06051099320806233	0.0290522341142381	0.06051099320806233	0.06051099320806233	0.0290522341142381	0.06051099320806233	0.10139362337333849	0.027896825428938524	0.027896825428938524	0.027896825428938524	0.0581044682284762	0.0581044682284762	0.1382438244793247	0.056949059543176625	0.0871567023427143
UP000000248	0.01784733736402857	0.01425076116490463	0.0320980985289332	0.0320980985289332	0.0320980985289332	0.04019894702891358	0.0320980985289332	0.04019894702891358	0.04019894702891358	0.0320980985289332	0.04019894702891358	0.06255055669379858	0.05125944858366845	0.05125944858366845	0.05125944858366845	0.0641961970578664	0.0641961970578664	0.12224248145080854	0.08335754711260165	0.0962942955867996
UP000000260	0.013746048502137327	0.01774906300450011	0.03149511150663744	0.03149511150663744	0.03149511150663744	0.024391897771769436	0.03149511150663744	0.024391897771769436	0.024391897771769436	0.03149511150663744	0.024391897771769436	0.03503774704140154	0.08133373287285374	0.08133373287285374	0.08133373287285374	0.06299022301327488	0.06299022301327488	0.10112816928718163	0.11282884437949117	0.09448533451991233
UP000000263	0.012087781594192193	0.018416018934293517	0.03050380052848571	0.03050380052848571	0.03050380052848571	0.02002187768685006	0.03050380052848571	0.02002187768685006	0.02002187768685006	0.03050380052848571	0.02002187768685006	0.027955973779507932	0.09294651193406954	0.09294651193406954	0.09294651193406954	0.06100760105697142	0.06100760105697142	0.09311726033801365	0.12345031246255525	0.09151140158545712
UP000000268	0.01711882685609786	0.015150052409949016	0.03226887926604688	0.03226887926604688	0.03226887926604688	0.03646227366401841	0.03226887926604688	0.03646227366401841	0.03646227366401841	0.03226887926604688	0.03646227366401841	0.05580572047193897	0.057115504023780246	0.057115504023780246	0.057115504023780246	0.06453775853209376	0.06453775853209376	0.11811885905221003	0.08938438328982713	0.09680663779814062
UP000000269	0.019368483349921296	0.011155100010659865	0.030523583360581162	0.030523583360581162	0.030523583360581162	0.05299777819422522	0.030523583360581162	0.05299777819422522	0.05299777819422522	0.030523583360581162	0.05299777819422522	0.08662707303852914	0.035159554717781226	0.035159554717781226	0.035159554717781226	0.061047166721162324	0.061047166721162324	0.13341342826530886	0.06568313807836239	0.09157075008174348
UP000000270	0.009066614711611626	0.01876035977208862	0.027826974483700244	0.027826974483700244	0.027826974483700244	0.013448380484095029	0.027826974483700244	0.013448380484095029	0.013448380484095029	0.027826974483700244	0.013448380484095029	0.017830146256578427	0.1151574362180327	0.1151574362180327	0.1151574362180327	0.05565394896740049	0.05565394896740049	0.07816894416310716	0.14298441070173296	0.08348092345110072
UP000000272	0.01706956112770407	0.015204586101282894	0.032274147228986964	0.032274147228986964	0.032274147228986964	0.03623285272614104	0.032274147228986964	0.03623285272614104	0.03623285272614104	0.032274147228986964	0.03623285272614104	0.055396144324578005	0.05749591881330533	0.05749591881330533	0.05749591881330533	0.06454829445797393	0.06454829445797393	0.11785070831181904	0.0897700660422923	0.0968224416869609
UP000000276	0.015187872321754137	0.01687490784192439	0.03206278016367853	0.03206278016367853	0.03206278016367853	0.02885736716123528	0.03206278016367853	0.02885736716123528	0.02885736716123528	0.03206278016367853	0.02885736716123528	0.04252686200071643	0.07124848681312416	0.07124848681312416	0.07124848681312416	0.06412556032735706	0.06412556032735706	0.10817079981034647	0.1033112669768027	0.09618834049103557
UP000000321	0.009332090287682436	0.018776996933002877	0.02810908722068531	0.02810908722068531	0.02810908722068531	0.01397010079853197	0.02810908722068531	0.01397010079853197	0.01397010079853197	0.02810908722068531	0.01397010079853197	0.018608111309381507	0.11311597471982779	0.11311597471982779	0.11311597471982779	0.05621817444137062	0.05621817444137062	0.07952036552758503	0.14122506194051312	0.08432726166205594
UP000000323	0.014800792198587234	0.0171390531756023	0.031939845374189535	0.031939845374189535	0.031939845374189535	0.02758232963016489	0.031939845374189535	0.02758232963016489	0.02758232963016489	0.031939845374189535	0.02758232963016489	0.040363867061742546	0.07397154165045325	0.07397154165045325	0.07397154165045325	0.06387969074837907	0.06387969074837907	0.1062628125771312	0.10591138702464278	0.0958195361225686
UP000000328	0.007301960698068064	0.018388063798265436	0.025690024496333497	0.025690024496333497	0.025690024496333497	0.01020159334134616	0.025690024496333497	0.01020159334134616	0.01020159334134616	0.025690024496333497	0.01020159334134616	0.013101225984624256	0.1293871136673102	0.1293871136673102	0.1293871136673102	0.051380048992666995	0.051380048992666995	0.06888360303208123	0.1550771381636437	0.0770700734890005
UP000000329	0.010677789029150413	0.01871883355221595	0.029396622581366365	0.029396622581366365	0.029396622581366365	0.016768722966513605	0.029396622581366365	0.016768722966513605	0.016768722966513605	0.029396622581366365	0.016768722966513605	0.022859656903876795	0.10306824448313576	0.10306824448313576	0.10306824448313576	0.05879324516273273	0.05879324516273273	0.08623975715839675	0.1324648670645021	0.08818986774409909
UP000000333	0.010219856855807716	0.01876463821899956	0.028984495074807277	0.028984495074807277	0.028984495074807277	0.015785936677557056	0.028984495074807277	0.015785936677557056	0.015785936677557056	0.028984495074807277	0.015785936677557056	0.0213520164993064	0.10643663051504607	0.10643663051504607	0.10643663051504607	0.057968990149614555	0.057968990149614555	0.08397478368297931	0.13542112558985334	0.08695348522442183
UP000000343	0.01217919282655882	0.01838806524065581	0.030567258067214626	0.030567258067214626	0.030567258067214626	0.02024598701970426	0.030567258067214626	0.02024598701970426	0.02024598701970426	0.030567258067214626	0.02024598701970426	0.028312781212849702	0.09230049044665903	0.09230049044665903	0.09230049044665903	0.06113451613442925	0.06113451613442925	0.09355969598069233	0.12286774851387364	0.09170177420164388
UP000000361	0.009373936963074937	0.018778746022396917	0.028152682985471855	0.028152682985471855	0.028152682985471855	0.014053200108915533	0.028152682985471855	0.014053200108915533	0.014053200108915533	0.028152682985471855	0.014053200108915533	0.018732463254756127	0.11279616786751046	0.11279616786751046	0.11279616786751046	0.05630536597094371	0.05630536597094371	0.07973250304293418	0.14094885085298228	0.08445804895641557
UP000000366	0.008506476766542224	0.018692981994677307	0.027199458761219535	0.027199458761219535	0.027199458761219535	0.012377456099873136	0.027199458761219535	0.012377456099873136	0.012377456099873136	0.027199458761219535	0.012377456099873136	0.016248435433204044	0.11954161678034385	0.11954161678034385	0.11954161678034385	0.05439891752243907	0.05439891752243907	0.07528285038885442	0.14674107554156338	0.0815983762836586
UP000000370	0.019430950542983442	0.010909434824206699	0.03034038536719014	0.03034038536719014	0.03034038536719014	0.05403969472523063	0.03034038536719014	0.05403969472523063	0.05403969472523063	0.03034038536719014	0.05403969472523063	0.08864843890747781	0.034068992762085845	0.034068992762085845	0.034068992762085845	0.06068077073438028	0.06068077073438028	0.13415141600259436	0.064409378129276	0.09102115610157042
UP000000374	0.010053132187632062	0.018774749483678042	0.028827881671310104	0.028827881671310104	0.028827881671310104	0.015436184934613626	0.028827881671310104	0.015436184934613626	0.015436184934613626	0.028827881671310104	0.015436184934613626	0.02081923768159519	0.10767514967918572	0.10767514967918572	0.10767514967918572	0.05765576334262021	0.05765576334262021	0.08314508046486589	0.13650303135049585	0.08648364501393031
UP000000376	0.014921973272729684	0.0170588210496075	0.031980794322337185	0.031980794322337185	0.031980794322337185	0.027974767818410337	0.031980794322337185	0.027974767818410337	0.027974767818410337	0.031980794322337185	0.027974767818410337	0.04102756236409099	0.07312097902843315	0.07312097902843315	0.07312097902843315	0.06396158864467437	0.06396158864467437	0.10685832973581438	0.10510177335077033	0.09594238296701155
UP000000377	0.007711928416484021	0.0185177757667339	0.02622970418321792	0.02622970418321792	0.02622970418321792	0.010923644588564202	0.02622970418321792	0.010923644588564202	0.010923644588564202	0.02622970418321792	0.010923644588564202	0.014135360760644384	0.125964805237141	0.125964805237141	0.125964805237141	0.05245940836643584	0.05245940836643584	0.07109498137148405	0.15219450942035892	0.07868911254965376
UP000000379	0.008669800102831086	0.01871725081782104	0.027387050920652127	0.027387050920652127	0.027387050920652127	0.012685637394036452	0.027387050920652127	0.012685637394036452	0.012685637394036452	0.027387050920652127	0.012685637394036452	0.01670147468524182	0.11825193087782772	0.11825193087782772	0.11825193087782772	0.054774101841304254	0.054774101841304254	0.07612953933817179	0.14563898179847984	0.08216115276195639
UP000000417	0.008424941623074316	0.018679409412371516	0.027104351035445833	0.027104351035445833	0.027104351035445833	0.012224828428125003	0.027104351035445833	0.012224828428125003	0.012224828428125003	0.027104351035445833	0.012224828428125003	0.01602471523317569	0.1201891461089979	0.1201891461089979	0.1201891461089979	0.054208702070891665	0.054208702070891665	0.07485847212209099	0.14729349714444376	0.08131305310633749
UP000000422	0.016563441461886024	0.015727632453610346	0.03229107391549637	0.03229107391549637	0.03229107391549637	0.03400710908767337	0.03229107391549637	0.03400710908767337	0.03400710908767337	0.03229107391549637	0.03400710908767337	0.051450776713460704	0.06132326343458609	0.06132326343458609	0.06132326343458609	0.06458214783099274	0.06458214783099274	0.11515269838055214	0.09361433735008245	0.09687322174648912
UP000000423	0.01907643542191801	0.006648822074220005	0.025725257496138017	0.025725257496138017	0.025725257496138017	0.07380949705965176	0.025725257496138017	0.07380949705965176	0.07380949705965176	0.025725257496138017	0.07380949705965176	0.12854255869738548	0.01793235016105738	0.01793235016105738	0.01793235016105738	0.051450514992276035	0.051450514992276035	0.14433644747384577	0.04365760765719539	0.07717577248841405
UP000000425	0.01563319100379182	0.016541403011454424	0.03217459401524624	0.03217459401524624	0.03217459401524624	0.030408035724750506	0.03217459401524624	0.030408035724750506	0.030408035724750506	0.03217459401524624	0.030408035724750506	0.045182880445709186	0.0680875614207016	0.0680875614207016	0.0680875614207016	0.06434918803049249	0.06434918803049249	0.1103904147590348	0.10026215543594785	0.09652378204573872
UP000000428	0.007675096480758555	0.018507257988329702	0.026182354469088256	0.026182354469088256	0.026182354469088256	0.01085801563745362	0.026182354469088256	0.01085801563745362	0.01085801563745362	0.026182354469088256	0.01085801563745362	0.014040934794148682	0.12626905475810316	0.12626905475810316	0.12626905475810316	0.05236470893817651	0.05236470893817651	0.07089782105638869	0.15245140922719141	0.07854706340726476
UP000000429	0.01900147827414977	0.012219507693537286	0.031220985967687055	0.031220985967687055	0.031220985967687055	0.048549000617782556	0.031220985967687055	0.048549000617782556	0.048549000617782556	0.031220985967687055	0.048549000617782556	0.07809652296141534	0.04015530504813234	0.04015530504813234	0.04015530504813234	0.06244197193537411	0.06244197193537411	0.12999245082730645	0.07137629101581938	0.09366295790306117
UP000000430	0.018682923904514894	0.012901392847577629	0.03158431675209252	0.03158431675209252	0.03158431675209252	0.045738269768774216	0.03158431675209252	0.045738269768774216	0.045738269768774216	0.03158431675209252	0.045738269768774216	0.07279361563303353	0.043620760896275035	0.043620760896275035	0.043620760896275035	0.06316863350418504	0.06316863350418504	0.12758982717747416	0.07520507764836756	0.09475295025627758
UP000000431	0.01853842906721475	0.013170954124800831	0.031709383192015585	0.031709383192015585	0.031709383192015585	0.04463170591137426	0.031709383192015585	0.04463170591137426	0.04463170591137426	0.031709383192015585	0.04463170591137426	0.0707249827555338	0.0450569818870327	0.0450569818870327	0.0450569818870327	0.06341876638403117	0.06341876638403117	0.1265889013626202	0.0767663650790483	0.09512814957604675
UP000000432	0.017685080747362834	0.014467981575842092	0.032153062323204924	0.032153062323204924	0.032153062323204924	0.03930261456859591	0.032153062323204924	0.03930261456859591	0.03930261456859591	0.032153062323204924	0.03930261456859591	0.060920148389828996	0.05260817521213746	0.05260817521213746	0.05260817521213746	0.06430612464640985	0.06430612464640985	0.1212938199623686	0.08476123753534238	0.09645918696961477
UP000000439	0.012151134473250896	0.018396753201131263	0.03054788767438216	0.03054788767438216	0.03054788767438216	0.020177010962040606	0.03054788767438216	0.020177010962040606	0.020177010962040606	0.03054788767438216	0.020177010962040606	0.028202887450830317	0.0924986801189003	0.0924986801189003	0.0924986801189003	0.06109577534876432	0.06109577534876432	0.09342392078405583	0.12304656779328246	0.09164366302314647
UP000000440	0.014623206112314765	0.017252699279926485	0.03187590539224125	0.03187590539224125	0.03187590539224125	0.027017681523593778	0.03187590539224125	0.027017681523593778	0.027017681523593778	0.03187590539224125	0.027017681523593778	0.03941215693487279	0.07521543576474587	0.07521543576474587	0.07521543576474587	0.0637518107844825	0.0637518107844825	0.10539269842039103	0.10709134115698714	0.09562771617672375
UP000000442	0.01651653653689447	0.01577294654730531	0.03228948308419978	0.03228948308419978	0.03228948308419978	0.0338117184077273	0.03228948308419978	0.0338117184077273	0.0338117184077273	0.03228948308419978	0.0338117184077273	0.05110690027856014	0.061671560449678094	0.061671560449678094	0.061671560449678094	0.06457896616839956	0.06457896616839956	0.11490722111302133	0.09396104353387788	0.09686844925259935
UP000000449	0.01936035247182302	0.01118485133494804	0.030545203806771063	0.030545203806771063	0.030545203806771063	0.052872040433383664	0.030545203806771063	0.052872040433383664	0.052872040433383664	0.030545203806771063	0.052872040433383664	0.08638372839494432	0.0352931140144943	0.0352931140144943	0.0352931140144943	0.061090407613542126	0.061090407613542126	0.1333228005187488	0.06583831782126535	0.09163561142031319
UP000000467	0.014628263743128233	0.01724952633610694	0.03187779007923518	0.03187779007923518	0.03187779007923518	0.027033595690742436	0.03187779007923518	0.027033595690742436	0.027033595690742436	0.03187779007923518	0.027033595690742436	0.03943892763835664	0.07518004722426003	0.07518004722426003	0.07518004722426003	0.06375558015847035	0.06375558015847035	0.10541743959234101	0.1070578373034952	0.09563337023770552
UP000000492	0.013324712985845333	0.017951109610246988	0.03127582259609232	0.03127582259609232	0.03127582259609232	0.023215353732298463	0.03127582259609232	0.023215353732298463	0.023215353732298463	0.03127582259609232	0.023215353732298463	0.0331059944787516	0.08426984058410841	0.08426984058410841	0.08426984058410841	0.06255164519218465	0.06255164519218465	0.09909171191032844	0.11554566318020074	0.09382746778827697
UP000000504	0.017763787857523847	0.014363995412033504	0.03212778326955735	0.03212778326955735	0.03212778326955735	0.0397320599152242	0.03212778326955735	0.0397320599152242	0.0397320599152242	0.03212778326955735	0.0397320599152242	0.06170033197292455	0.05195776207012824	0.05195776207012824	0.05195776207012824	0.0642555665391147	0.0642555665391147	0.12175141431186275	0.08408554533968558	0.09638334980867205
UP000000528	0.019278316623711007	0.007153457217721697	0.026431773841432703	0.026431773841432703	0.026431773841432703	0.07123270462554769	0.026431773841432703	0.07123270462554769	0.07123270462554769	0.026431773841432703	0.07123270462554769	0.12318709262738436	0.019615671539560738	0.019615671539560738	0.019615671539560738	0.05286354768286541	0.05286354768286541	0.1433745689321241	0.04604744538099344	0.07929532152429812
UP000000529	0.01944820516621189	0.010835109887188964	0.030283315053400855	0.030283315053400855	0.030283315053400855	0.054356266840259085	0.030283315053400855	0.054356266840259085	0.054356266840259085	0.030283315053400855	0.054356266840259085	0.08926432851430628	0.03374327281594321	0.03374327281594321	0.03374327281594321	0.06056663010680171	0.06056663010680171	0.1343711021132727	0.06402658786934405	0.09084994516020256
UP000000531	0.019630606137520403	0.009275200381065897	0.0289058065185863	0.0289058065185863	0.0289058065185863	0.06117803169105529	0.0289058065185863	0.06117803169105529	0.06117803169105529	0.0289058065185863	0.06117803169105529	0.10272545724459019	0.02731521846630805	0.02731521846630805	0.02731521846630805	0.0578116130371726	0.0578116130371726	0.1386202508657483	0.05622102498489435	0.08671741955575889
UP000000532	0.008244538578864723	0.01864587442091468	0.026890412999779404	0.026890412999779404	0.026890412999779404	0.011889978575078874	0.026890412999779404	0.011889978575078874	0.011889978575078874	0.026890412999779404	0.011889978575078874	0.015535418571293026	0.1216308854944944	0.1216308854944944	0.1216308854944944	0.05378082599955881	0.05378082599955881	0.0739153431535024	0.14852129849427378	0.08067123899933822
UP000000534	0.019546590394779257	0.010320519499733316	0.02986710989451257	0.02986710989451257	0.02986710989451257	0.05656693574378513	0.02986710989451257	0.05656693574378513	0.05656693574378513	0.02986710989451257	0.05656693574378513	0.093587281092791	0.03153942287032571	0.03153942287032571	0.03153942287032571	0.05973421978902514	0.05973421978902514	0.13584774592758952	0.061406532764838276	0.0896013296835377
UP000000535	0.015241539136514982	0.0168364431997125	0.03207798233622748	0.03207798233622748	0.03207798233622748	0.02903925831593672	0.03207798233622748	0.02903925831593672	0.02903925831593672	0.03207798233622748	0.02903925831593672	0.042836977495358454	0.0708693686022008	0.0708693686022008	0.0708693686022008	0.06415596467245496	0.06415596467245496	0.10843676212490667	0.1029473509384283	0.09623394700868244
UP000000537	0.01909178387284243	0.011995473763582239	0.03108725763642467	0.03108725763642467	0.03108725763642467	0.04947792939999299	0.03108725763642467	0.04947792939999299	0.04947792939999299	0.03108725763642467	0.04947792939999299	0.07986407492714355	0.03906459300431359	0.03906459300431359	0.03906459300431359	0.06217451527284934	0.06217451527284934	0.13074422854568477	0.07015185064073826	0.09326177290927401
UP000000545	0.01149626885425926	0.018572465559204693	0.030068734413463954	0.030068734413463954	0.030068734413463954	0.0186124052201124	0.030068734413463954	0.0186124052201124	0.0186124052201124	0.030068734413463954	0.0186124052201124	0.02572854158596554	0.0971533532109475	0.0971533532109475	0.0971533532109475	0.06013746882692791	0.06013746882692791	0.09024614290129956	0.12722208762441145	0.09020620324039186
UP000000546	0.01792727951948342	0.014139503940446472	0.032066783459929894	0.032066783459929894	0.032066783459929894	0.040657026781008736	0.032066783459929894	0.040657026781008736	0.040657026781008736	0.032066783459929894	0.040657026781008736	0.06338677404253405	0.05058306929351516	0.05058306929351516	0.05058306929351516	0.06413356691985979	0.06413356691985979	0.12271787322035194	0.08264985275344505	0.09620035037978969
UP000000549	0.01948298273098119	0.007873664527737332	0.02735664725871852	0.02735664725871852	0.02735664725871852	0.06769263336551157	0.02735664725871852	0.06769263336551157	0.06769263336551157	0.02735664725871852	0.06769263336551157	0.11590228400004193	0.022111302575480656	0.022111302575480656	0.022111302575480656	0.05471329451743704	0.05471329451743704	0.14188891061392983	0.04946794983419918	0.08206994177615556
UP000000555	0.01926042344707394	0.01151968829166052	0.03078011173873446	0.03078011173873446	0.03078011173873446	0.05146302320223819	0.03078011173873446	0.05146302320223819	0.05146302320223819	0.03078011173873446	0.05146302320223819	0.08366562295740244	0.036819262441145306	0.036819262441145306	0.036819262441145306	0.06156022347746892	0.06156022347746892	0.13228367012678105	0.06759937417987977	0.09234033521620338
UP000000556	0.011558937341818521	0.018557895708314592	0.030116833050133116	0.030116833050133116	0.030116833050133116	0.018758516139549614	0.030116833050133116	0.018758516139549614	0.018758516139549614	0.030116833050133116	0.018758516139549614	0.02595809493728071	0.09670526455525576	0.09670526455525576	0.09670526455525576	0.06023366610026623	0.06023366610026623	0.09055111958163437	0.12682209760538887	0.09035049915039933
UP000000557	0.011350046054319047	0.01860460949457952	0.02995465554889857	0.02995465554889857	0.02995465554889857	0.018274327129538408	0.02995465554889857	0.018274327129538408	0.018274327129538408	0.02995465554889857	0.018274327129538408	0.025198608204757767	0.09820130532771351	0.09820130532771351	0.09820130532771351	0.05990931109779714	0.05990931109779714	0.08953368428165459	0.12815596087661205	0.08986396664669569
UP000000558	0.015891320394398473	0.01633243500694623	0.0322237554013447	0.0322237554013447	0.0322237554013447	0.03135344002138744	0.0322237554013447	0.03135344002138744	0.03135344002138744	0.0322237554013447	0.03135344002138744	0.046815559648376394	0.0662364583571932	0.0662364583571932	0.0662364583571932	0.0644475108026894	0.0644475108026894	0.11169227121847532	0.0984602137585379	0.0966712662040341
UP000000562	0.018548263122510386	0.005698366299892483	0.024246629422402872	0.024246629422402872	0.024246629422402872	0.07892312264468082	0.024246629422402872	0.07892312264468082	0.07892312264468082	0.024246629422402872	0.07892312264468082	0.13929798216685127	0.0148980176821971	0.0148980176821971	0.0148980176821971	0.048493258844805744	0.048493258844805744	0.14596464461199696	0.039144647104599965	0.0727398882672086
UP000000566	0.01756824599190005	0.014617830343465858	0.03218607633536591	0.03218607633536591	0.03218607633536591	0.03868240999434896	0.03218607633536591	0.03868240999434896	0.03868240999434896	0.03218607633536591	0.03868240999434896	0.05979657399679787	0.05356147716842567	0.05356147716842567	0.05356147716842567	0.06437215267073182	0.06437215267073182	0.12062280865698083	0.08574755350379158	0.09655822900609773
UP000000577	0.011919502851571078	0.01846483376317411	0.030384336614745187	0.030384336614745187	0.030384336614745187	0.019613834143735846	0.030384336614745187	0.019613834143735846	0.019613834143735846	0.030384336614745187	0.019613834143735846	0.02730816543590061	0.09413844378948151	0.09413844378948151	0.09413844378948151	0.06076867322949037	0.06076867322949037	0.09230201022479731	0.1245227804042267	0.09115300984423556
UP000000579	0.019133382027912683	0.011885956357730808	0.03101933838564349	0.03101933838564349	0.03101933838564349	0.0499332854440096	0.03101933838564349	0.0499332854440096	0.0499332854440096	0.03101933838564349	0.0499332854440096	0.08073318886010653	0.038539396930409225	0.038539396930409225	0.038539396930409225	0.06203867677128698	0.06203867677128698	0.13110534424320927	0.06955873531605272	0.09305801515693048
UP000000580	0.008213063107654734	0.018639523157787063	0.026852586265441798	0.026852586265441798	0.026852586265441798	0.011831954269156295	0.026852586265441798	0.011831954269156295	0.011831954269156295	0.026852586265441798	0.011831954269156295	0.015450845430657854	0.12188373496720932	0.12188373496720932	0.12188373496720932	0.053705172530883596	0.053705172530883596	0.07375018990769462	0.14873632123265113	0.08055775879632539
UP000000582	0.014625848723649462	0.017251041879031988	0.03187689060268145	0.03187689060268145	0.03187689060268145	0.027025995473457364	0.03187689060268145	0.027025995473457364	0.027025995473457364	0.03187689060268145	0.027025995473457364	0.03942614222326527	0.07519694551072381	0.07519694551072381	0.07519694551072381	0.0637537812053629	0.0637537812053629	0.10540562540246973	0.10707383611340528	0.09563067180804435
UP000000584	0.017084581628822485	0.015188032852752734	0.032272614481575215	0.032272614481575215	0.032272614481575215	0.03630253646614014	0.032272614481575215	0.03630253646614014	0.03630253646614014	0.032272614481575215	0.03630253646614014	0.0555204913034578	0.057380103257953875	0.057380103257953875	0.057380103257953875	0.06454522896315043	0.06454522896315043	0.11793234705811306	0.08965271773952911	0.09681784344472566
UP000000585	0.018950089948647126	0.012339791580468756	0.03128988152911588	0.03128988152911588	0.03128988152911588	0.04805154654295497	0.03128988152911588	0.04805154654295497	0.04805154654295497	0.03128988152911588	0.04805154654295497	0.07715300313726281	0.04075026743336528	0.04075026743336528	0.04075026743336528	0.06257976305823176	0.06257976305823176	0.12958139954983386	0.07204014896248116	0.09386964458734764
UP000000586	0.018871581671305055	0.012514996764650173	0.03138657843595523	0.03138657843595523	0.03138657843595523	0.04732836847469277	0.03138657843595523	0.04732836847469277	0.04732836847469277	0.03138657843595523	0.04732836847469277	0.07578515527808048	0.041629041425466744	0.041629041425466744	0.041629041425466744	0.06277315687191046	0.06277315687191046	0.1289731070179083	0.07301561986142197	0.09415973530786569
UP000000588	0.01652957032608552	0.015760404948251684	0.032289975274337204	0.032289975274337204	0.032289975274337204	0.033865844112332115	0.032289975274337204	0.033865844112332115	0.033865844112332115	0.032289975274337204	0.033865844112332115	0.051202117898578724	0.06157487170606999	0.06157487170606999	0.06157487170606999	0.06457995054867441	0.06457995054867441	0.11497536498709204	0.0938648469804072	0.09686992582301161
UP000000593	0.01840394832460936	0.013405378323542444	0.0318093266481518	0.0318093266481518	0.0318093266481518	0.04367032318999153	0.0318093266481518	0.04367032318999153	0.04367032318999153	0.0318093266481518	0.04367032318999153	0.0689366980553737	0.046339627824907643	0.046339627824907643	0.046339627824907643	0.0636186532963036	0.0636186532963036	0.1256929248109045	0.07814895447305945	0.09542797994445543
UP000000594	0.019487184791803374	0.010653290929268025	0.0301404757210714	0.0301404757210714	0.0301404757210714	0.055133481662059315	0.0301404757210714	0.055133481662059315	0.055133481662059315	0.0301404757210714	0.055133481662059315	0.09077977853231524	0.0329545042071106	0.0329545042071106	0.0329545042071106	0.0602809514421428	0.0602809514421428	0.1349016178960055	0.06309497992818201	0.0904214271632142
UP000000601	0.01925728445199684	0.007094412630057007	0.026351697082053847	0.026351697082053847	0.026351697082053847	0.07152982959462961	0.026351697082053847	0.07152982959462961	0.07152982959462961	0.026351697082053847	0.07152982959462961	0.1238023747372624	0.01941600988118279	0.01941600988118279	0.01941600988118279	0.05270339416410769	0.05270339416410769	0.14349050821073417	0.045767706963236635	0.07905509124616153
UP000000602	0.017225247218438346	0.01502983453014582	0.032255081748584165	0.032255081748584165	0.032255081748584165	0.036966591751619926	0.032255081748584165	0.036966591751619926	0.036966591751619926	0.032255081748584165	0.036966591751619926	0.0567079362848015	0.05628813744032846	0.05628813744032846	0.05628813744032846	0.06451016349716833	0.06451016349716833	0.11870200246722659	0.08854321918891261	0.0967652452457525
UP000000605	0.008927730570212131	0.018747790361221466	0.027675520931433596	0.027675520931433596	0.027675520931433596	0.013179131487259046	0.027675520931433596	0.013179131487259046	0.013179131487259046	0.027675520931433596	0.013179131487259046	0.017430532404305962	0.11623443617156229	0.11623443617156229	0.11623443617156229	0.05535104186286719	0.05535104186286719	0.07745790392033836	0.14390995710299587	0.0830265627943008
UP000000606	0.01736016573424792	0.014872435060020705	0.03223260079426862	0.03223260079426862	0.03223260079426862	0.03762418794071879	0.03223260079426862	0.03762418794071879	0.03762418794071879	0.03223260079426862	0.03762418794071879	0.057888210147189666	0.05522726792666759	0.05522726792666759	0.05522726792666759	0.06446520158853725	0.06446520158853725	0.11944955526350395	0.08745986872093622	0.09669780238280588
UP000000609	0.019080242238478554	0.012025104617770477	0.031105346856249032	0.031105346856249032	0.031105346856249032	0.04935487646835681	0.031105346856249032	0.04935487646835681	0.04935487646835681	0.031105346856249032	0.04935487646835681	0.07962951069823507	0.03920757875537944	0.03920757875537944	0.03920757875537944	0.062210693712498065	0.062210693712498065	0.13064581241933343	0.07031292561162847	0.0933160405687471
UP000000625	0.015874216716827722	0.01634665614133874	0.03222087285816646	0.03222087285816646	0.03222087285816646	0.0312896481172325	0.03222087285816646	0.0312896481172325	0.0312896481172325	0.03222087285816646	0.0312896481172325	0.04670507951763727	0.06635962436217728	0.06635962436217728	0.06635962436217728	0.06444174571633292	0.06444174571633292	0.11160561055039314	0.09858049722034376	0.09666261857449938
UP000000628	0.012937425651461347	0.01811696595995308	0.031054391611414427	0.031054391611414427	0.031054391611414427	0.0221761129050043	0.031054391611414427	0.0221761129050043	0.0221761129050043	0.031054391611414427	0.0221761129050043	0.03141480015854725	0.08697423597058476	0.08697423597058476	0.08697423597058476	0.06210878322282885	0.06210878322282885	0.0972223217792945	0.1180286275819992	0.09316317483424329
UP000000636	0.0121790591178514	0.018388106868337507	0.03056716598618891	0.03056716598618891	0.03056716598618891	0.020245657928603795	0.03056716598618891	0.020245657928603795	0.020245657928603795	0.03056716598618891	0.020245657928603795	0.028312256739356192	0.09230143468018774	0.09230143468018774	0.09230143468018774	0.06113433197237782	0.06113433197237782	0.09355904901883301	0.12286860066637666	0.09170149795856672
UP000000639	0.018721678341266586	0.01282550459768455	0.03154718293895114	0.03154718293895114	0.03154718293895114	0.04605013448459277	0.03154718293895114	0.04605013448459277	0.04605013448459277	0.03154718293895114	0.04605013448459277	0.07337859062791895	0.04322353289615809	0.04322353289615809	0.04322353289615809	0.06309436587790228	0.06309436587790228	0.12786617870376163	0.07477071583510923	0.09464154881685342
UP000000640	0.007305401143252496	0.01838927003505424	0.025694671178306736	0.025694671178306736	0.025694671178306736	0.01020757647495959	0.025694671178306736	0.01020757647495959	0.01020757647495959	0.025694671178306736	0.01020757647495959	0.013109751806666686	0.12935805645559378	0.12935805645559378	0.12935805645559378	0.05138934235661347	0.05138934235661347	0.06890231997482554	0.15505272763390052	0.07708401353492021
UP000000643	0.01903097667188234	0.012148215887709424	0.03117919255959176	0.03117919255959176	0.03117919255959176	0.0488442493724566	0.03117919255959176	0.0488442493724566	0.0488442493724566	0.03117919255959176	0.0488442493724566	0.07865752207303087	0.03980579335983391	0.03980579335983391	0.03980579335983391	0.06235838511918352	0.06235838511918352	0.13023361116352247	0.07098498591942567	0.0935375776787753
UP000000644	0.011390180445191038	0.01859604511617327	0.029986225561364308	0.029986225561364308	0.029986225561364308	0.018366728940504094	0.029986225561364308	0.018366728940504094	0.018366728940504094	0.029986225561364308	0.018366728940504094	0.02534327743581715	0.09791332210866062	0.09791332210866062	0.09791332210866062	0.059972451122728615	0.059972451122728615	0.08972936050842376	0.12789954767002495	0.08995867668409294
UP000000647	0.008854386882216741	0.01874006489058911	0.027594451772805853	0.027594451772805853	0.027594451772805853	0.013037945878287396	0.027594451772805853	0.013037945878287396	0.013037945878287396	0.027594451772805853	0.013037945878287396	0.017221504874358053	0.1168057876217736	0.1168057876217736	0.1168057876217736	0.055188903545611706	0.055188903545611706	0.07708123630611584	0.14440023939457947	0.08278335531841756
UP000000657	0.007075401556659226	0.018304101823662114	0.025379503380321338	0.025379503380321338	0.025379503380321338	0.009810379086300175	0.025379503380321338	0.009810379086300175	0.009810379086300175	0.025379503380321338	0.009810379086300175	0.012545356615941125	0.13131382307768932	0.13131382307768932	0.13131382307768932	0.050759006760642676	0.050759006760642676	0.06764478740360208	0.15669332645801068	0.07613851014096402
UP000000669	0.017938778077516117	0.0049093981032027	0.022848176180718813	0.022848176180718813	0.022848176180718813	0.08348647906848755	0.022848176180718813	0.08348647906848755	0.08348647906848755	0.022848176180718813	0.08348647906848755	0.14903418005945898	0.012505956907271546	0.012505956907271546	0.012505956907271546	0.045696352361437625	0.045696352361437625	0.1471216095074413	0.03535413308799037	0.06854452854215645
UP000000684	0.018415779661503096	0.013385322397249825	0.031801102058752924	0.031801102058752924	0.031801102058752924	0.04375255754970037	0.031801102058752924	0.04375255754970037	0.04375255754970037	0.031801102058752924	0.04375255754970037	0.06908933543789764	0.04622861605301266	0.04622861605301266	0.04622861605301266	0.06360220411750585	0.06360220411750585	0.1257705413287093	0.07802971811176557	0.09540330617625875
UP000000686	0.010641198789126357	0.01872345578003354	0.0293646545691599	0.0293646545691599	0.0293646545691599	0.016688966519614268	0.0293646545691599	0.016688966519614268	0.016688966519614268	0.0293646545691599	0.016688966519614268	0.02273673425010218	0.10333569031403546	0.10333569031403546	0.10333569031403546	0.0587293091383198	0.0587293091383198	0.08605947444706041	0.13270034488319535	0.0880939637074797
UP000000718	0.019587505074653788	0.010014148928126078	0.029601654002779868	0.029601654002779868	0.029601654002779868	0.05790033203611414	0.029601654002779868	0.05790033203611414	0.05790033203611414	0.029601654002779868	0.05790033203611414	0.09621315899757449	0.030267802925680827	0.030267802925680827	0.030267802925680827	0.059203308005559736	0.059203308005559736	0.13669114511632766	0.0598694569284607	0.08880496200833962
UP000000719	0.01913816708746384	0.011873069939404618	0.031011237026868456	0.031011237026868456	0.031011237026868456	0.04998692325052665	0.031011237026868456	0.04998692325052665	0.04998692325052665	0.031011237026868456	0.04998692325052665	0.08083567941358945	0.038477936204104536	0.038477936204104536	0.038477936204104536	0.06202247405373691	0.06202247405373691	0.1311475643917274	0.06948917323097299	0.09303371108060536
UP000000723	0.01957679147128848	0.010104750225968087	0.029681541697256567	0.029681541697256567	0.029681541697256567	0.057504573528226556	0.029681541697256567	0.057504573528226556	0.057504573528226556	0.029681541697256567	0.057504573528226556	0.09543235558516465	0.03064082953657722	0.03064082953657722	0.03064082953657722	0.059363083394513134	0.059363083394513134	0.13644444839402817	0.060322371233833785	0.08904462509176972
UP000000738	0.006701633862954946	0.01814542924415725	0.024847063107112197	0.024847063107112197	0.024847063107112197	0.0091767418269931	0.024847063107112197	0.0091767418269931	0.0091767418269931	0.024847063107112197	0.0091767418269931	0.011651849791031251	0.13455244937431327	0.13455244937431327	0.13455244937431327	0.04969412621422439	0.04969412621422439	0.06557250190417244	0.15939951248142545	0.07454118932133659
UP000000739	0.014394627016451708	0.017392277461524285	0.031786904477976	0.031786904477976	0.031786904477976	0.026308264399545853	0.031786904477976	0.026308264399545853	0.026308264399545853	0.031786904477976	0.026308264399545853	0.03822190178264	0.07681291938889079	0.07681291938889079	0.07681291938889079	0.063573808955952	0.063573808955952	0.10427670037194955	0.10859982386686676	0.09536071343392798
UP000000742	0.018546620630030923	0.013156192276592612	0.03170281290662354	0.03170281290662354	0.03170281290662354	0.044692265932455545	0.03170281290662354	0.044692265932455545	0.044692265932455545	0.03170281290662354	0.044692265932455545	0.07083791123488015	0.04497728299170864	0.04497728299170864	0.04497728299170864	0.06340562581324707	0.06340562581324707	0.12664451237573354	0.07668009589833218	0.0951084387198706
UP000000746	0.01587563819770463	0.016345476296918526	0.03222111449462316	0.03222111449462316	0.03222111449462316	0.031294943429693044	0.03222111449462316	0.031294943429693044	0.031294943429693044	0.03222111449462316	0.031294943429693044	0.04671424866168145	0.06634939101954451	0.06634939101954451	0.06634939101954451	0.06444222898924631	0.06444222898924631	0.11161281061664398	0.09857050551416768	0.09666334348386948
UP000000747	0.01583256039334752	0.01638106561508384	0.03221362600843136	0.03221362600843136	0.03221362600843136	0.031134981768070384	0.03221362600843136	0.031134981768070384	0.031134981768070384	0.03221362600843136	0.031134981768070384	0.04643740314279324	0.06665927787215138	0.06665927787215138	0.06665927787215138	0.06442725201686272	0.06442725201686272	0.11139479417828063	0.09887290388058274	0.09664087802529409
