	M	W	C	D	E	F	H	K	N	Q	Y	I	A	G	P	T	V	L	R	S
Start	17071082.0	1185758.0	1907282.0	4609856.0	5923169.0	3919969.0	2183780.0	5785186.0	4054211.0	3842843.0	2197510.0	4483840.0	9006140.0	6068235.0	5790514.0	6013529.0	5754743.0	9240815.0	6259078.0	10623345.0
M	8646676.0	3963399.0	6035679.0	15886893.0	19446855.0	12862481.0	7788827.0	17432295.0	13237034.0	13071716.0	9272804.0	16235286.0	22058317.0	19500420.0	16376729.0	16793902.0	19892657.0	30818838.0	17031174.0	24845675.0
W	3963399.0	3175758.0	4160661.0	9134421.0	10462305.0	7606855.0	4538772.0	9472636.0	7081727.0	6915533.0	5959172.0	8900410.0	12431749.0	11707487.0	9268988.0	9402396.0	11426689.0	17333907.0	10288980.0	13605759.0
C	6035679.0	4160661.0	9548292.0	13875117.0	15908867.0	12909062.0	7346132.0	15548127.0	12038963.0	10681955.0	8823881.0	14120660.0	18549570.0	18126324.0	14741393.0	15360651.0	17960930.0	27328766.0	15359573.0	22302385.0
D	15886893.0	9134421.0	13875117.0	48700976.0	55755924.0	28098654.0	18456704.0	45185670.0	32758635.0	31460067.0	21787085.0	37591166.0	51321088.0	46498354.0	37453554.0	40049149.0	46323616.0	67835385.0	42627372.0	62095195.0
E	19446855.0	10462305.0	15908867.0	55755924.0	85089992.0	31954968.0	22265069.0	63276828.0	39111649.0	43852718.0	24105975.0	43023691.0	65063287.0	54321948.0	45931014.0	48087440.0	55194718.0	81301382.0	56169071.0	73938286.0
F	12862481.0	7606855.0	12909062.0	28098654.0	31954968.0	28008004.0	13940876.0	30616109.0	24047978.0	21344457.0	18238949.0	31269121.0	36500710.0	34127074.0	28374354.0	30146818.0	35596677.0	57577515.0	28615216.0	45572586.0
H	7788827.0	4538772.0	7346132.0	18456704.0	22265069.0	13940876.0	11611328.0	19532081.0	15191931.0	16035579.0	10698286.0	17996222.0	24602305.0	21578926.0	20174245.0	19597859.0	21931664.0	35822548.0	20791810.0	29981139.0
K	17432295.0	9472636.0	15548127.0	45185670.0	63276828.0	30616109.0	19532081.0	63978976.0	36894662.0	36437833.0	23066456.0	42054226.0	54045398.0	46575637.0	39615951.0	43236775.0	48813752.0	72802273.0	46071424.0	65521420.0
N	13237034.0	7081727.0	12038963.0	32758635.0	39111649.0	24047978.0	15191931.0	36894662.0	32533008.0	26495771.0	18344885.0	32980465.0	38446340.0	35261925.0	30276735.0	33735302.0	36583084.0	55355904.0	31316134.0	51172891.0
Q	13071716.0	6915533.0	10681955.0	31460067.0	43852718.0	21344457.0	16035579.0	36437833.0	26495771.0	37519990.0	16450215.0	28164846.0	43209466.0	35602574.0	34150690.0	32901922.0	35048903.0	55203097.0	35234793.0	50896716.0
Y	9272804.0	5959172.0	8823881.0	21787085.0	24105975.0	18238949.0	10698286.0	23066456.0	18344885.0	16450215.0	15628716.0	22773898.0	26216432.0	25328290.0	21136537.0	22235020.0	25446409.0	40170277.0	21468233.0	32097479.0
I	16235286.0	8900410.0	14120660.0	37591166.0	43023691.0	31269121.0	17996222.0	42054226.0	32980465.0	28164846.0	22773898.0	43591054.0	46961302.0	44012541.0	35892309.0	39847726.0	46037039.0	72163388.0	36738480.0	58058211.0
A	22058317.0	12431749.0	18549570.0	51321088.0	65063287.0	36500710.0	24602305.0	54045398.0	38446340.0	43209466.0	26216432.0	46961302.0	92828678.0	69932887.0	59167277.0	57281829.0	65150101.0	96055734.0	59714924.0	85785049.0
G	19500420.0	11707487.0	18126324.0	46498354.0	54321948.0	34127074.0	21578926.0	46575637.0	35261925.0	35602574.0	25328290.0	44012541.0	69932887.0	72788728.0	52038308.0	49147869.0	59982822.0	81969635.0	52027749.0	76055448.0
P	16376729.0	9268988.0	14741393.0	37453554.0	45931014.0	28374354.0	20174245.0	39615951.0	30276735.0	34150690.0	21136537.0	35892309.0	59167277.0	52038308.0	63504712.0	45299157.0	48202402.0	70608567.0	45166041.0	71595578.0
T	16793902.0	9402396.0	15360651.0	40049149.0	48087440.0	30146818.0	19597859.0	43236775.0	33735302.0	32901922.0	22235020.0	39847726.0	57281829.0	49147869.0	45299157.0	51009946.0	49429303.0	72709727.0	42001958.0	69652778.0
V	19892657.0	11426689.0	17960930.0	46323616.0	55194718.0	35596677.0	21931664.0	48813752.0	36583084.0	35048903.0	25446409.0	46037039.0	65150101.0	59982822.0	48202402.0	49429303.0	61718372.0	87926799.0	48553143.0	72310769.0
L	30818838.0	17333907.0	27328766.0	67835385.0	81301382.0	57577515.0	35822548.0	72802273.0	55355904.0	55203097.0	40170277.0	72163388.0	96055734.0	81969635.0	70608567.0	72709727.0	87926799.0	150365694.0	73966154.0	111279095.0
R	17031174.0	10288980.0	15359573.0	42627372.0	56169071.0	28615216.0	20791810.0	46071424.0	31316134.0	35234793.0	21468233.0	36738480.0	59714924.0	52027749.0	45166041.0	42001958.0	48553143.0	73966154.0	56681880.0	67053895.0
S	24845675.0	13605759.0	22302385.0	62095195.0	73938286.0	45572586.0	29981139.0	65521420.0	51172891.0	50896716.0	32097479.0	58058211.0	85785049.0	76055448.0	71595578.0	69652778.0	72310769.0	111279095.0	67053895.0	123275718.0
End	2466425.0	1672716.0	2619046.0	5610574.0	7201324.0	4867102.0	3022313.0	8426494.0	4927311.0	4943085.0	3481450.0	5686293.0	7302423.0	6772952.0	5929654.0	6088465.0	6837653.0	10525693.0	7441508.0	10122672.0
