	M	W	C	D	E	F	H	K	N	Q	Y	I	A	G	P	T	V	L	R	S
Start	15774.0	1131.5	1934.5	4421.5	5646.0	3717.0	2041.5	5663.0	3694.5	3895.0	2018.5	3764.5	8368.0	5276.5	6036.5	5906.0	5763.5	9318.5	5807.0	10143.0
M	8181.0	3853.0	5929.0	15709.5	18742.0	12286.5	7573.0	17010.0	13720.0	12788.0	9495.5	16562.5	22162.5	18391.0	15673.5	16911.0	18939.5	29549.5	16607.5	23442.0
W	3853.0	3379.0	3812.5	9436.0	10156.0	7483.5	4382.0	8738.0	6938.5	6619.0	5831.5	8959.0	13290.5	11914.5	9187.5	9631.0	11294.5	16468.0	10320.0	12804.5
C	5929.0	3812.5	9237.0	13978.5	15882.5	12217.0	7122.0	15168.0	12795.5	10359.0	8992.5	14442.5	18329.0	17036.0	14292.5	14892.0	17237.0	26288.0	14916.5	21193.0
D	15709.5	9436.0	13978.5	49773.0	55448.0	27173.0	18672.5	45433.0	33543.0	31167.0	22664.5	38646.5	54192.0	45542.5	38448.5	41170.5	44966.0	65540.0	43129.5	60416.5
E	18742.0	10156.0	15882.5	55448.0	82315.0	30246.5	21676.0	63475.5	41176.5	42203.5	24592.5	43943.5	64889.0	49438.5	44582.5	49241.5	53276.0	78583.5	53786.5	69554.5
F	12286.5	7483.5	12217.0	27173.0	30246.5	24164.0	13048.5	28801.0	23504.5	20801.0	17996.5	30520.5	36606.5	31395.5	26924.5	29773.0	32767.0	52034.0	27549.0	40719.0
H	7573.0	4382.0	7122.0	18672.5	21676.0	13048.5	11878.0	19107.0	15876.0	15436.5	11088.5	18166.5	25762.5	20217.0	19833.0	19764.5	21297.0	33916.0	20598.5	29620.5
K	17010.0	8738.0	15168.0	45433.0	63475.5	28801.0	19107.0	64213.0	37802.5	35477.5	23291.0	41318.0	54557.0	42653.0	38815.5	43882.0	46399.5	69952.0	45155.0	61757.0
N	13720.0	6938.5	12795.5	33543.0	41176.5	23504.5	15876.0	37802.5	29692.0	26423.0	18645.0	32697.5	40313.0	35739.5	30992.5	35183.0	37004.5	55791.0	32115.0	51765.5
Q	12788.0	6619.0	10359.0	31167.0	42203.5	20801.0	15436.5	35477.5	26423.0	35103.0	16443.5	28121.0	43306.0	33667.5	32650.0	33114.5	34441.5	54071.0	33961.0	49737.0
Y	9495.5	5831.5	8992.5	22664.5	24592.5	17996.5	11088.5	23291.0	18645.0	16443.5	15937.0	23198.0	27883.0	25433.0	21777.0	22947.5	25585.5	39775.0	22100.0	31612.5
I	16562.5	8959.0	14442.5	38646.5	43943.5	30520.5	18166.5	41318.0	32697.5	28121.0	23198.0	44107.0	49647.5	42496.5	37167.5	41958.5	46157.5	71918.0	37474.5	56388.5
A	22162.5	13290.5	18329.0	54192.0	64889.0	36606.5	25762.5	54557.0	40313.0	43306.0	27883.0	49647.5	95656.0	69690.0	61423.0	62129.0	65351.0	94693.0	61243.5	87411.0
G	18391.0	11914.5	17036.0	45542.5	49438.5	31395.5	20217.0	42653.0	35739.5	33667.5	25433.0	42496.5	69690.0	69081.0	47916.5	48566.0	54971.5	73699.5	48143.0	69809.0
P	15673.5	9187.5	14292.5	38448.5	44582.5	26924.5	19833.0	38815.5	30992.5	32650.0	21777.0	37167.5	61423.0	47916.5	59813.0	46673.5	47663.5	65749.0	43940.5	67872.5
T	16911.0	9631.0	14892.0	41170.5	49241.5	29773.0	19764.5	43882.0	35183.0	33114.5	22947.5	41958.5	62129.0	48566.0	46673.5	53144.0	49602.0	72346.5	42850.5	72029.5
V	18939.5	11294.5	17237.0	44966.0	53276.0	32767.0	21297.0	46399.5	37004.5	34441.5	25585.5	46157.5	65351.0	54971.5	47663.5	49602.0	56612.0	82185.5	46926.5	67687.5
L	29549.5	16468.0	26288.0	65540.0	78583.5	52034.0	33916.0	69952.0	55791.0	54071.0	39775.0	71918.0	94693.0	73699.5	65749.0	72346.5	82185.5	139308.0	70577.0	101572.5
R	16607.5	10320.0	14916.5	43129.5	53786.5	27549.0	20598.5	45155.0	32115.0	33961.0	22100.0	37474.5	61243.5	48143.0	43940.5	42850.5	46926.5	70577.0	56056.0	64794.5
S	23442.0	12804.5	21193.0	60416.5	69554.5	40719.0	29620.5	61757.0	51765.5	49737.0	31612.5	56388.5	87411.0	69809.0	67872.5	72029.5	67687.5	101572.5	64794.5	121631.0
End	2312.0	1688.0	2329.5	5415.0	7091.5	4382.5	2869.0	8313.0	4751.5	4817.5	3424.0	5281.5	7313.5	6957.5	5370.5	5779.0	6421.5	9522.5	7138.5	9107.5
