	AAA	AAC	AAG	AAT	ACA	ACC	ACG	ACT	AGA	AGC	AGG	AGT	ATA	ATC	ATG	ATT	CAA	CAC	CAG	CAT	CCA	CCC	CCG	CCT	CGA	CGC	CGG	CGT	CTA	CTC	CTG	CTT	GAA	GAC	GAG	GAT	GCA	GCC	GCG	GCT	GGA	GGC	GGG	GGT	GTA	GTC	GTG	GTT	TAA	TAC	TAG	TAT	TCA	TCC	TCG	TCT	TGA	TGC	TGG	TGT	TTA	TTC	TTG	TTT
Start	47570.0	23943.0	34901.0	31948.0	28660.0	20714.0	15338.0	21732.0	35429.0	31370.0	38951.0	25438.0	29126.0	30874.0	14399856.0	42509.0	28246.0	25183.0	73268.0	20610.0	28489.0	41534.0	27127.0	31209.0	13906.0	27539.0	27027.0	13283.0	19559.0	47034.0	71899.0	43018.0	46800.0	31529.0	49404.0	37601.0	37010.0	43358.0	31820.0	38591.0	40513.0	42839.0	47825.0	33857.0	26245.0	35813.0	62056.0	47743.0	6317.0	16467.0	4302.0	21256.0	24512.0	26418.0	11670.0	29045.0	10044.0	23828.0	25279.0	25689.0	24721.0	30885.0	52615.0	50451.0
AAA	12427370.0	8331917.0	15514138.0	10258403.0	7517219.0	5906097.0	2746735.0	5353317.0	7567397.0	5618281.0	5817357.0	5096799.0	6549923.0	7551040.0	9028472.0	7874996.0	7958794.0	4609322.0	8376151.0	4644924.0	6662477.0	4939076.0	2512439.0	4843617.0	2984787.0	2841482.0	2564328.0	2461742.0	3953899.0	5858845.0	7565606.0	5510881.0	16317012.0	9023665.0	13977157.0	11301745.0	7750486.0	7326587.0	2856404.0	6929245.0	8488919.0	5883456.0	5377085.0	5054365.0	4516648.0	5556804.0	7354159.0	6226948.0	1606406.0	5838486.0	699745.0	6196252.0	6885574.0	5527453.0	2789475.0	5560261.0	1053622.0	4070359.0	5692669.0	4335266.0	6531856.0	6711298.0	7496294.0	6910756.0
AAC	8331917.0	10649166.0	10962785.0	6648769.0	5106556.0	6561438.0	2762463.0	3491194.0	4717854.0	6820924.0	3890272.0	3860019.0	3490428.0	8969803.0	7556717.0	5213407.0	5235342.0	4812088.0	7461398.0	2877499.0	4537040.0	5423185.0	2510333.0	3420343.0	1952110.0	3371516.0	2143682.0	1598907.0	2284543.0	7165871.0	7190212.0	3412901.0	7054932.0	7533780.0	8667908.0	4847338.0	3516205.0	6738657.0	2445177.0	2784784.0	4481312.0	5922392.0	3411073.0	2806308.0	1920183.0	5530795.0	5100515.0	2671294.0	606231.0	6435066.0	310567.0	3507489.0	4005116.0	5439806.0	2595046.0	3429016.0	650225.0	4073494.0	4588715.0	2746744.0	2747990.0	7889489.0	5084579.0	4790503.0
AAG	15514138.0	10962785.0	24527690.0	7525714.0	6342874.0	7809701.0	4006212.0	4242108.0	6952653.0	7487809.0	7797422.0	3973482.0	4708222.0	10263489.0	10968591.0	6411631.0	7393070.0	6046346.0	11951657.0	3775609.0	6456525.0	6933055.0	3488197.0	4280682.0	2954691.0	5205186.0	3784106.0	2225777.0	3778715.0	9106292.0	12476813.0	5135401.0	14354182.0	12030818.0	20601171.0	8957345.0	7394962.0	11142184.0	4763660.0	6073830.0	6744884.0	8178732.0	6082494.0	3681834.0	3299496.0	7620437.0	10031320.0	4972144.0	749419.0	7339327.0	495210.0	4153360.0	5404193.0	6611474.0	3208482.0	4067153.0	781380.0	4579940.0	5813835.0	2900378.0	4065671.0	8845315.0	7654787.0	5884836.0
AAT	10258403.0	6648769.0	7525714.0	10766544.0	5502531.0	3875364.0	1893509.0	3776069.0	4708209.0	4005986.0	2857415.0	3860968.0	5013210.0	5809417.0	6411746.0	6721426.0	7102421.0	3390422.0	5963199.0	3898793.0	5867927.0	3556678.0	2087745.0	4237049.0	2190611.0	1964518.0	1572383.0	1803661.0	3058558.0	4638810.0	5187559.0	4511904.0	14118352.0	7384055.0	9520420.0	10006781.0	6668638.0	6028820.0	2462709.0	6108800.0	8112666.0	5604451.0	4350353.0	5151211.0	4137530.0	5265479.0	6395276.0	6041803.0	1249228.0	4386134.0	485195.0	4973499.0	6057845.0	4101128.0	2269269.0	4706614.0	644039.0	2799387.0	3875524.0	2971170.0	5665920.0	5907395.0	6439136.0	6129944.0
ACA	7517219.0	5106556.0	6342874.0	5502531.0	6447976.0	4182178.0	2242271.0	4070753.0	3917180.0	3761122.0	2881292.0	3186717.0	3370166.0	4360690.0	4873483.0	4215212.0	4685130.0	3728329.0	4910481.0	2721349.0	5243922.0	3390090.0	2051402.0	3614693.0	1551278.0	1625491.0	1439258.0	1232541.0	2138121.0	3472798.0	4361272.0	3118986.0	8378088.0	5728970.0	7108126.0	6050805.0	5782633.0	5028015.0	2220115.0	4814709.0	5050913.0	3812537.0	3093167.0	3012402.0	2866776.0	3713765.0	4911159.0	3800561.0	573668.0	3378279.0	312651.0	3045668.0	5150453.0	3700539.0	2137593.0	4073453.0	621420.0	2394050.0	3350945.0	2341030.0	3294461.0	4370096.0	4056693.0	4706913.0
ACC	5906097.0	6561438.0	7809701.0	3875364.0	4182178.0	7416398.0	2607692.0	3424378.0	2820677.0	5519801.0	2725292.0	2763158.0	2288235.0	7708190.0	5505378.0	3941803.0	3262441.0	3558030.0	5167505.0	1934802.0	3523931.0	4496575.0	2228479.0	2884138.0	1309811.0	2645511.0	1615552.0	1166038.0	1565486.0	5695037.0	5619810.0	2542230.0	4390586.0	5465348.0	5865042.0	3430495.0	2663378.0	6343072.0	2158076.0	2730211.0	2903656.0	4921264.0	2369186.0	2274136.0	1407790.0	5148751.0	4248883.0	2267860.0	316629.0	4536532.0	201254.0	2244214.0	3202869.0	5332304.0	2308033.0	3226596.0	544326.0	3523975.0	3248441.0	2076954.0	1768445.0	6513654.0	3392018.0	3397957.0
ACG	2746735.0	2762463.0	4006212.0	1893509.0	2242271.0	2607692.0	2768496.0	1563573.0	1469495.0	2423696.0	1820611.0	1298194.0	1289436.0	2705773.0	3009546.0	1696823.0	1891924.0	2191720.0	3488161.0	1137395.0	2197510.0	2764231.0	2582575.0	1718998.0	902313.0	1826153.0	1426580.0	733365.0	1008864.0	2967341.0	4405213.0	1459228.0	3268707.0	3941441.0	5324603.0	2637690.0	2376815.0	4001281.0	3233319.0	2135798.0	2056100.0	3168842.0	2158814.0	1395313.0	1099774.0	2529777.0	4002852.0	1568979.0	138194.0	2410678.0	110261.0	1245544.0	1877377.0	2376982.0	2139646.0	1594170.0	260628.0	1645909.0	2125579.0	1036137.0	1078193.0	2808024.0	2202367.0	1912938.0
ACT	5353317.0	3491194.0	4242108.0	3776069.0	4070753.0	3424378.0	1563573.0	4387534.0	2613986.0	2735659.0	1825997.0	2361258.0	2479252.0	3848248.0	3689233.0	3772542.0	4131139.0	2754169.0	4263463.0	2554315.0	4519583.0	3165074.0	1774937.0	3782816.0	1508587.0	1570093.0	1260280.0	1369950.0	1999902.0	3874925.0	4301215.0	3433334.0	7470131.0	4750446.0	5882400.0	5798736.0	4894779.0	4867905.0	1963083.0	5340486.0	5248256.0	4070644.0	2961549.0	3900173.0	2757664.0	4356261.0	4909108.0	4465388.0	542190.0	2961868.0	261044.0	2618222.0	4430641.0	3663680.0	1869581.0	4236664.0	505562.0	2224615.0	2747060.0	2166989.0	3051587.0	4477255.0	4236724.0	4099331.0
AGA	7567397.0	4717854.0	6952653.0	4708209.0	3917180.0	2820677.0	1469495.0	2613986.0	6094632.0	3767498.0	4012532.0	2844701.0	2844221.0	3503355.0	4360991.0	3498179.0	4398540.0	2836400.0	4826304.0	2300733.0	3510073.0	2484824.0	1343606.0	2281355.0	1903500.0	1569169.0	1642848.0	1200005.0	1808784.0	2760498.0	3642356.0	2463049.0	7967963.0	5093547.0	7307077.0	5103401.0	4197923.0	3554991.0	1661710.0	3509674.0	5395596.0	3300498.0	2948252.0	2708694.0	1957447.0	2662477.0	3284112.0	2917851.0	751796.0	3080362.0	419970.0	2625283.0	3638491.0	2803901.0	1432366.0	2559482.0	1133558.0	2356264.0	3494405.0	1911190.0	2792447.0	3450947.0	3517525.0	3319406.0
AGC	5618281.0	6820924.0	7487809.0	4005986.0	3761122.0	5519801.0	2423696.0	2735659.0	3767498.0	9830690.0	3599888.0	3866841.0	2092906.0	5986650.0	5110842.0	3280487.0	3636243.0	4254129.0	6397828.0	2219557.0	3293568.0	5307729.0	2346074.0	2667414.0	1670992.0	3456767.0	2325719.0	1269589.0	1530075.0	5445886.0	6205490.0	2478050.0	4365236.0	6369032.0	6753637.0	3330413.0	2570629.0	5712202.0	2413855.0	2191949.0	3387367.0	6624924.0	3008002.0	2234075.0	1104901.0	3941938.0	3695901.0	1785064.0	439478.0	4607154.0	292739.0	2235509.0	3431795.0	5539320.0	2459221.0	3118765.0	826332.0	4191849.0	3835780.0	2160157.0	1797647.0	5934789.0	3544492.0	3224760.0
AGG	5817357.0	3890272.0	7797422.0	2857415.0	2881292.0	2725292.0	1820611.0	1825997.0	4012532.0	3599888.0	4914700.0	1906491.0	1966992.0	3052258.0	4189045.0	2350840.0	3019284.0	2470693.0	5111890.0	1641045.0	2801697.0	2743656.0	1762980.0	1892163.0	1434764.0	1819205.0	2109276.0	911224.0	1527975.0	2927586.0	4833641.0	2022431.0	4918924.0	4148599.0	6986661.0	3079912.0	2864029.0	3482469.0	2095044.0	2203077.0	2985898.0	2929739.0	2611228.0	1484711.0	1210698.0	2306469.0	3373323.0	1859781.0	378142.0	2414274.0	300048.0	1483919.0	2443497.0	2522661.0	1442250.0	1688852.0	715050.0	2073987.0	3042438.0	1268212.0	1637229.0	3060726.0	2957734.0	2374525.0
AGT	5096799.0	3860019.0	3973482.0	3860968.0	3186717.0	2763158.0	1298194.0	2361258.0	2844701.0	3866841.0	1906491.0	3089846.0	2087312.0	3294047.0	3344159.0	3031438.0	3719009.0	2585572.0	3989542.0	2170748.0	3407411.0	2843429.0	1448185.0	2654923.0	1510958.0	1601271.0	1234477.0	1182168.0	1625151.0	3225523.0	3565595.0	2576967.0	7142181.0	5549437.0	5806005.0	5701980.0	3863246.0	4226733.0	1673400.0	3759402.0	5178047.0	4446432.0	3009745.0	3660683.0	1867794.0	3318634.0	3553953.0	3329849.0	528794.0	2822855.0	273581.0	2320178.0	3854383.0	3385130.0	1594159.0	3251383.0	532309.0	2218020.0	2484409.0	1790023.0	2809152.0	4039711.0	3841322.0	3537365.0
ATA	6549923.0	3490428.0	4708222.0	5013210.0	3370166.0	2288235.0	1289436.0	2479252.0	2844221.0	2092906.0	1966992.0	2087312.0	2873446.0	2837297.0	3555971.0	3579432.0	3721004.0	1933758.0	3362452.0	2247026.0	2971966.0	1788383.0	1208521.0	2272237.0	1195417.0	1010220.0	986381.0	978187.0	1564439.0	2100216.0	2673743.0	2367328.0	6429100.0	3528368.0	4509579.0	4873248.0	3273489.0	2681996.0	1230134.0	2963048.0	3006613.0	1912247.0	1598702.0	1885496.0	1858244.0	2109380.0	2722289.0	2671590.0	760585.0	2435463.0	311026.0	3215996.0	3332925.0	2403280.0	1446756.0	2942600.0	458589.0	1739618.0	2430525.0	1983518.0	2893128.0	3314071.0	3268920.0	4452264.0
ATC	7551040.0	8969803.0	10263489.0	5809417.0	4360690.0	7708190.0	2705773.0	3848248.0	3503355.0	5986650.0	3052258.0	3294047.0	2837297.0	9788478.0	6494288.0	5181384.0	4266487.0	4917778.0	7340959.0	3009651.0	3555756.0	5167378.0	2243671.0	3127652.0	1945920.0	4024753.0	2267703.0	1879995.0	1893356.0	7714861.0	6600596.0	3438277.0	6163245.0	8218408.0	8414491.0	5832095.0	2966244.0	7977541.0	2481925.0	3353991.0	3351948.0	5882121.0	2693898.0	2960924.0	1544267.0	6385948.0	4659115.0	2883896.0	442797.0	5968971.0	237438.0	3700797.0	3265333.0	6290502.0	2391169.0	4031715.0	487259.0	4072634.0	3835932.0	2514705.0	2148876.0	8143705.0	4178651.0	4399219.0
ATG	9028472.0	7556717.0	10968591.0	6411746.0	4873483.0	5505378.0	3009546.0	3689233.0	4360991.0	5110842.0	4189045.0	3344159.0	3555971.0	6494288.0	8936420.0	5033413.0	5589958.0	4322617.0	7990514.0	3280954.0	4428948.0	4460517.0	2636026.0	3597400.0	1989411.0	3050265.0	2223799.0	1735463.0	2569649.0	5536982.0	7769888.0	4052230.0	10566777.0	9098250.0	12486887.0	8374050.0	6194275.0	8573036.0	4401000.0	6076216.0	5493199.0	6134310.0	4044831.0	3872629.0	2767127.0	5284011.0	7304175.0	4385269.0	676958.0	5287438.0	379811.0	3736328.0	4359998.0	5196902.0	2845372.0	4118529.0	663023.0	3258196.0	4411351.0	2624139.0	3181569.0	6383341.0	5434796.0	5330450.0
ATT	7874996.0	5213407.0	6411631.0	6721426.0	4215212.0	3941803.0	1696823.0	3772542.0	3498179.0	3280487.0	2350840.0	3031438.0	3579432.0	5181384.0	5033413.0	6083322.0	5833847.0	3590768.0	5915845.0	4085551.0	4879263.0	3583147.0	1900590.0	4512048.0	2211826.0	2177745.0	1611921.0	2099371.0	2584332.0	4882302.0	4845642.0	4946677.0	10969164.0	7504848.0	8786896.0	10358931.0	5731005.0	6428949.0	2415643.0	6620706.0	6060563.0	5021950.0	3482544.0	5093300.0	3310071.0	5452338.0	5844651.0	6119716.0	962555.0	4088248.0	423838.0	4554852.0	4744059.0	4311282.0	2047825.0	4857150.0	620411.0	2975422.0	3597493.0	3078328.0	4578503.0	5844049.0	5794154.0	5996710.0
CAA	7958794.0	5235342.0	7393070.0	7102421.0	4685130.0	3262441.0	1891924.0	4131139.0	4398540.0	3636243.0	3019284.0	3719009.0	3721004.0	4266487.0	5589958.0	5833847.0	9216990.0	3251266.0	7796854.0	4305417.0	4614278.0	2797711.0	1937618.0	4245828.0	2137625.0	1931709.0	1648037.0	2034354.0	2961039.0	3814859.0	4738478.0	5264590.0	9863146.0	5215432.0	7688419.0	7372053.0	5160814.0	4188841.0	2243018.0	5635057.0	5127354.0	4051880.0	2873157.0	4031188.0	2986994.0	3452008.0	4432647.0	4978264.0	677331.0	3071980.0	372599.0	3900198.0	4039902.0	2873604.0	1843235.0	4208261.0	614846.0	2325064.0	3123009.0	2535383.0	3789171.0	4103147.0	4271401.0	4793362.0
CAC	4609322.0	4812088.0	6046346.0	3390422.0	3728329.0	3558030.0	2191720.0	2754169.0	2836400.0	4254129.0	2470693.0	2585572.0	1933758.0	4917778.0	4322617.0	3590768.0	3251266.0	4857876.0	5866239.0	3225265.0	2801016.0	3210072.0	2250254.0	3035503.0	1493492.0	2905292.0	2058751.0	1583909.0	1613045.0	4459290.0	6065887.0	3240430.0	3376841.0	4384237.0	5363281.0	3156828.0	2115325.0	3750649.0	2259596.0	2532586.0	2441445.0	4186991.0	2113178.0	2238169.0	1162232.0	3091918.0	3559642.0	2239889.0	308456.0	3681907.0	223378.0	2311518.0	2244662.0	3173139.0	1923141.0	2740899.0	576756.0	3093482.0	2897528.0	2160709.0	1523014.0	4794622.0	2934187.0	3204561.0
CAG	8376151.0	7461398.0	11951657.0	5963199.0	4910481.0	5167505.0	3488161.0	4263463.0	4826304.0	6397828.0	5111890.0	3989542.0	3362452.0	7340959.0	7990514.0	5915845.0	7796854.0	5866239.0	17787218.0	4694584.0	5629474.0	5876803.0	4264030.0	5724737.0	2595170.0	4291044.0	4058328.0	2448981.0	3637717.0	7504356.0	13925626.0	6301885.0	8325824.0	8075158.0	13986899.0	6664855.0	5477208.0	7922144.0	4818706.0	6443258.0	4725845.0	6501233.0	4335600.0	3904402.0	2587803.0	5052224.0	8020611.0	4714001.0	465212.0	5658905.0	404243.0	4056075.0	4181786.0	4958761.0	3071831.0	4926278.0	795614.0	4233601.0	4783446.0	3263619.0	3148193.0	7445774.0	5390107.0	5622526.0
CAT	4644924.0	2877499.0	3775609.0	3898793.0	2721349.0	1934802.0	1137395.0	2554315.0	2300733.0	2219557.0	1641045.0	2170748.0	2247026.0	3009651.0	3280954.0	4085551.0	4305417.0	3225265.0	4694584.0	4307338.0	3504995.0	2448841.0	1602694.0	3717884.0	1668645.0	1872241.0	1384187.0	1783015.0	2049146.0	3458858.0	3843828.0	4275678.0	5969596.0	3949577.0	5093261.0	5479028.0	3444268.0	3183545.0	1624716.0	4166826.0	4060556.0	3671370.0	2463247.0	3537753.0	2170862.0	3019300.0	3557834.0	4196096.0	505024.0	2581209.0	289931.0	3104044.0	3102526.0	2529404.0	1431243.0	3547091.0	559950.0	2012742.0	2265122.0	2160741.0	2884996.0	3919316.0	3776550.0	4385156.0
CCA	6662477.0	4537040.0	6456525.0	5867927.0	5243922.0	3523931.0	2197510.0	4519583.0	3510073.0	3293568.0	2801697.0	3407411.0	2971966.0	3555756.0	4428948.0	4879263.0	4614278.0	2801016.0	5629474.0	3504995.0	7779394.0	4131557.0	3392676.0	6475405.0	1750517.0	1640302.0	1798354.0	1671860.0	2271861.0	3107077.0	4536608.0	4276897.0	7205522.0	5066524.0	7242448.0	6775472.0	5388702.0	4451734.0	2436821.0	5533402.0	4633760.0	3645102.0	3173966.0	3419005.0	2720187.0	3089855.0	4519901.0	4456480.0	387924.0	2629623.0	293421.0	3322885.0	5154042.0	3762640.0	2424051.0	5371622.0	580344.0	2117034.0	2894711.0	2425688.0	3103397.0	3842421.0	3945637.0	4662022.0
CCC	4939076.0	5423185.0	6933055.0	3556678.0	3390090.0	4496575.0	2764231.0	3165074.0	2484824.0	5307729.0	2743656.0	2843429.0	1788383.0	5167378.0	4460517.0	3583147.0	2797711.0	3210072.0	5876803.0	2448841.0	4131557.0	3474498.0	3565484.0	4437353.0	1447529.0	2443885.0	2442913.0	1413290.0	1445058.0	4107057.0	6012557.0	3165530.0	3259576.0	5175743.0	6148446.0	3626952.0	2472652.0	4542685.0	3051278.0	3060574.0	2445092.0	4197878.0	2827325.0	2254142.0	1238773.0	3344141.0	4147062.0	2446133.0	244273.0	3112639.0	202012.0	2075162.0	2920785.0	4261143.0	2723484.0	3817771.0	590801.0	2987905.0	2677122.0	2043671.0	1442939.0	4923262.0	2811894.0	3089881.0
CCG	2512439.0	2510333.0	3488197.0	2087745.0	2051402.0	2228479.0	2582575.0	1774937.0	1343606.0	2346074.0	1762980.0	1448185.0	1208521.0	2243671.0	2636026.0	1900590.0	1937618.0	2250254.0	4264030.0	1602694.0	3392676.0	3565484.0	5731508.0	3173818.0	1085544.0	2002649.0	2132360.0	1001595.0	1136950.0	2819483.0	4868329.0	1912599.0	2817400.0	3699857.0	5057628.0	2963204.0	2391242.0	3624161.0	3944029.0	2547526.0	1935255.0	2887020.0	2410397.0	1536220.0	1113360.0	2005485.0	3585158.0	1783650.0	106521.0	2021613.0	107947.0	1408809.0	1987463.0	2547141.0	2829269.0	2227712.0	249568.0	1547359.0	1823918.0	1120255.0	1067180.0	2606595.0	2053806.0	1873464.0
CCT	4843617.0	3420343.0	4280682.0	4237049.0	3614693.0	2884138.0	1718998.0	3782816.0	2281355.0	2667414.0	1892163.0	2654923.0	2272237.0	3127652.0	3597400.0	4512048.0	4245828.0	3035503.0	5724737.0	3717884.0	6475405.0	4437353.0	3173818.0	7665474.0	1830039.0	1941749.0	1836762.0	1963583.0	2334909.0	4130643.0	5226871.0	5306950.0	6439320.0	4977227.0	6461095.0	6796150.0	4753101.0	4675803.0	2415963.0	6155913.0	4860728.0	4255348.0	3480094.0	4330754.0	2666326.0	3754080.0	4947900.0	5255444.0	386590.0	2695276.0	254941.0	3119065.0	4530707.0	4004117.0	2289897.0	5723512.0	514425.0	2178796.0	2460303.0	2429174.0	2894751.0	4291258.0	4158046.0	4499507.0
CGA	2984787.0	1952110.0	2954691.0	2190611.0	1551278.0	1309811.0	902313.0	1508587.0	1903500.0	1670992.0	1434764.0	1510958.0	1195417.0	1945920.0	1989411.0	2211826.0	2137625.0	1493492.0	2595170.0	1668645.0	1750517.0	1447529.0	1085544.0	1830039.0	1558342.0	1402547.0	1298657.0	1252263.0	1180947.0	1867737.0	2338469.0	2184542.0	3268246.0	2520199.0	3467850.0	2854925.0	2004034.0	2107843.0	1306991.0	2440761.0	2317471.0	2176498.0	1482937.0	1750438.0	1128254.0	1641763.0	2007106.0	2000910.0	146139.0	1506787.0	100660.0	1561140.0	1456432.0	1373240.0	1012694.0	1702472.0	293091.0	1149814.0	1504050.0	1116979.0	1239261.0	2056930.0	1604867.0	1919635.0
CGC	2841482.0	3371516.0	5205186.0	1964518.0	1625491.0	2645511.0	1826153.0	1570093.0	1569169.0	3456767.0	1819205.0	1601271.0	1010220.0	4024753.0	3050265.0	2177745.0	1931709.0	2905292.0	4291044.0	1872241.0	1640302.0	2443885.0	2002649.0	1941749.0	1402547.0	4155958.0	2435284.0	1725096.0	1074265.0	3963813.0	5054873.0	2158251.0	2305828.0	3819929.0	4956049.0	2321771.0	1591408.0	3817694.0	2903024.0	2094998.0	1534491.0	4043243.0	1845931.0	1636174.0	751031.0	2622225.0	3174049.0	1482088.0	104554.0	3132214.0	89488.0	1620492.0	1440577.0	2905864.0	1840271.0	1966230.0	267110.0	2680159.0	2423572.0	1413404.0	819524.0	4153185.0	1781415.0	1858232.0
CGG	2564328.0	2143682.0	3784106.0	1572383.0	1439258.0	1615552.0	1426580.0	1260280.0	1642848.0	2325719.0	2109276.0	1234477.0	986381.0	2267703.0	2223799.0	1611921.0	1648037.0	2058751.0	4058328.0	1384187.0	1798354.0	2442913.0	2132360.0	1836762.0	1298657.0	2435284.0	3012014.0	1138029.0	1066964.0	2677052.0	4868250.0	1805079.0	2531026.0	3170816.0	5018552.0	2211899.0	1793891.0	3008183.0	2363081.0	2021872.0	1636228.0	2805547.0	1855654.0	1315554.0	807252.0	1770024.0	2824741.0	1381290.0	110460.0	1793854.0	106553.0	1116058.0	1230757.0	1679472.0	1287112.0	1398690.0	276878.0	1510233.0	1753653.0	971987.0	872806.0	2411221.0	1578211.0	1544954.0
CGT	2461742.0	1598907.0	2225777.0	1803661.0	1232541.0	1166038.0	733365.0	1369950.0	1200005.0	1269589.0	911224.0	1182168.0	978187.0	1879995.0	1735463.0	2099371.0	2034354.0	1583909.0	2448981.0	1783015.0	1671860.0	1413290.0	1001595.0	1963583.0	1252263.0	1725096.0	1138029.0	1738978.0	1111993.0	2266151.0	2633555.0	2424771.0	3116879.0	2502117.0	3161256.0	3049875.0	1890061.0	2279596.0	1281838.0	2738796.0	2160896.0	2464597.0	1435357.0	2396513.0	1093483.0	1942379.0	2290892.0	2306052.0	139543.0	1508525.0	90100.0	1571277.0	1474284.0	1446511.0	948232.0	1901778.0	204598.0	1112090.0	1315984.0	1142352.0	1314917.0	2305677.0	1874550.0	1932126.0
CTA	3953899.0	2284543.0	3778715.0	3058558.0	2138121.0	1565486.0	1008864.0	1999902.0	1808784.0	1530075.0	1527975.0	1625151.0	1564439.0	1893356.0	2569649.0	2584332.0	2961039.0	1613045.0	3637717.0	2049146.0	2271861.0	1445058.0	1136950.0	2334909.0	1180947.0	1074265.0	1066964.0	1111993.0	2108468.0	2010368.0	2854252.0	2683840.0	4045006.0	2483259.0	3944122.0	3332450.0	2342116.0	1973368.0	1139252.0	2676228.0	2002124.0	1672019.0	1348993.0	1696316.0	1259982.0	1581643.0	2192180.0	2174373.0	328670.0	1549095.0	226457.0	2346488.0	2108265.0	1619600.0	1094035.0	2849335.0	369465.0	1172685.0	1806659.0	1374606.0	1670002.0	2288485.0	2259903.0	2830497.0
CTC	5858845.0	7165871.0	9106292.0	4638810.0	3472798.0	5695037.0	2967341.0	3874925.0	2760498.0	5445886.0	2927586.0	3225523.0	2100216.0	7714861.0	5536982.0	4882302.0	3814859.0	4459290.0	7504356.0	3458858.0	3107077.0	4107057.0	2819483.0	4130643.0	1867737.0	3963813.0	2677052.0	2266151.0	2010368.0	8142248.0	7955181.0	4828417.0	4397752.0	6552015.0	7667298.0	4788861.0	2681449.0	6081596.0	3716235.0	4052167.0	2641968.0	5310048.0	2801138.0	3045197.0	1355712.0	5152949.0	4581843.0	3208747.0	325527.0	5263927.0	260692.0	3237997.0	3192344.0	6114462.0	3013021.0	5775262.0	630818.0	4043543.0	3803663.0	2791758.0	1908760.0	8655720.0	3786005.0	4907704.0
CTG	7565606.0	7190212.0	12476813.0	5187559.0	4361272.0	5619810.0	4405213.0	4301215.0	3642356.0	6205490.0	4833641.0	3565595.0	2673743.0	6600596.0	7769888.0	4845642.0	4738478.0	6065887.0	13925626.0	3843828.0	4536608.0	6012557.0	4868329.0	5226871.0	2338469.0	5054873.0	4868250.0	2633555.0	2854252.0	7955181.0	16445746.0	5357562.0	8311624.0	10627830.0	17403264.0	7662805.0	5489514.0	9751833.0	6610117.0	7096861.0	4600373.0	7706367.0	5548957.0	4126953.0	2398016.0	5753240.0	10856291.0	4550782.0	455505.0	5741077.0	390223.0	3476904.0	3847000.0	5680647.0	3860236.0	5072593.0	735092.0	4299177.0	5129780.0	3306304.0	2437979.0	7413431.0	5319323.0	5199968.0
CTT	5510881.0	3412901.0	5135401.0	4511904.0	3118986.0	2542230.0	1459228.0	3433334.0	2463049.0	2478050.0	2022431.0	2576967.0	2367328.0	3438277.0	4052230.0	4946677.0	5264590.0	3240430.0	6301885.0	4275678.0	4276897.0	3165530.0	1912599.0	5306950.0	2184542.0	2158251.0	1805079.0	2424771.0	2683840.0	4828417.0	5357562.0	6288786.0	7386936.0	4926422.0	6904296.0	7288254.0	4595478.0	4196696.0	2220643.0	6139906.0	4675014.0	3975854.0	3058474.0	4631696.0	2509058.0	3739558.0	4505754.0	5608644.0	560526.0	3005215.0	327670.0	3653685.0	3953727.0	3524706.0	1894442.0	5613007.0	652813.0	2537898.0	3126404.0	2822523.0	3255870.0	5029908.0	4771404.0	5665814.0
GAA	16317012.0	7054932.0	14354182.0	14118352.0	8378088.0	4390586.0	3268707.0	7470131.0	7967963.0	4365236.0	4918924.0	7142181.0	6429100.0	6163245.0	10566777.0	10969164.0	9863146.0	3376841.0	8325824.0	5969596.0	7205522.0	3259576.0	2817400.0	6439320.0	3268246.0	2305828.0	2531026.0	3116879.0	4045006.0	4397752.0	8311624.0	7386936.0	25623292.0	9628045.0	18582150.0	19026050.0	9855147.0	6330225.0	3762852.0	10728151.0	9562363.0	5293781.0	5170586.0	7312007.0	5107017.0	4687478.0	8627674.0	8747308.0	978642.0	4176862.0	436140.0	7654622.0	6834952.0	3551280.0	2959524.0	7273731.0	754523.0	2611028.0	5289775.0	5207120.0	5955076.0	4830568.0	7993693.0	9716487.0
GAC	9023665.0	7533780.0	12030818.0	7384055.0	5728970.0	5465348.0	3941441.0	4750446.0	5093547.0	6369032.0	4148599.0	5549437.0	3528368.0	8218408.0	9098250.0	7504848.0	5215432.0	4384237.0	8075158.0	3949577.0	5066524.0	5175743.0	3699857.0	4977227.0	2520199.0	3819929.0	3170816.0	2502117.0	2483259.0	6552015.0	10627830.0	4926422.0	9628045.0	10670872.0	12948240.0	9915195.0	4567140.0	6808293.0	4154214.0	4929943.0	5001332.0	6638250.0	4273360.0	4510504.0	2196107.0	5211719.0	7819616.0	4190144.0	324335.0	5966005.0	221403.0	5025428.0	4271774.0	4703755.0	3819126.0	5106006.0	544940.0	3681347.0	5376374.0	3998817.0	2516454.0	7187106.0	6127522.0	7595222.0
GAG	13977157.0	8667908.0	20601171.0	9520420.0	7108126.0	5865042.0	5324603.0	5882400.0	7307077.0	6753637.0	6986661.0	5806005.0	4509579.0	8414491.0	12486887.0	8786896.0	7688419.0	5363281.0	13986899.0	5093261.0	7242448.0	6148446.0	5057628.0	6461095.0	3467850.0	4956049.0	5018552.0	3161256.0	3944122.0	7667298.0	17403264.0	6904296.0	18582150.0	12948240.0	29060728.0	14835429.0	9085757.0	9998685.0	7502179.0	9560011.0	7469487.0	7793832.0	6427813.0	5332725.0	3576732.0	5971442.0	12982822.0	6728699.0	461475.0	6111503.0	347042.0	5764052.0	5454747.0	4656594.0	4167097.0	5956549.0	622677.0	3701192.0	5807245.0	4243420.0	3613404.0	7074468.0	8108021.0	9000906.0
GAT	11301745.0	4847338.0	8957345.0	10006781.0	6050805.0	3430495.0	2637690.0	5798736.0	5103401.0	3330413.0	3079912.0	5701980.0	4873248.0	5832095.0	8374050.0	10358931.0	7372053.0	3156828.0	6664855.0	5479028.0	6775472.0	3626952.0	2963204.0	6796150.0	2854925.0	2321771.0	2211899.0	3049875.0	3332450.0	4788861.0	7662805.0	7288254.0	19026050.0	9915195.0	14835429.0	19951368.0	8361009.0	6507338.0	3777287.0	10301940.0	9179345.0	6331680.0	5373710.0	8398379.0	4669543.0	5728746.0	9363851.0	9822976.0	686263.0	4139072.0	328617.0	7144684.0	6476907.0	3795210.0	3069871.0	7502765.0	516086.0	2302271.0	4800497.0	4486732.0	5411048.0	5791224.0	8450408.0	10237546.0
GCA	7750486.0	3516205.0	7394962.0	6668638.0	5782633.0	2663378.0	2376815.0	4894779.0	4197923.0	2570629.0	2864029.0	3863246.0	3273489.0	2966244.0	6194275.0	5731005.0	5160814.0	2115325.0	5477208.0	3444268.0	5388702.0	2472652.0	2391242.0	4753101.0	2004034.0	1591408.0	1793891.0	1890061.0	2342116.0	2681449.0	5489514.0	4595478.0	9855147.0	4567140.0	9085757.0	8361009.0	9646272.0	5410392.0	3961477.0	8997160.0	5520052.0	3477017.0	3434589.0	4354340.0	3195982.0	2792509.0	5895663.0	5242990.0	397108.0	2214230.0	237837.0	4029006.0	5048473.0	2660474.0	2402058.0	5379706.0	536681.0	1585210.0	3203612.0	2785728.0	3230496.0	2950227.0	4902926.0	6064551.0
GCC	7326587.0	6738657.0	11142184.0	6028820.0	5028015.0	6343072.0	4001281.0	4867905.0	3554991.0	5712202.0	3482469.0	4226733.0	2681996.0	7977541.0	8573036.0	6428949.0	4188841.0	3750649.0	7922144.0	3183545.0	4451734.0	4542685.0	3624161.0	4675803.0	2107843.0	3817694.0	3008183.0	2279596.0	1973368.0	6081596.0	9751833.0	4196696.0	6330225.0	6808293.0	9998685.0	6507338.0	5410392.0	11036124.0	5715513.0	7141500.0	3905143.0	6371330.0	3738057.0	4079269.0	1881886.0	5253508.0	7371350.0	3787957.0	259070.0	4463048.0	201738.0	3592533.0	3890723.0	5383208.0	3662745.0	5042310.0	568053.0	3468005.0	4026026.0	3153816.0	2082884.0	6443078.0	4902141.0	5786385.0
GCG	2856404.0	2445177.0	4763660.0	2462709.0	2220115.0	2158076.0	3233319.0	1963083.0	1661710.0	2413855.0	2095044.0	1673400.0	1230134.0	2481925.0	4401000.0	2415643.0	2243018.0	2259596.0	4818706.0	1624716.0	2436821.0	3051278.0	3944029.0	2415963.0	1306991.0	2903024.0	2363081.0	1281838.0	1139252.0	3716235.0	6610117.0	2220643.0	3762852.0	4154214.0	7502179.0	3777287.0	3961477.0	5715513.0	8650870.0	4208236.0	2394982.0	4094809.0	2939113.0	2112392.0	1182095.0	2412381.0	5315387.0	2202516.0	112518.0	2141680.0	101573.0	1684403.0	1821041.0	2245781.0	2906967.0	2227087.0	261722.0	1583852.0	2286135.0	1297522.0	1017470.0	2629394.0	2680874.0	2644583.0
GCT	6929245.0	2784784.0	6073830.0	6108800.0	4814709.0	2730211.0	2135798.0	5340486.0	3509674.0	2191949.0	2203077.0	3759402.0	2963048.0	3353991.0	6076216.0	6620706.0	5635057.0	2532586.0	6443258.0	4166826.0	5533402.0	3060574.0	2547526.0	6155913.0	2440761.0	2094998.0	2021872.0	2738796.0	2676228.0	4052167.0	7096861.0	6139906.0	10728151.0	4929943.0	9560011.0	10301940.0	8997160.0	7141500.0	4208236.0	13160882.0	6889867.0	4770700.0	4289423.0	6972999.0	3606227.0	4356365.0	7699024.0	7623820.0	412583.0	2457021.0	253108.0	4402755.0	5262358.0	3362418.0	2565349.0	6801998.0	527912.0	1878234.0	3324684.0	3460118.0	3666511.0	3890433.0	6244279.0	6676467.0
GGA	8488919.0	4481312.0	6744884.0	8112666.0	5050913.0	2903656.0	2056100.0	5248256.0	5395596.0	3387367.0	2985898.0	5178047.0	3006613.0	3351948.0	5493199.0	6060563.0	5127354.0	2441445.0	4725845.0	4060556.0	4633760.0	2445092.0	1935255.0	4860728.0	2317471.0	1534491.0	1636228.0	2160896.0	2002124.0	2641968.0	4600373.0	4675014.0	9562363.0	5001332.0	7469487.0	9179345.0	5520052.0	3905143.0	2394982.0	6889867.0	8549690.0	4484381.0	3654465.0	6162036.0	2449988.0	2759040.0	4375598.0	5355127.0	490728.0	2740452.0	242542.0	4788896.0	4177200.0	2423584.0	1901967.0	5044984.0	840096.0	1794272.0	3493289.0	3532878.0	2784093.0	3313813.0	3954384.0	6779532.0
GGC	5883456.0	5922392.0	8178732.0	5604451.0	3812537.0	4921264.0	3168842.0	4070644.0	3300498.0	6624924.0	2929739.0	4446432.0	1912247.0	5882121.0	6134310.0	5021950.0	4051880.0	4186991.0	6501233.0	3671370.0	3645102.0	4197878.0	2887020.0	4255348.0	2176498.0	4043243.0	2805547.0	2464597.0	1672019.0	5310048.0	7706367.0	3975854.0	5293781.0	6638250.0	7793832.0	6331680.0	3477017.0	6371330.0	4094809.0	4770700.0	4484381.0	10278860.0	3845820.0	5314524.0	1330561.0	4238219.0	5300976.0	3389439.0	252747.0	4875379.0	177051.0	3844945.0	3261871.0	4744780.0	2963519.0	4478955.0	601364.0	3820824.0	4332181.0	3356775.0	1641259.0	5859369.0	3630626.0	5411650.0
GGG	5377085.0	3411073.0	6082494.0	4350353.0	3093167.0	2369186.0	2158814.0	2961549.0	2948252.0	3008002.0	2611228.0	3009745.0	1598702.0	2693898.0	4044831.0	3482544.0	2873157.0	2113178.0	4335600.0	2463247.0	3173966.0	2827325.0	2410397.0	3480094.0	1482937.0	1845931.0	1855654.0	1435357.0	1348993.0	2801138.0	5548957.0	3058474.0	5170586.0	4273360.0	6427813.0	5373710.0	3434589.0	3738057.0	2939113.0	4289423.0	3654465.0	3845820.0	2401046.0	3254018.0	1272179.0	2290435.0	3967300.0	3023451.0	214486.0	2100416.0	182144.0	2531795.0	2550939.0	2051162.0	1813680.0	3158810.0	463199.0	1605599.0	2238077.0	2390124.0	1437750.0	2762034.0	2843915.0	4300547.0
GGT	5054365.0	2806308.0	3681834.0	5151211.0	3012402.0	2274136.0	1395313.0	3900173.0	2708694.0	2234075.0	1484711.0	3660683.0	1885496.0	2960924.0	3872629.0	5093300.0	4031188.0	2238169.0	3904402.0	3537753.0	3419005.0	2254142.0	1536220.0	4330754.0	1750438.0	1636174.0	1315554.0	2396513.0	1696316.0	3045197.0	4126953.0	4631696.0	7312007.0	4510504.0	5332725.0	8398379.0	4354340.0	4079269.0	2112392.0	6972999.0	6162036.0	5314524.0	3254018.0	8361184.0	2205301.0	3495538.0	4370760.0	5987624.0	313620.0	2501375.0	179763.0	4050968.0	3391528.0	2507120.0	1722221.0	4869666.0	392223.0	1610294.0	2756916.0	3018099.0	2575844.0	3460127.0	4076449.0	5812204.0
GTA	4516648.0	1920183.0	3299496.0	4137530.0	2866776.0	1407790.0	1099774.0	2757664.0	1957447.0	1104901.0	1210698.0	1867794.0	1858244.0	1544267.0	2767127.0	3310071.0	2986994.0	1162232.0	2587803.0	2170862.0	2720187.0	1238773.0	1113360.0	2666326.0	1128254.0	751031.0	807252.0	1093483.0	1259982.0	1355712.0	2398016.0	2509058.0	5107017.0	2196107.0	3576732.0	4669543.0	3195982.0	1881886.0	1182095.0	3606227.0	2449988.0	1330561.0	1272179.0	2205301.0	2237856.0	1372388.0	2602204.0	2893273.0	345918.0	1301285.0	181530.0	2480876.0	2595255.0	1380006.0	1141935.0	2947320.0	332193.0	916584.0	1694156.0	1830373.0	1885594.0	1755560.0	2509753.0	3860230.0
GTC	5556804.0	5530795.0	7620437.0	5265479.0	3713765.0	5148751.0	2529777.0	4356261.0	2662477.0	3941938.0	2306469.0	3318634.0	2109380.0	6385948.0	5284011.0	5452338.0	3452008.0	3091918.0	5052224.0	3019300.0	3089855.0	3344141.0	2005485.0	3754080.0	1641763.0	2622225.0	1770024.0	1942379.0	1581643.0	5152949.0	5753240.0	3739558.0	4687478.0	5211719.0	5971442.0	5728746.0	2792509.0	5253508.0	2412381.0	4356365.0	2759040.0	4238219.0	2290435.0	3495538.0	1372388.0	4585568.0	4375482.0	3497245.0	262539.0	3795781.0	176043.0	3128305.0	2774623.0	3975055.0	2182761.0	4189189.0	448086.0	2650090.0	2915579.0	2711402.0	1553342.0	5311348.0	3442661.0	4912085.0
GTG	7354159.0	5100515.0	10031320.0	6395276.0	4911159.0	4248883.0	4002852.0	4909108.0	3284112.0	3695901.0	3373323.0	3553953.0	2722289.0	4659115.0	7304175.0	5844651.0	4432647.0	3559642.0	8020611.0	3557834.0	4519901.0	4147062.0	3585158.0	4947900.0	2007106.0	3174049.0	2824741.0	2290892.0	2192180.0	4581843.0	10856291.0	4505754.0	8627674.0	7819616.0	12982822.0	9363851.0	5895663.0	7371350.0	5315387.0	7699024.0	4375598.0	5300976.0	3967300.0	4370760.0	2602204.0	4375482.0	11030476.0	5374120.0	368225.0	3972359.0	258386.0	4142534.0	3848382.0	3751178.0	3236262.0	5160766.0	567535.0	2936699.0	4028210.0	4307320.0	2174755.0	4771332.0	5192052.0	6987394.0
GTT	6226948.0	2671294.0	4972144.0	6041803.0	3800561.0	2267860.0	1568979.0	4465388.0	2917851.0	1785064.0	1859781.0	3329849.0	2671590.0	2883896.0	4385269.0	6119716.0	4978264.0	2239889.0	4714001.0	4196096.0	4456480.0	2446133.0	1783650.0	5255444.0	2000910.0	1482088.0	1381290.0	2306052.0	2174373.0	3208747.0	4550782.0	5608644.0	8747308.0	4190144.0	6728699.0	9822976.0	5242990.0	3787957.0	2202516.0	7623820.0	5355127.0	3389439.0	3023451.0	5987624.0	2893273.0	3497245.0	5374120.0	7007742.0	534283.0	2506620.0	284590.0	4509855.0	4266496.0	2708000.0	1928212.0	5750994.0	561916.0	1799841.0	3046062.0	3464140.0	3365860.0	3569627.0	5205502.0	6353472.0
TAA	1606406.0	606231.0	749419.0	1249228.0	573668.0	316629.0	138194.0	542190.0	751796.0	439478.0	378142.0	528794.0	760585.0	442797.0	676958.0	962555.0	677331.0	308456.0	465212.0	505024.0	387924.0	244273.0	106521.0	386590.0	146139.0	104554.0	110460.0	139543.0	328670.0	325527.0	455505.0	560526.0	978642.0	324335.0	461475.0	686263.0	397108.0	259070.0	112518.0	412583.0	490728.0	252747.0	214486.0	313620.0	345918.0	262539.0	368225.0	534283.0	1060112.0	328386.0	327317.0	684124.0	526349.0	330560.0	130528.0	535525.0	406674.0	374370.0	376042.0	526765.0	746539.0	503249.0	591552.0	1111905.0
TAC	5838486.0	6435066.0	7339327.0	4386134.0	3378279.0	4536532.0	2410678.0	2961868.0	3080362.0	4607154.0	2414274.0	2822855.0	2435463.0	5968971.0	5287438.0	4088248.0	3071980.0	3681907.0	5658905.0	2581209.0	2629623.0	3112639.0	2021613.0	2695276.0	1506787.0	3132214.0	1793854.0	1508525.0	1549095.0	5263927.0	5741077.0	3005215.0	4176862.0	5966005.0	6111503.0	4139072.0	2214230.0	4463048.0	2141680.0	2457021.0	2740452.0	4875379.0	2100416.0	2501375.0	1301285.0	3795781.0	3972359.0	2506620.0	328386.0	5563464.0	190518.0	3130264.0	2302937.0	3720351.0	2099714.0	2741945.0	385642.0	3217265.0	3283539.0	2223045.0	1742335.0	6154710.0	3365113.0	4107870.0
TAG	699745.0	310567.0	495210.0	485195.0	312651.0	201254.0	110261.0	261044.0	419970.0	292739.0	300048.0	273581.0	311026.0	237438.0	379811.0	423838.0	372599.0	223378.0	404243.0	289931.0	293421.0	202012.0	107947.0	254941.0	100660.0	89488.0	106553.0	90100.0	226457.0	260692.0	390223.0	327670.0	436140.0	221403.0	347042.0	328617.0	237837.0	201738.0	101573.0	253108.0	242542.0	177051.0	182144.0	179763.0	181530.0	176043.0	258386.0	284590.0	327317.0	190518.0	200578.0	292181.0	298154.0	232089.0	106592.0	280556.0	252977.0	245255.0	298753.0	283985.0	309316.0	312426.0	343245.0	511442.0
TAT	6196252.0	3507489.0	4153360.0	4973499.0	3045668.0	2244214.0	1245544.0	2618222.0	2625283.0	2235509.0	1483919.0	2320178.0	3215996.0	3700797.0	3736328.0	4554852.0	3900198.0	2311518.0	4056075.0	3104044.0	3322885.0	2075162.0	1408809.0	3119065.0	1561140.0	1620492.0	1116058.0	1571277.0	2346488.0	3237997.0	3476904.0	3653685.0	7654622.0	5025428.0	5764052.0	7144684.0	4029006.0	3592533.0	1684403.0	4402755.0	4788896.0	3844945.0	2531795.0	4050968.0	2480876.0	3128305.0	4142534.0	4509855.0	684124.0	3130264.0	292181.0	4001484.0	3225001.0	2524805.0	1414915.0	3262101.0	441628.0	1919283.0	2383710.0	2227014.0	3401970.0	4225641.0	3894475.0	5322368.0
TCA	6885574.0	4005116.0	5404193.0	6057845.0	5150453.0	3202869.0	1877377.0	4430641.0	3638491.0	3431795.0	2443497.0	3854383.0	3332925.0	3265333.0	4359998.0	4744059.0	4039902.0	2244662.0	4181786.0	3102526.0	5154042.0	2920785.0	1987463.0	4530707.0	1456432.0	1440577.0	1230757.0	1474284.0	2108265.0	3192344.0	3847000.0	3953727.0	6834952.0	4271774.0	5454747.0	6476907.0	5048473.0	3890723.0	1821041.0	5262358.0	4177200.0	3261871.0	2550939.0	3391528.0	2595255.0	2774623.0	3848382.0	4266496.0	526349.0	2302937.0	298154.0	3225001.0	6779034.0	4088056.0	2528328.0	6168653.0	530480.0	2038941.0	2736116.0	2438908.0	3554937.0	3947453.0	3844087.0	5164232.0
TCC	5527453.0	5439806.0	6611474.0	4101128.0	3700539.0	5332304.0	2376982.0	3663680.0	2803901.0	5539320.0	2522661.0	3385130.0	2403280.0	6290502.0	5196902.0	4311282.0	2873604.0	3173139.0	4958761.0	2529404.0	3762640.0	4261143.0	2547141.0	4004117.0	1373240.0	2905864.0	1679472.0	1446511.0	1619600.0	6114462.0	5680647.0	3524706.0	3551280.0	4703755.0	4656594.0	3795210.0	2660474.0	5383208.0	2245781.0	3362418.0	2423584.0	4744780.0	2051162.0	2507120.0	1380006.0	3975055.0	3751178.0	2708000.0	330560.0	3720351.0	232089.0	2524805.0	4088056.0	7465254.0	3029360.0	5363467.0	602292.0	3477239.0	3009706.0	2320886.0	2031117.0	6742695.0	3452409.0	4076686.0
TCG	2789475.0	2595046.0	3208482.0	2269269.0	2137593.0	2308033.0	2139646.0	1869581.0	1432366.0	2459221.0	1442250.0	1594159.0	1446756.0	2391169.0	2845372.0	2047825.0	1843235.0	1923141.0	3071831.0	1431243.0	2424051.0	2723484.0	2829269.0	2289897.0	1012694.0	1840271.0	1287112.0	948232.0	1094035.0	3013021.0	3860236.0	1894442.0	2959524.0	3819126.0	4167097.0	3069871.0	2402058.0	3662745.0	2906967.0	2565349.0	1901967.0	2963519.0	1813680.0	1722221.0	1141935.0	2182761.0	3236262.0	1928212.0	130528.0	2099714.0	106592.0	1414915.0	2528328.0	3029360.0	3189432.0	2660922.0	215126.0	1495192.0	1733247.0	1076944.0	1238130.0	2793064.0	2160739.0	2150826.0
TCT	5560261.0	3429016.0	4067153.0	4706614.0	4073453.0	3226596.0	1594170.0	4236664.0	2559482.0	3118765.0	1688852.0	3251383.0	2942600.0	4031715.0	4118529.0	4857150.0	4208261.0	2740899.0	4926278.0	3547091.0	5371622.0	3817771.0	2227712.0	5723512.0	1702472.0	1966230.0	1398690.0	1901778.0	2849335.0	5775262.0	5072593.0	5613007.0	7273731.0	5106006.0	5956549.0	7502765.0	5379706.0	5042310.0	2227087.0	6801998.0	5044984.0	4478955.0	3158810.0	4869666.0	2947320.0	4189189.0	5160766.0	5750994.0	535525.0	2741945.0	280556.0	3262101.0	6168653.0	5363467.0	2660922.0	7774096.0	480726.0	2411894.0	2634062.0	2688839.0	3546829.0	5407743.0	4562585.0	5645888.0
TGA	1053622.0	650225.0	781380.0	644039.0	621420.0	544326.0	260628.0	505562.0	1133558.0	826332.0	715050.0	532309.0	458589.0	487259.0	663023.0	620411.0	614846.0	576756.0	795614.0	559950.0	580344.0	590801.0	249568.0	514425.0	293091.0	267110.0	276878.0	204598.0	369465.0	630818.0	735092.0	652813.0	754523.0	544940.0	622677.0	516086.0	536681.0	568053.0	261722.0	527912.0	840096.0	601364.0	463199.0	392223.0	332193.0	448086.0	567535.0	561916.0	406674.0	385642.0	252977.0	441628.0	530480.0	602292.0	215126.0	480726.0	852878.0	739674.0	723852.0	595519.0	414665.0	603222.0	545205.0	745526.0
TGC	4070359.0	4073494.0	4579940.0	2799387.0	2394050.0	3523975.0	1645909.0	2224615.0	2356264.0	4191849.0	2073987.0	2218020.0	1739618.0	4072634.0	3258196.0	2975422.0	2325064.0	3093482.0	4233601.0	2012742.0	2117034.0	2987905.0	1547359.0	2178796.0	1149814.0	2680159.0	1510233.0	1112090.0	1172685.0	4043543.0	4299177.0	2537898.0	2611028.0	3681347.0	3701192.0	2302271.0	1585210.0	3468005.0	1583852.0	1878234.0	1794272.0	3820824.0	1605599.0	1610294.0	916584.0	2650090.0	2936699.0	1799841.0	374370.0	3217265.0	245255.0	1919283.0	2038941.0	3477239.0	1495192.0	2411894.0	739674.0	3855516.0	2730324.0	2103422.0	1404076.0	4362554.0	2466694.0	2884879.0
TGG	5692669.0	4588715.0	5813835.0	3875524.0	3350945.0	3248441.0	2125579.0	2747060.0	3494405.0	3835780.0	3042438.0	2484409.0	2430525.0	3835932.0	4411351.0	3597493.0	3123009.0	2897528.0	4783446.0	2265122.0	2894711.0	2677122.0	1823918.0	2460303.0	1504050.0	2423572.0	1753653.0	1315984.0	1806659.0	3803663.0	5129780.0	3126404.0	5289775.0	5376374.0	5807245.0	4800497.0	3203612.0	4026026.0	2286135.0	3324684.0	3493289.0	4332181.0	2238077.0	2756916.0	1694156.0	2915579.0	4028210.0	3046062.0	376042.0	3283539.0	298753.0	2383710.0	2736116.0	3009706.0	1733247.0	2634062.0	723852.0	2730324.0	3863522.0	1992665.0	1966938.0	4344478.0	2905003.0	3661519.0
TGT	4335266.0	2746744.0	2900378.0	2971170.0	2341030.0	2076954.0	1036137.0	2166989.0	1911190.0	2160157.0	1268212.0	1790023.0	1983518.0	2514705.0	2624139.0	3078328.0	2535383.0	2160709.0	3263619.0	2160741.0	2425688.0	2043671.0	1120255.0	2429174.0	1116979.0	1413404.0	971987.0	1142352.0	1374606.0	2791758.0	3306304.0	2822523.0	5207120.0	3998817.0	4243420.0	4486732.0	2785728.0	3153816.0	1297522.0	3460118.0	3532878.0	3356775.0	2390124.0	3018099.0	1830373.0	2711402.0	4307320.0	3464140.0	526765.0	2223045.0	283985.0	2227014.0	2438908.0	2320886.0	1076944.0	2688839.0	595519.0	2103422.0	1992665.0	2056264.0	2248764.0	3343832.0	3030763.0	3640624.0
TTA	6531856.0	2747990.0	4065671.0	5665920.0	3294461.0	1768445.0	1078193.0	3051587.0	2792447.0	1797647.0	1637229.0	2809152.0	2893128.0	2148876.0	3181569.0	4578503.0	3789171.0	1523014.0	3148193.0	2884996.0	3103397.0	1442939.0	1067180.0	2894751.0	1239261.0	819524.0	872806.0	1314917.0	1670002.0	1908760.0	2437979.0	3255870.0	5955076.0	2516454.0	3613404.0	5411048.0	3230496.0	2082884.0	1017470.0	3666511.0	2784093.0	1641259.0	1437750.0	2575844.0	1885594.0	1553342.0	2174755.0	3365860.0	746539.0	1742335.0	309316.0	3401970.0	3554937.0	2031117.0	1238130.0	3546829.0	414665.0	1404076.0	1966938.0	2248764.0	3593444.0	2722632.0	3083622.0	4690857.0
