	AAA	AAC	AAG	AAT	ACA	ACC	ACG	ACT	AGA	AGC	AGG	AGT	ATA	ATC	ATG	ATT	CAA	CAC	CAG	CAT	CCA	CCC	CCG	CCT	CGA	CGC	CGG	CGT	CTA	CTC	CTG	CTT	GAA	GAC	GAG	GAT	GCA	GCC	GCG	GCT	GGA	GGC	GGG	GGT	GTA	GTC	GTG	GTT	TAA	TAC	TAG	TAT	TCA	TCC	TCG	TCT	TGA	TGC	TGG	TGT	TTA	TTC	TTG	TTT
Start	0.0	2.0	3.0	0.0	2.0	0.0	1.0	0.0	1.0	1.0	1.0	1.0	118.0	55.0	133520.0	96.0	0.0	0.0	1.0	0.0	0.0	2.0	0.0	1.0	1.0	3.0	3.0	1.0	0.0	5.0	219.0	0.0	2.0	3.0	2.0	2.0	2.0	0.0	2.0	0.0	3.0	2.0	3.0	2.0	1.0	3.0	19921.0	1.0	0.0	2.0	0.0	0.0	0.0	0.0	1.0	0.0	1.0	1.0	0.0	0.0	0.0	1.0	13112.0	0.0
AAA	107580.0	44542.0	75983.0	68678.0	44743.0	26192.0	17886.0	27031.0	50594.0	22649.0	30693.0	22976.0	89176.0	46653.0	54696.0	64083.0	28982.0	17951.0	32603.0	18745.0	32564.0	18354.0	18110.0	21706.0	10137.0	12009.0	11590.0	8701.0	27487.0	43944.0	39403.0	39515.0	128938.0	47302.0	87734.0	76525.0	57435.0	34692.0	24257.0	39877.0	64939.0	33178.0	29535.0	39312.0	47789.0	32991.0	31816.0	54008.0	4317.0	41732.0	1402.0	49540.0	38632.0	22899.0	15364.0	24183.0	2510.0	11635.0	24062.0	13223.0	61010.0	38999.0	29587.0	43082.0
AAC	44542.0	46318.0	51633.0	28840.0	22231.0	34951.0	30949.0	14670.0	23040.0	25764.0	28317.0	12991.0	47577.0	57240.0	45947.0	28359.0	13457.0	22500.0	35321.0	10109.0	18389.0	26697.0	32188.0	12956.0	9732.0	21995.0	20118.0	7579.0	15518.0	55765.0	43770.0	23186.0	56112.0	62445.0	87390.0	35887.0	30185.0	51641.0	40081.0	19010.0	37216.0	54150.0	32822.0	24070.0	24209.0	63130.0	37591.0	27303.0	943.0	48588.0	358.0	23769.0	17047.0	20952.0	21793.0	11097.0	1506.0	13302.0	26909.0	8424.0	22531.0	51057.0	16301.0	22024.0
AAG	75983.0	51633.0	98922.0	36640.0	26662.0	38478.0	31309.0	18982.0	41428.0	33050.0	56296.0	18172.0	73595.0	64349.0	61895.0	44533.0	16758.0	21679.0	41367.0	14108.0	23691.0	28915.0	30215.0	18586.0	10339.0	21224.0	18475.0	8353.0	22485.0	61995.0	55121.0	37193.0	88591.0	66276.0	130711.0	63864.0	53316.0	57284.0	47987.0	40001.0	55723.0	54530.0	44847.0	35767.0	39957.0	57440.0	52295.0	54970.0	1674.0	51175.0	1059.0	31621.0	21584.0	23939.0	22342.0	13289.0	1783.0	12642.0	27298.0	7801.0	31497.0	54482.0	26544.0	29431.0
AAT	68678.0	28840.0	36640.0	49858.0	26265.0	18219.0	12426.0	18999.0	25249.0	13217.0	18328.0	15931.0	53098.0	34326.0	33953.0	46083.0	18626.0	10003.0	19375.0	13010.0	26419.0	16351.0	16007.0	18517.0	5814.0	6132.0	6446.0	5148.0	17227.0	25020.0	22725.0	24681.0	76703.0	27110.0	47716.0	53194.0	39517.0	23944.0	14624.0	24241.0	41015.0	20467.0	17352.0	28457.0	35128.0	22881.0	24480.0	38157.0	1450.0	28346.0	402.0	36591.0	25403.0	15161.0	9327.0	15992.0	717.0	6175.0	14327.0	7736.0	39759.0	27685.0	19462.0	30254.0
ACA	44743.0	22231.0	26662.0	26265.0	28620.0	18409.0	14418.0	16570.0	18355.0	12752.0	14056.0	10760.0	43339.0	24103.0	24819.0	30003.0	12624.0	9465.0	17954.0	9583.0	20697.0	12244.0	15396.0	12599.0	4941.0	5135.0	6851.0	4054.0	12562.0	23033.0	18950.0	19692.0	40689.0	24946.0	34015.0	33935.0	31883.0	21839.0	17140.0	19555.0	32314.0	20458.0	17504.0	21335.0	23980.0	21688.0	18404.0	26748.0	564.0	20466.0	265.0	22262.0	21018.0	13560.0	10529.0	12787.0	709.0	5446.0	11358.0	5455.0	25292.0	23552.0	12103.0	24768.0
ACC	26192.0	34951.0	38478.0	18219.0	18409.0	33650.0	31781.0	12178.0	13495.0	21348.0	17337.0	10513.0	32551.0	55399.0	35906.0	21637.0	8920.0	24074.0	31178.0	10134.0	11056.0	18411.0	27130.0	9026.0	10288.0	19668.0	20627.0	7453.0	10017.0	50582.0	40296.0	20189.0	49925.0	85362.0	80162.0	40022.0	28401.0	52529.0	50822.0	16662.0	36498.0	63851.0	37489.0	26271.0	18604.0	79892.0	39530.0	23898.0	343.0	44378.0	255.0	19646.0	13331.0	20075.0	21751.0	9154.0	892.0	11977.0	17227.0	8130.0	13085.0	45507.0	10960.0	19345.0
ACG	17886.0	30949.0	31309.0	12426.0	14418.0	31781.0	48684.0	9425.0	9597.0	19466.0	14204.0	8983.0	24404.0	49057.0	33220.0	18990.0	6785.0	15410.0	25990.0	6313.0	11601.0	19975.0	42764.0	7396.0	11587.0	13273.0	23507.0	4145.0	8692.0	55534.0	48067.0	17130.0	31049.0	47597.0	76676.0	28231.0	24073.0	36867.0	61006.0	13354.0	27280.0	35292.0	36155.0	14225.0	15939.0	53331.0	42237.0	19709.0	391.0	28842.0	375.0	12984.0	8726.0	11984.0	26665.0	5478.0	502.0	5117.0	16965.0	4905.0	9308.0	40470.0	10890.0	13499.0
ACT	27031.0	14670.0	18982.0	18999.0	16570.0	12178.0	9425.0	12710.0	12256.0	7445.0	11573.0	7316.0	28947.0	18216.0	18200.0	22174.0	9759.0	8242.0	11577.0	8123.0	15070.0	11058.0	10634.0	12260.0	3941.0	4724.0	4532.0	3397.0	9858.0	16380.0	14359.0	14987.0	37541.0	24520.0	29299.0	32485.0	28794.0	20050.0	15004.0	18536.0	30235.0	18217.0	14346.0	20295.0	22182.0	20496.0	18125.0	24535.0	524.0	16543.0	208.0	17425.0	14327.0	9553.0	7144.0	9995.0	354.0	3273.0	8429.0	4185.0	19327.0	16040.0	9907.0	16188.0
AGA	50594.0	23040.0	41428.0	25249.0	18355.0	13495.0	9597.0	12256.0	30616.0	14842.0	25911.0	11669.0	41683.0	22058.0	26961.0	30838.0	11037.0	9051.0	15347.0	8938.0	13693.0	8385.0	8407.0	10208.0	3882.0	5637.0	4910.0	3855.0	10934.0	17927.0	15972.0	18351.0	47741.0	25371.0	46042.0	34676.0	26017.0	19830.0	13911.0	19490.0	32077.0	18281.0	16610.0	18544.0	20492.0	17926.0	17586.0	29481.0	1401.0	21992.0	589.0	23735.0	14537.0	11818.0	7577.0	9070.0	1473.0	7440.0	13704.0	6112.0	23959.0	21603.0	16333.0	22976.0
AGC	22649.0	25764.0	33050.0	13217.0	12752.0	21348.0	19466.0	7445.0	14842.0	17128.0	22290.0	9341.0	29134.0	33165.0	33085.0	15158.0	7329.0	16531.0	23217.0	6137.0	9738.0	14958.0	17637.0	6160.0	5217.0	11594.0	11832.0	4354.0	10016.0	33242.0	27089.0	13169.0	33369.0	54248.0	63935.0	25286.0	17771.0	34388.0	28730.0	9389.0	27602.0	41820.0	28347.0	18723.0	13932.0	40425.0	26886.0	16507.0	781.0	30548.0	433.0	13619.0	10357.0	13484.0	11545.0	6054.0	1010.0	7389.0	16140.0	4332.0	13083.0	30479.0	11832.0	13224.0
AGG	30693.0	28317.0	56296.0	18328.0	14056.0	17337.0	14204.0	11573.0	25911.0	22290.0	52600.0	11342.0	50441.0	34860.0	34878.0	26917.0	7791.0	14364.0	24782.0	9290.0	11695.0	16265.0	15417.0	10690.0	3618.0	10248.0	8440.0	4852.0	13879.0	40589.0	35956.0	26262.0	41527.0	41239.0	83087.0	37174.0	27556.0	34657.0	27135.0	26062.0	29595.0	32337.0	26589.0	20617.0	20393.0	33404.0	32866.0	34896.0	831.0	31488.0	627.0	19648.0	13116.0	13802.0	10565.0	7793.0	1872.0	9964.0	15580.0	4049.0	18234.0	35096.0	18483.0	18547.0
AGT	22976.0	12991.0	18172.0	15931.0	10760.0	10513.0	8983.0	7316.0	11669.0	9341.0	11342.0	9320.0	20927.0	16045.0	20716.0	18310.0	7187.0	5927.0	10394.0	5196.0	8755.0	6693.0	8338.0	5718.0	2939.0	4492.0	4502.0	2639.0	6718.0	12637.0	10726.0	9690.0	30371.0	18975.0	27300.0	24653.0	17710.0	13817.0	11843.0	10429.0	21395.0	14584.0	12481.0	17090.0	14435.0	13510.0	13043.0	17026.0	878.0	13607.0	362.0	13932.0	11306.0	9289.0	8874.0	6977.0	638.0	3848.0	8469.0	3312.0	16401.0	14828.0	9975.0	13471.0
ATA	89176.0	47577.0	73595.0	53098.0	43339.0	32551.0	24404.0	28947.0	41683.0	29134.0	50441.0	20927.0	88442.0	43142.0	51541.0	53241.0	18005.0	16255.0	29194.0	16177.0	29637.0	22126.0	21210.0	22029.0	5017.0	8827.0	8273.0	6702.0	23825.0	38516.0	37547.0	32067.0	78313.0	50463.0	91116.0	71340.0	57178.0	47377.0	33263.0	42899.0	53470.0	41151.0	34595.0	37948.0	41355.0	34355.0	40295.0	49814.0	1152.0	40139.0	549.0	36127.0	35299.0	26487.0	19197.0	23246.0	1190.0	10566.0	21326.0	9239.0	43315.0	49834.0	27629.0	41589.0
ATC	46653.0	57240.0	64349.0	34326.0	24103.0	55399.0	49057.0	18216.0	22058.0	33165.0	34860.0	16045.0	43142.0	79822.0	49749.0	32500.0	12427.0	30544.0	46718.0	15694.0	15685.0	29853.0	40986.0	13115.0	12355.0	32834.0	34953.0	13486.0	13523.0	75584.0	59739.0	28843.0	73847.0	117885.0	137022.0	70837.0	38894.0	85380.0	71618.0	27979.0	43155.0	80825.0	53516.0	41069.0	24514.0	96791.0	50887.0	34190.0	1031.0	52209.0	493.0	29184.0	19935.0	34407.0	36248.0	16580.0	1577.0	15683.0	25235.0	11300.0	18697.0	60109.0	16371.0	26604.0
ATG	54696.0	45947.0	61895.0	33953.0	24819.0	35906.0	33220.0	18200.0	26961.0	33085.0	34878.0	20716.0	51541.0	49749.0	52184.0	34122.0	13621.0	21917.0	38406.0	13712.0	18775.0	22831.0	28707.0	14759.0	7981.0	16490.0	19804.0	8140.0	14545.0	50689.0	46962.0	29274.0	60423.0	62371.0	91473.0	58683.0	46186.0	50125.0	52351.0	31229.0	44778.0	46949.0	41715.0	34108.0	28205.0	45750.0	43073.0	34733.0	759.0	37417.0	397.0	25189.0	20092.0	23200.0	24341.0	13582.0	749.0	10620.0	19910.0	7875.0	24324.0	45375.0	19210.0	25288.0
ATT	64083.0	28359.0	44533.0	46083.0	30003.0	21637.0	18990.0	22174.0	30838.0	15158.0	26917.0	18310.0	53241.0	32500.0	34122.0	50462.0	19325.0	14739.0	27898.0	17057.0	28675.0	17996.0	22648.0	20254.0	7555.0	8888.0	10905.0	7765.0	18884.0	32617.0	28378.0	30689.0	86470.0	40058.0	71757.0	78736.0	55627.0	33399.0	25904.0	33999.0	52258.0	25860.0	25533.0	39061.0	40270.0	26959.0	28746.0	48609.0	1760.0	29488.0	615.0	33996.0	30175.0	18310.0	15825.0	19995.0	769.0	5944.0	15188.0	8249.0	43113.0	28995.0	23668.0	33417.0
CAA	28982.0	13457.0	16758.0	18626.0	12624.0	8920.0	6785.0	9759.0	11037.0	7329.0	7791.0	7187.0	18005.0	12427.0	13621.0	19325.0	11734.0	6220.0	14264.0	6184.0	9640.0	6313.0	7015.0	8117.0	3810.0	4900.0	4867.0	2998.0	7494.0	17454.0	12610.0	13443.0	25812.0	14334.0	23236.0	17727.0	15093.0	11813.0	8248.0	12935.0	13234.0	9124.0	8171.0	10171.0	10163.0	10061.0	8675.0	15098.0	1219.0	10876.0	438.0	15138.0	10624.0	7634.0	5568.0	9001.0	1281.0	2736.0	7558.0	3218.0	13926.0	11563.0	7700.0	11353.0
CAC	17951.0	22500.0	21679.0	10003.0	9465.0	24074.0	15410.0	8242.0	9051.0	16531.0	14364.0	5927.0	16255.0	30544.0	21917.0	14739.0	6220.0	18978.0	18771.0	7462.0	9487.0	17265.0	16819.0	7408.0	6138.0	17978.0	11283.0	5517.0	6160.0	36140.0	20737.0	13098.0	33305.0	53317.0	48932.0	22781.0	15162.0	37074.0	19311.0	12114.0	16011.0	41108.0	17529.0	15007.0	8875.0	44213.0	15424.0	16857.0	350.0	25209.0	210.0	12444.0	6787.0	12588.0	9563.0	6187.0	828.0	8859.0	13485.0	5434.0	6529.0	27496.0	6438.0	9846.0
CAG	32603.0	35321.0	41367.0	19375.0	17954.0	31178.0	25990.0	11577.0	15347.0	23217.0	24782.0	10394.0	29194.0	46718.0	38406.0	27898.0	14264.0	18771.0	40690.0	10074.0	14735.0	19655.0	22859.0	9924.0	12236.0	23448.0	20224.0	8486.0	10821.0	45304.0	31989.0	23436.0	52527.0	51105.0	71757.0	34385.0	35166.0	44866.0	32962.0	19568.0	29741.0	38067.0	26584.0	19510.0	18324.0	45126.0	30489.0	25801.0	1371.0	37166.0	996.0	21937.0	13675.0	20001.0	19034.0	9602.0	1303.0	8550.0	20773.0	6168.0	11500.0	44105.0	14606.0	17229.0
CAT	18745.0	10109.0	14108.0	13010.0	9583.0	10134.0	6313.0	8123.0	8938.0	6137.0	9290.0	5196.0	16177.0	15694.0	13712.0	17057.0	6184.0	7462.0	10074.0	8228.0	11341.0	10456.0	10550.0	9417.0	2952.0	4548.0	4342.0	3214.0	5806.0	15067.0	12303.0	12733.0	24577.0	15224.0	22862.0	21036.0	16056.0	14164.0	7805.0	11827.0	15809.0	11585.0	10325.0	12542.0	10507.0	12103.0	10914.0	15824.0	574.0	11145.0	206.0	14450.0	7984.0	7541.0	4798.0	7314.0	353.0	3437.0	5910.0	3691.0	9878.0	12748.0	6527.0	11078.0
CCA	32564.0	18389.0	23691.0	26419.0	20697.0	11056.0	11601.0	15070.0	13693.0	9738.0	11695.0	8755.0	29637.0	15685.0	18775.0	28675.0	9640.0	9487.0	14735.0	11341.0	14838.0	7415.0	11741.0	10792.0	3676.0	4307.0	5124.0	3698.0	9143.0	13839.0	13521.0	17753.0	33185.0	23455.0	30222.0	32743.0	18521.0	12518.0	10500.0	14749.0	15404.0	11276.0	10265.0	13488.0	15388.0	13436.0	14205.0	25064.0	510.0	14747.0	295.0	21861.0	14711.0	8582.0	8299.0	12372.0	916.0	5068.0	8163.0	6527.0	18160.0	17348.0	10662.0	19014.0
CCC	18354.0	26697.0	28915.0	16351.0	12244.0	18411.0	19975.0	11058.0	8385.0	14958.0	16265.0	6693.0	22126.0	29853.0	22831.0	17996.0	6313.0	17265.0	19655.0	10456.0	7415.0	6844.0	15123.0	7771.0	5180.0	12477.0	11666.0	6122.0	7948.0	31065.0	25873.0	16785.0	38825.0	67816.0	60218.0	35447.0	16853.0	29311.0	25486.0	12769.0	18295.0	40202.0	18390.0	17591.0	11173.0	39242.0	24328.0	20543.0	457.0	26808.0	362.0	17567.0	9198.0	14609.0	15815.0	9528.0	1117.0	10079.0	12091.0	7186.0	7557.0	28427.0	8337.0	12630.0
CCG	18110.0	32188.0	30215.0	16007.0	15396.0	27130.0	42764.0	10634.0	8407.0	17637.0	15417.0	8338.0	21210.0	40986.0	28707.0	22648.0	7015.0	16819.0	22859.0	10550.0	11741.0	15123.0	39100.0	8710.0	8952.0	13422.0	17282.0	6588.0	7563.0	43176.0	43533.0	20757.0	38974.0	60679.0	64930.0	39957.0	22902.0	30730.0	39582.0	14242.0	20545.0	31609.0	26284.0	15999.0	14380.0	46513.0	36425.0	25352.0	521.0	24243.0	533.0	16982.0	9487.0	13163.0	24965.0	8040.0	787.0	7691.0	14422.0	7046.0	6929.0	37436.0	10992.0	14236.0
CCT	21706.0	12956.0	18586.0	18517.0	12599.0	9026.0	7396.0	12260.0	10208.0	6160.0	10690.0	5718.0	22029.0	13115.0	14759.0	20254.0	8117.0	7408.0	9924.0	9417.0	10792.0	7771.0	8710.0	9868.0	2399.0	3182.0	2951.0	2916.0	7771.0	12028.0	12623.0	14609.0	35690.0	23142.0	28710.0	31198.0	19895.0	13379.0	9845.0	14260.0	16142.0	11035.0	9333.0	12625.0	16018.0	13296.0	14946.0	21886.0	569.0	11851.0	278.0	17700.0	11244.0	8006.0	6417.0	10357.0	417.0	4086.0	6511.0	5004.0	13189.0	11656.0	8509.0	11495.0
CGA	10137.0	9732.0	10339.0	5814.0	4941.0	10288.0	11587.0	3941.0	3882.0	5217.0	3618.0	2939.0	5017.0	12355.0	7981.0	7555.0	3810.0	6138.0	12236.0	2952.0	3676.0	5180.0	8952.0	2399.0	5832.0	8227.0	9050.0	3803.0	2449.0	19877.0	11956.0	7725.0	14705.0	18959.0	23314.0	10991.0	6753.0	10316.0	11236.0	4942.0	6120.0	7704.0	6204.0	5406.0	3340.0	10200.0	6030.0	7587.0	608.0	8908.0	548.0	6475.0	3969.0	5468.0	6338.0	3097.0	1290.0	1956.0	5322.0	1887.0	3357.0	9135.0	3985.0	5006.0
CGC	12009.0	21995.0	21224.0	6132.0	5135.0	19668.0	13273.0	4724.0	5637.0	11594.0	10248.0	4492.0	8827.0	32834.0	16490.0	8888.0	4900.0	17978.0	23448.0	4548.0	4307.0	12477.0	13422.0	3182.0	8227.0	24674.0	17340.0	8095.0	4039.0	35690.0	20886.0	10239.0	35044.0	70453.0	79121.0	19450.0	11773.0	42867.0	25563.0	10626.0	11922.0	40754.0	18453.0	13898.0	5691.0	49999.0	18833.0	14240.0	476.0	28059.0	394.0	9218.0	4836.0	13081.0	14921.0	4577.0	1330.0	5892.0	14396.0	4938.0	2725.0	23938.0	4859.0	7374.0
CGG	11590.0	20118.0	18475.0	6446.0	6851.0	20627.0	23507.0	4532.0	4910.0	11832.0	8440.0	4502.0	8273.0	34953.0	19804.0	10905.0	4867.0	11283.0	20224.0	4342.0	5124.0	11666.0	17282.0	2951.0	9050.0	17340.0	18494.0	6710.0	4051.0	40200.0	26003.0	12424.0	28274.0	46334.0	52664.0	20976.0	13708.0	30220.0	28215.0	8289.0	11582.0	23476.0	14897.0	9430.0	6207.0	31938.0	17359.0	12542.0	699.0	24169.0	878.0	9867.0	5493.0	11820.0	17716.0	3675.0	1181.0	5795.0	11698.0	4308.0	3254.0	29195.0	6837.0	8580.0
CGT	8701.0	7579.0	8353.0	5148.0	4054.0	7453.0	4145.0	3397.0	3855.0	4354.0	4852.0	2639.0	6702.0	13486.0	8140.0	7765.0	2998.0	5517.0	8486.0	3214.0	3698.0	6122.0	6588.0	2916.0	3803.0	8095.0	6710.0	4128.0	2560.0	14299.0	8682.0	7554.0	17226.0	19775.0	22774.0	12878.0	9749.0	14630.0	10076.0	6830.0	8366.0	11675.0	6900.0	7809.0	5508.0	13533.0	7061.0	9204.0	360.0	7633.0	210.0	6098.0	4608.0	6528.0	5625.0	3621.0	418.0	2125.0	3962.0	1631.0	3844.0	8584.0	3260.0	5123.0
CTA	27487.0	15518.0	22485.0	17227.0	12562.0	10017.0	8692.0	9858.0	10934.0	10016.0	13879.0	6718.0	23825.0	13523.0	14545.0	18884.0	7494.0	6160.0	10821.0	5806.0	9143.0	7948.0	7563.0	7771.0	2449.0	4039.0	4051.0	2560.0	10046.0	16244.0	12844.0	12998.0	21761.0	15547.0	26712.0	19890.0	14653.0	16732.0	10071.0	13943.0	11693.0	11776.0	9808.0	10039.0	11237.0	10893.0	11876.0	15027.0	624.0	14969.0	332.0	16071.0	11384.0	10455.0	7897.0	10320.0	1114.0	3291.0	8107.0	2849.0	12619.0	17091.0	9511.0	14688.0
CTC	43944.0	55765.0	61995.0	25020.0	23033.0	50582.0	55534.0	16380.0	17927.0	33242.0	40589.0	12637.0	38516.0	75584.0	50689.0	32617.0	17454.0	36140.0	45304.0	15067.0	13839.0	31065.0	43176.0	12028.0	19877.0	35690.0	40200.0	14299.0	16244.0	81802.0	69141.0	31168.0	112782.0	138578.0	98894.0	63895.0	44713.0	92638.0	101569.0	28260.0	42215.0	89318.0	55298.0	36074.0	22670.0	110345.0	62494.0	38439.0	1025.0	62255.0	604.0	33598.0	21584.0	41356.0	54157.0	17789.0	1799.0	14052.0	33212.0	12344.0	13688.0	67306.0	21711.0	29926.0
CTG	39403.0	43770.0	55121.0	22725.0	18950.0	40296.0	48067.0	14359.0	15972.0	27089.0	35956.0	10726.0	37547.0	59739.0	46962.0	28378.0	12610.0	20737.0	31989.0	12303.0	13521.0	25873.0	43533.0	12623.0	11956.0	20886.0	26003.0	8682.0	12844.0	69141.0	68908.0	29376.0	64986.0	69450.0	87892.0	50357.0	39387.0	61556.0	72152.0	26585.0	33293.0	47011.0	43180.0	22964.0	22138.0	55125.0	51708.0	28488.0	919.0	41276.0	836.0	24543.0	13077.0	23689.0	37205.0	11622.0	1121.0	8848.0	21698.0	7082.0	11805.0	58759.0	22290.0	23168.0
CTT	39515.0	23186.0	37193.0	24681.0	19692.0	20189.0	17130.0	14987.0	18351.0	13169.0	26262.0	9690.0	32067.0	28843.0	29274.0	30689.0	13443.0	13098.0	23436.0	12733.0	17753.0	16785.0	20757.0	14609.0	7725.0	10239.0	12424.0	7554.0	12998.0	31168.0	29376.0	27592.0	69763.0	41459.0	69970.0	50773.0	46335.0	39280.0	29111.0	27936.0	37897.0	28554.0	27204.0	28115.0	24549.0	27142.0	28911.0	34329.0	1086.0	25126.0	454.0	26171.0	22574.0	20317.0	19340.0	16907.0	740.0	5280.0	12840.0	5249.0	23072.0	26336.0	18221.0	20754.0
GAA	128938.0	56112.0	88591.0	76703.0	40689.0	49925.0	31049.0	37541.0	47741.0	33369.0	41527.0	30371.0	78313.0	73847.0	60423.0	86470.0	25812.0	33305.0	52527.0	24577.0	33185.0	38825.0	38974.0	35690.0	14705.0	35044.0	28274.0	17226.0	21761.0	112782.0	64986.0	69763.0	141038.0	94278.0	127799.0	105491.0	60618.0	70222.0	44898.0	58179.0	64082.0	52659.0	37622.0	47710.0	43652.0	70269.0	43579.0	74502.0	3811.0	48904.0	1478.0	58507.0	32961.0	32152.0	26694.0	31731.0	3025.0	12025.0	29274.0	14906.0	50278.0	46542.0	29866.0	63344.0
GAC	47302.0	62445.0	66276.0	27110.0	24946.0	85362.0	47597.0	24520.0	25371.0	54248.0	41239.0	18975.0	50463.0	117885.0	62371.0	40058.0	14334.0	53317.0	51105.0	15224.0	23455.0	67816.0	60679.0	23142.0	18959.0	70453.0	46334.0	19775.0	15547.0	138578.0	69450.0	41459.0	94278.0	206076.0	181474.0	63524.0	43315.0	156882.0	92134.0	37673.0	48304.0	145527.0	56780.0	45969.0	29576.0	127168.0	80935.0	46642.0	1262.0	83902.0	746.0	30591.0	17071.0	39074.0	34932.0	16145.0	4240.0	20404.0	43949.0	13335.0	20043.0	92272.0	19675.0	35016.0
GAG	87734.0	87390.0	130711.0	47716.0	34015.0	80162.0	76676.0	29299.0	46042.0	63935.0	83087.0	27300.0	91116.0	137022.0	91473.0	71757.0	23236.0	48932.0	71757.0	22862.0	30222.0	60218.0	64930.0	28710.0	23314.0	79121.0	52664.0	22774.0	26712.0	98894.0	87892.0	69970.0	127799.0	181474.0	250800.0	102427.0	65384.0	136741.0	107144.0	60621.0	62727.0	117692.0	69276.0	51460.0	42860.0	138275.0	84083.0	77279.0	3237.0	99223.0	2504.0	46811.0	22653.0	42383.0	44255.0	19841.0	5072.0	19209.0	47839.0	13904.0	33761.0	116362.0	36674.0	51522.0
GAT	76525.0	35887.0	63864.0	53194.0	33935.0	40022.0	28231.0	32485.0	34676.0	25286.0	37174.0	24653.0	71340.0	70837.0	58683.0	78736.0	17727.0	22781.0	34385.0	21036.0	32743.0	35447.0	39957.0	31198.0	10991.0	19450.0	20976.0	12878.0	19890.0	63895.0	50357.0	50773.0	105491.0	63524.0	102427.0	90040.0	62420.0	58044.0	43382.0	49551.0	56820.0	44596.0	35208.0	45089.0	44757.0	61176.0	51106.0	73109.0	1821.0	46402.0	771.0	56270.0	30538.0	26396.0	23430.0	28040.0	1678.0	9637.0	23246.0	12476.0	46236.0	49045.0	30344.0	56645.0
GCA	57435.0	30185.0	53316.0	39517.0	31883.0	28401.0	24073.0	28794.0	26017.0	17771.0	27556.0	17710.0	57178.0	38894.0	46186.0	55627.0	15093.0	15162.0	35166.0	16056.0	18521.0	16853.0	22902.0	19895.0	6753.0	11773.0	13708.0	9749.0	14653.0	44713.0	39387.0	46335.0	60618.0	43315.0	65384.0	62420.0	50366.0	42659.0	34270.0	40455.0	41721.0	33804.0	27427.0	40411.0	30516.0	37281.0	31524.0	50184.0	931.0	25994.0	409.0	36753.0	25301.0	19224.0	17946.0	23741.0	1506.0	6844.0	17602.0	10187.0	31203.0	29271.0	22167.0	43245.0
GCC	34692.0	51641.0	57284.0	23944.0	21839.0	52529.0	36867.0	20050.0	19830.0	34388.0	34657.0	13817.0	47377.0	85380.0	50125.0	33399.0	11813.0	37074.0	44866.0	14164.0	12518.0	29311.0	30730.0	13379.0	10316.0	42867.0	30220.0	14630.0	16732.0	92638.0	61556.0	39280.0	70222.0	156882.0	136741.0	58044.0	42659.0	118188.0	84129.0	33838.0	36587.0	78851.0	46376.0	40102.0	22184.0	125286.0	50964.0	37223.0	705.0	62258.0	636.0	27218.0	17362.0	29159.0	30755.0	15834.0	2317.0	16125.0	23309.0	11553.0	17074.0	65291.0	16829.0	30679.0
GCG	24257.0	40081.0	47987.0	14624.0	17140.0	50822.0	61006.0	15004.0	13911.0	28730.0	27135.0	11843.0	33263.0	71618.0	52351.0	25904.0	8248.0	19311.0	32962.0	7805.0	10500.0	25486.0	39582.0	9845.0	11236.0	25563.0	28215.0	10076.0	10071.0	101569.0	72152.0	29111.0	44898.0	92134.0	107144.0	43382.0	34270.0	84129.0	90222.0	27814.0	27551.0	68894.0	37301.0	28308.0	18115.0	86435.0	51627.0	29300.0	944.0	39502.0	828.0	18093.0	10279.0	19703.0	33882.0	9961.0	1266.0	5975.0	23716.0	7333.0	12209.0	62831.0	19379.0	21353.0
GCT	39877.0	19010.0	40001.0	24241.0	19555.0	16662.0	13354.0	18536.0	19490.0	9389.0	26062.0	10429.0	42899.0	27979.0	31229.0	33999.0	12935.0	12114.0	19568.0	11827.0	14749.0	12769.0	14242.0	14260.0	4942.0	10626.0	8289.0	6830.0	13943.0	28260.0	26585.0	27936.0	58179.0	37673.0	60621.0	49551.0	40455.0	33838.0	27814.0	32752.0	34900.0	26595.0	21419.0	29639.0	28243.0	30667.0	30073.0	39200.0	796.0	21983.0	407.0	25796.0	18018.0	12107.0	11964.0	15010.0	751.0	4163.0	12547.0	6047.0	29017.0	20567.0	20148.0	24844.0
GGA	64939.0	37216.0	55723.0	41015.0	32314.0	36498.0	27280.0	30235.0	32077.0	27602.0	29595.0	21395.0	53470.0	43155.0	44778.0	52258.0	13234.0	16011.0	29741.0	15809.0	15404.0	18295.0	20545.0	16142.0	6120.0	11922.0	11582.0	8366.0	11693.0	42215.0	33293.0	37897.0	64082.0	48304.0	62727.0	56820.0	41721.0	36587.0	27551.0	34900.0	46918.0	33740.0	23691.0	32265.0	27158.0	31588.0	26530.0	44357.0	1316.0	34994.0	707.0	38932.0	20082.0	20283.0	18642.0	19252.0	1435.0	13502.0	21707.0	13129.0	28996.0	38625.0	22366.0	45327.0
GGC	33178.0	54150.0	54530.0	20467.0	20458.0	63851.0	35292.0	18217.0	18281.0	41820.0	32337.0	14584.0	41151.0	80825.0	46949.0	25860.0	9124.0	41108.0	38067.0	11585.0	11276.0	40202.0	31609.0	11035.0	7704.0	40754.0	23476.0	11675.0	11776.0	89318.0	47011.0	28554.0	52659.0	145527.0	117692.0	44596.0	33804.0	78851.0	68894.0	26595.0	33740.0	114268.0	39785.0	36708.0	18407.0	122421.0	44542.0	30740.0	775.0	71865.0	825.0	26003.0	15807.0	36147.0	30596.0	14180.0	1520.0	18676.0	31971.0	14648.0	13721.0	70315.0	14819.0	27867.0
GGG	29535.0	32822.0	44847.0	17352.0	17504.0	37489.0	36155.0	14346.0	16610.0	28347.0	26589.0	12481.0	34595.0	53516.0	41715.0	25533.0	8171.0	17529.0	26584.0	10325.0	10265.0	18390.0	26284.0	9333.0	6204.0	18453.0	14897.0	6900.0	9808.0	55298.0	43180.0	27204.0	37622.0	56780.0	69276.0	35208.0	27427.0	46376.0	37301.0	21419.0	23691.0	39785.0	13734.0	17676.0	14995.0	42598.0	28070.0	24629.0	684.0	31162.0	669.0	19647.0	11106.0	19126.0	21395.0	8118.0	1613.0	10744.0	15787.0	6963.0	12603.0	43041.0	14449.0	20312.0
GGT	39312.0	24070.0	35767.0	28457.0	21335.0	26271.0	14225.0	20295.0	18544.0	18723.0	20617.0	17090.0	37948.0	41069.0	34108.0	39061.0	10171.0	15007.0	19510.0	12542.0	13488.0	17591.0	15999.0	12625.0	5406.0	13898.0	9430.0	7809.0	10039.0	36074.0	22964.0	28115.0	47710.0	45969.0	51460.0	45089.0	40411.0	40102.0	28308.0	29639.0	32265.0	36708.0	17676.0	33722.0	24297.0	39843.0	25889.0	40778.0	914.0	26399.0	457.0	29901.0	20216.0	18438.0	14060.0	16637.0	692.0	8929.0	13086.0	9609.0	24756.0	27814.0	15312.0	29961.0
GTA	47789.0	24209.0	39957.0	35128.0	23980.0	18604.0	15939.0	22182.0	20492.0	13932.0	20393.0	14435.0	41355.0	24514.0	28205.0	40270.0	10163.0	8875.0	18324.0	10507.0	15388.0	11173.0	14380.0	16018.0	3340.0	5691.0	6207.0	5508.0	11237.0	22670.0	22138.0	24549.0	43652.0	29576.0	42860.0	44757.0	30516.0	22184.0	18115.0	28243.0	27158.0	18407.0	14995.0	24297.0	23186.0	19251.0	21441.0	34410.0	727.0	19826.0	443.0	26851.0	18340.0	14460.0	12542.0	17265.0	942.0	5633.0	12395.0	7366.0	21492.0	23967.0	15167.0	31809.0
GTC	32991.0	63130.0	57440.0	22881.0	21688.0	79892.0	53331.0	20496.0	17926.0	40425.0	33404.0	13510.0	34355.0	96791.0	45750.0	26959.0	10061.0	44213.0	45126.0	12103.0	13436.0	39242.0	46513.0	13296.0	10200.0	49999.0	31938.0	13533.0	10893.0	110345.0	55125.0	27142.0	70269.0	127168.0	138275.0	61176.0	37281.0	125286.0	86435.0	30667.0	31588.0	122421.0	42598.0	39843.0	19251.0	163170.0	51247.0	35086.0	642.0	66280.0	473.0	24646.0	16936.0	39773.0	43605.0	15089.0	1598.0	16188.0	28213.0	11837.0	11626.0	79009.0	13545.0	26427.0
GTG	31816.0	37591.0	52295.0	24480.0	18404.0	39530.0	42237.0	18125.0	17586.0	26886.0	32866.0	13043.0	40295.0	50887.0	43073.0	28746.0	8675.0	15424.0	30489.0	10914.0	14205.0	24328.0	36425.0	14946.0	6030.0	18833.0	17359.0	7061.0	11876.0	62494.0	51708.0	28911.0	43579.0	80935.0	84083.0	51106.0	31524.0	50964.0	51627.0	30073.0	26530.0	44542.0	28070.0	25889.0	21441.0	51247.0	47862.0	33640.0	553.0	34516.0	539.0	22326.0	10705.0	16582.0	23358.0	10880.0	863.0	7150.0	16560.0	5796.0	13385.0	45078.0	20011.0	22914.0
GTT	54008.0	27303.0	54970.0	38157.0	26748.0	23898.0	19709.0	24535.0	29481.0	16507.0	34896.0	17026.0	49814.0	34190.0	34733.0	48609.0	15098.0	16857.0	25801.0	15824.0	25064.0	20543.0	25352.0	21886.0	7587.0	14240.0	12542.0	9204.0	15027.0	38439.0	28488.0	34329.0	74502.0	46642.0	77279.0	73109.0	50184.0	37223.0	29300.0	39200.0	44357.0	30740.0	24629.0	40778.0	34410.0	35086.0	33640.0	56332.0	921.0	31493.0	419.0	34617.0	25356.0	16578.0	16781.0	19671.0	708.0	6074.0	15163.0	8107.0	33273.0	27909.0	20821.0	32598.0
TAA	4317.0	943.0	1674.0	1450.0	564.0	343.0	391.0	524.0	1401.0	781.0	831.0	878.0	1152.0	1031.0	759.0	1760.0	1219.0	350.0	1371.0	574.0	510.0	457.0	521.0	569.0	608.0	476.0	699.0	360.0	624.0	1025.0	919.0	1086.0	3811.0	1262.0	3237.0	1821.0	931.0	705.0	944.0	796.0	1316.0	775.0	684.0	914.0	727.0	642.0	553.0	921.0	0.0	573.0	0.0	921.0	709.0	518.0	545.0	708.0	0.0	247.0	725.0	304.0	1362.0	1172.0	513.0	1390.0
TAC	41732.0	48588.0	51175.0	28346.0	20466.0	44378.0	28842.0	16543.0	21992.0	30548.0	31488.0	13607.0	40139.0	52209.0	37417.0	29488.0	10876.0	25209.0	37166.0	11145.0	14747.0	26808.0	24243.0	11851.0	8908.0	28059.0	24169.0	7633.0	14969.0	62255.0	41276.0	25126.0	48904.0	83902.0	99223.0	46402.0	25994.0	62258.0	39502.0	21983.0	34994.0	71865.0	31162.0	26399.0	19826.0	66280.0	34516.0	31493.0	573.0	53400.0	370.0	26876.0	15322.0	25370.0	20045.0	11895.0	1349.0	12985.0	26087.0	8329.0	15067.0	54832.0	11917.0	22883.0
TAG	1402.0	358.0	1059.0	402.0	265.0	255.0	375.0	208.0	589.0	433.0	627.0	362.0	549.0	493.0	397.0	615.0	438.0	210.0	996.0	206.0	295.0	362.0	533.0	278.0	548.0	394.0	878.0	210.0	332.0	604.0	836.0	454.0	1478.0	746.0	2504.0	771.0	409.0	636.0	828.0	407.0	707.0	825.0	669.0	457.0	443.0	473.0	539.0	419.0	0.0	370.0	0.0	334.0	381.0	355.0	548.0	331.0	4.0	176.0	461.0	158.0	459.0	497.0	317.0	515.0
TAT	49540.0	23769.0	31621.0	36591.0	22262.0	19646.0	12984.0	17425.0	23735.0	13619.0	19648.0	13932.0	36127.0	29184.0	25189.0	33996.0	15138.0	12444.0	21937.0	14450.0	21861.0	17567.0	16982.0	17700.0	6475.0	9218.0	9867.0	6098.0	16071.0	33598.0	24543.0	26171.0	58507.0	30591.0	46811.0	56270.0	36753.0	27218.0	18093.0	25796.0	38932.0	26003.0	19647.0	29901.0	26851.0	24646.0	22326.0	34617.0	921.0	26876.0	334.0	35942.0	21059.0	16484.0	10565.0	16098.0	666.0	5755.0	13749.0	6994.0	25859.0	28053.0	14785.0	27132.0
TCA	38632.0	17047.0	21584.0	25403.0	21018.0	13331.0	8726.0	14327.0	14537.0	10357.0	13116.0	11306.0	35299.0	19935.0	20092.0	30175.0	10624.0	6787.0	13675.0	7984.0	14711.0	9198.0	9487.0	11244.0	3969.0	4836.0	5493.0	4608.0	11384.0	21584.0	13077.0	22574.0	32961.0	17071.0	22653.0	30538.0	25301.0	17362.0	10279.0	18018.0	20082.0	15807.0	11106.0	20216.0	18340.0	16936.0	10705.0	25356.0	709.0	15322.0	381.0	21059.0	20772.0	12600.0	7989.0	14049.0	965.0	4440.0	8665.0	5088.0	22604.0	20415.0	9345.0	26225.0
TCC	22899.0	20952.0	23939.0	15161.0	13560.0	20075.0	11984.0	9553.0	11818.0	13484.0	13802.0	9289.0	26487.0	34407.0	23200.0	18310.0	7634.0	12588.0	20001.0	7541.0	8582.0	14609.0	13163.0	8006.0	5468.0	13081.0	11820.0	6528.0	10455.0	41356.0	23689.0	20317.0	32152.0	39074.0	42383.0	26396.0	19224.0	29159.0	19703.0	12107.0	20283.0	36147.0	19126.0	18438.0	14460.0	39773.0	16582.0	16578.0	518.0	25370.0	355.0	16484.0	12600.0	16890.0	14705.0	10319.0	1321.0	7456.0	10906.0	6018.0	10936.0	31194.0	6933.0	16472.0
TCG	15364.0	21793.0	22342.0	9327.0	10529.0	21751.0	26665.0	7144.0	7577.0	11545.0	10565.0	8874.0	19197.0	36248.0	24341.0	15825.0	5568.0	9563.0	19034.0	4798.0	8299.0	15815.0	24965.0	6417.0	6338.0	14921.0	17716.0	5625.0	7897.0	54157.0	37205.0	19340.0	26694.0	34932.0	44255.0	23430.0	17946.0	30755.0	33882.0	11964.0	18642.0	30596.0	21395.0	14060.0	12542.0	43605.0	23358.0	16781.0	545.0	20045.0	548.0	10565.0	7989.0	14705.0	17818.0	6601.0	703.0	4665.0	12826.0	4801.0	7082.0	33009.0	7676.0	13026.0
TCT	24183.0	11097.0	13289.0	15992.0	12787.0	9154.0	5478.0	9995.0	9070.0	6054.0	7793.0	6977.0	23246.0	16580.0	13582.0	19995.0	9001.0	6187.0	9602.0	7314.0	12372.0	9528.0	8040.0	10357.0	3097.0	4577.0	3675.0	3621.0	10320.0	17789.0	11622.0	16907.0	31731.0	16145.0	19841.0	28040.0	23741.0	15834.0	9961.0	15010.0	19252.0	14180.0	8118.0	16637.0	17265.0	15089.0	10880.0	19671.0	708.0	11895.0	331.0	16098.0	14049.0	10319.0	6601.0	11634.0	547.0	3008.0	6009.0	3550.0	16994.0	14128.0	8182.0	15971.0
TGA	2510.0	1506.0	1783.0	717.0	709.0	892.0	502.0	354.0	1473.0	1010.0	1872.0	638.0	1190.0	1577.0	749.0	769.0	1281.0	828.0	1303.0	353.0	916.0	1117.0	787.0	417.0	1290.0	1330.0	1181.0	418.0	1114.0	1799.0	1121.0	740.0	3025.0	4240.0	5072.0	1678.0	1506.0	2317.0	1266.0	751.0	1435.0	1520.0	1613.0	692.0	942.0	1598.0	863.0	708.0	0.0	1349.0	4.0	666.0	965.0	1321.0	703.0	547.0	6.0	493.0	921.0	270.0	946.0	1697.0	467.0	627.0
TGC	11635.0	13302.0	12642.0	6175.0	5446.0	11977.0	5117.0	3273.0	7440.0	7389.0	9964.0	3848.0	10566.0	15683.0	10620.0	5944.0	2736.0	8859.0	8550.0	3437.0	5068.0	10079.0	7691.0	4086.0	1956.0	5892.0	5795.0	2125.0	3291.0	14052.0	8848.0	5280.0	12025.0	20404.0	19209.0	9637.0	6844.0	16125.0	5975.0	4163.0	13502.0	18676.0	10744.0	8929.0	5633.0	16188.0	7150.0	6074.0	247.0	12985.0	176.0	5755.0	4440.0	7456.0	4665.0	3008.0	493.0	5284.0	6037.0	3229.0	3667.0	12612.0	2774.0	5063.0
TGG	24062.0	26909.0	27298.0	14327.0	11358.0	17227.0	16965.0	8429.0	13704.0	16140.0	15580.0	8469.0	21326.0	25235.0	19910.0	15188.0	7558.0	13485.0	20773.0	5910.0	8163.0	12091.0	14422.0	6511.0	5322.0	14396.0	11698.0	3962.0	8107.0	33212.0	21698.0	12840.0	29274.0	43949.0	47839.0	23246.0	17602.0	23309.0	23716.0	12547.0	21707.0	31971.0	15787.0	13086.0	12395.0	28213.0	16560.0	15163.0	725.0	26087.0	461.0	13749.0	8665.0	10906.0	12826.0	6009.0	921.0	6037.0	17508.0	3797.0	9924.0	28956.0	7649.0	12047.0
TGT	13223.0	8424.0	7801.0	7736.0	5455.0	8130.0	4905.0	4185.0	6112.0	4332.0	4049.0	3312.0	9239.0	11300.0	7875.0	8249.0	3218.0	5434.0	6168.0	3691.0	6527.0	7186.0	7046.0	5004.0	1887.0	4938.0	4308.0	1631.0	2849.0	12344.0	7082.0	5249.0	14906.0	13335.0	13904.0	12476.0	10187.0	11553.0	7333.0	6047.0	13129.0	14648.0	6963.0	9609.0	7366.0	11837.0	5796.0	8107.0	304.0	8329.0	158.0	6994.0	5088.0	6018.0	4801.0	3550.0	270.0	3229.0	3797.0	2584.0	5925.0	9491.0	3344.0	6472.0
TTA	61010.0	22531.0	31497.0	39759.0	25292.0	13085.0	9308.0	19327.0	23959.0	13083.0	18234.0	16401.0	43315.0	18697.0	24324.0	43113.0	13926.0	6529.0	11500.0	9878.0	18160.0	7557.0	6929.0	13189.0	3357.0	2725.0	3254.0	3844.0	12619.0	13688.0	11805.0	23072.0	50278.0	20043.0	33761.0	46236.0	31203.0	17074.0	12209.0	29017.0	28996.0	13721.0	12603.0	24756.0	21492.0	11626.0	13385.0	33273.0	1362.0	15067.0	459.0	25859.0	22604.0	10936.0	7082.0	16994.0	946.0	3667.0	9924.0	5925.0	28746.0	18924.0	14968.0	30936.0
TTC	38999.0	51057.0	54482.0	27685.0	23552.0	45507.0	40470.0	16040.0	21603.0	30479.0	35096.0	14828.0	49834.0	60109.0	45375.0	28995.0	11563.0	27496.0	44105.0	12748.0	17348.0	28427.0	37436.0	11656.0	9135.0	23938.0	29195.0	8584.0	17091.0	67306.0	58759.0	26336.0	46542.0	92272.0	116362.0	49045.0	29271.0	65291.0	62831.0	20567.0	38625.0	70315.0	43041.0	27814.0	23967.0	79009.0	45078.0	27909.0	1172.0	54832.0	497.0	28053.0	20415.0	31194.0	33009.0	14128.0	1697.0	12612.0	28956.0	9491.0	18924.0	65810.0	15825.0	28791.0
TTG	29587.0	16301.0	26544.0	19462.0	12103.0	10960.0	10890.0	9907.0	16333.0	11832.0	18483.0	9975.0	27629.0	16371.0	19210.0	23668.0	7700.0	6438.0	14606.0	6527.0	10662.0	8337.0	10992.0	8509.0	3985.0	4859.0	6837.0	3260.0	9511.0	21711.0	22290.0	18221.0	29866.0	19675.0	36674.0	30344.0	22167.0	16829.0	19379.0	20148.0	22366.0	14819.0	14449.0	15312.0	15167.0	13545.0	20011.0	20821.0	513.0	11917.0	317.0	14785.0	9345.0	6933.0	7676.0	8182.0	467.0	2774.0	7649.0	3344.0	14968.0	15825.0	12830.0	17845.0
TTT	43082.0	22024.0	29431.0	30254.0	24768.0	19345.0	13499.0	16188.0	22976.0	13224.0	18547.0	13471.0	41589.0	26604.0	25288.0	33417.0	11353.0	9846.0	17229.0	11078.0	19014.0	12630.0	14236.0	11495.0	5006.0	7374.0	8580.0	5123.0	14688.0	29926.0	23168.0	20754.0	63344.0	35016.0	51522.0	56645.0	43245.0	30679.0	21353.0	24844.0	45327.0	27867.0	20312.0	29961.0	31809.0	26427.0	22914.0	32598.0	1390.0	22883.0	515.0	27132.0	26225.0	16472.0	13026.0	15971.0	627.0	5063.0	12047.0	6472.0	30936.0	28791.0	17845.0	20400.0
End	1.0	0.0	1.0	0.0	1.0	1.0	1.0	1.0	0.0	1.0	1.0	1.0	1.0	2.0	3.0	3.0	0.0	2.0	2.0	2.0	0.0	1.0	0.0	2.0	4.0	1.0	0.0	0.0	0.0	4.0	10.0	2.0	3.0	4.0	7.0	6.0	0.0	1.0	6.0	0.0	1.0	3.0	3.0	4.0	8.0	3.0	6.0	0.0	59871.0	0.0	32985.0	2.0	1.0	1.0	2.0	6.0	74127.0	0.0	0.0	2.0	1.0	1.0	1.0	1.0
