	M	W	C	D	E	F	H	K	N	Q	Y	I	A	G	P	T	V	L	R	S
Start	3618.0	0.0	0.0	0.0	0.0	0.0	0.0	0.0	0.0	0.0	0.0	0.0	0.0	0.0	0.0	0.0	0.0	0.0	0.0	0.0
M	1272.0	583.0	375.0	2582.0	2902.0	1646.0	940.0	2025.0	1603.0	1802.0	1016.0	2467.0	5343.0	4109.0	2358.0	3020.0	3693.0	5118.0	2979.0	3189.0
W	583.0	494.0	289.0	1672.0	1563.0	1213.0	723.0	1031.0	1022.0	1233.0	826.0	1461.0	2530.0	2295.0	1321.0	1436.0	1875.0	3148.0	1976.0	1735.0
C	375.0	289.0	312.0	1170.0	1060.0	894.0	585.0	563.0	627.0	607.0	624.0	1092.0	2136.0	2044.0	951.0	1041.0	1531.0	2086.0	1252.0	1257.0
D	2582.0	1672.0	1170.0	6628.0	7712.0	5415.0	2647.0	4948.0	3709.0	3952.0	3866.0	7824.0	11813.0	9186.0	6506.0	6267.0	8956.0	12833.0	6884.0	6585.0
E	2902.0	1563.0	1060.0	7712.0	8864.0	4801.0	2892.0	5927.0	4110.0	5349.0	3469.0	8575.0	14033.0	9885.0	6671.0	7016.0	9969.0	13868.0	9108.0	6944.0
F	1646.0	1213.0	894.0	5415.0	4801.0	3598.0	1926.0	2759.0	2727.0	2600.0	2589.0	4237.0	8208.0	7588.0	3940.0	4806.0	6263.0	8446.0	4968.0	5529.0
H	940.0	723.0	585.0	2647.0	2892.0	1926.0	1436.0	1617.0	1418.0	1727.0	1443.0	2437.0	4297.0	3796.0	2669.0	2383.0	3126.0	4933.0	3081.0	2552.0
K	2025.0	1031.0	563.0	4948.0	5927.0	2759.0	1617.0	4896.0	3101.0	3233.0	2137.0	4946.0	8970.0	7373.0	4207.0	4672.0	6546.0	9174.0	5504.0	4788.0
N	1603.0	1022.0	627.0	3709.0	4110.0	2727.0	1418.0	3101.0	2526.0	2420.0	2029.0	4087.0	6659.0	5696.0	3853.0	3738.0	5264.0	7140.0	4334.0	3836.0
Q	1802.0	1233.0	607.0	3952.0	5349.0	2600.0	1727.0	3233.0	2420.0	3742.0	2189.0	3943.0	8639.0	5993.0	3832.0	4066.0	5648.0	7827.0	5500.0	4303.0
Y	1016.0	826.0	624.0	3866.0	3469.0	2589.0	1443.0	2137.0	2029.0	2189.0	1952.0	2892.0	5605.0	5394.0	2904.0	3163.0	4079.0	6001.0	4111.0	3539.0
I	2467.0	1461.0	1092.0	7824.0	8575.0	4237.0	2437.0	4946.0	4087.0	3943.0	2892.0	5946.0	13319.0	10832.0	5575.0	7035.0	9560.0	11618.0	7544.0	7128.0
A	5343.0	2530.0	2136.0	11813.0	14033.0	8208.0	4297.0	8970.0	6659.0	8639.0	5605.0	13319.0	24260.0	16035.0	9342.0	11379.0	15897.0	24568.0	11555.0	12001.0
G	4109.0	2295.0	2044.0	9186.0	9885.0	7588.0	3796.0	7373.0	5696.0	5993.0	5394.0	10832.0	16035.0	13230.0	6664.0	9957.0	12198.0	17486.0	8903.0	11003.0
P	2358.0	1321.0	951.0	6506.0	6671.0	3940.0	2669.0	4207.0	3853.0	3832.0	2904.0	5575.0	9342.0	6664.0	4294.0	6045.0	7858.0	11277.0	5117.0	6041.0
T	3020.0	1436.0	1041.0	6267.0	7016.0	4806.0	2383.0	4672.0	3738.0	4066.0	3163.0	7035.0	11379.0	9957.0	6045.0	6820.0	9622.0	13456.0	6276.0	6905.0
V	3693.0	1875.0	1531.0	8956.0	9969.0	6263.0	3126.0	6546.0	5264.0	5648.0	4079.0	9560.0	15897.0	12198.0	7858.0	9622.0	12536.0	16492.0	9131.0	9885.0
L	5118.0	3148.0	2086.0	12833.0	13868.0	8446.0	4933.0	9174.0	7140.0	7827.0	6001.0	11618.0	24568.0	17486.0	11277.0	13456.0	16492.0	23964.0	13957.0	14464.0
R	2979.0	1976.0	1252.0	6884.0	9108.0	4968.0	3081.0	5504.0	4334.0	5500.0	4111.0	7544.0	11555.0	8903.0	5117.0	6276.0	9131.0	13957.0	8864.0	7308.0
S	3189.0	1735.0	1257.0	6585.0	6944.0	5529.0	2552.0	4788.0	3836.0	4303.0	3539.0	7128.0	12001.0	11003.0	6041.0	6905.0	9885.0	14464.0	7308.0	7998.0
End	34.0	38.0	30.0	173.0	229.0	124.0	88.0	258.0	121.0	136.0	65.0	112.0	346.0	262.0	147.0	83.0	172.0	255.0	304.0	252.0
