	M	W	C	D	E	F	H	K	N	Q	Y	I	A	G	P	T	V	L	R	S
Start	182979.0	8373.0	9919.0	63442.0	74787.0	34445.0	15587.0	73516.0	38624.0	25563.0	28947.0	81481.0	64361.0	50807.0	41719.0	65630.0	76175.0	88650.0	68161.0	76853.0
M	54676.0	21881.0	21840.0	118230.0	141135.0	81993.0	36275.0	104707.0	73479.0	48833.0	72033.0	151648.0	167683.0	159201.0	88899.0	110009.0	161307.0	197947.0	108500.0	126345.0
W	21881.0	16582.0	9251.0	61309.0	72385.0	40624.0	18793.0	45875.0	35855.0	23068.0	39653.0	63570.0	82925.0	79760.0	48280.0	54211.0	77646.0	93943.0	56427.0	59410.0
C	21840.0	9251.0	29048.0	57955.0	63891.0	35365.0	19064.0	46349.0	34495.0	19941.0	33221.0	58960.0	70354.0	73236.0	42861.0	46851.0	68948.0	80622.0	48832.0	52558.0
D	118230.0	61309.0	57955.0	462742.0	523187.0	205478.0	113090.0	288076.0	211543.0	145836.0	202112.0	374942.0	510206.0	446390.0	252266.0	339193.0	469494.0	505987.0	360116.0	359458.0
E	141135.0	72385.0	63891.0	523187.0	742394.0	246641.0	127942.0	426326.0	259140.0	183690.0	241916.0	467185.0	575791.0	506197.0	312281.0	380761.0	551667.0	622958.0	457352.0	424005.0
F	81993.0	40624.0	35365.0	205478.0	246641.0	159666.0	62621.0	174655.0	132003.0	78122.0	138862.0	260771.0	289617.0	275152.0	157508.0	189598.0	282186.0	356954.0	181409.0	220253.0
H	36275.0	18793.0	19064.0	113090.0	127942.0	62621.0	36132.0	78362.0	58164.0	38772.0	59586.0	112027.0	138753.0	130505.0	74817.0	90093.0	133728.0	152441.0	96618.0	94781.0
K	104707.0	45875.0	46349.0	288076.0	426326.0	174655.0	78362.0	366134.0	200831.0	112281.0	177284.0	374492.0	319768.0	316460.0	187403.0	227573.0	354004.0	430115.0	264224.0	278105.0
N	73479.0	35855.0	34495.0	211543.0	259140.0	132003.0	58164.0	200831.0	158724.0	82941.0	133671.0	259609.0	243398.0	240834.0	131576.0	189857.0	257418.0	303830.0	166599.0	217376.0
Q	48833.0	23068.0	19941.0	145836.0	183690.0	78122.0	38772.0	112281.0	82941.0	69910.0	76450.0	144367.0	179314.0	161599.0	95047.0	124503.0	166297.0	193198.0	128295.0	135223.0
Y	72033.0	39653.0	33221.0	202112.0	241916.0	138862.0	59586.0	177284.0	133671.0	76450.0	134310.0	244818.0	256558.0	249265.0	147589.0	178205.0	261604.0	324739.0	175492.0	205022.0
I	151648.0	63570.0	58960.0	374942.0	467185.0	260771.0	112027.0	374492.0	259609.0	144367.0	244818.0	521774.0	501844.0	505169.0	288003.0	347535.0	500389.0	643791.0	338068.0	411356.0
A	167683.0	82925.0	70354.0	510206.0	575791.0	289617.0	138753.0	319768.0	243398.0	179314.0	256558.0	501844.0	810344.0	669153.0	353791.0	457669.0	675020.0	759022.0	448329.0	481751.0
G	159201.0	79760.0	73236.0	446390.0	506197.0	275152.0	130505.0	316460.0	240834.0	161599.0	249265.0	505169.0	669153.0	617128.0	317208.0	416848.0	630037.0	675595.0	401084.0	442993.0
P	88899.0	48280.0	42861.0	252266.0	312281.0	157508.0	74817.0	187403.0	131576.0	95047.0	147589.0	288003.0	353791.0	317208.0	187566.0	229106.0	354537.0	387754.0	234373.0	238823.0
T	110009.0	54211.0	46851.0	339193.0	380761.0	189598.0	90093.0	227573.0	189857.0	124503.0	178205.0	347535.0	457669.0	416848.0	229106.0	324648.0	421293.0	477791.0	273752.0	325205.0
V	161307.0	77646.0	68948.0	469494.0	551667.0	282186.0	133728.0	354004.0	257418.0	166297.0	261604.0	500389.0	675020.0	630037.0	354537.0	421293.0	633422.0	738027.0	420917.0	459370.0
L	197947.0	93943.0	80622.0	505987.0	622958.0	356954.0	152441.0	430115.0	303830.0	193198.0	324739.0	643791.0	759022.0	675595.0	387754.0	477791.0	738027.0	940682.0	491625.0	543087.0
R	108500.0	56427.0	48832.0	360116.0	457352.0	181409.0	96618.0	264224.0	166599.0	128295.0	175492.0	338068.0	448329.0	401084.0	234373.0	273752.0	420917.0	491625.0	367872.0	312073.0
S	126345.0	59410.0	52558.0	359458.0	424005.0	220253.0	94781.0	278105.0	217376.0	135223.0	205022.0	411356.0	481751.0	442993.0	238823.0	325205.0	459370.0	543087.0	312073.0	384884.0
End	19620.0	15170.0	10698.0	65940.0	111634.0	40163.0	17134.0	87342.0	38449.0	32744.0	36625.0	73702.0	78145.0	84653.0	45096.0	52241.0	81181.0	110738.0	93875.0	74856.0
