	M	W	C	D	E	F	H	K	N	Q	Y	I	A	G	P	T	V	L	R	S
Start	2384.5	111.5	132.5	650.0	918.5	482.0	167.5	938.5	519.0	296.5	397.0	1091.0	774.5	633.0	462.0	650.5	1018.0	1160.5	908.0	867.0
M	747.0	288.5	266.5	1531.5	1940.0	1130.0	462.5	1477.5	969.5	652.0	983.5	2138.5	2196.5	2170.5	1166.0	1480.0	2198.0	2701.0	1438.5	1695.0
W	288.5	213.0	119.5	673.0	854.5	544.5	220.0	577.0	486.5	268.5	524.5	872.0	981.0	947.5	603.0	597.0	1021.0	1257.5	699.0	772.5
C	266.5	119.5	335.0	796.5	904.5	469.5	280.5	528.0	434.5	251.5	445.0	743.0	942.5	953.5	558.5	626.0	967.5	1113.5	630.5	663.0
D	1531.5	673.0	796.5	3906.0	5063.0	2456.0	1089.5	3712.5	2874.0	1425.5	2466.0	5083.5	4642.0	4444.0	2464.0	3030.5	5031.5	5582.5	3581.0	3951.0
E	1940.0	854.5	904.5	5063.0	8511.0	3131.0	1402.0	5024.5	3519.0	2001.0	3115.0	6287.0	5882.5	5961.0	3660.5	4039.5	6607.0	7751.5	5908.0	5000.0
F	1130.0	544.5	469.5	2456.0	3131.0	2123.0	779.0	2117.0	1879.0	978.5	1857.5	3569.0	3405.0	3567.5	2003.5	2366.0	3691.0	4581.0	2318.0	2880.0
H	462.5	220.0	280.5	1089.5	1402.0	779.0	357.0	1039.5	752.5	385.0	764.0	1479.5	1444.0	1445.5	836.0	903.0	1541.5	1811.0	1046.5	1109.5
K	1477.5	577.0	528.0	3712.5	5024.5	2117.0	1039.5	4365.0	2422.5	1339.0	2295.5	4614.0	4297.0	4181.0	2568.5	2943.5	4723.0	5722.0	3482.0	3605.5
N	969.5	486.5	434.5	2874.0	3519.0	1879.0	752.5	2422.5	1741.0	959.5	1653.0	3146.0	3109.5	3231.5	1714.5	2534.5	3556.0	4043.0	2160.0	2601.0
Q	652.0	268.5	251.5	1425.5	2001.0	978.5	385.0	1339.0	959.5	734.0	972.0	1839.5	1789.5	1820.5	1086.0	1401.5	1910.5	2298.0	1368.0	1578.0
Y	983.5	524.5	445.0	2466.0	3115.0	1857.5	764.0	2295.5	1653.0	972.0	1724.0	3132.0	3304.5	3338.5	1977.0	2193.0	3336.5	4384.0	2426.0	2637.5
I	2138.5	872.0	743.0	5083.5	6287.0	3569.0	1479.5	4614.0	3146.0	1839.5	3132.0	6661.0	6524.5	6870.0	3892.5	4602.0	6736.0	8634.5	4865.5	5390.0
A	2196.5	981.0	942.5	4642.0	5882.5	3405.0	1444.0	4297.0	3109.5	1789.5	3304.5	6524.5	7913.0	7077.5	3805.0	4288.0	7393.5	8869.0	4628.5	5697.0
G	2170.5	947.5	953.5	4444.0	5961.0	3567.5	1445.5	4181.0	3231.5	1820.5	3338.5	6870.0	7077.5	6941.0	3701.5	4534.5	7709.5	8564.0	4942.0	5417.0
P	1166.0	603.0	558.5	2464.0	3660.5	2003.5	836.0	2568.5	1714.5	1086.0	1977.0	3892.5	3805.0	3701.5	2249.0	2378.0	4377.5	5027.0	2824.0	2916.5
T	1480.0	597.0	626.0	3030.5	4039.5	2366.0	903.0	2943.5	2534.5	1401.5	2193.0	4602.0	4288.0	4534.5	2378.0	3357.0	4695.5	5520.0	2797.0	4046.0
V	2198.0	1021.0	967.5	5031.5	6607.0	3691.0	1541.5	4723.0	3556.0	1910.5	3336.5	6736.0	7393.5	7709.5	4377.5	4695.5	7418.0	9762.5	5404.0	5890.5
L	2701.0	1257.5	1113.5	5582.5	7751.5	4581.0	1811.0	5722.0	4043.0	2298.0	4384.0	8634.5	8869.0	8564.0	5027.0	5520.0	9762.5	12665.0	6490.5	7018.0
R	1438.5	699.0	630.5	3581.0	5908.0	2318.0	1046.5	3482.0	2160.0	1368.0	2426.0	4865.5	4628.5	4942.0	2824.0	2797.0	5404.0	6490.5	4660.0	4065.0
S	1695.0	772.5	663.0	3951.0	5000.0	2880.0	1109.5	3605.5	2601.0	1578.0	2637.5	5390.0	5697.0	5417.0	2916.5	4046.0	5890.5	7018.0	4065.0	5219.0
End	262.0	191.5	144.5	607.5	1263.5	532.5	193.5	1212.0	483.0	397.0	493.5	968.5	805.5	1075.0	544.0	558.5	1007.5	1441.5	1236.0	938.5
