Proteome_ID	M	W	C	D	E	F	H	K	N	Q	Y	I	A	G	P	T	V	L	R	S
UP000002036	0.01684688915938734	0.015988312557266075	0.03283520171665341	0.03283520171665341	0.03283520171665341	0.03459846071092662	0.03283520171665341	0.03459846071092662	0.03459846071092662	0.03283520171665341	0.03459846071092662	0.05235003226246589	0.06232360917911161	0.06232360917911161	0.06232360917911161	0.06567040343330682	0.06567040343330682	0.10026886414423343	0.09515881089576503	0.09850560514996023
UP000001300	0.015007852315965695	0.017406096693020484	0.03241394900898618	0.03241394900898618	0.03241394900898618	0.027947894825792272	0.03241394900898618	0.027947894825792272	0.027947894825792272	0.03241394900898618	0.027947894825792272	0.04088793733561885	0.07518735109791022	0.07518735109791022	0.07518735109791022	0.06482789801797235	0.06482789801797235	0.09277579284376464	0.1076013001068964	0.09724184702695854
UP000000267	0.019959741477910832	0.010366931234062238	0.03032667271197307	0.03032667271197307	0.03032667271197307	0.05838878772797707	0.03032667271197307	0.05838878772797707	0.05838878772797707	0.03032667271197307	0.05838878772797707	0.09681783397804332	0.031502865997625536	0.031502865997625536	0.031502865997625536	0.06065334542394614	0.06065334542394614	0.11904213315192322	0.06182953870959861	0.09098001813591922
UP000000314	0.018772763995564747	0.013617402152891039	0.03239016614845579	0.03239016614845579	0.03239016614845579	0.04465263917853805	0.03239016614845579	0.04465263917853805	0.04465263917853805	0.03239016614845579	0.04465263917853805	0.07053251436151137	0.04699040784262641	0.04699040784262641	0.04699040784262641	0.06478033229691157	0.06478033229691157	0.10943297147544963	0.0793805739910822	0.09717049844536735
UP000007796	0.01197570593166228	0.01870973898144515	0.030685444913107433	0.030685444913107433	0.030685444913107433	0.019641100553355363	0.030685444913107433	0.019641100553355363	0.019641100553355363	0.030685444913107433	0.019641100553355363	0.027306495175048448	0.095880220862114	0.095880220862114	0.095880220862114	0.061370889826214865	0.061370889826214865	0.08101199037957023	0.1265656657752214	0.09205633473932229
UP000029964	0.011729517330361854	0.018767227728578972	0.030496745058940823	0.030496745058940823	0.030496745058940823	0.019060465661838014	0.030496745058940823	0.019060465661838014	0.019060465661838014	0.030496745058940823	0.019060465661838014	0.02639141399331417	0.09758958418861065	0.09758958418861065	0.09758958418861065	0.060993490117881646	0.060993490117881646	0.08005395577971967	0.12808632924755145	0.09149023517682248
UP000002037	0.02000820986039576	0.009891182890413927	0.02989939275080969	0.02989939275080969	0.02989939275080969	0.060481474408523556	0.02989939275080969	0.060481474408523556	0.060481474408523556	0.02989939275080969	0.060481474408523556	0.10095473895665134	0.029561901246943963	0.029561901246943963	0.029561901246943963	0.05979878550161938	0.05979878550161938	0.12028025991014293	0.05946129399775365	0.08969817825242907
UP000009058	0.013328457158246947	0.01826717214644751	0.03159562930469446	0.03159562930469446	0.03159562930469446	0.023053430941546636	0.03159562930469446	0.023053430941546636	0.023053430941546636	0.03159562930469446	0.023053430941546636	0.032778404724846326	0.08660609292307732	0.08660609292307732	0.08660609292307732	0.06319125860938891	0.06319125860938891	0.08624468955093555	0.11820172222777177	0.09478688791408336
UP000054166	0.017242969278897808	0.01559776854036077	0.03284073781925858	0.03284073781925858	0.03284073781925858	0.036304669597354816	0.03284073781925858	0.036304669597354816	0.036304669597354816	0.03284073781925858	0.036304669597354816	0.05536636991581183	0.05941461924731919	0.05941461924731919	0.05941461924731919	0.06568147563851716	0.06568147563851716	0.10198614523587198	0.09225535706657777	0.09852221345777573
UP000016922	0.01741596419589273	0.015415022972721864	0.032830987168614593	0.032830987168614593	0.032830987168614593	0.03709260103317539	0.032830987168614593	0.03709260103317539	0.03709260103317539	0.032830987168614593	0.03709260103317539	0.05676923787045805	0.05811799056645785	0.05811799056645785	0.05811799056645785	0.06566197433722919	0.06566197433722919	0.10275457537040458	0.09094897773507243	0.09849296150584379
UP000009082	0.019944416815220512	0.008418888883894826	0.02836330569911534	0.02836330569911534	0.02836330569911534	0.06719290382877355	0.02836330569911534	0.06719290382877355	0.06719290382877355	0.02836330569911534	0.06719290382877355	0.1144413908423266	0.023945299706989984	0.023945299706989984	0.023945299706989984	0.05672661139823068	0.05672661139823068	0.12391951522700423	0.052308605406105324	0.08508991709734601
UP000005206	0.014126690068397027	0.017903052297692162	0.03202974236608919	0.03202974236608919	0.03202974236608919	0.025273581054928544	0.03202974236608919	0.025273581054928544	0.025273581054928544	0.03202974236608919	0.025273581054928544	0.03642047204146007	0.08118393620661755	0.08118393620661755	0.08118393620661755	0.06405948473217837	0.06405948473217837	0.08933306578710691	0.11321367857270674	0.09608922709826756
UP000016927	0.019876176863741976	0.010856780038687005	0.030732956902428984	0.030732956902428984	0.030732956902428984	0.05626471981211047	0.030732956902428984	0.05626471981211047	0.05626471981211047	0.030732956902428984	0.05626471981211047	0.09265326276047896	0.03357395693502624	0.03357395693502624	0.03357395693502624	0.06146591380485797	0.06146591380485797	0.11773063361696842	0.06430691383745521	0.09219887070728694
UP000249829	0.011042934784962473	0.018890018824866378	0.02993295360982885	0.02993295360982885	0.02993295360982885	0.0174985349511416	0.02993295360982885	0.0174985349511416	0.0174985349511416	0.02993295360982885	0.0174985349511416	0.023954135117320724	0.10240648309242739	0.10240648309242739	0.10240648309242739	0.0598659072196577	0.0598659072196577	0.07736444217079931	0.13233943670225626	0.08979886082948657
UP000000559	0.01981864433957453	0.011114659267913109	0.030933303607487642	0.030933303607487642	0.030933303607487642	0.055157439168171896	0.030933303607487642	0.055157439168171896	0.055157439168171896	0.030933303607487642	0.055157439168171896	0.09049623399676926	0.03469592811064226	0.03469592811064226	0.03469592811064226	0.061866607214975285	0.061866607214975285	0.11702404638314717	0.06562923171812991	0.09279991082246292
UP000005221	0.019039763214599728	0.013144860321759195	0.032184623536358925	0.032184623536358925	0.032184623536358925	0.04661803901171442	0.032184623536358925	0.04661803901171442	0.04661803901171442	0.032184623536358925	0.04661803901171442	0.07419631480882911	0.04443987838771404	0.04443987838771404	0.04443987838771404	0.06436924707271785	0.06436924707271785	0.11098728608443226	0.07662450192407294	0.09655387060907676
UP000001312	0.01758216535013682	0.015231718663856053	0.03281388401399287	0.03281388401399287	0.03281388401399287	0.03787748101488216	0.03281388401399287	0.03787748101488216	0.03787748101488216	0.03281388401399287	0.03787748101488216	0.05817279667962751	0.056854413505518946	0.056854413505518946	0.056854413505518946	0.06562776802798574	0.06562776802798574	0.10350524904286791	0.08966829751951183	0.09844165204197862
UP000193067	0.009055585540233056	0.018922119039292952	0.02797770457952601	0.02797770457952601	0.02797770457952601	0.01338933004877316	0.02797770457952601	0.01338933004877316	0.01338933004877316	0.02797770457952601	0.01338933004877316	0.017723074557313267	0.11692175048160122	0.11692175048160122	0.11692175048160122	0.05595540915905202	0.05595540915905202	0.06934473920782518	0.14489945506112722	0.08393311373857802
UP000007963	0.013577708000932635	0.01816189871062711	0.031739606711559745	0.031739606711559745	0.031739606711559745	0.023728307202915775	0.031739606711559745	0.023728307202915775	0.023728307202915775	0.031739606711559745	0.023728307202915775	0.03387890640489891	0.08491146254889156	0.08491146254889156	0.08491146254889156	0.06347921342311949	0.06347921342311949	0.08720752062603526	0.11665106926045131	0.09521882013467924
UP000002038	0.01557160919588297	0.01703106580883081	0.03260267500471378	0.03260267500471378	0.03260267500471378	0.029808828150411398	0.03260267500471378	0.029808828150411398	0.029808828150411398	0.03260267500471378	0.029808828150411398	0.04404604710493983	0.07131675301689569	0.07131675301689569	0.07131675301689569	0.06520535000942757	0.06520535000942757	0.09501417815983897	0.10391942802160947	0.09780802501414135
UP000005222	0.018030266249161687	0.014694354680110511	0.0327246209292722	0.0327246209292722	0.0327246209292722	0.04015376252325695	0.0327246209292722	0.04015376252325695	0.04015376252325695	0.0327246209292722	0.04015376252325695	0.0622772587973522	0.05333999842950197	0.05333999842950197	0.05333999842950197	0.0654492418585444	0.0654492418585444	0.10560300438180134	0.08606461935877414	0.0981738627878166
UP000000560	0.014858942833632862	0.017497463028960894	0.03235640586259376	0.03235640586259376	0.03235640586259376	0.027477239655734002	0.03235640586259376	0.027477239655734002	0.027477239655734002	0.03235640586259376	0.027477239655734002	0.04009553647783514	0.0762039428604987	0.0762039428604987	0.0762039428604987	0.06471281172518752	0.06471281172518752	0.09219005138092153	0.10856034872309246	0.09706921758778127
UP000016930	0.014160311355995575	0.017885968411899048	0.03204627976789462	0.03204627976789462	0.03204627976789462	0.02537102206961511	0.03204627976789462	0.02537102206961511	0.02537102206961511	0.03204627976789462	0.02537102206961511	0.03658173278323465	0.08095567014559393	0.08095567014559393	0.08095567014559393	0.06409255953578924	0.06409255953578924	0.08946358160540435	0.11300194991348857	0.09613883930368389
UP000002058	0.015615453355348972	0.016999883908599803	0.032615337263948774	0.032615337263948774	0.032615337263948774	0.029959220924827838	0.032615337263948774	0.029959220924827838	0.029959220924827838	0.032615337263948774	0.029959220924827838	0.04430298849430671	0.07101387766459341	0.07101387766459341	0.07101387766459341	0.06523067452789755	0.06523067452789755	0.09518989545272537	0.10362921492854218	0.09784601179184632
UP000030143	0.015350285499817781	0.0171839409201722	0.03253422641998998	0.03253422641998998	0.03253422641998998	0.029062580369809375	0.03253422641998998	0.029062580369809375	0.029062580369809375	0.03253422641998998	0.029062580369809375	0.042774875239800975	0.07284115004782811	0.07284115004782811	0.07284115004782811	0.06506845283997996	0.06506845283997996	0.09413103320978934	0.1053753764678181	0.09760267925996996
UP000005426	0.013058189388396322	0.018372866077799917	0.03143105546619624	0.03143105546619624	0.03143105546619624	0.02233906638282794	0.03143105546619624	0.02233906638282794	0.02233906638282794	0.03143105546619624	0.02233906638282794	0.031619943377259555	0.08844695931236524	0.08844695931236524	0.08844695931236524	0.06286211093239248	0.06286211093239248	0.08520117731522042	0.11987801477856148	0.09429316639858873
UP000016932	0.014813235790845203	0.017524887297204878	0.032338123088050084	0.032338123088050084	0.032338123088050084	0.027334397888713616	0.032338123088050084	0.027334397888713616	0.027334397888713616	0.032338123088050084	0.027334397888713616	0.03985555998658203	0.07651562029026218	0.07651562029026218	0.07651562029026218	0.06467624617610017	0.06467624617610017	0.09201064406481378	0.10885374337831225	0.09701436926415023
UP000009096	0.015965083708756343	0.016740164159964883	0.03270524786872123	0.03270524786872123	0.03270524786872123	0.031190973693585013	0.03270524786872123	0.031190973693585013	0.031190973693585013	0.03270524786872123	0.031190973693585013	0.04641686367841368	0.06858607548853043	0.06858607548853043	0.06858607548853043	0.06541049573744245	0.06541049573744245	0.09660146943102746	0.10129132335725165	0.09811574360616367
UP000000561	0.014623887209180697	0.017635447148414883	0.032259334357595586	0.032259334357595586	0.032259334357595586	0.026750490822180718	0.032259334357595586	0.026750490822180718	0.026750490822180718	0.032259334357595586	0.026750490822180718	0.03887709443518074	0.0778052754330966	0.0778052754330966	0.0778052754330966	0.06451866871519117	0.06451866871519117	0.09126915953737189	0.11006460979069217	0.09677800307278674
UP000094112	0.020009454911421858	0.00899942220534903	0.02900887711677089	0.02900887711677089	0.02900887711677089	0.06449878730592265	0.02900887711677089	0.06449878730592265	0.06449878730592265	0.02900887711677089	0.06449878730592265	0.10898811970042345	0.02609397747540723	0.02609397747540723	0.02609397747540723	0.05801775423354178	0.05801775423354178	0.12251654153946442	0.05510285459217811	0.08702663135031267
UP000002059	0.015874863504131004	0.016809106170134043	0.03268396967426505	0.03268396967426505	0.03268396967426505	0.03086740913529354	0.03268396967426505	0.03086740913529354	0.03086740913529354	0.03268396967426505	0.03086740913529354	0.04585995476645608	0.06921487119220888	0.06921487119220888	0.06921487119220888	0.0653679393485301	0.0653679393485301	0.09623534848382365	0.10189884086647394	0.09805190902279513
UP000094389	0.018401822352896113	0.014190650229213845	0.032592472582109955	0.032592472582109955	0.032592472582109955	0.042264510844113104	0.032592472582109955	0.042264510844113104	0.042264510844113104	0.032592472582109955	0.042264510844113104	0.0661271993353301	0.05026767128258623	0.05026767128258623	0.05026767128258623	0.06518494516421991	0.06518494516421991	0.10744945600833301	0.0828601438646962	0.09777741774632988
UP000000591	0.014703586597373149	0.01758950571305259	0.03229309231042574	0.03229309231042574	0.03229309231042574	0.026994748290792413	0.03229309231042574	0.026994748290792413	0.026994748290792413	0.03229309231042574	0.026994748290792413	0.03928590998421168	0.07726271789875364	0.07726271789875364	0.07726271789875364	0.06458618462085149	0.06458618462085149	0.0915809329116439	0.10955581020917937	0.09687927693127722
UP000002149	0.01594457385262778	0.016755957148501154	0.032700531001128935	0.032700531001128935	0.032700531001128935	0.031117054486755134	0.032700531001128935	0.031117054486755134	0.031117054486755134	0.032700531001128935	0.031117054486755134	0.04628953512088249	0.06872917410681971	0.06872917410681971	0.06872917410681971	0.06540106200225787	0.06540106200225787	0.096518116489013	0.10142970510794863	0.09810159300338679
UP000007978	0.016042064220658382	0.016680247848143936	0.032722312068802314	0.032722312068802314	0.032722312068802314	0.03147036161783187	0.032722312068802314	0.03147036161783187	0.03147036161783187	0.032722312068802314	0.03147036161783187	0.04689865901500536	0.06804813494874956	0.06804813494874956	0.06804813494874956	0.06544462413760463	0.06544462413760463	0.0969149857554365	0.10077044701755188	0.09816693620640696
UP000002258	0.018458680092426356	0.014107901639422278	0.032566581731848634	0.032566581731848634	0.032566581731848634	0.04260988836300584	0.032566581731848634	0.04260988836300584	0.04260988836300584	0.032566581731848634	0.04260988836300584	0.06676109663358532	0.04978103846045187	0.04978103846045187	0.04978103846045187	0.06513316346369727	0.06513316346369727	0.10774305182670312	0.0823476201923005	0.09769974519554592
UP000000598	0.01912056685183989	0.012988786764861546	0.03210935361670143	0.03210935361670143	0.03210935361670143	0.047267620410739036	0.03210935361670143	0.047267620410739036	0.047267620410739036	0.03210935361670143	0.047267620410739036	0.07541467396963818	0.0436243915273609	0.0436243915273609	0.0436243915273609	0.06421870723340287	0.06421870723340287	0.1114863276441419	0.07573374514406232	0.0963280608501043
UP000030651	0.015238671807876737	0.017258232901431386	0.03249690470930812	0.03249690470930812	0.03249690470930812	0.028694111874913802	0.03249690470930812	0.028694111874913802	0.028694111874913802	0.03249690470930812	0.028694111874913802	0.04214955194195087	0.07360735333363755	0.07360735333363755	0.07360735333363755	0.06499380941861624	0.06499380941861624	0.09368792129353005	0.10610425804294567	0.09749071412792436
UP000016933	0.014336706847791597	0.01779395551924303	0.03213066236703463	0.03213066236703463	0.03213066236703463	0.025887885730824928	0.03213066236703463	0.025887885730824928	0.025887885730824928	0.03213066236703463	0.025887885730824928	0.03743906461385826	0.07975772721486576	0.07975772721486576	0.07975772721486576	0.06426132473406926	0.06426132473406926	0.09014921046489419	0.1118883895819004	0.09639198710110387
UP000001471	0.014778850661304336	0.017545328425633996	0.032324179086938326	0.032324179086938326	0.032324179086938326	0.027227430794465525	0.032324179086938326	0.027227430794465525	0.027227430794465525	0.032324179086938326	0.027227430794465525	0.039676010927626716	0.07674999242725809	0.07674999242725809	0.07674999242725809	0.06464835817387665	0.06464835817387665	0.09187578896834218	0.10907417151419642	0.09697253726081499
UP000000599	0.019596676031358347	0.01187025107923209	0.03146692711059044	0.03146692711059044	0.03146692711059044	0.05194895812839873	0.03146692711059044	0.05194895812839873	0.05194895812839873	0.03146692711059044	0.05194895812839873	0.08430124022543913	0.03812078384078006	0.03812078384078006	0.03812078384078006	0.06293385422118088	0.06293385422118088	0.1148828123495796	0.0695877109513705	0.09440078133177132
UP000008062	0.014346366033356135	0.017788800637882886	0.03213516667123902	0.03213516667123902	0.03213516667123902	0.025916466938569825	0.03213516667123902	0.025916466938569825	0.025916466938569825	0.03213516667123902	0.025916466938569825	0.03748656784378351	0.07969210768088576	0.07969210768088576	0.07969210768088576	0.06427033334247804	0.06427033334247804	0.09018680028104786	0.11182727435212478	0.09640550001371706
UP000054270	0.017122415906418643	0.015720580686010097	0.03284299659242874	0.03284299659242874	0.03284299659242874	0.03577167144780456	0.03284299659242874	0.03577167144780456	0.03577167144780456	0.03284299659242874	0.03577167144780456	0.05442092698919049	0.06030819257323171	0.06030819257323171	0.06030819257323171	0.06568599318485747	0.06568599318485747	0.10145766463266204	0.09315118916566044	0.09852898977728622
UP000094569	0.015518603639287953	0.017068362821183635	0.032586966460471586	0.032586966460471586	0.032586966460471586	0.029628161857398336	0.032586966460471586	0.029628161857398336	0.029628161857398336	0.032586966460471586	0.029628161857398336	0.043737720075508725	0.07168250181748853	0.07168250181748853	0.07168250181748853	0.06517393292094317	0.06517393292094317	0.0948020947783415	0.10426946827796012	0.09776089938141477
UP000016934	0.014540204520943479	0.017682764852889332	0.03222296937383281	0.03222296937383281	0.03222296937383281	0.026496340864424855	0.03222296937383281	0.026496340864424855	0.026496340864424855	0.03222296937383281	0.026496340864424855	0.03845247720790623	0.0783745771221611	0.0783745771221611	0.0783745771221611	0.06444593874766562	0.06444593874766562	0.09094227961209049	0.11059754649599392	0.09666890812149845
UP000008066	0.013489959017977542	0.018199820451033317	0.03168977946901086	0.03168977946901086	0.03168977946901086	0.023488903501871147	0.03168977946901086	0.023488903501871147	0.023488903501871147	0.03168977946901086	0.023488903501871147	0.033487847985764756	0.08550779075017641	0.08550779075017641	0.08550779075017641	0.06337955893802172	0.06337955893802172	0.08686846243989287	0.11719757021918727	0.09506933840703258
UP000009097	0.015563715521086997	0.017036647826910042	0.03260036334799704	0.03260036334799704	0.03260036334799704	0.029781843599001122	0.03260036334799704	0.029781843599001122	0.029781843599001122	0.03260036334799704	0.029781843599001122	0.04399997167691525	0.07137124919003163	0.07137124919003163	0.07137124919003163	0.06520072669599408	0.06520072669599408	0.0949825702949952	0.10397161253802867	0.0978010900439911
UP000006564	0.015262220361118198	0.017242712186858036	0.032504932547976234	0.032504932547976234	0.032504932547976234	0.02877142748741173	0.032504932547976234	0.02877142748741173	0.02877142748741173	0.032504932547976234	0.02877142748741173	0.042280634613705265	0.07344582679540408	0.07344582679540408	0.07344582679540408	0.06500986509595247	0.06500986509595247	0.09378129258336419	0.1059507593433803	0.09751479764392869
UP000095358	0.019629287200762083	0.01177426800630496	0.031403555207067044	0.031403555207067044	0.031403555207067044	0.052353947095005564	0.031403555207067044	0.052353947095005564	0.052353947095005564	0.031403555207067044	0.052353947095005564	0.08507860698924903	0.03767369355566266	0.03767369355566266	0.03767369355566266	0.06280711041413409	0.06280711041413409	0.11516105750913963	0.06907724876272969	0.09421066562120112
UP000001610	0.013452838918175334	0.01821558032378109	0.03166841924195642	0.03166841924195642	0.03166841924195642	0.023388227840267402	0.03166841924195642	0.023388227840267402	0.023388227840267402	0.03166841924195642	0.023388227840267402	0.033323616762359475	0.08576013404125017	0.08576013404125017	0.08576013404125017	0.06333683848391285	0.06333683848391285	0.08672506632418024	0.11742855328320659	0.09500525772586928
UP000002311	0.01917410897284347	0.012881338196975138	0.03205544716981861	0.03205544716981861	0.03205544716981861	0.04771512305698646	0.03205544716981861	0.04771512305698646	0.04771512305698646	0.03205544716981861	0.04771512305698646	0.07625613714112946	0.04307027321421013	0.04307027321421013	0.04307027321421013	0.06411089433963722	0.06411089433963722	0.11182601739662366	0.07512572038402875	0.09616634150945583
UP000030669	0.012002155404066905	0.01870314176100526	0.030705297165072164	0.030705297165072164	0.030705297165072164	0.019704162702311855	0.030705297165072164	0.019704162702311855	0.019704162702311855	0.030705297165072164	0.019704162702311855	0.0274061700005568	0.09569706546168233	0.09569706546168233	0.09569706546168233	0.06141059433014433	0.06141059433014433	0.08111475703245619	0.1264023626267545	0.09211589149521648
UP000001611	0.012527479673333751	0.018555193562306636	0.031082673235640384	0.031082673235640384	0.031082673235640384	0.0209853675654114	0.031082673235640384	0.0209853675654114	0.0209853675654114	0.031082673235640384	0.0209853675654114	0.02944325545748904	0.09207678373630195	0.09207678373630195	0.09207678373630195	0.06216534647128077	0.06216534647128077	0.08315071403669216	0.12315945697194233	0.09324801970692115
UP000016935	0.016332432302325794	0.01644485830691001	0.0327772906092358	0.0327772906092358	0.0327772906092358	0.03255320720544364	0.0327772906092358	0.03255320720544364	0.03255320720544364	0.0327772906092358	0.03255320720544364	0.04877398210856149	0.06600583302911191	0.06600583302911191	0.06600583302911191	0.0655545812184716	0.0655545812184716	0.09810778842391524	0.0987831236383477	0.0983318718277074
UP000008142	0.016436060723412384	0.016357109035973108	0.032793169759385496	0.032793169759385496	0.032793169759385496	0.03295145421437642	0.032793169759385496	0.03295145421437642	0.03295145421437642	0.032793169759385496	0.03295145421437642	0.04946684770534045	0.0652712912681524	0.0652712912681524	0.0652712912681524	0.06558633951877099	0.06558633951877099	0.0985377937331474	0.0980644610275379	0.09837950927815649
UP000009138	0.019016044771171588	0.013189390953612315	0.0322054357247839	0.0322054357247839	0.0322054357247839	0.046432773868898755	0.0322054357247839	0.046432773868898755	0.046432773868898755	0.0322054357247839	0.046432773868898755	0.07384950296662592	0.04467491402308445	0.04467491402308445	0.04467491402308445	0.0644108714495678	0.0644108714495678	0.11084364531846658	0.07688034974786837	0.09661630717435171
UP000006701	0.014141528893072575	0.017895530094532017	0.03203705898760459	0.03203705898760459	0.03203705898760459	0.025316545133285052	0.03203705898760459	0.025316545133285052	0.025316545133285052	0.03203705898760459	0.025316545133285052	0.03649156137349753	0.08108319228960092	0.08108319228960092	0.08108319228960092	0.06407411797520918	0.06407411797520918	0.08939066310849424	0.11312025127720551	0.09611117696281378
UP000054279	0.016661767409000872	0.016158770657031033	0.032820538066031905	0.032820538066031905	0.032820538066031905	0.03384218905641423	0.032820538066031905	0.03384218905641423	0.03384218905641423	0.032820538066031905	0.03384218905641423	0.05102261070382758	0.06365945873939771	0.06365945873939771	0.06365945873939771	0.06564107613206381	0.06564107613206381	0.09948326518847804	0.09647999680542962	0.09846161419809571
UP000054317	0.012118384573653879	0.018673183617450836	0.030791568191104717	0.030791568191104717	0.030791568191104717	0.019982884151418984	0.030791568191104717	0.019982884151418984	0.019982884151418984	0.030791568191104717	0.019982884151418984	0.027847383729184088	0.09489327611401137	0.09489327611401137	0.09489327611401137	0.061583136382209434	0.061583136382209434	0.08156602053362841	0.1256848443051161	0.09237470457331415
UP000217790	0.015603304023658185	0.01700855469927509	0.032611858722933276	0.032611858722933276	0.032611858722933276	0.029917459503611115	0.032611858722933276	0.029917459503611115	0.029917459503611115	0.032611858722933276	0.029917459503611115	0.044231614983564045	0.07109783698286198	0.07109783698286198	0.07109783698286198	0.06522371744586655	0.06522371744586655	0.09514117694947766	0.10370969570579526	0.09783557616879981
UP000002428	0.01886127962480367	0.01346728625026626	0.03232856587506993	0.03232856587506993	0.03232856587506993	0.04527698524463489	0.03232856587506993	0.04527698524463489	0.04527698524463489	0.03232856587506993	0.04527698524463489	0.07169269086446611	0.04616633222781014	0.04616633222781014	0.04616633222781014	0.06465713175013986	0.06465713175013986	0.10993411699477475	0.07849489810288009	0.09698569762520978
UP000009297	0.015932290736696608	0.016765381338847096	0.03269767207554371	0.03269767207554371	0.03269767207554371	0.031072888077626773	0.03269767207554371	0.031072888077626773	0.031072888077626773	0.03269767207554371	0.031072888077626773	0.04621348541855693	0.06881483024615245	0.06881483024615245	0.06881483024615245	0.06539534415108741	0.06539534415108741	0.09646823222871419	0.10151250232169619	0.09809301622663114
UP000001628	0.0157776995626715	0.01688184097305352	0.032659540535725014	0.032659540535725014	0.032659540535725014	0.030523473076784744	0.032659540535725014	0.030523473076784744	0.030523473076784744	0.032659540535725014	0.030523473076784744	0.04526924659089799	0.0698901848633945	0.0698901848633945	0.0698901848633945	0.06531908107145003	0.06531908107145003	0.09584255414823477	0.10254972539911951	0.09797862160717505
UP000016936	0.014399464341274136	0.0177602457403374	0.03215971008161154	0.03215971008161154	0.03215971008161154	0.026074109858407975	0.03215971008161154	0.026074109858407975	0.026074109858407975	0.03215971008161154	0.026074109858407975	0.03774875537554181	0.07933133350665843	0.07933133350665843	0.07933133350665843	0.06431942016322308	0.06431942016322308	0.09039353002163104	0.11149104358826996	0.09647913024483461
UP000009328	0.020022320868977827	0.0092962689355876	0.029318589804565424	0.029318589804565424	0.029318589804565424	0.06314643181693258	0.029318589804565424	0.06314643181693258	0.06314643181693258	0.029318589804565424	0.06314643181693258	0.10627054276488736	0.027224965319350734	0.027224965319350734	0.027224965319350734	0.05863717960913085	0.05863717960913085	0.12178361142606343	0.05654355512391616	0.08795576941369627
UP000008177	0.01742901634888029	0.015400909803690082	0.032829926152570375	0.032829926152570375	0.032829926152570375	0.037153215422934524	0.032829926152570375	0.037153215422934524	0.037153215422934524	0.032829926152570375	0.037153215422934524	0.05687741449698875	0.05801942248680314	0.05801942248680314	0.05801942248680314	0.06565985230514075	0.06565985230514075	0.10281306772807529	0.09084934863937351	0.09848977845771113
UP000030671	0.01492687500584918	0.017456167496187575	0.03238304250203675	0.03238304250203675	0.03238304250203675	0.02769093661839426	0.03238304250203675	0.02769093661839426	0.02769093661839426	0.03238304250203675	0.02769093661839426	0.04045499823093934	0.07574040966112533	0.07574040966112533	0.07574040966112533	0.0647660850040735	0.0647660850040735	0.09245702162246777	0.10812345216316209	0.09714912750611027
UP000018087	0.014303640652929113	0.017811510242230967	0.03211515089516008	0.03211515089516008	0.03211515089516008	0.025790265489661658	0.03211515089516008	0.025790265489661658	0.025790265489661658	0.03211515089516008	0.025790265489661658	0.0372768903263942	0.07998234197568407	0.07998234197568407	0.07998234197568407	0.06423030179032016	0.06423030179032016	0.09002056727998183	0.11209749287084417	0.09634545268548024
UP000002485	0.01923014669185404	0.012765068780264456	0.0319952154721185	0.0319952154721185	0.0319952154721185	0.04819971576789028	0.0319952154721185	0.04819971576789028	0.04819971576789028	0.0319952154721185	0.04819971576789028	0.07716928484392654	0.04247717219068149	0.04247717219068149	0.04247717219068149	0.063990430944237	0.063990430944237	0.11219014671212728	0.0744723876628	0.0959856464163555
UP000006702	0.014480527728529185	0.017715938165422232	0.03219646589395141	0.03219646589395141	0.03219646589395141	0.026316518650306316	0.03219646589395141	0.026316518650306316	0.026316518650306316	0.03219646589395141	0.026316518650306316	0.03815250957208345	0.07878036071829059	0.07878036071829059	0.07878036071829059	0.06439293178790283	0.06439293178790283	0.09070945043820915	0.11097682661224201	0.09658939768185425
UP000001631	0.015719072304258886	0.016924982450013996	0.03264405475427288	0.03264405475427288	0.03264405475427288	0.03031815592731543	0.03264405475427288	0.03031815592731543	0.03031815592731543	0.03264405475427288	0.03031815592731543	0.044917239550371975	0.07029677618617118	0.07029677618617118	0.07029677618617118	0.06528810950854576	0.06528810950854576	0.0956062654358612	0.10294083094044407	0.09793216426281864
UP000054321	0.017114658584205737	0.01572836104552082	0.03284301962972656	0.03284301962972656	0.03284301962972656	0.03573780295418722	0.03284301962972656	0.03573780295418722	0.03573780295418722	0.03284301962972656	0.03573780295418722	0.05436094732416871	0.06036543095731755	0.06036543095731755	0.06036543095731755	0.06568603925945311	0.06568603925945311	0.10142384221364034	0.0932084505870441	0.09852905888917969
UP000008181	0.010149590216026867	0.018965582463856302	0.02911517267988317	0.02911517267988317	0.02911517267988317	0.015581228382141077	0.02911517267988317	0.015581228382141077	0.015581228382141077	0.02911517267988317	0.015581228382141077	0.02101286654825529	0.1088095571657272	0.1088095571657272	0.1088095571657272	0.05823034535976634	0.05823034535976634	0.07381157374190742	0.13792472984561036	0.0873455180396495
UP000000724	0.01508971210988387	0.017354535302987893	0.03244424741287176	0.03244424741287176	0.03244424741287176	0.028210167805403034	0.03244424741287176	0.028210167805403034	0.028210167805403034	0.03244424741287176	0.028210167805403034	0.041330623500922196	0.07462764471652862	0.07462764471652862	0.07462764471652862	0.06488849482574352	0.06488849482574352	0.09309866263114655	0.10707189212940038	0.09733274223861528
UP000030816	0.015423008627133163	0.017134532967888267	0.03255754159502143	0.03255754159502143	0.03255754159502143	0.029305452669139632	0.03255754159502143	0.029305452669139632	0.029305452669139632	0.03255754159502143	0.029305452669139632	0.043187896711146104	0.07234104360570319	0.07234104360570319	0.07234104360570319	0.06511508319004286	0.06511508319004286	0.09442053585918249	0.10489858520072463	0.09767262478506429
UP000269793	0.01454597238136983	0.01767953350498197	0.032225505886351806	0.032225505886351806	0.032225505886351806	0.026513783209633518	0.032225505886351806	0.026513783209633518	0.026513783209633518	0.032225505886351806	0.026513783209633518	0.03848159403789721	0.0783353489330766	0.0783353489330766	0.0783353489330766	0.06445101177270361	0.06445101177270361	0.09096479498233713	0.1105608548194284	0.09667651765905542
UP000009882	0.01446777460029325	0.017722966193454964	0.032190740793748215	0.032190740793748215	0.032190740793748215	0.026278241290806404	0.032190740793748215	0.026278241290806404	0.026278241290806404	0.032190740793748215	0.026278241290806404	0.03808870798131955	0.07886705821616925	0.07886705821616925	0.07886705821616925	0.06438148158749643	0.06438148158749643	0.09065972287830283	0.11105779900991747	0.09657222238124465
UP000001640	0.01983143886784267	0.011060753455508042	0.03089219232335071	0.03089219232335071	0.03089219232335071	0.05538832648413179	0.03089219232335071	0.05538832648413179	0.05538832648413179	0.03089219232335071	0.05538832648413179	0.09094521410042093	0.034459519076327175	0.034459519076327175	0.034459519076327175	0.06178438464670142	0.06178438464670142	0.1171727111308332	0.06535171139967788	0.09267657697005212
UP000054361	0.014030162759808102	0.01795130060414402	0.03198146336395213	0.03198146336395213	0.03198146336395213	0.024995689515082024	0.03198146336395213	0.024995689515082024	0.024995689515082024	0.03198146336395213	0.024995689515082024	0.035961216270355936	0.08183923058274999	0.08183923058274999	0.08183923058274999	0.06396292672790425	0.06396292672790425	0.08895861624298626	0.1138206939467021	0.09594439009185636
UP000218811	0.010768484502048288	0.018923494113711824	0.02969197861576011	0.02969197861576011	0.02969197861576011	0.01689633054221643	0.02969197861576011	0.01689633054221643	0.01689633054221643	0.02969197861576011	0.01689633054221643	0.02302417658238457	0.10435562821359286	0.10435562821359286	0.10435562821359286	0.05938395723152022	0.05938395723152022	0.07628028777373665	0.134047606829353	0.08907593584728034
UP000000741	0.018673834662255587	0.005492304312428113	0.024166138974683702	0.024166138974683702	0.024166138974683702	0.08216487251392462	0.024166138974683702	0.08216487251392462	0.08216487251392462	0.024166138974683702	0.08216487251392462	0.14565591036559367	0.014215375867460998	0.014215375867460998	0.014215375867460998	0.048332277949367404	0.048332277949367404	0.13049715046329205	0.03838151484214469	0.07249841692405111
UP000001742	0.019798998786328428	0.0077442888457523095	0.027543287632080735	0.027543287632080735	0.027543287632080735	0.0704169910576322	0.027543287632080735	0.0704169910576322	0.0704169910576322	0.027543287632080735	0.0704169910576322	0.12103498332893599	0.021546864817402804	0.021546864817402804	0.021546864817402804	0.05508657526416147	0.05508657526416147	0.12550356632179369	0.04909015244948353	0.0826298628962422
UP000184304	0.014667308387937433	0.017610524239095034	0.03227783262703247	0.03227783262703247	0.03227783262703247	0.026883295398095558	0.03227783262703247	0.026883295398095558	0.026883295398095558	0.03227783262703247	0.026883295398095558	0.03909928240825368	0.07750972964218726	0.07750972964218726	0.07750972964218726	0.06455566525406493	0.06455566525406493	0.09143896065216048	0.10978756226921972	0.0968334978810974
UP000000819	0.017004352567234985	0.015837444127137577	0.03284179669437256	0.03284179669437256	0.03284179669437256	0.03526159179786146	0.03284179669437256	0.03526159179786146	0.03526159179786146	0.03284179669437256	0.03526159179786146	0.05351883102848794	0.06117611571806094	0.06117611571806094	0.06117611571806094	0.06568359338874512	0.06568359338874512	0.1009451851866066	0.0940179124124335	0.09852539008311768
UP000006706	0.014329102200811933	0.017798005390840147	0.03212710759165208	0.03212710759165208	0.03212710759165208	0.025865404464602924	0.03212710759165208	0.025865404464602924	0.025865404464602924	0.03212710759165208	0.025865404464602924	0.037401706728393914	0.07980938737053953	0.07980938737053953	0.07980938737053953	0.06425421518330417	0.06425421518330417	0.09011961964790709	0.11193649496219162	0.09638132277495624
UP000011064	0.013317485593419963	0.018271633371788682	0.03158911896520864	0.03158911896520864	0.03158911896520864	0.023024084829631884	0.03158911896520864	0.023024084829631884	0.023024084829631884	0.03158911896520864	0.023024084829631884	0.032730684065843806	0.0866807470856646	0.0866807470856646	0.0866807470856646	0.06317823793041728	0.06317823793041728	0.08620232276004917	0.11826986605087325	0.09476735689562595
UP000031176	0.01480259488543823	0.01753123044359413	0.03233382532903236	0.03233382532903236	0.03233382532903236	0.027301250701263578	0.03233382532903236	0.027301250701263578	0.027301250701263578	0.03233382532903236	0.027301250701263578	0.03979990651708892	0.07658815867801887	0.07658815867801887	0.07658815867801887	0.06466765065806472	0.06466765065806472	0.0919689013593283	0.10892198400705122	0.09700147598709707
UP000011185	0.01831993759056964	0.014306979872364697	0.03262691746293434	0.03262691746293434	0.03262691746293434	0.04177842542773008	0.03262691746293434	0.04177842542773008	0.04177842542773008	0.03262691746293434	0.04177842542773008	0.06523691326489052	0.05096007004737743	0.05096007004737743	0.05096007004737743	0.06525383492586868	0.06525383492586868	0.10703226035359874	0.08358698751031178	0.09788075238880302
UP000001743	0.013913940134812463	0.018007830662954027	0.031921770797766494	0.031921770797766494	0.031921770797766494	0.024664692610146272	0.031921770797766494	0.024664692610146272	0.024664692610146272	0.031921770797766494	0.024664692610146272	0.03541544508548008	0.08262818977488115	0.08262818977488115	0.08262818977488115	0.06384354159553299	0.06384354159553299	0.08850823420567926	0.11454996057264766	0.09576531239329947
UP000054383	0.01653772630763297	0.01626902028269847	0.03280674659033144	0.03280674659033144	0.03280674659033144	0.033348596702639455	0.03280674659033144	0.033348596702639455	0.033348596702639455	0.03280674659033144	0.033348596702639455	0.05015946709764593	0.06454740098596345	0.06454740098596345	0.06454740098596345	0.06561349318066288	0.06561349318066288	0.09896208988330234	0.09735414757629489	0.09842023977099433
UP000001744	0.017665628604852844	0.015136609809022069	0.03280223841387491	0.03280223841387491	0.03280223841387491	0.03828282346830142	0.03280223841387491	0.03828282346830142	0.03828282346830142	0.03280223841387491	0.03828282346830142	0.058900018331749994	0.056212512426186086	0.056212512426186086	0.056212512426186086	0.06560447682774982	0.06560447682774982	0.10388730029605125	0.08901475084006101	0.09840671524162475
UP000033540	0.014411793625201655	0.01775356255947965	0.032165356184681304	0.032165356184681304	0.032165356184681304	0.026110842466781914	0.032165356184681304	0.026110842466781914	0.026110842466781914	0.032165356184681304	0.026110842466781914	0.03780989130836217	0.07924754935070685	0.07924754935070685	0.07924754935070685	0.06433071236936261	0.06433071236936261	0.09044155483614452	0.11141290553538816	0.09649606855404391
UP000006753	0.012203772198963443	0.018650170555078418	0.030853942754041862	0.030853942754041862	0.030853942754041862	0.020189332193943706	0.030853942754041862	0.020189332193943706	0.020189332193943706	0.030853942754041862	0.020189332193943706	0.028174892188923967	0.09430384069417196	0.09430384069417196	0.09430384069417196	0.061707885508083725	0.061707885508083725	0.08189721770202743	0.12515778344821382	0.09256182826212558
UP000219338	0.01598846187688339	0.01672207540991163	0.032710537286795016	0.032710537286795016	0.032710537286795016	0.03127549455208794	0.032710537286795016	0.03127549455208794	0.03127549455208794	0.032710537286795016	0.03127549455208794	0.04656252722729249	0.06842285085588684	0.06842285085588684	0.06842285085588684	0.06542107457359003	0.06542107457359003	0.09669656912567798	0.10113338814268184	0.09813161186038505
UP000184499	0.0146299662045881	0.017631973228902715	0.032261939433490816	0.032261939433490816	0.032261939433490816	0.026769044932120286	0.032261939433490816	0.026769044932120286	0.026769044932120286	0.032261939433490816	0.026769044932120286	0.038908123659652474	0.07776390518597324	0.07776390518597324	0.07776390518597324	0.06452387886698163	0.06452387886698163	0.09129292379910194	0.11002584461946407	0.09678581830047246
