	M	W	C	D	E	F	H	K	N	Q	Y	I	A	G	P	T	V	L	R	S
Start	15579361.0	177487.0	251711.0	1011028.0	1304955.0	542816.0	299918.0	899474.0	649651.0	546896.0	307826.0	574276.0	2826561.0	1188896.0	963631.0	945953.0	911456.0	1185918.0	825533.0	2121467.0
M	8590352.0	3895515.0	5708404.0	16713841.0	22252159.0	11730567.0	7664576.0	19307951.0	13861601.0	14170720.0	8932410.0	15117058.0	22583032.0	19363475.0	16065705.0	17281134.0	19101744.0	27868075.0	18460672.0	25791077.0
W	3895515.0	3185836.0	3805750.0	9891677.0	11572156.0	7054456.0	4650660.0	10777017.0	7432146.0	7664290.0	5263056.0	8259709.0	11945492.0	12216158.0	9697155.0	9214848.0	10812252.0	16256959.0	11490665.0	13934382.0
C	5708404.0	3805750.0	8703686.0	14812460.0	17560433.0	11933712.0	7637385.0	16066509.0	12039526.0	11588597.0	9475983.0	13864899.0	19523103.0	18332933.0	14773080.0	14478061.0	18316367.0	26002487.0	15965120.0	23608073.0
D	16713841.0	9891677.0	14812460.0	52652634.0	54545509.0	31559678.0	18508755.0	40702565.0	32651228.0	27715181.0	23416576.0	42104108.0	49701711.0	44976339.0	36651758.0	39766377.0	50984165.0	74468426.0	36340291.0	62379506.0
E	22252159.0	11572156.0	17560433.0	54545509.0	85548658.0	35522015.0	20427414.0	57167087.0	36118880.0	40015485.0	25608644.0	50669838.0	65118662.0	52962535.0	43733761.0	48381994.0	61568317.0	96695873.0	50152601.0	68548846.0
F	11730567.0	7054456.0	11933712.0	31559678.0	35522015.0	26253876.0	14741368.0	33823277.0	25934897.0	23433463.0	17150027.0	28185047.0	36795981.0	35726699.0	29284405.0	29971744.0	34381723.0	51353485.0	31377432.0	47978684.0
H	7664576.0	4650660.0	7637385.0	18508755.0	20427414.0	14741368.0	13974002.0	19727050.0	15364670.0	16579707.0	11373896.0	18578266.0	24181074.0	21670930.0	20532399.0	18771588.0	21870675.0	36009655.0	22499930.0	29113048.0
K	19307951.0	10777017.0	16066509.0	40702565.0	57167087.0	33823277.0	19727050.0	67273912.0	35597201.0	34645085.0	24545974.0	46443252.0	54482313.0	46661123.0	37891283.0	42952234.0	51041779.0	83695985.0	47247404.0	60944200.0
N	13861601.0	7432146.0	12039526.0	32651228.0	36118880.0	25934897.0	15364670.0	35597201.0	34581314.0	24728700.0	19476197.0	35923500.0	37494545.0	33675966.0	29731731.0	36261796.0	37652122.0	59870652.0	29855320.0	51466625.0
Q	14170720.0	7664290.0	11588597.0	27715181.0	40015485.0	23433463.0	16579707.0	34645085.0	24728700.0	41298488.0	17654107.0	31864796.0	42711140.0	33465491.0	33579777.0	31861999.0	37157750.0	64948505.0	34991437.0	47403757.0
Y	8932410.0	5263056.0	9475983.0	23416576.0	25608644.0	17150027.0	11373896.0	24545974.0	19476197.0	17654107.0	15219106.0	20944300.0	26721873.0	26135293.0	22058075.0	21928722.0	24619283.0	36716701.0	22855089.0	33486993.0
I	15117058.0	8259709.0	13864899.0	42104108.0	50669838.0	28185047.0	18578266.0	46443252.0	35923500.0	31864796.0	20944300.0	36958724.0	49213778.0	45987634.0	35570064.0	40599079.0	42967602.0	62569063.0	40197104.0	60386118.0
A	22583032.0	11945492.0	19523103.0	49701711.0	65118662.0	36795981.0	24181074.0	54482313.0	37494545.0	42711140.0	26721873.0	49213778.0	101401754.0	68588804.0	57139829.0	57167637.0	67967230.0	99027648.0	59838611.0	85237006.0
G	19363475.0	12216158.0	18332933.0	44976339.0	52962535.0	35726699.0	21670930.0	46661123.0	33675966.0	33465491.0	26135293.0	45987634.0	68588804.0	81844210.0	52870625.0	48848429.0	61832024.0	83184986.0	51379465.0	76842532.0
P	16065705.0	9697155.0	14773080.0	36651758.0	43733761.0	29284405.0	20532399.0	37891283.0	29731731.0	33579777.0	22058075.0	35570064.0	57139829.0	52870625.0	74640500.0	47637935.0	47178242.0	72530290.0	42300340.0	74409334.0
T	17281134.0	9214848.0	14478061.0	39766377.0	48381994.0	29971744.0	18771588.0	42952234.0	36261796.0	31861999.0	21928722.0	40599079.0	57167637.0	48848429.0	47637935.0	57250860.0	48914640.0	73186856.0	41072584.0	71927594.0
V	19101744.0	10812252.0	18316367.0	50984165.0	61568317.0	34381723.0	21870675.0	51041779.0	37652122.0	37157750.0	24619283.0	42967602.0	67967230.0	61832024.0	47178242.0	48914640.0	63371632.0	79816200.0	50028685.0	73657229.0
L	27868075.0	16256959.0	26002487.0	74468426.0	96695873.0	51353485.0	36009655.0	83695985.0	59870652.0	64948505.0	36716701.0	62569063.0	99027648.0	83184986.0	72530290.0	73186856.0	79816200.0	130904326.0	83072467.0	115938998.0
R	18460672.0	11490665.0	15965120.0	36340291.0	50152601.0	31377432.0	22499930.0	47247404.0	29855320.0	34991437.0	22855089.0	40197104.0	59838611.0	51379465.0	42300340.0	41072584.0	50028685.0	83072467.0	64381602.0	64084955.0
S	25791077.0	13934382.0	23608073.0	62379506.0	68548846.0	47978684.0	29113048.0	60944200.0	51466625.0	47403757.0	33486993.0	60386118.0	85237006.0	76842532.0	74409334.0	71927594.0	73657229.0	115938998.0	64084955.0	135645512.0
End	702887.0	503830.0	813867.0	1577993.0	1934336.0	1473370.0	922058.0	2515283.0	1490051.0	1456874.0	1046817.0	1619076.0	2002166.0	1704005.0	1489896.0	1626282.0	1994125.0	3094614.0	2191389.0	2968774.0
