	M	W	C	D	E	F	H	K	N	Q	Y	I	A	G	P	T	V	L	R	S
Start	14525.0	181.0	234.5	965.5	1127.0	509.0	284.0	892.5	619.0	511.5	268.5	513.0	2507.5	1008.0	1065.5	951.5	838.5	1161.0	844.0	2213.0
M	7936.0	3767.5	5714.5	16540.0	21004.5	11207.5	7671.0	18743.0	14421.5	13908.5	8970.0	15261.0	22970.0	18151.5	15627.0	17231.5	17967.5	26773.0	18001.0	24451.0
W	3767.5	3419.0	3524.5	10312.5	11305.5	6833.0	4465.0	10142.0	7322.5	7323.0	5370.0	8147.5	13077.5	12301.0	9363.5	9603.0	10551.5	15138.0	11570.5	13449.5
C	5714.5	3524.5	8637.0	14754.5	17475.0	11162.0	7283.0	15801.5	12594.0	11382.5	9432.5	14096.0	19514.5	17164.0	14271.0	14345.0	17826.0	24869.0	15615.5	21930.5
D	16540.0	10312.5	14754.5	54342.0	54504.0	30611.5	18614.5	40795.5	33165.5	27424.0	24419.5	43160.0	51679.0	43326.5	37644.0	40789.0	49374.0	73288.5	36412.5	60251.0
E	21004.5	11305.5	17475.0	54504.0	81704.0	33928.5	20433.5	57092.0	37877.0	38745.0	26351.0	52407.5	63774.0	47752.5	42364.0	49010.0	58717.0	94413.5	48471.0	66257.5
F	11207.5	6833.0	11162.0	30611.5	33928.5	22450.0	13640.5	32369.5	25895.0	22742.5	16944.5	27432.0	36848.5	33089.0	27712.5	29413.0	31663.0	45554.0	30142.5	42102.5
H	7671.0	4465.0	7283.0	18614.5	20433.5	13640.5	13872.0	19533.0	15889.5	15923.0	11836.0	18837.5	25100.0	20162.0	20016.0	18908.0	21383.0	34328.5	21739.5	27992.0
K	18743.0	10142.0	15801.5	40795.5	57092.0	32369.5	19533.0	67221.0	36941.5	34051.5	24838.0	46164.0	54986.0	42605.0	37244.5	43838.5	48648.5	80737.5	46315.0	57925.0
N	14421.5	7322.5	12594.0	33165.5	37877.0	25895.0	15889.5	36941.5	30735.0	24621.5	19905.5	35935.0	39095.5	33712.5	31072.0	37919.5	38495.5	60822.0	30690.0	51857.0
Q	13908.5	7323.0	11382.5	27424.0	38745.0	22742.5	15923.0	34051.5	24621.5	37244.0	17802.0	32134.0	43292.5	31401.5	32013.5	32217.5	36516.0	63099.0	33842.0	46419.5
Y	8970.0	5370.0	9432.5	24419.5	26351.0	16944.5	11836.0	24838.0	19905.5	17802.0	15415.0	21880.5	28356.5	26217.5	23024.0	22824.5	24512.0	36590.5	23513.5	32285.5
I	15261.0	8147.5	14096.0	43160.0	52407.5	27432.0	18837.5	46164.0	35935.0	32134.0	21880.5	37185.0	51615.0	44884.0	36772.0	42333.5	42640.0	61052.0	40721.0	59260.0
A	22970.0	13077.5	19514.5	51679.0	63774.0	36848.5	25100.0	54986.0	39095.5	43292.5	28356.5	51615.0	101556.0	67943.0	59513.0	61482.5	68264.0	99851.0	61314.0	87127.0
G	18151.5	12301.0	17164.0	43326.5	47752.5	33089.0	20162.0	42605.0	33712.5	31401.5	26217.5	44884.0	67943.0	77013.0	48686.5	48170.0	58010.0	75192.5	47453.0	70356.0
P	15627.0	9363.5	14271.0	37644.0	42364.0	27712.5	20016.0	37244.5	31072.0	32013.5	23024.0	36772.0	59513.0	48686.5	70975.0	49176.0	47043.5	67095.0	41097.5	70336.0
T	17231.5	9603.0	14345.0	40789.0	49010.0	29413.0	18908.0	43838.5	37919.5	32217.5	22824.5	42333.5	61482.5	48170.0	49176.0	59861.0	49041.0	73449.0	41640.0	74591.5
V	17967.5	10551.5	17826.0	49374.0	58717.0	31663.0	21383.0	48648.5	38495.5	36516.0	24512.0	42640.0	68264.0	58010.0	47043.5	49041.0	57734.0	74038.5	49415.5	68951.0
L	26773.0	15138.0	24869.0	73288.5	94413.5	45554.0	34328.5	80737.5	60822.0	63099.0	36590.5	61052.0	99851.0	75192.5	67095.0	73449.0	74038.5	117396.0	79632.5	106835.0
R	18001.0	11570.5	15615.5	36412.5	48471.0	30142.5	21739.5	46315.0	30690.0	33842.0	23513.5	40721.0	61314.0	47453.0	41097.5	41640.0	49415.5	79632.5	63956.0	61976.0
S	24451.0	13449.5	21930.5	60251.0	66257.5	42102.5	27992.0	57925.0	51857.0	46419.5	32285.5	59260.0	87127.0	70356.0	70336.0	74591.5	68951.0	106835.0	61976.0	135242.0
End	654.5	499.0	717.0	1563.0	1937.5	1335.5	881.5	2530.5	1430.0	1458.5	1009.5	1502.0	2047.0	1704.0	1321.0	1525.0	1952.0	2878.0	2118.5	2651.5
