Proteome_ID	M	W	C	D	E	F	H	K	N	Q	Y	I	A	G	P	T	V	L	R	S
UP000000226	0.041386139139536426	0.03317242009936047	0.03317242009936047	0.03317242009936047	0.03317242009936047	0.041386139139536426	0.03317242009936047	0.041386139139536426	0.041386139139536426	0.03317242009936047	0.041386139139536426	0.041386139139536426	0.05317768113320951	0.05317768113320951	0.05317768113320951	0.06634484019872094	0.06634484019872094	0.10773097933825737	0.05317768113320951	0.09951726029808144
UP000000267	0.057592476800880026	0.030930643449011034	0.030930643449011034	0.030930643449011034	0.030930643449011034	0.057592476800880026	0.030930643449011034	0.057592476800880026	0.057592476800880026	0.030930643449011034	0.057592476800880026	0.057592476800880026	0.03322325266466854	0.03322325266466854	0.03322325266466854	0.06186128689802207	0.06186128689802207	0.1194537636989021	0.03322325266466854	0.0927919303470331
UP000000304	0.0278414557582563	0.032917360106267085	0.032917360106267085	0.032917360106267085	0.032917360106267085	0.0278414557582563	0.032917360106267085	0.0278414557582563	0.0278414557582563	0.032917360106267085	0.0278414557582563	0.0278414557582563	0.0778373520245499	0.0778373520245499	0.0778373520245499	0.06583472021253417	0.06583472021253417	0.09367617597079048	0.0778373520245499	0.09875208031880127
UP000000305	0.037811484887927176	0.03334141535168849	0.03334141535168849	0.03334141535168849	0.03334141535168849	0.037811484887927176	0.03334141535168849	0.037811484887927176	0.037811484887927176	0.03334141535168849	0.037811484887927176	0.037811484887927176	0.05879959387729561	0.05879959387729561	0.05879959387729561	0.06668283070337698	0.06668283070337698	0.10449431559130416	0.05879959387729561	0.10002424605506549
UP000000311	0.04308995845647971	0.033043600460869814	0.033043600460869814	0.033043600460869814	0.033043600460869814	0.04308995845647971	0.033043600460869814	0.04308995845647971	0.04308995845647971	0.033043600460869814	0.04308995845647971	0.04308995845647971	0.0506790709728987	0.0506790709728987	0.0506790709728987	0.06608720092173963	0.06608720092173963	0.10917715937821935	0.0506790709728987	0.09913080138260945
UP000000314	0.04526313741016545	0.03283794902378613	0.03283794902378613	0.03283794902378613	0.03283794902378613	0.04526313741016545	0.03283794902378613	0.04526313741016545	0.04526313741016545	0.03283794902378613	0.04526313741016545	0.04526313741016545	0.047647200693012454	0.047647200693012454	0.047647200693012454	0.06567589804757226	0.06567589804757226	0.11093903545773773	0.047647200693012454	0.09851384707135839
UP000000437	0.033973441186179294	0.033351039379077504	0.033351039379077504	0.033351039379077504	0.033351039379077504	0.033973441186179294	0.033351039379077504	0.033973441186179294	0.033973441186179294	0.033351039379077504	0.033973441186179294	0.033973441186179294	0.06548008025264562	0.06548008025264562	0.06548008025264562	0.06670207875815501	0.06670207875815501	0.10067551994433431	0.06548008025264562	0.1000531181372325
UP000000539	0.032198730642601994	0.03328723701072589	0.03328723701072589	0.03328723701072589	0.03328723701072589	0.032198730642601994	0.03328723701072589	0.032198730642601994	0.032198730642601994	0.03328723701072589	0.032198730642601994	0.032198730642601994	0.06882508258522443	0.06882508258522443	0.06882508258522443	0.06657447402145178	0.06657447402145178	0.09877320466405377	0.06882508258522443	0.09986171103217767
UP000000542	0.019597083400987935	0.031136678993848116	0.031136678993848116	0.031136678993848116	0.031136678993848116	0.019597083400987935	0.031136678993848116	0.019597083400987935	0.019597083400987935	0.031136678993848116	0.019597083400987935	0.019597083400987935	0.09894255782134069	0.09894255782134069	0.09894255782134069	0.06227335798769623	0.06227335798769623	0.08187044138868417	0.09894255782134069	0.09341003698154433
UP000000559	0.05729588985762869	0.03098935193527299	0.03098935193527299	0.03098935193527299	0.03098935193527299	0.05729588985762869	0.03098935193527299	0.05729588985762869	0.05729588985762869	0.03098935193527299	0.05729588985762869	0.05729588985762869	0.0335221229918761	0.0335221229918761	0.0335221229918761	0.06197870387054598	0.06197870387054598	0.11927459372817469	0.0335221229918761	0.09296805580581896
UP000000560	0.028791113376728197	0.03302605503244537	0.03302605503244537	0.03302605503244537	0.03302605503244537	0.028791113376728197	0.03302605503244537	0.028791113376728197	0.028791113376728197	0.03302605503244537	0.028791113376728197	0.028791113376728197	0.07576784521905551	0.07576784521905551	0.07576784521905551	0.06605211006489074	0.06605211006489074	0.09484322344161894	0.07576784521905551	0.09907816509733611
UP000000561	0.0259135180343643	0.032642996691521514	0.032642996691521514	0.032642996691521514	0.032642996691521514	0.0259135180343643	0.032642996691521514	0.0259135180343643	0.0259135180343643	0.032642996691521514	0.0259135180343643	0.0259135180343643	0.08224010584665678	0.08224010584665678	0.08224010584665678	0.06528599338304303	0.06528599338304303	0.09119951141740733	0.08224010584665678	0.09792899007456456
UP000000589	0.03328513287286864	0.03333176162256609	0.03333176162256609	0.03333176162256609	0.03333176162256609	0.03328513287286864	0.03333176162256609	0.03328513287286864	0.03328513287286864	0.03333176162256609	0.03328513287286864	0.03328513287286864	0.06675691138785703	0.06675691138785703	0.06675691138785703	0.06666352324513218	0.06666352324513218	0.09994865611800081	0.06675691138785703	0.09999528486769826
UP000000591	0.0269207783994075	0.03279562476570403	0.03279562476570403	0.03279562476570403	0.03279562476570403	0.0269207783994075	0.03279562476570403	0.0269207783994075	0.0269207783994075	0.03279562476570403	0.0269207783994075	0.0269207783994075	0.07990504492964674	0.07990504492964674	0.07990504492964674	0.06559124953140806	0.06559124953140806	0.09251202793081559	0.07990504492964674	0.09838687429711211
UP000000598	0.04786173066455961	0.032535470671276524	0.032535470671276524	0.032535470671276524	0.032535470671276524	0.04786173066455961	0.032535470671276524	0.04786173066455961	0.04786173066455961	0.032535470671276524	0.04786173066455961	0.04786173066455961	0.04423395631973371	0.04423395631973371	0.04423395631973371	0.06507094134255305	0.06507094134255305	0.11293267200711266	0.04423395631973371	0.09760641201382955
UP000000599	0.052075357859511444	0.031925948645527405	0.031925948645527405	0.031925948645527405	0.031925948645527405	0.052075357859511444	0.031925948645527405	0.052075357859511444	0.052075357859511444	0.031925948645527405	0.052075357859511444	0.052075357859511444	0.03914581632512724	0.03914581632512724	0.03914581632512724	0.06385189729105481	0.06385189729105481	0.11592725515056626	0.03914581632512724	0.09577784593658221
UP000000600	0.06627508218532549	0.02897991434294015	0.02897991434294015	0.02897991434294015	0.02897991434294015	0.06627508218532549	0.02897991434294015	0.06627508218532549	0.06627508218532549	0.02897991434294015	0.06627508218532549	0.06627508218532549	0.025343927389654842	0.025343927389654842	0.025343927389654842	0.0579598286858803	0.0579598286858803	0.12423491087120579	0.025343927389654842	0.08693974302882046
UP000000673	0.02802045175140144	0.032939132018515234	0.032939132018515234	0.032939132018515234	0.032939132018515234	0.02802045175140144	0.032939132018515234	0.02802045175140144	0.02802045175140144	0.032939132018515234	0.02802045175140144	0.02802045175140144	0.07744246436561537	0.07744246436561537	0.07744246436561537	0.06587826403703047	0.06587826403703047	0.0938987157884319	0.07744246436561537	0.09881739605554571
UP000000715	0.027892468588460992	0.03292362674960605	0.03292362674960605	0.03292362674960605	0.03292362674960605	0.027892468588460992	0.03292362674960605	0.027892468588460992	0.027892468588460992	0.03292362674960605	0.027892468588460992	0.027892468588460992	0.0777245796591706	0.0777245796591706	0.0777245796591706	0.0658472534992121	0.0658472534992121	0.09373972208767309	0.0777245796591706	0.09877088024881815
UP000000724	0.029672876745869083	0.033112367910023824	0.033112367910023824	0.033112367910023824	0.033112367910023824	0.029672876745869083	0.033112367910023824	0.029672876745869083	0.029672876745869083	0.033112367910023824	0.029672876745869083	0.029672876745869083	0.07390108603213977	0.07390108603213977	0.07390108603213977	0.06622473582004765	0.06622473582004765	0.09589761256591672	0.07390108603213977	0.09933710373007147
UP000000741	0.03385806140624181	0.033348279269057285	0.033348279269057285	0.033348279269057285	0.033348279269057285	0.03385806140624181	0.033348279269057285	0.03385806140624181	0.03385806140624181	0.033348279269057285	0.03385806140624181	0.03385806140624181	0.065692345280112	0.065692345280112	0.065692345280112	0.06669655853811457	0.06669655853811457	0.10055461994435638	0.065692345280112	0.10004483780717185
UP000000759	0.032057346860101	0.03328013588075227	0.03328013588075227	0.03328013588075227	0.03328013588075227	0.032057346860101	0.03328013588075227	0.032057346860101	0.032057346860101	0.03328013588075227	0.032057346860101	0.032057346860101	0.06909913344200222	0.06909913344200222	0.06909913344200222	0.06656027176150454	0.06656027176150454	0.09861761862160554	0.06909913344200222	0.09984040764225682
UP000000768	0.024932439528618674	0.03247369528445842	0.03247369528445842	0.03247369528445842	0.03247369528445842	0.024932439528618674	0.03247369528445842	0.024932439528618674	0.024932439528618674	0.03247369528445842	0.024932439528618674	0.024932439528618674	0.08459187350819827	0.08459187350819827	0.08459187350819827	0.06494739056891684	0.06494739056891684	0.0898798300975355	0.08459187350819827	0.09742108585337525
UP000000803	0.02919076844179573	0.033066878681574846	0.033066878681574846	0.033066878681574846	0.033066878681574846	0.02919076844179573	0.033066878681574846	0.02919076844179573	0.02919076844179573	0.033066878681574846	0.02919076844179573	0.02919076844179573	0.07491536017095173	0.07491536017095173	0.07491536017095173	0.06613375736314969	0.06613375736314969	0.09532452580494544	0.07491536017095173	0.09920063604472455
UP000000819	0.03715066433650659	0.03335647300541824	0.03335647300541824	0.03335647300541824	0.03335647300541824	0.03715066433650659	0.03335647300541824	0.03715066433650659	0.03715066433650659	0.03335647300541824	0.03715066433650659	0.03715066433650659	0.059899563640795066	0.059899563640795066	0.059899563640795066	0.06671294601083648	0.06671294601083648	0.10386361034734308	0.059899563640795066	0.10006941901625474
UP000001038	0.03004026761390045	0.03314433288532582	0.03314433288532582	0.03314433288532582	0.03314433288532582	0.03004026761390045	0.03314433288532582	0.03004026761390045	0.03004026761390045	0.03314433288532582	0.03004026761390045	0.03004026761390045	0.07313828335570238	0.07313828335570238	0.07313828335570238	0.06628866577065164	0.06628866577065164	0.09632893338455208	0.07313828335570238	0.09943299865597745
UP000001055	0.027608807341007086	0.03288815148966466	0.03288815148966466	0.03288815148966466	0.03288815148966466	0.027608807341007086	0.03288815148966466	0.027608807341007086	0.027608807341007086	0.03288815148966466	0.027608807341007086	0.027608807341007086	0.0783540190669951	0.0783540190669951	0.0783540190669951	0.06577630297932932	0.06577630297932932	0.0933851103203364	0.0783540190669951	0.09866445446899397
UP000001056	0.021163801552906595	0.03161012484347706	0.03161012484347706	0.03161012484347706	0.03161012484347706	0.021163801552906595	0.03161012484347706	0.021163801552906595	0.021163801552906595	0.03161012484347706	0.021163801552906595	0.021163801552906595	0.09442537911937449	0.09442537911937449	0.09442537911937449	0.06322024968695412	0.06322024968695412	0.08438405123986072	0.09442537911937449	0.0948303745304312
UP000001064	0.06677473749114463	0.028855009955203764	0.028855009955203764	0.028855009955203764	0.028855009955203764	0.06677473749114463	0.028855009955203764	0.06677473749114463	0.06677473749114463	0.028855009955203764	0.06677473749114463	0.06677473749114463	0.02493792205848284	0.02493792205848284	0.02493792205848284	0.05771001991040753	0.05771001991040753	0.12448475740155215	0.02493792205848284	0.08656502986561128
UP000001067	0.028407700747166066	0.03298417868989821	0.03298417868989821	0.03298417868989821	0.03298417868989821	0.028407700747166066	0.03298417868989821	0.028407700747166066	0.028407700747166066	0.03298417868989821	0.028407700747166066	0.028407700747166066	0.07659585360534109	0.07659585360534109	0.07659585360534109	0.06596835737979642	0.06596835737979642	0.0943760581269625	0.07659585360534109	0.09895253606969463
UP000001070	0.03165288072797334	0.03325811679011599	0.03325811679011599	0.03325811679011599	0.03325811679011599	0.03165288072797334	0.03325811679011599	0.03165288072797334	0.03165288072797334	0.03325811679011599	0.03165288072797334	0.03165288072797334	0.06988952076311168	0.06988952076311168	0.06988952076311168	0.06651623358023198	0.06651623358023198	0.09816911430820532	0.06988952076311168	0.09977435037034797
UP000001072	0.04289211773782377	0.03306006090660761	0.03306006090660761	0.03306006090660761	0.03306006090660761	0.04289211773782377	0.03306006090660761	0.04289211773782377	0.04289211773782377	0.03306006090660761	0.04289211773782377	0.04289211773782377	0.050963565559029866	0.050963565559029866	0.050963565559029866	0.06612012181321522	0.06612012181321522	0.10901223955103899	0.050963565559029866	0.09918018271982283
UP000001073	0.030501651454743168	0.03318123949539215	0.03318123949539215	0.03318123949539215	0.03318123949539215	0.030501651454743168	0.03318123949539215	0.030501651454743168	0.030501651454743168	0.03318123949539215	0.030501651454743168	0.030501651454743168	0.07219246184647893	0.07219246184647893	0.07219246184647893	0.0663624789907843	0.0663624789907843	0.09686413044552747	0.07219246184647893	0.09954371848617645
UP000001074	0.02855043214589856	0.033000081571841956	0.033000081571841956	0.033000081571841956	0.033000081571841956	0.02855043214589856	0.033000081571841956	0.02855043214589856	0.02855043214589856	0.033000081571841956	0.02855043214589856	0.02855043214589856	0.07628643785027019	0.07628643785027019	0.07628643785027019	0.06600016314368391	0.06600016314368391	0.09455059528958247	0.07628643785027019	0.09900024471552588
UP000001075	0.03191499200081119	0.03327267543480347	0.03327267543480347	0.03327267543480347	0.03327267543480347	0.03191499200081119	0.03327267543480347	0.03191499200081119	0.03191499200081119	0.03327267543480347	0.03191499200081119	0.03191499200081119	0.0693762311180674	0.0693762311180674	0.0693762311180674	0.06654535086960695	0.06654535086960695	0.09846034287041815	0.0693762311180674	0.09981802630441042
UP000001194	0.032789543516218565	0.033313630009236726	0.033313630009236726	0.033313630009236726	0.033313630009236726	0.032789543516218565	0.033313630009236726	0.032789543516218565	0.032789543516218565	0.033313630009236726	0.032789543516218565	0.032789543516218565	0.06769218631197978	0.06769218631197978	0.06769218631197978	0.06662726001847345	0.06662726001847345	0.09941680353469201	0.06769218631197978	0.09994089002771017
UP000001197	0.025771175446506867	0.03261972450110505	0.03261972450110505	0.03261972450110505	0.03261972450110505	0.025771175446506867	0.03261972450110505	0.025771175446506867	0.025771175446506867	0.03261972450110505	0.025771175446506867	0.025771175446506867	0.08257647608946905	0.08257647608946905	0.08257647608946905	0.0652394490022101	0.0652394490022101	0.09101062444871696	0.08257647608946905	0.09785917350331515
UP000001261	0.03207788318511746	0.033281186368529135	0.033281186368529135	0.033281186368529135	0.033281186368529135	0.03207788318511746	0.033281186368529135	0.03207788318511746	0.03207788318511746	0.033281186368529135	0.03207788318511746	0.03207788318511746	0.06905925554406021	0.06905925554406021	0.06905925554406021	0.06656237273705827	0.06656237273705827	0.09864025592217572	0.06905925554406021	0.09984355910558738
UP000001292	0.027915491135650623	0.032926438784229586	0.032926438784229586	0.032926438784229586	0.032926438784229586	0.027915491135650623	0.032926438784229586	0.027915491135650623	0.027915491135650623	0.032926438784229586	0.027915491135650623	0.027915491135650623	0.07767374507175047	0.07767374507175047	0.07767374507175047	0.06585287756845917	0.06585287756845917	0.09376836870410979	0.07767374507175047	0.09877931635268875
UP000001294	0.033309155555584696	0.03333254916508441	0.03333254916508441	0.03333254916508441	0.03333254916508441	0.033309155555584696	0.03333254916508441	0.033309155555584696	0.033309155555584696	0.03333254916508441	0.033309155555584696	0.033309155555584696	0.06671191840866024	0.06671191840866024	0.06671191840866024	0.06666509833016881	0.06666509833016881	0.09997425388575351	0.06671191840866024	0.09999764749525322
UP000001300	0.028417961014741897	0.03298533436613772	0.03298533436613772	0.03298533436613772	0.03298533436613772	0.028417961014741897	0.03298533436613772	0.028417961014741897	0.028417961014741897	0.03298533436613772	0.028417961014741897	0.028417961014741897	0.07657356435118524	0.07657356435118524	0.07657356435118524	0.06597066873227544	0.06597066873227544	0.09438862974701734	0.07657356435118524	0.09895600309841317
UP000001307	0.04025149365794238	0.033241443196248235	0.033241443196248235	0.033241443196248235	0.033241443196248235	0.04025149365794238	0.033241443196248235	0.04025149365794238	0.04025149365794238	0.033241443196248235	0.04025149365794238	0.04025149365794238	0.05490447411266994	0.05490447411266994	0.05490447411266994	0.06648288639249647	0.06648288639249647	0.10673438005043887	0.05490447411266994	0.0997243295887447
UP000001312	0.039903011010201696	0.03325984611661406	0.03325984611661406	0.03325984611661406	0.03325984611661406	0.039903011010201696	0.03325984611661406	0.039903011010201696	0.039903011010201696	0.03325984611661406	0.039903011010201696	0.039903011010201696	0.055445307794844315	0.055445307794844315	0.055445307794844315	0.06651969223322812	0.06651969223322812	0.10642270324342981	0.055445307794844315	0.09977953834984217
UP000001357	0.024282305186963688	0.03234968721781845	0.03234968721781845	0.03234968721781845	0.03234968721781845	0.024282305186963688	0.03234968721781845	0.024282305186963688	0.024282305186963688	0.03234968721781845	0.024282305186963688	0.024282305186963688	0.08619463885599435	0.08619463885599435	0.08619463885599435	0.0646993744356369	0.0646993744356369	0.08898167962260059	0.08619463885599435	0.09704906165345535
UP000001396	0.053366322636374385	0.031712055043425905	0.031712055043425905	0.031712055043425905	0.031712055043425905	0.053366322636374385	0.031712055043425905	0.053366322636374385	0.053366322636374385	0.031712055043425905	0.053366322636374385	0.053366322636374385	0.03768872897349769	0.03768872897349769	0.03768872897349769	0.06342411008685181	0.06342411008685181	0.1167904327232262	0.03768872897349769	0.09513616513027773
UP000001449	0.03617975525818444	0.033368793180345566	0.033368793180345566	0.033368793180345566	0.033368793180345566	0.03617975525818444	0.033368793180345566	0.03617975525818444	0.03617975525818444	0.033368793180345566	0.03617975525818444	0.03617975525818444	0.06155245387188133	0.06155245387188133	0.06155245387188133	0.06673758636069113	0.06673758636069113	0.10291734161887557	0.06155245387188133	0.1001063795410367
UP000001450	0.07781020591650958	0.02579464476758496	0.02579464476758496	0.02579464476758496	0.02579464476758496	0.07781020591650958	0.02579464476758496	0.07781020591650958	0.07781020591650958	0.02579464476758496	0.07781020591650958	0.07781020591650958	0.017102221767664617	0.017102221767664617	0.017102221767664617	0.05158928953516992	0.05158928953516992	0.1293994954516795	0.017102221767664617	0.07738393430275488
UP000001460	0.06633075826885952	0.028966059936848285	0.028966059936848285	0.028966059936848285	0.028966059936848285	0.06633075826885952	0.028966059936848285	0.06633075826885952	0.06633075826885952	0.028966059936848285	0.06633075826885952	0.06633075826885952	0.02529844826631479	0.02529844826631479	0.02529844826631479	0.05793211987369657	0.05793211987369657	0.12426287814255609	0.02529844826631479	0.08689817981054485
UP000001471	0.028390425218338212	0.032982228456721926	0.032982228456721926	0.032982228456721926	0.032982228456721926	0.028390425218338212	0.032982228456721926	0.028390425218338212	0.028390425218338212	0.032982228456721926	0.028390425218338212	0.028390425218338212	0.07663339915520094	0.07663339915520094	0.07663339915520094	0.06596445691344385	0.06596445691344385	0.09435488213178204	0.07663339915520094	0.09894668537016577
UP000001514	0.029363897284769024	0.03308368233032606	0.03308368233032606	0.03308368233032606	0.03308368233032606	0.029363897284769024	0.03308368233032606	0.029363897284769024	0.029363897284769024	0.03308368233032606	0.029363897284769024	0.029363897284769024	0.07454937101293148	0.07454937101293148	0.07454937101293148	0.06616736466065212	0.06616736466065212	0.09553126194542115	0.07454937101293148	0.0992510469909782
UP000001519	0.030367747227401185	0.033170895207778515	0.033170895207778515	0.033170895207778515	0.033170895207778515	0.030367747227401185	0.033170895207778515	0.030367747227401185	0.030367747227401185	0.033170895207778515	0.030367747227401185	0.030367747227401185	0.07246558532287849	0.07246558532287849	0.07246558532287849	0.06634179041555703	0.06634179041555703	0.09670953764295821	0.07246558532287849	0.09951268562333553
UP000001529	0.0255766844792963	0.032587226671522355	0.032587226671522355	0.032587226671522355	0.032587226671522355	0.0255766844792963	0.032587226671522355	0.0255766844792963	0.0255766844792963	0.032587226671522355	0.0255766844792963	0.0255766844792963	0.08303870214302266	0.08303870214302266	0.08303870214302266	0.06517445334304471	0.06517445334304471	0.09075113782234101	0.08303870214302266	0.09776168001456707
UP000001542	0.0562514069772917	0.031191572741464533	0.031191572741464533	0.031191572741464533	0.031191572741464533	0.0562514069772917	0.031191572741464533	0.0562514069772917	0.0562514069772917	0.031191572741464533	0.0562514069772917	0.0562514069772917	0.034591640009247485	0.034591640009247485	0.034591640009247485	0.062383145482929066	0.062383145482929066	0.11863455246022077	0.034591640009247485	0.0935747182243936
UP000001548	0.033549062816217966	0.03333995600446384	0.03333995600446384	0.03333995600446384	0.03333995600446384	0.033549062816217966	0.03333995600446384	0.033549062816217966	0.033549062816217966	0.03333995600446384	0.033549062816217966	0.033549062816217966	0.06626430505487914	0.06626430505487914	0.06626430505487914	0.06667991200892769	0.06667991200892769	0.10022897482514564	0.06626430505487914	0.10001986801339154
UP000001554	0.02924885873397184	0.03307257574811142	0.03307257574811142	0.03307257574811142	0.03307257574811142	0.02924885873397184	0.03307257574811142	0.02924885873397184	0.02924885873397184	0.03307257574811142	0.02924885873397184	0.02924885873397184	0.07479233816013144	0.07479233816013144	0.07479233816013144	0.06614515149622284	0.06614515149622284	0.0953940102301947	0.07479233816013144	0.09921772724433427
UP000001555	0.024534672098652087	0.03239897396882991	0.03239897396882991	0.03239897396882991	0.03239897396882991	0.024534672098652087	0.03239897396882991	0.024534672098652087	0.024534672098652087	0.03239897396882991	0.024534672098652087	0.024534672098652087	0.08556817144424667	0.08556817144424667	0.08556817144424667	0.06479794793765982	0.06479794793765982	0.08933262003631191	0.08556817144424667	0.09719692190648972
UP000001568	0.020903102796843098	0.03153644826349402	0.03153644826349402	0.03153644826349402	0.03153644826349402	0.020903102796843098	0.03153644826349402	0.020903102796843098	0.020903102796843098	0.03153644826349402	0.020903102796843098	0.020903102796843098	0.095157889117422	0.095157889117422	0.095157889117422	0.06307289652698804	0.06307289652698804	0.08397599932383112	0.095157889117422	0.09460934479048205
UP000001593	0.03748936633687199	0.033349418495586564	0.033349418495586564	0.033349418495586564	0.033349418495586564	0.03748936633687199	0.033349418495586564	0.03748936633687199	0.03748936633687199	0.033349418495586564	0.03748936633687199	0.03748936633687199	0.059333289552024396	0.059333289552024396	0.059333289552024396	0.06669883699117313	0.06669883699117313	0.10418820332804511	0.059333289552024396	0.10004825548675968
UP000001595	0.030541466000514734	0.033184257836529694	0.033184257836529694	0.033184257836529694	0.033184257836529694	0.030541466000514734	0.033184257836529694	0.030541466000514734	0.030541466000514734	0.033184257836529694	0.030541466000514734	0.030541466000514734	0.07211146761211287	0.07211146761211287	0.07211146761211287	0.06636851567305939	0.06636851567305939	0.0969099816735741	0.07211146761211287	0.09955277350958906
UP000001610	0.021827838847143927	0.03178906614655777	0.03178906614655777	0.03178906614655777	0.03178906614655777	0.021827838847143927	0.03178906614655777	0.021827838847143927	0.021827838847143927	0.03178906614655777	0.021827838847143927	0.021827838847143927	0.09259228396790649	0.09259228396790649	0.09259228396790649	0.06357813229311554	0.06357813229311554	0.08540597114025947	0.09259228396790649	0.09536719843967331
UP000001611	0.02108853461428237	0.03158905525031141	0.03158905525031141	0.03158905525031141	0.03158905525031141	0.02108853461428237	0.03158905525031141	0.02108853461428237	0.02108853461428237	0.03158905525031141	0.02108853461428237	0.02108853461428237	0.09463610723633807	0.09463610723633807	0.09463610723633807	0.06317811050062282	0.06317811050062282	0.0842666451149052	0.09463610723633807	0.09476716575093423
UP000001628	0.032099025447153214	0.033282261083540696	0.033282261083540696	0.033282261083540696	0.033282261083540696	0.032099025447153214	0.033282261083540696	0.032099025447153214	0.032099025447153214	0.033282261083540696	0.032099025447153214	0.032099025447153214	0.06901822640420427	0.06901822640420427	0.06901822640420427	0.06656452216708139	0.06656452216708139	0.09866354761423461	0.06901822640420427	0.0998467832506221
UP000001631	0.03157564289036253	0.03325362191805349	0.03325362191805349	0.03325362191805349	0.03325362191805349	0.03157564289036253	0.03325362191805349	0.03157564289036253	0.03157564289036253	0.03325362191805349	0.03157564289036253	0.03157564289036253	0.070041542749165	0.070041542749165	0.070041542749165	0.06650724383610698	0.06650724383610698	0.0980828867264695	0.070041542749165	0.09976086575416047
UP000001640	0.05163398385235057	0.03199626390109388	0.03199626390109388	0.03199626390109388	0.03199626390109388	0.05163398385235057	0.03199626390109388	0.05163398385235057	0.05163398385235057	0.03199626390109388	0.05163398385235057	0.05163398385235057	0.03965453862928447	0.03965453862928447	0.03965453862928447	0.06399252780218775	0.06399252780218775	0.11562651165453831	0.03965453862928447	0.09598879170328163
UP000001645	0.03328591517077529	0.03333178740092176	0.03333178740092176	0.03333178740092176	0.03333178740092176	0.03328591517077529	0.03333178740092176	0.03328591517077529	0.03328591517077529	0.03333178740092176	0.03328591517077529	0.03328591517077529	0.06675544569768663	0.06675544569768663	0.06675544569768663	0.06666357480184353	0.06666357480184353	0.09994948997261884	0.06675544569768663	0.0999953622027653
UP000001646	0.03531617120220255	0.033369607833362014	0.033369607833362014	0.033369607833362014	0.033369607833362014	0.03531617120220255	0.033369607833362014	0.03531617120220255	0.03531617120220255	0.033369607833362014	0.03531617120220255	0.03531617120220255	0.06306067102103799	0.06306067102103799	0.06306067102103799	0.06673921566672403	0.06673921566672403	0.10205538686892657	0.06306067102103799	0.10010882350008604
UP000001742	0.05864877710469017	0.030717024581822145	0.030717024581822145	0.030717024581822145	0.030717024581822145	0.05864877710469017	0.030717024581822145	0.05864877710469017	0.05864877710469017	0.030717024581822145	0.05864877710469017	0.05864877710469017	0.03217579788495917	0.03217579788495917	0.03217579788495917	0.06143404916364429	0.06143404916364429	0.12008282626833446	0.03217579788495917	0.09215107374546644
UP000001743	0.024767256660281296	0.03244310109335466	0.03244310109335466	0.03244310109335466	0.03244310109335466	0.024767256660281296	0.03244310109335466	0.024767256660281296	0.024767256660281296	0.03244310109335466	0.024767256660281296	0.024767256660281296	0.08499567174442775	0.08499567174442775	0.08499567174442775	0.06488620218670932	0.06488620218670932	0.08965345884699064	0.08499567174442775	0.097329303280064
UP000001744	0.03905590610102207	0.033298940126831794	0.033298940126831794	0.033298940126831794	0.033298940126831794	0.03905590610102207	0.033298940126831794	0.03905590610102207	0.03905590610102207	0.033298940126831794	0.03905590610102207	0.03905590610102207	0.05678113884759219	0.05678113884759219	0.05678113884759219	0.06659788025366359	0.06659788025366359	0.10565378635468564	0.05678113884759219	0.09989682038049538
UP000001745	0.03489046329117269	0.03336638276933056	0.03336638276933056	0.03336638276933056	0.03336638276933056	0.03489046329117269	0.03336638276933056	0.03489046329117269	0.03489046329117269	0.03336638276933056	0.03489046329117269	0.03489046329117269	0.0638177538554582	0.0638177538554582	0.0638177538554582	0.06673276553866112	0.06673276553866112	0.10162322882983381	0.0638177538554582	0.10009914830799167
UP000001798	0.03832670349970914	0.033326032551764216	0.033326032551764216	0.033326032551764216	0.033326032551764216	0.03832670349970914	0.033326032551764216	0.03832670349970914	0.03832670349970914	0.033326032551764216	0.03832670349970914	0.03832670349970914	0.05795564680639318	0.05795564680639318	0.05795564680639318	0.06665206510352843	0.06665206510352843	0.10497876860323756	0.05795564680639318	0.09997809765529266
UP000001805	0.025488394763316914	0.03257220532238708	0.03257220532238708	0.03257220532238708	0.03257220532238708	0.025488394763316914	0.03257220532238708	0.025488394763316914	0.025488394763316914	0.03257220532238708	0.025488394763316914	0.025488394763316914	0.08324953920524385	0.08324953920524385	0.08324953920524385	0.06514441064477416	0.06514441064477416	0.09063280540809109	0.08324953920524385	0.09771661596716126
UP000001811	0.028539514644643355	0.03299887836445121	0.03299887836445121	0.03299887836445121	0.03299887836445121	0.028539514644643355	0.03299887836445121	0.028539514644643355	0.028539514644643355	0.03299887836445121	0.028539514644643355	0.028539514644643355	0.07631005550518212	0.07631005550518212	0.07631005550518212	0.06599775672890242	0.06599775672890242	0.09453727137354577	0.07631005550518212	0.09899663509335362
UP000001819	0.02757514725275672	0.03288383958710266	0.03288383958710266	0.03288383958710266	0.03288383958710266	0.02757514725275672	0.03288383958710266	0.02757514725275672	0.02757514725275672	0.03288383958710266	0.02757514725275672	0.02757514725275672	0.07842909385604073	0.07842909385604073	0.07842909385604073	0.06576767917420533	0.06576767917420533	0.09334282642696205	0.07842909385604073	0.09865151876130798
UP000001861	0.028287430832453983	0.03297048696715644	0.03297048696715644	0.03297048696715644	0.03297048696715644	0.028287430832453983	0.03297048696715644	0.028287430832453983	0.028287430832453983	0.03297048696715644	0.028287430832453983	0.028287430832453983	0.07685766991636891	0.07685766991636891	0.07685766991636891	0.06594097393431288	0.06594097393431288	0.09422840476676686	0.07685766991636891	0.09891146090146931
UP000001876	0.014368550317773688	0.028919049485287143	0.028919049485287143	0.028919049485287143	0.028919049485287143	0.014368550317773688	0.028919049485287143	0.014368550317773688	0.014368550317773688	0.028919049485287143	0.014368550317773688	0.014368550317773688	0.11640860137406926	0.11640860137406926	0.11640860137406926	0.057838098970574285	0.057838098970574285	0.07220664928834798	0.11640860137406926	0.08675714845586145
UP000001881	0.025067902369919216	0.0324983279783656	0.0324983279783656	0.0324983279783656	0.0324983279783656	0.025067902369919216	0.0324983279783656	0.025067902369919216	0.025067902369919216	0.0324983279783656	0.025067902369919216	0.025067902369919216	0.08426244093377037	0.08426244093377037	0.08426244093377037	0.0649966559567312	0.0649966559567312	0.09006455832665042	0.08426244093377037	0.0974949839350968
UP000001926	0.0700459977042664	0.028006396106406727	0.028006396106406727	0.028006396106406727	0.028006396106406727	0.0700459977042664	0.028006396106406727	0.0700459977042664	0.0700459977042664	0.028006396106406727	0.0700459977042664	0.0700459977042664	0.02239551861850859	0.02239551861850859	0.02239551861850859	0.05601279221281345	0.05601279221281345	0.12605878991707983	0.02239551861850859	0.08401918831922019
UP000001940	0.0441352895252529	0.03295028270948239	0.03295028270948239	0.03295028270948239	0.03295028270948239	0.0441352895252529	0.03295028270948239	0.0441352895252529	0.0441352895252529	0.03295028270948239	0.0441352895252529	0.0441352895252529	0.04919968317024846	0.04919968317024846	0.04919968317024846	0.06590056541896477	0.06590056541896477	0.11003585494421766	0.04919968317024846	0.09885084812844716
UP000001949	0.05213409492546006	0.031916481868033544	0.031916481868033544	0.031916481868033544	0.031916481868033544	0.05213409492546006	0.031916481868033544	0.05213409492546006	0.05213409492546006	0.031916481868033544	0.05213409492546006	0.05213409492546006	0.0390785268753191	0.0390785268753191	0.0390785268753191	0.06383296373606709	0.06383296373606709	0.11596705866152715	0.0390785268753191	0.09574944560410063
UP000001950	0.05589163712120925	0.031259568164275456	0.031259568164275456	0.031259568164275456	0.031259568164275456	0.05589163712120925	0.031259568164275456	0.05589163712120925	0.05589163712120925	0.031259568164275456	0.05589163712120925	0.05589163712120925	0.03496625442185087	0.03496625442185087	0.03496625442185087	0.06251913632855091	0.06251913632855091	0.11841077344976016	0.03496625442185087	0.09377870449282637
UP000001996	0.047768874092241745	0.03254728766134053	0.03254728766134053	0.03254728766134053	0.03254728766134053	0.047768874092241745	0.03254728766134053	0.047768874092241745	0.047768874092241745	0.03254728766134053	0.047768874092241745	0.047768874092241745	0.04435214160854996	0.04435214160854996	0.04435214160854996	0.06509457532268106	0.06509457532268106	0.11286344941492282	0.04435214160854996	0.09764186298402161
UP000001997	0.04096862899466429	0.033199416808806524	0.033199416808806524	0.033199416808806524	0.033199416808806524	0.04096862899466429	0.033199416808806524	0.04096862899466429	0.04096862899466429	0.033199416808806524	0.04096862899466429	0.04096862899466429	0.05380708622631304	0.05380708622631304	0.05380708622631304	0.06639883361761305	0.06639883361761305	0.10736746261227734	0.05380708622631304	0.09959825042641957
UP000002009	0.016189424400660807	0.029819101927949825	0.029819101927949825	0.029819101927949825	0.029819101927949825	0.016189424400660807	0.029819101927949825	0.016189424400660807	0.016189424400660807	0.029819101927949825	0.016189424400660807	0.016189424400660807	0.10984687506903178	0.10984687506903178	0.10984687506903178	0.05963820385589965	0.05963820385589965	0.07582762825656045	0.10984687506903178	0.08945730578384946
UP000002035	0.0318714211700885	0.033270329399583964	0.033270329399583964	0.033270329399583964	0.033270329399583964	0.0318714211700885	0.033270329399583964	0.0318714211700885	0.0318714211700885	0.033270329399583964	0.0318714211700885	0.0318714211700885	0.06946127770390526	0.06946127770390526	0.06946127770390526	0.06654065879916793	0.06654065879916793	0.09841207996925644	0.06946127770390526	0.0998109881987519
UP000002036	0.03443120398381922	0.033360150496557245	0.033360150496557245	0.033360150496557245	0.033360150496557245	0.03443120398381922	0.033360150496557245	0.03443120398381922	0.03443120398381922	0.033360150496557245	0.03443120398381922	0.03443120398381922	0.06464482866622673	0.06464482866622673	0.06464482866622673	0.06672030099311449	0.06672030099311449	0.10115150497693369	0.06464482866622673	0.1000804514896717
UP000002037	0.0591678742007237	0.030609496541338706	0.030609496541338706	0.030609496541338706	0.030609496541338706	0.0591678742007237	0.030609496541338706	0.0591678742007237	0.0591678742007237	0.030609496541338706	0.0591678742007237	0.0591678742007237	0.031670608118713396	0.031670608118713396	0.031670608118713396	0.06121899308267741	0.06121899308267741	0.1203868672834011	0.031670608118713396	0.09182848962401612
UP000002038	0.03220164483412295	0.033287380160068734	0.033287380160068734	0.033287380160068734	0.033287380160068734	0.03220164483412295	0.033287380160068734	0.03220164483412295	0.03220164483412295	0.033287380160068734	0.03220164483412295	0.03220164483412295	0.06881944594002705	0.06881944594002705	0.06881944594002705	0.06657476032013747	0.06657476032013747	0.09877640515426044	0.06881944594002705	0.09986214048020622
UP000002051	0.04748451636029043	0.03258302127275644	0.03258302127275644	0.03258302127275644	0.03258302127275644	0.04748451636029043	0.03258302127275644	0.04748451636029043	0.04748451636029043	0.03258302127275644	0.04748451636029043	0.04748451636029043	0.04471576659665511	0.04471576659665511	0.04471576659665511	0.06516604254551288	0.06516604254551288	0.1126505589058033	0.04471576659665511	0.09774906381826931
UP000002058	0.030975937447115222	0.03321550227480334	0.03321550227480334	0.03321550227480334	0.03321550227480334	0.030975937447115222	0.03321550227480334	0.030975937447115222	0.030975937447115222	0.03321550227480334	0.030975937447115222	0.030975937447115222	0.07123397593703581	0.07123397593703581	0.07123397593703581	0.06643100454960668	0.06643100454960668	0.09740694199672191	0.07123397593703581	0.09964650682441004
UP000002059	0.03238115015869432	0.03329594834933803	0.03329594834933803	0.03329594834933803	0.03329594834933803	0.03238115015869432	0.03329594834933803	0.03238115015869432	0.03238115015869432	0.03329594834933803	0.03238115015869432	0.03238115015869432	0.06847318091226738	0.06847318091226738	0.06847318091226738	0.06659189669867606	0.06659189669867606	0.09897304685737036	0.06847318091226738	0.09988784504801408
UP000002149	0.031700801888143455	0.03326085855096524	0.03326085855096524	0.03326085855096524	0.03326085855096524	0.031700801888143455	0.03326085855096524	0.031700801888143455	0.031700801888143455	0.03326085855096524	0.031700801888143455	0.031700801888143455	0.06979537712962924	0.06979537712962924	0.06979537712962924	0.06652171710193049	0.06652171710193049	0.09822251899007393	0.06979537712962924	0.09978257565289574
UP000002173	0.04260761403013567	0.033083049707502525	0.033083049707502525	0.033083049707502525	0.033083049707502525	0.04260761403013567	0.033083049707502525	0.04260761403013567	0.04260761403013567	0.033083049707502525	0.04260761403013567	0.04260761403013567	0.05137523904412811	0.05137523904412811	0.05137523904412811	0.06616609941500505	0.06616609941500505	0.10877371344514072	0.05137523904412811	0.09924914912250757
UP000002195	0.07181860661369766	0.027525071567497315	0.027525071567497315	0.027525071567497315	0.027525071567497315	0.07181860661369766	0.027525071567497315	0.07181860661369766	0.07181860661369766	0.027525071567497315	0.07181860661369766	0.07181860661369766	0.021098420047914145	0.021098420047914145	0.021098420047914145	0.05505014313499463	0.05505014313499463	0.12686874974869228	0.021098420047914145	0.08257521470249193
UP000002226	0.025327951219238826	0.032544474417573556	0.032544474417573556	0.032544474417573556	0.032544474417573556	0.025327951219238826	0.032544474417573556	0.025327951219238826	0.025327951219238826	0.032544474417573556	0.025327951219238826	0.025327951219238826	0.0836343063004312	0.0836343063004312	0.0836343063004312	0.06508894883514711	0.06508894883514711	0.09041690005438596	0.0836343063004312	0.09763342325272069
