Proteome_ID	M	W	C	D	E	F	H	K	N	Q	Y	I	A	G	P	T	V	L	R	S
UP000008323	0.06336256201385258	0.0284098305388726	0.0284098305388726	0.0284098305388726	0.0284098305388726	0.06336256201385258	0.0284098305388726	0.019615045431970745	0.10711007859573443	0.0284098305388726	0.06336256201385258	0.06336256201385258	0.025476194320267622	0.025476194320267622	0.025476194320267622	0.0568196610777452	0.0568196610777452	0.12018222309159779	0.025476194320267622	0.1136393221554904
UP000002535	0.051073321503512584	0.030842645860086424	0.030842645860086424	0.030842645860086424	0.030842645860086424	0.051073321503512584	0.030842645860086424	0.01922990619202726	0.08291673681499791	0.030842645860086424	0.051073321503512584	0.051073321503512584	0.03725110392850727	0.03725110392850727	0.03725110392850727	0.06168529172017285	0.06168529172017285	0.11275861322368544	0.03725110392850727	0.1233705834403457
UP000001961	0.025568610696846066	0.031683424801698584	0.031683424801698584	0.031683424801698584	0.031683424801698584	0.025568610696846066	0.031683424801698584	0.014149735415398832	0.0369874859782933	0.031683424801698584	0.025568610696846066	0.025568610696846066	0.07852123207372504	0.07852123207372504	0.07852123207372504	0.06336684960339717	0.06336684960339717	0.08893546030024324	0.07852123207372504	0.12673369920679434
UP000000815	0.03376573114124946	0.03228903377086022	0.03228903377086022	0.03228903377086022	0.03228903377086022	0.03376573114124946	0.03228903377086022	0.01650543809471215	0.05102602418778677	0.03228903377086022	0.03376573114124946	0.03376573114124946	0.0617538354193726	0.0617538354193726	0.0617538354193726	0.06457806754172044	0.06457806754172044	0.0983437986829699	0.0617538354193726	0.12915613508344087
UP000000425	0.02752314721693089	0.031933423960752806	0.031933423960752806	0.031933423960752806	0.031933423960752806	0.02752314721693089	0.031933423960752806	0.014782358138108633	0.04026393629575315	0.031933423960752806	0.02752314721693089	0.02752314721693089	0.07410079652735971	0.07410079652735971	0.07410079652735971	0.06386684792150561	0.06386684792150561	0.0913899951384365	0.07410079652735971	0.12773369584301122
UP000010481	0.03763757857763165	0.03223209107488912	0.03223209107488912	0.03223209107488912	0.03223209107488912	0.03763757857763165	0.03223209107488912	0.017362868131275775	0.057912289023987526	0.03223209107488912	0.03763757857763165	0.03763757857763165	0.055205873189588174	0.055205873189588174	0.055205873189588174	0.06446418214977824	0.06446418214977824	0.10210176072740988	0.055205873189588174	0.12892836429955648
UP000002194	0.017699505325220948	0.029751492838646046	0.029751492838646046	0.029751492838646046	0.029751492838646046	0.017699505325220948	0.029751492838646046	0.011097484274458827	0.02430152637598307	0.029751492838646046	0.017699505325220948	0.017699505325220948	0.10001989432627914	0.10001989432627914	0.10001989432627914	0.05950298567729209	0.05950298567729209	0.07720249100251304	0.10001989432627914	0.11900597135458418
UP000010378	0.05556428915524444	0.030059655644510647	0.030059655644510647	0.030059655644510647	0.030059655644510647	0.05556428915524444	0.030059655644510647	0.01950673263238209	0.09162184567810679	0.030059655644510647	0.05556428915524444	0.05556428915524444	0.032523871400279625	0.032523871400279625	0.032523871400279625	0.060119311289021295	0.060119311289021295	0.11568360044426573	0.032523871400279625	0.12023862257804259
UP000001168	0.03788920755946383	0.032222132116215566	0.032222132116215566	0.032222132116215566	0.032222132116215566	0.03788920755946383	0.032222132116215566	0.017413317979762685	0.05836509713916498	0.032222132116215566	0.03788920755946383	0.03788920755946383	0.05480535830607605	0.05480535830607605	0.05480535830607605	0.06444426423243113	0.06444426423243113	0.10233347179189496	0.05480535830607605	0.12888852846486226
UP000000430	0.0426208650663927	0.03190882969130133	0.03190882969130133	0.03190882969130133	0.03190882969130133	0.0426208650663927	0.03190882969130133	0.01824751770580762	0.06699421242697778	0.03190882969130133	0.0426208650663927	0.0426208650663927	0.04777816736860749	0.04777816736860749	0.04777816736860749	0.06381765938260266	0.06381765938260266	0.10643852444899535	0.04777816736860749	0.1276353187652053
UP000001054	0.020002580939592965	0.030498265815483743	0.030498265815483743	0.030498265815483743	0.030498265815483743	0.020002580939592965	0.030498265815483743	0.01207987726324824	0.02792528461593769	0.030498265815483743	0.020002580939592965	0.020002580939592965	0.09300242009377734	0.09300242009377734	0.09300242009377734	0.060996531630967486	0.060996531630967486	0.08099911257056046	0.09300242009377734	0.12199306326193497
UP000008561	0.021718820143099324	0.030948208550747192	0.030948208550747192	0.030948208550747192	0.030948208550747192	0.021718820143099324	0.030948208550747192	0.01276241686562698	0.03067522342057167	0.030948208550747192	0.021718820143099324	0.021718820143099324	0.08819923054658739	0.08819923054658739	0.08819923054658739	0.061896417101494385	0.061896417101494385	0.08361523724459372	0.08819923054658739	0.12379283420298877
UP000008898	0.04103432988470616	0.03203938812816171	0.03203938812816171	0.03203938812816171	0.03203938812816171	0.04103432988470616	0.03203938812816171	0.017991623493464667	0.06407703627594764	0.03203938812816171	0.04103432988470616	0.04103432988470616	0.050032370189117346	0.050032370189117346	0.050032370189117346	0.06407877625632342	0.06407877625632342	0.10511310614102959	0.050032370189117346	0.12815755251264685
UP000008204	0.040230986185549024	0.03209597838767469	0.03209597838767469	0.03209597838767469	0.03209597838767469	0.040230986185549024	0.03209597838767469	0.017852993980121454	0.06260897839097661	0.03209597838767469	0.040230986185549024	0.040230986185549024	0.05121186062459046	0.05121186062459046	0.05121186062459046	0.06419195677534938	0.06419195677534938	0.10442294296089841	0.05121186062459046	0.12838391355069875
UP000001946	0.03340038095813893	0.0322844407344406	0.0322844407344406	0.0322844407344406	0.0322844407344406	0.03340038095813893	0.0322844407344406	0.01641646565773646	0.050384296258541406	0.0322844407344406	0.03340038095813893	0.03340038095813893	0.06241157038549443	0.06241157038549443	0.06241157038549443	0.0645688814688812	0.0645688814688812	0.09796926242702016	0.06241157038549443	0.1291377629377624
UP000017700	0.03510425206194757	0.03229062958233637	0.03229062958233637	0.03229062958233637	0.03229062958233637	0.03510425206194757	0.03229062958233637	0.016819354414482558	0.05338914970941258	0.03229062958233637	0.03510425206194757	0.03510425206194757	0.05940504056224628	0.05940504056224628	0.05940504056224628	0.06458125916467274	0.06458125916467274	0.09968551122662031	0.05940504056224628	0.12916251832934547
UP000002084	0.02781752453777434	0.03196472534584916	0.03196472534584916	0.03196472534584916	0.03196472534584916	0.02781752453777434	0.03196472534584916	0.014873637800221945	0.04076141127532673	0.03196472534584916	0.02781752453777434	0.02781752453777434	0.07346043067549826	0.07346043067549826	0.07346043067549826	0.06392945069169832	0.06392945069169832	0.09174697522947267	0.07346043067549826	0.12785890138339664
UP000065734	0.017030890211582748	0.029499934830777255	0.029499934830777255	0.029499934830777255	0.029499934830777255	0.017030890211582748	0.029499934830777255	0.010797361768127624	0.02326441865503787	0.029499934830777255	0.017030890211582748	0.017030890211582748	0.1021962028066212	0.1021962028066212	0.1021962028066212	0.05899986966155451	0.05899986966155451	0.07603075987313726	0.1021962028066212	0.11799973932310902
UP000001191	0.039253775200364584	0.03215581280069216	0.03215581280069216	0.03215581280069216	0.03215581280069216	0.039253775200364584	0.03215581280069216	0.017676016378146545	0.060831534022582616	0.03215581280069216	0.039253775200364584	0.039253775200364584	0.05268264219659333	0.05268264219659333	0.05268264219659333	0.06431162560138431	0.06431162560138431	0.1035654008017489	0.05268264219659333	0.12862325120276863
UP000002186	0.011120508553015976	0.026369780628806957	0.026369780628806957	0.026369780628806957	0.026369780628806957	0.011120508553015976	0.026369780628806957	0.007821902082472654	0.0144191150235593	0.026369780628806957	0.011120508553015976	0.011120508553015976	0.1250599875169942	0.1250599875169942	0.1250599875169942	0.052739561257613914	0.052739561257613914	0.06386006981062989	0.1250599875169942	0.10547912251522783
UP000254519	0.04104054066279406	0.03203892519517499	0.03203892519517499	0.03203892519517499	0.03203892519517499	0.04104054066279406	0.03203892519517499	0.017992671358878193	0.06408840996670995	0.03203892519517499	0.04104054066279406	0.04104054066279406	0.05002335305941043	0.05002335305941043	0.05002335305941043	0.06407785039034998	0.06407785039034998	0.10511839105314405	0.05002335305941043	0.12815570078069996
UP000001688	0.0312910959074772	0.03222093896640333	0.03222093896640333	0.03222093896640333	0.03222093896640333	0.0312910959074772	0.03222093896640333	0.015874605394533378	0.04670758642042102	0.03222093896640333	0.0312910959074772	0.0312910959074772	0.06635682629630156	0.06635682629630156	0.06635682629630156	0.06444187793280666	0.06444187793280666	0.09573297384028386	0.06635682629630156	0.12888375586561332
UP000001430	0.05762757460850332	0.0296568111398666	0.0296568111398666	0.0296568111398666	0.0296568111398666	0.05762757460850332	0.0296568111398666	0.019580250029368765	0.09567489918763787	0.0296568111398666	0.05762757460850332	0.05762757460850332	0.03052449987565279	0.03052449987565279	0.03052449987565279	0.0593136222797332	0.0593136222797332	0.11694119688823651	0.03052449987565279	0.1186272445594664
UP000029482	0.010220226672729472	0.025704485758220205	0.025704485758220205	0.025704485758220205	0.025704485758220205	0.010220226672729472	0.025704485758220205	0.007312672897797009	0.013127780447661934	0.025704485758220205	0.010220226672729472	0.010220226672729472	0.1292966602898426	0.1292966602898426	0.1292966602898426	0.05140897151644041	0.05140897151644041	0.061629198189169884	0.1292966602898426	0.10281794303288082
UP000889800	0.02431241935477928	0.03148130015026663	0.03148130015026663	0.03148130015026663	0.03148130015026663	0.02431241935477928	0.03148130015026663	0.013718149244696578	0.03490668946486197	0.03148130015026663	0.02431241935477928	0.02431241935477928	0.08152806552806972	0.08152806552806972	0.08152806552806972	0.06296260030053326	0.06296260030053326	0.08727501965531255	0.08152806552806972	0.12592520060106652
UP000002384	0.04290258555370199	0.03188312280766769	0.03188312280766769	0.03188312280766769	0.03188312280766769	0.04290258555370199	0.03188312280766769	0.0182905054180341	0.06751466568936988	0.03188312280766769	0.04290258555370199	0.04290258555370199	0.04738798405035076	0.04738798405035076	0.04738798405035076	0.06376624561533538	0.06376624561533538	0.10666883116903736	0.04738798405035076	0.12753249123067076
UP000002417	0.013513497184879103	0.02786299340918415	0.02786299340918415	0.02786299340918415	0.02786299340918415	0.013513497184879103	0.02786299340918415	0.009100010116646757	0.01792698425311145	0.02786299340918415	0.013513497184879103	0.013513497184879103	0.11489940628972498	0.11489940628972498	0.11489940628972498	0.0557259868183683	0.0557259868183683	0.0692394840032474	0.11489940628972498	0.1114519736367366
UP000000817	0.04860971895016639	0.031212445677351503	0.031212445677351503	0.031212445677351503	0.031212445677351503	0.04860971895016639	0.031212445677351503	0.01900760545900234	0.07821183244133045	0.031212445677351503	0.04860971895016639	0.04860971895016639	0.04008320912780278	0.04008320912780278	0.04008320912780278	0.062424891354703006	0.062424891354703006	0.1110346103048694	0.04008320912780278	0.12484978270940601
UP000001566	0.019396785633349536	0.030318680931714057	0.030318680931714057	0.030318680931714057	0.030318680931714057	0.019396785633349536	0.030318680931714057	0.01182901409461262	0.026964557172086446	0.030318680931714057	0.019396785633349536	0.019396785633349536	0.09478090141478206	0.09478090141478206	0.09478090141478206	0.060637361863428114	0.060637361863428114	0.08003414749677765	0.09478090141478206	0.12127472372685623
UP000000562	0.07685294800579655	0.024857009485455394	0.024857009485455394	0.024857009485455394	0.024857009485455394	0.07685294800579655	0.024857009485455394	0.018782177327422465	0.13492371868417063	0.024857009485455394	0.07685294800579655	0.07685294800579655	0.01607930304803447	0.01607930304803447	0.01607930304803447	0.04971401897091079	0.04971401897091079	0.12656696697670736	0.01607930304803447	0.09942803794182158
UP000000585	0.04400560583281539	0.03177541024107388	0.03177541024107388	0.03177541024107388	0.03177541024107388	0.04400560583281539	0.03177541024107388	0.01845180034114761	0.06955941132448316	0.03177541024107388	0.04400560583281539	0.04400560583281539	0.04588854882827758	0.04588854882827758	0.04588854882827758	0.06355082048214776	0.06355082048214776	0.10755642631496315	0.04588854882827758	0.12710164096429552
UP000001020	0.01541981213946341	0.028820416648766983	0.028820416648766983	0.028820416648766983	0.028820416648766983	0.01541981213946341	0.028820416648766983	0.010045278306139308	0.02079434597278751	0.028820416648766983	0.01541981213946341	0.01541981213946341	0.1077336621608711	0.1077336621608711	0.1077336621608711	0.057640833297533965	0.057640833297533965	0.07306064543699736	0.1077336621608711	0.11528166659506793
UP000000594	0.05175755904377541	0.030732140284341698	0.030732140284341698	0.030732140284341698	0.030732140284341698	0.05175755904377541	0.030732140284341698	0.019282656843994966	0.08423246124355585	0.030732140284341698	0.05175755904377541	0.05175755904377541	0.036495710536026266	0.036495710536026266	0.036495710536026266	0.061464280568683395	0.061464280568683395	0.11322183961245881	0.036495710536026266	0.12292856113736679
UP000000586	0.043866748077341804	0.03178957986704	0.03178957986704	0.03178957986704	0.03178957986704	0.043866748077341804	0.03178957986704	0.018432106466191978	0.06930138968849163	0.03178957986704	0.043866748077341804	0.043866748077341804	0.04607487139649185	0.04607487139649185	0.04607487139649185	0.06357915973408	0.06357915973408	0.1074459078114218	0.04607487139649185	0.12715831946816
UP000037395	0.009921152691087001	0.02546878578337009	0.02546878578337009	0.02546878578337009	0.02546878578337009	0.009921152691087001	0.02546878578337009	0.0071398743118972555	0.012702431070276746	0.02546878578337009	0.009921152691087001	0.009921152691087001	0.13076283965711746	0.13076283965711746	0.13076283965711746	0.05093757156674018	0.05093757156674018	0.06085872425782718	0.13076283965711746	0.10187514313348035
UP000001174	0.05640578698409952	0.02989847115925278	0.02989847115925278	0.02989847115925278	0.02989847115925278	0.05640578698409952	0.02989847115925278	0.019540713652365205	0.09327086031583383	0.02989847115925278	0.05640578698409952	0.05640578698409952	0.031695988140814736	0.031695988140814736	0.031695988140814736	0.05979694231850556	0.05979694231850556	0.11620272930260507	0.031695988140814736	0.11959388463701112
UP000061569	0.012042625348702396	0.02698885261138708	0.02698885261138708	0.02698885261138708	0.02698885261138708	0.012042625348702396	0.02698885261138708	0.008327039035586082	0.01575821166181871	0.02698885261138708	0.012042625348702396	0.012042625348702396	0.12096999519422248	0.12096999519422248	0.12096999519422248	0.05397770522277416	0.05397770522277416	0.06602033057147656	0.12096999519422248	0.10795541044554832
UP000002516	0.028992598896683045	0.03207413681870765	0.03207413681870765	0.03207413681870765	0.03207413681870765	0.028992598896683045	0.03207413681870765	0.015227808934738228	0.042757388858627864	0.03207413681870765	0.028992598896683045	0.028992598896683045	0.07096640465597406	0.07096640465597406	0.07096640465597406	0.0641482736374153	0.0641482736374153	0.09314087253409836	0.07096640465597406	0.1282965472748306
UP000001584	0.015336214986748246	0.028782112379647926	0.028782112379647926	0.028782112379647926	0.028782112379647926	0.015336214986748246	0.028782112379647926	0.010005108751317682	0.02066732122217881	0.028782112379647926	0.015336214986748246	0.015336214986748246	0.1080331742545989	0.1080331742545989	0.1080331742545989	0.05756422475929585	0.05756422475929585	0.07290043974604409	0.1080331742545989	0.1151284495185917
UP000001962	0.013584020868564878	0.027901739476887514	0.027901739476887514	0.027901739476887514	0.027901739476887514	0.013584020868564878	0.027901739476887514	0.009136094124037137	0.018031947613092618	0.027901739476887514	0.013584020868564878	0.013584020868564878	0.11462100557246138	0.11462100557246138	0.11462100557246138	0.05580347895377503	0.05580347895377503	0.06938749982233991	0.11462100557246138	0.11160695790755006
UP000000579	0.0499332854440096	0.031019338385643493	0.031019338385643493	0.031019338385643493	0.031019338385643493	0.0499332854440096	0.031019338385643493	0.019133382027912683	0.08073318886010653	0.031019338385643493	0.0499332854440096	0.0499332854440096	0.03853939693040923	0.03853939693040923	0.03853939693040923	0.06203867677128699	0.06203867677128699	0.1119719622152966	0.03853939693040923	0.12407735354257397
UP000002357	0.010325783099864063	0.025785857849574774	0.025785857849574774	0.025785857849574774	0.025785857849574774	0.010325783099864063	0.025785857849574774	0.007373222822287001	0.013278343377441123	0.025785857849574774	0.010325783099864063	0.010325783099864063	0.12878644817693882	0.12878644817693882	0.12878644817693882	0.05157171569914955	0.05157171569914955	0.0618974987990136	0.12878644817693882	0.1031434313982991
UP000002521	0.06743760851145206	0.027421128271985503	0.027421128271985503	0.027421128271985503	0.027421128271985503	0.06743760851145206	0.027421128271985503	0.019494412175973055	0.11538080484693107	0.027421128271985503	0.06743760851145206	0.06743760851145206	0.02229967201701686	0.02229967201701686	0.02229967201701686	0.054842256543971006	0.054842256543971006	0.12227986505542308	0.02229967201701686	0.10968451308794201
UP000069205	0.017234650586028473	0.029578386816562385	0.029578386816562385	0.029578386816562385	0.029578386816562385	0.017234650586028473	0.029578386816562385	0.010889555345401076	0.023579745826655875	0.029578386816562385	0.017234650586028473	0.017234650586028473	0.10152581420820063	0.10152581420820063	0.10152581420820063	0.05915677363312477	0.05915677363312477	0.07639142421915325	0.10152581420820063	0.11831354726624954
UP000000558	0.030129126783445648	0.032157399713240005	0.032157399713240005	0.032157399713240005	0.032157399713240005	0.030129126783445648	0.032157399713240005	0.015555119661997878	0.044703133904893416	0.032157399713240005	0.030129126783445648	0.030129126783445648	0.06864442927601011	0.06864442927601011	0.06864442927601011	0.06431479942648001	0.06431479942648001	0.09444392620992566	0.06864442927601011	0.12862959885296002
UP000035170	0.01562591605798907	0.028913512135804	0.028913512135804	0.028913512135804	0.028913512135804	0.01562591605798907	0.028913512135804	0.010143823840977902	0.02110800827500023	0.028913512135804	0.01562591605798907	0.01562591605798907	0.10700059835530316	0.10700059835530316	0.10700059835530316	0.057827024271608	0.057827024271608	0.07345294032959707	0.10700059835530316	0.115654048543216
UP000001010	0.015199761900849961	0.028718905347104657	0.028718905347104657	0.028718905347104657	0.028718905347104657	0.015199761900849961	0.028718905347104657	0.009939293486857055	0.020460230314842873	0.028718905347104657	0.015199761900849961	0.015199761900849961	0.10852479528509397	0.10852479528509397	0.10852479528509397	0.057437810694209314	0.057437810694209314	0.07263757259505929	0.10852479528509397	0.11487562138841863
UP000001423	0.027648034475530728	0.031946898494784444	0.031946898494784444	0.031946898494784444	0.031946898494784444	0.027648034475530728	0.031946898494784444	0.014821208900596398	0.04047486005046506	0.031946898494784444	0.027648034475530728	0.027648034475530728	0.07382834568868347	0.07382834568868347	0.07382834568868347	0.06389379698956889	0.06389379698956889	0.09154183146509962	0.07382834568868347	0.12778759397913778
UP000000818	0.06257011029464951	0.02859260754886789	0.02859260754886789	0.02859260754886789	0.02859260754886789	0.06257011029464951	0.02859260754886789	0.01962471776033728	0.10551550282896173	0.02859260754886789	0.06257011029464951	0.06257011029464951	0.026131876788891846	0.026131876788891846	0.026131876788891846	0.05718521509773578	0.05718521509773578	0.11975532539238529	0.026131876788891846	0.11437043019547156
UP000001203	0.043889839425194886	0.03178723556284581	0.03178723556284581	0.03178723556284581	0.03178723556284581	0.043889839425194886	0.03178723556284581	0.018435393609552448	0.06934428524083733	0.03178723556284581	0.043889839425194886	0.043889839425194886	0.04604383875452569	0.04604383875452569	0.04604383875452569	0.06357447112569162	0.06357447112569162	0.1074643105508865	0.04604383875452569	0.12714894225138323
UP000000429	0.04616744670555953	0.031533003615585815	0.031533003615585815	0.031533003615585815	0.031533003615585815	0.04616744670555953	0.031533003615585815	0.018736033805103885	0.07359885960601516	0.031533003615585815	0.04616744670555953	0.04616744670555953	0.04307495380292755	0.04307495380292755	0.04307495380292755	0.06306600723117163	0.06306600723117163	0.10923345393673116	0.04307495380292755	0.12613201446234326
UP000000640	0.010931982828271014	0.026235696472481383	0.026235696472481383	0.026235696472481383	0.026235696472481383	0.010931982828271014	0.026235696472481383	0.007716601862712773	0.014147363793829255	0.026235696472481383	0.010931982828271014	0.010931982828271014	0.1259262441606002	0.1259262441606002	0.1259262441606002	0.052471392944962766	0.052471392944962766	0.06340337577323378	0.1259262441606002	0.10494278588992553
UP000001170	0.04571624757740313	0.03158690797749769	0.03158690797749769	0.03158690797749769	0.03158690797749769	0.04571624757740313	0.03158690797749769	0.01868015470957558	0.07275234044523068	0.03158690797749769	0.04571624757740313	0.04571624757740313	0.04364893482955377	0.04364893482955377	0.04364893482955377	0.06317381595499538	0.06317381595499538	0.1088900635323985	0.04364893482955377	0.12634763190999077
UP000006552	0.01570062297862185	0.02894679091700412	0.02894679091700412	0.02894679091700412	0.02894679091700412	0.01570062297862185	0.02894679091700412	0.010179372352704219	0.02122187360453948	0.02894679091700412	0.01570062297862185	0.01570062297862185	0.1067367461193953	0.1067367461193953	0.1067367461193953	0.05789358183400824	0.05789358183400824	0.07359420481263008	0.1067367461193953	0.11578716366801647
UP000001409	0.016978597628699136	0.029479542678108782	0.029479542678108782	0.029479542678108782	0.029479542678108782	0.016978597628699136	0.029479542678108782	0.01077359726636167	0.0231835979910366	0.029479542678108782	0.016978597628699136	0.016978597628699136	0.1023692834373414	0.1023692834373414	0.1023692834373414	0.058959085356217564	0.058959085356217564	0.0759376829849167	0.1023692834373414	0.11791817071243513
UP000001937	0.011740262161541172	0.02679234727054065	0.02679234727054065	0.02679234727054065	0.02679234727054065	0.011740262161541172	0.02679234727054065	0.008163194383023256	0.015317329940059085	0.02679234727054065	0.011740262161541172	0.011740262161541172	0.12228515213514035	0.12228515213514035	0.12228515213514035	0.0535846945410813	0.0535846945410813	0.06532495670262248	0.12228515213514035	0.1071693890821626
UP000198251	0.019783799308152526	0.030434720710882508	0.030434720710882508	0.030434720710882508	0.030434720710882508	0.019783799308152526	0.030434720710882508	0.011989887521885248	0.027577711094419796	0.030434720710882508	0.019783799308152526	0.019783799308152526	0.09363946836720304	0.09363946836720304	0.09363946836720304	0.060869441421765015	0.060869441421765015	0.08065324072991754	0.09363946836720304	0.12173888284353003
UP000183015	0.008007155181782417	0.02375616823510747	0.02375616823510747	0.02375616823510747	0.02375616823510747	0.008007155181782417	0.02375616823510747	0.005988646814013425	0.01002566354955141	0.02375616823510747	0.008007155181782417	0.008007155181782417	0.1409628054914509	0.1409628054914509	0.1409628054914509	0.04751233647021494	0.04751233647021494	0.05551949165199735	0.1409628054914509	0.09502467294042988
UP000008080	0.033063996579375726	0.03227858567865175	0.03227858567865175	0.03227858567865175	0.03227858567865175	0.033063996579375726	0.03227858567865175	0.016333285425598754	0.049794707733152706	0.03227858567865175	0.033063996579375726	0.033063996579375726	0.06302366327148548	0.06302366327148548	0.06302366327148548	0.0645571713573035	0.0645571713573035	0.09762116793667922	0.06302366327148548	0.129114342714607
UP000006647	0.06657787685280836	0.027636301047226988	0.027636301047226988	0.027636301047226988	0.027636301047226988	0.06657787685280836	0.027636301047226988	0.019529611028837802	0.11362614267677892	0.027636301047226988	0.06657787685280836	0.06657787685280836	0.0229435113186774	0.0229435113186774	0.0229435113186774	0.055272602094453976	0.055272602094453976	0.12185047894726235	0.0229435113186774	0.11054520418890795
UP000000809	0.045326003330804644	0.03163214268762277	0.03163214268762277	0.03163214268762277	0.03163214268762277	0.045326003330804644	0.03163214268762277	0.018630368310540744	0.07202163835106855	0.03163214268762277	0.045326003330804644	0.045326003330804644	0.04415092342060082	0.04415092342060082	0.04415092342060082	0.06326428537524555	0.06326428537524555	0.1085902887060502	0.04415092342060082	0.1265285707504911
UP000001572	0.04989868985443088	0.03102455240607451	0.03102455240607451	0.03102455240607451	0.03102455240607451	0.04989868985443088	0.03102455240607451	0.019130282909324215	0.08066709679953755	0.03102455240607451	0.04989868985443088	0.04989868985443088	0.03857908313044792	0.03857908313044792	0.03857908313044792	0.06204910481214902	0.06204910481214902	0.1119477946665799	0.03857908313044792	0.12409820962429804
UP000002207	0.018528176146293648	0.03004067891742199	0.03004067891742199	0.03004067891742199	0.03004067891742199	0.018528176146293648	0.03004067891742199	0.011459998177969472	0.02559635411461782	0.03004067891742199	0.018528176146293648	0.018528176146293648	0.09741297607429815	0.09741297607429815	0.09741297607429815	0.06008135783484398	0.06008135783484398	0.07860953398113764	0.09741297607429815	0.12016271566968796
UP000194841	0.0463785904503063	0.03150719459939287	0.03150719459939287	0.03150719459939287	0.03150719459939287	0.0463785904503063	0.03150719459939287	0.018761565716143326	0.07399561518446927	0.03150719459939287	0.0463785904503063	0.0463785904503063	0.04280868831439249	0.04280868831439249	0.04280868831439249	0.06301438919878574	0.06301438919878574	0.10939297964909205	0.04280868831439249	0.12602877839757148
UP000001410	0.030273756371784467	0.03216647174343248	0.03216647174343248	0.03216647174343248	0.03216647174343248	0.030273756371784467	0.03216647174343248	0.015595713825767476	0.04495179891780146	0.03216647174343248	0.030273756371784467	0.030273756371784467	0.06835503937564728	0.06835503937564728	0.06835503937564728	0.06433294348686495	0.06433294348686495	0.09460669985864943	0.06835503937564728	0.1286658869737299
UP000006637	0.01102320075489019	0.026300906250122005	0.026300906250122005	0.026300906250122005	0.026300906250122005	0.01102320075489019	0.026300906250122005	0.007767638475361462	0.014278763034418919	0.026300906250122005	0.01102320075489019	0.01102320075489019	0.12550577367845417	0.12550577367845417	0.12550577367845417	0.05260181250024401	0.05260181250024401	0.0636250132551342	0.12550577367845417	0.10520362500048802
UP000000625	0.03129073437929228	0.03222092246148745	0.03222092246148745	0.03222092246148745	0.03222092246148745	0.03129073437929228	0.03222092246148745	0.015874508339874045	0.04670696041871052	0.03222092246148745	0.03129073437929228	0.03129073437929228	0.0663575249902887	0.0663575249902887	0.0663575249902887	0.0644418449229749	0.0644418449229749	0.0957325793022672	0.0663575249902887	0.1288836898459498
UP000001806	0.07062994686070115	0.026593080410521112	0.026593080410521112	0.026593080410521112	0.026593080410521112	0.07062994686070115	0.026593080410521112	0.019319166549069396	0.12194072717233291	0.026593080410521112	0.07062994686070115	0.07062994686070115	0.020025271351688544	0.020025271351688544	0.020025271351688544	0.053186160821042223	0.053186160821042223	0.12381610768174336	0.020025271351688544	0.10637232164208445
UP000002361	0.014467926615841968	0.028364957241661944	0.028364957241661944	0.028364957241661944	0.028364957241661944	0.014467926615841968	0.028364957241661944	0.009581006060649946	0.01935484717103399	0.028364957241661944	0.014467926615841968	0.014467926615841968	0.11122129945562877	0.11122129945562877	0.11122129945562877	0.05672991448332389	0.05672991448332389	0.07119784109916587	0.11122129945562877	0.11345982896664777
UP000000588	0.032072061912034114	0.03225199955345042	0.03225199955345042	0.03225199955345042	0.03225199955345042	0.032072061912034114	0.03225199955345042	0.016080889528721658	0.04806323429534657	0.03225199955345042	0.032072061912034114	0.032072061912034114	0.06486589344013859	0.06486589344013859	0.06486589344013859	0.06450399910690084	0.06450399910690084	0.09657606101893497	0.06486589344013859	0.12900799821380168
UP000002480	0.064789350118825	0.028072785603737327	0.028072785603737327	0.028072785603737327	0.028072785603737327	0.064789350118825	0.028072785603737327	0.019586212627342548	0.10999248761030746	0.028072785603737327	0.064789350118825	0.064789350118825	0.024327494877106937	0.024327494877106937	0.024327494877106937	0.056145571207474654	0.056145571207474654	0.12093492132629965	0.024327494877106937	0.11229114241494931
UP000001983	0.01901921167907401	0.030200883419329954	0.030200883419329954	0.030200883419329954	0.030200883419329954	0.01901921167907401	0.030200883419329954	0.011669969216818897	0.026368454141329125	0.030200883419329954	0.01901921167907401	0.01901921167907401	0.09591284588430068	0.09591284588430068	0.09591284588430068	0.06040176683865991	0.06040176683865991	0.07942097851773391	0.09591284588430068	0.12080353367731982
UP000001116	0.009842442025779727	0.025405458072684583	0.025405458072684583	0.025405458072684583	0.025405458072684583	0.009842442025779727	0.025405458072684583	0.007094089222911463	0.012590794828647993	0.025405458072684583	0.009842442025779727	0.009842442025779727	0.13115389416414713	0.13115389416414713	0.13115389416414713	0.050810916145369166	0.050810916145369166	0.06065335817114889	0.13115389416414713	0.10162183229073833
UP000002145	0.0445933974907055	0.031713522731569854	0.031713522731569854	0.031713522731569854	0.031713522731569854	0.0445933974907055	0.031713522731569854	0.01853323028737025	0.07065356469404074	0.031713522731569854	0.0445933974907055	0.0445933974907055	0.04510746346498599	0.04510746346498599	0.04510746346498599	0.06342704546313971	0.06342704546313971	0.1080204429538452	0.04510746346498599	0.12685409092627942
UP000000423	0.07031516086156031	0.026676709099629874	0.026676709099629874	0.026676709099629874	0.026676709099629874	0.07031516086156031	0.026676709099629874	0.01933952910020281	0.12129079262291782	0.026676709099629874	0.07031516086156031	0.07031516086156031	0.02024163209374996	0.02024163209374996	0.02024163209374996	0.05335341819925975	0.05335341819925975	0.12366857906082006	0.02024163209374996	0.1067068363985195
UP000009072	0.07067429761237153	0.02658126389658126	0.02658126389658126	0.02658126389658126	0.02658126389658126	0.07067429761237153	0.02658126389658126	0.01931624399049957	0.12203235123424348	0.02658126389658126	0.07067429761237153	0.07067429761237153	0.019994923592024788	0.019994923592024788	0.019994923592024788	0.05316252779316252	0.05316252779316252	0.12383682540553405	0.019994923592024788	0.10632505558632505
UP000000774	0.046400439627153255	0.03150450279047064	0.03150450279047064	0.03150450279047064	0.03150450279047064	0.046400439627153255	0.03150450279047064	0.018764185356512322	0.07403669389779417	0.03150450279047064	0.046400439627153255	0.046400439627153255	0.042781219490599286	0.042781219490599286	0.042781219490599286	0.06300900558094127	0.06300900558094127	0.10940944520809452	0.042781219490599286	0.12601801116188255
UP000001422	0.018550106407782155	0.0300480067957186	0.0300480067957186	0.0300480067957186	0.0300480067957186	0.018550106407782155	0.0300480067957186	0.011469451932594568	0.025630760882969745	0.0300480067957186	0.018550106407782155	0.018550106407782155	0.09734528660350682	0.09734528660350682	0.09734528660350682	0.0600960135914372	0.0600960135914372	0.07864611999921936	0.09734528660350682	0.1201920271828744
UP000006697	0.02606360866011323	0.031753906372639557	0.031753906372639557	0.031753906372639557	0.031753906372639557	0.02606360866011323	0.031753906372639557	0.014314371495515113	0.037812845824711346	0.031753906372639557	0.02606360866011323	0.02606360866011323	0.0773730593542436	0.0773730593542436	0.0773730593542436	0.06350781274527911	0.06350781274527911	0.08957142140539234	0.0773730593542436	0.12701562549055823
UP000001006	0.030823507216779823	0.03219791356013013	0.03219791356013013	0.03219791356013013	0.03219791356013013	0.030823507216779823	0.03219791356013013	0.01574786173893342	0.04589915269462622	0.03219791356013013	0.030823507216779823	0.030823507216779823	0.06726720813011478	0.06726720813011478	0.06726720813011478	0.06439582712026026	0.06439582712026026	0.09521933433704008	0.06726720813011478	0.12879165424052053
UP000028341	0.012441160578909791	0.027238719485582607	0.027238719485582607	0.027238719485582607	0.027238719485582607	0.012441160578909791	0.027238719485582607	0.00854038073031528	0.016341940427504306	0.027238719485582607	0.012441160578909791	0.012441160578909791	0.11927309104457742	0.11927309104457742	0.11927309104457742	0.054477438971165214	0.054477438971165214	0.06691859955007501	0.11927309104457742	0.10895487794233043
UP000005954	0.017713708533118835	0.02975665591028301	0.02975665591028301	0.02975665591028301	0.02975665591028301	0.017713708533118835	0.02975665591028301	0.011103785190937705	0.024323631875299963	0.02975665591028301	0.017713708533118835	0.017713708533118835	0.09997438642591	0.09997438642591	0.09997438642591	0.05951331182056602	0.05951331182056602	0.07722702035368487	0.09997438642591	0.11902662364113203
UP000001822	0.04638953787856793	0.03150584637425142	0.03150584637425142	0.03150584637425142	0.03150584637425142	0.04638953787856793	0.03150584637425142	0.01876287879948136	0.0740161969576545	0.03150584637425142	0.04638953787856793	0.04638953787856793	0.042794923215500415	0.042794923215500415	0.042794923215500415	0.06301169274850284	0.06301169274850284	0.10940123062707079	0.042794923215500415	0.12602338549700567
UP000008320	0.0608606942637923	0.028975767132780345	0.028975767132780345	0.028975767132780345	0.028975767132780345	0.0608606942637923	0.028975767132780345	0.01962995065825539	0.10209143786932921	0.028975767132780345	0.0608606942637923	0.0608606942637923	0.027590716507242076	0.027590716507242076	0.027590716507242076	0.05795153426556069	0.05795153426556069	0.118812228529353	0.027590716507242076	0.11590306853112138
UP000061018	0.01121219301838031	0.026434032374515536	0.026434032374515536	0.026434032374515536	0.026434032374515536	0.01121219301838031	0.026434032374515536	0.007872860297253391	0.014551525739507227	0.026434032374515536	0.01121219301838031	0.01121219301838031	0.12464253271977234	0.12464253271977234	0.12464253271977234	0.05286806474903107	0.05286806474903107	0.06408025776741139	0.12464253271977234	0.10573612949806215
UP000001025	0.024734824426317057	0.03155309164556042	0.03155309164556042	0.03155309164556042	0.03155309164556042	0.024734824426317057	0.03155309164556042	0.013865501450858677	0.035604147401775435	0.03155309164556042	0.024734824426317057	0.024734824426317057	0.08050169067170346	0.08050169067170346	0.08050169067170346	0.06310618329112085	0.06310618329112085	0.08784100771743791	0.08050169067170346	0.1262123665822417
UP000007065	0.061026955003882395	0.028939180458946258	0.028939180458946258	0.028939180458946258	0.028939180458946258	0.061026955003882395	0.028939180458946258	0.01963038708544988	0.10242352292231492	0.028939180458946258	0.061026955003882395	0.061026955003882395	0.027446106907420775	0.027446106907420775	0.027446106907420775	0.057878360917892516	0.057878360917892516	0.11890531592177492	0.027446106907420775	0.11575672183578503
UP000002484	0.008190549702391352	0.02393738753068256	0.02393738753068256	0.02393738753068256	0.02393738753068256	0.008190549702391352	0.02393738753068256	0.006102488338828841	0.010278611065953864	0.02393738753068256	0.008190549702391352	0.008190549702391352	0.1399169878980849	0.1399169878980849	0.1399169878980849	0.04787477506136512	0.04787477506136512	0.05606532476375646	0.1399169878980849	0.09574955012273025
UP000002709	0.02232646700163741	0.031088112153323428	0.031088112153323428	0.031088112153323428	0.031088112153323428	0.02232646700163741	0.031088112153323428	0.012994349503733111	0.03165858449954171	0.031088112153323428	0.02232646700163741	0.02232646700163741	0.08657623413384082	0.08657623413384082	0.08657623413384082	0.062176224306646856	0.062176224306646856	0.08450269130828428	0.08657623413384082	0.12435244861329371
UP000001652	0.03638879752726131	0.03227063564905224	0.03227063564905224	0.03227063564905224	0.03227063564905224	0.03638879752726131	0.03227063564905224	0.01710310692041214	0.05567448813411048	0.03227063564905224	0.03638879752726131	0.03638879752726131	0.05723706173108374	0.05723706173108374	0.05723706173108374	0.06454127129810448	0.06454127129810448	0.10093006882536582	0.05723706173108374	0.12908254259620897
UP000006821	0.017207266103712465	0.029567935807231275	0.029567935807231275	0.029567935807231275	0.029567935807231275	0.017207266103712465	0.029567935807231275	0.010877202423224163	0.023537329784200763	0.029567935807231275	0.017207266103712465	0.017207266103712465	0.10161554108957813	0.10161554108957813	0.10161554108957813	0.05913587161446255	0.05913587161446255	0.07634313771817501	0.10161554108957813	0.1182717432289251
UP000002171	0.03182250196540032	0.03224306366538358	0.03224306366538358	0.03224306366538358	0.03224306366538358	0.03182250196540032	0.03224306366538358	0.016015701207969524	0.04762930272283111	0.03224306366538358	0.03182250196540032	0.03182250196540032	0.06533836689901515	0.06533836689901515	0.06533836689901515	0.06448612733076715	0.06448612733076715	0.09630862929616746	0.06533836689901515	0.1289722546615343
UP000009134	0.015432315876402522	0.028826118700680615	0.028826118700680615	0.028826118700680615	0.028826118700680615	0.015432315876402522	0.028826118700680615	0.010051276633040266	0.020813355119764777	0.028826118700680615	0.015432315876402522	0.015432315876402522	0.10768897241357311	0.10768897241357311	0.10768897241357311	0.05765223740136123	0.05765223740136123	0.07308455327776374	0.10768897241357311	0.11530447480272246
UP000007073	0.021006180601718695	0.030771517571808096	0.030771517571808096	0.030771517571808096	0.030771517571808096	0.021006180601718695	0.030771517571808096	0.01248398593031415	0.02952837527312324	0.030771517571808096	0.021006180601718695	0.021006180601718695	0.09015311365975988	0.09015311365975988	0.09015311365975988	0.06154303514361619	0.06154303514361619	0.08254921574533489	0.09015311365975988	0.12308607028723238
UP000000245	0.01310035016321145	0.027630426495247634	0.027630426495247634	0.027630426495247634	0.027630426495247634	0.01310035016321145	0.027630426495247634	0.008886849010561273	0.017313851315861627	0.027630426495247634	0.01310035016321145	0.01310035016321145	0.11655268123338941	0.11655268123338941	0.11655268123338941	0.05526085299049527	0.05526085299049527	0.06836120315370672	0.11655268123338941	0.11052170598099054
