Proteome_ID	M	W	C	D	E	F	H	K	N	Q	Y	I	A	G	P	T	V	L	R	S
UP000002036	0.025296507477562864	0.032291195524822625	0.032291195524822625	0.032291195524822625	0.032291195524822625	0.03402524124308299	0.032291195524822625	0.041886952149472925	0.03402524124308299	0.032291195524822625	0.03402524124308299	0.042753975008603104	0.061291045725314304	0.061291045725314304	0.061291045725314304	0.06458239104964525	0.06458239104964525	0.09860763229272822	0.06915275663170425	0.11344136028651061
UP000001300	0.02116030287043834	0.031934678076653844	0.031934678076653844	0.031934678076653844	0.031934678076653844	0.02753465873394274	0.031934678076653844	0.0361090242688027	0.02753465873394274	0.031934678076653844	0.02753465873394274	0.03390901459744714	0.07407563490898478	0.07407563490898478	0.07407563490898478	0.06386935615330769	0.06386935615330769	0.09140401488725045	0.08265000044384474	0.11058998123689548
UP000000267	0.03840765768478358	0.029733205614596168	0.029733205614596168	0.029733205614596168	0.029733205614596168	0.057246168994251036	0.029733205614596168	0.06232819861389106	0.057246168994251036	0.029733205614596168	0.057246168994251036	0.0760846803037185	0.030886381801676036	0.030886381801676036	0.030886381801676036	0.059466411229192336	0.059466411229192336	0.11671258022344339	0.03596841142131606	0.10876876321910464
UP000000314	0.03112833666918629	0.03179331769866278	0.03179331769866278	0.03179331769866278	0.03179331769866278	0.043829832084844055	0.03179331769866278	0.05051307030741119	0.043829832084844055	0.03179331769866278	0.043829832084844055	0.05653132750050182	0.04612452305687178	0.04612452305687178	0.04612452305687178	0.06358663539732556	0.06358663539732556	0.10741646748216963	0.05280776127943891	0.11380679434951685
UP000007796	0.015621326826176148	0.030322313799872574	0.030322313799872574	0.030322313799872574	0.030322313799872574	0.019408668052236528	0.030322313799872574	0.02865283215211493	0.019408668052236528	0.030322313799872574	0.019408668052236528	0.02319600927829691	0.09474557570909581	0.09474557570909581	0.09474557570909581	0.06064462759974515	0.06064462759974515	0.08005329565198167	0.10398973980897422	0.10280092699973349
UP000029964	0.015216509187873165	0.03014318010550113	0.03014318010550113	0.03014318010550113	0.03014318010550113	0.018839487565938205	0.03014318010550113	0.028114312213784708	0.018839487565938205	0.03014318010550113	0.018839487565938205	0.02246246594400324	0.09645817633760363	0.09645817633760363	0.09645817633760363	0.06028636021100226	0.06028636021100226	0.07912584777694047	0.10573300098545013	0.10202307112631151
UP000002037	0.03945541001083491	0.02931289421180433	0.02931289421180433	0.02931289421180433	0.02931289421180433	0.059295085886417916	0.02931289421180433	0.06414366592469413	0.059295085886417916	0.02931289421180433	0.059295085886417916	0.0791347617620009	0.02898202285155134	0.02898202285155134	0.02898202285155134	0.05862578842360866	0.05862578842360866	0.11792087431002658	0.033830602889827546	0.10755441677066489
UP000009058	0.017951675906656188	0.031180047379011193	0.031180047379011193	0.031180047379011193	0.031180047379011193	0.02275020579822371	0.031180047379011193	0.03176365648018497	0.02275020579822371	0.031180047379011193	0.02275020579822371	0.027548735689791225	0.08546695033706374	0.08546695033706374	0.08546695033706374	0.062360094758022386	0.062360094758022386	0.08511030055624608	0.094480401019025	0.10669328815212224
UP000054166	0.02631998474966675	0.032284064683719256	0.032284064683719256	0.032284064683719256	0.032284064683719256	0.03568928043129208	0.032284064683719256	0.043355968239131	0.03568928043129208	0.032284064683719256	0.03568928043129208	0.045058576112917414	0.05840750051036181	0.05840750051036181	0.05840750051036181	0.06456812936743851	0.06456812936743851	0.1002574097987306	0.06607418831820072	0.11380288311919919
UP000016922	0.02678774815183315	0.0322689915668488	0.0322689915668488	0.0322689915668488	0.0322689915668488	0.036457655805009176	0.0322689915668488	0.044033231339105014	0.036457655805009176	0.0322689915668488	0.036457655805009176	0.04612756345818521	0.057123136073838766	0.057123136073838766	0.057123136073838766	0.0645379831336976	0.0645379831336976	0.10099563893870678	0.06469871160793461	0.1139248151992035
UP000009082	0.04271670063947241	0.027808677837249066	0.027808677837249066	0.027808677837249066	0.027808677837249066	0.06587898587511623	0.027808677837249066	0.07000611709182646	0.06587898587511623	0.027808677837249066	0.06587898587511623	0.08904127111076005	0.02347706336955033	0.02347706336955033	0.02347706336955033	0.05561735567449813	0.05561735567449813	0.12149634154961435	0.02760419458626057	0.10298044891557578
UP000005206	0.019425714513375176	0.03158357104665983	0.03158357104665983	0.03158357104665983	0.03158357104665983	0.024921522431506055	0.03158357104665983	0.033748354657213826	0.024921522431506055	0.03158357104665983	0.024921522431506055	0.030417330349636937	0.0800530515582251	0.0800530515582251	0.0800530515582251	0.06316714209331965	0.06316714209331965	0.08808866452482571	0.08887988378393288	0.10868061973522378
UP000016927	0.03732850046071086	0.030134008029226653	0.030134008029226653	0.030134008029226653	0.030134008029226653	0.05516818716673247	0.030134008029226653	0.06049078430400118	0.05516818716673247	0.030134008029226653	0.05516818716673247	0.07300787387275409	0.03291964034131155	0.03291964034131155	0.03291964034131155	0.060268016058453305	0.060268016058453305	0.11543620322518576	0.03824223747858026	0.10989083784236921
UP000249829	0.014114865330706518	0.02960601630255718	0.02960601630255718	0.02960601630255718	0.02960601630255718	0.017307410347378913	0.02960601630255718	0.02664925834164044	0.017307410347378913	0.02960601630255718	0.017307410347378913	0.020499955364051303	0.10128796668185819	0.10128796668185819	0.10128796668185819	0.05921203260511436	0.05921203260511436	0.07651944295249327	0.11062981467611972	0.09974036922170568
UP000000559	0.0367595179416926	0.03033216129081438	0.03033216129081438	0.03033216129081438	0.03033216129081438	0.054085537143607886	0.03033216129081438	0.05953486841912642	0.054085537143607886	0.03033216129081438	0.054085537143607886	0.07141155634552315	0.03402166483542869	0.03402166483542869	0.03402166483542869	0.06066432258162876	0.06066432258162876	0.11474985972523664	0.03947099611094722	0.11042998261222045
UP000005221	0.03221552514260784	0.031583285263404544	0.031583285263404544	0.031583285263404544	0.031583285263404544	0.0457470264601413	0.031583285263404544	0.05219665717930639	0.0457470264601413	0.031583285263404544	0.0457470264601413	0.05927852777767477	0.043609562641134574	0.043609562641134574	0.043609562641134574	0.06316657052680909	0.06316657052680909	0.10891359698695037	0.05005919336029966	0.11343387961528799
UP000001312	0.0272506969232976	0.032246913449688885	0.032246913449688885	0.032246913449688885	0.032246913449688885	0.037223019727207	0.032246913449688885	0.04470728939235733	0.037223019727207	0.032246913449688885	0.037223019727207	0.047195342531116395	0.055872061678632186	0.055872061678632186	0.055872061678632186	0.06449382689937777	0.06449382689937777	0.10171684662658477	0.06335633134378253	0.11401911446845485
UP000193067	0.011121743891338527	0.027726623766268704	0.027726623766268704	0.027726623766268704	0.027726623766268704	0.013269169945285736	0.027726623766268704	0.02264532290972443	0.013269169945285736	0.027726623766268704	0.013269169945285736	0.015416595999232945	0.11587245753067517	0.11587245753067517	0.11587245753067517	0.05545324753253741	0.05545324753253741	0.06872241747782314	0.12524861049511385	0.09215418913619744
UP000007963	0.018403135205798192	0.031314428544565565	0.031314428544565565	0.031314428544565565	0.031314428544565565	0.023410446989520748	0.031314428544565565	0.032369749550765714	0.023410446989520748	0.031314428544565565	0.023410446989520748	0.0284177587732433	0.08377400359007642	0.08377400359007642	0.08377400359007642	0.06262885708913113	0.06262885708913113	0.08603930407865187	0.0927333061513214	0.10733910905577232
UP000002038	0.022342312908011495	0.032102783013526905	0.032102783013526905	0.032102783013526905	0.032102783013526905	0.029351773799598097	0.032102783013526905	0.03773673929814911	0.029351773799598097	0.032102783013526905	0.029351773799598097	0.0363612346911847	0.0702232637965957	0.0702232637965957	0.0702232637965957	0.06420556602705381	0.06420556602705381	0.09355733982665192	0.07860822929514671	0.11164120105700562
UP000005222	0.028576767656816486	0.03214503734731094	0.03214503734731094	0.03214503734731094	0.03214503734731094	0.03944260190927306	0.03214503734731094	0.046659653880748574	0.03944260190927306	0.03214503734731094	0.03944260190927306	0.050308436161729635	0.05239529726952839	0.05239529726952839	0.05239529726952839	0.06429007469462188	0.06429007469462188	0.10373267660389493	0.0596123492410039	0.11414604544629271
UP000000560	0.020858161022436345	0.031882663192827565	0.031882663192827565	0.031882663192827565	0.031882663192827565	0.02707493474808783	0.031882663192827565	0.035695572696109186	0.02707493474808783	0.031882663192827565	0.02707493474808783	0.033291708473739315	0.07508821141953609	0.07508821141953609	0.07508821141953609	0.06376532638565513	0.06376532638565513	0.09084026113374297	0.08370884936755743	0.11028937687526756
UP000016930	0.019489686681169186	0.03159883048967549	0.03159883048967549	0.03159883048967549	0.03159883048967549	0.025016776722106653	0.03159883048967549	0.03383489364682854	0.025016776722106653	0.03159883048967549	0.025016776722106653	0.030543866763044127	0.07982531877761134	0.07982531877761134	0.07982531877761134	0.06319766097935098	0.06319766097935098	0.08821443770145763	0.08864343570233323	0.10875908810925819
UP000002058	0.022436973625011843	0.032113864707548075	0.032113864707548075	0.032113864707548075	0.032113864707548075	0.029498587113705083	0.032113864707548075	0.03786783939931982	0.029498587113705083	0.032113864707548075	0.029498587113705083	0.036560200602398334	0.06992201372082382	0.06992201372082382	0.06992201372082382	0.06422772941509615	0.06422772941509615	0.09372631652880123	0.07829126600643857	0.11171695425896284
UP000030143	0.02187071127269365	0.03204236693938057	0.03204236693938057	0.03204236693938057	0.03204236693938057	0.028623205986004124	0.03204236693938057	0.037085281176002814	0.028623205986004124	0.03204236693938057	0.028623205986004124	0.035375700699314595	0.07173992176697053	0.07173992176697053	0.07173992176697053	0.06408473387876114	0.06408473387876114	0.09270793986476528	0.08020199695696922	0.11124531737752491
UP000005426	0.017470494855085426	0.03102591321548055	0.03102591321548055	0.03102591321548055	0.03102591321548055	0.022051118698635155	0.03102591321548055	0.031119139800607588	0.022051118698635155	0.03102591321548055	0.022051118698635155	0.026631742542184887	0.08730688941546631	0.08730688941546631	0.08730688941546631	0.0620518264309611	0.0620518264309611	0.08410294512959626	0.09637491051743874	0.10596761065797734
UP000016932	0.020766202190254792	0.03186608328265342	0.03186608328265342	0.03186608328265342	0.03186608328265342	0.02693539749450733	0.03186608328265342	0.03556993569283291	0.02693539749450733	0.03186608328265342	0.02693539749450733	0.033104592798759866	0.07539872125399846	0.07539872125399846	0.07539872125399846	0.06373216656530684	0.06373216656530684	0.09066756405981416	0.08403325945232405	0.11019525673396251
UP000009096	0.02320751872209982	0.03219131089557871	0.03219131089557871	0.03219131089557871	0.03219131089557871	0.03070083233542151	0.03219131089557871	0.038939385228821795	0.03070083233542151	0.03219131089557871	0.03070083233542151	0.0381941459487432	0.06750829983069752	0.06750829983069752	0.06750829983069752	0.06438262179115742	0.06438262179115742	0.09508345412657893	0.07574685272409781	0.11228813779551425
UP000000561	0.020389022253933707	0.03179437697482951	0.03179437697482951	0.03179437697482951	0.03179437697482951	0.026364933015484666	0.03179437697482951	0.03505556575670805	0.026364933015484666	0.03179437697482951	0.026364933015484666	0.032340843777035624	0.07668385932358382	0.07668385932358382	0.07668385932358382	0.06358875394965902	0.06358875394965902	0.08995368696514368	0.0853744920648072	0.10979624241687125
UP000094112	0.04142522493807827	0.0284398119812429	0.0284398119812429	0.0284398119812429	0.0284398119812429	0.06323351905745203	0.0284398119812429	0.06764495963872122	0.06323351905745203	0.0284398119812429	0.06323351905745203	0.0850418131768258	0.02558209372448733	0.02558209372448733	0.02558209372448733	0.0568796239624858	0.0568796239624858	0.12011314301993782	0.029993534305756523	0.1049363667624332
UP000002059	0.023005920472425622	0.032173224132671076	0.032173224132671076	0.032173224132671076	0.032173224132671076	0.03038505060438285	0.032173224132671076	0.038658267500484185	0.03038505060438285	0.032173224132671076	0.03038505060438285	0.03776418073634008	0.06813326491164572	0.06813326491164572	0.06813326491164572	0.06434644826534215	0.06434644826534215	0.09473149886972501	0.07640648180774705	0.11214646273848163
UP000094389	0.029785067085233062	0.03200354895949512	0.03200354895949512	0.03200354895949512	0.03200354895949512	0.04150082012467927	0.03200354895949512	0.0484679375815334	0.04150082012467927	0.03200354895949512	0.04150082012467927	0.05321657316412548	0.049359368943830806	0.049359368943830806	0.049359368943830806	0.06400709791899024	0.06400709791899024	0.1055079180436695	0.056326486400684946	0.11407996092427221
UP000000591	0.020547052084438498	0.03182514848372109	0.03182514848372109	0.03182514848372109	0.03182514848372109	0.026603580244861917	0.03182514848372109	0.035270892524714915	0.026603580244861917	0.03182514848372109	0.026603580244861917	0.03266010840528533	0.0761431406366073	0.0761431406366073	0.0761431406366073	0.06365029696744218	0.06365029696744218	0.09025387721230409	0.0848104529164603	0.10996596937517834
UP000002149	0.023161513703900963	0.03218731793322463	0.03218731793322463	0.03218731793322463	0.03218731793322463	0.03062869302874879	0.03218731793322463	0.03887518480583454	0.03062869302874879	0.03218731793322463	0.03062869302874879	0.03809587235359662	0.06765051546679113	0.06765051546679113	0.06765051546679113	0.06437463586644926	0.06437463586644926	0.09500332889519804	0.07589700724387687	0.11225628817872702
UP000007978	0.023381131309230797	0.0322056666954055	0.0322056666954055	0.0322056666954055	0.0322056666954055	0.030973483014180906	0.0322056666954055	0.03918192655974331	0.030973483014180906	0.0322056666954055	0.030973483014180906	0.03856583471913101	0.0669737379435614	0.0669737379435614	0.0669737379435614	0.064411333390811	0.064411333390811	0.09538481640499191	0.0751821814891238	0.1124057796904972
UP000002258	0.029980876813721174	0.03197634068855221	0.03197634068855221	0.03197634068855221	0.03197634068855221	0.041837621099305604	0.03197634068855221	0.04876372517951333	0.041837621099305604	0.03197634068855221	0.041837621099305604	0.05369436538489003	0.048878800322006366	0.048878800322006366	0.048878800322006366	0.06395268137710441	0.06395268137710441	0.10579030247641003	0.05580490440221411	0.11405315459379338
UP000000598	0.03257131168869368	0.03150692338188235	0.03150692338188235	0.03150692338188235	0.03150692338188235	0.04638079335083306	0.03150692338188235	0.05275334002849709	0.04638079335083306	0.03150692338188235	0.04638079335083306	0.06019027501297244	0.0428059181085127	0.0428059181085127	0.0428059181085127	0.0630138467637647	0.0630138467637647	0.10939464011459776	0.049178464786176726	0.11328260017220136
UP000030651	0.02163667761224937	0.03200912811116578	0.03200912811116578	0.03200912811116578	0.03200912811116578	0.0282634149700159	0.03200912811116578	0.036763008898357374	0.0282634149700159	0.03200912811116578	0.0282634149700159	0.034890152327782434	0.07250251135780904	0.07250251135780904	0.07250251135780904	0.06401825622233157	0.06401825622233157	0.09228167119234747	0.08100210528615051	0.11103732458798019
UP000016933	0.019828027669244404	0.03167652530971263	0.03167652530971263	0.03167652530971263	0.03167652530971263	0.025521984520579504	0.03167652530971263	0.03429321176648117	0.025521984520579504	0.03167652530971263	0.025521984520579504	0.031215941371914604	0.07863042585013535	0.07863042585013535	0.07863042585013535	0.06335305061942526	0.06335305061942526	0.08887503514000475	0.08740165309603702	0.10916364674704718
UP000001471	0.02069725902761744	0.03185342211839902	0.03185342211839902	0.03185342211839902	0.03185342211839902	0.026830900916709224	0.03185342211839902	0.035475803406645905	0.026830900916709224	0.03185342211839902	0.026830900916709224	0.03296454280580101	0.07563223492216276	0.07563223492216276	0.07563223492216276	0.06370684423679804	0.06370684423679804	0.09053774515350727	0.08427713741209944	0.11012388349372271
UP000000599	0.035085262556091665	0.03086213190991479	0.03086213190991479	0.03086213190991479	0.03086213190991479	0.0509504977307331	0.03086213190991479	0.05677154999496538	0.0509504977307331	0.03086213190991479	0.0509504977307331	0.06681573290537454	0.03738810133155793	0.03738810133155793	0.03738810133155793	0.06172426381982958	0.06172426381982958	0.11267476155056268	0.04320915359579021	0.1118064231111946
UP000008062	0.0198466886263789	0.0316806642655062	0.0316806642655062	0.0316806642655062	0.0316806642655062	0.025549918456273718	0.0316806642655062	0.034318521190784775	0.025549918456273718	0.0316806642655062	0.025549918456273718	0.031253148286168535	0.07856498563949617	0.07856498563949617	0.07856498563949617	0.0633613285310124	0.0633613285310124	0.08891124698728611	0.08733358837400723	0.10918545159300268
UP000054270	0.026001829537443687	0.03229011186737083	0.03229011186737083	0.03229011186737083	0.03229011186737083	0.03516948490013002	0.03229011186737083	0.04289745374643676	0.03516948490013002	0.03229011186737083	0.03516948490013002	0.04433714026281636	0.05929295395528911	0.05929295395528911	0.05929295395528911	0.06458022373474166	0.06458022373474166	0.09974970863487168	0.06702092280159584	0.11370450977686984
UP000094569	0.02222842857575183	0.03208899014128398	0.03208899014128398	0.03208899014128398	0.03208899014128398	0.029175400382839518	0.03208899014128398	0.03757916706914944	0.029175400382839518	0.03208899014128398	0.029175400382839518	0.03612237218992721	0.07058708876489489	0.07058708876489489	0.07058708876489489	0.06417798028256796	0.06417798028256796	0.09335338066540748	0.07899085545120481	0.1115484271925161
UP000016934	0.020224208563890976	0.031761155674504	0.031761155674504	0.031761155674504	0.031761155674504	0.02611660015675395	0.031761155674504	0.03483126950849195	0.02611660015675395	0.031761155674504	0.02611660015675395	0.032008991749616925	0.07725132702766457	0.07725132702766457	0.07725132702766457	0.063522311349008	0.063522311349008	0.08963891150576196	0.08596599637940257	0.10961528399454
UP000008066	0.018243329492716145	0.03126797575746751	0.03126797575746751	0.03126797575746751	0.03126797575746751	0.0231762567481485	0.03126797575746751	0.03215504350824036	0.0231762567481485	0.03126797575746751	0.0231762567481485	0.028109184003580857	0.08436964766087007	0.08436964766087007	0.08436964766087007	0.06253595151493502	0.06253595151493502	0.08571220826308351	0.09334843442096193	0.10711432950968632
UP000009097	0.022325314712933232	0.03210075630879522	0.03210075630879522	0.03210075630879522	0.03210075630879522	0.029325430934404765	0.03210075630879522	0.03771320984307152	0.029325430934404765	0.03210075630879522	0.029325430934404765	0.036325547155876305	0.07027747062961083	0.07027747062961083	0.07027747062961083	0.06420151261759044	0.06420151261759044	0.09352694355199519	0.07866524953827758	0.11162746741784733
UP000006564	0.021685849707313846	0.03201629283163375	0.03201629283163375	0.03201629283163375	0.03201629283163375	0.02833891275613312	0.03201629283163375	0.03683066584270271	0.02833891275613312	0.03201629283163375	0.02833891275613312	0.03499197580495239	0.072341731350232	0.072341731350232	0.072341731350232	0.0640325856632675	0.0640325856632675	0.09237149841940061	0.08083348443680158	0.11108166515339579
UP000095358	0.035298728272795454	0.03079899292936234	0.03079899292936234	0.03079899292936234	0.03079899292936234	0.05134606052630696	0.03079899292936234	0.05711985898134616	0.05134606052630696	0.03079899292936234	0.05134606052630696	0.06739339277981847	0.036948422361513446	0.036948422361513446	0.036948422361513446	0.06159798585872468	0.06159798585872468	0.11294404638503164	0.04272222081655265	0.11164837480737097
UP000001610	0.01817601438551855	0.03124804433500954	0.03124804433500954	0.03124804433500954	0.03124804433500954	0.023077766366744308	0.03124804433500954	0.03206465733210268	0.023077766366744308	0.03124804433500954	0.023077766366744308	0.02797951834797006	0.0846217315181593	0.0846217315181593	0.0846217315181593	0.06249608867001908	0.06249608867001908	0.08557385503676337	0.09360862248351767	0.1070183954093214
UP000002311	0.03281540977195891	0.031452375887104436	0.031452375887104436	0.031452375887104436	0.031452375887104436	0.046817440353812856	0.031452375887104436	0.053136938702312585	0.046817440353812856	0.031452375887104436	0.046817440353812856	0.060819470935666795	0.042259975832409764	0.042259975832409764	0.042259975832409764	0.06290475177420887	0.06290475177420887	0.10972219212802171	0.0485794741809095	0.11317050685141829
UP000030669	0.015665143565686983	0.030341138110335657	0.030341138110335657	0.030341138110335657	0.030341138110335657	0.01947047503514899	0.030341138110335657	0.028711138042204327	0.01947047503514899	0.030341138110335657	0.01947047503514899	0.02327580650461099	0.09456211624714664	0.09456211624714664	0.09456211624714664	0.060682276220671315	0.060682276220671315	0.0801527512558203	0.10380277925420196	0.10288322642723194
UP000001611	0.01654910504234276	0.030698103369666982	0.030698103369666982	0.030698103369666982	0.030698103369666982	0.020725726448611342	0.030698103369666982	0.029888536315407745	0.020725726448611342	0.030698103369666982	0.020725726448611342	0.024902347854879926	0.0909375652362622	0.0909375652362622	0.0909375652362622	0.061396206739333964	0.061396206739333964	0.0821219331879453	0.10010037510305861	0.10446679374507513
UP000016935	0.024050024359169295	0.032250560512946044	0.032250560512946044	0.032250560512946044	0.032250560512946044	0.03203007812286376	0.032250560512946044	0.04012037308159937	0.03203007812286376	0.032250560512946044	0.03203007812286376	0.04001013188655822	0.06494512123320424	0.06494512123320424	0.06494512123320424	0.06450112102589209	0.06450112102589209	0.09653119914875584	0.07303541619193986	0.11282165213431297
UP000008142	0.02429445237442628	0.03226289486034775	0.03226289486034775	0.03226289486034775	0.03226289486034775	0.03241861981060017	0.03226289486034775	0.040464924771647856	0.03241861981060017	0.03226289486034775	0.03241861981060017	0.04054278724677407	0.0642158358900587	0.0642158358900587	0.0642158358900587	0.0645257897206955	0.0645257897206955	0.09694440953129567	0.07226214085110638	0.11295896951929564
UP000009138	0.03211373313300843	0.03160444419892908	0.03160444419892908	0.03160444419892908	0.03160444419892908	0.04556628338401249	0.03160444419892908	0.05203791404247484	0.04556628338401249	0.03160444419892908	0.04556628338401249	0.05901883363501655	0.04384122728226185	0.04384122728226185	0.04384122728226185	0.06320888839785815	0.06320888839785815	0.10877517178187066	0.050312857940724195	0.11347451547879159
UP000006701	0.01945392871812764	0.03159032351487745	0.03159032351487745	0.03159032351487745	0.03159032351487745	0.024963522754972736	0.03159032351487745	0.03378651717177019	0.024963522754972736	0.03159032351487745	0.024963522754972736	0.030473116791817828	0.07995254111928796	0.07995254111928796	0.07995254111928796	0.0631806470297549	0.0631806470297549	0.08814416978472762	0.0887755355360854	0.10871530522591488
UP000054279	0.024838131069945833	0.032282652026618675	0.032282652026618675	0.032282652026618675	0.032282652026618675	0.0332875594827002	0.032282652026618675	0.041234534167413794	0.0332875594827002	0.032282652026618675	0.0332875594827002	0.04173698789545456	0.06261616279879997	0.06261616279879997	0.06261616279879997	0.06456530405323735	0.06456530405323735	0.09785286353593754	0.07056313748351357	0.1132366587370475
UP000054317	0.01585845550004274	0.030422891887370872	0.030422891887370872	0.030422891887370872	0.030422891887370872	0.01974362333101637	0.030422891887370872	0.028968425440167245	0.01974362333101637	0.030422891887370872	0.01974362333101637	0.023628791161989994	0.09375709162123794	0.09375709162123794	0.09375709162123794	0.060845783774741743	0.060845783774741743	0.08058940710575811	0.1029818937303888	0.10324196333118173
UP000217790	0.02241070078588919	0.032110823777089244	0.032110823777089244	0.032110823777089244	0.032110823777089244	0.029457820179476495	0.032110823777089244	0.03783144137187018	0.029457820179476495	0.032110823777089244	0.029457820179476495	0.0365049395730638	0.07000551957755918	0.07000551957755918	0.07000551957755918	0.06422164755417849	0.06422164755417849	0.09367946773365497	0.07837914076995287	0.11169605272356961
UP000002428	0.031475464890106296	0.03173009566815116	0.03173009566815116	0.03173009566815116	0.03173009566815116	0.04443881237817593	0.03173009566815116	0.05104780151123318	0.04443881237817593	0.03173009566815116	0.04443881237817593	0.057402159866245556	0.045311695665587494	0.045311695665587494	0.045311695665587494	0.06346019133630232	0.06346019133630232	0.10789900371447823	0.05192068479864474	0.11370240440649014
UP000009297	0.023134011608311952	0.03218489300289215	0.03218489300289215	0.03218489300289215	0.03218489300289215	0.03058558957220906	0.03218489300289215	0.03883681925144772	0.03058558957220906	0.03218489300289215	0.03058558957220906	0.03803716753610618	0.0677356462370655	0.0677356462370655	0.0677356462370655	0.0643697860057843	0.0643697860057843	0.09495537557799337	0.07598687591630418	0.11223711265309132
UP000001628	0.022790996819181276	0.032152251963974116	0.032152251963974116	0.032152251963974116	0.032152251963974116	0.03004936325135528	0.032152251963974116	0.0383591740398387	0.03004936325135528	0.032152251963974116	0.03004936325135528	0.03730772968352928	0.06880460645423178	0.06880460645423178	0.06880460645423178	0.06430450392794823	0.06430450392794823	0.09435386717930351	0.0771144172427152	0.11198938627892963
UP000016936	0.019949524631287463	0.03170320096974347	0.03170320096974347	0.03170320096974347	0.03170320096974347	0.025703986225327765	0.03170320096974347	0.03445805519157592	0.025703986225327765	0.03170320096974347	0.025703986225327765	0.03145844781936807	0.07820522022670254	0.07820522022670254	0.07820522022670254	0.06340640193948693	0.06340640193948693	0.0891103881648147	0.08695928919295068	0.10930466594647756
UP000009328	0.04076810427788348	0.028743086503821135	0.028743086503821135	0.028743086503821135	0.028743086503821135	0.06190691176555515	0.028743086503821135	0.0664638066223598	0.06190691176555515	0.028743086503821135	0.06190691176555515	0.08304571925322683	0.026690558394993978	0.026690558394993978	0.026690558394993978	0.05748617300764227	0.05748617300764227	0.11939308477319742	0.031247453251798642	0.10585855630167522
UP000008177	0.026823606804377967	0.03226753476167114	0.03226753476167114	0.03226753476167114	0.03226753476167114	0.03651676414366636	0.03226753476167114	0.044085306791957136	0.03651676414366636	0.03226753476167114	0.03651676414366636	0.04620992148295474	0.057025523701899276	0.057025523701899276	0.057025523701899276	0.06453506952334229	0.06453506952334229	0.10105183366700865	0.06459406635019006	0.11393305375010301
UP000030671	0.02099550848133656	0.03190677407360026	0.03190677407360026	0.03190677407360026	0.03190677407360026	0.02728367658826127	0.03190677407360026	0.03588339343785547	0.02728367658826127	0.03190677407360026	0.02728367658826127	0.033571844695185975	0.07462646967614175	0.07462646967614175	0.07462646967614175	0.06381354814720051	0.06381354814720051	0.09109722473546178	0.08322618652573596	0.11042766259521261
UP000018087	0.019764252308500766	0.03166226523103758	0.03166226523103758	0.03166226523103758	0.03166226523103758	0.025426572927471608	0.03166226523103758	0.034206739698225436	0.025426572927471608	0.03166226523103758	0.025426572927471608	0.031088893546442453	0.07885443645277436	0.07885443645277436	0.07885443645277436	0.06332453046207516	0.06332453046207516	0.08875110338954678	0.0876346032235282	0.10908872738264266
UP000002485	0.03307882065625878	0.03139155133506042	0.03139155133506042	0.03139155133506042	0.03139155133506042	0.04729031605308532	0.03139155133506042	0.05355242909089941	0.04729031605308532	0.03139155133506042	0.04729031605308532	0.06150181144991186	0.041675741566859	0.041675741566859	0.041675741566859	0.06278310267012084	0.06278310267012084	0.11007341872320615	0.0479378546046731	0.1130419792646135
UP000006702	0.020107358033860965	0.03173689885013452	0.03173689885013452	0.03173689885013452	0.03173689885013452	0.025940881003630768	0.03173689885013452	0.034672412896652446	0.025940881003630768	0.03173689885013452	0.025940881003630768	0.03177440397340057	0.0776558628431081	0.0776558628431081	0.0776558628431081	0.06347379770026904	0.06347379770026904	0.0894146787038998	0.08638739473612979	0.10948453161449473
UP000001631	0.02266238248688898	0.032138861663999894	0.032138861663999894	0.032138861663999894	0.032138861663999894	0.02984895799833285	0.032138861663999894	0.03818048534261024	0.02984895799833285	0.032138861663999894	0.02984895799833285	0.037035533509776716	0.06920887684691793	0.06920887684691793	0.06920887684691793	0.06427772332799979	0.06427772332799979	0.09412668132633265	0.07754040419119532	0.11189239196744478
UP000054321	0.0259815651521344	0.032290380787003005	0.032290380787003005	0.032290380787003005	0.032290380787003005	0.03513645453102918	0.032290380787003005	0.04286830703791088	0.03513645453102918	0.032290380787003005	0.03513645453102918	0.04429134390992397	0.05934968142268688	0.05934968142268688	0.05934968142268688	0.06458076157400601	0.06458076157400601	0.0997172161050352	0.06708153392956857	0.11369781813424862
UP000008181	0.012736142670050108	0.02882263474824229	0.02882263474824229	0.02882263474824229	0.02882263474824229	0.015424674259194554	0.02882263474824229	0.02481218609286287	0.015424674259194554	0.02882263474824229	0.015424674259194554	0.018113205848339	0.10771628105344039	0.10771628105344039	0.10771628105344039	0.05764526949648458	0.05764526949648458	0.07306994375567914	0.1171037928871087	0.09651551532563253
UP000000724	0.02132810499344302	0.031961950777173925	0.031961950777173925	0.031961950777173925	0.031961950777173925	0.027790812446288757	0.031961950777173925	0.03633908906457708	0.027790812446288757	0.031961950777173925	0.027790812446288757	0.03425351989913449	0.07351827511029897	0.07351827511029897	0.07351827511029897	0.06392390155434785	0.06392390155434785	0.0917147140006366	0.0820665517285873	0.11075124987211905
UP000030816	0.022024545886913837	0.032063033158013336	0.032063033158013336	0.032063033158013336	0.032063033158013336	0.028860339405506513	0.032063033158013336	0.037297479800352605	0.028860339405506513	0.032063033158013336	0.028860339405506513	0.0356961329240992	0.07124227340831024	0.07124227340831024	0.07124227340831024	0.06412606631602667	0.06412606631602667	0.09298640572153317	0.07967941380315634	0.11137785184236115
UP000269793	0.020235532301521426	0.03176347525259129	0.03176347525259129	0.03176347525259129	0.03176347525259129	0.02613364394656227	0.03176347525259129	0.03484667124461763	0.02613364394656227	0.03176347525259129	0.02613364394656227	0.032031755591603116	0.07721222208315089	0.07721222208315089	0.07721222208315089	0.06352695050518258	0.06352695050518258	0.08966059445174485	0.08592524938120624	0.10962784641425444
UP000009882	0.020082459448824704	0.03173165437061968	0.03173165437061968	0.03173165437061968	0.03173165437061968	0.025903475643827327	0.03173165437061968	0.034638581202226126	0.025903475643827327	0.03173165437061968	0.025903475643827327	0.031724491838829944	0.07774230014082348	0.07774230014082348	0.07774230014082348	0.06346330874123936	0.06346330874123936	0.08936678438506669	0.08647740569922228	0.10945640636568113
UP000001640	0.036878528394593844	0.030291468909455686	0.030291468909455686	0.030291468909455686	0.030291468909455686	0.054311256128385964	0.030291468909455686	0.059734090252712944	0.054311256128385964	0.030291468909455686	0.054311256128385964	0.07174398386217809	0.03378942613750183	0.03378942613750183	0.03378942613750183	0.06058293781891137	0.06058293781891137	0.11489419394729733	0.03921226026182881	0.11032020738916878
UP000054361	0.019242944494213297	0.03153896653025649	0.03153896653025649	0.03153896653025649	0.03153896653025649	0.02464984813376081	0.03153896653025649	0.03350131097155616	0.02464984813376081	0.03153896653025649	0.02464984813376081	0.03005675177330832	0.08070689964489267	0.08070689964489267	0.08070689964489267	0.06307793306051299	0.06307793306051299	0.08772778119427378	0.089558362482688	0.10845294044543526
UP000218811	0.013685040376923552	0.02937564741186778	0.02937564741186778	0.02937564741186778	0.02937564741186778	0.01671632109754624	0.02937564741186778	0.026077264975329698	0.01671632109754624	0.02937564741186778	0.01671632109754624	0.019747601818168932	0.10324384843182295	0.10324384843182295	0.10324384843182295	0.05875129482373556	0.05875129482373556	0.07546761592128179	0.1126047923096064	0.09878070189190422
UP000000741	0.049495090452388806	0.02372313703600334	0.02372313703600334	0.02372313703600334	0.02372313703600334	0.08065866592241139	0.02372313703600334	0.08335447694922996	0.08065866592241139	0.02372313703600334	0.08065866592241139	0.11182224139243398	0.013954786491766668	0.013954786491766668	0.013954786491766668	0.04744627407200668	0.04744627407200668	0.12810493999441808	0.016650597518585223	0.08950092609037624
UP000001742	0.044232240839286695	0.02700854547303953	0.02700854547303953	0.02700854547303953	0.02700854547303953	0.06904987271161873	0.02700854547303953	0.07284684096466118	0.06904987271161873	0.02700854547303953	0.06904987271161873	0.09386750458395078	0.021128540862509097	0.021128540862509097	0.021128540862509097	0.05401709094607906	0.05401709094607906	0.12306696365769781	0.024925509115551532	0.10044024538607325
UP000184304	0.020474988916340923	0.03181124725336248	0.03181124725336248	0.03181124725336248	0.03181124725336248	0.026494689614871555	0.03181124725336248	0.035172669132647646	0.026494689614871555	0.03181124725336248	0.026494689614871555	0.03251439031340218	0.07638930416052489	0.07638930416052489	0.07638930416052489	0.06362249450672496	0.06362249450672496	0.09011718412159649	0.08506728367830098	0.10988902997789772
UP000000819	0.02569602786515169	0.03229268056864227	0.03229268056864227	0.03229268056864227	0.03229268056864227	0.03467201660332155	0.03229268056864227	0.04245833732415178	0.03467201660332155	0.03229268056864227	0.03467201660332155	0.04364800534149142	0.060153248669618194	0.060153248669618194	0.060153248669618194	0.06458536113728454	0.06458536113728454	0.09925737774060611	0.06793956939044841	0.11359808083290862
UP000006706	0.01981334587472841	0.031673258237336584	0.031673258237336584	0.031673258237336584	0.031673258237336584	0.025500012183897903	0.031673258237336584	0.034273301519786734	0.025500012183897903	0.031673258237336584	0.025500012183897903	0.031186678493067395	0.07868194572883236	0.07868194572883236	0.07868194572883236	0.06334651647467317	0.06334651647467317	0.08884652865857107	0.08745523506472119	0.10914645427756865
UP000011064	0.01793197637449701	0.03117396019936377	0.03117396019936377	0.03117396019936377	0.03117396019936377	0.02272149169137104	0.03117396019936377	0.031737241262241436	0.02272149169137104	0.03117396019936377	0.02272149169137104	0.02751100700824506	0.08554154874264559	0.08554154874264559	0.08554154874264559	0.06234792039872754	0.06234792039872754	0.08506941209009858	0.09455729831351598	0.1066643416557143
UP000031176	0.02074484525310804	0.031862182351516895	0.031862182351516895	0.031862182351516895	0.031862182351516895	0.026903016250510902	0.031862182351516895	0.03554077029841676	0.026903016250510902	0.031862182351516895	0.026903016250510902	0.033061187247913765	0.07547099215553835	0.07547099215553835	0.07547099215553835	0.06372436470303379	0.06372436470303379	0.09062738095354468	0.0841087462034442	0.11017322131025584
UP000011185	0.029508586054250045	0.03203994762209248	0.03203994762209248	0.03203994762209248	0.03203994762209248	0.041026816706133964	0.03203994762209248	0.048051612815997145	0.041026816706133964	0.03203994762209248	0.041026816706133964	0.052545047358017884	0.050043280275895635	0.050043280275895635	0.050043280275895635	0.06407989524418496	0.06407989524418496	0.10510671195031891	0.05706807638575881	0.11411019826864356
UP000001743	0.01902460910036863	0.03148370836436286	0.03148370836436286	0.03148370836436286	0.03148370836436286	0.024326219054515413	0.03148370836436286	0.03320657366358592	0.024326219054515413	0.03148370836436286	0.024326219054515413	0.029627829008662194	0.0814942831971466	0.0814942831971466	0.0814942831971466	0.06296741672872572	0.06296741672872572	0.08729363578324112	0.09037463780621711	0.10817412423931042
UP000054383	0.024537369208850895	0.032273024149822055	0.032273024149822055	0.032273024149822055	0.032273024149822055	0.03280605907640188	0.032273024149822055	0.040808231480662954	0.03280605907640188	0.032273024149822055	0.03280605907640188	0.04107474894395286	0.06349730001700851	0.06349730001700851	0.06349730001700851	0.06454604829964411	0.06454604829964411	0.09735210737604598	0.0714994724212696	0.11308775179076606
UP000001744	0.02748862224513547	0.03223282529335735	0.03223282529335735	0.03223282529335735	0.03223282529335735	0.037618273028228774	0.03223282529335735	0.04505519994388637	0.037618273028228774	0.03223282529335735	0.037618273028228774	0.047747923811322084	0.05523672102717023	0.05523672102717023	0.05523672102717023	0.0644656505867147	0.0644656505867147	0.10208392361494349	0.06267364794282781	0.11405744734211423
UP000033540	0.019973464596250354	0.03170838153382664	0.03170838153382664	0.03170838153382664	0.03170838153382664	0.025739884562530218	0.03170838153382664	0.034490553014458296	0.025739884562530218	0.03170838153382664	0.025739884562530218	0.03150630452881008	0.07812167588026558	0.07812167588026558	0.07812167588026558	0.06341676306765329	0.06341676306765329	0.0891566476301835	0.08687234433219365	0.10933218923145042
UP000006753	0.016001276266010504	0.030481948004415328	0.030481948004415328	0.030481948004415328	0.030481948004415328	0.019945916769390577	0.030481948004415328	0.029158572890283025	0.019945916769390577	0.030481948004415328	0.019945916769390577	0.02389055727277065	0.0931668536359052	0.0931668536359052	0.0931668536359052	0.060963896008830655	0.060963896008830655	0.08090981277822124	0.10237950975679766	0.10350247977587641
UP000219338	0.023260085228555848	0.032195776344120394	0.032195776344120394	0.032195776344120394	0.032195776344120394	0.0307833166671118	0.032195776344120394	0.03901277794417205	0.0307833166671118	0.032195776344120394	0.0307833166671118	0.03830654810566776	0.0673460904560728	0.0673460904560728	0.0673460904560728	0.06439155268824079	0.06439155268824079	0.0951748693553526	0.07557555173313305	0.11232418282236108
UP000184499	0.02040103905642028	0.03179675399709768	0.03179675399709768	0.03179675399709768	0.03179675399709768	0.026383061632069542	0.03179675399709768	0.035071930390232875	0.026383061632069542	0.03179675399709768	0.026383061632069542	0.0323650842077188	0.07664262615548759	0.07664262615548759	0.07664262615548759	0.06359350799419536	0.06359350799419536	0.08997656962626491	0.08533149491365091	0.10980927847206405
UP000011976	0.015937961233785214	0.030455907381945715	0.030455907381945715	0.030455907381945715	0.030455907381945715	0.0198561851535509	0.030455907381945715	0.029074270187513997	0.0198561851535509	0.030455907381945715	0.0198561851535509	0.023774409073316592	0.09342804645350306	0.09342804645350306	0.09342804645350306	0.06091181476389143	0.06091181476389143	0.08076799991744234	0.10264613148746615	0.10338745945985667
