Proteome_ID	M	W	C	D	E	F	H	K	N	Q	Y	I	A	G	P	T	V	L	R	S
UP000008323	0.019195174817656955	0.01820411540266885	0.02780170281149733	0.02780170281149733	0.02780170281149733	0.06200625223983138	0.02780170281149733	0.06200625223983138	0.06200625223983138	0.05880482893141302	0.06200625223983138	0.10481732966200581	0.024930862656533947	0.024930862656533947	0.024930862656533947	0.05560340562299466	0.05560340562299466	0.11760965786282604	0.052732565468031276	0.08340510843449198
UP000002535	0.01892853164482587	0.020895008546530692	0.030359274368943628	0.030359274368943628	0.030359274368943628	0.05027289122639695	0.030359274368943628	0.05027289122639695	0.05027289122639695	0.0554957199821421	0.05027289122639695	0.08161725080796803	0.03666729793033447	0.03666729793033447	0.03666729793033447	0.060718548737887255	0.060718548737887255	0.1109914399642842	0.0670265722992781	0.09107782310683087
UP000001961	0.014069407013413785	0.024468853699660967	0.031503557206367855	0.031503557206367855	0.031503557206367855	0.025423457054183588	0.031503557206367855	0.025423457054183588	0.025423457054183588	0.04421528573345965	0.025423457054183588	0.03677750709495339	0.07807546507461105	0.07807546507461105	0.07807546507461105	0.06300711441273571	0.06300711441273571	0.0884305714669193	0.1095790222809789	0.09451067161910358
UP000000815	0.01636421254273047	0.023830652698966927	0.032012758970332164	0.032012758970332164	0.032012758970332164	0.03347682126856843	0.032012758970332164	0.03347682126856843	0.03347682126856843	0.048751169604616375	0.03347682126856843	0.05058942999440639	0.06122545080794683	0.06122545080794683	0.06122545080794683	0.06402551794066433	0.06402551794066433	0.09750233920923275	0.093238209778279	0.09603827691099648
UP000000425	0.014688784783731765	0.02438689077586669	0.03173128316773258	0.03173128316773258	0.03173128316773258	0.027348923782209933	0.03173128316773258	0.027348923782209933	0.027348923782209933	0.04540574505883754	0.027348923782209933	0.0400090627806881	0.07363173333539255	0.07363173333539255	0.07363173333539255	0.06346256633546515	0.06346256633546515	0.09081149011767509	0.1053630165031251	0.09519384950319772
UP000010481	0.017188620974659088	0.02331431155127214	0.03190862203860168	0.03190862203860168	0.03190862203860168	0.037259862119757035	0.03190862203860168	0.037259862119757035	0.037259862119757035	0.0505385530984802	0.037259862119757035	0.057331103264854986	0.054651847992881204	0.054651847992881204	0.054651847992881204	0.06381724407720336	0.06381724407720336	0.1010771061969604	0.0865604700314829	0.09572586611580505
UP000002194	0.011060971889829555	0.024123120028298188	0.029653605973212968	0.029653605973212968	0.029653605973212968	0.017641271302968747	0.029653605973212968	0.017641271302968747	0.017641271302968747	0.03847424162469734	0.017641271302968747	0.024221570716107938	0.09969081390031041	0.09969081390031041	0.09969081390031041	0.059307211946425936	0.059307211946425936	0.07694848324939468	0.12934441987352338	0.08896081791963892
UP000010378	0.019161278196570524	0.01994667514507623	0.029527314243361486	0.029527314243361486	0.029527314243361486	0.054580273506743104	0.029527314243361486	0.054580273506743104	0.054580273506743104	0.05681745099673304	0.054580273506743104	0.0899992688169157	0.03194788997598205	0.03194788997598205	0.03194788997598205	0.05905462848672297	0.05905462848672297	0.11363490199346608	0.06147520421934354	0.08858194273008449
UP000001168	0.017236848080760814	0.023277162818533707	0.03189558685891412	0.03189558685891412	0.03189558685891412	0.0375052310743936	0.03189558685891412	0.0375052310743936	0.0375052310743936	0.05064820239611092	0.0375052310743936	0.05777361406802639	0.05424995030995063	0.05424995030995063	0.05424995030995063	0.06379117371782823	0.06379117371782823	0.10129640479222184	0.08614553716886476	0.09568676057674236
UP000000430	0.01802781856380303	0.022510739798175187	0.0315246490800767	0.0315246490800767	0.0315246490800767	0.042107712119370234	0.0315246490800767	0.042107712119370234	0.042107712119370234	0.05257850513976182	0.042107712119370234	0.06618760567493745	0.04720292077634942	0.04720292077634942	0.04720292077634942	0.0630492981601534	0.0630492981601534	0.10515701027952364	0.07872756985642614	0.0945739472402301
UP000001054	0.012032213432450322	0.024361821437726063	0.030377928153951222	0.030377928153951222	0.030377928153951222	0.019923656326978977	0.030377928153951222	0.019923656326978977	0.019923656326978977	0.04033975631744071	0.019923656326978977	0.027815099221507628	0.09263545845016584	0.09263545845016584	0.09263545845016584	0.060755856307902444	0.060755856307902444	0.08067951263488142	0.12301338660411706	0.09113378446185368
UP000008561	0.012705518989666464	0.024457474615033316	0.03081023410986655	0.03081023410986655	0.03081023410986655	0.021621992500849285	0.03081023410986655	0.021621992500849285	0.021621992500849285	0.04162123036029119	0.021621992500849285	0.030538466012032105	0.08780601749514973	0.08780601749514973	0.08780601749514973	0.0616204682197331	0.0616204682197331	0.08324246072058238	0.11861625160501627	0.09243070232959963
UP000008898	0.01778669667884433	0.0227811071992001	0.03167445553862226	0.03167445553862226	0.03167445553862226	0.040566943797152276	0.03167445553862226	0.040566943797152276	0.040566943797152276	0.0519579274371984	0.040566943797152276	0.06334719091546022	0.04946249531070598	0.04946249531070598	0.04946249531070598	0.06334891107724452	0.06334891107724452	0.1039158548743968	0.08113695084932823	0.09502336661586679
UP000008204	0.017655447249653414	0.022913106735647736	0.03174083036047444	0.03174083036047444	0.03174083036047444	0.039785822769636305	0.03174083036047444	0.039785822769636305	0.039785822769636305	0.051633741745292595	0.039785822769636305	0.06191619828961921	0.05064519177124086	0.05064519177124086	0.05064519177124086	0.06348166072094888	0.06348166072094888	0.10326748349058519	0.0823860221317153	0.09522249108142333
UP000001946	0.016278231604332304	0.023873475363819695	0.03201259116598584	0.03201259116598584	0.03201259116598584	0.03311913466911747	0.03201259116598584	0.03311913466911747	0.03311913466911747	0.04857215850054459	0.03311913466911747	0.049960037733902646	0.061886036782002864	0.061886036782002864	0.061886036782002864	0.06402518233197169	0.06402518233197169	0.09714431700108918	0.09389862794798873	0.09603777349795754
UP000017700	0.016666977426316155	0.023664599980836188	0.031998088693994266	0.031998088693994266	0.031998088693994266	0.03478622081834479	0.031998088693994266	0.03478622081834479	0.03478622081834479	0.049391199103166666	0.03478622081834479	0.052905464210373426	0.05886685336791594	0.05886685336791594	0.05886685336791594	0.06399617738798853	0.06399617738798853	0.09878239820633333	0.09086494206191022	0.09599426608198282
UP000002084	0.014777995450561873	0.024370183995035658	0.031759181720316595	0.031759181720316595	0.031759181720316595	0.027638648768157324	0.031759181720316595	0.027638648768157324	0.027638648768157324	0.04557850610439526	0.027638648768157324	0.040499302085752774	0.07298805610975884	0.07298805610975884	0.07298805610975884	0.06351836344063319	0.06351836344063319	0.09115701220879052	0.10474723783007543	0.09527754516094979
UP000065734	0.010763813499323583	0.024026369418132996	0.029408276167794786	0.029408276167794786	0.029408276167794786	0.016977973870067095	0.029408276167794786	0.016977973870067095	0.016977973870067095	0.03789726310282834	0.016977973870067095	0.023192134240810607	0.1018786710098605	0.1018786710098605	0.1018786710098605	0.05881655233558957	0.05881655233558957	0.07579452620565667	0.1312869471776553	0.08822482850338437
UP000001191	0.017487347494804937	0.023068916849583832	0.031812590596986295	0.031812590596986295	0.031812590596986295	0.03883479131985904	0.031812590596986295	0.03883479131985904	0.03883479131985904	0.05122998625691583	0.03883479131985904	0.06018223514491315	0.05212032232416973	0.05212032232416973	0.05212032232416973	0.06362518119397259	0.06362518119397259	0.10245997251383165	0.08393291292115604	0.0954377717909589
UP000002186	0.007809022636174501	0.022421849159211568	0.02632636047729882	0.02632636047729882	0.02632636047729882	0.011102197662492602	0.02632636047729882	0.011102197662492602	0.011102197662492602	0.03187745930854512	0.011102197662492602	0.014395372688810703	0.12485406530315289	0.12485406530315289	0.12485406530315289	0.05265272095459764	0.05265272095459764	0.06375491861709023	0.1511804257804517	0.07897908143189646
UP000254519	0.017787687213816697	0.022780073438068784	0.031673917044977136	0.031673917044977136	0.031673917044977136	0.04057298028930493	0.031673917044977136	0.04057298028930493	0.04057298028930493	0.0519604071896296	0.04057298028930493	0.06335827336479316	0.049453454679371775	0.049453454679371775	0.049453454679371775	0.06334783408995427	0.06334783408995427	0.1039208143792592	0.0811273717243489	0.0950217511349314
UP000001688	0.015753176049971816	0.024097883870103906	0.03197447189508981	0.03197447189508981	0.03197447189508981	0.031051741468596697	0.03197447189508981	0.031051741468596697	0.031051741468596697	0.047500342629388154	0.031051741468596697	0.046350306887221575	0.06584924417226841	0.06584924417226841	0.06584924417226841	0.06394894379017962	0.06394894379017962	0.09500068525877631	0.09782371606735822	0.09592341568526942
UP000001430	0.01921471576565296	0.019495804523856946	0.029103162406683425	0.029103162406683425	0.029103162406683425	0.0565517531546071	0.029103162406683425	0.0565517531546071	0.0565517531546071	0.057379038983986975	0.0565517531546071	0.09388879054356124	0.029954652679084603	0.029954652679084603	0.029954652679084603	0.05820632481336685	0.05820632481336685	0.11475807796797395	0.05905781508576803	0.08730948722005027
UP000029482	0.007302057335611543	0.022016142749840824	0.025667171417646593	0.025667171417646593	0.025667171417646593	0.010205390312166072	0.025667171417646593	0.010205390312166072	0.010205390312166072	0.03076986657372963	0.010205390312166072	0.0131087232887206	0.12910896466105365	0.12910896466105365	0.12910896466105365	0.05133434283529319	0.05133434283529319	0.06153973314745926	0.15477613607870028	0.07700151425293979
UP000889800	0.01364586525350586	0.024492485524262676	0.03131541815101561	0.03131541815101561	0.03131541815101561	0.024184311789019614	0.03131541815101561	0.024184311789019614	0.024184311789019614	0.043407574045525414	0.024184311789019614	0.03472275832453336	0.08109847594821401	0.08109847594821401	0.08109847594821401	0.06263083630203121	0.06263083630203121	0.08681514809105083	0.11241389409922962	0.09394625445304683
UP000002384	0.01806815794244245	0.022461458490484743	0.03149553746170597	0.03149553746170597	0.03149553746170597	0.04238104274358287	0.03149553746170597	0.04238104274358287	0.04238104274358287	0.0526860588334974	0.04238104274358287	0.0666939275447233	0.04681191475176353	0.04681191475176353	0.04681191475176353	0.06299107492341194	0.06299107492341194	0.1053721176669948	0.0783074522134695	0.09448661238511791
UP000002417	0.009079972945060296	0.023261655842238077	0.027801642314768223	0.027801642314768223	0.027801642314768223	0.013483742024351174	0.027801642314768223	0.013483742024351174	0.013483742024351174	0.03454351332694381	0.013483742024351174	0.01788751110364205	0.11464641106340119	0.11464641106340119	0.11464641106340119	0.05560328462953645	0.05560328462953645	0.06908702665388762	0.1424480533781694	0.08340492694430467
UP000000817	0.01873037609948773	0.021392018468594134	0.030757206518338	0.030757206518338	0.030757206518338	0.04790073741749483	0.030757206518338	0.04790073741749483	0.04790073741749483	0.054707575227085414	0.04790073741749483	0.07707109873550193	0.03949858828128115	0.03949858828128115	0.03949858828128115	0.061514413036676	0.061514413036676	0.10941515045417083	0.07025579479961916	0.09227161955501399
UP000001566	0.011784423183428629	0.024312179374848922	0.030204390966563233	0.030204390966563233	0.030204390966563233	0.019323667084456642	0.030204390966563233	0.019323667084456642	0.019323667084456642	0.039866224508791556	0.019323667084456642	0.026862910985484656	0.09442361324831938	0.09442361324831938	0.09442361324831938	0.06040878193312647	0.06040878193312647	0.07973244901758311	0.12462800421488263	0.0906131728996897
UP000000562	0.018252217168636575	0.015029532552611238	0.024155641136929525	0.024155641136929525	0.024155641136929525	0.07468445604566314	0.024155641136929525	0.07468445604566314	0.07468445604566314	0.0614978691597611	0.07468445604566314	0.1311166949226897	0.015625607512743073	0.015625607512743073	0.015625607512743073	0.04831128227385905	0.04831128227385905	0.1229957383195222	0.0397812486496726	0.07246692341078859
UP000000585	0.018219017723568945	0.02226503192298718	0.03137454078477166	0.03137454078477166	0.03137454078477166	0.043450443738900134	0.03137454078477166	0.043450443738900134	0.043450443738900134	0.05309976265422173	0.043450443738900134	0.06868186975423132	0.04530963206592178	0.04530963206592178	0.04530963206592178	0.06274908156954331	0.06274908156954331	0.10619952530844345	0.07668417285069343	0.09412362235431496
UP000001020	0.010018356308671683	0.02373399790831818	0.028743176062654023	0.028743176062654023	0.028743176062654023	0.015378486042692536	0.028743176062654023	0.015378486042692536	0.015378486042692536	0.036432419084000287	0.015378486042692536	0.020738615776713386	0.1074449289579194	0.1074449289579194	0.1074449289579194	0.057486352125308046	0.057486352125308046	0.07286483816800057	0.1361881050205734	0.08622952818796206
UP000000594	0.018974558380155184	0.02075382268141888	0.030241101871496475	0.030241101871496475	0.030241101871496475	0.050930576301589134	0.030241101871496475	0.050930576301589134	0.050930576301589134	0.055706390022291045	0.050930576301589134	0.08288659422302308	0.035912581746053905	0.035912581746053905	0.035912581746053905	0.06048220374299295	0.06048220374299295	0.11141278004458209	0.06615368361755038	0.09072330561448944
UP000000586	0.01820064304966167	0.02229005683045659	0.03139037835528743	0.03139037835528743	0.03139037835528743	0.043315886058359905	0.03139037835528743	0.043315886058359905	0.043315886058359905	0.05304832138446738	0.043315886058359905	0.06843112906705814	0.045496280600633134	0.045496280600633134	0.045496280600633134	0.06278075671057486	0.06278075671057486	0.10609664276893475	0.07688665895592056	0.09417113506586229
UP000037395	0.007129959111336821	0.021868437521189284	0.025433417076857694	0.025433417076857694	0.025433417076857694	0.009907375106997194	0.025433417076857694	0.009907375106997194	0.009907375106997194	0.03038710463035629	0.009907375106997194	0.012684791102657566	0.13058124825586662	0.13058124825586662	0.13058124825586662	0.05086683415371539	0.05086683415371539	0.06077420926071258	0.1560146653327243	0.0763002512305731
UP000001174	0.01918704769226774	0.019763817050627002	0.02935734089676087	0.02935734089676087	0.02935734089676087	0.05538490273372464	0.02935734089676087	0.05538490273372464	0.05538490273372464	0.05704979226362319	0.05538490273372464	0.09158275777518156	0.031122324748756258	0.031122324748756258	0.031122324748756258	0.05871468179352174	0.05871468179352174	0.11409958452724638	0.060479665645517135	0.08807202269028261
UP000061569	0.008311597806061917	0.022783006979142376	0.02693880588217333	0.02693880588217333	0.02693880588217333	0.012020294128530597	0.02693880588217333	0.012020294128530597	0.012020294128530597	0.03294895294643863	0.012020294128530597	0.015728990450999274	0.12074567470606956	0.12074567470606956	0.12074567470606956	0.05387761176434666	0.05387761176434666	0.06589790589287726	0.14768448058824288	0.08081641764652
UP000002516	0.015123721509726065	0.02429303806806631	0.03185489882292934	0.03185489882292934	0.03185489882292934	0.02879442429543217	0.03185489882292934	0.02879442429543217	0.02879442429543217	0.046252110970645424	0.02879442429543217	0.042465127081138275	0.07048132434306308	0.07048132434306308	0.07048132434306308	0.06370979764585868	0.06370979764585868	0.09250422194129085	0.10233622316599242	0.09556469646878801
UP000001584	0.009978510501540146	0.023716340837728275	0.02870559608849835	0.02870559608849835	0.02870559608849835	0.015295444167859766	0.02870559608849835	0.015295444167859766	0.015295444167859766	0.03635331817242823	0.015295444167859766	0.020612377834179383	0.10774597164396206	0.10774597164396206	0.10774597164396206	0.0574111921769967	0.0574111921769967	0.07270663634485645	0.13645156773246042	0.08611678826549504
UP000001962	0.009115820872309005	0.02328191429025124	0.027839824726405744	0.027839824726405744	0.027839824726405744	0.013553877541360742	0.027839824726405744	0.013553877541360742	0.013553877541360742	0.03461676349708612	0.013553877541360742	0.01799193421041248	0.11436665831336425	0.11436665831336425	0.11436665831336425	0.05567964945281149	0.05567964945281149	0.06923352699417223	0.14220648303977	0.08351947417921723
UP000000579	0.01884319769340897	0.021127288154387556	0.030548887001092043	0.030548887001092043	0.030548887001092043	0.04917597776128967	0.030548887001092043	0.04917597776128967	0.04917597776128967	0.05513687588173688	0.04917597776128967	0.07950875782917037	0.03795489340488979	0.03795489340488979	0.03795489340488979	0.06109777400218409	0.06109777400218409	0.11027375176347376	0.06850378040598183	0.09164666100327613
UP000002357	0.007362353925412184	0.022066669851999562	0.02574784681470565	0.02574784681470565	0.02574784681470565	0.010310561822226158	0.02574784681470565	0.010310561822226158	0.010310561822226158	0.03090312772581873	0.010310561822226158	0.013258769719040133	0.12859660356517988	0.12859660356517988	0.12859660356517988	0.0514956936294113	0.0514956936294113	0.06180625545163746	0.15434445037988553	0.07724354044411696
UP000002521	0.019038039932802533	0.017260168363677372	0.026779188330078637	0.026779188330078637	0.026779188330078637	0.0658588662343005	0.026779188330078637	0.0658588662343005	0.0658588662343005	0.059708621447228896	0.0658588662343005	0.11267969253579847	0.0217776274819723	0.0217776274819723	0.0217776274819723	0.053558376660157274	0.053558376660157274	0.11941724289445779	0.04855681581205094	0.08033756499023592
UP000069205	0.010855116969890026	0.024057286257594113	0.029484844742539124	0.029484844742539124	0.029484844742539124	0.017180145755495237	0.029484844742539124	0.017180145755495237	0.017180145755495237	0.038074917620286745	0.017180145755495237	0.02350517454110045	0.10120473735952619	0.10120473735952619	0.10120473735952619	0.05896968948507825	0.05896968948507825	0.07614983524057349	0.1306895821020653	0.08845453422761736
UP000000558	0.015442589457633304	0.02420346911660648	0.03192476384542313	0.03192476384542313	0.03192476384542313	0.029911164024692315	0.03192476384542313	0.029911164024692315	0.029911164024692315	0.04688034585776929	0.029911164024692315	0.04437973859175132	0.06814783575421351	0.06814783575421351	0.06814783575421351	0.06384952769084626	0.06384952769084626	0.09376069171553858	0.10007259959963664	0.0957742915362694
UP000035170	0.01011609515771258	0.023776427930063182	0.02883447550891947	0.02883447550891947	0.02883447550891947	0.015583201783382666	0.02883447550891947	0.015583201783382666	0.015583201783382666	0.0366260764006108	0.015583201783382666	0.02105030840905275	0.10670810651519368	0.10670810651519368	0.10670810651519368	0.05766895101783894	0.05766895101783894	0.0732521528012216	0.13554258202411315	0.08650342652675841
UP000001010	0.009913219398094725	0.02368695636079633	0.028643566059843688	0.028643566059843688	0.028643566059843688	0.015159887845265113	0.028643566059843688	0.015159887845265113	0.015159887845265113	0.03622350998247625	0.015159887845265113	0.020406556292435506	0.108240098475515	0.108240098475515	0.108240098475515	0.057287132119687376	0.057287132119687376	0.0724470199649525	0.13688366453535866	0.08593069817953106
UP000001423	0.014726760108995405	0.02437993545468355	0.031743315509181254	0.031743315509181254	0.031743315509181254	0.027471846185906704	0.031743315509181254	0.027471846185906704	0.027471846185906704	0.045479238602134604	0.027471846185906704	0.040216932262818	0.07335787137832435	0.07335787137832435	0.07335787137832435	0.06348663101836251	0.06348663101836251	0.09095847720426921	0.1051011868875056	0.09522994652754375
UP000000818	0.01921218044501174	0.01838546320163947	0.02799155342414534	0.02799155342414534	0.02799155342414534	0.06125480448308028	0.02799155342414534	0.06125480448308028	0.06125480448308028	0.05861895566568548	0.06125480448308028	0.1032974285211488	0.025582550453269584	0.025582550453269584	0.025582550453269584	0.05598310684829068	0.05598310684829068	0.11723791133137096	0.05357410387741492	0.08397466027243601
UP000001203	0.018203710922887327	0.022285901126728052	0.031387756588171715	0.031387756588171715	0.031387756588171715	0.043338263682865134	0.031387756588171715	0.043338263682865134	0.043338263682865134	0.053056888429604286	0.043338263682865134	0.06847281644284295	0.045465193107301925	0.045465193107301925	0.045465193107301925	0.06277551317634343	0.06277551317634343	0.10611377685920857	0.07685294969547364	0.09416326976451513
UP000000429	0.018482532810616764	0.021865091536018486	0.031106357941326872	0.031106357941326872	0.031106357941326872	0.045542795097085045	0.031106357941326872	0.045542795097085045	0.045542795097085045	0.05387775548986939	0.045542795097085045	0.07260305738355331	0.04249214402898519	0.04249214402898519	0.04249214402898519	0.062212715882653744	0.062212715882653744	0.10775551097973878	0.07359850197031206	0.09331907382398061
UP000000640	0.0077042158681842185	0.022341477360601138	0.026193585294693247	0.026193585294693247	0.026193585294693247	0.010914435793720548	0.026193585294693247	0.010914435793720548	0.010914435793720548	0.03165080319155352	0.010914435793720548	0.014124655719256878	0.12572411869152406	0.12572411869152406	0.12572411869152406	0.052387170589386495	0.052387170589386495	0.06330160638310704	0.1519177039862173	0.07858075588407974
UP000001170	0.01843100354779289	0.021950108042955798	0.031165609816852246	0.031165609816852246	0.031165609816852246	0.04510649587173784	0.031165609816852246	0.04510649587173784	0.04510649587173784	0.05371885775272116	0.04510649587173784	0.0717819881956828	0.04306675641655671	0.04306675641655671	0.04306675641655671	0.06233121963370449	0.06233121963370449	0.10743771550544232	0.07423236623340895	0.09349682945055673
UP000006552	0.010151348283671651	0.023791425529104987	0.02886709967094081	0.02886709967094081	0.02886709967094081	0.015657398767249888	0.02886709967094081	0.015657398767249888	0.015657398767249888	0.036695799054565756	0.015657398767249888	0.021163449250828123	0.10644289716310215	0.10644289716310215	0.10644289716310215	0.05773419934188162	0.05773419934188162	0.07339159810913151	0.135309996834043	0.08660129901282244
UP000001409	0.010740275559492543	0.024018227489789525	0.029388365269535796	0.029388365269535796	0.029388365269535796	0.016926084448630783	0.029388365269535796	0.016926084448630783	0.016926084448630783	0.037851407493851186	0.016926084448630783	0.02311189333776902	0.1020526650256107	0.1020526650256107	0.1020526650256107	0.05877673053907159	0.05877673053907159	0.07570281498770237	0.13144103029514648	0.08816509580860739
UP000001937	0.008148620299466957	0.02267020365152187	0.02674451380125535	0.02674451380125535	0.02674451380125535	0.011719301793125714	0.02674451380125535	0.011719301793125714	0.011719301793125714	0.03260416469781821	0.011719301793125714	0.01528998328678447	0.12206683147030126	0.12206683147030126	0.12206683147030126	0.0534890276025107	0.0534890276025107	0.06520832939563642	0.14881134527155662	0.08023354140376605
UP000198251	0.011943344833851243	0.0243449059253264	0.03031657834225202	0.03031657834225202	0.03031657834225202	0.01970700199060922	0.03031657834225202	0.01970700199060922	0.01970700199060922	0.04017007933755663	0.01970700199060922	0.0274706591473672	0.09327597600283101	0.09327597600283101	0.09327597600283101	0.06063315668450404	0.06063315668450404	0.08034015867511327	0.12359255434508304	0.09094973502675606
UP000183015	0.00598260884101009	0.020740911975911488	0.023732216396416532	0.023732216396416532	0.023732216396416532	0.007999082074731259	0.023732216396416532	0.007999082074731259	0.007999082074731259	0.027731757433782162	0.007999082074731259	0.010015555308452427	0.14082068162933903	0.14082068162933903	0.14082068162933903	0.047464432792833064	0.047464432792833064	0.055463514867564324	0.16455289802575554	0.0711966491892496
UP000008080	0.01619778519290207	0.023911911325094928	0.03201080392154596	0.03201080392154596	0.03201080392154596	0.03278969908725169	0.03201080392154596	0.03278969908725169	0.03278969908725169	0.048405653465171804	0.03278969908725169	0.04938161298160132	0.062500821674332	0.062500821674332	0.062500821674332	0.06402160784309192	0.06402160784309192	0.09681130693034361	0.09451162559587796	0.09603241176463788
UP000006647	0.019080752862441	0.017460746608839256	0.027001123040059756	0.027001123040059756	0.027001123040059756	0.06504768643157487	0.027001123040059756	0.06504768643157487	0.06504768643157487	0.05952496625584719	0.06504768643157487	0.11101462000070873	0.022416189888363247	0.022416189888363247	0.022416189888363247	0.05400224608011951	0.05400224608011951	0.11904993251169438	0.049417312928422996	0.08100336912017926
UP000000809	0.018384969098090023	0.022022999553289374	0.031215484102334382	0.031215484102334382	0.031215484102334382	0.04472896921234199	0.031215484102334382	0.04472896921234199	0.04472896921234199	0.053579968708505385	0.04472896921234199	0.07107296932659396	0.043569367454782494	0.043569367454782494	0.043569367454782494	0.062430968204668764	0.062430968204668764	0.10715993741701077	0.07478485155711687	0.09364645230700316
UP000001572	0.018840437780989493	0.021134276934802118	0.030554495825296863	0.030554495825296863	0.030554495825296863	0.04914266903481494	0.030554495825296863	0.04914266903481494	0.04914266903481494	0.05512583034270434	0.04914266903481494	0.0794449002886404	0.03799456698115823	0.03799456698115823	0.03799456698115823	0.061108991650593726	0.061108991650593726	0.11025166068540868	0.0685490628064551	0.09166348747589059
UP000002207	0.011419640153499893	0.02422506628852638	0.029934886365276327	0.029934886365276327	0.029934886365276327	0.018462926521060175	0.029934886365276327	0.018462926521060175	0.018462926521060175	0.03916634962580642	0.018462926521060175	0.02550621288862046	0.09706992233109436	0.09706992233109436	0.09706992233109436	0.059869772730552655	0.059869772730552655	0.07833269925161283	0.1270048086963707	0.08980465909582899
UP000194841	0.01850602504050598	0.02182504040103151	0.031078052921284502	0.031078052921284502	0.031078052921284502	0.045746893900130786	0.031078052921284502	0.045746893900130786	0.045746893900130786	0.053951499871349895	0.045746893900130786	0.07298776275975559	0.04222561538218003	0.04222561538218003	0.04222561538218003	0.062156105842569004	0.062156105842569004	0.10790299974269979	0.07330366830346455	0.09323415876385352
UP000001410	0.01548209043471645	0.024191076009100986	0.031932121226459206	0.031932121226459206	0.031932121226459206	0.030053195331921616	0.031932121226459206	0.030053195331921616	0.030053195331921616	0.046958718892420016	0.030053195331921616	0.044624300229126786	0.06785703515114971	0.06785703515114971	0.06785703515114971	0.06386424245291841	0.06386424245291841	0.09391743778484003	0.09978915637760892	0.09579636367937763
UP000006637	0.007755015008192538	0.022380656202379494	0.026258163706475764	0.026258163706475764	0.026258163706475764	0.011005286556995014	0.026258163706475764	0.011005286556995014	0.011005286556995014	0.031760806984973265	0.011005286556995014	0.01425555810579749	0.12530180975575542	0.12530180975575542	0.12530180975575542	0.05251632741295153	0.05251632741295153	0.06352161396994653	0.15155997346223116	0.07877449111942728
UP000000625	0.015753081804913048	0.024097918809824526	0.03197445971228105	0.03197445971228105	0.03197445971228105	0.031051386780568947	0.03197445971228105	0.031051386780568947	0.031051386780568947	0.04750015310256553	0.031051386780568947	0.04634969175622485	0.06584994616292313	0.06584994616292313	0.06584994616292313	0.0639489194245621	0.0639489194245621	0.09500030620513106	0.09782440587520416	0.09592337913684314
UP000001806	0.01883592358066237	0.01650992847940272	0.025927890269733904	0.025927890269733904	0.025927890269733904	0.06886323373191766	0.025927890269733904	0.06886323373191766	0.06886323373191766	0.060359507135692735	0.06886323373191766	0.11889054388317295	0.019524366121301557	0.019524366121301557	0.019524366121301557	0.05185578053946781	0.05185578053946781	0.12071901427138547	0.045452256391035464	0.0777836708092017
UP000002361	0.00955765231686661	0.023516991377058562	0.028295817535491867	0.028295817535491867	0.028295817535491867	0.014432660982032362	0.028295817535491867	0.014432660982032362	0.014432660982032362	0.035512148026508046	0.014432660982032362	0.019307669647198118	0.11095019705633016	0.11095019705633016	0.11095019705633016	0.056591635070983734	0.056591635070983734	0.07102429605301609	0.13924601459182204	0.08488745260647561
UP000000588	0.015953333277457533	0.024019504768432696	0.03199617140716146	0.03199617140716146	0.03199617140716146	0.03181766106060713	0.03199617140716146	0.03181766106060713	0.03181766106060713	0.04790500193746503	0.03181766106060713	0.047681988843756726	0.064351366542398	0.064351366542398	0.064351366542398	0.06399234281432292	0.06399234281432292	0.09581000387493006	0.09634753794955946	0.0959885142214844
UP000002480	0.0191533176028331	0.01787566130226727	0.02745232010368382	0.02745232010368382	0.02745232010368382	0.06335737407316082	0.02745232010368382	0.06335737407316082	0.06335737407316082	0.05913100714026423	0.06335737407316082	0.10756143054348853	0.023789807898442313	0.023789807898442313	0.023789807898442313	0.05490464020736764	0.05490464020736764	0.11826201428052846	0.05124212800212613	0.08235696031105146
UP000001983	0.011627243500990666	0.02427669116613988	0.030090312916635213	0.030090312916635213	0.030090312916635213	0.01894957915319674	0.030090312916635213	0.01894957915319674	0.01894957915319674	0.039565102493233584	0.01894957915319674	0.026271914805402818	0.0955616928588391	0.0955616928588391	0.0955616928588391	0.060180625833270426	0.060180625833270426	0.07913020498646717	0.1256520057754743	0.09027093874990562
UP000001116	0.007084354070728066	0.021828417365204935	0.025370594400568967	0.025370594400568967	0.025370594400568967	0.009828935334791436	0.025370594400568967	0.009828935334791436	0.009828935334791436	0.030285062067964684	0.009828935334791436	0.012573516598854806	0.13097391290383123	0.13097391290383123	0.13097391290383123	0.05074118880113793	0.05074118880113793	0.06057012413592937	0.1563445073044002	0.07611178320170689
UP000002145	0.018294846902747734	0.02215818459021307	0.031305608041586934	0.031305608041586934	0.031305608041586934	0.04401981561313633	0.031305608041586934	0.04401981561313633	0.04401981561313633	0.0533155158481551	0.04401981561313633	0.06974478432352493	0.0445272694218651	0.0445272694218651	0.0445272694218651	0.06261121608317387	0.06261121608317387	0.1066310316963102	0.07583287746345203	0.09391682412476081
UP000000423	0.01885885799978444	0.01658424828277757	0.02601367728266979	0.02601367728266979	0.02601367728266979	0.06856752442365621	0.02601367728266979	0.06856752442365621	0.06856752442365621	0.060297439494497895	0.06856752442365621	0.118276190847528	0.019738539824938485	0.019738539824938485	0.019738539824938485	0.05202735456533958	0.05202735456533958	0.12059487898899579	0.04575221710760828	0.07804103184800937
UP000009072	0.018832640119938952	0.01649945203028016	0.025915772090249638	0.025915772090249638	0.025915772090249638	0.06890488716739547	0.025915772090249638	0.06890488716739547	0.06890488716739547	0.060368215673947366	0.06890488716739547	0.11897713421485198	0.019494328215127348	0.019494328215127348	0.019494328215127348	0.051831544180499275	0.051831544180499275	0.12073643134789473	0.04541010030537699	0.0777473162707489
UP000000774	0.018508433469751673	0.021820886330691604	0.03107510306556744	0.03107510306556744	0.03107510306556744	0.045768011426530655	0.03107510306556744	0.045768011426530655	0.045768011426530655	0.05395910877883276	0.045768011426530655	0.07302758938330962	0.04219812049670425	0.04219812049670425	0.04219812049670425	0.06215020613113488	0.06215020613113488	0.10791821755766552	0.07327322356227169	0.09322530919670231
UP000001422	0.011428989569523408	0.024227507524632846	0.029942002309394554	0.029942002309394554	0.029942002309394554	0.018484664646057927	0.029942002309394554	0.018484664646057927	0.018484664646057927	0.03918433463242352	0.018484664646057927	0.02554033972259245	0.09700186824725358	0.09700186824725358	0.09700186824725358	0.05988400461878911	0.05988400461878911	0.07836866926484704	0.12694387055664816	0.08982600692818365
UP000006697	0.014230771142918479	0.02445306817617999	0.03156845374763923	0.03156845374763923	0.03156845374763923	0.025911389132025054	0.03156845374763923	0.025911389132025054	0.025911389132025054	0.04452414831365175	0.025911389132025054	0.03759200712113162	0.0769211767797609	0.0769211767797609	0.0769211767797609	0.06313690749527846	0.06313690749527846	0.0890482966273035	0.10848963052740014	0.0947053612429177
UP000001006	0.015630045228598892	0.024142004539879528	0.031957027154178974	0.031957027154178974	0.031957027154178974	0.03059290333437628	0.031957027154178974	0.03059290333437628	0.03059290333437628	0.047253478821367115	0.03059290333437628	0.04555576144015368	0.06676395328490344	0.06676395328490344	0.06676395328490344	0.06391405430835795	0.06391405430835795	0.09450695764273423	0.09872098043908241	0.09587108146253692
UP000028341	0.008523756082335129	0.02292381873533715	0.027185696776504717	0.027185696776504717	0.027185696776504717	0.012416942698979128	0.027185696776504717	0.012416942698979128	0.012416942698979128	0.03339416812599428	0.012416942698979128	0.01631012931562313	0.11904091484368719	0.11904091484368719	0.11904091484368719	0.054371393553009434	0.054371393553009434	0.06678833625198856	0.14622661162019188	0.08155709032951414
UP000005954	0.011067208491068755	0.02412503101200561	0.029658635257539985	0.029658635257539985	0.029658635257539985	0.017655358250810535	0.029658635257539985	0.017655358250810535	0.017655358250810535	0.03848631438294525	0.017655358250810535	0.02424350801055231	0.09964506331095391	0.09964506331095391	0.09964506331095391	0.05931727051507997	0.05931727051507997	0.0769726287658905	0.12930369856849389	0.08897590577261996
UP000001822	0.01850723230084491	0.021822959246905218	0.03107657539732767	0.03107657539732767	0.03107657539732767	0.04575747480025467	0.03107657539732767	0.04575747480025467	0.04575747480025467	0.05395531279745501	0.04575747480025467	0.07300771729966442	0.04221183719781741	0.04221183719781741	0.04221183719781741	0.06215315079465534	0.06215315079465534	0.10791062559491002	0.0732884125951451	0.09322972619198303
UP000008320	0.019233446017555018	0.018773763685146053	0.028390486693923564	0.028390486693923564	0.028390486693923564	0.0596313713718526	0.028390486693923564	0.0596313713718526	0.0596313713718526	0.05820617237984987	0.0596313713718526	0.10002929672615019	0.027033412654276504	0.027033412654276504	0.027033412654276504	0.05678097338784713	0.05678097338784713	0.11641234475969973	0.055423899348200065	0.08517146008177068
UP000061018	0.007859737158516945	0.02246010135020954	0.02638996992946802	0.02638996992946802	0.02638996992946802	0.01119350360195927	0.02638996992946802	0.01119350360195927	0.01119350360195927	0.03198672173044765	0.01119350360195927	0.014527270045401596	0.1244347681732689	0.1244347681732689	0.1244347681732689	0.05277993985893604	0.05277993985893604	0.0639734434608953	0.15082473810273694	0.07916990978840405
UP000001025	0.013790554455664048	0.024487260946127198	0.031382538173959224	0.031382538173959224	0.031382538173959224	0.024601125636266853	0.031382538173959224	0.024601125636266853	0.024601125636266853	0.04368310099209265	0.024601125636266853	0.035411696816869655	0.0800665560431208	0.0800665560431208	0.0800665560431208	0.06276507634791845	0.06276507634791845	0.0873662019841853	0.11144909421708	0.09414761452187766
UP000007065	0.019232311246086355	0.018736180139385293	0.02835233576242847	0.02835233576242847	0.02835233576242847	0.05978941667969027	0.02835233576242847	0.05978941667969027	0.05978941667969027	0.05824704410227361	0.05978941667969027	0.10034652211329419	0.02688953958162766	0.02688953958162766	0.02688953958162766	0.05670467152485694	0.05670467152485694	0.11649408820454722	0.055241875344056134	0.08505700728728542
UP000002484	0.006096123798543226	0.020864360328928997	0.02391242222820061	0.02391242222820061	0.02391242222820061	0.008182007435590034	0.02391242222820061	0.008182007435590034	0.008182007435590034	0.028003425945995624	0.008182007435590034	0.010267891072636844	0.13977106262028416	0.13977106262028416	0.13977106262028416	0.04782484445640122	0.04782484445640122	0.05600685189199125	0.16368348484848477	0.07173726668460183
UP000002709	0.012933998705912452	0.02447672755271381	0.030943726905670037	0.030943726905670037	0.030943726905670037	0.02222277423150849	0.030943726905670037	0.02222277423150849	0.02222277423150849	0.042055114021424284	0.02222277423150849	0.031511549757104525	0.08617414053148045	0.08617414053148045	0.08617414053148045	0.061887453811340074	0.061887453811340074	0.08411022804284857	0.1171178674371505	0.09283118071701012
UP000001652	0.016939759440648735	0.023492547190504736	0.0319624269108291	0.0319624269108291	0.0319624269108291	0.036041257258972115	0.0319624269108291	0.036041257258972115	0.036041257258972115	0.049983055540315166	0.036041257258972115	0.05514275507729549	0.05669040492619197	0.05669040492619197	0.05669040492619197	0.0639248538216582	0.0639248538216582	0.09996611108063033	0.08865283183702108	0.09588728073248731
UP000006821	0.01084288434901943	0.024053205434558876	0.02947464760906859	0.02947464760906859	0.02947464760906859	0.017152976387291723	0.02947464760906859	0.017152976387291723	0.017152976387291723	0.03805113580271446	0.017152976387291723	0.02346306842556402	0.10129493938118106	0.10129493938118106	0.10129493938118106	0.05894929521813718	0.05894929521813718	0.07610227160542891	0.13076958699024968	0.08842394282720577
UP000002171	0.015890115264966555	0.02404517442077538	0.031990232053258655	0.031990232053258655	0.031990232053258655	0.03157296815691181	0.031990232053258655	0.03157296815691181	0.03157296815691181	0.04777671613171456	0.03157296815691181	0.04725582104885707	0.06482602090087655	0.06482602090087655	0.06482602090087655	0.06398046410651731	0.06398046410651731	0.09555343226342912	0.09681625295413522	0.09597069615977598
UP000009134	0.01002430604094337	0.023736616551576148	0.028748769572047833	0.028748769572047833	0.028748769572047833	0.015390906340896881	0.028748769572047833	0.015390906340896881	0.015390906340896881	0.03644422274249627	0.015390906340896881	0.020757506640850392	0.10740001057774494	0.10740001057774494	0.10740001057774494	0.057497539144095666	0.057497539144095666	0.07288844548499254	0.1361487801497928	0.0862463087161435
UP000007073	0.01243101616047269	0.024425445406306867	0.030640953486543214	0.030640953486543214	0.030640953486543214	0.020917051011383345	0.030640953486543214	0.020917051011383345	0.020917051011383345	0.041099478992234886	0.020917051011383345	0.029403085862294	0.08977059242754248	0.08977059242754248	0.08977059242754248	0.06128190697308643	0.06128190697308643	0.08219895798446977	0.12041154591408568	0.09192286045962964
UP000000245	0.008868165996736703	0.023138255456947924	0.027572338455316273	0.027572338455316273	0.027572338455316273	0.013072809015284315	0.027572338455316273	0.013072809015284315	0.013072809015284315	0.03410874296295843	0.013072809015284315	0.017277452033831926	0.11630765002466895	0.11630765002466895	0.11630765002466895	0.055144676910632545	0.055144676910632545	0.06821748592591687	0.1438799884799852	0.0827170153659488
