Proteome_ID	M	W	C	D	E	F	H	K	N	Q	Y	I	A	G	P	T	V	L	R	S
UP000000278	0.018024425305819713	0.01292528507411162	0.030949710379931335	0.030949710379931335	0.0741093575197193	0.043159647139787954	0.030949710379931335	0.043159647139787954	0.043159647139787954	0.030949710379931335	0.043159647139787954	0.0682948689737562	0.044387970527153646	0.044387970527153646	0.044387970527153646	0.06189942075986267	0.06189942075986267	0.10505906789965062	0.07533768090708498	0.09284913113979398
UP000000280	0.017354121484061527	0.01409729068094127	0.031451412165002794	0.031451412165002794	0.0701688962482852	0.03871748408328242	0.031451412165002794	0.03871748408328242	0.03871748408328242	0.031451412165002794	0.03871748408328242	0.0600808466825033	0.05109791354443936	0.05109791354443936	0.05109791354443936	0.06290282433000559	0.06290282433000559	0.10162030841328801	0.08254932570944216	0.09435423649500839
UP000000287	0.016709747543843627	0.014966165997674951	0.03167591354151858	0.03167591354151858	0.06704212012920585	0.03536620658768728	0.03167591354151858	0.03536620658768728	0.03536620658768728	0.03167591354151858	0.03536620658768728	0.05402266563153093	0.05674136954451204	0.05674136954451204	0.05674136954451204	0.06335182708303716	0.06335182708303716	0.09871803367072443	0.08841728308603061	0.09502774062455574
UP000000327	0.018023755595799253	0.012926670127557384	0.03095042572335664	0.03095042572335664	0.0741048423920775	0.04315441666872086	0.03095042572335664	0.04315441666872086	0.04315441666872086	0.03095042572335664	0.04315441666872086	0.06828507774164247	0.04439540266808154	0.04439540266808154	0.04439540266808154	0.06190085144671328	0.06190085144671328	0.10505526811543413	0.07534582839143819	0.09285127717006993
UP000000339	0.01735669295016303	0.014093420587097621	0.031450113537260654	0.031450113537260654	0.07018236881485714	0.038732255277596495	0.031450113537260654	0.038732255277596495	0.038732255277596495	0.031450113537260654	0.038732255277596495	0.06010781760502996	0.05107420853330513	0.05107420853330513	0.05107420853330513	0.06290022707452131	0.06290022707452131	0.10163248235211782	0.08252432207056579	0.09435034061178198
UP000000344	0.01885684752075238	0.009827822690106906	0.028684670210859287	0.028684670210859287	0.08372254272902513	0.05503787251816586	0.028684670210859287	0.05503787251816586	0.05503787251816586	0.028684670210859287	0.05503787251816586	0.09121889751557934	0.02989978600041928	0.02989978600041928	0.02989978600041928	0.057369340421718575	0.057369340421718575	0.11240721293988445	0.058584456211278564	0.08605401063257787
UP000000348	0.01743074260414399	0.013980318654403263	0.03141106125854726	0.03141106125854726	0.07057455511412467	0.03916349385557741	0.03141106125854726	0.03916349385557741	0.03916349385557741	0.03141106125854726	0.03916349385557741	0.060896245107010825	0.05038645290569219	0.05038645290569219	0.05038645290569219	0.06282212251709451	0.06282212251709451	0.10198561637267191	0.08179751416423944	0.09423318377564174
UP000000349	0.01736454818268556	0.014081574914808256	0.03144612309749382	0.03144612309749382	0.07022358392759359	0.038777460830099766	0.03144612309749382	0.038777460830099766	0.038777460830099766	0.03144612309749382	0.038777460830099766	0.06019037347751398	0.0510017229954966	0.0510017229954966	0.0510017229954966	0.06289224619498764	0.06289224619498764	0.1016697070250874	0.08244784609299043	0.09433836929248146
UP000000350	0.016045194706049662	0.015702518442257972	0.031747713148307634	0.031747713148307634	0.06418825705275148	0.03244054390444384	0.031747713148307634	0.03244054390444384	0.03244054390444384	0.031747713148307634	0.03244054390444384	0.048835893102838035	0.06213935827439419	0.06213935827439419	0.06213935827439419	0.06349542629661527	0.06349542629661527	0.09593597020105911	0.09388707142270183	0.09524313944492291
UP000000351	0.017104558967949955	0.014456140128891412	0.031560699096841366	0.031560699096841366	0.06890343609015286	0.03734273699331148	0.031560699096841366	0.03734273699331148	0.03734273699331148	0.031560699096841366	0.03734273699331148	0.05758091501867302	0.053347869367999054	0.053347869367999054	0.053347869367999054	0.06312139819368273	0.06312139819368273	0.10046413518699422	0.08490856846484042	0.0946820972905241
UP000000352	0.012779719626442431	0.017968403081745625	0.030748122708188056	0.030748122708188056	0.05261719952388446	0.021869076815696407	0.030748122708188056	0.021869076815696407	0.021869076815696407	0.030748122708188056	0.021869076815696407	0.030958434004950384	0.08646428544246557	0.08646428544246557	0.08646428544246557	0.06149624541637611	0.06149624541637611	0.08336532223207252	0.11721240815065363	0.09224436812456419
UP000000353	0.016241818202260304	0.01549831259884008	0.031740130801100386	0.031740130801100386	0.06500294124576887	0.033262810444668486	0.031740130801100386	0.033262810444668486	0.033262810444668486	0.031740130801100386	0.033262810444668486	0.050283802687076676	0.060574310456826576	0.060574310456826576	0.060574310456826576	0.06348026160220077	0.06348026160220077	0.09674307204686926	0.09231444125792695	0.09522039240330114
UP000000354	0.018072544490092043	0.012824219200881755	0.030896763690973796	0.030896763690973796	0.07443806064311818	0.04354129695214439	0.030896763690973796	0.04354129695214439	0.04354129695214439	0.030896763690973796	0.04354129695214439	0.06901004941419675	0.04384848745433903	0.04384848745433903	0.04384848745433903	0.06179352738194759	0.06179352738194759	0.10533482433409198	0.07474525114531282	0.0926902910729214
UP000000355	0.018405144309700243	0.012016464469925077	0.03042160877962532	0.03042160877962532	0.07701718613298132	0.046595577353355996	0.03042160877962532	0.046595577353355996	0.046595577353355996	0.03042160877962532	0.046595577353355996	0.07478601039701176	0.039723696252211796	0.039723696252211796	0.039723696252211796	0.06084321755925064	0.06084321755925064	0.10743879491260665	0.07014530503183711	0.09126482633887596
UP000000356	0.017048121592949897	0.014533059228860055	0.03158118082180995	0.03158118082180995	0.06862773806902656	0.0370465572472166	0.03158118082180995	0.0370465572472166	0.0370465572472166	0.03158118082180995	0.0370465572472166	0.0570449929014833	0.05384419261656449	0.05384419261656449	0.05384419261656449	0.0631623616436199	0.0631623616436199	0.1002089188908365	0.08542537343837443	0.09474354246542986
UP000000357	0.017368985592710537	0.014074867635472329	0.03144385322818287	0.03144385322818287	0.07024690614806811	0.03880305291988524	0.03144385322818287	0.03880305291988524	0.03880305291988524	0.03144385322818287	0.03880305291988524	0.060237120247059954	0.05096072764567568	0.05096072764567568	0.05096072764567568	0.06288770645636574	0.06288770645636574	0.10169075937625098	0.08240458087385853	0.09433155968454861
UP000000358	0.017343792018912393	0.014112798782887946	0.03145659080180034	0.03145659080180034	0.07011487374649734	0.038658282944697	0.03145659080180034	0.038658282944697	0.038658282944697	0.03145659080180034	0.038658282944697	0.05997277387048161	0.05119301890813275	0.05119301890813275	0.05119301890813275	0.06291318160360068	0.06291318160360068	0.10157146454829769	0.08264960970993308	0.09436977240540102
UP000000359	0.017399672114582536	0.014028170271422852	0.031427842386005385	0.031427842386005385	0.0704089883376797	0.038981145951674324	0.031427842386005385	0.038981145951674324	0.038981145951674324	0.031427842386005385	0.038981145951674324	0.060562619788766106	0.05067625658127542	0.05067625658127542	0.05067625658127542	0.06285568477201077	0.06285568477201077	0.1018368307236851	0.0821040989672808	0.09428352715801615
UP000000360	0.015970099773166272	0.015777801038278656	0.03174790081144493	0.03174790081144493	0.06388274281618839	0.03213484200474346	0.03174790081144493	0.03213484200474346	0.03213484200474346	0.03174790081144493	0.03213484200474346	0.04829958423632064	0.06273123768802498	0.06273123768802498	0.06273123768802498	0.06349580162288986	0.06349580162288986	0.09563064362763332	0.0944791384994699	0.09524370243433478
UP000000369	0.01498567428592342	0.016645308883101208	0.03163098316902462	0.03163098316902462	0.060108172414563885	0.02847718924553926	0.03163098316902462	0.02847718924553926	0.02847718924553926	0.03163098316902462	0.02847718924553926	0.041968704205155104	0.07026810740430381	0.07026810740430381	0.07026810740430381	0.06326196633804924	0.06326196633804924	0.09173915558358853	0.10189909057332844	0.09489294950707389
UP000000372	0.018449707940762478	0.011887936820430746	0.030337644761193223	0.030337644761193223	0.07742072519047978	0.04708308042928656	0.030337644761193223	0.04708308042928656	0.04708308042928656	0.030337644761193223	0.04708308042928656	0.07571645291781062	0.03909568708184462	0.03909568708184462	0.03909568708184462	0.06067528952238645	0.06067528952238645	0.107758369951673	0.06943333184303785	0.09101293428357969
UP000000373	0.017964897601871203	0.013046220642010583	0.031011118243881787	0.031011118243881787	0.07371402654645043	0.04270290830256865	0.031011118243881787	0.04270290830256865	0.04270290830256865	0.031011118243881787	0.04270290830256865	0.0674409190032661	0.04504093481980338	0.04504093481980338	0.04504093481980338	0.062022236487763574	0.062022236487763574	0.10472514479033222	0.07605205306368516	0.09303335473164535
UP000000375	0.014448147002409187	0.017038759953255496	0.03148690695566468	0.03148690695566468	0.058186470867280404	0.026699563911615723	0.03148690695566468	0.026699563911615723	0.026699563911615723	0.03148690695566468	0.026699563911615723	0.03895098082082226	0.07426528110471216	0.07426528110471216	0.07426528110471216	0.06297381391132936	0.06297381391132936	0.0896733778229451	0.10575218806037685	0.09446072086699406
UP000000394	0.015094413883658153	0.01655934430498442	0.03165375818864257	0.03165375818864257	0.06050725131450182	0.028853493125859248	0.03165375818864257	0.028853493125859248	0.028853493125859248	0.03165375818864257	0.028853493125859248	0.04261257236806034	0.06945158446462579	0.06945158446462579	0.06945158446462579	0.06330751637728514	0.06330751637728514	0.09216100950314439	0.10110534265326836	0.09496127456592772
UP000000395	0.01808012275703759	0.012808014648105636	0.030888137405143224	0.030888137405143224	0.07449062626580617	0.04360248886066296	0.030888137405143224	0.04360248886066296	0.04360248886066296	0.030888137405143224	0.04360248886066296	0.06912485496428833	0.04376250334736061	0.04376250334736061	0.04376250334736061	0.06177627481028645	0.06177627481028645	0.10537876367094941	0.07465064075250384	0.09266441221542968
UP000000396	0.017659053456494683	0.013609349691253289	0.03126840314774797	0.03126840314774797	0.07184127512268056	0.04057287197493258	0.03126840314774797	0.04057287197493258	0.04057287197493258	0.03126840314774797	0.04057287197493258	0.06348669049337047	0.048195406823266666	0.048195406823266666	0.048195406823266666	0.06253680629549593	0.06253680629549593	0.10310967827042852	0.07946380997101461	0.0938052094432439
UP000000398	0.01426512264188474	0.017161445947065566	0.03142656858895031	0.03142656858895031	0.057549300701254295	0.026122732112303988	0.03142656858895031	0.026122732112303988	0.026122732112303988	0.03142656858895031	0.026122732112303988	0.03798034158272324	0.07561454208006196	0.07561454208006196	0.07561454208006196	0.06285313717790061	0.06285313717790061	0.0889758692902046	0.10704111066901227	0.09427970576685092
UP000000399	0.008578757943264051	0.018635329194596817	0.02721408713786087	0.02721408713786087	0.039742069003096445	0.012527981865235575	0.02721408713786087	0.012527981865235575	0.012527981865235575	0.02721408713786087	0.012527981865235575	0.016477205787207096	0.1182323772039014	0.1182323772039014	0.1182323772039014	0.05442817427572174	0.05442817427572174	0.0669561561409573	0.14544646434176228	0.0816422614135826
UP000000400	0.011017462317641207	0.01853315152065307	0.029550613838294274	0.029550613838294274	0.04711766248966695	0.017567048651372676	0.029550613838294274	0.017567048651372676	0.017567048651372676	0.029550613838294274	0.017567048651372676	0.024116634985104145	0.09941781292348784	0.09941781292348784	0.09941781292348784	0.05910122767658855	0.05910122767658855	0.07666827632796124	0.1289684267617821	0.08865184151488281
UP000000401	0.013407666236154935	0.017666468416602226	0.03107413465275716	0.03107413465275716	0.05465732152274702	0.023583186869989864	0.03107413465275716	0.023583186869989864	0.023583186869989864	0.03107413465275716	0.023583186869989864	0.03375870750382479	0.08188900420803039	0.08188900420803039	0.08188900420803039	0.06214826930551432	0.06214826930551432	0.08573145617550419	0.11296313886078753	0.09322240395827147
UP000000409	0.01765083932278744	0.013623339906991857	0.03127417922977929	0.03127417922977929	0.07179401623785261	0.04051983700807331	0.03127417922977929	0.04051983700807331	0.04051983700807331	0.03127417922977929	0.04051983700807331	0.06338883469335918	0.04827631889543307	0.04827631889543307	0.04827631889543307	0.06254835845955858	0.06254835845955858	0.1030681954676319	0.07955049812521237	0.0938225376893379
UP000000410	0.015298682332393135	0.016391660528572143	0.03169034286096528	0.03169034286096528	0.061267607933618816	0.02957726507265354	0.03169034286096528	0.02957726507265354	0.02957726507265354	0.03169034286096528	0.02957726507265354	0.04385584781291394	0.06790876899393009	0.06790876899393009	0.06790876899393009	0.06338068572193056	0.06338068572193056	0.09295795079458409	0.09959911185489537	0.09507102858289583
UP000000411	0.01689783358300884	0.014731090919085083	0.031628924502093925	0.031628924502093925	0.06791003264144468	0.03628110813935076	0.031628924502093925	0.03628110813935076	0.03628110813935076	0.031628924502093925	0.03628110813935076	0.05566438269569268	0.05514654410867502	0.05514654410867502	0.05514654410867502	0.06325784900418785	0.06325784900418785	0.0995389571435386	0.08677546861076894	0.09488677350628177
UP000000412	0.014975391177798225	0.016653322788523186	0.031628713966321415	0.031628713966321415	0.06007062733767428	0.02844191337135287	0.031628713966321415	0.02844191337135287	0.02844191337135287	0.031628713966321415	0.02844191337135287	0.041908435564907524	0.07034516518645813	0.07034516518645813	0.07034516518645813	0.06325742793264283	0.06325742793264283	0.09169934130399571	0.10197387915277954	0.09488614189896423
UP000000413	0.017510197089608055	0.013855224180386969	0.031365421269995024	0.031365421269995024	0.07100496091841507	0.03963953964842005	0.031365421269995024	0.03963953964842005	0.03963953964842005	0.031365421269995024	0.03963953964842005	0.061768882207232034	0.04963678489558181	0.04963678489558181	0.04963678489558181	0.06273084253999005	0.06273084253999005	0.1023703821884101	0.08100220616557684	0.09409626380998506
UP000000414	0.013619694805634694	0.01755187058163365	0.031171565387268348	0.031171565387268348	0.055359711329543516	0.02418814594227517	0.031171565387268348	0.02418814594227517	0.02418814594227517	0.031171565387268348	0.02418814594227517	0.034756597078915645	0.08034237026778497	0.08034237026778497	0.08034237026778497	0.062343130774536695	0.062343130774536695	0.08653127671681185	0.11151393565505333	0.09351469616180504
UP000000469	0.01830538527103695	0.012283238268952895	0.030588623539989847	0.030588623539989847	0.07617404055705769	0.04558541701706784	0.030588623539989847	0.04558541701706784	0.04558541701706784	0.030588623539989847	0.04558541701706784	0.07286544876309872	0.041051018123664185	0.041051018123664185	0.041051018123664185	0.061177247079979694	0.061177247079979694	0.10676266409704752	0.07163964166365404	0.09176587061996952
UP000000470	0.016591689674402433	0.015107120038715354	0.03169880971311779	0.03169880971311779	0.06651264666285764	0.03481383694973985	0.03169880971311779	0.03481383694973985	0.03481383694973985	0.03169880971311779	0.03481383694973985	0.05303598422507727	0.05772500966664975	0.05772500966664975	0.05772500966664975	0.06339761942623558	0.06339761942623558	0.09821145637597542	0.08942381937976755	0.09509642913935337
UP000000472	0.01811704501091886	0.012727880063140712	0.030844925074059573	0.030844925074059573	0.07475002892112267	0.04390510384706311	0.030844925074059573	0.04390510384706311	0.04390510384706311	0.030844925074059573	0.04390510384706311	0.06969316268320734	0.04333935326236522	0.04333935326236522	0.04333935326236522	0.061689850148119146	0.061689850148119146	0.10559495399518225	0.0741842783364248	0.0925347752221787
UP000000473	0.013236444465051171	0.01775428202246507	0.030990726487516242	0.030990726487516242	0.054095407913920916	0.023104681426404674	0.030990726487516242	0.023104681426404674	0.023104681426404674	0.030990726487516242	0.023104681426404674	0.03297291838775818	0.0831368423133885	0.0831368423133885	0.0831368423133885	0.061981452975032485	0.061981452975032485	0.08508613440143716	0.11412756880090474	0.09297217946254874
UP000000477	0.01600102769710752	0.01574697125695582	0.031747998954063335	0.031747998954063335	0.06400820965123546	0.032260210697172116	0.031747998954063335	0.032260210697172116	0.032260210697172116	0.031747998954063335	0.032260210697172116	0.04851939369723672	0.0624878397136793	0.0624878397136793	0.0624878397136793	0.06349599790812667	0.06349599790812667	0.09575620860529879	0.09423583866774263	0.09524399686219001
UP000000513	0.018852477252261357	0.009899400053325931	0.028751877305587287	0.028751877305587287	0.08350712610283956	0.05475524879725228	0.028751877305587287	0.05475524879725228	0.05475524879725228	0.028751877305587287	0.05475524879725228	0.0906580203422432	0.030195112496211658	0.030195112496211658	0.030195112496211658	0.05750375461117457	0.05750375461117457	0.11225900340842684	0.05894698980179894	0.08625563191676186
UP000000514	0.01872197952654527	0.010876112038927604	0.029598091565472873	0.029598091565472873	0.08054781167963176	0.050949720114158895	0.029598091565472873	0.050949720114158895	0.050949720114158895	0.029598091565472873	0.050949720114158895	0.08317746070177252	0.03438868839142705	0.03438868839142705	0.03438868839142705	0.05919618313094575	0.05919618313094575	0.11014590324510463	0.06398677995689993	0.08879427469641864
UP000000515	0.01712811765183049	0.014423596409315103	0.0315517140611456	0.0315517140611456	0.06901958651265144	0.03746787245150585	0.0315517140611456	0.03746787245150585	0.03746787245150585	0.0315517140611456	0.03746787245150585	0.05780762725118122	0.05313942826536351	0.05313942826536351	0.05313942826536351	0.0631034281222912	0.0631034281222912	0.10057130057379704	0.08469114232650912	0.09465514218343678
UP000000516	0.01884847567759312	0.009956503763246865	0.028804979440839987	0.028804979440839987	0.08333516064645528	0.05453018120561532	0.028804979440839987	0.05453018120561532	0.05453018120561532	0.028804979440839987	0.05453018120561532	0.09021188673363752	0.03043183874480769	0.03043183874480769	0.03043183874480769	0.057609958881679975	0.057609958881679975	0.1121401400872953	0.05923681818564768	0.08641493832251997
UP000000518	0.012612222248947938	0.018039751995671094	0.030651974244619035	0.030651974244619035	0.0520818426615979	0.021429868416978862	0.030651974244619035	0.021429868416978862	0.021429868416978862	0.030651974244619035	0.021429868416978862	0.030247514585009787	0.08768542174980312	0.08768542174980312	0.08768542174980312	0.06130394848923807	0.06130394848923807	0.08273381690621692	0.11833739599442215	0.0919559227338571
UP000000519	0.015559124232635677	0.01616550391534764	0.03172462814798332	0.03172462814798332	0.06225924266872268	0.030534614520739366	0.03172462814798332	0.030534614520739366	0.030534614520739366	0.03172462814798332	0.030534614520739366	0.04551010480884305	0.06592203942474695	0.06592203942474695	0.06592203942474695	0.06344925629596664	0.06344925629596664	0.093983870816706	0.09764666757273026	0.09517388444394995
UP000000520	0.017884263842157112	0.013203510975752904	0.031087774817910013	0.031087774817910013	0.0731964206265955	0.04210864580868549	0.031087774817910013	0.04210864580868549	0.04210864580868549	0.031087774817910013	0.04210864580868549	0.06633302777521387	0.04590267507152826	0.04590267507152826	0.04590267507152826	0.062175549635820025	0.062175549635820025	0.10428419544450551	0.07699044988943828	0.09326332445373003
UP000000521	0.016895077803194124	0.014734634211579549	0.03162971201477367	0.03162971201477367	0.06789708300673664	0.03626737099196297	0.03162971201477367	0.03626737099196297	0.03626737099196297	0.03162971201477367	0.03626737099196297	0.05563966418073182	0.05517017940777789	0.05517017940777789	0.05517017940777789	0.06325942402954735	0.06325942402954735	0.09952679502151032	0.08679989142255157	0.09488913604432103
UP000000522	0.017695181905178714	0.013547189084932614	0.03124237099011133	0.03124237099011133	0.07205079511065267	0.040808424120541344	0.03124237099011133	0.040808424120541344	0.040808424120541344	0.03124237099011133	0.040808424120541344	0.06392166633590395	0.047837463274766706	0.047837463274766706	0.047837463274766706	0.06248474198022266	0.06248474198022266	0.103293166100764	0.07907983426487804	0.09372711297033398
UP000000568	0.017012809444821145	0.014580458706068899	0.031593268150890044	0.031593268150890044	0.06845700897178117	0.03686374082089112	0.031593268150890044	0.03686374082089112	0.03686374082089112	0.031593268150890044	0.03686374082089112	0.056714672196961094	0.05415264811586287	0.05415264811586287	0.05415264811586287	0.06318653630178009	0.06318653630178009	0.10005027712267121	0.0857459162667529	0.09477980445267013
UP000000569	0.01547966467441068	0.0162360267116175	0.031715691386028186	0.031715691386028186	0.061953894136798436	0.03023820275077025	0.031715691386028186	0.03023820275077025	0.03023820275077025	0.031715691386028186	0.03023820275077025	0.04499674082712982	0.06653074512294946	0.06653074512294946	0.06653074512294946	0.06343138277205637	0.06343138277205637	0.09366958552282663	0.09824643650897764	0.09514707415808454
UP000000570	0.01455893268106972	0.01696179086830931	0.03152072354937903	0.03152072354937903	0.05857612682471493	0.0270554032753359	0.03152072354937903	0.0270554032753359	0.0270554032753359	0.03152072354937903	0.0270554032753359	0.03955187386960208	0.07344603242207948	0.07344603242207948	0.07344603242207948	0.06304144709875806	0.06304144709875806	0.09009685037409396	0.10496675597145852	0.0945621706481371
UP000000571	0.008050808283442047	0.018545749975530084	0.02659655825897213	0.02659655825897213	0.03814226505567242	0.011545706796700285	0.02659655825897213	0.011545706796700285	0.011545706796700285	0.02659655825897213	0.011545706796700285	0.015040605309958524	0.12253505544157144	0.12253505544157144	0.12253505544157144	0.05319311651794426	0.05319311651794426	0.06473882331464456	0.14913161370054356	0.0797896747769164
UP000000572	0.016519676368764096	0.01519077476939106	0.031710451138155155	0.031710451138155155	0.0661949588912004	0.034484507753045256	0.031710451138155155	0.034484507753045256	0.034484507753045256	0.031710451138155155	0.034484507753045256	0.05244933913732641	0.05831909903347989	0.05831909903347989	0.05831909903347989	0.06342090227631031	0.06342090227631031	0.09790541002935557	0.09002955017163505	0.09513135341446548
UP000000573	0.016030595665401687	0.015717267834968126	0.03174786350036981	0.03174786350036981	0.06412862893356412	0.03238076543319431	0.03174786350036981	0.03238076543319431	0.03238076543319431	0.03174786350036981	0.03238076543319431	0.04873093520098693	0.06225466404848252	0.06225466404848252	0.06225466404848252	0.06349572700073962	0.06349572700073962	0.09587649243393394	0.09400252754885233	0.09524359050110943
UP000000574	0.01602914071187905	0.015718734737608476	0.031747875449487525	0.031747875449487525	0.06412269259462824	0.03237481714514071	0.031747875449487525	0.03237481714514071	0.03237481714514071	0.031747875449487525	0.03237481714514071	0.048720493578402385	0.062266149089738224	0.062266149089738224	0.062266149089738224	0.06349575089897505	0.06349575089897505	0.09587056804411576	0.09401402453922575	0.09524362634846258
UP000000575	0.016027534743979003	0.01572035325761827	0.03174788800159728	0.03174788800159728	0.06411614141517527	0.032368253413578	0.03174788800159728	0.032368253413578	0.032368253413578	0.03174788800159728	0.032368253413578	0.04870897208317699	0.06227882485244963	0.06227882485244963	0.06227882485244963	0.06349577600319456	0.06349577600319456	0.09586402941677255	0.09402671285404691	0.09524366400479184
UP000000587	0.018835670917395086	0.010107827756430177	0.028943498673825264	0.028943498673825264	0.082878946462933	0.05393544778910773	0.028943498673825264	0.05393544778910773	0.05393544778910773	0.028943498673825264	0.05393544778910773	0.0890352246608204	0.031064027455832255	0.031064027455832255	0.031064027455832255	0.05788699734765053	0.05788699734765053	0.11182244513675826	0.06000752612965752	0.08683049602147579
UP000000624	0.01852021993807616	0.011669635300835627	0.030189855238911788	0.030189855238911788	0.07810247157262788	0.0479126163337161	0.030189855238911788	0.0479126163337161	0.0479126163337161	0.030189855238911788	0.0479126163337161	0.07730501272935603	0.03804540136143967	0.03804540136143967	0.03804540136143967	0.060379710477823575	0.060379710477823575	0.10829232681153968	0.06823525660035146	0.09056956571673537
UP000000668	0.014113146491601834	0.017259195589076466	0.0313723420806783	0.0313723420806783	0.0570260556204615	0.025653713539783206	0.0313723420806783	0.025653713539783206	0.025653713539783206	0.0313723420806783	0.025653713539783206	0.037194280587964576	0.07673149122062084	0.07673149122062084	0.07673149122062084	0.0627446841613566	0.0627446841613566	0.08839839770113982	0.10810383330129913	0.09411702624203491
UP000000670	0.018492504411526205	0.011757865486268036	0.03025036989779424	0.03025036989779424	0.07782746622013155	0.0475770963223373	0.03025036989779424	0.0475770963223373	0.0475770963223373	0.03025036989779424	0.0475770963223373	0.07666168823314838	0.03846745386702998	0.03846745386702998	0.03846745386702998	0.06050073979558848	0.06050073979558848	0.10807783611792578	0.06871782376482422	0.09075110969338274
UP000000672	0.015495383588981938	0.016222183944937935	0.03171756753391987	0.03171756753391987	0.06201409709588994	0.030296529561970067	0.03171756753391987	0.030296529561970067	0.030296529561970067	0.03171756753391987	0.030296529561970067	0.04509767553495819	0.06641051663762584	0.06641051663762584	0.06641051663762584	0.06343513506783974	0.06343513506783974	0.09373166462980982	0.09812808417154571	0.09515270260175963
UP000000675	0.01640475169259744	0.015320820054612397	0.03172557174720984	0.03172557174720984	0.06569569377484753	0.0339701220276377	0.03172557174720984	0.0339701220276377	0.0339701220276377	0.03172557174720984	0.0339701220276377	0.051535492362677966	0.0592586568790346	0.0592586568790346	0.0592586568790346	0.06345114349441967	0.06345114349441967	0.09742126552205738	0.09098422862624445	0.0951767152416295
UP000000676	0.01768613935978853	0.01356284436708844	0.031248983726876966	0.031248983726876966	0.07199809697235716	0.04074911324548019	0.031248983726876966	0.04074911324548019	0.04074911324548019	0.031248983726876966	0.04074911324548019	0.06381208713117187	0.04792737344147889	0.04792737344147889	0.04792737344147889	0.06249796745375393	0.06249796745375393	0.10324708069923413	0.07917635716835586	0.09374695118063092
UP000000677	0.01591801096874515	0.015829178307028888	0.03174718927577404	0.03174718927577404	0.06367254240002305	0.031925353124249024	0.03174718927577404	0.031925353124249024	0.031925353124249024	0.03174718927577404	0.031925353124249024	0.04793269527975289	0.06314003939059205	0.06314003939059205	0.06314003939059205	0.06349437855154808	0.06349437855154808	0.09541973167579709	0.09488722866636609	0.09524156782732213
UP000000678	0.017226263933223965	0.014285132449162147	0.03151139638238611	0.03151139638238611	0.0695105982042257	0.03799920182183959	0.03151139638238611	0.03799920182183959	0.03799920182183959	0.03151139638238611	0.03799920182183959	0.0587721397104552	0.05226257681008237	0.05226257681008237	0.05226257681008237	0.06302279276477223	0.06302279276477223	0.1010219945866118	0.08377397319246847	0.09453418914715832
UP000000679	0.01640268536791596	0.015323120564718387	0.03172580593263435	0.03172580593263435	0.06568680040230923	0.033960994469674884	0.03172580593263435	0.033960994469674884	0.033960994469674884	0.03172580593263435	0.033960994469674884	0.05151930357143382	0.05927545867209183	0.05927545867209183	0.05927545867209183	0.0634516118652687	0.0634516118652687	0.09741260633494359	0.09100126460472617	0.09517741779790304
UP000000680	0.01758680889799033	0.013730657481354182	0.03131746637934451	0.03131746637934451	0.07143020658357026	0.040112740204225755	0.03131746637934451	0.040112740204225755	0.040112740204225755	0.03131746637934451	0.040112740204225755	0.06263867151046118	0.048901356298667986	0.048901356298667986	0.048901356298667986	0.06263493275868902	0.06263493275868902	0.10274767296291477	0.0802188226780125	0.09395239913803353
UP000000725	0.01685036582712704	0.014791699759528975	0.03164206558665601	0.03164206558665601	0.06768798250824715	0.036045916921591134	0.03164206558665601	0.036045916921591134	0.036045916921591134	0.03164206558665601	0.036045916921591134	0.05524146801605523	0.05555249526697544	0.05555249526697544	0.05555249526697544	0.06328413117331202	0.06328413117331202	0.09933004809490316	0.08719456085363145	0.09492619675996804
UP000000728	0.015800767602211014	0.0159423746596886	0.031743142261899615	0.031743142261899615	0.06320432822389077	0.03146118596199116	0.031743142261899615	0.03146118596199116	0.03146118596199116	0.031743142261899615	0.03146118596199116	0.047121604321771315	0.06405525092897198	0.06405525092897198	0.06405525092897198	0.06348628452379923	0.06348628452379923	0.09494747048579039	0.09579839319087159	0.09522942678569885
UP000000729	0.01058105826380904	0.01861033463518296	0.029191392898992	0.029191392898992	0.045788398547780496	0.016597005648788497	0.029191392898992	0.016597005648788497	0.016597005648788497	0.029191392898992	0.016597005648788497	0.022612953033767952	0.10268568167240728	0.10268568167240728	0.10268568167240728	0.058382785797984	0.058382785797984	0.07497979144677248	0.13187707457139927	0.08757417869697598
UP000000730	0.010199916607078153	0.018657274357540686	0.02885719096461884	0.02885719096461884	0.04463339362493283	0.015776202660313987	0.02885719096461884	0.015776202660313987	0.015776202660313987	0.02885719096461884	0.015776202660313987	0.02135248871354982	0.10556880997266621	0.10556880997266621	0.10556880997266621	0.05771438192923768	0.05771438192923768	0.07349058458955167	0.13442600093728505	0.08657157289385652
UP000000735	0.018459294663589317	0.011859401720481945	0.03031869638407126	0.03031869638407126	0.07751009469912283	0.04719139831505157	0.03031869638407126	0.04719139831505157	0.04719139831505157	0.03031869638407126	0.04719139831505157	0.07592350196651382	0.03895724149950912	0.03895724149950912	0.03895724149950912	0.06063739276814252	0.06063739276814252	0.1078287910831941	0.06927593788358039	0.09095608915221379
UP000000744	0.01874090218455544	0.010778474527848345	0.029519376712403785	0.029519376712403785	0.08084572628876073	0.051326349576356955	0.029519376712403785	0.051326349576356955	0.051326349576356955	0.029519376712403785	0.051326349576356955	0.08391179696815847	0.03395501954380979	0.03395501954380979	0.03395501954380979	0.05903875342480757	0.05903875342480757	0.11036510300116453	0.06347439625621358	0.08855813013721137
UP000000825	0.01748167898743541	0.01390058652919112	0.03138226551662653	0.03138226551662653	0.07084928300599956	0.03946701748937302	0.03138226551662653	0.03946701748937302	0.03946701748937302	0.03138226551662653	0.03946701748937302	0.06145235599131064	0.04990732270160666	0.04990732270160666	0.04990732270160666	0.06276453103325307	0.06276453103325307	0.10223154852262607	0.08128958821823319	0.09414679654987959
UP000000826	0.016606352007126686	0.015089875637368808	0.03169622764449549	0.03169622764449549	0.06657780826263054	0.03488158061813505	0.03169622764449549	0.03488158061813505	0.03488158061813505	0.03169622764449549	0.03488158061813505	0.05315680922914342	0.05760351618752959	0.05760351618752959	0.05760351618752959	0.06339245528899098	0.06339245528899098	0.09827403590712604	0.08929974383202509	0.09508868293348649
UP000000831	0.013467148457071918	0.017634978579988875	0.031102127037060796	0.031102127037060796	0.0548536139038553	0.0237514868667945	0.031102127037060796	0.0237514868667945	0.0237514868667945	0.031102127037060796	0.0237514868667945	0.03403582527651708	0.0814553052324358	0.0814553052324358	0.0814553052324358	0.06220425407412159	0.06220425407412159	0.0859557409409161	0.11255743226949659	0.09330638111118238
UP000000832	0.018596730657410954	0.011405983090885264	0.03000271374829622	0.03000271374829622	0.07892023204747164	0.04891751829917542	0.03000271374829622	0.04891751829917542	0.04891751829917542	0.03000271374829622	0.04891751829917542	0.07923830594093988	0.03680329107281701	0.03680329107281701	0.03680329107281701	0.06000542749659244	0.06000542749659244	0.10892294579576786	0.06680600482111324	0.09000814124488865
UP000000834	0.01761538139725594	0.013683143399622563	0.0312985247968785	0.0312985247968785	0.07159156531881701	0.0402930405219385	0.0312985247968785	0.0402930405219385	0.0402930405219385	0.0312985247968785	0.0402930405219385	0.06297069964662107	0.04862366511792295	0.04862366511792295	0.04862366511792295	0.062597049593757	0.062597049593757	0.1028900901156955	0.07992218991480146	0.0938955743906355
UP000000835	0.01873346347164593	0.010817660230594571	0.029551123702240497	0.029551123702240497	0.08072622854204053	0.051175104839800034	0.029551123702240497	0.051175104839800034	0.051175104839800034	0.029551123702240497	0.051175104839800034	0.08361674620795415	0.03412866137934941	0.03412866137934941	0.03412866137934941	0.059102247404480994	0.059102247404480994	0.11027735224428105	0.0636797850815899	0.08865337110672152
UP000000839	0.018867682045277192	0.009375967028456682	0.028243649073733872	0.028243649073733872	0.08507962011589253	0.056835971042158664	0.028243649073733872	0.056835971042158664	0.056835971042158664	0.028243649073733872	0.056835971042158664	0.09480426003904013	0.028070382132066446	0.028070382132066446	0.028070382132066446	0.056487298147467745	0.056487298147467745	0.11332326918962642	0.05631403120580033	0.08473094722120161
UP000000840	0.01646884211659941	0.015248810694618257	0.03171765281121767	0.03171765281121767	0.06597298110651958	0.03425532829530192	0.03171765281121767	0.03425532829530192	0.03425532829530192	0.03171765281121767	0.03425532829530192	0.052041814474004425	0.058735942693675325	0.058735942693675325	0.058735942693675325	0.06343530562243534	0.06343530562243534	0.09769063391773727	0.09045359550489299	0.09515295843365303
UP000000842	0.011437079960616887	0.018435538167759	0.029872618128375886	0.029872618128375886	0.048405059061655126	0.01853244093327924	0.029872618128375886	0.01853244093327924	0.01853244093327924	0.029872618128375886	0.01853244093327924	0.025627801905941588	0.09630391561009226	0.09630391561009226	0.09630391561009226	0.05974523625675177	0.05974523625675177	0.07827767719003101	0.12617653373846813	0.08961785438512765
UP000000846	0.016860314437964777	0.01477907091201906	0.03163938534998384	0.03163938534998384	0.0677343461767051	0.03609496082672127	0.03163938534998384	0.03609496082672127	0.03609496082672127	0.03163938534998384	0.03609496082672127	0.05532960721547776	0.05546761555611327	0.05546761555611327	0.05546761555611327	0.06327877069996768	0.06327877069996768	0.09937373152668895	0.0871070009060971	0.0949181560499515
UP000000853	0.0174429240728886	0.013961397887190308	0.03140432196007891	0.03140432196007891	0.07063987759257039	0.03923555563249149	0.03140432196007891	0.03923555563249149	0.03923555563249149	0.03140432196007891	0.03923555563249149	0.06102818719209439	0.05027233191292353	0.05027233191292353	0.05027233191292353	0.06280864392015782	0.06280864392015782	0.1020441995526493	0.08167665387300244	0.09421296588023673
UP000000854	0.018456023653816205	0.011869175296327968	0.030325198950144176	0.030325198950144176	0.07747949359635224	0.04715429464620808	0.030325198950144176	0.04715429464620808	0.04715429464620808	0.030325198950144176	0.04715429464620808	0.07585256563859996	0.03900462082046122	0.03900462082046122	0.03900462082046122	0.06065039790028835	0.06065039790028835	0.10780469254649641	0.06932981977060539	0.09097559685043252
UP000000862	0.018239957962214497	0.012445302096274757	0.030685260058489254	0.030685260058489254	0.07565788098779537	0.04497262092930612	0.030685260058489254	0.04497262092930612	0.04497262092930612	0.030685260058489254	0.04497262092930612	0.07170528389639776	0.04187370739798435	0.04187370739798435	0.04187370739798435	0.06137052011697851	0.06137052011697851	0.10634314104628463	0.07255896745647361	0.09205578017546776
UP000000866	0.018242007996422605	0.006613719514149111	0.024855727510571718	0.024855727510571718	0.0934129711364507	0.06855724362587898	0.024855727510571718	0.06855724362587898	0.06855724362587898	0.024855727510571718	0.06855724362587898	0.11887247925533534	0.018023104705060862	0.018023104705060862	0.018023104705060862	0.049711455021143436	0.049711455021143436	0.11826869864702241	0.04287883221563258	0.07456718253171515
UP000000867	0.017787863658048478	0.01338279075916434	0.03117065441721282	0.03117065441721282	0.07260142628561722	0.041430771868404395	0.03117065441721282	0.041430771868404395	0.041430771868404395	0.03117065441721282	0.041430771868404395	0.06507368007876031	0.04690280450885204	0.04690280450885204	0.04690280450885204	0.06234130883442564	0.06234130883442564	0.10377208070283005	0.07807345892606488	0.09351196325163848
UP000000868	0.01845020821410883	0.011886455905451163	0.030336664119559993	0.030336664119559993	0.077425365241202	0.047088701121642006	0.030336664119559993	0.047088701121642006	0.047088701121642006	0.030336664119559993	0.047088701121642006	0.07572719402917519	0.039088493332003246	0.039088493332003246	0.039088493332003246	0.060673328239119986	0.060673328239119986	0.107762029360762	0.06942515745156325	0.09100999235867999
UP000000869	0.010524730470315264	0.01861847936736891	0.029143209837684172	0.029143209837684172	0.04561740316622405	0.016474193328539874	0.029143209837684172	0.016474193328539874	0.016474193328539874	0.029143209837684172	0.016474193328539874	0.022423656186764486	0.10310995660976237	0.10310995660976237	0.10310995660976237	0.058286419675368344	0.058286419675368344	0.07476061300390822	0.13225316644744656	0.08742962951305251
UP000000870	0.010401539665088598	0.018634835870935375	0.02903637553602397	0.02903637553602397	0.045243817016065384	0.01620744148004141	0.02903637553602397	0.01620744148004141	0.01620744148004141	0.02903637553602397	0.01620744148004141	0.022013343294994218	0.10403999981209343	0.10403999981209343	0.10403999981209343	0.05807275107204794	0.05807275107204794	0.07428019255208936	0.1330763753481174	0.08710912660807192
UP000000871	0.01842267951789856	0.007035139342101462	0.025457818860000023	0.025457818860000023	0.09212334107301123	0.06666552221301121	0.025457818860000023	0.06666552221301121	0.06666552221301121	0.025457818860000023	0.06666552221301121	0.11490836490812388	0.019443350013452144	0.019443350013452144	0.019443350013452144	0.050915637720000045	0.050915637720000045	0.11758115993301127	0.04490116887345216	0.07637345658000007
UP000000872	0.01548486722607565	0.0034583732373123875	0.018943240463388036	0.018943240463388036	0.10376160542249999	0.08481836495911194	0.018943240463388036	0.08481836495911194	0.08481836495911194	0.018943240463388036	0.08481836495911194	0.15415186269214823	0.008461525034742876	0.008461525034742876	0.008461525034742876	0.03788648092677607	0.03788648092677607	0.12270484588588801	0.027404765498130913	0.05682972139016411
