Proteome_ID	M	W	C	D	E	F	H	K	N	Q	Y	I	A	G	P	T	V	L	R	S
UP000006687	0.02294183270355243	0.03216715359718779	0.03216715359718779	0.03216715359718779	0.03216715359718779	0.030284848156153066	0.03216715359718779	0.038569016329271066	0.030284848156153066	0.03216715359718779	0.030284848156153066	0.037627863608753705	0.06833290133798098	0.06833290133798098	0.06833290133798098	0.06433430719437558	0.06433430719437558	0.09461915535052866	0.07661706951109896	0.11210027804251517
UP000007251	0.02043319852350591	0.03180308529573453	0.03180308529573453	0.03180308529573453	0.03180308529573453	0.026431592514021142	0.03180308529573453	0.03511573289539307	0.026431592514021142	0.03180308529573453	0.026431592514021142	0.03242998650453638	0.07653237191752484	0.07653237191752484	0.07653237191752484	0.06360617059146906	0.06360617059146906	0.0900377631054902	0.08521651229889676	0.10984406042019426
UP000006677	0.03169734926191961	0.0316877919860174	0.0316877919860174	0.0316877919860174	0.0316877919860174	0.04482962098827577	0.0316877919860174	0.05139097821350274	0.04482962098827577	0.0316877919860174	0.04482962098827577	0.05796189271463192	0.04479699532644783	0.04479699532644783	0.04479699532644783	0.0633755839720348	0.0633755839720348	0.10820520496031057	0.0513583525516748	0.11362845349361565
UP000007666	0.03254773990281435	0.031512098064195984	0.031512098064195984	0.031512098064195984	0.031512098064195984	0.04633870682531389	0.031512098064195984	0.052716369367254476	0.04633870682531389	0.031512098064195984	0.04633870682531389	0.060129673747813424	0.04285887079891674	0.04285887079891674	0.04285887079891674	0.06302419612839197	0.06302419612839197	0.10936290295370588	0.04923653334085733	0.11329306717290277
UP000099345	0.013849934597460463	0.02946545815584665	0.02946545815584665	0.02946545815584665	0.02946545815584665	0.01694263843961183	0.02946545815584665	0.026296752139880607	0.01694263843961183	0.02946545815584665	0.01694263843961183	0.020035342281763194	0.1024885501072927	0.1024885501072927	0.1024885501072927	0.0589309163116933	0.0589309163116933	0.07587355475130514	0.11184266380756147	0.09915360522284905
UP000007699	0.029708284952012692	0.03201389484559671	0.03201389484559671	0.03201389484559671	0.03201389484559671	0.04136900124349318	0.03201389484559671	0.04835216433602543	0.04136900124349318	0.03201389484559671	0.04136900124349318	0.05302971753497367	0.04954866844150006	0.04954866844150006	0.04954866844150006	0.06402778969119342	0.06402778969119342	0.10539679093468661	0.056531831534032316	0.11408925319732234
UP000002135	0.024132286825015187	0.03225495268695897	0.03225495268695897	0.03225495268695897	0.03225495268695897	0.032160695967014374	0.03225495268695897	0.04023623346898586	0.032160695967014374	0.03225495268695897	0.032160695967014374	0.04018910510901356	0.06469897130988894	0.06469897130988894	0.06469897130988894	0.06450990537391794	0.06450990537391794	0.09667060134093233	0.07277450881186043	0.11286873574389293
UP000008222	0.03138700461499592	0.03174655035012069	0.03174655035012069	0.03174655035012069	0.03174655035012069	0.04428334303603925	0.03174655035012069	0.05091128511412331	0.04428334303603925	0.03174655035012069	0.04428334303603925	0.05717968145708258	0.04551794828644854	0.04551794828644854	0.04551794828644854	0.06349310070024138	0.06349310070024138	0.10777644373628062	0.05214589036453259	0.11373031724431465
UP000008623	0.021837084181342056	0.032037724921055735	0.032037724921055735	0.032037724921055735	0.032037724921055735	0.02857143766292364	0.032037724921055735	0.03703893477357127	0.02857143766292364	0.032037724921055735	0.02857143766292364	0.035305791144505216	0.07184908440566064	0.07184908440566064	0.07184908440566064	0.06407544984211147	0.06407544984211147	0.09264688750503511	0.08031658151630827	0.11121590546292769
UP000172353	0.053329570857724946	0.02081559633848426	0.02081559633848426	0.02081559633848426	0.02081559633848426	0.08976196294499958	0.02081559633848426	0.09172117172901656	0.08976196294499958	0.02081559633848426	0.08976196294499958	0.12619435503227422	0.009654179492313713	0.009654179492313713	0.009654179492313713	0.04163119267696852	0.04163119267696852	0.1313931556219681	0.011613388276330691	0.07934396778590308
UP000163220	0.038545906147967046	0.0296795028502704	0.0296795028502704	0.0296795028502704	0.0296795028502704	0.057514730814756186	0.0296795028502704	0.06256594149930245	0.057514730814756186	0.0296795028502704	0.057514730814756186	0.07648355548154533	0.03063120967309505	0.03063120967309505	0.03063120967309505	0.0593590057005408	0.0593590057005408	0.11687373651529698	0.03568242035764129	0.1086155900319891
UP000000360	0.024447661027631497	0.03226952943672385	0.03226952943672385	0.03226952943672385	0.03226952943672385	0.03266282820320251	0.03226952943672385	0.04068134599553419	0.03266282820320251	0.03226952943672385	0.03266282820320251	0.04087799537877351	0.06376193289750016	0.06376193289750016	0.06376193289750016	0.0645390588734477	0.0645390588734477	0.09720188707665021	0.07178045068983185	0.11304108216223203
UP000004993	0.02658718503327461	0.032276350597449155	0.032276350597449155	0.032276350597449155	0.032276350597449155	0.036127592032308684	0.032276350597449155	0.04374237831391299	0.036127592032308684	0.032276350597449155	0.036127592032308684	0.04566799903134276	0.057671311553663174	0.057671311553663174	0.057671311553663174	0.06455270119489831	0.06455270119489831	0.100680293227207	0.06528609783526748	0.113875829826588
UP000008865	0.02456020150565758	0.032273867767418585	0.032273867767418585	0.032273867767418585	0.032273867767418585	0.03284254212446915	0.032273867767418585	0.04084054556475544	0.03284254212446915	0.032273867767418585	0.03284254212446915	0.04112488274328072	0.06343008021250464	0.06343008021250464	0.06343008021250464	0.06454773553483717	0.06454773553483717	0.09739027765930633	0.07142808365279094	0.11309946418910177
UP000009108	0.031337558790276325	0.031755645622501334	0.031755645622501334	0.031755645622501334	0.031755645622501334	0.04419652534625205	0.031755645622501334	0.050835052040352414	0.04419652534625205	0.031755645622501334	0.04419652534625205	0.057055491902227765	0.0456334981540536	0.0456334981540536	0.0456334981540536	0.06351129124500267	0.06351129124500267	0.10770781659125471	0.05227202484815396	0.11374552910180459
UP000000396	0.02979876623734961	0.03200168392550132	0.03200168392550132	0.03200168392550132	0.03200168392550132	0.04152435347454374	0.03200168392550132	0.048488605937216656	0.04152435347454374	0.03200168392550132	0.04152435347454374	0.053249940711737866	0.04932564571754321	0.04932564571754321	0.04932564571754321	0.06400336785100263	0.06400336785100263	0.10552772132554637	0.05628989818021612	0.11407823077665942
UP000007661	0.027030903608336005	0.032258277690366474	0.032258277690366474	0.032258277690366474	0.032258277690366474	0.0368590397522694	0.032258277690366474	0.044386794865251336	0.0368590397522694	0.032258277690366474	0.0368590397522694	0.04668717589620281	0.05646356967206265	0.05646356967206265	0.05646356967206265	0.06451655538073295	0.06451655538073295	0.10137559513300234	0.06399132478504459	0.11397760053550202
UP000007068	0.029674809510383898	0.03201834832840519	0.03201834832840519	0.03201834832840519	0.03201834832840519	0.04131157484758102	0.03201834832840519	0.04830172692519023	0.04131157484758102	0.03201834832840519	0.04131157484758102	0.052948340184778155	0.04963135070311248	0.04963135070311248	0.04963135070311248	0.06403669665681037	0.06403669665681037	0.1053482715043914	0.05662150278072169	0.11409308915840233
UP000134285	0.028018735709569555	0.03219481476666819	0.03219481476666819	0.03219481476666819	0.03219481476666819	0.03850360754698486	0.03219481476666819	0.04583408299424183	0.03850360754698486	0.03219481476666819	0.03850360754698486	0.048988479384400166	0.0538394277261037	0.0538394277261037	0.0538394277261037	0.06438962953333638	0.06438962953333638	0.10289323708032125	0.06116990317336067	0.11411830817215883
UP000006372	0.030582539870416398	0.03188537207170511	0.03188537207170511	0.03188537207170511	0.03188537207170511	0.04287825761185058	0.03188537207170511	0.04967753258321203	0.04287825761185058	0.03188537207170511	0.04287825761185058	0.05517397535328476	0.04742156089244101	0.04742156089244101	0.04742156089244101	0.06377074414341022	0.06377074414341022	0.1066490017552608	0.054220835863802455	0.11394293834409756
UP000009089	0.03317231688097885	0.031369473767203934	0.031369473767203934	0.031369473767203934	0.031369473767203934	0.047458581982874073	0.031369473767203934	0.05370029297693422	0.047458581982874073	0.031369473767203934	0.047458581982874073	0.06174484708476929	0.04146958646115463	0.04146958646115463	0.04146958646115463	0.06273894753440787	0.06273894753440787	0.11019752951728194	0.04771129745521478	0.11299447308069543
UP000002317	0.027788863505304965	0.032212414397187916	0.032212414397187916	0.032212414397187916	0.032212414397187916	0.038118905269140815	0.032212414397187916	0.04549570159700023	0.038118905269140815	0.032212414397187916	0.038118905269140815	0.048448947032976676	0.05444225819025191	0.05444225819025191	0.05444225819025191	0.06442482879437583	0.06442482879437583	0.10254373406351665	0.061819054518111316	0.11409606493303286
UP000000862	0.031223217179642448	0.03177639687372889	0.03177639687372889	0.03177639687372889	0.03177639687372889	0.04399599189556095	0.03177639687372889	0.05065896910056342	0.04399599189556095	0.03177639687372889	0.04399599189556095	0.05676876661147945	0.045901426687852756	0.045901426687852756	0.045901426687852756	0.06355279374745779	0.06355279374745779	0.10754878564301873	0.05256440389285523	0.11377963308491063
UP000000344	0.03833433557308826	0.029761470727199892	0.029761470727199892	0.029761470727199892	0.029761470727199892	0.05710395203416508	0.029761470727199892	0.0622023278417593	0.05710395203416508	0.029761470727199892	0.05710395203416508	0.0758735684952419	0.031022201031411567	0.031022201031411567	0.031022201031411567	0.059522941454399785	0.059522941454399785	0.11662689348856489	0.03612057683900579	0.10884913129361111
UP000125273	0.01332649379556806	0.029174054143224597	0.029174054143224597	0.029174054143224597	0.029174054143224597	0.016226118456545428	0.029174054143224597	0.025599710960862377	0.016226118456545428	0.029174054143224597	0.016226118456545428	0.019125743117522794	0.1049080761281471	0.1049080761281471	0.1049080761281471	0.05834810828644919	0.05834810828644919	0.07457422674299463	0.11428166863246404	0.09794903156426449
UP000000470	0.02617981577068578	0.032287150932511055	0.032287150932511055	0.032287150932511055	0.032287150932511055	0.03545999418618309	0.032287150932511055	0.04315375097484438	0.03545999418618309	0.032287150932511055	0.03545999418618309	0.0447401726016804	0.05879640644413539	0.05879640644413539	0.05879640644413539	0.06457430186502211	0.06457430186502211	0.10003429605120519	0.06649016323279669	0.11376109015272165
UP000008687	0.02801233778523725	0.03219532765066065	0.03219532765066065	0.03219532765066065	0.03219532765066065	0.03849288377212062	0.03219532765066065	0.04582465169827401	0.03849288377212062	0.03219532765066065	0.03849288377212062	0.04897342975900399	0.05385614279614626	0.05385614279614626	0.05385614279614626	0.0643906553013213	0.0643906553013213	0.10288353907344193	0.06118791072229965	0.11411777475033585
UP000008226	0.031859570730307894	0.03165593335365259	0.03165593335365259	0.03165593335365259	0.03165593335365259	0.045116111853245724	0.03165593335365259	0.05164256372638699	0.045116111853245724	0.03165593335365259	0.045116111853245724	0.058372652976183555	0.044423070842209644	0.044423070842209644	0.044423070842209644	0.06331186670730518	0.06331186670730518	0.1084279785605509	0.0509495227153509	0.11357082966832782
UP000009116	0.033628404628171474	0.03125812193209823	0.03125812193209823	0.03125812193209823	0.03125812193209823	0.04828258806792257	0.03125812193209823	0.0544245384397615	0.04828258806792257	0.03125812193209823	0.04828258806792257	0.06293677150767368	0.040472983152742587	0.040472983152742587	0.040472983152742587	0.06251624386419646	0.06251624386419646	0.11079883193211904	0.04661493352458151	0.11274858698471507
UP000002241	0.029447749460802024	0.032047638261810084	0.032047638261810084	0.032047638261810084	0.032047638261810084	0.0409227612385518	0.032047638261810084	0.04796021152793071	0.0409227612385518	0.032047638261810084	0.0409227612385518	0.052397773016301566	0.05019461478529398	0.05019461478529398	0.05019461478529398	0.06409527652362017	0.06409527652362017	0.10501803776217196	0.05723206507467289	0.1141156524684825
UP000006674	0.035843289130976404	0.03063204114722265	0.03063204114722265	0.03063204114722265	0.03063204114722265	0.05236062041406201	0.03063204114722265	0.05801366206372794	0.05236062041406201	0.03063204114722265	0.05236062041406201	0.06887795169714762	0.03584074968650085	0.03584074968650085	0.03584074968650085	0.0612640822944453	0.0612640822944453	0.11362470270850732	0.04149379133616677	0.11122208128955874
UP000006716	0.03422153488573967	0.031104281878824608	0.031104281878824608	0.031104281878824608	0.031104281878824608	0.049362142466543725	0.031104281878824608	0.05537381975348822	0.049362142466543725	0.031104281878824608	0.049362142466543725	0.06450275004734778	0.03919912316825005	0.03919912316825005	0.03919912316825005	0.062208563757649216	0.062208563757649216	0.11157070622419293	0.045210800455194544	0.11239377294140944
UP000001795	0.026499940384222435	0.032279132612482345	0.032279132612482345	0.032279132612482345	0.032279132612482345	0.035984299514906934	0.032279132612482345	0.04361607519437913	0.035984299514906934	0.032279132612482345	0.035984299514906934	0.04546865864559142	0.057910945398983456	0.057910945398983456	0.057910945398983456	0.06455826522496469	0.06455826522496469	0.10054256473987161	0.06554272107845566	0.11385297909098498
UP000007453	0.028323735366249315	0.032168840872990594	0.032168840872990594	0.032168840872990594	0.032168840872990594	0.03901592934088125	0.032168840872990594	0.046284579081567856	0.03901592934088125	0.032168840872990594	0.03901592934088125	0.04970812331551318	0.053046760161495426	0.053046760161495426	0.053046760161495426	0.06433768174598119	0.06433768174598119	0.10335361108686243	0.06031540990218203	0.11413806401058917
UP000140422	0.0210829720818833	0.031921722706243064	0.031921722706243064	0.031921722706243064	0.031921722706243064	0.02741681226967886	0.031921722706243064	0.03600310767575652	0.02741681226967886	0.031921722706243064	0.02741681226967886	0.03375065245747441	0.07433368770308978	0.07433368770308978	0.07433368770308978	0.06384344541248613	0.06384344541248613	0.09126025768216499	0.08291998310916743	0.11051430001281694
UP000009190	0.016289294141466563	0.030597620441320143	0.030597620441320143	0.030597620441320143	0.030597620441320143	0.020355134004886758	0.030597620441320143	0.02954221708652365	0.020355134004886758	0.030597620441320143	0.020355134004886758	0.02442097386830695	0.09198803372616762	0.09198803372616762	0.09198803372616762	0.061195240882640285	0.061195240882640285	0.08155037488752705	0.1011751168078045	0.10401631560200679
UP000007225	0.02159687044938729	0.03200325710692681	0.03200325710692681	0.03200325710692681	0.03200325710692681	0.02820233358361428	0.03200325710692681	0.03670825847949754	0.02820233358361428	0.03200325710692681	0.02820233358361428	0.034807796717841274	0.0726328878009678	0.0726328878009678	0.0726328878009678	0.06400651421385362	0.06400651421385362	0.0922088477974679	0.08113881269685104	0.11100117863594071
UP000008479	0.0263599820102445	0.03228306254475155	0.03228306254475155	0.03228306254475155	0.03228306254475155	0.0357547886390574	0.03228306254475155	0.04341373222071738	0.0357547886390574	0.03228306254475155	0.0357547886390574	0.0451495952678703	0.058296869702643306	0.058296869702643306	0.058296869702643306	0.0645661250895031	0.0645661250895031	0.1003209137285605	0.06595581328430328	0.11381436301568625
UP000002242	0.02588320567904892	0.03229148742421573	0.03229148742421573	0.03229148742421573	0.03229148742421573	0.03497626242644674	0.03229148742421573	0.042726931672729056	0.03497626242644674	0.03229148742421573	0.03497626242644674	0.04406931917384456	0.05962559105685527	0.05962559105685527	0.05962559105685527	0.06458297484843147	0.06458297484843147	0.09955923727487821	0.06737626030313758	0.1136646112042983
UP000007544	0.028858002484163762	0.03211619680467376	0.03211619680467376	0.03211619680467376	0.03211619680467376	0.039918586529531834	0.03211619680467376	0.04707797571247087	0.039918586529531834	0.03211619680467376	0.039918586529531834	0.0509791705748999	0.05167768635462424	0.05167768635462424	0.05167768635462424	0.06423239360934752	0.06423239360934752	0.10415098013887936	0.058837075537563274	0.11414600885281698
UP000007711	0.03671508481788128	0.030347251595175047	0.030347251595175047	0.030347251595175047	0.030347251595175047	0.05400136272205228	0.030347251595175047	0.05946058506278467	0.05400136272205228	0.030347251595175047	0.05400136272205228	0.0712876406262233	0.034108608855708294	0.034108608855708294	0.034108608855708294	0.060694503190350094	0.060694503190350094	0.11469586591240237	0.03956783119644068	0.1104705616992354
UP000009246	0.038657752807082196	0.029635664858880396	0.029635664858880396	0.029635664858880396	0.029635664858880396	0.057732399831019285	0.029635664858880396	0.06275867936888692	0.057732399831019285	0.029635664858880396	0.057732399831019285	0.07680704685495636	0.030425640860194676	0.030425640860194676	0.030425640860194676	0.05927132971776079	0.05927132971776079	0.11700372954878006	0.03545192039806232	0.10849010035978629
UP000002665	0.02469572213516609	0.03227849323070417	0.03227849323070417	0.03227849323070417	0.03227849323070417	0.03305932305599337	0.03227849323070417	0.041032509064176055	0.03305932305599337	0.03227849323070417	0.03305932305599337	0.04142292397682065	0.06303221172919493	0.06303221172919493	0.06303221172919493	0.06455698646140834	0.06455698646140834	0.09761630951740172	0.07100539773737762	0.11316760090645131
UP000002092	0.023557509676372955	0.03221910311728297	0.03221910311728297	0.03221910311728297	0.03221910311728297	0.031251147229639266	0.03221910311728297	0.03942876272672743	0.031251147229639266	0.03221910311728297	0.031251147229639266	0.03894478478290558	0.0664340798789994	0.0664340798789994	0.0664340798789994	0.06443820623456593	0.06443820623456593	0.09568935346420519	0.07461169537608756	0.11252118147495553
UP000007016	0.030993743134160746	0.03181685546880174	0.03181685546880174	0.03181685546880174	0.03181685546880174	0.04359450134944783	0.03181685546880174	0.05030643662441188	0.04359450134944783	0.03181685546880174	0.04359450134944783	0.05619525956473492	0.04644220076325938	0.04644220076325938	0.04644220076325938	0.06363371093760348	0.06363371093760348	0.10722821228705132	0.05315413603822343	0.11384355132527886
UP000009115	0.02497990645866315	0.03228608133383114	0.03228608133383114	0.03228608133383114	0.03228608133383114	0.03351522606328978	0.03228608133383114	0.04143597330318708	0.03351522606328978	0.03228608133383114	0.03351522606328978	0.0420505456679164	0.062204029053918336	0.062204029053918336	0.062204029053918336	0.06457216266766228	0.06457216266766228	0.09808738873095203	0.07012477629381565	0.11330283085552993
UP000002131	0.013876762553139979	0.029479900144878925	0.029479900144878925	0.029479900144878925	0.029479900144878925	0.01697951195534762	0.029479900144878925	0.02633245545232091	0.01697951195534762	0.029479900144878925	0.01697951195534762	0.020082261357555264	0.10236625349862595	0.10236625349862595	0.10236625349862595	0.05895980028975785	0.05895980028975785	0.07593931224510547	0.11171919699559925	0.0992137135855691
UP000009294	0.011511816879668724	0.028010739288538145	0.028010739288538145	0.028010739288538145	0.028010739288538145	0.013785123611460826	0.028010739288538145	0.023171238181791586	0.013785123611460826	0.028010739288538145	0.013785123611460826	0.016058430343252928	0.113833076525791	0.113833076525791	0.113833076525791	0.05602147857707629	0.05602147857707629	0.06980660218853711	0.12321919109612174	0.09327072801349104
UP000008446	0.03630351057311236	0.030484380297207257	0.030484380297207257	0.030484380297207257	0.030484380297207257	0.05322421778807872	0.030484380297207257	0.05877500625760935	0.05322421778807872	0.030484380297207257	0.05322421778807872	0.07014492500304507	0.03492009768203317	0.03492009768203317	0.03492009768203317	0.060968760594414514	0.060968760594414514	0.11419297838249322	0.0404708861515638	0.11083594424976777
UP000002326	0.03096261907297518	0.031822220616898225	0.031822220616898225	0.031822220616898225	0.031822220616898225	0.04354014513157849	0.031822220616898225	0.05025870893284166	0.04354014513157849	0.031822220616898225	0.04354014513157849	0.056117671190181795	0.04651586355214475	0.04651586355214475	0.04651586355214475	0.06364444123379645	0.06364444123379645	0.10718458636537495	0.05323442735340793	0.11385175486506656
UP000007219	0.023190198001827377	0.032189816870370605	0.032189816870370605	0.032189816870370605	0.032189816870370605	0.03067366677194733	0.032189816870370605	0.03891521059127892	0.03067366677194733	0.032189816870370605	0.03067366677194733	0.03815713554206729	0.06756181566760977	0.06756181566760977	0.06756181566760977	0.06437963374074121	0.06437963374074121	0.09505330051268854	0.07580335948694138	0.11227617984281925
UP000006540	0.030143898222060168	0.031952787811326815	0.031952787811326815	0.031952787811326815	0.031952787811326815	0.042118724151267876	0.031952787811326815	0.04901058191050506	0.042118724151267876	0.031952787811326815	0.042118724151267876	0.05409355008047558	0.048481081489973946	0.048481081489973946	0.048481081489973946	0.06390557562265363	0.06390557562265363	0.1060242997739215	0.05537293924921112	0.1140274357268329
UP000000840	0.025821356404759264	0.03229201427683506	0.03229201427683506	0.03229201427683506	0.03229201427683506	0.03487564344541718	0.03229201427683506	0.04263811590178404	0.03487564344541718	0.03229201427683506	0.03487564344541718	0.043929930486075096	0.05979956686317968	0.05979956686317968	0.05979956686317968	0.06458402855367013	0.06458402855367013	0.0994596719990873	0.06756203931954652	0.11364311219460653
UP000201106	0.027575572525012602	0.03222721560855501	0.03222721560855501	0.03222721560855501	0.03222721560855501	0.037763043358331964	0.03222721560855501	0.04518260031676285	0.037763043358331964	0.03222721560855501	0.037763043358331964	0.04795051419165132	0.055005811688699	0.055005811688699	0.055005811688699	0.06445443121711002	0.06445443121711002	0.102217474575442	0.0624253686471299	0.11406974851735827
UP000008920	0.029813959070687755	0.03199960875680758	0.03199960875680758	0.03199960875680758	0.03199960875680758	0.04155045800600798	0.03199960875680758	0.048511532316728	0.04155045800600798	0.03199960875680758	0.04155045800600798	0.053286956941328206	0.0492882634622557	0.0492882634622557	0.0492882634622557	0.06399921751361516	0.06399921751361516	0.10554967551962313	0.05624933777297572	0.11407628640579028
UP000009253	0.032399095529698205	0.03154435250746446	0.03154435250746446	0.03154435250746446	0.03154435250746446	0.04607362808431472	0.03154435250746446	0.052483522850506094	0.04607362808431472	0.03154435250746446	0.04607362808431472	0.05974816063893123	0.043193740822591406	0.043193740822591406	0.043193740822591406	0.06308870501492891	0.06308870501492891	0.10916233309924364	0.049603635588782787	0.11335762049747508
UP000008286	0.03549860414139314	0.03073869526302946	0.03073869526302946	0.03073869526302946	0.03073869526302946	0.05171753107605087	0.03073869526302946	0.0574470401041979	0.05171753107605087	0.03073869526302946	0.05171753107605087	0.0679364580107086	0.03653953956479314	0.03653953956479314	0.03653953956479314	0.06147739052605892	0.06147739052605892	0.1131949216021098	0.04226904859294015	0.11149576299582381
UP000007908	0.026005875733363427	0.03229005649948583	0.03229005649948583	0.03229005649948583	0.03229005649948583	0.0351760811891418	0.03229005649948583	0.042903274300092185	0.0351760811891418	0.03229005649948583	0.0351760811891418	0.044346286644920165	0.05928163192105852	0.05928163192105852	0.05928163192105852	0.06458011299897166	0.06458011299897166	0.09975619418811345	0.0670088250320089	0.11370583977604257
UP000007670	0.025868979394292807	0.032291620177514246	0.032291620177514246	0.032291620177514246	0.032291620177514246	0.03495311091497966	0.032291620177514246	0.0427064970669338	0.03495311091497966	0.032291620177514246	0.03495311091497966	0.04403724243566651	0.05966557518872862	0.05966557518872862	0.05966557518872862	0.06458324035502849	0.06458324035502849	0.09953635127000814	0.06741896134068276	0.11365970840614868
UP000002501	0.03454194360836132	0.03101695311324327	0.03101695311324327	0.03101695311324327	0.03101695311324327	0.049949092518445815	0.03101695311324327	0.055890171725929035	0.049949092518445815	0.03101695311324327	0.049949092518445815	0.0653562414285303	0.038521275639746735	0.038521275639746735	0.038521275639746735	0.06203390622648654	0.06203390622648654	0.11198299874493237	0.044462354847229955	0.11218565403800662
UP000008167	0.01982038800870051	0.03167482646596161	0.03167482646596161	0.03167482646596161	0.03167482646596161	0.025510550669784304	0.03167482646596161	0.03428285122895675	0.025510550669784304	0.03167482646596161	0.025510550669784304	0.031200713330868095	0.078657230464031	0.078657230464031	0.078657230464031	0.06334965293192323	0.06334965293192323	0.08886020360170753	0.08742953102320346	0.10915470474550155
UP000110594	0.007309268381451999	0.024131821001594774	0.024131821001594774	0.024131821001594774	0.024131821001594774	0.00839193109706041	0.024131821001594774	0.017344538764936	0.00839193109706041	0.024131821001594774	0.00839193109706041	0.009474593812668821	0.1387868365737652	0.1387868365737652	0.1387868365737652	0.04826364200318955	0.04826364200318955	0.056655573100249955	0.1477394442416408	0.0786220686706279
UP000008447	0.028565226752296273	0.03214616735531816	0.03214616735531816	0.03214616735531816	0.03214616735531816	0.039423108683600244	0.03214616735531816	0.04664251995076318	0.039423108683600244	0.03214616735531816	0.039423108683600244	0.05028099061490422	0.052424890382426925	0.052424890382426925	0.052424890382426925	0.06429233471063632	0.06429233471063632	0.10371544339423658	0.05964430164958986	0.11414584688694678
UP000002325	0.027923458912481665	0.03220231623137362	0.03220231623137362	0.03220231623137362	0.03220231623137362	0.038344008942100404	0.03220231623137362	0.045693712616355756	0.038344008942100404	0.03220231623137362	0.038344008942100404	0.04876455897171914	0.05408871942582981	0.05408871942582981	0.05408871942582981	0.06440463246274725	0.06440463246274725	0.10274864140484763	0.061438423100085154	0.11410985757698379
UP000006541	0.024918813378843007	0.03228469036000202	0.03228469036000202	0.03228469036000202	0.03228469036000202	0.033417066657705656	0.03228469036000202	0.04134913178771649	0.033417066657705656	0.03228469036000202	0.033417066657705656	0.041915319936568315	0.06238137190900701	0.06238137190900701	0.06238137190900701	0.06456938072000404	0.06456938072000404	0.0979864473777097	0.07031343703901785	0.1132746311799864
UP000138352	0.03167080962527269	0.03169292940166436	0.03169292940166436	0.03169292940166436	0.03169292940166436	0.04478281250097202	0.03169292940166436	0.05134987382701752	0.04478281250097202	0.03169292940166436	0.04478281250097202	0.05789481537667135	0.0448583605166415	0.0448583605166415	0.0448583605166415	0.06338585880332873	0.06338585880332873	0.10816867130430076	0.051425421842687	0.11363759495456643
UP000006711	0.016863307012233486	0.030814827447889732	0.030814827447889732	0.030814827447889732	0.030814827447889732	0.021175744103901363	0.030814827447889732	0.030307722867563426	0.021175744103901363	0.030814827447889732	0.021175744103901363	0.025488181195569237	0.08968313802661369	0.08968313802661369	0.08968313802661369	0.061629654895779463	0.061629654895779463	0.08280539899968081	0.09881511679027576	0.1049953522642348
UP000008622	0.03760619409630935	0.03003399258864613	0.03003399258864613	0.03003399258864613	0.03003399258864613	0.0556998084004243	0.03003399258864613	0.06096051479865017	0.0556998084004243	0.03003399258864613	0.0556998084004243	0.07379342270453926	0.03238936494467293	0.03238936494467293	0.03238936494467293	0.06006798517729226	0.06006798517729226	0.11576779357771658	0.037650071342898786	0.10961455755813279
UP000001189	0.01929776668037042	0.03155250305119777	0.03155250305119777	0.03155250305119777	0.03155250305119777	0.024731264327353834	0.03155250305119777	0.03357538133625922	0.024731264327353834	0.03155250305119777	0.024731264327353834	0.030164761974337248	0.08051027522233971	0.08051027522233971	0.08051027522233971	0.06310500610239554	0.06310500610239554	0.08783627042974938	0.08935439223124508	0.10852177818698032
UP000516359	0.03889435447570745	0.02954177757506559	0.02954177757506559	0.02954177757506559	0.02954177757506559	0.058194028889466204	0.02954177757506559	0.06316757764602465	0.058194028889466204	0.02954177757506559	0.058194028889466204	0.07749370330322496	0.029993339143171784	0.029993339143171784	0.029993339143171784	0.05908355515013118	0.05908355515013118	0.1172775840395974	0.03496688789973023	0.10822001278714549
UP000002477	0.026876963627688034	0.032265288066124574	0.032265288066124574	0.032265288066124574	0.032265288066124574	0.03660477008714072	0.032265288066124574	0.044162835536085326	0.03660477008714072	0.032265288066124574	0.03660477008714072	0.046332576546593396	0.05688050008300542	0.05688050008300542	0.05688050008300542	0.06453057613224915	0.06453057613224915	0.10113534621938987	0.06443856553195003	0.1139450213666091
UP000009104	0.03143494006411186	0.03173766288945109	0.03173766288945109	0.03173766288945109	0.03173766288945109	0.04436756598633901	0.03173766288945109	0.0509852403601222	0.04436756598633901	0.03173766288945109	0.04436756598633901	0.057300191908566146	0.04540610796610241	0.04540610796610241	0.04540610796610241	0.06347532577890218	0.06347532577890218	0.10784289176524119	0.052023782339885596	0.11371530281023798
UP000007218	0.03167690217562438	0.031691751894283	0.031691751894283	0.031691751894283	0.031691751894283	0.04479355651915425	0.031691751894283	0.05135930855024849	0.04479355651915425	0.031691751894283	0.04479355651915425	0.057910210862684115	0.04484426851434808	0.04484426851434808	0.04484426851434808	0.063383503788566	0.063383503788566	0.10817706030772024	0.051410020545442324	0.1136355035149435
UP000000518	0.017172466062535356	0.030924656927271463	0.030924656927271463	0.030924656927271463	0.030924656927271463	0.021620510427904346	0.030924656927271463	0.030720628042956895	0.021620510427904346	0.030924656927271463	0.021620510427904346	0.026068554793273337	0.08846547904208156	0.08846547904208156	0.08846547904208156	0.061849313854542926	0.061849313854542926	0.08346982428244726	0.09756559665713412	0.10549839247898075
UP000008774	0.016506959170897572	0.030682049182702405	0.030682049182702405	0.030682049182702405	0.030682049182702405	0.020665516227459272	0.030682049182702405	0.029832339761642537	0.020665516227459272	0.030682049182702405	0.020665516227459272	0.024824073284020975	0.09110714987113665	0.09110714987113665	0.09110714987113665	0.06136409836540481	0.06136409836540481	0.08202961459286408	0.10027397340531992	0.10439454966244308
UP000001833	0.032279549568354694	0.031569819705054486	0.031569819705054486	0.031569819705054486	0.031569819705054486	0.045860840996311256	0.031569819705054486	0.05229662177863943	0.045860840996311256	0.031569819705054486	0.045860840996311256	0.059442132424267824	0.043464249436237376	0.043464249436237376	0.043464249436237376	0.06313963941010897	0.06313963941010897	0.10900048040642024	0.04990003021856555	0.11340771725556159
UP000002138	0.019476812967345315	0.03159577433051407	0.03159577433051407	0.03159577433051407	0.03159577433051407	0.02499760096296434	0.03159577433051407	0.03381747564235823	0.02499760096296434	0.03159577433051407	0.02499760096296434	0.03051838895858336	0.07987110099275617	0.07987110099275617	0.07987110099275617	0.06319154866102814	0.06319154866102814	0.08818914962399248	0.08869097567215005	0.1087433479632685
UP000008478	0.032967797451125644	0.03141743561390481	0.03141743561390481	0.03141743561390481	0.03141743561390481	0.047090793646024545	0.03141743561390481	0.05337711082486358	0.047090793646024545	0.03141743561390481	0.047090793646024545	0.06121378984092345	0.04192136866383785	0.04192136866383785	0.04192136866383785	0.06283487122780962	0.06283487122780962	0.10992566487383416	0.04820768584267688	0.11309710809794116
UP000158064	0.032492141699560884	0.03152423862335094	0.03152423862335094	0.03152423862335094	0.03152423862335094	0.04623949342828742	0.03152423862335094	0.05262921775454572	0.04623949342828742	0.03152423862335094	0.04623949342828742	0.059986845157013954	0.042983932007093266	0.042983932007093266	0.042983932007093266	0.06304847724670189	0.06304847724670189	0.1092879706749893	0.04937365633335157	0.11331750584088716
UP000001065	0.03969697217504006	0.029211644116052236	0.029211644116052236	0.029211644116052236	0.029211644116052236	0.059771936299247104	0.029211644116052236	0.06456675433185671	0.059771936299247104	0.029211644116052236	0.059771936299247104	0.07984690042345416	0.028552535012108606	0.028552535012108606	0.028552535012108606	0.05842328823210447	0.05842328823210447	0.11819522453135158	0.03334735304471821	0.10725694039898973
UP000002473	0.028396353690165455	0.03216221806114633	0.03216221806114633	0.03216221806114633	0.03216221806114633	0.03913822836514047	0.03216221806114633	0.04639209788811841	0.03913822836514047	0.03216221806114633	0.03913822836514047	0.04988010304011548	0.05285922811641885	0.05285922811641885	0.05285922811641885	0.06432443612229266	0.06432443612229266	0.10346266448743313	0.06011309763939679	0.11414113319862944
UP000001594	0.02059699312685538	0.03183465399351023	0.03183465399351023	0.03183465399351023	0.03183465399351023	0.02667910746549926	0.03183465399351023	0.03533899506814863	0.02667910746549926	0.03183465399351023	0.02667910746549926	0.032761221804143134	0.07597294596133534	0.07597294596133534	0.07597294596133534	0.06366930798702046	0.06366930798702046	0.09034841545251972	0.08463283356398471	0.11001884076874219
UP000000868	0.032973611430446366	0.031416089076979355	0.031416089076979355	0.031416089076979355	0.031416089076979355	0.047101234363565225	0.031416089076979355	0.05338628465339115	0.047101234363565225	0.031416089076979355	0.047101234363565225	0.06122885729668409	0.04190848355584348	0.04190848355584348	0.04190848355584348	0.06283217815395871	0.06283217815395871	0.10993341251752393	0.048193533845669406	0.11309425572826556
UP000009165	0.03161699164833316	0.03170328265966194	0.03170328265966194	0.03170328265966194	0.03170328265966194	0.04468794591448818	0.03170328265966194	0.05126656855323008	0.04468794591448818	0.03170328265966194	0.04468794591448818	0.0577589001806432	0.04498296401099792	0.04498296401099792	0.04498296401099792	0.06340656531932388	0.06340656531932388	0.10809451123381207	0.05156158664973981	0.11365588536116397
UP000002243	0.034113624460261796	0.031133027479636692	0.031133027479636692	0.031133027479636692	0.031133027479636692	0.04916506161824525	0.031133027479636692	0.055200481706924424	0.04916506161824525	0.031133027479636692	0.04916506161824525	0.0642164987762287	0.039429032249524015	0.039429032249524015	0.039429032249524015	0.062266054959273384	0.062266054959273384	0.11143111657751864	0.04546445233820318	0.11246126974118843
UP000242267	0.036476924699308085	0.030427185415143505	0.030427185415143505	0.030427185415143505	0.030427185415143505	0.053551103978313246	0.030427185415143505	0.05906332397573354	0.053551103978313246	0.030427185415143505	0.053551103978313246	0.07062528325731841	0.03457682637737781	0.03457682637737781	0.03457682637737781	0.06085437083028701	0.06085437083028701	0.11440547480860025	0.040089046374798105	0.11068430166573343
UP000158680	0.01470762319947749	0.02990429932276077	0.02990429932276077	0.02990429932276077	0.02990429932276077	0.01812870906823519	0.02990429932276077	0.027437590064255682	0.01812870906823519	0.02990429932276077	0.01812870906823519	0.02154979493699289	0.09865756183954535	0.09865756183954535	0.09865756183954535	0.05980859864552154	0.05980859864552154	0.07793730771375673	0.10796644283556586	0.10099943529900209
UP000153037	0.01769721467138205	0.03109995968464698	0.03109995968464698	0.03109995968464698	0.03109995968464698	0.0223799169826186	0.03109995968464698	0.03142264064486934	0.0223799169826186	0.03109995968464698	0.0223799169826186	0.02706261929385515	0.08643530654182953	0.08643530654182953	0.08643530654182953	0.06219991936929396	0.06219991936929396	0.08457983635191256	0.09547803020408029	0.10631439141408644
UP000000373	0.031103337651879528	0.03179773084990462	0.03179773084990462	0.03179773084990462	0.03179773084990462	0.043786089041827056	0.03179773084990462	0.05047466133581337	0.043786089041827056	0.03179773084990462	0.043786089041827056	0.05646884043177459	0.046183420777184174	0.046183420777184174	0.046183420777184174	0.06359546169980924	0.06359546169980924	0.1073815507416363	0.052871993071170485	0.11381377881164587
UP000000522	0.029943903712234394	0.03198156873470381	0.03198156873470381	0.03198156873470381	0.03198156873470381	0.04177395567638341	0.03198156873470381	0.048707814169692616	0.04177395567638341	0.03198156873470381	0.04177395567638341	0.053604007640532414	0.04896930262751382	0.04896930262751382	0.04896930262751382	0.06396313746940761	0.06396313746940761	0.10573709314579101	0.055903161120823025	0.11405855795219678
UP000007081	0.031116734787555868	0.031795368155605054	0.031795368155605054	0.031795368155605054	0.031795368155605054	0.04380952932709427	0.031795368155605054	0.05049524328088806	0.04380952932709427	0.031795368155605054	0.04380952932709427	0.056502323866632655	0.04615185105516479	0.04615185105516479	0.04615185105516479	0.06359073631121011	0.06359073631121011	0.10740026563830438	0.05283756500895858	0.11381004471483264
UP000002246	0.03889686817212742	0.029540771705418255	0.029540771705418255	0.029540771705418255	0.029540771705418255	0.05819894186448978	0.029540771705418255	0.06317193047731638	0.05819894186448978	0.029540771705418255	0.05819894186448978	0.07750101555685215	0.02998876491546983	0.02998876491546983	0.02998876491546983	0.05908154341083651	0.05908154341083651	0.1172804852753263	0.034961753528296426	0.10821710959601982
UP000006723	0.023889291625247132	0.032241269475834146	0.032241269475834146	0.032241269475834146	0.032241269475834146	0.03177529107927485	0.032241269475834146	0.039894279731582216	0.03177529107927485	0.032241269475834146	0.03177529107927485	0.03966129053330257	0.06542816270793243	0.06542816270793243	0.06542816270793243	0.06448253895166829	0.06448253895166829	0.09625783003094314	0.07354715136023982	0.11272710059872185
UP000000469	0.032841313211030655	0.03144648463924965	0.03144648463924965	0.03144648463924965	0.03144648463924965	0.04686386473477418	0.03144648463924965	0.053177726210755435	0.04686386473477418	0.03144648463924965	0.04686386473477418	0.0608864162585177	0.0422022981571466	0.0422022981571466	0.0422022981571466	0.0628929692784993	0.0628929692784993	0.10975683401327345	0.04851615963312786	0.11315821560503607
UP000000869	0.015071553508377597	0.03007671158363602	0.03007671158363602	0.03007671158363602	0.03007671158363602	0.018636487319120165	0.03007671158363602	0.02792153326212066	0.018636487319120165	0.03007671158363602	0.018636487319120165	0.022201421129862738	0.09707930085699562	0.09707930085699562	0.09707930085699562	0.06015342316727204	0.06015342316727204	0.0787899104863922	0.10636434679999614	0.10173675444854308
UP000126245	0.02919139687765939	0.03207877774720082	0.03207877774720082	0.03207877774720082	0.03207877774720082	0.040485256050794984	0.03207877774720082	0.0475758760721335	0.040485256050794984	0.03207877774720082	0.040485256050794984	0.051779115223930576	0.050835690922305506	0.050835690922305506	0.050835690922305506	0.06415755549440164	0.06415755549440164	0.10464281154519661	0.05792631094364402	0.11413387094612626
