	AAA	AAC	AAG	AAT	ACA	ACC	ACG	ACT	AGA	AGC	AGG	AGT	ATA	ATC	ATG	ATT	CAA	CAC	CAG	CAT	CCA	CCC	CCG	CCT	CGA	CGC	CGG	CGT	CTA	CTC	CTG	CTT	GAA	GAC	GAG	GAT	GCA	GCC	GCG	GCT	GGA	GGC	GGG	GGT	GTA	GTC	GTG	GTT	TAA	TAC	TAG	TAT	TCA	TCC	TCG	TCT	TGA	TGC	TGG	TGT	TTA	TTC	TTG	TTT
Start	9120.0	4221.0	4164.0	5894.0	3750.0	2453.0	1910.0	3381.0	2467.0	2153.0	1025.0	2741.0	3542.0	3114.0	32866.0	5694.0	3539.0	1272.0	1867.0	1521.0	1892.0	1190.0	1324.0	1615.0	1131.0	1373.0	783.0	1500.0	1851.0	1587.0	1986.0	2091.0	6260.0	3122.0	2768.0	4858.0	3189.0	1961.0	1850.0	2843.0	1837.0	1188.0	977.0	1777.0	2804.0	1520.0	2808.0	2732.0	0.0	2375.0	2.0	3526.0	2673.0	1650.0	1591.0	3068.0	9.0	829.0	1604.0	1245.0	4210.0	2593.0	2754.0	4685.0
AAA	41452.0	14210.0	15949.0	29946.0	14197.0	7224.0	5883.0	13172.0	11085.0	5343.0	3860.0	9496.0	19825.0	11266.0	16198.0	26013.0	14879.0	5223.0	7604.0	8538.0	8850.0	3880.0	4068.0	8207.0	3749.0	3929.0	1972.0	6349.0	7921.0	5494.0	7736.0	10252.0	30826.0	12927.0	11867.0	27291.0	12260.0	6849.0	5853.0	12429.0	11267.0	5781.0	4505.0	12782.0	13096.0	6293.0	8677.0	15504.0	1012.0	10561.0	239.0	21870.0	10666.0	4858.0	4269.0	12475.0	485.0	3950.0	7616.0	8571.0	20770.0	9827.0	10914.0	21544.0
AAC	14210.0	11772.0	9763.0	11256.0	6835.0	6820.0	5439.0	6527.0	4662.0	4703.0	2556.0	4533.0	7412.0	9081.0	10118.0	10727.0	7375.0	4619.0	6833.0	4075.0	4285.0	3850.0	4110.0	4336.0	2392.0	4819.0	2383.0	4103.0	4216.0	5356.0	8775.0	5076.0	13570.0	11187.0	9550.0	12163.0	6513.0	7316.0	6139.0	7001.0	5809.0	6172.0	3698.0	7495.0	6613.0	5998.0	8187.0	8045.0	375.0	8141.0	107.0	8420.0	4822.0	4254.0	3822.0	5950.0	244.0	3197.0	5212.0	3905.0	7196.0	8258.0	6537.0	10029.0
AAG	15949.0	9763.0	14254.0	10444.0	6470.0	6469.0	4641.0	6559.0	5121.0	4275.0	3185.0	4499.0	7045.0	8907.0	9891.0	10646.0	6949.0	4337.0	7150.0	4197.0	4596.0	3999.0	3984.0	4887.0	2320.0	4853.0	2309.0	4001.0	4225.0	5419.0	8832.0	5709.0	14406.0	10995.0	11285.0	12502.0	6839.0	7606.0	5675.0	7870.0	5613.0	6082.0	3931.0	7319.0	6258.0	5952.0	8130.0	7929.0	420.0	7845.0	139.0	8454.0	4721.0	4058.0	3467.0	6195.0	321.0	3170.0	4937.0	3772.0	7046.0	8364.0	6556.0	9455.0
AAT	29946.0	11256.0	10444.0	29130.0	12413.0	5346.0	4269.0	11794.0	9231.0	3875.0	2905.0	8624.0	18737.0	8267.0	12987.0	22862.0	12269.0	3637.0	5700.0	7458.0	7221.0	2828.0	2955.0	6721.0	2662.0	2676.0	1388.0	4606.0	6180.0	3994.0	5261.0	8134.0	23597.0	9207.0	8412.0	23550.0	9306.0	4736.0	4074.0	9900.0	9046.0	4109.0	3325.0	10259.0	10540.0	4869.0	6427.0	13163.0	606.0	7899.0	147.0	19705.0	9436.0	3915.0	3534.0	11061.0	268.0	2960.0	6063.0	7509.0	18774.0	7644.0	9207.0	19228.0
ACA	14197.0	6835.0	6470.0	12413.0	8468.0	3865.0	3063.0	6994.0	4941.0	2717.0	1930.0	4464.0	7985.0	4987.0	7190.0	10228.0	6842.0	2461.0	3936.0	3896.0	4974.0	2272.0	2120.0	4394.0	1788.0	1821.0	1069.0	2772.0	3746.0	2770.0	3581.0	4568.0	12345.0	6067.0	5578.0	11712.0	6266.0	3508.0	2834.0	5911.0	5656.0	3041.0	2447.0	6254.0	6090.0	3270.0	4369.0	6914.0	305.0	4668.0	76.0	8558.0	5489.0	2662.0	2180.0	6182.0	177.0	1709.0	3498.0	3713.0	8361.0	4706.0	4997.0	9143.0
ACC	7224.0	6820.0	6469.0	5346.0	3865.0	6182.0	3698.0	3849.0	2610.0	3541.0	1852.0	2541.0	3403.0	5943.0	5843.0	5077.0	3921.0	3175.0	4948.0	2429.0	2928.0	3845.0	3365.0	2874.0	1607.0	3740.0	2033.0	2571.0	2251.0	4197.0	6552.0	2975.0	7263.0	7548.0	6993.0	6693.0	4000.0	6546.0	4616.0	4451.0	3468.0	5006.0	3051.0	4626.0	3269.0	4492.0	5838.0	4304.0	184.0	4829.0	70.0	4097.0	2565.0	3441.0	2819.0	3509.0	146.0	2166.0	3411.0	2153.0	3143.0	5368.0	3490.0	5005.0
ACG	5883.0	5439.0	4641.0	4269.0	3063.0	3698.0	3822.0	2697.0	1972.0	2608.0	1335.0	2044.0	2977.0	4397.0	4566.0	4095.0	2977.0	2412.0	3505.0	1686.0	2040.0	2464.0	3137.0	1904.0	1385.0	3118.0	1699.0	1939.0	1715.0	2921.0	4939.0	2128.0	5700.0	5760.0	5250.0	5067.0	2909.0	4437.0	4389.0	2900.0	2688.0	3691.0	2331.0	3194.0	2623.0	3328.0	4699.0	3240.0	134.0	3943.0	62.0	3341.0	2099.0	2265.0	2545.0	2560.0	132.0	1811.0	2290.0	1765.0	2866.0	3992.0	3081.0	4275.0
ACT	13172.0	6527.0	6559.0	11794.0	6994.0	3849.0	2697.0	7418.0	4515.0	2662.0	1918.0	4579.0	6558.0	4876.0	6924.0	9965.0	6355.0	2308.0	3922.0	3678.0	4338.0	2119.0	2084.0	4421.0	1607.0	1939.0	977.0	3202.0	3189.0	2519.0	3761.0	4588.0	11892.0	5918.0	5563.0	11441.0	5787.0	3533.0	2768.0	6684.0	5230.0	3213.0	2288.0	7176.0	5652.0	3033.0	4061.0	7405.0	292.0	4512.0	74.0	8222.0	4743.0	2524.0	2039.0	6242.0	148.0	1821.0	3429.0	3291.0	7290.0	4606.0	4818.0	8784.0
AGA	11085.0	4662.0	5121.0	9231.0	4941.0	2610.0	1972.0	4515.0	5506.0	1987.0	2113.0	3512.0	6137.0	3445.0	5357.0	7160.0	4719.0	1846.0	2939.0	2990.0	3256.0	1764.0	1498.0	3193.0	1523.0	1516.0	909.0	1946.0	2778.0	2096.0	2626.0	3375.0	9330.0	4349.0	4521.0	8578.0	4268.0	2511.0	1905.0	4216.0	4721.0	2125.0	1987.0	4143.0	4123.0	2314.0	3101.0	4805.0	283.0	3401.0	92.0	6617.0	3782.0	2063.0	1578.0	4563.0	182.0	1448.0	2796.0	2932.0	6050.0	3470.0	3730.0	6810.0
AGC	5343.0	4703.0	4275.0	3875.0	2717.0	3541.0	2608.0	2662.0	1987.0	3108.0	1327.0	2063.0	2813.0	3973.0	4204.0	3990.0	2924.0	2312.0	3214.0	1648.0	1903.0	2231.0	2412.0	1945.0	1191.0	2983.0	1449.0	1639.0	1758.0	2795.0	4448.0	2315.0	5506.0	5322.0	4889.0	4858.0	2773.0	4512.0	3348.0	3243.0	2575.0	3564.0	2151.0	2994.0	2365.0	2911.0	4036.0	3015.0	166.0	3538.0	55.0	2996.0	2134.0	2207.0	2003.0	2548.0	139.0	1774.0	2280.0	1536.0	2565.0	3866.0	2765.0	4192.0
AGG	3860.0	2556.0	3185.0	2905.0	1930.0	1852.0	1335.0	1918.0	2113.0	1327.0	2006.0	1400.0	2247.0	2023.0	2753.0	2515.0	1974.0	1328.0	1946.0	1265.0	1498.0	1553.0	1118.0	1525.0	789.0	1225.0	942.0	934.0	1184.0	1701.0	2376.0	1550.0	3758.0	2978.0	3232.0	3342.0	1872.0	2241.0	1648.0	1958.0	2019.0	1689.0	1534.0	1748.0	1621.0	1804.0	2414.0	2011.0	120.0	2123.0	55.0	2360.0	1562.0	1488.0	1030.0	1896.0	120.0	1129.0	1669.0	1243.0	1990.0	2018.0	1974.0	2783.0
AGT	9496.0	4533.0	4499.0	8624.0	4464.0	2541.0	2044.0	4579.0	3512.0	2063.0	1400.0	3602.0	5522.0	3501.0	5096.0	7185.0	4379.0	1740.0	2716.0	2657.0	2880.0	1453.0	1465.0	2957.0	1191.0	1339.0	732.0	1976.0	2447.0	1807.0	2690.0	3218.0	8156.0	4168.0	3961.0	8112.0	3830.0	2549.0	2043.0	4107.0	3737.0	2155.0	1759.0	4589.0	4047.0	2197.0	3123.0	5019.0	239.0	3145.0	68.0	6075.0	3593.0	1934.0	1578.0	4248.0	121.0	1285.0	2375.0	2677.0	5785.0	3182.0	3393.0	6454.0
ATA	19825.0	7412.0	7045.0	18737.0	7985.0	3403.0	2977.0	6558.0	6137.0	2813.0	2247.0	5522.0	13180.0	4692.0	8116.0	11988.0	7249.0	2530.0	3566.0	4596.0	4682.0	2101.0	1936.0	4385.0	1714.0	1615.0	891.0	2244.0	4084.0	2323.0	3140.0	4217.0	15026.0	6313.0	5839.0	15281.0	5283.0	3066.0	2634.0	5138.0	5816.0	2561.0	2504.0	5839.0	6375.0	2687.0	3994.0	6734.0	430.0	4856.0	126.0	11798.0	6212.0	2661.0	2462.0	6864.0	195.0	1856.0	3341.0	4409.0	11458.0	4414.0	5485.0	11031.0
ATC	11266.0	9081.0	8907.0	8267.0	4987.0	5943.0	4397.0	4876.0	3445.0	3973.0	2023.0	3501.0	4692.0	7512.0	7841.0	7052.0	5605.0	3843.0	6284.0	3284.0	3631.0	3464.0	3936.0	3447.0	2085.0	4615.0	2317.0	3711.0	3002.0	4697.0	7308.0	3755.0	11875.0	10202.0	9295.0	10627.0	5153.0	6712.0	5302.0	5717.0	4484.0	5944.0	3482.0	6271.0	4085.0	4983.0	6000.0	5455.0	300.0	6127.0	98.0	5707.0	3885.0	3816.0	3493.0	4513.0	210.0	2497.0	3807.0	2616.0	4420.0	6722.0	4476.0	6277.0
ATG	16198.0	10118.0	9891.0	12987.0	7190.0	5843.0	4566.0	6924.0	5357.0	4204.0	2753.0	5096.0	8116.0	7841.0	10438.0	11075.0	8075.0	3976.0	6711.0	4547.0	4795.0	3525.0	3757.0	4723.0	2358.0	4330.0	2078.0	4443.0	4164.0	4554.0	6934.0	5261.0	15407.0	10131.0	9845.0	13894.0	6959.0	6556.0	5227.0	7385.0	6131.0	5429.0	3769.0	7594.0	6248.0	5071.0	7084.0	7789.0	315.0	6984.0	113.0	9204.0	5610.0	4002.0	3595.0	6673.0	224.0	2973.0	4564.0	4030.0	8137.0	6931.0	6544.0	10083.0
ATT	26013.0	10727.0	10646.0	22862.0	10228.0	5077.0	4095.0	9965.0	7160.0	3990.0	2515.0	7185.0	11988.0	7052.0	11075.0	17128.0	10898.0	3754.0	6023.0	6172.0	6680.0	2899.0	3112.0	6589.0	2538.0	3027.0	1483.0	4998.0	5151.0	3547.0	5154.0	6709.0	21718.0	9876.0	8917.0	21070.0	8457.0	4799.0	4002.0	9030.0	7952.0	4572.0	3454.0	10094.0	8405.0	4325.0	5766.0	10783.0	581.0	6907.0	139.0	14216.0	7930.0	3605.0	3294.0	9456.0	343.0	2550.0	4920.0	5457.0	13023.0	6526.0	7446.0	14520.0
CAA	14879.0	7375.0	6949.0	12269.0	6842.0	3921.0	2977.0	6355.0	4719.0	2924.0	1974.0	4379.0	7249.0	5605.0	8075.0	10898.0	8776.0	2862.0	5075.0	3981.0	4696.0	2581.0	2435.0	4328.0	2063.0	2534.0	1165.0	3273.0	3780.0	3182.0	4478.0	5012.0	13579.0	6677.0	6272.0	11415.0	6079.0	4015.0	3312.0	6518.0	5395.0	3250.0	2422.0	6216.0	5668.0	3354.0	4544.0	7033.0	323.0	5000.0	104.0	8903.0	4845.0	2657.0	2201.0	5789.0	193.0	1915.0	3775.0	3598.0	8522.0	4896.0	5421.0	9630.0
CAC	5223.0	4619.0	4337.0	3637.0	2461.0	3175.0	2412.0	2308.0	1846.0	2312.0	1328.0	1740.0	2530.0	3843.0	3976.0	3754.0	2862.0	2842.0	3288.0	1955.0	2004.0	2482.0	2299.0	1968.0	1300.0	3126.0	1580.0	1839.0	1735.0	3159.0	4639.0	2195.0	5277.0	5440.0	5056.0	4576.0	2555.0	4143.0	3244.0	2806.0	2354.0	3320.0	1987.0	2772.0	2170.0	3000.0	4134.0	2717.0	134.0	3839.0	70.0	3048.0	1793.0	2112.0	1839.0	2178.0	131.0	2109.0	2273.0	1881.0	2254.0	3842.0	2602.0	3983.0
CAG	7604.0	6833.0	7150.0	5700.0	3936.0	4948.0	3505.0	3922.0	2939.0	3214.0	1946.0	2716.0	3566.0	6284.0	6711.0	6023.0	5075.0	3288.0	7448.0	2668.0	3158.0	3430.0	3693.0	3365.0	1714.0	4232.0	2351.0	2992.0	2731.0	4237.0	7583.0	3560.0	8406.0	7888.0	8094.0	7279.0	4636.0	6503.0	5111.0	5299.0	3504.0	5072.0	3168.0	4839.0	3514.0	4356.0	6125.0	4748.0	214.0	5195.0	96.0	4718.0	2750.0	3147.0	2622.0	3799.0	159.0	2242.0	3580.0	2246.0	3632.0	5585.0	3892.0	5768.0
CAT	8538.0	4075.0	4197.0	7458.0	3896.0	2429.0	1686.0	3678.0	2990.0	1648.0	1265.0	2657.0	4596.0	3284.0	4547.0	6172.0	3981.0	1955.0	2668.0	3252.0	2689.0	1424.0	1472.0	2594.0	1236.0	1462.0	860.0	2028.0	2232.0	1952.0	2588.0	2939.0	7539.0	3853.0	3697.0	7301.0	3290.0	2304.0	1818.0	3659.0	3202.0	1963.0	1538.0	3681.0	3284.0	2031.0	2915.0	4291.0	174.0	3235.0	69.0	5852.0	2871.0	1736.0	1430.0	3418.0	124.0	1432.0	2522.0	2808.0	4885.0	3195.0	3206.0	5979.0
CCA	8850.0	4285.0	4596.0	7221.0	4974.0	2928.0	2040.0	4338.0	3256.0	1903.0	1498.0	2880.0	4682.0	3631.0	4795.0	6680.0	4696.0	2004.0	3158.0	2689.0	5172.0	2543.0	2235.0	4068.0	1345.0	1616.0	1009.0	1944.0	2428.0	2074.0	2878.0	3181.0	8253.0	4542.0	4269.0	7393.0	4184.0	2780.0	2144.0	3972.0	3873.0	2317.0	1847.0	4304.0	4048.0	2347.0	3268.0	4863.0	191.0	3279.0	59.0	5572.0	3568.0	1981.0	1625.0	3794.0	116.0	1402.0	2656.0	2390.0	4998.0	3480.0	3362.0	5968.0
CCC	3880.0	3850.0	3999.0	2828.0	2272.0	3845.0	2464.0	2119.0	1764.0	2231.0	1553.0	1453.0	2101.0	3464.0	3525.0	2899.0	2581.0	2482.0	3430.0	1424.0	2543.0	4824.0	3704.0	2751.0	1187.0	3184.0	1900.0	1500.0	1537.0	3093.0	4589.0	1798.0	4269.0	5354.0	4877.0	3752.0	2286.0	5242.0	3760.0	2496.0	2312.0	3698.0	2527.0	2341.0	1925.0	3256.0	4161.0	2457.0	74.0	3447.0	45.0	2422.0	1712.0	2583.0	1953.0	2088.0	86.0	1765.0	2392.0	1389.0	1908.0	3517.0	2304.0	3360.0
CCG	4068.0	4110.0	3984.0	2955.0	2120.0	3365.0	3137.0	2084.0	1498.0	2412.0	1118.0	1465.0	1936.0	3936.0	3757.0	3112.0	2435.0	2299.0	3693.0	1472.0	2235.0	3704.0	4574.0	2333.0	1278.0	3482.0	1997.0	1831.0	1343.0	2870.0	5126.0	1787.0	4674.0	5572.0	5130.0	4089.0	2430.0	4743.0	4504.0	2622.0	2190.0	3808.0	2249.0	2875.0	2205.0	3192.0	4266.0	2697.0	100.0	3545.0	53.0	2606.0	1541.0	2199.0	2630.0	2094.0	121.0	1668.0	2439.0	1285.0	1917.0	3802.0	2407.0	3218.0
CCT	8207.0	4336.0	4887.0	6721.0	4394.0	2874.0	1904.0	4421.0	3193.0	1945.0	1525.0	2957.0	4385.0	3447.0	4723.0	6589.0	4328.0	1968.0	3365.0	2594.0	4068.0	2751.0	2333.0	4950.0	1381.0	1811.0	970.0	2173.0	2221.0	2142.0	2935.0	3220.0	8164.0	4549.0	4451.0	7316.0	3918.0	2840.0	2224.0	4537.0	3726.0	2583.0	1939.0	4537.0	3871.0	2467.0	3355.0	5068.0	192.0	3404.0	68.0	5509.0	3274.0	2125.0	1649.0	4199.0	113.0	1376.0	2969.0	2395.0	4642.0	3539.0	3240.0	5852.0
CGA	3749.0	2392.0	2320.0	2662.0	1788.0	1607.0	1385.0	1607.0	1523.0	1191.0	789.0	1191.0	1714.0	2085.0	2358.0	2538.0	2063.0	1300.0	1714.0	1236.0	1345.0	1187.0	1278.0	1381.0	1308.0	1576.0	844.0	1388.0	1122.0	1466.0	1977.0	1445.0	3715.0	2711.0	2516.0	3298.0	1774.0	2012.0	1726.0	1821.0	1718.0	1550.0	1075.0	1922.0	1561.0	1482.0	1909.0	1841.0	124.0	1800.0	42.0	2177.0	1302.0	1147.0	1203.0	1516.0	98.0	860.0	1329.0	1096.0	1865.0	1879.0	1703.0	2510.0
CGC	3929.0	4819.0	4853.0	2676.0	1821.0	3740.0	3118.0	1939.0	1516.0	2983.0	1225.0	1339.0	1615.0	4615.0	4330.0	3027.0	2534.0	3126.0	4232.0	1462.0	1616.0	3184.0	3482.0	1811.0	1576.0	5816.0	2389.0	2423.0	1533.0	3912.0	6790.0	2022.0	5084.0	6820.0	6569.0	3928.0	2603.0	6276.0	5485.0	2928.0	1983.0	4917.0	2372.0	2759.0	1802.0	3957.0	5252.0	2681.0	153.0	4140.0	75.0	2307.0	1375.0	2545.0	2536.0	1826.0	137.0	2335.0	2596.0	1247.0	1665.0	4376.0	2396.0	3164.0
CGG	1972.0	2383.0	2309.0	1388.0	1069.0	2033.0	1699.0	977.0	909.0	1449.0	942.0	732.0	891.0	2317.0	2078.0	1483.0	1165.0	1580.0	2351.0	860.0	1009.0	1900.0	1997.0	970.0	844.0	2389.0	1812.0	1130.0	783.0	2048.0	3378.0	999.0	2462.0	3636.0	3603.0	2113.0	1177.0	3371.0	2651.0	1429.0	1249.0	2374.0	1631.0	1228.0	1059.0	2115.0	2684.0	1271.0	59.0	2039.0	32.0	1262.0	771.0	1395.0	1395.0	919.0	82.0	1121.0	1378.0	754.0	840.0	2247.0	1296.0	1672.0
CGT	6349.0	4103.0	4001.0	4606.0	2772.0	2571.0	1939.0	3202.0	1946.0	1639.0	934.0	1976.0	2244.0	3711.0	4443.0	4998.0	3273.0	1839.0	2992.0	2028.0	1944.0	1500.0	1831.0	2173.0	1388.0	2423.0	1130.0	3108.0	1660.0	1925.0	3324.0	2633.0	6764.0	4404.0	4161.0	6095.0	3199.0	2836.0	2484.0	3872.0	2341.0	2462.0	1529.0	3940.0	2745.0	2099.0	2924.0	3877.0	197.0	3092.0	63.0	4056.0	2145.0	1674.0	1508.0	2763.0	104.0	1145.0	2162.0	1673.0	3000.0	3293.0	2646.0	4015.0
CTA	7921.0	4216.0	4225.0	6180.0	3746.0	2251.0	1715.0	3189.0	2778.0	1758.0	1184.0	2447.0	4084.0	3002.0	4164.0	5151.0	3780.0	1735.0	2731.0	2232.0	2428.0	1537.0	1343.0	2221.0	1122.0	1533.0	783.0	1660.0	2432.0	1856.0	2561.0	2409.0	7252.0	4091.0	4117.0	6509.0	3197.0	2420.0	1887.0	3234.0	2979.0	1879.0	1560.0	3215.0	3136.0	1803.0	2709.0	3435.0	190.0	2811.0	78.0	4431.0	2670.0	1624.0	1330.0	3048.0	152.0	1175.0	2026.0	1835.0	4136.0	2720.0	2739.0	4546.0
CTC	5494.0	5356.0	5419.0	3994.0	2770.0	4197.0	2921.0	2519.0	2096.0	2795.0	1701.0	1807.0	2323.0	4697.0	4554.0	3547.0	3182.0	3159.0	4237.0	1952.0	2074.0	3093.0	2870.0	2142.0	1466.0	3912.0	2048.0	1925.0	1856.0	4486.0	5255.0	2422.0	6192.0	7046.0	7014.0	5087.0	2938.0	5816.0	4115.0	3159.0	2727.0	4164.0	2623.0	3085.0	2236.0	4021.0	4505.0	2839.0	152.0	4049.0	70.0	2802.0	2132.0	2845.0	2480.0	2588.0	130.0	1977.0	2448.0	1533.0	2098.0	4420.0	2631.0	3667.0
CTG	7736.0	8775.0	8832.0	5261.0	3581.0	6552.0	4939.0	3761.0	2626.0	4448.0	2376.0	2690.0	3140.0	7308.0	6934.0	5154.0	4478.0	4639.0	7583.0	2588.0	2878.0	4589.0	5126.0	2935.0	1977.0	6790.0	3378.0	3324.0	2561.0	5255.0	10482.0	3066.0	9147.0	11175.0	11084.0	7553.0	4527.0	9165.0	7418.0	5038.0	3493.0	7082.0	4172.0	4943.0	3298.0	5588.0	7853.0	4349.0	216.0	6457.0	79.0	4187.0	2671.0	4010.0	3768.0	3578.0	226.0	3201.0	3965.0	2223.0	2907.0	6774.0	4005.0	5374.0
CTT	10252.0	5076.0	5709.0	8134.0	4568.0	2975.0	2128.0	4588.0	3375.0	2315.0	1550.0	3218.0	4217.0	3755.0	5261.0	6709.0	5012.0	2195.0	3560.0	2939.0	3181.0	1798.0	1787.0	3220.0	1445.0	2022.0	999.0	2633.0	2409.0	2422.0	3066.0	4166.0	10029.0	5390.0	5262.0	8617.0	4323.0	3148.0	2451.0	4913.0	3775.0	2839.0	2026.0	4869.0	3964.0	2569.0	3336.0	5261.0	246.0	3491.0	82.0	5586.0	3394.0	2159.0	1664.0	4384.0	143.0	1504.0	2592.0	2470.0	4954.0	3680.0	3595.0	6169.0
GAA	30826.0	13570.0	14406.0	23597.0	12345.0	7263.0	5700.0	11892.0	9330.0	5506.0	3758.0	8156.0	15026.0	11875.0	15407.0	21718.0	13579.0	5277.0	8406.0	7539.0	8253.0	4269.0	4674.0	8164.0	3715.0	5084.0	2462.0	6764.0	7252.0	6192.0	9147.0	10029.0	32498.0	14496.0	14200.0	25453.0	11617.0	7814.0	6559.0	12370.0	9886.0	6559.0	4736.0	11854.0	11357.0	6760.0	8946.0	14427.0	694.0	9990.0	192.0	17933.0	9038.0	5220.0	4416.0	11092.0	421.0	3778.0	7412.0	7022.0	16839.0	10294.0	10251.0	17768.0
GAC	12927.0	11187.0	10995.0	9207.0	6067.0	7548.0	5760.0	5918.0	4349.0	5322.0	2978.0	4168.0	6313.0	10202.0	10131.0	9876.0	6677.0	5440.0	7888.0	3853.0	4542.0	5354.0	5572.0	4549.0	2711.0	6820.0	3636.0	4404.0	4091.0	7046.0	11175.0	5390.0	14496.0	15072.0	13578.0	12515.0	6496.0	10234.0	7947.0	7186.0	5790.0	8205.0	4833.0	7311.0	6114.0	7682.0	10054.0	7775.0	355.0	9358.0	99.0	7971.0	4386.0	4930.0	4405.0	5714.0	269.0	4085.0	5841.0	3798.0	6272.0	9467.0	6405.0	9359.0
GAG	11867.0	9550.0	11285.0	8412.0	5578.0	6993.0	5250.0	5563.0	4521.0	4889.0	3232.0	3961.0	5839.0	9295.0	9845.0	8917.0	6272.0	5056.0	8094.0	3697.0	4269.0	4877.0	5130.0	4451.0	2516.0	6569.0	3603.0	4161.0	4117.0	7014.0	11084.0	5262.0	14200.0	13578.0	15622.0	12113.0	6243.0	9745.0	7708.0	7170.0	5297.0	7376.0	4933.0	6523.0	5515.0	6820.0	9287.0	6904.0	348.0	8371.0	156.0	7354.0	4154.0	4580.0	4143.0	5375.0	286.0	3618.0	5430.0	3406.0	5982.0	8399.0	6173.0	8556.0
GAT	27291.0	12163.0	12502.0	23550.0	11712.0	6693.0	5067.0	11441.0	8578.0	4858.0	3342.0	8112.0	15281.0	10627.0	13894.0	21070.0	11415.0	4576.0	7279.0	7301.0	7393.0	3752.0	4089.0	7316.0	3298.0	3928.0	2113.0	6095.0	6509.0	5087.0	7553.0	8617.0	25453.0	12515.0	12113.0	25896.0	10292.0	6592.0	5623.0	11163.0	9231.0	5706.0	4301.0	11733.0	10830.0	6023.0	8097.0	14016.0	530.0	9254.0	157.0	17932.0	8894.0	4515.0	3956.0	10911.0	306.0	3465.0	7143.0	7142.0	15971.0	9338.0	9639.0	17815.0
GCA	12260.0	6513.0	6839.0	9306.0	6266.0	4000.0	2909.0	5787.0	4268.0	2773.0	1872.0	3830.0	5283.0	5153.0	6959.0	8457.0	6079.0	2555.0	4636.0	3290.0	4184.0	2286.0	2430.0	3918.0	1774.0	2603.0	1177.0	3199.0	3197.0	2938.0	4527.0	4323.0	11617.0	6496.0	6243.0	10292.0	7404.0	4647.0	3611.0	6955.0	5162.0	3762.0	2725.0	6490.0	5135.0	3262.0	4465.0	6472.0	275.0	4300.0	75.0	6796.0	4538.0	2532.0	2174.0	5087.0	181.0	1785.0	3386.0	2787.0	6217.0	4689.0	4413.0	7232.0
GCC	6849.0	7316.0	7606.0	4736.0	3508.0	6546.0	4437.0	3533.0	2511.0	4512.0	2241.0	2549.0	3066.0	6712.0	6556.0	4799.0	4015.0	4143.0	6503.0	2304.0	2780.0	5242.0	4743.0	2840.0	2012.0	6276.0	3371.0	2836.0	2420.0	5816.0	9165.0	3148.0	7814.0	10234.0	9745.0	6592.0	4647.0	10768.0	7754.0	5168.0	3717.0	7146.0	4061.0	4474.0	3153.0	5967.0	7483.0	4035.0	184.0	5995.0	61.0	3933.0	2580.0	4086.0	3588.0	3452.0	163.0	2963.0	3621.0	2065.0	2888.0	6268.0	3845.0	4987.0
GCG	5853.0	6139.0	5675.0	4074.0	2834.0	4616.0	4389.0	2768.0	1905.0	3348.0	1648.0	2043.0	2634.0	5302.0	5227.0	4002.0	3312.0	3244.0	5111.0	1818.0	2144.0	3760.0	4504.0	2224.0	1726.0	5485.0	2651.0	2484.0	1887.0	4115.0	7418.0	2451.0	6559.0	7947.0	7708.0	5623.0	3611.0	7754.0	8016.0	3922.0	2932.0	5783.0	3334.0	3758.0	2669.0	4396.0	6218.0	3465.0	153.0	4672.0	53.0	3182.0	2052.0	3098.0	3330.0	2713.0	144.0	2370.0	2982.0	1643.0	2761.0	5027.0	3279.0	4102.0
GCT	12429.0	7001.0	7870.0	9900.0	5911.0	4451.0	2900.0	6684.0	4216.0	3243.0	1958.0	4107.0	5138.0	5717.0	7385.0	9030.0	6518.0	2806.0	5299.0	3659.0	3972.0	2496.0	2622.0	4537.0	1821.0	2928.0	1429.0	3872.0	3234.0	3159.0	5038.0	4913.0	12370.0	7186.0	7170.0	11163.0	6955.0	5168.0	3922.0	8396.0	5064.0	4153.0	2826.0	7616.0	5448.0	3576.0	4803.0	7420.0	269.0	4788.0	60.0	7160.0	4534.0	2979.0	2289.0	5979.0	146.0	1859.0	3794.0	2953.0	6347.0	5387.0	4745.0	7826.0
GGA	11267.0	5809.0	5613.0	9046.0	5656.0	3468.0	2688.0	5230.0	4721.0	2575.0	2019.0	3737.0	5816.0	4484.0	6131.0	7952.0	5395.0	2354.0	3504.0	3202.0	3873.0	2312.0	2190.0	3726.0	1718.0	1983.0	1249.0	2341.0	2979.0	2727.0	3493.0	3775.0	9886.0	5790.0	5297.0	9231.0	5162.0	3717.0	2932.0	5064.0	8422.0	3676.0	2868.0	6835.0	4987.0	3202.0	4287.0	5833.0	243.0	4233.0	73.0	6600.0	4144.0	2596.0	2103.0	4971.0	160.0	1804.0	3483.0	3015.0	6178.0	4384.0	3849.0	7282.0
GGC	5781.0	6172.0	6082.0	4109.0	3041.0	5006.0	3691.0	3213.0	2125.0	3564.0	1689.0	2155.0	2561.0	5944.0	5429.0	4572.0	3250.0	3320.0	5072.0	1963.0	2317.0	3698.0	3808.0	2583.0	1550.0	4917.0	2374.0	2462.0	1879.0	4164.0	7082.0	2839.0	6559.0	8205.0	7376.0	5706.0	3762.0	7146.0	5783.0	4153.0	3676.0	6994.0	3370.0	4949.0	2845.0	5042.0	6355.0	4056.0	108.0	5166.0	85.0	3630.0	2216.0	3053.0	2890.0	3017.0	141.0	2522.0	3670.0	1790.0	2515.0	5498.0	3092.0	4500.0
GGG	4505.0	3698.0	3931.0	3325.0	2447.0	3051.0	2331.0	2288.0	1987.0	2151.0	1534.0	1759.0	2504.0	3482.0	3769.0	3454.0	2422.0	1987.0	3168.0	1538.0	1847.0	2527.0	2249.0	1939.0	1075.0	2372.0	1631.0	1529.0	1560.0	2623.0	4172.0	2026.0	4736.0	4833.0	4933.0	4301.0	2725.0	4061.0	3334.0	2826.0	2868.0	3370.0	3236.0	2995.0	2170.0	2917.0	3778.0	2932.0	128.0	3167.0	75.0	2904.0	1780.0	2126.0	1744.0	2303.0	108.0	1573.0	2392.0	1519.0	2229.0	3354.0	2392.0	3453.0
GGT	12782.0	7495.0	7319.0	10259.0	6254.0	4626.0	3194.0	7176.0	4143.0	2994.0	1748.0	4589.0	5839.0	6271.0	7594.0	10094.0	6216.0	2772.0	4839.0	3681.0	4304.0	2341.0	2875.0	4537.0	1922.0	2759.0	1228.0	3940.0	3215.0	3085.0	4943.0	4869.0	11854.0	7311.0	6523.0	11733.0	6490.0	4474.0	3758.0	7616.0	6835.0	4949.0	2995.0	11188.0	6149.0	3858.0	4937.0	8342.0	313.0	5519.0	74.0	8317.0	4673.0	2862.0	2519.0	5986.0	124.0	2049.0	4356.0	3491.0	6603.0	5950.0	4753.0	8356.0
GTA	13096.0	6613.0	6258.0	10540.0	6090.0	3269.0	2623.0	5652.0	4123.0	2365.0	1621.0	4047.0	6375.0	4085.0	6248.0	8405.0	5668.0	2170.0	3514.0	3284.0	4048.0	1925.0	2205.0	3871.0	1561.0	1802.0	1059.0	2745.0	3136.0	2236.0	3298.0	3964.0	11357.0	6114.0	5515.0	10830.0	5135.0	3153.0	2669.0	5448.0	4987.0	2845.0	2170.0	6149.0	5586.0	2615.0	3707.0	5900.0	305.0	4293.0	82.0	7255.0	4298.0	2260.0	1978.0	5229.0	146.0	1592.0	3008.0	3061.0	7058.0	4043.0	4040.0	7600.0
GTC	6293.0	5998.0	5952.0	4869.0	3270.0	4492.0	3328.0	3033.0	2314.0	2911.0	1804.0	2197.0	2687.0	4983.0	5071.0	4325.0	3354.0	3000.0	4356.0	2031.0	2347.0	3256.0	3192.0	2467.0	1482.0	3957.0	2115.0	2099.0	1803.0	4021.0	5588.0	2569.0	6760.0	7682.0	6820.0	6023.0	3262.0	5967.0	4396.0	3576.0	3202.0	5042.0	2917.0	3858.0	2615.0	4388.0	4938.0	3650.0	159.0	4325.0	79.0	3445.0	2336.0	2784.0	2705.0	3031.0	139.0	2077.0	2762.0	1898.0	2668.0	4682.0	3005.0	4309.0
GTG	8677.0	8187.0	8130.0	6427.0	4369.0	5838.0	4699.0	4061.0	3101.0	4036.0	2414.0	3123.0	3994.0	6000.0	7084.0	5766.0	4544.0	4134.0	6125.0	2915.0	3268.0	4161.0	4266.0	3355.0	1909.0	5252.0	2684.0	2924.0	2709.0	4505.0	7853.0	3336.0	8946.0	10054.0	9287.0	8097.0	4465.0	7483.0	6218.0	4803.0	4287.0	6355.0	3778.0	4937.0	3707.0	4938.0	7732.0	4672.0	236.0	6204.0	85.0	4871.0	3067.0	3636.0	3509.0	4100.0	167.0	2839.0	3611.0	2660.0	3889.0	6045.0	4729.0	6534.0
GTT	15504.0	8045.0	7929.0	13163.0	6914.0	4304.0	3240.0	7405.0	4805.0	3015.0	2011.0	5019.0	6734.0	5455.0	7789.0	10783.0	7033.0	2717.0	4748.0	4291.0	4863.0	2457.0	2697.0	5068.0	1841.0	2681.0	1271.0	3877.0	3435.0	2839.0	4349.0	5261.0	14427.0	7775.0	6904.0	14016.0	6472.0	4035.0	3465.0	7420.0	5833.0	4056.0	2932.0	8342.0	5900.0	3650.0	4672.0	8828.0	359.0	5068.0	88.0	8951.0	5282.0	2833.0	2555.0	6706.0	175.0	2040.0	3986.0	3732.0	7878.0	5231.0	5523.0	9624.0
TAA	1012.0	375.0	420.0	606.0	305.0	184.0	134.0	292.0	283.0	166.0	120.0	239.0	430.0	300.0	315.0	581.0	323.0	134.0	214.0	174.0	191.0	74.0	100.0	192.0	124.0	153.0	59.0	197.0	190.0	152.0	216.0	246.0	694.0	355.0	348.0	530.0	275.0	184.0	153.0	269.0	243.0	108.0	128.0	313.0	305.0	159.0	236.0	359.0	16.0	266.0	11.0	521.0	268.0	140.0	124.0	300.0	8.0	113.0	241.0	218.0	476.0	245.0	280.0	497.0
TAC	10561.0	8141.0	7845.0	7899.0	4668.0	4829.0	3943.0	4512.0	3401.0	3538.0	2123.0	3145.0	4856.0	6127.0	6984.0	6907.0	5000.0	3839.0	5195.0	3235.0	3279.0	3447.0	3545.0	3404.0	1800.0	4140.0	2039.0	3092.0	2811.0	4049.0	6457.0	3491.0	9990.0	9358.0	8371.0	9254.0	4300.0	5995.0	4672.0	4788.0	4233.0	5166.0	3167.0	5519.0	4293.0	4325.0	6204.0	5068.0	266.0	6530.0	90.0	5986.0	3413.0	3147.0	3029.0	4045.0	185.0	2607.0	3534.0	2793.0	4621.0	5751.0	4313.0	6595.0
TAG	239.0	107.0	139.0	147.0	76.0	70.0	62.0	74.0	92.0	55.0	55.0	68.0	126.0	98.0	113.0	139.0	104.0	70.0	96.0	69.0	59.0	45.0	53.0	68.0	42.0	75.0	32.0	63.0	78.0	70.0	79.0	82.0	192.0	99.0	156.0	157.0	75.0	61.0	53.0	60.0	73.0	85.0	75.0	74.0	82.0	79.0	85.0	88.0	11.0	90.0	12.0	130.0	69.0	55.0	69.0	81.0	13.0	59.0	77.0	55.0	151.0	101.0	93.0	153.0
TAT	21870.0	8420.0	8454.0	19705.0	8558.0	4097.0	3341.0	8222.0	6617.0	2996.0	2360.0	6075.0	11798.0	5707.0	9204.0	14216.0	8903.0	3048.0	4718.0	5852.0	5572.0	2422.0	2606.0	5509.0	2177.0	2307.0	1262.0	4056.0	4431.0	2802.0	4187.0	5586.0	17933.0	7971.0	7354.0	17932.0	6796.0	3933.0	3182.0	7160.0	6600.0	3630.0	2904.0	8317.0	7255.0	3445.0	4871.0	8951.0	521.0	5986.0	130.0	14136.0	6718.0	2890.0	2669.0	7711.0	251.0	2200.0	4654.0	5219.0	11839.0	5504.0	6234.0	12758.0
TCA	10666.0	4822.0	4721.0	9436.0	5489.0	2565.0	2099.0	4743.0	3782.0	2134.0	1562.0	3593.0	6212.0	3885.0	5610.0	7930.0	4845.0	1793.0	2750.0	2871.0	3568.0	1712.0	1541.0	3274.0	1302.0	1375.0	771.0	2145.0	2670.0	2132.0	2671.0	3394.0	9038.0	4386.0	4154.0	8894.0	4538.0	2580.0	2052.0	4534.0	4144.0	2216.0	1780.0	4673.0	4298.0	2336.0	3067.0	5282.0	268.0	3413.0	69.0	6718.0	5008.0	2286.0	1951.0	5162.0	124.0	1380.0	2615.0	2817.0	6468.0	3514.0	3741.0	6979.0
TCC	4858.0	4254.0	4058.0	3915.0	2662.0	3441.0	2265.0	2524.0	2063.0	2207.0	1488.0	1934.0	2661.0	3816.0	4002.0	3605.0	2657.0	2112.0	3147.0	1736.0	1981.0	2583.0	2199.0	2125.0	1147.0	2545.0	1395.0	1674.0	1624.0	2845.0	4010.0	2159.0	5220.0	4930.0	4580.0	4515.0	2532.0	4086.0	3098.0	2979.0	2596.0	3053.0	2126.0	2862.0	2260.0	2784.0	3636.0	2833.0	140.0	3147.0	55.0	2890.0	2286.0	2962.0	2238.0	3029.0	101.0	1650.0	2113.0	1618.0	2492.0	3630.0	2535.0	3755.0
TCG	4269.0	3822.0	3467.0	3534.0	2180.0	2819.0	2545.0	2039.0	1578.0	2003.0	1030.0	1578.0	2462.0	3493.0	3595.0	3294.0	2201.0	1839.0	2622.0	1430.0	1625.0	1953.0	2630.0	1649.0	1203.0	2536.0	1395.0	1508.0	1330.0	2480.0	3768.0	1664.0	4416.0	4405.0	4143.0	3956.0	2174.0	3588.0	3330.0	2289.0	2103.0	2890.0	1744.0	2519.0	1978.0	2705.0	3509.0	2555.0	124.0	3029.0	69.0	2669.0	1951.0	2238.0	2828.0	2436.0	92.0	1437.0	1670.0	1489.0	2239.0	3352.0	2512.0	3316.0
TCT	12475.0	5950.0	6195.0	11061.0	6182.0	3509.0	2560.0	6242.0	4563.0	2548.0	1896.0	4248.0	6864.0	4513.0	6673.0	9456.0	5789.0	2178.0	3799.0	3418.0	3794.0	2088.0	2094.0	4199.0	1516.0	1826.0	919.0	2763.0	3048.0	2588.0	3578.0	4384.0	11092.0	5714.0	5375.0	10911.0	5087.0	3452.0	2713.0	5979.0	4971.0	3017.0	2303.0	5986.0	5229.0	3031.0	4100.0	6706.0	300.0	4045.0	81.0	7711.0	5162.0	3029.0	2436.0	7130.0	140.0	1787.0	3198.0	3413.0	7256.0	4445.0	4657.0	8610.0
TGA	485.0	244.0	321.0	268.0	177.0	146.0	132.0	148.0	182.0	139.0	120.0	121.0	195.0	210.0	224.0	343.0	193.0	131.0	159.0	124.0	116.0	86.0	121.0	113.0	98.0	137.0	82.0	104.0	152.0	130.0	226.0	143.0	421.0	269.0	286.0	306.0	181.0	163.0	144.0	146.0	160.0	141.0	108.0	124.0	146.0	139.0	167.0	175.0	8.0	185.0	13.0	251.0	124.0	101.0	92.0	140.0	26.0	84.0	164.0	111.0	251.0	224.0	181.0	276.0
TGC	3950.0	3197.0	3170.0	2960.0	1709.0	2166.0	1811.0	1821.0	1448.0	1774.0	1129.0	1285.0	1856.0	2497.0	2973.0	2550.0	1915.0	2109.0	2242.0	1432.0	1402.0	1765.0	1668.0	1376.0	860.0	2335.0	1121.0	1145.0	1175.0	1977.0	3201.0	1504.0	3778.0	4085.0	3618.0	3465.0	1785.0	2963.0	2370.0	1859.0	1804.0	2522.0	1573.0	2049.0	1592.0	2077.0	2839.0	2040.0	113.0	2607.0	59.0	2200.0	1380.0	1650.0	1437.0	1787.0	84.0	1928.0	1678.0	1837.0	1689.0	2583.0	1803.0	2907.0
TGG	7616.0	5212.0	4937.0	6063.0	3498.0	3411.0	2290.0	3429.0	2796.0	2280.0	1669.0	2375.0	3341.0	3807.0	4564.0	4920.0	3775.0	2273.0	3580.0	2522.0	2656.0	2392.0	2439.0	2969.0	1329.0	2596.0	1378.0	2162.0	2026.0	2448.0	3965.0	2592.0	7412.0	5841.0	5430.0	7143.0	3386.0	3621.0	2982.0	3794.0	3483.0	3670.0	2392.0	4356.0	3008.0	2762.0	3611.0	3986.0	241.0	3534.0	77.0	4654.0	2615.0	2113.0	1670.0	3198.0	164.0	1678.0	3234.0	2074.0	3613.0	3746.0	2969.0	4856.0
TGT	8571.0	3905.0	3772.0	7509.0	3713.0	2153.0	1765.0	3291.0	2932.0	1536.0	1243.0	2677.0	4409.0	2616.0	4030.0	5457.0	3598.0	1881.0	2246.0	2808.0	2390.0	1389.0	1285.0	2395.0	1096.0	1247.0	754.0	1673.0	1835.0	1533.0	2223.0	2470.0	7022.0	3798.0	3406.0	7142.0	2787.0	2065.0	1643.0	2953.0	3015.0	1790.0	1519.0	3491.0	3061.0	1898.0	2660.0	3732.0	218.0	2793.0	55.0	5219.0	2817.0	1618.0	1489.0	3413.0	111.0	1837.0	2074.0	3344.0	4404.0	2630.0	3080.0	5471.0
TTA	20770.0	7196.0	7046.0	18774.0	8361.0	3143.0	2866.0	7290.0	6050.0	2565.0	1990.0	5785.0	11458.0	4420.0	8137.0	13023.0	8522.0	2254.0	3632.0	4885.0	4998.0	1908.0	1917.0	4642.0	1865.0	1665.0	840.0	3000.0	4136.0	2098.0	2907.0	4954.0	16839.0	6272.0	5982.0	15971.0	6217.0	2888.0	2761.0	6347.0	6178.0	2515.0	2229.0	6603.0	7058.0	2668.0	3889.0	7878.0	476.0	4621.0	151.0	11839.0	6468.0	2492.0	2239.0	7256.0	251.0	1689.0	3613.0	4404.0	13072.0	4189.0	5580.0	11823.0
TTC	9827.0	8258.0	8364.0	7644.0	4706.0	5368.0	3992.0	4606.0	3470.0	3866.0	2018.0	3182.0	4414.0	6722.0	6931.0	6526.0	4896.0	3842.0	5585.0	3195.0	3480.0	3517.0	3802.0	3539.0	1879.0	4376.0	2247.0	3293.0	2720.0	4420.0	6774.0	3680.0	10294.0	9467.0	8399.0	9338.0	4689.0	6268.0	5027.0	5387.0	4384.0	5498.0	3354.0	5950.0	4043.0	4682.0	6045.0	5231.0	245.0	5751.0	101.0	5504.0	3514.0	3630.0	3352.0	4445.0	224.0	2583.0	3746.0	2630.0	4189.0	6790.0	4271.0	6267.0
TTG	10914.0	6537.0	6556.0	9207.0	4997.0	3490.0	3081.0	4818.0	3730.0	2765.0	1974.0	3393.0	5485.0	4476.0	6544.0	7446.0	5421.0	2602.0	3892.0	3206.0	3362.0	2304.0	2407.0	3240.0	1703.0	2396.0	1296.0	2646.0	2739.0	2631.0	4005.0	3595.0	10251.0	6405.0	6173.0	9639.0	4413.0	3845.0	3279.0	4745.0	3849.0	3092.0	2392.0	4753.0	4040.0	3005.0	4729.0	5523.0	280.0	4313.0	93.0	6234.0	3741.0	2535.0	2512.0	4657.0	181.0	1803.0	2969.0	3080.0	5580.0	4271.0	5124.0	7386.0
TTT	21544.0	10029.0	9455.0	19228.0	9143.0	5005.0	4275.0	8784.0	6810.0	4192.0	2783.0	6454.0	11031.0	6277.0	10083.0	14520.0	9630.0	3983.0	5768.0	5979.0	5968.0	3360.0	3218.0	5852.0	2510.0	3164.0	1672.0	4015.0	4546.0	3667.0	5374.0	6169.0	17768.0	9359.0	8556.0	17815.0	7232.0	4987.0	4102.0	7826.0	7282.0	4500.0	3453.0	8356.0	7600.0	4309.0	6534.0	9624.0	497.0	6595.0	153.0	12758.0	6979.0	3755.0	3316.0	8610.0	276.0	2907.0	4856.0	5471.0	11823.0	6267.0	7386.0	14706.0
End	9190.0	3211.0	4458.0	5697.0	2644.0	1679.0	1415.0	2307.0	2709.0	1632.0	1663.0	2142.0	3449.0	2478.0	3095.0	4403.0	3244.0	1244.0	1996.0	1788.0	1651.0	1189.0	1310.0	1507.0	1367.0	1497.0	1002.0	1592.0	1843.0	1485.0	2269.0	2055.0	6504.0	3288.0	4634.0	4869.0	2480.0	1721.0	1792.0	2026.0	2831.0	1805.0	1821.0	2516.0	2959.0	1689.0	2687.0	2935.0	16489.0	2341.0	5066.0	3945.0	2314.0	1397.0	1364.0	2412.0	10130.0	1026.0	2265.0	1728.0	4182.0	2791.0	2560.0	4546.0
