	AAA	AAC	AAG	AAT	ACA	ACC	ACG	ACT	AGA	AGC	AGG	AGT	ATA	ATC	ATG	ATT	CAA	CAC	CAG	CAT	CCA	CCC	CCG	CCT	CGA	CGC	CGG	CGT	CTA	CTC	CTG	CTT	GAA	GAC	GAG	GAT	GCA	GCC	GCG	GCT	GGA	GGC	GGG	GGT	GTA	GTC	GTG	GTT	TAA	TAC	TAG	TAT	TCA	TCC	TCG	TCT	TGA	TGC	TGG	TGT	TTA	TTC	TTG	TTT
Start	1925.0	958.0	739.0	1356.0	828.0	478.0	446.0	725.0	387.0	819.0	203.0	1045.0	478.0	347.0	30328.0	944.0	508.0	148.0	253.0	274.0	295.0	178.0	213.0	288.0	129.0	159.0	113.0	207.0	222.0	170.0	249.0	250.0	1510.0	751.0	738.0	1384.0	1199.0	629.0	615.0	1255.0	378.0	208.0	232.0	460.0	293.0	145.0	1396.0	358.0	0.0	307.0	0.0	479.0	669.0	374.0	410.0	920.0	1.0	120.0	229.0	214.0	450.0	382.0	891.0	782.0
AAA	40730.0	14020.0	15929.0	29738.0	14502.0	7500.0	5801.0	13765.0	10942.0	5054.0	3853.0	9240.0	21523.0	12318.0	17246.0	28153.0	14832.0	5173.0	7545.0	8668.0	8641.0	4205.0	3871.0	7905.0	3683.0	4147.0	1963.0	6565.0	8743.0	6314.0	8450.0	11251.0	28670.0	12029.0	11375.0	25424.0	12572.0	7050.0	5834.0	12671.0	11527.0	6095.0	4481.0	12710.0	13418.0	6763.0	8552.0	16247.0	997.0	11061.0	271.0	22548.0	10327.0	5026.0	4064.0	12246.0	516.0	4090.0	8173.0	8400.0	23265.0	10967.0	12040.0	23847.0
AAC	14020.0	12060.0	9850.0	11254.0	7673.0	7684.0	5781.0	6874.0	4625.0	4931.0	2406.0	4550.0	8086.0	10440.0	10390.0	11467.0	7020.0	4757.0	6526.0	4016.0	4553.0	4334.0	4410.0	4280.0	2408.0	4630.0	2169.0	3699.0	4478.0	5894.0	9283.0	5590.0	12846.0	10814.0	8900.0	11671.0	6253.0	7233.0	5840.0	6492.0	5166.0	5962.0	3553.0	6518.0	6473.0	6182.0	8286.0	7919.0	360.0	9082.0	119.0	9035.0	5015.0	4306.0	3923.0	5830.0	211.0	3361.0	5187.0	3768.0	7742.0	9105.0	6837.0	10596.0
AAG	15929.0	9850.0	14144.0	10151.0	6338.0	6715.0	4683.0	6426.0	5172.0	4349.0	3373.0	4180.0	7702.0	9866.0	11205.0	11405.0	6724.0	4372.0	6833.0	4004.0	4167.0	3893.0	3817.0	4465.0	2412.0	4997.0	2442.0	3680.0	4645.0	6205.0	9543.0	6423.0	13277.0	10072.0	10577.0	11354.0	6838.0	7815.0	5719.0	7699.0	6061.0	6480.0	4077.0	7235.0	6363.0	6401.0	8258.0	8143.0	452.0	8482.0	150.0	8894.0	4556.0	4049.0	3404.0	5839.0	340.0	3244.0	5968.0	3879.0	7756.0	9047.0	7238.0	10361.0
AAT	29738.0	11254.0	10151.0	29588.0	13052.0	5917.0	4566.0	12027.0	8630.0	4033.0	2871.0	8639.0	20201.0	9145.0	13148.0	24369.0	11753.0	3771.0	5548.0	7138.0	7862.0	3044.0	3124.0	7157.0	2791.0	2744.0	1490.0	4429.0	6787.0	4180.0	5782.0	8670.0	21797.0	9187.0	7782.0	23145.0	9102.0	4636.0	3715.0	9438.0	8951.0	4168.0	3301.0	9863.0	11221.0	4954.0	6834.0	13294.0	813.0	8291.0	217.0	19605.0	9583.0	3996.0	3423.0	10839.0	364.0	3035.0	6546.0	7143.0	20038.0	8241.0	9796.0	20494.0
ACA	14502.0	7673.0	6338.0	13052.0	9514.0	4296.0	3320.0	7305.0	4917.0	2929.0	1907.0	4636.0	8152.0	5128.0	7025.0	10189.0	6896.0	2479.0	3794.0	3678.0	5527.0	2547.0	2352.0	4661.0	1656.0	1705.0	843.0	2625.0	3715.0	2616.0	3330.0	4392.0	12734.0	6286.0	5605.0	11456.0	6413.0	3603.0	2782.0	5705.0	5963.0	3074.0	2565.0	6409.0	5908.0	3056.0	4095.0	6709.0	319.0	4568.0	87.0	8332.0	6123.0	2931.0	2438.0	6375.0	232.0	1846.0	3433.0	3570.0	8570.0	4783.0	4701.0	9260.0
ACC	7500.0	7684.0	6715.0	5917.0	4296.0	6744.0	4045.0	4115.0	2465.0	3493.0	1712.0	2484.0	3336.0	5753.0	5850.0	5052.0	4008.0	3252.0	5093.0	2151.0	3160.0	4100.0	3663.0	2900.0	1587.0	3763.0	1907.0	2291.0	2324.0	4093.0	6410.0	2776.0	8028.0	8019.0	7285.0	6640.0	4057.0	6572.0	4506.0	4007.0	3488.0	4935.0	3062.0	4396.0	3268.0	4580.0	5476.0	3964.0	204.0	5307.0	59.0	3985.0	2892.0	3711.0	2869.0	3416.0	138.0	2197.0	3166.0	2034.0	3263.0	5366.0	3313.0	4861.0
ACG	5801.0	5781.0	4683.0	4566.0	3320.0	4045.0	4640.0	2910.0	1905.0	2666.0	1356.0	1987.0	3084.0	4410.0	4765.0	3914.0	2820.0	2492.0	3634.0	1697.0	2145.0	2657.0	3262.0	2121.0	1339.0	3006.0	1722.0	1774.0	1766.0	2894.0	4990.0	2115.0	5814.0	6036.0	5347.0	5219.0	2861.0	4417.0	4542.0	2794.0	2616.0	3739.0	2314.0	2945.0	2558.0	3431.0	4615.0	3162.0	158.0	3866.0	58.0	3426.0	2200.0	2375.0	2889.0	2589.0	118.0	1691.0	2288.0	1659.0	2823.0	3796.0	3027.0	3894.0
ACT	13765.0	6874.0	6426.0	12027.0	7305.0	4115.0	2910.0	7474.0	4375.0	2724.0	1765.0	4566.0	6542.0	4805.0	6914.0	9611.0	6537.0	2263.0	4116.0	3556.0	4923.0	2271.0	2157.0	4819.0	1683.0	2115.0	994.0	3053.0	3416.0	2433.0	3716.0	4533.0	12411.0	6088.0	5678.0	11575.0	6041.0	3529.0	2712.0	6430.0	5469.0	3336.0	2622.0	7243.0	5690.0	2951.0	4218.0	7325.0	321.0	4347.0	91.0	8004.0	5327.0	2624.0	2153.0	6132.0	169.0	1707.0	3601.0	3263.0	7550.0	4645.0	4865.0	8298.0
AGA	10942.0	4625.0	5172.0	8630.0	4917.0	2465.0	1905.0	4375.0	5894.0	2000.0	2247.0	3236.0	6788.0	3716.0	5765.0	7767.0	4999.0	1862.0	2885.0	3092.0	3144.0	1747.0	1589.0	3076.0	1789.0	1593.0	956.0	2119.0	3167.0	2216.0	2801.0	3577.0	8817.0	3913.0	4186.0	7557.0	4384.0	2530.0	2019.0	4467.0	4714.0	2086.0	2020.0	4171.0	4244.0	2443.0	3249.0	5001.0	303.0	3493.0	113.0	7063.0	3637.0	2038.0	1667.0	4347.0	207.0	1535.0	2965.0	3048.0	6869.0	3618.0	4098.0	7554.0
AGC	5054.0	4931.0	4349.0	4033.0	2929.0	3493.0	2666.0	2724.0	2000.0	3448.0	1314.0	2202.0	2796.0	4080.0	4199.0	4112.0	2765.0	2208.0	3156.0	1610.0	2098.0	2413.0	2502.0	1998.0	1180.0	2861.0	1358.0	1629.0	1849.0	2924.0	4532.0	2319.0	5139.0	5801.0	4812.0	4831.0	2838.0	4288.0	3340.0	2928.0	2620.0	3756.0	2095.0	2940.0	2607.0	2883.0	4083.0	2964.0	164.0	3948.0	79.0	3220.0	2165.0	2293.0	2067.0	2574.0	130.0	1779.0	2506.0	1572.0	2810.0	3825.0	2773.0	4265.0
AGG	3853.0	2406.0	3373.0	2871.0	1907.0	1712.0	1356.0	1765.0	2247.0	1314.0	2254.0	1315.0	2451.0	2257.0	3286.0	2729.0	1981.0	1303.0	2026.0	1261.0	1500.0	1350.0	1156.0	1409.0	876.0	1271.0	965.0	1131.0	1408.0	1763.0	2586.0	1677.0	3513.0	2621.0	3083.0	2943.0	2010.0	2367.0	1831.0	1932.0	2002.0	1540.0	1600.0	1706.0	1750.0	1750.0	2620.0	2095.0	173.0	2103.0	64.0	2514.0	1331.0	1304.0	1003.0	1686.0	145.0	1078.0	1822.0	1258.0	2217.0	2200.0	2224.0	3249.0
AGT	9240.0	4550.0	4180.0	8639.0	4636.0	2484.0	1987.0	4566.0	3236.0	2202.0	1315.0	3762.0	5679.0	3521.0	5129.0	7696.0	3957.0	1592.0	2545.0	2512.0	2960.0	1497.0	1479.0	2992.0	1257.0	1296.0	783.0	2043.0	2625.0	1893.0	2690.0	3248.0	8156.0	4247.0	3637.0	8410.0	3791.0	2313.0	1965.0	3934.0	4056.0	2239.0	1881.0	4829.0	4139.0	2101.0	3321.0	5111.0	254.0	3418.0	78.0	6303.0	3801.0	1875.0	1624.0	4241.0	155.0	1305.0	2857.0	2758.0	6320.0	3333.0	3876.0	6935.0
ATA	21523.0	8086.0	7702.0	20201.0	8152.0	3336.0	3084.0	6542.0	6788.0	2796.0	2451.0	5679.0	11718.0	4109.0	7507.0	9885.0	7852.0	2648.0	3943.0	4761.0	4827.0	2109.0	2004.0	4472.0	1821.0	1594.0	1020.0	2392.0	3781.0	2084.0	2751.0	3927.0	16566.0	7155.0	6481.0	16500.0	5839.0	3183.0	2758.0	5476.0	6479.0	2696.0	2476.0	5957.0	6064.0	2549.0	3707.0	6047.0	374.0	4836.0	99.0	11366.0	6740.0	2830.0	2626.0	7303.0	189.0	2053.0	3112.0	4642.0	10930.0	4167.0	4982.0	10672.0
ATC	12318.0	10440.0	9866.0	9145.0	5128.0	5753.0	4410.0	4805.0	3716.0	4080.0	2257.0	3521.0	4109.0	6828.0	7258.0	6160.0	6095.0	4263.0	6856.0	3490.0	3659.0	3499.0	3913.0	3453.0	2222.0	4681.0	2412.0	3661.0	2562.0	4103.0	6510.0	3336.0	12830.0	11389.0	10470.0	11298.0	5315.0	6923.0	5723.0	5559.0	4796.0	6103.0	3797.0	6288.0	3898.0	4685.0	5768.0	4817.0	243.0	6261.0	66.0	5564.0	4015.0	4094.0	3823.0	4674.0	171.0	2681.0	3505.0	2651.0	3943.0	6541.0	3866.0	5863.0
ATG	17246.0	10390.0	11205.0	13148.0	7025.0	5850.0	4765.0	6914.0	5765.0	4199.0	3286.0	5129.0	7507.0	7258.0	11008.0	10356.0	8268.0	4254.0	7231.0	4751.0	4614.0	3267.0	3852.0	4597.0	2828.0	4609.0	2441.0	4524.0	3841.0	4128.0	7067.0	5046.0	16329.0	10703.0	10597.0	13825.0	7016.0	6895.0	5720.0	7558.0	5988.0	5539.0	3792.0	7415.0	5843.0	4684.0	6978.0	7282.0	326.0	7025.0	123.0	9215.0	5649.0	4037.0	3781.0	7001.0	186.0	2852.0	4724.0	4217.0	7751.0	6881.0	6398.0	9698.0
ATT	28153.0	11467.0	11405.0	24369.0	10189.0	5052.0	3914.0	9611.0	7767.0	4112.0	2729.0	7696.0	9885.0	6160.0	10356.0	14720.0	11501.0	3882.0	6693.0	6519.0	6886.0	2846.0	3254.0	6512.0	2939.0	3322.0	1594.0	5248.0	4684.0	3137.0	4743.0	6126.0	24219.0	11030.0	9974.0	23286.0	8945.0	5112.0	4418.0	9482.0	8761.0	4993.0	3961.0	11083.0	7925.0	3753.0	5517.0	9952.0	513.0	6487.0	134.0	13601.0	8725.0	3858.0	3532.0	9831.0	257.0	2747.0	4707.0	5657.0	11913.0	6377.0	6986.0	13762.0
CAA	14832.0	7020.0	6724.0	11753.0	6896.0	4008.0	2820.0	6537.0	4999.0	2765.0	1981.0	3957.0	7852.0	6095.0	8268.0	11501.0	9614.0	2701.0	5413.0	4100.0	4704.0	2548.0	2550.0	4536.0	2069.0	2512.0	1264.0	3338.0	4287.0	3547.0	4735.0	5488.0	13615.0	6146.0	6032.0	10560.0	6721.0	4493.0	3363.0	7132.0	5015.0	3341.0	2305.0	5991.0	6109.0	3574.0	4588.0	7552.0	318.0	4993.0	124.0	8667.0	4828.0	2727.0	2071.0	5799.0	220.0	1959.0	3878.0	3364.0	9192.0	5079.0	5773.0	9658.0
CAC	5173.0	4757.0	4372.0	3771.0	2479.0	3252.0	2492.0	2263.0	1862.0	2208.0	1303.0	1592.0	2648.0	4263.0	4254.0	3882.0	2701.0	3480.0	3430.0	2142.0	1986.0	2603.0	2397.0	1891.0	1252.0	3284.0	1561.0	1708.0	1939.0	3370.0	4990.0	2206.0	5133.0	5385.0	4676.0	4266.0	2403.0	4118.0	3102.0	2633.0	2224.0	3201.0	1938.0	2672.0	2346.0	3093.0	3844.0	2763.0	91.0	4204.0	47.0	3273.0	1680.0	2081.0	1761.0	2169.0	70.0	2107.0	2370.0	1713.0	2617.0	4064.0	2818.0	4117.0
CAG	7545.0	6526.0	6833.0	5548.0	3794.0	5093.0	3634.0	4116.0	2885.0	3156.0	2026.0	2545.0	3943.0	6856.0	7231.0	6693.0	5413.0	3430.0	7678.0	2668.0	3081.0	3278.0	3483.0	3192.0	1770.0	4382.0	2309.0	3114.0	2718.0	4736.0	8278.0	3825.0	8278.0	7112.0	7764.0	6459.0	4805.0	6911.0	5240.0	5387.0	3364.0	4729.0	2954.0	4564.0	3808.0	4646.0	6307.0	5131.0	173.0	5352.0	82.0	4886.0	2487.0	2858.0	2562.0	3505.0	129.0	2143.0	3725.0	2116.0	4219.0	5824.0	4451.0	6075.0
CAT	8668.0	4016.0	4004.0	7138.0	3678.0	2151.0	1697.0	3556.0	3092.0	1610.0	1261.0	2512.0	4761.0	3490.0	4751.0	6519.0	4100.0	2142.0	2668.0	3526.0	2773.0	1494.0	1504.0	2839.0	1296.0	1593.0	893.0	2180.0	2284.0	1923.0	2751.0	3157.0	7184.0	3784.0	3582.0	7036.0	3442.0	2363.0	1933.0	3607.0	3361.0	2034.0	1592.0	3807.0	3580.0	2141.0	3017.0	4487.0	206.0	3229.0	62.0	6105.0	2706.0	1567.0	1394.0	3404.0	148.0	1418.0	2611.0	2722.0	5019.0	3203.0	3554.0	6111.0
CCA	8641.0	4553.0	4167.0	7862.0	5527.0	3160.0	2145.0	4923.0	3144.0	2098.0	1500.0	2960.0	4827.0	3659.0	4614.0	6886.0	4704.0	1986.0	3081.0	2773.0	5616.0	2845.0	2586.0	4492.0	1145.0	1467.0	876.0	1891.0	2529.0	2022.0	2618.0	3247.0	8092.0	4191.0	4077.0	7222.0	3990.0	2681.0	1868.0	3817.0	4187.0	2403.0	1910.0	4546.0	3912.0	2314.0	2989.0	4923.0	151.0	3438.0	64.0	5858.0	3843.0	1978.0	1683.0	4262.0	113.0	1382.0	2614.0	2507.0	5088.0	3426.0	3093.0	6173.0
CCC	4205.0	4334.0	3893.0	3044.0	2547.0	4100.0	2657.0	2271.0	1747.0	2413.0	1350.0	1497.0	2109.0	3499.0	3267.0	2846.0	2548.0	2603.0	3278.0	1494.0	2845.0	5320.0	4033.0	3109.0	1050.0	2903.0	1631.0	1317.0	1507.0	3367.0	4243.0	1954.0	4267.0	5265.0	4877.0	3720.0	2192.0	4841.0	3387.0	2285.0	2458.0	3753.0	2412.0	2368.0	1939.0	3251.0	3908.0	2437.0	92.0	3545.0	57.0	2556.0	1786.0	2983.0	2158.0	2370.0	89.0	1856.0	2186.0	1455.0	1921.0	3641.0	2048.0	3468.0
CCG	3871.0	4410.0	3817.0	3124.0	2352.0	3663.0	3262.0	2157.0	1589.0	2502.0	1156.0	1479.0	2004.0	3913.0	3852.0	3254.0	2550.0	2397.0	3483.0	1504.0	2586.0	4033.0	5284.0	2668.0	1259.0	3274.0	1920.0	1706.0	1385.0	2889.0	5110.0	1794.0	4729.0	5438.0	4970.0	4185.0	2291.0	4483.0	4413.0	2529.0	2294.0	4146.0	2266.0	2919.0	2035.0	3058.0	4048.0	2682.0	107.0	3509.0	49.0	2740.0	1647.0	2262.0	2777.0	2101.0	99.0	1714.0	2421.0	1299.0	1875.0	3849.0	2261.0	3126.0
CCT	7905.0	4280.0	4465.0	7157.0	4661.0	2900.0	2121.0	4819.0	3076.0	1998.0	1409.0	2992.0	4472.0	3453.0	4597.0	6512.0	4536.0	1891.0	3192.0	2839.0	4492.0	3109.0	2668.0	5336.0	1273.0	1693.0	862.0	2132.0	2325.0	2090.0	3019.0	3391.0	7770.0	4257.0	4271.0	7307.0	3802.0	2645.0	2176.0	4136.0	4165.0	2822.0	2099.0	5033.0	4216.0	2587.0	3341.0	5330.0	134.0	3454.0	54.0	5696.0	3387.0	1942.0	1592.0	4269.0	92.0	1398.0	2846.0	2451.0	4722.0	3437.0	3215.0	6114.0
CGA	3683.0	2408.0	2412.0	2791.0	1656.0	1587.0	1339.0	1683.0	1789.0	1180.0	876.0	1257.0	1821.0	2222.0	2828.0	2939.0	2069.0	1252.0	1770.0	1296.0	1145.0	1050.0	1259.0	1273.0	1302.0	1629.0	1043.0	1503.0	1179.0	1531.0	2105.0	1606.0	3577.0	2430.0	2377.0	2977.0	1864.0	1975.0	1685.0	2074.0	1823.0	1520.0	1055.0	2034.0	1560.0	1573.0	1921.0	2072.0	105.0	1749.0	55.0	2320.0	1164.0	989.0	1164.0	1561.0	101.0	790.0	1484.0	1055.0	1944.0	1936.0	1706.0	2670.0
CGC	4147.0	4630.0	4997.0	2744.0	1705.0	3763.0	3006.0	2115.0	1593.0	2861.0	1271.0	1296.0	1594.0	4681.0	4609.0	3322.0	2512.0	3284.0	4382.0	1593.0	1467.0	2903.0	3274.0	1693.0	1629.0	6432.0	2632.0	2630.0	1527.0	4258.0	7373.0	2227.0	4803.0	6298.0	6328.0	3660.0	2647.0	6376.0	5253.0	3141.0	1998.0	4960.0	2438.0	2733.0	1911.0	3858.0	5128.0	2566.0	121.0	4534.0	70.0	2580.0	1216.0	2323.0	2451.0	1894.0	103.0	2396.0	2796.0	1355.0	1679.0	4405.0	2651.0	3363.0
CGG	1963.0	2169.0	2442.0	1490.0	843.0	1907.0	1722.0	994.0	956.0	1358.0	965.0	783.0	1020.0	2412.0	2441.0	1594.0	1264.0	1561.0	2309.0	893.0	876.0	1631.0	1920.0	862.0	1043.0	2632.0	2208.0	1168.0	848.0	2139.0	3895.0	1167.0	2289.0	3069.0	3298.0	1953.0	1220.0	3115.0	2752.0	1487.0	1156.0	2363.0	1622.0	1404.0	962.0	2063.0	2855.0	1427.0	62.0	2152.0	47.0	1366.0	656.0	1263.0	1430.0	976.0	86.0	1148.0	1617.0	845.0	967.0	2355.0	1476.0	1700.0
CGT	6565.0	3699.0	3680.0	4429.0	2625.0	2291.0	1774.0	3053.0	2119.0	1629.0	1131.0	2043.0	2392.0	3661.0	4524.0	5248.0	3338.0	1708.0	3114.0	2180.0	1891.0	1317.0	1706.0	2132.0	1503.0	2630.0	1168.0	3648.0	1776.0	1989.0	3650.0	2815.0	6713.0	3981.0	3766.0	5358.0	3511.0	2998.0	2528.0	4368.0	2456.0	2481.0	1470.0	4621.0	3024.0	2265.0	3147.0	4290.0	158.0	2941.0	53.0	4077.0	1986.0	1546.0	1514.0	2756.0	102.0	1186.0	2452.0	1731.0	3252.0	3325.0	2799.0	4163.0
CTA	8743.0	4478.0	4645.0	6787.0	3715.0	2324.0	1766.0	3416.0	3167.0	1849.0	1408.0	2625.0	3781.0	2562.0	3841.0	4684.0	4287.0	1939.0	2718.0	2284.0	2529.0	1507.0	1385.0	2325.0	1179.0	1527.0	848.0	1776.0	2152.0	1626.0	2378.0	2386.0	8195.0	4502.0	4294.0	7097.0	3362.0	2639.0	2002.0	3440.0	2990.0	1953.0	1520.0	3079.0	2831.0	1697.0	2381.0	3109.0	158.0	2641.0	77.0	4145.0	2772.0	1654.0	1385.0	3337.0	119.0	1167.0	1886.0	1974.0	3766.0	2465.0	2552.0	4463.0
CTC	6314.0	5894.0	6205.0	4180.0	2616.0	4093.0	2894.0	2433.0	2216.0	2924.0	1763.0	1893.0	2084.0	4103.0	4128.0	3137.0	3547.0	3370.0	4736.0	1923.0	2022.0	3367.0	2889.0	2090.0	1531.0	4258.0	2139.0	1989.0	1626.0	3982.0	4830.0	2137.0	7039.0	7868.0	7592.0	5534.0	2981.0	6214.0	4187.0	3226.0	2848.0	4324.0	2566.0	2957.0	2030.0	3607.0	3985.0	2547.0	146.0	4107.0	52.0	2803.0	2050.0	3155.0	2471.0	2686.0	103.0	2103.0	2326.0	1664.0	2011.0	4277.0	2430.0	3335.0
CTG	8450.0	9283.0	9543.0	5782.0	3330.0	6410.0	4990.0	3716.0	2801.0	4532.0	2586.0	2690.0	2751.0	6510.0	7067.0	4743.0	4735.0	4990.0	8278.0	2751.0	2618.0	4243.0	5110.0	3019.0	2105.0	7373.0	3895.0	3650.0	2378.0	4830.0	10396.0	2868.0	9850.0	12158.0	11774.0	8418.0	4513.0	9378.0	7839.0	5535.0	3437.0	6840.0	4159.0	4740.0	3019.0	4951.0	7671.0	4000.0	186.0	6248.0	93.0	4172.0	2708.0	4193.0	3927.0	3617.0	179.0	3118.0	3719.0	2255.0	2774.0	6112.0	3824.0	4962.0
CTT	11251.0	5590.0	6423.0	8670.0	4392.0	2776.0	2115.0	4533.0	3577.0	2319.0	1677.0	3248.0	3927.0	3336.0	5046.0	6126.0	5488.0	2206.0	3825.0	3157.0	3247.0	1954.0	1794.0	3391.0	1606.0	2227.0	1167.0	2815.0	2386.0	2137.0	2868.0	3524.0	11274.0	5666.0	5740.0	9765.0	4512.0	3279.0	2647.0	5173.0	4110.0	2759.0	2146.0	5020.0	3532.0	2407.0	3115.0	4966.0	214.0	3217.0	92.0	5376.0	3524.0	2201.0	1691.0	4434.0	115.0	1511.0	2471.0	2334.0	4481.0	3423.0	3309.0	5783.0
GAA	28670.0	12846.0	13277.0	21797.0	12734.0	8028.0	5814.0	12411.0	8817.0	5139.0	3513.0	8156.0	16566.0	12830.0	16329.0	24219.0	13615.0	5133.0	8278.0	7184.0	8092.0	4267.0	4729.0	7770.0	3577.0	4803.0	2289.0	6713.0	8195.0	7039.0	9850.0	11274.0	32220.0	14527.0	15019.0	24924.0	11832.0	8007.0	6461.0	12661.0	10114.0	6368.0	4529.0	11680.0	12846.0	7283.0	9364.0	15649.0	678.0	10144.0	129.0	18003.0	8501.0	4758.0	4066.0	10736.0	380.0	3693.0	7642.0	6864.0	18098.0	10946.0	11193.0	19569.0
GAC	12029.0	10814.0	10072.0	9187.0	6286.0	8019.0	6036.0	6088.0	3913.0	5801.0	2621.0	4247.0	7155.0	11389.0	10703.0	11030.0	6146.0	5385.0	7112.0	3784.0	4191.0	5265.0	5438.0	4257.0	2430.0	6298.0	3069.0	3981.0	4502.0	7868.0	12158.0	5666.0	14527.0	16974.0	13649.0	13349.0	6030.0	9664.0	8004.0	6554.0	5383.0	8175.0	4728.0	6971.0	6391.0	8085.0	10477.0	8137.0	318.0	9921.0	119.0	8329.0	4592.0	4862.0	4431.0	5767.0	251.0	3803.0	5823.0	3648.0	6854.0	9871.0	6744.0	9783.0
GAG	11375.0	8900.0	10577.0	7782.0	5605.0	7285.0	5347.0	5678.0	4186.0	4812.0	3083.0	3637.0	6481.0	10470.0	10597.0	9974.0	6032.0	4676.0	7764.0	3582.0	4077.0	4877.0	4970.0	4271.0	2377.0	6328.0	3298.0	3766.0	4294.0	7592.0	11774.0	5740.0	15019.0	13649.0	15892.0	11651.0	6351.0	9790.0	7875.0	7068.0	5190.0	7575.0	4836.0	6261.0	5861.0	7771.0	10314.0	7496.0	422.0	8478.0	140.0	7391.0	3715.0	4290.0	3888.0	5064.0	280.0	3586.0	5707.0	3483.0	6750.0	9313.0	6623.0	9356.0
GAT	25424.0	11671.0	11354.0	23145.0	11456.0	6640.0	5219.0	11575.0	7557.0	4831.0	2943.0	8410.0	16500.0	11298.0	13825.0	23286.0	10560.0	4266.0	6459.0	7036.0	7222.0	3720.0	4185.0	7307.0	2977.0	3660.0	1953.0	5358.0	7097.0	5534.0	8418.0	9765.0	24924.0	13349.0	11651.0	26796.0	9762.0	6170.0	5333.0	10610.0	9371.0	5781.0	4274.0	11986.0	12046.0	6891.0	9203.0	15669.0	617.0	9470.0	159.0	18832.0	8813.0	4452.0	4082.0	10727.0	359.0	3405.0	7412.0	6897.0	17287.0	10092.0	10397.0	18974.0
GCA	12572.0	6253.0	6838.0	9102.0	6413.0	4057.0	2861.0	6041.0	4384.0	2838.0	2010.0	3791.0	5839.0	5315.0	7016.0	8945.0	6721.0	2403.0	4805.0	3442.0	3990.0	2192.0	2291.0	3802.0	1864.0	2647.0	1220.0	3511.0	3362.0	2981.0	4513.0	4512.0	11832.0	6030.0	6351.0	9762.0	8064.0	4749.0	3942.0	7498.0	5062.0	3504.0	2582.0	6442.0	5267.0	3336.0	4491.0	6618.0	246.0	4091.0	53.0	6840.0	4620.0	2576.0	2121.0	5182.0	179.0	1797.0	3352.0	2915.0	6316.0	4636.0	4435.0	7197.0
GCC	7050.0	7233.0	7815.0	4636.0	3603.0	6572.0	4417.0	3529.0	2530.0	4288.0	2367.0	2313.0	3183.0	6923.0	6895.0	5112.0	4493.0	4118.0	6911.0	2363.0	2681.0	4841.0	4483.0	2645.0	1975.0	6376.0	3115.0	2998.0	2639.0	6214.0	9378.0	3279.0	8007.0	9664.0	9790.0	6170.0	4749.0	11678.0	8170.0	5675.0	3492.0	7083.0	3989.0	4421.0	3278.0	6015.0	7388.0	4213.0	140.0	6060.0	59.0	3749.0	2536.0	4173.0	3457.0	3398.0	143.0	3035.0	3544.0	2246.0	2966.0	6236.0	3726.0	5002.0
GCG	5834.0	5840.0	5719.0	3715.0	2782.0	4506.0	4542.0	2712.0	2019.0	3340.0	1831.0	1965.0	2758.0	5723.0	5720.0	4418.0	3363.0	3102.0	5240.0	1933.0	1868.0	3387.0	4413.0	2176.0	1685.0	5253.0	2752.0	2528.0	2002.0	4187.0	7839.0	2647.0	6461.0	8004.0	7875.0	5333.0	3942.0	8170.0	8394.0	4385.0	2740.0	5524.0	3271.0	3677.0	2790.0	4737.0	6727.0	3702.0	157.0	4459.0	82.0	3277.0	1968.0	2929.0	3396.0	2605.0	161.0	2386.0	2854.0	1775.0	2603.0	5024.0	3336.0	4120.0
GCT	12671.0	6492.0	7699.0	9438.0	5705.0	4007.0	2794.0	6430.0	4467.0	2928.0	1932.0	3934.0	5476.0	5559.0	7558.0	9482.0	7132.0	2633.0	5387.0	3607.0	3817.0	2285.0	2529.0	4136.0	2074.0	3141.0	1487.0	4368.0	3440.0	3226.0	5535.0	5173.0	12661.0	6554.0	7068.0	10610.0	7498.0	5675.0	4385.0	9282.0	5020.0	4142.0	2765.0	8087.0	5792.0	3712.0	5171.0	7954.0	245.0	4655.0	59.0	7305.0	4519.0	2671.0	2223.0	5832.0	134.0	1898.0	3928.0	3147.0	6615.0	4985.0	5125.0	7557.0
GGA	11527.0	5166.0	6061.0	8951.0	5963.0	3488.0	2616.0	5469.0	4714.0	2620.0	2002.0	4056.0	6479.0	4796.0	5988.0	8761.0	5015.0	2224.0	3364.0	3361.0	4187.0	2458.0	2294.0	4165.0	1823.0	1998.0	1156.0	2456.0	2990.0	2848.0	3437.0	4110.0	10114.0	5383.0	5190.0	9371.0	5062.0	3492.0	2740.0	5020.0	7332.0	3481.0	3072.0	6279.0	5071.0	3287.0	4258.0	6466.0	383.0	4122.0	91.0	7399.0	4025.0	2499.0	1975.0	5211.0	191.0	1733.0	3536.0	3321.0	6419.0	4526.0	4150.0	7484.0
GGC	6095.0	5962.0	6480.0	4168.0	3074.0	4935.0	3739.0	3336.0	2086.0	3756.0	1540.0	2239.0	2696.0	6103.0	5539.0	4993.0	3341.0	3201.0	4729.0	2034.0	2403.0	3753.0	4146.0	2822.0	1520.0	4960.0	2363.0	2481.0	1953.0	4324.0	6840.0	2759.0	6368.0	8175.0	7575.0	5781.0	3504.0	7083.0	5524.0	4142.0	3481.0	7684.0	3358.0	4892.0	3047.0	5090.0	6114.0	4062.0	166.0	5279.0	80.0	3922.0	2246.0	3089.0	2826.0	3004.0	137.0	2362.0	3557.0	1825.0	2576.0	5460.0	3229.0	4690.0
GGG	4481.0	3553.0	4077.0	3301.0	2565.0	3062.0	2314.0	2622.0	2020.0	2095.0	1600.0	1881.0	2476.0	3797.0	3792.0	3961.0	2305.0	1938.0	2954.0	1592.0	1910.0	2412.0	2266.0	2099.0	1055.0	2438.0	1622.0	1470.0	1520.0	2566.0	4159.0	2146.0	4529.0	4728.0	4836.0	4274.0	2582.0	3989.0	3271.0	2765.0	3072.0	3358.0	3240.0	3076.0	2365.0	3053.0	4233.0	3030.0	180.0	3121.0	85.0	3014.0	1740.0	2059.0	1761.0	2379.0	127.0	1509.0	2455.0	1556.0	2248.0	3441.0	2462.0	3834.0
GGT	12710.0	6518.0	7235.0	9863.0	6409.0	4396.0	2945.0	7243.0	4171.0	2940.0	1706.0	4829.0	5957.0	6288.0	7415.0	11083.0	5991.0	2672.0	4564.0	3807.0	4546.0	2368.0	2919.0	5033.0	2034.0	2733.0	1404.0	4621.0	3079.0	2957.0	4740.0	5020.0	11680.0	6971.0	6261.0	11986.0	6442.0	4421.0	3677.0	8087.0	6279.0	4892.0	3076.0	10692.0	6904.0	4022.0	5594.0	9203.0	420.0	5184.0	83.0	8552.0	4935.0	2772.0	2530.0	6364.0	160.0	1814.0	4627.0	3682.0	7078.0	5937.0	5049.0	8722.0
GTA	13418.0	6473.0	6363.0	11221.0	5908.0	3268.0	2558.0	5690.0	4244.0	2607.0	1750.0	4139.0	6064.0	3898.0	5843.0	7925.0	6109.0	2346.0	3808.0	3580.0	3912.0	1939.0	2035.0	4216.0	1560.0	1911.0	962.0	3024.0	2831.0	2030.0	3019.0	3532.0	12846.0	6391.0	5861.0	12046.0	5267.0	3278.0	2790.0	5792.0	5071.0	3047.0	2365.0	6904.0	5260.0	2603.0	3854.0	6250.0	292.0	4019.0	91.0	7397.0	4208.0	2220.0	2001.0	5566.0	164.0	1599.0	2903.0	3200.0	6323.0	3849.0	3752.0	7677.0
GTC	6763.0	6182.0	6401.0	4954.0	3056.0	4580.0	3431.0	2951.0	2443.0	2883.0	1750.0	2101.0	2549.0	4685.0	4684.0	3753.0	3574.0	3093.0	4646.0	2141.0	2314.0	3251.0	3058.0	2587.0	1573.0	3858.0	2063.0	2265.0	1697.0	3607.0	4951.0	2407.0	7283.0	8085.0	7771.0	6891.0	3336.0	6015.0	4737.0	3712.0	3287.0	5090.0	3053.0	4022.0	2603.0	4520.0	5011.0	3470.0	124.0	4351.0	70.0	3690.0	2423.0	3034.0	2722.0	3020.0	127.0	2148.0	2652.0	1987.0	2378.0	4621.0	2708.0	4149.0
GTG	8552.0	8286.0	8258.0	6834.0	4095.0	5476.0	4615.0	4218.0	3249.0	4083.0	2620.0	3321.0	3707.0	5768.0	6978.0	5517.0	4588.0	3844.0	6307.0	3017.0	2989.0	3908.0	4048.0	3341.0	1921.0	5128.0	2855.0	3147.0	2381.0	3985.0	7671.0	3115.0	9364.0	10477.0	10314.0	9203.0	4491.0	7388.0	6727.0	5171.0	4258.0	6114.0	4233.0	5594.0	3854.0	5011.0	8466.0	4918.0	247.0	5984.0	77.0	4871.0	2972.0	3591.0	3633.0	4268.0	222.0	3019.0	3602.0	2923.0	3520.0	5949.0	4642.0	6436.0
GTT	16247.0	7919.0	8143.0	13294.0	6709.0	3964.0	3162.0	7325.0	5001.0	2964.0	2095.0	5111.0	6047.0	4817.0	7282.0	9952.0	7552.0	2763.0	5131.0	4487.0	4923.0	2437.0	2682.0	5330.0	2072.0	2566.0	1427.0	4290.0	3109.0	2547.0	4000.0	4966.0	15649.0	8137.0	7496.0	15669.0	6618.0	4213.0	3702.0	7954.0	6466.0	4062.0	3030.0	9203.0	6250.0	3470.0	4918.0	8816.0	316.0	4732.0	93.0	8732.0	5278.0	2867.0	2556.0	6877.0	193.0	2049.0	3816.0	4022.0	7416.0	5062.0	5359.0	9700.0
TAA	997.0	360.0	452.0	813.0	319.0	204.0	158.0	321.0	303.0	164.0	173.0	254.0	374.0	243.0	326.0	513.0	318.0	91.0	173.0	206.0	151.0	92.0	107.0	134.0	105.0	121.0	62.0	158.0	158.0	146.0	186.0	214.0	678.0	318.0	422.0	617.0	246.0	140.0	157.0	245.0	383.0	166.0	180.0	420.0	292.0	124.0	247.0	316.0	14.0	254.0	8.0	490.0	205.0	125.0	119.0	291.0	13.0	88.0	203.0	195.0	510.0	244.0	287.0	498.0
TAC	11061.0	9082.0	8482.0	8291.0	4568.0	5307.0	3866.0	4347.0	3493.0	3948.0	2103.0	3418.0	4836.0	6261.0	7025.0	6487.0	4993.0	4204.0	5352.0	3229.0	3438.0	3545.0	3509.0	3454.0	1749.0	4534.0	2152.0	2941.0	2641.0	4107.0	6248.0	3217.0	10144.0	9921.0	8478.0	9470.0	4091.0	6060.0	4459.0	4655.0	4122.0	5279.0	3121.0	5184.0	4019.0	4351.0	5984.0	4732.0	254.0	7072.0	80.0	6267.0	3396.0	3421.0	3092.0	4069.0	150.0	3065.0	3416.0	2848.0	4452.0	5869.0	4079.0	6406.0
TAG	271.0	119.0	150.0	217.0	87.0	59.0	58.0	91.0	113.0	79.0	64.0	78.0	99.0	66.0	123.0	134.0	124.0	47.0	82.0	62.0	64.0	57.0	49.0	54.0	55.0	70.0	47.0	53.0	77.0	52.0	93.0	92.0	129.0	119.0	140.0	159.0	53.0	59.0	82.0	59.0	91.0	80.0	85.0	83.0	91.0	70.0	77.0	93.0	8.0	80.0	8.0	114.0	60.0	53.0	46.0	68.0	14.0	55.0	76.0	68.0	136.0	96.0	77.0	145.0
TAT	22548.0	9035.0	8894.0	19605.0	8332.0	3985.0	3426.0	8004.0	7063.0	3220.0	2514.0	6303.0	11366.0	5564.0	9215.0	13601.0	8667.0	3273.0	4886.0	6105.0	5858.0	2556.0	2740.0	5696.0	2320.0	2580.0	1366.0	4077.0	4145.0	2803.0	4172.0	5376.0	18003.0	8329.0	7391.0	18832.0	6840.0	3749.0	3277.0	7305.0	7399.0	3922.0	3014.0	8552.0	7397.0	3690.0	4871.0	8732.0	490.0	6267.0	114.0	14088.0	6773.0	3018.0	2547.0	7821.0	238.0	2442.0	4766.0	5451.0	11762.0	5604.0	6444.0	12498.0
TCA	10327.0	5015.0	4556.0	9583.0	6123.0	2892.0	2200.0	5327.0	3637.0	2165.0	1331.0	3801.0	6740.0	4015.0	5649.0	8725.0	4828.0	1680.0	2487.0	2706.0	3843.0	1786.0	1647.0	3387.0	1164.0	1216.0	656.0	1986.0	2772.0	2050.0	2708.0	3524.0	8501.0	4592.0	3715.0	8813.0	4620.0	2536.0	1968.0	4519.0	4025.0	2246.0	1740.0	4935.0	4208.0	2423.0	2972.0	5278.0	205.0	3396.0	60.0	6773.0	5686.0	2541.0	2084.0	5572.0	164.0	1391.0	2692.0	2808.0	6610.0	3681.0	3843.0	7273.0
TCC	5026.0	4306.0	4049.0	3996.0	2931.0	3711.0	2375.0	2624.0	2038.0	2293.0	1304.0	1875.0	2830.0	4094.0	4037.0	3858.0	2727.0	2081.0	2858.0	1567.0	1978.0	2983.0	2262.0	1942.0	989.0	2323.0	1263.0	1546.0	1654.0	3155.0	4193.0	2201.0	4758.0	4862.0	4290.0	4452.0	2576.0	4173.0	2929.0	2671.0	2499.0	3089.0	2059.0	2772.0	2220.0	3034.0	3591.0	2867.0	125.0	3421.0	53.0	3018.0	2541.0	3626.0	2483.0	3373.0	117.0	1503.0	2231.0	1523.0	2534.0	3869.0	2533.0	3977.0
TCG	4064.0	3923.0	3404.0	3423.0	2438.0	2869.0	2889.0	2153.0	1667.0	2067.0	1003.0	1624.0	2626.0	3823.0	3781.0	3532.0	2071.0	1761.0	2562.0	1394.0	1683.0	2158.0	2777.0	1592.0	1164.0	2451.0	1430.0	1514.0	1385.0	2471.0	3927.0	1691.0	4066.0	4431.0	3888.0	4082.0	2121.0	3457.0	3396.0	2223.0	1975.0	2826.0	1761.0	2530.0	2001.0	2722.0	3633.0	2556.0	119.0	3092.0	46.0	2547.0	2084.0	2483.0	3246.0	2593.0	95.0	1464.0	1966.0	1453.0	2338.0	3336.0	2463.0	3240.0
TCT	12246.0	5830.0	5839.0	10839.0	6375.0	3416.0	2589.0	6132.0	4347.0	2574.0	1686.0	4241.0	7303.0	4674.0	7001.0	9831.0	5799.0	2169.0	3505.0	3404.0	4262.0	2370.0	2101.0	4269.0	1561.0	1894.0	976.0	2756.0	3337.0	2686.0	3617.0	4434.0	10736.0	5767.0	5064.0	10727.0	5182.0	3398.0	2605.0	5832.0	5211.0	3004.0	2379.0	6364.0	5566.0	3020.0	4268.0	6877.0	291.0	4069.0	68.0	7821.0	5572.0	3373.0	2593.0	7332.0	165.0	1738.0	3495.0	3452.0	7834.0	4649.0	4890.0	8781.0
TGA	516.0	211.0	340.0	364.0	232.0	138.0	118.0	169.0	207.0	130.0	145.0	155.0	189.0	171.0	186.0	257.0	220.0	70.0	129.0	148.0	113.0	89.0	99.0	92.0	101.0	103.0	86.0	102.0	119.0	103.0	179.0	115.0	380.0	251.0	280.0	359.0	179.0	143.0	161.0	134.0	191.0	137.0	127.0	160.0	164.0	127.0	222.0	193.0	13.0	150.0	14.0	238.0	164.0	117.0	95.0	165.0	30.0	95.0	162.0	124.0	253.0	208.0	166.0	290.0
TGC	4090.0	3361.0	3244.0	3035.0	1846.0	2197.0	1691.0	1707.0	1535.0	1779.0	1078.0	1305.0	2053.0	2681.0	2852.0	2747.0	1959.0	2107.0	2143.0	1418.0	1382.0	1856.0	1714.0	1398.0	790.0	2396.0	1148.0	1186.0	1167.0	2103.0	3118.0	1511.0	3693.0	3803.0	3586.0	3405.0	1797.0	3035.0	2386.0	1898.0	1733.0	2362.0	1509.0	1814.0	1599.0	2148.0	3019.0	2049.0	88.0	3065.0	55.0	2442.0	1391.0	1503.0	1464.0	1738.0	95.0	1880.0	1749.0	1674.0	1739.0	2832.0	1894.0	3175.0
TGG	8173.0	5187.0	5968.0	6546.0	3433.0	3166.0	2288.0	3601.0	2965.0	2506.0	1822.0	2857.0	3112.0	3505.0	4724.0	4707.0	3878.0	2370.0	3725.0	2611.0	2614.0	2186.0	2421.0	2846.0	1484.0	2796.0	1617.0	2452.0	1886.0	2326.0	3719.0	2471.0	7642.0	5823.0	5707.0	7412.0	3352.0	3544.0	2854.0	3928.0	3536.0	3557.0	2455.0	4627.0	2903.0	2652.0	3602.0	3816.0	203.0	3416.0	76.0	4766.0	2692.0	2231.0	1966.0	3495.0	162.0	1749.0	3194.0	2307.0	3450.0	3466.0	3034.0	4280.0
TGT	8400.0	3768.0	3879.0	7143.0	3570.0	2034.0	1659.0	3263.0	3048.0	1572.0	1258.0	2758.0	4642.0	2651.0	4217.0	5657.0	3364.0	1713.0	2116.0	2722.0	2507.0	1455.0	1299.0	2451.0	1055.0	1355.0	845.0	1731.0	1974.0	1664.0	2255.0	2334.0	6864.0	3648.0	3483.0	6897.0	2915.0	2246.0	1775.0	3147.0	3321.0	1825.0	1556.0	3682.0	3200.0	1987.0	2923.0	4022.0	195.0	2848.0	68.0	5451.0	2808.0	1523.0	1453.0	3452.0	124.0	1674.0	2307.0	3276.0	4612.0	2694.0	3110.0	5918.0
TTA	23265.0	7742.0	7756.0	20038.0	8570.0	3263.0	2823.0	7550.0	6869.0	2810.0	2217.0	6320.0	10930.0	3943.0	7751.0	11913.0	9192.0	2617.0	4219.0	5019.0	5088.0	1921.0	1875.0	4722.0	1944.0	1679.0	967.0	3252.0	3766.0	2011.0	2774.0	4481.0	18098.0	6854.0	6750.0	17287.0	6316.0	2966.0	2603.0	6615.0	6419.0	2576.0	2248.0	7078.0	6323.0	2378.0	3520.0	7416.0	510.0	4452.0	136.0	11762.0	6610.0	2534.0	2338.0	7834.0	253.0	1739.0	3450.0	4612.0	11590.0	4013.0	5081.0	10975.0
TTC	10967.0	9105.0	9047.0	8241.0	4783.0	5366.0	3796.0	4645.0	3618.0	3825.0	2200.0	3333.0	4167.0	6541.0	6881.0	6377.0	5079.0	4064.0	5824.0	3203.0	3426.0	3641.0	3849.0	3437.0	1936.0	4405.0	2355.0	3325.0	2465.0	4277.0	6112.0	3423.0	10946.0	9871.0	9313.0	10092.0	4636.0	6236.0	5024.0	4985.0	4526.0	5460.0	3441.0	5937.0	3849.0	4621.0	5949.0	5062.0	244.0	5869.0	96.0	5604.0	3681.0	3869.0	3336.0	4649.0	208.0	2832.0	3466.0	2694.0	4013.0	6616.0	3856.0	6128.0
TTG	12040.0	6837.0	7238.0	9796.0	4701.0	3313.0	3027.0	4865.0	4098.0	2773.0	2224.0	3876.0	4982.0	3866.0	6398.0	6986.0	5773.0	2818.0	4451.0	3554.0	3093.0	2048.0	2261.0	3215.0	1706.0	2651.0	1476.0	2799.0	2552.0	2430.0	3824.0	3309.0	11193.0	6744.0	6623.0	10397.0	4435.0	3726.0	3336.0	5125.0	4150.0	3229.0	2462.0	5049.0	3752.0	2708.0	4642.0	5359.0	287.0	4079.0	77.0	6444.0	3843.0	2533.0	2463.0	4890.0	166.0	1894.0	3034.0	3110.0	5081.0	3856.0	5140.0	6838.0
TTT	23847.0	10596.0	10361.0	20494.0	9260.0	4861.0	3894.0	8298.0	7554.0	4265.0	3249.0	6935.0	10672.0	5863.0	9698.0	13762.0	9658.0	4117.0	6075.0	6111.0	6173.0	3468.0	3126.0	6114.0	2670.0	3363.0	1700.0	4163.0	4463.0	3335.0	4962.0	5783.0	19569.0	9783.0	9356.0	18974.0	7197.0	5002.0	4120.0	7557.0	7484.0	4690.0	3834.0	8722.0	7677.0	4149.0	6436.0	9700.0	498.0	6406.0	145.0	12498.0	7273.0	3977.0	3240.0	8781.0	290.0	3175.0	4280.0	5918.0	10975.0	6128.0	6838.0	14108.0
End	2461.0	688.0	947.0	1079.0	383.0	187.0	190.0	261.0	500.0	316.0	257.0	398.0	709.0	421.0	570.0	757.0	809.0	295.0	495.0	352.0	350.0	178.0	242.0	222.0	387.0	273.0	177.0	310.0	488.0	229.0	498.0	382.0	1501.0	600.0	906.0	956.0	647.0	358.0	409.0	394.0	401.0	367.0	292.0	401.0	723.0	393.0	528.0	575.0	16483.0	424.0	5066.0	802.0	469.0	261.0	289.0	362.0	10127.0	202.0	404.0	351.0	871.0	614.0	529.0	927.0
