Proteome_ID	M	W	C	D	E	F	H	K	N	Q	Y	I	A	G	P	T	V	L	R	S
UP000002036	0.016290627447590023	0.03175102734230381	0.03175102734230381	0.03175102734230381	0.04847906028563575	0.033456065886663874	0.03175102734230381	0.033456065886663874	0.033456065886663874	0.03175102734230381	0.033456065886663874	0.05062150432573772	0.06026576709328998	0.06026576709328998	0.06026576709328998	0.06350205468460762	0.06350205468460762	0.0969581205712715	0.0920167944355938	0.09525308202691145
UP000001300	0.014585148464161646	0.03150099352342996	0.03150099352342996	0.03150099352342996	0.04508135754597953	0.027160728045099128	0.03150099352342996	0.027160728045099128	0.027160728045099128	0.03150099352342996	0.027160728045099128	0.03973630762603661	0.0730696608217193	0.0730696608217193	0.0730696608217193	0.06300198704685991	0.06300198704685991	0.09016271509195906	0.10457065434514926	0.09450298057028989
UP000000267	0.01902460354064785	0.02890583155552276	0.02890583155552276	0.02890583155552276	0.056732432891345205	0.055653202671644884	0.02890583155552276	0.055653202671644884	0.055653202671644884	0.02890583155552276	0.055653202671644884	0.09228180180264192	0.03002691876857479	0.03002691876857479	0.03002691876857479	0.05781166311104552	0.05781166311104552	0.11346486578269041	0.05893275032409755	0.08671749466656828
UP000000314	0.01803167853238731	0.031111511535411394	0.031111511535411394	0.031111511535411394	0.05255646326122835	0.04288990345163391	0.031111511535411394	0.04288990345163391	0.04288990345163391	0.031111511535411394	0.04288990345163391	0.06774812837088051	0.045135384886540834	0.045135384886540834	0.045135384886540834	0.06222302307082279	0.06222302307082279	0.1051129265224567	0.07624689642195223	0.09333453460623417
UP000007796	0.011720248394823326	0.03003088406975999	0.03003088406975999	0.03003088406975999	0.039641949110377356	0.01922213008123473	0.03003088406975999	0.01922213008123473	0.01922213008123473	0.03003088406975999	0.01922213008123473	0.02672401176764614	0.09383496981864496	0.09383496981864496	0.09383496981864496	0.06006176813951998	0.06006176813951998	0.07928389822075471	0.12386585388840494	0.09009265220927996
UP000029964	0.011485341832486288	0.029861888764464353	0.029861888764464353	0.029861888764464353	0.03919372900335947	0.01866368047779022	0.029861888764464353	0.01866368047779022	0.01866368047779022	0.029861888764464353	0.01866368047779022	0.025842019123094147	0.09555804404628594	0.09555804404628594	0.09555804404628594	0.059723777528928705	0.059723777528928705	0.07838745800671894	0.12541993281075028	0.08958566629339305
UP000002037	0.019050921132857824	0.028468862391507796	0.028468862391507796	0.028468862391507796	0.05726273768058251	0.057587750578149424	0.028468862391507796	0.057587750578149424	0.057587750578149424	0.028468862391507796	0.057587750578149424	0.09612458002344101	0.028147518099938658	0.028147518099938658	0.028147518099938658	0.05693772478301559	0.05693772478301559	0.11452547536116502	0.05661638049144645	0.08540658717452337
UP000009058	0.01300521040846775	0.030829360234035257	0.030829360234035257	0.030829360234035257	0.04207652547125047	0.022494330474430436	0.030829360234035257	0.022494330474430436	0.022494330474430436	0.030829360234035257	0.022494330474430436	0.03198345054039312	0.08450568942430192	0.08450568942430192	0.08450568942430192	0.06165872046807051	0.06165872046807051	0.08415305094250095	0.11533504965833717	0.09248808070210576
UP000054166	0.016653513118121993	0.031718067186441525	0.031718067186441525	0.031718067186441525	0.04924985888685798	0.035063583400832925	0.031718067186441525	0.035063583400832925	0.035063583400832925	0.031718067186441525	0.035063583400832925	0.05347365368354385	0.05738351237767218	0.05738351237767218	0.05738351237767218	0.06343613437288305	0.06343613437288305	0.09849971777371597	0.08910157956411371	0.09515420155932457
UP000016922	0.016811388589261345	0.031691296379146076	0.031691296379146076	0.031691296379146076	0.04959378293519357	0.03580497311209499	0.031691296379146076	0.03580497311209499	0.03580497311209499	0.031691296379146076	0.03580497311209499	0.05479855763492864	0.05610048989823759	0.05610048989823759	0.05610048989823759	0.06338259275829215	0.06338259275829215	0.09918756587038714	0.08779178627738367	0.09507388913743822
UP000009082	0.018930843033427	0.026921884609295427	0.026921884609295427	0.026921884609295427	0.058810967331732605	0.06377816544487437	0.026921884609295427	0.06377816544487437	0.06377816544487437	0.026921884609295427	0.06377816544487437	0.10862548785632174	0.02272840135367884	0.02272840135367884	0.02272840135367884	0.05384376921859085	0.05384376921859085	0.11762193466346521	0.049650285962974265	0.08076565382788627
UP000005206	0.013758465640206536	0.031194859353101827	0.031194859353101827	0.031194859353101827	0.04350226097604499	0.024614803245886326	0.031194859353101827	0.024614803245886326	0.024614803245886326	0.031194859353101827	0.024614803245886326	0.035471140851566114	0.07906780650155587	0.07906780650155587	0.07906780650155587	0.062389718706203655	0.062389718706203655	0.08700452195208998	0.11026266585465769	0.09358457805930548
UP000016927	0.01896566312809332	0.029325101680139944	0.029325101680139944	0.029325101680139944	0.05616873789017084	0.053687272420061806	0.029325101680139944	0.053687272420061806	0.053687272420061806	0.029325101680139944	0.053687272420061806	0.0884088817120303	0.03203595749182433	0.03203595749182433	0.03203595749182433	0.05865020336027989	0.05865020336027989	0.11233747578034169	0.061361059171964265	0.08797530504041982
UP000249829	0.010828612692354418	0.029352012638925513	0.029352012638925513	0.029352012638925513	0.03793147368616302	0.017158922094475018	0.029352012638925513	0.017158922094475018	0.017158922094475018	0.029352012638925513	0.017158922094475018	0.02348923149659562	0.1004189705171573	0.1004189705171573	0.1004189705171573	0.05870402527785103	0.05870402527785103	0.07586294737232605	0.12977098315608285	0.08805603791677655
UP000000559	0.018921800858207063	0.029533493851472227	0.029533493851472227	0.029533493851472227	0.055864207040183314	0.052661426377422174	0.029533493851472227	0.052661426377422174	0.052661426377422174	0.029533493851472227	0.052661426377422174	0.08640105189663727	0.03312585013644456	0.03312585013644456	0.03312585013644456	0.059066987702944454	0.059066987702944454	0.11172841408036663	0.0626593439879168	0.08860048155441667
UP000005221	0.01826621139702134	0.03087701935273463	0.03087701935273463	0.03087701935273463	0.05323903472826211	0.04472403075105497	0.03087701935273463	0.04472403075105497	0.04472403075105497	0.03087701935273463	0.04472403075105497	0.0711818501050886	0.0426343649308335	0.0426343649308335	0.0426343649308335	0.06175403870546926	0.06175403870546926	0.10647806945652422	0.07351138428356813	0.09263105805820386
UP000001312	0.016962673160547597	0.03165771556420651	0.03165771556420651	0.03165771556420651	0.049929166145101345	0.03654290116178967	0.03165771556420651	0.03654290116178967	0.03654290116178967	0.03165771556420651	0.03654290116178967	0.05612312916303175	0.054851198064818356	0.054851198064818356	0.054851198064818356	0.06331543112841302	0.06331543112841302	0.09985833229020269	0.08650891362902488	0.09497314669261954
UP000193067	0.008915169388537562	0.02754388154369068	0.02754388154369068	0.02754388154369068	0.0341347389130738	0.013181714738766252	0.02754388154369068	0.013181714738766252	0.013181714738766252	0.02754388154369068	0.013181714738766252	0.017448260088994944	0.11510875869005059	0.11510875869005059	0.11510875869005059	0.05508776308738136	0.05508776308738136	0.0682694778261476	0.14265264023374127	0.08263164463107203
UP000007963	0.013240836471914307	0.030952126980619214	0.030952126980619214	0.030952126980619214	0.042521923422241516	0.023139592883244606	0.030952126980619214	0.023139592883244606	0.023139592883244606	0.030952126980619214	0.023139592883244606	0.0330383492945749	0.0828047554214395	0.0828047554214395	0.0828047554214395	0.06190425396123843	0.06190425396123843	0.08504384684448303	0.11375688240205872	0.09285638094185764
UP000002038	0.015111083464565507	0.0316384605448864	0.0316384605448864	0.0316384605448864	0.046102080986916594	0.028927240884060384	0.0316384605448864	0.028927240884060384	0.028927240884060384	0.0316384605448864	0.028927240884060384	0.042743398303555266	0.06920758116284118	0.06920758116284118	0.06920758116284118	0.0632769210897728	0.0632769210897728	0.09220416197383319	0.10084604170772757	0.09491538163465921
UP000005222	0.017368405845577015	0.03152335576124338	0.03152335576124338	0.03152335576124338	0.050863248863578264	0.038679786204669775	0.03152335576124338	0.038679786204669775	0.038679786204669775	0.03152335576124338	0.038679786204669775	0.05999116656376252	0.05138197782127066	0.05138197782127066	0.05138197782127066	0.06304671152248675	0.06304671152248675	0.10172649772715653	0.08290533358251402	0.09457006728373016
UP000000560	0.014445827379937878	0.031456817551532436	0.031456817551532436	0.031456817551532436	0.04481346968311855	0.026713304263172224	0.031456817551532436	0.026713304263172224	0.026713304263172224	0.031456817551532436	0.026713304263172224	0.038980781146406566	0.07408528430042234	0.07408528430042234	0.07408528430042234	0.06291363510306487	0.06291363510306487	0.0896269393662371	0.10554210185195478	0.0943704526545973
UP000016930	0.013790104655659162	0.03120846291537841	0.03120846291537841	0.03120846291537841	0.04356232437948011	0.024707722928203387	0.03120846291537841	0.024707722928203387	0.024707722928203387	0.03120846291537841	0.024707722928203387	0.03562534120074762	0.07883916784810499	0.07883916784810499	0.07883916784810499	0.06241692583075682	0.06241692583075682	0.08712464875896021	0.11004763076348341	0.09362538874613524
UP000002058	0.015151880601390312	0.0316470924507708	0.0316470924507708	0.0316470924507708	0.04618200629648927	0.029069827691436952	0.0316470924507708	0.029069827691436952	0.029069827691436952	0.0316470924507708	0.029069827691436952	0.04298777478148359	0.06890570327547249	0.06890570327547249	0.06890570327547249	0.0632941849015416	0.0632941849015416	0.09236401259297854	0.10055279572624329	0.09494127735231239
UP000030143	0.014904903497872615	0.03159025968433256	0.03159025968433256	0.03159025968433256	0.04569993066785655	0.028219341967047968	0.03159025968433256	0.028219341967047968	0.028219341967047968	0.03159025968433256	0.028219341967047968	0.04153378043622332	0.07072769507445481	0.07072769507445481	0.07072769507445481	0.06318051936866512	0.06318051936866512	0.0913998613357131	0.10231795475878738	0.09477077905299769
UP000005426	0.012749302816668093	0.030687565639239037	0.030687565639239037	0.030687565639239037	0.04159288771281103	0.02181064414714397	0.030687565639239037	0.02181064414714397	0.02181064414714397	0.030687565639239037	0.02181064414714397	0.03087198547761985	0.08635477966714891	0.08635477966714891	0.08635477966714891	0.06137513127847807	0.06137513127847807	0.08318577542562205	0.11704234530638796	0.09206269691771712
UP000016932	0.014403031200743353	0.031442623501511745	0.031442623501511745	0.031442623501511745	0.04473135363459944	0.02657746026617538	0.031442623501511745	0.02657746026617538	0.02657746026617538	0.031442623501511745	0.02657746026617538	0.038751889331607406	0.07439676799487419	0.07439676799487419	0.07439676799487419	0.06288524700302349	0.06288524700302349	0.08946270726919887	0.10583939149638592	0.09432787050453523
UP000009096	0.01547663236115967	0.031704631605982914	0.031704631605982914	0.031704631605982914	0.04682297491217727	0.030236686612388698	0.031704631605982914	0.030236686612388698	0.030236686612388698	0.031704631605982914	0.030236686612388698	0.04499674086361772	0.06648768617783954	0.06648768617783954	0.06648768617783954	0.06340926321196583	0.06340926321196583	0.09364594982435454	0.09819231778382244	0.09511389481794874
UP000000561	0.0142255832180576	0.03138070192274349	0.03138070192274349	0.03138070192274349	0.04439165201663913	0.02602190018779129	0.03138070192274349	0.02602190018779129	0.02602190018779129	0.03138070192274349	0.02602190018779129	0.03781821715752498	0.07568612945691736	0.07568612945691736	0.07568612945691736	0.06276140384548698	0.06276140384548698	0.08878330403327826	0.10706683137966085	0.09414210576823046
UP000094112	0.019015715514030734	0.027568194989615203	0.027568194989615203	0.027568194989615203	0.05821597114940686	0.06129555231958332	0.027568194989615203	0.06129555231958332	0.06129555231958332	0.027568194989615203	0.06129555231958332	0.10357538912513592	0.02479805944232043	0.02479805944232043	0.02479805944232043	0.055136389979230406	0.055136389979230406	0.11643194229881372	0.05236625443193563	0.08270458496884561
UP000002059	0.015392932819138694	0.03169174647251673	0.03169174647251673	0.03169174647251673	0.04665691310203765	0.029930333259041833	0.03169174647251673	0.029930333259041833	0.029930333259041833	0.03169174647251673	0.029930333259041833	0.04446773369894497	0.06711363924922964	0.06711363924922964	0.06711363924922964	0.06338349294503345	0.06338349294503345	0.0933138262040753	0.09880538572174637	0.0950752394175502
UP000094389	0.01770199048431763	0.031352962138453205	0.031352962138453205	0.031352962138453205	0.05168154575476775	0.0406571672326291	0.031352962138453205	0.0406571672326291	0.0406571672326291	0.031352962138453205	0.0406571672326291	0.06361234398094055	0.04835596288500762	0.04835596288500762	0.04835596288500762	0.06270592427690641	0.06270592427690641	0.1033630915095355	0.07970892502346083	0.09405888641535963
UP000000591	0.014300304277824562	0.03140737418402849	0.03140737418402849	0.03140737418402849	0.04453454937714029	0.026254350386223608	0.03140737418402849	0.026254350386223608	0.026254350386223608	0.03140737418402849	0.026254350386223608	0.038208396494622654	0.07514359628971683	0.07514359628971683	0.07514359628971683	0.06281474836805698	0.06281474836805698	0.08906909875428058	0.1065509704737453	0.09422212255208545
UP000002149	0.015457611165382011	0.03170182519701934	0.03170182519701934	0.03170182519701934	0.0467851799895024	0.030166709584966114	0.03170182519701934	0.030166709584966114	0.030166709584966114	0.03170182519701934	0.030166709584966114	0.044875808004550224	0.06663011874011114	0.06663011874011114	0.06663011874011114	0.06340365039403868	0.06340365039403868	0.0935703599790048	0.09833194393713049	0.09510547559105802
UP000007978	0.015547991873186307	0.03171451224228576	0.03171451224228576	0.03171451224228576	0.04696507226841321	0.030501120052254898	0.03171451224228576	0.030501120052254898	0.030501120052254898	0.03171451224228576	0.030501120052254898	0.04545424823132349	0.06595235093287898	0.06595235093287898	0.06595235093287898	0.06342902448457152	0.06342902448457152	0.09393014453682642	0.09766686317516475	0.0951435367268573
UP000002258	0.01775276578396952	0.03132113970094885	0.03132113970094885	0.03132113970094885	0.05181132004975672	0.040980360697615736	0.03132113970094885	0.040980360697615736	0.040980360697615736	0.03132113970094885	0.040980360697615736	0.06420795561126195	0.047877264888175085	0.047877264888175085	0.047877264888175085	0.0626422794018977	0.0626422794018977	0.10362264009951344	0.07919840458912394	0.09396341910284656
UP000000598	0.01833659706689571	0.0307928255427882	0.0307928255427882	0.0307928255427882	0.053457616720234274	0.04532958235489216	0.0307928255427882	0.04532958235489216	0.04532958235489216	0.0307928255427882	0.04532958235489216	0.0723225676428886	0.04183573091342441	0.04183573091342441	0.04183573091342441	0.0615856510855764	0.0615856510855764	0.10691523344046855	0.07262855645621259	0.0923784766283646
UP000030651	0.014800779961516713	0.031563087787232984	0.031563087787232984	0.031563087787232984	0.04549787296425287	0.027869570354039763	0.031563087787232984	0.027869570354039763	0.027869570354039763	0.031563087787232984	0.027869570354039763	0.04093836074656281	0.07149220443724352	0.07149220443724352	0.07149220443724352	0.06312617557446597	0.06312617557446597	0.09099574592850573	0.1030552922244765	0.09468926336169894
UP000016933	0.013955978681963993	0.031277394717796794	0.031277394717796794	0.031277394717796794	0.04387759590821749	0.0252004023808414	0.031277394717796794	0.0252004023808414	0.0252004023808414	0.031277394717796794	0.0252004023808414	0.0364448260797188	0.0776396666647352	0.0776396666647352	0.0776396666647352	0.06255478943559359	0.06255478943559359	0.08775519181643499	0.108917061382532	0.09383218415339038
UP000001471	0.014370826033823263	0.03143175101977391	0.03143175101977391	0.03143175101977391	0.04466960964161255	0.02647571724367727	0.03143175101977391	0.02647571724367727	0.02647571724367727	0.03143175101977391	0.02647571724367727	0.03858060845353128	0.07463102608900948	0.07463102608900948	0.07463102608900948	0.06286350203954783	0.06286350203954783	0.0893392192832251	0.1060627771087834	0.09429525305932172
UP000000599	0.018742556100418962	0.03009544300953347	0.03009544300953347	0.03009544300953347	0.05493782598616167	0.0496847659532564	0.03009544300953347	0.0496847659532564	0.0496847659532564	0.03009544300953347	0.0496847659532564	0.08062697580609385	0.03645929179951038	0.03645929179951038	0.03645929179951038	0.06019088601906694	0.06019088601906694	0.10987565197232334	0.06655473480904385	0.09028632902860041
UP000008062	0.013965055778297673	0.03128105012553913	0.03128105012553913	0.03128105012553913	0.043894868340271655	0.025227636429465045	0.03128105012553913	0.025227636429465045	0.025227636429465045	0.03128105012553913	0.025227636429465045	0.03649021708063241	0.0775739811925965	0.0775739811925965	0.0775739811925965	0.06256210025107826	0.06256210025107826	0.08778973668054331	0.10885503131813563	0.0938431503766174
UP000054270	0.016543265118367716	0.03173211087031936	0.03173211087031936	0.03173211087031936	0.0490129737965124	0.034561725852386066	0.03173211087031936	0.034561725852386066	0.034561725852386066	0.03173211087031936	0.034561725852386066	0.052580186586404426	0.0582683205454987	0.0582683205454987	0.0582683205454987	0.06346422174063872	0.06346422174063872	0.0980259475930248	0.09000043141581807	0.09519633261095808
UP000094569	0.01506174061225168	0.03162761596186296	0.03162761596186296	0.03162761596186296	0.04600557480038183	0.028755917677037744	0.03162761596186296	0.028755917677037744	0.028755917677037744	0.03162761596186296	0.028755917677037744	0.04245009474182381	0.06957219050810234	0.06957219050810234	0.06957219050810234	0.06325523192372592	0.06325523192372592	0.09201114960076366	0.10119980646996532	0.0948828478855889
UP000016934	0.014147080153155252	0.03135175504908923	0.03135175504908923	0.03135175504908923	0.04424173391542564	0.025779957732672835	0.03135175504908923	0.025779957732672835	0.025779957732672835	0.03135175504908923	0.025779957732672835	0.03741283531219042	0.07625555905488154	0.07625555905488154	0.07625555905488154	0.06270351009817846	0.06270351009817846	0.08848346783085129	0.10760731410397077	0.09405526514726768
UP000008066	0.01315792649591252	0.030909789152749872	0.030909789152749872	0.030909789152749872	0.042365171090357076	0.022910763875214412	0.030909789152749872	0.022910763875214412	0.022910763875214412	0.030909789152749872	0.022910763875214412	0.032663601254516304	0.08340316112297345	0.08340316112297345	0.08340316112297345	0.061819578305499744	0.061819578305499744	0.08473034218071415	0.11431295027572333	0.09272936745824961
UP000009097	0.01510373669777074	0.03163687382956058	0.03163687382956058	0.03163687382956058	0.04608770093071303	0.02890165420230489	0.03163687382956058	0.02890165420230489	0.02890165420230489	0.03163687382956058	0.02890165420230489	0.042699571706839044	0.06926190305243599	0.06926190305243599	0.06926190305243599	0.06327374765912117	0.06327374765912117	0.09217540186142606	0.10089877688199657	0.09491062148868173
UP000006564	0.014822756260262079	0.03156897758090101	0.03156897758090101	0.03156897758090101	0.045540465569378165	0.027942975976954307	0.03156897758090101	0.027942975976954307	0.027942975976954307	0.03156897758090101	0.027942975976954307	0.04106319569364653	0.07133100971960661	0.07133100971960661	0.07133100971960661	0.06313795516180203	0.06313795516180203	0.09108093113875633	0.10289998730050762	0.09470693274270302
UP000095358	0.01876952542502232	0.030028081094674343	0.030028081094674343	0.030028081094674343	0.05505850453923604	0.050060846889123406	0.030028081094674343	0.050060846889123406	0.050060846889123406	0.030028081094674343	0.050060846889123406	0.08135216835322448	0.03602358770419625	0.03602358770419625	0.03602358770419625	0.060056162189348686	0.060056162189348686	0.11011700907847208	0.06605166879887059	0.09008424328402302
UP000001610	0.01312283949235635	0.030891589887943917	0.030891589887943917	0.030891589887943917	0.0422988460747339	0.02281451237357997	0.030891589887943917	0.02281451237357997	0.02281451237357997	0.030891589887943917	0.02281451237357997	0.032506185254803595	0.0836564297477619	0.0836564297477619	0.0836564297477619	0.061783179775887834	0.061783179775887834	0.0845976921494678	0.11454801963570581	0.09267476966383176
UP000002311	0.018383055390472827	0.03073295670342498	0.03073295670342498	0.03073295670342498	0.05360624253282459	0.04574657165879923	0.03073295670342498	0.04574657165879923	0.04574657165879923	0.03073295670342498	0.04574657165879923	0.07311008792712564	0.04129335132605154	0.04129335132605154	0.04129335132605154	0.06146591340684996	0.06146591340684996	0.10721248506564918	0.07202630802947653	0.09219887011027494
UP000030669	0.011745467183439322	0.030048607776558427	0.030048607776558427	0.030048607776558427	0.0396899842046095	0.019282752856102148	0.030048607776558427	0.019282752856102148	0.019282752856102148	0.030048607776558427	0.019282752856102148	0.026820038528764974	0.09365040728857477	0.09365040728857477	0.09365040728857477	0.06009721555311685	0.06009721555311685	0.079379968409219	0.1236990150651332	0.09014582332967526
UP000001611	0.012245584320657503	0.03038324594760155	0.03038324594760155	0.03038324594760155	0.0406398216804381	0.020513151465673108	0.03038324594760155	0.020513151465673108	0.020513151465673108	0.03038324594760155	0.020513151465673108	0.028780718610688708	0.09000485721145672	0.09000485721145672	0.09000485721145672	0.0607664918952031	0.0607664918952031	0.0812796433608762	0.12038810315905826	0.09114973784280464
UP000016935	0.015816666070533614	0.031742207814894424	0.031742207814894424	0.031742207814894424	0.04750480821520558	0.03152520080062231	0.031742207814894424	0.03152520080062231	0.03152520080062231	0.031742207814894424	0.03152520080062231	0.04723373553071101	0.06392141723925548	0.06392141723925548	0.06392141723925548	0.06348441562978885	0.06348441562978885	0.09500961643041116	0.09566362505414991	0.09522662344468327
UP000008142	0.015912356618499473	0.03174827719631333	0.03174827719631333	0.03174827719631333	0.04769903630401194	0.03190151821539722	0.03174827719631333	0.03190151821539722	0.03190151821539722	0.03174827719631333	0.03190151821539722	0.047890679812294966	0.06319154456087686	0.06319154456087686	0.06319154456087686	0.06349655439262666	0.06349655439262666	0.09539807260802388	0.0949398217571902	0.09524483158894
UP000009138	0.01824549322462715	0.03090043520530202	0.03090043520530202	0.03090043520530202	0.05317606799908833	0.044551265587572615	0.03090043520530202	0.044551265587572615	0.044551265587572615	0.03090043520530202	0.044551265587572615	0.07085703795051808	0.042864636202093256	0.042864636202093256	0.042864636202093256	0.06180087041060404	0.06180087041060404	0.10635213599817667	0.07376507140739529	0.09270130561590606
UP000006701	0.013772430490314421	0.031200881556521724	0.031200881556521724	0.031200881556521724	0.043528769182373736	0.024655775251704027	0.031200881556521724	0.024655775251704027	0.024655775251704027	0.031200881556521724	0.024655775251704027	0.03553912001309364	0.07896689517696805	0.07896689517696805	0.07896689517696805	0.06240176311304345	0.06240176311304345	0.08705753836474747	0.11016777673348976	0.09360264466956517
UP000054279	0.016120398298567283	0.03175414306359291	0.03175414306359291	0.03175414306359291	0.04812544250299393	0.032742598878802036	0.03175414306359291	0.032742598878802036	0.032742598878802036	0.03175414306359291	0.032742598878802036	0.04936479945903679	0.061591054847874534	0.061591054847874534	0.061591054847874534	0.06350828612718581	0.06350828612718581	0.09625088500598786	0.09334519791146743	0.09526242919077872
UP000054317	0.011856245050866843	0.03012549863848225	0.03012549863848225	0.03012549863848225	0.039900810268606195	0.019550623260247896	0.03012549863848225	0.019550623260247896	0.019550623260247896	0.03012549863848225	0.019550623260247896	0.027245001469628948	0.09284058683310624	0.09284058683310624	0.09284058683310624	0.0602509972769645	0.0602509972769645	0.07980162053721239	0.1229660854715885	0.09037649591544675
UP000217790	0.015140577192132224	0.0316447313738696	0.0316447313738696	0.0316447313738696	0.04615984959242481	0.02903023643711045	0.0316447313738696	0.02903023643711045	0.02903023643711045	0.0316447313738696	0.02903023643711045	0.04291989568208867	0.06898938118493952	0.06898938118493952	0.06898938118493952	0.0632894627477392	0.0632894627477392	0.09231969918484963	0.10063411255880911	0.09493419412160878
UP000002428	0.018109729956165915	0.031040396490263647	0.031040396490263647	0.031040396490263647	0.05277683198988266	0.04347287099923803	0.031040396490263647	0.04347287099923803	0.04347287099923803	0.031040396490263647	0.04347287099923803	0.06883601204231014	0.04432678091537408	0.04432678091537408	0.04432678091537408	0.062080792980527294	0.062080792980527294	0.10555366397976532	0.07536717740563774	0.09312118947079094
UP000009297	0.015446217805296961	0.03170010973009285	0.03170010973009285	0.03170010973009285	0.04676255759206781	0.030124895723949902	0.03170010973009285	0.030124895723949902	0.030124895723949902	0.03170010973009285	0.030124895723949902	0.04480357364260284	0.06671538159722253	0.06671538159722253	0.06671538159722253	0.0634002194601857	0.0634002194601857	0.09352511518413562	0.0984154913273154	0.09510032919027858
UP000001628	0.015302712011032086	0.03167632526184351	0.03167632526184351	0.03167632526184351	0.04647860731237838	0.029604564101069743	0.03167632526184351	0.029604564101069743	0.029604564101069743	0.03167632526184351	0.029604564101069743	0.0439064161911074	0.0677861412631202	0.0677861412631202	0.0677861412631202	0.06335265052368702	0.06335265052368702	0.09295721462475676	0.09946246652496371	0.09502897578553053
UP000016936	0.014014943085241262	0.03130092173913211	0.03130092173913211	0.03130092173913211	0.0439898370002529	0.025377830522241566	0.03130092173913211	0.025377830522241566	0.025377830522241566	0.03130092173913211	0.025377830522241566	0.03674071795924187	0.07721288081426862	0.07721288081426862	0.07721288081426862	0.06260184347826422	0.06260184347826422	0.0879796740005058	0.10851380255340073	0.09390276521739634
UP000009328	0.019039944701871894	0.027880101026684277	0.027880101026684277	0.027880101026684277	0.05790420706770139	0.06004821208203422	0.027880101026684277	0.06004821208203422	0.06004821208203422	0.027880101026684277	0.06004821208203422	0.10105647946219656	0.025889198239448716	0.025889198239448716	0.025889198239448716	0.055760202053368554	0.055760202053368554	0.11580841413540278	0.053769299266133	0.08364030308005284
UP000008177	0.016823283526755304	0.03168894588033436	0.03168894588033436	0.03168894588033436	0.04961993706420574	0.03586198236774276	0.03168894588033436	0.03586198236774276	0.03586198236774276	0.03168894588033436	0.03586198236774276	0.05490068120873022	0.05600299953914487	0.05600299953914487	0.05600299953914487	0.06337789176066871	0.06337789176066871	0.09923987412841148	0.08769194541947922	0.09506683764100307
UP000030671	0.014509405412036864	0.0314773649510132	0.0314773649510132	0.0314773649510132	0.04493560806880778	0.02691648623558917	0.0314773649510132	0.02691648623558917	0.02691648623558917	0.0314773649510132	0.02691648623558917	0.03932356705914147	0.07362212850421752	0.07362212850421752	0.07362212850421752	0.0629547299020264	0.0629547299020264	0.08987121613761556	0.10509949345523072	0.09443209485303959
UP000018087	0.01392490044124142	0.03126478703720589	0.03126478703720589	0.03126478703720589	0.043818474871330164	0.025107375668248538	0.03126478703720589	0.025107375668248538	0.025107375668248538	0.03126478703720589	0.025107375668248538	0.03628985089525565	0.07786452247321045	0.07786452247321045	0.07786452247321045	0.06252957407441179	0.06252957407441179	0.08763694974266033	0.10912930951041634	0.09379436111161768
UP000002485	0.018431509309149698	0.030666438549447474	0.030666438549447474	0.030666438549447474	0.05376541756687135	0.04619795803484776	0.030666438549447474	0.04619795803484776	0.04619795803484776	0.030666438549447474	0.04619795803484776	0.07396440676054582	0.040713074486870546	0.040713074486870546	0.040713074486870546	0.06133287709889495	0.06133287709889495	0.1075308351337427	0.07137951303631802	0.09199931564834243
UP000006702	0.01409106770876754	0.031330528099529124	0.031330528099529124	0.031330528099529124	0.044134890382193516	0.025608724565328794	0.031330528099529124	0.025608724565328794	0.025608724565328794	0.031330528099529124	0.025608724565328794	0.037126381421890044	0.07666152904189205	0.07666152904189205	0.07666152904189205	0.06266105619905825	0.06266105619905825	0.08826978076438703	0.10799205714142118	0.09399158429858737
UP000001631	0.01524823501223072	0.03166625924294638	0.03166625924294638	0.03166625924294638	0.046371273564685574	0.029410028643478376	0.03166625924294638	0.029410028643478376	0.029410028643478376	0.03166625924294638	0.029410028643478376	0.04357182227472603	0.06819115932169252	0.06819115932169252	0.06819115932169252	0.06333251848589276	0.06333251848589276	0.09274254712937115	0.09985741856463891	0.09499877772883915
UP000054321	0.016536164674144274	0.03173289016086531	0.03173289016086531	0.03173289016086531	0.0489978035050302	0.034529826688329775	0.03173289016086531	0.034529826688329775	0.034529826688329775	0.03173289016086531	0.034529826688329775	0.05252348870251529	0.0583250143159204	0.0583250143159204	0.0583250143159204	0.06346578032173061	0.06346578032173061	0.0979956070100604	0.0900579044767857	0.09519867048259593
UP000008181	0.009970713576381953	0.028602046125922886	0.028602046125922886	0.028602046125922886	0.036255358331631675	0.01530662441141758	0.028602046125922886	0.01530662441141758	0.01530662441141758	0.028602046125922886	0.01530662441141758	0.02064253524645321	0.10689189472490056	0.10689189472490056	0.10689189472490056	0.05720409225184577	0.05720409225184577	0.07251071666326335	0.13549394085082342	0.08580613837776867
UP000000724	0.014661667711832607	0.03152391319755082	0.03152391319755082	0.03152391319755082	0.045228883293929954	0.02740994019275829	0.03152391319755082	0.02740994019275829	0.02740994019275829	0.03152391319755082	0.02740994019275829	0.04015821267368397	0.07251070934837495	0.07251070934837495	0.07251070934837495	0.06304782639510163	0.06304782639510163	0.09045776658785991	0.10403462254592576	0.09457173959265244
UP000030816	0.01497269385508491	0.0316069396550069	0.0316069396550069	0.0316069396550069	0.04583184160856528	0.028449803907116766	0.0316069396550069	0.028449803907116766	0.028449803907116766	0.0316069396550069	0.028449803907116766	0.04192691395914862	0.07022885905412843	0.07022885905412843	0.07022885905412843	0.0632138793100138	0.0632138793100138	0.09166368321713056	0.10183579870913534	0.0948208189650207
UP000269793	0.01415249255577607	0.03135378097835783	0.03135378097835783	0.03135378097835783	0.04425206339158424	0.025796564826452803	0.03135378097835783	0.025796564826452803	0.025796564826452803	0.03135378097835783	0.025796564826452803	0.03744063709712954	0.07621631703696964	0.07621631703696964	0.07621631703696964	0.06270756195671566	0.06270756195671566	0.08850412678316848	0.10757009801532748	0.09406134293507351
UP000009882	0.014079094512920786	0.03132592914925074	0.03132592914925074	0.03132592914925074	0.04411206430092437	0.025572270303347258	0.03132592914925074	0.025572270303347258	0.025572270303347258	0.03132592914925074	0.025572270303347258	0.037065446093773734	0.07674827658422093	0.07674827658422093	0.07674827658422093	0.06265185829850148	0.06265185829850148	0.08822412860184874	0.10807420573347166	0.09397778744775222
UP000001640	0.018931698497772768	0.02949063226820249	0.02949063226820249	0.02949063226820249	0.05592832809757866	0.05287539165875235	0.02949063226820249	0.05287539165875235	0.05287539165875235	0.02949063226820249	0.05287539165875235	0.08681908481973194	0.03289611156702938	0.03289611156702938	0.03289611156702938	0.05898126453640498	0.05898126453640498	0.11185665619515732	0.062386743835231864	0.08847189680460746
UP000054361	0.013667588859791519	0.031154983721583082	0.031154983721583082	0.031154983721583082	0.04332985344361528	0.02434973944406439	0.031154983721583082	0.02434973944406439	0.02434973944406439	0.031154983721583082	0.02434973944406439	0.035031890028337266	0.07972430365604696	0.07972430365604696	0.07972430365604696	0.062309967443166164	0.062309967443166164	0.08665970688723056	0.11087928737763003	0.09346495116474923
UP000218811	0.01056545191294215	0.029132156173438246	0.029132156173438246	0.029132156173438246	0.037421036926110894	0.01657776150534529	0.029132156173438246	0.01657776150534529	0.01657776150534529	0.029132156173438246	0.01657776150534529	0.022590071097748434	0.10238807248372456	0.10238807248372456	0.10238807248372456	0.05826431234687649	0.05826431234687649	0.07484207385222179	0.1315202286571628	0.08739646852031474
UP000000741	0.01762087677580635	0.02280348759221998	0.02280348759221998	0.02280348759221998	0.06156941649899397	0.07753185781354797	0.02280348759221998	0.07753185781354797	0.07753185781354797	0.02280348759221998	0.07753185781354797	0.1374428388512896	0.013413816230717633	0.013413816230717633	0.013413816230717633	0.04560697518443996	0.04560697518443996	0.12313883299798795	0.036217303822937606	0.06841046277665995
UP000001742	0.018766690182784807	0.02610719618627959	0.02610719618627959	0.02610719618627959	0.05947994066301111	0.06674548895346304	0.02610719618627959	0.06674548895346304	0.06674548895346304	0.02610719618627959	0.06674548895346304	0.11472428772414127	0.020423423467138394	0.020423423467138394	0.020423423467138394	0.05221439237255918	0.05221439237255918	0.11895988132602223	0.04653061965341798	0.07832158855883878
UP000184304	0.014266297653666656	0.03139534232819341	0.03139534232819341	0.03139534232819341	0.04446948940128876	0.02614829414619071	0.03139534232819341	0.02614829414619071	0.02614829414619071	0.03139534232819341	0.02614829414619071	0.03803029063871476	0.07539057916311878	0.07539057916311878	0.07539057916311878	0.06279068465638682	0.06279068465638682	0.08893897880257752	0.10678592149131219	0.09418602698458023
UP000000819	0.01643511975447938	0.03174239415997043	0.03174239415997043	0.03174239415997043	0.04878298660946162	0.03408118489898236	0.03174239415997043	0.03408118489898236	0.03408118489898236	0.03174239415997043	0.03408118489898236	0.05172725004348534	0.059128201674526336	0.059128201674526336	0.059128201674526336	0.06348478831994087	0.06348478831994087	0.09756597321892324	0.09087059583449676	0.0952271824799113
UP000006706	0.013948831874187457	0.03127450806893495	0.03127450806893495	0.03127450806893495	0.04386399808646585	0.0251789800350618	0.03127450806893495	0.0251789800350618	0.0251789800350618	0.03127450806893495	0.0251789800350618	0.03640912819593615	0.07769138015851931	0.07769138015851931	0.07769138015851931	0.0625490161378699	0.0625490161378699	0.0877279961729317	0.10896588822745426	0.09382352420680486
UP000011064	0.012994830095599019	0.03082377907924095	0.03082377907924095	0.03082377907924095	0.0420569081999345	0.0224662582413871	0.03082377907924095	0.0224662582413871	0.0224662582413871	0.03082377907924095	0.0224662582413871	0.03193768638717518	0.08458064948043535	0.08458064948043535	0.08458064948043535	0.0616475581584819	0.0616475581584819	0.084113816399869	0.11540442855967631	0.09247133723772287
UP000031176	0.014393065813961338	0.031439276665992145	0.031439276665992145	0.031439276665992145	0.04471224337175873	0.026545933411533173	0.031439276665992145	0.026545933411533173	0.026545933411533173	0.031439276665992145	0.026545933411533173	0.038698801009105006	0.07446926818940672	0.07446926818940672	0.07446926818940672	0.06287855333198429	0.06287855333198429	0.08942448674351745	0.10590854485539886	0.09431782999797644
UP000011185	0.01762873006382098	0.03139591048960292	0.03139591048960292	0.03139591048960292	0.05149697744782357	0.04020213391644132	0.03139591048960292	0.04020213391644132	0.04020213391644132	0.03139591048960292	0.04020213391644132	0.06277553776906167	0.049037356948260856	0.049037356948260856	0.049037356948260856	0.06279182097920584	0.06279182097920584	0.10299395489564714	0.08043326743786379	0.09418773146880875
UP000001743	0.013558090605210196	0.03110537033805518	0.03110537033805518	0.03110537033805518	0.04312231643376758	0.02403389219142481	0.03110537033805518	0.02403389219142481	0.02403389219142481	0.03110537033805518	0.02403389219142481	0.034509693777639426	0.08051497078885778	0.08051497078885778	0.08051497078885778	0.06221074067611036	0.06221074067611036	0.08624463286753516	0.11162034112691296	0.09331611101416554
UP000054383	0.016006130312983743	0.03175219200643782	0.03175219200643782	0.03175219200643782	0.047890504330884154	0.032276624648892666	0.03175219200643782	0.032276624648892666	0.032276624648892666	0.03175219200643782	0.032276624648892666	0.04854711898480159	0.06247256075757496	0.06247256075757496	0.06247256075757496	0.06350438401287564	0.06350438401287564	0.09578100866176831	0.09422475276401278	0.09525657601931348
UP000001744	0.017038492137434497	0.0316377465985856	0.0316377465985856	0.0316377465985856	0.05009963100852563	0.036923768819880055	0.0316377465985856	0.036923768819880055	0.036923768819880055	0.0316377465985856	0.036923768819880055	0.05680904550232561	0.05421694706838251	0.05421694706838251	0.05421694706838251	0.0632754931971712	0.0632754931971712	0.10019926201705126	0.08585469366696812	0.09491323979575682
UP000033540	0.014026524074722041	0.03130548179010084	0.03130548179010084	0.03130548179010084	0.044011893288776	0.025412822997350308	0.03130548179010084	0.025412822997350308	0.025412822997350308	0.03130548179010084	0.025412822997350308	0.03679912191997857	0.07712902971956478	0.07712902971956478	0.07712902971956478	0.06261096358020168	0.06261096358020168	0.088023786577552	0.10843451150966563	0.09391644537030253
UP000006753	0.011937582746683892	0.030180954600177383	0.030180954600177383	0.030180954600177383	0.04005543520077246	0.019748961201190147	0.030180954600177383	0.019748961201190147	0.019748961201190147	0.030180954600177383	0.019748961201190147	0.027560339655696407	0.09224687934705898	0.09224687934705898	0.09224687934705898	0.060361909200354766	0.060361909200354766	0.08011087040154492	0.12242783394723636	0.09054286380053216
UP000219338	0.015498309111409245	0.031707741618598254	0.031707741618598254	0.031707741618598254	0.046866087865815254	0.030316692494433993	0.031707741618598254	0.030316692494433993	0.030316692494433993	0.031707741618598254	0.030316692494433993	0.04513507587745874	0.06632523509854325	0.06632523509854325	0.06632523509854325	0.06341548323719651	0.06341548323719651	0.09373217573163051	0.09803297671714149	0.09512322485579477
UP000184499	0.014231284058560775	0.031382767255750996	0.031382767255750996	0.031382767255750996	0.044402547242867726	0.02603955997423346	0.031382767255750996	0.02603955997423346	0.02603955997423346	0.031382767255750996	0.02603955997423346	0.03784783588990615	0.0756447560253083	0.0756447560253083	0.0756447560253083	0.06276553451150199	0.06276553451150199	0.08880509448573545	0.1070275232810593	0.09414830176725299
