Proteome_ID	M	W	C	D	E	F	H	K	N	Q	Y	I	A	G	P	T	V	L	R	S
UP000000226	0.0178222182866707	0.03210734186668501	0.03210734186668501	0.03210734186668501	0.03210734186668501	0.04005734022164113	0.03210734186668501	0.04005734022164113	0.04005734022164113	0.03210734186668501	0.04005734022164113	0.06229246215661155	0.05147028714538798	0.05147028714538798	0.05147028714538798	0.06421468373337003	0.06421468373337003	0.10427202395501114	0.083577629012073	0.09632202560005505
UP000000267	0.019519493690623134	0.030002642413976165	0.030002642413976165	0.030002642413976165	0.030002642413976165	0.05586455031368801	0.030002642413976165	0.05586455031368801	0.05586455031368801	0.030002642413976165	0.05586455031368801	0.0922096069367529	0.03222646729514131	0.03222646729514131	0.03222646729514131	0.06000528482795233	0.06000528482795233	0.11586983514164034	0.06222910970911748	0.09000792724192849
UP000000304	0.014602999164341738	0.03186833853085839	0.03186833853085839	0.03186833853085839	0.03186833853085839	0.026954194820960273	0.03186833853085839	0.026954194820960273	0.026954194820960273	0.03186833853085839	0.026954194820960273	0.039305390477578805	0.07535680493988596	0.07535680493988596	0.07535680493988596	0.06373667706171678	0.06373667706171678	0.09069087188267706	0.10722514347074434	0.09560501559257518
UP000000305	0.01714633568053363	0.032265633464754764	0.032265633464754764	0.032265633464754764	0.032265633464754764	0.0365914733757752	0.032265633464754764	0.0365914733757752	0.0365914733757752	0.032265633464754764	0.0365914733757752	0.056036611071016776	0.05690238773337435	0.05690238773337435	0.05690238773337435	0.06453126692950953	0.06453126692950953	0.10112274030528473	0.08916802119812911	0.0967969003942643
UP000000311	0.01810375461478785	0.03198664649403775	0.03198664649403775	0.03198664649403775	0.03198664649403775	0.041711655187889524	0.03198664649403775	0.041711655187889524	0.041711655187889524	0.03198664649403775	0.041711655187889524	0.0653195557609912	0.04905801744504234	0.04905801744504234	0.04905801744504234	0.0639732929880755	0.0639732929880755	0.10568494817596503	0.0810446639390801	0.09595993948211325
UP000000314	0.01842601482567466	0.03179390247504343	0.03179390247504343	0.03179390247504343	0.03179390247504343	0.04382404563363217	0.03179390247504343	0.04382404563363217	0.04382404563363217	0.03179390247504343	0.04382404563363217	0.06922207644158967	0.04613231024097	0.04613231024097	0.04613231024097	0.06358780495008685	0.06358780495008685	0.10741185058371903	0.07792621271601342	0.09538170742513029
UP000000437	0.016286509621485604	0.03227464637681843	0.03227464637681843	0.03227464637681843	0.03227464637681843	0.03287696038569172	0.03227464637681843	0.03287696038569172	0.03287696038569172	0.03227464637681843	0.03287696038569172	0.049467411149897826	0.0633667338177658	0.0633667338177658	0.0633667338177658	0.06454929275363686	0.06454929275363686	0.09742625313932858	0.09564138019458421	0.09682393913045528
UP000000539	0.015839708499863842	0.032214892256895604	0.032214892256895604	0.032214892256895604	0.032214892256895604	0.031161452004141766	0.032214892256895604	0.031161452004141766	0.031161452004141766	0.032214892256895604	0.031161452004141766	0.046483195508419686	0.06660788996516949	0.06660788996516949	0.06660788996516949	0.06442978451379121	0.06442978451379121	0.09559123651793298	0.0988227822220651	0.09664467677068682
UP000000542	0.011664078235844533	0.030196461466418155	0.030196461466418155	0.030196461466418155	0.030196461466418155	0.019005320827215823	0.030196461466418155	0.019005320827215823	0.019005320827215823	0.030196461466418155	0.019005320827215823	0.026346563418587113	0.09595484268669974	0.09595484268669974	0.09595484268669974	0.06039292293283631	0.06039292293283631	0.07939824376005213	0.12615130415311787	0.09058938439925444
UP000000559	0.01950714320753446	0.03005787778225138	0.03005787778225138	0.03005787778225138	0.03005787778225138	0.05557369700286275	0.03005787778225138	0.05557369700286275	0.05557369700286275	0.03005787778225138	0.05557369700286275	0.09164025079819105	0.032514519115984686	0.032514519115984686	0.032514519115984686	0.06011575556450276	0.06011575556450276	0.11568945256736551	0.06257239689823606	0.09017363334675413
UP000000560	0.014890002703118816	0.031970205273678304	0.031970205273678304	0.031970205273678304	0.031970205273678304	0.027870655572016453	0.031970205273678304	0.027870655572016453	0.027870655572016453	0.031970205273678304	0.027870655572016453	0.040851308440914086	0.07334553165425801	0.07334553165425801	0.07334553165425801	0.06394041054735661	0.06394041054735661	0.09181106611937305	0.10531573692793632	0.09591061582103488
UP000000561	0.013989138641848442	0.03161111516381383	0.03161111516381383	0.03161111516381383	0.03161111516381383	0.025094362831480446	0.03161111516381383	0.025094362831480446	0.025094362831480446	0.03161111516381383	0.025094362831480446	0.03619958702111245	0.07964040438965388	0.07964040438965388	0.07964040438965388	0.06322223032762767	0.06322223032762767	0.08831659315910811	0.1112515195534677	0.09483334549144151
UP000000589	0.016117007221586724	0.03225659256832253	0.03225659256832253	0.03225659256832253	0.03225659256832253	0.03221146790320604	0.03225659256832253	0.03221146790320604	0.03221146790320604	0.03225659256832253	0.03221146790320604	0.04830592858482536	0.06460356089609932	0.06460356089609932	0.06460356089609932	0.06451318513664506	0.06451318513664506	0.09672465303985109	0.09686015346442184	0.09676977770496757
UP000000591	0.014315136415348711	0.031754225114135164	0.031754225114135164	0.031754225114135164	0.031754225114135164	0.026065929941864966	0.031754225114135164	0.026065929941864966	0.026065929941864966	0.031754225114135164	0.026065929941864966	0.03781672346838122	0.07736772214519567	0.07736772214519567	0.07736772214519567	0.06350845022827033	0.06350845022827033	0.08957438017013532	0.10912194725933085	0.09526267534240551
UP000000598	0.018758563656910476	0.031510269230871475	0.031510269230871475	0.031510269230871475	0.031510269230871475	0.046353594645463875	0.031510269230871475	0.046353594645463875	0.046353594645463875	0.031510269230871475	0.046353594645463875	0.07394862563401727	0.04284013244695229	0.04284013244695229	0.04284013244695229	0.06302053846174295	0.06302053846174295	0.10937413310720683	0.07435040167782377	0.09453080769261442
UP000000599	0.01917968630050902	0.030938216727113388	0.030938216727113388	0.030938216727113388	0.030938216727113388	0.050464239151911894	0.030938216727113388	0.050464239151911894	0.050464239151911894	0.030938216727113388	0.050464239151911894	0.08174879200331477	0.037934714575700676	0.037934714575700676	0.037934714575700676	0.061876433454226776	0.061876433454226776	0.11234067260613867	0.06887293130281406	0.09281465018134015
UP000000600	0.01959533576423875	0.028163731807578973	0.028163731807578973	0.028163731807578973	0.028163731807578973	0.06440852854513272	0.028163731807578973	0.06440852854513272	0.06440852854513272	0.028163731807578973	0.06440852854513272	0.1092217213260267	0.024630147815701848	0.024630147815701848	0.024630147815701848	0.05632746361515795	0.05632746361515795	0.12073599216029067	0.052793879623280825	0.08449119542273692
UP000000673	0.014657859685965453	0.031888744455007056	0.031888744455007056	0.031888744455007056	0.031888744455007056	0.027126914725987144	0.031888744455007056	0.027126914725987144	0.027126914725987144	0.031888744455007056	0.027126914725987144	0.03959596976600884	0.07497292140949427	0.07497292140949427	0.07497292140949427	0.06377748891001411	0.06377748891001411	0.09090440363600125	0.10686166586450133	0.09566623336502118
UP000000715	0.014618670509858161	0.03187421208788668	0.03187421208788668	0.03187421208788668	0.03187421208788668	0.02700341812901767	0.03187421208788668	0.02700341812901767	0.02700341812901767	0.03187421208788668	0.02700341812901767	0.039388165748177176	0.07524716992267234	0.07524716992267234	0.07524716992267234	0.06374842417577337	0.06374842417577337	0.09075184230479104	0.10712138201055903	0.09562263626366006
UP000000724	0.01514763179423981	0.03205108073288273	0.03205108073288273	0.03205108073288273	0.03205108073288273	0.02872182897771035	0.03205108073288273	0.02872182897771035	0.02872182897771035	0.03205108073288273	0.02872182897771035	0.04229602616118089	0.07153247635747595	0.07153247635747595	0.07153247635747595	0.06410216146576546	0.06410216146576546	0.0928239904434758	0.10358355709035869	0.09615324219864821
UP000000741	0.016258427859898276	0.03227206154796746	0.03227206154796746	0.03227206154796746	0.03227206154796746	0.032765391964644716	0.03227206154796746	0.032765391964644716	0.032765391964644716	0.03227206154796746	0.032765391964644716	0.04927235606939116	0.06357231787000191	0.06357231787000191	0.06357231787000191	0.06454412309593492	0.06454412309593492	0.09730951506057965	0.09584437941796936	0.09681618464390239
UP000000759	0.01580273248587748	0.03220824123594014	0.03220824123594014	0.03220824123594014	0.03220824123594014	0.03102483609904666	0.03220824123594014	0.03102483609904666	0.03102483609904666	0.03220824123594014	0.03102483609904666	0.046246939712215836	0.0668735718829078	0.0668735718829078	0.0668735718829078	0.06441648247188028	0.06441648247188028	0.09544131857092693	0.09908181311884794	0.09662472370782041
UP000000768	0.013660266847951916	0.031452322158688546	0.031452322158688546	0.031452322158688546	0.031452322158688546	0.024148256408362538	0.031452322158688546	0.024148256408362538	0.024148256408362538	0.031452322158688546	0.024148256408362538	0.03463624596877316	0.08193126265061139	0.08193126265061139	0.08193126265061139	0.06290464431737709	0.06290464431737709	0.08705290072573962	0.11338358480929993	0.09435696647606563
UP000000803	0.015007819180622871	0.03200845885580574	0.03200845885580574	0.03200845885580574	0.03200845885580574	0.028256416931157158	0.03200845885580574	0.028256416931157158	0.028256416931157158	0.03200845885580574	0.028256416931157158	0.041505014681691446	0.07251743494725195	0.07251743494725195	0.07251743494725195	0.06401691771161148	0.06401691771161148	0.09227333464276864	0.10452589380305768	0.09602537656741722
UP000000819	0.01700840001929873	0.03227973489961711	0.03227973489961711	0.03227973489961711	0.03227973489961711	0.035951450740379504	0.03227973489961711	0.035951450740379504	0.035951450740379504	0.03227973489961711	0.035951450740379504	0.054894501461460264	0.05796602160586746	0.05796602160586746	0.05796602160586746	0.06455946979923421	0.06455946979923421	0.10051092053961372	0.09024575650548458	0.09683920469885134
UP000001038	0.015252493118375468	0.03208102859429292	0.03208102859429292	0.03208102859429292	0.03208102859429292	0.0290765449295987	0.03208102859429292	0.0290765449295987	0.0290765449295987	0.03208102859429292	0.0290765449295987	0.04290059674082193	0.07079193199603061	0.07079193199603061	0.07079193199603061	0.06416205718858584	0.06416205718858584	0.09323860211818454	0.10287296059032355	0.09624308578287875
UP000001055	0.014531159558341868	0.03184096113623949	0.03184096113623949	0.03184096113623949	0.03184096113623949	0.026729716379444157	0.03184096113623949	0.026729716379444157	0.026729716379444157	0.03184096113623949	0.026729716379444157	0.03892827320054645	0.07585915179101474	0.07585915179101474	0.07585915179101474	0.06368192227247899	0.06368192227247899	0.09041163865192314	0.10770011292725425	0.09552288340871846
UP000001056	0.012288104294861078	0.030641541879276497	0.030641541879276497	0.030641541879276497	0.030641541879276497	0.020515310041298508	0.030641541879276497	0.020515310041298508	0.020515310041298508	0.030641541879276497	0.020515310041298508	0.02874251578773594	0.09153203991062159	0.09153203991062159	0.09153203991062159	0.06128308375855299	0.06128308375855299	0.0817983937998515	0.1221735817898981	0.0919246256378295
UP000001064	0.019583316022768058	0.02804574957209967	0.02804574957209967	0.02804574957209967	0.02804574957209967	0.06490198992572528	0.02804574957209967	0.06490198992572528	0.06490198992572528	0.02804574957209967	0.06490198992572528	0.1102206638286825	0.02423851934158209	0.02423851934158209	0.02423851934158209	0.05609149914419934	0.05609149914419934	0.12099348906992463	0.05228426891368175	0.08413724871629902
UP000001067	0.014775329002066644	0.031930962129285485	0.031930962129285485	0.031930962129285485	0.031930962129285485	0.02750061553042823	0.031930962129285485	0.02750061553042823	0.02750061553042823	0.031930962129285485	0.02750061553042823	0.040225902058789814	0.07415007430460864	0.07415007430460864	0.07415007430460864	0.06386192425857097	0.06386192425857097	0.0913625397889992	0.10608103643389413	0.09579288638785646
UP000001070	0.015695811940721588	0.032187617256213295	0.032187617256213295	0.032187617256213295	0.032187617256213295	0.030634049918044765	0.032187617256213295	0.030634049918044765	0.030634049918044765	0.032187617256213295	0.030634049918044765	0.045572287895367936	0.06763994361856847	0.06763994361856847	0.06763994361856847	0.06437523451242659	0.06437523451242659	0.09500928443047135	0.09982756087478176	0.09656285176863988
UP000001072	0.018072379232805833	0.032002070506524365	0.032002070506524365	0.032002070506524365	0.032002070506524365	0.04151948116180378	0.032002070506524365	0.04151948116180378	0.04151948116180378	0.032002070506524365	0.04151948116180378	0.06496658309080175	0.04933262594074591	0.04933262594074591	0.04933262594074591	0.06400414101304873	0.06400414101304873	0.1055236221748525	0.08133469644727029	0.09600621151957309
UP000001073	0.0153821370748468	0.03211560394921412	0.03211560394921412	0.03211560394921412	0.03211560394921412	0.029522072496825667	0.03211560394921412	0.029522072496825667	0.029522072496825667	0.03211560394921412	0.029522072496825667	0.043662007918804535	0.06987395733369865	0.06987395733369865	0.06987395733369865	0.06423120789842823	0.06423120789842823	0.0937532803952539	0.10198956128291278	0.09634681184764235
UP000001074	0.01481820715326164	0.03194586540751101	0.03194586540751101	0.03194586540751101	0.03194586540751101	0.02763836388323941	0.03194586540751101	0.02763836388323941	0.02763836388323941	0.03194586540751101	0.02763836388323941	0.040458520613217176	0.073849401574287	0.073849401574287	0.073849401574287	0.06389173081502202	0.06389173081502202	0.09153009469826143	0.10579526698179802	0.09583759622253303
UP000001075	0.015765294122671705	0.03220125357597621	0.03220125357597621	0.03220125357597621	0.03220125357597621	0.030887289250517813	0.03220125357597621	0.030887289250517813	0.030887289250517813	0.03220125357597621	0.030887289250517813	0.04600928437836392	0.06714222950768897	0.06714222950768897	0.06714222950768897	0.06440250715195242	0.06440250715195242	0.09528979640247023	0.09934348308366518	0.09660376072792863
UP000001194	0.015992002932438174	0.03223961151943669	0.03223961151943669	0.03223961151943669	0.03223961151943669	0.03173242137135601	0.03223961151943669	0.03173242137135601	0.03173242137135601	0.03223961151943669	0.03173242137135601	0.04747283981027385	0.06550981652238022	0.06550981652238022	0.06550981652238022	0.06447922303887338	0.06447922303887338	0.09621164441022938	0.0977494280418169	0.09671883455831005
UP000001197	0.013942123680740727	0.0315892905462994	0.0315892905462994	0.0315892905462994	0.0315892905462994	0.024957082297607503	0.0315892905462994	0.024957082297607503	0.024957082297607503	0.0315892905462994	0.024957082297607503	0.03597204091447428	0.07996794379398926	0.07996794379398926	0.07996794379398926	0.0631785810925988	0.0631785810925988	0.0881356633902063	0.11155723434028866	0.0947678716388982
UP000001261	0.015808116129863426	0.03220922514373459	0.03220922514373459	0.03220922514373459	0.03220922514373459	0.031044679423473588	0.03220922514373459	0.031044679423473588	0.031044679423473588	0.03220922514373459	0.031044679423473588	0.04628124271708376	0.06683491043398287	0.06683491043398287	0.06683491043398287	0.06441845028746918	0.06441845028746918	0.09546312971094277	0.09904413557771746	0.09662767543120375
UP000001292	0.014625733615592613	0.03187684770948889	0.03187684770948889	0.03187684770948889	0.03187684770948889	0.0270256332759839	0.03187684770948889	0.0270256332759839	0.0270256332759839	0.03187684770948889	0.0270256332759839	0.039425532936375185	0.07519775092907262	0.07519775092907262	0.07519775092907262	0.06375369541897778	0.06375369541897778	0.09077932869496168	0.1070745986385615	0.09563054312846667
UP000001294	0.01612300332611346	0.032257330122830795	0.032257330122830795	0.032257330122830795	0.032257330122830795	0.03223469112871548	0.032257330122830795	0.03223469112871548	0.03223469112871548	0.032257330122830795	0.03223469112871548	0.048346378931317505	0.06455997003342474	0.06455997003342474	0.06455997003342474	0.06451466024566159	0.06451466024566159	0.09674935137437707	0.09681730015625553	0.09677199036849238
UP000001300	0.014778418802877414	0.03193204517891654	0.03193204517891654	0.03193204517891654	0.03193204517891654	0.02751051739972647	0.03193204517891654	0.02751051739972647	0.02751051739972647	0.03193204517891654	0.02751051739972647	0.040242615996575526	0.07412841383481253	0.07412841383481253	0.07412841383481253	0.06386409035783308	0.06386409035783308	0.09137460775755955	0.10606045901372908	0.09579613553674962
UP000001307	0.01762034678922542	0.032171999502283354	0.032171999502283354	0.032171999502283354	0.032171999502283354	0.0389565226240129	0.032171999502283354	0.0389565226240129	0.0389565226240129	0.032171999502283354	0.0389565226240129	0.060292698458800385	0.05313808739884399	0.05313808739884399	0.05313808739884399	0.06434399900456671	0.06434399900456671	0.10330052162857963	0.08531008690112735	0.09651599850685008
UP000001312	0.01755600492780744	0.032189237045857626	0.032189237045857626	0.032189237045857626	0.032189237045857626	0.03861856352995085	0.032189237045857626	0.03861856352995085	0.03861856352995085	0.032189237045857626	0.03861856352995085	0.05968112213209426	0.053660565639155534	0.053660565639155534	0.053660565639155534	0.06437847409171525	0.06437847409171525	0.1029970376216661	0.08584980268501315	0.09656771113757286
UP000001357	0.013436041217959974	0.03133597812675357	0.03133597812675357	0.03133597812675357	0.03133597812675357	0.023521395402757838	0.03133597812675357	0.023521395402757838	0.023521395402757838	0.03133597812675357	0.023521395402757838	0.033606749587555704	0.0834936455381595	0.0834936455381595	0.0834936455381595	0.06267195625350715	0.06267195625350715	0.08619335165626499	0.11482962366491307	0.09400793438026071
UP000001396	0.01928030763016571	0.030737311722204425	0.030737311722204425	0.030737311722204425	0.030737311722204425	0.05172598534203242	0.030737311722204425	0.05172598534203242	0.05172598534203242	0.030737311722204425	0.05172598534203242	0.08417166305389913	0.036530278762625615	0.036530278762625615	0.036530278762625615	0.06147462344440885	0.06147462344440885	0.11320060878644127	0.06726759048483004	0.09221193516661327
UP000001449	0.016798198643834094	0.03229127239041946	0.03229127239041946	0.03229127239041946	0.03229127239041946	0.035011464926123705	0.03229127239041946	0.035011464926123705	0.035011464926123705	0.03229127239041946	0.035011464926123705	0.053224731208413305	0.059564846817605696	0.059564846817605696	0.059564846817605696	0.06458254478083893	0.06458254478083893	0.09959400970696262	0.09185611920802517	0.09687381717125838
UP000001450	0.01888537441160014	0.025146012312658613	0.025146012312658613	0.025146012312658613	0.025146012312658613	0.07585358952048253	0.025146012312658613	0.07585358952048253	0.07585358952048253	0.025146012312658613	0.07585358952048253	0.1328218046293649	0.016672169088521104	0.016672169088521104	0.016672169088521104	0.050292024625317226	0.050292024625317226	0.12614561414579975	0.041818181401179724	0.07543803693797585
UP000001460	0.019594082690215026	0.028150646619603804	0.028150646619603804	0.028150646619603804	0.028150646619603804	0.0644635045328225	0.028150646619603804	0.0644635045328225	0.0644635045328225	0.028150646619603804	0.0644635045328225	0.10933292637542996	0.024586280589145432	0.024586280589145432	0.024586280589145432	0.05630129323920761	0.05630129323920761	0.1207647977720301	0.052736927208749236	0.0844519398588114
UP000001471	0.014770123982005537	0.031929134449870895	0.031929134449870895	0.031929134449870895	0.031929134449870895	0.027483943514452887	0.031929134449870895	0.027483943514452887	0.027483943514452887	0.031929134449870895	0.027483943514452887	0.04019776304690023	0.0741865610502239	0.0741865610502239	0.0741865610502239	0.06385826889974179	0.06385826889974179	0.09134221241419466	0.1061156955000948	0.09578740334961267
UP000001514	0.01505831667520679	0.03202420374668896	0.03202420374668896	0.03202420374668896	0.03202420374668896	0.02842354185532473	0.03202420374668896	0.02842354185532473	0.02842354185532473	0.03202420374668896	0.02842354185532473	0.04178876703544267	0.07216198676642584	0.07216198676642584	0.07216198676642584	0.06404840749337792	0.06404840749337792	0.09247194934870266	0.10418619051311483	0.0960726112400669
UP000001519	0.01534474491243784	0.032105913321442914	0.032105913321442914	0.032105913321442914	0.032105913321442914	0.029392762967150755	0.032105913321442914	0.029392762967150755	0.029392762967150755	0.032105913321442914	0.029392762967150755	0.04344078102186367	0.07013901152171453	0.07013901152171453	0.07013901152171453	0.06421182664288583	0.06421182664288583	0.09360458961003656	0.10224492484315743	0.09631773996432873
UP000001529	0.013877501938262623	0.0315588124952554	0.0315588124952554	0.0315588124952554	0.0315588124952554	0.02476951468956388	0.0315588124952554	0.02476951468956388	0.02476951468956388	0.0315588124952554	0.02476951468956388	0.03566152744086514	0.08041809931224164	0.08041809931224164	0.08041809931224164	0.0631176249905108	0.0631176249905108	0.08788713968007467	0.11197691180749705	0.0946764374857662
UP000001542	0.019458365621760863	0.030248087325365238	0.030248087325365238	0.030248087325365238	0.030248087325365238	0.05454990950686793	0.030248087325365238	0.05454990950686793	0.05454990950686793	0.030248087325365238	0.05454990950686793	0.08964145339197499	0.033545309061520166	0.033545309061520166	0.033545309061520166	0.060496174650730476	0.060496174650730476	0.1150460841575984	0.06379339638688541	0.09074426197609571
UP000001548	0.016182565265046567	0.03226426676984106	0.03226426676984106	0.03226426676984106	0.03226426676984106	0.03246662690363735	0.03226426676984106	0.03246662690363735	0.03246662690363735	0.03226426676984106	0.03246662690363735	0.04875068854222813	0.0641263358392704	0.0641263358392704	0.0641263358392704	0.06452853353968212	0.06452853353968212	0.09699516044331946	0.09639060260911143	0.09679280030952318
UP000001554	0.015024799001998457	0.032013797021144944	0.032013797021144944	0.032013797021144944	0.032013797021144944	0.028312491707362324	0.032013797021144944	0.028312491707362324	0.028312491707362324	0.032013797021144944	0.028312491707362324	0.041600184412726185	0.07239795142753615	0.07239795142753615	0.07239795142753615	0.06402759404228989	0.06402759404228989	0.09234008574965222	0.10441174844868109	0.09604139106343482
UP000001555	0.013523682107893035	0.03138222216967071	0.03138222216967071	0.03138222216967071	0.03138222216967071	0.023764719567992164	0.03138222216967071	0.023764719567992164	0.023764719567992164	0.03138222216967071	0.023764719567992164	0.0340057570280913	0.08288285207733083	0.08288285207733083	0.08288285207733083	0.06276444433934142	0.06276444433934142	0.08652916390733359	0.11426507424700154	0.09414666650901213
UP000001568	0.012186528079608077	0.03057230630733699	0.03057230630733699	0.03057230630733699	0.03057230630733699	0.02026404673536426	0.03057230630733699	0.02026404673536426	0.02026404673536426	0.03057230630733699	0.02026404673536426	0.02834156539112044	0.09224869298376456	0.09224869298376456	0.09224869298376456	0.06114461261467398	0.06114461261467398	0.08140865935003823	0.12282099929110157	0.09171691892201098
UP000001593	0.017079614470934586	0.032273128429431634	0.032273128429431634	0.032273128429431634	0.032273128429431634	0.036279467202344116	0.032273128429431634	0.036279467202344116	0.036279467202344116	0.032273128429431634	0.036279467202344116	0.055479319933753636	0.05741841867817126	0.05741841867817126	0.05741841867817126	0.06454625685886327	0.06454625685886327	0.10082572406120739	0.0896915471076029	0.0968193852882949
UP000001595	0.015393218394422531	0.032118431523547375	0.032118431523547375	0.032118431523547375	0.032118431523547375	0.02956052201614845	0.032118431523547375	0.02956052201614845	0.02956052201614845	0.032118431523547375	0.02956052201614845	0.04372782563787436	0.06979536037755071	0.06979536037755071	0.06979536037755071	0.06423686304709475	0.06423686304709475	0.09379738506324319	0.10191379190109809	0.0963552945706421
UP000001610	0.012542838964879458	0.030809655955437675	0.030809655955437675	0.030809655955437675	0.030809655955437675	0.021155330642012683	0.030809655955437675	0.021155330642012683	0.021155330642012683	0.030809655955437675	0.021155330642012683	0.02976782231914591	0.0897395475547271	0.0897395475547271	0.0897395475547271	0.06161931191087535	0.06161931191087535	0.08277464255288802	0.12054920351016475	0.09242896786631302
UP000001611	0.012258869386065725	0.030621743309060638	0.030621743309060638	0.030621743309060638	0.030621743309060638	0.020442766920559574	0.030621743309060638	0.020442766920559574	0.020442766920559574	0.030621743309060638	0.020442766920559574	0.02862666445505342	0.09173818465277818	0.09173818465277818	0.09173818465277818	0.061243486618121276	0.061243486618121276	0.08168625353868085	0.12235992796183882	0.09186522992718192
UP000001628	0.015813654077197252	0.032210231741169736	0.032210231741169736	0.032210231741169736	0.032210231741169736	0.031065108398834702	0.032210231741169736	0.031065108398834702	0.031065108398834702	0.032210231741169736	0.031065108398834702	0.04631656272047216	0.06679513333736033	0.06679513333736033	0.06679513333736033	0.06442046348233947	0.06442046348233947	0.09548557188117417	0.09900536507853006	0.09663069522350921
UP000001631	0.01567520118512048	0.032183407067399375	0.032183407067399375	0.032183407067399375	0.032183407067399375	0.030559431121807153	0.032183407067399375	0.030559431121807153	0.030559431121807153	0.032183407067399375	0.030559431121807153	0.045443661058493824	0.06778736726723997	0.06778736726723997	0.06778736726723997	0.06436681413479875	0.06436681413479875	0.09492624525660591	0.09997077433463934	0.09655022120219814
UP000001640	0.019142268179910035	0.031004243930247782	0.031004243930247782	0.031004243930247782	0.031004243930247782	0.05003311122190183	0.031004243930247782	0.05003311122190183	0.05003311122190183	0.031004243930247782	0.05003311122190183	0.08092395426389362	0.038425079640680704	0.038425079640680704	0.038425079640680704	0.062008487860495565	0.062008487860495565	0.11204159908239739	0.06942932357092849	0.09301273179074336
UP000001645	0.01611720257637059	0.03225661671045583	0.03225661671045583	0.03225661671045583	0.03225661671045583	0.032212224163254845	0.03225661671045583	0.032212224163254845	0.032212224163254845	0.03225661671045583	0.032212224163254845	0.0483072457501391	0.0646021408724807	0.0646021408724807	0.0646021408724807	0.06451323342091166	0.06451323342091166	0.09672545758416652	0.09685875758293655	0.0967698501313675
UP000001646	0.016603597752353674	0.032292035279929666	0.032292035279929666	0.032292035279929666	0.032292035279929666	0.03417574015578898	0.032292035279929666	0.03417574015578898	0.03417574015578898	0.032292035279929666	0.03417574015578898	0.0517478825592243	0.0610243136076506	0.0610243136076506	0.0610243136076506	0.06458407055985933	0.06458407055985933	0.09875981071564832	0.09331634888758028	0.096876105839789
UP000001742	0.019558128767292782	0.02980160786059056	0.02980160786059056	0.02980160786059056	0.02980160786059056	0.056900949247913016	0.02980160786059056	0.056900949247913016	0.056900949247913016	0.02980160786059056	0.056900949247913016	0.09424376972853324	0.031216907373789998	0.031216907373789998	0.031216907373789998	0.05960321572118112	0.05960321572118112	0.11650416496909413	0.06101851523438056	0.08940482358177168
UP000001743	0.013603776067656673	0.03142362136857469	0.03142362136857469	0.03142362136857469	0.03142362136857469	0.023988979764650305	0.03142362136857469	0.023988979764650305	0.023988979764650305	0.03142362136857469	0.023988979764650305	0.03437418346164394	0.08232479993756318	0.08232479993756318	0.08232479993756318	0.06284724273714938	0.06284724273714938	0.0868362225017997	0.1137484213061379	0.0942708641057241
UP000001744	0.017394963415288203	0.032225853365091546	0.032225853365091546	0.032225853365091546	0.032225853365091546	0.037797296197969746	0.032225853365091546	0.037797296197969746	0.037797296197969746	0.032225853365091546	0.037797296197969746	0.058199628980651286	0.054951318193186785	0.054951318193186785	0.054951318193186785	0.06445170673018309	0.06445170673018309	0.10224900292815284	0.08717717155827834	0.09667756009527465
UP000001745	0.016504991984910393	0.032289015131217645	0.032289015131217645	0.032289015131217645	0.032289015131217645	0.03376388459402882	0.032289015131217645	0.03376388459402882	0.03376388459402882	0.032289015131217645	0.03376388459402882	0.05102277720314724	0.061757141435578984	0.061757141435578984	0.061757141435578984	0.06457803026243529	0.06457803026243529	0.09834191485646411	0.09404615656679664	0.09686704539365293
UP000001798	0.017251026087227565	0.032251227107350317	0.032251227107350317	0.032251227107350317	0.032251227107350317	0.03709062028086394	0.032251227107350317	0.03709062028086394	0.03709062028086394	0.032251227107350317	0.03709062028086394	0.056930214474500314	0.056086506079086815	0.056086506079086815	0.056086506079086815	0.06450245421470063	0.06450245421470063	0.10159307449556457	0.08833773318643712	0.09675368132205096
UP000001805	0.0138480205023795	0.03154472409241102	0.03154472409241102	0.03154472409241102	0.03154472409241102	0.024684370382949627	0.03154472409241102	0.024684370382949627	0.024684370382949627	0.03154472409241102	0.024684370382949627	0.035520720263519746	0.08062345546019407	0.08062345546019407	0.08062345546019407	0.06308944818482204	0.06308944818482204	0.08777381856777167	0.11216817955260511	0.09463417227723307
UP000001811	0.014814935343491117	0.03194473784589039	0.03194473784589039	0.03194473784589039	0.03194473784589039	0.027627827331071275	0.03194473784589039	0.027627827331071275	0.027627827331071275	0.03194473784589039	0.027627827331071275	0.04044071931865143	0.07387235078706374	0.07387235078706374	0.07387235078706374	0.06388947569178079	0.06388947569178079	0.09151730302285205	0.10581708863295412	0.09583421353767117
UP000001819	0.014520715403845098	0.03183691943544014	0.03183691943544014	0.03183691943544014	0.03183691943544014	0.026697239511250307	0.03183691943544014	0.026697239511250307	0.026697239511250307	0.03183691943544014	0.026697239511250307	0.038873763618655514	0.07593215311355139	0.07593215311355139	0.07593215311355139	0.06367383887088028	0.06367383887088028	0.0903710783821306	0.10776907254899153	0.09551075830632041
UP000001861	0.014739023879261987	0.031918130656335725	0.031918130656335725	0.031918130656335725	0.031918130656335725	0.027384548919211656	0.031918130656335725	0.027384548919211656	0.027384548919211656	0.031918130656335725	0.027384548919211656	0.040030073959161326	0.07440451676603672	0.07440451676603672	0.07440451676603672	0.06383626131267145	0.06383626131267145	0.0912208102318831	0.10632264742237245	0.09575439196900716
UP000001876	0.009329368635523456	0.02810624363476776	0.02810624363476776	0.02810624363476776	0.02810624363476776	0.013964704341863922	0.02810624363476776	0.013964704341863922	0.013964704341863922	0.02810624363476776	0.013964704341863922	0.01860004004820439	0.11313679286266712	0.11313679286266712	0.11313679286266712	0.05621248726953552	0.05621248726953552	0.07017719161139944	0.1412430364974349	0.0843187309043033
UP000001881	0.013706351456719133	0.03147542915831874	0.03147542915831874	0.03147542915831874	0.03147542915831874	0.024278879384727173	0.03147542915831874	0.024278879384727173	0.024278879384727173	0.03147542915831874	0.024278879384727173	0.034851407312735214	0.08161024444345247	0.08161024444345247	0.08161024444345247	0.06295085831663748	0.06295085831663748	0.08722973770136466	0.1130856736017712	0.09442628747495624
UP000001926	0.019461958174917554	0.027243406473424166	0.027243406473424166	0.027243406473424166	0.027243406473424166	0.06813770611697252	0.027243406473424166	0.06813770611697252	0.06813770611697252	0.027243406473424166	0.06813770611697252	0.11681345405902747	0.02178538840160142	0.02178538840160142	0.02178538840160142	0.05448681294684833	0.05448681294684833	0.12262451906382084	0.04902879487502559	0.0817302194202725
UP000001940	0.01826386151601264	0.03189919520913638	0.03189919520913638	0.03189919520913638	0.03189919520913638	0.04272740930907511	0.03189919520913638	0.04272740930907511	0.04272740930907511	0.03189919520913638	0.04272740930907511	0.06719095710213756	0.047630252872573046	0.047630252872573046	0.047630252872573046	0.06379839041827276	0.06379839041827276	0.10652579972734785	0.07952944808170942	0.09569758562740913
UP000001949	0.01918454946139268	0.030929326577143652	0.030929326577143652	0.030929326577143652	0.030929326577143652	0.0505216224777067	0.030929326577143652	0.0505216224777067	0.0505216224777067	0.030929326577143652	0.0505216224777067	0.08185869549402072	0.03786985435543867	0.03786985435543867	0.03786985435543867	0.061858653154287305	0.061858653154287305	0.112380275631994	0.06879918093258232	0.09278797973143095
UP000001950	0.019439648868466188	0.03031202728127894	0.03031202728127894	0.03031202728127894	0.03031202728127894	0.05419744829199581	0.03031202728127894	0.05419744829199581	0.05419744829199581	0.03031202728127894	0.05419744829199581	0.08895524771552543	0.03390635636389159	0.03390635636389159	0.03390635636389159	0.06062405456255788	0.06062405456255788	0.11482150285455368	0.06421838364517052	0.09093608184383682
UP000001996	0.018747653215083853	0.03152135311406245	0.03152135311406245	0.03152135311406245	0.03152135311406245	0.046263134544119004	0.03152135311406245	0.046263134544119004	0.046263134544119004	0.03152135311406245	0.046263134544119004	0.07377861587315417	0.042954102091541956	0.042954102091541956	0.042954102091541956	0.0630427062281249	0.0630427062281249	0.10930584077224392	0.07447545520560442	0.09456405934218737
UP000001997	0.017749286385347406	0.032132632160544544	0.032132632160544544	0.032132632160544544	0.032132632160544544	0.03965219910905692	0.032132632160544544	0.03965219910905692	0.03965219910905692	0.032132632160544544	0.03965219910905692	0.06155511183276643	0.052078122916972225	0.052078122916972225	0.052078122916972225	0.06426526432108909	0.06426526432108909	0.103917463430146	0.08421075507751677	0.09639789648163362
UP000002009	0.010188885963737732	0.028955669857089215	0.028955669857089215	0.028955669857089215	0.028955669857089215	0.015720648772538967	0.028955669857089215	0.015720648772538967	0.015720648772538967	0.028955669857089215	0.015720648772538967	0.0212524115813402	0.10666618521969996	0.10666618521969996	0.10666618521969996	0.05791133971417843	0.05791133971417843	0.0736319884867174	0.13562185507678917	0.08686700957126764
UP000002035	0.015753793415945107	0.03219905619366502	0.03219905619366502	0.03219905619366502	0.03219905619366502	0.03084519148886086	0.03219905619366502	0.03084519148886086	0.03084519148886086	0.03219905619366502	0.03084519148886086	0.04593658956177661	0.06722469011983345	0.06722469011983345	0.06722469011983345	0.06439811238733004	0.06439811238733004	0.09524330387619089	0.09942374631349847	0.09659716858099505
UP000002036	0.016396614624462555	0.03228317879349885	0.03228317879349885	0.03228317879349885	0.03228317879349885	0.033319655269534156	0.03228317879349885	0.033319655269534156	0.033319655269534156	0.03228317879349885	0.033319655269534156	0.05024269591460575	0.06255788810431982	0.06255788810431982	0.06255788810431982	0.0645663575869977	0.0645663575869977	0.09788601285653184	0.09484106689781868	0.09684953638049655
UP000002037	0.01957406969443984	0.02970038277743633	0.02970038277743633	0.02970038277743633	0.02970038277743633	0.057410565688835	0.02970038277743633	0.057410565688835	0.057410565688835	0.02970038277743633	0.057410565688835	0.09524706168323015	0.03072997893479342	0.03072997893479342	0.03072997893479342	0.05940076555487266	0.05940076555487266	0.11681133124370766	0.06043036171222975	0.08910114833230899
UP000002038	0.015840468480746075	0.03221502633169886	0.03221502633169886	0.03221502633169886	0.03221502633169886	0.031164267997867673	0.03221502633169886	0.031164267997867673	0.031164267997867673	0.03221502633169886	0.031164267997867673	0.046488067514989274	0.06660242567693615	0.06660242567693615	0.06660242567693615	0.06443005266339771	0.06443005266339771	0.09559432066126539	0.09881745200863501	0.09664507899509658
UP000002051	0.01871379719678747	0.03155486832680512	0.03155486832680512	0.03155486832680512	0.03155486832680512	0.045986148698979434	0.03155486832680512	0.045986148698979434	0.045986148698979434	0.03155486832680512	0.045986148698979434	0.07325850020117139	0.0433047664695655	0.0433047664695655	0.0433047664695655	0.06310973665361023	0.06310973665361023	0.10909588535258967	0.07485963479637063	0.09466460498041535
UP000002058	0.015513052156904673	0.03214770026356907	0.03214770026356907	0.03214770026356907	0.03214770026356907	0.0299801322946823	0.03214770026356907	0.0299801322946823	0.0299801322946823	0.03214770026356907	0.0299801322946823	0.04444721243245993	0.0689439674300297	0.0689439674300297	0.0689439674300297	0.06429540052713814	0.06429540052713814	0.09427553282182044	0.10109166769359877	0.09644310079070721
UP000002059	0.01588711265181176	0.032223051297672646	0.032223051297672646	0.032223051297672646	0.032223051297672646	0.03133773069605307	0.032223051297672646	0.03133773069605307	0.03133773069605307	0.032223051297672646	0.03133773069605307	0.046788348740294375	0.06626676609121657	0.06626676609121657	0.06626676609121657	0.06444610259534529	0.06444610259534529	0.09578383329139836	0.0984898173888892	0.09666915389301793
UP000002149	0.015708568432580314	0.03219018534933177	0.03219018534933177	0.03219018534933177	0.03219018534933177	0.03068034719964167	0.03219018534933177	0.03068034719964167	0.03068034719964167	0.03219018534933177	0.03068034719964167	0.04565212596670303	0.06754865100329997	0.06754865100329997	0.06754865100329997	0.06438037069866354	0.06438037069866354	0.0950607178983052	0.09973883635263177	0.0965705560479953
UP000002173	0.018026657313760824	0.032023610993200745	0.032023610993200745	0.032023610993200745	0.032023610993200745	0.04124316437308616	0.032023610993200745	0.04124316437308616	0.04124316437308616	0.032023610993200745	0.04124316437308616	0.06445967143241149	0.049730018374296255	0.049730018374296255	0.049730018374296255	0.06404722198640149	0.06404722198640149	0.10529038635948765	0.08175362936749699	0.09607083297960221
UP000002195	0.01936568077745382	0.026787737184366323	0.026787737184366323	0.026787737184366323	0.026787737184366323	0.06989474865478253	0.026787737184366323	0.06989474865478253	0.06989474865478253	0.026787737184366323	0.06989474865478253	0.12042381653211125	0.020533241116665258	0.020533241116665258	0.020533241116665258	0.053575474368732647	0.053575474368732647	0.12347022302351518	0.047320978301031574	0.08036321155309897
UP000002226	0.013794211191233577	0.03151871442237962	0.03151871442237962	0.03151871442237962	0.03151871442237962	0.024529646757855676	0.03151871442237962	0.024529646757855676	0.024529646757855676	0.03151871442237962	0.024529646757855676	0.03526508232447778	0.08099826048423409	0.08099826048423409	0.08099826048423409	0.06303742884475924	0.06303742884475924	0.08756707560261494	0.1125169749066137	0.09455614326713888
