	M	W	C	D	E	F	H	K	N	Q	Y	I	A	G	P	T	V	L	R	S
Start	34250.0	1230.0	1563.0	6565.0	7208.0	5783.0	2283.0	10805.0	8398.0	4289.0	4647.0	9640.0	8369.0	4624.0	4708.0	9540.0	6722.0	10746.0	6564.0	11635.0
M	10852.0	4699.0	7255.0	24981.0	25298.0	18047.0	8593.0	27094.0	23654.0	14765.0	16025.0	27416.0	26716.0	23534.0	17518.0	24395.0	26430.0	36254.0	21845.0	29460.0
W	4699.0	3506.0	3890.0	13357.0	13559.0	8784.0	4794.0	13308.0	11326.0	7803.0	8147.0	12120.0	14020.0	14554.0	10448.0	12849.0	13090.0	17492.0	11840.0	15096.0
C	7255.0	3890.0	9868.0	18153.0	17968.0	13869.0	8071.0	19890.0	17270.0	9974.0	13015.0	20480.0	19497.0	18346.0	13655.0	19146.0	20902.0	27886.0	17064.0	22882.0
D	24981.0	13357.0	18153.0	65710.0	65649.0	46614.0	21923.0	63798.0	55164.0	34199.0	46554.0	75050.0	65553.0	57652.0	43677.0	61677.0	73527.0	96588.0	53036.0	70509.0
E	25298.0	13559.0	17968.0	65649.0	76582.0	47640.0	22178.0	69607.0	55172.0	37608.0	45009.0	73409.0	70040.0	56855.0	45046.0	61779.0	71905.0	101440.0	56666.0	71219.0
F	18047.0	8784.0	13869.0	46614.0	47640.0	35544.0	16085.0	50825.0	46710.0	24812.0	31613.0	51119.0	44864.0	46021.0	33265.0	45068.0	47545.0	65790.0	38037.0	55258.0
H	8593.0	4794.0	8071.0	21923.0	22178.0	16085.0	9878.0	22815.0	19888.0	13022.0	15979.0	24096.0	24335.0	21930.0	17722.0	22811.0	25596.0	33859.0	21701.0	26639.0
K	27094.0	13308.0	19890.0	63798.0	69607.0	50825.0	22815.0	88578.0	65947.0	37959.0	49519.0	84205.0	65557.0	55833.0	43671.0	65742.0	71565.0	104337.0	54303.0	76958.0
N	23654.0	11326.0	17270.0	55164.0	55172.0	46710.0	19888.0	65947.0	64558.0	33427.0	46127.0	78990.0	54717.0	48913.0	36750.0	61134.0	64926.0	89918.0	45671.0	69258.0
Q	14765.0	7803.0	9974.0	34199.0	37608.0	24812.0	13022.0	37959.0	33427.0	26810.0	23741.0	39986.0	42839.0	33849.0	28253.0	37615.0	39751.0	56769.0	33059.0	42130.0
Y	16025.0	8147.0	13015.0	46554.0	45009.0	31613.0	15979.0	49519.0	46127.0	23741.0	33356.0	49766.0	40970.0	41903.0	29595.0	42032.0	44227.0	60953.0	35409.0	50189.0
I	27416.0	12120.0	20480.0	75050.0	73409.0	51119.0	24096.0	84205.0	78990.0	39986.0	49766.0	86022.0	66457.0	67103.0	47477.0	70327.0	69383.0	100721.0	55271.0	85853.0
A	26716.0	14020.0	19497.0	65553.0	70040.0	44864.0	24335.0	65557.0	54717.0	42839.0	40970.0	66457.0	101144.0	74617.0	56319.0	72086.0	80148.0	106361.0	68244.0	82826.0
G	23534.0	14554.0	18346.0	57652.0	56855.0	46021.0	21930.0	55833.0	48913.0	33849.0	41903.0	67103.0	74617.0	74602.0	48074.0	64602.0	75895.0	91790.0	55359.0	72162.0
P	17518.0	10448.0	13655.0	43677.0	45046.0	33265.0	17722.0	43671.0	36750.0	28253.0	29595.0	47477.0	56319.0	48074.0	53780.0	50925.0	54935.0	68928.0	45162.0	58527.0
T	24395.0	12849.0	19146.0	61677.0	61779.0	45068.0	22811.0	65742.0	61134.0	37615.0	42032.0	70327.0	72086.0	64602.0	50925.0	76362.0	73759.0	95055.0	54740.0	82336.0
V	26430.0	13090.0	20902.0	73527.0	71905.0	47545.0	25596.0	71565.0	64926.0	39751.0	44227.0	69383.0	80148.0	75895.0	54935.0	73759.0	79252.0	99987.0	62215.0	84565.0
L	36254.0	17492.0	27886.0	96588.0	101440.0	65790.0	33859.0	104337.0	89918.0	56769.0	60953.0	100721.0	106361.0	91790.0	68928.0	95055.0	99987.0	139726.0	84906.0	113902.0
R	21845.0	11840.0	17064.0	53036.0	56666.0	38037.0	21701.0	54303.0	45671.0	33059.0	35409.0	55271.0	68244.0	55359.0	45162.0	54740.0	62215.0	84906.0	63838.0	67116.0
S	29460.0	15096.0	22882.0	70509.0	71219.0	55258.0	26639.0	76958.0	69258.0	42130.0	50189.0	85853.0	82826.0	72162.0	58527.0	82336.0	84565.0	113902.0	67116.0	104846.0
End	3116.0	2275.0	2788.0	8194.0	11203.0	7371.0	3053.0	13699.0	8937.0	5278.0	6314.0	10380.0	8069.0	9028.0	5705.0	8104.0	10310.0	14482.0	9910.0	11351.0
