	AAA	AAC	AAG	AAT	ACA	ACC	ACG	ACT	AGA	AGC	AGG	AGT	ATA	ATC	ATG	ATT	CAA	CAC	CAG	CAT	CCA	CCC	CCG	CCT	CGA	CGC	CGG	CGT	CTA	CTC	CTG	CTT	GAA	GAC	GAG	GAT	GCA	GCC	GCG	GCT	GGA	GGC	GGG	GGT	GTA	GTC	GTG	GTT	TAA	TAC	TAG	TAT	TCA	TCC	TCG	TCT	TGA	TGC	TGG	TGT	TTA	TTC	TTG	TTT
Start	400299.0	184374.0	218990.0	177230.0	130891.0	258947.0	157523.0	103827.0	89112.0	215056.0	51903.0	111202.0	73849.0	160911.0	2552030.0	131009.0	108973.0	66707.0	115620.0	54753.0	55843.0	92707.0	95315.0	54783.0	61595.0	131333.0	67259.0	78961.0	31261.0	83712.0	133369.0	62312.0	201321.0	169687.0	129055.0	148005.0	146548.0	162620.0	134636.0	110107.0	65795.0	85553.0	46925.0	55005.0	48533.0	79721.0	585222.0	64906.0	78.0	51430.0	52.0	56834.0	75012.0	101482.0	75633.0	70678.0	319.0	20637.0	44654.0	15496.0	71068.0	79521.0	232260.0	95409.0
AAA	1995744.0	714646.0	887844.0	1206862.0	547017.0	611223.0	391913.0	488083.0	393156.0	463538.0	166032.0	433824.0	639490.0	850087.0	870075.0	1273361.0	898501.0	294478.0	729757.0	473823.0	384943.0	318220.0	470237.0	426589.0	191699.0	525527.0	259970.0	429235.0	311065.0	449724.0	924995.0	687258.0	2226106.0	841181.0	1031047.0	1564471.0	798409.0	905711.0	700858.0	768703.0	634788.0	833829.0	371648.0	729671.0	596017.0	514498.0	665504.0	779762.0	56549.0	479064.0	19007.0	884313.0	435309.0	332180.0	293322.0	473702.0	36385.0	150056.0	437810.0	166642.0	992086.0	573787.0	637962.0	1123230.0
AAC	714646.0	860928.0	839238.0	502920.0	258428.0	1070872.0	575898.0	231215.0	133657.0	562165.0	113633.0	199590.0	224775.0	1269604.0	777677.0	599446.0	390709.0	494035.0	899180.0	284645.0	186219.0	476263.0	767659.0	201326.0	122510.0	950667.0	486940.0	313721.0	134273.0	810478.0	1611929.0	348101.0	944338.0	1232537.0	1048191.0	760026.0	431715.0	1541303.0	1146452.0	386450.0	334359.0	1529283.0	430255.0	499676.0	285686.0	1007229.0	1085344.0	405112.0	18298.0	682378.0	8860.0	463042.0	188040.0	454769.0	486695.0	194141.0	23595.0	225746.0	516413.0	89326.0	306422.0	966050.0	405614.0	527025.0
AAG	887844.0	839238.0	1310494.0	582881.0	268982.0	1026842.0	594768.0	244817.0	183968.0	575080.0	159257.0	228025.0	270011.0	1241180.0	814582.0	611928.0	440649.0	474190.0	1084775.0	320830.0	212864.0	566618.0	908478.0	255440.0	144968.0	1082254.0	574697.0	353338.0	146692.0	854754.0	1676281.0	417057.0	1399511.0	1556502.0	1697452.0	1004415.0	512680.0	1866479.0	1375174.0	494795.0	403609.0	1698834.0	510737.0	549014.0	302727.0	1030007.0	1100186.0	428267.0	32855.0	648780.0	18389.0	508411.0	209233.0	488720.0	517075.0	228769.0	44613.0	204416.0	494942.0	90994.0	348939.0	935993.0	453927.0	561240.0
AAT	1206862.0	502920.0	582881.0	910330.0	414940.0	483211.0	328401.0	377029.0	266628.0	343924.0	115495.0	338107.0	481938.0	648974.0	616821.0	978592.0	578246.0	212121.0	506847.0	358815.0	252614.0	213241.0	327087.0	285411.0	129772.0	376907.0	197524.0	283522.0	213137.0	326960.0	675097.0	463272.0	1190695.0	525779.0	596333.0	1030575.0	533289.0	637958.0	523629.0	520790.0	444526.0	609455.0	281243.0	517390.0	442582.0	417903.0	553164.0	582463.0	26448.0	347421.0	9394.0	697210.0	313022.0	238275.0	238504.0	334816.0	18709.0	119128.0	339808.0	132901.0	696117.0	446586.0	465190.0	832544.0
ACA	547017.0	258428.0	268982.0	414940.0	274386.0	258596.0	191694.0	205713.0	132430.0	186126.0	60957.0	175524.0	229748.0	320580.0	345550.0	478249.0	313320.0	122471.0	266486.0	181496.0	176643.0	141785.0	205533.0	175911.0	74503.0	184188.0	109408.0	144026.0	113133.0	181244.0	324216.0	257765.0	631386.0	314937.0	331175.0	536676.0	350331.0	358655.0	293774.0	305970.0	295531.0	338846.0	167685.0	321110.0	241391.0	220959.0	266766.0	311501.0	13907.0	173552.0	5646.0	317526.0	190973.0	140237.0	133074.0	187542.0	12849.0	64825.0	168713.0	72060.0	339391.0	228341.0	227712.0	402645.0
ACC	611223.0	1070872.0	1026842.0	483211.0	258596.0	1870570.0	863332.0	231569.0	107036.0	834767.0	150759.0	222232.0	173907.0	1743819.0	1058036.0	576557.0	430612.0	811884.0	1396634.0	351335.0	221796.0	984650.0	1416264.0	245103.0	166809.0	1574856.0	921836.0	388607.0	128225.0	1375793.0	2618862.0	358016.0	1155610.0	2259298.0	1833262.0	961913.0	550419.0	2969153.0	2017841.0	455595.0	469204.0	2754921.0	792928.0	736584.0	284482.0	1719292.0	1722876.0	399847.0	14026.0	880314.0	11157.0	457322.0	190354.0	777967.0	759539.0	189217.0	39238.0	342556.0	717523.0	102945.0	244850.0	1294846.0	482665.0	508075.0
ACG	391913.0	575898.0	594768.0	328401.0	191694.0	863332.0	645986.0	150170.0	76294.0	478710.0	101021.0	154130.0	114695.0	933016.0	612843.0	398581.0	282368.0	411558.0	805626.0	240069.0	156885.0	511045.0	900421.0	173416.0	116175.0	836142.0	555553.0	251530.0	82870.0	730870.0	1439198.0	250954.0	710647.0	1154420.0	1059732.0	626769.0	373309.0	1481363.0	1385209.0	309651.0	311643.0	1446396.0	509977.0	424500.0	182799.0	900337.0	1016888.0	273405.0	11143.0	464052.0	9446.0	310711.0	138270.0	414249.0	519447.0	137610.0	28948.0	192896.0	410328.0	68880.0	180268.0	736880.0	332394.0	351724.0
ACT	488083.0	231215.0	244817.0	377029.0	205713.0	231569.0	150170.0	199558.0	115006.0	159390.0	50902.0	161934.0	192401.0	276329.0	293568.0	411673.0	276467.0	105770.0	239314.0	152927.0	143961.0	117017.0	169168.0	156826.0	60228.0	160851.0	87073.0	136305.0	98127.0	146668.0	281298.0	205135.0	554792.0	269765.0	294182.0	483744.0	284145.0	307949.0	247465.0	288021.0	249881.0	303484.0	147032.0	315622.0	207524.0	186737.0	242545.0	279720.0	10987.0	148395.0	4377.0	268162.0	154692.0	118807.0	110062.0	169454.0	9491.0	55163.0	145431.0	64103.0	290927.0	190861.0	200810.0	335429.0
AGA	393156.0	133657.0	183968.0	266628.0	132430.0	107036.0	76294.0	115006.0	149210.0	90135.0	59406.0	102263.0	183206.0	153402.0	198859.0	275850.0	176760.0	61135.0	138012.0	108101.0	88163.0	63466.0	84019.0	99780.0	49673.0	89849.0	60209.0	78969.0	74545.0	92663.0	153894.0	172158.0	443149.0	158445.0	222232.0	326988.0	186734.0	163174.0	127931.0	176356.0	175829.0	137363.0	85600.0	156386.0	144233.0	95809.0	122613.0	178443.0	12644.0	94958.0	5054.0	206000.0	105508.0	69091.0	58747.0	115951.0	10952.0	33329.0	93831.0	42633.0	228610.0	115303.0	131592.0	260486.0
AGC	463538.0	562165.0	575080.0	343924.0	186126.0	834767.0	478710.0	159390.0	90135.0	523110.0	98530.0	167632.0	148838.0	884716.0	581784.0	407547.0	308783.0	385519.0	781923.0	237876.0	148846.0	452522.0	705322.0	166675.0	106003.0	797480.0	442488.0	237954.0	99911.0	654208.0	1363994.0	263709.0	755525.0	1021515.0	946584.0	614572.0	359014.0	1345613.0	1044035.0	311516.0	280907.0	1278619.0	398793.0	381277.0	199273.0	776613.0	883440.0	276759.0	15075.0	471812.0	9239.0	335890.0	141481.0	364777.0	397808.0	140106.0	30693.0	179543.0	401465.0	66929.0	204121.0	678513.0	324148.0	388852.0
AGG	166032.0	113633.0	159257.0	115495.0	60957.0	150759.0	101021.0	50902.0	59406.0	98530.0	64288.0	52005.0	78832.0	164532.0	141091.0	121314.0	85796.0	80612.0	169029.0	68849.0	47773.0	107773.0	151793.0	60200.0	42914.0	165808.0	136502.0	64197.0	33996.0	144938.0	267732.0	99427.0	250137.0	228610.0	289339.0	188970.0	114244.0	294905.0	240418.0	99097.0	100964.0	221901.0	117676.0	97233.0	68540.0	150523.0	180430.0	89681.0	8259.0	93249.0	5333.0	100774.0	50615.0	87882.0	83739.0	51611.0	18262.0	41029.0	93254.0	23949.0	76367.0	132865.0	96869.0	125565.0
AGT	433824.0	199590.0	228025.0	338107.0	175524.0	222232.0	154130.0	161934.0	102263.0	167632.0	52005.0	168700.0	180397.0	266599.0	271910.0	392935.0	247510.0	99410.0	240752.0	151994.0	115041.0	112433.0	165786.0	130103.0	61333.0	168799.0	102727.0	127177.0	94443.0	156313.0	323656.0	196373.0	484428.0	241816.0	289419.0	430045.0	244535.0	314113.0	263579.0	243483.0	206936.0	285672.0	150072.0	252226.0	179950.0	193301.0	259780.0	242782.0	10973.0	144205.0	4721.0	270883.0	135949.0	112523.0	115463.0	146673.0	10872.0	52310.0	152071.0	59150.0	285232.0	187295.0	212745.0	347642.0
ATA	639490.0	224775.0	270011.0	481938.0	229748.0	173907.0	114695.0	192401.0	183206.0	148838.0	78832.0	180397.0	404950.0	247027.0	322268.0	486854.0	260473.0	88913.0	196061.0	167105.0	146021.0	98079.0	124820.0	170693.0	55783.0	114232.0	69535.0	97045.0	131308.0	136681.0	255012.0	285622.0	600181.0	234148.0	276114.0	521073.0	317924.0	261582.0	190383.0	291563.0	314215.0	244357.0	147473.0	279869.0	260690.0	143966.0	199491.0	295112.0	16184.0	147301.0	6047.0	332797.0	185832.0	109600.0	89687.0	190060.0	9263.0	61702.0	135380.0	83595.0	414068.0	178761.0	220096.0	451258.0
ATC	850087.0	1269604.0	1241180.0	648974.0	320580.0	1743819.0	933016.0	276329.0	153402.0	884716.0	164532.0	266599.0	247027.0	2171508.0	1339390.0	804373.0	514774.0	832880.0	1463307.0	452767.0	270094.0	924480.0	1477949.0	304044.0	194420.0	1747885.0	910613.0	478626.0	182446.0	1521303.0	2901878.0	513711.0	1401582.0	2285288.0	1866360.0	1218222.0	697398.0	3109979.0	2297075.0	597000.0	589998.0	3079795.0	874082.0	902783.0	360725.0	1835651.0	1807052.0	527936.0	20664.0	909250.0	12237.0	570436.0	246520.0	788184.0	871440.0	247124.0	35366.0	415822.0	742747.0	140549.0	368091.0	1494274.0	635007.0	671010.0
ATG	870075.0	777677.0	814582.0	616821.0	345550.0	1058036.0	612843.0	293568.0	198859.0	581784.0	141091.0	271910.0	322268.0	1339390.0	1146568.0	829228.0	493757.0	521527.0	957917.0	397984.0	260098.0	542753.0	872443.0	287918.0	164621.0	1038634.0	539863.0	399067.0	193338.0	912038.0	1899708.0	507164.0	1156680.0	1212289.0	1110402.0	937343.0	636188.0	1817607.0	1409394.0	568008.0	469880.0	1663507.0	542221.0	657278.0	381365.0	1050383.0	1206109.0	525075.0	18259.0	637753.0	9753.0	580003.0	275366.0	522649.0	564662.0	281158.0	22681.0	269311.0	546457.0	137242.0	485464.0	993315.0	571929.0	724748.0
ATT	1273361.0	599446.0	611928.0	978592.0	478249.0	576557.0	398581.0	411673.0	275850.0	407547.0	121314.0	392935.0	486854.0	804373.0	829228.0	1224568.0	670384.0	270827.0	600412.0	429085.0	351281.0	285651.0	455780.0	378968.0	163378.0	465539.0	238045.0	370338.0	266829.0	407922.0	889836.0	571859.0	1385526.0	669283.0	695738.0	1251801.0	764745.0	877628.0	737279.0	717638.0	650895.0	889750.0	432537.0	805186.0	513176.0	505226.0	687897.0	698881.0	27434.0	373919.0	9823.0	682921.0	379462.0	304221.0	298449.0	394877.0	18509.0	164054.0	371494.0	178955.0	841573.0	507690.0	599830.0	943799.0
CAA	898501.0	390709.0	440649.0	578246.0	313320.0	430612.0	282368.0	276467.0	176760.0	308783.0	85796.0	247510.0	260473.0	514774.0	493757.0	670384.0	663708.0	206349.0	522724.0	281785.0	225898.0	232217.0	304674.0	232072.0	142977.0	409301.0	207586.0	275559.0	185799.0	333862.0	605852.0	358332.0	1060356.0	491163.0	571375.0	769801.0	474762.0	675581.0	517287.0	450083.0	317375.0	509109.0	228635.0	387466.0	292336.0	348499.0	428788.0	400120.0	21972.0	274021.0	8449.0	451959.0	237077.0	208439.0	205478.0	247577.0	18711.0	92311.0	290332.0	89144.0	525902.0	337164.0	410380.0	559515.0
CAC	294478.0	494035.0	474190.0	212121.0	122471.0	811884.0	411558.0	105770.0	61135.0	385519.0	80612.0	99410.0	88913.0	832880.0	521527.0	270827.0	206349.0	530216.0	647110.0	214758.0	109947.0	466023.0	676479.0	115905.0	98582.0	893381.0	514187.0	211915.0	68015.0	735114.0	1315568.0	182994.0	549156.0	1094768.0	927756.0	430570.0	255412.0	1396814.0	989482.0	211422.0	216610.0	1239336.0	376214.0	316036.0	137302.0	845219.0	860792.0	190330.0	8789.0	462663.0	6220.0	222859.0	92642.0	347716.0	348589.0	88566.0	22130.0	193864.0	389224.0	57008.0	127003.0	669734.0	239247.0	251143.0
CAG	729757.0	899180.0	1084775.0	506847.0	266486.0	1396634.0	805626.0	239314.0	138012.0	781923.0	169029.0	240752.0	196061.0	1463307.0	957917.0	600412.0	522724.0	647110.0	1603090.0	375850.0	213635.0	748897.0	1201852.0	253892.0	185752.0	1560464.0	897132.0	457765.0	137828.0	1146228.0	2425691.0	413992.0	1271096.0	1725893.0	1779768.0	958188.0	576716.0	2538720.0	1922152.0	517266.0	397632.0	2002159.0	640473.0	581282.0	279411.0	1273481.0	1439395.0	409855.0	19742.0	770273.0	13835.0	506207.0	199518.0	631388.0	669931.0	213096.0	38577.0	269966.0	664735.0	98770.0	282188.0	1105414.0	536228.0	543808.0
CAT	473823.0	284645.0	320830.0	358815.0	181496.0	351335.0	240069.0	152927.0	108101.0	237876.0	68849.0	151994.0	167105.0	452767.0	397984.0	429085.0	281785.0	214758.0	375850.0	272372.0	133429.0	195363.0	310286.0	149656.0	89278.0	381548.0	209942.0	194053.0	97013.0	288841.0	621387.0	237196.0	617035.0	437459.0	454265.0	552327.0	287953.0	581793.0	483993.0	266345.0	243448.0	544899.0	227202.0	304360.0	193087.0	345466.0	442397.0	265313.0	11592.0	217192.0	4848.0	322175.0	136357.0	170296.0	185742.0	142733.0	12712.0	108235.0	241502.0	79426.0	273607.0	319357.0	270454.0	381531.0
CCA	384943.0	186219.0	212864.0	252614.0	176643.0	221796.0	156885.0	143961.0	88163.0	148846.0	47773.0	115041.0	146021.0	270094.0	260098.0	351281.0	225898.0	109947.0	213635.0	133429.0	167204.0	146055.0	218547.0	141307.0	66177.0	185010.0	107036.0	123598.0	83793.0	154548.0	286690.0	168941.0	444869.0	242687.0	269593.0	349878.0	249760.0	310366.0	264747.0	215691.0	189606.0	281780.0	134121.0	229554.0	170533.0	191637.0	247800.0	231055.0	10425.0	143878.0	4979.0	224866.0	127411.0	110389.0	111522.0	123356.0	12905.0	54461.0	157911.0	51574.0	235390.0	195617.0	185910.0	295036.0
CCC	318220.0	476263.0	566618.0	213241.0	141785.0	984650.0	511045.0	117017.0	63466.0	452522.0	107773.0	112433.0	98079.0	924480.0	542753.0	285651.0	232217.0	466023.0	748897.0	195363.0	146055.0	781374.0	982259.0	170399.0	113659.0	973607.0	617693.0	216617.0	70402.0	845697.0	1437984.0	200999.0	610457.0	1189483.0	1070523.0	450996.0	305237.0	1695933.0	1182570.0	248511.0	262770.0	1408894.0	474570.0	331322.0	151243.0	997650.0	1010292.0	212809.0	9677.0	481790.0	9537.0	238086.0	100217.0	451338.0	408921.0	97901.0	33843.0	195914.0	450237.0	54745.0	120531.0	732706.0	265846.0	273477.0
CCG	470237.0	767659.0	908478.0	327087.0	205533.0	1416264.0	900421.0	169168.0	84019.0	705322.0	151793.0	165786.0	124820.0	1477949.0	872443.0	455780.0	304674.0	676479.0	1201852.0	310286.0	218547.0	982259.0	1822844.0	237450.0	163632.0	1438586.0	1026233.0	353730.0	87108.0	1151938.0	2458602.0	290527.0	922557.0	1787073.0	1693881.0	725960.0	473357.0	2498608.0	2190687.0	383557.0	379573.0	2216841.0	775560.0	551833.0	226701.0	1493946.0	1736322.0	336504.0	14940.0	737796.0	16114.0	383148.0	151965.0	648301.0	778545.0	142614.0	54712.0	311306.0	733012.0	86129.0	164497.0	1217979.0	440541.0	412980.0
CCT	426589.0	201326.0	255440.0	285411.0	175911.0	245103.0	173416.0	156826.0	99780.0	166675.0	60200.0	130103.0	170693.0	304044.0	287918.0	378968.0	232072.0	115905.0	253892.0	149656.0	141307.0	170399.0	237450.0	167906.0	68868.0	205372.0	121265.0	135172.0	84628.0	180451.0	335321.0	197631.0	490877.0	266680.0	320915.0	388882.0	255174.0	356060.0	298253.0	248563.0	215207.0	321077.0	161631.0	254327.0	188935.0	223677.0	294023.0	256103.0	10155.0	159457.0	5040.0	255773.0	129288.0	135878.0	126502.0	141714.0	11979.0	65234.0	176537.0	60221.0	243543.0	214656.0	207576.0	322333.0
CGA	191699.0	122510.0	144968.0	129772.0	74503.0	166809.0	116175.0	60228.0	49673.0	106003.0	42914.0	61333.0	55783.0	194420.0	164621.0	163378.0	142977.0	98582.0	185752.0	89278.0	66177.0	113659.0	163632.0	68868.0	82228.0	212199.0	148283.0	101559.0	48491.0	169108.0	276190.0	103927.0	303505.0	244608.0	273776.0	227597.0	141789.0	309318.0	259705.0	126369.0	117286.0	236608.0	114981.0	123601.0	71714.0	173454.0	189474.0	104851.0	6692.0	95443.0	4596.0	112075.0	58019.0	88173.0	97352.0	57491.0	13302.0	42244.0	114834.0	27580.0	105245.0	143826.0	129717.0	143546.0
CGC	525527.0	950667.0	1082254.0	376907.0	184188.0	1574856.0	836142.0	160851.0	89849.0	797480.0	165808.0	168799.0	114232.0	1747885.0	1038634.0	465539.0	409301.0	893381.0	1560464.0	381548.0	185010.0	973607.0	1438586.0	205372.0	212199.0	2250360.0	1171071.0	496026.0	113930.0	1629661.0	3044757.0	354621.0	1387077.0	2569839.0	2465399.0	974446.0	516909.0	3308748.0	2383764.0	420373.0	387604.0	2688368.0	768804.0	583977.0	218349.0	1696958.0	1762525.0	322832.0	16606.0	852200.0	15400.0	414789.0	140802.0	681514.0	723559.0	134852.0	54840.0	326848.0	795614.0	80185.0	175159.0	1339644.0	501155.0	427205.0
CGG	259970.0	486940.0	574697.0	197524.0	109408.0	921836.0	555553.0	87073.0	60209.0	442488.0	136502.0	102727.0	69535.0	910613.0	539863.0	238045.0	207586.0	514187.0	897132.0	209942.0	107036.0	617693.0	1026233.0	121265.0	148283.0	1171071.0	1033244.0	264709.0	60268.0	909704.0	1861724.0	194569.0	699454.0	1505309.0	1648367.0	530720.0	297918.0	2021926.0	1696005.0	244342.0	264254.0	1469858.0	640960.0	335259.0	123771.0	1005519.0	1139952.0	176602.0	9703.0	461601.0	12463.0	217040.0	84954.0	426978.0	485283.0	75556.0	40743.0	191858.0	486268.0	52160.0	91793.0	759004.0	311301.0	233239.0
CGT	429235.0	313721.0	353338.0	283522.0	144026.0	388607.0	251530.0	136305.0	78969.0	237954.0	64197.0	127177.0	97045.0	478626.0	399067.0	370338.0	275559.0	211915.0	457765.0	194053.0	123598.0	216617.0	353730.0	135172.0	101559.0	496026.0	264709.0	306614.0	83862.0	342436.0	733381.0	215039.0	695432.0	561915.0	604572.0	541084.0	294523.0	711531.0	584413.0	287048.0	204571.0	601178.0	231146.0	352224.0	168236.0	386100.0	472760.0	250610.0	11369.0	231384.0	5300.0	252401.0	113931.0	193851.0	198710.0	127535.0	15602.0	87926.0	243137.0	56956.0	214094.0	344725.0	274748.0	297649.0
CTA	311065.0	134273.0	146692.0	213137.0	113133.0	128225.0	82870.0	98127.0	74545.0	99911.0	33996.0	94443.0	131308.0	182446.0	193338.0	266829.0	185799.0	68015.0	137828.0	97013.0	83793.0	70402.0	87108.0	84628.0	48491.0	113930.0	60268.0	83862.0	92896.0	117555.0	194802.0	147883.0	330980.0	153890.0	178341.0	268321.0	182648.0	207561.0	159106.0	171530.0	142596.0	179067.0	93327.0	163891.0	121824.0	115322.0	141641.0	154064.0	8524.0	94426.0	3698.0	163997.0	90144.0	67295.0	63879.0	94366.0	5766.0	39407.0	98546.0	42762.0	218288.0	122627.0	148655.0	226269.0
CTC	449724.0	810478.0	854754.0	326960.0	181244.0	1375793.0	730870.0	146668.0	92663.0	654208.0	144938.0	156313.0	136681.0	1521303.0	912038.0	407922.0	333862.0	735114.0	1146228.0	288841.0	154548.0	845697.0	1151938.0	180451.0	169108.0	1629661.0	909704.0	342436.0	117555.0	1764398.0	2480344.0	362372.0	889511.0	1886010.0	1674895.0	673230.0	466529.0	2840951.0	2030025.0	377590.0	401923.0	2368103.0	735737.0	531678.0	198142.0	1635682.0	1423019.0	294249.0	11559.0	725901.0	10657.0	329170.0	136238.0	645812.0	645909.0	130277.0	35220.0	334134.0	616594.0	87050.0	180017.0	1153375.0	425936.0	370264.0
CTG	924995.0	1611929.0	1676281.0	675097.0	324216.0	2618862.0	1439198.0	281298.0	153894.0	1363994.0	267732.0	323656.0	255012.0	2901878.0	1899708.0	889836.0	605852.0	1315568.0	2425691.0	621387.0	286690.0	1437984.0	2458602.0	335321.0	276190.0	3044757.0	1861724.0	733381.0	194802.0	2480344.0	5796964.0	643257.0	1850772.0	3381097.0	3047860.0	1450411.0	905703.0	5365160.0	4221375.0	740347.0	703546.0	4567983.0	1497505.0	1100504.0	421355.0	2706676.0	3194337.0	597955.0	24419.0	1326157.0	20655.0	693004.0	257719.0	1174836.0	1337424.0	250908.0	63121.0	654418.0	1267899.0	183341.0	325290.0	2196333.0	953767.0	799237.0
CTT	687258.0	348101.0	417057.0	463272.0	257765.0	358016.0	250954.0	205135.0	172158.0	263709.0	99427.0	196373.0	285622.0	513711.0	507164.0	571859.0	358332.0	182994.0	413992.0	237196.0	168941.0	200999.0	290527.0	197631.0	103927.0	354621.0	194569.0	215039.0	147883.0	362372.0	643257.0	414002.0	792254.0	448841.0	507009.0	635639.0	448307.0	640655.0	517764.0	400529.0	368030.0	562751.0	269855.0	403036.0	269906.0	353376.0	427630.0	376525.0	14357.0	247282.0	6470.0	376741.0	202088.0	208580.0	199788.0	205964.0	12428.0	118497.0	244936.0	98695.0	391172.0	346486.0	349746.0	493114.0
GAA	2226106.0	944338.0	1399511.0	1190695.0	631386.0	1155610.0	710647.0	554792.0	443149.0	755525.0	250137.0	484428.0	600181.0	1401582.0	1156680.0	1385526.0	1060356.0	549156.0	1271096.0	617035.0	444869.0	610457.0	922557.0	490877.0	303505.0	1387077.0	699454.0	695432.0	330980.0	889511.0	1850772.0	792254.0	2570260.0	1437569.0	1614457.0	1690945.0	1018517.0	1961314.0	1467256.0	943568.0	713711.0	1529151.0	568069.0	851184.0	658299.0	1014996.0	1200991.0	886010.0	44740.0	702012.0	17929.0	972509.0	467787.0	563591.0	546645.0	512336.0	45977.0	266538.0	661007.0	198220.0	941090.0	962417.0	805079.0	1156276.0
GAC	841181.0	1232537.0	1556502.0	525779.0	314937.0	2259298.0	1154420.0	269765.0	158445.0	1021515.0	228610.0	241816.0	234148.0	2285288.0	1212289.0	669283.0	491163.0	1094768.0	1725893.0	437459.0	242687.0	1189483.0	1787073.0	266680.0	244608.0	2569839.0	1505309.0	561915.0	153890.0	1886010.0	3381097.0	448841.0	1437569.0	2850906.0	2554897.0	1029102.0	646247.0	3879115.0	2767801.0	531519.0	511565.0	3161318.0	926209.0	727634.0	355072.0	2412929.0	2271931.0	493900.0	17584.0	1171994.0	13799.0	571703.0	214778.0	927412.0	926315.0	212744.0	49070.0	426502.0	987532.0	114064.0	279162.0	1765542.0	573120.0	594905.0
GAG	1031047.0	1048191.0	1697452.0	596333.0	331175.0	1833262.0	1059732.0	294182.0	222232.0	946584.0	289339.0	289419.0	276114.0	1866360.0	1110402.0	695738.0	571375.0	927756.0	1779768.0	454265.0	269593.0	1070523.0	1693881.0	320915.0	273776.0	2465399.0	1648367.0	604572.0	178341.0	1674895.0	3047860.0	507009.0	1614457.0	2554897.0	2970544.0	1147648.0	702257.0	3585322.0	2802033.0	631671.0	520859.0	2698290.0	966466.0	703233.0	363732.0	1847566.0	1965796.0	500145.0	29648.0	982646.0	18466.0	586063.0	252676.0	844328.0	883350.0	272006.0	68285.0	372504.0	859894.0	127714.0	365592.0	1470023.0	614626.0	636523.0
GAT	1564471.0	760026.0	1004415.0	1030575.0	536676.0	961913.0	626769.0	483744.0	326988.0	614572.0	188970.0	430045.0	521073.0	1218222.0	937343.0	1251801.0	769801.0	430570.0	958188.0	552327.0	349878.0	450996.0	725960.0	388882.0	227597.0	974446.0	530720.0	541084.0	268321.0	673230.0	1450411.0	635639.0	1690945.0	1029102.0	1147648.0	1423608.0	776112.0	1434006.0	1190374.0	746904.0	604612.0	1236512.0	519492.0	776127.0	580101.0	875223.0	1118199.0	800861.0	24443.0	576363.0	10515.0	898012.0	387271.0	438697.0	464005.0	420946.0	27616.0	222032.0	584933.0	180685.0	779076.0	807906.0	697729.0	1040114.0
GCA	798409.0	431715.0	512680.0	533289.0	350331.0	550419.0	373309.0	284145.0	186734.0	359014.0	114244.0	244535.0	317924.0	697398.0	636188.0	764745.0	474762.0	255412.0	576716.0	287953.0	249760.0	305237.0	473357.0	255174.0	141789.0	516909.0	297918.0	294523.0	182648.0	466529.0	905703.0	448307.0	1018517.0	646247.0	702257.0	776112.0	705924.0	1028837.0	859459.0	581341.0	437220.0	773968.0	331148.0	522345.0	372385.0	519143.0	634254.0	497922.0	19158.0	318304.0	8814.0	465799.0	255353.0	277364.0	283310.0	257575.0	26714.0	146402.0	320257.0	118739.0	500751.0	461075.0	446462.0	596910.0
GCC	905711.0	1541303.0	1866479.0	637958.0	358655.0	2969153.0	1481363.0	307949.0	163174.0	1345613.0	294905.0	314113.0	261582.0	3109979.0	1817607.0	877628.0	675581.0	1396814.0	2538720.0	581793.0	310366.0	1695933.0	2498608.0	356060.0	309318.0	3308748.0	2021926.0	711531.0	207561.0	2840951.0	5365160.0	640655.0	1961314.0	3879115.0	3585322.0	1434006.0	1028837.0	6501684.0	4522471.0	850312.0	729890.0	4620665.0	1417821.0	1079222.0	435170.0	3166744.0	3212333.0	614515.0	20709.0	1384863.0	19948.0	683967.0	264140.0	1279607.0	1261577.0	254130.0	76650.0	635592.0	1223450.0	169233.0	352803.0	2179766.0	881823.0	746633.0
GCG	700858.0	1146452.0	1375174.0	523629.0	293774.0	2017841.0	1385209.0	247465.0	127931.0	1044035.0	240418.0	263579.0	190383.0	2297075.0	1409394.0	737279.0	517287.0	989482.0	1922152.0	483993.0	264747.0	1182570.0	2190687.0	298253.0	259705.0	2383764.0	1696005.0	584413.0	159106.0	2030025.0	4221375.0	517764.0	1467256.0	2767801.0	2802033.0	1190374.0	859459.0	4522471.0	4330844.0	700080.0	578616.0	3364935.0	1265380.0	862403.0	341601.0	2316259.0	2754714.0	517056.0	19953.0	1001580.0	20705.0	567081.0	227062.0	926978.0	1202580.0	224495.0	69457.0	503081.0	982239.0	146305.0	301685.0	1715685.0	781685.0	619294.0
GCT	768703.0	386450.0	494795.0	520790.0	305970.0	455595.0	309651.0	288021.0	176356.0	311516.0	99097.0	243483.0	291563.0	597000.0	568008.0	717638.0	450083.0	211422.0	517266.0	266345.0	215691.0	248511.0	383557.0	248563.0	126369.0	420373.0	244342.0	287048.0	171530.0	377590.0	740347.0	400529.0	943568.0	531519.0	631671.0	746904.0	581341.0	850312.0	700080.0	613400.0	396065.0	655871.0	301149.0	529318.0	344138.0	438416.0	555195.0	487316.0	16867.0	276423.0	7877.0	436176.0	230557.0	243835.0	240194.0	258518.0	19610.0	122631.0	284383.0	115480.0	482219.0	385335.0	423224.0	547196.0
GGA	634788.0	334359.0	403609.0	444526.0	295531.0	469204.0	311643.0	249881.0	175829.0	280907.0	100964.0	206936.0	314215.0	589998.0	469880.0	650895.0	317375.0	216610.0	397632.0	243448.0	189606.0	262770.0	379573.0	215207.0	117286.0	387604.0	264254.0	204571.0	142596.0	401923.0	703546.0	368030.0	713711.0	511565.0	520859.0	604612.0	437220.0	729890.0	578616.0	396065.0	461276.0	664357.0	313782.0	435167.0	345795.0	509288.0	552308.0	453588.0	17091.0	284135.0	7899.0	420318.0	203760.0	251691.0	228299.0	222558.0	27440.0	121939.0	288309.0	102291.0	404876.0	426978.0	332000.0	545946.0
GGC	833829.0	1529283.0	1698834.0	609455.0	338846.0	2754921.0	1446396.0	303484.0	137363.0	1278619.0	221901.0	285672.0	244357.0	3079795.0	1663507.0	889750.0	509109.0	1239336.0	2002159.0	544899.0	281780.0	1408894.0	2216841.0	321077.0	236608.0	2688368.0	1469858.0	601178.0	179067.0	2368103.0	4567983.0	562751.0	1529151.0	3161318.0	2698290.0	1236512.0	773968.0	4620665.0	3364935.0	655871.0	664357.0	4429894.0	1188890.0	1054170.0	440012.0	3141342.0	3123151.0	650518.0	18721.0	1413013.0	16352.0	707092.0	242352.0	1133959.0	1211590.0	239245.0	58478.0	599673.0	1188853.0	155654.0	317694.0	2244839.0	729841.0	744567.0
GGG	371648.0	430255.0	510737.0	281243.0	167685.0	792928.0	509977.0	147032.0	85600.0	398793.0	117676.0	150072.0	147473.0	874082.0	542221.0	432537.0	228635.0	376214.0	640473.0	227202.0	134121.0	474570.0	775560.0	161631.0	114981.0	768804.0	640960.0	231146.0	93327.0	735737.0	1497505.0	269855.0	568069.0	926209.0	966466.0	519492.0	331148.0	1417821.0	1265380.0	301149.0	313782.0	1188890.0	596592.0	403182.0	211444.0	927265.0	1125396.0	310226.0	11624.0	415228.0	10362.0	309427.0	124966.0	370444.0	418071.0	132708.0	34322.0	192046.0	415608.0	80509.0	208384.0	678390.0	347671.0	381501.0
GGT	729671.0	499676.0	549014.0	517390.0	321110.0	736584.0	424500.0	315622.0	156386.0	381277.0	97233.0	252226.0	279869.0	902783.0	657278.0	805186.0	387466.0	316036.0	581282.0	304360.0	229554.0	331322.0	551833.0	254327.0	123601.0	583977.0	335259.0	352224.0	163891.0	531678.0	1100504.0	403036.0	851184.0	727634.0	703233.0	776127.0	522345.0	1079222.0	862403.0	529318.0	435167.0	1054170.0	403182.0	736108.0	401989.0	748249.0	872675.0	580982.0	13287.0	406836.0	6338.0	489223.0	231514.0	321510.0	329699.0	259689.0	22433.0	163757.0	384329.0	126912.0	453640.0	601414.0	442662.0	604968.0
GTA	596017.0	285686.0	302727.0	442582.0	241391.0	284482.0	182799.0	207524.0	144233.0	199273.0	68540.0	179950.0	260690.0	360725.0	381365.0	513176.0	292336.0	137302.0	279411.0	193087.0	170533.0	151243.0	226701.0	188935.0	71714.0	218349.0	123771.0	168236.0	121824.0	198142.0	421355.0	269906.0	658299.0	355072.0	363732.0	580101.0	372385.0	435170.0	341601.0	344138.0	345795.0	440012.0	211444.0	401989.0	294316.0	241838.0	328596.0	338453.0	14901.0	192754.0	5576.0	324653.0	176707.0	151341.0	138365.0	192808.0	11431.0	79090.0	183343.0	83845.0	361534.0	249711.0	256791.0	430430.0
GTC	514498.0	1007229.0	1030007.0	417903.0	220959.0	1719292.0	900337.0	186737.0	95809.0	776613.0	150523.0	193301.0	143966.0	1835651.0	1050383.0	505226.0	348499.0	845219.0	1273481.0	345466.0	191637.0	997650.0	1493946.0	223677.0	173454.0	1696958.0	1005519.0	386100.0	115322.0	1635682.0	2706676.0	353376.0	1014996.0	2412929.0	1847566.0	875223.0	519143.0	3166744.0	2316259.0	438416.0	509288.0	3141342.0	927265.0	748249.0	241838.0	2079118.0	1776064.0	380512.0	13260.0	825026.0	11847.0	390758.0	165564.0	778740.0	799642.0	159312.0	40918.0	384587.0	701964.0	103432.0	207410.0	1339219.0	467532.0	429922.0
GTG	665504.0	1085344.0	1100186.0	553164.0	266766.0	1722876.0	1016888.0	242545.0	122613.0	883440.0	180430.0	259780.0	199491.0	1807052.0	1206109.0	687897.0	428788.0	860792.0	1439395.0	442397.0	247800.0	1010292.0	1736322.0	294023.0	189474.0	1762525.0	1139952.0	472760.0	141641.0	1423019.0	3194337.0	427630.0	1200991.0	2271931.0	1965796.0	1118199.0	634254.0	3212333.0	2754714.0	555195.0	552308.0	3123151.0	1125396.0	872675.0	328596.0	1776064.0	2306070.0	473564.0	17400.0	831616.0	13146.0	504363.0	210897.0	782839.0	933279.0	221795.0	47637.0	419450.0	782026.0	138636.0	287074.0	1375900.0	637968.0	602700.0
GTT	779762.0	405112.0	428267.0	582463.0	311501.0	399847.0	273405.0	279720.0	178443.0	276759.0	89681.0	242782.0	295112.0	527936.0	525075.0	698881.0	400120.0	190330.0	409855.0	265313.0	231055.0	212809.0	336504.0	256103.0	104851.0	322832.0	176602.0	250610.0	154064.0	294249.0	597955.0	376525.0	886010.0	493900.0	500145.0	800861.0	497922.0	614515.0	517056.0	487316.0	453588.0	650518.0	310226.0	580982.0	338453.0	380512.0	473564.0	496616.0	17741.0	252711.0	7124.0	420557.0	241388.0	217186.0	209244.0	260806.0	15953.0	113369.0	255446.0	115467.0	464321.0	347089.0	367160.0	555097.0
TAA	56549.0	18298.0	32855.0	26448.0	13907.0	14026.0	11143.0	10987.0	12644.0	15075.0	8259.0	10973.0	16184.0	20664.0	18259.0	27434.0	21972.0	8789.0	19742.0	11592.0	10425.0	9677.0	14940.0	10155.0	6692.0	16606.0	9703.0	11369.0	8524.0	11559.0	24419.0	14357.0	44740.0	17584.0	29648.0	24443.0	19158.0	20709.0	19953.0	16867.0	17091.0	18721.0	11624.0	13287.0	14901.0	13260.0	17400.0	17741.0	248.0	14026.0	127.0	20069.0	12099.0	9015.0	8881.0	10967.0	453.0	4864.0	12615.0	4586.0	25505.0	16379.0	18026.0	26266.0
TAC	479064.0	682378.0	648780.0	347421.0	173552.0	880314.0	464052.0	148395.0	94958.0	471812.0	93249.0	144205.0	147301.0	909250.0	637753.0	373919.0	274021.0	462663.0	770273.0	217192.0	143878.0	481790.0	737796.0	159457.0	95443.0	852200.0	461601.0	231384.0	94426.0	725901.0	1326157.0	247282.0	702012.0	1171994.0	982646.0	576363.0	318304.0	1384863.0	1001580.0	276423.0	284135.0	1413013.0	415228.0	406836.0	192754.0	825026.0	831616.0	252711.0	14026.0	591642.0	7394.0	337140.0	134848.0	403280.0	424212.0	133396.0	19431.0	201677.0	439658.0	68316.0	200385.0	778755.0	292398.0	362527.0
TAG	19007.0	8860.0	18389.0	9394.0	5646.0	11157.0	9446.0	4377.0	5054.0	9239.0	5333.0	4721.0	6047.0	12237.0	9753.0	9823.0	8449.0	6220.0	13835.0	4848.0	4979.0	9537.0	16114.0	5040.0	4596.0	15400.0	12463.0	5300.0	3698.0	10657.0	20655.0	6470.0	17929.0	13799.0	18466.0	10515.0	8814.0	19948.0	20705.0	7877.0	7899.0	16352.0	10362.0	6338.0	5576.0	11847.0	13146.0	7124.0	127.0	7394.0	68.0	7604.0	5246.0	6876.0	8072.0	4487.0	197.0	3702.0	7744.0	2169.0	8103.0	11141.0	9965.0	10245.0
TAT	884313.0	463042.0	508411.0	697210.0	317526.0	457322.0	310711.0	268162.0	206000.0	335890.0	100774.0	270883.0	332797.0	570436.0	580003.0	682921.0	451959.0	222859.0	506207.0	322175.0	224866.0	238086.0	383148.0	255773.0	112075.0	414789.0	217040.0	252401.0	163997.0	329170.0	693004.0	376741.0	972509.0	571703.0	586063.0	898012.0	465799.0	683967.0	567081.0	436176.0	420318.0	707092.0	309427.0	489223.0	324653.0	390758.0	504363.0	420557.0	20069.0	337140.0	7604.0	590044.0	247251.0	235304.0	251027.0	259506.0	14032.0	127867.0	328228.0	118370.0	503803.0	424962.0	390548.0	640307.0
TCA	435309.0	188040.0	209233.0	313022.0	190973.0	190354.0	138270.0	154692.0	105508.0	141481.0	50615.0	135949.0	185832.0	246520.0	275366.0	379462.0	237077.0	92642.0	199518.0	136357.0	127411.0	100217.0	151965.0	129288.0	58019.0	140802.0	84954.0	113931.0	90144.0	136238.0	257719.0	202088.0	467787.0	214778.0	252676.0	387271.0	255353.0	264140.0	227062.0	230557.0	203760.0	242352.0	124966.0	231514.0	176707.0	165564.0	210897.0	241388.0	12099.0	134848.0	5246.0	247251.0	159552.0	109127.0	109987.0	151322.0	12196.0	52229.0	134111.0	55804.0	274548.0	180705.0	189209.0	325684.0
TCC	332180.0	454769.0	488720.0	238275.0	140237.0	777967.0	414249.0	118807.0	69091.0	364777.0	87882.0	112523.0	109600.0	788184.0	522649.0	304221.0	208439.0	347716.0	631388.0	170296.0	110389.0	451338.0	648301.0	135878.0	88173.0	681514.0	426978.0	193851.0	67295.0	645812.0	1174836.0	208580.0	563591.0	927412.0	844328.0	438697.0	277364.0	1279607.0	926978.0	243835.0	251691.0	1133959.0	370444.0	321510.0	151341.0	778740.0	782839.0	217186.0	9015.0	403280.0	6876.0	235304.0	109127.0	428326.0	374370.0	118720.0	21816.0	163295.0	331856.0	54310.0	135214.0	617845.0	251263.0	276342.0
TCG	293322.0	486695.0	517075.0	238504.0	133074.0	759539.0	519447.0	110062.0	58747.0	397808.0	83739.0	115463.0	89687.0	871440.0	564662.0	298449.0	205478.0	348589.0	669931.0	185742.0	111522.0	408921.0	778545.0	126502.0	97352.0	723559.0	485283.0	198710.0	63879.0	645909.0	1337424.0	199788.0	546645.0	926315.0	883350.0	464005.0	283310.0	1261577.0	1202580.0	240194.0	228299.0	1211590.0	418071.0	329699.0	138365.0	799642.0	933279.0	209244.0	8881.0	424212.0	8072.0	251027.0	109987.0	374370.0	536574.0	107018.0	24300.0	180066.0	372127.0	55447.0	126206.0	708324.0	292203.0	274689.0
TCT	473702.0	194141.0	228769.0	334816.0	187542.0	189217.0	137610.0	169454.0	115951.0	140106.0	51611.0	146673.0	190060.0	247124.0	281158.0	394877.0	247577.0	88566.0	213096.0	142733.0	123356.0	97901.0	142614.0	141714.0	57491.0	134852.0	75556.0	127535.0	94366.0	130277.0	250908.0	205964.0	512336.0	212744.0	272006.0	420946.0	257575.0	254130.0	224495.0	258518.0	222558.0	239245.0	132708.0	259689.0	192808.0	159312.0	221795.0	260806.0	10967.0	133396.0	4487.0	259506.0	151322.0	118720.0	107018.0	178918.0	8731.0	51168.0	135765.0	61263.0	288228.0	175807.0	199871.0	334147.0
TGA	36385.0	23595.0	44613.0	18709.0	12849.0	39238.0	28948.0	9491.0	10952.0	30693.0	18262.0	10872.0	9263.0	35366.0	22681.0	18509.0	18711.0	22130.0	38577.0	12712.0	12905.0	33843.0	54712.0	11979.0	13302.0	54840.0	40743.0	15602.0	5766.0	35220.0	63121.0	12428.0	45977.0	49070.0	68285.0	27616.0	26714.0	76650.0	69457.0	19610.0	27440.0	58478.0	34322.0	22433.0	11431.0	40918.0	47637.0	15953.0	453.0	19431.0	197.0	14032.0	12196.0	21816.0	24300.0	8731.0	1744.0	11784.0	21782.0	4891.0	12634.0	31218.0	18196.0	17778.0
TGC	150056.0	225746.0	204416.0	119128.0	64825.0	342556.0	192896.0	55163.0	33329.0	179543.0	41029.0	52310.0	61702.0	415822.0	269311.0	164054.0	92311.0	193864.0	269966.0	108235.0	54461.0	195914.0	311306.0	65234.0	42244.0	326848.0	191858.0	87926.0	39407.0	334134.0	654418.0	118497.0	266538.0	426502.0	372504.0	222032.0	146402.0	635592.0	503081.0	122631.0	121939.0	599673.0	192046.0	163757.0	79090.0	384587.0	419450.0	113369.0	4864.0	201677.0	3702.0	127867.0	52229.0	163295.0	180066.0	51168.0	11784.0	440238.0	171389.0	139062.0	77704.0	299010.0	142896.0	149650.0
TGG	437810.0	516413.0	494942.0	339808.0	168713.0	717523.0	410328.0	145431.0	93831.0	401465.0	93254.0	152071.0	135380.0	742747.0	546457.0	371494.0	290332.0	389224.0	664735.0	241502.0	157911.0	450237.0	733012.0	176537.0	114834.0	795614.0	486268.0	243137.0	98546.0	616594.0	1267899.0	244936.0	661007.0	987532.0	859894.0	584933.0	320257.0	1223450.0	982239.0	284383.0	288309.0	1188853.0	415608.0	384329.0	183343.0	701964.0	782026.0	255446.0	12615.0	439658.0	7744.0	328228.0	134111.0	331856.0	372127.0	135765.0	21782.0	171389.0	532438.0	70046.0	216040.0	665224.0	315141.0	385280.0
TGT	166642.0	89326.0	90994.0	132901.0	72060.0	102945.0	68880.0	64103.0	42633.0	66929.0	23949.0	59150.0	83595.0	140549.0	137242.0	178955.0	89144.0	57008.0	98770.0	79426.0	51574.0	54745.0	86129.0	60221.0	27580.0	80185.0	52160.0	56956.0	42762.0	87050.0	183341.0	98695.0	198220.0	114064.0	127714.0	180685.0	118739.0	169233.0	146305.0	115480.0	102291.0	155654.0	80509.0	126912.0	83845.0	103432.0	138636.0	115467.0	4586.0	68316.0	2169.0	118370.0	55804.0	54310.0	55447.0	61263.0	4891.0	139062.0	70046.0	149796.0	127319.0	92177.0	106179.0	154085.0
TTA	992086.0	306422.0	348939.0	696117.0	339391.0	244850.0	180268.0	290927.0	228610.0	204121.0	76367.0	285232.0	414068.0	368091.0	485464.0	841573.0	525902.0	127003.0	282188.0	273607.0	235390.0	120531.0	164497.0	243543.0	105245.0	175159.0	91793.0	214094.0	218288.0	180017.0	325290.0	391172.0	941090.0	279162.0	365592.0	779076.0	500751.0	352803.0	301685.0	482219.0	404876.0	317694.0	208384.0	453640.0	361534.0	207410.0	287074.0	464321.0	25505.0	200385.0	8103.0	503803.0	274548.0	135214.0	126206.0	288228.0	12634.0	77704.0	216040.0	127319.0	777596.0	241498.0	379662.0	693839.0
TTC	573787.0	966050.0	935993.0	446586.0	228341.0	1294846.0	736880.0	190861.0	115303.0	678513.0	132865.0	187295.0	178761.0	1494274.0	993315.0	507690.0	337164.0	669734.0	1105414.0	319357.0	195617.0	732706.0	1217979.0	214656.0	143826.0	1339644.0	759004.0	344725.0	122627.0	1153375.0	2196333.0	346486.0	962417.0	1765542.0	1470023.0	807906.0	461075.0	2179766.0	1715685.0	385335.0	426978.0	2244839.0	678390.0	601414.0	249711.0	1339219.0	1375900.0	347089.0	16379.0	778755.0	11141.0	424962.0	180705.0	617845.0	708324.0	175807.0	31218.0	299010.0	665224.0	92177.0	241498.0	1285858.0	440015.0	489199.0
TTG	637962.0	405614.0	453927.0	465190.0	227712.0	482665.0	332394.0	200810.0	131592.0	324148.0	96869.0	212745.0	220096.0	635007.0	571929.0	599830.0	410380.0	239247.0	536228.0	270454.0	185910.0	265846.0	440541.0	207576.0	129717.0	501155.0	311301.0	274748.0	148655.0	425936.0	953767.0	349746.0	805079.0	573120.0	614626.0	697729.0	446462.0	881823.0	781685.0	423224.0	332000.0	729841.0	347671.0	442662.0	256791.0	467532.0	637968.0	367160.0	18026.0	292398.0	9965.0	390548.0	189209.0	251263.0	292203.0	199871.0	18196.0	142896.0	315141.0	106179.0	379662.0	440015.0	551404.0	525193.0
TTT	1123230.0	527025.0	561240.0	832544.0	402645.0	508075.0	351724.0	335429.0	260486.0	388852.0	125565.0	347642.0	451258.0	671010.0	724748.0	943799.0	559515.0	251143.0	543808.0	381531.0	295036.0	273477.0	412980.0	322333.0	143546.0	427205.0	233239.0	297649.0	226269.0	370264.0	799237.0	493114.0	1156276.0	594905.0	636523.0	1040114.0	596910.0	746633.0	619294.0	547196.0	545946.0	744567.0	381501.0	604968.0	430430.0	429922.0	602700.0	555097.0	26266.0	362527.0	10245.0	640307.0	325684.0	276342.0	274689.0	334147.0	17778.0	149650.0	385280.0	154085.0	693839.0	489199.0	525193.0	901704.0
End	277841.0	122787.0	213831.0	121068.0	51504.0	100461.0	76182.0	38169.0	61846.0	111131.0	59899.0	53903.0	51775.0	96559.0	75284.0	83908.0	107318.0	86755.0	142601.0	67710.0	59021.0	93992.0	125638.0	43230.0	84165.0	215714.0	134486.0	73887.0	36618.0	94923.0	157475.0	60894.0	205332.0	161543.0	199179.0	122078.0	141487.0	276257.0	217815.0	96430.0	105403.0	238262.0	118231.0	84341.0	52868.0	109306.0	107090.0	69825.0	1016418.0	57706.0	581318.0	62406.0	71581.0	89805.0	79880.0	47079.0	1571312.0	40316.0	74905.0	21598.0	70903.0	105561.0	68175.0	90854.0
