Proteome_ID	M	W	C	D	E	F	H	K	N	Q	Y	I	A	G	P	T	V	L	R	S
UP000006687	0.015845996047455353	0.016830878138491358	0.03267687418594671	0.03267687418594671	0.03267687418594671	0.03076474174033325	0.03267687418594671	0.03076474174033325	0.03076474174033325	0.03267687418594671	0.03076474174033325	0.04568348743321115	0.06941570422249377	0.06941570422249377	0.06941570422249377	0.06535374837189342	0.06535374837189342	0.09611849011222669	0.10209257840844048	0.09803062255784013
UP000007251	0.014646219853726425	0.01762266042127625	0.03226888027500267	0.03226888027500267	0.03226888027500267	0.026818715429065606	0.03226888027500267	0.026818715429065606	0.026818715429065606	0.03226888027500267	0.026818715429065606	0.038991211004404794	0.07765328186255607	0.07765328186255607	0.07765328186255607	0.06453776055000535	0.06453776055000535	0.09135647597907096	0.10992216213755875	0.09680664082500802
UP000006677	0.018916259357212944	0.013370947120469368	0.03228720647768231	0.03228720647768231	0.03228720647768231	0.04567762972577554	0.03228720647768231	0.04567762972577554	0.04567762972577554	0.03228720647768231	0.04567762972577554	0.07243900009433812	0.04564438690846676	0.04564438690846676	0.04564438690846676	0.06457441295536462	0.06457441295536462	0.11025204268114017	0.07793159338614908	0.09686161943304693
UP000007666	0.0191153145966515	0.012999147135642125	0.032114461732293625	0.032114461732293625	0.032114461732293625	0.04722448578428177	0.032114461732293625	0.04722448578428177	0.04722448578428177	0.032114461732293625	0.04722448578428177	0.07533365697191202	0.04367813159749528	0.04367813159749528	0.04367813159749528	0.06422892346458725	0.06422892346458725	0.11145340924886903	0.07579259332978891	0.09634338519688089
UP000099345	0.010874207110477525	0.01891166453996091	0.029785871650438438	0.029785871650438438	0.029785871650438438	0.017126876199002102	0.029785871650438438	0.017126876199002102	0.017126876199002102	0.029785871650438438	0.017126876199002102	0.02337954528752668	0.10360303182761194	0.10360303182761194	0.10360303182761194	0.059571743300876875	0.059571743300876875	0.07669861949987898	0.13338890347805038	0.08935761495131532
UP000007699	0.018379269794071156	0.014223017062051806	0.032602286856122965	0.032602286856122965	0.032602286856122965	0.042129333278458615	0.032602286856122965	0.042129333278458615	0.042129333278458615	0.032602286856122965	0.042129333278458615	0.06587939676284606	0.05045933678672338	0.05045933678672338	0.05045933678672338	0.06520457371224593	0.06520457371224593	0.10733390699070455	0.08306162364284635	0.0978068605683689
UP000002135	0.016367457211939062	0.01641542703299683	0.032782884244935896	0.032782884244935896	0.032782884244935896	0.03268708478216066	0.032782884244935896	0.03268708478216066	0.03268708478216066	0.032782884244935896	0.03268708478216066	0.04900671235238226	0.06575792895446002	0.06575792895446002	0.06575792895446002	0.06556576848987179	0.06556576848987179	0.09825285327203245	0.09854081319939592	0.09834865273480768
UP000008222	0.018839012077705268	0.01350561191788682	0.03234462399559209	0.03234462399559209	0.03234462399559209	0.045117597470336356	0.03234462399559209	0.045117597470336356	0.045117597470336356	0.03234462399559209	0.045117597470336356	0.07139618286296745	0.04637546146396931	0.04637546146396931	0.04637546146396931	0.06468924799118418	0.06468924799118418	0.10980684546152053	0.0787200854595614	0.09703387198677625
UP000008623	0.015334320817531381	0.017194680855727645	0.03252900167325903	0.03252900167325903	0.03252900167325903	0.02900956125426501	0.03252900167325903	0.02900956125426501	0.02900956125426501	0.03252900167325903	0.02900956125426501	0.04268480169099864	0.07295084131638294	0.07295084131638294	0.07295084131638294	0.06505800334651805	0.06505800334651805	0.09406756460078307	0.10547984298964196	0.09758700501977707
UP000172353	0.01718760073266527	0.003985765764697183	0.021173366497362452	0.021173366497362452	0.021173366497362452	0.09130475572507853	0.021173366497362452	0.09130475572507853	0.09130475572507853	0.021173366497362452	0.09130475572507853	0.16542191071749177	0.009820111674829086	0.009820111674829086	0.009820111674829086	0.042346732994724905	0.042346732994724905	0.13365148871980342	0.03099347817219154	0.06352009949208735
UP000163220	0.019967996577185346	0.01030414648441182	0.030272143061597163	0.030272143061597163	0.030272143061597163	0.05866318476280298	0.030272143061597163	0.05866318476280298	0.05866318476280298	0.030272143061597163	0.05866318476280298	0.09735837294842062	0.03124285356300246	0.03124285356300246	0.03124285356300246	0.060544286123194326	0.060544286123194326	0.1192074708859973	0.061514996624599624	0.09081642918479148
UP000000360	0.016500335445740404	0.01630165205136559	0.03280198749710599	0.03280198749710599	0.03280198749710599	0.03320177582516194	0.03280198749710599	0.03320177582516194	0.03320177582516194	0.03280198749710599	0.03320177582516194	0.04990321620458348	0.06481402617897773	0.06481402617897773	0.06481402617897773	0.06560397499421199	0.06560397499421199	0.09880575081937394	0.09761601367608372	0.09840596249131799
UP000004993	0.017342410252391798	0.015493690058568358	0.032836100310960153	0.032836100310960153	0.032836100310960153	0.03675413155476402	0.032836100310960153	0.03675413155476402	0.03675413155476402	0.032836100310960153	0.03675413155476402	0.05616585285713625	0.0586714710984203	0.0586714710984203	0.0586714710984203	0.06567220062192031	0.06567220062192031	0.10242633217668433	0.09150757140938048	0.09850830093288046
UP000008865	0.016547214136626874	0.01626069623175637	0.03280791036838324	0.03280791036838324	0.03280791036838324	0.03338599470179393	0.03280791036838324	0.03338599470179393	0.03338599470179393	0.03280791036838324	0.03338599470179393	0.050224775266960994	0.06447967133248438	0.06447967133248438	0.06447967133248438	0.06561582073676649	0.06561582073676649	0.09900181543856042	0.09728758170086761	0.09842373110514974
UP000009108	0.01882647906413434	0.013527013555847081	0.032353492619981425	0.032353492619981425	0.032353492619981425	0.04502859030539075	0.032353492619981425	0.04502859030539075	0.04502859030539075	0.032353492619981425	0.04502859030539075	0.07123070154664717	0.0464926162516741	0.0464926162516741	0.0464926162516741	0.06470698523996285	0.06470698523996285	0.1097355755453536	0.07884610887165552	0.09706047785994427
UP000000396	0.018405830876228147	0.014184870631360456	0.0325907015075886	0.0325907015075886	0.0325907015075886	0.042288643701840906	0.0325907015075886	0.042288643701840906	0.042288643701840906	0.0325907015075886	0.042288643701840906	0.06617145652745367	0.05023352521048106	0.05023352521048106	0.05023352521048106	0.0651814030151772	0.0651814030151772	0.10747004671701811	0.08282422671806965	0.0977721045227658
UP000007661	0.017503882688008596	0.015319040110767252	0.032822922798775855	0.032822922798775855	0.032822922798775855	0.03750421606008578	0.032822922798775855	0.03750421606008578	0.03750421606008578	0.032822922798775855	0.03750421606008578	0.057504549432162946	0.05745190137174863	0.05745190137174863	0.05745190137174863	0.06564584559755171	0.06564584559755171	0.10315006165763747	0.09027482417052449	0.09846876839632757
UP000007068	0.0183693920789413	0.014237113843628474	0.03260650592256977	0.03260650592256977	0.03260650592256977	0.04207044336335476	0.03260650592256977	0.04207044336335476	0.04207044336335476	0.03260650592256977	0.04207044336335476	0.06577149464776824	0.050543048443585384	0.050543048443585384	0.050543048443585384	0.06521301184513954	0.06521301184513954	0.1072834552084943	0.08314955436615516	0.09781951776770932
UP000134285	0.01784678700607408	0.014922601762434843	0.03276938876850893	0.03276938876850893	0.03276938876850893	0.039190773229841366	0.03276938876850893	0.039190773229841366	0.039190773229841366	0.03276938876850893	0.039190773229841366	0.06053475945360866	0.054800288525260386	0.054800288525260386	0.054800288525260386	0.06553877753701785	0.06553877753701785	0.10472955076685922	0.08756967729376933	0.09830816630552679
UP000006372	0.018627459161381275	0.013851856376434978	0.03247931553781625	0.03247931553781625	0.03247931553781625	0.04367697060442652	0.03247931553781625	0.04367697060442652	0.04367697060442652	0.03247931553781625	0.04367697060442652	0.06872648204747177	0.04830490408133392	0.04830490408133392	0.04830490408133392	0.0649586310756325	0.0649586310756325	0.10863560168005902	0.08078421961915018	0.09743794661344876
UP000009089	0.01924960073529715	0.012723722877201835	0.03197332361249899	0.03197332361249899	0.03197332361249899	0.048372140737507764	0.03197332361249899	0.048372140737507764	0.048372140737507764	0.03197332361249899	0.048372140737507764	0.07749468073971837	0.04226785944318975	0.04226785944318975	0.04226785944318975	0.06394664722499797	0.06394664722499797	0.11231878796250573	0.07424118305568875	0.09591997083749695
UP000002317	0.017769048389822562	0.015015749957542006	0.03278479834736457	0.03278479834736457	0.03278479834736457	0.038796241941435244	0.03278479834736457	0.038796241941435244	0.038796241941435244	0.03278479834736457	0.038796241941435244	0.05982343549304794	0.055409645310485714	0.055409645310485714	0.055409645310485714	0.06556959669472914	0.06556959669472914	0.10436583863616437	0.08819444365785027	0.0983543950420937
UP000000862	0.01879726023211218	0.013576445842891076	0.032373706075003256	0.032373706075003256	0.032373706075003256	0.044822996004391706	0.032373706075003256	0.044822996004391706	0.044822996004391706	0.032373706075003256	0.044822996004391706	0.07084873177667124	0.04676424775032955	0.04676424775032955	0.04676424775032955	0.06474741215000651	0.06474741215000651	0.10957040815439821	0.07913795382533281	0.09712111822500977
UP000000344	0.01995513573755884	0.010400229177751713	0.030355364915310552	0.030355364915310552	0.030355364915310552	0.058243469148157895	0.030355364915310552	0.058243469148157895	0.058243469148157895	0.030355364915310552	0.058243469148157895	0.09653180255875696	0.03164125326387122	0.03164125326387122	0.03164125326387122	0.060710729830621105	0.060710729830621105	0.11895419897877901	0.06199661817918177	0.09106609474593166
UP000125273	0.010536734284076716	0.018944719115644302	0.02948145339972102	0.02948145339972102	0.02948145339972102	0.016397088755184	0.02948145339972102	0.016397088755184	0.016397088755184	0.02948145339972102	0.016397088755184	0.02225744322629128	0.10601346465056308	0.10601346465056308	0.10601346465056308	0.05896290679944204	0.05896290679944204	0.07535999555462604	0.13549491805028407	0.08844436019916306
UP000000470	0.01719014456441027	0.015652027160203582	0.03284217172461385	0.03284217172461385	0.03284217172461385	0.03606955661249672	0.03284217172461385	0.03606955661249672	0.03606955661249672	0.03284217172461385	0.03606955661249672	0.05494896866058318	0.059807125170777894	0.059807125170777894	0.059807125170777894	0.0656843434492277	0.0656843434492277	0.10175390006172441	0.09264929689539177	0.09852651517384156
UP000008687	0.017844640317109965	0.014925201375368239	0.0327698416924782	0.0327698416924782	0.0327698416924782	0.03917977543780243	0.0327698416924782	0.03917977543780243	0.03917977543780243	0.0327698416924782	0.03917977543780243	0.06051491055849491	0.05481718629321041	0.05481718629321041	0.05481718629321041	0.0655396833849564	0.0655396833849564	0.10471945882275883	0.08758702798568861	0.09830952507743462
UP000008226	0.01895566235539478	0.013300330182454525	0.032255992537849304	0.032255992537849304	0.032255992537849304	0.045971317636324074	0.032255992537849304	0.045971317636324074	0.045971317636324074	0.032255992537849304	0.045971317636324074	0.07298697291725335	0.04526513957388435	0.04526513957388435	0.04526513957388435	0.06451198507569861	0.06451198507569861	0.11048330271202268	0.07752113211173364	0.09676797761354791
UP000009116	0.019341205499620873	0.012521486192298276	0.031862691691919146	0.031862691691919146	0.031862691691919146	0.049216431525797806	0.031862691691919146	0.049216431525797806	0.049216431525797806	0.031862691691919146	0.049216431525797806	0.07909165755197475	0.041255779437082474	0.041255779437082474	0.041255779437082474	0.06372538338383829	0.06372538338383829	0.1129418149096361	0.07311847112900163	0.09558807507575744
UP000002241	0.018301668775109407	0.014332494747192857	0.032634163522302265	0.032634163522302265	0.032634163522302265	0.04167171606010267	0.032634163522302265	0.04167171606010267	0.04167171606010267	0.032634163522302265	0.04167171606010267	0.06504176334509593	0.051113259999388656	0.051113259999388656	0.051113259999388656	0.06526832704460453	0.06526832704460453	0.10694004310470719	0.08374742352169091	0.09790249056690678
UP000006674	0.019706810843569986	0.011528890144293438	0.031235700987863425	0.031235700987863425	0.031235700987863425	0.05339248125621391	0.031235700987863425	0.05339248125621391	0.05339248125621391	0.031235700987863425	0.05339248125621391	0.08707815166885784	0.03654705656106447	0.03654705656106447	0.03654705656106447	0.06247140197572685	0.06247140197572685	0.11586388323194076	0.0677827575489279	0.09370710296359028
UP000006716	0.01945209124388924	0.012257233964117915	0.03170932520800716	0.03170932520800716	0.03170932520800716	0.050322339365796796	0.03170932520800716	0.050322339365796796	0.050322339365796796	0.03170932520800716	0.050322339365796796	0.08119258748770435	0.03996162808879931	0.03996162808879931	0.03996162808879931	0.06341865041601431	0.06341865041601431	0.1137409897818111	0.07167095329680646	0.09512797562402145
UP000001795	0.017310123058956357	0.015527765311284426	0.032837888370240785	0.032837888370240785	0.032837888370240785	0.036607192167700316	0.032837888370240785	0.036607192167700316	0.036607192167700316	0.032837888370240785	0.036607192167700316	0.055904261276444274	0.058913390990300366	0.058913390990300366	0.058913390990300366	0.06567577674048157	0.06567577674048157	0.10228296890818188	0.09175127936054116	0.09851366511072235
UP000007453	0.01794799215825203	0.014798214818467055	0.03274620697671908	0.03274620697671908	0.03274620697671908	0.0397161869347383	0.03274620697671908	0.0397161869347383	0.0397161869347383	0.03274620697671908	0.0397161869347383	0.06148438171122457	0.05399884299689462	0.05399884299689462	0.05399884299689462	0.06549241395343816	0.06549241395343816	0.10520860088817648	0.08674504997361371	0.09823862093015724
UP000140422	0.01496992529673391	0.017429663213764667	0.032399588510498574	0.032399588510498574	0.032399588510498574	0.027827239901230528	0.032399588510498574	0.027827239901230528	0.027827239901230528	0.032399588510498574	0.027827239901230528	0.04068455450572714	0.07544645745503577	0.07544645745503577	0.07544645745503577	0.06479917702099715	0.06479917702099715	0.09262641692222769	0.10784604596553433	0.09719876553149573
UP000009190	0.012374716053935454	0.01860154125227212	0.030976257306207573	0.030976257306207573	0.030976257306207573	0.020607023008437038	0.030976257306207573	0.020607023008437038	0.020607023008437038	0.030976257306207573	0.020607023008437038	0.02883932996293862	0.09312635952388879	0.09312635952388879	0.09312635952388879	0.06195251461241515	0.06195251461241515	0.08255953762085219	0.12410261683009635	0.09292877191862273
UP000007225	0.015219570089534132	0.01727076283202493	0.03249033292155906	0.03249033292155906	0.03249033292155906	0.02863156097627852	0.03249033292155906	0.02863156097627852	0.02863156097627852	0.03249033292155906	0.02863156097627852	0.04204355186302291	0.0737383291276599	0.0737383291276599	0.0737383291276599	0.06498066584311812	0.06498066584311812	0.09361222681939664	0.10622866204921896	0.09747099876467719
UP000008479	0.017257959694372306	0.015582242642587476	0.03284020233695978	0.03284020233695978	0.03284020233695978	0.03637184334027106	0.03284020233695978	0.03637184334027106	0.03637184334027106	0.03284020233695978	0.03637184334027106	0.055485726986169825	0.05930295473027961	0.05930295473027961	0.05930295473027961	0.06568040467391956	0.06568040467391956	0.10205224801419063	0.0921431570672394	0.09852060701087935
UP000002242	0.017076872158478727	0.015766052868287462	0.03284292502676619	0.03284292502676619	0.03284292502676619	0.03557354758848457	0.03284292502676619	0.03557354758848457	0.03557354758848457	0.03284292502676619	0.03557354758848457	0.05407022301849042	0.060643809652706916	0.060643809652706916	0.060643809652706916	0.06568585005353238	0.06568585005353238	0.10125939764201695	0.09348673467947309	0.09852877508029856
UP000007544	0.01811990598773098	0.014578233283726936	0.03269813927145791	0.03269813927145791	0.03269813927145791	0.04064190756461006	0.03269813927145791	0.04064190756461006	0.04064190756461006	0.03269813927145791	0.04064190756461006	0.06316390914148913	0.05261408117303348	0.05261408117303348	0.05261408117303348	0.06539627854291583	0.06539627854291583	0.10603818610752588	0.08531222044449141	0.09809441781437375
UP000007711	0.019813764722742117	0.011134780175521594	0.03094854489826371	0.03094854489826371	0.03094854489826371	0.0550713330177345	0.03094854489826371	0.0550713330177345	0.0550713330177345	0.03094854489826371	0.0550713330177345	0.09032890131272688	0.034784428806595345	0.034784428806595345	0.034784428806595345	0.06189708979652742	0.06189708979652742	0.11696842281426191	0.06573297370485906	0.09284563469479112
UP000009246	0.0199742639061599	0.010253351543646282	0.03022761544980618	0.03022761544980618	0.03022761544980618	0.058885562021180005	0.03022761544980618	0.058885562021180005	0.058885562021180005	0.03022761544980618	0.058885562021180005	0.09779686013620012	0.03103337064025025	0.03103337064025025	0.03103337064025025	0.06045523089961236	0.06045523089961236	0.11934079292079236	0.06126098609005643	0.09068284634941855
UP000002665	0.016603288128611886	0.016211134225559115	0.032814422354171	0.032814422354171	0.032814422354171	0.03360821652202889	0.032814422354171	0.03360821652202889	0.03360821652202889	0.032814422354171	0.03360821652202889	0.0506131449154459	0.06407875370191841	0.06407875370191841	0.06407875370191841	0.065628844708342	0.065628844708342	0.09923706123037089	0.09689317605608942	0.098443267062513
UP000002092	0.01611959125749225	0.01661887063272431	0.032738461890216564	0.032738461890216564	0.032738461890216564	0.031754902949308765	0.032738461890216564	0.031754902949308765	0.031754902949308765	0.032738461890216564	0.031754902949308765	0.04739021464112528	0.06750497009221647	0.06750497009221647	0.06750497009221647	0.06547692378043313	0.06547692378043313	0.09723182672974189	0.10024343198243303	0.09821538567064969
UP000007016	0.018737625787396735	0.013675402012911096	0.03241302780030783	0.03241302780030783	0.03241302780030783	0.04441135880212194	0.03241302780030783	0.04441135880212194	0.04441135880212194	0.03241302780030783	0.04441135880212194	0.07008509181684715	0.04731241734190448	0.04731241734190448	0.04731241734190448	0.06482605560061566	0.06482605560061566	0.10923741440273761	0.07972544514221232	0.09723908340092348
UP000009115	0.0167195326610399	0.01610635686414922	0.03282588952518912	0.03282588952518912	0.03282588952518912	0.034075584980097086	0.03282588952518912	0.034075584980097086	0.034075584980097086	0.03282588952518912	0.034075584980097086	0.05143163729915428	0.0632440513493336	0.0632440513493336	0.0632440513493336	0.06565177905037824	0.06565177905037824	0.0997273640304753	0.09606994087452272	0.09847766857556733
UP000002131	0.01089135677202564	0.018909619482934854	0.029800976254960494	0.029800976254960494	0.029800976254960494	0.017164441877868187	0.029800976254960494	0.017164441877868187	0.017164441877868187	0.029800976254960494	0.017164441877868187	0.023437526983710738	0.10348116088689512	0.10348116088689512	0.10348116088689512	0.05960195250992099	0.05960195250992099	0.07676639438778918	0.13328213714185563	0.08940292876488147
UP000009294	0.009324656077675691	0.01894727372120951	0.0282719297988852	0.0282719297988852	0.0282719297988852	0.013913665148125944	0.0282719297988852	0.013913665148125944	0.013913665148125944	0.0282719297988852	0.013913665148125944	0.0185026742185762	0.11489453081465774	0.11489453081465774	0.11489453081465774	0.0565438595977704	0.0565438595977704	0.07045752474589634	0.1431664606135429	0.0848157893966556
UP000008446	0.01976592234413475	0.011321009846736181	0.03108693219087093	0.03108693219087093	0.03108693219087093	0.0542762435437052	0.03108693219087093	0.0542762435437052	0.0542762435437052	0.03108693219087093	0.0542762435437052	0.08878656474327565	0.03561032562106584	0.03561032562106584	0.03561032562106584	0.06217386438174186	0.06217386438174186	0.11645010792544705	0.06669725781193676	0.09326079657261278
UP000002326	0.018729435426800275	0.013688797416279538	0.03241823284307981	0.03241823284307981	0.03241823284307981	0.0443556274682939	0.03241823284307981	0.0443556274682939	0.0443556274682939	0.03241823284307981	0.0443556274682939	0.06998181950978753	0.0473870794148665	0.0473870794148665	0.0473870794148665	0.06483646568615963	0.06483646568615963	0.10919209315445354	0.07980531225794632	0.09725469852923944
UP000007219	0.01595736727880654	0.016746114322002088	0.03270348160080863	0.03270348160080863	0.03270348160080863	0.031163137738415017	0.03270348160080863	0.031163137738415017	0.031163137738415017	0.03270348160080863	0.031163137738415017	0.04636890819802349	0.06863992437424084	0.06863992437424084	0.06863992437424084	0.06540696320161726	0.06540696320161726	0.09657010094003227	0.10134340597504947	0.09811044480242588
UP000006540	0.018505296360221992	0.014038787259088718	0.03254408361931071	0.03254408361931071	0.03254408361931071	0.042898143624001524	0.03254408361931071	0.042898143624001524	0.042898143624001524	0.03254408361931071	0.042898143624001524	0.06729099088778105	0.04937823827080998	0.04937823827080998	0.04937823827080998	0.06508816723862142	0.06508816723862142	0.10798631086262293	0.08192232189012069	0.09763225085793212
UP000000840	0.01705299816723731	0.015789691769877025	0.03284268993711433	0.03284268993711433	0.03284268993711433	0.03547037772917311	0.03284268993711433	0.03547037772917311	0.03547037772917311	0.03284268993711433	0.03547037772917311	0.05388775729110891	0.06081932876729907	0.06081932876729907	0.06081932876729907	0.06568537987422866	0.06568537987422866	0.10115575760340177	0.0936620187044134	0.098528069811343
UP000201106	0.01769579802730773	0.015101703879638767	0.0327975019069465	0.0327975019069465	0.0327975019069465	0.038431290546497465	0.0327975019069465	0.038431290546497465	0.038431290546497465	0.0327975019069465	0.038431290546497465	0.0591667830656872	0.055979183422670345	0.055979183422670345	0.055979183422670345	0.065595003813893	0.065595003813893	0.10402629436039047	0.08877668532961684	0.0983925057208395
UP000008920	0.018410271076840425	0.014178459151532825	0.03258873022837325	0.03258873022837325	0.03258873022837325	0.042315413201265466	0.03258873022837325	0.042315413201265466	0.042315413201265466	0.03258873022837325	0.042315413201265466	0.0662205553256905	0.050195673753502555	0.050195673753502555	0.050195673753502555	0.0651774604567465	0.0651774604567465	0.10749287365801195	0.08278440398187581	0.09776619068511974
UP000009253	0.019081862511357454	0.01306441499366423	0.032146277505021685	0.032146277505021685	0.032146277505021685	0.046952798720819026	0.032146277505021685	0.046952798720819026	0.046952798720819026	0.032146277505021685	0.046952798720819026	0.07482373493028059	0.044017957846319296	0.044017957846319296	0.044017957846319296	0.06429255501004337	0.06429255501004337	0.1112453537308624	0.076164235351341	0.09643883251506506
UP000008286	0.019658690412189584	0.011684287344690417	0.03134297775688	0.03134297775688	0.03134297775688	0.052734230008357766	0.03134297775688	0.052734230008357766	0.052734230008357766	0.03134297775688	0.052734230008357766	0.08580976960452594	0.037257859060901365	0.037257859060901365	0.037257859060901365	0.06268595551376	0.06268595551376	0.11542018552211777	0.06860083681778135	0.09402893327063999
UP000007908	0.01712396368401447	0.015719026570323334	0.0328429902543378	0.0328429902543378	0.0328429902543378	0.0357784351259706	0.0328429902543378	0.0357784351259706	0.0357784351259706	0.0328429902543378	0.0357784351259706	0.05443290656792674	0.06029676843320384	0.06029676843320384	0.06029676843320384	0.0656859805086756	0.0656859805086756	0.1014644156346462	0.09313975868754164	0.09852897076301341
UP000007670	0.01707138853312569	0.01577149443880302	0.03284288297192871	0.03284288297192871	0.03284288297192871	0.035549809051850706	0.03284288297192871	0.035549809051850706	0.035549809051850706	0.03284288297192871	0.035549809051850706	0.054028229570575736	0.06068414940482783	0.06068414940482783	0.06068414940482783	0.06568576594385742	0.06568576594385742	0.10123557499570812	0.09352703237675654	0.09852864891578612
UP000002501	0.019508077761195317	0.012113956485296448	0.031622034246491765	0.031622034246491765	0.031622034246491765	0.050923503299396794	0.031622034246491765	0.050923503299396794	0.050923503299396794	0.031622034246491765	0.050923503299396794	0.08233892883759827	0.03927275168038735	0.03927275168038735	0.03927275168038735	0.06324406849298353	0.06324406849298353	0.11416757179238034	0.07089478592687912	0.09486610273947531
UP000008167	0.014332750339768784	0.01779606350598496	0.032128813845753744	0.032128813845753744	0.032128813845753744	0.025876187023564347	0.032128813845753744	0.025876187023564347	0.025876187023564347	0.032128813845753744	0.025876187023564347	0.037419623707359906	0.07978460491068962	0.07978460491068962	0.07978460491068962	0.06425762769150749	0.06425762769150749	0.09013381471507183	0.11191341875644335	0.09638644153726122
UP000110594	0.006265619205891008	0.018017402596844482	0.024283021802735488	0.024283021802735488	0.024283021802735488	0.008444511741716666	0.024283021802735488	0.008444511741716666	0.008444511741716666	0.024283021802735488	0.008444511741716666	0.010623404277542324	0.13965642204252665	0.13965642204252665	0.13965642204252665	0.048566043605470975	0.048566043605470975	0.057010555347187644	0.16393944384526213	0.07284906540820647
UP000008447	0.01802654710653966	0.01469910464890385	0.03272565175544351	0.03272565175544351	0.03272565175544351	0.040133771209371394	0.03272565175544351	0.040133771209371394	0.040133771209371394	0.03272565175544351	0.040133771209371394	0.06224099531220313	0.05336993013846092	0.05336993013846092	0.05336993013846092	0.06545130351088702	0.06545130351088702	0.10558507472025841	0.08609558189390444	0.09817695526633052
UP000002325	0.017814718273579257	0.01496127314921299	0.03277599142279225	0.03277599142279225	0.03277599142279225	0.03902709665888353	0.03277599142279225	0.03902709665888353	0.03902709665888353	0.03277599142279225	0.03902709665888353	0.06023947504418779	0.055052294724179635	0.055052294724179635	0.055052294724179635	0.0655519828455845	0.0655519828455845	0.10457907950446801	0.08782828614697188	0.09832797426837674
UP000006541	0.01669469636499264	0.01612897709780742	0.03282367346280006	0.03282367346280006	0.03282367346280006	0.033974954438964776	0.03282367346280006	0.033974954438964776	0.033974954438964776	0.03282367346280006	0.033974954438964776	0.05125521251293691	0.06342280997185958	0.06342280997185958	0.06342280997185958	0.06564734692560012	0.06564734692560012	0.0996223013645649	0.09624648343465964	0.0984710203884002
UP000138352	0.01890974912934784	0.013382485616476125	0.03229223474582397	0.03229223474582397	0.03229223474582397	0.04562964425067202	0.03229223474582397	0.04562964425067202	0.04562964425067202	0.03229223474582397	0.04562964425067202	0.0723495393719962	0.04570662086036503	0.04570662086036503	0.04570662086036503	0.06458446949164794	0.06458446949164794	0.11021411374231996	0.077998855606189	0.0968767042374719
UP000006711	0.012710396453087122	0.01849609966829876	0.03120649612138588	0.03120649612138588	0.03120649612138588	0.02144489620665107	0.03120649612138588	0.02144489620665107	0.02144489620665107	0.03120649612138588	0.02144489620665107	0.030179395960215016	0.09082304626608888	0.09082304626608888	0.09082304626608888	0.06241299224277176	0.06241299224277176	0.08385788844942282	0.12202954238747477	0.09361948836415765
UP000008622	0.0199008976454373	0.0107307983555993	0.0306316960010366	0.0306316960010366	0.0306316960010366	0.05680828458627162	0.0306316960010366	0.05680828458627162	0.05680828458627162	0.0306316960010366	0.05680828458627162	0.09371567152710594	0.03303394238123758	0.03303394238123758	0.03303394238123758	0.0612633920020732	0.0612633920020732	0.11807167658834483	0.06366563838227418	0.0918950880031098
UP000001189	0.014059189417867666	0.01793691625033474	0.03199610566820241	0.03199610566820241	0.03199610566820241	0.025078965857075454	0.03199610566820241	0.025078965857075454	0.025078965857075454	0.03199610566820241	0.025078965857075454	0.036098742296283244	0.08164218443177523	0.08164218443177523	0.08164218443177523	0.06399221133640481	0.06399221133640481	0.08907117719348026	0.11363829009997764	0.09598831700460721
UP000516359	0.01998630532032082	0.010145903241065039	0.03013220856138586	0.03013220856138586	0.03013220856138586	0.05935711251867065	0.03013220856138586	0.05935711251867065	0.05935711251867065	0.03013220856138586	0.05935711251867065	0.09872791971702048	0.030592795176863148	0.030592795176863148	0.030592795176863148	0.06026441712277172	0.06026441712277172	0.11962152964144238	0.06072500373824902	0.09039662568415759
UP000002477	0.017448382217209728	0.015379882927440967	0.032828265144650697	0.032828265144650697	0.032828265144650697	0.037243464106594244	0.032828265144650697	0.037243464106594244	0.037243464106594244	0.032828265144650697	0.037243464106594244	0.05703854599597874	0.05787297278915974	0.05787297278915974	0.05787297278915974	0.06565653028930139	0.06565653028930139	0.10289999439589563	0.09070123793381044	0.0984847954339521
UP000009104	0.018851103174744924	0.013484849672360478	0.0323359528471054	0.0323359528471054	0.0323359528471054	0.04520394355035978	0.0323359528471054	0.04520394355035978	0.04520394355035978	0.0323359528471054	0.04520394355035978	0.07155678392597463	0.046262063192135	0.046262063192135	0.046262063192135	0.0646719056942108	0.0646719056942108	0.10987584924457058	0.0785980160392404	0.0970078585413162
UP000007218	0.018911245230383955	0.013379837155752309	0.03229108238613627	0.03229108238613627	0.03229108238613627	0.045640658451229034	0.03229108238613627	0.045640658451229034	0.045640658451229034	0.03229108238613627	0.045640658451229034	0.07237007167207411	0.045692329473400094	0.045692329473400094	0.045692329473400094	0.06458216477227254	0.06458216477227254	0.11022282322350156	0.07798341185953636	0.0968732471584088
UP000000518	0.012888419380372156	0.018434807494572113	0.031323226874944265	0.031323226874944265	0.031323226874944265	0.021899164633516887	0.031323226874944265	0.021899164633516887	0.021899164633516887	0.031323226874944265	0.021899164633516887	0.030909909886661622	0.08960565923666143	0.08960565923666143	0.08960565923666143	0.06264645374988853	0.06264645374988853	0.08454561838340542	0.1209288861116057	0.0939696806248328
UP000008774	0.012502791612721505	0.018562868837163498	0.031065660449885003	0.031065660449885003	0.031065660449885003	0.02092389287042051	0.031065660449885003	0.02092389287042051	0.02092389287042051	0.031065660449885003	0.02092389287042051	0.029344994128119518	0.09224624358040445	0.09224624358040445	0.09224624358040445	0.062131320899770005	0.062131320899770005	0.08305521377019053	0.12331190403028947	0.093196981349655
UP000001833	0.019054544940442335	0.01311682331294377	0.0321713682533861	0.0321713682533861	0.0321713682533861	0.04673469845208194	0.0321713682533861	0.04673469845208194	0.04673469845208194	0.0321713682533861	0.04673469845208194	0.07441485196372154	0.044292440930422755	0.044292440930422755	0.044292440930422755	0.0643427365067722	0.0643427365067722	0.11107743495885417	0.07646380918380885	0.09651410476015831
UP000002138	0.01415355230107878	0.017889414473915295	0.032042966774994075	0.032042966774994075	0.032042966774994075	0.025351405815595147	0.032042966774994075	0.025351405815595147	0.025351405815595147	0.032042966774994075	0.025351405815595147	0.036549259330111515	0.08100156079800187	0.08100156079800187	0.08100156079800187	0.06408593354998815	0.06408593354998815	0.0894373393655833	0.11304452757299595	0.09612890032498222
UP000008478	0.019206748616686503	0.0128141137852355	0.03202086240192201	0.03202086240192201	0.03202086240192201	0.04799525468174399	0.03202086240192201	0.04799525468174399	0.04799525468174399	0.03202086240192201	0.04799525468174399	0.07678376074680149	0.042726541853431624	0.042726541853431624	0.042726541853431624	0.06404172480384401	0.06404172480384401	0.11203697948558801	0.07474740425535363	0.09606258720576602
UP000158064	0.019102869242627715	0.013023572789118492	0.03212644203174621	0.03212644203174621	0.03212644203174621	0.047122800425093335	0.03212644203174621	0.047122800425093335	0.047122800425093335	0.03212644203174621	0.047122800425093335	0.07514273160755895	0.04380504843975876	0.04380504843975876	0.04380504843975876	0.06425288406349242	0.06425288406349242	0.11137568448858574	0.07593149047150498	0.09637932609523862
UP000001065	0.020014737389015592	0.009781570112720815	0.029796307501736407	0.029796307501736407	0.029796307501736407	0.06096825590750951	0.029796307501736407	0.06096825590750951	0.06096825590750951	0.029796307501736407	0.06096825590750951	0.10192177442600343	0.02912400650216664	0.02912400650216664	0.02912400650216664	0.059592615003472814	0.059592615003472814	0.12056087091098233	0.05892031400390304	0.08938892250520922
UP000002473	0.0179717610942957	0.014768468666108198	0.032740229760403895	0.032740229760403895	0.032740229760403895	0.039841611254972764	0.032740229760403895	0.039841611254972764	0.039841611254972764	0.032740229760403895	0.039841611254972764	0.06171146141564983	0.053809201535756	0.053809201535756	0.053809201535756	0.06548045952080779	0.06548045952080779	0.10532207077578055	0.0865494312961599	0.09822068928121169
UP000001594	0.014728663554416207	0.017574872347135694	0.032303535901551904	0.032303535901551904	0.032303535901551904	0.027072055063290718	0.032303535901551904	0.027072055063290718	0.027072055063290718	0.032303535901551904	0.027072055063290718	0.03941544657216524	0.0770919259216377	0.0770919259216377	0.0770919259216377	0.06460707180310381	0.06460707180310381	0.09167912686639453	0.10939546182318961	0.0969106077046557
UP000000868	0.019207981903334618	0.012811546844108903	0.032019528747443515	0.032019528747443515	0.032019528747443515	0.04800595402084531	0.032019528747443515	0.04800595402084531	0.04800595402084531	0.032019528747443515	0.04800595402084531	0.076803926138356	0.04271346094958031	0.04271346094958031	0.04271346094958031	0.06403905749488703	0.06403905749488703	0.11204501151573236	0.07473298969702383	0.09605858624233056
UP000009165	0.018896492437312597	0.013405871063365634	0.03230236350067823	0.03230236350067823	0.03230236350067823	0.04553239134650034	0.03230236350067823	0.04553239134650034	0.04553239134650034	0.03230236350067823	0.04553239134650034	0.07216829025568809	0.04583298425023965	0.04583298425023965	0.04583298425023965	0.06460472700135646	0.06460472700135646	0.1101371183478568	0.07813534775091786	0.09690709050203469
UP000002243	0.019432615457910182	0.012305408172778844	0.031738023630689026	0.031738023630689026	0.031738023630689026	0.05012046735463707	0.031738023630689026	0.05012046735463707	0.05012046735463707	0.031738023630689026	0.05012046735463707	0.08080831925136396	0.04019524147110655	0.04019524147110655	0.04019524147110655	0.06347604726137805	0.06347604726137805	0.11359651461601512	0.07193326510179558	0.09521407089206706
UP000242267	0.019786660965738997	0.01124257685135563	0.03102923781709463	0.03102923781709463	0.03102923781709463	0.054610701517073174	0.03102923781709463	0.054610701517073174	0.054610701517073174	0.03102923781709463	0.054610701517073174	0.08943474206840733	0.03526098631817821	0.03526098631817821	0.03526098631817821	0.06205847563418926	0.06205847563418926	0.11666917715126243	0.06629022413527284	0.09308771345128387
UP000158680	0.011415377414047691	0.01883029077178504	0.03024566818583273	0.03024566818583273	0.03024566818583273	0.018335655124278566	0.03024566818583273	0.018335655124278566	0.018335655124278566	0.03024566818583273	0.018335655124278566	0.025255932834509436	0.09978377514269351	0.09978377514269351	0.09978377514269351	0.06049133637166546	0.06049133637166546	0.07882699149594403	0.13002944332852626	0.09073700455749821
UP000153037	0.013186123325142974	0.018323924263312735	0.03151004758845571	0.03151004758845571	0.03151004758845571	0.02267502132795787	0.03151004758845571	0.02267502132795787	0.02267502132795787	0.03151004758845571	0.02267502132795787	0.03216391933077276	0.08757505315353663	0.08757505315353663	0.08757505315353663	0.06302009517691141	0.06302009517691141	0.08569511650486927	0.11908510074199234	0.09453014276536713
UP000000373	0.018766271994012585	0.013628183721813753	0.03239445571582634	0.03239445571582634	0.03239445571582634	0.04460779069834003	0.03239445571582634	0.04460779069834003	0.04460779069834003	0.03239445571582634	0.04460779069834003	0.07044930940266748	0.047050111413102745	0.047050111413102745	0.047050111413102745	0.06478891143165268	0.06478891143165268	0.10939670212999271	0.07944456712892907	0.09718336714747901
UP000000522	0.018448016381872875	0.014123548856766737	0.03257156523863961	0.03257156523863961	0.03257156523863961	0.04254460229503696	0.03257156523863961	0.04254460229503696	0.04254460229503696	0.03257156523863961	0.04254460229503696	0.06664118820820103	0.04987268912459508	0.04987268912459508	0.04987268912459508	0.06514313047727922	0.06514313047727922	0.10768773277231619	0.0824442543632347	0.09771469571591883
UP000007081	0.018769753056806112	0.01362240630742989	0.032392159364236006	0.032392159364236006	0.032392159364236006	0.04463182337409873	0.032392159364236006	0.04463182337409873	0.04463182337409873	0.032392159364236006	0.04463182337409873	0.07049389369139135	0.04701810990258473	0.04701810990258473	0.04701810990258473	0.06478431872847201	0.06478431872847201	0.10941614210257074	0.07941026926682072	0.09717647809270799
UP000002246	0.019986424357434363	0.010144761747134478	0.03013118610456884	0.03013118610456884	0.03013118610456884	0.05936213061374714	0.03013118610456884	0.05936213061374714	0.05936213061374714	0.03013118610456884	0.05936213061374714	0.09873783687005992	0.030588133097025755	0.030588133097025755	0.030588133097025755	0.06026237220913768	0.06026237220913768	0.11962450282288482	0.06071931920159459	0.09039355831370653
UP000006723	0.016263562717126537	0.01650206466690761	0.03276562738403415	0.03276562738403415	0.03276562738403415	0.03229207051859759	0.03276562738403415	0.03229207051859759	0.03229207051859759	0.03276562738403415	0.03229207051859759	0.048320578320068634	0.06649225773559926	0.06649225773559926	0.06649225773559926	0.0655312547680683	0.0655312547680683	0.09782332528666589	0.0992578851196334	0.09829688215210246
UP000000469	0.01917969988872677	0.01286991888845914	0.032049618777185915	0.032049618777185915	0.032049618777185915	0.04776269959601303	0.032049618777185915	0.04776269959601303	0.04776269959601303	0.032049618777185915	0.04776269959601303	0.07634569930329928	0.04301172557041524	0.04301172557041524	0.04301172557041524	0.06409923755437183	0.06409923755437183	0.11186193715038484	0.07506134434760116	0.09614885633155772
UP000000869	0.011640563231809734	0.018786258214820505	0.03042682144663024	0.03042682144663024	0.03042682144663024	0.018853426528177203	0.03042682144663024	0.018853426528177203	0.018853426528177203	0.03042682144663024	0.018853426528177203	0.02606628982454467	0.09820935859712136	0.09820935859712136	0.09820935859712136	0.06085364289326048	0.06085364289326048	0.07970706942143768	0.1286361800437516	0.09128046433989072
UP000126245	0.018223697008855615	0.014439674664424612	0.03266337167328023	0.03266337167328023	0.03266337167328023	0.04122304709039061	0.03266337167328023	0.04122304709039061	0.04122304709039061	0.03266337167328023	0.04122304709039061	0.06422239717192561	0.05176210515090944	0.05176210515090944	0.05176210515090944	0.06532674334656045	0.06532674334656045	0.10654979043695106	0.08442547682418967	0.09799011501984067
