	M	W	C	D	E	F	H	K	N	Q	Y	I	A	G	P	T	V	L	R	S
Start	169329.0	727.0	1084.0	9487.0	10544.0	3749.0	2241.0	16346.0	8673.0	4034.0	3340.0	10725.0	13596.0	7850.0	7522.0	14284.0	9309.0	8402.0	11112.0	21938.0
M	50000.0	21053.0	20242.0	126397.0	171107.0	76186.0	37620.0	123801.0	75524.0	54428.0	71356.0	140171.0	171251.0	154573.0	86317.0	108069.0	152465.0	180034.0	126448.0	128308.0
W	21053.0	17438.0	10241.0	68770.0	78792.0	40346.0	19751.0	50820.0	38469.0	24424.0	39704.0	61555.0	79180.0	79602.0	49499.0	54153.0	72979.0	88166.0	64406.0	60599.0
C	20242.0	10241.0	17914.0	56782.0	70685.0	34766.0	20369.0	49252.0	35746.0	21738.0	35203.0	59147.0	73833.0	76519.0	44968.0	48746.0	70774.0	71409.0	54206.0	57561.0
D	126397.0	68770.0	56782.0	460878.0	460784.0	234822.0	108795.0	249679.0	201357.0	125420.0	215485.0	451348.0	479802.0	432418.0	273632.0	341442.0	540180.0	609254.0	312692.0	356426.0
E	171107.0	78792.0	70685.0	460784.0	578926.0	292146.0	118272.0	357533.0	231375.0	158369.0	262073.0	566636.0	648075.0	521599.0	305414.0	395893.0	642642.0	808138.0	406430.0	393752.0
F	76186.0	40346.0	34766.0	234822.0	292146.0	137342.0	65992.0	198732.0	139156.0	86926.0	126468.0	235357.0	289181.0	287735.0	166440.0	189280.0	272902.0	314788.0	209686.0	230512.0
H	37620.0	19751.0	20369.0	108795.0	118272.0	65992.0	51214.0	77109.0	55910.0	40976.0	64159.0	116465.0	133431.0	127277.0	81307.0	92196.0	130496.0	160515.0	99573.0	96301.0
K	123801.0	50820.0	49252.0	249679.0	357533.0	198732.0	77109.0	322542.0	190158.0	104257.0	195988.0	408098.0	365144.0	347475.0	179365.0	234476.0	383290.0	522192.0	259557.0	271269.0
N	75524.0	38469.0	35746.0	201357.0	231375.0	139156.0	55910.0	190158.0	150900.0	78341.0	139128.0	283699.0	240246.0	231619.0	146822.0	214089.0	268934.0	341931.0	163025.0	221164.0
Q	54428.0	24424.0	21738.0	125420.0	158369.0	86926.0	40976.0	104257.0	78341.0	69680.0	83443.0	165051.0	194296.0	155465.0	98137.0	126955.0	174521.0	228251.0	129656.0	130164.0
Y	71356.0	39704.0	35203.0	215485.0	262073.0	126468.0	64159.0	195988.0	139128.0	83443.0	134850.0	226280.0	253239.0	259625.0	156484.0	181708.0	248563.0	306651.0	193479.0	211613.0
I	140171.0	61555.0	59147.0	451348.0	566636.0	235357.0	116465.0	408098.0	283699.0	165051.0	226280.0	429968.0	537385.0	533988.0	284710.0	348351.0	481030.0	553042.0	377335.0	437003.0
A	171251.0	79180.0	73833.0	479802.0	648075.0	289181.0	133431.0	365144.0	240246.0	194296.0	253239.0	537385.0	852108.0	612999.0	315904.0	433949.0	681738.0	784883.0	479733.0	473858.0
G	154573.0	79602.0	76519.0	432418.0	521599.0	287735.0	127277.0	347475.0	231619.0	155465.0	259625.0	533988.0	612999.0	619986.0	347805.0	419047.0	649275.0	689068.0	408064.0	462299.0
P	86317.0	49499.0	44968.0	273632.0	305414.0	166440.0	81307.0	179365.0	146822.0	98137.0	156484.0	284710.0	315904.0	347805.0	217104.0	250476.0	338772.0	378706.0	210409.0	264154.0
T	108069.0	54153.0	48746.0	341442.0	395893.0	189280.0	92196.0	234476.0	214089.0	126955.0	181708.0	348351.0	433949.0	419047.0	250476.0	369456.0	408623.0	463646.0	273536.0	340790.0
V	152465.0	72979.0	70774.0	540180.0	642642.0	272902.0	130496.0	383290.0	268934.0	174521.0	248563.0	481030.0	681738.0	649275.0	338772.0	408623.0	671456.0	658000.0	439587.0	460055.0
L	180034.0	88166.0	71409.0	609254.0	808138.0	314788.0	160515.0	522192.0	341931.0	228251.0	306651.0	553042.0	784883.0	689068.0	378706.0	463646.0	658000.0	781486.0	563272.0	578288.0
R	126448.0	64406.0	54206.0	312692.0	406430.0	209686.0	99573.0	259557.0	163025.0	129656.0	193479.0	377335.0	479733.0	408064.0	210409.0	273536.0	439587.0	563272.0	385242.0	297672.0
S	128308.0	60599.0	57561.0	356426.0	393752.0	230512.0	96301.0	271269.0	221164.0	130164.0	211613.0	437003.0	473858.0	462299.0	264154.0	340790.0	460055.0	578288.0	297672.0	405774.0
End	4547.0	4320.0	3070.0	21131.0	34089.0	11573.0	5314.0	26810.0	12155.0	11458.0	9119.0	18180.0	19955.0	24961.0	12557.0	13420.0	19098.0	29383.0	28872.0	24278.0
