	M	W	C	D	E	F	H	K	N	Q	Y	I	A	G	P	T	V	L	R	S
Start	2076.5	9.0	14.0	123.0	149.0	51.0	26.0	209.5	110.5	48.0	42.0	135.0	160.0	101.5	95.0	113.0	119.5	110.5	157.5	232.5
M	633.0	277.5	234.5	1569.0	2351.0	1075.5	492.5	1735.0	1026.0	711.0	962.5	1937.0	2156.5	2022.5	1135.0	1450.5	2059.5	2385.5	1723.0	1735.5
W	277.5	218.0	134.5	718.5	929.5	504.0	236.0	660.0	529.5	281.0	509.0	860.0	919.0	996.0	656.5	588.5	937.5	1194.0	818.5	789.0
C	234.5	134.5	245.0	752.5	1042.0	456.5	270.0	545.5	463.0	269.0	494.5	699.5	939.0	1084.5	600.0	644.0	972.0	994.0	727.5	729.5
D	1569.0	718.5	752.5	3704.0	4616.0	2774.0	1035.5	3288.0	2805.0	1232.5	2609.5	5961.0	4317.0	4304.5	2649.5	3118.0	6044.0	6709.5	3097.5	3758.5
E	2351.0	929.5	1042.0	4616.0	6658.0	3721.5	1275.5	4133.0	3239.0	1750.0	3394.5	7866.5	6775.5	5996.5	3601.5	4236.5	7634.0	10240.0	5024.0	4769.5
F	1075.5	504.0	456.5	2774.0	3721.5	1779.0	806.5	2595.5	1900.0	1069.5	1633.0	3185.0	3371.5	3702.0	2134.0	2335.5	3620.0	3964.0	2774.5	2998.0
H	492.5	236.0	270.0	1035.5	1275.5	806.5	544.0	990.0	724.5	385.0	836.5	1528.0	1376.0	1426.5	938.5	971.0	1529.0	1970.5	1064.0	1119.5
K	1735.0	660.0	545.5	3288.0	4133.0	2595.5	990.0	3621.0	2077.0	1294.0	2507.5	5073.0	4928.0	4530.5	2436.0	2871.0	5032.5	6902.0	3339.5	3507.0
N	1026.0	529.5	463.0	2805.0	3239.0	1900.0	724.5	2077.0	1674.0	970.0	1779.0	3286.5	3011.0	3128.5	1923.5	2725.5	3529.0	4458.5	2161.0	2740.5
Q	711.0	281.0	269.0	1232.5	1750.0	1069.5	385.0	1294.0	970.0	750.0	1060.5	2038.5	1951.0	1696.5	1124.0	1421.5	2025.0	2737.0	1286.5	1470.0
Y	962.5	509.0	494.5	2609.5	3394.5	1633.0	836.5	2507.5	1779.0	1060.5	1739.0	2821.0	3341.5	3346.5	2070.5	2288.5	3191.0	4183.5	2689.0	2723.5
I	1937.0	860.0	699.5	5961.0	7866.5	3185.0	1528.0	5073.0	3286.5	2038.5	2821.0	5413.0	6986.0	7289.5	3852.5	4535.0	6536.0	7479.0	5372.0	5632.5
A	2156.5	919.0	939.0	4317.0	6775.5	3371.5	1376.0	4928.0	3011.0	1951.0	3341.5	6986.0	8181.0	6292.0	3196.0	4008.5	7458.0	8992.0	5090.5	5532.5
G	2022.5	996.0	1084.5	4304.5	5996.5	3702.0	1426.5	4530.5	3128.5	1696.5	3346.5	7289.5	6292.0	6907.0	4030.5	4552.5	7795.0	8693.5	5304.0	5629.0
P	1135.0	656.5	600.0	2649.5	3601.5	2134.0	938.5	2436.0	1923.5	1124.0	2070.5	3852.5	3196.0	4030.5	2631.0	2646.5	4170.0	4958.0	2494.0	3064.0
T	1450.5	588.5	644.0	3118.0	4236.5	2335.5	971.0	2871.0	2725.5	1421.5	2288.5	4535.0	4008.5	4552.5	2646.5	3757.0	4590.5	5144.0	2783.0	4125.5
V	2059.5	937.5	972.0	6044.0	7634.0	3620.0	1529.0	5032.5	3529.0	2025.0	3191.0	6536.0	7458.0	7795.0	4170.0	4590.5	8312.0	8630.0	5670.0	5989.0
L	2385.5	1194.0	994.0	6709.5	10240.0	3964.0	1970.5	6902.0	4458.5	2737.0	4183.5	7479.0	8992.0	8693.5	4958.0	5144.0	8630.0	10648.0	7614.5	7500.0
R	1723.0	818.5	727.5	3097.5	5024.0	2774.5	1064.0	3339.5	2161.0	1286.5	2689.0	5372.0	5090.5	5304.0	2494.0	2783.0	5670.0	7614.5	4683.0	3774.5
S	1735.5	789.0	729.5	3758.5	4769.5	2998.0	1119.5	3507.0	2740.5	1470.0	2723.5	5632.5	5532.5	5629.0	3064.0	4125.5	5989.0	7500.0	3774.5	5263.0
End	61.5	56.5	42.5	170.0	387.0	157.0	61.5	376.0	152.5	142.0	124.0	240.0	210.5	341.0	165.5	150.5	250.0	381.5	361.5	310.0
