	AAA	AAC	AAG	AAT	ACA	ACC	ACG	ACT	AGA	AGC	AGG	AGT	ATA	ATC	ATG	ATT	CAA	CAC	CAG	CAT	CCA	CCC	CCG	CCT	CGA	CGC	CGG	CGT	CTA	CTC	CTG	CTT	GAA	GAC	GAG	GAT	GCA	GCC	GCG	GCT	GGA	GGC	GGG	GGT	GTA	GTC	GTG	GTT	TAA	TAC	TAG	TAT	TCA	TCC	TCG	TCT	TGA	TGC	TGG	TGT	TTA	TTC	TTG	TTT
Start	93.0	50.0	79.5	46.5	35.5	25.5	20.5	31.0	41.0	62.5	32.5	55.0	52.5	28.5	1709.0	42.0	19.0	13.0	29.0	13.0	26.5	20.5	20.0	20.0	8.5	9.0	8.0	10.0	11.0	21.0	19.0	19.5	85.5	39.5	68.0	73.0	60.0	20.5	24.5	38.0	38.0	15.0	18.0	23.0	31.5	20.0	282.5	36.0	0.0	19.0	0.0	23.0	33.0	24.0	15.0	28.5	0.0	6.0	9.0	7.5	15.0	23.0	137.5	26.0
AAA	539.0	408.5	625.5	339.0	273.0	300.5	236.0	236.0	298.0	223.5	359.0	169.0	668.5	513.0	580.5	547.0	140.0	204.0	326.5	185.0	208.0	207.0	200.5	202.0	86.5	93.0	82.0	94.5	235.5	493.5	375.5	496.5	759.5	631.5	922.0	624.5	514.5	428.0	322.5	412.0	493.0	394.5	309.5	380.5	350.0	466.5	388.0	478.5	29.5	455.0	14.0	392.0	236.5	219.0	171.5	206.0	26.0	101.0	252.0	98.0	280.0	506.5	263.5	394.5
AAC	408.5	489.0	609.5	287.5	339.0	426.5	283.5	234.5	215.5	327.0	279.5	153.5	612.5	515.5	574.5	463.5	128.5	191.5	353.0	140.5	211.5	303.5	268.5	173.5	38.0	112.5	57.5	59.5	152.5	558.5	533.0	357.0	654.0	521.5	906.5	627.0	419.0	510.5	337.0	305.0	422.0	466.0	339.5	335.5	290.5	472.0	516.5	416.5	13.0	559.5	6.0	316.5	213.0	295.0	182.0	169.0	13.5	121.0	272.0	104.5	158.5	594.5	195.0	290.5
AAG	625.5	609.5	1165.0	415.5	351.5	475.5	425.0	282.5	360.0	372.5	654.5	177.5	1022.0	722.5	794.0	571.0	145.5	311.5	470.0	204.0	222.5	308.5	419.5	274.5	60.0	151.0	114.5	117.0	208.5	1091.0	696.0	526.5	808.0	781.0	1379.5	749.0	585.5	930.5	608.5	488.5	513.5	750.5	438.0	459.5	442.5	796.0	577.5	573.0	30.5	760.0	15.0	480.5	236.0	304.5	299.0	219.0	31.0	147.5	373.5	119.0	264.5	798.0	261.0	456.5
AAT	339.0	287.5	415.5	298.0	227.5	210.0	155.0	181.5	201.5	176.0	206.0	122.5	456.5	335.0	354.5	348.5	100.0	119.0	179.5	105.0	144.5	123.0	145.5	144.0	45.0	54.5	42.5	58.0	131.0	284.5	215.0	333.5	445.0	350.5	488.5	504.0	274.5	235.5	174.5	214.5	291.0	230.5	181.5	242.0	236.0	233.5	281.0	307.0	15.0	296.5	7.0	301.5	161.5	128.0	118.5	136.0	17.0	69.5	169.5	65.5	213.0	323.5	230.5	313.0
ACA	273.0	339.0	351.5	227.5	284.0	206.5	149.0	182.0	161.5	167.0	178.5	104.5	392.0	278.5	329.5	260.0	106.5	138.5	161.5	109.0	167.5	151.5	154.0	138.0	34.0	54.0	30.5	47.5	117.0	254.0	184.5	248.5	401.5	333.0	461.5	422.5	357.0	252.5	138.0	243.0	308.0	238.0	171.0	218.0	182.5	215.5	222.5	300.5	8.0	293.5	3.0	233.0	160.5	135.0	98.5	135.0	8.5	53.5	141.0	53.5	107.5	288.5	111.5	217.5
ACC	300.5	426.5	475.5	210.0	206.5	371.0	204.5	170.0	140.0	239.5	171.5	99.5	340.0	329.0	344.0	238.0	95.0	155.5	250.5	83.5	148.0	241.5	183.5	111.0	22.0	76.0	45.5	43.5	99.5	389.0	340.5	205.5	477.0	450.5	720.0	420.5	308.0	478.5	273.0	223.5	385.0	403.5	317.0	244.0	189.0	352.0	363.5	254.5	7.0	405.0	3.5	203.0	155.0	184.5	119.0	105.0	8.0	90.0	194.0	59.5	104.0	354.5	129.5	192.0
ACG	236.0	283.5	425.0	155.0	149.0	204.5	146.0	128.0	106.0	192.0	125.5	68.0	247.0	273.0	258.5	186.0	61.0	99.0	183.5	64.0	103.5	166.0	167.0	91.5	17.0	50.0	22.5	27.5	81.0	308.5	261.5	171.0	282.0	274.5	587.5	249.0	189.0	243.0	169.0	167.5	232.5	287.0	227.0	150.0	150.0	232.5	273.5	202.0	6.0	274.5	3.0	161.0	118.5	162.5	114.5	90.0	10.5	63.5	129.0	38.5	90.0	303.5	92.0	176.5
ACT	236.0	234.5	282.5	181.5	182.0	170.0	128.0	173.0	136.0	135.0	153.5	84.5	327.0	192.5	235.5	188.0	91.0	85.0	140.5	66.5	120.0	113.5	111.0	95.5	25.0	44.0	25.0	42.5	80.0	180.5	151.0	164.0	325.0	282.0	411.5	344.0	270.5	188.5	137.5	195.5	240.0	202.5	150.0	172.0	140.5	186.0	197.0	218.0	8.5	184.0	4.0	153.0	131.5	100.0	80.5	104.0	8.0	47.5	119.0	45.0	106.0	198.0	106.5	159.5
AGA	298.0	215.5	360.0	201.5	161.5	140.0	106.0	136.0	228.0	130.5	239.5	83.0	433.0	300.0	369.5	253.5	61.0	108.5	181.0	109.0	144.0	118.5	95.5	165.0	42.0	54.0	51.5	52.5	131.0	246.0	245.5	308.0	354.5	260.5	425.0	361.0	295.5	230.5	160.0	249.0	293.5	188.5	160.5	218.5	215.5	199.5	220.5	323.5	15.5	263.5	6.0	263.5	133.0	124.5	77.0	134.0	15.5	72.0	136.0	61.0	150.0	284.0	124.5	209.0
AGC	223.5	327.0	372.5	176.0	167.0	239.5	192.0	135.0	130.5	241.0	155.0	111.5	403.5	304.5	336.0	252.5	82.5	136.5	203.0	84.5	119.0	182.5	189.5	114.0	24.5	69.5	43.0	50.5	73.0	384.5	294.5	222.5	380.0	421.0	599.5	384.5	267.0	338.0	209.0	185.0	270.5	309.0	270.5	241.5	184.5	318.0	325.0	276.0	10.0	355.5	6.0	187.0	123.0	199.5	140.5	104.5	12.0	84.0	162.0	58.5	99.0	377.0	113.5	176.5
AGG	359.0	279.5	654.5	206.0	178.5	171.5	125.5	153.5	239.5	155.0	424.0	106.0	529.0	328.0	482.5	305.0	68.5	112.0	190.5	120.5	123.0	95.5	105.0	146.5	34.0	66.0	52.5	46.5	98.0	229.5	264.5	299.0	432.5	243.5	616.0	431.0	321.5	227.5	168.0	256.5	352.0	158.0	226.0	229.5	232.0	212.5	281.0	364.0	17.0	302.0	6.0	278.0	123.5	133.5	87.0	144.0	21.0	78.5	194.0	66.5	150.0	332.0	165.0	290.0
AGT	169.0	153.5	177.5	122.5	104.5	99.5	68.0	84.5	83.0	111.5	106.0	103.0	187.5	167.5	178.5	138.0	65.5	57.5	102.0	49.0	77.0	75.0	68.0	67.5	18.0	34.5	19.5	35.5	52.0	141.5	125.5	139.0	247.5	182.0	309.5	304.5	189.5	147.0	92.0	143.5	181.0	139.5	133.5	156.0	100.0	126.5	149.5	194.0	10.0	139.5	3.5	100.5	85.5	79.0	59.5	72.5	9.0	36.0	89.5	43.5	82.5	151.0	81.5	129.0
ATA	668.5	612.5	1022.0	456.5	392.0	340.0	247.0	327.0	433.0	403.5	529.0	187.5	960.0	449.5	703.0	500.0	198.5	253.0	424.0	241.0	343.0	304.5	238.0	324.5	63.0	91.0	69.0	85.5	214.0	433.0	406.0	485.0	831.5	706.0	1158.0	997.0	666.5	463.5	287.0	522.0	608.5	464.5	412.5	403.5	495.5	372.0	450.5	701.5	14.0	549.0	5.0	473.0	353.0	321.0	186.0	317.5	17.0	127.0	272.0	91.0	278.5	591.5	251.0	445.0
ATC	513.0	515.5	722.5	335.0	278.5	329.0	273.0	192.5	300.0	304.5	328.0	167.5	449.5	428.0	533.5	345.0	162.5	199.0	389.0	142.5	234.0	234.5	262.0	161.0	43.5	162.5	72.5	86.5	130.5	410.5	425.5	285.5	851.5	657.0	1194.5	701.0	471.5	504.0	327.5	351.5	627.0	496.5	403.5	418.5	287.5	356.5	464.0	431.0	11.5	453.5	6.0	287.5	255.5	282.0	181.0	165.5	16.5	99.0	220.0	93.5	186.5	424.5	206.5	321.5
ATG	580.5	574.5	794.0	354.5	329.5	344.0	258.5	235.5	369.5	336.0	482.5	178.5	703.0	533.5	628.0	469.5	170.0	255.5	502.0	191.0	246.0	309.5	278.0	210.0	53.5	171.0	88.0	113.5	152.5	596.5	540.5	376.5	909.5	627.5	1240.0	783.5	566.0	640.5	463.5	375.0	510.0	571.0	387.0	407.0	321.5	480.5	523.5	489.0	12.0	518.5	5.0	371.5	258.5	288.0	230.5	203.5	16.0	110.0	276.0	118.5	224.0	538.5	221.5	419.0
ATT	547.0	463.5	571.0	348.5	260.0	238.0	186.0	188.0	253.5	252.5	305.0	138.0	500.0	345.0	469.5	362.0	159.5	171.5	276.0	142.0	176.5	156.5	189.0	156.0	63.5	87.0	70.5	80.5	132.0	303.0	262.0	350.0	735.0	600.5	808.0	701.0	487.5	327.0	248.5	306.0	400.0	362.0	316.5	385.0	284.0	309.5	278.0	374.5	15.5	350.0	6.0	274.0	259.0	188.0	160.0	183.5	12.5	67.5	200.0	82.5	195.0	343.5	165.5	294.0
CAA	140.0	128.5	145.5	100.0	106.5	95.0	61.0	91.0	61.0	82.5	68.5	65.5	198.5	162.5	170.0	159.5	99.0	68.5	113.5	53.0	90.0	84.5	64.0	61.5	21.0	25.0	17.0	28.5	74.0	144.0	117.0	126.0	287.0	131.0	221.0	216.5	148.0	117.0	68.5	141.0	132.5	99.5	86.0	109.5	115.5	107.0	109.0	135.5	10.0	153.5	5.0	102.5	69.0	72.0	47.5	60.5	8.0	34.5	86.0	33.0	86.0	175.5	86.0	113.0
CAC	204.0	191.5	311.5	119.0	138.5	155.5	99.0	85.0	108.5	136.5	112.0	57.5	253.0	199.0	255.5	171.5	68.5	197.0	157.5	98.5	115.5	160.0	138.0	87.5	17.0	58.5	25.5	32.0	68.5	320.0	239.5	164.0	289.0	285.0	429.5	247.0	211.5	243.0	159.5	139.5	218.5	234.5	160.5	150.0	146.0	237.5	207.0	177.0	5.0	286.0	2.0	160.0	97.5	126.0	80.0	66.0	4.5	79.0	125.5	46.0	78.0	280.0	89.5	133.5
CAG	326.5	353.0	470.0	179.5	161.5	250.5	183.5	140.5	181.0	203.0	190.5	102.0	424.0	389.0	502.0	276.0	113.5	157.5	369.0	91.0	145.5	214.0	181.5	122.5	24.0	95.0	45.0	49.5	115.5	490.0	467.0	251.5	442.5	349.5	729.5	351.5	325.5	430.0	329.5	279.0	318.5	333.5	248.0	234.0	181.5	324.0	363.5	299.0	12.0	419.0	6.0	223.0	126.0	186.5	114.5	95.5	16.5	93.0	195.5	58.0	150.5	414.5	163.0	214.5
CAT	185.0	140.5	204.0	105.0	109.0	83.5	64.0	66.5	109.0	84.5	120.5	49.0	241.0	142.5	191.0	142.0	53.0	98.5	91.0	101.0	91.5	77.0	78.5	69.0	25.5	41.5	23.0	39.0	59.0	145.0	105.0	117.0	222.0	177.5	279.5	239.0	167.5	134.5	91.0	104.0	173.5	136.5	94.5	120.0	116.5	115.5	122.5	166.5	5.0	146.0	2.0	130.5	82.5	57.5	51.0	61.5	7.0	39.5	78.5	36.5	88.0	161.0	82.0	131.0
CCA	208.0	211.5	222.5	144.5	167.5	148.0	103.5	120.0	144.0	119.0	123.0	77.0	343.0	234.0	246.0	176.5	90.0	115.5	145.5	91.5	168.0	130.0	122.0	124.0	22.5	39.0	22.0	34.0	99.0	196.0	155.5	199.0	329.5	274.0	414.5	348.5	230.0	164.5	98.5	152.5	244.5	179.5	134.5	205.0	157.5	180.5	165.5	229.5	6.0	230.5	3.0	180.0	124.0	101.5	73.0	88.5	5.5	55.5	124.5	46.0	89.0	234.0	98.5	190.0
CCC	207.0	303.5	308.5	123.0	151.5	241.5	166.0	113.5	118.5	182.5	95.5	75.0	304.5	234.5	309.5	156.5	84.5	160.0	214.0	77.0	130.0	239.0	184.5	95.0	22.0	70.0	28.0	41.0	71.5	440.5	336.5	154.5	325.0	374.0	650.0	315.0	226.5	270.5	164.0	151.5	302.0	348.5	240.0	191.0	168.0	322.5	269.0	185.5	5.5	365.0	2.5	143.0	111.5	208.0	112.0	79.5	6.0	86.5	175.0	56.5	78.5	408.5	99.0	134.0
CCG	200.5	268.5	419.5	145.5	154.0	183.5	167.0	111.0	95.5	189.5	105.0	68.0	238.0	262.0	278.0	189.0	64.0	138.0	181.5	78.5	122.0	184.5	156.0	97.5	15.0	68.0	26.0	33.5	75.0	357.5	286.0	178.0	273.5	383.0	606.5	270.5	199.0	236.0	170.5	156.5	252.0	286.5	195.5	156.5	161.5	282.5	273.5	193.5	5.0	320.0	3.0	155.0	106.0	150.0	106.5	71.0	5.5	95.0	168.0	41.0	79.0	362.5	98.0	174.5
CCT	202.0	173.5	274.5	144.0	138.0	111.0	91.5	95.5	165.0	114.0	146.5	67.5	324.5	161.0	210.0	156.0	61.5	87.5	122.5	69.0	124.0	95.0	97.5	100.0	25.0	45.0	25.5	30.5	75.5	157.5	137.0	153.0	276.0	238.0	360.5	304.5	205.5	142.0	108.5	141.5	244.5	162.0	128.5	155.5	158.5	162.0	158.5	211.0	4.5	184.0	3.0	162.5	121.0	90.5	70.5	69.0	5.0	48.5	112.0	42.5	111.5	194.0	84.5	150.0
CGA	86.5	38.0	60.0	45.0	34.0	22.0	17.0	25.0	42.0	24.5	34.0	18.0	63.0	43.5	53.5	63.5	21.0	17.0	24.0	25.5	22.5	22.0	15.0	25.0	8.0	9.0	8.5	10.0	25.0	43.0	46.5	50.5	86.5	36.0	60.5	70.5	42.5	36.5	17.5	45.5	44.5	30.5	25.5	34.5	41.0	25.5	31.5	57.5	4.0	39.0	2.0	51.5	27.5	19.5	11.5	24.0	4.0	11.0	21.0	11.5	31.5	44.0	29.0	50.0
CGC	93.0	112.5	151.0	54.5	54.0	76.0	50.0	44.0	54.0	69.5	66.0	34.5	91.0	162.5	171.0	87.0	25.0	58.5	95.0	41.5	39.0	70.0	68.0	45.0	9.0	38.0	23.0	32.0	32.0	192.5	147.5	92.0	126.0	127.0	220.0	159.0	103.5	152.0	84.0	73.5	116.5	153.0	93.5	84.0	65.5	111.5	102.0	88.5	3.0	133.5	1.0	82.0	39.0	57.0	41.0	37.5	5.5	43.0	62.5	25.5	35.0	140.5	37.5	58.5
CGG	82.0	57.5	114.5	42.5	30.5	45.5	22.5	25.0	51.5	43.0	52.5	19.5	69.0	72.5	88.0	70.5	17.0	25.5	45.0	23.0	22.0	28.0	26.0	25.5	8.5	23.0	17.0	15.5	24.0	57.0	75.0	75.0	88.0	94.5	126.5	81.0	59.5	77.0	37.5	52.5	62.5	53.5	52.5	36.5	44.5	68.5	63.5	58.0	3.5	58.0	2.0	55.0	29.0	46.0	21.0	26.5	5.5	21.0	36.5	13.5	29.0	87.0	33.5	48.5
CGT	94.5	59.5	117.0	58.0	47.5	43.5	27.5	42.5	52.5	50.5	46.5	35.5	85.5	86.5	113.5	80.5	28.5	32.0	49.5	39.0	34.0	41.0	33.5	30.5	10.0	32.0	15.5	27.0	32.0	79.5	89.0	67.0	136.0	83.0	149.5	122.5	89.5	78.5	43.0	76.0	83.0	78.5	61.0	84.5	51.0	69.5	74.5	79.5	3.0	82.0	2.0	72.0	34.5	38.0	25.5	34.5	4.5	23.0	49.5	25.0	36.5	83.5	42.5	62.5
CTA	235.5	152.5	208.5	131.0	117.0	99.5	81.0	80.0	131.0	73.0	98.0	52.0	214.0	130.5	152.5	132.0	74.0	68.5	115.5	59.0	99.0	71.5	75.0	75.5	25.0	32.0	24.0	32.0	67.0	146.0	114.0	123.5	319.0	227.0	338.5	240.0	181.5	136.0	103.5	127.5	165.0	126.5	96.0	104.0	108.5	122.5	104.0	138.5	6.0	143.0	4.0	138.5	110.0	84.0	67.5	80.0	5.0	28.5	61.5	27.0	104.5	134.0	64.5	127.5
CTC	493.5	558.5	1091.0	284.5	254.0	389.0	308.5	180.5	246.0	384.5	229.5	141.5	433.0	410.5	596.5	303.0	144.0	320.0	490.0	145.0	196.0	440.5	357.5	157.5	43.0	192.5	57.0	79.5	146.0	761.0	661.5	301.5	693.0	907.0	1621.5	625.0	527.0	774.5	435.0	389.5	602.5	601.5	464.0	309.0	267.5	542.5	580.0	389.5	11.0	660.5	6.0	286.0	236.0	455.5	272.0	174.0	16.5	140.5	298.0	65.5	166.5	669.0	164.5	257.0
CTG	375.5	533.0	696.0	215.0	184.5	340.5	261.5	151.0	245.5	294.5	264.5	125.5	406.0	425.5	540.5	262.0	117.0	239.5	467.0	105.0	155.5	336.5	286.0	137.0	46.5	147.5	75.0	89.0	114.0	661.5	636.0	281.5	640.0	671.0	1410.0	577.0	417.5	657.0	451.5	313.0	441.5	536.5	439.5	335.0	225.5	454.0	498.0	365.5	9.0	546.0	5.5	235.0	167.5	375.5	239.0	131.0	22.0	106.5	221.5	58.0	125.5	625.5	200.5	246.0
CTT	496.5	357.0	526.5	333.5	248.5	205.5	171.0	164.0	308.0	222.5	299.0	139.0	485.0	285.5	376.5	350.0	126.0	164.0	251.5	117.0	199.0	154.5	178.0	153.0	50.5	92.0	75.0	67.0	123.5	301.5	281.5	217.0	743.0	493.5	848.0	563.5	443.0	383.0	266.0	285.0	351.5	355.0	244.0	307.0	278.5	288.5	282.5	320.5	9.0	327.0	5.0	253.0	229.5	190.0	130.5	143.5	10.0	63.0	163.5	60.5	150.5	322.5	155.0	289.5
GAA	759.5	654.0	808.0	445.0	401.5	477.0	282.0	325.0	354.5	380.0	432.5	247.5	831.5	851.5	909.5	735.0	287.0	289.0	442.5	222.0	329.5	325.0	273.5	276.0	86.5	126.0	88.0	136.0	319.0	693.0	640.0	743.0	1474.0	816.5	1347.5	1088.0	810.5	705.0	364.0	629.0	700.0	498.5	451.0	624.0	441.0	632.0	699.5	867.5	32.5	685.5	13.5	501.5	302.0	322.0	209.0	241.0	32.0	143.5	417.5	151.5	309.5	820.5	389.5	517.0
GAC	631.5	521.5	781.0	350.5	333.0	450.5	274.5	282.0	260.5	421.0	243.5	182.0	706.0	657.0	627.5	600.5	131.0	285.0	349.5	177.5	274.0	374.0	383.0	238.0	36.0	127.0	94.5	83.0	227.0	907.0	671.0	493.5	816.5	838.0	1239.5	723.5	513.0	589.0	391.0	375.0	543.5	565.5	403.5	391.0	442.0	747.0	665.5	617.5	8.0	728.0	4.0	418.0	253.5	341.0	201.0	205.0	11.5	180.0	367.0	113.0	259.5	793.0	256.5	437.0
GAG	922.0	906.5	1379.5	488.5	461.5	720.0	587.5	411.5	425.0	599.5	616.0	309.5	1158.0	1194.5	1240.0	808.0	221.0	429.5	729.5	279.5	414.5	650.0	606.5	360.5	60.5	220.0	126.5	149.5	338.5	1621.5	1410.0	848.0	1347.5	1239.5	2426.0	1175.0	876.5	1201.5	848.5	822.0	800.0	832.0	888.0	659.5	561.5	1178.0	1129.5	983.0	33.5	1166.5	20.5	604.0	324.0	517.0	369.5	270.5	43.0	297.0	625.5	192.5	390.0	1408.0	537.5	548.0
GAT	624.5	627.0	749.0	504.0	422.5	420.5	249.0	344.0	361.0	384.5	431.0	304.5	997.0	701.0	783.5	701.0	216.5	247.0	351.5	239.0	348.5	315.0	270.5	304.5	70.5	159.0	81.0	122.5	240.0	625.0	577.0	563.5	1088.0	723.5	1175.0	1235.0	686.0	550.0	322.5	472.5	678.5	519.5	399.5	542.5	536.5	634.5	621.5	787.0	15.0	612.0	8.0	511.0	301.0	296.5	197.5	249.5	20.0	133.0	374.0	138.0	400.5	740.5	343.5	532.0
GCA	514.5	419.0	585.5	274.5	357.0	308.0	189.0	270.5	295.5	267.0	321.5	189.5	666.5	471.5	566.0	487.5	148.0	211.5	325.5	167.5	230.0	226.5	199.0	205.5	42.5	103.5	59.5	89.5	181.5	527.0	417.5	443.0	810.5	513.0	876.5	686.0	708.0	582.5	299.5	510.0	484.5	402.5	265.0	373.5	365.5	386.0	417.0	584.0	8.0	413.5	3.5	389.5	232.5	188.5	144.5	204.0	8.0	84.0	207.0	92.0	213.0	462.5	209.5	344.0
GCC	428.0	510.5	930.5	235.5	252.5	478.5	243.0	188.5	230.5	338.0	227.5	147.0	463.5	504.0	640.5	327.0	117.0	243.0	430.0	134.5	164.5	270.5	236.0	142.0	36.5	152.0	77.0	78.5	136.0	774.5	657.0	383.0	705.0	589.0	1201.5	550.0	582.5	815.0	458.5	430.0	513.5	517.0	400.5	315.0	286.5	611.5	561.0	441.5	7.0	590.5	3.5	285.5	195.5	350.5	194.0	148.5	8.0	164.5	264.0	80.0	155.5	622.5	194.5	282.0
GCG	322.5	337.0	608.5	174.5	138.0	273.0	169.0	137.5	160.0	209.0	168.0	92.0	287.0	327.5	463.5	248.5	68.5	159.5	329.5	91.0	98.5	164.0	170.5	108.5	17.5	84.0	37.5	43.0	103.5	435.0	451.5	266.0	364.0	391.0	848.5	322.5	299.5	458.5	332.0	300.0	310.0	318.5	267.0	212.5	199.5	330.5	378.0	294.5	4.0	335.0	3.0	190.0	122.5	228.0	133.0	97.0	9.5	74.5	163.5	50.0	123.0	485.0	145.5	190.5
GCT	412.0	305.0	488.5	214.5	243.0	223.5	167.5	195.5	249.0	185.0	256.5	143.5	522.0	351.5	375.0	306.0	141.0	139.5	279.0	104.0	152.5	151.5	156.5	141.5	45.5	73.5	52.5	76.0	127.5	389.5	313.0	285.0	629.0	375.0	822.0	472.5	510.0	430.0	300.0	392.0	351.0	333.5	238.0	321.5	296.5	348.5	318.0	418.5	8.0	294.0	4.0	234.5	168.0	177.0	126.5	145.5	9.0	71.0	184.0	79.0	146.0	338.5	177.5	243.5
GGA	493.0	422.0	513.5	291.0	308.0	385.0	232.5	240.0	293.5	270.5	352.0	181.0	608.5	627.0	510.0	400.0	132.5	218.5	318.5	173.5	244.5	302.0	252.0	244.5	44.5	116.5	62.5	83.0	165.0	602.5	441.5	351.5	700.0	543.5	800.0	678.5	484.5	513.5	310.0	351.0	581.0	413.0	339.5	469.0	293.5	494.0	442.0	461.5	18.5	422.5	8.0	321.5	220.0	236.5	166.5	202.0	17.5	100.5	231.5	110.5	201.0	507.0	220.0	347.0
GGC	394.5	466.0	750.5	230.5	238.0	403.5	287.0	202.5	188.5	309.0	158.0	139.5	464.5	496.5	571.0	362.0	99.5	234.5	333.5	136.5	179.5	348.5	286.5	162.0	30.5	153.0	53.5	78.5	126.5	601.5	536.5	355.0	498.5	565.5	832.0	519.5	402.5	517.0	318.5	333.5	413.0	434.0	344.0	334.0	251.0	697.0	460.5	444.5	8.0	597.5	5.5	297.5	168.0	302.0	176.0	152.0	12.0	161.0	210.0	86.5	144.0	614.5	169.5	296.5
GGG	309.5	339.5	438.0	181.5	171.0	317.0	227.0	150.0	160.5	270.5	226.0	133.5	412.5	403.5	387.0	316.5	86.0	160.5	248.0	94.5	134.5	240.0	195.5	128.5	25.5	93.5	52.5	61.0	96.0	464.0	439.5	244.0	451.0	403.5	888.0	399.5	265.0	400.5	267.0	238.0	339.5	344.0	328.0	259.5	220.5	460.5	429.5	347.0	12.0	422.0	8.0	240.0	147.5	237.5	148.0	117.0	24.0	100.5	196.0	82.5	119.5	501.0	195.0	223.5
GGT	380.5	335.5	459.5	242.0	218.0	244.0	150.0	172.0	218.5	241.5	229.5	156.0	403.5	418.5	407.0	385.0	109.5	150.0	234.0	120.0	205.0	191.0	156.5	155.5	34.5	84.0	36.5	84.5	104.0	309.0	335.0	307.0	624.0	391.0	659.5	542.5	373.5	315.0	212.5	321.5	469.0	334.0	259.5	433.0	251.5	311.0	331.0	531.0	15.0	346.5	7.0	224.5	159.0	227.5	117.0	147.5	19.0	80.0	193.0	93.0	125.0	414.5	182.0	279.5
GTA	350.0	290.5	442.5	236.0	182.5	189.0	150.0	140.5	215.5	184.5	232.0	100.0	495.5	287.5	321.5	284.0	115.5	146.0	181.5	116.5	157.5	168.0	161.5	158.5	41.0	65.5	44.5	51.0	108.5	267.5	225.5	278.5	441.0	442.0	561.5	536.5	365.5	286.5	199.5	296.5	293.5	251.0	220.5	251.5	247.0	316.0	283.0	397.5	9.0	277.0	4.0	265.5	168.5	158.0	120.5	142.5	8.5	67.0	137.5	57.5	147.0	317.5	149.5	243.0
GTC	466.5	472.0	796.0	233.5	215.5	352.0	232.5	186.0	199.5	318.0	212.5	126.5	372.0	356.5	480.5	309.5	107.0	237.5	324.0	115.5	180.5	322.5	282.5	162.0	25.5	111.5	68.5	69.5	122.5	542.5	454.0	288.5	632.0	747.0	1178.0	634.5	386.0	611.5	330.5	348.5	494.0	697.0	460.5	311.0	316.0	520.0	536.0	405.0	7.0	469.0	5.0	261.0	180.5	268.0	187.5	151.0	11.0	136.5	239.5	75.5	139.0	548.5	157.0	264.0
GTG	388.0	516.5	577.5	281.0	222.5	363.5	273.5	197.0	220.5	325.0	281.0	149.5	450.5	464.0	523.5	278.0	109.0	207.0	363.5	122.5	165.5	269.0	273.5	158.5	31.5	102.0	63.5	74.5	104.0	580.0	498.0	282.5	699.5	665.5	1129.5	621.5	417.0	561.0	378.0	318.0	442.0	460.5	429.5	331.0	283.0	536.0	573.0	409.5	13.0	531.0	7.0	263.0	155.0	282.0	224.0	149.5	23.0	105.0	205.5	88.5	151.0	643.0	197.5	256.0
GTT	478.5	416.5	573.0	307.0	300.5	254.5	202.0	218.0	323.5	276.0	364.0	194.0	701.5	431.0	489.0	374.5	135.5	177.0	299.0	166.5	229.5	185.5	193.5	211.0	57.5	88.5	58.0	79.5	138.5	389.5	365.5	320.5	867.5	617.5	983.0	787.0	584.0	441.5	294.5	418.5	461.5	444.5	347.0	531.0	397.5	405.0	409.5	591.0	11.0	339.0	5.0	334.5	230.5	207.5	142.5	206.5	12.0	86.5	212.5	97.5	182.0	393.0	194.5	329.5
TAA	29.5	13.0	30.5	15.0	8.0	7.0	6.0	8.5	15.5	10.0	17.0	10.0	14.0	11.5	12.0	15.5	10.0	5.0	12.0	5.0	6.0	5.5	5.0	4.5	4.0	3.0	3.5	3.0	6.0	11.0	9.0	9.0	32.5	8.0	33.5	15.0	8.0	7.0	4.0	8.0	18.5	8.0	12.0	15.0	9.0	7.0	13.0	11.0	0.0	11.0	0.0	10.5	9.0	8.0	5.0	8.0	0.0	2.0	10.0	2.0	8.5	13.0	6.0	10.5
TAC	455.0	559.5	760.0	296.5	293.5	405.0	274.5	184.0	263.5	355.5	302.0	139.5	549.0	453.5	518.5	350.0	153.5	286.0	419.0	146.0	230.5	365.0	320.0	184.0	39.0	133.5	58.0	82.0	143.0	660.5	546.0	327.0	685.5	728.0	1166.5	612.0	413.5	590.5	335.0	294.0	422.5	597.5	422.0	346.5	277.0	469.0	531.0	339.0	11.0	679.0	6.0	316.0	220.5	316.0	229.5	148.5	14.0	147.0	289.0	94.0	136.5	638.0	167.5	253.5
TAG	14.0	6.0	15.0	7.0	3.0	3.5	3.0	4.0	6.0	6.0	6.0	3.5	5.0	6.0	5.0	6.0	5.0	2.0	6.0	2.0	3.0	2.5	3.0	3.0	2.0	1.0	2.0	2.0	4.0	6.0	5.5	5.0	13.5	4.0	20.5	8.0	3.5	3.5	3.0	4.0	8.0	5.5	8.0	7.0	4.0	5.0	7.0	5.0	0.0	6.0	0.0	4.0	4.0	4.0	3.0	3.0	0.0	1.0	6.0	1.0	4.0	5.0	5.0	4.0
TAT	392.0	316.5	480.5	301.5	233.0	203.0	161.0	153.0	263.5	187.0	278.0	100.5	473.0	287.5	371.5	274.0	102.5	160.0	223.0	130.5	180.0	143.0	155.0	162.5	51.5	82.0	55.0	72.0	138.5	286.0	235.0	253.0	501.5	418.0	604.0	511.0	389.5	285.5	190.0	234.5	321.5	297.5	240.0	224.5	265.5	261.0	263.0	334.5	10.5	316.0	4.0	355.0	186.5	143.0	132.0	159.0	12.0	75.0	177.0	70.5	193.0	307.0	163.0	258.0
TCA	236.5	213.0	236.0	161.5	160.5	155.0	118.5	131.5	133.0	123.0	123.5	85.5	353.0	255.5	258.5	259.0	69.0	97.5	126.0	82.5	124.0	111.5	106.0	121.0	27.5	39.0	29.0	34.5	110.0	236.0	167.5	229.5	302.0	253.5	324.0	301.0	232.5	195.5	122.5	168.0	220.0	168.0	147.5	159.0	168.5	180.5	155.0	230.5	9.0	220.5	4.0	186.5	132.0	111.5	86.5	107.5	10.0	50.0	104.5	46.0	110.5	223.0	123.0	206.5
TCC	219.0	295.0	304.5	128.0	135.0	184.5	162.5	100.0	124.5	199.5	133.5	79.0	321.0	282.0	288.0	188.0	72.0	126.0	186.5	57.5	101.5	208.0	150.0	90.5	19.5	57.0	46.0	38.0	84.0	455.5	375.5	190.0	322.0	341.0	517.0	296.5	188.5	350.5	228.0	177.0	236.5	302.0	237.5	227.5	158.0	268.0	282.0	207.5	8.0	316.0	4.0	143.0	111.5	159.0	109.5	100.5	10.0	63.0	142.5	53.5	104.5	345.0	105.5	137.5
TCG	171.5	182.0	299.0	118.5	98.5	119.0	114.5	80.5	77.0	140.5	87.0	59.5	186.0	181.0	230.5	160.0	47.5	80.0	114.5	51.0	73.0	112.0	106.5	70.5	11.5	41.0	21.0	25.5	67.5	272.0	239.0	130.5	209.0	201.0	369.5	197.5	144.5	194.0	133.0	126.5	166.5	176.0	148.0	117.0	120.5	187.5	224.0	142.5	5.0	229.5	3.0	132.0	86.5	109.5	80.0	70.5	10.0	49.0	99.5	31.0	67.0	298.5	91.0	146.5
TCT	206.0	169.0	219.0	136.0	135.0	105.0	90.0	104.0	134.0	104.5	144.0	72.5	317.5	165.5	203.5	183.5	60.5	66.0	95.5	61.5	88.5	79.5	71.0	69.0	24.0	37.5	26.5	34.5	80.0	174.0	131.0	143.5	241.0	205.0	270.5	249.5	204.0	148.5	97.0	145.5	202.0	152.0	117.0	147.5	142.5	151.0	149.5	206.5	8.0	148.5	3.0	159.0	107.5	100.5	70.5	90.0	9.0	36.0	86.5	41.0	120.0	168.5	94.5	162.5
TGA	26.0	13.5	31.0	17.0	8.5	8.0	10.5	8.0	15.5	12.0	21.0	9.0	17.0	16.5	16.0	12.5	8.0	4.5	16.5	7.0	5.5	6.0	5.5	5.0	4.0	5.5	5.5	4.5	5.0	16.5	22.0	10.0	32.0	11.5	43.0	20.0	8.0	8.0	9.5	9.0	17.5	12.0	24.0	19.0	8.5	11.0	23.0	12.0	0.0	14.0	0.0	12.0	10.0	10.0	10.0	9.0	0.0	4.0	13.5	4.0	9.0	17.0	10.0	12.0
TGC	101.0	121.0	147.5	69.5	53.5	90.0	63.5	47.5	72.0	84.0	78.5	36.0	127.0	99.0	110.0	67.5	34.5	79.0	93.0	39.5	55.5	86.5	95.0	48.5	11.0	43.0	21.0	23.0	28.5	140.5	106.5	63.0	143.5	180.0	297.0	133.0	84.0	164.5	74.5	71.0	100.5	161.0	100.5	80.0	67.0	136.5	105.0	86.5	2.0	147.0	1.0	75.0	50.0	63.0	49.0	36.0	4.0	50.0	74.5	48.5	34.0	143.0	33.5	58.5
TGG	252.0	272.0	373.5	169.5	141.0	194.0	129.0	119.0	136.0	162.0	194.0	89.5	272.0	220.0	276.0	200.0	86.0	125.5	195.5	78.5	124.5	175.0	168.0	112.0	21.0	62.5	36.5	49.5	61.5	298.0	221.5	163.5	417.5	367.0	625.5	374.0	207.0	264.0	163.5	184.0	231.5	210.0	196.0	193.0	137.5	239.5	205.5	212.5	10.0	289.0	6.0	177.0	104.5	142.5	99.5	86.5	13.5	74.5	218.0	60.5	90.5	304.5	108.0	177.5
TGT	98.0	104.5	119.0	65.5	53.5	59.5	38.5	45.0	61.0	58.5	66.5	43.5	91.0	93.5	118.5	82.5	33.0	46.0	58.0	36.5	46.0	56.5	41.0	42.5	11.5	25.5	13.5	25.0	27.0	65.5	58.0	60.5	151.5	113.0	192.5	138.0	92.0	80.0	50.0	79.0	110.5	86.5	82.5	93.0	57.5	75.5	88.5	97.5	2.0	94.0	1.0	70.5	46.0	53.5	31.0	41.0	4.0	48.5	60.5	45.0	34.0	90.5	45.0	63.0
TTA	280.0	158.5	264.5	213.0	107.5	104.0	90.0	106.0	150.0	99.0	150.0	82.5	278.5	186.5	224.0	195.0	86.0	78.0	150.5	88.0	89.0	78.5	79.0	111.5	31.5	35.0	29.0	36.5	104.5	166.5	125.5	150.5	309.5	259.5	390.0	400.5	213.0	155.5	123.0	146.0	201.0	144.0	119.5	125.0	147.0	139.0	151.0	182.0	8.5	136.5	4.0	193.0	110.5	104.5	67.0	120.0	9.0	34.0	90.5	34.0	155.0	179.5	115.0	154.5
TTC	506.5	594.5	798.0	323.5	288.5	354.5	303.5	198.0	284.0	377.0	332.0	151.0	591.5	424.5	538.5	343.5	175.5	280.0	414.5	161.0	234.0	408.5	362.5	194.0	44.0	140.5	87.0	83.5	134.0	669.0	625.5	322.5	820.5	793.0	1408.0	740.5	462.5	622.5	485.0	338.5	507.0	614.5	501.0	414.5	317.5	548.5	643.0	393.0	13.0	638.0	5.0	307.0	223.0	345.0	298.5	168.5	17.0	143.0	304.5	90.5	179.5	619.0	190.5	289.5
TTG	263.5	195.0	261.0	230.5	111.5	129.5	92.0	106.5	124.5	113.5	165.0	81.5	251.0	206.5	221.5	165.5	86.0	89.5	163.0	82.0	98.5	99.0	98.0	84.5	29.0	37.5	33.5	42.5	64.5	164.5	200.5	155.0	389.5	256.5	537.5	343.5	209.5	194.5	145.5	177.5	220.0	169.5	195.0	182.0	149.5	157.0	197.5	194.5	6.0	167.5	5.0	163.0	123.0	105.5	91.0	94.5	10.0	33.5	108.0	45.0	115.0	190.5	111.0	154.0
TTT	394.5	290.5	456.5	313.0	217.5	192.0	176.5	159.5	209.0	176.5	290.0	129.0	445.0	321.5	419.0	294.0	113.0	133.5	214.5	131.0	190.0	134.0	174.5	150.0	50.0	58.5	48.5	62.5	127.5	257.0	246.0	289.5	517.0	437.0	548.0	532.0	344.0	282.0	190.5	243.5	347.0	296.5	223.5	279.5	243.0	264.0	256.0	329.5	10.5	253.5	4.0	258.0	206.5	137.5	146.5	162.5	12.0	58.5	177.5	63.0	154.5	289.5	154.0	285.0
End	95.0	33.5	55.0	24.5	20.0	17.0	10.0	9.5	46.5	28.0	40.5	20.0	34.5	43.0	25.0	36.5	40.0	14.0	33.0	14.5	22.0	20.5	15.5	13.0	14.0	19.0	12.0	12.0	27.5	45.5	27.5	27.0	110.0	33.5	91.5	59.0	33.0	33.5	17.5	21.0	46.0	28.5	38.5	20.5	25.5	26.5	23.0	24.0	777.0	26.0	383.5	24.5	23.5	28.5	12.0	16.5	928.5	12.0	26.5	9.0	35.0	38.5	17.0	29.0
