	AAA	AAC	AAG	AAT	ACA	ACC	ACG	ACT	AGA	AGC	AGG	AGT	ATA	ATC	ATG	ATT	CAA	CAC	CAG	CAT	CCA	CCC	CCG	CCT	CGA	CGC	CGG	CGT	CTA	CTC	CTG	CTT	GAA	GAC	GAG	GAT	GCA	GCC	GCG	GCT	GGA	GGC	GGG	GGT	GTA	GTC	GTG	GTT	TAA	TAC	TAG	TAT	TCA	TCC	TCG	TCT	TGA	TGC	TGG	TGT	TTA	TTC	TTG	TTT
Start	9293.0	4334.0	7025.0	4361.0	3899.0	4100.0	3087.0	3180.0	3567.0	7154.0	3514.0	5778.0	4415.0	2926.0	135801.0	3639.0	1818.0	1249.0	2214.0	1000.0	2214.0	1897.0	1749.0	1650.0	1141.0	1260.0	790.0	884.0	921.0	1856.0	1782.0	1601.0	5824.0	4406.0	4690.0	5053.0	5115.0	2436.0	2683.0	3328.0	2815.0	1608.0	1503.0	1940.0	2495.0	2128.0	21843.0	2778.0	0.0	1667.0	0.0	1675.0	2681.0	2198.0	1738.0	2342.0	1.0	462.0	735.0	623.0	1472.0	1887.0	14109.0	1874.0
AAA	104432.0	40069.0	62686.0	64329.0	38193.0	27197.0	19421.0	31872.0	41307.0	21575.0	30898.0	23524.0	80629.0	50717.0	57169.0	79705.0	23006.0	16865.0	29757.0	21613.0	27161.0	17197.0	18086.0	24763.0	7811.0	11068.0	12353.0	9723.0	26022.0	43608.0	40485.0	56090.0	104067.0	46084.0	75270.0	80154.0	58524.0	38425.0	26293.0	46631.0	58677.0	34463.0	28971.0	41480.0	43614.0	36105.0	34610.0	64043.0	3857.0	42927.0	1245.0	55759.0	30453.0	19987.0	13451.0	26643.0	2431.0	11185.0	22872.0	13786.0	59018.0	42104.0	33717.0	54777.0
AAC	40069.0	43520.0	47408.0	27662.0	26852.0	41512.0	33421.0	20743.0	17782.0	25719.0	25252.0	13118.0	45872.0	59614.0	40633.0	34474.0	11648.0	21906.0	32225.0	10951.0	17254.0	24475.0	29221.0	14247.0	7705.0	19660.0	18830.0	7564.0	13642.0	59302.0	45033.0	29139.0	52264.0	66604.0	74453.0	45670.0	33362.0	49309.0	41436.0	23852.0	32887.0	47370.0	28861.0	25362.0	24096.0	59236.0	38532.0	33964.0	1121.0	47300.0	523.0	26924.0	18516.0	23561.0	23275.0	14035.0	1275.0	11266.0	22453.0	8578.0	20607.0	49912.0	16770.0	25528.0
AAG	62686.0	47408.0	92646.0	38311.0	25126.0	38884.0	30275.0	23462.0	35062.0	30848.0	55555.0	18073.0	72571.0	67434.0	64027.0	56954.0	13655.0	22876.0	37825.0	15744.0	19854.0	25455.0	28123.0	18727.0	7519.0	21030.0	17590.0	9590.0	21776.0	69410.0	59466.0	46176.0	69945.0	63707.0	108097.0	59645.0	45793.0	62332.0	45190.0	41829.0	49817.0	55929.0	40742.0	37301.0	34369.0	63737.0	52174.0	55926.0	2360.0	56538.0	1229.0	40708.0	20658.0	26411.0	21522.0	18090.0	2959.0	14293.0	27929.0	9975.0	35107.0	61326.0	32367.0	40475.0
AAT	64329.0	27662.0	38311.0	52016.0	32507.0	19612.0	14175.0	25255.0	23662.0	15136.0	19944.0	18812.0	60289.0	30372.0	33680.0	53006.0	15827.0	8814.0	18637.0	14244.0	21028.0	10978.0	12385.0	17226.0	4705.0	5266.0	6426.0	6246.0	17320.0	22425.0	23480.0	33066.0	61534.0	28274.0	43043.0	60734.0	33748.0	19200.0	14185.0	25095.0	34362.0	19091.0	16834.0	26800.0	29940.0	20562.0	22911.0	40308.0	1871.0	25037.0	583.0	39845.0	25738.0	13769.0	9892.0	19613.0	1414.0	6753.0	16026.0	9149.0	40500.0	26214.0	21108.0	37480.0
ACA	38193.0	26852.0	25126.0	32507.0	30722.0	20240.0	15075.0	19134.0	16534.0	13000.0	13242.0	11968.0	38140.0	24303.0	24879.0	31445.0	12329.0	10034.0	16432.0	10616.0	19092.0	11843.0	12847.0	14046.0	4548.0	5824.0	6379.0	5072.0	12410.0	21693.0	17916.0	24263.0	45276.0	28736.0	36668.0	39716.0	30389.0	19730.0	14360.0	19593.0	29258.0	19934.0	14762.0	21909.0	20878.0	19708.0	16809.0	27600.0	801.0	21492.0	354.0	25166.0	19436.0	12188.0	9426.0	13535.0	726.0	5295.0	10994.0	5967.0	20157.0	21390.0	10775.0	23290.0
ACC	27197.0	41512.0	38884.0	19612.0	20240.0	48428.0	35342.0	14735.0	12177.0	24778.0	20464.0	9891.0	26258.0	54451.0	34142.0	21123.0	9409.0	22484.0	33844.0	9050.0	12708.0	26970.0	30039.0	10586.0	9274.0	24917.0	21331.0	7872.0	8048.0	55462.0	37385.0	21124.0	50236.0	81449.0	87882.0	39473.0	29376.0	56599.0	44158.0	18353.0	31748.0	58078.0	31794.0	24194.0	16475.0	61531.0	32195.0	22522.0	705.0	38077.0	411.0	17783.0	14251.0	24073.0	25645.0	10105.0	1029.0	9759.0	18604.0	7006.0	9976.0	40872.0	10104.0	17288.0
ACG	19421.0	33421.0	30275.0	14175.0	15075.0	35342.0	42150.0	11543.0	9047.0	18880.0	14876.0	8361.0	20907.0	45017.0	28115.0	17030.0	7120.0	19028.0	25522.0	6248.0	10042.0	20336.0	33399.0	7082.0	9926.0	20611.0	20622.0	6837.0	6995.0	52986.0	37600.0	16482.0	37549.0	66426.0	67953.0	29936.0	21989.0	47282.0	51168.0	14616.0	21848.0	46889.0	27626.0	18044.0	12275.0	59496.0	31272.0	19294.0	644.0	32072.0	486.0	13778.0	10299.0	17184.0	28052.0	7536.0	1195.0	6413.0	14923.0	5572.0	8321.0	38637.0	10838.0	14656.0
ACT	31872.0	20743.0	23462.0	25255.0	19134.0	14735.0	11543.0	16092.0	14199.0	10876.0	12966.0	9950.0	28225.0	17841.0	19213.0	23530.0	9500.0	7287.0	12772.0	7442.0	13167.0	8652.0	9526.0	10172.0	3452.0	4696.0	4946.0	4001.0	8835.0	15699.0	13650.0	16104.0	37702.0	23925.0	32437.0	31609.0	22171.0	15666.0	11883.0	16559.0	24454.0	17256.0	12837.0	18343.0	17250.0	16001.0	14689.0	21614.0	751.0	15388.0	345.0	17904.0	13736.0	9203.0	7868.0	10775.0	657.0	3882.0	9638.0	4875.0	17491.0	15696.0	9852.0	17422.0
AGA	41307.0	17782.0	35062.0	23662.0	16534.0	12177.0	9047.0	14199.0	25976.0	11660.0	22514.0	11200.0	41977.0	23236.0	28499.0	35700.0	10155.0	8512.0	14790.0	10596.0	13641.0	9179.0	8992.0	12592.0	3284.0	4690.0	4906.0	4562.0	13849.0	22493.0	20492.0	27231.0	42582.0	21375.0	40977.0	35420.0	26870.0	19816.0	13966.0	25733.0	28941.0	16632.0	15469.0	20972.0	20702.0	17461.0	19572.0	32705.0	1352.0	20832.0	622.0	25255.0	13262.0	9491.0	6941.0	11744.0	1420.0	5816.0	12371.0	6346.0	25825.0	22507.0	16855.0	26169.0
AGC	21575.0	25719.0	30848.0	15136.0	13000.0	24778.0	18880.0	10876.0	11660.0	19490.0	19969.0	8703.0	27415.0	32883.0	23998.0	18952.0	6556.0	13895.0	20287.0	6573.0	9629.0	17034.0	18847.0	8880.0	5112.0	13429.0	11656.0	4617.0	8405.0	37687.0	27809.0	17576.0	32629.0	48187.0	56332.0	29236.0	20919.0	37549.0	27607.0	17502.0	22968.0	37505.0	22757.0	17329.0	14119.0	37653.0	24660.0	21165.0	763.0	27069.0	552.0	15225.0	10554.0	15459.0	14768.0	8438.0	1127.0	6963.0	13319.0	4558.0	10791.0	29671.0	10301.0	14802.0
AGG	30898.0	25252.0	55555.0	19944.0	13242.0	20464.0	14876.0	12966.0	22514.0	19969.0	53618.0	11250.0	48065.0	34137.0	38280.0	32265.0	6576.0	12790.0	21140.0	9653.0	10336.0	16510.0	14709.0	11261.0	3025.0	8788.0	8970.0	5106.0	13233.0	39400.0	37435.0	29176.0	33659.0	32945.0	70896.0	34133.0	24484.0	38987.0	26649.0	26201.0	26648.0	32376.0	29184.0	23204.0	19716.0	31295.0	36110.0	35226.0	1283.0	33198.0	839.0	22935.0	12106.0	16656.0	11669.0	10287.0	1895.0	9387.0	18011.0	5346.0	19336.0	36079.0	20073.0	23956.0
AGT	23524.0	13118.0	18073.0	18812.0	11968.0	9891.0	8361.0	9950.0	11200.0	8703.0	11250.0	9988.0	22864.0	14775.0	15760.0	20693.0	6690.0	4920.0	9635.0	5972.0	8814.0	5913.0	7328.0	7054.0	2977.0	3937.0	4288.0	3480.0	7212.0	13464.0	11507.0	13817.0	27193.0	18135.0	25412.0	26703.0	16938.0	12374.0	10207.0	13598.0	18996.0	13027.0	11234.0	16739.0	13469.0	13491.0	12360.0	19565.0	807.0	11746.0	328.0	14942.0	10593.0	6951.0	6477.0	8353.0	824.0	2991.0	8196.0	4310.0	15989.0	13200.0	9012.0	14935.0
ATA	80629.0	45872.0	72571.0	60289.0	38140.0	26258.0	20907.0	28225.0	41977.0	27415.0	48065.0	22864.0	76784.0	34815.0	48500.0	50884.0	20896.0	17961.0	30871.0	20087.0	32029.0	22225.0	21135.0	24812.0	5347.0	9531.0	8949.0	7554.0	24894.0	37148.0	34112.0	39797.0	89847.0	54220.0	93084.0	85206.0	54892.0	41441.0	28426.0	41761.0	55693.0	40906.0	32888.0	40467.0	39820.0	32772.0	37559.0	51882.0	1344.0	41144.0	639.0	45917.0	38031.0	24944.0	17973.0	27113.0	1269.0	9688.0	20017.0	9419.0	39663.0	43441.0	24072.0	44221.0
ATC	50717.0	59614.0	67434.0	30372.0	24303.0	54451.0	45017.0	17841.0	23236.0	32883.0	34137.0	14775.0	34815.0	73968.0	50378.0	30324.0	14520.0	33118.0	53548.0	14954.0	17964.0	34463.0	44308.0	15314.0	13343.0	36549.0	34451.0	12796.0	11064.0	74615.0	54820.0	30025.0	82851.0	122191.0	137550.0	68910.0	48091.0	85423.0	71813.0	30357.0	50285.0	82123.0	48221.0	36765.0	24258.0	84537.0	46533.0	34469.0	966.0	49829.0	496.0	26086.0	22129.0	33989.0	36763.0	16092.0	1450.0	13588.0	24326.0	9840.0	15406.0	57527.0	15438.0	26719.0
ATG	57169.0	40633.0	64027.0	33680.0	24879.0	34142.0	28115.0	19213.0	28499.0	23998.0	38280.0	15760.0	48500.0	50378.0	49160.0	38771.0	14989.0	21835.0	38687.0	15359.0	18821.0	22661.0	27189.0	16413.0	8610.0	18979.0	19596.0	9665.0	14368.0	46781.0	42118.0	32138.0	72163.0	67011.0	96185.0	57490.0	43094.0	52661.0	42430.0	31047.0	40177.0	47896.0	32915.0	31588.0	25965.0	49503.0	37132.0	37493.0	1009.0	39320.0	412.0	31058.0	22251.0	24079.0	22722.0	17090.0	1235.0	10697.0	20712.0	9155.0	23331.0	43390.0	18551.0	31616.0
ATT	79705.0	34474.0	56954.0	53006.0	31445.0	21123.0	17030.0	23530.0	35700.0	18952.0	32265.0	20693.0	50884.0	30324.0	38771.0	47154.0	19886.0	13189.0	25316.0	17120.0	24832.0	13310.0	16272.0	17991.0	6796.0	8524.0	9798.0	8265.0	16152.0	25231.0	24682.0	31850.0	89572.0	44349.0	73492.0	76271.0	49516.0	28650.0	22967.0	33886.0	51952.0	29960.0	26639.0	37935.0	32771.0	26464.0	26607.0	44668.0	1399.0	26916.0	505.0	36330.0	30590.0	16394.0	13660.0	21713.0	1039.0	7052.0	17203.0	9556.0	35059.0	26769.0	20019.0	36633.0
CAA	23006.0	11648.0	13655.0	15827.0	12329.0	9409.0	7120.0	9500.0	10155.0	6556.0	6576.0	6690.0	20896.0	14520.0	14989.0	19886.0	10728.0	6167.0	10981.0	5834.0	9779.0	6240.0	6272.0	7685.0	3716.0	5453.0	4561.0	3595.0	8749.0	14572.0	10004.0	13602.0	26979.0	16402.0	21978.0	20003.0	16717.0	13069.0	9134.0	12844.0	13581.0	10846.0	7292.0	11221.0	11962.0	12831.0	8993.0	15526.0	816.0	11901.0	379.0	14556.0	9157.0	5899.0	4667.0	7508.0	615.0	2648.0	6825.0	3511.0	15923.0	12580.0	8361.0	13247.0
CAC	16865.0	21906.0	22876.0	8814.0	10034.0	22484.0	19028.0	7287.0	8512.0	13895.0	12790.0	4920.0	17961.0	33118.0	21835.0	13189.0	6167.0	25040.0	19721.0	8011.0	9039.0	16052.0	19672.0	6411.0	6329.0	18407.0	13160.0	4970.0	6309.0	39352.0	24500.0	12386.0	27187.0	49287.0	46784.0	21009.0	16683.0	33739.0	26668.0	10794.0	16388.0	34586.0	16258.0	12455.0	10507.0	38972.0	19738.0	14421.0	468.0	27211.0	308.0	11393.0	7378.0	12418.0	13526.0	5253.0	697.0	7237.0	12669.0	4965.0	7635.0	29384.0	7364.0	10342.0
CAG	29757.0	32225.0	37825.0	18637.0	16432.0	33844.0	25522.0	12772.0	14790.0	20287.0	21140.0	9635.0	30871.0	53548.0	38687.0	25316.0	10981.0	19721.0	36972.0	9267.0	12223.0	20755.0	24601.0	10566.0	8824.0	24310.0	18199.0	8380.0	9776.0	57955.0	39635.0	24357.0	44202.0	56160.0	65160.0	32830.0	31542.0	53308.0	36795.0	20833.0	24978.0	43878.0	23363.0	20275.0	16990.0	54799.0	29150.0	24641.0	1003.0	36475.0	669.0	20490.0	12861.0	19410.0	17944.0	9561.0	1385.0	9280.0	17596.0	6300.0	12951.0	42121.0	12637.0	18956.0
CAT	21613.0	10951.0	15744.0	14244.0	10616.0	9050.0	6248.0	7442.0	10596.0	6573.0	9653.0	5972.0	20087.0	14954.0	15359.0	17120.0	5834.0	8011.0	9267.0	10148.0	9200.0	6414.0	7351.0	7171.0	2884.0	4192.0	4645.0	3524.0	6149.0	12995.0	12104.0	12550.0	23164.0	15886.0	21088.0	22566.0	15701.0	11204.0	8008.0	10610.0	15781.0	11429.0	8759.0	11627.0	11122.0	11563.0	9928.0	14485.0	535.0	11025.0	211.0	14521.0	8709.0	6327.0	4794.0	6563.0	586.0	4004.0	7073.0	4169.0	12135.0	12875.0	7169.0	13386.0
CCA	27161.0	17254.0	19854.0	21028.0	19092.0	12708.0	10042.0	13167.0	13641.0	9629.0	10336.0	8814.0	32029.0	17964.0	18821.0	24832.0	9779.0	9039.0	12223.0	9200.0	17370.0	9463.0	10219.0	11097.0	3159.0	4374.0	4245.0	3442.0	11293.0	16918.0	12872.0	17115.0	33334.0	23244.0	29957.0	29885.0	20768.0	13696.0	10027.0	13947.0	23706.0	16078.0	10853.0	18072.0	17733.0	15600.0	13098.0	23220.0	539.0	18683.0	282.0	21120.0	14383.0	8140.0	6816.0	9516.0	439.0	4227.0	10159.0	5278.0	17916.0	18405.0	8592.0	19026.0
CCC	17197.0	24475.0	25455.0	10978.0	11843.0	26970.0	20336.0	8652.0	9179.0	17034.0	16510.0	5913.0	22225.0	34463.0	22661.0	13310.0	6240.0	16052.0	20755.0	6414.0	9463.0	20884.0	21233.0	7951.0	5168.0	15033.0	11698.0	4302.0	7928.0	39116.0	25436.0	13706.0	30564.0	55593.0	58713.0	24823.0	17845.0	35091.0	27328.0	11615.0	22250.0	41832.0	22147.0	15175.0	13442.0	41037.0	24018.0	15693.0	448.0	28134.0	337.0	12422.0	9357.0	16810.0	16197.0	6903.0	603.0	8223.0	14164.0	4682.0	7683.0	31890.0	7881.0	12022.0
CCG	18086.0	29221.0	28123.0	12385.0	12847.0	30039.0	33399.0	9526.0	8992.0	18847.0	14709.0	7328.0	21135.0	44308.0	27189.0	16272.0	6272.0	19672.0	24601.0	7351.0	10219.0	21233.0	33710.0	8009.0	7992.0	17823.0	17796.0	5860.0	6641.0	49274.0	34895.0	15695.0	33733.0	66684.0	62926.0	29353.0	20216.0	40480.0	42770.0	12869.0	22711.0	47740.0	26746.0	17812.0	12811.0	55261.0	30570.0	18318.0	542.0	32561.0	530.0	14154.0	9667.0	16739.0	26440.0	6876.0	1034.0	8225.0	16128.0	5983.0	7376.0	40265.0	10103.0	14912.0
CCT	24763.0	14247.0	18727.0	17226.0	14046.0	10586.0	7082.0	10172.0	12592.0	8880.0	11261.0	7054.0	24812.0	15314.0	16413.0	17991.0	7685.0	6411.0	10566.0	7171.0	11097.0	7951.0	8009.0	9316.0	2472.0	3711.0	3469.0	2999.0	7939.0	13042.0	11983.0	13741.0	29840.0	18517.0	26261.0	25484.0	17596.0	11738.0	8056.0	11897.0	22025.0	15023.0	10586.0	15065.0	15775.0	12839.0	12127.0	17976.0	408.0	13671.0	281.0	15710.0	11131.0	7954.0	5521.0	8379.0	414.0	4128.0	9058.0	4245.0	14398.0	14642.0	7496.0	15275.0
CGA	7811.0	7705.0	7519.0	4705.0	4548.0	9274.0	9926.0	3452.0	3284.0	5112.0	3025.0	2977.0	5347.0	13343.0	8610.0	6796.0	3716.0	6329.0	8824.0	2884.0	3159.0	5168.0	7992.0	2472.0	6188.0	9492.0	9120.0	3852.0	2572.0	17931.0	10492.0	6100.0	13969.0	20037.0	20372.0	10355.0	8085.0	15217.0	14150.0	5508.0	6861.0	12757.0	7651.0	6434.0	3855.0	17346.0	7940.0	6395.0	399.0	8386.0	257.0	5033.0	3325.0	4451.0	5976.0	2478.0	665.0	1932.0	5004.0	1812.0	3132.0	9638.0	3389.0	4657.0
CGC	11068.0	19660.0	21030.0	5266.0	5824.0	24917.0	20611.0	4696.0	4690.0	13429.0	8788.0	3937.0	9531.0	36549.0	18979.0	8524.0	5453.0	18407.0	24310.0	4192.0	4374.0	15033.0	17823.0	3711.0	9492.0	31614.0	20462.0	7215.0	4268.0	50035.0	25608.0	10098.0	26720.0	55271.0	59079.0	15964.0	13140.0	44058.0	34122.0	9174.0	11222.0	39968.0	16422.0	10693.0	6173.0	46601.0	18642.0	9744.0	479.0	25496.0	468.0	7339.0	4102.0	12290.0	15110.0	3665.0	874.0	6062.0	12938.0	3666.0	3252.0	28610.0	5486.0	6453.0
CGG	12353.0	18830.0	17590.0	6426.0	6379.0	21331.0	20622.0	4946.0	4906.0	11656.0	8970.0	4288.0	8949.0	34451.0	19596.0	9798.0	4561.0	13160.0	18199.0	4645.0	4245.0	11698.0	17796.0	3469.0	9120.0	20462.0	19684.0	6273.0	3846.0	42475.0	27526.0	10706.0	23311.0	42235.0	40909.0	17005.0	14641.0	38231.0	33287.0	9338.0	11461.0	29976.0	16945.0	10121.0	6619.0	41452.0	19642.0	10092.0	496.0	21632.0	496.0	8410.0	4651.0	10561.0	14370.0	3788.0	1181.0	5528.0	10696.0	3822.0	3622.0	27441.0	6111.0	8493.0
CGT	9723.0	7564.0	9590.0	6246.0	5072.0	7872.0	6837.0	4001.0	4562.0	4617.0	5106.0	3480.0	7554.0	12796.0	9665.0	8265.0	3595.0	4970.0	8380.0	3524.0	3442.0	4302.0	5860.0	2999.0	3852.0	7215.0	6273.0	4546.0	2875.0	14051.0	9630.0	7686.0	14914.0	16010.0	18911.0	11989.0	9364.0	12052.0	10119.0	6701.0	8275.0	11048.0	6755.0	8243.0	5164.0	13096.0	7738.0	7915.0	314.0	8338.0	207.0	6598.0	4037.0	5117.0	5175.0	3240.0	532.0	2333.0	5396.0	2233.0	4331.0	9831.0	3768.0	5858.0
CTA	26022.0	13642.0	21776.0	17320.0	12410.0	8048.0	6995.0	8835.0	13849.0	8405.0	13233.0	7212.0	24894.0	11064.0	14368.0	16152.0	8749.0	6309.0	9776.0	6149.0	11293.0	7928.0	6641.0	7939.0	2572.0	4268.0	3846.0	2875.0	12700.0	13920.0	10871.0	12802.0	29824.0	17939.0	31123.0	24025.0	17339.0	14350.0	10452.0	13618.0	15412.0	12713.0	9031.0	11804.0	13335.0	10886.0	11316.0	15052.0	538.0	14294.0	368.0	14547.0	11518.0	7739.0	5756.0	8616.0	461.0	2572.0	6469.0	2433.0	13601.0	14152.0	7407.0	12545.0
CTC	43608.0	59302.0	69410.0	22425.0	21693.0	55462.0	52986.0	15699.0	22493.0	37687.0	39400.0	13464.0	37148.0	74615.0	46781.0	25231.0	14572.0	39352.0	57955.0	12995.0	16918.0	39116.0	49274.0	13042.0	17931.0	50035.0	42475.0	14051.0	13920.0	94114.0	58127.0	26717.0	83666.0	145902.0	163057.0	60039.0	44901.0	101707.0	89933.0	30819.0	43388.0	95664.0	50732.0	32680.0	22478.0	99266.0	51364.0	31792.0	1026.0	60614.0	805.0	22849.0	19490.0	37606.0	44652.0	13429.0	1709.0	12836.0	28201.0	8040.0	13066.0	66560.0	17714.0	21873.0
CTG	40485.0	45033.0	59466.0	23480.0	17916.0	37385.0	37600.0	13650.0	20492.0	27809.0	37435.0	11507.0	34112.0	54820.0	42118.0	24682.0	10004.0	24500.0	39635.0	12104.0	12872.0	25436.0	34895.0	11983.0	10492.0	25608.0	27526.0	9630.0	10871.0	58127.0	53252.0	25475.0	63413.0	87888.0	116071.0	51727.0	37241.0	67565.0	65136.0	24661.0	34154.0	60980.0	38140.0	25342.0	20454.0	66203.0	44539.0	27452.0	827.0	43377.0	656.0	22185.0	16692.0	26695.0	32211.0	12808.0	1777.0	9783.0	20346.0	6726.0	11502.0	50688.0	15100.0	23087.0
CTT	56090.0	29139.0	46176.0	33066.0	24263.0	21124.0	16482.0	16104.0	27231.0	17576.0	29176.0	13817.0	39797.0	30025.0	32138.0	31850.0	13602.0	12386.0	24357.0	12550.0	17115.0	13706.0	15695.0	13741.0	6100.0	10098.0	10706.0	7686.0	12802.0	26717.0	25475.0	26830.0	67137.0	41325.0	67325.0	53405.0	40162.0	30447.0	23504.0	25682.0	36464.0	28359.0	21688.0	25909.0	23574.0	25715.0	22883.0	30565.0	854.0	24399.0	381.0	25283.0	22533.0	16819.0	13095.0	15399.0	872.0	6341.0	13947.0	5969.0	21244.0	25369.0	13326.0	24932.0
GAA	104067.0	52264.0	69945.0	61534.0	45276.0	50236.0	37549.0	37702.0	42582.0	32629.0	33659.0	27193.0	89847.0	82851.0	72163.0	89572.0	26979.0	27187.0	44202.0	23164.0	33334.0	30564.0	33733.0	29840.0	13969.0	26720.0	23311.0	14914.0	29824.0	83666.0	63413.0	67137.0	140848.0	98641.0	119926.0	97590.0	75137.0	76535.0	51685.0	57680.0	65009.0	61670.0	39667.0	50872.0	52467.0	80640.0	50237.0	78271.0	2765.0	56621.0	1227.0	58228.0	33345.0	29005.0	22681.0	28307.0	2430.0	14749.0	31358.0	16176.0	62437.0	62903.0	37280.0	59592.0
GAC	46084.0	66604.0	63707.0	28274.0	28736.0	81449.0	66426.0	23925.0	21375.0	48187.0	32945.0	18135.0	54220.0	122191.0	67011.0	44349.0	16402.0	49287.0	56160.0	15886.0	23244.0	55593.0	66684.0	18517.0	20037.0	55271.0	42235.0	16010.0	17939.0	145902.0	87888.0	41325.0	98641.0	199038.0	170974.0	79515.0	48196.0	115476.0	95630.0	35860.0	47081.0	109507.0	53050.0	42148.0	33891.0	151329.0	73981.0	52395.0	1610.0	82830.0	1225.0	33564.0	20788.0	42365.0	47336.0	16828.0	3340.0	17179.0	40344.0	13085.0	22134.0	96426.0	24364.0	31928.0
GAG	75270.0	74453.0	108097.0	43043.0	36668.0	87882.0	67953.0	32437.0	40977.0	56332.0	70896.0	25412.0	93084.0	137550.0	96185.0	73492.0	21978.0	46784.0	65160.0	21088.0	29957.0	58713.0	62926.0	26261.0	20372.0	59079.0	40909.0	18911.0	31123.0	163057.0	116071.0	67325.0	119926.0	170974.0	197964.0	93306.0	71561.0	150204.0	103735.0	61221.0	63710.0	118550.0	66708.0	55208.0	47587.0	161559.0	91585.0	81564.0	2507.0	96422.0	1871.0	50683.0	26141.0	47651.0	42107.0	22835.0	4157.0	23630.0	47394.0	16110.0	42539.0	117600.0	45036.0	51942.0
GAT	80154.0	45670.0	59645.0	60734.0	39716.0	39473.0	29936.0	31609.0	35420.0	29236.0	34133.0	26703.0	85206.0	68910.0	57490.0	76271.0	20003.0	21009.0	32830.0	22566.0	29885.0	24823.0	29353.0	25484.0	10355.0	15964.0	17005.0	11989.0	24025.0	60039.0	51727.0	53405.0	97590.0	79515.0	93306.0	102598.0	55866.0	49031.0	37677.0	41840.0	53594.0	46815.0	34021.0	46073.0	48511.0	60895.0	47962.0	72120.0	1519.0	45073.0	746.0	53903.0	32617.0	26394.0	21488.0	26236.0	2193.0	12365.0	28408.0	14135.0	49896.0	53792.0	30923.0	52542.0
GCA	58524.0	33362.0	45793.0	33748.0	30389.0	29376.0	21989.0	22171.0	26870.0	20919.0	24484.0	16938.0	54892.0	48091.0	43094.0	49516.0	16717.0	16683.0	31542.0	15701.0	20768.0	17845.0	20216.0	17596.0	8085.0	13140.0	14641.0	9364.0	17339.0	44901.0	37241.0	40162.0	75137.0	48196.0	71561.0	55866.0	58926.0	47385.0	34833.0	39307.0	41075.0	34992.0	25059.0	34704.0	31917.0	42705.0	31783.0	45887.0	726.0	33445.0	348.0	33920.0	24666.0	20017.0	16146.0	18085.0	799.0	9241.0	16871.0	9753.0	29053.0	37196.0	18101.0	34193.0
GCC	38425.0	49309.0	62332.0	19200.0	19730.0	56599.0	47282.0	15666.0	19816.0	37549.0	38987.0	12374.0	41441.0	85423.0	52661.0	28650.0	13069.0	33739.0	53308.0	11204.0	13696.0	35091.0	40480.0	11738.0	15217.0	44058.0	38231.0	12052.0	14350.0	101707.0	67565.0	30447.0	76535.0	115476.0	150204.0	49031.0	47385.0	114674.0	91208.0	34788.0	39251.0	87467.0	47646.0	32206.0	24225.0	102813.0	56533.0	34460.0	638.0	55895.0	565.0	22277.0	16215.0	33612.0	37917.0	12750.0	1125.0	14189.0	27607.0	9605.0	14503.0	66044.0	18365.0	22599.0
GCG	26293.0	41436.0	45190.0	14185.0	14360.0	44158.0	51168.0	11883.0	13966.0	27607.0	26649.0	10207.0	28426.0	71813.0	42430.0	22967.0	9134.0	26668.0	36795.0	8008.0	10027.0	27328.0	42770.0	8056.0	14150.0	34122.0	33287.0	10119.0	10452.0	89933.0	65136.0	23504.0	51685.0	95630.0	103735.0	37677.0	34833.0	91208.0	96346.0	25965.0	28119.0	69023.0	40351.0	24621.0	17441.0	98056.0	53650.0	27787.0	659.0	44564.0	571.0	16629.0	11134.0	23969.0	38103.0	9011.0	1401.0	9889.0	20682.0	7956.0	10776.0	60808.0	17484.0	18490.0
GCT	46631.0	23852.0	41829.0	25095.0	19593.0	18353.0	14616.0	16559.0	25733.0	17502.0	26201.0	13598.0	41761.0	30357.0	31047.0	33886.0	12844.0	10794.0	20833.0	10610.0	13947.0	11615.0	12869.0	11897.0	5508.0	9174.0	9338.0	6701.0	13618.0	30819.0	24661.0	25682.0	57680.0	35860.0	61221.0	41840.0	39307.0	34788.0	25965.0	34932.0	33301.0	27717.0	19657.0	27667.0	24899.0	29522.0	24756.0	36345.0	604.0	22857.0	343.0	23549.0	16430.0	13652.0	11839.0	13661.0	743.0	6319.0	14015.0	6864.0	24111.0	26346.0	15340.0	23445.0
GGA	58677.0	32887.0	49817.0	34362.0	29258.0	31748.0	21848.0	24454.0	28941.0	22968.0	26648.0	18996.0	55693.0	50285.0	40177.0	51952.0	13581.0	16388.0	24978.0	15781.0	23706.0	22250.0	22711.0	22025.0	6861.0	11222.0	11461.0	8275.0	15412.0	43388.0	34154.0	36464.0	65009.0	47081.0	63710.0	53594.0	41075.0	39251.0	28119.0	33301.0	49880.0	36217.0	27898.0	37686.0	32445.0	45945.0	32548.0	50376.0	1387.0	35801.0	648.0	36643.0	21821.0	21692.0	14778.0	18850.0	1386.0	10369.0	18366.0	10410.0	29211.0	40735.0	19700.0	36492.0
GGC	34463.0	47370.0	55929.0	19091.0	19934.0	58078.0	46889.0	17256.0	16632.0	37505.0	32376.0	13027.0	40906.0	82123.0	47896.0	29960.0	10846.0	34586.0	43878.0	11429.0	16078.0	41832.0	47740.0	15023.0	12757.0	39968.0	29976.0	11048.0	12713.0	95664.0	60980.0	28359.0	61670.0	109507.0	118550.0	46815.0	34992.0	87467.0	69023.0	27717.0	36217.0	93834.0	43124.0	34136.0	23483.0	104424.0	53473.0	35886.0	945.0	58795.0	836.0	23958.0	15354.0	33400.0	36114.0	13182.0	1531.0	13932.0	28020.0	9529.0	13981.0	68471.0	16581.0	23208.0
GGG	28971.0	28861.0	40742.0	16834.0	14762.0	31794.0	27626.0	12837.0	15469.0	22757.0	29184.0	11234.0	32888.0	48221.0	32915.0	26639.0	7292.0	16258.0	23363.0	8759.0	10853.0	22147.0	26746.0	10586.0	7651.0	16422.0	16945.0	6755.0	9031.0	50732.0	38140.0	21688.0	39667.0	53050.0	66708.0	34021.0	25059.0	47646.0	40351.0	19657.0	27898.0	43124.0	32110.0	23101.0	17759.0	56178.0	36906.0	29001.0	970.0	32193.0	786.0	19712.0	11729.0	20303.0	20646.0	9951.0	1811.0	9055.0	17071.0	7129.0	13013.0	41405.0	14427.0	20272.0
GGT	41480.0	25362.0	37301.0	26800.0	21909.0	24194.0	18044.0	18343.0	20972.0	17329.0	23204.0	16739.0	40467.0	36765.0	31588.0	37935.0	11221.0	12455.0	20275.0	11627.0	18072.0	15175.0	17812.0	15065.0	6434.0	10693.0	10121.0	8243.0	11804.0	32680.0	25342.0	25909.0	50872.0	42148.0	55208.0	46073.0	34704.0	32206.0	24621.0	27667.0	37686.0	34136.0	23101.0	39750.0	26413.0	37186.0	27628.0	40600.0	1165.0	26525.0	556.0	25930.0	18668.0	16567.0	13999.0	14696.0	1436.0	7160.0	16133.0	8941.0	24902.0	31696.0	15450.0	25432.0
GTA	43614.0	24096.0	34369.0	29940.0	20878.0	16475.0	12275.0	17250.0	20702.0	14119.0	19716.0	13469.0	39820.0	24258.0	25965.0	32771.0	11962.0	10507.0	16990.0	11122.0	17733.0	13442.0	12811.0	15775.0	3855.0	6173.0	6619.0	5164.0	13335.0	22478.0	20454.0	23574.0	52467.0	33891.0	47587.0	48511.0	31917.0	24225.0	17441.0	24899.0	32445.0	23483.0	17759.0	26413.0	27090.0	23486.0	23016.0	33769.0	805.0	22682.0	377.0	25801.0	18065.0	13267.0	9477.0	14800.0	739.0	5840.0	10955.0	6666.0	22728.0	24422.0	13308.0	25191.0
GTC	36105.0	59236.0	63737.0	20562.0	19708.0	61531.0	59496.0	16001.0	17461.0	37653.0	31295.0	13491.0	32772.0	84537.0	49503.0	26464.0	12831.0	38972.0	54799.0	11563.0	15600.0	41037.0	55261.0	12839.0	17346.0	46601.0	41452.0	13096.0	10886.0	99266.0	66203.0	25715.0	80640.0	151329.0	161559.0	60895.0	42705.0	102813.0	98056.0	29522.0	45945.0	104424.0	56178.0	37186.0	23486.0	122230.0	61170.0	35870.0	771.0	58185.0	585.0	21546.0	15718.0	33610.0	44338.0	12133.0	1356.0	14110.0	27852.0	10524.0	11106.0	69746.0	16890.0	21449.0
GTG	34610.0	38532.0	52174.0	22911.0	16809.0	32195.0	31272.0	14689.0	19572.0	24660.0	36110.0	12360.0	37559.0	46533.0	37132.0	26607.0	8993.0	19738.0	29150.0	9928.0	13098.0	24018.0	30570.0	12127.0	7940.0	18642.0	19642.0	7738.0	11316.0	51364.0	44539.0	22883.0	50237.0	73981.0	91585.0	47962.0	31783.0	56533.0	53650.0	24756.0	32548.0	53473.0	36906.0	27628.0	23016.0	61170.0	49474.0	33348.0	1016.0	37458.0	596.0	21327.0	14201.0	21239.0	23643.0	11835.0	1659.0	9459.0	17155.0	7177.0	14094.0	45141.0	16083.0	22442.0
GTT	64043.0	33964.0	55926.0	40308.0	27600.0	22522.0	19294.0	21614.0	32705.0	21165.0	35226.0	19565.0	51882.0	34469.0	37493.0	44668.0	15526.0	14421.0	24641.0	14485.0	23220.0	15693.0	18318.0	17976.0	6395.0	9744.0	10092.0	7915.0	15052.0	31792.0	27452.0	30565.0	78271.0	52395.0	81564.0	72120.0	45887.0	34460.0	27787.0	36345.0	50376.0	35886.0	29001.0	40600.0	33769.0	35870.0	33348.0	54496.0	959.0	29980.0	442.0	32044.0	23954.0	16587.0	14284.0	17808.0	1002.0	7928.0	17192.0	9289.0	30074.0	32246.0	19365.0	32887.0
TAA	3857.0	1121.0	2360.0	1871.0	801.0	705.0	644.0	751.0	1352.0	763.0	1283.0	807.0	1344.0	966.0	1009.0	1399.0	816.0	468.0	1003.0	535.0	539.0	448.0	542.0	408.0	399.0	479.0	496.0	314.0	538.0	1026.0	827.0	854.0	2765.0	1610.0	2507.0	1519.0	726.0	638.0	659.0	604.0	1387.0	945.0	970.0	1165.0	805.0	771.0	1016.0	959.0	0.0	857.0	0.0	1074.0	828.0	644.0	527.0	715.0	0.0	251.0	730.0	254.0	1326.0	1130.0	687.0	1099.0
TAC	42927.0	47300.0	56538.0	25037.0	21492.0	38077.0	32072.0	15388.0	20832.0	27069.0	33198.0	11746.0	41144.0	49829.0	39320.0	26916.0	11901.0	27211.0	36475.0	11025.0	18683.0	28134.0	32561.0	13671.0	8386.0	25496.0	21632.0	8338.0	14294.0	60614.0	43377.0	24399.0	56621.0	82830.0	96422.0	45073.0	33445.0	55895.0	44564.0	22857.0	35801.0	58795.0	32193.0	26525.0	22682.0	58185.0	37458.0	29980.0	857.0	50688.0	485.0	24630.0	18097.0	23891.0	24435.0	12278.0	1119.0	12182.0	23745.0	8087.0	17976.0	50025.0	15150.0	21390.0
TAG	1245.0	523.0	1229.0	583.0	354.0	411.0	486.0	345.0	622.0	552.0	839.0	328.0	639.0	496.0	412.0	505.0	379.0	308.0	669.0	211.0	282.0	337.0	530.0	281.0	257.0	468.0	496.0	207.0	368.0	805.0	656.0	381.0	1227.0	1225.0	1871.0	746.0	348.0	565.0	571.0	343.0	648.0	836.0	786.0	556.0	377.0	585.0	596.0	442.0	0.0	485.0	0.0	432.0	379.0	412.0	565.0	355.0	0.0	182.0	475.0	122.0	447.0	618.0	378.0	404.0
TAT	55759.0	26924.0	40708.0	39845.0	25166.0	17783.0	13778.0	17904.0	25255.0	15225.0	22935.0	14942.0	45917.0	26086.0	31058.0	36330.0	14556.0	11393.0	20490.0	14521.0	21120.0	12422.0	14154.0	15710.0	5033.0	7339.0	8410.0	6598.0	14547.0	22849.0	22185.0	25283.0	58228.0	33564.0	50683.0	53903.0	33920.0	22277.0	16629.0	23549.0	36643.0	23958.0	19712.0	25930.0	25801.0	21546.0	21327.0	32044.0	1074.0	24630.0	432.0	34860.0	22133.0	14167.0	10981.0	16614.0	949.0	6819.0	15949.0	8108.0	29754.0	25490.0	16576.0	29555.0
TCA	30453.0	18516.0	20658.0	25738.0	19436.0	14251.0	10299.0	13736.0	13262.0	10554.0	12106.0	10593.0	38031.0	22129.0	22251.0	30590.0	9157.0	7378.0	12861.0	8709.0	14383.0	9357.0	9667.0	11131.0	3325.0	4102.0	4651.0	4037.0	11518.0	19490.0	16692.0	22533.0	33345.0	20788.0	26141.0	32617.0	24666.0	16215.0	11134.0	16430.0	21821.0	15354.0	11729.0	18668.0	18065.0	15718.0	14201.0	23954.0	828.0	18097.0	379.0	22133.0	17892.0	10737.0	8133.0	12192.0	843.0	4444.0	8876.0	5119.0	20619.0	19702.0	10374.0	21936.0
TCC	19987.0	23561.0	26411.0	13769.0	12188.0	24073.0	17184.0	9203.0	9491.0	15459.0	16656.0	6951.0	24944.0	33989.0	24079.0	16394.0	5899.0	12418.0	19410.0	6327.0	8140.0	16810.0	16739.0	7954.0	4451.0	12290.0	10561.0	5117.0	7739.0	37606.0	26695.0	16819.0	29005.0	42365.0	47651.0	26394.0	20017.0	33612.0	23969.0	13652.0	21692.0	33400.0	20303.0	16567.0	13267.0	33610.0	21239.0	16587.0	644.0	23891.0	412.0	14167.0	10737.0	18638.0	15590.0	8691.0	961.0	6923.0	11310.0	4705.0	9560.0	28202.0	8640.0	13725.0
TCG	13451.0	23275.0	21522.0	9892.0	9426.0	25645.0	28052.0	7868.0	6941.0	14768.0	11669.0	6477.0	17973.0	36763.0	22722.0	13660.0	4667.0	13526.0	17944.0	4794.0	6816.0	16197.0	26440.0	5521.0	5976.0	15110.0	14370.0	5175.0	5756.0	44652.0	32211.0	13095.0	22681.0	47336.0	42107.0	21488.0	16146.0	37917.0	38103.0	11839.0	14778.0	36114.0	20646.0	13999.0	9477.0	44338.0	23643.0	14284.0	527.0	24435.0	565.0	10981.0	8133.0	15590.0	25322.0	6319.0	1303.0	5451.0	11498.0	4325.0	6575.0	31758.0	8893.0	11736.0
TCT	26643.0	14035.0	18090.0	19613.0	13535.0	10105.0	7536.0	10775.0	11744.0	8438.0	10287.0	8353.0	27113.0	16092.0	17090.0	21713.0	7508.0	5253.0	9561.0	6563.0	9516.0	6903.0	6876.0	8379.0	2478.0	3665.0	3788.0	3240.0	8616.0	13429.0	12808.0	15399.0	28307.0	16828.0	22835.0	26236.0	18085.0	12750.0	9011.0	13661.0	18850.0	13182.0	9951.0	14696.0	14800.0	12133.0	11835.0	17808.0	715.0	12278.0	355.0	16614.0	12192.0	8691.0	6319.0	10832.0	690.0	3483.0	7426.0	4323.0	16599.0	13985.0	9319.0	16842.0
TGA	2431.0	1275.0	2959.0	1414.0	726.0	1029.0	1195.0	657.0	1420.0	1127.0	1895.0	824.0	1269.0	1450.0	1235.0	1039.0	615.0	697.0	1385.0	586.0	439.0	603.0	1034.0	414.0	665.0	874.0	1181.0	532.0	461.0	1709.0	1777.0	872.0	2430.0	3340.0	4157.0	2193.0	799.0	1125.0	1401.0	743.0	1386.0	1531.0	1811.0	1436.0	739.0	1356.0	1659.0	1002.0	0.0	1119.0	0.0	949.0	843.0	961.0	1303.0	690.0	6.0	341.0	1018.0	294.0	738.0	1525.0	856.0	914.0
TGC	11185.0	11266.0	14293.0	6753.0	5295.0	9759.0	6413.0	3882.0	5816.0	6963.0	9387.0	2991.0	9688.0	13588.0	10697.0	7052.0	2648.0	7237.0	9280.0	4004.0	4227.0	8223.0	8225.0	4128.0	1932.0	6062.0	5528.0	2333.0	2572.0	12836.0	9783.0	6341.0	14749.0	17179.0	23630.0	12365.0	9241.0	14189.0	9889.0	6319.0	10369.0	13932.0	9055.0	7160.0	5840.0	14110.0	9459.0	7928.0	251.0	12182.0	182.0	6819.0	4444.0	6923.0	5451.0	3483.0	341.0	6082.0	5533.0	3562.0	3589.0	12276.0	3368.0	6280.0
TGG	22872.0	22453.0	27929.0	16026.0	10994.0	18604.0	14923.0	9638.0	12371.0	13319.0	18011.0	8196.0	20017.0	24326.0	20712.0	17203.0	6825.0	12669.0	17596.0	7073.0	10159.0	14164.0	16128.0	9058.0	5004.0	12938.0	10696.0	5396.0	6469.0	28201.0	20346.0	13947.0	31358.0	40344.0	47394.0	28408.0	16871.0	27607.0	20682.0	14015.0	18366.0	28020.0	17071.0	16133.0	10955.0	27852.0	17155.0	17192.0	730.0	23745.0	475.0	15949.0	8876.0	11310.0	11498.0	7426.0	1018.0	5533.0	17430.0	4716.0	10246.0	25907.0	9095.0	14433.0
TGT	13786.0	8578.0	9975.0	9149.0	5967.0	7006.0	5572.0	4875.0	6346.0	4558.0	5346.0	4310.0	9419.0	9840.0	9155.0	9556.0	3511.0	4965.0	6300.0	4169.0	5278.0	4682.0	5983.0	4245.0	1812.0	3666.0	3822.0	2233.0	2433.0	8040.0	6726.0	5969.0	16176.0	13085.0	16110.0	14135.0	9753.0	9605.0	7956.0	6864.0	10410.0	9529.0	7129.0	8941.0	6666.0	10524.0	7177.0	9289.0	254.0	8087.0	122.0	8108.0	5119.0	4705.0	4325.0	4323.0	294.0	3562.0	4716.0	4722.0	5961.0	8495.0	3948.0	7724.0
TTA	59018.0	20607.0	35107.0	40500.0	20157.0	9976.0	8321.0	17491.0	25825.0	10791.0	19336.0	15989.0	39663.0	15406.0	23331.0	35059.0	15923.0	7635.0	12951.0	12135.0	17916.0	7683.0	7376.0	14398.0	3132.0	3252.0	3622.0	4331.0	13601.0	13066.0	11502.0	21244.0	62437.0	22134.0	42539.0	49896.0	29053.0	14503.0	10776.0	24111.0	29211.0	13981.0	13013.0	24902.0	22728.0	11106.0	14094.0	30074.0	1326.0	17976.0	447.0	29754.0	20619.0	9560.0	6575.0	16599.0	738.0	3589.0	10246.0	5961.0	32520.0	17050.0	14786.0	26155.0
TTC	42104.0	49912.0	61326.0	26214.0	21390.0	40872.0	38637.0	15696.0	22507.0	29671.0	36079.0	13200.0	43441.0	57527.0	43390.0	26769.0	12580.0	29384.0	42121.0	12875.0	18405.0	31890.0	40265.0	14642.0	9638.0	28610.0	27441.0	9831.0	14152.0	66560.0	50688.0	25369.0	62903.0	96426.0	117600.0	53792.0	37196.0	66044.0	60808.0	26346.0	40735.0	68471.0	41405.0	31696.0	24422.0	69746.0	45141.0	32246.0	1130.0	50025.0	618.0	25490.0	19702.0	28202.0	31758.0	13985.0	1525.0	12276.0	25907.0	8495.0	17050.0	58740.0	16473.0	23789.0
TTG	33717.0	16770.0	32367.0	21108.0	10775.0	10104.0	10838.0	9852.0	16855.0	10301.0	20073.0	9012.0	24072.0	15438.0	18551.0	20019.0	8361.0	7364.0	12637.0	7169.0	8592.0	7881.0	10103.0	7496.0	3389.0	5486.0	6111.0	3768.0	7407.0	17714.0	15100.0	13326.0	37280.0	24364.0	45036.0	30923.0	18101.0	18365.0	17484.0	15340.0	19700.0	16581.0	14427.0	15450.0	13308.0	16890.0	16083.0	19365.0	687.0	15150.0	378.0	16576.0	10374.0	8640.0	8893.0	9319.0	856.0	3368.0	9095.0	3948.0	14786.0	16473.0	13044.0	16314.0
TTT	54777.0	25528.0	40475.0	37480.0	23290.0	17288.0	14656.0	17422.0	26169.0	14802.0	23956.0	14935.0	44221.0	26719.0	31616.0	36633.0	13247.0	10342.0	18956.0	13386.0	19026.0	12022.0	14912.0	15275.0	4657.0	6453.0	8493.0	5858.0	12545.0	21873.0	23087.0	24932.0	59592.0	31928.0	51942.0	52542.0	34193.0	22599.0	18490.0	23445.0	36492.0	23208.0	20272.0	25432.0	25191.0	21449.0	22442.0	32887.0	1099.0	21390.0	404.0	29555.0	21936.0	13725.0	11736.0	16842.0	914.0	6280.0	14433.0	7724.0	26155.0	23789.0	16314.0	31036.0
End	8221.0	2805.0	4511.0	2569.0	1535.0	1480.0	1262.0	1078.0	3457.0	2222.0	3325.0	1877.0	2863.0	3094.0	1896.0	3137.0	2935.0	1377.0	3666.0	1138.0	1714.0	1935.0	1826.0	1263.0	2437.0	2190.0	2749.0	985.0	2068.0	3428.0	2874.0	2277.0	8315.0	6247.0	10817.0	4270.0	2837.0	3653.0	3033.0	1944.0	3452.0	3117.0	2961.0	2060.0	2107.0	2710.0	1958.0	2043.0	59871.0	2292.0	32985.0	1919.0	2054.0	2185.0	1789.0	1590.0	74127.0	907.0	2096.0	731.0	2764.0	3362.0	1291.0	2526.0
