	M	W	C	D	E	F	H	K	N	Q	Y	I	A	G	P	T	V	L	R	S
Start	9.0	1.0	1.0	3.0	4.0	3.0	1.0	4.0	3.0	3.0	2.0	4.0	5.0	3.0	4.0	4.0	4.0	7.0	5.0	7.0
M	6.0	3.0	3.0	9.0	12.0	7.0	4.0	12.0	9.0	7.0	6.0	11.0	11.0	11.0	9.0	10.0	11.0	17.0	9.0	13.0
W	3.0	2.0	2.0	6.0	7.0	5.0	3.0	7.0	6.0	5.0	4.0	7.0	7.0	7.0	6.0	7.0	7.0	10.0	6.0	8.0
C	3.0	2.0	4.0	8.0	9.0	5.0	3.0	9.0	7.0	5.0	5.0	8.0	8.0	9.0	7.0	8.0	9.0	13.0	8.0	10.0
D	9.0	6.0	8.0	22.0	24.0	17.0	9.0	24.0	18.0	14.0	16.0	22.0	24.0	23.0	19.0	23.0	25.0	37.0	20.0	28.0
E	12.0	7.0	9.0	24.0	30.0	18.0	11.0	28.0	19.0	18.0	15.0	29.0	29.0	27.0	22.0	28.0	28.0	46.0	24.0	32.0
F	7.0	5.0	5.0	17.0	18.0	14.0	7.0	18.0	14.0	11.0	11.0	17.0	18.0	18.0	14.0	18.0	19.0	28.0	16.0	24.0
H	4.0	3.0	3.0	9.0	11.0	7.0	4.0	11.0	8.0	7.0	7.0	10.0	10.0	11.0	8.0	10.0	11.0	16.0	10.0	12.0
K	12.0	7.0	9.0	24.0	28.0	18.0	11.0	32.0	20.0	18.0	16.0	29.0	28.0	27.0	21.0	27.0	30.0	43.0	25.0	33.0
N	9.0	6.0	7.0	18.0	19.0	14.0	8.0	20.0	18.0	14.0	13.0	20.0	22.0	21.0	16.0	22.0	22.0	33.0	18.0	24.0
Q	7.0	5.0	5.0	14.0	18.0	11.0	7.0	18.0	14.0	14.0	10.0	17.0	19.0	17.0	15.0	20.0	18.0	28.0	16.0	22.0
Y	6.0	4.0	5.0	16.0	15.0	11.0	7.0	16.0	13.0	10.0	10.0	15.0	15.0	16.0	12.0	16.0	15.0	23.0	14.0	19.0
I	11.0	7.0	8.0	22.0	29.0	17.0	10.0	29.0	20.0	17.0	15.0	32.0	27.0	28.0	20.0	26.0	30.0	46.0	24.0	31.0
A	11.0	7.0	8.0	24.0	29.0	18.0	10.0	28.0	22.0	19.0	15.0	27.0	32.0	29.0	23.0	29.0	29.0	43.0	26.0	34.0
G	11.0	7.0	9.0	23.0	27.0	18.0	11.0	27.0	21.0	17.0	16.0	28.0	29.0	32.0	23.0	29.0	28.0	41.0	26.0	34.0
P	9.0	6.0	7.0	19.0	22.0	14.0	8.0	21.0	16.0	15.0	12.0	20.0	23.0	23.0	22.0	25.0	24.0	34.0	20.0	27.0
T	10.0	7.0	8.0	23.0	28.0	18.0	10.0	27.0	22.0	20.0	16.0	26.0	29.0	29.0	25.0	34.0	29.0	42.0	25.0	35.0
V	11.0	7.0	9.0	25.0	28.0	19.0	11.0	30.0	22.0	18.0	15.0	30.0	29.0	28.0	24.0	29.0	32.0	43.0	26.0	37.0
L	17.0	10.0	13.0	37.0	46.0	28.0	16.0	43.0	33.0	28.0	23.0	46.0	43.0	41.0	34.0	42.0	43.0	64.0	39.0	52.0
R	9.0	6.0	8.0	20.0	24.0	16.0	10.0	25.0	18.0	16.0	14.0	24.0	26.0	26.0	20.0	25.0	26.0	39.0	26.0	31.0
S	13.0	8.0	10.0	28.0	32.0	24.0	12.0	33.0	24.0	22.0	19.0	31.0	34.0	34.0	27.0	35.0	37.0	52.0	31.0	46.0
End	1.0	1.0	2.0	4.0	4.0	3.0	2.0	5.0	3.0	3.0	2.0	4.0	5.0	4.0	4.0	4.0	5.0	7.0	6.0	6.0
