	M	W	C	D	E	F	H	K	N	Q	Y	I	A	G	P	T	V	L	R	S
Start	36767.0	2572.0	3838.0	12663.0	14354.0	12030.0	4742.0	19861.0	15258.0	8808.0	9636.0	20155.0	15423.0	10023.0	9949.0	17432.0	15261.0	24047.0	13573.0	20831.0
M	11178.0	4958.0	7304.0	23771.0	25029.0	17706.0	8779.0	26473.0	22292.0	13946.0	16225.0	27142.0	27101.0	23203.0	17613.0	24330.0	26757.0	36218.0	21083.0	28722.0
W	4958.0	3332.0	4003.0	12624.0	12596.0	8641.0	4884.0	12922.0	10755.0	6999.0	8692.0	12821.0	14271.0	13267.0	9877.0	12626.0	14225.0	18141.0	11635.0	14368.0
C	7304.0	4003.0	8536.0	18316.0	17597.0	13452.0	7707.0	20058.0	17244.0	9759.0	13315.0	20458.0	18673.0	17980.0	13777.0	18495.0	20645.0	27745.0	16815.0	22598.0
D	23771.0	12624.0	18316.0	67024.0	65655.0	44473.0	21906.0	64865.0	58404.0	34234.0	43806.0	69597.0	66030.0	59864.0	43740.0	60234.0	67438.0	92246.0	54091.0	72022.0
E	25029.0	12596.0	17597.0	65655.0	74764.0	45080.0	22895.0	70052.0	56299.0	37587.0	42724.0	69948.0	70187.0	58439.0	46133.0	61344.0	68958.0	96147.0	56008.0	71691.0
F	17706.0	8641.0	13452.0	44473.0	45080.0	36320.0	16335.0	48438.0	43066.0	24793.0	31998.0	51847.0	45213.0	41839.0	31824.0	46029.0	49680.0	67506.0	37566.0	53749.0
H	8779.0	4884.0	7707.0	21906.0	22895.0	16335.0	10134.0	22854.0	19848.0	12960.0	15435.0	23502.0	23894.0	21037.0	17420.0	22105.0	24410.0	33364.0	21221.0	26113.0
K	26473.0	12922.0	20058.0	64865.0	70052.0	48438.0	22854.0	86762.0	65209.0	37441.0	47608.0	81687.0	63801.0	57172.0	43731.0	64989.0	70893.0	98992.0	52610.0	76144.0
N	22292.0	10755.0	17244.0	58404.0	56299.0	43066.0	19848.0	65209.0	65660.0	32730.0	43375.0	72731.0	55535.0	51918.0	38231.0	59342.0	61200.0	87596.0	45234.0	69351.0
Q	13946.0	6999.0	9759.0	34234.0	37587.0	24793.0	12960.0	37441.0	32730.0	26824.0	23275.0	38272.0	42042.0	34479.0	28273.0	37487.0	38945.0	54821.0	32501.0	42280.0
Y	16225.0	8692.0	13315.0	43806.0	42724.0	31998.0	15435.0	47608.0	43375.0	23275.0	32534.0	51416.0	40736.0	39019.0	29063.0	42659.0	45398.0	62080.0	35230.0	49121.0
I	27142.0	12821.0	20458.0	69597.0	69948.0	51847.0	23502.0	81687.0	72731.0	38272.0	51416.0	90576.0	65563.0	61775.0	45251.0	70291.0	73495.0	103464.0	53393.0	82303.0
A	27101.0	14271.0	18673.0	66030.0	70187.0	45213.0	23894.0	63801.0	55535.0	42042.0	40736.0	65563.0	97094.0	74666.0	57331.0	71210.0	78883.0	102230.0	66211.0	82139.0
G	23203.0	13267.0	17980.0	59864.0	58439.0	41839.0	21037.0	57172.0	51918.0	34479.0	39019.0	61775.0	74666.0	78080.0	48109.0	63912.0	69774.0	87799.0	56090.0	73249.0
P	17613.0	9877.0	13777.0	43740.0	46133.0	31824.0	17420.0	43731.0	38231.0	28273.0	29063.0	45251.0	57331.0	48109.0	49098.0	50197.0	52316.0	69467.0	44596.0	57286.0
T	24330.0	12626.0	18495.0	60234.0	61344.0	46029.0	22105.0	64989.0	59342.0	37487.0	42659.0	70291.0	71210.0	63912.0	50197.0	73684.0	72628.0	93438.0	54771.0	79714.0
V	26757.0	14225.0	20645.0	67438.0	68958.0	49680.0	24410.0	70893.0	61200.0	38945.0	45398.0	73495.0	78883.0	69774.0	52316.0	72628.0	80840.0	102282.0	61749.0	82750.0
L	36218.0	18141.0	27745.0	92246.0	96147.0	67506.0	33364.0	98992.0	87596.0	54821.0	62080.0	103464.0	102230.0	87799.0	69467.0	93438.0	102282.0	140410.0	82223.0	111374.0
R	21083.0	11635.0	16815.0	54091.0	56008.0	37566.0	21221.0	52610.0	45234.0	32501.0	35230.0	53393.0	66211.0	56090.0	44596.0	54771.0	61749.0	82223.0	61274.0	66486.0
S	28722.0	14368.0	22598.0	72022.0	71691.0	53749.0	26113.0	76144.0	69351.0	42280.0	49121.0	82303.0	82139.0	73249.0	57286.0	79714.0	82750.0	111374.0	66486.0	102242.0
End	5594.0	3979.0	5119.0	15119.0	19557.0	13080.0	5707.0	23450.0	15578.0	9479.0	11748.0	19582.0	15515.0	15541.0	10842.0	15168.0	18100.0	26301.0	17592.0	20170.0
