Proteome_ID	M	W	C	D	E	F	H	K	N	Q	Y	I	A	G	P	T	V	L	R	S
UP000008323	0.01861795986002119	0.01765670243035862	0.026965682360369215	0.026965682360369215	0.026965682360369215	0.060141672385792024	0.026965682360369215	0.060141672385792024	0.060141672385792024	0.08710735474616124	0.060141672385792024	0.10166538491156286	0.024181170769441727	0.024181170769441727	0.024181170769441727	0.05393136472073843	0.05393136472073843	0.11407303710653045	0.051146853129810946	0.08089704708110765
UP000002535	0.018464402203068223	0.020382660899381132	0.029614862000915242	0.029614862000915242	0.029614862000915242	0.04904019503113615	0.029614862000915242	0.04904019503113615	0.04904019503113615	0.07865505703205139	0.04904019503113615	0.07961598785920408	0.035768212209450284	0.035768212209450284	0.035768212209450284	0.059229724001830485	0.059229724001830485	0.10826991903296664	0.06538307421036553	0.08884458600274572
UP000001961	0.013892805442153428	0.024161716518528876	0.03110811923960559	0.03110811923960559	0.03110811923960559	0.02510433753064159	0.03110811923960559	0.02510433753064159	0.02510433753064159	0.05621245677024718	0.02510433753064159	0.036315869619129755	0.07709544866056361	0.07709544866056361	0.07709544866056361	0.06221623847921118	0.06221623847921118	0.08732057600985277	0.10820356790016922	0.09332435771881678
UP000000815	0.016094810987343132	0.023438332268867823	0.03148573776253939	0.03148573776253939	0.03148573776253939	0.03292569742465437	0.03148573776253939	0.03292569742465437	0.03292569742465437	0.06441143518719376	0.03292569742465437	0.04975658386196561	0.06021750547395157	0.06021750547395157	0.06021750547395157	0.06297147552507878	0.06297147552507878	0.09589717294973314	0.09170324323649097	0.09445721328761816
UP000000425	0.01449063317263459	0.024057911778077798	0.03130322836439509	0.03130322836439509	0.03130322836439509	0.0269799869784506	0.03130322836439509	0.0269799869784506	0.0269799869784506	0.05828321534284569	0.0269799869784506	0.03946934078426661	0.07263844173209773	0.07263844173209773	0.07263844173209773	0.06260645672879019	0.06260645672879019	0.0895864437072408	0.1039416700964928	0.09390968509318527
UP000010481	0.01687425477157777	0.02288791134088681	0.0313250387266757	0.0313250387266757	0.0313250387266757	0.036578408883968655	0.0313250387266757	0.036578408883968655	0.036578408883968655	0.06790344761064436	0.036578408883968655	0.056282562996359545	0.05365230917180716	0.05365230917180716	0.05365230917180716	0.0626500774533514	0.0626500774533514	0.09922848633732004	0.08497734789848285	0.09397511618002709
UP000002194	0.010964260145894529	0.023912199231253595	0.02939432930420086	0.02939432930420086	0.02939432930420086	0.017487024630078292	0.02939432930420086	0.017487024630078292	0.017487024630078292	0.046881353934279155	0.017487024630078292	0.024009789114262055	0.09881916604127677	0.09881916604127677	0.09881916604127677	0.05878865860840172	0.05878865860840172	0.07627568323848001	0.12821349534547763	0.0881829879126026
UP000010378	0.01865225559074038	0.01941678833607351	0.028742916131443697	0.028742916131443697	0.028742916131443697	0.053130339281984705	0.028742916131443697	0.053130339281984705	0.053130339281984705	0.0818732554134284	0.053130339281984705	0.08760842297322904	0.031099188859098324	0.031099188859098324	0.031099188859098324	0.05748583226288739	0.05748583226288739	0.1106161715448721	0.059842104990542024	0.0862287483943311
UP000001168	0.01691956203878964	0.02284869011723662	0.03130847113663144	0.03130847113663144	0.03130847113663144	0.03681485622946526	0.03130847113663144	0.03681485622946526	0.03681485622946526	0.06812332736609669	0.03681485622946526	0.05671015042014089	0.0532513482493924	0.0532513482493924	0.0532513482493924	0.06261694227326288	0.06261694227326288	0.09943179850272814	0.08455981938602385	0.09392541340989433
UP000000430	0.017656089790771257	0.022046574394269106	0.03087461928965473	0.03087461928965473	0.03087461928965473	0.04123946241373271	0.03087461928965473	0.04123946241373271	0.04123946241373271	0.07211408170338744	0.04123946241373271	0.06482283503669417	0.04622960923776208	0.04622960923776208	0.04622960923776208	0.06174923857930946	0.06174923857930946	0.10298870099304216	0.07710422852741683	0.0926238578689642
UP000001054	0.011913532865226848	0.024121526931394525	0.030078293364007948	0.030078293364007948	0.030078293364007948	0.019727137968380517	0.030078293364007948	0.019727137968380517	0.019727137968380517	0.04980543133238847	0.019727137968380517	0.027540743071534188	0.09172174221536053	0.09172174221536053	0.09172174221536053	0.060156586728015896	0.060156586728015896	0.07988372469639642	0.12180003557936847	0.09023488009202384
UP000008561	0.012569628780056047	0.024195892907534284	0.030480707297562307	0.030480707297562307	0.030480707297562307	0.021390737319890128	0.030480707297562307	0.021390737319890128	0.021390737319890128	0.05187144461745244	0.021390737319890128	0.030211845859724213	0.0868668997674775	0.0868668997674775	0.0868668997674775	0.060961414595124615	0.060961414595124615	0.08235215191501474	0.11734760706503979	0.09144212189268691
UP000008898	0.017433093026339313	0.022328213507965863	0.03104476002113552	0.03104476002113552	0.03104476002113552	0.0397604635520205	0.03104476002113552	0.0397604635520205	0.0397604635520205	0.07080522357315602	0.0397604635520205	0.062087834077701694	0.04847916943970932	0.04847916943970932	0.04847916943970932	0.06208952004227104	0.06208952004227104	0.10184998359429155	0.07952392946084484	0.09313428006340657
UP000008204	0.017311079479590378	0.022466188832057032	0.03112172857185222	0.03112172857185222	0.03112172857185222	0.03900980419171148	0.03112172857185222	0.03900980419171148	0.03900980419171148	0.07013153276356371	0.03900980419171148	0.06070852890383259	0.04965736226411697	0.04965736226411697	0.04965736226411697	0.06224345714370444	0.06224345714370444	0.10125326133541593	0.08077909083596918	0.09336518571555667
UP000001946	0.016013062222230794	0.02348458086565106	0.03149111197676646	0.03149111197676646	0.03149111197676646	0.03257963009089233	0.03149111197676646	0.03257963009089233	0.03257963009089233	0.06407074206765878	0.03257963009089233	0.04914619795955387	0.06087792468892837	0.06087792468892837	0.06087792468892837	0.06298222395353292	0.06298222395353292	0.09556185404442526	0.09236903666569485	0.09447333593029938
UP000017700	0.01638204274807117	0.023260035613292897	0.03145105698732849	0.03145105698732849	0.03145105698732849	0.03419152386863968	0.03145105698732849	0.03419152386863968	0.03419152386863968	0.06564258085596816	0.03419152386863968	0.05200100498920819	0.05786047965691552	0.05786047965691552	0.05786047965691552	0.06290211397465698	0.06290211397465698	0.09709363784329667	0.08931153664424402	0.09435317096198546
UP000002084	0.014576557277145893	0.02403799514261693	0.03132627378118988	0.03132627378118988	0.03132627378118988	0.02726190762338104	0.03132627378118988	0.02726190762338104	0.02726190762338104	0.058588181404570915	0.02726190762338104	0.03994725796961618	0.07199315928812164	0.07199315928812164	0.07199315928812164	0.06265254756237976	0.06265254756237976	0.0899144551857608	0.10331943306931153	0.09397882134356964
UP000065734	0.010673208769524207	0.023824126717687962	0.029160731102450065	0.029160731102450065	0.029160731102450065	0.01683506125502272	0.029160731102450065	0.01683506125502272	0.01683506125502272	0.04599579235747279	0.01683506125502272	0.022996913740521232	0.10102110417634486	0.10102110417634486	0.10102110417634486	0.05832146220490013	0.05832146220490013	0.07515652345992285	0.13018183527879493	0.0874821933073502
UP000001191	0.017154256508919326	0.02262951068698406	0.03120663894144372	0.03120663894144372	0.03120663894144372	0.03809508400111122	0.03120663894144372	0.03809508400111122	0.03809508400111122	0.06930172294255493	0.03809508400111122	0.059035911493303096	0.05112755829561761	0.05112755829561761	0.05112755829561761	0.06241327788288744	0.06241327788288744	0.10050836188399866	0.08233419723706134	0.09361991682433117
UP000002186	0.007765913284020017	0.022298070366859046	0.026181027008869057	0.026181027008869057	0.026181027008869057	0.011040908488287373	0.026181027008869057	0.011040908488287373	0.011040908488287373	0.03722193549715643	0.011040908488287373	0.014315903692554728	0.12416481414845151	0.12416481414845151	0.12416481414845151	0.052362054017738115	0.052362054017738115	0.06340296250602548	0.15034584115732055	0.07854308102660718
UP000254519	0.017434012295208207	0.02232713424916477	0.031044140396768876	0.031044140396768876	0.031044140396768876	0.0397662623990568	0.031044140396768876	0.0397662623990568	0.0397662623990568	0.07081040279582568	0.0397662623990568	0.062098512502905406	0.048470165151711896	0.048470165151711896	0.048470165151711896	0.06208828079353775	0.06208828079353775	0.10185454319259456	0.07951430554848078	0.09313242119030662
UP000001688	0.01551233356426571	0.023729463290461918	0.03148563007259477	0.03148563007259477	0.03148563007259477	0.03057700681337055	0.03148563007259477	0.03057700681337055	0.03057700681337055	0.06206263688596532	0.03057700681337055	0.04564168006247538	0.06484250777841304	0.06484250777841304	0.06484250777841304	0.06297126014518954	0.06297126014518954	0.09354826695856008	0.0963281378510078	0.0944568902177843
UP000001430	0.018686343036278006	0.018959702321083568	0.028302873839222573	0.028302873839222573	0.028302873839222573	0.05499667398873931	0.028302873839222573	0.05499667398873931	0.05499667398873931	0.0832995478279619	0.05499667398873931	0.0913070049412006	0.029130949545165836	0.029130949545165836	0.029130949545165836	0.056605747678445145	0.056605747678445145	0.11160242166718444	0.05743382338438841	0.08490862151766772
UP000029482	0.00726498632508154	0.021904371419899458	0.025536864582440227	0.025536864582440227	0.025536864582440227	0.010153579690263662	0.025536864582440227	0.010153579690263662	0.010153579690263662	0.03569044427270389	0.010153579690263662	0.01304217305544578	0.12845350558034693	0.12845350558034693	0.12845350558034693	0.051073729164880455	0.051073729164880455	0.061227308855144116	0.1539903701627872	0.0766105937473207
UP000889800	0.013482828785927443	0.024199857079828538	0.030941271472792256	0.030941271472792256	0.030941271472792256	0.023895365306576235	0.030941271472792256	0.023895365306576235	0.023895365306576235	0.054836636779368494	0.023895365306576235	0.03430790182722502	0.08012953709391944	0.08012953709391944	0.08012953709391944	0.06188254294558451	0.06188254294558451	0.08577790825216075	0.11107080856671171	0.09282381441837678
UP000002384	0.017693229191131768	0.021995365233425483	0.030841979828991367	0.030841979828991367	0.030841979828991367	0.041501602156129816	0.030841979828991367	0.041501602156129816	0.041501602156129816	0.0723435819851212	0.041501602156129816	0.06530997512112788	0.045840530020666355	0.045840530020666355	0.045840530020666355	0.061683959657982734	0.061683959657982734	0.10318556181411255	0.07668250984965773	0.0925259394869741
UP000002417	0.009019166885282436	0.023105878986488235	0.02761546242912945	0.02761546242912945	0.02761546242912945	0.013393445144776441	0.02761546242912945	0.013393445144776441	0.013393445144776441	0.04100890757390589	0.013393445144776441	0.017767723404270446	0.1138786558545896	0.1138786558545896	0.1138786558545896	0.0552309248582589	0.0552309248582589	0.06862437000303535	0.14149411828371905	0.08284638728738836
UP000000817	0.018292269500432595	0.02089165561370962	0.030037790363925915	0.030037790363925915	0.030037790363925915	0.04678033123607354	0.030037790363925915	0.04678033123607354	0.04678033123607354	0.07681812159999946	0.04678033123607354	0.07526839297171448	0.03857470975970335	0.03857470975970335	0.03857470975970335	0.06007558072785183	0.06007558072785183	0.10685591196392537	0.06861250012362927	0.09011337109177775
UP000001566	0.011671653609095004	0.024079526993264405	0.02991535379781191	0.02991535379781191	0.02991535379781191	0.01913875165179099	0.02991535379781191	0.01913875165179099	0.01913875165179099	0.0490541054496029	0.01913875165179099	0.02660584969448698	0.09352003820630722	0.09352003820630722	0.09352003820630722	0.05983070759562382	0.05983070759562382	0.07896945924741482	0.12343539200411913	0.08974606139343573
UP000000562	0.017595174162942543	0.014488499693353314	0.023286086774824584	0.023286086774824584	0.023286086774824584	0.07199596625697123	0.023286086774824584	0.07199596625697123	0.07199596625697123	0.09528205303179582	0.07199596625697123	0.12639675835099995	0.015063117157127012	0.015063117157127012	0.015063117157127012	0.04657217354964917	0.04657217354964917	0.11856813980662041	0.0383492039319516	0.06985826032447376
UP000000585	0.017831621784019012	0.02179160448075155	0.030707415372761056	0.030707415372761056	0.030707415372761056	0.042526545111022	0.030707415372761056	0.042526545111022	0.042526545111022	0.07323396048378306	0.042526545111022	0.067221468438025	0.044346201009914155	0.044346201009914155	0.044346201009914155	0.06141483074552211	0.06141483074552211	0.10394137585654412	0.0750536163826752	0.09212224611828317
UP000001020	0.009941910542414573	0.023552893982629736	0.028523849253837025	0.028523849253837025	0.028523849253837025	0.015261139432811	0.028523849253837025	0.015261139432811	0.015261139432811	0.04378498868664803	0.015261139432811	0.020580368323207428	0.10662506293683176	0.10662506293683176	0.10662506293683176	0.05704769850767405	0.05704769850767405	0.07230883794048504	0.13514891219066877	0.08557154776151106
UP000000594	0.01850336486218047	0.020238444851550193	0.02949012728264043	0.02949012728264043	0.02949012728264043	0.049665821837257346	0.02949012728264043	0.049665821837257346	0.049665821837257346	0.07915594911989778	0.049665821837257346	0.08082827881233422	0.035020767802696175	0.035020767802696175	0.035020767802696175	0.05898025456528086	0.05898025456528086	0.10864607640253822	0.06451089508533661	0.0884703818479213
UP000000586	0.01781481089032343	0.0218175339236999	0.030724939368861618	0.030724939368861618	0.030724939368861618	0.04239764037847132	0.030724939368861618	0.04239764037847132	0.04239764037847132	0.07312257974733294	0.04239764037847132	0.06698046986661921	0.04453181312890131	0.04453181312890131	0.04453181312890131	0.061449878737723236	0.061449878737723236	0.10384751911619455	0.07525675249776292	0.09217481810658486
UP000037395	0.007094813621406069	0.021760642099266012	0.025308048909969048	0.025308048909969048	0.025308048909969048	0.00985853898513087	0.025308048909969048	0.00985853898513087	0.00985853898513087	0.03516658789509992	0.00985853898513087	0.01262226434885567	0.12993757809253786	0.12993757809253786	0.12993757809253786	0.050616097819938095	0.050616097819938095	0.06047463680506896	0.1552456270025069	0.07592414672990715
UP000001174	0.018670028826959253	0.019231256417560065	0.028566270831039693	0.028566270831039693	0.028566270831039693	0.053892487640695465	0.028566270831039693	0.053892487640695465	0.053892487640695465	0.08245875847173517	0.053892487640695465	0.08911494645443169	0.030283694997820236	0.030283694997820236	0.030283694997820236	0.057132541662079386	0.057132541662079386	0.11102502930277484	0.05884996582885993	0.08569881249311907
UP000061569	0.008261942317696086	0.022646895804806395	0.026777866963654435	0.026777866963654435	0.026777866963654435	0.011948481994548633	0.026777866963654435	0.011948481994548633	0.011948481994548633	0.03872634895820307	0.011948481994548633	0.015635021671401177	0.120024310945997	0.120024310945997	0.120024310945997	0.05355573392730887	0.05355573392730887	0.06550421592185751	0.14680217790965144	0.08033360089096332
UP000002516	0.01490907243101113	0.02394825003179205	0.031402786247297615	0.031402786247297615	0.031402786247297615	0.028385748650144295	0.031402786247297615	0.028385748650144295	0.028385748650144295	0.05978853489744191	0.028385748650144295	0.041862424869277465	0.06948099176439733	0.06948099176439733	0.06948099176439733	0.06280557249459523	0.06280557249459523	0.09119132114473953	0.10088377801169494	0.09420835874189283
UP000001584	0.0099027768165877	0.023536341439526296	0.02848772984782015	0.02848772984782015	0.02848772984782015	0.015179356666660301	0.02848772984782015	0.015179356666660301	0.015179356666660301	0.043667086514480445	0.015179356666660301	0.0204559365167329	0.10692821437747228	0.10692821437747228	0.10692821437747228	0.0569754596956403	0.0569754596956403	0.07215481636230059	0.13541594422529243	0.08546318954346044
UP000001962	0.009054459355654122	0.02312519625119691	0.02765242592902397	0.02765242592902397	0.02765242592902397	0.013462642040560276	0.02765242592902397	0.013462642040560276	0.013462642040560276	0.04111506796958425	0.013462642040560276	0.01787082472546643	0.11359681962224029	0.11359681962224029	0.11359681962224029	0.05530485185804794	0.05530485185804794	0.06876749389860821	0.14124924555126425	0.08295727778707192
UP000000579	0.018390999990147292	0.02062027701248867	0.029815777007562317	0.029815777007562317	0.029815777007562317	0.04799585618314156	0.029815777007562317	0.04799585618314156	0.04799585618314156	0.07781163319070387	0.04799585618314156	0.07760071237613583	0.03704405460223602	0.03704405460223602	0.03704405460223602	0.059631554015124634	0.059631554015124634	0.10762741019826619	0.06685983160979833	0.08944733102268694
UP000002357	0.0073245935879067865	0.021953493426406165	0.025615790220359556	0.025615790220359556	0.025615790220359556	0.010257680597250856	0.025615790220359556	0.010257680597250856	0.010257680597250856	0.035873470817610414	0.010257680597250856	0.013190767606594926	0.12793705212254844	0.12793705212254844	0.12793705212254844	0.05123158044071911	0.05123158044071911	0.061489261037969964	0.153552842342908	0.07684737066107868
UP000002521	0.01843111380353446	0.016709920165204357	0.025925477066971583	0.025925477066971583	0.025925477066971583	0.06375930835425336	0.025925477066971583	0.06375930835425336	0.06375930835425336	0.08968478542122495	0.06375930835425336	0.10908750290497225	0.021083364249048733	0.021083364249048733	0.021083364249048733	0.05185095413394317	0.05185095413394317	0.11561026248819654	0.04700884131602032	0.07777643120091476
UP000069205	0.010762664894091008	0.02385239246798548	0.029233724915030984	0.029233724915030984	0.029233724915030984	0.017033823966238523	0.029233724915030984	0.017033823966238523	0.017033823966238523	0.04626754888126951	0.017033823966238523	0.023304983038386042	0.10034278551916041	0.10034278551916041	0.10034278551916041	0.05846744983006197	0.05846744983006197	0.07550127379630049	0.12957651043419138	0.08770117474509294
UP000000558	0.015215039683820823	0.02384682595529788	0.03145434579720829	0.03145434579720829	0.03145434579720829	0.029470416789459532	0.03145434579720829	0.029470416789459532	0.029470416789459532	0.06092476258666782	0.029470416789459532	0.043725793895098244	0.06714366319272537	0.06714366319272537	0.06714366319272537	0.06290869159441657	0.06290869159441657	0.09237910838387611	0.09859800898993365	0.09436303739162488
UP000035170	0.010037883972005607	0.023592603777433607	0.02861154576343641	0.02861154576343641	0.02861154576343641	0.015462722421574747	0.02861154576343641	0.015462722421574747	0.015462722421574747	0.04407426818501116	0.015462722421574747	0.020887560871143886	0.10588310759960552	0.10588310759960552	0.10588310759960552	0.05722309152687282	0.05722309152687282	0.07268581394844756	0.13449465336304195	0.08583463729030923
UP000001010	0.009838643035610004	0.023508761268689112	0.028428082786494113	0.028428082786494113	0.028428082786494113	0.015045841212604738	0.028428082786494113	0.015045841212604738	0.015045841212604738	0.04347392399909885	0.015045841212604738	0.020253039389599478	0.10742581680826536	0.10742581680826536	0.10742581680826536	0.056856165572988226	0.056856165572988226	0.07190200678559297	0.13585389959475946	0.08528424835948234
UP000001423	0.014527215395567126	0.024049592107083746	0.03131319980486731	0.03131319980486731	0.03131319980486731	0.02709960805383011	0.03131319980486731	0.02709960805383011	0.02709960805383011	0.05841280785869742	0.02709960805383011	0.03967200071209309	0.0723638865973164	0.0723638865973164	0.0723638865973164	0.06262639960973462	0.06262639960973462	0.08972600766356474	0.10367708640218372	0.09393959941460193
UP000000818	0.018641247460747346	0.01783909797241216	0.02715972170278583	0.02715972170278583	0.02715972170278583	0.059434480734604486	0.02715972170278583	0.059434480734604486	0.059434480734604486	0.08659420243739031	0.059434480734604486	0.10022771400846162	0.024822307652241138	0.024822307652241138	0.024822307652241138	0.05431944340557166	0.05431944340557166	0.11375392414017614	0.051982029355026965	0.0814791651083575
UP000001203	0.017817618596421114	0.021813227425752268	0.03072203672396283	0.03072203672396283	0.03072203672396283	0.042419079065991995	0.03072203672396283	0.042419079065991995	0.042419079065991995	0.07314111578995483	0.042419079065991995	0.06702053953556289	0.0445008972967173	0.0445008972967173	0.0445008972967173	0.06144407344792566	0.06144407344792566	0.10386315251391766	0.07522293402068013	0.09216611017188847
UP000000429	0.01807103019786936	0.021378278262793055	0.03041379336172774	0.03041379336172774	0.03041379336172774	0.04452881182075049	0.03041379336172774	0.04452881182075049	0.04452881182075049	0.07494260518247822	0.04452881182075049	0.0709865934436316	0.041546081686321734	0.041546081686321734	0.041546081686321734	0.06082758672345548	0.06082758672345548	0.10535639854420596	0.07195987504804947	0.0912413800851832
UP000000640	0.007662400479156455	0.022220216795830815	0.02605141703540904	0.02605141703540904	0.02605141703540904	0.010855196620449493	0.02605141703540904	0.010855196620449493	0.010855196620449493	0.03690661365585853	0.010855196620449493	0.01404799276174253	0.12504173867735943	0.12504173867735943	0.12504173867735943	0.05210283407081808	0.05210283407081808	0.06295803069126757	0.15109315571276846	0.07815425110622712
UP000001170	0.01802449269512155	0.0214659804633787	0.030478226810939476	0.030478226810939476	0.030478226810939476	0.04411163522563742	0.030478226810939476	0.04411163522563742	0.04411163522563742	0.07458986203657691	0.04411163522563742	0.0701987777561533	0.04211688389185744	0.04211688389185744	0.04211688389185744	0.06095645362187895	0.06095645362187895	0.10506808884751637	0.07259511070279691	0.09143468043281842
UP000006552	0.010072493757996856	0.023606616425644076	0.028642863304642503	0.028642863304642503	0.028642863304642503	0.015535773863976837	0.028642863304642503	0.015535773863976837	0.015535773863976837	0.04417863716861934	0.015535773863976837	0.020999053969956816	0.10561606077322591	0.10561606077322591	0.10561606077322591	0.057285726609285006	0.057285726609285006	0.07282150047326184	0.13425892407786844	0.08592858991392753
UP000001409	0.0106501429500116	0.023816666039455196	0.029141737514460996	0.029141737514460996	0.029141737514460996	0.016784040405980354	0.029141737514460996	0.016784040405980354	0.016784040405980354	0.04592577792044135	0.016784040405980354	0.02291793786194911	0.10119623699894678	0.10119623699894678	0.10119623699894678	0.05828347502892199	0.05828347502892199	0.07506751543490235	0.13033797451340776	0.08742521254338298
UP000001937	0.008101150386342435	0.02253813803080282	0.02658871322397404	0.02658871322397404	0.02658871322397404	0.011651030819935796	0.02658871322397404	0.011651030819935796	0.011651030819935796	0.03823974404390983	0.011651030819935796	0.015200911253529155	0.12135572926252507	0.12135572926252507	0.12135572926252507	0.05317742644794808	0.05317742644794808	0.06482845726788389	0.14794444248649913	0.07976613967192211
UP000198251	0.011826809356089736	0.02410736399025426	0.030020768668299128	0.030020768668299128	0.030020768668299128	0.0195147137393554	0.030020768668299128	0.0195147137393554	0.0195147137393554	0.049535482407654534	0.0195147137393554	0.027202618122621064	0.09236584901760389	0.09236584901760389	0.09236584901760389	0.060041537336598255	0.060041537336598255	0.07955625107595367	0.12238661768590303	0.09006230600489738
UP000183015	0.005958776469985893	0.0206582883040776	0.023637676539070545	0.023637676539070545	0.023637676539070545	0.007967216863930378	0.023637676539070545	0.007967216863930378	0.007967216863930378	0.031604893403000926	0.007967216863930378	0.009975657257874863	0.1402597071746053	0.1402597071746053	0.1402597071746053	0.04727535307814109	0.04727535307814109	0.05524256994207147	0.16389738371367585	0.07091302961721165
UP000008080	0.015936508533248742	0.02352620277034233	0.031494457036966704	0.031494457036966704	0.031494457036966704	0.032260788316641587	0.031494457036966704	0.032260788316641587	0.032260788316641587	0.0637552453536083	0.032260788316641587	0.048585068100034434	0.0614926587855061	0.0614926587855061	0.0614926587855061	0.06298891407393341	0.06298891407393341	0.09524970239057498	0.09298711582247281	0.0944833711109001
UP000006647	0.01847972130407579	0.01691074421531797	0.026150604867355865	0.026150604867355865	0.026150604867355865	0.06299872575240911	0.026150604867355865	0.06299872575240911	0.06299872575240911	0.08914933061976497	0.06299872575240911	0.10751773020074244	0.021710094188767785	0.021710094188767785	0.021710094188767785	0.05230120973471173	0.05230120973471173	0.11529993548712085	0.04786069905612364	0.0784518146020676
UP000000809	0.017982793196471576	0.021541240804910138	0.030532637403145924	0.030532637403145924	0.030532637403145924	0.0437505115698265	0.030532637403145924	0.0437505115698265	0.0437505115698265	0.07428314897297242	0.0437505115698265	0.06951822994318142	0.04261627639732225	0.04261627639732225	0.04261627639732225	0.06106527480629185	0.06106527480629185	0.10481578637611835	0.07314891380046817	0.09159791220943779
UP000001572	0.018388605211040476	0.020627433369250724	0.029821735974770964	0.029821735974770964	0.029821735974770964	0.047964126439241125	0.029821735974770964	0.047964126439241125	0.047964126439241125	0.0777858624140121	0.047964126439241125	0.07753964766744179	0.03708337887381399	0.03708337887381399	0.03708337887381399	0.05964347194954193	0.05964347194954193	0.10760759838878305	0.06690511484858495	0.0894652079243129
UP000002207	0.011315184444018812	0.024003479053518916	0.029661071275528323	0.029661071275528323	0.029661071275528323	0.018294045710200005	0.029661071275528323	0.018294045710200005	0.018294045710200005	0.04795511698572833	0.018294045710200005	0.0252729069763812	0.09618202153298906	0.09618202153298906	0.09618202153298906	0.059322142551056646	0.059322142551056646	0.07761618826125666	0.1258430928085174	0.08898321382658499
UP000194841	0.018092194196345588	0.021336989894603222	0.030383086992776018	0.030383086992776018	0.030383086992776018	0.0447239040533663	0.030383086992776018	0.0447239040533663	0.0447239040533663	0.07510699104614231	0.0447239040533663	0.071355613910387	0.041281368196706546	0.041281368196706546	0.041281368196706546	0.060766173985552036	0.060766173985552036	0.10549007803891834	0.07166445518948257	0.09114926097832807
UP000001410	0.01525289137281456	0.023832947889964675	0.03145939357637195	0.03145939357637195	0.03145939357637195	0.029608283567177953	0.03145939357637195	0.029608283567177953	0.029608283567177953	0.0610676771435499	0.029608283567177953	0.043963675761541345	0.0668524699817581	0.0668524699817581	0.0668524699817581	0.0629187871527439	0.0629187871527439	0.09252707071992186	0.09831186355813006	0.09437818072911587
UP000006637	0.007712575456695846	0.022258177392160912	0.02611446512050884	0.02611446512050884	0.02611446512050884	0.010945059797268819	0.02611446512050884	0.010945059797268819	0.010945059797268819	0.037059524917777656	0.010945059797268819	0.014177544137841792	0.12461609185551405	0.12461609185551405	0.12461609185551405	0.05222893024101768	0.05222893024101768	0.06317399003828648	0.15073055697602286	0.07834339536152649
UP000000625	0.015512243469017641	0.023729501839953225	0.031485623574462045	0.031485623574462045	0.031485623574462045	0.03057666288767679	0.031485623574462045	0.03057666288767679	0.03057666288767679	0.062062286462138835	0.03057666288767679	0.04564108230633594	0.06484321036042544	0.06484321036042544	0.06484321036042544	0.06297124714892409	0.06297124714892409	0.09354791003660089	0.09632883393488748	0.09445687072338611
UP000001806	0.018208959658184077	0.015960386564191867	0.025064866393283907	0.025064866393283907	0.025064866393283907	0.06657108368415322	0.025064866393283907	0.06657108368415322	0.06657108368415322	0.09163595007743712	0.06657108368415322	0.11493320771012236	0.018874487015830953	0.018874487015830953	0.018874487015830953	0.050129732786567814	0.050129732786567814	0.11670081647072103	0.04393935340911486	0.07519459917985172
UP000002361	0.009489175291873266	0.02334850087825132	0.028093088524187952	0.028093088524187952	0.028093088524187952	0.014329256332645505	0.028093088524187952	0.014329256332645505	0.014329256332645505	0.04242234485683346	0.014329256332645505	0.019169337373417746	0.11015528014944133	0.11015528014944133	0.11015528014944133	0.056186177048375904	0.056186177048375904	0.07051543338102141	0.13824836867362927	0.08427926557256386
UP000000588	0.015703508816957423	0.02364336645828202	0.03149512086676073	0.03149512086676073	0.03149512086676073	0.03131940593921044	0.03149512086676073	0.03131940593921044	0.03131940593921044	0.06281452680597117	0.03131940593921044	0.04693530306146346	0.06334364325665584	0.06334364325665584	0.06334364325665584	0.06299024173352145	0.06299024173352145	0.09430964767273191	0.09483876412341657	0.09448536260028222
UP000002480	0.018565196551505358	0.017326771917343536	0.026609370193096213	0.026609370193096213	0.026609370193096213	0.061411924923204644	0.026609370193096213	0.061411924923204644	0.061411924923204644	0.08802129511630086	0.061411924923204644	0.10425865329490393	0.023059318950144014	0.023059318950144014	0.023059318950144014	0.053218740386192426	0.053218740386192426	0.11463066530939707	0.04966868914324022	0.07982811057928864
UP000001983	0.011518111815221709	0.024048833528890992	0.02980788943650185	0.02980788943650185	0.02980788943650185	0.018771721046292517	0.02980788943650185	0.018771721046292517	0.018771721046292517	0.04857961048279436	0.018771721046292517	0.026025330277363326	0.09466476413831029	0.09466476413831029	0.09466476413831029	0.0596157788730037	0.0596157788730037	0.07838749991929621	0.12447265357481214	0.08942366830950553
UP000001116	0.007049708506209733	0.021721666935369123	0.025246521188473987	0.025246521188473987	0.025246521188473987	0.009780867577323599	0.025246521188473987	0.009780867577323599	0.009780867577323599	0.035027388765797585	0.009780867577323599	0.012512026648437466	0.13033339365473307	0.13033339365473307	0.13033339365473307	0.050493042376947975	0.050493042376947975	0.06027390995427157	0.15557991484320705	0.07573956356542194
UP000002145	0.017900850826399552	0.021680988042247887	0.030631413455447662	0.030631413455447662	0.030631413455447662	0.04307180906652012	0.030631413455447662	0.04307180906652012	0.04307180906652012	0.07370322252196779	0.04307180906652012	0.06824276730664068	0.04356833439846907	0.04356833439846907	0.04356833439846907	0.061262826910895324	0.061262826910895324	0.10433463597741545	0.07419974785391673	0.091894240366343
UP000000423	0.018233736899682683	0.016034524459043967	0.02515139290888531	0.02515139290888531	0.02515139290888531	0.066294692935161	0.02515139290888531	0.066294692935161	0.066294692935161	0.0914460858440463	0.066294692935161	0.11435564897063932	0.019084259606597116	0.019084259606597116	0.019084259606597116	0.05030278581777062	0.05030278581777062	0.11659747875293161	0.04423565251548243	0.07545417872665593
UP000009072	0.01820541895062496	0.015949937701457213	0.025052647176769693	0.025052647176769693	0.025052647176769693	0.06661000957055631	0.025052647176769693	0.06661000957055631	0.06661000957055631	0.091662656747326	0.06661000957055631	0.11501460019048765	0.018845069520636748	0.018845069520636748	0.018845069520636748	0.05010529435353939	0.05010529435353939	0.1167153039240957	0.04389771669740644	0.07515794153030908
UP000000774	0.018094361986670807	0.02133270850733043	0.030379889500665835	0.030379889500665835	0.030379889500665835	0.04474408747316002	0.030379889500665835	0.04474408747316002	0.04474408747316002	0.07512397697382585	0.04474408747316002	0.07139381295964921	0.04125406229935051	0.04125406229935051	0.04125406229935051	0.06075977900133167	0.06075977900133167	0.10550386647449167	0.07163395180001633	0.09113966850199749
UP000001422	0.01132432638176866	0.024005639427417846	0.029667802618302177	0.029667802618302177	0.029667802618302177	0.018315387745885325	0.029667802618302177	0.018315387745885325	0.018315387745885325	0.0479831903641875	0.018315387745885325	0.025306449110001992	0.09611355483274171	0.09611355483274171	0.09611355483274171	0.059335605236604354	0.059335605236604354	0.07765099298248967	0.1257813574510439	0.08900340785490651
UP000006697	0.014048759703172865	0.024140313645856525	0.03116469349744296	0.03116469349744296	0.03116469349744296	0.02557998268929861	0.03116469349744296	0.02557998268929861	0.02557998268929861	0.05674467618674157	0.02557998268929861	0.03711120567542436	0.07593735559452752	0.07593735559452752	0.07593735559452752	0.06232938699488592	0.06232938699488592	0.08790936968418452	0.10710204909197049	0.09349408049232888
UP000001006	0.015394563039133306	0.02377828121061258	0.031475562730179235	0.031475562730179235	0.031475562730179235	0.030131990793566335	0.031475562730179235	0.030131990793566335	0.030131990793566335	0.06160755352374557	0.030131990793566335	0.04486941854799937	0.06575808787204203	0.06575808787204203	0.06575808787204203	0.06295112546035847	0.06295112546035847	0.0930831162539248	0.09723365060222126	0.0944266881905377
UP000028341	0.008471163108876814	0.022782375012796875	0.027017956567235282	0.027017956567235282	0.027017956567235282	0.012340328125369473	0.027017956567235282	0.012340328125369473	0.012340328125369473	0.03935828469260475	0.012340328125369473	0.01620949314186213	0.11830641286892955	0.11830641286892955	0.11830641286892955	0.054035913134470565	0.054035913134470565	0.06637624125984004	0.14532436943616484	0.08105386970170583
UP000005954	0.010970365623456504	0.023913926541865506	0.029399109353593755	0.029399109353593755	0.029399109353593755	0.017500866219408946	0.029399109353593755	0.017500866219408946	0.017500866219408946	0.046899975573002704	0.017500866219408946	0.024031366815361388	0.09877312584973913	0.09877312584973913	0.09877312584973913	0.05879821870718751	0.05879821870718751	0.07629908492659647	0.1281722352033329	0.08819732806078127
UP000001822	0.018093280878909594	0.02133484493222833	0.03038148537168313	0.03038148537168313	0.03038148537168313	0.04473401697307485	0.03038148537168313	0.04473401697307485	0.04473401697307485	0.07511550234475797	0.04473401697307485	0.07137475306724012	0.041267684676981504	0.041267684676981504	0.041267684676981504	0.06076297074336626	0.06076297074336626	0.10549698771644113	0.07164917004866464	0.09114445611504939
UP000008320	0.018676590660729984	0.01823021725741288	0.027568512587777875	0.027568512587777875	0.027568512587777875	0.057904897158498905	0.027568512587777875	0.057904897158498905	0.057904897158498905	0.08547340974627678	0.057904897158498905	0.09713320365626782	0.02625072916448193	0.02625072916448193	0.02625072916448193	0.05513702517555575	0.05513702517555575	0.11304192233405465	0.0538192417522598	0.0827055377633336
UP000061018	0.007815992985697795	0.02233509735386922	0.026243093846718118	0.026243093846718118	0.026243093846718118	0.011131205010270963	0.026243093846718118	0.011131205010270963	0.011131205010270963	0.03737429885698908	0.011131205010270963	0.014446417034844129	0.1237422137157978	0.1237422137157978	0.1237422137157978	0.052486187693436236	0.052486187693436236	0.0636173927037072	0.14998530756251593	0.07872928154015436
UP000001025	0.013622984084166326	0.02418971385134604	0.031001205893429203	0.031001205893429203	0.031001205893429203	0.024302194960536247	0.031001205893429203	0.024302194960536247	0.024302194960536247	0.05530340085396545	0.024302194960536247	0.03498140583690617	0.07909365951573148	0.07909365951573148	0.07909365951573148	0.062002411786858405	0.062002411786858405	0.08630460674739467	0.11009486540916068	0.0930036176802876
UP000007065	0.018674055794585236	0.018192325863667532	0.02752935376096015	0.02752935376096015	0.02752935376096015	0.058053911915004155	0.02752935376096015	0.058053911915004155	0.058053911915004155	0.0855832656759643	0.058053911915004155	0.09743376803542309	0.026109018100474245	0.026109018100474245	0.026109018100474245	0.0550587075219203	0.0550587075219203	0.11311261943692447	0.05363837186143439	0.08258806128288046
UP000002484	0.006071286144354873	0.0207793519229588	0.02381499499513624	0.02381499499513624	0.02381499499513624	0.00814867119145072	0.02381499499513624	0.00814867119145072	0.00814867119145072	0.031963666186586956	0.00814867119145072	0.01022605623854657	0.13920158840459798	0.13920158840459798	0.13920158840459798	0.04762998999027248	0.04762998999027248	0.05577866118172319	0.1630165833997342	0.07144498498540872
UP000002709	0.012791863360185599	0.024207745916634268	0.030603677596727073	0.030603677596727073	0.030603677596727073	0.021978561921748373	0.030603677596727073	0.021978561921748373	0.021978561921748373	0.052582239518475446	0.021978561921748373	0.031165260483311145	0.08522714868961818	0.08522714868961818	0.08522714868961818	0.06120735519345415	0.06120735519345415	0.08318591711520253	0.11583082628634526	0.09181103279018123
UP000001652	0.016639898018033235	0.023076690717094468	0.031396639726111085	0.031396639726111085	0.031396639726111085	0.03540326811205465	0.031396639726111085	0.03540326811205465	0.03540326811205465	0.06679990783816574	0.03540326811205465	0.05416663820607606	0.05568689212370051	0.05568689212370051	0.05568689212370051	0.06279327945222217	0.06279327945222217	0.09819654756427683	0.0870835318498116	0.09418991917833325
UP000006821	0.010750681258135383	0.023848667618296373	0.029224008247364066	0.029224008247364066	0.029224008247364066	0.01700711506572258	0.029224008247364066	0.01700711506572258	0.01700711506572258	0.04623112331308664	0.01700711506572258	0.023263548873309777	0.10043357203636549	0.10043357203636549	0.10043357203636549	0.05844801649472813	0.05844801649472813	0.07545513156045071	0.1296575802837296	0.0876720247420922
UP000002171	0.015643164694578923	0.0236714849012681	0.03149306724855756	0.03149306724855756	0.03149306724855756	0.031082288110532905	0.03149306724855756	0.031082288110532905	0.031082288110532905	0.06257535535909048	0.031082288110532905	0.04652141152648689	0.06381855037152633	0.06381855037152633	0.06381855037152633	0.06298613449711513	0.06298613449711513	0.09406842260764803	0.09531161762008389	0.0944792017456727
UP000009134	0.00994775356920043	0.02355534747814445	0.028529224262744665	0.028529224262744665	0.028529224262744665	0.015273370830912703	0.028529224262744665	0.015273370830912703	0.015273370830912703	0.043802595093657366	0.015273370830912703	0.020598988092624976	0.10657983048334603	0.10657983048334603	0.10657983048334603	0.05705844852548933	0.05705844852548933	0.07233181935640202	0.1351090547460907	0.085587672788234
UP000007073	0.012302351701423365	0.024172635283653	0.030323811134364685	0.030323811134364685	0.030323811134364685	0.020700553742089758	0.030323811134364685	0.020700553742089758	0.020700553742089758	0.05102436487645444	0.020700553742089758	0.02909875578275615	0.0888414419410397	0.0888414419410397	0.0888414419410397	0.06064762226872937	0.06064762226872937	0.08134817601081913	0.11916525307540436	0.09097143340309405
UP000000245	0.008810576504756088	0.02298799661226982	0.02739328486464786	0.02739328486464786	0.02739328486464786	0.012987914750762556	0.02739328486464786	0.012987914750762556	0.012987914750762556	0.04038119961541042	0.012987914750762556	0.017165252996769024	0.11555235310297797	0.11555235310297797	0.11555235310297797	0.05478656972929572	0.05478656972929572	0.06777448448005828	0.1429456379676258	0.08217985459394357
