Proteome_ID	M	W	C	D	E	F	H	K	N	Q	Y	I	A	G	P	T	V	L	R	S
UP000000231	0.01731102688589545	0.031472621279559375	0.031472621279559375	0.031472621279559375	0.031472621279559375	0.03847189645424519	0.031472621279559375	0.052633490847909116	0.03847189645424519	0.031472621279559375	0.05963276602259493	0.05963276602259493	0.05149347869474595	0.05149347869474595	0.05149347869474595	0.06294524255911875	0.06294524255911875	0.10141713901336394	0.05149347869474595	0.11172889072457358
UP000000233	0.010550183058489827	0.02916503377056319	0.02916503377056319	0.02916503377056319	0.02916503377056319	0.01652962196397908	0.02916503377056319	0.035144472676052446	0.01652962196397908	0.02916503377056319	0.02250906086946833	0.02250906086946833	0.10291816675441155	0.10291816675441155	0.10291816675441155	0.05833006754112638	0.05833006754112638	0.07485968950510546	0.10291816675441155	0.0980452843701794
UP000000235	0.008168100308574067	0.026737480214429853	0.026737480214429853	0.026737480214429853	0.026737480214429853	0.011760996947512913	0.026737480214429853	0.030330376853368698	0.011760996947512913	0.026737480214429853	0.015353893586451757	0.015353893586451757	0.12157011032439825	0.12157011032439825	0.12157011032439825	0.05347496042885971	0.05347496042885971	0.06523595737637262	0.12157011032439825	0.08838054095186364
UP000000238	0.014722346598013537	0.031566769160448954	0.031566769160448954	0.031566769160448954	0.031566769160448954	0.027589958328166117	0.031566769160448954	0.04443438089060153	0.027589958328166117	0.031566769160448954	0.040457570058318695	0.040457570058318695	0.07223359335137533	0.07223359335137533	0.07223359335137533	0.06313353832089791	0.06313353832089791	0.09072349664906404	0.07223359335137533	0.1094226540793604
UP000000239	0.010438265669506735	0.02906843472806429	0.02906843472806429	0.02906843472806429	0.02906843472806429	0.01628670375102562	0.02906843472806429	0.03491687280958318	0.01628670375102562	0.02906843472806429	0.02213514183254451	0.02213514183254451	0.10376242000306829	0.10376242000306829	0.10376242000306829	0.05813686945612858	0.05813686945612858	0.07442357320715419	0.10376242000306829	0.0976435698536996
UP000000245	0.009014735781343054	0.027692454597425448	0.027692454597425448	0.027692454597425448	0.027692454597425448	0.013365666535127257	0.027692454597425448	0.03204338535120965	0.013365666535127257	0.027692454597425448	0.01771659728891146	0.01771659728891146	0.11475253248537944	0.11475253248537944	0.11475253248537944	0.055384909194850895	0.055384909194850895	0.06875057572997816	0.11475253248537944	0.0920920995736194
UP000000247	0.018857422031982117	0.027911152777739263	0.027911152777739263	0.027911152777739263	0.027911152777739263	0.058134309723714105	0.027911152777739263	0.06718804046947126	0.058134309723714105	0.027911152777739263	0.0974111974154461	0.0974111974154461	0.02680112494961025	0.02680112494961025	0.02680112494961025	0.05582230555547853	0.05582230555547853	0.11395661527919262	0.02680112494961025	0.10259088036519991
UP000000248	0.017457142137115352	0.031396339796887086	0.031396339796887086	0.031396339796887086	0.031396339796887086	0.03932007994988175	0.031396339796887086	0.05325927760965348	0.03932007994988175	0.031396339796887086	0.06118301776264814	0.06118301776264814	0.05013876644696701	0.05013876644696701	0.05013876644696701	0.06279267959377417	0.06279267959377417	0.10211275954365592	0.05013876644696701	0.11164616152777662
UP000000260	0.013601251627433333	0.03116335116737297	0.03116335116737297	0.03116335116737297	0.03116335116737297	0.024134960618892202	0.03116335116737297	0.041697060158831845	0.024134960618892202	0.03116335116737297	0.03466866961035107	0.03466866961035107	0.08047698699958204	0.08047698699958204	0.08047698699958204	0.06232670233474594	0.06232670233474594	0.08646166295363815	0.08047698699958204	0.10709130512955223
UP000000263	0.011992630908163049	0.030263685539298937	0.030263685539298937	0.030263685539298937	0.030263685539298937	0.019864272638922098	0.030263685539298937	0.038135327270057987	0.019864272638922098	0.030263685539298937	0.027735914369681154	0.027735914369681154	0.09221487029200083	0.09221487029200083	0.09221487029200083	0.060527371078597875	0.060527371078597875	0.08039164371751996	0.09221487029200083	0.10278368752605985
UP000000268	0.016793973522570393	0.03165653280756064	0.03165653280756064	0.03165653280756064	0.03165653280756064	0.035770351767306904	0.03165653280756064	0.05063291105229715	0.035770351767306904	0.03165653280756064	0.054746730012043415	0.054746730012043415	0.05603165861578622	0.05603165861578622	0.05603165861578622	0.06331306561512128	0.06331306561512128	0.09908341738242818	0.05603165861578622	0.11176357194525229
UP000000269	0.0187383266385061	0.029530493681662672	0.029530493681662672	0.029530493681662672	0.029530493681662672	0.05127348698278555	0.029530493681662672	0.06206565402594212	0.05127348698278555	0.029530493681662672	0.08380864732706499	0.08380864732706499	0.034015632967404744	0.034015632967404744	0.034015632967404744	0.059060987363325344	0.059060987363325344	0.11033447434611088	0.034015632967404744	0.10732980768349411
UP000000270	0.009027060247990834	0.027705575142832412	0.027705575142832412	0.027705575142832412	0.027705575142832412	0.01338970991150133	0.027705575142832412	0.03206822480634291	0.01338970991150133	0.027705575142832412	0.01775235957501182	0.01775235957501182	0.11465504466766537	0.11465504466766537	0.11465504466766537	0.055411150285664824	0.055411150285664824	0.06880086019716616	0.11465504466766537	0.09214378567648807
UP000000272	0.0167486027689758	0.03166729757149003	0.03166729757149003	0.03166729757149003	0.03166729757149003	0.03555156766813501	0.03166729757149003	0.05047026247064924	0.03555156766813501	0.03166729757149003	0.05435453256729421	0.05435453256729421	0.05641482507001385	0.05641482507001385	0.05641482507001385	0.06333459514298007	0.06333459514298007	0.09888616281111508	0.05641482507001385	0.11175049548344589
UP000000276	0.014983061440710712	0.03163040845848459	0.03163040845848459	0.03163040845848459	0.03163040845848459	0.028468220961709978	0.03163040845848459	0.04511556797948385	0.028468220961709978	0.03163040845848459	0.041953380482709246	0.041953380482709246	0.07028768960281938	0.07028768960281938	0.07028768960281938	0.06326081691696918	0.06326081691696918	0.09172903787867916	0.07028768960281938	0.10987428681616447
UP000000321	0.009289007772000535	0.027979318845792116	0.027979318845792116	0.027979318845792116	0.027979318845792116	0.013905606449658716	0.027979318845792116	0.03259591752345029	0.013905606449658716	0.027979318845792116	0.0185222051273169	0.0185222051273169	0.11259376366051421	0.11259376366051421	0.11259376366051421	0.05595863769158423	0.05595863769158423	0.06986424414124294	0.11259376366051421	0.0932269643093769
UP000000323	0.014614002775092217	0.03153675713243081	0.03153675713243081	0.03153675713243081	0.03153675713243081	0.02723423424573271	0.03153675713243081	0.044156988603071295	0.02723423424573271	0.03153675713243081	0.0398544657163732	0.0398544657163732	0.07303800367258442	0.07303800367258442	0.07303800367258442	0.06307351426486162	0.06307351426486162	0.09030774851059431	0.07303800367258442	0.10922427417238462
UP000000328	0.007280848910895258	0.02561574823656477	0.02561574823656477	0.02561574823656477	0.02561574823656477	0.010172097993952274	0.02561574823656477	0.028506997319621783	0.010172097993952274	0.02561574823656477	0.01306334707700929	0.01306334707700929	0.1290130232935602	0.1290130232935602	0.1290130232935602	0.05123149647312954	0.05123149647312954	0.06140359446708181	0.1290130232935602	0.08412809362058955
UP000000329	0.010613145063699765	0.029218653691989758	0.029218653691989758	0.029218653691989758	0.029218653691989758	0.016667204127253952	0.029218653691989758	0.035272712755543945	0.016667204127253952	0.029218653691989758	0.02272126319080814	0.02272126319080814	0.102444263243458	0.102444263243458	0.102444263243458	0.058437307383979516	0.058437307383979516	0.07510451151123347	0.102444263243458	0.09826910613966904
UP000000333	0.01016328718806757	0.02882405806682062	0.02882405806682062	0.02882405806682062	0.02882405806682062	0.015698557254790593	0.02882405806682062	0.034359328133543636	0.015698557254790593	0.02882405806682062	0.021233827321513615	0.021233827321513615	0.10584747502015328	0.10584747502015328	0.10584747502015328	0.05764811613364124	0.05764811613364124	0.07334667338843182	0.10584747502015328	0.09663546138852942
UP000000343	0.012081731981169979	0.030322651478348315	0.030322651478348315	0.030322651478348315	0.030322651478348315	0.020083973736987445	0.030322651478348315	0.03832489323416578	0.020083973736987445	0.030322651478348315	0.028086215492804913	0.028086215492804913	0.09156187960792435	0.09156187960792435	0.09156187960792435	0.06064530295669663	0.06064530295669663	0.08072927669368408	0.09156187960792435	0.10304968641621494
UP000000361	0.0093302781364506	0.02802156271974847	0.02802156271974847	0.02802156271974847	0.02802156271974847	0.013987747756345946	0.02802156271974847	0.03267903233964382	0.013987747756345946	0.02802156271974847	0.018645217376241294	0.018645217376241294	0.11227082314242688	0.11227082314242688	0.11227082314242688	0.05604312543949694	0.05604312543949694	0.07003087319584288	0.11227082314242688	0.093394966295696
UP000000366	0.008473675344406673	0.02709457621663957	0.02709457621663957	0.02709457621663957	0.02709457621663957	0.012329727977685924	0.02709457621663957	0.03095062884991882	0.012329727977685924	0.02709457621663957	0.016185780610965175	0.016185780610965175	0.11908065801417157	0.11908065801417157	0.11908065801417157	0.05418915243327914	0.05418915243327914	0.06651888041096506	0.11908065801417157	0.08975740399432536
UP000000370	0.018780964932150875	0.029325467755611446	0.029325467755611446	0.029325467755611446	0.029325467755611446	0.05223201043786219	0.029325467755611446	0.06277651326132276	0.05223201043786219	0.029325467755611446	0.0856830559435735	0.0856830559435735	0.03292934933486756	0.03292934933486756	0.03292934933486756	0.05865093551122289	0.05865093551122289	0.11088294594908508	0.03292934933486756	0.10675736819898521
UP000000374	0.009999305399234803	0.028673530543949836	0.028673530543949836	0.028673530543949836	0.028673530543949836	0.015353536040256245	0.028673530543949836	0.03402776118497128	0.015353536040256245	0.028673530543949836	0.020707766681277686	0.020707766681277686	0.10709863209349686	0.10709863209349686	0.10709863209349686	0.05734706108789967	0.05734706108789967	0.07270059712815591	0.10709863209349686	0.09601989703108431
UP000000376	0.014729709402185381	0.031568734121778394	0.031568734121778394	0.031568734121778394	0.031568734121778394	0.027614323724318893	0.031568734121778394	0.04445334844391191	0.027614323724318893	0.031568734121778394	0.0404989380464524	0.0404989380464524	0.07217884341479498	0.07217884341479498	0.07217884341479498	0.06313746824355679	0.06313746824355679	0.0907517919678757	0.07217884341479498	0.10943591176752059
UP000000377	0.007687239186071465	0.026145731514481983	0.026145731514481983	0.026145731514481983	0.026145731514481983	0.01088867326056076	0.026145731514481983	0.02934716558897128	0.01088867326056076	0.026145731514481983	0.014090107335050053	0.014090107335050053	0.12556153721746838	0.12556153721746838	0.12556153721746838	0.052291463028963966	0.052291463028963966	0.06318013628952472	0.12556153721746838	0.0861244337295174
UP000000379	0.008635122854458013	0.027277508883267514	0.027277508883267514	0.027277508883267514	0.027277508883267514	0.012634897700679498	0.027277508883267514	0.031277283729489	0.012634897700679498	0.027277508883267514	0.016634672546900986	0.016634672546900986	0.11777894977918546	0.11777894977918546	0.11777894977918546	0.05455501776653503	0.05455501776653503	0.06718991546721453	0.11777894977918546	0.09046764950426057
UP000000417	0.008393048986974566	0.027001747451591215	0.027001747451591215	0.027001747451591215	0.027001747451591215	0.012178551311691073	0.027001747451591215	0.030787249776307722	0.012178551311691073	0.027001747451591215	0.01596405363640758	0.01596405363640758	0.11973416981699658	0.11973416981699658	0.11973416981699658	0.05400349490318243	0.05400349490318243	0.06618204621487352	0.11973416981699658	0.08939829134174822
UP000000422	0.016279467835833058	0.03173745627691393	0.03173745627691393	0.03173745627691393	0.03173745627691393	0.03342407070755005	0.03173745627691393	0.04888205914863092	0.03342407070755005	0.03173745627691393	0.05056867357926704	0.05056867357926704	0.06027190043620243	0.06027190043620243	0.06027190043620243	0.06347491255382787	0.06347491255382787	0.09689898326137791	0.06027190043620243	0.11149183666657485
UP000000423	0.018086505596304273	0.024390301614508225	0.024390301614508225	0.024390301614508225	0.024390301614508225	0.06997931490366319	0.024390301614508225	0.07628311092186713	0.06997931490366319	0.024390301614508225	0.12187212421102207	0.12187212421102207	0.017001790133716842	0.017001790133716842	0.017001790133716842	0.04878060322901645	0.04878060322901645	0.11875991813267961	0.017001790133716842	0.09125741043982893
UP000000425	0.015405576010401215	0.031706140709561605	0.031706140709561605	0.031706140709561605	0.031706140709561605	0.0299653030255318	0.031706140709561605	0.0462658677246922	0.0299653030255318	0.031706140709561605	0.04452503004066238	0.04452503004066238	0.06709622511329026	0.06709622511329026	0.06709622511329026	0.06341228141912321	0.06341228141912321	0.093377584444655	0.06709622511329026	0.11052399813908603
UP000000428	0.007650744778639637	0.026099282562643617	0.026099282562643617	0.026099282562643617	0.026099282562643617	0.010823565104738012	0.026099282562643617	0.02927210288874199	0.010823565104738012	0.026099282562643617	0.013996385430836384	0.013996385430836384	0.1258684257346094	0.1258684257346094	0.1258684257346094	0.052198565125287234	0.052198565125287234	0.06302213023002524	0.1258684257346094	0.0859485924665705
UP000000429	0.018456144919755956	0.03032495857657594	0.03032495857657594	0.03032495857657594	0.03032495857657594	0.047155667479308765	0.03032495857657594	0.059024481136128744	0.047155667479308765	0.03032495857657594	0.07585519003886157	0.07585519003886157	0.039002866965017736	0.039002866965017736	0.039002866965017736	0.06064991715315188	0.06064991715315188	0.10780558463246065	0.039002866965017736	0.10943102064948378
UP000000430	0.018190766427288646	0.030752302569940437	0.030752302569940437	0.030752302569940437	0.030752302569940437	0.044533403144195516	0.030752302569940437	0.057094939286847314	0.044533403144195516	0.030752302569940437	0.0708760398611024	0.0708760398611024	0.04247167503866941	0.04247167503866941	0.04247167503866941	0.061504605139880875	0.061504605139880875	0.10603800828407639	0.04247167503866941	0.11044767413710994
UP000000431	0.018067001787821207	0.030903022081521275	0.030903022081521275	0.030903022081521275	0.030903022081521275	0.04349673359973961	0.030903022081521275	0.05633275389343967	0.04349673359973961	0.030903022081521275	0.06892646541165802	0.06892646541165802	0.043911194921391	0.043911194921391	0.043911194921391	0.06180604416304255	0.06180604416304255	0.10530277776278217	0.043911194921391	0.11077606803238504
UP000000432	0.017310862589851986	0.03147270016298605	0.03147270016298605	0.03147270016298605	0.03147270016298605	0.03847096713541062	0.03147270016298605	0.05263280470854468	0.03847096713541062	0.03147270016298605	0.05963107168096927	0.05963107168096927	0.05149498072469756	0.05149498072469756	0.05149498072469756	0.0629454003259721	0.0629454003259721	0.10141636746138272	0.05149498072469756	0.11172896307881013
UP000000439	0.012054387448441683	0.030304666166694263	0.030304666166694263	0.030304666166694263	0.030304666166694263	0.020016362111975	0.030304666166694263	0.03826664083022758	0.020016362111975	0.030304666166694263	0.02797833677550832	0.02797833677550832	0.09176220797138333	0.09176220797138333	0.09176220797138333	0.06060933233338853	0.06060933233338853	0.08062569444536352	0.09176220797138333	0.10296838594852446
UP000000440	0.014444178101993473	0.03148565718841152	0.03148565718841152	0.03148565718841152	0.03148565718841152	0.02668691125820102	0.03148565718841152	0.043728390344619075	0.02668691125820102	0.03148565718841152	0.03892964441440857	0.03892964441440857	0.07429459325545024	0.07429459325545024	0.07429459325545024	0.06297131437682305	0.06297131437682305	0.08965822563502407	0.07429459325545024	0.10890114966722805
UP000000442	0.01623573652095759	0.03174052493281111	0.03174052493281111	0.03174052493281111	0.03174052493281111	0.03323688051441142	0.03174052493281111	0.04874166892626494	0.03323688051441142	0.03174052493281111	0.050238024507865256	0.050238024507865256	0.06062307337017213	0.06062307337017213	0.06062307337017213	0.06348104986562222	0.06348104986562222	0.09671793038003365	0.06062307337017213	0.11145731131939092
UP000000449	0.018732591703929612	0.02955477346077883	0.02955477346077883	0.02955477346077883	0.02955477346077883	0.051157660865611944	0.02955477346077883	0.06197984262246116	0.051157660865611944	0.02955477346077883	0.08358273002729429	0.08358273002729429	0.03414873235164319	0.03414873235164319	0.03414873235164319	0.05910954692155766	0.05910954692155766	0.11026720778716963	0.03414873235164319	0.10739691208626612
UP000000467	0.014449018867756375	0.03148718114503634	0.03148718114503634	0.03148718114503634	0.03148718114503634	0.026702344246584093	0.03148718114503634	0.043740506523864055	0.026702344246584093	0.03148718114503634	0.03895566962541181	0.03895566962541181	0.07425884164362553	0.07425884164362553	0.07425884164362553	0.06297436229007268	0.06297436229007268	0.08967670653665677	0.07425884164362553	0.10891056230286539
UP000000492	0.013194213757636639	0.030969514256489226	0.030969514256489226	0.030969514256489226	0.030969514256489226	0.022987987803450686	0.030969514256489226	0.040763288302303274	0.022987987803450686	0.030969514256489226	0.032781761849264734	0.032781761849264734	0.08344452080655089	0.08344452080655089	0.08344452080655089	0.06193902851297845	0.06193902851297845	0.08492701631642914	0.08344452080655089	0.10610275652710432
UP000000504	0.017381936742279714	0.03143716311747046	0.03143716311747046	0.03143716311747046	0.03143716311747046	0.03887797791924105	0.03143716311747046	0.0529332042944318	0.03887797791924105	0.03143716311747046	0.060374019096202394	0.060374019096202394	0.05084087587720601	0.05084087587720601	0.05084087587720601	0.06287432623494092	0.06287432623494092	0.10175230415418199	0.05084087587720601	0.11169342609469111
UP000000528	0.018326190606352932	0.025126349719058878	0.025126349719058878	0.025126349719058878	0.025126349719058878	0.06771463234337811	0.025126349719058878	0.07451479145608406	0.06771463234337811	0.025126349719058878	0.11710307408040327	0.11710307408040327	0.018646884088596518	0.018646884088596518	0.018646884088596518	0.050252699438117755	0.050252699438117755	0.11796733178149586	0.018646884088596518	0.09370523976352957
UP000000529	0.018792205690960462	0.029261840906345968	0.029261840906345968	0.029261840906345968	0.029261840906345968	0.05252279777619418	0.029261840906345968	0.0629924329915797	0.05252279777619418	0.029261840906345968	0.0862533898614279	0.0862533898614279	0.03260509224496786	0.03260509224496786	0.03260509224496786	0.058523681812691936	0.058523681812691936	0.11104647958888612	0.03260509224496786	0.10657772840999835
UP000000531	0.01884753939753404	0.02775275115602555	0.02775275115602555	0.02775275115602555	0.02775275115602555	0.05873763420666318	0.02775275115602555	0.0676428459651547	0.05873763420666318	0.02775275115602555	0.09862772901579234	0.09862772901579234	0.026225611811954944	0.026225611811954944	0.026225611811954944	0.0555055023120511	0.0555055023120511	0.11424313651871429	0.026225611811954944	0.1021057928656107
UP000000532	0.008214592773814446	0.026792741667695748	0.026792741667695748	0.026792741667695748	0.026792741667695748	0.011846791806400995	0.026792741667695748	0.0304249407002823	0.011846791806400995	0.026792741667695748	0.015478990838987546	0.015478990838987546	0.12118909790986863	0.12118909790986863	0.12118909790986863	0.053585483335391496	0.053585483335391496	0.06543227514179249	0.12118909790986863	0.08859281777690169
UP000000534	0.018848801262622204	0.02880089096464245	0.02880089096464245	0.02880089096464245	0.02880089096464245	0.054547566012070586	0.02880089096464245	0.06449965571409083	0.054547566012070586	0.02880089096464245	0.09024633076151896	0.09024633076151896	0.030413504432944584	0.030413504432944584	0.030413504432944584	0.0576017819292849	0.0576017819292849	0.11214934794135548	0.030413504432944584	0.10525147415654955
UP000000535	0.015034102807857608	0.03164140314124176	0.03164140314124176	0.03164140314124176	0.03164140314124176	0.02864403595170977	0.03164140314124176	0.04525133628509392	0.02864403595170977	0.03164140314124176	0.04225396909556193	0.04225396909556193	0.06990484123357785	0.06990484123357785	0.06990484123357785	0.06328280628248352	0.06328280628248352	0.09192684223419328	0.06990484123357785	0.10995831223158288
UP000000537	0.018528766089993362	0.030170492655954995	0.030170492655954995	0.030170492655954995	0.030170492655954995	0.048018822472307064	0.030170492655954995	0.059660549038268694	0.048018822472307064	0.030170492655954995	0.07750887885462077	0.07750887885462077	0.03791257595406425	0.03791257595406425	0.03791257595406425	0.06034098531190999	0.06034098531190999	0.10835980778421705	0.03791257595406425	0.10904024405785835
UP000000545	0.011415037888026681	0.029856273102689065	0.029856273102689065	0.029856273102689065	0.029856273102689065	0.018480892667726165	0.029856273102689065	0.03692212788238855	0.018480892667726165	0.029856273102689065	0.025546747447425647	0.025546747447425647	0.09646688172579809	0.09646688172579809	0.09646688172579809	0.05971254620537813	0.05971254620537813	0.07819343887310429	0.09646688172579809	0.10098385719609387
UP000000546	0.017528853118319615	0.031354112409258	0.031354112409258	0.031354112409258	0.031354112409258	0.03975344111176244	0.031354112409258	0.05357870040270083	0.03975344111176244	0.031354112409258	0.06197802910520528	0.06197802910520528	0.04945888141902301	0.04945888141902301	0.04945888141902301	0.062708224818516	0.062708224818516	0.10246166593027844	0.04945888141902301	0.11159119034609362
UP000000549	0.018586914096037212	0.02609845009741922	0.02609845009741922	0.02609845009741922	0.02609845009741922	0.06457928843197928	0.02609845009741922	0.07209082443336129	0.06457928843197928	0.02609845009741922	0.11057166276792135	0.11057166276792135	0.021094351270373873	0.021094351270373873	0.021094351270373873	0.05219690019483844	0.05219690019483844	0.11677618862681774	0.021094351270373873	0.09688226438829488
UP000000555	0.018659537819070076	0.029819835511008617	0.029819835511008617	0.029819835511008617	0.029819835511008617	0.04985748264385798	0.029819835511008617	0.06101778033579653	0.04985748264385798	0.029819835511008617	0.08105542746864589	0.08105542746864589	0.03567057712301707	0.03567057712301707	0.03567057712301707	0.059639671022017234	0.059639671022017234	0.10949715366587522	0.03567057712301707	0.10811904435209593
UP000000556	0.011476312724054286	0.029901554452676418	0.029901554452676418	0.029901554452676418	0.029901554452676418	0.018624428101867537	0.029901554452676418	0.03704966983048967	0.018624428101867537	0.029901554452676418	0.02577254347968079	0.02577254347968079	0.09601400416657282	0.09601400416657282	0.09601400416657282	0.059803108905352835	0.059803108905352835	0.07842753700722037	0.09601400416657282	0.10118097608208354
UP000000557	0.011271995588585052	0.02974866741411005	0.02974866741411005	0.02974866741411005	0.02974866741411005	0.01814866070170104	0.02974866741411005	0.03662533252722604	0.01814866070170104	0.02974866741411005	0.02502532581481703	0.02502532581481703	0.09752600783730397	0.09752600783730397	0.09752600783730397	0.0594973348282201	0.0594973348282201	0.07764599552992114	0.09752600783730397	0.1005179978309152
UP000000558	0.015649348298916215	0.03173309449808083	0.03173309449808083	0.03173309449808083	0.03173309449808083	0.030876031134381	0.03173309449808083	0.046959777333545616	0.030876031134381	0.03173309449808083	0.046102713969845784	0.046102713969845784	0.06522789681364376	0.06522789681364376	0.06522789681364376	0.06346618899616166	0.06346618899616166	0.09434222013054266	0.06522789681364376	0.11084863179315871
UP000000562	0.017492175484873966	0.022866092311287882	0.022866092311287882	0.022866092311287882	0.022866092311287882	0.07442945476870831	0.022866092311287882	0.07980337159512223	0.07442945476870831	0.022866092311287882	0.13136673405254268	0.13136673405254268	0.014049765088650341	0.014049765088650341	0.014049765088650341	0.045732184622575764	0.045732184622575764	0.12016163939128408	0.014049765088650341	0.08609045241873763
UP000000566	0.01720497727995272	0.031520546350279316	0.031520546350279316	0.031520546350279316	0.031520546350279316	0.0378825515873034	0.031520546350279316	0.05219812065763	0.0378825515873034	0.031520546350279316	0.058560125894654085	0.058560125894654085	0.05245395574426408	0.05245395574426408	0.05245395574426408	0.06304109270055863	0.06304109270055863	0.10092364428786205	0.05245395574426408	0.11176661633079067
UP000000577	0.011828490526771863	0.030152334563382337	0.030152334563382337	0.030152334563382337	0.030152334563382337	0.019464071132150818	0.030152334563382337	0.037787915168761295	0.019464071132150818	0.030152334563382337	0.02709965173752977	0.02709965173752977	0.093419642113862	0.093419642113862	0.093419642113862	0.06030466912676467	0.06030466912676467	0.07976874025891549	0.093419642113862	0.10228549421691888
UP000000579	0.018561683954862792	0.030092492522403834	0.030092492522403834	0.030092492522403834	0.030092492522403834	0.04844129813994882	0.030092492522403834	0.059972106707489856	0.04844129813994882	0.030092492522403834	0.07832091232503485	0.07832091232503485	0.03738785461920271	0.03738785461920271	0.03738785461920271	0.06018498504480767	0.06018498504480767	0.10862628318475649	0.03738785461920271	0.10883916152207429
UP000000580	0.008183448099656281	0.02675576008176265	0.02675576008176265	0.02675576008176265	0.02675576008176265	0.011789290111371873	0.02675576008176265	0.03036160209347824	0.011789290111371873	0.02675576008176265	0.015395132123087463	0.015395132123087463	0.12144424147511974	0.12144424147511974	0.12144424147511974	0.0535115201635253	0.0535115201635253	0.06530081027489718	0.12144424147511974	0.08845072834494422
UP000000582	0.014446707431447966	0.031486453953032775	0.031486453953032775	0.031486453953032775	0.031486453953032775	0.02669497387986475	0.031486453953032775	0.04373472040144956	0.02669497387986475	0.031486453953032775	0.03894324032828154	0.03894324032828154	0.07427591328600139	0.07427591328600139	0.07427591328600139	0.06297290790606555	0.06297290790606555	0.08966788178593031	0.07427591328600139	0.10890606929054629
UP000000584	0.016762441779736348	0.031664095327604794	0.031664095327604794	0.031664095327604794	0.031664095327604794	0.03561803075960781	0.031664095327604794	0.050519684307476255	0.03561803075960781	0.031664095327604794	0.05447361973947928	0.05447361973947928	0.05629816761529932	0.05629816761529932	0.05629816761529932	0.06332819065520959	0.06332819065520959	0.09894622141481739	0.05629816761529932	0.11175472776255073
UP000000585	0.018414209626483533	0.030405050278197183	0.030405050278197183	0.030405050278197183	0.030405050278197183	0.04669272036789843	0.030405050278197183	0.05868356101961207	0.04669272036789843	0.030405050278197183	0.07497123110931332	0.07497123110931332	0.03959791055803534	0.03959791055803534	0.03959791055803534	0.06081010055639437	0.06081010055639437	0.1075028209242928	0.03959791055803534	0.10962936046107509
UP000000586	0.01834941624524743	0.030518130502604646	0.030518130502604646	0.030518130502604646	0.030518130502604646	0.04601882070494871	0.030518130502604646	0.05818753496230593	0.04601882070494871	0.030518130502604646	0.07368822516465001	0.07368822516465001	0.04047719064099584	0.04047719064099584	0.04047719064099584	0.06103626100520929	0.06103626100520929	0.10705508171015801	0.04047719064099584	0.10990380775306136
UP000000588	0.016247892414734205	0.031739726682665864	0.031739726682665864	0.031739726682665864	0.031739726682665864	0.033288741377806894	0.031739726682665864	0.04878057564573856	0.033288741377806894	0.031739726682665864	0.050329590340879596	0.050329590340879596	0.060525583617406266	0.060525583617406266	0.060525583617406266	0.06347945336533173	0.06347945336533173	0.09676819474313864	0.060525583617406266	0.11146707246273181
UP000000593	0.01795040662191404	0.03102542658958105	0.03102542658958105	0.03102542658958105	0.03102542658958105	0.04259412408382695	0.03102542658958105	0.05566914405149396	0.04259412408382695	0.03102542658958105	0.06723784154573985	0.06723784154573985	0.04519764712950042	0.04519764712950042	0.04519764712950042	0.0620508531791621	0.0620508531791621	0.10464497726298905	0.04519764712950042	0.1110266863906572
UP000000594	0.0188164480968976	0.029103059424976006	0.029103059424976006	0.029103059424976006	0.029103059424976006	0.05323582175562623	0.029103059424976006	0.06352243308370464	0.05323582175562623	0.029103059424976006	0.08765519541435486	0.08765519541435486	0.03182023081306792	0.03182023081306792	0.03182023081306792	0.05820611884995201	0.05820611884995201	0.11144194060557826	0.03182023081306792	0.10612562637182563
UP000000601	0.018300662257976674	0.025042653829271903	0.025042653829271903	0.025042653829271903	0.025042653829271903	0.06797652369133506	0.025042653829271903	0.07471851526263028	0.06797652369133506	0.025042653829271903	0.11765238512469343	0.11765238512469343	0.018451502864736437	0.018451502864736437	0.018451502864736437	0.050085307658543805	0.050085307658543805	0.11806183134987885	0.018451502864736437	0.09342862374579237
UP000000602	0.01689178075477928	0.03163065018546437	0.03163065018546437	0.03163065018546437	0.03163065018546437	0.036250949272379	0.03163065018546437	0.05098981870306409	0.036250949272379	0.03163065018546437	0.05561011778997872	0.05561011778997872	0.05519844590207933	0.05519844590207933	0.05519844590207933	0.06326130037092874	0.06326130037092874	0.09951224964330774	0.05519844590207933	0.11178373131117238
UP000000605	0.008889935888622753	0.027558359297444136	0.027558359297444136	0.027558359297444136	0.027558359297444136	0.013123338912173117	0.027558359297444136	0.031791762320994496	0.013123338912173117	0.027558359297444136	0.017356741935723483	0.017356741935723483	0.11574236895803293	0.11574236895803293	0.11574236895803293	0.05511671859488827	0.05511671859488827	0.06824005750706139	0.11574236895803293	0.09156501378095516
UP000000606	0.017015365980174436	0.03159241146675043	0.03159241146675043	0.03159241146675043	0.03159241146675043	0.036876913349694486	0.03159241146675043	0.05145395883627048	0.036876913349694486	0.03159241146675043	0.05673846071921453	0.05673846071921453	0.05413036892865292	0.05413036892865292	0.05413036892865292	0.06318482293350086	0.06318482293350086	0.10006173628319534	0.05413036892865292	0.11179260038042572
UP000000609	0.01851956905911876	0.030191315813089023	0.030191315813089023	0.030191315813089023	0.030191315813089023	0.04790458274773422	0.030191315813089023	0.05957632950170448	0.04790458274773422	0.030191315813089023	0.07728959643634968	0.07728959643634968	0.03805546351695515	0.03805546351695515	0.03805546351695515	0.060382631626178046	0.060382631626178046	0.10828721437391227	0.03805546351695515	0.10909351649838583
UP000000625	0.015633223827350034	0.031731714785670745	0.031731714785670745	0.031731714785670745	0.031731714785670745	0.030814627343292926	0.031731714785670745	0.04691311830161364	0.030814627343292926	0.031731714785670745	0.045996030859235815	0.045996030859235815	0.06535219212756868	0.06535219212756868	0.06535219212756868	0.06346342957134149	0.06346342957134149	0.09427805691463441	0.06535219212756868	0.11082836818436226
UP000000628	0.01281899496606513	0.030770116131718282	0.030770116131718282	0.030770116131718282	0.030770116131718282	0.021973110211770123	0.030770116131718282	0.03992423137742328	0.021973110211770123	0.030770116131718282	0.031127225457475115	0.031127225457475115	0.08617806379110288	0.08617806379110288	0.08617806379110288	0.061540232263436564	0.061540232263436564	0.0835133424752067	0.08617806379110288	0.10512934336122
UP000000636	0.012081601684074657	0.03032256601126349	0.03032256601126349	0.03032256601126349	0.03032256601126349	0.02008365117194462	0.03032256601126349	0.03832461549913345	0.02008365117194462	0.03032256601126349	0.028085700659814583	0.028085700659814583	0.09156283403207548	0.09156283403207548	0.09156283403207548	0.06064513202252698	0.06064513202252698	0.08072878319447159	0.09156283403207548	0.10304929971786513
UP000000639	0.018223654011833058	0.030707981220905536	0.030707981220905536	0.030707981220905536	0.030707981220905536	0.04482513280851646	0.030707981220905536	0.05730946001758894	0.04482513280851646	0.030707981220905536	0.07142661160519985	0.07142661160519985	0.04207372300230319	0.04207372300230319	0.04207372300230319	0.06141596244181107	0.06141596244181107	0.10624109525032753	0.04207372300230319	0.11034759767454967
UP000000640	0.007284260940840272	0.02562031652768955	0.02562031652768955	0.02562031652768955	0.02562031652768955	0.010178038024080927	0.02562031652768955	0.028514093610930203	0.010178038024080927	0.02562031652768955	0.013071815107321581	0.013071815107321581	0.12898372307629002	0.12898372307629002	0.12898372307629002	0.0512406330553791	0.0512406330553791	0.061418671079460016	0.12898372307629002	0.08414521052390891
UP000000643	0.018480026599361703	0.030276549531962904	0.030276549531962904	0.030276549531962904	0.030276549531962904	0.04743019988892532	0.030276549531962904	0.05922672282152652	0.04743019988892532	0.030276549531962904	0.07638037317848895	0.07638037317848895	0.03865340874413816	0.03865340874413816	0.03865340874413816	0.06055309906392581	0.06055309906392581	0.10798329895285115	0.03865340874413816	0.10930967519525042
UP000000644	0.011311266843513837	0.02977847458927578	0.02977847458927578	0.02977847458927578	0.02977847458927578	0.018239480321511757	0.02977847458927578	0.036706688067273695	0.018239480321511757	0.02977847458927578	0.025167693799509682	0.025167693799509682	0.09723495771075184	0.09723495771075184	0.09723495771075184	0.05955694917855156	0.05955694917855156	0.07779642950006331	0.09723495771075184	0.10064669061134118
UP000000647	0.0088174983576398	0.027479489706437057	0.027479489706437057	0.027479489706437057	0.027479489706437057	0.012983628104130725	0.027479489706437057	0.03164561945292799	0.012983628104130725	0.027479489706437057	0.01714975785062165	0.01714975785062165	0.11631915955540023	0.11631915955540023	0.11631915955540023	0.054958979412874115	0.054958979412874115	0.06794260751700483	0.11631915955540023	0.09125596747695097
UP000000657	0.007056103272761398	0.025310280332343466	0.025310280332343466	0.025310280332343466	0.025310280332343466	0.009783621102426518	0.025310280332343466	0.028037798162008586	0.009783621102426518	0.025310280332343466	0.012511138932091638	0.012511138932091638	0.13095566228396344	0.13095566228396344	0.13095566228396344	0.05062056066468693	0.05062056066468693	0.06040418176711344	0.13095566228396344	0.08298694426979179
UP000000669	0.016835265151276525	0.021442659169054332	0.021442659169054332	0.021442659169054332	0.021442659169054332	0.07835076645639064	0.021442659169054332	0.08295816047416843	0.07835076645639064	0.021442659169054332	0.13986626776150474	0.13986626776150474	0.011736646698820585	0.011736646698820585	0.011736646698820585	0.042885318338108665	0.042885318338108665	0.1212360847944993	0.011736646698820585	0.08116324265843952
UP000000684	0.01796071306388968	0.031015274926791438	0.031015274926791438	0.031015274926791438	0.031015274926791438	0.04267140172208975	0.031015274926791438	0.0557259635849915	0.04267140172208975	0.031015274926791438	0.06738209038028982	0.06738209038028982	0.0450862751146272	0.0450862751146272	0.0450862751146272	0.062030549853582875	0.062030549853582875	0.10470195157567261	0.0450862751146272	0.11100653784426398
UP000000686	0.010577230157899468	0.029188131529184456	0.029188131529184456	0.029188131529184456	0.029188131529184456	0.016588642264236012	0.029188131529184456	0.035199543635521	0.016588642264236012	0.029188131529184456	0.022600054370572553	0.022600054370572553	0.102714496894265	0.102714496894265	0.102714496894265	0.05837626305836891	0.05837626305836891	0.07496490532260491	0.102714496894265	0.09814162474545284
UP000000718	0.01886474342417117	0.028509379094744252	0.028509379094744252	0.028509379094744252	0.028509379094744252	0.05576386088338601	0.028509379094744252	0.0654084965539591	0.05576386088338601	0.028509379094744252	0.09266297834260086	0.09266297834260086	0.029150947710293758	0.029150947710293758	0.029150947710293758	0.057018758189488504	0.057018758189488504	0.11278261907287453	0.029150947710293758	0.10439288070840393
UP000000719	0.018565446165641496	0.030083207494274754	0.030083207494274754	0.030083207494274754	0.030083207494274754	0.048491035131655695	0.030083207494274754	0.060008796460288956	0.048491035131655695	0.030083207494274754	0.07841662409766989	0.07841662409766989	0.037326461300999994	0.037326461300999994	0.037326461300999994	0.06016641498854951	0.06016641498854951	0.10865745012020521	0.037326461300999994	0.10881506864846575
UP000000723	0.01886141965724408	0.028596923803729836	0.028596923803729836	0.028596923803729836	0.028596923803729836	0.05540325109543315	0.028596923803729836	0.06513875524191891	0.05540325109543315	0.028596923803729836	0.09194508253362223	0.09194508253362223	0.02952115750852533	0.02952115750852533	0.02952115750852533	0.05719384760745967	0.05719384760745967	0.11259709870289283	0.02952115750852533	0.1046521910684336
UP000000738	0.006685087549520836	0.024785715784579405	0.024785715784579405	0.024785715784579405	0.024785715784579405	0.00915408447959418	0.024785715784579405	0.027254712714652747	0.00915408447959418	0.024785715784579405	0.011623081409667523	0.011623081409667523	0.1342202397898743	0.1342202397898743	0.1342202397898743	0.04957143156915881	0.04957143156915881	0.058725516048752986	0.1342202397898743	0.08104223490325904
UP000000739	0.014225153693627052	0.03141266537347988	0.03141266537347988	0.03141266537347988	0.03141266537347988	0.025998527371942085	0.03141266537347988	0.04318603905179491	0.025998527371942085	0.03141266537347988	0.03777190105025712	0.03777190105025712	0.07590857218560308	0.07590857218560308	0.07590857218560308	0.06282533074695976	0.06282533074695976	0.08882385811890182	0.07590857218560308	0.10846314981406666
UP000000742	0.018074062600114512	0.03089504209441937	0.03089504209441937	0.03089504209441937	0.03089504209441937	0.043553530765395275	0.03089504209441937	0.05637451025970013	0.043553530765395275	0.03089504209441937	0.06903299893067603	0.06903299893067603	0.04383128574156057	0.04383128574156057	0.04383128574156057	0.06179008418883874	0.06179008418883874	0.105343614954234	0.04383128574156057	0.11075918888337262
UP000000746	0.015634564081955873	0.03173183169613044	0.03173183169613044	0.03173183169613044	0.03173183169613044	0.03081972468756956	0.03173183169613044	0.046916992301744134	0.03081972468756956	0.03173183169613044	0.04600488529318325	0.04600488529318325	0.06534186486082807	0.06534186486082807	0.06534186486082807	0.06346366339226088	0.06346366339226088	0.09428338807983046	0.06534186486082807	0.1108300591703472
UP000000747	0.015593935422620369	0.031728109113355614	0.031728109113355614	0.031728109113355614	0.031728109113355614	0.030665721968744564	0.031728109113355614	0.04679989565947981	0.030665721968744564	0.031728109113355614	0.04573750851486875	0.04573750851486875	0.06565460346474356	0.06565460346474356	0.06565460346474356	0.06345621822671123	0.06345621822671123	0.09412194019545578	0.06565460346474356	0.11077826276268721
