Proteome_ID	M	W	C	D	E	F	H	K	N	Q	Y	I	A	G	P	T	V	L	R	S
UP000000226	0.017434558747047687	0.013974401068292645	0.03140895981534033	0.03140895981534033	0.03140895981534033	0.03918603397799257	0.03140895981534033	0.03918603397799257	0.03918603397799257	0.03140895981534033	0.07837206795598514	0.060937509208937445	0.05035073246941545	0.05035073246941545	0.05035073246941545	0.06281791963068066	0.06281791963068066	0.10200395360867323	0.08175969228475578	0.09422687944602101
UP000000267	0.0188349368445173	0.010115500292453191	0.028950437136970493	0.028950437136970493	0.028950437136970493	0.053905357059088894	0.028950437136970493	0.053905357059088894	0.053905357059088894	0.028950437136970493	0.10781071411817779	0.08897577727366049	0.031096271545069557	0.031096271545069557	0.031096271545069557	0.057900874273940986	0.057900874273940986	0.11180623133302989	0.06004670868204005	0.08685131141091147
UP000000304	0.0144248352024419	0.017054693510109627	0.031479528712551524	0.031479528712551524	0.031479528712551524	0.026625340036742468	0.031479528712551524	0.026625340036742468	0.026625340036742468	0.031479528712551524	0.053250680073484935	0.038825844871043035	0.07443741387691943	0.07443741387691943	0.07443741387691943	0.06295905742510305	0.06295905742510305	0.08958439746184553	0.10591694258947096	0.0944385861376546
UP000000305	0.01681928241798084	0.014830908721976736	0.031650191139957574	0.031650191139957574	0.031650191139957574	0.03589351895728405	0.031650191139957574	0.03589351895728405	0.03589351895728405	0.031650191139957574	0.0717870379145681	0.054967755496587264	0.055817018130096825	0.055817018130096825	0.055817018130096825	0.06330038227991515	0.06330038227991515	0.0991939012371992	0.0874672092700544	0.09495057341987273
UP000000311	0.017686220089403223	0.013562704890688213	0.031248924980091436	0.031248924980091436	0.031248924980091436	0.04074964169828685	0.031248924980091436	0.04074964169828685	0.04074964169828685	0.031248924980091436	0.0814992833965737	0.06381306330717047	0.047926571705411355	0.047926571705411355	0.047926571705411355	0.06249784996018287	0.06249784996018287	0.10324749165846972	0.0791754966855028	0.09374677494027431
UP000000314	0.017969621817155206	0.013036779131354098	0.031006400948509306	0.031006400948509306	0.031006400948509306	0.04273857011320883	0.031006400948509306	0.04273857011320883	0.04273857011320883	0.031006400948509306	0.08547714022641766	0.06750751840926246	0.0449896614338339	0.0449896614338339	0.0449896614338339	0.06201280189701861	0.06201280189701861	0.10475137201022745	0.07599606238234322	0.09301920284552792
UP000000437	0.016020718677066535	0.01572721516645566	0.031747933843522196	0.031747933843522196	0.031747933843522196	0.032340418268710834	0.031747933843522196	0.032340418268710834	0.032340418268710834	0.031747933843522196	0.06468083653742167	0.04866011786035513	0.06233260775775616	0.06233260775775616	0.06233260775775616	0.06349586768704439	0.06349586768704439	0.09583628595575523	0.09408054160127835	0.0952438015305666
UP000000539	0.015600678899276526	0.016128073550867247	0.031728752450143775	0.031728752450143775	0.031728752450143775	0.03069120916941189	0.031728752450143775	0.03069120916941189	0.03069120916941189	0.031728752450143775	0.06138241833882378	0.04578173943954726	0.06560274158542025	0.06560274158542025	0.06560274158542025	0.06345750490028755	0.06345750490028755	0.09414871406969944	0.09733149403556403	0.09518625735043132
UP000000542	0.011579073448674508	0.01839732401196969	0.029976397460644198	0.029976397460644198	0.029976397460644198	0.018866814961655796	0.029976397460644198	0.018866814961655796	0.018866814961655796	0.029976397460644198	0.03773362992331159	0.026154556474637082	0.09525554859628028	0.09525554859628028	0.09525554859628028	0.059952794921288396	0.059952794921288396	0.07881960988294419	0.12523194605692448	0.08992919238193259
UP000000559	0.018828079273552185	0.010183452536004922	0.029011531809557106	0.029011531809557106	0.029011531809557106	0.05363911883776644	0.029011531809557106	0.05363911883776644	0.05363911883776644	0.029011531809557106	0.10727823767553288	0.0884501584019807	0.03138265490462674	0.03138265490462674	0.03138265490462674	0.05802306361911421	0.05802306361911421	0.11166218245688067	0.06039418671418384	0.08703459542867133
UP000000560	0.014699197522626245	0.0168613314797139	0.031560529002340146	0.031560529002340146	0.031560529002340146	0.02751351222067569	0.031560529002340146	0.02751351222067569	0.02751351222067569	0.031560529002340146	0.05502702444135138	0.04032782691872513	0.0724056589299446	0.0724056589299446	0.0724056589299446	0.06312105800468029	0.06312105800468029	0.09063457022535598	0.10396618793228475	0.09468158700702042
UP000000561	0.013835492397005744	0.01742842990064544	0.03126392229765118	0.03126392229765118	0.03126392229765118	0.024818745103006228	0.03126392229765118	0.024818745103006228	0.024818745103006228	0.03126392229765118	0.049637490206012456	0.03580199780900671	0.07876569370263424	0.07876569370263424	0.07876569370263424	0.06252784459530236	0.06252784459530236	0.0873465896983086	0.11002961600028541	0.09379176689295356
UP000000589	0.01586172137064409	0.015883941868858338	0.031745663239502425	0.031745663239502425	0.031745663239502425	0.031701253327961115	0.031745663239502425	0.031701253327961115	0.031701253327961115	0.031745663239502425	0.06340250665592223	0.04754078528527815	0.06358027072872909	0.06358027072872909	0.06358027072872909	0.06349132647900485	0.06349132647900485	0.09519257980696598	0.0953259339682315	0.09523698971850728
UP000000591	0.014148875896061784	0.01723654561021049	0.03138542150627227	0.03138542150627227	0.03138542150627227	0.02576319199218085	0.03138542150627227	0.02576319199218085	0.02576319199218085	0.03138542150627227	0.0515263839843617	0.03737750808829991	0.07646914896456465	0.07646914896456465	0.07646914896456465	0.06277084301254454	0.06277084301254454	0.08853403500472541	0.10785457047083694	0.09415626451881683
UP000000598	0.018254821297515048	0.012409271346606035	0.030664092644121083	0.030664092644121083	0.030664092644121083	0.04510881548431721	0.030664092644121083	0.04510881548431721	0.04510881548431721	0.030664092644121083	0.09021763096863442	0.07196280967111937	0.041689703779260005	0.041689703779260005	0.041689703779260005	0.06132818528824217	0.06132818528824217	0.10643700077255938	0.07235379642338109	0.09199227793236324
UP000000599	0.0185978605492335	0.011401829295409458	0.029999689844642956	0.029999689844642956	0.029999689844642956	0.04893338023185076	0.029999689844642956	0.04893338023185076	0.04893338023185076	0.029999689844642956	0.09786676046370152	0.07926889991446802	0.036783945295035037	0.036783945295035037	0.036783945295035037	0.05999937968928591	0.05999937968928591	0.10893275992113667	0.066783635139678	0.08999906953392886
UP000000600	0.01875487015251353	0.008200888065487017	0.026955758218000548	0.026955758218000548	0.026955758218000548	0.06164597555827354	0.026955758218000548	0.06164597555827354	0.06164597555827354	0.026955758218000548	0.12329195111654707	0.10453708096403355	0.02357373354957913	0.02357373354957913	0.02357373354957913	0.053911516436001096	0.053911516436001096	0.11555749199427463	0.05052949176757968	0.08086727465400165
UP000000673	0.014477340925136764	0.017018677937135067	0.03149601886227183	0.03149601886227183	0.03149601886227183	0.026792833411501005	0.03149601886227183	0.026792833411501005	0.026792833411501005	0.03149601886227183	0.05358566682300201	0.039108325897865254	0.07404959295919487	0.07404959295919487	0.07404959295919487	0.06299203772454366	0.06299203772454366	0.08978487113604466	0.1055456118214667	0.0944880565868155
UP000000715	0.0144398367757289	0.017044450361988008	0.03148428713771691	0.03148428713771691	0.03148428713771691	0.026673078780100168	0.03148428713771691	0.026673078780100168	0.026673078780100168	0.03148428713771691	0.053346157560200336	0.03890632078447143	0.07432665308286424	0.07432665308286424	0.07432665308286424	0.06296857427543381	0.06296857427543381	0.08964165305553398	0.10581094022058116	0.09445286141315073
UP000000724	0.01494476855895917	0.016677071087261675	0.031621839646220846	0.031621839646220846	0.031621839646220846	0.02833717458230768	0.031621839646220846	0.02833717458230768	0.02833717458230768	0.031621839646220846	0.05667434916461536	0.04172958060565619	0.07057448439024105	0.07057448439024105	0.07057448439024105	0.06324367929244169	0.06324367929244169	0.09158085387474937	0.10219632403646191	0.09486551893866255
UP000000741	0.015994408729129887	0.015753589747584902	0.031747998476714785	0.031747998476714785	0.031747998476714785	0.03223331774564054	0.031747998476714785	0.03223331774564054	0.03223331774564054	0.031747998476714785	0.06446663549128108	0.0484722267621512	0.06253997278414225	0.06253997278414225	0.06253997278414225	0.06349599695342957	0.06349599695342957	0.09572931469907012	0.09428797126085703	0.09524399543014435
UP000000759	0.01556578844140179	0.016159526759391425	0.03172531520079321	0.03172531520079321	0.03172531520079321	0.03055965388128318	0.03172531520079321	0.03055965388128318	0.03055965388128318	0.03172531520079321	0.06111930776256636	0.04555351932116457	0.06587087854461124	0.06587087854461124	0.06587087854461124	0.06345063040158642	0.06345063040158642	0.0940102842828696	0.09759619374540446	0.09517594560237964
UP000000768	0.013518485117170463	0.01760738919665601	0.031125874313826473	0.031125874313826473	0.031125874313826473	0.023897618435690337	0.031125874313826473	0.023897618435690337	0.023897618435690337	0.031125874313826473	0.047795236871380674	0.034276751754210216	0.081080887152606	0.081080887152606	0.081080887152606	0.062251748627652946	0.062251748627652946	0.08614936706334328	0.11220676146643248	0.09337762294147943
UP000000803	0.014811586429964994	0.016778350064263786	0.03158993649422878	0.03158993649422878	0.03158993649422878	0.027886953896494808	0.03158993649422878	0.027886953896494808	0.027886953896494808	0.03158993649422878	0.055773907792989616	0.04096232136302462	0.07156924283758646	0.07156924283758646	0.07156924283758646	0.06317987298845756	0.06317987298845756	0.09106682688495238	0.10315917933181525	0.09476980948268636
UP000000819	0.016692198849839846	0.014987427285078627	0.03167962613491847	0.03167962613491847	0.03167962613491847	0.03528308153722384	0.03167962613491847	0.03528308153722384	0.03528308153722384	0.03167962613491847	0.07056616307444769	0.05387396422460783	0.05688838209833841	0.05688838209833841	0.05688838209833841	0.06335925226983694	0.06335925226983694	0.09864233380706078	0.08856800823325689	0.09503887840475543
UP000001038	0.01504451693676678	0.016599069084870133	0.03164358602163691	0.03164358602163691	0.03164358602163691	0.028680070153842465	0.03164358602163691	0.028680070153842465	0.028680070153842465	0.03164358602163691	0.05736014030768493	0.04231562337091815	0.06982664483995912	0.06982664483995912	0.06982664483995912	0.06328717204327382	0.06328717204327382	0.09196724219711627	0.10147023086159607	0.09493075806491073
UP000001055	0.014356036629787577	0.01710119171900478	0.03145722834879236	0.03145722834879236	0.03145722834879236	0.026407581990030845	0.03145722834879236	0.026407581990030845	0.026407581990030845	0.03145722834879236	0.05281516398006169	0.03845912735027412	0.07494493178221574	0.07494493178221574	0.07494493178221574	0.06291445669758472	0.06291445669758472	0.08932203868761555	0.1064021601310081	0.09437168504637707
UP000001056	0.012187832489367932	0.018203672227657768	0.030391504717025702	0.030391504717025702	0.030391504717025702	0.020347903651449346	0.030391504717025702	0.020347903651449346	0.020347903651449346	0.030391504717025702	0.04069580730289869	0.028507974813530762	0.09078513195134044	0.09078513195134044	0.09078513195134044	0.060783009434051405	0.060783009434051405	0.08113091308550076	0.12117663666836614	0.09117451415107712
UP000001064	0.018734302286640376	0.008095553787186268	0.026829856073826645	0.026829856073826645	0.026829856073826645	0.06208823351772485	0.026829856073826645	0.06208823351772485	0.06208823351772485	0.026829856073826645	0.1241764670354497	0.10544216474880931	0.023187684240903825	0.023187684240903825	0.023187684240903825	0.05365971214765329	0.05365971214765329	0.11574794566537813	0.05001754031473046	0.08048956822147993
UP000001067	0.014589671254992265	0.016940065934394337	0.0315297371893866	0.0315297371893866	0.0315297371893866	0.02715505961611838	0.0315297371893866	0.02715505961611838	0.02715505961611838	0.0315297371893866	0.05431011923223676	0.0397204479772445	0.07321834982396487	0.07321834982396487	0.07321834982396487	0.0630594743787732	0.0630594743787732	0.09021453399489159	0.10474808701335148	0.0945892115681598
UP000001070	0.01546479515049297	0.016249072799107783	0.03171386794960075	0.03171386794960075	0.03171386794960075	0.030183166592575677	0.03171386794960075	0.030183166592575677	0.030183166592575677	0.03171386794960075	0.060366333185151354	0.04490153803465838	0.06664439380406884	0.06664439380406884	0.06664439380406884	0.0634277358992015	0.0634277358992015	0.09361090249177718	0.0983582617536696	0.09514160384880226
UP000001072	0.017658342281435875	0.013610563015385728	0.0312689052968216	0.0312689052968216	0.0312689052968216	0.04056827273588217	0.0312689052968216	0.04056827273588217	0.04056827273588217	0.0312689052968216	0.08113654547176434	0.06347820319032847	0.04820241891130821	0.04820241891130821	0.04820241891130821	0.0625378105936432	0.0625378105936432	0.10310608332952538	0.07947132420812983	0.09380671589046481
UP000001073	0.015167667239577114	0.01650015573778248	0.031667822977359594	0.031667822977359594	0.031667822977359594	0.029110452577278373	0.031667822977359594	0.029110452577278373	0.029110452577278373	0.031667822977359594	0.058220905154556746	0.043053237914979635	0.0688997197458992	0.0688997197458992	0.0688997197458992	0.06333564595471919	0.06333564595471919	0.09244609853199755	0.1005675427232588	0.09500346893207878
UP000001074	0.014630640054700488	0.01691085839913401	0.0315414984538345	0.0315414984538345	0.0315414984538345	0.027288520770038266	0.0315414984538345	0.027288520770038266	0.027288520770038266	0.0315414984538345	0.05457704154007653	0.03994640148537604	0.0729146246582606	0.0729146246582606	0.0729146246582606	0.063082996907669	0.063082996907669	0.09037151767770725	0.1044561231120951	0.0946244953615035
UP000001075	0.01553044284168643	0.016191117454049983	0.03172156029573641	0.03172156029573641	0.03172156029573641	0.03042716973798585	0.03172156029573641	0.03042716973798585	0.03042716973798585	0.03172156029573641	0.0608543394759717	0.045323896634285266	0.06614203005150428	0.06614203005150428	0.06614203005150428	0.06344312059147282	0.06344312059147282	0.09387029032945868	0.0978635903472407	0.09516468088720924
UP000001194	0.015744182905526333	0.01599582756780449	0.031740010473330825	0.031740010473330825	0.031740010473330825	0.031240679995904155	0.031740010473330825	0.031240679995904155	0.031240679995904155	0.031740010473330825	0.06248135999180831	0.04673717708628197	0.06449464384124998	0.06449464384124998	0.06449464384124998	0.06348002094666165	0.06348002094666165	0.0947207009425658	0.0962346543145808	0.09522003141999247
UP000001197	0.013790224923886828	0.01745490184408461	0.031245126767971438	0.031245126767971438	0.031245126767971438	0.02468517610436782	0.031245126767971438	0.02468517610436782	0.02468517610436782	0.031245126767971438	0.04937035220873564	0.035580127284848814	0.07909669695035029	0.07909669695035029	0.07909669695035029	0.062490253535942876	0.062490253535942876	0.08717542964031069	0.11034182371832174	0.09373538030391432
UP000001261	0.015570869589821559	0.016154962899152307	0.031725832488973864	0.031725832488973864	0.031725832488973864	0.03057876414809083	0.031725832488973864	0.03057876414809083	0.03057876414809083	0.031725832488973864	0.06115752829618166	0.0455866587063601	0.0658318591453783	0.0658318591453783	0.0658318591453783	0.06345166497794773	0.06345166497794773	0.09403042912603857	0.09755769163435216	0.09517749746692158
UP000001292	0.01444659725914513	0.01703982201073227	0.0314864192698774	0.0314864192698774	0.0314864192698774	0.02669462263385212	0.0314864192698774	0.02669462263385212	0.02669462263385212	0.0314864192698774	0.05338924526770424	0.038942648008559115	0.07427672696757244	0.07427672696757244	0.07427672696757244	0.0629728385397548	0.0629728385397548	0.08966746117360692	0.10576314623744984	0.09445925780963219
UP000001294	0.015867353480580812	0.015878497403773312	0.031745850884354124	0.031745850884354124	0.031745850884354124	0.03172357085905073	0.031745850884354124	0.03172357085905073	0.03172357085905073	0.031745850884354124	0.06344714171810147	0.04757978823752066	0.06353629311462726	0.06353629311462726	0.06353629311462726	0.06349170176870825	0.06349170176870825	0.09521527262775899	0.09528214399898138	0.09523755265306237
UP000001300	0.014592624074375709	0.016937970466035054	0.03153059454041076	0.03153059454041076	0.03153059454041076	0.027164654342291095	0.03153059454041076	0.027164654342291095	0.027164654342291095	0.03153059454041076	0.05432930868458219	0.039736684610206484	0.07319646917236872	0.07319646917236872	0.07319646917236872	0.06306118908082152	0.06306118908082152	0.09022584342311261	0.10472706371277948	0.09459178362123229
UP000001307	0.01725224975490901	0.014247662089482112	0.031499911844391125	0.031499911844391125	0.031499911844391125	0.03814270320168758	0.031499911844391125	0.03814270320168758	0.03814270320168758	0.031499911844391125	0.07628540640337517	0.05903315664846616	0.052028008657787596	0.052028008657787596	0.052028008657787596	0.06299982368878225	0.06299982368878225	0.10114252689046985	0.08352792050217872	0.09449973553317338
UP000001312	0.01719385828018411	0.014331376657355248	0.031525234937539365	0.031525234937539365	0.031525234937539365	0.03782193677028026	0.031525234937539365	0.03782193677028026	0.03782193677028026	0.031525234937539365	0.07564387354056051	0.05845001526037641	0.05255365127932808	0.05255365127932808	0.05255365127932808	0.06305046987507873	0.06305046987507873	0.10087240664535899	0.08407888621686743	0.09457570481261808
UP000001357	0.013301886976476064	0.017721212207101027	0.03102309918357709	0.03102309918357709	0.03102309918357709	0.023286542375164997	0.03102309918357709	0.023286542375164997	0.023286542375164997	0.03102309918357709	0.04657308475032999	0.033271197773853935	0.08265999025948069	0.08265999025948069	0.08265999025948069	0.06204619836715418	0.06204619836715418	0.08533274074231917	0.11368308944305779	0.09306929755073126
UP000001396	0.018674403938515424	0.011096955839294155	0.029771359777809578	0.029771359777809578	0.029771359777809578	0.05010044253046698	0.029771359777809578	0.05010044253046698	0.05010044253046698	0.029771359777809578	0.10020088506093396	0.08152648112241853	0.03538227681245659	0.03538227681245659	0.03538227681245659	0.059542719555619156	0.059542719555619156	0.10964316208608614	0.06515363659026617	0.08931407933342875
UP000001449	0.016497721253591443	0.015215941747796934	0.03171366300138838	0.03171366300138838	0.03171366300138838	0.034385198155940266	0.03171366300138838	0.034385198155940266	0.034385198155940266	0.03171366300138838	0.06877039631188053	0.05227267505828908	0.05849938199596382	0.05849938199596382	0.05849938199596382	0.06342732600277676	0.06342732600277676	0.09781252415871701	0.09021304499735221	0.09514098900416512
UP000001450	0.017867495106893713	0.005923203566167355	0.023790698673061068	0.023790698673061068	0.023790698673061068	0.07176525124993334	0.023790698673061068	0.07176525124993334	0.07176525124993334	0.023790698673061068	0.14353050249986668	0.12566300739297295	0.01577357658461247	0.01577357658461247	0.01577357658461247	0.047581397346122135	0.047581397346122135	0.11934664859605547	0.039564275257673545	0.0713720960191832
UP000001460	0.018752661605946158	0.00818912272722025	0.026941784333166404	0.026941784333166404	0.026941784333166404	0.061695273289883744	0.026941784333166404	0.061695273289883744	0.061695273289883744	0.026941784333166404	0.12339054657976749	0.10463788497382133	0.023530481489053425	0.023530481489053425	0.023530481489053425	0.05388356866633281	0.05388356866633281	0.11557884195621655	0.05047226582221983	0.08082535299949921
UP000001471	0.01458469677921908	0.016943592688196337	0.03152828946741541	0.03152828946741541	0.03152828946741541	0.027138904381833907	0.03152828946741541	0.027138904381833907	0.027138904381833907	0.03152828946741541	0.05427780876366781	0.039693111984448734	0.07325520756147534	0.07325520756147534	0.07325520756147534	0.06305657893483083	0.06305657893483083	0.09019548331666473	0.10478349702889075	0.09458486840224622
UP000001514	0.014859713261356773	0.01674212480348989	0.03160183806484666	0.03160183806484666	0.03160183806484666	0.0280486651298624	0.03160183806484666	0.0280486651298624	0.0280486651298624	0.03160183806484666	0.0560973302597248	0.041237616998368025	0.07121024579622771	0.07121024579622771	0.07121024579622771	0.06320367612969333	0.06320367612969333	0.09125234125955572	0.10281208386107439	0.09480551419454
UP000001519	0.015132167943954224	0.016528969151932926	0.03166113709588715	0.03166113709588715	0.03166113709588715	0.028985573112736827	0.03166113709588715	0.028985573112736827	0.028985573112736827	0.03166113709588715	0.057971146225473655	0.04283897828151943	0.06916734737696631	0.06916734737696631	0.06916734737696631	0.0633222741917743	0.0633222741917743	0.09230784730451112	0.10082848447285346	0.09498341128766144
UP000001529	0.013727976641632396	0.017490800534540094	0.03121877717617249	0.03121877717617249	0.03121877717617249	0.024502631712510773	0.03121877717617249	0.024502631712510773	0.024502631712510773	0.03121877717617249	0.049005263425021546	0.03527728678338915	0.0795516220306966	0.0795516220306966	0.0795516220306966	0.06243755435234498	0.06243755435234498	0.08694018606485575	0.1107703992068691	0.09365633152851748
UP000001542	0.01879869054743307	0.010423929909722079	0.02922262045715515	0.02922262045715515	0.02922262045715515	0.052700565306640024	0.02922262045715515	0.052700565306640024	0.052700565306640024	0.02922262045715515	0.10540113061328005	0.08660244006584697	0.03240806019495762	0.03240806019495762	0.03240806019495762	0.0584452409143103	0.0584452409143103	0.11114580622095033	0.061630680652112774	0.08766786137146546
UP000001548	0.01592326975880626	0.01582402215268967	0.03174729191149593	0.03174729191149593	0.03174729191149593	0.031946409600570005	0.03174729191149593	0.031946409600570005	0.031946409600570005	0.03174729191149593	0.06389281920114001	0.047969549442333746	0.06309883059257786	0.06309883059257786	0.06309883059257786	0.06349458382299186	0.06349458382299186	0.09544099342356185	0.09484612250407377	0.0952418757344878
UP000001554	0.014827772122529129	0.016766213723358046	0.03159398584588718	0.03159398584588718	0.03159398584588718	0.02794121739678014	0.03159398584588718	0.02794121739678014	0.02794121739678014	0.03159398584588718	0.05588243479356028	0.04105466267103115	0.07144856485352326	0.07144856485352326	0.07144856485352326	0.06318797169177436	0.06318797169177436	0.0911291890885545	0.10304255069941044	0.09478195753766153
UP000001555	0.013386589542921013	0.01767750408029037	0.031064093623211383	0.031064093623211383	0.031064093623211383	0.02352381133490708	0.031064093623211383	0.02352381133490708	0.02352381133490708	0.031064093623211383	0.04704762266981416	0.03366103312689315	0.08204265022307057	0.08204265022307057	0.08204265022307057	0.062128187246422766	0.062128187246422766	0.08565199858132985	0.11310674384628196	0.09319228086963414
UP000001568	0.012088879926474783	0.018238456753053918	0.0303273366795287	0.0303273366795287	0.0303273366795287	0.020101675079894465	0.0303273366795287	0.020101675079894465	0.020101675079894465	0.0303273366795287	0.04020335015978893	0.028114470233314145	0.09150952310371496	0.09150952310371496	0.09150952310371496	0.0606546733590574	0.0606546733590574	0.08075634843895185	0.12183685978324368	0.09098201003858611
UP000001593	0.016757865913306396	0.014907296069342157	0.03166516198264856	0.03166516198264856	0.03166516198264856	0.03559602869360389	0.03166516198264856	0.03559602869360389	0.03559602869360389	0.03166516198264856	0.07119205738720778	0.05443419147390138	0.05633676116052459	0.05633676116052459	0.05633676116052459	0.06333032396529711	0.06333032396529711	0.098926352658901	0.08800192314317316	0.09499548594794566
UP000001595	0.015178184446936227	0.016491572021102324	0.03166975646803855	0.03166975646803855	0.03166975646803855	0.029147579408825255	0.03166975646803855	0.029147579408825255	0.029147579408825255	0.03166975646803855	0.05829515881765051	0.04311697437071428	0.06882036142192934	0.06882036142192934	0.06882036142192934	0.0633395129360771	0.0633395129360771	0.09248709234490235	0.10049011788996787	0.09500926940411564
UP000001610	0.012435736289586373	0.018110837552868228	0.030546573842454603	0.030546573842454603	0.030546573842454603	0.020974686330560256	0.030546573842454603	0.020974686330560256	0.020974686330560256	0.030546573842454603	0.04194937266112051	0.029513636371534136	0.08897326604145768	0.08897326604145768	0.08897326604145768	0.061093147684909206	0.061093147684909206	0.08206783401546945	0.11951983988391227	0.0916397215273638
UP000001611	0.012159358442487226	0.018213813936030106	0.030373172378517336	0.030373172378517336	0.030373172378517336	0.020276823474915842	0.030373172378517336	0.020276823474915842	0.020276823474915842	0.030373172378517336	0.040553646949831684	0.02839428850734446	0.09099350314672078	0.09099350314672078	0.09099350314672078	0.06074634475703467	0.06074634475703467	0.08102316823195052	0.12136667552523811	0.09111951713555201
UP000001628	0.015576095961136537	0.016150262670569845	0.03172635863170638	0.03172635863170638	0.03172635863170638	0.03059843772358006	0.03172635863170638	0.03059843772358006	0.03059843772358006	0.03172635863170638	0.06119687544716012	0.04562077948602358	0.06579171401629853	0.06579171401629853	0.06579171401629853	0.06345271726341276	0.06345271726341276	0.09405115498699282	0.09751807264800491	0.09517907589511915
UP000001631	0.015445309644922136	0.01626609754622826	0.0317114071911504	0.0317114071911504	0.0317114071911504	0.03011124837727905	0.0317114071911504	0.03011124837727905	0.03011124837727905	0.0317114071911504	0.0602224967545581	0.04477718710963596	0.06679320189207084	0.06679320189207084	0.06679320189207084	0.0634228143823008	0.0634228143823008	0.09353406275957984	0.09850460908322126	0.0951342215734512
UP000001640	0.018568666420029793	0.01150652935798225	0.030075195778012043	0.030075195778012043	0.030075195778012043	0.04853385938928532	0.030075195778012043	0.04853385938928532	0.04853385938928532	0.030075195778012043	0.09706771877857064	0.07849905235854085	0.0372736647143887	0.0372736647143887	0.0372736647143887	0.060150391556024085	0.060150391556024085	0.1086842509453094	0.06734886049240074	0.09022558733403614
UP000001645	0.015861904874998386	0.015883764599967768	0.031745669474966154	0.031745669474966154	0.031745669474966154	0.03170198010905267	0.031745669474966154	0.03170198010905267	0.03170198010905267	0.031745669474966154	0.06340396021810533	0.04754205534310695	0.06357883810077963	0.06357883810077963	0.06357883810077963	0.06349133894993231	0.06349133894993231	0.095193319058985	0.0953245075757458	0.09523700842489848
UP000001646	0.016316875296072002	0.0154175186935847	0.0317343939896567	0.0317343939896567	0.0317343939896567	0.03358556974158927	0.0317343939896567	0.03358556974158927	0.03358556974158927	0.0317343939896567	0.06717113948317854	0.05085426418710655	0.059970503382212666	0.059970503382212666	0.059970503382212666	0.0634687879793134	0.0634687879793134	0.09705435772090268	0.09170489737186938	0.09520318196897011
UP000001742	0.018854064809771507	0.009874728865961385	0.028728793675732892	0.028728793675732892	0.028728793675732892	0.05485259850889964	0.028728793675732892	0.05485259850889964	0.05485259850889964	0.028728793675732892	0.10970519701779928	0.09085113220802776	0.030093144481712058	0.030093144481712058	0.030093144481712058	0.057457587351465784	0.057457587351465784	0.11231018586036542	0.05882193815744495	0.08618638102719868
UP000001743	0.013463950202240229	0.017636684737380663	0.03110063493962089	0.03110063493962089	0.03110063493962089	0.023742410000537187	0.03110063493962089	0.023742410000537187	0.023742410000537187	0.03110063493962089	0.047484820001074374	0.03402086979883415	0.0814786277910021	0.0814786277910021	0.0814786277910021	0.06220126987924178	0.06220126987924178	0.08594367987977898	0.112579262730623	0.09330190481886269
UP000001744	0.017047161552298084	0.014534355198266612	0.0315815167505647	0.0315815167505647	0.0315815167505647	0.03704156192478988	0.0315815167505647	0.03704156192478988	0.03704156192478988	0.0315815167505647	0.07408312384957975	0.05703596229728167	0.053852599536236015	0.053852599536236015	0.053852599536236015	0.0631630335011294	0.0631630335011294	0.10020459542591925	0.08543411628680071	0.09474455025169409
UP000001745	0.01622496702149984	0.015516230195661958	0.031741197217161794	0.031741197217161794	0.031741197217161794	0.03319104393123509	0.031741197217161794	0.03319104393123509	0.03319104393123509	0.031741197217161794	0.06638208786247018	0.050157120840970355	0.06070936502425755	0.06070936502425755	0.06070936502425755	0.06348239443432359	0.06348239443432359	0.0966734383655587	0.09245056224141936	0.09522359165148539
UP000001798	0.01691543080445661	0.014708392482038384	0.03162382328649499	0.03162382328649499	0.03162382328649499	0.03636907263851689	0.03162382328649499	0.03636907263851689	0.03636907263851689	0.03162382328649499	0.07273814527703377	0.05582271447257716	0.054995419278100414	0.054995419278100414	0.054995419278100414	0.06324764657298998	0.06324764657298998	0.09961671921150686	0.0866192425645954	0.09487146985948498
UP000001805	0.013699567198998766	0.017506991702586062	0.031206558901584826	0.031206558901584826	0.031206558901584826	0.024419749434086015	0.031206558901584826	0.024419749434086015	0.024419749434086015	0.031206558901584826	0.04883949886817203	0.03513993166917326	0.07975915732523836	0.07975915732523836	0.07975915732523836	0.06241311780316965	0.06241311780316965	0.08683286723725567	0.11096571622682318	0.09361967670475448
UP000001811	0.01462751457914182	0.016913096819673318	0.03154061139881514	0.03154061139881514	0.03154061139881514	0.027278313249798236	0.03154061139881514	0.027278313249798236	0.027278313249798236	0.03154061139881514	0.05455662649959647	0.039929111920454646	0.07293780654992849	0.07293780654992849	0.07293780654992849	0.06308122279763027	0.06308122279763027	0.0903595360474285	0.10447841794874362	0.0946218341964454
UP000001819	0.01434603061620135	0.017107889403842336	0.031453920020043685	0.031453920020043685	0.031453920020043685	0.026376070651108464	0.031453920020043685	0.026376070651108464	0.026376070651108464	0.031453920020043685	0.05275214130221693	0.03840611068601558	0.07501868627165867	0.07501868627165867	0.07501868627165867	0.06290784004008737	0.06290784004008737	0.08928391069119584	0.10647260629170235	0.09436176006013106
UP000001861	0.01455496865863355	0.016964580746452226	0.03151954940508578	0.03151954940508578	0.03151954940508578	0.027042581280484413	0.03151954940508578	0.027042581280484413	0.027042581280484413	0.03151954940508578	0.054085162560968826	0.039530193902335274	0.07347538198334644	0.07347538198334644	0.07347538198334644	0.06303909881017156	0.06303909881017156	0.09008168009065597	0.10499493138843222	0.09455864821525732
UP000001876	0.009286323409044884	0.018690239464892636	0.027976562873937516	0.027976562873937516	0.027976562873937516	0.013900271915127889	0.027976562873937516	0.013900271915127889	0.013900271915127889	0.027976562873937516	0.027800543830255778	0.018514220421210894	0.1126147855262554	0.1126147855262554	0.1126147855262554	0.05595312574787503	0.05595312574787503	0.06985339766300293	0.1405913484001929	0.08392968862181256
UP000001881	0.013562956718031384	0.01758317905003	0.031146135768061384	0.031146135768061384	0.031146135768061384	0.02402487571526066	0.031146135768061384	0.02402487571526066	0.02402487571526066	0.031146135768061384	0.04804975143052132	0.034486794712489936	0.08075644467674098	0.08075644467674098	0.08075644467674098	0.06229227153612277	0.06229227153612277	0.08631714725138342	0.11190258044480236	0.09343840730418417
UP000001926	0.018558604233110322	0.00742026151913697	0.025978865752247293	0.025978865752247293	0.025978865752247293	0.06497499942254553	0.025978865752247293	0.06497499942254553	0.06497499942254553	0.025978865752247293	0.12994999884509106	0.11139139461198072	0.020774189204197352	0.020774189204197352	0.020774189204197352	0.051957731504494585	0.051957731504494585	0.11693273092704011	0.04675305495644464	0.07793659725674187
UP000001940	0.01782773194356923	0.013309730465761798	0.031137462409331025	0.031137462409331025	0.031137462409331025	0.04170710553940166	0.031137462409331025	0.04170710553940166	0.04170710553940166	0.031137462409331025	0.08341421107880331	0.06558647913523408	0.04649287226976491	0.04649287226976491	0.04649287226976491	0.06227492481866205	0.06227492481866205	0.10398203035806369	0.07763033467909593	0.09341238722799307
UP000001949	0.01860162885959711	0.011387913246831562	0.02998954210642867	0.02998954210642867	0.02998954210642867	0.04898652807073826	0.02998954210642867	0.04898652807073826	0.04898652807073826	0.02998954210642867	0.09797305614147651	0.0793714272818794	0.03671918264770807	0.03671918264770807	0.03671918264770807	0.05997908421285734	0.05997908421285734	0.1089656122835956	0.06670872475413674	0.08996862631928601
UP000001950	0.0187866657098851	0.010507172228003328	0.02929383793788843	0.02929383793788843	0.02929383793788843	0.0523769410795353	0.02929383793788843	0.0523769410795353	0.0523769410795353	0.02929383793788843	0.1047538821590706	0.08596721644918548	0.03276743251684698	0.03276743251684698	0.03276743251684698	0.05858767587577686	0.05858767587577686	0.11096461695531215	0.062061270454735404	0.0878815138136653
UP000001996	0.01824561630043256	0.012431637411882608	0.030677253712315167	0.030677253712315167	0.030677253712315167	0.04502427008134239	0.030677253712315167	0.04502427008134239	0.04502427008134239	0.030677253712315167	0.09004854016268478	0.07180292386225223	0.041803849063162694	0.041803849063162694	0.041803849063162694	0.06135450742463033	0.06135450742463033	0.10637877750597274	0.07248110277547787	0.09203176113694551
UP000001997	0.01736885780865394	0.014075060943764959	0.0314439187524189	0.0314439187524189	0.0314439187524189	0.03880231538177212	0.0314439187524189	0.03880231538177212	0.03880231538177212	0.0314439187524189	0.07760463076354424	0.06023577295489029	0.050961908678943665	0.050961908678943665	0.050961908678943665	0.0628878375048378	0.0628878375048378	0.10169015288660992	0.08240582743136257	0.0943317562572567
UP000002009	0.010132833532057324	0.018663541608003813	0.02879637514006114	0.02879637514006114	0.02879637514006114	0.015634164284006016	0.02879637514006114	0.015634164284006016	0.015634164284006016	0.02879637514006114	0.03126832856801203	0.021135495035954705	0.10607937925475777	0.10607937925475777	0.10607937925475777	0.05759275028012228	0.05759275028012228	0.07322691456412829	0.13487575439481891	0.0863891254201834
UP000002035	0.015519581237564074	0.01620077050100135	0.031720351738565425	0.031720351738565425	0.031720351738565425	0.03038661498601843	0.031720351738565425	0.03038661498601843	0.03038661498601843	0.031720351738565425	0.06077322997203686	0.04525364873447278	0.0662252583830925	0.0662252583830925	0.0662252583830925	0.06344070347713085	0.06344070347713085	0.09382731846314926	0.09794561012165792	0.09516105521569626
UP000002036	0.016123751718774688	0.015622189225803032	0.03174594094457772	0.03174594094457772	0.03174594094457772	0.03276516898309067	0.03174594094457772	0.03276516898309067	0.03276516898309067	0.03174594094457772	0.06553033796618134	0.04940658624740665	0.06151683618520145	0.06151683618520145	0.06151683618520145	0.06349188188915544	0.06349188188915544	0.09625705087224609	0.09326277712977918	0.09523782283373315
UP000002037	0.01886045612192997	0.009757137200396912	0.028617593322326884	0.028617593322326884	0.028617593322326884	0.05531754366936914	0.028617593322326884	0.05531754366936914	0.05531754366936914	0.028617593322326884	0.11063508733873828	0.0917746312168083	0.029609653402436698	0.029609653402436698	0.029609653402436698	0.05723518664465377	0.05723518664465377	0.1125527303140229	0.05822724672476358	0.08585277996698064
UP000002038	0.01560139581902803	0.016127424432225822	0.03172882025125385	0.03172882025125385	0.03172882025125385	0.030693920513523962	0.03172882025125385	0.030693920513523962	0.030693920513523962	0.03172882025125385	0.061387841027047925	0.0457864452080199	0.06559722692269365	0.06559722692269365	0.06559722692269365	0.0634576405025077	0.0634576405025077	0.09415156101603167	0.09732604717394751	0.09518646075376157
UP000002051	0.01821697738620345	0.012500162309673773	0.03071713969587722	0.03071713969587722	0.03071713969587722	0.04476529386947227	0.03071713969587722	0.04476529386947227	0.04476529386947227	0.03071713969587722	0.08953058773894454	0.07131361035274109	0.04215509782409743	0.04215509782409743	0.04215509782409743	0.06143427939175444	0.06143427939175444	0.10619957326122671	0.07287223751997465	0.09215141908763165
UP000002058	0.015291824112023232	0.016397425241640368	0.031689249353663594	0.031689249353663594	0.031689249353663594	0.02955259256969739	0.031689249353663594	0.02955259256969739	0.02955259256969739	0.031689249353663594	0.05910518513939478	0.04381336102737155	0.06796077347395661	0.06796077347395661	0.06796077347395661	0.06337849870732719	0.06337849870732719	0.09293109127702459	0.0996500228276202	0.09506774806099079
UP000002059	0.01564538183295447	0.016087378702200134	0.0317327605351546	0.0317327605351546	0.0317327605351546	0.03086091055457681	0.0317327605351546	0.03086091055457681	0.03086091055457681	0.0317327605351546	0.06172182110915362	0.04607643927619915	0.06525848220846664	0.06525848220846664	0.06525848220846664	0.0634655210703092	0.0634655210703092	0.094326431624886	0.09699124274362123	0.0951982816054638
UP000002149	0.015476852422106085	0.016238497721357856	0.031715350143463945	0.031715350143463945	0.031715350143463945	0.030227783512277236	0.031715350143463945	0.030227783512277236	0.030227783512277236	0.031715350143463945	0.06045556702455447	0.044978714602448386	0.06655224550711629	0.06655224550711629	0.06655224550711629	0.06343070028692789	0.06343070028692789	0.0936584837992051	0.09826759565058024	0.09514605043039183
UP000002173	0.017617637312721396	0.013679366568925365	0.03129700388164676	0.03129700388164676	0.03129700388164676	0.040307368077570425	0.03129700388164676	0.040307368077570425	0.040307368077570425	0.03129700388164676	0.08061473615514085	0.06299709884241946	0.048601657646452474	0.048601657646452474	0.048601657646452474	0.06259400776329352	0.06259400776329352	0.10290137584086394	0.07989866152809923	0.09389101164494026
UP000002195	0.01843421697657886	0.007065065245561758	0.02549928222214062	0.02549928222214062	0.02549928222214062	0.06653290307902666	0.02549928222214062	0.06653290307902666	0.06653290307902666	0.02549928222214062	0.13306580615805333	0.11463158918147447	0.0195456191975289	0.0195456191975289	0.0195456191975289	0.05099856444428124	0.05099856444428124	0.11753146752330791	0.04504490141966951	0.07649784666642186
UP000002226	0.013647697217126348	0.017536244013458997	0.031183941230585342	0.031183941230585342	0.031183941230585342	0.02426910731996278	0.031183941230585342	0.02426910731996278	0.02426910731996278	0.031183941230585342	0.04853821463992556	0.034890517422799215	0.08013794474201467	0.08013794474201467	0.08013794474201467	0.062367882461170684	0.062367882461170684	0.08663698978113347	0.11132188597260001	0.09355182369175605
