	AAA	AAC	AAG	AAT	ACA	ACC	ACG	ACT	AGA	AGC	AGG	AGT	ATA	ATC	ATG	ATT	CAA	CAC	CAG	CAT	CCA	CCC	CCG	CCT	CGA	CGC	CGG	CGT	CTA	CTC	CTG	CTT	GAA	GAC	GAG	GAT	GCA	GCC	GCG	GCT	GGA	GGC	GGG	GGT	GTA	GTC	GTG	GTT	TAA	TAC	TAG	TAT	TCA	TCC	TCG	TCT	TGA	TGC	TGG	TGT	TTA	TTC	TTG	TTT
Start	5607.0	2668.0	2464.0	3678.0	2334.0	1471.0	1221.0	2095.0	1423.0	1468.0	618.0	1904.0	1962.0	1709.0	31592.0	3122.0	2097.0	760.0	1027.0	936.0	1090.0	664.0	745.0	937.0	638.0	743.0	437.0	904.0	1120.0	860.0	1040.0	1149.0	3795.0	2025.0	1696.0	3074.0	2169.0	1299.0	1217.0	1997.0	1087.0	667.0	573.0	1081.0	1569.0	827.0	2046.0	1527.0	0.0	1397.0	1.0	2019.0	1760.0	1098.0	1069.0	2070.0	6.0	412.0	850.0	665.0	2311.0	1548.0	1761.0	2784.0
AAA	43414.0	14545.0	16771.0	30702.0	14269.0	7378.0	5780.0	13508.0	10970.0	5461.0	3730.0	9859.0	19203.0	10724.0	15932.0	24823.0	15040.0	5065.0	7871.0	8696.0	9220.0	4119.0	4441.0	8687.0	3794.0	3985.0	2030.0	6326.0	7402.0	5072.0	7087.0	9549.0	36689.0	14427.0	14197.0	30419.0	11254.0	6608.0	5686.0	12114.0	10943.0	5882.0	4439.0	12658.0	12395.0	6025.0	8360.0	14743.0	1048.0	10053.0	241.0	21552.0	10989.0	5087.0	4499.0	12936.0	440.0	3639.0	7518.0	7886.0	19632.0	9410.0	10533.0	20698.0
AAC	14545.0	11942.0	9830.0	11443.0	7154.0	7208.0	5383.0	6565.0	4922.0	4848.0	2568.0	4731.0	7663.0	9368.0	9808.0	10902.0	7760.0	4613.0	7228.0	4010.0	4345.0	4042.0	4167.0	4432.0	2407.0	5043.0	2326.0	4186.0	4011.0	5214.0	8238.0	5012.0	13775.0	11237.0	9849.0	11888.0	6303.0	7225.0	5801.0	6655.0	5439.0	6106.0	3558.0	6965.0	6420.0	6254.0	8526.0	8247.0	353.0	8638.0	114.0	8687.0	4975.0	4420.0	3902.0	6050.0	163.0	3350.0	5296.0	3825.0	6953.0	8558.0	6168.0	10100.0
AAG	16771.0	9830.0	14994.0	10776.0	6492.0	6537.0	4681.0	6591.0	5211.0	4630.0	3249.0	4771.0	6818.0	8241.0	9928.0	10135.0	6914.0	4380.0	7582.0	4055.0	4661.0	4002.0	3988.0	4931.0	2429.0	4673.0	2418.0	3971.0	3934.0	4921.0	8098.0	5317.0	16837.0	12008.0	13603.0	13912.0	6518.0	7320.0	5906.0	7370.0	5640.0	5960.0	3996.0	7259.0	5990.0	5618.0	7979.0	7579.0	449.0	7489.0	138.0	8408.0	4845.0	4350.0	3701.0	6358.0	390.0	2960.0	5101.0	3625.0	6419.0	7760.0	6056.0	9226.0
AAT	30702.0	11443.0	10776.0	30148.0	12925.0	5600.0	4405.0	12138.0	9289.0	4022.0	2882.0	8961.0	18298.0	8389.0	12533.0	22475.0	12980.0	3858.0	6240.0	7247.0	7249.0	2869.0	2937.0	6791.0	2686.0	2792.0	1410.0	4731.0	5861.0	3622.0	4996.0	7654.0	25232.0	9408.0	8992.0	24212.0	8975.0	4698.0	3950.0	9461.0	8750.0	4158.0	3296.0	10226.0	10767.0	4903.0	6703.0	13539.0	663.0	7942.0	146.0	19879.0	9548.0	3927.0	3570.0	10936.0	298.0	2768.0	6673.0	7328.0	18097.0	7461.0	8834.0	18347.0
ACA	14269.0	7154.0	6492.0	12925.0	8726.0	4066.0	3129.0	7121.0	5152.0	2878.0	1904.0	4686.0	8309.0	4973.0	7348.0	10627.0	7011.0	2518.0	3800.0	3795.0	5139.0	2340.0	2088.0	4498.0	1733.0	1750.0	981.0	2647.0	3695.0	2667.0	3635.0	4311.0	12216.0	5907.0	5449.0	11342.0	6136.0	3461.0	2734.0	5776.0	5682.0	3006.0	2548.0	6670.0	6116.0	3127.0	4377.0	7370.0	315.0	4861.0	86.0	8717.0	5658.0	2855.0	2172.0	6084.0	149.0	1771.0	3677.0	3639.0	8155.0	4565.0	4978.0	9008.0
ACC	7378.0	7208.0	6537.0	5600.0	4066.0	6138.0	3747.0	3971.0	2647.0	3638.0	1857.0	2714.0	3517.0	6258.0	5784.0	5282.0	4074.0	3299.0	5019.0	2355.0	2845.0	3812.0	3485.0	3001.0	1589.0	3916.0	2008.0	2678.0	2293.0	4097.0	6535.0	2915.0	7296.0	7474.0	6548.0	6409.0	3719.0	6331.0	4268.0	4085.0	3508.0	5125.0	2983.0	4652.0	3314.0	4659.0	5896.0	4427.0	158.0	5141.0	73.0	4175.0	2695.0	3709.0	2739.0	3586.0	97.0	2218.0	3288.0	2036.0	3094.0	5302.0	3545.0	5080.0
ACG	5780.0	5383.0	4681.0	4405.0	3129.0	3747.0	4200.0	2816.0	1989.0	2637.0	1376.0	2094.0	3068.0	4466.0	4565.0	4192.0	3002.0	2430.0	3514.0	1853.0	2011.0	2527.0	3168.0	2062.0	1397.0	3218.0	1786.0	1962.0	1734.0	2960.0	4827.0	2084.0	5665.0	5546.0	5188.0	5091.0	2767.0	4539.0	4498.0	2915.0	2650.0	3610.0	2272.0	3112.0	2586.0	3349.0	4750.0	3275.0	117.0	3891.0	39.0	3454.0	2173.0	2365.0	2957.0	2606.0	118.0	1768.0	2325.0	1699.0	2798.0	3944.0	3020.0	3978.0
ACT	13508.0	6565.0	6591.0	12138.0	7121.0	3971.0	2816.0	7922.0	4366.0	2614.0	1814.0	4753.0	6606.0	5128.0	6957.0	10533.0	6394.0	2322.0	4000.0	3760.0	4476.0	2206.0	2078.0	4773.0	1701.0	2013.0	967.0	3091.0	3274.0	2554.0	3551.0	4325.0	11681.0	5933.0	5351.0	11052.0	5694.0	3542.0	2492.0	6677.0	5267.0	3203.0	2301.0	7236.0	5711.0	3051.0	4076.0	7546.0	316.0	4587.0	73.0	8301.0	4908.0	2645.0	2092.0	6288.0	162.0	1825.0	3640.0	3116.0	7303.0	4605.0	4703.0	8519.0
AGA	10970.0	4922.0	5211.0	9289.0	5152.0	2647.0	1989.0	4366.0	5768.0	2155.0	2356.0	3652.0	6339.0	3190.0	5461.0	7014.0	4847.0	1860.0	2961.0	2923.0	3540.0	1791.0	1604.0	3323.0	1571.0	1447.0	889.0	1976.0	2750.0	2039.0	2454.0	3340.0	10343.0	4541.0	4932.0	9080.0	4118.0	2336.0	2003.0	4133.0	4803.0	2114.0	1936.0	4374.0	4004.0	2176.0	3049.0	4746.0	288.0	3545.0	93.0	6451.0	3828.0	1994.0	1698.0	4531.0	196.0	1319.0	2646.0	2814.0	6031.0	3125.0	3586.0	6619.0
AGC	5461.0	4848.0	4630.0	4022.0	2878.0	3638.0	2637.0	2614.0	2155.0	3536.0	1398.0	2284.0	2543.0	3790.0	4194.0	3758.0	2888.0	2224.0	3473.0	1641.0	2058.0	2340.0	2361.0	1940.0	1162.0	3048.0	1448.0	1754.0	1668.0	2626.0	4168.0	2117.0	5556.0	5657.0	5296.0	4809.0	2896.0	4223.0	3369.0	3225.0	2649.0	3673.0	2192.0	3042.0	2363.0	2776.0	4005.0	3001.0	170.0	3639.0	59.0	3150.0	2188.0	2329.0	2058.0	2731.0	120.0	1587.0	2353.0	1477.0	2523.0	3655.0	2500.0	3952.0
AGG	3730.0	2568.0	3249.0	2882.0	1904.0	1857.0	1376.0	1814.0	2356.0	1398.0	2284.0	1442.0	2245.0	2063.0	2810.0	2497.0	2020.0	1370.0	2058.0	1316.0	1504.0	1518.0	1103.0	1641.0	877.0	1271.0	921.0	981.0	1194.0	1601.0	2239.0	1481.0	4150.0	3084.0	3709.0	3504.0	1983.0	2263.0	1717.0	1933.0	2030.0	1634.0	1569.0	1666.0	1672.0	1649.0	2372.0	1962.0	105.0	1977.0	61.0	2182.0	1565.0	1457.0	1092.0	2063.0	224.0	957.0	1603.0	1164.0	1797.0	2007.0	1906.0	2723.0
AGT	9859.0	4731.0	4771.0	8961.0	4686.0	2714.0	2094.0	4753.0	3652.0	2284.0	1442.0	3956.0	5091.0	3144.0	4758.0	6826.0	4545.0	1764.0	2819.0	2712.0	2846.0	1517.0	1486.0	2817.0	1122.0	1352.0	812.0	2007.0	2301.0	1747.0	2422.0	2961.0	8459.0	4223.0	4131.0	8580.0	3953.0	2383.0	1942.0	4276.0	4045.0	2161.0	1724.0	4657.0	4047.0	2129.0	3143.0	4840.0	218.0	3254.0	74.0	6294.0	3823.0	1834.0	1639.0	4262.0	144.0	1227.0	2450.0	2572.0	5447.0	3165.0	3335.0	6268.0
ATA	19203.0	7663.0	6818.0	18298.0	8309.0	3517.0	3068.0	6606.0	6339.0	2543.0	2245.0	5091.0	14820.0	5193.0	8012.0	13052.0	7071.0	2588.0	3352.0	4717.0	4539.0	2091.0	1934.0	4160.0	1666.0	1458.0	825.0	2135.0	4469.0	2589.0	3451.0	4518.0	14038.0	6227.0	5352.0	14627.0	5467.0	3079.0	2535.0	5066.0	5897.0	2512.0	2383.0	5641.0	6930.0	2974.0	4354.0	7091.0	469.0	4922.0	118.0	11605.0	6095.0	2563.0	2234.0	6542.0	185.0	2179.0	3272.0	4900.0	12238.0	4531.0	5825.0	11370.0
ATC	10724.0	9368.0	8241.0	8389.0	4973.0	6258.0	4466.0	5128.0	3190.0	3790.0	2063.0	3144.0	5193.0	9114.0	8319.0	8297.0	5103.0	3952.0	5728.0	3277.0	3464.0	3436.0	3807.0	3362.0	1911.0	4543.0	2069.0	3373.0	3259.0	5423.0	8308.0	4401.0	10663.0	9564.0	8373.0	9821.0	5147.0	6485.0	4937.0	5481.0	4222.0	5704.0	3377.0	6158.0	4545.0	5531.0	6657.0	5785.0	257.0	6399.0	106.0	5935.0	3593.0	3842.0	3219.0	4526.0	197.0	2836.0	3700.0	2821.0	4969.0	7205.0	4903.0	6752.0
ATG	15932.0	9808.0	9928.0	12533.0	7348.0	5784.0	4565.0	6957.0	5461.0	4194.0	2810.0	4758.0	8012.0	8319.0	11648.0	11806.0	7938.0	4215.0	6490.0	4815.0	4784.0	3476.0	3444.0	4615.0	2408.0	4152.0	2033.0	4220.0	4467.0	4715.0	7460.0	5823.0	14669.0	9834.0	9031.0	13419.0	6791.0	6335.0	4993.0	7479.0	6122.0	5551.0	3613.0	7613.0	6312.0	5296.0	7113.0	7752.0	324.0	7481.0	130.0	9955.0	5413.0	3794.0	3416.0	6362.0	187.0	3114.0	4723.0	4251.0	8535.0	7659.0	6655.0	11038.0
ATT	24823.0	10902.0	10135.0	22475.0	10627.0	5282.0	4192.0	10533.0	7014.0	3758.0	2497.0	6826.0	13052.0	8297.0	11806.0	19184.0	10217.0	3605.0	5589.0	6356.0	6643.0	2937.0	2968.0	6168.0	2559.0	2862.0	1460.0	4733.0	5282.0	4062.0	5647.0	7508.0	20094.0	9591.0	8419.0	19985.0	8478.0	4822.0	3997.0	8949.0	7990.0	4772.0	3270.0	10520.0	8956.0	4601.0	6099.0	11772.0	559.0	6936.0	154.0	14341.0	7665.0	3537.0	2951.0	9254.0	247.0	2931.0	4831.0	5759.0	14072.0	6877.0	8090.0	14513.0
CAA	15040.0	7760.0	6914.0	12980.0	7011.0	4074.0	3002.0	6394.0	4847.0	2888.0	2020.0	4545.0	7071.0	5103.0	7938.0	10217.0	9726.0	2756.0	5369.0	3901.0	4710.0	2447.0	2455.0	4463.0	2122.0	2422.0	1297.0	3293.0	3661.0	3005.0	4186.0	4796.0	15421.0	7563.0	6905.0	13009.0	6024.0	3958.0	3237.0	6323.0	5345.0	3429.0	2359.0	6065.0	5436.0	3058.0	4389.0	6950.0	360.0	4910.0	131.0	8713.0	4992.0	2744.0	2366.0	5906.0	174.0	1798.0	3806.0	3300.0	8085.0	4671.0	5201.0	8762.0
CAC	5065.0	4613.0	4380.0	3858.0	2518.0	3299.0	2430.0	2322.0	1860.0	2224.0	1370.0	1764.0	2588.0	3952.0	4215.0	3605.0	2756.0	3180.0	3315.0	2130.0	1880.0	2644.0	2526.0	1899.0	1203.0	3026.0	1589.0	1699.0	1769.0	3098.0	4784.0	2220.0	5060.0	5271.0	4913.0	4415.0	2414.0	4054.0	3055.0	2520.0	2404.0	3373.0	1945.0	2742.0	2303.0	3087.0	4218.0	2827.0	112.0	3849.0	50.0	3195.0	1844.0	2150.0	1821.0	2338.0	110.0	1956.0	2493.0	1843.0	2422.0	4028.0	2690.0	4164.0
CAG	7871.0	7228.0	7582.0	6240.0	3800.0	5019.0	3514.0	4000.0	2961.0	3473.0	2058.0	2819.0	3352.0	5728.0	6490.0	5589.0	5369.0	3315.0	7740.0	2616.0	3280.0	3423.0	3701.0	3323.0	1807.0	4295.0	2346.0	3038.0	2433.0	4053.0	7328.0	3366.0	9434.0	8901.0	9327.0	8282.0	4383.0	6426.0	5048.0	5056.0	3412.0	4811.0	3002.0	4743.0	3398.0	4161.0	5783.0	4462.0	184.0	5116.0	93.0	4704.0	2827.0	3170.0	2682.0	3853.0	135.0	2099.0	3774.0	2027.0	3667.0	5222.0	3716.0	5283.0
CAT	8696.0	4010.0	4055.0	7247.0	3795.0	2355.0	1853.0	3760.0	2923.0	1641.0	1316.0	2712.0	4717.0	3277.0	4815.0	6356.0	3901.0	2130.0	2616.0	3282.0	2633.0	1553.0	1472.0	2593.0	1240.0	1528.0	856.0	2084.0	2216.0	1949.0	2657.0	2941.0	7486.0	3969.0	3761.0	7450.0	3206.0	2201.0	1858.0	3357.0	3244.0	1985.0	1622.0	3827.0	3532.0	2060.0	2851.0	4304.0	179.0	3265.0	75.0	5998.0	2978.0	1660.0	1411.0	3475.0	101.0	1373.0	2575.0	2795.0	5022.0	3139.0	3298.0	5786.0
CCA	9220.0	4345.0	4661.0	7249.0	5139.0	2845.0	2011.0	4476.0	3540.0	2058.0	1504.0	2846.0	4539.0	3464.0	4784.0	6643.0	4710.0	1880.0	3280.0	2633.0	5374.0	2717.0	2451.0	4236.0	1462.0	1586.0	929.0	2174.0	2415.0	2058.0	2717.0	3012.0	8386.0	4440.0	4127.0	7276.0	4316.0	2919.0	2121.0	4108.0	3967.0	2380.0	2051.0	4327.0	4098.0	2277.0	3255.0	4954.0	178.0	3129.0	53.0	5528.0	3783.0	2042.0	1634.0	3992.0	96.0	1293.0	2770.0	2274.0	4730.0	3237.0	3181.0	6044.0
CCC	4119.0	4042.0	4002.0	2869.0	2340.0	3812.0	2527.0	2206.0	1791.0	2340.0	1518.0	1517.0	2091.0	3436.0	3476.0	2937.0	2447.0	2644.0	3423.0	1553.0	2717.0	5602.0	3728.0	2863.0	1216.0	3238.0	1798.0	1389.0	1520.0	3227.0	4326.0	1798.0	4306.0	5279.0	5102.0	3627.0	2189.0	5120.0	3699.0	2442.0	2390.0	3576.0	2565.0	2347.0	1896.0	3187.0	3917.0	2385.0	117.0	3311.0	57.0	2490.0	1721.0	2716.0	1978.0	2239.0	94.0	1710.0	2253.0	1313.0	1942.0	3536.0	2205.0	3366.0
CCG	4441.0	4167.0	3988.0	2937.0	2088.0	3485.0	3168.0	2078.0	1604.0	2361.0	1103.0	1486.0	1934.0	3807.0	3444.0	2968.0	2455.0	2526.0	3701.0	1472.0	2451.0	3728.0	5338.0	2497.0	1385.0	3762.0	2167.0	1922.0	1365.0	2698.0	4792.0	1686.0	4819.0	5704.0	5150.0	3941.0	2448.0	4847.0	4710.0	2733.0	2053.0	4020.0	2282.0	2810.0	2046.0	3210.0	4173.0	2543.0	119.0	3449.0	46.0	2617.0	1628.0	2262.0	2751.0	2181.0	105.0	1560.0	2183.0	1257.0	1834.0	3639.0	2250.0	3135.0
CCT	8687.0	4432.0	4931.0	6791.0	4498.0	3001.0	2062.0	4773.0	3323.0	1940.0	1641.0	2817.0	4160.0	3362.0	4615.0	6168.0	4463.0	1899.0	3323.0	2593.0	4236.0	2863.0	2497.0	5486.0	1405.0	1866.0	1050.0	2453.0	2129.0	1993.0	2655.0	3193.0	8215.0	4483.0	4489.0	7379.0	3842.0	2898.0	2280.0	4454.0	3763.0	2722.0	2086.0	4765.0	3842.0	2320.0	3386.0	5085.0	178.0	3305.0	50.0	5412.0	3335.0	2177.0	1598.0	4327.0	103.0	1339.0	2779.0	2335.0	4460.0	3362.0	3130.0	5959.0
CGA	3794.0	2407.0	2429.0	2686.0	1733.0	1589.0	1397.0	1701.0	1571.0	1162.0	877.0	1122.0	1666.0	1911.0	2408.0	2559.0	2122.0	1203.0	1807.0	1240.0	1462.0	1216.0	1385.0	1405.0	1324.0	1629.0	1028.0	1464.0	1083.0	1334.0	1836.0	1453.0	4264.0	2883.0	2926.0	3360.0	1794.0	1850.0	1742.0	1866.0	1687.0	1508.0	1027.0	1880.0	1552.0	1482.0	1934.0	1845.0	123.0	1787.0	39.0	2061.0	1301.0	1142.0	1226.0	1619.0	92.0	772.0	1394.0	1072.0	1840.0	1828.0	1660.0	2242.0
CGC	3985.0	5043.0	4673.0	2792.0	1750.0	3916.0	3218.0	2013.0	1447.0	3048.0	1271.0	1352.0	1458.0	4543.0	4152.0	2862.0	2422.0	3026.0	4295.0	1528.0	1586.0	3238.0	3762.0	1866.0	1629.0	6078.0	2666.0	2586.0	1383.0	3660.0	6317.0	1969.0	5862.0	7274.0	7564.0	4336.0	2606.0	6337.0	5553.0	3023.0	2021.0	5061.0	2515.0	2701.0	1818.0	3718.0	4916.0	2389.0	148.0	4135.0	77.0	2235.0	1347.0	2431.0	2632.0	1889.0	107.0	2044.0	2619.0	1192.0	1508.0	4007.0	2349.0	3083.0
CGG	2030.0	2326.0	2418.0	1410.0	981.0	2008.0	1786.0	967.0	889.0	1448.0	921.0	812.0	825.0	2069.0	2033.0	1460.0	1297.0	1589.0	2346.0	856.0	929.0	1798.0	2167.0	1050.0	1028.0	2666.0	1844.0	1102.0	760.0	1848.0	3169.0	932.0	2828.0	3688.0	4261.0	2211.0	1219.0	3291.0	2811.0	1411.0	1284.0	2447.0	1641.0	1290.0	943.0	1924.0	2522.0	1211.0	72.0	1951.0	37.0	1280.0	805.0	1321.0	1589.0	1106.0	113.0	1020.0	1470.0	717.0	848.0	1996.0	1207.0	1660.0
CGT	6326.0	4186.0	3971.0	4731.0	2647.0	2678.0	1962.0	3091.0	1976.0	1754.0	981.0	2007.0	2135.0	3373.0	4220.0	4733.0	3293.0	1699.0	3038.0	2084.0	2174.0	1389.0	1922.0	2453.0	1464.0	2586.0	1102.0	3464.0	1536.0	1877.0	3362.0	2593.0	7467.0	4510.0	4616.0	6298.0	3305.0	2819.0	2562.0	4067.0	2301.0	2512.0	1528.0	4215.0	2656.0	2034.0	3049.0	3812.0	199.0	3044.0	52.0	3917.0	2191.0	1609.0	1629.0	2824.0	85.0	1041.0	2263.0	1550.0	2910.0	2937.0	2629.0	3680.0
CTA	7402.0	4011.0	3934.0	5861.0	3695.0	2293.0	1734.0	3274.0	2750.0	1668.0	1194.0	2301.0	4469.0	3259.0	4467.0	5282.0	3661.0	1769.0	2433.0	2216.0	2415.0	1520.0	1365.0	2129.0	1083.0	1383.0	760.0	1536.0	2794.0	2118.0	2828.0	2730.0	6831.0	4004.0	3814.0	6145.0	3240.0	2410.0	1883.0	3128.0	3151.0	2077.0	1614.0	3325.0	3374.0	1948.0	2762.0	3498.0	202.0	3017.0	67.0	4489.0	2629.0	1615.0	1225.0	2824.0	92.0	1267.0	1948.0	2015.0	4547.0	3125.0	3104.0	5043.0
CTC	5072.0	5214.0	4921.0	3622.0	2667.0	4097.0	2960.0	2554.0	2039.0	2626.0	1601.0	1747.0	2589.0	5423.0	4715.0	4062.0	3005.0	3098.0	4053.0	1949.0	2058.0	3227.0	2698.0	1993.0	1334.0	3660.0	1848.0	1877.0	2118.0	5194.0	6172.0	2715.0	5787.0	6822.0	6361.0	4712.0	2821.0	5821.0	4057.0	3085.0	2706.0	4226.0	2603.0	2958.0	2327.0	4342.0	4681.0	3041.0	153.0	4343.0	76.0	3003.0	1983.0	2851.0	2359.0	2504.0	114.0	2191.0	2416.0	1619.0	2382.0	4997.0	2908.0	4078.0
CTG	7087.0	8238.0	8098.0	4996.0	3635.0	6535.0	4827.0	3551.0	2454.0	4168.0	2239.0	2422.0	3451.0	8308.0	7460.0	5647.0	4186.0	4784.0	7328.0	2657.0	2717.0	4326.0	4792.0	2655.0	1836.0	6317.0	3169.0	3362.0	2828.0	6172.0	12902.0	3724.0	8420.0	10920.0	9869.0	7296.0	4638.0	9092.0	7400.0	4994.0	3580.0	6854.0	4141.0	5048.0	3455.0	5955.0	8394.0	4542.0	220.0	6792.0	72.0	4288.0	2629.0	3812.0	3653.0	3430.0	182.0	3549.0	3990.0	2459.0	3130.0	7408.0	4407.0	5628.0
CTT	9549.0	5012.0	5317.0	7654.0	4311.0	2915.0	2084.0	4325.0	3340.0	2117.0	1481.0	2961.0	4518.0	4401.0	5823.0	7508.0	4796.0	2220.0	3366.0	2941.0	3012.0	1798.0	1686.0	3193.0	1453.0	1969.0	932.0	2593.0	2730.0	2715.0	3724.0	4652.0	9310.0	5104.0	4935.0	8411.0	4421.0	3237.0	2438.0	4869.0	4030.0	2803.0	2156.0	5156.0	3976.0	2640.0	3342.0	5517.0	220.0	3758.0	81.0	5771.0	3344.0	1935.0	1607.0	4189.0	117.0	1665.0	2726.0	2587.0	5361.0	3801.0	4061.0	6703.0
GAA	36689.0	13775.0	16837.0	25232.0	12216.0	7296.0	5665.0	11681.0	10343.0	5556.0	4150.0	8459.0	14038.0	10663.0	14669.0	20094.0	15421.0	5060.0	9434.0	7486.0	8386.0	4306.0	4819.0	8215.0	4264.0	5862.0	2828.0	7467.0	6831.0	5787.0	8420.0	9310.0	35650.0	14913.0	15738.0	26349.0	11223.0	7848.0	6385.0	12224.0	9736.0	6508.0	4543.0	11494.0	10828.0	6429.0	8448.0	13446.0	708.0	9428.0	191.0	16930.0	9098.0	4978.0	4394.0	11272.0	380.0	3440.0	7339.0	6291.0	15585.0	9198.0	9434.0	16507.0
GAC	14427.0	11237.0	12008.0	9408.0	5907.0	7474.0	5546.0	5933.0	4541.0	5657.0	3084.0	4223.0	6227.0	9564.0	9834.0	9591.0	7563.0	5271.0	8901.0	3969.0	4440.0	5279.0	5704.0	4483.0	2883.0	7274.0	3688.0	4510.0	4004.0	6822.0	10920.0	5104.0	14913.0	15338.0	13767.0	12762.0	6482.0	10163.0	8338.0	6999.0	5849.0	8026.0	4956.0	7095.0	5854.0	7579.0	9867.0	7912.0	353.0	9224.0	114.0	7880.0	4281.0	4888.0	4694.0	5602.0	215.0	3745.0	5892.0	3522.0	5956.0	9458.0	6027.0	9284.0
GAG	14197.0	9849.0	13603.0	8992.0	5449.0	6548.0	5188.0	5351.0	4932.0	5296.0	3709.0	4131.0	5352.0	8373.0	9031.0	8419.0	6905.0	4913.0	9327.0	3761.0	4127.0	5102.0	5150.0	4489.0	2926.0	7564.0	4261.0	4616.0	3814.0	6361.0	9869.0	4935.0	15738.0	13767.0	17350.0	12562.0	6336.0	9858.0	8143.0	6773.0	5149.0	6956.0	4890.0	6429.0	5289.0	6568.0	8729.0	6584.0	400.0	7722.0	140.0	6786.0	4104.0	4493.0	4129.0	5494.0	596.0	3253.0	5182.0	3081.0	5620.0	7676.0	5477.0	7762.0
GAT	30419.0	11888.0	13912.0	24212.0	11342.0	6409.0	5091.0	11052.0	9080.0	4809.0	3504.0	8580.0	14627.0	9821.0	13419.0	19985.0	13009.0	4415.0	8282.0	7450.0	7276.0	3627.0	3941.0	7379.0	3360.0	4336.0	2211.0	6298.0	6145.0	4712.0	7296.0	8411.0	26349.0	12762.0	12562.0	26540.0	10080.0	6539.0	5331.0	10891.0	9426.0	5816.0	4252.0	11966.0	11076.0	6033.0	8180.0	14044.0	540.0	8975.0	150.0	18025.0	8917.0	4435.0	4047.0	10816.0	291.0	3433.0	7178.0	6665.0	15438.0	9100.0	9107.0	17460.0
GCA	11254.0	6303.0	6518.0	8975.0	6136.0	3719.0	2767.0	5694.0	4118.0	2896.0	1983.0	3953.0	5467.0	5147.0	6791.0	8478.0	6024.0	2414.0	4383.0	3206.0	4316.0	2189.0	2448.0	3842.0	1794.0	2606.0	1219.0	3305.0	3240.0	2821.0	4638.0	4421.0	11223.0	6482.0	6336.0	10080.0	8752.0	5207.0	4363.0	7995.0	5762.0	3792.0	2948.0	6748.0	5069.0	3386.0	4321.0	6459.0	254.0	4215.0	61.0	6809.0	4505.0	2604.0	2096.0	5159.0	156.0	1837.0	3286.0	2956.0	6277.0	4568.0	4523.0	7451.0
GCC	6608.0	7225.0	7320.0	4698.0	3461.0	6331.0	4539.0	3542.0	2336.0	4223.0	2263.0	2383.0	3079.0	6485.0	6335.0	4822.0	3958.0	4054.0	6426.0	2201.0	2919.0	5120.0	4847.0	2898.0	1850.0	6337.0	3291.0	2819.0	2410.0	5821.0	9092.0	3237.0	7848.0	10163.0	9858.0	6539.0	5207.0	12662.0	8514.0	6191.0	3954.0	7453.0	4164.0	4634.0	3071.0	5742.0	6943.0	3986.0	157.0	5724.0	70.0	3721.0	2461.0	4169.0	3548.0	3426.0	107.0	2722.0	3674.0	2063.0	2955.0	6107.0	3931.0	5197.0
GCG	5686.0	5801.0	5906.0	3950.0	2734.0	4268.0	4498.0	2492.0	2003.0	3369.0	1717.0	1942.0	2535.0	4937.0	4993.0	3997.0	3237.0	3055.0	5048.0	1858.0	2121.0	3699.0	4710.0	2280.0	1742.0	5553.0	2811.0	2562.0	1883.0	4057.0	7400.0	2438.0	6385.0	8338.0	8143.0	5331.0	4363.0	8514.0	9136.0	4596.0	3111.0	5812.0	3512.0	3921.0	2633.0	4181.0	5981.0	3429.0	125.0	4477.0	69.0	3096.0	2105.0	3003.0	3575.0	2629.0	138.0	2214.0	2915.0	1728.0	2567.0	4742.0	3283.0	4024.0
GCT	12114.0	6655.0	7370.0	9461.0	5776.0	4085.0	2915.0	6677.0	4133.0	3225.0	1933.0	4276.0	5066.0	5481.0	7479.0	8949.0	6323.0	2520.0	5056.0	3357.0	4108.0	2442.0	2733.0	4454.0	1866.0	3023.0	1411.0	4067.0	3128.0	3085.0	4994.0	4869.0	12224.0	6999.0	6773.0	10891.0	7995.0	6191.0	4596.0	10466.0	5527.0	4470.0	2907.0	8206.0	5455.0	3613.0	4623.0	7356.0	195.0	4749.0	68.0	7096.0	4482.0	2933.0	2233.0	6107.0	136.0	1918.0	3708.0	3187.0	6526.0	5015.0	4928.0	7655.0
GGA	10943.0	5439.0	5640.0	8750.0	5682.0	3508.0	2650.0	5267.0	4803.0	2649.0	2030.0	4045.0	5897.0	4222.0	6122.0	7990.0	5345.0	2404.0	3412.0	3244.0	3967.0	2390.0	2053.0	3763.0	1687.0	2021.0	1284.0	2301.0	3151.0	2706.0	3580.0	4030.0	9736.0	5849.0	5149.0	9426.0	5762.0	3954.0	3111.0	5527.0	6930.0	3494.0	3111.0	5993.0	5083.0	3301.0	4219.0	6172.0	272.0	4161.0	92.0	7005.0	4207.0	2609.0	2115.0	5072.0	312.0	1965.0	3517.0	3446.0	6572.0	4466.0	4131.0	7539.0
GGC	5882.0	6106.0	5960.0	4158.0	3006.0	5125.0	3610.0	3203.0	2114.0	3673.0	1634.0	2161.0	2512.0	5704.0	5551.0	4772.0	3429.0	3373.0	4811.0	1985.0	2380.0	3576.0	4020.0	2722.0	1508.0	5061.0	2447.0	2512.0	2077.0	4226.0	6854.0	2803.0	6508.0	8026.0	6956.0	5816.0	3792.0	7453.0	5812.0	4470.0	3494.0	7108.0	3414.0	4833.0	2964.0	5029.0	6201.0	3977.0	176.0	4959.0	77.0	3812.0	2211.0	3156.0	2975.0	3001.0	146.0	2766.0	3445.0	1924.0	2658.0	5443.0	3200.0	4763.0
GGG	4439.0	3558.0	3996.0	3296.0	2548.0	2983.0	2272.0	2301.0	1936.0	2192.0	1569.0	1724.0	2383.0	3377.0	3613.0	3270.0	2359.0	1945.0	3002.0	1622.0	2051.0	2565.0	2282.0	2086.0	1027.0	2515.0	1641.0	1528.0	1614.0	2603.0	4141.0	2156.0	4543.0	4956.0	4890.0	4252.0	2948.0	4164.0	3512.0	2907.0	3111.0	3414.0	3164.0	3100.0	2217.0	2775.0	3973.0	2866.0	188.0	3186.0	75.0	2941.0	1975.0	2146.0	1855.0	2382.0	214.0	1590.0	2479.0	1582.0	2300.0	3178.0	2347.0	3485.0
GGT	12658.0	6965.0	7259.0	10226.0	6670.0	4652.0	3112.0	7236.0	4374.0	3042.0	1666.0	4657.0	5641.0	6158.0	7613.0	10520.0	6065.0	2742.0	4743.0	3827.0	4327.0	2347.0	2810.0	4765.0	1880.0	2701.0	1290.0	4215.0	3325.0	2958.0	5048.0	5156.0	11494.0	7095.0	6429.0	11966.0	6748.0	4634.0	3921.0	8206.0	5993.0	4833.0	3100.0	10198.0	6307.0	3919.0	5168.0	8466.0	238.0	5366.0	60.0	8701.0	4868.0	2844.0	2510.0	6229.0	187.0	2122.0	4297.0	3783.0	7103.0	5757.0	4902.0	8411.0
GTA	12395.0	6420.0	5990.0	10767.0	6116.0	3314.0	2586.0	5711.0	4004.0	2363.0	1672.0	4047.0	6930.0	4545.0	6312.0	8956.0	5436.0	2303.0	3398.0	3532.0	4098.0	1896.0	2046.0	3842.0	1552.0	1818.0	943.0	2656.0	3374.0	2327.0	3455.0	3976.0	10828.0	5854.0	5289.0	11076.0	5069.0	3071.0	2633.0	5455.0	5083.0	2964.0	2217.0	6307.0	5708.0	2940.0	3918.0	6377.0	335.0	4382.0	88.0	7484.0	4260.0	2037.0	1846.0	5109.0	156.0	1632.0	2896.0	3167.0	7271.0	4240.0	4223.0	7953.0
GTC	6025.0	6254.0	5618.0	4903.0	3127.0	4659.0	3349.0	3051.0	2176.0	2776.0	1649.0	2129.0	2974.0	5531.0	5296.0	4601.0	3058.0	3087.0	4161.0	2060.0	2277.0	3187.0	3210.0	2320.0	1482.0	3718.0	1924.0	2034.0	1948.0	4342.0	5955.0	2640.0	6429.0	7579.0	6568.0	6033.0	3386.0	5742.0	4181.0	3613.0	3301.0	5029.0	2775.0	3919.0	2940.0	4894.0	5297.0	3801.0	133.0	4505.0	68.0	3527.0	2273.0	2833.0	2550.0	2886.0	116.0	2160.0	2590.0	1852.0	2645.0	5194.0	3202.0	4482.0
GTG	8360.0	8526.0	7979.0	6703.0	4377.0	5896.0	4750.0	4076.0	3049.0	4005.0	2372.0	3143.0	4354.0	6657.0	7113.0	6099.0	4389.0	4218.0	5783.0	2851.0	3255.0	3917.0	4173.0	3386.0	1934.0	4916.0	2522.0	3049.0	2762.0	4681.0	8394.0	3342.0	8448.0	9867.0	8729.0	8180.0	4321.0	6943.0	5981.0	4623.0	4219.0	6201.0	3973.0	5168.0	3918.0	5297.0	8420.0	5167.0	228.0	6337.0	111.0	5002.0	3082.0	3545.0	3383.0	3831.0	270.0	3104.0	3449.0	2960.0	4111.0	6348.0	4875.0	6534.0
GTT	14743.0	8247.0	7579.0	13539.0	7370.0	4427.0	3275.0	7546.0	4746.0	3001.0	1962.0	4840.0	7091.0	5785.0	7752.0	11772.0	6950.0	2827.0	4462.0	4304.0	4954.0	2385.0	2543.0	5085.0	1845.0	2389.0	1211.0	3812.0	3498.0	3041.0	4542.0	5517.0	13446.0	7912.0	6584.0	14044.0	6459.0	3986.0	3429.0	7356.0	6172.0	3977.0	2866.0	8466.0	6377.0	3801.0	5167.0	9270.0	306.0	5156.0	109.0	8967.0	5069.0	2791.0	2414.0	6560.0	193.0	2146.0	3772.0	3870.0	8086.0	5348.0	5649.0	9926.0
TAA	1048.0	353.0	449.0	663.0	315.0	158.0	117.0	316.0	288.0	170.0	105.0	218.0	469.0	257.0	324.0	559.0	360.0	112.0	184.0	179.0	178.0	117.0	119.0	178.0	123.0	148.0	72.0	199.0	202.0	153.0	220.0	220.0	708.0	353.0	400.0	540.0	254.0	157.0	125.0	195.0	272.0	176.0	188.0	238.0	335.0	133.0	228.0	306.0	20.0	232.0	9.0	481.0	257.0	125.0	139.0	297.0	16.0	95.0	226.0	183.0	526.0	304.0	261.0	534.0
TAC	10053.0	8638.0	7489.0	7942.0	4861.0	5141.0	3891.0	4587.0	3545.0	3639.0	1977.0	3254.0	4922.0	6399.0	7481.0	6936.0	4910.0	3849.0	5116.0	3265.0	3129.0	3311.0	3449.0	3305.0	1787.0	4135.0	1951.0	3044.0	3017.0	4343.0	6792.0	3758.0	9428.0	9224.0	7722.0	8975.0	4215.0	5724.0	4477.0	4749.0	4161.0	4959.0	3186.0	5366.0	4382.0	4505.0	6337.0	5156.0	232.0	6494.0	94.0	6190.0	3230.0	3200.0	3010.0	4069.0	161.0	2921.0	3766.0	2934.0	4953.0	6410.0	4592.0	7098.0
TAG	241.0	114.0	138.0	146.0	86.0	73.0	39.0	73.0	93.0	59.0	61.0	74.0	118.0	106.0	130.0	154.0	131.0	50.0	93.0	75.0	53.0	57.0	46.0	50.0	39.0	77.0	37.0	52.0	67.0	76.0	72.0	81.0	191.0	114.0	140.0	150.0	61.0	70.0	69.0	68.0	92.0	77.0	75.0	60.0	88.0	68.0	111.0	109.0	9.0	94.0	10.0	133.0	76.0	60.0	47.0	94.0	4.0	40.0	70.0	59.0	108.0	95.0	83.0	173.0
TAT	21552.0	8687.0	8408.0	19879.0	8717.0	4175.0	3454.0	8301.0	6451.0	3150.0	2182.0	6294.0	11605.0	5935.0	9955.0	14341.0	8713.0	3195.0	4704.0	5998.0	5528.0	2490.0	2617.0	5412.0	2061.0	2235.0	1280.0	3917.0	4489.0	3003.0	4288.0	5771.0	16930.0	7880.0	6786.0	18025.0	6809.0	3721.0	3096.0	7096.0	7005.0	3812.0	2941.0	8701.0	7484.0	3527.0	5002.0	8967.0	481.0	6190.0	133.0	14152.0	6602.0	2807.0	2614.0	7557.0	213.0	2395.0	4544.0	5442.0	12440.0	5912.0	6528.0	13207.0
TCA	10989.0	4975.0	4845.0	9548.0	5658.0	2695.0	2173.0	4908.0	3828.0	2188.0	1565.0	3823.0	6095.0	3593.0	5413.0	7665.0	4992.0	1844.0	2827.0	2978.0	3783.0	1721.0	1628.0	3335.0	1301.0	1347.0	805.0	2191.0	2629.0	1983.0	2629.0	3344.0	9098.0	4281.0	4104.0	8917.0	4505.0	2461.0	2105.0	4482.0	4207.0	2211.0	1975.0	4868.0	4260.0	2273.0	3082.0	5069.0	257.0	3230.0	76.0	6602.0	5556.0	2395.0	2163.0	5531.0	126.0	1348.0	2648.0	2778.0	6303.0	3498.0	3726.0	6969.0
TCC	5087.0	4420.0	4350.0	3927.0	2855.0	3709.0	2365.0	2645.0	1994.0	2329.0	1457.0	1834.0	2563.0	3842.0	3794.0	3537.0	2744.0	2150.0	3170.0	1660.0	2042.0	2716.0	2262.0	2177.0	1142.0	2431.0	1321.0	1609.0	1615.0	2851.0	3812.0	1935.0	4978.0	4888.0	4493.0	4435.0	2604.0	4169.0	3003.0	2933.0	2609.0	3156.0	2146.0	2844.0	2037.0	2833.0	3545.0	2791.0	125.0	3200.0	60.0	2807.0	2395.0	3726.0	2467.0	3454.0	87.0	1486.0	2109.0	1438.0	2384.0	3715.0	2462.0	3803.0
TCG	4499.0	3902.0	3701.0	3570.0	2172.0	2739.0	2957.0	2092.0	1698.0	2058.0	1092.0	1639.0	2234.0	3219.0	3416.0	2951.0	2366.0	1821.0	2682.0	1411.0	1634.0	1978.0	2751.0	1598.0	1226.0	2632.0	1589.0	1629.0	1225.0	2359.0	3653.0	1607.0	4394.0	4694.0	4129.0	4047.0	2096.0	3548.0	3575.0	2233.0	2115.0	2975.0	1855.0	2510.0	1846.0	2550.0	3383.0	2414.0	139.0	3010.0	47.0	2614.0	2163.0	2467.0	3120.0	2677.0	130.0	1433.0	1904.0	1347.0	2190.0	3079.0	2353.0	3254.0
TCT	12936.0	6050.0	6358.0	10936.0	6084.0	3586.0	2606.0	6288.0	4531.0	2731.0	2063.0	4262.0	6542.0	4526.0	6362.0	9254.0	5906.0	2338.0	3853.0	3475.0	3992.0	2239.0	2181.0	4327.0	1619.0	1889.0	1106.0	2824.0	2824.0	2504.0	3430.0	4189.0	11272.0	5602.0	5494.0	10816.0	5159.0	3426.0	2629.0	6107.0	5072.0	3001.0	2382.0	6229.0	5109.0	2886.0	3831.0	6560.0	297.0	4069.0	94.0	7557.0	5531.0	3454.0	2677.0	7892.0	143.0	1754.0	3161.0	3319.0	7205.0	4477.0	4642.0	8336.0
TGA	440.0	163.0	390.0	298.0	149.0	97.0	118.0	162.0	196.0	120.0	224.0	144.0	185.0	197.0	187.0	247.0	174.0	110.0	135.0	101.0	96.0	94.0	105.0	103.0	92.0	107.0	113.0	85.0	92.0	114.0	182.0	117.0	380.0	215.0	596.0	291.0	156.0	107.0	138.0	136.0	312.0	146.0	214.0	187.0	156.0	116.0	270.0	193.0	16.0	161.0	4.0	213.0	126.0	87.0	130.0	143.0	30.0	76.0	193.0	118.0	203.0	169.0	208.0	254.0
TGC	3639.0	3350.0	2960.0	2768.0	1771.0	2218.0	1768.0	1825.0	1319.0	1587.0	957.0	1227.0	2179.0	2836.0	3114.0	2931.0	1798.0	1956.0	2099.0	1373.0	1293.0	1710.0	1560.0	1339.0	772.0	2044.0	1020.0	1041.0	1267.0	2191.0	3549.0	1665.0	3440.0	3745.0	3253.0	3433.0	1837.0	2722.0	2214.0	1918.0	1965.0	2766.0	1590.0	2122.0	1632.0	2160.0	3104.0	2146.0	95.0	2921.0	40.0	2395.0	1348.0	1486.0	1433.0	1754.0	76.0	1986.0	2002.0	1771.0	1925.0	2868.0	2074.0	3157.0
TGG	7518.0	5296.0	5101.0	6673.0	3677.0	3288.0	2325.0	3640.0	2646.0	2353.0	1603.0	2450.0	3272.0	3700.0	4723.0	4831.0	3806.0	2493.0	3774.0	2575.0	2770.0	2253.0	2183.0	2779.0	1394.0	2619.0	1470.0	2263.0	1948.0	2416.0	3990.0	2726.0	7339.0	5892.0	5182.0	7178.0	3286.0	3674.0	2915.0	3708.0	3517.0	3445.0	2479.0	4297.0	2896.0	2590.0	3449.0	3772.0	226.0	3766.0	70.0	4544.0	2648.0	2109.0	1904.0	3161.0	193.0	2002.0	3356.0	2509.0	3752.0	3819.0	3001.0	5130.0
TGT	7886.0	3825.0	3625.0	7328.0	3639.0	2036.0	1699.0	3116.0	2814.0	1477.0	1164.0	2572.0	4900.0	2821.0	4251.0	5759.0	3300.0	1843.0	2027.0	2795.0	2274.0	1313.0	1257.0	2335.0	1072.0	1192.0	717.0	1550.0	2015.0	1619.0	2459.0	2587.0	6291.0	3522.0	3081.0	6665.0	2956.0	2063.0	1728.0	3187.0	3446.0	1924.0	1582.0	3783.0	3167.0	1852.0	2960.0	3870.0	183.0	2934.0	59.0	5442.0	2778.0	1438.0	1347.0	3319.0	118.0	1771.0	2509.0	3514.0	5043.0	2890.0	3362.0	6150.0
TTA	19632.0	6953.0	6419.0	18097.0	8155.0	3094.0	2798.0	7303.0	6031.0	2523.0	1797.0	5447.0	12238.0	4969.0	8535.0	14072.0	8085.0	2422.0	3667.0	5022.0	4730.0	1942.0	1834.0	4460.0	1840.0	1508.0	848.0	2910.0	4547.0	2382.0	3130.0	5361.0	15585.0	5956.0	5620.0	15438.0	6277.0	2955.0	2567.0	6526.0	6572.0	2658.0	2300.0	7103.0	7271.0	2645.0	4111.0	8086.0	526.0	4953.0	108.0	12440.0	6303.0	2384.0	2190.0	7205.0	203.0	1925.0	3752.0	5043.0	13978.0	4574.0	6029.0	13066.0
TTC	9410.0	8558.0	7760.0	7461.0	4565.0	5302.0	3944.0	4605.0	3125.0	3655.0	2007.0	3165.0	4531.0	7205.0	7659.0	6877.0	4671.0	4028.0	5222.0	3139.0	3237.0	3536.0	3639.0	3362.0	1828.0	4007.0	1996.0	2937.0	3125.0	4997.0	7408.0	3801.0	9198.0	9458.0	7676.0	9100.0	4568.0	6107.0	4742.0	5015.0	4466.0	5443.0	3178.0	5757.0	4240.0	5194.0	6348.0	5348.0	304.0	6410.0	95.0	5912.0	3498.0	3715.0	3079.0	4477.0	169.0	2868.0	3819.0	2890.0	4574.0	7958.0	4841.0	7346.0
TTG	10533.0	6168.0	6056.0	8834.0	4978.0	3545.0	3020.0	4703.0	3586.0	2500.0	1906.0	3335.0	5825.0	4903.0	6655.0	8090.0	5201.0	2690.0	3716.0	3298.0	3181.0	2205.0	2250.0	3130.0	1660.0	2349.0	1207.0	2629.0	3104.0	2908.0	4407.0	4061.0	9434.0	6027.0	5477.0	9107.0	4523.0	3931.0	3283.0	4928.0	4131.0	3200.0	2347.0	4902.0	4223.0	3202.0	4875.0	5649.0	261.0	4592.0	83.0	6528.0	3726.0	2462.0	2353.0	4642.0	208.0	2074.0	3001.0	3362.0	6029.0	4841.0	5756.0	7955.0
TTT	20698.0	10100.0	9226.0	18347.0	9008.0	5080.0	3978.0	8519.0	6619.0	3952.0	2723.0	6268.0	11370.0	6752.0	11038.0	14513.0	8762.0	4164.0	5283.0	5786.0	6044.0	3366.0	3135.0	5959.0	2242.0	3083.0	1660.0	3680.0	5043.0	4078.0	5628.0	6703.0	16507.0	9284.0	7762.0	17460.0	7451.0	5197.0	4024.0	7655.0	7539.0	4763.0	3485.0	8411.0	7953.0	4482.0	6534.0	9926.0	534.0	7098.0	173.0	13207.0	6969.0	3803.0	3254.0	8336.0	254.0	3157.0	5130.0	6150.0	13066.0	7346.0	7955.0	16142.0
End	5850.0	1985.0	2654.0	3570.0	1531.0	999.0	819.0	1305.0	1625.0	975.0	984.0	1342.0	2067.0	1401.0	1821.0	2519.0	2016.0	724.0	1205.0	1103.0	968.0	660.0	768.0	832.0	868.0	843.0	569.0	940.0	1136.0	839.0	1382.0	1197.0	3854.0	1975.0	2670.0	2987.0	1551.0	1022.0	1116.0	1209.0	1651.0	1084.0	1059.0	1565.0	1870.0	1024.0	1582.0	1723.0	16487.0	1392.0	5066.0	2397.0	1374.0	847.0	791.0	1401.0	10129.0	623.0	1280.0	1063.0	2541.0	1718.0	1556.0	2780.0
