	AAA	AAC	AAG	AAT	ACA	ACC	ACG	ACT	AGA	AGC	AGG	AGT	ATA	ATC	ATG	ATT	CAA	CAC	CAG	CAT	CCA	CCC	CCG	CCT	CGA	CGC	CGG	CGT	CTA	CTC	CTG	CTT	GAA	GAC	GAG	GAT	GCA	GCC	GCG	GCT	GGA	GGC	GGG	GGT	GTA	GTC	GTG	GTT	TAA	TAC	TAG	TAT	TCA	TCC	TCG	TCT	TGA	TGC	TGG	TGT	TTA	TTC	TTG	TTT
Start	1169.0	938.5	1325.0	824.5	823.0	861.5	564.5	727.0	626.0	874.0	482.0	689.0	429.5	710.5	13672.5	659.5	720.5	551.0	893.0	454.0	809.5	767.0	615.5	843.5	379.0	503.0	344.0	372.5	373.0	903.0	839.0	638.5	1407.5	1166.5	1325.5	1102.0	1173.0	1338.0	1053.0	1238.5	760.0	753.0	447.0	637.5	383.5	658.0	897.5	645.0	0.0	515.0	0.0	436.0	895.0	1193.5	792.0	1129.5	0.0	441.5	556.5	440.0	440.5	977.5	767.5	904.5
AAA	16383.0	7251.5	14019.5	9688.5	7025.0	4361.5	2502.5	6179.0	6261.0	4814.0	3629.0	5655.5	5061.5	6224.0	8558.0	8666.0	7898.0	3804.5	7068.5	5133.0	6711.5	3355.5	2284.5	5634.5	2945.5	2475.5	2055.5	2310.0	3491.5	4607.0	6298.0	6051.0	18034.0	7977.0	12935.5	12527.5	7409.0	5218.0	2668.5	7616.0	6785.5	4440.0	2934.0	5029.0	4010.0	4578.5	6657.0	6498.0	224.5	4827.0	123.5	5799.0	6575.5	4349.5	2400.5	6544.0	198.0	3080.0	4347.0	3930.5	4617.0	6017.0	6963.0	8137.5
AAC	7251.5	8513.0	9175.5	6490.0	4542.0	5433.5	2957.5	4202.0	3221.0	5200.0	2617.0	3575.0	2839.5	7205.0	6605.0	5528.0	4895.5	4124.5	6878.5	3455.0	4387.5	4169.0	2678.0	4025.0	2175.5	3255.5	2152.0	1970.5	2322.5	6152.5	6122.0	4057.0	8434.0	7945.5	9905.0	7514.0	4771.5	6487.5	2927.5	5391.0	4570.0	5832.0	2893.5	3830.0	2414.0	5503.0	6025.5	4124.0	103.5	5488.5	81.0	3942.0	3963.0	4701.5	2829.0	4267.0	119.5	3248.0	4132.5	2629.0	2655.5	7119.0	4809.5	5042.5
AAG	14019.5	9175.5	21020.0	8155.5	6043.0	6582.0	4237.0	5408.0	5080.0	6985.5	4603.0	4755.0	4043.0	9156.0	9035.5	7467.5	7233.0	5296.5	10250.0	4429.5	6021.0	5498.0	4005.0	5580.5	3420.5	4675.0	3570.5	3070.0	3054.5	7404.5	9027.0	5467.5	15594.0	12137.5	20937.0	11738.5	7200.0	9028.5	4786.0	8033.5	6015.0	7453.0	4359.0	5525.0	3397.0	7353.5	9178.5	5989.5	218.0	6824.0	181.0	5036.0	4769.5	5756.0	3903.0	5435.0	252.5	3898.0	5440.5	3240.5	3792.5	8372.5	6946.0	6508.5
AAT	9688.5	6490.0	8155.5	8152.0	5663.0	3822.5	2114.0	4985.5	4324.5	3915.5	2520.0	4593.0	3803.5	5396.5	6547.5	6725.0	5837.0	3100.5	5989.0	4069.0	5099.5	2672.5	1906.5	4236.5	2040.5	1813.0	1623.0	1675.5	2670.0	3789.5	4949.0	4650.5	10708.5	6156.0	7752.5	8842.0	5238.5	4156.0	2263.0	5604.0	5223.0	3821.5	2362.0	3869.5	3115.5	3929.0	5291.5	5144.0	122.0	4136.5	73.0	4777.0	4864.0	3721.5	2102.5	5153.0	127.0	2598.0	3600.5	3330.5	3782.0	5353.0	5338.0	6433.0
ACA	7025.0	4542.0	6043.0	5663.0	5202.0	3545.5	2105.5	4222.5	3096.5	3182.0	1800.5	3434.5	2943.5	4179.0	4825.0	5048.5	4348.0	2479.0	4214.5	3070.5	4590.0	2623.5	1882.0	3846.0	1770.0	1779.0	1298.5	1480.5	2106.0	3567.0	3760.5	3652.5	8038.5	4655.5	6084.5	6626.0	4720.0	3819.5	1962.0	4775.0	4070.0	3422.0	1907.5	3312.5	2515.0	3390.0	4175.5	3998.0	93.0	3085.5	58.0	3391.0	4267.5	3123.5	2015.5	4155.0	100.0	1930.0	2659.0	2324.0	2662.5	4120.5	3975.0	4625.5
ACC	4361.5	5433.5	6582.0	3822.5	3545.5	5583.0	2563.0	3537.0	1967.0	3777.0	1782.5	2294.0	1934.0	5592.5	4540.0	3790.0	3613.5	3207.5	4760.0	2394.5	3515.5	4106.0	2548.0	3422.0	1653.0	2949.5	1594.5	1664.5	1743.5	5304.5	4461.0	3138.5	5358.0	5886.0	6729.5	5336.5	3816.0	5907.5	2619.5	4576.5	3303.0	4952.5	2225.5	3309.5	1696.0	4600.5	4062.5	3220.5	74.5	3764.0	55.0	2458.0	2926.5	4373.0	2384.5	3481.5	89.5	2162.5	2895.0	1566.5	1637.5	5121.0	3257.0	3142.0
ACG	2502.5	2957.5	4237.0	2114.0	2105.5	2563.0	2055.0	1802.5	1276.5	2536.5	1450.5	1498.0	1097.0	3077.5	3046.0	2144.5	2007.5	1937.5	3429.0	1449.5	2068.0	2169.5	1868.5	2025.0	1089.5	1733.0	1361.0	990.5	963.0	2671.0	3592.0	1802.5	3185.5	3485.0	4892.0	3157.5	2245.0	3197.5	2043.5	2519.5	2049.0	2927.5	1849.5	1878.5	1001.5	2311.0	3303.5	1851.5	41.0	2218.0	41.0	1407.0	1780.0	2271.0	1736.5	1898.0	68.0	1450.5	1998.0	1034.5	853.5	2935.5	2197.5	2067.0
ACT	6179.0	4202.0	5408.0	4985.5	4222.5	3537.0	1802.5	4225.0	2801.0	2906.5	1641.0	3090.5	2425.0	3996.5	4282.0	4442.5	3971.0	2124.5	3890.5	2722.5	3928.5	2532.0	1717.5	3713.5	1593.5	1661.0	1222.5	1407.5	1739.5	3356.5	3538.0	3344.5	6854.5	4255.0	5292.0	5951.5	3863.0	3859.5	1807.5	4713.5	3706.0	3407.5	1802.5	3276.0	2123.0	3296.5	3632.5	3824.5	86.0	2685.0	55.0	3011.5	3636.5	2967.5	1905.0	3982.0	89.0	1705.0	2424.5	1981.5	2391.0	3844.0	3563.0	3988.5
AGA	6261.0	3221.0	5080.0	4324.5	3096.5	1967.0	1276.5	2801.0	3895.0	2288.0	2141.0	2604.5	2199.0	2830.0	3541.0	3740.0	3456.5	1776.5	3059.0	2323.0	3089.5	1632.5	1257.0	2708.0	1724.5	1348.0	1089.0	1378.0	1483.5	2164.5	2673.0	2579.5	7825.0	3623.0	5563.0	5825.5	3335.5	2472.5	1433.0	3555.0	3224.0	2236.5	1529.5	2692.5	1782.5	2220.5	2823.5	2913.5	98.0	2272.5	63.0	2653.5	2723.0	1935.0	1282.5	2957.5	102.5	1392.5	2074.5	1681.0	2282.0	2672.0	3201.5	3499.0
AGC	4814.0	5200.0	6985.5	3915.5	3182.0	3777.0	2536.5	2906.5	2288.0	5025.0	2103.0	3328.0	1826.5	4438.5	4564.5	3305.0	3406.5	2749.0	4732.5	2222.0	3214.5	3108.5	2451.0	3078.0	1731.0	2660.0	1738.5	1650.0	1532.5	4097.5	4102.5	2673.5	5701.0	5962.5	7266.0	5323.5	3878.5	4939.0	2910.0	4201.5	3497.5	4903.5	2518.5	3259.0	1659.5	3812.5	4177.5	2786.5	77.0	3309.5	71.0	2229.5	3071.0	3734.0	2775.0	3337.0	109.0	2032.5	2787.0	1607.5	1573.5	4397.0	3047.0	3167.5
AGG	3629.0	2617.0	4603.0	2520.0	1800.5	1782.5	1450.5	1641.0	2141.0	2103.0	2276.0	1684.5	1332.5	2392.5	2784.0	2176.5	2062.0	1527.5	3062.0	1422.0	1907.0	1619.0	1446.5	1837.5	1228.5	1400.5	1334.5	1013.0	918.5	2101.0	2842.5	1684.5	4758.5	3530.0	5991.5	3617.5	2186.5	2601.0	1818.0	2494.5	2132.0	2358.0	1918.0	1686.0	1056.0	1990.5	2662.0	1786.5	65.0	1850.0	65.0	1605.0	1589.0	1580.5	1324.0	1691.5	104.0	1094.5	1695.5	975.0	1199.0	2278.5	2145.5	2025.0
AGT	5655.5	3575.0	4755.0	4593.0	3434.5	2294.0	1498.0	3090.5	2604.5	3328.0	1684.5	3870.0	2056.0	2843.5	3871.5	3680.5	3488.0	1782.5	3502.5	2389.0	3084.0	1772.0	1447.0	2776.5	1461.5	1366.0	1117.5	1246.0	1433.5	2235.0	2950.0	2595.0	6675.0	3626.0	5094.0	5679.5	3458.5	2858.0	1641.0	3786.0	3403.5	2852.5	1866.5	3132.0	1899.5	2345.0	3362.5	3061.5	78.0	2233.5	58.0	2618.5	3472.5	2433.5	1695.0	3515.0	93.0	1494.0	2060.5	1849.0	2105.0	2828.0	3245.5	3508.0
ATA	5061.5	2839.5	4043.0	3803.5	2943.5	1934.0	1097.0	2425.0	2199.0	1826.5	1332.5	2056.0	2145.0	2804.0	3307.0	3525.0	2715.5	1551.5	2925.5	1982.5	2606.5	1351.5	954.5	2179.5	1027.0	856.0	851.5	829.5	1524.0	2186.5	3063.5	2617.5	5226.0	2948.5	3675.0	4271.0	2695.5	2124.5	1078.5	2767.0	2849.5	1926.5	1283.5	1920.5	1613.5	1876.5	2687.0	2501.5	65.5	1942.0	40.0	2361.5	2392.0	1796.0	1020.5	2492.5	71.0	1310.5	1684.5	1610.5	2027.0	2643.0	2702.5	3391.0
ATC	6224.0	7205.0	9156.0	5396.5	4179.0	5592.5	3077.5	3996.5	2830.0	4438.5	2392.5	2843.5	2804.0	8571.0	6631.5	5831.0	4351.5	4186.5	6280.0	3267.5	3977.5	4318.0	2664.5	3824.5	2211.5	3574.0	2148.5	2005.5	2535.0	7211.5	6842.0	4666.5	7492.0	7891.0	9261.5	7227.5	4907.0	7142.0	2895.5	5592.5	4758.5	6443.0	3102.5	4092.0	2372.5	6154.0	5881.0	4107.0	86.0	5283.0	72.0	3516.5	3484.5	4767.0	2498.5	3881.5	111.5	3232.0	3924.0	2262.5	2549.0	7580.5	4957.0	4752.5
ATG	8558.0	6605.0	9035.5	6547.5	4825.0	4540.0	3046.0	4282.0	3541.0	4564.5	2784.0	3871.5	3307.0	6631.5	8607.0	6217.5	5193.0	3860.5	7183.5	3801.0	4464.5	3622.5	2735.5	3995.0	2476.0	3152.0	2308.5	2136.5	2615.0	5865.0	6885.0	4543.5	9602.5	7341.5	10031.5	8120.0	5178.5	6111.5	3367.0	5843.5	5240.5	5972.0	3310.5	4587.0	2825.0	5259.0	6828.0	4628.5	121.0	5047.5	89.0	4465.5	4032.5	4017.0	2860.0	4112.0	143.0	3071.0	3894.0	2878.5	3235.0	6898.5	5526.0	6011.0
ATT	8666.0	5528.0	7467.5	6725.0	5048.5	3790.0	2144.5	4442.5	3740.0	3305.0	2176.5	3680.5	3525.0	5831.0	6217.5	6824.0	4886.0	2888.0	5139.5	3684.0	4437.0	2711.0	1833.0	3835.5	2062.5	1927.5	1607.0	1728.0	2572.5	4546.5	5390.0	4757.0	9056.5	5767.5	7064.5	7966.5	4674.0	4685.5	2232.0	5497.0	5093.0	4280.0	2391.0	4014.0	2818.5	4242.5	4971.5	4892.5	114.0	3765.5	70.0	4285.5	3989.5	3139.0	1983.0	4271.5	111.0	2412.5	3205.0	2997.0	3573.5	5227.5	5196.5	6028.5
CAA	7898.0	4895.5	7233.0	5837.0	4348.0	3613.5	2007.5	3971.0	3456.5	3406.5	2062.0	3488.0	2715.5	4351.5	5193.0	4886.0	6733.0	3086.5	6934.5	3464.5	4817.0	3102.0	2256.5	4273.5	2143.5	2050.0	1674.0	1855.5	2300.0	4060.0	4501.0	4159.0	10337.5	5756.5	8014.0	7305.0	4734.0	4747.0	2354.5	5160.5	4127.0	3611.5	1969.0	3275.5	2298.0	3348.0	4105.5	3676.0	108.0	3228.0	67.0	3489.5	4082.0	3453.5	2267.5	4316.5	118.5	1900.5	2798.5	2250.0	2890.5	4195.0	3956.0	4639.5
CAC	3804.5	4124.5	5296.5	3100.5	2479.0	3207.5	1937.5	2124.5	1776.5	2749.0	1527.5	1782.5	1551.5	4186.5	3860.5	2888.0	3086.5	4129.0	4115.5	2868.0	2629.5	2921.0	2018.5	2550.0	1488.0	2493.0	1439.0	1456.5	1453.0	4199.5	3873.0	2582.0	4368.5	4844.5	5695.0	4042.0	2900.0	4232.0	2136.0	3226.5	2473.5	3615.0	1780.5	2333.5	1404.5	3501.5	3427.5	2446.5	65.0	3218.0	48.0	2062.5	2144.5	2930.0	1839.0	2332.0	84.0	1899.5	2434.0	1443.0	1340.0	4132.0	2759.5	2783.0
CAG	7068.5	6878.5	10250.0	5989.0	4214.5	4760.0	3429.0	3890.5	3059.0	4732.5	3062.0	3502.5	2925.5	6280.0	7183.5	5139.5	6934.5	4115.5	10451.0	3825.5	4775.0	4287.5	3661.0	4468.5	2608.0	3941.5	2752.5	2633.0	2480.0	6111.0	6756.0	4454.0	9722.0	8624.0	12894.5	8710.5	5693.5	7022.5	4327.0	6321.5	4612.5	6035.5	3318.5	4276.0	2467.0	5398.5	5903.5	4258.0	112.0	4906.5	101.0	3601.0	3867.5	4474.0	3451.5	4133.0	137.0	2606.5	4165.0	2223.0	2771.0	6270.5	5075.5	4680.5
CAT	5133.0	3455.0	4429.5	4069.0	3070.5	2394.5	1449.5	2722.5	2323.0	2222.0	1422.0	2389.0	1982.5	3267.5	3801.0	3684.0	3464.5	2868.0	3825.5	3847.0	3165.5	2014.0	1544.5	2739.5	1471.0	1521.5	1239.5	1287.5	1599.0	2874.0	3314.0	2915.0	5865.5	3718.5	4564.0	4997.5	3126.5	2959.5	1609.0	3532.0	2930.0	2691.5	1547.0	2443.0	1780.5	2678.5	3164.5	2949.0	75.5	2534.0	48.0	2764.0	2755.0	2227.0	1526.5	2842.0	83.5	1555.5	2230.5	1880.5	2077.5	3240.5	3077.0	3485.0
CCA	6711.5	4387.5	6021.0	5099.5	4590.0	3515.5	2068.0	3928.5	3089.5	3214.5	1907.0	3084.0	2606.5	3977.5	4464.5	4437.0	4817.0	2629.5	4775.0	3165.5	6669.0	3759.5	3100.0	5325.0	2054.0	2103.5	1484.5	1735.0	2023.0	3556.5	3769.0	3434.5	7586.5	4704.5	5865.0	6278.0	4765.0	4132.5	2256.5	4839.0	4218.0	3626.0	2010.0	3770.5	2354.0	3337.5	4040.5	3847.5	90.0	3140.0	59.0	3267.5	4336.5	3389.0	2229.0	4158.5	102.0	1808.5	2438.5	2070.0	2498.5	4060.0	3641.0	4154.5
CCC	3355.5	4169.0	5498.0	2672.5	2623.5	4106.0	2169.5	2532.0	1632.5	3108.5	1619.0	1772.0	1351.5	4318.0	3622.5	2711.0	3102.0	2921.0	4287.5	2014.0	3759.5	4975.0	2995.5	3921.5	1542.0	2925.0	1520.0	1568.5	1378.5	4444.5	3646.5	2550.0	4299.5	5179.0	5873.0	4017.5	3229.5	5368.0	2592.5	3877.0	2681.0	4488.0	1847.5	2780.0	1322.0	3808.0	3110.0	2542.5	65.0	3202.5	50.0	1857.5	2408.0	3925.5	2313.0	2909.5	74.0	1569.5	2334.5	1107.5	1103.5	4295.0	2397.5	2509.0
CCG	2284.5	2678.0	4005.0	1906.5	1882.0	2548.0	1868.5	1717.5	1257.0	2451.0	1446.5	1447.0	954.5	2664.5	2735.5	1833.0	2256.5	2018.5	3661.0	1544.5	3100.0	2995.5	3191.0	2931.0	1287.5	2036.0	1502.0	1136.5	962.0	2797.0	3303.5	1723.5	3084.5	3619.5	4787.5	2982.0	2428.0	3484.0	2495.0	2779.5	2137.5	3072.5	1874.0	1925.5	948.5	2377.5	2885.0	1761.5	41.0	2183.5	42.0	1362.5	1816.5	2499.0	2027.0	1969.5	71.0	1286.5	1826.5	903.5	721.5	2900.0	1973.0	1888.5
CCT	5634.5	4025.0	5580.5	4236.5	3846.0	3422.0	2025.0	3713.5	2708.0	3078.0	1837.5	2776.5	2179.5	3824.5	3995.0	3835.5	4273.5	2550.0	4468.5	2739.5	5325.0	3921.5	2931.0	5582.0	1885.5	2179.5	1478.5	1745.0	1699.5	3513.0	3452.0	3184.5	6510.5	4681.5	5813.0	5590.0	4144.5	4365.5	2261.5	4773.0	3921.0	3913.5	2050.5	3528.5	2024.5	3535.5	3361.5	3608.5	80.0	2949.5	62.5	2775.0	3498.5	3363.5	2136.5	4075.0	94.5	1685.0	2274.5	1867.0	2106.5	3871.0	3109.0	3690.0
CGA	2945.5	2175.5	3420.5	2040.5	1770.0	1653.0	1089.5	1593.5	1724.5	1731.0	1228.5	1461.5	1027.0	2211.5	2476.0	2062.5	2143.5	1488.0	2608.0	1471.0	2054.0	1542.0	1287.5	1885.5	1401.0	1498.5	1192.0	1147.5	1055.0	2172.0	2334.0	1875.0	4093.0	2955.0	4249.0	3051.5	2174.0	2438.0	1350.5	2415.5	2088.5	2098.5	1220.5	1644.0	1009.0	1762.0	2103.0	1591.5	45.0	1610.5	36.0	1466.5	1611.0	1700.0	1206.0	1829.0	63.5	1027.5	1603.5	991.5	1015.5	2218.5	1829.0	1984.5
CGC	2475.5	3255.5	4675.0	1813.0	1779.0	2949.5	1733.0	1661.0	1348.0	2660.0	1400.5	1366.0	856.0	3574.0	3152.0	1927.5	2050.0	2493.0	3941.5	1521.5	2103.5	2925.0	2036.0	2179.5	1498.5	3310.0	1707.0	1449.0	1067.5	3909.0	3628.0	1915.0	3752.5	4733.5	6416.5	3116.5	2376.5	4535.5	2334.0	2938.5	2056.0	3708.5	1517.5	1919.5	872.0	2941.0	2828.5	1662.5	44.0	2598.5	40.0	1348.5	1568.0	2884.0	1701.0	1949.5	65.5	1557.0	2206.5	862.5	697.0	3406.5	1915.0	1936.0
CGG	2055.5	2152.0	3570.5	1623.0	1298.5	1594.5	1361.0	1222.5	1089.0	1738.5	1334.5	1117.5	851.5	2148.5	2308.5	1607.0	1674.0	1439.0	2752.5	1239.5	1484.5	1520.0	1502.0	1478.5	1192.0	1707.0	1491.0	1049.0	827.0	2044.0	2483.5	1530.0	3079.0	3042.0	4897.5	2776.0	1857.5	2411.0	1918.5	2089.5	1558.5	2132.5	1491.0	1449.0	776.5	1796.0	2306.5	1429.5	36.0	1641.0	38.0	1119.5	1211.5	1559.5	1359.0	1353.0	64.0	985.5	1562.0	734.0	712.0	2125.5	1777.0	1494.5
CGT	2310.0	1970.5	3070.0	1675.5	1480.5	1664.5	990.5	1407.5	1378.0	1650.0	1013.0	1246.0	829.5	2005.5	2136.5	1728.0	1855.5	1456.5	2633.0	1287.5	1735.0	1568.5	1136.5	1745.0	1147.5	1449.0	1049.0	1375.0	879.0	2011.5	2203.5	1632.5	3345.0	2721.0	3995.0	2632.5	1977.0	2493.0	1234.5	2310.0	1737.0	2125.0	1119.0	1810.0	833.5	1738.0	2051.0	1517.0	40.0	1472.0	33.0	1196.5	1313.0	1636.0	1100.0	1582.0	51.0	994.5	1466.5	912.5	807.0	1978.0	1591.0	1607.5
CTA	3491.5	2322.5	3054.5	2670.0	2106.0	1743.5	963.0	1739.5	1483.5	1532.5	918.5	1433.5	1524.0	2535.0	2615.0	2572.5	2300.0	1453.0	2480.0	1599.0	2023.0	1378.5	962.0	1699.5	1055.0	1067.5	827.0	879.0	1412.0	2389.0	2519.0	2165.0	3893.0	2618.5	3171.5	3230.5	2284.0	2304.5	1111.5	2423.0	1998.0	1978.0	1029.0	1610.5	1228.0	1879.0	2100.0	1914.0	45.0	1759.0	31.0	1767.5	1835.0	1632.5	1013.0	1823.5	51.0	1098.5	1429.5	1144.5	1559.0	2482.5	2181.0	2363.0
CTC	4607.0	6152.5	7404.5	3789.5	3567.0	5304.5	2671.0	3356.5	2164.5	4097.5	2101.0	2235.0	2186.5	7211.5	5865.0	4546.5	4060.0	4199.5	6111.0	2874.0	3556.5	4444.5	2797.0	3513.0	2172.0	3909.0	2044.0	2011.5	2389.0	8297.0	6595.0	4550.5	6337.5	7044.0	8147.5	5837.5	4559.5	7287.0	3232.5	5304.0	3804.5	5915.5	2659.0	3677.5	1983.0	5777.5	5011.5	3552.5	73.0	4763.5	57.0	2824.5	3041.5	4926.0	2530.5	3465.0	91.0	2961.5	3591.0	1807.5	1897.0	7117.5	4049.5	4176.0
CTG	6298.0	6122.0	9027.0	4949.0	3760.5	4461.0	3592.0	3538.0	2673.0	4102.5	2842.5	2950.0	3063.5	6842.0	6885.0	5390.0	4501.0	3873.0	6756.0	3314.0	3769.0	3646.5	3303.5	3452.0	2334.0	3628.0	2483.5	2203.5	2519.0	6595.0	7978.0	4774.0	7651.5	7764.5	10069.0	7205.5	4921.0	6385.5	4262.0	5770.0	4405.5	5892.5	3298.0	4129.5	2480.5	5658.5	6252.0	4454.5	82.0	4980.5	75.0	3502.0	3300.0	3932.5	3227.0	3436.0	114.0	2922.0	4008.5	2440.5	2565.5	6915.5	5616.5	5037.0
CTT	6051.0	4057.0	5467.5	4650.5	3652.5	3138.5	1802.5	3344.5	2579.5	2673.5	1684.5	2595.0	2617.5	4666.5	4543.5	4757.0	4159.0	2582.0	4454.0	2915.0	3434.5	2550.0	1723.5	3184.5	1875.0	1915.0	1530.0	1632.5	2165.0	4550.5	4774.0	4202.0	6913.5	4915.0	5929.5	5904.0	4098.0	4388.5	2077.5	4713.0	3892.0	3740.0	1924.5	3272.0	2158.5	3691.5	3681.0	3842.0	84.0	3126.5	54.0	3124.5	3122.0	2887.0	1815.0	3545.0	92.0	1933.5	2567.5	2147.0	2647.5	4573.5	4091.5	4595.0
GAA	18034.0	8434.0	15594.0	10708.5	8038.5	5358.0	3185.5	6854.5	7825.0	5701.0	4758.5	6675.0	5226.0	7492.0	9602.5	9056.5	10337.5	4368.5	9722.0	5865.5	7586.5	4299.5	3084.5	6510.5	4093.0	3752.5	3079.0	3345.0	3893.0	6337.5	7651.5	6913.5	22111.0	10496.5	16071.0	14932.0	8741.5	7276.5	3851.0	9314.0	7522.5	5987.5	3637.0	6182.0	4657.0	5960.5	7683.5	7442.0	203.5	5488.5	120.5	6189.0	7098.5	5023.5	3203.5	7267.5	202.5	3329.0	5082.0	4375.0	5195.0	7023.5	7922.0	8439.5
GAC	7977.0	7945.5	12137.5	6156.0	4655.5	5886.0	3485.0	4255.0	3623.0	5962.5	3530.0	3626.0	2948.5	7891.0	7341.5	5767.5	5756.5	4844.5	8624.0	3718.5	4704.5	5179.0	3619.5	4681.5	2955.0	4733.5	3042.0	2721.0	2618.5	7044.0	7764.5	4915.0	10496.5	12041.0	13393.5	10007.5	5824.5	8147.0	4156.5	6692.5	5111.0	7220.0	3815.0	4752.0	2734.0	6643.5	7048.0	4708.5	111.0	6046.5	95.0	4021.0	4226.0	5476.5	3280.5	4767.5	143.0	3465.0	4909.0	2565.5	2562.5	7811.0	5240.0	5427.5
GAG	12935.5	9905.0	20937.0	7752.5	6084.5	6729.5	4892.0	5292.0	5563.0	7266.0	5991.5	5094.0	3675.0	9261.5	10031.5	7064.5	8014.0	5695.0	12894.5	4564.0	5865.0	5873.0	4787.5	5813.0	4249.0	6416.5	4897.5	3995.0	3171.5	8147.5	10069.0	5929.5	16071.0	13393.5	24698.0	12716.0	8013.5	10199.5	6660.5	8904.0	6266.5	8507.5	5688.5	5911.5	3342.0	7660.0	10188.0	5968.5	173.5	7046.5	170.0	4678.5	4778.5	5976.5	4432.5	5550.0	234.5	4120.5	6181.5	3137.0	3388.0	8879.5	7224.5	6218.0
GAT	12527.5	7514.0	11738.5	8842.0	6626.0	5336.5	3157.5	5951.5	5825.5	5323.5	3617.5	5679.5	4271.0	7227.5	8120.0	7966.5	7305.0	4042.0	8710.5	4997.5	6278.0	4017.5	2982.0	5590.0	3051.5	3116.5	2776.0	2632.5	3230.5	5837.5	7205.5	5904.0	14932.0	10007.5	12716.0	13597.0	6769.5	6917.5	3560.0	7833.0	6716.0	6205.0	3735.5	5481.0	3874.5	5772.0	7260.0	6535.5	141.0	5367.0	99.0	5720.5	5827.5	4904.0	3243.0	6413.0	171.0	3246.0	4895.0	4067.5	4205.5	7090.5	6483.5	7692.0
GCA	7409.0	4771.5	7200.0	5238.5	4720.0	3816.0	2245.0	3863.0	3335.5	3878.5	2186.5	3458.5	2695.5	4907.0	5178.5	4674.0	4734.0	2900.0	5693.5	3126.5	4765.0	3229.5	2428.0	4144.5	2174.0	2376.5	1857.5	1977.0	2284.0	4559.5	4921.0	4098.0	8741.5	5824.5	8013.5	6769.5	6874.0	6242.5	3276.0	6708.0	4673.0	4762.0	2649.5	3997.0	2561.5	4126.0	4830.0	4003.5	86.0	3440.5	62.0	3280.5	3980.5	3639.0	2386.0	4155.0	112.5	2232.5	2937.5	2395.5	2734.0	4753.0	4253.5	4648.0
GCC	5218.0	6487.5	9028.5	4156.0	3819.5	5907.5	3197.5	3859.5	2472.5	4939.0	2601.0	2858.0	2124.5	7142.0	6111.5	4685.5	4747.0	4232.0	7022.5	2959.5	4132.5	5368.0	3484.0	4365.5	2438.0	4535.5	2411.0	2493.0	2304.5	7287.0	6385.5	4388.5	7276.5	8147.0	10199.5	6917.5	6242.5	10600.0	4874.5	8023.5	4529.0	7336.0	3182.0	4876.5	2115.5	6331.0	5436.0	4127.5	92.0	4916.0	75.5	2886.5	3452.0	5462.5	3269.0	4154.5	112.5	2876.5	3656.0	1933.0	1879.0	6787.0	4300.0	4299.0
GCG	2668.5	2927.5	4786.0	2263.0	1962.0	2619.5	2043.5	1807.5	1433.0	2910.0	1818.0	1641.0	1078.5	2895.5	3367.0	2232.0	2354.5	2136.0	4327.0	1609.0	2256.5	2592.5	2495.0	2261.5	1350.5	2334.0	1918.5	1234.5	1111.5	3232.5	4262.0	2077.5	3851.0	4156.5	6660.5	3560.0	3276.0	4874.5	4093.0	3816.0	2665.0	3963.5	2528.5	2423.5	1064.0	2640.0	3917.0	2152.0	49.5	2262.5	45.5	1482.5	1825.5	2475.5	2068.5	2046.0	77.0	1542.5	2159.5	1076.0	846.5	3149.0	2524.0	2205.5
GCT	7616.0	5391.0	8033.5	5604.0	4775.0	4576.5	2519.5	4713.5	3555.0	4201.5	2494.5	3786.0	2767.0	5592.5	5843.5	5497.0	5160.5	3226.5	6321.5	3532.0	4839.0	3877.0	2779.5	4773.0	2415.5	2938.5	2089.5	2310.0	2423.0	5304.0	5770.0	4713.0	9314.0	6692.5	8904.0	7833.0	6708.0	8023.5	3816.0	8973.0	5442.0	5875.0	3062.5	5150.5	2705.5	5048.0	5303.5	4783.5	107.0	3799.5	77.0	3650.0	4275.0	4174.5	2740.0	4799.0	128.5	2561.0	3308.0	2611.0	2869.0	5445.5	4883.5	5090.0
GGA	6785.5	4570.0	6015.0	5223.0	4070.0	3303.0	2049.0	3706.0	3224.0	3497.5	2132.0	3403.5	2849.5	4758.5	5240.5	5093.0	4127.0	2473.5	4612.5	2930.0	4218.0	2681.0	2137.5	3921.0	2088.5	2056.0	1558.5	1737.0	1998.0	3804.5	4405.5	3892.0	7522.5	5111.0	6266.5	6716.0	4673.0	4529.0	2665.0	5442.0	6083.0	4947.0	2934.0	4755.0	2562.0	4044.0	4740.0	4282.0	108.0	3656.0	76.0	3748.5	3487.5	3020.0	2112.5	3859.5	128.5	2508.5	3136.0	2677.5	2694.0	4825.0	4132.5	4910.0
GGC	4440.0	5832.0	7453.0	3821.5	3422.0	4952.5	2927.5	3407.5	2236.5	4903.5	2358.0	2852.5	1926.5	6443.0	5972.0	4280.0	3611.5	3615.0	6035.5	2691.5	3626.0	4488.0	3072.5	3913.5	2098.5	3708.5	2132.5	2125.0	1978.0	5915.5	5892.5	3740.0	5987.5	7220.0	8507.5	6205.0	4762.0	7336.0	3963.5	5875.0	4947.0	7972.0	3464.5	5293.0	2019.5	5709.0	5523.5	3708.0	87.0	4711.5	77.0	2818.5	3024.0	4496.0	2924.0	3583.5	120.5	3175.5	3996.5	2081.5	1636.5	6433.5	3835.5	4202.5
GGG	2934.0	2893.5	4359.0	2362.0	1907.5	2225.5	1849.5	1802.5	1529.5	2518.5	1918.0	1866.5	1283.5	3102.5	3310.5	2391.0	1969.0	1780.5	3318.5	1547.0	2010.0	1847.5	1874.0	2050.5	1220.5	1517.5	1491.0	1119.0	1029.0	2659.0	3298.0	1924.5	3637.0	3815.0	5688.5	3735.5	2649.5	3182.0	2528.5	3062.5	2934.0	3464.5	3241.0	2497.5	1206.5	2719.5	3816.5	2281.5	56.0	2359.5	63.0	1815.5	1671.5	2066.0	1730.5	1893.5	107.0	1600.5	2306.0	1270.5	1142.5	3150.5	2490.0	2433.5
GGT	5029.0	3830.0	5525.0	3869.5	3312.5	3309.5	1878.5	3276.0	2692.5	3259.0	1686.0	3132.0	1920.5	4092.0	4587.0	4014.0	3275.5	2333.5	4276.0	2443.0	3770.5	2780.0	1925.5	3528.5	1644.0	1919.5	1449.0	1810.0	1610.5	3677.5	4129.5	3272.0	6182.0	4752.0	5911.5	5481.0	3997.0	4876.5	2423.5	5150.5	4755.0	5293.0	2497.5	5333.0	1905.0	3609.0	4061.0	3679.0	82.0	3055.5	60.0	2936.5	2916.5	3015.0	2032.5	3520.5	98.0	2163.0	2846.0	2344.0	1923.5	4110.5	3448.0	4005.0
GTA	4010.0	2414.0	3397.0	3115.5	2515.0	1696.0	1001.5	2123.0	1782.5	1659.5	1056.0	1899.5	1613.5	2372.5	2825.0	2818.5	2298.0	1404.5	2467.0	1780.5	2354.0	1322.0	948.5	2024.5	1009.0	872.0	776.5	833.5	1228.0	1983.0	2480.5	2158.5	4657.0	2734.0	3342.0	3874.5	2561.5	2115.5	1064.0	2705.5	2562.0	2019.5	1206.5	1905.0	1521.0	1891.0	2440.5	2272.5	52.0	1726.0	35.0	1942.0	2029.0	1537.5	960.0	2159.0	55.0	1172.5	1554.0	1456.5	1637.0	2302.0	2299.0	2712.0
GTC	4578.5	5503.0	7353.5	3929.0	3390.0	4600.5	2311.0	3296.5	2220.5	3812.5	1990.5	2345.0	1876.5	6154.0	5259.0	4242.5	3348.0	3501.5	5398.5	2678.5	3337.5	3808.0	2377.5	3535.5	1762.0	2941.0	1796.0	1738.0	1879.0	5777.5	5658.5	3691.5	5960.5	6643.5	7660.0	5772.0	4126.0	6331.0	2640.0	5048.0	4044.0	5709.0	2719.5	3609.0	1891.0	5363.0	4895.0	3360.0	73.0	4094.0	63.0	2715.5	2717.5	4045.5	2101.5	3353.0	103.0	2584.5	3406.0	1715.5	1722.0	5901.5	3789.0	3891.0
GTG	6657.0	6025.5	9178.5	5291.5	4175.5	4062.5	3303.5	3632.5	2823.5	4177.5	2662.0	3362.5	2687.0	5881.0	6828.0	4971.5	4105.5	3427.5	5903.5	3164.5	4040.5	3110.0	2885.0	3361.5	2103.0	2828.5	2306.5	2051.0	2100.0	5011.5	6252.0	3681.0	7683.5	7048.0	10188.0	7260.0	4830.0	5436.0	3917.0	5303.5	4740.0	5523.5	3816.5	4061.0	2440.5	4895.0	7996.0	4066.0	82.0	4496.5	84.0	3381.0	3197.0	3670.5	2873.0	3352.0	129.5	3024.0	3817.0	2640.0	2441.5	6007.5	5099.0	4964.5
GTT	6498.0	4124.0	5989.5	5144.0	3998.0	3220.5	1851.5	3824.5	2913.5	2786.5	1786.5	3061.5	2501.5	4107.0	4628.5	4892.5	3676.0	2446.5	4258.0	2949.0	3847.5	2542.5	1761.5	3608.5	1591.5	1662.5	1429.5	1517.0	1914.0	3552.5	4454.5	3842.0	7442.0	4708.5	5968.5	6535.5	4003.5	4127.5	2152.0	4783.5	4282.0	3708.0	2281.5	3679.0	2272.5	3360.0	4066.0	4162.0	89.0	2840.0	64.0	3288.5	3241.5	2755.5	1814.5	3678.5	100.0	1921.0	2602.0	2283.5	2601.5	3925.0	3958.0	4563.0
TAA	224.5	103.5	218.0	122.0	93.0	74.5	41.0	86.0	98.0	77.0	65.0	78.0	65.5	86.0	121.0	114.0	108.0	65.0	112.0	75.5	90.0	65.0	41.0	80.0	45.0	44.0	36.0	40.0	45.0	73.0	82.0	84.0	203.5	111.0	173.5	141.0	86.0	92.0	49.5	107.0	108.0	87.0	56.0	82.0	52.0	73.0	82.0	89.0	0.0	78.0	0.0	84.0	88.0	74.5	46.0	92.5	0.0	60.5	72.0	75.5	66.0	97.5	86.0	123.5
TAC	4827.0	5488.5	6824.0	4136.5	3085.5	3764.0	2218.0	2685.0	2272.5	3309.5	1850.0	2233.5	1942.0	5283.0	5047.5	3765.5	3228.0	3218.0	4906.5	2534.0	3140.0	3202.5	2183.5	2949.5	1610.5	2598.5	1641.0	1472.0	1759.0	4763.5	4980.5	3126.5	5488.5	6046.5	7046.5	5367.0	3440.5	4916.0	2262.5	3799.5	3656.0	4711.5	2359.5	3055.5	1726.0	4094.0	4496.5	2840.0	78.0	4807.0	59.0	3188.5	2451.0	3221.0	1967.5	2785.0	92.0	2590.0	3210.0	2050.5	1803.0	5593.5	3484.0	3850.5
TAG	123.5	81.0	181.0	73.0	58.0	55.0	41.0	55.0	63.0	71.0	65.0	58.0	40.0	72.0	89.0	70.0	67.0	48.0	101.0	48.0	59.0	50.0	42.0	62.5	36.0	40.0	38.0	33.0	31.0	57.0	75.0	54.0	120.5	95.0	170.0	99.0	62.0	75.5	45.5	77.0	76.0	77.0	63.0	60.0	35.0	63.0	84.0	64.0	0.0	59.0	0.0	53.5	54.0	53.0	43.0	59.5	0.0	46.5	67.5	45.0	38.0	75.0	69.5	73.5
TAT	5799.0	3942.0	5036.0	4777.0	3391.0	2458.0	1407.0	3011.5	2653.5	2229.5	1605.0	2618.5	2361.5	3516.5	4465.5	4285.5	3489.5	2062.5	3601.0	2764.0	3267.5	1857.5	1362.5	2775.0	1466.5	1348.5	1119.5	1196.5	1767.5	2824.5	3502.0	3124.5	6189.0	4021.0	4678.5	5720.5	3280.5	2886.5	1482.5	3650.0	3748.5	2818.5	1815.5	2936.5	1942.0	2715.5	3381.0	3288.5	84.0	3188.5	53.5	3707.0	2779.0	2202.0	1368.5	3010.5	88.0	1852.0	2507.5	2379.5	2418.5	3796.5	3514.5	4413.0
TCA	6575.5	3963.0	4769.5	4864.0	4267.5	2926.5	1780.0	3636.5	2723.0	3071.0	1589.0	3472.5	2392.0	3484.5	4032.5	3989.5	4082.0	2144.5	3867.5	2755.0	4336.5	2408.0	1816.5	3498.5	1611.0	1568.0	1211.5	1313.0	1835.0	3041.5	3300.0	3122.0	7098.5	4226.0	4778.5	5827.5	3980.5	3452.0	1825.5	4275.0	3487.5	3024.0	1671.5	2916.5	2029.0	2717.5	3197.0	3241.5	88.0	2451.0	54.0	2779.0	4724.0	3414.5	2352.0	4629.5	98.0	1537.0	2168.0	1976.5	2415.5	3561.0	3376.5	4090.0
TCC	4349.5	4701.5	5756.0	3721.5	3123.5	4373.0	2271.0	2967.5	1935.0	3734.0	1580.5	2433.5	1796.0	4767.0	4017.0	3139.0	3453.5	2930.0	4474.0	2227.0	3389.0	3925.5	2499.0	3363.5	1700.0	2884.0	1559.5	1636.0	1632.5	4926.0	3932.5	2887.0	5023.5	5476.5	5976.5	4904.0	3639.0	5462.5	2475.5	4174.5	3020.0	4496.0	2066.0	3015.0	1537.5	4045.5	3670.5	2755.5	74.5	3221.0	53.0	2202.0	3414.5	5517.0	2842.0	3981.5	89.5	1934.5	2376.5	1447.0	1677.5	4778.0	2859.5	3101.0
TCG	2400.5	2829.0	3903.0	2102.5	2015.5	2384.5	1736.5	1905.0	1282.5	2775.0	1324.0	1695.0	1020.5	2498.5	2860.0	1983.0	2267.5	1839.0	3451.5	1526.5	2229.0	2313.0	2027.0	2136.5	1206.0	1701.0	1359.0	1100.0	1013.0	2530.5	3227.0	1815.0	3203.5	3280.5	4432.5	3243.0	2386.0	3269.0	2068.5	2740.0	2112.5	2924.0	1730.5	2032.5	960.0	2101.5	2873.0	1814.5	46.0	1967.5	43.0	1368.5	2352.0	2842.0	2400.0	2525.5	69.0	1339.5	1776.5	905.5	872.5	2883.5	2134.0	1993.0
TCT	6544.0	4267.0	5435.0	5153.0	4155.0	3481.5	1898.0	3982.0	2957.5	3337.0	1691.5	3515.0	2492.5	3881.5	4112.0	4271.5	4316.5	2332.0	4133.0	2842.0	4158.5	2909.5	1969.5	4075.0	1829.0	1949.5	1353.0	1582.0	1823.5	3465.0	3436.0	3545.0	7267.5	4767.5	5550.0	6413.0	4155.0	4154.5	2046.0	4799.0	3859.5	3583.5	1893.5	3520.5	2159.0	3353.0	3352.0	3678.5	92.5	2785.0	59.5	3010.5	4629.5	3981.5	2525.5	5370.0	98.5	1699.5	2263.0	2001.0	2520.0	3808.5	3571.5	4172.0
TGA	198.0	119.5	252.5	127.0	100.0	89.5	68.0	89.0	102.5	109.0	104.0	93.0	71.0	111.5	143.0	111.0	118.5	84.0	137.0	83.5	102.0	74.0	71.0	94.5	63.5	65.5	64.0	51.0	51.0	91.0	114.0	92.0	202.5	143.0	234.5	171.0	112.5	112.5	77.0	128.5	128.5	120.5	107.0	98.0	55.0	103.0	129.5	100.0	0.0	92.0	0.0	88.0	98.0	89.5	69.0	98.5	2.0	87.0	116.0	83.5	69.0	127.0	106.0	125.0
TGC	3080.0	3248.0	3898.0	2598.0	1930.0	2162.5	1450.5	1705.0	1392.5	2032.5	1094.5	1494.0	1310.5	3232.0	3071.0	2412.5	1900.5	1899.5	2606.5	1555.5	1808.5	1569.5	1286.5	1685.0	1027.5	1557.0	985.5	994.5	1098.5	2961.5	2922.0	1933.5	3329.0	3465.0	4120.5	3246.0	2232.5	2876.5	1542.5	2561.0	2508.5	3175.5	1600.5	2163.0	1172.5	2584.5	3024.0	1921.0	60.5	2590.0	46.5	1852.0	1537.0	1934.5	1339.5	1699.5	87.0	2503.0	2170.0	1945.5	1149.5	3835.5	2265.5	2750.0
TGG	4347.0	4132.5	5440.5	3600.5	2659.0	2895.0	1998.0	2424.5	2074.5	2787.0	1695.5	2060.5	1684.5	3924.0	3894.0	3205.0	2798.5	2434.0	4165.0	2230.5	2438.5	2334.5	1826.5	2274.5	1603.5	2206.5	1562.0	1466.5	1429.5	3591.0	4008.5	2567.5	5082.0	4909.0	6181.5	4895.0	2937.5	3656.0	2159.5	3308.0	3136.0	3996.5	2306.0	2846.0	1554.0	3406.0	3817.0	2602.0	72.0	3210.0	67.5	2507.5	2168.0	2376.5	1776.5	2263.0	116.0	2170.0	3285.0	1790.5	1631.5	4409.5	3012.0	3337.0
TGT	3930.5	2629.0	3240.5	3330.5	2324.0	1566.5	1034.5	1981.5	1681.0	1607.5	975.0	1849.0	1610.5	2262.5	2878.5	2997.0	2250.0	1443.0	2223.0	1880.5	2070.0	1107.5	903.5	1867.0	991.5	862.5	734.0	912.5	1144.5	1807.5	2440.5	2147.0	4375.0	2565.5	3137.0	4067.5	2395.5	1933.0	1076.0	2611.0	2677.5	2081.5	1270.5	2344.0	1456.5	1715.5	2640.0	2283.5	75.5	2050.5	45.0	2379.5	1976.5	1447.0	905.5	2001.0	83.5	1945.5	1790.5	2301.0	1640.5	2812.5	2558.5	3475.0
TTA	4617.0	2655.5	3792.5	3782.0	2662.5	1637.5	853.5	2391.0	2282.0	1573.5	1199.0	2105.0	2027.0	2549.0	3235.0	3573.5	2890.5	1340.0	2771.0	2077.5	2498.5	1103.5	721.5	2106.5	1015.5	697.0	712.0	807.0	1559.0	1897.0	2565.5	2647.5	5195.0	2562.5	3388.0	4205.5	2734.0	1879.0	846.5	2869.0	2694.0	1636.5	1142.5	1923.5	1637.0	1722.0	2441.5	2601.5	66.0	1803.0	38.0	2418.5	2415.5	1677.5	872.5	2520.0	69.0	1149.5	1631.5	1640.5	2230.0	2582.0	2937.0	3461.0
TTC	6017.0	7119.0	8372.5	5353.0	4120.5	5121.0	2935.5	3844.0	2672.0	4397.0	2278.5	2828.0	2643.0	7580.5	6898.5	5227.5	4195.0	4132.0	6270.5	3240.5	4060.0	4295.0	2900.0	3871.0	2218.5	3406.5	2125.5	1978.0	2482.5	7117.5	6915.5	4573.5	7023.5	7811.0	8879.5	7090.5	4753.0	6787.0	3149.0	5445.5	4825.0	6433.5	3150.5	4110.5	2302.0	5901.5	6007.5	3925.0	97.5	5593.5	75.0	3796.5	3561.0	4778.0	2883.5	3808.5	127.0	3835.5	4409.5	2812.5	2582.0	9044.0	4903.5	5479.0
TTG	6963.0	4809.5	6946.0	5338.0	3975.0	3257.0	2197.5	3563.0	3201.5	3047.0	2145.5	3245.5	2702.5	4957.0	5526.0	5196.5	3956.0	2759.5	5075.5	3077.0	3641.0	2397.5	1973.0	3109.0	1829.0	1915.0	1777.0	1591.0	2181.0	4049.5	5616.5	4091.5	7922.0	5240.0	7224.5	6483.5	4253.5	4300.0	2524.0	4883.5	4132.5	3835.5	2490.0	3448.0	2299.0	3789.0	5099.0	3958.0	86.0	3484.0	69.5	3514.5	3376.5	2859.5	2134.0	3571.5	106.0	2265.5	3012.0	2558.5	2937.0	4903.5	5034.0	4982.0
TTT	8137.5	5042.5	6508.5	6433.0	4625.5	3142.0	2067.0	3988.5	3499.0	3167.5	2025.0	3508.0	3391.0	4752.5	6011.0	6028.5	4639.5	2783.0	4680.5	3485.0	4154.5	2509.0	1888.5	3690.0	1984.5	1936.0	1494.5	1607.5	2363.0	4176.0	5037.0	4595.0	8439.5	5427.5	6218.0	7692.0	4648.0	4299.0	2205.5	5090.0	4910.0	4202.5	2433.5	4005.0	2712.0	3891.0	4964.5	4563.0	123.5	3850.5	73.5	4413.0	4090.0	3101.0	1993.0	4172.0	125.0	2750.0	3337.0	3475.0	3461.0	5479.0	4982.0	7164.0
End	1995.5	1063.0	1949.0	1013.5	821.5	635.5	407.5	745.0	843.5	806.5	758.0	720.5	560.5	821.5	1074.0	872.0	841.0	645.5	1124.5	643.0	717.0	508.5	368.5	661.0	388.5	419.0	443.0	329.0	427.5	752.0	931.0	714.0	1507.5	1050.5	1578.5	1158.5	805.0	783.5	416.5	914.0	779.0	754.0	652.0	621.5	509.5	715.0	915.5	769.0	4564.5	808.5	3384.5	710.0	769.0	653.0	426.5	807.5	5288.0	580.0	755.0	575.0	591.0	1007.5	880.0	1032.0
