	AAA	AAC	AAG	AAT	ACA	ACC	ACG	ACT	AGA	AGC	AGG	AGT	ATA	ATC	ATG	ATT	CAA	CAC	CAG	CAT	CCA	CCC	CCG	CCT	CGA	CGC	CGG	CGT	CTA	CTC	CTG	CTT	GAA	GAC	GAG	GAT	GCA	GCC	GCG	GCT	GGA	GGC	GGG	GGT	GTA	GTC	GTG	GTT	TAA	TAC	TAG	TAT	TCA	TCC	TCG	TCT	TGA	TGC	TGG	TGT	TTA	TTC	TTG	TTT
Start	1388648.0	971853.0	1400960.0	1046974.0	887919.0	792981.0	600361.0	783364.0	745457.0	852830.0	641095.0	715719.0	549016.0	722108.0	15284855.0	816725.0	844904.0	542042.0	983627.0	534456.0	801200.0	741608.0	650529.0	782364.0	394065.0	525524.0	447233.0	384392.0	409617.0	829863.0	993659.0	715090.0	1511787.0	1150450.0	1591223.0	1270811.0	1236511.0	1327369.0	1333939.0	1402290.0	874074.0	837596.0	738026.0	723495.0	438272.0	631694.0	959723.0	740982.0	65004.0	520611.0	33177.0	533751.0	1042341.0	1068165.0	822223.0	1229064.0	52210.0	464976.0	587634.0	475821.0	568265.0	929016.0	812057.0	1006267.0
AAA	18665272.0	7526105.0	13727286.0	11773569.0	7517696.0	4701180.0	2769439.0	6397010.0	7018863.0	4950932.0	4305814.0	5910343.0	6208127.0	6487520.0	8263467.0	9771668.0	8734864.0	4094969.0	7915245.0	5650890.0	6769898.0	3662905.0	2448200.0	5889533.0	2837093.0	2257245.0	2062450.0	2624348.0	3698318.0	4909597.0	6783463.0	6766776.0	18757610.0	8136101.0	12871532.0	13451180.0	7167445.0	5285962.0	2660740.0	7543473.0	6943220.0	4362348.0	3563055.0	5317573.0	4241476.0	4550179.0	6476467.0	7345560.0	1428850.0	4845093.0	601346.0	6684995.0	7036267.0	4660392.0	2764466.0	7104770.0	964582.0	3277066.0	4706897.0	4624984.0	6441671.0	6434759.0	7410059.0	9321755.0
AAC	7526105.0	8196234.0	8871952.0	6684563.0	4732656.0	5251759.0	2979488.0	4208225.0	3705661.0	5204623.0	3064457.0	3697214.0	3186273.0	6842111.0	6525536.0	5558431.0	5162718.0	4219465.0	7350797.0	3490148.0	4364136.0	4020588.0	2738520.0	4127382.0	2030678.0	3038133.0	2185427.0	1989656.0	2386831.0	5749441.0	7739190.0	4401308.0	8202240.0	7809294.0	9434780.0	7541307.0	4627342.0	6320364.0	3164213.0	5287562.0	4703820.0	5621665.0	3248004.0	4062258.0	2455404.0	5111074.0	6452037.0	4558961.0	509151.0	5254477.0	282336.0	3905634.0	4213397.0	4767499.0	2837324.0	4620222.0	495978.0	3361474.0	4071445.0	2920692.0	2853090.0	6674987.0	4751162.0	5477817.0
AAG	13727286.0	8871952.0	19688126.0	8588939.0	6427755.0	6480185.0	4116766.0	5869282.0	6109356.0	6889778.0	5665657.0	5327042.0	4508320.0	8692169.0	9505930.0	8115160.0	7094713.0	5496969.0	11236292.0	4964962.0	6363423.0	5525959.0	3897252.0	6065117.0	3042991.0	4346862.0	3629126.0	2973089.0	3335588.0	7116293.0	11102868.0	6374156.0	15737402.0	11557766.0	19943274.0	12572762.0	7335608.0	9098925.0	5072286.0	8450624.0	6784669.0	7387845.0	5138963.0	5703066.0	3571760.0	6560760.0	9658724.0	6822887.0	740931.0	6502454.0	463803.0	5467511.0	5841039.0	6003011.0	3861749.0	6467846.0	759692.0	4223983.0	5652848.0	3899628.0	4092204.0	8194084.0	7439469.0	7644648.0
AAT	11773569.0	6684563.0	8588939.0	12780324.0	6113973.0	3776936.0	2281656.0	5479112.0	5047123.0	4018545.0	3086409.0	5234073.0	5207803.0	5231149.0	6871124.0	8387638.0	7132160.0	3037792.0	6117092.0	4808907.0	5266399.0	2703871.0	1918783.0	4749935.0	2119829.0	1690234.0	1516707.0	2108672.0	2934562.0	3824073.0	5253328.0	5560870.0	12139347.0	5908310.0	8275473.0	11019624.0	5559145.0	4043341.0	2106535.0	6119640.0	5735850.0	3696344.0	2976884.0	4913970.0	3536058.0	3751371.0	5376608.0	6355941.0	1093239.0	4004810.0	441872.0	6041314.0	5997623.0	3719106.0	2390309.0	6123831.0	585178.0	2681269.0	3931326.0	3797478.0	5394671.0	5375215.0	6211627.0	7876498.0
ACA	7517696.0	4732656.0	6427755.0	6113973.0	6518864.0	3776646.0	2194550.0	4472351.0	3864980.0	3565471.0	2611842.0	3638336.0	3475544.0	4258093.0	5169528.0	5338611.0	4798740.0	2762773.0	5207198.0	3311565.0	4944261.0	2925937.0	1856249.0	4182234.0	1684202.0	1604203.0	1394722.0	1612859.0	2287049.0	3519738.0	4825191.0	4058664.0	7770203.0	4674678.0	6391429.0	6644554.0	4931289.0	3846950.0	1916230.0	4861226.0	4518574.0	3349852.0	2533434.0	3545204.0	2620397.0	3218161.0	4487862.0	4392503.0	590190.0	3088883.0	329521.0	3632700.0	4861656.0	3430305.0	1968308.0	4658468.0	710484.0	2269882.0	3151471.0	2704175.0	3263920.0	4203047.0	4221334.0	5044471.0
ACC	4701180.0	5251759.0	6480185.0	3776936.0	3776646.0	5626050.0	2524368.0	3437915.0	2513751.0	4330834.0	2420782.0	2586533.0	1960107.0	5385007.0	4619470.0	3612854.0	3344761.0	3501172.0	5715601.0	2421298.0	3811282.0	4473743.0	2580629.0	3737071.0	1518133.0	2836716.0	1925278.0	1531612.0	1678350.0	5187069.0	6418513.0	3123197.0	5237147.0	5891803.0	7163044.0	4788297.0	3622015.0	6290023.0	2700588.0	4296672.0	3453871.0	5106524.0	2802749.0	2999085.0	1660417.0	4343176.0	5007058.0	3115318.0	304264.0	3718173.0	209738.0	2380295.0	3184010.0	4665068.0	2329545.0	3648380.0	490283.0	2702790.0	3093915.0	1996198.0	1684463.0	5002461.0	3141131.0	3447408.0
ACG	2769439.0	2979488.0	4116766.0	2281656.0	2194550.0	2524368.0	2520804.0	1795712.0	1496711.0	2557004.0	1579497.0	1543257.0	1235464.0	2998341.0	3027338.0	2129378.0	1955491.0	1952820.0	3432648.0	1394271.0	2029788.0	2173541.0	2169777.0	1865065.0	1095786.0	1871680.0	1495681.0	1012729.0	961907.0	2724471.0	3955050.0	1734361.0	3215530.0	3654464.0	4816237.0	2992498.0	2246453.0	3350081.0	2802620.0	2383739.0	2124312.0	3106374.0	1922630.0	1773947.0	1040290.0	2466203.0	3524681.0	1874854.0	137377.0	2217505.0	108006.0	1429372.0	1795574.0	2259933.0	2069808.0	1883936.0	274142.0	1600332.0	1960954.0	1128287.0	1029653.0	2883458.0	2154404.0	2074224.0
ACT	6397010.0	4208225.0	5869282.0	5479112.0	4472351.0	3437915.0	1795712.0	5191034.0	3248281.0	3096476.0	2241113.0	3264833.0	2780876.0	3812364.0	4469605.0	4893963.0	4150654.0	2366600.0	4509206.0	2948802.0	4155482.0	2681241.0	1642316.0	4073088.0	1469989.0	1458125.0	1206080.0	1510717.0	1926484.0	3223949.0	4148822.0	3812354.0	6805100.0	4207310.0	5767683.0	6141107.0	3999216.0	3572369.0	1667041.0	4905650.0	4036595.0	3113989.0	2287809.0	3487746.0	2218344.0	3015137.0	3884123.0	4228788.0	514914.0	2759137.0	268972.0	3206974.0	4022978.0	3157462.0	1751409.0	4555608.0	525574.0	1979576.0	2758259.0	2382330.0	2775736.0	3809850.0	3836841.0	4538100.0
AGA	7018863.0	3705661.0	6109356.0	5047123.0	3864980.0	2513751.0	1496711.0	3248281.0	5346702.0	3070866.0	3317258.0	3222860.0	2782060.0	3208829.0	4384089.0	4425120.0	4164721.0	2248688.0	4500215.0	2889618.0	3778252.0	2165938.0	1441712.0	3328154.0	1716878.0	1343600.0	1388014.0	1525399.0	1897623.0	2681813.0	3915256.0	3454549.0	8086373.0	4030898.0	6685685.0	6223105.0	3926927.0	2930238.0	1551972.0	4165630.0	4428385.0	2670988.0	2433254.0	3141003.0	2050195.0	2401700.0	3512027.0	3622907.0	732133.0	2456646.0	408928.0	3130361.0	3675171.0	2618634.0	1485977.0	3720684.0	1025250.0	1982385.0	2944051.0	2395533.0	2880580.0	3311083.0	3801030.0	4298021.0
AGC	4950932.0	5204623.0	6889778.0	4018545.0	3565471.0	4330834.0	2557004.0	3096476.0	3070866.0	6671616.0	3112259.0	3549936.0	1952819.0	4473663.0	4731157.0	3360700.0	3389123.0	3387761.0	6401866.0	2513305.0	3736403.0	4114334.0	2780679.0	3591187.0	1636600.0	2899669.0	2337053.0	1539880.0	1638907.0	4386161.0	6647491.0	2999445.0	5701285.0	6196817.0	8280299.0	5288407.0	3981938.0	6026679.0	3272116.0	4357353.0	3919580.0	5866439.0	3476059.0	3244350.0	1678706.0	3712798.0	5270631.0	3003682.0	377321.0	3461781.0	270600.0	2386446.0	3521396.0	4557291.0	2722133.0	3896767.0	639981.0	2843029.0	3207450.0	2106476.0	1735343.0	4555665.0	3333209.0	3496462.0
AGG	4305814.0	3064457.0	5665657.0	3086409.0	2611842.0	2420782.0	1579497.0	2241113.0	3317258.0	3112259.0	3726060.0	2352925.0	1722877.0	2820445.0	3727087.0	2801714.0	2639857.0	2164660.0	4536383.0	2023214.0	2814758.0	2386557.0	1689231.0	2631022.0	1327008.0	1613420.0	1815081.0	1187122.0	1340174.0	2642822.0	4411712.0	2467296.0	5332219.0	3919230.0	7302914.0	4381261.0	3029995.0	3369379.0	2079591.0	3320932.0	3164594.0	3023967.0	2876905.0	2362620.0	1370550.0	2278486.0	3782721.0	2509198.0	364543.0	2188258.0	291595.0	2013466.0	2504596.0	2497169.0	1484025.0	2655554.0	696144.0	1939457.0	2688973.0	1762344.0	1572825.0	2866232.0	2936428.0	2865007.0
AGT	5910343.0	3697214.0	5327042.0	5234073.0	3638336.0	2586533.0	1543257.0	3264833.0	3222860.0	3549936.0	2352925.0	4169856.0	2440935.0	2942427.0	4012725.0	3990710.0	3662841.0	2030393.0	4220615.0	2640407.0	3382208.0	2094809.0	1410334.0	3151240.0	1356952.0	1244707.0	1202979.0	1344297.0	1656790.0	2467661.0	3719750.0	3063982.0	6469915.0	3899477.0	5633770.0	5995934.0	3598675.0	3006169.0	1590766.0	4006369.0	3834736.0	2909601.0	2359496.0	3366620.0	1986239.0	2367419.0	3605535.0	3500160.0	484598.0	2333896.0	271187.0	2879779.0	3806217.0	2797133.0	1712876.0	4043615.0	540606.0	1757173.0	2474314.0	2233566.0	2527811.0	3108196.0	3497618.0	4040954.0
ATA	6208127.0	3186273.0	4508320.0	5207803.0	3475544.0	1960107.0	1235464.0	2780876.0	2782060.0	1952819.0	1722877.0	2440935.0	3489136.0	2931905.0	3845329.0	4477338.0	3410531.0	1655253.0	3040682.0	2487210.0	2828115.0	1398646.0	1006902.0	2423736.0	1122973.0	868231.0	799175.0	1064346.0	1883893.0	2250046.0	3065166.0	3174423.0	5975076.0	3075212.0	4133199.0	5294477.0	3108294.0	2091598.0	1117931.0	3150412.0	3131849.0	1894359.0	1581499.0	2461357.0	2064916.0	1984034.0	2896005.0	3271145.0	637761.0	2171284.0	287582.0	3150676.0	3032080.0	1856818.0	1163885.0	2939499.0	408235.0	1514578.0	2006013.0	2089733.0	3095319.0	2946808.0	3390616.0	4248757.0
ATC	6487520.0	6842111.0	8692169.0	5231149.0	4258093.0	5385007.0	2998341.0	3812364.0	3208829.0	4473663.0	2820445.0	2942427.0	2931905.0	8845232.0	6469030.0	5570687.0	4195440.0	4138719.0	6793419.0	3198429.0	3962203.0	4132623.0	2645420.0	3827776.0	1994921.0	3305575.0	2262414.0	1957469.0	2400228.0	6846600.0	8537634.0	4514676.0	6967042.0	7677230.0	9096930.0	6799300.0	4359615.0	6741642.0	3176221.0	5125227.0	4492213.0	5928522.0	3232936.0	3834786.0	2227094.0	5630492.0	6536864.0	4261294.0	404291.0	4968676.0	241480.0	3477938.0	3572509.0	4689801.0	2650199.0	4033376.0	438757.0	3357335.0	3642322.0	2636172.0	2559396.0	7015188.0	4642954.0	5061380.0
ATG	8263467.0	6525536.0	9505930.0	6871124.0	5169528.0	4619470.0	3027338.0	4469605.0	4384089.0	4731157.0	3727087.0	4012725.0	3845329.0	6469030.0	9195144.0	6519519.0	5460793.0	3980110.0	7756148.0	4023343.0	4786524.0	3699720.0	2741610.0	4448057.0	2247941.0	2868401.0	2388545.0	2201790.0	2790326.0	5651289.0	8300041.0	5233812.0	9288743.0	7186691.0	10367481.0	8390271.0	5593533.0	6124908.0	3498007.0	6162898.0	5664308.0	5637255.0	3968107.0	4827095.0	2927967.0	4802618.0	7171591.0	5259388.0	591322.0	4939883.0	360840.0	4698360.0	4596268.0	4318803.0	2792899.0	4830994.0	624524.0	3209886.0	4310292.0	3252198.0	3670553.0	6704659.0	6003142.0	6625312.0
ATT	9771668.0	5558431.0	8115160.0	8387638.0	5338611.0	3612854.0	2129378.0	4893963.0	4425120.0	3360700.0	2801714.0	3990710.0	4477338.0	5570687.0	6519519.0	8248804.0	5588419.0	2913636.0	5305538.0	4150608.0	4621360.0	2565916.0	1751078.0	4262890.0	2011870.0	1770437.0	1481737.0	2044736.0	2852681.0	4236687.0	5544945.0	5753981.0	9805386.0	5538665.0	7502386.0	9235895.0	5156374.0	4116701.0	2052223.0	5898694.0	5488415.0	3767254.0	2841946.0	4668532.0	3112241.0	3902570.0	5188996.0	5989464.0	851788.0	3776627.0	374652.0	5086823.0	4804094.0	3342011.0	2055539.0	5141808.0	557971.0	2630463.0	3477958.0	3442513.0	4733612.0	5403583.0	6011420.0	7414783.0
CAA	8734864.0	5162718.0	7094713.0	7132160.0	4798740.0	3344761.0	1955491.0	4150654.0	4164721.0	3389123.0	2639857.0	3662841.0	3410531.0	4195440.0	5460793.0	5588419.0	8430492.0	3139546.0	7166555.0	4151828.0	5076072.0	2883125.0	2068961.0	4427744.0	2172977.0	1883396.0	1550002.0	2023250.0	2613931.0	3898223.0	4631453.0	4713634.0	10416249.0	5461481.0	7735981.0	8225925.0	5020315.0	4052517.0	2141002.0	5389367.0	4636481.0	3315468.0	2398002.0	3733194.0	2580155.0	3215366.0	4019461.0	4531374.0	715538.0	3219090.0	345637.0	3979074.0	4794115.0	3390677.0	2128111.0	4806169.0	727737.0	2123656.0	3118022.0	2588896.0	3706296.0	4348211.0	4688804.0	5366792.0
CAC	4094969.0	4219465.0	5496969.0	3037792.0	2762773.0	3501172.0	1952820.0	2366600.0	2248688.0	3387761.0	2164660.0	2030393.0	1655253.0	4138719.0	3980110.0	2913636.0	3139546.0	5622738.0	5487136.0	3252324.0	3067170.0	3552423.0	2270560.0	3058832.0	1421203.0	2662197.0	1873954.0	1414181.0	1562265.0	4601377.0	5919439.0	2855741.0	4417026.0	5068259.0	6293732.0	3984127.0	2954789.0	4844649.0	2457458.0	3384829.0	2881301.0	4089919.0	2394510.0	2356590.0	1443261.0	3467678.0	4420436.0	2548542.0	327069.0	3396393.0	215285.0	2161832.0	2465547.0	3432256.0	1860748.0	2794390.0	511596.0	2468930.0	2706116.0	1888724.0	1509117.0	4283187.0	2736937.0	3056583.0
CAG	7915245.0	7350797.0	11236292.0	6117092.0	5207198.0	5715601.0	3432648.0	4509206.0	4500215.0	6401866.0	4536383.0	4220615.0	3040682.0	6793419.0	7756148.0	5305538.0	7166555.0	5487136.0	15260256.0	4307530.0	5785695.0	5740831.0	4018318.0	5527391.0	2593348.0	4220539.0	3729446.0	2472169.0	2789796.0	6957042.0	11367492.0	5105505.0	10297423.0	9589382.0	15303646.0	8624050.0	6200232.0	8671050.0	4691107.0	6855724.0	5526386.0	6881290.0	4737631.0	4408093.0	2625075.0	5373555.0	8182104.0	4583555.0	486047.0	5365775.0	381123.0	3887153.0	4693220.0	5633501.0	3283907.0	5249113.0	800026.0	3686367.0	4789283.0	3080929.0	2825283.0	6770899.0	5386088.0	5440220.0
CAT	5650890.0	3490148.0	4964962.0	4808907.0	3311565.0	2421298.0	1394271.0	2948802.0	2889618.0	2513305.0	2023214.0	2640407.0	2487210.0	3198429.0	4023343.0	4150608.0	4151828.0	3252324.0	4307530.0	4386986.0	3427220.0	2187838.0	1474452.0	3314020.0	1477044.0	1409317.0	1202676.0	1502039.0	1853588.0	2956393.0	3814423.0	3587406.0	6050694.0	3664184.0	5070436.0	5480725.0	3423336.0	2897725.0	1491573.0	3847508.0	3461988.0	2634860.0	2026898.0	2893671.0	1977383.0	2555113.0	3440186.0	3566125.0	501036.0	2538821.0	263375.0	3197198.0	3268526.0	2521337.0	1477746.0	3569666.0	581464.0	1878075.0	2539042.0	2320264.0	2595663.0	3392147.0	3513263.0	4211500.0
CCA	6769898.0	4364136.0	6363423.0	5266399.0	4944261.0	3811282.0	2029788.0	4155482.0	3778252.0	3736403.0	2814758.0	3382208.0	2828115.0	3962203.0	4786524.0	4621360.0	5076072.0	3067170.0	5785695.0	3427220.0	7394472.0	4445350.0	2934369.0	6004439.0	1904279.0	1981060.0	1705060.0	1829343.0	2236424.0	3796162.0	4876030.0	3997127.0	7293522.0	4780488.0	6499717.0	6248107.0	5007490.0	4492628.0	2178766.0	5179672.0	4803464.0	3896374.0	2929592.0	3817215.0	2402448.0	3307093.0	4374431.0	4146439.0	472522.0	3141057.0	294282.0	3395811.0	4831123.0	3896005.0	2127439.0	4810449.0	715523.0	2282275.0	3061294.0	2445277.0	2804988.0	4224631.0	3870549.0	4633966.0
CCC	3662905.0	4020588.0	5525959.0	2703871.0	2925937.0	4473743.0	2173541.0	2681241.0	2165938.0	4114334.0	2386557.0	2094809.0	1398646.0	4132623.0	3699720.0	2565916.0	2883125.0	3552423.0	5740831.0	2187838.0	4445350.0	6939208.0	3651296.0	4784258.0	1490075.0	3234433.0	2258615.0	1469579.0	1399041.0	5056974.0	6052979.0	2644797.0	4142502.0	5330123.0	6689404.0	3755139.0	3321318.0	6634640.0	3023302.0	3913172.0	3171445.0	5323670.0	3131715.0	2662174.0	1316868.0	3780252.0	4525424.0	2385736.0	254498.0	3192540.0	205430.0	1873556.0	2697272.0	4742145.0	2223734.0	3322861.0	509251.0	2517548.0	2735790.0	1656554.0	1212950.0	4384611.0	2423573.0	2785844.0
CCG	2448200.0	2738520.0	3897252.0	1918783.0	1856249.0	2580629.0	2169777.0	1642316.0	1441712.0	2780679.0	1689231.0	1410334.0	1006902.0	2645420.0	2741610.0	1751078.0	2068961.0	2270560.0	4018318.0	1474452.0	2934369.0	3651296.0	4181778.0	2797279.0	1232566.0	2484407.0	1942949.0	1133646.0	937629.0	3038799.0	4140879.0	1688598.0	2951014.0	3811408.0	4968275.0	2763487.0	2374882.0	4329194.0	3499177.0	2621686.0	2252207.0	3794398.0	2334574.0	1851606.0	947930.0	2530400.0	3421301.0	1720044.0	120903.0	2228110.0	106431.0	1314314.0	1785360.0	2730223.0	2331426.0	1982188.0	295515.0	1643363.0	1903909.0	1011599.0	858628.0	2921870.0	1894765.0	1867101.0
CCT	5889533.0	4127382.0	6065117.0	4749935.0	4182234.0	3737071.0	1865065.0	4073088.0	3328154.0	3591187.0	2631022.0	3151240.0	2423736.0	3827776.0	4448057.0	4262890.0	4427744.0	3058832.0	5527391.0	3314020.0	6004439.0	4784258.0	2797279.0	6814034.0	1782734.0	2063856.0	1705729.0	1807250.0	1981518.0	4038096.0	4850972.0	4080611.0	6566296.0	4712844.0	6399395.0	5951607.0	4429314.0	4662053.0	2148927.0	5416176.0	4556580.0	4089641.0	2975480.0	3884643.0	2137475.0	3361437.0	4261950.0	4057321.0	429379.0	3021999.0	264160.0	3126977.0	4166367.0	4096434.0	2031102.0	5108484.0	610316.0	2229096.0	2951296.0	2345088.0	2421848.0	4189872.0	3609769.0	4432577.0
CGA	2837093.0	2030678.0	3042991.0	2119829.0	1684202.0	1518133.0	1095786.0	1469989.0	1716878.0	1636600.0	1327008.0	1356952.0	1122973.0	1994921.0	2247941.0	2011870.0	2172977.0	1421203.0	2593348.0	1477044.0	1904279.0	1490075.0	1232566.0	1782734.0	1454924.0	1367211.0	1183271.0	1153372.0	989664.0	1914735.0	2429336.0	1816641.0	3757749.0	2609120.0	3825355.0	3054370.0	2058054.0	2164052.0	1407030.0	2247249.0	2096209.0	1915962.0	1295656.0	1619852.0	967150.0	1613639.0	2038716.0	1719897.0	149078.0	1457257.0	92257.0	1398158.0	1615215.0	1545638.0	1163864.0	1694185.0	282494.0	1053412.0	1474622.0	1013035.0	1107749.0	1959077.0	1830685.0	1914906.0
CGC	2257245.0	3038133.0	4346862.0	1690234.0	1604203.0	2836716.0	1871680.0	1458125.0	1343600.0	2899669.0	1613420.0	1244707.0	868231.0	3305575.0	2868401.0	1770437.0	1883396.0	2662197.0	4220539.0	1409317.0	1981060.0	3234433.0	2484407.0	2063856.0	1367211.0	3942206.0	2186409.0	1475597.0	938718.0	4026541.0	4818870.0	1787044.0	3248334.0	4806328.0	6500674.0	2863530.0	2206975.0	5161211.0	3173682.0	2588234.0	1921167.0	4320512.0	2015755.0	1744883.0	824812.0	2927414.0	3421598.0	1544640.0	104022.0	2457831.0	87095.0	1201727.0	1454685.0	2861419.0	1907966.0	1738105.0	220508.0	1942675.0	2073004.0	1001520.0	721624.0	3211573.0	1752633.0	1737933.0
CGG	2062450.0	2185427.0	3629126.0	1516707.0	1394722.0	1925278.0	1495681.0	1206080.0	1388014.0	2337053.0	1815081.0	1202979.0	799175.0	2262414.0	2388545.0	1481737.0	1550002.0	1873954.0	3729446.0	1202676.0	1705060.0	2258615.0	1942949.0	1705729.0	1183271.0	2186409.0	2375244.0	1035378.0	815352.0	2459000.0	4185438.0	1480055.0	2920597.0	3433767.0	5808608.0	2505271.0	1930947.0	3417010.0	2607710.0	2141324.0	1821578.0	3038305.0	2198935.0	1467777.0	757131.0	1930303.0	3135517.0	1357386.0	109023.0	1762908.0	103631.0	1067060.0	1304085.0	1962723.0	1457714.0	1451743.0	270256.0	1495505.0	1831535.0	949634.0	708319.0	2266048.0	1654684.0	1555301.0
CGT	2624348.0	1989656.0	2973089.0	2108672.0	1612859.0	1531612.0	1012729.0	1510717.0	1525399.0	1539880.0	1187122.0	1344297.0	1064346.0	1957469.0	2201790.0	2044736.0	2023250.0	1414181.0	2472169.0	1502039.0	1829343.0	1469579.0	1133646.0	1807250.0	1153372.0	1475597.0	1035378.0	1453184.0	911278.0	1895240.0	2320883.0	1844936.0	3527481.0	2546394.0	3717272.0	3106139.0	1965225.0	2203719.0	1299445.0	2368860.0	1884784.0	1947990.0	1178997.0	1876389.0	951397.0	1637208.0	2011556.0	1813481.0	135211.0	1460754.0	87040.0	1432313.0	1573297.0	1542717.0	1100471.0	1785097.0	217021.0	1036195.0	1446733.0	1068629.0	1116991.0	1933103.0	1830182.0	1918472.0
CTA	3698318.0	2386831.0	3335588.0	2934562.0	2287049.0	1678350.0	961907.0	1926484.0	1897623.0	1638907.0	1340174.0	1656790.0	1883893.0	2400228.0	2790326.0	2852681.0	2613931.0	1562265.0	2789796.0	1853588.0	2236424.0	1399041.0	937629.0	1981518.0	989664.0	938718.0	815352.0	911278.0	2820942.0	2305350.0	2958660.0	2577531.0	4021632.0	2533611.0	3434867.0	3457837.0	2450312.0	2100858.0	1059060.0	2595246.0	2294484.0	1769331.0	1327566.0	1825619.0	1391955.0	1769957.0	2323196.0	2298715.0	328818.0	1752725.0	190105.0	1977869.0	2124850.0	1662194.0	959647.0	2173101.0	338888.0	1239005.0	1606171.0	1421662.0	1838656.0	2477044.0	2426864.0	2813491.0
CTC	4909597.0	5749441.0	7116293.0	3824073.0	3519738.0	5187069.0	2724471.0	3223949.0	2681813.0	4386161.0	2642822.0	2467661.0	2250046.0	6846600.0	5651289.0	4236687.0	3898223.0	4601377.0	6957042.0	2956393.0	3796162.0	5056974.0	3038799.0	4038096.0	1914735.0	4026541.0	2459000.0	1895240.0	2305350.0	9440552.0	8537145.0	4578461.0	5781055.0	7294415.0	8384454.0	5336554.0	4144779.0	7889480.0	3792245.0	5014316.0	3903383.0	6309201.0	3260204.0	3306352.0	1852702.0	5752620.0	5840109.0	3553329.0	334689.0	4571237.0	243758.0	2762955.0	3190196.0	5415273.0	2702968.0	4024620.0	543639.0	3434926.0	3499916.0	2317079.0	1969414.0	7035477.0	3924146.0	4400636.0
CTG	6783463.0	7739190.0	11102868.0	5253328.0	4825191.0	6418513.0	3955050.0	4148822.0	3915256.0	6647491.0	4411712.0	3719750.0	3065166.0	8537634.0	8300041.0	5544945.0	4631453.0	5919439.0	11367492.0	3814423.0	4876030.0	6052979.0	4140879.0	4850972.0	2429336.0	4818870.0	4185438.0	2320883.0	2958660.0	8537145.0	16304226.0	5169261.0	7975338.0	9894492.0	14328375.0	7340425.0	5711030.0	9974194.0	5495391.0	6549953.0	5415163.0	8315575.0	5462849.0	4288285.0	2577277.0	6411080.0	10566811.0	4503478.0	425430.0	6229375.0	331097.0	3823739.0	4034083.0	5957574.0	3443349.0	4660804.0	713080.0	4779436.0	5020759.0	3426157.0	2633002.0	8356733.0	5751842.0	5794988.0
CTT	6766776.0	4401308.0	6374156.0	5560870.0	4058664.0	3123197.0	1734361.0	3812354.0	3454549.0	2999445.0	2467296.0	3063982.0	3174423.0	4514676.0	5233812.0	5753981.0	4713634.0	2855741.0	5105505.0	3587406.0	3997127.0	2644797.0	1688598.0	4080611.0	1816641.0	1787044.0	1480055.0	1844936.0	2577531.0	4578461.0	5169261.0	5865356.0	7481950.0	4713373.0	6451448.0	6803644.0	4595991.0	4017390.0	1978847.0	5399834.0	4512580.0	3479173.0	2572955.0	3787301.0	2426511.0	3483036.0	4309186.0	4802742.0	524647.0	3205234.0	284029.0	3791519.0	3913093.0	3255221.0	1797384.0	4605938.0	575391.0	2379270.0	3028370.0	2758576.0	3280819.0	4941917.0	4843066.0	5936956.0
GAA	18757610.0	8202240.0	15737402.0	12139347.0	7770203.0	5237147.0	3215530.0	6805100.0	8086373.0	5701285.0	5332219.0	6469915.0	5975076.0	6967042.0	9288743.0	9805386.0	10416249.0	4417026.0	10297423.0	6050694.0	7293522.0	4142502.0	2951014.0	6566296.0	3757749.0	3248334.0	2920597.0	3527481.0	4021632.0	5781055.0	7975338.0	7481950.0	21850350.0	9927584.0	16144132.0	15621656.0	8413293.0	6691029.0	3592133.0	9124726.0	8008540.0	5429159.0	4343854.0	6227363.0	4645806.0	5355663.0	7482748.0	8080420.0	1037249.0	5172708.0	458842.0	6684477.0	7307225.0	5135518.0	3239425.0	7647470.0	832989.0	3419104.0	5153454.0	4443850.0	6289951.0	6763198.0	8078145.0	8923370.0
GAC	8136101.0	7809294.0	11557766.0	5908310.0	4674678.0	5891803.0	3654464.0	4207310.0	4030898.0	6196817.0	3919230.0	3899477.0	3075212.0	7677230.0	7186691.0	5538665.0	5461481.0	5068259.0	9589382.0	3664184.0	4780488.0	5330123.0	3811408.0	4712844.0	2609120.0	4806328.0	3433767.0	2546394.0	2533611.0	7294415.0	9894492.0	4713373.0	9927584.0	12144800.0	13821643.0	9550130.0	5396952.0	8964058.0	4965305.0	6288417.0	5266075.0	7790278.0	4381173.0	4504640.0	2631909.0	6453703.0	8279353.0	4894919.0	338862.0	5949661.0	221165.0	3877746.0	4218927.0	5703177.0	3535662.0	4867309.0	452044.0	3905264.0	4634082.0	2959765.0	2626611.0	7596839.0	5011728.0	5536335.0
GAG	12871532.0	9434780.0	19943274.0	8275473.0	6391429.0	7163044.0	4816237.0	5767683.0	6685685.0	8280299.0	7302914.0	5633770.0	4133199.0	9096930.0	10367481.0	7502386.0	7735981.0	6293732.0	15303646.0	5070436.0	6499717.0	6689404.0	4968275.0	6399395.0	3825355.0	6500674.0	5808608.0	3717272.0	3434867.0	8384454.0	14328375.0	6451448.0	16144132.0	13821643.0	25854338.0	13203401.0	8056333.0	11536665.0	7324797.0	9296508.0	7387635.0	9324236.0	6895173.0	6069109.0	3531602.0	7325208.0	11636625.0	6678735.0	509868.0	6854315.0	364977.0	5111591.0	5653499.0	6635973.0	4404548.0	6464391.0	679953.0	4687532.0	6262177.0	3858907.0	3665781.0	8621349.0	7582950.0	7037681.0
GAT	13451180.0	7541307.0	12572762.0	11019624.0	6644554.0	4788297.0	2992498.0	6141107.0	6223105.0	5288407.0	4381261.0	5995934.0	5294477.0	6799300.0	8390271.0	9235895.0	8225925.0	3984127.0	8624050.0	5480725.0	6248107.0	3755139.0	2763487.0	5951607.0	3054370.0	2863530.0	2505271.0	3106139.0	3457837.0	5336554.0	7340425.0	6803644.0	15621656.0	9550130.0	13203401.0	16144704.0	7193158.0	6108267.0	3356502.0	8339046.0	7274220.0	5515047.0	4242134.0	6458304.0	4177893.0	5378105.0	7520820.0	7970998.0	725787.0	5200787.0	329418.0	6576605.0	6557515.0	4807553.0	3167643.0	7102258.0	521671.0	3369892.0	5048344.0	4239204.0	5311902.0	6841399.0	7442298.0	8640574.0
GCA	7167445.0	4627342.0	7335608.0	5559145.0	4931289.0	3622015.0	2246453.0	3999216.0	3926927.0	3981938.0	3029995.0	3598675.0	3108294.0	4359615.0	5593533.0	5156374.0	5020315.0	2954789.0	6200232.0	3423336.0	5007490.0	3321318.0	2374882.0	4429314.0	2058054.0	2206975.0	1930947.0	1965225.0	2450312.0	4144779.0	5711030.0	4595991.0	8413293.0	5396952.0	8056333.0	7193158.0	7539806.0	5884665.0	3451716.0	7107182.0	5328466.0	4579642.0	3337993.0	4328950.0	2706840.0	3640643.0	5129633.0	4659647.0	424367.0	3230271.0	257478.0	3534879.0	4549632.0	3633282.0	2283651.0	4595849.0	614341.0	2479656.0	3295071.0	2651993.0	3102489.0	4547309.0	4633407.0	5097613.0
GCC	5285962.0	6320364.0	9098925.0	4043341.0	3846950.0	6290023.0	3350081.0	3572369.0	2930238.0	6026679.0	3369379.0	3006169.0	2091598.0	6741642.0	6124908.0	4116701.0	4052517.0	4844649.0	8671050.0	2897725.0	4492628.0	6634640.0	4329194.0	4662053.0	2164052.0	5161211.0	3417010.0	2203719.0	2100858.0	7889480.0	9974194.0	4017390.0	6691029.0	8964058.0	11536665.0	6108267.0	5884665.0	13078634.0	6205543.0	7324464.0	4708392.0	8767441.0	4586901.0	4289671.0	1961514.0	6212051.0	7278256.0	3757867.0	262267.0	4892069.0	205936.0	2765471.0	3424613.0	6190097.0	3402651.0	4188164.0	486262.0	3822991.0	3956978.0	2390997.0	1864131.0	6767448.0	4007478.0	4152342.0
GCG	2660740.0	3164213.0	5072286.0	2106535.0	1916230.0	2700588.0	2802620.0	1667041.0	1551972.0	3272116.0	2079591.0	1590766.0	1117931.0	3176221.0	3498007.0	2052223.0	2141002.0	2457458.0	4691107.0	1491573.0	2178766.0	3023302.0	3499177.0	2148927.0	1407030.0	3173682.0	2607710.0	1299445.0	1059060.0	3792245.0	5495391.0	1978847.0	3592133.0	4965305.0	7324797.0	3356502.0	3451716.0	6205543.0	7098230.0	3711614.0	2678981.0	5348733.0	3200215.0	2302869.0	1085931.0	3133399.0	4769716.0	2037810.0	111252.0	2484362.0	101442.0	1397841.0	1725524.0	2744102.0	2770785.0	1951272.0	266932.0	2004076.0	2303092.0	1145024.0	960527.0	3380901.0	2446382.0	2127677.0
GCT	7543473.0	5287562.0	8450624.0	6119640.0	4861226.0	4296672.0	2383739.0	4905650.0	4165630.0	4357353.0	3320932.0	4006369.0	3150412.0	5125227.0	6162898.0	5898694.0	5389367.0	3384829.0	6855724.0	3847508.0	5179672.0	3913172.0	2621686.0	5416176.0	2247249.0	2588234.0	2141324.0	2368860.0	2595246.0	5014316.0	6549953.0	5399834.0	9124726.0	6288417.0	9296508.0	8339046.0	7107182.0	7324464.0	3711614.0	9636626.0	5998861.0	5499609.0	3822174.0	5516814.0	2789612.0	4459511.0	5764888.0	5674488.0	438465.0	3733380.0	259364.0	3950915.0	4663438.0	4304310.0	2519751.0	5605094.0	584923.0	2844337.0	3702055.0	3029899.0	3273756.0	5307959.0	5252642.0	5678562.0
GGA	6943220.0	4703820.0	6784669.0	5735850.0	4518574.0	3453871.0	2124312.0	4036595.0	4428385.0	3919580.0	3164594.0	3834736.0	3131849.0	4492213.0	5664308.0	5488415.0	4636481.0	2881301.0	5526386.0	3461988.0	4803464.0	3171445.0	2252207.0	4556580.0	2096209.0	1921167.0	1821578.0	1884784.0	2294484.0	3903383.0	5415163.0	4512580.0	8008540.0	5266075.0	7387635.0	7274220.0	5328466.0	4708392.0	2678981.0	5998861.0	7225936.0	4991662.0	3843866.0	5181687.0	2718655.0	3818773.0	5309702.0	5051237.0	543965.0	3656418.0	307037.0	4147270.0	4146638.0	3436908.0	2119783.0	4525367.0	850498.0	2914580.0	3725209.0	3291450.0	3050542.0	4872817.0	4584886.0	5608827.0
GGC	4362348.0	5621665.0	7387845.0	3696344.0	3349852.0	5106524.0	3106374.0	3113989.0	2670988.0	5866439.0	3023967.0	2909601.0	1894359.0	5928522.0	5637255.0	3767254.0	3315468.0	4089919.0	6881290.0	2634860.0	3896374.0	5323670.0	3794398.0	4089641.0	1915962.0	4320512.0	3038305.0	1947990.0	1769331.0	6309201.0	8315575.0	3479173.0	5429159.0	7790278.0	9324236.0	5515047.0	4579642.0	8767441.0	5348733.0	5499609.0	4991662.0	10380044.0	4689823.0	4753488.0	1829843.0	5567033.0	6870948.0	3562359.0	262131.0	4657510.0	201872.0	2735990.0	2990509.0	4916288.0	3082477.0	3575653.0	495572.0	3961998.0	3981337.0	2499177.0	1605894.0	6155092.0	3563874.0	3928604.0
GGG	3563055.0	3248004.0	5138963.0	2976884.0	2533434.0	2802749.0	1922630.0	2287809.0	2433254.0	3476059.0	2876905.0	2359496.0	1581499.0	3232936.0	3968107.0	2841946.0	2398002.0	2394510.0	4737631.0	2026898.0	2929592.0	3131715.0	2334574.0	2975480.0	1295656.0	2015755.0	2198935.0	1178997.0	1327566.0	3260204.0	5462849.0	2572955.0	4343854.0	4381173.0	6895173.0	4242134.0	3337993.0	4586901.0	3200215.0	3822174.0	3843866.0	4689823.0	4574448.0	3076672.0	1463814.0	2931491.0	5023601.0	2821575.0	249927.0	2674529.0	215454.0	2190910.0	2328833.0	2855756.0	1817215.0	2695737.0	509301.0	2573875.0	2946768.0	2162580.0	1419858.0	3523621.0	2983875.0	3125946.0
GGT	5317573.0	4062258.0	5703066.0	4913970.0	3545204.0	2999085.0	1773947.0	3487746.0	3141003.0	3244350.0	2362620.0	3366620.0	2461357.0	3834786.0	4827095.0	4668532.0	3733194.0	2356590.0	4408093.0	2893671.0	3817215.0	2662174.0	1851606.0	3884643.0	1619852.0	1744883.0	1467777.0	1876389.0	1825619.0	3306352.0	4288285.0	3787301.0	6227363.0	4504640.0	6069109.0	6458304.0	4328950.0	4289671.0	2302869.0	5516814.0	5181687.0	4753488.0	3076672.0	5932280.0	2248790.0	3402219.0	4391009.0	4569055.0	329327.0	3023220.0	198242.0	3385295.0	3442754.0	2920905.0	1885639.0	3947125.0	434476.0	2244913.0	3062489.0	2663710.0	2556301.0	4053305.0	3950777.0	4560899.0
GTA	4241476.0	2455404.0	3571760.0	3536058.0	2620397.0	1660417.0	1040290.0	2218344.0	2050195.0	1678706.0	1370550.0	1986239.0	2064916.0	2227094.0	2927967.0	3112241.0	2580155.0	1443261.0	2625075.0	1977383.0	2402448.0	1316868.0	947930.0	2137475.0	967150.0	824812.0	757131.0	951397.0	1391955.0	1852702.0	2577277.0	2426511.0	4645806.0	2631909.0	3531602.0	4177893.0	2706840.0	1961514.0	1085931.0	2789612.0	2718655.0	1829843.0	1463814.0	2248790.0	2338790.0	1784513.0	2588761.0	2688724.0	347932.0	1724661.0	184754.0	2188844.0	2316732.0	1561090.0	990886.0	2333295.0	312230.0	1226022.0	1666770.0	1624971.0	2043662.0	2305479.0	2552156.0	3063064.0
GTC	4550179.0	5111074.0	6560760.0	3751371.0	3218161.0	4343176.0	2466203.0	3015137.0	2401700.0	3712798.0	2278486.0	2367419.0	1984034.0	5630492.0	4802618.0	3902570.0	3215366.0	3467678.0	5373555.0	2555113.0	3307093.0	3780252.0	2530400.0	3361437.0	1613639.0	2927414.0	1930303.0	1637208.0	1769957.0	5752620.0	6411080.0	3483036.0	5355663.0	6453703.0	7325208.0	5378105.0	3640643.0	6212051.0	3133399.0	4459511.0	3818773.0	5567033.0	2931491.0	3402219.0	1784513.0	5277058.0	5226610.0	3537685.0	270730.0	3788721.0	185697.0	2544013.0	2769982.0	3924453.0	2311922.0	3270539.0	397650.0	2734391.0	3028238.0	2049901.0	1741961.0	5415283.0	3480574.0	3775924.0
GTG	6476467.0	6452037.0	9658724.0	5376608.0	4487862.0	5007058.0	3524681.0	3884123.0	3512027.0	5270631.0	3782721.0	3605535.0	2896005.0	6536864.0	7171591.0	5188996.0	4019461.0	4420436.0	8182104.0	3440186.0	4374431.0	4525424.0	3421301.0	4261950.0	2038716.0	3421598.0	3135517.0	2011556.0	2323196.0	5840109.0	10566811.0	4309186.0	7482748.0	8279353.0	11636625.0	7520820.0	5129633.0	7278256.0	4769716.0	5764888.0	5309702.0	6870948.0	5023601.0	4391009.0	2588761.0	5226610.0	10018912.0	4639231.0	357028.0	4986056.0	266392.0	3625382.0	3718857.0	4477626.0	3000600.0	4164226.0	531458.0	3762961.0	4285540.0	3128148.0	2516090.0	6527242.0	5286927.0	5312433.0
GTT	7345560.0	4558961.0	6822887.0	6355941.0	4392503.0	3115318.0	1874854.0	4228788.0	3622907.0	3003682.0	2509198.0	3500160.0	3271145.0	4261294.0	5259388.0	5989464.0	4531374.0	2548542.0	4583555.0	3566125.0	4146439.0	2385736.0	1720044.0	4057321.0	1719897.0	1544640.0	1357386.0	1813481.0	2298715.0	3553329.0	4503478.0	4802742.0	8080420.0	4894919.0	6678735.0	7970998.0	4659647.0	3757867.0	2037810.0	5674488.0	5051237.0	3562359.0	2821575.0	4569055.0	2688724.0	3537685.0	4639231.0	5653898.0	513775.0	3094866.0	264632.0	3907157.0	4026938.0	2913353.0	1875099.0	4523477.0	485408.0	2231802.0	3076144.0	2880021.0	3414787.0	4424869.0	4955675.0	5801997.0
TAA	1428850.0	509151.0	740931.0	1093239.0	590190.0	304264.0	137377.0	514914.0	732133.0	377321.0	364543.0	484598.0	637761.0	404291.0	591322.0	851788.0	715538.0	327069.0	486047.0	501036.0	472522.0	254498.0	120903.0	429379.0	149078.0	104022.0	109023.0	135211.0	328818.0	334689.0	425430.0	524647.0	1037249.0	338862.0	509868.0	725787.0	424367.0	262267.0	111252.0	438465.0	543965.0	262131.0	249927.0	329327.0	347932.0	270730.0	357028.0	513775.0	1046432.0	354099.0	364162.0	685411.0	609800.0	339406.0	140678.0	578893.0	478490.0	371890.0	446587.0	563680.0	769665.0	509570.0	582388.0	1037883.0
TAC	4845093.0	5254477.0	6502454.0	4004810.0	3088883.0	3718173.0	2217505.0	2759137.0	2456646.0	3461781.0	2188258.0	2333896.0	2171284.0	4968676.0	4939883.0	3776627.0	3219090.0	3396393.0	5365775.0	2538821.0	3141057.0	3192540.0	2228110.0	3021999.0	1457257.0	2457831.0	1762908.0	1460754.0	1752725.0	4571237.0	6229375.0	3205234.0	5172708.0	5949661.0	6854315.0	5200787.0	3230271.0	4892069.0	2484362.0	3733380.0	3656418.0	4657510.0	2674529.0	3023220.0	1724661.0	3788721.0	4986056.0	3094866.0	354099.0	4972764.0	205580.0	3111925.0	2629226.0	3341763.0	2028491.0	2958765.0	353882.0	2827507.0	3050322.0	2270176.0	1951102.0	5353500.0	3431802.0	4062457.0
TAG	601346.0	282336.0	463803.0	441872.0	329521.0	209738.0	108006.0	268972.0	408928.0	270600.0	291595.0	271187.0	287582.0	241480.0	360840.0	374652.0	345637.0	215285.0	381123.0	263375.0	294282.0	205430.0	106431.0	264160.0	92257.0	87095.0	103631.0	87040.0	190105.0	243758.0	331097.0	284029.0	458842.0	221165.0	364977.0	329418.0	257478.0	205936.0	101442.0	259364.0	307037.0	201872.0	215454.0	198242.0	184754.0	185697.0	266392.0	264632.0	364162.0	205580.0	226266.0	299873.0	332899.0	240834.0	105663.0	315461.0	283015.0	255951.0	342725.0	311006.0	324030.0	312742.0	350613.0	483403.0
TAT	6684995.0	3905634.0	5467511.0	6041314.0	3632700.0	2380295.0	1429372.0	3206974.0	3130361.0	2386446.0	2013466.0	2879779.0	3150676.0	3477938.0	4698360.0	5086823.0	3979074.0	2161832.0	3887153.0	3197198.0	3395811.0	1873556.0	1314314.0	3126977.0	1398158.0	1201727.0	1067060.0	1432313.0	1977869.0	2762955.0	3823739.0	3791519.0	6684477.0	3877746.0	5111591.0	6576605.0	3534879.0	2765471.0	1397841.0	3950915.0	4147270.0	2735990.0	2190910.0	3385295.0	2188844.0	2544013.0	3625382.0	3907157.0	685411.0	3111925.0	299873.0	5303080.0	3394354.0	2305521.0	1429217.0	3689605.0	452838.0	2000294.0	2679928.0	2779437.0	3360189.0	3918182.0	4080907.0	5443578.0
TCA	7036267.0	4213397.0	5841039.0	5997623.0	4861656.0	3184010.0	1795574.0	4022978.0	3675171.0	3521396.0	2504596.0	3806217.0	3032080.0	3572509.0	4596268.0	4804094.0	4794115.0	2465547.0	4693220.0	3268526.0	4831123.0	2697272.0	1785360.0	4166367.0	1615215.0	1454685.0	1304085.0	1573297.0	2124850.0	3190196.0	4034083.0	3913093.0	7307225.0	4218927.0	5653499.0	6557515.0	4549632.0	3424613.0	1725524.0	4663438.0	4146638.0	2990509.0	2328833.0	3442754.0	2316732.0	2769982.0	3718857.0	4026938.0	609800.0	2629226.0	332899.0	3394354.0	6013606.0	3855672.0	2306608.0	5529312.0	706208.0	2066402.0	2780952.0	2506722.0	3256341.0	3980413.0	4046362.0	4962259.0
TCC	4660392.0	4767499.0	6003011.0	3719106.0	3430305.0	4665068.0	2259933.0	3157462.0	2618634.0	4557291.0	2497169.0	2797133.0	1856818.0	4689801.0	4318803.0	3342011.0	3390677.0	3432256.0	5633501.0	2521337.0	3896005.0	4742145.0	2730223.0	4096434.0	1545638.0	2861419.0	1962723.0	1542717.0	1662194.0	5415273.0	5957574.0	3255221.0	5135518.0	5703177.0	6635973.0	4807553.0	3633282.0	6190097.0	2744102.0	4304310.0	3436908.0	4916288.0	2855756.0	2920905.0	1561090.0	3924453.0	4477626.0	2913353.0	339406.0	3341763.0	240834.0	2305521.0	3855672.0	6551652.0	2866151.0	4822479.0	561209.0	2665679.0	2842878.0	2029256.0	1757694.0	5118344.0	3157833.0	3659284.0
TCG	2764466.0	2837324.0	3861749.0	2390309.0	1968308.0	2329545.0	2069808.0	1751409.0	1485977.0	2722133.0	1484025.0	1712876.0	1163885.0	2650199.0	2792899.0	2055539.0	2128111.0	1860748.0	3283907.0	1477746.0	2127439.0	2223734.0	2331426.0	2031102.0	1163864.0	1907966.0	1457714.0	1100471.0	959647.0	2702968.0	3443349.0	1797384.0	3239425.0	3535662.0	4404548.0	3167643.0	2283651.0	3402651.0	2770785.0	2519751.0	2119783.0	3082477.0	1817215.0	1885639.0	990886.0	2311922.0	3000600.0	1875099.0	140678.0	2028491.0	105663.0	1429217.0	2306608.0	2866151.0	2941354.0	2499691.0	254516.0	1485068.0	1759106.0	1075958.0	1079923.0	2888570.0	2212400.0	2149093.0
TCT	7104770.0	4620222.0	6467846.0	6123831.0	4658468.0	3648380.0	1883936.0	4555608.0	3720684.0	3896767.0	2655554.0	4043615.0	2939499.0	4033376.0	4830994.0	5141808.0	4806169.0	2794390.0	5249113.0	3569666.0	4810449.0	3322861.0	1982188.0	5108484.0	1694185.0	1738105.0	1451743.0	1785097.0	2173101.0	4024620.0	4660804.0	4605938.0	7647470.0	4867309.0	6464391.0	7102258.0	4595849.0	4188164.0	1951272.0	5605094.0	4525367.0	3575653.0	2695737.0	3947125.0	2333295.0	3270539.0	4164226.0	4523477.0	578893.0	2958765.0	315461.0	3689605.0	5529312.0	4822479.0	2499691.0	8673530.0	631142.0	2294953.0	2967698.0	2855795.0	3160555.0	4641548.0	4355344.0	5701532.0
TGA	964582.0	495978.0	759692.0	585178.0	710484.0	490283.0	274142.0	525574.0	1025250.0	639981.0	696144.0	540606.0	408235.0	438757.0	624524.0	557971.0	727737.0	511596.0	800026.0	581464.0	715523.0	509251.0	295515.0	610316.0	282494.0	220508.0	270256.0	217021.0	338888.0	543639.0	713080.0	575391.0	832989.0	452044.0	679953.0	521671.0	614341.0	486262.0	266932.0	584923.0	850498.0	495572.0	509301.0	434476.0	312230.0	397650.0	531458.0	485408.0	478490.0	353882.0	283015.0	452838.0	706208.0	561209.0	254516.0	631142.0	937112.0	647170.0	829833.0	720219.0	445629.0	580057.0	587597.0	801895.0
TGC	3277066.0	3361474.0	4223983.0	2681269.0	2269882.0	2702790.0	1600332.0	1979576.0	1982385.0	2843029.0	1939457.0	1757173.0	1514578.0	3357335.0	3209886.0	2630463.0	2123656.0	2468930.0	3686367.0	1878075.0	2282275.0	2517548.0	1643363.0	2229096.0	1053412.0	1942675.0	1495505.0	1036195.0	1239005.0	3434926.0	4779436.0	2379270.0	3419104.0	3905264.0	4687532.0	3369892.0	2479656.0	3822991.0	2004076.0	2844337.0	2914580.0	3961998.0	2573875.0	2244913.0	1226022.0	2734391.0	3762961.0	2231802.0	371890.0	2827507.0	255951.0	2000294.0	2066402.0	2665679.0	1485068.0	2294953.0	647170.0	3309630.0	2722525.0	2328258.0	1379117.0	4132960.0	2531820.0	3111504.0
TGG	4706897.0	4071445.0	5652848.0	3931326.0	3151471.0	3093915.0	1960954.0	2758259.0	2944051.0	3207450.0	2688973.0	2474314.0	2006013.0	3642322.0	4310292.0	3477958.0	3118022.0	2706116.0	4789283.0	2539042.0	3061294.0	2735790.0	1903909.0	2951296.0	1474622.0	2073004.0	1831535.0	1446733.0	1606171.0	3499916.0	5020759.0	3028370.0	5153454.0	4634082.0	6262177.0	5048344.0	3295071.0	3956978.0	2303092.0	3702055.0	3725209.0	3981337.0	2946768.0	3062489.0	1666770.0	3028238.0	4285540.0	3076144.0	446587.0	3050322.0	342725.0	2679928.0	2780952.0	2842878.0	1759106.0	2967698.0	829833.0	2722525.0	3894168.0	2450295.0	1963478.0	4243911.0	3413060.0	3932491.0
TGT	4624984.0	2920692.0	3899628.0	3797478.0	2704175.0	1996198.0	1128287.0	2382330.0	2395533.0	2106476.0	1762344.0	2233566.0	2089733.0	2636172.0	3252198.0	3442513.0	2588896.0	1888724.0	3080929.0	2320264.0	2445277.0	1656554.0	1011599.0	2345088.0	1013035.0	1001520.0	949634.0	1068629.0	1421662.0	2317079.0	3426157.0	2758576.0	4443850.0	2959765.0	3858907.0	4239204.0	2651993.0	2390997.0	1145024.0	3029899.0	3291450.0	2499177.0	2162580.0	2663710.0	1624971.0	2049901.0	3128148.0	2880021.0	563680.0	2270176.0	311006.0	2779437.0	2506722.0	2029256.0	1075958.0	2855795.0	720219.0	2328258.0	2450295.0	3438450.0	2194470.0	3434093.0	2995596.0	4314099.0
TTA	6441671.0	2853090.0	4092204.0	5394671.0	3263920.0	1684463.0	1029653.0	2775736.0	2880580.0	1735343.0	1572825.0	2527811.0	3095319.0	2559396.0	3670553.0	4733612.0	3706296.0	1509117.0	2825283.0	2595663.0	2804988.0	1212950.0	858628.0	2421848.0	1107749.0	721624.0	708319.0	1116991.0	1838656.0	1969414.0	2633002.0	3280819.0	6289951.0	2626611.0	3665781.0	5311902.0	3102489.0	1864131.0	960527.0	3273756.0	3050542.0	1605894.0	1419858.0	2556301.0	2043662.0	1741961.0	2516090.0	3414787.0	769665.0	1951102.0	324030.0	3360189.0	3256341.0	1757694.0	1079923.0	3160555.0	445629.0	1379117.0	1963478.0	2194470.0	3873508.0	2841953.0	3571834.0	4788798.0
