Proteome_ID	M	W	C	D	E	F	H	K	N	Q	Y	I	A	G	P	T	V	L	R	S
UP000000226	0.017626257296547748	0.022941182725730137	0.03175431137400401	0.03175431137400401	0.03175431137400401	0.03961689695440792	0.03175431137400401	0.03961689695440792	0.03961689695440792	0.051562759851207965	0.03961689695440792	0.061607536612268074	0.05090435487653757	0.05090435487653757	0.05090435487653757	0.06350862274800802	0.06350862274800802	0.10312551970241593	0.08265866625054158	0.09526293412201205
UP000000267	0.01917110622007542	0.01988159668993823	0.029467149799975938	0.029467149799975938	0.029467149799975938	0.05486746966776835	0.029467149799975938	0.05486746966776835	0.05486746966776835	0.056900884633860116	0.05486746966776835	0.09056383311546129	0.03165128345054004	0.03165128345054004	0.03165128345054004	0.058934299599951875	0.058934299599951875	0.11380176926772023	0.061118433250515976	0.08840144939992782
UP000000304	0.014513370425460815	0.02441605521114967	0.031672740423880075	0.031672740423880075	0.031672740423880075	0.026788758223849962	0.031672740423880075	0.026788758223849962	0.026788758223849962	0.045067119535805056	0.026788758223849962	0.03906414602223911	0.07489428793794362	0.07489428793794362	0.07489428793794362	0.06334548084776015	0.06334548084776015	0.09013423907161011	0.10656702836182369	0.09501822127164024
UP000000305	0.016981234459384674	0.02346433204075824	0.031954949270450575	0.031954949270450575	0.031954949270450575	0.0362391358821824	0.031954949270450575	0.0362391358821824	0.0362391358821824	0.050074517211541776	0.0362391358821824	0.05549703730498013	0.056354477446528786	0.056354477446528786	0.056354477446528786	0.06390989854090115	0.06390989854090115	0.10014903442308355	0.08830942671697936	0.09586484781135175
UP000000311	0.017892551822574647	0.02266720660672309	0.03161348251801042	0.03161348251801042	0.03161348251801042	0.04122503690174017	0.03161348251801042	0.04122503690174017	0.04122503690174017	0.0522260009688805	0.04122503690174017	0.06455752198090568	0.048485694715017395	0.048485694715017395	0.048485694715017395	0.06322696503602084	0.06322696503602084	0.104452001937761	0.08009917723302783	0.09484044755403125
UP000000314	0.01819495678913471	0.02229773577216157	0.03139521416672893	0.03139521416672893	0.03139521416672893	0.043274502065305344	0.03139521416672893	0.043274502065305344	0.043274502065305344	0.0530324651993816	0.043274502065305344	0.06835404734147597	0.04555382155927862	0.04555382155927862	0.04555382155927862	0.06279042833345785	0.06279042833345785	0.1060649303987632	0.07694903572600754	0.09418564250018678
UP000000437	0.016152520820788056	0.02393286307284734	0.03200912348324137	0.03200912348324137	0.03200912348324137	0.032606482266374595	0.03200912348324137	0.032606482266374595	0.032606482266374595	0.04831236461642867	0.032606482266374595	0.049060443711961124	0.06284541692018066	0.06284541692018066	0.06284541692018066	0.06401824696648274	0.06401824696648274	0.09662472923285734	0.09485454040342202	0.0960273704497241
UP000000539	0.015719285072885156	0.02411033184678396	0.03196997438322654	0.03196997438322654	0.03196997438322654	0.030924543045873828	0.03196997438322654	0.030924543045873828	0.030924543045873828	0.047432245906163455	0.030924543045873828	0.04612980101886249	0.06610149489019107	0.06610149489019107	0.06610149489019107	0.06393994876645308	0.06393994876645308	0.09486449181232691	0.09807146927341762	0.09590992314967962
UP000000542	0.01162142040262853	0.024275316853493933	0.0300860270548082	0.0300860270548082	0.0300860270548082	0.01893581462281018	0.0300860270548082	0.01893581462281018	0.01893581462281018	0.03955393436621329	0.01893581462281018	0.026250208842991833	0.09560391691332672	0.09560391691332672	0.09560391691332672	0.0601720541096164	0.0601720541096164	0.07910786873242658	0.1256899439681349	0.09025808116442459
UP000000559	0.01916159682616679	0.019944638981113774	0.029525437394197173	0.029525437394197173	0.029525437394197173	0.05458927351787263	0.029525437394197173	0.05458927351787263	0.05458927351787263	0.05682007415313349	0.05458927351787263	0.09001695020957848	0.03193856218047099	0.03193856218047099	0.03193856218047099	0.059050874788394346	0.059050874788394346	0.11364014830626698	0.06146399957466815	0.08857631218259152
UP000000560	0.014793984911775086	0.02436705378878391	0.031764046244671454	0.031764046244671454	0.031764046244671454	0.027690932381585712	0.031764046244671454	0.027690932381585712	0.027690932381585712	0.04560951243546431	0.027690932381585712	0.040587879851396336	0.07287256491981287	0.07287256491981287	0.07287256491981287	0.06352809248934291	0.06352809248934291	0.09121902487092862	0.10463661116448432	0.09529213873401435
UP000000561	0.013911891305921418	0.024480614486801673	0.03143656013976238	0.03143656013976238	0.03143656013976238	0.024955792993469183	0.03143656013976238	0.024955792993469183	0.024955792993469183	0.04391445663649697	0.024955792993469183	0.03599969468101695	0.07920063399143594	0.07920063399143594	0.07920063399143594	0.06287312027952476	0.06287312027952476	0.08782891327299394	0.1106371941311983	0.09430968041928715
UP000000589	0.01598834532399612	0.02400491587020983	0.031999088532207884	0.031999088532207884	0.031999088532207884	0.03195432409681409	0.031999088532207884	0.03195432409681409	0.03195432409681409	0.047976250580614936	0.03195432409681409	0.047920302869632066	0.06408783135514153	0.06408783135514153	0.06408783135514153	0.06399817706441577	0.06399817706441577	0.09595250116122987	0.09608691988734941	0.09599726559662365
UP000000591	0.014231520585365216	0.02445298591218039	0.031568746204862996	0.031568746204862996	0.031568746204862996	0.025913676809017152	0.031568746204862996	0.025913676809017152	0.025913676809017152	0.04452558460937158	0.025913676809017152	0.037595833032669085	0.07691581123681154	0.07691581123681154	0.07691581123681154	0.06313749240972599	0.06313749240972599	0.08905116921874316	0.10848455744167455	0.094706238614589
UP000000598	0.018503264577211697	0.021829790529350704	0.031081422817956554	0.031081422817956554	0.031081422817956554	0.04572273450765382	0.031081422817956554	0.04572273450765382	0.04572273450765382	0.053942790071783465	0.04572273450765382	0.07294220443809595	0.0422570895984743	0.0422570895984743	0.0422570895984743	0.06216284563591311	0.06216284563591311	0.10788558014356693	0.07333851241643086	0.09324426845386966
UP000000599	0.018884292969771916	0.021019579503906764	0.03046172598879272	0.03046172598879272	0.03046172598879272	0.04968702103412645	0.03046172598879272	0.04968702103412645	0.04968702103412645	0.05530523650585594	0.04968702103412645	0.08048974909848099	0.037350468227063574	0.037350468227063574	0.037350468227063574	0.06092345197758544	0.06092345197758544	0.11061047301171188	0.0678121942158563	0.09138517796637816
UP000000600	0.019165893327976424	0.01796356164983679	0.027546508313825005	0.027546508313825005	0.027546508313825005	0.06299698062641973	0.027546508313825005	0.06299698062641973	0.06299698062641973	0.05904499862703487	0.06299698062641973	0.10682806792486305	0.024090364736160053	0.024090364736160053	0.024090364736160053	0.05509301662765001	0.05509301662765001	0.11808999725406974	0.05163687304998506	0.08263952494147501
UP000000673	0.014567041067544717	0.02440764448081008	0.03169116501458244	0.03169116501458244	0.03169116501458244	0.02695883910170005	0.03169116501458244	0.02695883910170005	0.02695883910170005	0.04517058456543246	0.02695883910170005	0.03935063713585539	0.07450839675942574	0.07450839675942574	0.07450839675942574	0.06338233002916488	0.06338233002916488	0.09034116913086492	0.10619956177400819	0.09507349504374732
UP000000715	0.014528703347760335	0.024413698088320498	0.031678049762200663	0.031678049762200663	0.031678049762200663	0.02683723195672721	0.031678049762200663	0.02683723195672721	0.02683723195672721	0.04509666574056427	0.02683723195672721	0.03914576056569409	0.07478407895080383	0.07478407895080383	0.07478407895080383	0.06335609952440133	0.06335609952440133	0.09019333148112854	0.10646212871300449	0.09503414928660199
UP000000724	0.015045516391129646	0.02431225516298423	0.031835013358549054	0.031835013358549054	0.031835013358549054	0.0285282052361275	0.031835013358549054	0.0285282052361275	0.0285282052361275	0.04609911597661281	0.0285282052361275	0.04201089408112535	0.07105025129695595	0.07105025129695595	0.07105025129695595	0.06367002671709811	0.06367002671709811	0.09219823195322562	0.10288526465550502	0.09550504007564717
UP000000741	0.016125337674810766	0.023945216205823364	0.03200788504322875	0.03200788504322875	0.03200788504322875	0.0324971770967241	0.03200788504322875	0.0324971770967241	0.0324971770967241	0.0482564735915908	0.0324971770967241	0.048869016518637454	0.06305191998007864	0.06305191998007864	0.06305191998007864	0.0640157700864575	0.0640157700864575	0.0965129471831816	0.09505980502330738	0.09602365512968623
UP000000759	0.015683365577962002	0.02412327152369028	0.03196495431267129	0.03196495431267129	0.03196495431267129	0.03079048809897533	0.03196495431267129	0.03079048809897533	0.03079048809897533	0.04736019836215895	0.03079048809897533	0.04589761061998865	0.06636843826098135	0.06636843826098135	0.06636843826098135	0.06392990862534258	0.06392990862534258	0.0947203967243179	0.09833339257365264	0.09589486293801386
UP000000768	0.013589006170525502	0.024493743670755456	0.03128824675601821	0.03128824675601821	0.03128824675601821	0.024022283678145732	0.03128824675601821	0.024022283678145732	0.024022283678145732	0.043299388595091075	0.024022283678145732	0.03445556118576596	0.0815038568507196	0.0815038568507196	0.0815038568507196	0.06257649351203642	0.06257649351203642	0.08659877719018215	0.11279210360673783	0.09386474026805464
UP000000803	0.014909057130243706	0.024343292023522586	0.03179782058864444	0.03179782058864444	0.03179782058864444	0.028070469749964255	0.03179782058864444	0.028070469749964255	0.028070469749964255	0.04583305546362657	0.028070469749964255	0.04123188236968481	0.0720402190055197	0.0720402190055197	0.0720402190055197	0.06359564117728889	0.06359564117728889	0.09166611092725314	0.10383803959416413	0.09539346176593333
UP000000819	0.01684881603096635	0.02355245719434843	0.031976865209831604	0.031976865209831604	0.031976865209831604	0.035614130599215435	0.031976865209831604	0.035614130599215435	0.035614130599215435	0.04978393050943932	0.035614130599215435	0.054379445167464506	0.05742214629101544	0.05742214629101544	0.05742214629101544	0.06395373041966321	0.06395373041966321	0.09956786101887864	0.08939901150084706	0.09593059562949482
UP000001038	0.015147791193235031	0.02428691028206826	0.031860805878685776	0.031860805878685776	0.031860805878685776	0.02887694672575531	0.031860805878685776	0.02887694672575531	0.02887694672575531	0.04629927924156343	0.02887694672575531	0.04260610225827558	0.07030597527362005	0.07030597527362005	0.07030597527362005	0.06372161175737155	0.06372161175737155	0.09259855848312686	0.10216678115230585	0.09558241763605733
UP000001055	0.014443067269960062	0.024426397955371826	0.03164793159035186	0.03164793159035186	0.03164793159035186	0.026567672746641974	0.03164793159035186	0.026567672746641974	0.026567672746641974	0.04493176796367285	0.026567672746641974	0.03869227822332389	0.07539927064738386	0.07539927064738386	0.07539927064738386	0.06329586318070372	0.06329586318070372	0.0898635359273457	0.10704720223773571	0.09494379477105556
UP000001056	0.012237762997831428	0.02439712962930456	0.030516011128220274	0.030516011128220274	0.030516011128220274	0.020431263935270887	0.030516011128220274	0.020431263935270887	0.020431263935270887	0.04073164309585572	0.020431263935270887	0.028624764872710345	0.09115705598321489	0.09115705598321489	0.09115705598321489	0.06103202225644055	0.06103202225644055	0.08146328619171143	0.12167306711143516	0.09154803338466083
UP000001064	0.019149403242281465	0.017849630762801834	0.02742433238394257	0.02742433238394257	0.02742433238394257	0.06346393914438454	0.02742433238394257	0.06346393914438454	0.06346393914438454	0.05915630195613484	0.06346393914438454	0.1077784750464876	0.023701459973793908	0.023701459973793908	0.023701459973793908	0.05484866476788514	0.05484866476788514	0.11831260391226968	0.05112579235773647	0.0822729971518277
UP000001067	0.014681913225775375	0.02438812469096122	0.031729081303848904	0.031729081303848904	0.031729081303848904	0.02732674519915484	0.031729081303848904	0.02732674519915484	0.02732674519915484	0.045392453903426326	0.02732674519915484	0.03997157717253431	0.07368126668941095	0.07368126668941095	0.07368126668941095	0.06345816260769781	0.06345816260769781	0.09078490780685265	0.10541034799325986	0.09518724391154672
UP000001070	0.015579447195838302	0.024159262876747717	0.03194898647466687	0.03194898647466687	0.03194898647466687	0.03040693688834499	0.03194898647466687	0.03040693688834499	0.03040693688834499	0.04715245491883936	0.03040693688834499	0.04523442658085168	0.06713847833516544	0.06713847833516544	0.06713847833516544	0.06389797294933373	0.06389797294933373	0.09430490983767872	0.0990874648098323	0.0958469594240006
UP000001072	0.01786296188872645	0.022699759107344643	0.031631240051707865	0.031631240051707865	0.031631240051707865	0.04103836578897697	0.031631240051707865	0.04103836578897697	0.04103836578897697	0.05215042294619635	0.04103836578897697	0.0642137696892275	0.048760974174927536	0.048760974174927536	0.048760974174927536	0.06326248010341573	0.06326248010341573	0.1043008458923927	0.08039221422663541	0.09489372015512361
UP000001073	0.015274149332254924	0.024253067011129566	0.03189014167725703	0.03189014167725703	0.03189014167725703	0.02931481768235785	0.03189014167725703	0.02931481768235785	0.02931481768235785	0.046547550518435954	0.02931481768235785	0.04335548603246078	0.0693834188030828	0.0693834188030828	0.0693834188030828	0.06378028335451406	0.06378028335451406	0.09309510103687191	0.10127356048033982	0.09567042503177109
UP000001074	0.014723826273019103	0.024380481036857807	0.031742394173367355	0.031742394173367355	0.031742394173367355	0.027462328207345277	0.031742394173367355	0.027462328207345277	0.027462328207345277	0.04547355827703999	0.027462328207345277	0.04020083014167145	0.07337903620188554	0.07337903620188554	0.07337903620188554	0.06348478834673471	0.06348478834673471	0.09094711655407998	0.1051214303752529	0.09522718252010207
UP000001075	0.01564698728989011	0.02413611341987015	0.0319596070648152	0.0319596070648152	0.0319596070648152	0.030655503066511085	0.0319596070648152	0.030655503066511085	0.030655503066511085	0.04728735859807075	0.030655503066511085	0.045664018843132065	0.06663837690226715	0.06663837690226715	0.06663837690226715	0.0639192141296304	0.0639192141296304	0.0945747171961415	0.09859798396708234	0.09587882119444562
UP000001194	0.015867125336329883	0.02405429769770948	0.03198786036587442	0.03198786036587442	0.03198786036587442	0.03148463074023298	0.03198786036587442	0.03148463074023298	0.03148463074023298	0.04773017573599091	0.03148463074023298	0.04710213614413607	0.06499826656560674	0.06499826656560674	0.06499826656560674	0.06397572073174884	0.06397572073174884	0.09546035147198181	0.09698612693148115	0.09596358109762325
UP000001197	0.013865758303786882	0.024483386958852788	0.03141626611074623	0.03141626611074623	0.03141626611074623	0.024820384543307875	0.03141626611074623	0.024820384543307875	0.024820384543307875	0.043826458382400166	0.024820384543307875	0.03577501078282887	0.07952993432628618	0.07952993432628618	0.07952993432628618	0.06283253222149246	0.06283253222149246	0.08765291676480033	0.1109462004370324	0.09424879833223869
UP000001261	0.01568859598699159	0.024121403433728525	0.03196570142722432	0.03196570142722432	0.03196570142722432	0.03080996046710823	0.03196570142722432	0.03080996046710823	0.03080996046710823	0.04737068166077844	0.03080996046710823	0.04593132494722488	0.06632959291364879	0.06632959291364879	0.06632959291364879	0.06393140285444864	0.06393140285444864	0.09474136332155687	0.0982952943408731	0.09589710428167295
UP000001292	0.014535613540887995	0.02441262385854616	0.031680430628990154	0.031680430628990154	0.031680430628990154	0.026859108152951797	0.031680430628990154	0.026859108152951797	0.026859108152951797	0.04510998470546606	0.026859108152951797	0.0391826027650156	0.07473440138986574	0.07473440138986574	0.07473440138986574	0.06336086125798031	0.06336086125798031	0.09021996941093212	0.1064148320188559	0.09504129188697047
UP000001294	0.015994156894835743	0.024002468321728296	0.03199954676914617	0.03199954676914617	0.03199954676914617	0.031977088693780326	0.03199954676914617	0.031977088693780326	0.031977088693780326	0.04798809111603633	0.031977088693780326	0.047960020492724915	0.06404404123443166	0.06404404123443166	0.06404404123443166	0.06399909353829233	0.06399909353829233	0.09597618223207266	0.09604358800357783	0.0959986403074385
UP000001300	0.014684933790423474	0.02438758322042716	0.0317300501156389	0.0317300501156389	0.0317300501156389	0.027336491944362665	0.0317300501156389	0.027336491944362665	0.027336491944362665	0.04539829608782023	0.027336491944362665	0.03998805009830186	0.07365949386556732	0.07365949386556732	0.07365949386556732	0.0634601002312778	0.0634601002312778	0.09079659217564046	0.10538954398120622	0.09519015034691669
UP000001307	0.01743435555141977	0.023115230793336487	0.03183240856904637	0.03183240856904637	0.03183240856904637	0.038545317785077804	0.03183240856904637	0.038545317785077804	0.038545317785077804	0.05110506746158528	0.038545317785077804	0.059656280018735845	0.052577189320721085	0.052577189320721085	0.052577189320721085	0.06366481713809274	0.06366481713809274	0.10221013492317056	0.08440959788976746	0.09549722570713912
UP000001312	0.01737304454341082	0.023167253761948024	0.031853776033653435	0.031853776033653435	0.031853776033653435	0.03821609911635903	0.031853776033653435	0.03821609911635903	0.03821609911635903	0.05096182559183295	0.03821609911635903	0.059059153689307246	0.05310134059013944	0.05310134059013944	0.05310134059013944	0.06370755206730687	0.06370755206730687	0.1019236511836659	0.08495511662379288	0.0955613281009603
UP000001357	0.013368627546076562	0.024494439966463562	0.03117875373950184	0.03117875373950184	0.03117875373950184	0.023403379715979358	0.03117875373950184	0.023403379715979358	0.023403379715979358	0.04288044359749152	0.023403379715979358	0.033438131885882155	0.08307472651779092	0.08307472651779092	0.08307472651779092	0.06235750747900368	0.06235750747900368	0.08576088719498304	0.11425348025729277	0.09353626121850551
UP000001396	0.01897251950356827	0.02076036583754879	0.030246625589332925	0.030246625589332925	0.030246625589332925	0.05090023896753362	0.030246625589332925	0.05090023896753362	0.05090023896753362	0.05569674507309974	0.05090023896753362	0.08282795843149897	0.03594711451648884	0.03594711451648884	0.03594711451648884	0.06049325117866585	0.06049325117866585	0.11139349014619948	0.06619374010582177	0.09073987676799879
UP000001449	0.016646604127003608	0.023676559328651835	0.03199986139215364	0.03199986139215364	0.03199986139215364	0.03469550568421109	0.03199986139215364	0.03469550568421109	0.03469550568421109	0.04934761423425918	0.03469550568421109	0.052744407241418566	0.059027306789365144	0.059027306789365144	0.059027306789365144	0.06399972278430728	0.06399972278430728	0.09869522846851836	0.09102716818151879	0.09599958417646091
UP000001450	0.01836233955671548	0.015268417850615465	0.0244495876289732	0.0244495876289732	0.0244495876289732	0.0737528066436042	0.0244495876289732	0.0737528066436042	0.0737528066436042	0.061325990950775296	0.0737528066436042	0.1291432737304929	0.016210429471938716	0.016210429471938716	0.016210429471938716	0.0488991752579464	0.0488991752579464	0.12265198190155059	0.040660017100911924	0.07334876288691962
UP000001460	0.019164140732819048	0.017950882416695416	0.027532952783104938	0.027532952783104938	0.027532952783104938	0.06304901803924008	0.027532952783104938	0.06304901803924008	0.06304901803924008	0.059057461802724975	0.06304901803924008	0.1069338953456611	0.02404679763560749	0.02404679763560749	0.02404679763560749	0.055065905566209876	0.055065905566209876	0.11811492360544995	0.051579750418712426	0.08259885834931481
UP000001471	0.014676824731532504	0.024389033573158157	0.03172744593892441	0.03172744593892441	0.03172744593892441	0.027310334184357514	0.03172744593892441	0.027310334184357514	0.027310334184357514	0.045382613031103164	0.027310334184357514	0.039943843637182515	0.07371794274007362	0.07371794274007362	0.07371794274007362	0.06345489187784882	0.06345489187784882	0.09076522606220633	0.10544538867899803	0.09518233781677322
UP000001514	0.014958355778554443	0.02433244113163245	0.03181161902090967	0.03181161902090967	0.03181161902090967	0.02823485922955874	0.03181161902090967	0.02823485922955874	0.02823485922955874	0.04592904863568904	0.02823485922955874	0.04151136268056304	0.07168295733325795	0.07168295733325795	0.07168295733325795	0.06362323804181934	0.06362323804181934	0.09185809727137809	0.10349457635416764	0.09543485706272903
UP000001519	0.015237715064270121	0.024263116515785315	0.031881974047920376	0.031881974047920376	0.031881974047920376	0.02918774796197762	0.031881974047920376	0.02918774796197762	0.02918774796197762	0.04647584802890918	0.02918774796197762	0.043137780859685115	0.06964979076264423	0.06964979076264423	0.06964979076264423	0.06376394809584075	0.06376394809584075	0.09295169605781836	0.1015317648105646	0.09564592214376111
UP000001529	0.013802334337461942	0.024486706764963406	0.031387873933694375	0.031387873933694375	0.031387873933694375	0.02463535041414207	0.031387873933694375	0.02463535041414207	0.02463535041414207	0.04370554914076541	0.02463535041414207	0.035468366490822203	0.07998251403088885	0.07998251403088885	0.07998251403088885	0.06277574786738875	0.06277574786738875	0.08741109828153082	0.11137038796458323	0.09416362180108312
UP000001542	0.019122840621325292	0.020165092401998812	0.029726512712661458	0.029726512712661458	0.029726512712661458	0.05360929307654535	0.029726512712661458	0.05360929307654535	0.05360929307654535	0.05653115925093413	0.05360929307654535	0.0880957455317654	0.03296687970849728	0.03296687970849728	0.03296687970849728	0.059453025425322915	0.059453025425322915	0.11306231850186826	0.06269339242115875	0.08917953813798438
UP000001548	0.016051870441206924	0.023977756504877504	0.03200369172548097	0.03200369172548097	0.03200369172548097	0.03220441754348088	0.03200369172548097	0.03220441754348088	0.03220441754348088	0.0481059004972214	0.03220441754348088	0.04835696464575482	0.06360843400920037	0.06360843400920037	0.06360843400920037	0.06400738345096194	0.06400738345096194	0.0962118009944428	0.09561212573468132	0.0960110751764429
UP000001554	0.01492563537385839	0.02433968837034101	0.031802506057270204	0.031802506057270204	0.031802506057270204	0.02812562934740568	0.031802506057270204	0.02812562934740568	0.02812562934740568	0.04586532073097305	0.02812562934740568	0.04132562332095297	0.07192012516626582	0.07192012516626582	0.07192012516626582	0.06360501211454041	0.06360501211454041	0.0917306414619461	0.10372263122353603	0.0954075181718106
UP000001555	0.01345478662099143	0.024494954243727482	0.031222347554223196	0.031222347554223196	0.031222347554223196	0.0236436518060724	0.031222347554223196	0.0236436518060724	0.0236436518060724	0.0430441734572594	0.0236436518060724	0.033832516991153375	0.08246061097434537	0.08246061097434537	0.08246061097434537	0.06244469510844639	0.06244469510844639	0.0860883469145188	0.11368295852856856	0.09366704266266958
UP000001568	0.012137507607540931	0.024380574992861503	0.030449328796631966	0.030449328796631966	0.030449328796631966	0.020182534336552288	0.030449328796631966	0.020182534336552288	0.020182534336552288	0.040540595964908104	0.020182534336552288	0.028227561065563646	0.0918776213833792	0.0918776213833792	0.0918776213833792	0.06089865759326393	0.06089865759326393	0.08108119192981621	0.12232695018001118	0.0913479863898959
UP000001593	0.01691721049586119	0.02350764948983116	0.03196625473776176	0.03196625473776176	0.03196625473776176	0.035934498661208	0.03196625473776176	0.035934498661208	0.035934498661208	0.049933504068365754	0.035934498661208	0.0549517868265548	0.056872447371170594	0.056872447371170594	0.056872447371170594	0.06393250947552352	0.06393250947552352	0.09986700813673151	0.08883870210893235	0.09589876421328526
UP000001595	0.015284945164926062	0.02425004346205263	0.031892516044515665	0.031892516044515665	0.031892516044515665	0.029352598429132393	0.031892516044515665	0.029352598429132393	0.029352598429132393	0.04656881525908185	0.029352598429132393	0.04342025169333872	0.06930443191292987	0.06930443191292987	0.06930443191292987	0.06378503208903133	0.06378503208903133	0.0931376305181637	0.10119694795744552	0.09567754813354697
UP000001610	0.012489058010792866	0.024433021874228442	0.030677550879624878	0.030677550879624878	0.030677550879624878	0.021064621204609352	0.030677550879624878	0.021064621204609352	0.021064621204609352	0.04120986148192955	0.021064621204609352	0.02964018439842584	0.08935476397420707	0.08935476397420707	0.08935476397420707	0.061355101759249756	0.061355101759249756	0.0824197229638591	0.12003231485383192	0.09203265263887463
UP000001611	0.012208911147147726	0.024392495773019295	0.030496951346593158	0.030496951346593158	0.030496951346593158	0.020359457065319324	0.030496951346593158	0.020359457065319324	0.020359457065319324	0.040676679879252824	0.020359457065319324	0.02851000298349092	0.0913643265095471	0.0913643265095471	0.0913643265095471	0.060993902693186317	0.060993902693186317	0.08135335975850565	0.12186127785614026	0.09149085403977948
UP000001628	0.01569397609740999	0.02411947615812736	0.03196646420683236	0.03196646420683236	0.03196646420683236	0.03083000717574638	0.03196646420683236	0.03083000717574638	0.03083000717574638	0.04738146779470554	0.03083000717574638	0.04596603825408277	0.06628962673032238	0.06628962673032238	0.06628962673032238	0.06393292841366471	0.06393292841366471	0.09476293558941108	0.09825609093715473	0.09589939262049707
UP000001631	0.015559406294636629	0.024165960617602483	0.03194566376492079	0.03194566376492079	0.03194566376492079	0.03033368435542067	0.03194566376492079	0.03033368435542067	0.03033368435542067	0.04711250594263113	0.03033368435542067	0.04510796241620472	0.06728661256073261	0.06728661256073261	0.06728661256073261	0.06389132752984159	0.06389132752984159	0.09422501188526226	0.09923227632565342	0.09583699129476239
UP000001640	0.018851104918310213	0.0211071017565759	0.030532654215731002	0.030532654215731002	0.030532654215731002	0.049272083128760566	0.030532654215731002	0.049272083128760566	0.049272083128760566	0.055168695780111285	0.049272083128760566	0.07969306133921092	0.03784061538543872	0.03784061538543872	0.03784061538543872	0.061065308431462004	0.061065308431462004	0.11033739156022257	0.06837326960116973	0.09159796264719303
UP000001645	0.01598853467103412	0.024004836243506102	0.031999103579023164	0.031999103579023164	0.031999103579023164	0.031955065429307344	0.031999103579023164	0.031955065429307344	0.031955065429307344	0.04797663629367684	0.031955065429307344	0.047921596187580566	0.06408640483783531	0.06408640483783531	0.06408640483783531	0.06399820715804633	0.06399820715804633	0.09595327258735369	0.09608550841685849	0.0959973107370695
UP000001646	0.016458987912644964	0.023781292276542274	0.032010786232864755	0.032010786232864755	0.032010786232864755	0.033878084889769636	0.032010786232864755	0.033878084889769636	0.033878084889769636	0.04894982867774958	0.033878084889769636	0.05129718186689431	0.06049281938930353	0.06049281938930353	0.06049281938930353	0.06402157246572951	0.06402157246572951	0.09789965735549916	0.0925036056221683	0.09603235869859428
UP000001742	0.01919964433151109	0.019655546700992364	0.02925536886674791	0.02925536886674791	0.02925536886674791	0.05585800158511346	0.02925536886674791	0.05585800158511346	0.05585800158511346	0.057184369659304644	0.05585800158511346	0.09251635883871583	0.030644727102359492	0.030644727102359492	0.030644727102359492	0.05851073773349582	0.05851073773349582	0.11436873931860929	0.0599000959691074	0.08776610660024374
UP000001743	0.013533501980257353	0.02449454292587139	0.03126129391600007	0.03126129391600007	0.03126129391600007	0.02386505802025982	0.03126129391600007	0.02386505802025982	0.02386505802025982	0.043193822926129985	0.02386505802025982	0.03419661406026229	0.08189952829554473	0.08189952829554473	0.08189952829554473	0.06252258783200014	0.06252258783200014	0.08638764585225997	0.1131608222115448	0.09378388174800023
UP000001744	0.017219306405502195	0.02329077855007427	0.031900431752825364	0.031900431752825364	0.031900431752825364	0.037415613301051656	0.031900431752825364	0.037415613301051656	0.037415613301051656	0.050608238403351186	0.037415613301051656	0.05761192019660111	0.054396411349914485	0.054396411349914485	0.054396411349914485	0.06380086350565073	0.06380086350565073	0.10121647680670237	0.08629684310273986	0.0957012952584761
UP000001745	0.016363781610165936	0.023830871909230913	0.03201276271431388	0.03201276271431388	0.03201276271431388	0.033475013760240445	0.03201276271431388	0.033475013760240445	0.033475013760240445	0.048750269594434105	0.033475013760240445	0.05058624591031495	0.061228771043564396	0.061228771043564396	0.061228771043564396	0.06402552542862776	0.06402552542862776	0.09750053918886821	0.09324153375787829	0.09603828814294164
UP000001798	0.017081580276788806	0.023393653765034182	0.03193444390342858	0.03193444390342858	0.03193444390342858	0.03672630280888351	0.03193444390342858	0.03672630280888351	0.03672630280888351	0.05029759530787034	0.03672630280888351	0.056371025340978216	0.05553560415422766	0.05553560415422766	0.05553560415422766	0.06386888780685716	0.06386888780685716	0.10059519061574068	0.08747004805765624	0.09580333171028577
UP000001805	0.013773393845005814	0.024488033392357934	0.03137473031486084	0.03137473031486084	0.03137473031486084	0.024551346890477395	0.03137473031486084	0.024551346890477395	0.024551346890477395	0.043650403760099536	0.024551346890477395	0.03532929993594897	0.08018897755153725	0.08018897755153725	0.08018897755153725	0.06274946062972168	0.06274946062972168	0.08730080752019907	0.11156370786639809	0.09412419094458252
UP000001811	0.014720628432444016	0.02438107413940018	0.03174138835562219	0.03174138835562219	0.03174138835562219	0.027451957845708943	0.03174138835562219	0.027451957845708943	0.027451957845708943	0.04546736727847665	0.027451957845708943	0.04018328725897387	0.07340210417086256	0.07340210417086256	0.07340210417086256	0.06348277671124437	0.06348277671124437	0.0909347345569533	0.10514349252648474	0.09522416506686655
UP000001819	0.014432844464564498	0.02442783865040834	0.031644260882690595	0.031644260882690595	0.031644260882690595	0.02653568331743967	0.031644260882690595	0.02653568331743967	0.02653568331743967	0.04491210254141043	0.02653568331743967	0.03863852217031485	0.07547265580710881	0.07547265580710881	0.07547265580710881	0.06328852176538119	0.06328852176538119	0.08982420508282087	0.1071169166897994	0.09493278264807177
UP000001861	0.014646418056124837	0.024394378852398715	0.03171758788046113	0.03171758788046113	0.03171758788046113	0.027212490802291763	0.03171758788046113	0.027212490802291763	0.027212490802291763	0.045323833281607016	0.027212490802291763	0.03977856354845869	0.07393703048087402	0.07393703048087402	0.07393703048087402	0.06343517576092227	0.06343517576092227	0.09064766656321403	0.10565461836133515	0.09515276364138339
UP000001876	0.009307796255358552	0.023387355195698286	0.028041253323377563	0.028041253323377563	0.028041253323377563	0.013932413634665785	0.028041253323377563	0.013932413634665785	0.013932413634665785	0.035007460140710454	0.013932413634665785	0.018557031013973022	0.11287518567341122	0.11287518567341122	0.11287518567341122	0.056082506646755126	0.056082506646755126	0.07001492028142091	0.1409164389967888	0.0841237599701327
UP000001881	0.013634277069173117	0.02449277813950198	0.031309916674088535	0.031309916674088535	0.031309916674088535	0.024151209715123016	0.031309916674088535	0.024151209715123016	0.024151209715123016	0.04338552153165005	0.024151209715123016	0.034668142361072914	0.08118109972143682	0.08118109972143682	0.08118109972143682	0.06261983334817707	0.06261983334817707	0.0867710430633001	0.11249101639552536	0.09392975002226563
UP000001926	0.01899954953288003	0.017096338845771036	0.026596113612211043	0.026596113612211043	0.026596113612211043	0.066518780422347	0.026596113612211043	0.066518780422347	0.066518780422347	0.05985550382338454	0.066518780422347	0.11403801131181394	0.021267775950865216	0.021267775950865216	0.021267775950865216	0.05319222722442209	0.05319222722442209	0.11971100764676908	0.04786388956307626	0.07978834083663314
UP000001940	0.018043161642423946	0.022492145611561584	0.03151372643277355	0.03151372643277355	0.03151372643277355	0.04221109276643062	0.03151372643277355	0.04221109276643062	0.04221109276643062	0.05261927281598886	0.04221109276643062	0.06637902389043729	0.04705469053715136	0.04705469053715136	0.04705469053715136	0.0630274528655471	0.0630274528655471	0.10523854563197772	0.0785684169699249	0.09454117929832065
UP000001949	0.018888592854661698	0.02100788897114364	0.030452185398474486	0.030452185398474486	0.030452185398474486	0.049742234461056335	0.030452185398474486	0.049742234461056335	0.049742234461056335	0.05532330262900265	0.049742234461056335	0.08059587606745096	0.03728564289845413	0.03728564289845413	0.03728564289845413	0.06090437079694897	0.06090437079694897	0.1106466052580053	0.0677378282969286	0.09135655619542346
UP000001950	0.019107580149316707	0.020240446163056706	0.029794236237715058	0.029794236237715058	0.029794236237715058	0.053271645703828314	0.029794236237715058	0.053271645703828314	0.053271645703828314	0.05643005908962921	0.053271645703828314	0.08743571125833992	0.03332716687312628	0.03332716687312628	0.03332716687312628	0.059588472475430115	0.059588472475430115	0.11286011817925842	0.06312140311084133	0.08938270871314519
UP000001996	0.018493228177764418	0.021846961673508733	0.031093575762390944	0.031093575762390944	0.031093575762390944	0.04563529597692003	0.031093575762390944	0.04563529597692003	0.04563529597692003	0.053911223750850966	0.04563529597692003	0.07277736377607566	0.04237117051593171	0.04237117051593171	0.04237117051593171	0.06218715152478189	0.06218715152478189	0.10782244750170193	0.07346474627832265	0.09328072728717283
UP000001997	0.017557011539626605	0.023006039332066595	0.0317845451018799	0.0317845451018799	0.0317845451018799	0.039222653926188136	0.0317845451018799	0.039222653926188136	0.039222653926188136	0.051395872064973966	0.039222653926188136	0.06088829631274967	0.05151396992333096	0.05151396992333096	0.05151396992333096	0.0635690902037598	0.0635690902037598	0.10279174412994793	0.08329851502521086	0.0953536353056397
UP000002009	0.010160782444520273	0.023795411588796837	0.028875802811056974	0.028875802811056974	0.028875802811056974	0.01567728725524823	0.028875802811056974	0.01567728725524823	0.01567728725524823	0.03671444643868109	0.01567728725524823	0.021193792065976186	0.10637197295774672	0.10637197295774672	0.10637197295774672	0.05775160562211395	0.05775160562211395	0.07342889287736218	0.1352477757688037	0.08662740843317092
UP000002035	0.015635810297250904	0.024140006263688465	0.03195791141231392	0.03195791141231392	0.03195791141231392	0.030614186054646376	0.03195791141231392	0.030614186054646376	0.030614186054646376	0.047265004439637104	0.030614186054646376	0.04559256181204185	0.06672123178543878	0.06672123178543878	0.06672123178543878	0.06391582282462784	0.06391582282462784	0.09453000887927421	0.0986791431977527	0.09587373423694175
UP000002036	0.016259038440275275	0.023882786795439176	0.032012306015576815	0.032012306015576815	0.032012306015576815	0.033040085911138724	0.032012306015576815	0.033040085911138724	0.033040085911138724	0.048532348971146166	0.033040085911138724	0.04982113338200217	0.062032994659342054	0.062032994659342054	0.062032994659342054	0.06402461203115363	0.06402461203115363	0.09706469794229233	0.09404530067491887	0.09603691804673042
UP000002037	0.019210638079075484	0.019543616938216997	0.02914893597775474	0.02914893597775474	0.02914893597775474	0.05634462411649036	0.02914893597775474	0.05634462411649036	0.05634462411649036	0.05732124803599992	0.05634462411649036	0.09347861015390524	0.03015941563044609	0.03015941563044609	0.03015941563044609	0.05829787195550948	0.05829787195550948	0.11464249607199983	0.059308351608200825	0.0874468079332642
UP000002038	0.015720023238490515	0.024110063203885087	0.03197007482313034	0.03197007482313034	0.03197007482313034	0.0309273060788889	0.03197007482313034	0.0309273060788889	0.0309273060788889	0.04743372786257479	0.0309273060788889	0.04613458891928728	0.06609600471437327	0.06609600471437327	0.06609600471437327	0.06394014964626069	0.06394014964626069	0.09486745572514958	0.09806607953750361	0.09591022446939104
UP000002051	0.018462045499629785	0.02189934639217357	0.031130369141988468	0.031130369141988468	0.031130369141988468	0.04536750936784994	0.031130369141988468	0.04536750936784994	0.04536750936784994	0.05381412382591343	0.04536750936784994	0.07227297323607008	0.042722199054781196	0.042722199054781196	0.042722199054781196	0.062260738283976935	0.062260738283976935	0.10762824765182687	0.07385256819676966	0.09339110742596539
UP000002058	0.015401643749714361	0.024216006730125885	0.031916828604983065	0.031916828604983065	0.031916828604983065	0.02976482722431168	0.031916828604983065	0.02976482722431168	0.02976482722431168	0.04679924221713891	0.02976482722431168	0.044128010698909	0.06844884000319759	0.06844884000319759	0.06844884000319759	0.06383365720996613	0.06383365720996613	0.09359848443427782	0.10036566860818066	0.09575048581494919
UP000002059	0.015765320677743364	0.02409336627193295	0.03197602661080463	0.03197602661080463	0.03197602661080463	0.03109749295317656	0.03197602661080463	0.03109749295317656	0.03109749295317656	0.047524773087392905	0.03109749295317656	0.04642966522860976	0.06575875935429339	0.06575875935429339	0.06575875935429339	0.06395205322160925	0.06395205322160925	0.09504954617478581	0.097734785965098	0.09592807983241387
UP000002149	0.015591849571404134	0.024155078884462073	0.03195100367016414	0.03195100367016414	0.03195100367016414	0.03045238402139273	0.03195100367016414	0.03045238402139273	0.03045238402139273	0.0471771956808605	0.03045238402139273	0.04531291847138133	0.06704674647565759	0.06704674647565759	0.06704674647565759	0.06390200734032828	0.06390200734032828	0.094354391361721	0.09899775014582174	0.09585301101049241
UP000002173	0.017819800551115452	0.022746238236030385	0.03165613851158811	0.03165613851158811	0.03165613851158811	0.040769897071501915	0.03165613851158811	0.040769897071501915	0.040769897071501915	0.05204108704733907	0.040769897071501915	0.06371999359188837	0.04915936401347091	0.04915936401347091	0.04915936401347091	0.06331227702317622	0.06331227702317622	0.10408217409467814	0.08081550252505901	0.09496841553476432
UP000002195	0.018888472327291444	0.01668339850782618	0.026127634671471903	0.026127634671471903	0.026127634671471903	0.06817240462446733	0.026127634671471903	0.06817240462446733	0.06817240462446733	0.06021383698370557	0.06817240462446733	0.11745633692164321	0.0200272616841476	0.0200272616841476	0.0200272616841476	0.052255269342943805	0.052255269342943805	0.12042767396741114	0.0461548963556195	0.0783829040144157
UP000002226	0.013720563080787791	0.024490152599140426	0.03135043413953432	0.03135043413953432	0.03135043413953432	0.024398681521165175	0.03135043413953432	0.024398681521165175	0.024398681521165175	0.04354977490011692	0.024398681521165175	0.03507679996154257	0.08056580597477649	0.08056580597477649	0.08056580597477649	0.06270086827906864	0.06270086827906864	0.08709954980023384	0.11191624011431081	0.09405130241860298
