	AAA	AAC	AAG	AAT	ACA	ACC	ACG	ACT	AGA	AGC	AGG	AGT	ATA	ATC	ATG	ATT	CAA	CAC	CAG	CAT	CCA	CCC	CCG	CCT	CGA	CGC	CGG	CGT	CTA	CTC	CTG	CTT	GAA	GAC	GAG	GAT	GCA	GCC	GCG	GCT	GGA	GGC	GGG	GGT	GTA	GTC	GTG	GTT	TAA	TAC	TAG	TAT	TCA	TCC	TCG	TCT	TGA	TGC	TGG	TGT	TTA	TTC	TTG	TTT
AAA	614.0	410.5	921.5	428.0	354.0	278.0	194.5	192.5	450.5	227.5	395.5	167.0	703.5	550.5	515.0	427.0	187.0	220.5	388.5	169.5	295.0	227.0	195.5	184.0	99.5	100.0	75.5	80.5	241.0	536.0	390.5	378.5	898.0	608.0	987.0	530.0	446.5	396.0	284.0	326.0	517.0	387.5	316.0	361.0	375.0	434.0	385.0	441.5	33.0	502.0	13.5	339.5	287.5	236.5	178.5	180.0	27.5	128.0	279.5	87.0	296.0	460.0	268.0	287.5
AAC	410.5	548.0	648.5	253.0	265.0	345.5	222.5	163.0	321.0	361.0	319.0	135.0	681.0	578.0	627.5	300.5	167.5	213.0	366.0	117.5	216.5	324.0	251.5	150.0	40.5	139.5	55.5	67.5	158.0	578.5	549.5	234.0	710.5	515.0	866.5	475.5	400.0	495.5	268.0	233.5	456.5	511.5	324.5	319.0	281.5	475.5	491.5	280.5	8.0	598.5	4.0	278.5	184.0	249.5	142.0	118.5	9.0	152.5	304.0	106.5	177.0	669.0	185.0	230.0
AAG	921.5	648.5	1279.0	371.5	351.0	434.5	350.5	191.5	455.0	434.5	636.0	177.0	967.0	697.5	758.5	410.5	177.5	275.0	528.0	161.5	272.5	322.5	398.5	168.0	77.5	155.0	109.5	102.5	253.0	834.5	613.5	362.0	883.5	814.0	1712.0	824.5	658.0	733.0	536.5	335.0	580.5	683.0	615.5	402.0	515.5	755.5	640.0	504.0	19.0	727.5	13.0	358.0	260.0	276.5	248.0	134.5	21.0	143.5	389.0	89.0	266.5	708.0	237.0	314.0
AAT	428.0	253.0	371.5	230.0	186.5	167.0	127.5	118.5	222.0	142.5	177.0	84.5	436.5	331.0	323.0	318.0	129.0	137.5	223.0	99.0	223.0	206.0	172.5	173.0	46.0	44.5	31.5	53.5	146.5	318.0	230.0	216.5	527.5	319.0	504.5	415.0	355.0	245.5	182.0	225.5	354.5	229.5	196.0	210.0	270.5	256.5	282.0	298.5	11.0	314.5	4.0	299.0	165.0	149.5	107.5	117.5	8.0	63.0	137.5	51.0	202.0	323.5	219.0	241.5
ACA	354.0	265.0	351.0	186.5	276.0	227.5	140.5	148.5	168.5	135.5	175.0	101.0	452.0	257.0	308.5	213.0	106.5	111.5	192.5	90.5	216.0	157.0	140.0	122.5	32.0	57.5	27.5	34.0	105.5	236.5	188.5	193.0	379.5	255.5	387.0	368.0	355.0	267.5	146.0	210.0	378.5	217.5	181.5	195.0	247.5	237.5	230.0	268.0	6.0	273.0	3.0	194.5	186.5	149.0	104.5	110.5	8.0	56.5	148.0	51.5	133.5	304.0	132.0	188.0
ACC	278.0	345.5	434.5	167.0	227.5	284.0	189.0	132.5	143.5	214.0	101.0	97.5	405.5	355.0	393.5	236.5	99.5	178.0	240.5	97.5	128.0	171.5	143.5	103.0	21.5	87.0	41.0	49.5	101.0	424.5	368.5	204.0	373.5	338.5	663.5	321.0	313.5	351.5	217.0	190.5	386.5	416.0	238.5	256.5	226.0	337.5	390.0	282.5	4.0	444.5	2.0	208.5	143.5	217.0	125.5	110.5	7.5	108.5	164.5	64.5	116.0	470.0	132.0	216.5
ACG	194.5	222.5	350.5	127.5	140.5	189.0	118.0	103.5	113.0	169.0	131.0	70.0	283.5	237.5	221.5	175.5	61.0	95.0	172.5	68.5	130.0	151.0	165.0	95.0	14.0	32.0	24.0	26.5	111.5	323.5	340.0	194.0	244.5	274.0	474.5	265.5	231.0	238.0	198.0	159.5	245.5	256.0	241.5	154.0	192.0	284.5	324.5	205.5	3.0	249.0	2.0	141.0	107.0	124.0	76.0	65.0	4.0	57.0	114.5	36.5	81.5	277.5	96.0	167.0
ACT	192.5	163.0	191.5	118.5	148.5	132.5	103.5	105.0	102.0	87.0	97.5	55.0	328.5	189.0	216.5	192.0	88.0	104.0	143.5	71.5	143.0	133.5	115.5	121.0	22.5	27.5	20.0	32.5	96.5	195.5	153.5	141.5	338.5	266.0	362.0	342.5	333.0	238.5	127.0	247.0	283.5	205.0	150.0	184.5	205.0	211.5	220.0	293.5	4.5	201.0	1.5	162.0	132.0	99.5	80.0	74.5	4.0	34.5	105.5	41.5	136.0	167.5	117.0	141.5
AGA	450.5	321.0	455.0	222.0	168.5	143.5	113.0	102.0	284.0	193.0	291.0	82.5	489.0	234.5	362.5	238.5	82.5	107.5	187.5	86.0	128.0	106.0	93.0	92.5	45.0	74.0	51.5	39.5	87.0	216.5	186.5	203.5	419.0	287.0	404.0	331.5	243.5	237.5	144.0	162.5	320.0	211.0	154.0	188.5	232.5	211.5	158.5	287.5	15.0	265.5	6.0	217.0	145.5	97.5	85.5	58.0	17.0	89.5	159.5	55.5	145.0	262.0	127.0	158.5
AGC	227.5	361.0	434.5	142.5	135.5	214.0	169.0	87.0	193.0	184.0	199.5	122.5	372.0	331.5	446.0	184.5	88.0	170.0	247.0	72.5	107.5	167.5	184.5	70.0	30.0	79.5	51.0	56.5	68.0	389.0	313.0	165.0	379.5	452.5	663.0	308.0	216.0	273.0	161.5	109.0	335.0	360.5	285.0	243.5	174.0	372.5	298.0	185.0	9.0	391.5	3.0	157.5	131.0	169.5	102.0	69.0	12.5	60.0	200.5	56.0	107.5	403.5	111.0	129.5
AGG	395.5	319.0	636.0	177.0	175.0	101.0	131.0	97.5	291.0	199.5	306.0	81.5	601.5	256.0	385.5	243.5	86.5	154.0	237.0	101.0	112.0	86.5	102.0	88.0	38.5	70.5	61.5	42.0	120.5	295.5	206.5	224.0	447.0	356.0	737.5	455.0	320.5	229.0	169.0	181.5	362.5	213.0	192.5	166.5	256.5	260.5	268.0	255.0	9.5	341.5	5.0	216.5	135.0	78.0	79.0	71.0	22.5	103.0	158.5	48.5	155.5	325.5	166.5	188.5
AGT	167.0	135.0	177.0	84.5	101.0	97.5	70.0	55.0	82.5	122.5	81.5	68.0	181.5	182.5	259.5	124.5	69.5	62.0	123.0	41.5	83.5	79.0	69.0	43.5	19.5	23.0	17.5	24.0	50.5	129.5	134.0	82.0	286.0	207.5	322.5	237.5	196.0	147.5	92.0	111.0	202.5	163.0	145.5	152.5	105.0	143.5	158.0	155.0	8.0	148.5	4.0	111.5	104.5	93.5	53.5	52.0	7.0	42.0	102.5	31.0	81.0	167.5	88.0	100.0
ATA	703.5	681.0	967.0	436.5	452.0	405.5	283.5	328.5	489.0	372.0	601.5	181.5	1050.0	590.5	785.5	449.0	147.0	216.5	363.5	183.5	291.5	275.5	246.5	251.0	56.0	73.5	77.5	65.5	256.0	439.5	449.5	367.5	793.5	634.0	1165.0	776.0	760.0	552.5	366.0	483.5	565.5	478.0	409.5	380.5	485.5	467.5	481.0	611.5	10.0	531.0	5.5	303.5	374.5	294.0	225.0	219.0	14.0	128.0	289.0	80.5	250.5	706.5	288.0	346.5
ATC	550.5	578.0	697.5	331.0	257.0	355.0	237.5	189.0	234.5	331.5	256.0	182.5	590.5	505.0	455.0	377.5	143.0	233.5	376.5	148.5	165.5	254.0	217.0	145.5	33.5	144.5	67.5	78.0	148.0	573.5	387.5	259.5	770.0	589.5	984.5	636.0	400.5	426.0	254.0	293.0	531.5	451.0	312.0	333.5	283.5	390.0	420.0	421.0	14.5	617.0	5.0	327.0	238.5	337.5	183.5	183.5	18.0	141.0	262.5	107.0	197.0	597.5	216.0	279.0
ATG	515.0	627.5	758.5	323.0	308.5	393.5	221.5	216.5	362.5	446.0	385.5	259.5	785.5	455.0	689.0	411.5	155.5	263.0	487.0	173.5	225.5	310.0	293.5	189.0	57.0	134.5	80.0	92.5	174.5	692.5	606.5	341.0	698.5	673.5	1134.5	778.0	624.0	652.5	432.0	411.5	574.0	562.5	446.5	403.0	343.5	457.0	544.5	488.0	8.0	515.5	4.0	316.5	213.5	279.5	202.5	140.0	9.5	109.5	278.0	90.0	191.5	606.5	247.5	319.0
ATT	427.0	300.5	410.5	318.0	213.0	236.5	175.5	192.0	238.5	184.5	243.5	124.5	449.0	377.5	411.5	430.0	147.0	194.0	321.5	142.0	267.0	215.5	191.0	165.0	61.5	78.5	49.5	78.5	168.5	368.5	276.5	331.0	650.0	475.0	772.5	591.0	579.5	364.0	248.5	346.5	412.0	297.0	272.0	332.5	307.5	301.5	331.5	495.5	15.0	305.5	5.5	277.5	274.0	190.0	161.5	156.0	8.5	60.5	185.0	59.0	269.0	314.5	205.0	304.5
CAA	187.0	167.5	177.5	129.0	106.5	99.5	61.0	88.0	82.5	88.0	86.5	69.5	147.0	143.0	155.5	147.0	107.0	69.5	123.5	55.5	90.0	80.5	55.5	78.5	21.5	24.5	16.5	27.0	66.0	127.5	105.5	144.5	276.0	125.5	243.0	197.5	149.0	124.0	61.0	125.5	123.5	96.0	99.0	90.5	89.0	97.0	100.5	126.5	11.0	127.5	5.0	121.0	94.5	95.5	51.0	79.0	16.5	33.0	94.0	30.0	63.0	151.5	84.0	95.0
CAC	220.5	213.0	275.0	137.5	111.5	178.0	95.0	104.0	107.5	170.0	154.0	62.0	216.5	233.5	263.0	194.0	69.5	156.0	173.5	85.5	106.5	175.5	124.5	105.0	17.0	89.0	34.0	32.5	65.5	273.5	215.5	165.5	239.5	272.5	434.0	216.0	139.0	240.0	97.0	137.0	190.0	252.5	174.0	154.0	108.0	229.5	167.0	170.5	4.0	260.5	2.0	158.5	87.5	146.5	65.0	79.5	6.0	103.0	146.5	52.0	66.5	303.5	83.5	127.5
CAG	388.5	366.0	528.0	223.0	192.5	240.5	172.5	143.5	187.5	247.0	237.0	123.0	363.5	376.5	487.0	321.5	123.5	173.5	414.0	107.5	161.5	217.0	227.5	122.5	26.5	114.5	50.5	54.5	117.5	413.5	406.0	306.0	415.5	420.0	784.5	333.5	357.0	444.5	288.5	233.0	317.5	326.5	264.5	214.0	203.5	355.5	342.0	314.0	13.0	383.5	6.5	259.5	153.5	170.0	129.5	109.0	13.0	91.0	219.0	58.0	132.5	448.0	152.5	221.0
CAT	169.5	117.5	161.5	99.0	90.5	97.5	68.5	71.5	86.0	72.5	101.0	41.5	183.5	148.5	173.5	142.0	55.5	85.5	107.5	78.0	130.5	128.5	121.0	102.0	15.0	40.0	22.5	28.5	57.5	156.5	126.5	122.0	225.5	161.5	279.5	231.0	166.0	156.0	89.0	124.5	145.0	135.0	120.5	112.0	108.5	119.0	121.5	180.0	7.0	135.0	2.5	132.5	78.5	68.0	56.5	73.0	4.0	34.5	72.5	29.0	72.5	153.0	68.5	103.0
CCA	295.0	216.5	272.5	223.0	216.0	128.0	130.0	143.0	128.0	107.5	112.0	83.5	291.5	165.5	225.5	267.0	90.0	106.5	161.5	130.5	132.0	99.0	127.0	135.0	24.0	33.5	30.0	39.0	72.5	161.0	164.0	210.0	348.0	293.0	391.0	385.5	225.0	161.5	105.0	152.5	149.5	133.0	127.5	131.5	139.5	154.0	180.0	259.5	6.0	167.5	3.0	211.5	134.0	110.5	98.5	112.5	10.5	60.5	105.5	57.0	91.0	210.5	120.5	162.5
CCC	227.0	324.0	322.5	206.0	157.0	171.5	151.0	133.5	106.0	167.5	86.5	79.0	275.5	254.0	310.0	215.5	80.5	175.5	217.0	128.5	99.0	63.0	145.5	83.5	25.5	73.5	45.0	48.0	65.0	356.5	313.5	204.5	304.0	380.5	553.0	344.0	151.0	203.0	109.0	163.0	204.5	268.0	206.0	165.5	130.5	287.0	258.5	245.0	5.5	327.0	3.0	218.5	116.0	182.0	122.5	117.5	8.0	110.5	138.5	76.0	66.0	361.0	100.0	148.5
CCG	195.5	251.5	398.5	172.5	140.0	143.5	165.0	115.5	93.0	184.5	102.0	69.0	246.5	217.0	293.5	191.0	55.5	124.5	227.5	121.0	127.0	145.5	183.0	106.0	15.0	53.5	30.5	38.0	82.0	293.5	316.5	201.5	248.5	374.5	657.0	287.5	172.0	164.5	140.5	164.0	206.5	226.5	193.5	144.5	172.5	218.0	340.0	217.0	4.0	225.5	3.0	194.0	99.5	114.5	99.0	95.5	8.0	89.5	123.0	60.5	72.5	265.5	89.0	178.0
CCT	184.0	150.0	168.0	173.0	122.5	103.0	95.0	121.0	92.5	70.0	88.0	43.5	251.0	145.5	189.0	165.0	78.5	105.0	122.5	102.0	135.0	83.5	106.0	99.0	21.5	36.0	28.5	31.5	75.5	136.5	126.5	136.5	351.5	250.0	340.5	314.5	219.0	150.5	103.5	158.5	187.0	123.0	101.0	118.0	156.0	151.5	165.0	269.0	6.0	147.0	3.0	171.0	134.5	83.5	77.5	109.5	5.0	51.0	74.0	51.5	103.0	125.0	85.0	116.5
CGA	99.5	40.5	77.5	46.0	32.0	21.5	14.0	22.5	45.0	30.0	38.5	19.5	56.0	33.5	57.0	61.5	21.5	17.0	26.5	15.0	24.0	25.5	15.0	21.5	8.0	9.0	7.0	9.0	24.5	29.0	33.5	41.5	88.5	38.5	70.5	57.0	39.5	33.0	14.0	35.0	50.0	31.5	30.0	27.5	34.5	29.5	27.5	43.0	4.5	54.0	2.0	55.0	33.0	24.5	9.5	28.0	7.5	15.0	25.0	12.5	32.5	41.0	31.0	47.5
CGC	100.0	139.5	155.0	44.5	57.5	87.0	32.0	27.5	74.0	79.5	70.5	23.0	73.5	144.5	134.5	78.5	24.5	89.0	114.5	40.0	33.5	73.5	53.5	36.0	9.0	62.0	25.5	24.0	28.0	204.0	142.0	94.5	122.0	171.5	165.0	99.0	69.0	155.5	25.0	39.5	91.5	150.0	95.5	65.0	50.5	110.5	76.5	63.5	4.0	178.0	1.0	93.0	53.5	103.5	52.0	41.0	11.0	52.5	76.0	27.0	33.5	150.5	29.5	67.0
CGG	75.5	55.5	109.5	31.5	27.5	41.0	24.0	20.0	51.5	51.0	61.5	17.5	77.5	67.5	80.0	49.5	16.5	34.0	50.5	22.5	30.0	45.0	30.5	28.5	7.0	25.5	15.0	12.0	20.5	65.5	82.5	60.5	118.0	113.0	128.5	74.0	59.5	97.0	28.0	42.0	66.0	51.5	43.5	38.5	39.5	62.5	56.0	63.0	3.0	76.5	2.0	50.0	25.5	54.0	22.5	22.5	5.0	26.5	32.5	10.5	28.0	69.0	33.0	39.0
CGT	80.5	67.5	102.5	53.5	34.0	49.5	26.5	32.5	39.5	56.5	42.0	24.0	65.5	78.0	92.5	78.5	27.0	32.5	54.5	28.5	39.0	48.0	38.0	31.5	9.0	24.0	12.0	16.0	28.0	65.5	77.5	66.0	158.5	85.0	158.5	137.5	88.0	99.5	42.0	61.5	83.0	96.5	57.5	84.0	52.0	66.0	82.5	92.5	4.0	94.0	3.0	76.5	43.0	48.0	28.0	38.5	5.0	25.5	36.5	18.5	31.5	76.0	37.0	49.0
CTA	241.0	158.0	253.0	146.5	105.5	101.0	111.5	96.5	87.0	68.0	120.5	50.5	256.0	148.0	174.5	168.5	66.0	65.5	117.5	57.5	72.5	65.0	82.0	75.5	24.5	28.0	20.5	28.0	50.0	177.0	154.0	120.5	222.0	139.0	269.0	166.0	133.5	101.0	82.0	114.0	97.5	71.5	81.5	69.0	73.0	88.0	94.0	113.0	7.0	138.0	4.0	147.0	106.0	101.5	89.0	98.5	14.5	42.0	84.0	28.0	101.0	161.5	104.0	121.0
CTC	536.0	578.5	834.5	318.0	236.5	424.5	323.5	195.5	216.5	389.0	295.5	129.5	439.5	573.5	692.5	368.5	127.5	273.5	413.5	156.5	161.0	356.5	293.5	136.5	29.0	204.0	65.5	65.5	177.0	867.0	609.5	337.5	614.0	690.5	896.0	474.0	336.5	674.5	287.0	338.5	324.5	644.0	419.5	302.5	243.0	648.0	504.5	377.5	13.0	710.0	5.0	362.5	243.0	571.5	313.0	220.5	18.0	157.5	346.0	83.0	162.5	859.0	227.0	356.5
CTG	390.5	549.5	613.5	230.0	188.5	368.5	340.0	153.5	186.5	313.0	206.5	134.0	449.5	387.5	606.5	276.5	105.5	215.5	406.0	126.5	164.0	313.5	316.5	126.5	33.5	142.0	82.5	77.5	154.0	609.5	641.0	381.0	562.0	695.0	980.5	466.5	491.0	659.0	445.5	287.5	441.5	460.0	395.5	242.0	247.0	461.0	516.0	317.5	7.0	443.0	4.5	295.5	153.0	262.0	185.0	127.5	12.0	86.5	242.0	61.0	139.0	521.0	188.0	298.5
CTT	378.5	234.0	362.0	216.5	193.0	204.0	194.0	141.5	203.5	165.0	224.0	82.0	367.5	259.5	341.0	331.0	144.5	165.5	306.0	122.0	210.0	204.5	201.5	136.5	41.5	94.5	60.5	66.0	120.5	337.5	381.0	238.0	733.0	475.5	783.0	518.0	445.0	437.5	266.0	285.0	376.5	313.5	325.5	282.0	265.5	310.0	368.0	401.0	11.0	279.0	4.0	254.5	226.0	205.0	183.5	146.0	8.0	50.5	161.5	53.0	191.0	318.5	212.5	177.0
GAA	898.0	710.5	883.5	527.5	379.5	373.5	244.5	338.5	419.0	379.5	447.0	286.0	793.5	770.0	698.5	650.0	276.0	239.5	415.5	225.5	348.0	304.0	248.5	351.5	88.5	122.0	118.0	158.5	222.0	614.0	562.0	733.0	1335.0	774.5	1733.0	1009.0	680.5	530.0	354.5	610.5	659.5	483.5	481.0	524.5	397.5	456.5	563.0	643.5	40.0	592.5	15.5	496.5	284.0	348.0	206.0	284.5	41.5	131.0	384.0	123.0	264.5	569.5	304.0	514.0
GAC	608.0	515.0	814.0	319.0	255.5	338.5	274.0	266.0	287.0	452.5	356.0	207.5	634.0	589.5	673.5	475.0	125.5	272.5	420.0	161.5	293.0	380.5	374.5	250.0	38.5	171.5	113.0	85.0	139.0	690.5	695.0	475.5	774.5	605.0	1395.0	651.0	429.5	572.5	386.0	361.0	515.5	588.5	439.0	402.5	325.0	448.0	665.5	561.0	10.5	683.5	5.0	384.5	223.0	291.5	199.5	180.5	13.0	192.0	428.0	109.0	190.0	693.5	226.5	462.5
GAG	987.0	866.5	1712.0	504.5	387.0	663.5	474.5	362.0	404.0	663.0	737.5	322.5	1165.0	984.5	1134.5	772.5	243.0	434.0	784.5	279.5	391.0	553.0	657.0	340.5	70.5	165.0	128.5	158.5	269.0	896.0	980.5	783.0	1733.0	1395.0	2890.0	1359.5	836.0	1041.0	833.0	707.5	873.0	794.0	852.0	617.5	518.0	1085.0	1010.0	883.0	29.0	1041.0	16.0	581.0	252.0	362.0	309.0	226.0	44.0	217.5	541.0	145.5	329.5	956.0	399.0	577.5
GAT	530.0	475.5	824.5	415.0	368.0	321.0	265.5	342.5	331.5	308.0	455.0	237.5	776.0	636.0	778.0	591.0	197.5	216.0	333.5	231.0	385.5	344.0	287.5	314.5	57.0	99.0	74.0	137.5	166.0	474.0	466.5	518.0	1009.0	651.0	1359.5	1047.0	703.5	583.5	398.5	638.5	602.0	454.0	439.5	513.5	509.0	580.5	610.0	765.0	21.0	564.5	10.0	518.5	292.5	263.0	220.5	249.5	22.0	112.0	290.0	116.0	284.0	591.5	279.0	556.5
GCA	446.5	400.0	658.0	355.0	355.0	313.5	231.0	333.0	243.5	216.0	320.5	196.0	760.0	400.5	624.0	579.5	149.0	139.0	357.0	166.0	225.0	151.0	172.0	219.0	39.5	69.0	59.5	88.0	133.5	336.5	491.0	445.0	680.5	429.5	836.0	703.5	601.0	510.5	332.5	500.0	485.5	420.0	318.0	477.0	365.5	310.0	404.5	624.5	10.5	340.5	4.0	374.0	271.0	202.0	187.5	270.5	17.0	62.0	234.5	93.5	217.5	347.5	248.5	465.5
GCC	396.0	495.5	733.0	245.5	267.5	351.5	238.0	238.5	237.5	273.0	229.0	147.5	552.5	426.0	652.5	364.0	124.0	240.0	444.5	156.0	161.5	203.0	164.5	150.5	33.0	155.5	97.0	99.5	101.0	674.5	659.0	437.5	530.0	572.5	1041.0	583.5	510.5	473.0	250.0	424.0	405.0	503.0	329.5	353.5	248.5	402.0	467.5	467.0	7.0	542.0	4.0	343.0	203.5	252.0	206.5	194.0	14.0	184.0	249.0	99.5	150.5	563.5	184.5	371.5
GCG	284.0	268.0	536.5	182.0	146.0	217.0	198.0	127.0	144.0	161.5	169.0	92.0	366.0	254.0	432.0	248.5	61.0	97.0	288.5	89.0	105.0	109.0	140.5	103.5	14.0	25.0	28.0	42.0	82.0	287.0	445.5	266.0	354.5	386.0	833.0	398.5	332.5	250.0	352.0	317.0	293.0	220.0	240.5	235.0	229.0	353.5	428.5	311.5	5.0	251.0	3.0	210.0	128.0	131.0	130.5	101.5	8.5	56.5	170.0	54.5	125.0	304.0	162.0	244.0
GCT	326.0	233.5	335.0	225.5	210.0	190.5	159.5	247.0	162.5	109.0	181.5	111.0	483.5	293.0	411.5	346.5	125.5	137.0	233.0	124.5	152.5	163.0	164.0	158.5	35.0	39.5	42.0	61.5	114.0	338.5	287.5	285.0	610.5	361.0	707.5	638.5	500.0	424.0	317.0	409.0	336.0	252.0	262.5	343.0	307.0	281.5	334.0	453.0	8.0	248.5	4.5	307.5	181.0	150.5	149.5	152.0	9.0	40.0	139.5	59.5	181.5	239.0	191.5	251.0
GGA	517.0	456.5	580.5	354.5	378.5	386.5	245.5	283.5	320.0	335.0	362.5	202.5	565.5	531.5	574.0	412.0	123.5	190.0	317.5	145.0	149.5	204.5	206.5	187.0	50.0	91.5	66.0	83.0	97.5	324.5	441.5	376.5	659.5	515.5	873.0	602.0	485.5	405.0	293.0	336.0	503.0	449.5	288.5	397.5	285.5	375.5	336.0	432.5	16.0	450.5	7.0	335.0	185.5	230.0	158.0	181.0	16.0	113.5	273.0	122.0	187.5	470.0	245.5	442.5
GGC	387.5	511.5	683.0	229.5	217.5	416.0	256.0	205.0	211.0	360.5	213.0	163.0	478.0	451.0	562.5	297.0	96.0	252.5	326.5	135.0	133.0	268.0	226.5	123.0	31.5	150.0	51.5	96.5	71.5	644.0	460.0	313.5	483.5	588.5	794.0	454.0	420.0	503.0	220.0	252.0	449.5	528.0	331.5	320.5	188.5	463.0	401.0	332.0	9.0	632.0	3.0	339.5	192.0	292.5	172.5	166.0	14.5	220.0	292.5	137.5	124.0	612.5	166.5	325.0
GGG	316.0	324.5	615.5	196.0	181.5	238.5	241.5	150.0	154.0	285.0	192.5	145.5	409.5	312.0	446.5	272.0	99.0	174.0	264.5	120.5	127.5	206.0	193.5	101.0	30.0	95.5	43.5	57.5	81.5	419.5	395.5	325.5	481.0	439.0	852.0	439.5	318.0	329.5	240.5	262.5	288.5	331.5	135.0	215.0	185.5	371.0	329.5	265.5	8.5	320.5	6.0	231.0	111.0	163.0	110.0	92.0	20.0	117.5	177.5	72.0	107.0	378.5	203.5	238.0
GGT	361.0	319.0	402.0	210.0	195.0	256.5	154.0	184.5	188.5	243.5	166.5	152.5	380.5	333.5	403.0	332.5	90.5	154.0	214.0	112.0	131.5	165.5	144.5	118.0	27.5	65.0	38.5	84.0	69.0	302.5	242.0	282.0	524.5	402.5	617.5	513.5	477.0	353.5	235.0	343.0	397.5	320.5	215.0	345.0	214.0	299.0	293.0	492.5	9.0	317.0	5.0	300.0	162.0	205.5	122.0	158.0	9.0	105.0	156.5	92.5	134.5	386.0	150.5	363.0
GTA	375.0	281.5	515.5	270.5	247.5	226.0	192.0	205.0	232.5	174.0	256.5	105.0	485.5	283.5	343.5	307.5	89.0	108.0	203.5	108.5	139.5	130.5	172.5	156.0	34.5	50.5	39.5	52.0	73.0	243.0	247.0	265.5	397.5	325.0	518.0	509.0	365.5	248.5	229.0	307.0	285.5	188.5	185.5	214.0	249.0	228.5	232.5	382.0	7.0	219.0	5.0	230.5	172.5	141.0	142.0	159.5	11.0	66.5	158.0	69.0	156.5	292.5	169.0	281.0
GTC	434.0	475.5	755.5	256.5	237.5	337.5	284.5	211.5	211.5	372.5	260.5	143.5	467.5	390.0	457.0	301.5	97.0	229.5	355.5	119.0	154.0	287.0	218.0	151.5	29.5	110.5	62.5	66.0	88.0	648.0	461.0	310.0	456.5	448.0	1085.0	580.5	310.0	402.0	353.5	281.5	375.5	463.0	371.0	299.0	228.5	401.0	524.5	344.5	7.0	524.0	4.0	297.0	196.0	349.0	248.5	159.5	13.5	187.5	274.0	89.5	122.5	551.5	135.0	294.5
GTG	385.0	491.5	640.0	282.0	230.0	390.0	324.5	220.0	158.5	298.0	268.0	158.0	481.0	420.0	544.5	331.5	100.5	167.0	342.0	121.5	180.0	258.5	340.0	165.0	27.5	76.5	56.0	82.5	94.0	504.5	516.0	368.0	563.0	665.5	1010.0	610.0	404.5	467.5	428.5	334.0	336.0	401.0	329.5	293.0	232.5	524.5	458.0	415.0	6.0	409.0	6.0	290.5	123.0	158.0	204.5	133.0	10.5	81.0	203.0	67.0	131.5	428.5	205.0	280.5
GTT	441.5	280.5	504.0	298.5	268.0	282.5	205.5	293.5	287.5	185.0	255.0	155.0	611.5	421.0	488.0	495.5	126.5	170.5	314.0	180.0	259.5	245.0	217.0	269.0	43.0	63.5	63.0	92.5	113.0	377.5	317.5	401.0	643.5	561.0	883.0	765.0	624.5	467.0	311.5	453.0	432.5	332.0	265.5	492.5	382.0	344.5	415.0	623.0	9.0	268.5	4.0	378.5	243.5	197.5	157.5	199.5	8.0	66.5	153.5	67.5	233.0	336.0	244.0	338.0
TAA	33.0	8.0	19.0	11.0	6.0	4.0	3.0	4.5	15.0	9.0	9.5	8.0	10.0	14.5	8.0	15.0	11.0	4.0	13.0	7.0	6.0	5.5	4.0	6.0	4.5	4.0	3.0	4.0	7.0	13.0	7.0	11.0	40.0	10.5	29.0	21.0	10.5	7.0	5.0	8.0	16.0	9.0	8.5	9.0	7.0	7.0	6.0	9.0	0.0	6.5	0.0	9.0	7.0	6.0	4.0	7.0	0.0	3.0	10.0	3.0	11.0	13.5	5.5	14.0
TAC	502.0	598.5	727.5	314.5	273.0	444.5	249.0	201.0	265.5	391.5	341.5	148.5	531.0	617.0	515.5	305.5	127.5	260.5	383.5	135.0	167.5	327.0	225.5	147.0	54.0	178.0	76.5	94.0	138.0	710.0	443.0	279.0	592.5	683.5	1041.0	564.5	340.5	542.0	251.0	248.5	450.5	632.0	320.5	317.0	219.0	524.0	409.0	268.5	6.5	668.0	3.5	345.0	173.0	319.0	192.0	136.5	14.0	159.0	334.5	112.0	129.0	734.0	123.5	253.0
TAG	13.5	4.0	13.0	4.0	3.0	2.0	2.0	1.5	6.0	3.0	5.0	4.0	5.5	5.0	4.0	5.5	5.0	2.0	6.5	2.5	3.0	3.0	3.0	3.0	2.0	1.0	2.0	3.0	4.0	5.0	4.5	4.0	15.5	5.0	16.0	10.0	4.0	4.0	3.0	4.5	7.0	3.0	6.0	5.0	5.0	4.0	6.0	4.0	0.0	3.5	0.0	3.0	4.0	3.0	3.0	3.0	0.0	1.0	5.0	2.0	4.0	4.5	4.0	6.0
TAT	339.5	278.5	358.0	299.0	194.5	208.5	141.0	162.0	217.0	157.5	216.5	111.5	303.5	327.0	316.5	277.5	121.0	158.5	259.5	132.5	211.5	218.5	194.0	171.0	55.0	93.0	50.0	76.5	147.0	362.5	295.5	254.5	496.5	384.5	581.0	518.5	374.0	343.0	210.0	307.5	335.0	339.5	231.0	300.0	230.5	297.0	290.5	378.5	9.0	345.0	3.0	367.0	180.0	174.0	125.0	135.5	8.0	60.5	160.5	60.5	174.5	345.0	153.0	262.0
TCA	287.5	184.0	260.0	165.0	186.5	143.5	107.0	132.0	145.5	131.0	135.0	104.5	374.5	238.5	213.5	274.0	94.5	87.5	153.5	78.5	134.0	116.0	99.5	134.5	33.0	53.5	25.5	43.0	106.0	243.0	153.0	226.0	284.0	223.0	252.0	292.5	271.0	203.5	128.0	181.0	185.5	192.0	111.0	162.0	172.5	196.0	123.0	243.5	7.0	173.0	4.0	180.0	167.0	139.0	85.0	129.0	11.0	45.5	92.5	42.5	118.5	242.5	87.5	233.5
TCC	236.5	249.5	276.5	149.5	149.0	217.0	124.0	99.5	97.5	169.5	78.0	93.5	294.0	337.5	279.5	190.0	95.5	146.5	170.0	68.0	110.5	182.0	114.5	83.5	24.5	103.5	54.0	48.0	101.5	571.5	262.0	205.0	348.0	291.5	362.0	263.0	202.0	252.0	131.0	150.5	230.0	292.5	163.0	205.5	141.0	349.0	158.0	197.5	6.0	319.0	3.0	174.0	139.0	184.0	119.0	108.5	13.0	72.5	123.5	54.5	116.5	398.5	82.5	154.0
TCG	178.5	142.0	248.0	107.5	104.5	125.5	76.0	80.0	85.5	102.0	79.0	53.5	225.0	183.5	202.5	161.5	51.0	65.0	129.5	56.5	98.5	122.5	99.0	77.5	9.5	52.0	22.5	28.0	89.0	313.0	185.0	183.5	206.0	199.5	309.0	220.5	187.5	206.5	130.5	149.5	158.0	172.5	110.0	122.0	142.0	248.5	204.5	157.5	4.0	192.0	3.0	125.0	85.0	119.0	55.0	72.0	5.5	41.0	97.5	29.5	74.0	246.0	68.0	131.5
TCT	180.0	118.5	134.5	117.5	110.5	110.5	65.0	74.5	58.0	69.0	71.0	52.0	219.0	183.5	140.0	156.0	79.0	79.5	109.0	73.0	112.5	117.5	95.5	109.5	28.0	41.0	22.5	38.5	98.5	220.5	127.5	146.0	284.5	180.5	226.0	249.5	270.5	194.0	101.5	152.0	181.0	166.0	92.0	158.0	159.5	159.5	133.0	199.5	7.0	136.5	3.0	135.5	129.0	108.5	72.0	103.0	6.5	31.5	67.0	32.5	124.5	176.0	80.5	154.5
TGA	27.5	9.0	21.0	8.0	8.0	7.5	4.0	4.0	17.0	12.5	22.5	7.0	14.0	18.0	9.5	8.5	16.5	6.0	13.0	4.0	10.5	8.0	8.0	5.0	7.5	11.0	5.0	5.0	14.5	18.0	12.0	8.0	41.5	13.0	44.0	22.0	17.0	14.0	8.5	9.0	16.0	14.5	20.0	9.0	11.0	13.5	10.5	8.0	0.0	14.0	0.0	8.0	11.0	13.0	5.5	6.5	0.0	6.0	11.5	3.0	12.0	18.0	6.0	7.0
TGC	128.0	152.5	143.5	63.0	56.5	108.5	57.0	34.5	89.5	60.0	103.0	42.0	128.0	141.0	109.5	60.5	33.0	103.0	91.0	34.5	60.5	110.5	89.5	51.0	15.0	52.5	26.5	25.5	42.0	157.5	86.5	50.5	131.0	192.0	217.5	112.0	62.0	184.0	56.5	40.0	113.5	220.0	117.5	105.0	66.5	187.5	81.0	66.5	3.0	159.0	1.0	60.5	45.5	72.5	41.0	31.5	6.0	30.0	74.5	41.5	33.0	141.0	29.0	52.5
TGG	279.5	304.0	389.0	137.5	148.0	164.5	114.5	105.5	159.5	200.5	158.5	102.5	289.0	262.5	278.0	185.0	94.0	146.5	219.0	72.5	105.5	138.5	123.0	74.0	25.0	76.0	32.5	36.5	84.0	346.0	242.0	161.5	384.0	428.0	541.0	290.0	234.5	249.0	170.0	139.5	273.0	292.5	177.5	156.5	158.0	274.0	203.0	153.5	10.0	334.5	5.0	160.5	92.5	123.5	97.5	67.0	11.5	74.5	243.0	47.5	94.0	342.5	95.0	153.5
TGT	87.0	106.5	89.0	51.0	51.5	64.5	36.5	41.5	55.5	56.0	48.5	31.0	80.5	107.0	90.0	59.0	30.0	52.0	58.0	29.0	57.0	76.0	60.5	51.5	12.5	27.0	10.5	18.5	28.0	83.0	61.0	53.0	123.0	109.0	145.5	116.0	93.5	99.5	54.5	59.5	122.0	137.5	72.0	92.5	69.0	89.5	67.0	67.5	3.0	112.0	2.0	60.5	42.5	54.5	29.5	32.5	3.0	41.5	47.5	28.0	38.0	109.5	36.0	46.5
TTA	296.0	177.0	266.5	202.0	133.5	116.0	81.5	136.0	145.0	107.5	155.5	81.0	250.5	197.0	191.5	269.0	63.0	66.5	132.5	72.5	91.0	66.0	72.5	103.0	32.5	33.5	28.0	31.5	101.0	162.5	139.0	191.0	264.5	190.0	329.5	284.0	217.5	150.5	125.0	181.5	187.5	124.0	107.0	134.5	156.5	122.5	131.5	233.0	11.0	129.0	4.0	174.5	118.5	116.5	74.0	124.5	12.0	33.0	94.0	38.0	136.0	190.5	137.0	189.0
TTC	460.0	669.0	708.0	323.5	304.0	470.0	277.5	167.5	262.0	403.5	325.5	167.5	706.5	597.5	606.5	314.5	151.5	303.5	448.0	153.0	210.5	361.0	265.5	125.0	41.0	150.5	69.0	76.0	161.5	859.0	521.0	318.5	569.5	693.5	956.0	591.5	347.5	563.5	304.0	239.0	470.0	612.5	378.5	386.0	292.5	551.5	428.5	336.0	13.5	734.0	4.5	345.0	242.5	398.5	246.0	176.0	18.0	141.0	342.5	109.5	190.5	865.0	191.5	367.0
TTG	268.0	185.0	237.0	219.0	132.0	132.0	96.0	117.0	127.0	111.0	166.5	88.0	288.0	216.0	247.5	205.0	84.0	83.5	152.5	68.5	120.5	100.0	89.0	85.0	31.0	29.5	33.0	37.0	104.0	227.0	188.0	212.5	304.0	226.5	399.0	279.0	248.5	184.5	162.0	191.5	245.5	166.5	203.5	150.5	169.0	135.0	205.0	244.0	5.5	123.5	4.0	153.0	87.5	82.5	68.0	80.5	6.0	29.0	95.0	36.0	137.0	191.5	130.0	195.5
TTT	287.5	230.0	314.0	241.5	188.0	216.5	167.0	141.5	158.5	129.5	188.5	100.0	346.5	279.0	319.0	304.5	95.0	127.5	221.0	103.0	162.5	148.5	178.0	116.5	47.5	67.0	39.0	49.0	121.0	356.5	298.5	177.0	514.0	462.5	577.5	556.5	465.5	371.5	244.0	251.0	442.5	325.0	238.0	363.0	281.0	294.5	280.5	338.0	14.0	253.0	6.0	262.0	233.5	154.0	131.5	154.5	7.0	52.5	153.5	46.5	189.0	367.0	195.5	171.0
