	AAA	AAC	AAG	AAT	ACA	ACC	ACG	ACT	AGA	AGC	AGG	AGT	ATA	ATC	ATG	ATT	CAA	CAC	CAG	CAT	CCA	CCC	CCG	CCT	CGA	CGC	CGG	CGT	CTA	CTC	CTG	CTT	GAA	GAC	GAG	GAT	GCA	GCC	GCG	GCT	GGA	GGC	GGG	GGT	GTA	GTC	GTG	GTT	TAA	TAC	TAG	TAT	TCA	TCC	TCG	TCT	TGA	TGC	TGG	TGT	TTA	TTC	TTG	TTT
Start	224340.0	111048.0	107985.0	98350.0	69477.0	162938.0	93000.0	59981.0	44975.0	163376.0	27453.0	80276.0	31389.0	73727.0	2504367.0	57914.0	48531.0	27283.0	45523.0	21766.0	31444.0	54832.0	52816.0	32969.0	25997.0	60299.0	30653.0	36435.0	13555.0	34305.0	64546.0	26853.0	88702.0	63250.0	40901.0	63625.0	87328.0	81015.0	70950.0	69674.0	30417.0	35642.0	20832.0	26202.0	15706.0	25786.0	542100.0	24118.0	40.0	17184.0	31.0	19384.0	42003.0	61711.0	41756.0	43566.0	175.0	9271.0	14298.0	6711.0	26542.0	32227.0	198624.0	39065.0
AAA	1837576.0	674065.0	838524.0	1154962.0	584180.0	651964.0	447772.0	497239.0	407170.0	464381.0	175083.0	422733.0	761733.0	955864.0	1028160.0	1404266.0	796470.0	303636.0	714068.0	466874.0	342041.0	286509.0	459754.0	388667.0	181133.0	517979.0	268377.0	395728.0	351260.0	506296.0	1066201.0	756334.0	1761197.0	731333.0	836791.0	1318649.0	853177.0	932147.0	787716.0	798641.0	666361.0	884633.0	408404.0	744369.0	647442.0	561826.0	724428.0	809732.0	62250.0	509365.0	21165.0	948252.0	422535.0	319348.0	299977.0	439968.0	40509.0	170038.0	490946.0	179429.0	1090531.0	622452.0	705329.0	1158866.0
AAC	674065.0	817430.0	811117.0	474641.0	260621.0	1064933.0	612625.0	227013.0	130652.0	568152.0	117782.0	197320.0	238257.0	1311950.0	810054.0	605246.0	376083.0	476312.0	883062.0	267240.0	193530.0	514809.0	876272.0	214088.0	117756.0	922389.0	493714.0	288956.0	141769.0	820012.0	1745540.0	352062.0	878577.0	1201054.0	1015850.0	716177.0	428928.0	1550439.0	1236963.0	369752.0	328665.0	1488979.0	444464.0	480960.0	284113.0	1017895.0	1110096.0	373108.0	23103.0	690507.0	11124.0	447946.0	190153.0	454350.0	517458.0	190343.0	29811.0	249285.0	533835.0	93466.0	315312.0	962615.0	429807.0	502580.0
AAG	838524.0	811117.0	1251750.0	569306.0	279545.0	1065834.0	662470.0	242936.0	187845.0	576619.0	171210.0	219381.0	323804.0	1408506.0	1014555.0	692304.0	383790.0	476011.0	1005349.0	298491.0	175860.0	473228.0	843976.0	207617.0	134305.0	1068555.0	593369.0	312740.0	163760.0	942329.0	1926580.0	438770.0	1081734.0	1336425.0	1370502.0	832515.0	508204.0	1776379.0	1458649.0	474151.0	405809.0	1752435.0	548876.0	532579.0	325037.0	1123767.0	1191820.0	448213.0	38627.0	729141.0	22632.0	549407.0	201311.0	484172.0	538644.0	212573.0	53159.0	241650.0	575670.0	101487.0	407690.0	1043333.0	542332.0	625804.0
AAT	1154962.0	474641.0	569306.0	864082.0	394740.0	446142.0	325990.0	351553.0	251765.0	339223.0	114949.0	324603.0	502088.0	636386.0	622759.0	976819.0	564968.0	208848.0	518331.0	334439.0	271618.0	236594.0	381561.0	309243.0	129381.0	380221.0	208668.0	263281.0	231322.0	342552.0	750255.0	485321.0	1139797.0	546795.0	598498.0	1014626.0	531443.0	630489.0	555719.0	505174.0	444035.0	627272.0	303329.0	495669.0	433750.0	417761.0	559742.0	554101.0	36776.0	354436.0	12293.0	695937.0	318308.0	245950.0	258196.0	334311.0	23891.0	128679.0	351635.0	137068.0	742608.0	464535.0	516390.0	861858.0
ACA	584180.0	260621.0	279545.0	394740.0	296958.0	279000.0	204227.0	213518.0	139777.0	189037.0	63597.0	170229.0	243814.0	324800.0	344944.0	472685.0	298345.0	121188.0	248410.0	166119.0	183393.0	149680.0	214557.0	178788.0	76548.0	189671.0	110510.0	142608.0	121558.0	186127.0	339022.0	269940.0	654408.0	309684.0	330747.0	505248.0	356803.0	359633.0	292245.0	299214.0	303097.0	344416.0	173422.0	314210.0	244401.0	220201.0	267389.0	306124.0	13274.0	161256.0	4946.0	293395.0	194492.0	141096.0	135576.0	181987.0	15714.0	69989.0	172570.0	73868.0	350834.0	217295.0	227411.0	386344.0
ACC	651964.0	1064933.0	1065834.0	446142.0	279000.0	2063528.0	958813.0	239437.0	110630.0	849785.0	152873.0	211409.0	177671.0	1779745.0	1012713.0	567763.0	410793.0	811007.0	1305816.0	323767.0	227231.0	1039855.0	1549131.0	245735.0	170851.0	1648584.0	975077.0	375672.0	134979.0	1364599.0	2691298.0	376136.0	1144175.0	2134513.0	1838692.0	839300.0	537818.0	2981677.0	2065037.0	429101.0	453853.0	2687558.0	778348.0	656230.0	279770.0	1666451.0	1667317.0	382862.0	13476.0	876525.0	10900.0	425405.0	198555.0	794393.0	802966.0	187512.0	41129.0	368721.0	720609.0	105414.0	248763.0	1321982.0	478715.0	510658.0
ACG	447772.0	612625.0	662470.0	325990.0	204227.0	958813.0	717494.0	155867.0	81121.0	502456.0	109569.0	150798.0	122547.0	981782.0	647094.0	401604.0	264509.0	388197.0	714010.0	210781.0	146109.0	484225.0	887699.0	155968.0	116946.0	860618.0	570242.0	231933.0	85263.0	709440.0	1465825.0	242789.0	725368.0	1136377.0	1069144.0	581524.0	354529.0	1429705.0	1351117.0	285754.0	304542.0	1448477.0	525920.0	396987.0	181003.0	876222.0	994457.0	255343.0	12737.0	492088.0	10402.0	305277.0	135612.0	415342.0	536609.0	129824.0	36018.0	211912.0	448969.0	70107.0	189783.0	734215.0	346977.0	343953.0
ACT	497239.0	227013.0	242936.0	351553.0	213518.0	239437.0	155867.0	197120.0	111788.0	156248.0	49367.0	146461.0	196063.0	273399.0	276924.0	402904.0	259809.0	106749.0	218617.0	140913.0	154226.0	127668.0	184436.0	162378.0	65351.0	169034.0	90554.0	135723.0	108322.0	153963.0	299663.0	218609.0	558527.0	270167.0	290861.0	452306.0	289819.0	317460.0	258333.0	274837.0	251561.0	305115.0	150063.0	296342.0	208105.0	187262.0	242017.0	270926.0	11614.0	152404.0	4776.0	262092.0	161742.0	125445.0	116051.0	168778.0	11374.0	59234.0	145531.0	65698.0	317016.0	199277.0	210907.0	365831.0
AGA	407170.0	130652.0	187845.0	251765.0	139777.0	110630.0	81121.0	111788.0	150736.0	91009.0	61352.0	99428.0	210600.0	166885.0	220099.0	297773.0	173674.0	61700.0	140238.0	103425.0	83692.0	58880.0	81422.0	91624.0	49488.0	88628.0	63907.0	73960.0	80964.0	97895.0	170667.0	179630.0	387220.0	138717.0	188306.0	277486.0	193813.0	160238.0	132796.0	176565.0	181432.0	142059.0	92519.0	156615.0	153837.0	98151.0	129434.0	180271.0	14193.0	101302.0	5885.0	215767.0	105709.0	66913.0	59274.0	108032.0	11997.0	38318.0	109536.0	46412.0	251904.0	118926.0	142089.0	267526.0
AGC	464381.0	568152.0	576619.0	339223.0	189037.0	849785.0	502456.0	156248.0	91009.0	540824.0	100065.0	167075.0	156916.0	898067.0	577850.0	410074.0	284137.0	376936.0	728073.0	220315.0	146795.0	450480.0	759492.0	157706.0	105971.0	804030.0	466198.0	218383.0	103609.0	649669.0	1389650.0	261118.0	698553.0	1028854.0	898839.0	591674.0	353985.0	1320915.0	1093440.0	286724.0	297131.0	1344047.0	447442.0	380283.0	202059.0	748061.0	881538.0	255443.0	15489.0	469446.0	10056.0	322567.0	143973.0	370298.0	436076.0	136324.0	28560.0	201978.0	427632.0	73330.0	211246.0	681639.0	337116.0	383113.0
AGG	175083.0	117782.0	171210.0	114949.0	63597.0	152873.0	109569.0	49367.0	61352.0	100065.0	71452.0	49762.0	92715.0	185503.0	169230.0	138633.0	80126.0	80447.0	168246.0	62501.0	40040.0	87240.0	136187.0	47459.0	40510.0	160839.0	150090.0	57117.0	35956.0	145751.0	299027.0	99335.0	209119.0	197600.0	243845.0	158707.0	112435.0	264176.0	240622.0	94185.0	104245.0	229082.0	132752.0	95327.0	71877.0	151517.0	194762.0	91647.0	9164.0	106336.0	7194.0	109806.0	48674.0	83457.0	87487.0	48506.0	17642.0	47320.0	116868.0	26586.0	88755.0	143708.0	118291.0	139267.0
AGT	422733.0	197320.0	219381.0	324603.0	170229.0	211409.0	150798.0	146461.0	99428.0	167075.0	49762.0	158932.0	186242.0	260427.0	258273.0	382962.0	231988.0	97175.0	224742.0	136303.0	116776.0	113511.0	176706.0	124281.0	64314.0	174438.0	111123.0	121877.0	99825.0	158203.0	332481.0	194057.0	465058.0	250198.0	277267.0	425957.0	252706.0	317134.0	278519.0	232358.0	228180.0	308151.0	168936.0	260202.0	187551.0	190507.0	261988.0	235120.0	12396.0	147932.0	5297.0	264919.0	145212.0	119343.0	127205.0	147160.0	11150.0	61269.0	167418.0	65279.0	309451.0	195992.0	229088.0	365308.0
ATA	761733.0	238257.0	323804.0	502088.0	243814.0	177671.0	122547.0	196063.0	210600.0	156916.0	92715.0	186242.0	345768.0	207089.0	300144.0	401699.0	291046.0	92430.0	228511.0	164680.0	145879.0	97262.0	128579.0	166063.0	64155.0	124422.0	82957.0	99766.0	115481.0	117740.0	228589.0	250079.0	729251.0	258341.0	340528.0	551636.0	318300.0	255845.0	199106.0	280218.0	323691.0	243647.0	156033.0	268680.0	248793.0	136670.0	191130.0	271290.0	13910.0	131643.0	5181.0	297208.0	199235.0	109808.0	95213.0	197328.0	8414.0	58841.0	126364.0	76951.0	356709.0	153755.0	186884.0	398964.0
ATC	955864.0	1311950.0	1408506.0	636386.0	324800.0	1779745.0	981782.0	273399.0	166885.0	898067.0	185503.0	260427.0	207089.0	1831044.0	1196918.0	669540.0	582437.0	894944.0	1691938.0	451693.0	259793.0	873661.0	1524488.0	285118.0	222420.0	1931892.0	1095601.0	489292.0	158482.0	1304427.0	2625321.0	447790.0	1584709.0	2503335.0	2288054.0	1195423.0	685074.0	3151751.0	2506905.0	574157.0	584858.0	2930981.0	913396.0	798287.0	338236.0	1685378.0	1782199.0	469176.0	16980.0	896470.0	10234.0	517976.0	254818.0	797774.0	944086.0	252363.0	27968.0	417342.0	706926.0	133827.0	313819.0	1390422.0	543791.0	623410.0
ATG	1028160.0	810054.0	1014555.0	622759.0	344944.0	1012713.0	647094.0	276924.0	220099.0	577850.0	169230.0	258273.0	300144.0	1196918.0	1035334.0	724868.0	537982.0	536331.0	1110855.0	377742.0	253564.0	498736.0	916027.0	266474.0	188644.0	1135177.0	679720.0	393448.0	163464.0	720837.0	1700222.0	419332.0	1357551.0	1358577.0	1501600.0	985214.0	629833.0	1783838.0	1532099.0	532221.0	490302.0	1658327.0	606740.0	604357.0	359413.0	933306.0	1195622.0	466770.0	16717.0	587473.0	8251.0	517131.0	264162.0	473869.0	576226.0	261881.0	21076.0	267025.0	548623.0	126790.0	424160.0	879759.0	521126.0	657001.0
ATT	1404266.0	605246.0	692304.0	976819.0	472685.0	567763.0	401604.0	402904.0	297773.0	410074.0	138633.0	382962.0	401699.0	669540.0	724868.0	1000224.0	763836.0	290880.0	706940.0	434674.0	349545.0	286404.0	479625.0	374951.0	187340.0	529393.0	288503.0	393527.0	237077.0	365639.0	817559.0	504231.0	1624607.0	759879.0	861155.0	1344291.0	758130.0	902031.0	778941.0	697481.0	649601.0	888169.0	451177.0	754439.0	481823.0	492526.0	672838.0	633878.0	24329.0	374208.0	8811.0	660431.0	395621.0	313868.0	322862.0	410893.0	17444.0	165189.0	359305.0	174744.0	735393.0	475642.0	533782.0	902992.0
CAA	796470.0	376083.0	383790.0	564968.0	298345.0	410793.0	264509.0	259809.0	173674.0	284137.0	80126.0	231988.0	291046.0	582437.0	537982.0	763836.0	603102.0	206405.0	486850.0	284852.0	228494.0	237157.0	310738.0	233887.0	129712.0	407804.0	189501.0	274064.0	211226.0	395452.0	696913.0	407670.0	918077.0	449548.0	470060.0	704372.0	499355.0	713398.0	527847.0	467310.0	313875.0	534309.0	221088.0	406764.0	317500.0	394337.0	459237.0	444135.0	21076.0	267437.0	7831.0	467921.0	221084.0	199076.0	187102.0	229143.0	19342.0	107409.0	296336.0	102022.0	589281.0	367029.0	442782.0	594604.0
CAC	303636.0	476312.0	476011.0	208848.0	121188.0	811007.0	388197.0	106749.0	61700.0	376936.0	80447.0	97175.0	92430.0	894944.0	536331.0	290880.0	206405.0	560836.0	624009.0	240411.0	114539.0	508859.0	688851.0	122326.0	95129.0	900401.0	468993.0	214439.0	71845.0	793323.0	1340712.0	195305.0	537471.0	1083218.0	870808.0	420125.0	256230.0	1475785.0	926802.0	209557.0	208670.0	1196780.0	333732.0	306165.0	137711.0	883014.0	823136.0	197513.0	8878.0	489883.0	6265.0	232053.0	89445.0	348278.0	328367.0	86352.0	22421.0	193088.0	391871.0	57317.0	131142.0	687889.0	239702.0	245975.0
CAG	714068.0	883062.0	1005349.0	518331.0	248410.0	1305816.0	714010.0	218617.0	140238.0	728073.0	168246.0	224742.0	228511.0	1691938.0	1110855.0	706940.0	486850.0	624009.0	1520116.0	370804.0	204385.0	732592.0	1155816.0	234222.0	172914.0	1533308.0	800607.0	445080.0	157127.0	1298850.0	2663302.0	452795.0	1160445.0	1556234.0	1560432.0	892836.0	578844.0	2551850.0	1840882.0	502872.0	388433.0	1994909.0	590965.0	595804.0	305688.0	1412797.0	1523227.0	448523.0	22041.0	819065.0	15076.0	540776.0	185598.0	596340.0	611437.0	191445.0	45598.0	314794.0	725868.0	112642.0	333014.0	1209513.0	610332.0	599013.0
CAT	466874.0	267240.0	298491.0	334439.0	166119.0	323767.0	210781.0	140913.0	103425.0	220315.0	62501.0	136303.0	164680.0	451693.0	377742.0	434674.0	284852.0	240411.0	370804.0	295108.0	149386.0	220561.0	331132.0	166186.0	87931.0	410538.0	201054.0	198918.0	105288.0	321853.0	645685.0	259051.0	607393.0	457878.0	432291.0	545225.0	291221.0	606082.0	466743.0	260430.0	235316.0	557729.0	208639.0	291034.0	190486.0	359651.0	422526.0	272437.0	13934.0	229099.0	5221.0	333334.0	133784.0	178519.0	178614.0	140182.0	17061.0	110599.0	234742.0	77145.0	292855.0	344623.0	278292.0	401703.0
CCA	342041.0	193530.0	175860.0	271618.0	183393.0	227231.0	146109.0	154226.0	83692.0	146795.0	40040.0	116776.0	145879.0	259793.0	253564.0	349545.0	228494.0	114539.0	204385.0	149386.0	177112.0	156729.0	218140.0	150571.0	63115.0	177663.0	93608.0	128234.0	94706.0	172088.0	299419.0	199590.0	431240.0	249708.0	239528.0	385336.0	247462.0	303709.0	237504.0	220664.0	204595.0	298547.0	129489.0	252938.0	178432.0	192216.0	226516.0	245711.0	7160.0	132313.0	3253.0	226645.0	133138.0	114797.0	109460.0	130992.0	11408.0	57305.0	151955.0	57222.0	248630.0	193396.0	176205.0	293346.0
CCC	286509.0	514809.0	473228.0	236594.0	149680.0	1039855.0	484225.0	127668.0	58880.0	450480.0	87240.0	113511.0	97262.0	873661.0	498736.0	286404.0	237157.0	508859.0	732592.0	220561.0	156729.0	867972.0	1015914.0	183168.0	107052.0	916280.0	512777.0	209232.0	76945.0	908675.0	1427714.0	233119.0	588440.0	1295362.0	991268.0	496743.0	305910.0	1708471.0	1094745.0	251085.0	293234.0	1576563.0	482820.0	364178.0	150579.0	951943.0	894948.0	219175.0	7405.0	499005.0	8228.0	248998.0	107805.0	477987.0	402001.0	108431.0	28429.0	203515.0	405086.0	59495.0	126307.0	751316.0	246817.0	284922.0
CCG	459754.0	876272.0	843976.0	381561.0	214557.0	1549131.0	887699.0	184436.0	81422.0	759492.0	136187.0	176706.0	128579.0	1524488.0	916027.0	479625.0	310738.0	688851.0	1155816.0	331132.0	218140.0	1015914.0	1748078.0	236013.0	153611.0	1405876.0	915744.0	353756.0	95763.0	1199352.0	2476205.0	320891.0	887264.0	1883673.0	1561106.0	798965.0	448630.0	2423047.0	1950293.0	371193.0	412202.0	2454236.0	795927.0	604361.0	223773.0	1426628.0	1530578.0	335512.0	12325.0	756326.0	13195.0	410621.0	155200.0	669602.0	769446.0	149082.0	49511.0	319645.0	722791.0	91778.0	176324.0	1241140.0	426740.0	434464.0
CCT	388667.0	214088.0	207617.0	309243.0	178788.0	245735.0	155968.0	162378.0	91624.0	157706.0	47459.0	124281.0	166063.0	285118.0	266474.0	374951.0	233887.0	122326.0	234222.0	166186.0	150571.0	183168.0	236013.0	173506.0	67007.0	196041.0	104237.0	137038.0	97282.0	196838.0	341539.0	225901.0	465102.0	282571.0	285508.0	428075.0	255018.0	360063.0	274458.0	246931.0	238537.0	351412.0	162152.0	273889.0	192266.0	220987.0	265851.0	267997.0	7663.0	163622.0	4100.0	270702.0	136450.0	144290.0	121358.0	152818.0	10943.0	66264.0	158025.0	65063.0	266993.0	225541.0	201162.0	357365.0
CGA	181133.0	117756.0	134305.0	129381.0	76548.0	170851.0	116946.0	65351.0	49488.0	105971.0	40510.0	64314.0	64155.0	222420.0	188644.0	187340.0	129712.0	95129.0	172914.0	87931.0	63115.0	107052.0	153611.0	67007.0	75730.0	200940.0	142408.0	99712.0	53995.0	192397.0	317256.0	115115.0	251662.0	210192.0	213142.0	204254.0	150173.0	319080.0	260629.0	138863.0	120611.0	251418.0	115093.0	139598.0	80639.0	191384.0	205903.0	117096.0	6052.0	87951.0	4073.0	114893.0	59239.0	88515.0	95342.0	59125.0	14408.0	46107.0	117223.0	30540.0	115183.0	149310.0	136468.0	150155.0
CGC	517979.0	922389.0	1068555.0	380221.0	189671.0	1648584.0	860618.0	169034.0	88628.0	804030.0	160839.0	174438.0	124422.0	1931892.0	1135177.0	529393.0	407804.0	900401.0	1533308.0	410538.0	177663.0	916280.0	1405876.0	196041.0	200940.0	2213160.0	1166979.0	508736.0	121536.0	1723468.0	3312131.0	382188.0	1167039.0	2107377.0	2011645.0	836653.0	532571.0	3387394.0	2430499.0	432636.0	387330.0	2718347.0	743341.0	611419.0	236587.0	1765761.0	1880712.0	341681.0	16584.0	932442.0	16296.0	458783.0	137662.0	662435.0	729161.0	133828.0	57217.0	360672.0	806681.0	92098.0	184753.0	1452883.0	520051.0	460562.0
CGG	268377.0	493714.0	593369.0	208668.0	110510.0	975077.0	570242.0	90554.0	63907.0	466198.0	150090.0	111123.0	82957.0	1095601.0	679720.0	288503.0	189501.0	468993.0	800607.0	201054.0	93608.0	512777.0	915744.0	104237.0	142408.0	1166979.0	1080874.0	268290.0	64827.0	932337.0	2061640.0	201355.0	569207.0	1208653.0	1261228.0	459040.0	293497.0	1989817.0	1698539.0	248060.0	271132.0	1545025.0	677059.0	363880.0	132426.0	1054311.0	1237444.0	187266.0	10557.0	492149.0	13913.0	240475.0	80486.0	409577.0	484585.0	73404.0	49111.0	220845.0	554866.0	60884.0	105324.0	818187.0	364090.0	257834.0
CGT	395728.0	288956.0	312740.0	263281.0	142608.0	375672.0	231933.0	135723.0	73960.0	218383.0	57117.0	121877.0	99766.0	489292.0	393448.0	393527.0	274064.0	214439.0	445080.0	198918.0	128234.0	209232.0	353756.0	137038.0	99712.0	508736.0	268290.0	318778.0	91877.0	371007.0	786560.0	234112.0	599468.0	487555.0	502530.0	477825.0	326237.0	746042.0	606173.0	309809.0	216369.0	634133.0	228854.0	381346.0	184648.0	409393.0	498040.0	272280.0	11417.0	250615.0	5521.0	275323.0	117337.0	196283.0	198617.0	133038.0	18323.0	96510.0	243794.0	64667.0	237385.0	371425.0	288574.0	335715.0
CTA	351260.0	141769.0	163760.0	231322.0	121558.0	134979.0	85263.0	108322.0	80964.0	103609.0	35956.0	99825.0	115481.0	158482.0	163464.0	237077.0	211226.0	71845.0	157127.0	105288.0	94706.0	76945.0	95763.0	97282.0	53995.0	121536.0	64827.0	91877.0	81428.0	98366.0	169346.0	133264.0	397647.0	173285.0	207062.0	302667.0	184567.0	210063.0	158630.0	174918.0	137991.0	172807.0	85243.0	157060.0	117993.0	110040.0	130506.0	151401.0	6560.0	79751.0	2928.0	148686.0	95681.0	69013.0	63450.0	100337.0	5014.0	34052.0	82922.0	37351.0	184193.0	104799.0	119352.0	198664.0
CTC	506296.0	820012.0	942329.0	342552.0	186127.0	1364599.0	709440.0	153963.0	97895.0	649669.0	145751.0	158203.0	117740.0	1304427.0	720837.0	365639.0	395452.0	793323.0	1298850.0	321853.0	172088.0	908675.0	1199352.0	196838.0	192397.0	1723468.0	932337.0	371007.0	98366.0	1530138.0	1980490.0	317673.0	1113353.0	2189463.0	1985947.0	756560.0	486816.0	3018295.0	2108548.0	386881.0	410652.0	2323145.0	715668.0	522831.0	192880.0	1588836.0	1335264.0	284762.0	9836.0	697995.0	8955.0	324468.0	146266.0	660475.0	640135.0	141631.0	28537.0	279270.0	522792.0	77535.0	155109.0	1072354.0	318540.0	355181.0
CTG	1066201.0	1745540.0	1926580.0	750255.0	339022.0	2691298.0	1465825.0	299663.0	170667.0	1389650.0	299027.0	332481.0	228589.0	2625321.0	1700222.0	817559.0	696913.0	1340712.0	2663302.0	645685.0	299419.0	1427714.0	2476205.0	341539.0	317256.0	3312131.0	2061640.0	786560.0	169346.0	1980490.0	4943936.0	548364.0	2203132.0	3807377.0	3701056.0	1640191.0	931404.0	5443596.0	4270459.0	753305.0	699228.0	4348142.0	1414507.0	1050741.0	401313.0	2482247.0	2976790.0	580344.0	21624.0	1258045.0	17330.0	684471.0	271165.0	1188924.0	1388569.0	267716.0	58194.0	610074.0	1198526.0	169234.0	290288.0	2021712.0	794768.0	769324.0
CTT	756334.0	352062.0	438770.0	485321.0	269940.0	376136.0	242789.0	218609.0	179630.0	261118.0	99335.0	194057.0	250079.0	447790.0	419332.0	504231.0	407670.0	195305.0	452795.0	259051.0	199590.0	233119.0	320891.0	225901.0	115115.0	382188.0	201355.0	234112.0	133264.0	317673.0	548364.0	366296.0	915637.0	509370.0	578286.0	701101.0	470301.0	681561.0	523968.0	406668.0	352894.0	543568.0	248585.0	381260.0	262157.0	347705.0	395335.0	363968.0	12838.0	232835.0	5819.0	366530.0	217644.0	222001.0	195320.0	223830.0	11693.0	102211.0	209248.0	87381.0	348125.0	319693.0	286813.0	474194.0
GAA	1761197.0	878577.0	1081734.0	1139797.0	654408.0	1144175.0	725368.0	558527.0	387220.0	698553.0	209119.0	465058.0	729251.0	1584709.0	1357551.0	1624607.0	918077.0	537471.0	1160445.0	607393.0	431240.0	588440.0	887264.0	465102.0	251662.0	1167039.0	569207.0	599468.0	397647.0	1113353.0	2203132.0	915637.0	2243018.0	1318688.0	1373858.0	1595671.0	1061471.0	1984164.0	1494029.0	979363.0	756513.0	1608577.0	601015.0	924656.0	760986.0	1174639.0	1373279.0	985906.0	44858.0	682664.0	17342.0	1030135.0	442945.0	514437.0	500538.0	465113.0	38813.0	301202.0	696775.0	225912.0	1144333.0	1035978.0	961695.0	1254399.0
GAC	731333.0	1201054.0	1336425.0	546795.0	309684.0	2134513.0	1136377.0	270167.0	138717.0	1028854.0	197600.0	250198.0	258341.0	2503335.0	1358577.0	759879.0	449548.0	1083218.0	1556234.0	457878.0	249708.0	1295362.0	1883673.0	282571.0	210192.0	2107377.0	1208653.0	487555.0	173285.0	2189463.0	3807377.0	509370.0	1318688.0	2970366.0	2303605.0	1107722.0	633492.0	3699586.0	2642984.0	528955.0	502030.0	3083736.0	905849.0	746219.0	385765.0	2569221.0	2482377.0	531647.0	16809.0	1237643.0	13546.0	603198.0	218635.0	943483.0	923425.0	214061.0	43864.0	458595.0	1002671.0	124730.0	312242.0	1860770.0	670069.0	607004.0
GAG	836791.0	1015850.0	1370502.0	598498.0	330747.0	1838692.0	1069144.0	290861.0	188306.0	898839.0	243845.0	277267.0	340528.0	2288054.0	1501600.0	861155.0	470060.0	870808.0	1560432.0	432291.0	239528.0	991268.0	1561106.0	285508.0	213142.0	2011645.0	1261228.0	502530.0	207062.0	1985947.0	3701056.0	578286.0	1373858.0	2303605.0	2560302.0	1107571.0	681370.0	3402224.0	2664157.0	619644.0	517351.0	2778679.0	979816.0	747473.0	412691.0	2165589.0	2266624.0	564388.0	29311.0	1102267.0	20907.0	646764.0	229315.0	802352.0	810439.0	245368.0	58678.0	451526.0	962375.0	149284.0	458754.0	1733433.0	816458.0	746458.0
GAT	1318649.0	716177.0	832515.0	1014626.0	505248.0	839300.0	581524.0	452306.0	277486.0	591674.0	158707.0	425957.0	551636.0	1195423.0	985214.0	1344291.0	704372.0	420125.0	892836.0	545225.0	385336.0	496743.0	798965.0	428075.0	204254.0	836653.0	459040.0	477825.0	302667.0	756560.0	1640191.0	701101.0	1595671.0	1107722.0	1107571.0	1491292.0	791612.0	1408761.0	1192845.0	744831.0	584769.0	1229596.0	530429.0	784311.0	619961.0	921355.0	1221377.0	856038.0	25236.0	585884.0	10497.0	932550.0	391384.0	447772.0	468481.0	420637.0	27084.0	229958.0	596393.0	193880.0	882461.0	849837.0	806531.0	1141824.0
GCA	853177.0	428928.0	508204.0	531443.0	356803.0	537818.0	354529.0	289819.0	193813.0	353985.0	112435.0	252706.0	318300.0	685074.0	629833.0	758130.0	499355.0	256230.0	578844.0	291221.0	247462.0	305910.0	448630.0	255018.0	150173.0	532571.0	293497.0	326237.0	184567.0	486816.0	931404.0	470301.0	1061471.0	633492.0	681370.0	791612.0	709788.0	1023967.0	820582.0	605711.0	430510.0	777225.0	320740.0	552616.0	389605.0	539174.0	633342.0	523869.0	19858.0	286138.0	8611.0	444222.0	255156.0	273309.0	270759.0	257769.0	30100.0	149177.0	327868.0	125870.0	496912.0	440953.0	436209.0	572047.0
GCC	932147.0	1550439.0	1776379.0	630489.0	359633.0	2981677.0	1429705.0	317460.0	160238.0	1320915.0	264176.0	317134.0	255845.0	3151751.0	1783838.0	902031.0	713398.0	1475785.0	2551850.0	606082.0	303709.0	1708471.0	2423047.0	360063.0	319080.0	3387394.0	1989817.0	746042.0	210063.0	3018295.0	5443596.0	681561.0	1984164.0	3699586.0	3402224.0	1408761.0	1023967.0	6672608.0	4457767.0	884525.0	708684.0	4497042.0	1334872.0	1080115.0	443400.0	3279783.0	3194861.0	653463.0	22093.0	1425855.0	21487.0	680700.0	262803.0	1306445.0	1236270.0	260427.0	78755.0	659661.0	1215978.0	179700.0	345336.0	2277391.0	870734.0	748996.0
GCG	787716.0	1236963.0	1458649.0	555719.0	292245.0	2065037.0	1351117.0	258333.0	132796.0	1093440.0	240622.0	278519.0	199106.0	2506905.0	1532099.0	778941.0	527847.0	926802.0	1840882.0	466743.0	237504.0	1094745.0	1950293.0	274458.0	260629.0	2430499.0	1698539.0	606173.0	158630.0	2108548.0	4270459.0	523968.0	1494029.0	2642984.0	2664157.0	1192845.0	820582.0	4457767.0	3998758.0	709816.0	566511.0	3468770.0	1259060.0	901835.0	342984.0	2416865.0	2698255.0	533696.0	24601.0	1037289.0	23668.0	589888.0	215171.0	915018.0	1160039.0	222033.0	85780.0	535421.0	1065415.0	156779.0	301110.0	1772750.0	806516.0	624363.0
GCT	798641.0	369752.0	474151.0	505174.0	299214.0	429101.0	285754.0	274837.0	176565.0	286724.0	94185.0	232358.0	280218.0	574157.0	532221.0	697481.0	467310.0	209557.0	502872.0	260430.0	220664.0	251085.0	371193.0	246931.0	138863.0	432636.0	248060.0	309809.0	174918.0	386881.0	753305.0	406668.0	979363.0	528955.0	619644.0	744831.0	605711.0	884525.0	709816.0	626704.0	399476.0	661743.0	301585.0	542898.0	357543.0	454271.0	560502.0	507455.0	18758.0	276982.0	8332.0	431178.0	234095.0	242695.0	228907.0	260159.0	22182.0	122721.0	279696.0	119120.0	497941.0	395849.0	429244.0	583591.0
GGA	666361.0	328665.0	405809.0	444035.0	303097.0	453853.0	304542.0	251561.0	181432.0	297131.0	104245.0	228180.0	323691.0	584858.0	490302.0	649601.0	313875.0	208670.0	388433.0	235316.0	204595.0	293234.0	412202.0	238537.0	120611.0	387330.0	271132.0	216369.0	137991.0	410652.0	699228.0	352894.0	756513.0	502030.0	517351.0	584769.0	430510.0	708684.0	566511.0	399476.0	465126.0	686638.0	321227.0	460199.0	336741.0	485186.0	534546.0	428374.0	18859.0	253151.0	9387.0	408066.0	215668.0	259645.0	235726.0	229254.0	26965.0	122716.0	298579.0	105569.0	408426.0	405210.0	335469.0	522273.0
GGC	884633.0	1488979.0	1752435.0	627272.0	344416.0	2687558.0	1448477.0	305115.0	142059.0	1344047.0	229082.0	308151.0	243647.0	2930981.0	1658327.0	888169.0	534309.0	1196780.0	1994909.0	557729.0	298547.0	1576563.0	2454236.0	351412.0	251418.0	2718347.0	1545025.0	634133.0	172807.0	2323145.0	4348142.0	543568.0	1608577.0	3083736.0	2778679.0	1229596.0	777225.0	4497042.0	3468770.0	661743.0	686638.0	4610142.0	1232498.0	1103061.0	417852.0	2912946.0	2948410.0	605680.0	20887.0	1356525.0	18746.0	710840.0	247408.0	1199111.0	1253253.0	246085.0	63303.0	601077.0	1185759.0	159648.0	315181.0	2160761.0	750487.0	724813.0
GGG	408404.0	444464.0	548876.0	303329.0	173422.0	778348.0	525920.0	150063.0	92519.0	447442.0	132752.0	168936.0	156033.0	913396.0	606740.0	451177.0	221088.0	333732.0	590965.0	208639.0	129489.0	482820.0	795927.0	162152.0	115093.0	743341.0	677059.0	228854.0	85243.0	715668.0	1414507.0	248585.0	601015.0	905849.0	979816.0	530429.0	320740.0	1334872.0	1259060.0	301585.0	321227.0	1232498.0	642658.0	412925.0	194317.0	860653.0	1044321.0	287762.0	14501.0	396893.0	13892.0	312838.0	129512.0	395421.0	442920.0	141620.0	39349.0	193284.0	445487.0	82332.0	211027.0	662502.0	381778.0	379321.0
GGT	744369.0	480960.0	532579.0	495669.0	314210.0	656230.0	396987.0	296342.0	156615.0	380283.0	95327.0	260202.0	268680.0	798287.0	604357.0	754439.0	406764.0	306165.0	595804.0	291034.0	252938.0	364178.0	604361.0	273889.0	139598.0	611419.0	363880.0	381346.0	157060.0	522831.0	1050741.0	381260.0	924656.0	746219.0	747473.0	784311.0	552616.0	1080115.0	901835.0	542898.0	460199.0	1103061.0	412925.0	789540.0	392262.0	700275.0	837161.0	554374.0	15426.0	392772.0	7319.0	476092.0	248510.0	347322.0	343115.0	276734.0	22085.0	161372.0	385320.0	130965.0	459620.0	581436.0	451889.0	621115.0
GTA	647442.0	284113.0	325037.0	433750.0	244401.0	279770.0	181003.0	208105.0	153837.0	202059.0	71877.0	187551.0	248793.0	338236.0	359413.0	481823.0	317500.0	137711.0	305688.0	190486.0	178432.0	150579.0	223773.0	192266.0	80639.0	236587.0	132426.0	184648.0	117993.0	192880.0	401313.0	262157.0	760986.0	385765.0	412691.0	619961.0	389605.0	443400.0	342984.0	357543.0	336741.0	417852.0	194317.0	392262.0	309684.0	251453.0	331852.0	348709.0	13171.0	164169.0	4477.0	297270.0	177665.0	137338.0	122868.0	188626.0	8144.0	76024.0	159973.0	84537.0	331941.0	217669.0	225336.0	390312.0
GTC	561826.0	1017895.0	1123767.0	417761.0	220201.0	1666451.0	876222.0	187262.0	98151.0	748061.0	151517.0	190507.0	136670.0	1685378.0	933306.0	492526.0	394337.0	883014.0	1412797.0	359651.0	192216.0	951943.0	1426628.0	220987.0	191384.0	1765761.0	1054311.0	409393.0	110040.0	1588836.0	2482247.0	347705.0	1174639.0	2569221.0	2165589.0	921355.0	539174.0	3279783.0	2416865.0	454271.0	485186.0	2912946.0	860653.0	700275.0	251453.0	2118410.0	1785219.0	394096.0	12011.0	813158.0	10211.0	381532.0	166912.0	759029.0	756343.0	160522.0	32335.0	372528.0	615627.0	104685.0	196870.0	1305779.0	423724.0	424222.0
GTG	724428.0	1110096.0	1191820.0	559742.0	267389.0	1667317.0	994457.0	242017.0	129434.0	881538.0	194762.0	261988.0	191130.0	1782199.0	1195622.0	672838.0	459237.0	823136.0	1523227.0	422526.0	226516.0	894948.0	1530578.0	265851.0	205903.0	1880712.0	1237444.0	498040.0	130506.0	1335264.0	2976790.0	395335.0	1373279.0	2482377.0	2266624.0	1221377.0	633342.0	3194861.0	2698255.0	560502.0	534546.0	2948410.0	1044321.0	837161.0	331852.0	1785219.0	2319820.0	480190.0	18231.0	846616.0	13076.0	516846.0	208926.0	768742.0	902286.0	220095.0	39578.0	448984.0	789480.0	147879.0	277153.0	1380086.0	629062.0	610638.0
GTT	809732.0	373108.0	448213.0	554101.0	306124.0	382862.0	255343.0	270926.0	180271.0	255443.0	91647.0	235120.0	271290.0	469176.0	466770.0	633878.0	444135.0	197513.0	448523.0	272437.0	245711.0	219175.0	335512.0	267997.0	117096.0	341681.0	187266.0	272280.0	151401.0	284762.0	580344.0	363968.0	985906.0	531647.0	564388.0	856038.0	523869.0	653463.0	533696.0	507455.0	428374.0	605680.0	287762.0	554374.0	348709.0	394096.0	480190.0	505708.0	17017.0	248894.0	6728.0	418196.0	247245.0	215598.0	200090.0	265669.0	14095.0	110819.0	228730.0	118533.0	448081.0	340798.0	353059.0	564632.0
TAA	62250.0	23103.0	38627.0	36776.0	13274.0	13476.0	12737.0	11614.0	14193.0	15489.0	9164.0	12396.0	13910.0	16980.0	16717.0	24329.0	21076.0	8878.0	22041.0	13934.0	7160.0	7405.0	12325.0	7663.0	6052.0	16584.0	10557.0	11417.0	6560.0	9836.0	21624.0	12838.0	44858.0	16809.0	29311.0	25236.0	19858.0	22093.0	24601.0	18758.0	18859.0	20887.0	14501.0	15426.0	13171.0	12011.0	18231.0	17017.0	224.0	9591.0	121.0	16640.0	11269.0	9001.0	9342.0	11074.0	413.0	5434.0	11623.0	4999.0	21182.0	12985.0	17083.0	21966.0
TAC	509365.0	690507.0	729141.0	354436.0	161256.0	876525.0	492088.0	152404.0	101302.0	469446.0	106336.0	147932.0	131643.0	896470.0	587473.0	374208.0	267437.0	489883.0	819065.0	229099.0	132313.0	499005.0	756326.0	163622.0	87951.0	932442.0	492149.0	250615.0	79751.0	697995.0	1258045.0	232835.0	682664.0	1237643.0	1102267.0	585884.0	286138.0	1425855.0	1037289.0	276982.0	253151.0	1356525.0	396893.0	392772.0	164169.0	813158.0	846616.0	248894.0	9591.0	576632.0	5462.0	322968.0	121853.0	399756.0	429895.0	132989.0	13604.0	204131.0	420537.0	69828.0	174022.0	729920.0	267591.0	329666.0
TAG	21165.0	11124.0	22632.0	12293.0	4946.0	10900.0	10402.0	4776.0	5885.0	10056.0	7194.0	5297.0	5181.0	10234.0	8251.0	8811.0	7831.0	6265.0	15076.0	5221.0	3253.0	8228.0	13195.0	4100.0	4073.0	16296.0	13913.0	5521.0	2928.0	8955.0	17330.0	5819.0	17342.0	13546.0	20907.0	10497.0	8611.0	21487.0	23668.0	8332.0	9387.0	18746.0	13892.0	7319.0	4477.0	10211.0	13076.0	6728.0	121.0	5462.0	82.0	5688.0	4422.0	7104.0	8438.0	4308.0	150.0	3869.0	7731.0	2214.0	6911.0	8077.0	8923.0	7733.0
TAT	948252.0	447946.0	549407.0	695937.0	293395.0	425405.0	305277.0	262092.0	215767.0	322567.0	109806.0	264919.0	297208.0	517976.0	517131.0	660431.0	467921.0	232053.0	540776.0	333334.0	226645.0	248998.0	410621.0	270702.0	114893.0	458783.0	240475.0	275323.0	148686.0	324468.0	684471.0	366530.0	1030135.0	603198.0	646764.0	932550.0	444222.0	680700.0	589888.0	431178.0	408066.0	710840.0	312838.0	476092.0	297270.0	381532.0	516846.0	418196.0	16640.0	322968.0	5688.0	573964.0	242634.0	237283.0	257631.0	267601.0	12388.0	130295.0	317393.0	119683.0	458722.0	421955.0	382125.0	638096.0
TCA	422535.0	190153.0	201311.0	318308.0	194492.0	198555.0	135612.0	161742.0	105709.0	143973.0	48674.0	145212.0	199235.0	254818.0	264162.0	395621.0	221084.0	89445.0	185598.0	133784.0	133138.0	107805.0	155200.0	136450.0	59239.0	137662.0	80486.0	117337.0	95681.0	146266.0	271165.0	217644.0	442945.0	218635.0	229315.0	391384.0	255156.0	262803.0	215171.0	234095.0	215668.0	247408.0	129512.0	248510.0	177665.0	166912.0	208926.0	247245.0	11269.0	121853.0	4422.0	242634.0	165650.0	113830.0	111565.0	156747.0	13333.0	53594.0	129679.0	62112.0	280773.0	176503.0	186148.0	319334.0
TCC	319348.0	454350.0	484172.0	245950.0	141096.0	794393.0	415342.0	125445.0	66913.0	370298.0	83457.0	119343.0	109808.0	797774.0	473869.0	313868.0	199076.0	348278.0	596340.0	178519.0	114797.0	477987.0	669602.0	144290.0	88515.0	662435.0	409577.0	196283.0	69013.0	660475.0	1188924.0	222001.0	514437.0	943483.0	802352.0	447772.0	273309.0	1306445.0	915018.0	242695.0	259645.0	1199111.0	395421.0	347322.0	137338.0	759029.0	768742.0	215598.0	9001.0	399756.0	7104.0	237283.0	113830.0	448886.0	383656.0	128059.0	22390.0	169821.0	320292.0	61192.0	134056.0	616666.0	239915.0	277804.0
TCG	299977.0	517458.0	538644.0	258196.0	135576.0	802966.0	536609.0	116051.0	59274.0	436076.0	87487.0	127205.0	95213.0	944086.0	576226.0	322862.0	187102.0	328367.0	611437.0	178614.0	109460.0	402001.0	769446.0	121358.0	95342.0	729161.0	484585.0	198617.0	63450.0	640135.0	1388569.0	195320.0	500538.0	923425.0	810439.0	468481.0	270759.0	1236270.0	1160039.0	228907.0	235726.0	1253253.0	442920.0	343115.0	122868.0	756343.0	902286.0	200090.0	9342.0	429895.0	8438.0	257631.0	111565.0	383656.0	539936.0	108728.0	27543.0	190494.0	394403.0	62147.0	127585.0	701130.0	291101.0	276629.0
TCT	439968.0	190343.0	212573.0	334311.0	181987.0	187512.0	129824.0	168778.0	108032.0	136324.0	48506.0	147160.0	197328.0	252363.0	261881.0	410893.0	229143.0	86352.0	191445.0	140182.0	130992.0	108431.0	149082.0	152818.0	59125.0	133828.0	73404.0	133038.0	100337.0	141631.0	267716.0	223830.0	465113.0	214061.0	245368.0	420637.0	257769.0	260427.0	222033.0	260159.0	229254.0	246085.0	141620.0	276734.0	188626.0	160522.0	220095.0	265669.0	11074.0	132989.0	4308.0	267601.0	156747.0	128059.0	108728.0	188782.0	9529.0	53478.0	132962.0	69385.0	302948.0	185070.0	209347.0	364338.0
TGA	40509.0	29811.0	53159.0	23891.0	15714.0	41129.0	36018.0	11374.0	11997.0	28560.0	17642.0	11150.0	8414.0	27968.0	21076.0	17444.0	19342.0	22421.0	45598.0	17061.0	11408.0	28429.0	49511.0	10943.0	14408.0	57217.0	49111.0	18323.0	5014.0	28537.0	58194.0	11693.0	38813.0	43864.0	58678.0	27084.0	30100.0	78755.0	85780.0	22182.0	26965.0	63303.0	39349.0	22085.0	8144.0	32335.0	39578.0	14095.0	413.0	13604.0	150.0	12388.0	13333.0	22390.0	27543.0	9529.0	2022.0	12020.0	20105.0	4975.0	11943.0	23131.0	17222.0	15631.0
TGC	170038.0	249285.0	241650.0	128679.0	69989.0	368721.0	211912.0	59234.0	38318.0	201978.0	47320.0	61269.0	58841.0	417342.0	267025.0	165189.0	107409.0	193088.0	314794.0	110599.0	57305.0	203515.0	319645.0	66264.0	46107.0	360672.0	220845.0	96510.0	34052.0	279270.0	610074.0	102211.0	301202.0	458595.0	451526.0	229958.0	149177.0	659661.0	535421.0	122721.0	122716.0	601077.0	193284.0	161372.0	76024.0	372528.0	448984.0	110819.0	5434.0	204131.0	3869.0	130295.0	53594.0	169821.0	190494.0	53478.0	12020.0	131350.0	172086.0	44567.0	64932.0	296342.0	126123.0	143086.0
TGG	490946.0	533835.0	575670.0	351635.0	172570.0	720609.0	448969.0	145531.0	109536.0	427632.0	116868.0	167418.0	126364.0	706926.0	548623.0	359305.0	296336.0	391871.0	725868.0	234742.0	151955.0	405086.0	722791.0	158025.0	117223.0	806681.0	554866.0	243794.0	82922.0	522792.0	1198526.0	209248.0	696775.0	1002671.0	962375.0	596393.0	327868.0	1215978.0	1065415.0	279696.0	298579.0	1185759.0	445487.0	385320.0	159973.0	615627.0	789480.0	228730.0	11623.0	420537.0	7731.0	317393.0	129679.0	320292.0	394403.0	132962.0	20105.0	172086.0	516446.0	74385.0	198857.0	597095.0	309119.0	346695.0
TGT	179429.0	93466.0	101487.0	137068.0	73868.0	105414.0	70107.0	65698.0	46412.0	73330.0	26586.0	65279.0	76951.0	133827.0	126790.0	174744.0	102022.0	57317.0	112642.0	77145.0	57222.0	59495.0	91778.0	65063.0	30540.0	92098.0	60884.0	64667.0	37351.0	77535.0	169234.0	87381.0	225912.0	124730.0	149284.0	193880.0	125870.0	179700.0	156779.0	119120.0	105569.0	159648.0	82332.0	130965.0	84537.0	104685.0	147879.0	118533.0	4999.0	69828.0	2214.0	119683.0	62112.0	61192.0	62147.0	69385.0	4975.0	44567.0	74385.0	47444.0	112964.0	95051.0	99381.0	155117.0
TTA	1090531.0	315312.0	407690.0	742608.0	350834.0	248763.0	189783.0	317016.0	251904.0	211246.0	88755.0	309451.0	356709.0	313819.0	424160.0	735393.0	589281.0	131142.0	333014.0	292855.0	248630.0	126307.0	176324.0	266993.0	115183.0	184753.0	105324.0	237385.0	184193.0	155109.0	290288.0	348125.0	1144333.0	312242.0	458754.0	882461.0	496912.0	345336.0	301110.0	497941.0	408426.0	315181.0	211027.0	459620.0	331941.0	196870.0	277153.0	448081.0	21182.0	174022.0	6911.0	458722.0	280773.0	134056.0	127585.0	302948.0	11943.0	64932.0	198857.0	112964.0	619154.0	207539.0	316415.0	587436.0
TTC	622452.0	962615.0	1043333.0	464535.0	217295.0	1321982.0	734215.0	199277.0	118926.0	681639.0	143708.0	195992.0	153755.0	1390422.0	879759.0	475642.0	367029.0	687889.0	1209513.0	344623.0	193396.0	751316.0	1241140.0	225541.0	149310.0	1452883.0	818187.0	371425.0	104799.0	1072354.0	2021712.0	319693.0	1035978.0	1860770.0	1733433.0	849837.0	440953.0	2277391.0	1772750.0	395849.0	405210.0	2160761.0	662502.0	581436.0	217669.0	1305779.0	1380086.0	340798.0	12985.0	729920.0	8077.0	421955.0	176503.0	616666.0	701130.0	185070.0	23131.0	296342.0	597095.0	95051.0	207539.0	1171288.0	376114.0	443544.0
TTG	705329.0	429807.0	542332.0	516390.0	227411.0	478715.0	346977.0	210907.0	142089.0	337116.0	118291.0	229088.0	186884.0	543791.0	521126.0	533782.0	442782.0	239702.0	610332.0	278292.0	176205.0	246817.0	426740.0	201162.0	136468.0	520051.0	364090.0	288574.0	119352.0	318540.0	794768.0	286813.0	961695.0	670069.0	816458.0	806531.0	436209.0	870734.0	806516.0	429244.0	335469.0	750487.0	381778.0	451889.0	225336.0	423724.0	629062.0	353059.0	17083.0	267591.0	8923.0	382125.0	186148.0	239915.0	291101.0	209347.0	17222.0	126123.0	309119.0	99381.0	316415.0	376114.0	458974.0	478309.0
TTT	1158866.0	502580.0	625804.0	861858.0	386344.0	510658.0	343953.0	365831.0	267526.0	383113.0	139267.0	365308.0	398964.0	623410.0	657001.0	902992.0	594604.0	245975.0	599013.0	401703.0	293346.0	284922.0	434464.0	357365.0	150155.0	460562.0	257834.0	335715.0	198664.0	355181.0	769324.0	474194.0	1254399.0	607004.0	746458.0	1141824.0	572047.0	748996.0	624363.0	583591.0	522273.0	724813.0	379321.0	621115.0	390312.0	424222.0	610638.0	564632.0	21966.0	329666.0	7733.0	638096.0	319334.0	277804.0	276629.0	364338.0	15631.0	143086.0	346695.0	155117.0	587436.0	443544.0	478309.0	855174.0
End	161541.0	60633.0	101145.0	53787.0	20253.0	35740.0	18033.0	12948.0	32196.0	58361.0	27068.0	27249.0	26365.0	42380.0	30993.0	38439.0	62214.0	49858.0	60537.0	32745.0	39084.0	50427.0	51832.0	21926.0	60780.0	126583.0	62182.0	39689.0	23163.0	47783.0	60615.0	31907.0	108711.0	88161.0	90872.0	63050.0	85271.0	154524.0	84798.0	49634.0	52324.0	136283.0	51391.0	41704.0	28315.0	55068.0	36805.0	34636.0	1016378.0	29985.0	581307.0	30746.0	45385.0	52004.0	35729.0	23844.0	1571073.0	20152.0	36590.0	10297.0	35574.0	62306.0	26189.0	49674.0
