Proteome_ID	GC	Length	M	W	C	D	E	F	H	K	N	Q	Y	I	A	G	P	T	V	L	R	S	shannon_entropy
UP000000267	0.3453481944943045	404.0	0.020916650518768756	0.010007406140711165	0.01221953107609835	0.062411358783399165	0.06749112439121235	0.04321040749176556	0.019642488185818503	0.07792897073032484	0.06556444007658573	0.03613881873449992	0.03584275939657617	0.07259625338113365	0.046656199831669604	0.04995668767531253	0.03970060167733106	0.05691526338911098	0.057567875574698814	0.09519434365411011	0.041369706455492046	0.08866911283538069	4.147434870072756
UP000001300	0.5369001177774354	402.0	0.0230569533439333	0.012064684889267346	0.012500757837072246	0.060999577115955377	0.06470325437273039	0.03893723909074828	0.023580975010840874	0.06111299806474472	0.04049559843633859	0.03990626540296146	0.031081179397548807	0.05071590552229725	0.07812973648170177	0.06401416352557317	0.05111147292990139	0.06058761462639413	0.06962397017481332	0.09000545642692041	0.051027683630016314	0.07634451372024058	4.174117366623899
UP000002036	0.4793510324483775	409.0	0.02027885719183394	0.011012997904537278	0.013695165543607052	0.056622141305788215	0.06772448351456685	0.043181609525693714	0.02201142606930139	0.06589911697774116	0.04535566377202414	0.04114155487285208	0.030915240076131775	0.053043388517315465	0.0708710938026801	0.05782152842471808	0.045685789683118594	0.05333186833850616	0.06414619927019828	0.09885266919112662	0.05271861205923818	0.08569059395902096	4.164264141716581
UP000249293	0.39533947496535965	429.0	0.021692015250899296	0.009922485116636638	0.012833627444244893	0.060663984523025086	0.06812401539427082	0.04363219664348454	0.02123581430090441	0.07480293809201831	0.057923221866022306	0.035770693296492885	0.03582854785218548	0.06718446922676942	0.05267606584764836	0.0535472041639184	0.041949194306892076	0.056812277588547656	0.06089682042171121	0.09725783448824518	0.04472048901375173	0.0825261051623314	4.161754617343105
UP000000314	0.4183006535947712	396.0	0.018592201009677678	0.010425039289149984	0.012046163651213677	0.06018252218253092	0.06708545025331235	0.04399892022367419	0.021285674661483702	0.07121898116362133	0.052728481011283725	0.040384767746667716	0.03381429316002578	0.06402667444933503	0.05475113299155962	0.05221673029984133	0.044324698608786496	0.05709796211687011	0.06174023953586206	0.10126355511726216	0.046488303691708664	0.08632820883613357	4.156185298654831
UP000029964	0.6080347448425625	406.0	0.02288376080412552	0.015344316041596338	0.012694239152727594	0.06099177428884985	0.062404525034353085	0.03462042703945749	0.02474579856951538	0.04479240501038836	0.03281914257979354	0.03709817342756607	0.02661027620889293	0.04397603450489877	0.09248819740493933	0.07504437449332461	0.06137681991708568	0.057859002889764505	0.06385617761197877	0.08715576126847377	0.06717483640724808	0.07606395734502024	4.156963502307175
UP000007796	0.6079698438341411	449.0	0.02142674095429528	0.01369051399716637	0.011982759650890162	0.06024358863578	0.05581006872585263	0.03444216250159426	0.02353698139317392	0.037881275427021854	0.031045556552972798	0.03806933849651764	0.025806618884658652	0.041448489222013885	0.10552772604052534	0.07559688173323419	0.05734804196590805	0.06077179259393802	0.0677905212492525	0.09120411493373332	0.06724851826621141	0.0791283087752599	4.127514207548127
UP000016922	0.4894754707542788	393.0	0.021964611355737095	0.01496697102751534	0.012708580337492387	0.055696803490098805	0.06447681212610021	0.03812574101247737	0.022774225826037352	0.05324456934501146	0.0395921156668034	0.03692896887307228	0.028515097156146484	0.05267693001297518	0.08085882232857737	0.07001060999181433	0.05629503946373617	0.06171798341546112	0.06238757620223575	0.08807657816786224	0.05736326620811493	0.08161869799273072	4.171976221462099
UP000078561	0.4808743169398907	352.0	0.026534127615335155	0.013260222527909456	0.015251918860261884	0.061713541370122076	0.049907290633258834	0.03761906065139716	0.03065611609459333	0.054192024764986295	0.043372143020134875	0.04767987184601377	0.032821608536131294	0.052913989269855105	0.06977338779694106	0.05438872446199119	0.05486980629146831	0.06697763371627824	0.05851812022719227	0.09365225984842475	0.0533692117163853	0.08252894075131967	4.199139706897189
UP000191691	0.5292839911040748	376.0	0.024390049849720704	0.017109333349041335	0.015125869029923973	0.05693592797882343	0.06001205486035486	0.03837511159883393	0.0263469222688756	0.0460527521713209	0.03818826479977778	0.04028963825535437	0.02940286001933674	0.05074458258221771	0.08250504490577067	0.06690755059317749	0.05790149002774863	0.05984397367911565	0.0614661664318586	0.0883337338991651	0.0602490413599694	0.07981963233961303	4.190170788658774
UP000009058	0.5726495726495726	358.0	0.02297119950860079	0.015184352217549624	0.013880398501027456	0.05660050599381468	0.05686387304683109	0.03522667381255362	0.023404618367253594	0.04614749901281409	0.03476882719930523	0.038891832831393434	0.02578643603881389	0.04373026622578862	0.09495968300799543	0.0765706650286693	0.06107736702444731	0.05888187215812224	0.0646064986179398	0.08639024599055917	0.06542430239791369	0.078632883018607	4.1577065939619295
UP000002037	0.3431802199207262	404.0	0.018990090310155066	0.010029332261874439	0.011301167874793364	0.060565482202776084	0.06648198042651147	0.04555164009951198	0.02055918675527378	0.07624521259527256	0.06182044264481555	0.039988747864653396	0.037044208235664705	0.07312228180965201	0.04846425264496415	0.050954700186418136	0.044151168070169826	0.058232704728679426	0.057100637683166464	0.09451885858918088	0.03898902916803712	0.08588887584842958	4.15291883126255
UP000016927	0.29860728907980394	200.0	0.02272434511716758	0.008071310533820956	0.018033360337879754	0.05876191140764545	0.07582525264822494	0.05863311436014182	0.017997015768071403	0.10386211794342118	0.070603306626504	0.026065395107828116	0.042887744251990344	0.09035421112198022	0.028811445981148237	0.038532725134104495	0.0287283359269418	0.04744634085709431	0.0528836548485274	0.10097625404633967	0.036705417022646535	0.07209674095852175	4.0971186945654114
UP000000559	0.3532737245626198	412.5	0.018266344493381687	0.009921410716562044	0.014777664776609738	0.05960553187479565	0.06397192403900576	0.04404489059436217	0.020793667294361346	0.07634392948691332	0.06359332951095151	0.04221328065426756	0.03646114653343497	0.07271045743006992	0.04966165879126555	0.05091747136318084	0.04400048243648757	0.0598226037454918	0.05556614307335718	0.09425586695660804	0.03810853888391386	0.08496365734497958	4.160140195651834
UP000001312	0.4555028962611901	273.0	0.02422371698485979	0.015481322885060817	0.014102848929541707	0.05392660804962845	0.06567550854946916	0.03784955778884351	0.023397908451285077	0.0573824115461024	0.04209883899785118	0.036643222736904124	0.029535064766376247	0.05736042969099416	0.07388139204106968	0.06770924172065985	0.053148595105404754	0.059937107950552175	0.059167124819341554	0.08678991623209238	0.05858988457720167	0.08309929817676139	4.1855330892729254
UP000005206	0.542246982358403	412.0	0.022352860669051313	0.016735195605755634	0.0134260201517134	0.05900320006496391	0.06144515812271745	0.03898085816036812	0.023775614493828996	0.04801032859618092	0.035472551225045924	0.03722472361418623	0.028572366005317842	0.0508635341945906	0.08610844264607055	0.07101331889475536	0.05676075555048516	0.05872602707581546	0.06389905197451576	0.09237347691246928	0.05890634578135588	0.07635017026081216	4.1724931333738295
UP000009082	0.2716049382716049	257.0	0.020244580971063054	0.006884063327967714	0.02093317216055503	0.05837461830138518	0.06783898385365061	0.06102049335187285	0.016563062521359976	0.10745695042418255	0.07856620359833848	0.026109374731164977	0.048672384478759746	0.09757693860463049	0.028344744341753242	0.03379193144436538	0.023311941724254465	0.048844068374628444	0.05157278727823894	0.10158942016576072	0.03344756856088687	0.06885671178518123	4.073722830595381
UP000054166	0.4954227248249865	240.0	0.023220624558005665	0.01614057501111723	0.016742062819136302	0.056038643618197055	0.05399528949750407	0.0388770298701292	0.028719308139135393	0.04537541263988431	0.03729936604348534	0.03687962912638762	0.02827304058514512	0.05484969768342164	0.07775821822290552	0.0613838777777315	0.0582131795612694	0.061360592088144116	0.06336722839648477	0.09481107941538655	0.061360592088144116	0.08533455285838494	4.184784816111587
UP000249829	0.5740581919827203	391.0	0.02191850294837927	0.016526785645569354	0.014521856442579455	0.054883155363459724	0.05857191228174883	0.03749353327875703	0.026431135908339728	0.03882283694912055	0.03347084332587801	0.03996903478822098	0.02934026579556466	0.04758034732630977	0.09012964951731177	0.07005325452129058	0.05942068140340965	0.06107170411221042	0.06414385421658055	0.09392507259779313	0.06414385421658055	0.07758171936089621	4.168037911058194
UP000030104	0.528143484067926	392.0	0.022654704280441373	0.01497078619651094	0.012380601506815187	0.05712334391225732	0.06164952891441493	0.0382902038986283	0.024550998253683676	0.046991122663772436	0.037532561638614875	0.03924107740373276	0.027988487844020814	0.05142035080953875	0.08445666892721422	0.0679807456108199	0.058043181509470056	0.060060815234009364	0.062136964222339656	0.09115733500912662	0.06011591900363892	0.08125460316094966	4.170173309900038
UP000007963	0.5661555934128336	420.0	0.02293065029027898	0.01654326662354682	0.014486327604905525	0.05765683152066092	0.058702500736892094	0.03776712597821801	0.02561150148761385	0.042806148425669724	0.03516120943452137	0.03881848462615128	0.030215999773293607	0.04879704899239914	0.08722808236133664	0.06964498431870744	0.05935395066954203	0.05882128321704884	0.06433329692284927	0.09146831412669056	0.06278586588147174	0.0768671270082021	4.176655519157638
UP000016930	0.5563218390804597	349.0	0.02149930113159508	0.015440894578302647	0.0141365267714598	0.05628907932635807	0.05770865040586052	0.03591755828409275	0.026527077081614534	0.03845837717949932	0.03089719923103485	0.03659455511760869	0.02684790775457729	0.047998439735654166	0.09282237948879156	0.06599785463652451	0.061994451204509145	0.06070390907744502	0.06683465941119049	0.09444534638732387	0.06701080872185487	0.08187502447470271	4.152593851186346
UP000091967	0.510715854194115	420.0	0.022338482430954903	0.016192547814105406	0.013126299398242957	0.060556625629313944	0.06291597467980668	0.03768370420612503	0.024584887996240253	0.05184336737121163	0.03838713335130607	0.039547184084449905	0.02837792418203398	0.05210608713829549	0.08221543357951071	0.06676234345226115	0.05556367874270768	0.059703490811363114	0.061050965430369634	0.08864024018928437	0.06021147847091926	0.07819215104149797	4.1799568336303405
UP000002038	0.5112888152584851	351.0	0.022088057254202813	0.013757704232617766	0.01340036126553673	0.054594064415149995	0.061351924280592836	0.03685099348022624	0.025166532132837417	0.049802607338756376	0.038516166073635276	0.038936898771559744	0.027198097329722132	0.052010833074530666	0.08005560652600874	0.06864550968457944	0.059793885409222945	0.05981610535920781	0.058775002259601264	0.09071013779748001	0.06448923859039594	0.0840402747241358	4.1699640902841315
UP000000560	0.5350199318091129	411.0	0.020851673159571732	0.014923609986914365	0.012834304588746383	0.055765668500623214	0.06048957848568236	0.03697417388447704	0.02356891866431204	0.044966906588308486	0.03675147622728265	0.03851666971971047	0.029617625974030067	0.05113268760456726	0.08665359722333171	0.0700745413747576	0.05766477511644894	0.05986318748107848	0.06260636384754327	0.09322351435137634	0.06260636384754327	0.08091436337369433	4.163270873137546
UP000193067	0.5833333333333334	350.0	0.02059676426051891	0.014838529090911467	0.013502093580716426	0.05469445631375598	0.05718933095381949	0.03488721586823848	0.026674933095130755	0.03843846740241235	0.029154574763128854	0.0358659001417699	0.02676691562304502	0.04409720769310346	0.09766425259192747	0.06636610499530594	0.06771473048606955	0.059225358020221025	0.0663453464160946	0.09322787304026485	0.07056732300620962	0.08218262265735589	4.140096153590276
UP000005221	0.396505376344086	425.0	0.018676122871592427	0.009993868767825676	0.01113448728582575	0.06146036360383301	0.06441152214752931	0.04334667872938956	0.022389564686660465	0.07347838203253483	0.05663844217538788	0.04235256135382909	0.0356712010303404	0.0655927691932692	0.05721139748458348	0.055098697745246734	0.04413805113916149	0.05823389125075084	0.06052914597347191	0.09343743002945346	0.04174362108407185	0.08446180141524279	4.16199156131118
UP000001471	0.5361702127659574	369.0	0.023378901922225904	0.014956688807386816	0.012740883058144248	0.05716681931919569	0.0623571920066278	0.03642393627210671	0.024225622716189853	0.051694597701164254	0.037527691916715955	0.03925266377488883	0.02901237226493097	0.04914340608141383	0.08857150944584917	0.06818950329357354	0.05815892302440694	0.06254615319452671	0.06203347980768629	0.0866287048807404	0.059722889335051474	0.07626806117717465	4.174328701352191
UP000009096	0.5145413870246085	378.0	0.022841269513941047	0.016182338591358595	0.013793000007399678	0.05854083578898175	0.06077077153797867	0.038429394095989645	0.02424964013100353	0.05026647035575605	0.03729115526194143	0.03805846298338058	0.029059564823131104	0.05224975426531911	0.08350525060913302	0.06875989966514115	0.05600546330018802	0.059569768147900076	0.062323548110358395	0.09042690804851235	0.058718771460072906	0.07895773330251296	4.178625478724886
UP000000561	0.5581262315814242	486.0	0.01946369894432571	0.01213618875352075	0.01115552446283782	0.05786646672532811	0.05253396520621267	0.03274844584283384	0.026115849216437118	0.044716889577450084	0.03366962353718917	0.0432526643207239	0.02341058372293358	0.04298233516871941	0.10517141247128554	0.06537035209585774	0.056584339968947066	0.0611716252535953	0.060830036995534124	0.09131175509527002	0.0635766540035662	0.09593158863743187	4.121578429068978
UP000252139	0.405982905982906	314.0	0.02453572192046484	0.011997520020377789	0.014415346930194951	0.057861173978874234	0.06556980873121097	0.040117080625352804	0.025462716956220453	0.06798763277427414	0.04824336105971911	0.04430512750382368	0.035913172004753725	0.06461164427640961	0.06313198830061394	0.048031350033893375	0.04646230599651927	0.06068077437074194	0.059641517793608774	0.09316260695189293	0.050428600410856235	0.07744054936019737	4.191922421813532
UP000002058	0.513685905585219	396.0	0.02122200199706473	0.0137092702320272	0.012671420548968804	0.05640971541856585	0.06263666622269082	0.03709982923615615	0.02430073232874731	0.0502921598185781	0.037388918814619664	0.03904538990134339	0.026939613993066602	0.050808459024254765	0.08356804735185967	0.06771042004842713	0.060912041907703905	0.057421027149852255	0.059949012201068234	0.09081850942352418	0.06484114298931794	0.08225562139216341	4.164345007412174
UP000016932	0.5295698924731183	351.0	0.02275289323210327	0.015667345502758077	0.014885326536183255	0.05560926487467702	0.06026741963430289	0.03670303485030461	0.026331673113879083	0.04864102765760663	0.035761974325961225	0.040073022286780724	0.027653697197902432	0.049027067559651194	0.08984017615642886	0.06805744467759019	0.05628620056962229	0.05889825189707761	0.06001127395279708	0.08984990999369656	0.0648303951838266	0.07885260079685039	4.175364517015694
UP000030143	0.5243090548175293	417.0	0.02274067089182925	0.015232684312734963	0.01245124779961472	0.05706310395880706	0.06092242673442422	0.03865877711342968	0.02436487097081544	0.045745668549300594	0.03793256749524568	0.03904885999034085	0.028777384236892363	0.053106208593567926	0.08510908495868848	0.06945266516347226	0.056787423500102026	0.06041163401412202	0.0628717785445574	0.09131459359240958	0.05798124929655475	0.0800271002830908	4.1715033829861765
UP000005222	0.4201474201474201	414.0	0.019295708424368375	0.010031079083330213	0.01218229391044242	0.061313820543750015	0.06676529909359398	0.04334271875584128	0.02187628949024139	0.07381845376707104	0.05513059549819553	0.03526013738139049	0.03559104020912357	0.06363363685597913	0.05752736233342092	0.055204596297521995	0.0421881549958349	0.0525745288146387	0.0591206723473775	0.09384233705932929	0.04673570936551576	0.09456556577303357	4.154537539037279
UP000054270	0.5351681957186545	306.0	0.020640120012363858	0.014735889114057306	0.015115901438837393	0.05315344908780932	0.05300529845789631	0.038056033592320036	0.02770675227048726	0.041267384519533046	0.034711870319994384	0.03533355390574825	0.027672142003444304	0.05159944494271913	0.0926867608678214	0.0628707835861948	0.06398268720762142	0.06212137804351473	0.06329502333408475	0.09295509263128064	0.06507932580315161	0.08401110886111994	4.160586889193834
UP000000591	0.5426072666123114	406.0	0.022114178521344487	0.01117991084734233	0.01399172577430949	0.05734880193914534	0.06609897629441683	0.03866211366683954	0.02388304862247177	0.055673443680249	0.03924439228155043	0.04146270721916044	0.03259826636540891	0.0491561159478389	0.08091598420981017	0.06150165419420261	0.047563413832905695	0.05406934363787261	0.06705745738553612	0.1014115177985474	0.060722260876742186	0.07534468690430583	4.166573443248576
UP000007978	0.5169576126045028	405.0	0.023056665552601104	0.01547223609450868	0.012844348910608344	0.06006003033679211	0.06181398199385586	0.03781508285512989	0.02365295862723738	0.051717381760348416	0.038704841390024794	0.038722182268783795	0.028765049685382252	0.05164381507221133	0.08381980596740064	0.06841643343958052	0.05621663185397341	0.06025111758424661	0.06285158350156184	0.0878332427072413	0.05755268740372781	0.07878992299478403	4.176962466533796
UP000001610	0.5875190258751902	428.0	0.022327123414509303	0.01496133512098172	0.013181933663926306	0.05820826685837015	0.05507158114942473	0.0361112224965513	0.02506706452318638	0.042805026032768013	0.03290052218668219	0.03830909332035473	0.026798773131820382	0.04398347536290207	0.10111798909353169	0.07197796439475881	0.05964316027958933	0.05970078652140535	0.06451712782297668	0.09176779314305132	0.06576077599662022	0.07578898548658929	4.1505908366462965
UP000092993	0.5373563218390804	281.0	0.022360498129586976	0.014773662449363413	0.015936169764739945	0.0545114013808195	0.05516158508049522	0.037192372178669976	0.02852669191431481	0.03909948787702907	0.03169371774361791	0.03529263807347921	0.02658007976439705	0.049157603030917575	0.08871411171985909	0.061782718900834005	0.06313559671101841	0.060042690960456585	0.06517996169799138	0.09427485512778716	0.06939108990115259	0.0871930675934703	4.159112294778509
UP000193240	0.5516273849607183	386.0	0.02213232703484031	0.015067415706815024	0.012526174834636871	0.05703142515770106	0.06066354261837844	0.03653467660102421	0.024543473816616663	0.04898953361054295	0.03611377018856998	0.038962533896158766	0.028507846175380488	0.04756277683026345	0.09246666361227492	0.069249085103856	0.05700654935968488	0.061725803737155714	0.06293601850533148	0.08937595017146313	0.060447417789575485	0.07815701524973016	4.16517445796081
UP000000598	0.40284558654250713	407.0	0.021085978586033165	0.01085814068073931	0.012934462252918345	0.06144006099748778	0.06674933386480317	0.043208816191666645	0.021844024193016804	0.07267550978358521	0.054290703403696954	0.04026212561581863	0.03395550760010279	0.06412788630178683	0.05511956910451669	0.052009581411944915	0.04283734903115625	0.05762489218194075	0.06189140188021455	0.0979710698518677	0.04461833302326817	0.08449525404343547	4.1656083640598744
UP000002059	0.5045219638242894	360.0	0.0215821768642051	0.01350734393556595	0.013044923357794818	0.05423941817188398	0.06115192773621132	0.036372315715263365	0.02487531936848467	0.0504600236853308	0.040198717723133826	0.03913477007338466	0.02663446578221736	0.05217969343117948	0.07822411910443713	0.06859307334166877	0.06045503328447499	0.059350986376564156	0.05966335998907234	0.0896129517622431	0.06459281138418087	0.08612656891270333	4.168196678615151
UP000009097	0.5119047619047619	354.0	0.023148826857668517	0.016420234517706207	0.014454431793755444	0.05793429517335859	0.06036850925627281	0.03830331410983589	0.024828983645725035	0.049657967291450174	0.03759211199108561	0.038986590335335906	0.02895417528592393	0.05229374050224901	0.08263429708585915	0.0676658015839541	0.055473765262520916	0.059295291313939	0.061823172129917864	0.09100837527502255	0.05966654984631613	0.07948956674210315	4.182093640888311
UP000000599	0.3765112262521589	404.0	0.02057626608554672	0.010171583649746577	0.012330914781759756	0.06211172981129304	0.06514852570346417	0.04443452156355557	0.020905852575267725	0.07559283307093119	0.06400376440755491	0.03662192747782117	0.03688280799682734	0.07113012302636133	0.05093340728012522	0.05298830209179735	0.04192716040651696	0.05533054935475266	0.0560105676503596	0.09277952973452101	0.04045956207689622	0.08966007125490146	4.156367142626649
UP000001611	0.5956124839585758	389.0	0.021652777468066754	0.014770287487145482	0.012263385675081284	0.05976416902313228	0.0592183352812802	0.035317206261545754	0.02473493119856908	0.0433379692736606	0.03290762747864745	0.03802924594391503	0.025483946720779267	0.043863277992129246	0.09918908507627838	0.07354683197295675	0.06056435873390226	0.06031200723917771	0.06442359435882634	0.08889780506282002	0.06551449277172039	0.07620866498036565	4.147517175665171
UP000016933	0.5450031036623215	333.0	0.023143481964993606	0.015022398834420279	0.014002779004029702	0.05859259495557644	0.060346463040802864	0.03440372558177694	0.026114887425236915	0.04748768531801392	0.0353266456608513	0.041086979756895375	0.027507681421249517	0.047130705217630534	0.09190066293008385	0.069731010595825	0.055591871135758815	0.060678709017462314	0.06229011855933582	0.08738235575448594	0.06447112833105371	0.0777881154945172	4.170291077464522
UP000030651	0.5372972121964057	421.0	0.02232220175149139	0.016410385762511887	0.01275554385799508	0.05981483187778276	0.059082970508907755	0.038100975160244986	0.023937658431025213	0.04518013634501859	0.03675971171486648	0.03904263424215223	0.029129681718258242	0.05088671832906357	0.09036027269003719	0.07205763372411256	0.054565382059201105	0.06019985385598886	0.06358026505068752	0.09012619791716357	0.05719694135793278	0.0784900036455582	4.16941682245153
UP000005426	0.5346172867686221	376.0	0.02243728636201373	0.015693254678774853	0.013011495967844976	0.0576481305827398	0.05985288145208718	0.03814503017135822	0.02372095803368665	0.04882224842085081	0.03698524541959814	0.039133560207858804	0.028553005040548765	0.0518818009569594	0.08983231686110908	0.06945325550403766	0.055399778622939246	0.05734198532936664	0.06152068916467381	0.09159577854591906	0.05928849391331094	0.07968280476432231	4.169386185570831
UP000199069	0.6257238099343363	455.0	0.016885249038178455	0.013362034930083002	0.010473129150262573	0.055528671333606956	0.06450878593811132	0.03468621619840679	0.02216877407505483	0.043772283123215315	0.025431676317748255	0.034921765056232644	0.023505034172464297	0.036448334928226536	0.10698843140569961	0.07257694762024068	0.06696398224673288	0.05791640420095209	0.06394380264122014	0.09647059292731584	0.0680254596210972	0.08542242507515051	4.095821383257967
UP000008062	0.5552387610195049	358.0	0.022615540439857792	0.014921111479451084	0.013213108791785024	0.05847503465300609	0.06244465055043889	0.03616219248278011	0.02465604032916821	0.04781238335996436	0.03509859858622771	0.038579451338580935	0.02702006516971766	0.04702460011068745	0.09158946318720966	0.07132335541586386	0.05643177875915112	0.06102369981469139	0.06271536424498377	0.0889609859149384	0.06282864875609262	0.07710392661540393	4.1643701800291035
UP000094112	0.3485705541543105	372.0	0.016602831909240112	0.010537715762803376	0.010612488543269839	0.06106613208142331	0.06788799095448775	0.04705330155956829	0.02038216075173817	0.07772348652636614	0.05617356358705886	0.0386570749373431	0.035245602210059276	0.07093266448820407	0.05480374878136397	0.0541048094062846	0.04278590430245613	0.05616143951479287	0.05908460529691281	0.0975254679075952	0.040043319898653035	0.08261569158037897	4.147657351383792
UP000253551	0.4017003188097768	339.0	0.025072500235816274	0.012021162914276348	0.014246853321796218	0.05757287330872941	0.06648465867431497	0.0411895396217649	0.02564736796802473	0.06699708258544937	0.04746633983191284	0.04518966499028659	0.03478505493787046	0.0623568526365091	0.06256651220626688	0.048486838563947005	0.04611010794073174	0.06083027674798686	0.06072890774191999	0.0948830045102984	0.049178251108882375	0.07818615015321541	4.190922774965447
UP000002149	0.5074145712443585	449.0	0.021772379302075623	0.013820493175808572	0.010788073791175376	0.05393943511019605	0.06537539125564644	0.03408464650173029	0.0231825180973982	0.05257615358390933	0.03430902852560756	0.03679113609364215	0.026004945546115488	0.04913926012624161	0.08413481025449715	0.07242739203564108	0.06434308280633377	0.058183347809576264	0.062271785020322074	0.09118541125770944	0.059741067340097674	0.085929642366276	4.148521226063999
UP000001628	0.5066539923954373	375.0	0.021606808138833925	0.013399806546097574	0.012897313800619002	0.0546500108497827	0.06118563925646878	0.03607640223949364	0.02493450732419001	0.050442827309087564	0.03974709737125983	0.03934773701883755	0.02645602830896201	0.052227592443451466	0.07842668076389654	0.06878567360330128	0.06023785698736159	0.059047942701629164	0.0600409220773126	0.08980923404088068	0.064486569003095	0.08619335021543899	4.166996575516166
UP000000724	0.5267094017094017	367.0	0.02285004582017669	0.015746672302873747	0.014474240858066654	0.055986129091862805	0.05934791176174313	0.03758170260589946	0.02554995422372932	0.04533268156367652	0.037059399441628754	0.03911959525625202	0.02901459381021807	0.05120262501404463	0.08235965915828862	0.0686680375382691	0.05856941406953472	0.059542809652934355	0.06218798501154078	0.09104532074683977	0.06251107170279127	0.0818501503696296	4.17785711373313
UP000094389	0.45875312275004954	364.0	0.02047347990204228	0.011206594587898983	0.0123310940858596	0.061780252311887225	0.06711680102070566	0.043029610247533746	0.022320563526697892	0.06739399658629056	0.04589523183859621	0.03972312379630785	0.03368519201580843	0.0597774228032606	0.060928000840891	0.057069716032889975	0.04333019992491792	0.05880866584389022	0.06769274689192363	0.09806849337303909	0.04749997992959123	0.08186883443996792	4.166233206180808
UP000005627	0.4301075268817204	405.0	0.021381082090919486	0.0111309042046347	0.013407907123569129	0.06049750335553793	0.06798318387827355	0.042471431752997224	0.021617312136895467	0.07024894119441136	0.04996067007196374	0.04072866955863248	0.033223527210411705	0.05894264113747465	0.060681734239282886	0.054870053875940156	0.04356877483861613	0.05508394728402558	0.06301675551015287	0.0981813168349871	0.050742679527267555	0.08226096417400636	4.17021600514795
UP000002258	0.4316666666666666	416.0	0.017741143898654135	0.010269639841214349	0.010651174448318215	0.06050234368522317	0.0659488053700985	0.04515432267683936	0.021063240898817174	0.07145299412598755	0.055150317773238824	0.03673260747481793	0.03634150718457896	0.06696824301036154	0.058927515172766426	0.05351623428366142	0.04321186619177627	0.056590273850869156	0.06297432368383471	0.09530948777847889	0.04282567651626727	0.0886682821341961	4.152220176342599
UP000009138	0.3977272727272727	259.0	0.025357437788155635	0.013127246470155821	0.015524737591950805	0.05653105575775776	0.06359284021155703	0.04030946000906522	0.026254492940311746	0.06965277791254354	0.04989227839600167	0.043210519630929735	0.03520021442519598	0.06334704749834828	0.06136405154688246	0.04737803167655241	0.0457523149033374	0.0595030106393131	0.06011898383433709	0.09269742758813991	0.05079440674982759	0.0803916644296368	4.196982947754886
UP000030669	0.5558882235528942	348.0	0.02101637605133618	0.015583913062908667	0.01312697956515447	0.056746891723024905	0.061555572403519186	0.03584089141547272	0.0249672382199166	0.04429362552300145	0.03132056980731005	0.03571308105744607	0.028332659402770397	0.04659697997952188	0.09041815657983115	0.06838036521919398	0.06265988256382525	0.057984270314660316	0.06684180851167908	0.09288740993701453	0.06621050859794966	0.07952282006446339	4.155306398134375
UP000008066	0.5708812260536399	447.0	0.020850159145732478	0.014072582031654296	0.011493611078630703	0.05510089461018707	0.06621501850864175	0.03419122810044168	0.023276578053079172	0.04964069074916561	0.034955598214719025	0.039139260883940895	0.0265404463821106	0.04669583606453472	0.09115137903306776	0.07090945441850639	0.06491738049094825	0.05907947592564736	0.06263017654110871	0.08822070702673919	0.06505140803587019	0.07586811470527423	4.153136142711719
UP000054279	0.4774928774928775	223.0	0.02244907855097242	0.016486387869113422	0.015666206840989617	0.053879909922226445	0.06001066109488671	0.03993178366752717	0.027707489560133067	0.04963438461709281	0.039904339224284865	0.03864076970495658	0.029266510549794515	0.05778285616145534	0.07611587867345757	0.06031375491957873	0.05931253945575649	0.060955055702615744	0.05996435867656139	0.0944530251513967	0.05645644352763602	0.08106856612956434	4.190538323125951
UP000016934	0.5308720310835371	368.0	0.022752308993699243	0.015014870339360208	0.013571552733083794	0.05525560755612682	0.05986024151913738	0.03683707170408458	0.024758321743806763	0.05089332274906415	0.037568934055821325	0.03952230333416247	0.029249734547123804	0.050098417517554984	0.08804958602439723	0.06735921683032613	0.0578646848647612	0.0616620548090111	0.061886280462862125	0.0891032833889376	0.06008376743967195	0.0786084393870073	4.175038807026422
UP000006514	0.6111111111111112	283.5	0.019654197794597622	0.016474683668273437	0.01734894780468079	0.058535856794710885	0.053010952897965875	0.03633882116057307	0.028935439038373426	0.03333952088026012	0.027302675741878533	0.0337162885201024	0.023744260144254507	0.040108992855823894	0.10760536823589284	0.06402334754913751	0.06795778592768474	0.05688926889502439	0.0673549670660883	0.09600683726151311	0.07678553934957011	0.07486624841359456	4.130882839821462
UP000002311	0.3977832312893832	395.0	0.021409605483422595	0.010508851621016647	0.013443141359352494	0.05844816664726017	0.06469511779188432	0.044187213697897104	0.021746258081305616	0.07560651216050222	0.05831672589690972	0.038254504433462	0.03450406282233827	0.06658678790275807	0.05448009919316572	0.05123031295442321	0.04324827506564509	0.05796682554152835	0.05750677137056378	0.09704267668782647	0.04573958021995891	0.08507851106877937	4.166041169499357
UP000258309	0.480201181037644	425.0	0.021532748965032524	0.015040329759665105	0.012606050922327567	0.05563417022972463	0.06250338644092587	0.038261235345993364	0.022829910779483677	0.051270766692750394	0.03975261089521569	0.03800425694902039	0.029678453971947894	0.05747329072877993	0.08127294458242534	0.06935368921132536	0.05551960761634822	0.060300911980499354	0.06198093901077817	0.0910702959239402	0.055823284547445715	0.08009111544637057	4.172557888162915
UP000008142	0.5092272202998847	351.0	0.02130635395069238	0.014005646476863597	0.013875814326269735	0.054046951949486666	0.05998790200194944	0.03609798313450643	0.025507252545456965	0.04928347398004466	0.0392208291827995	0.03916271033540096	0.02644810835683429	0.05143962596667168	0.07990621509385885	0.06865291517092367	0.06082183540603202	0.05874148776192252	0.05878814396191045	0.09077581052942055	0.06591149845311689	0.08601944141583885	4.1684569231357
UP000002428	0.4065149486836233	421.0	0.02244891113558766	0.009953252166140002	0.012244860619411432	0.0624392970189833	0.06822311732496907	0.04144414363493103	0.021136109314793025	0.07490724751978471	0.05710226500331587	0.03857283556915274	0.03520397428080784	0.0650793799296782	0.05551881248586192	0.05295640575574518	0.04187108707957114	0.05736943956872398	0.06049839190660371	0.0953966027925449	0.046386413170005664	0.08124745372338882	4.164790022433585
UP000217790	0.503921568627451	271.0	0.02351602257177463	0.01664664680260036	0.017362297038973795	0.05594394132576422	0.05452562047040418	0.03991516415651133	0.027645324154318397	0.04324408247602889	0.03532083968350201	0.03528520006021268	0.02999028414318685	0.05494934801043547	0.07588912512950165	0.06049562941051576	0.05733845009784569	0.06151542328378151	0.0660538945127183	0.09736717941143613	0.06071130010360137	0.0862842271568868	4.183183218260356
UP000030671	0.5424430641821946	306.0	0.02125948488156886	0.015020288231543224	0.014274778362713436	0.055318047395918925	0.05509597105622098	0.0370142817134458	0.028010807783148156	0.040643132861822855	0.031406057211408565	0.03533181436283454	0.02657435610196105	0.04837381622913977	0.08997683914908369	0.0655294438321237	0.06319511512051718	0.06037280900833878	0.06501058827256621	0.09433565065122597	0.06858528670432606	0.0846714310700923	4.15493581007555
UP000006564	0.5191740412979351	372.0	0.02201580979595236	0.01565981724291764	0.013430123622803198	0.05653182419694306	0.05978431108383613	0.03852766714291668	0.024317265257856643	0.04528504494300584	0.03709041361532284	0.03849759090002597	0.03004350637741683	0.052336197443128035	0.08330306409279274	0.07011159025132688	0.05618618125008683	0.059814643052929925	0.06452298523129359	0.09390255791105141	0.059475914078101245	0.07916349251029217	4.1726785111573195
UP000054317	0.5986105127100387	286.0	0.020983632307514252	0.015907448242877587	0.014291727956372709	0.058845692852824025	0.05891246638504812	0.035658568762435054	0.027703964961584174	0.037955080802170346	0.02843535510490748	0.034517159495240236	0.027079063496285295	0.04319277782370446	0.09975872574811287	0.06374363619479545	0.06710898344731574	0.06013662153071148	0.06615028368378259	0.09195008944753433	0.0720066325759866	0.0756620891807971	4.146422256971796
UP000001631	0.509090909090909	359.0	0.02128513325156916	0.014106447167765627	0.013579393097761109	0.054033592687479405	0.060055234769115395	0.03625952969179193	0.025260795028863137	0.049500528311711305	0.03905029124672194	0.039200639420818625	0.0266319993943161	0.051488532162344544	0.07998218588325359	0.06931148560315611	0.060287205379960324	0.058844036756965146	0.05911070157610546	0.0904188857485074	0.06554785737528822	0.08604552544650562	4.168122634339022
UP000054321	0.5006761353038631	358.0	0.02202905652437651	0.016404406698798578	0.013962894806856708	0.05498322434534221	0.05958368839925067	0.03882699810366527	0.023354793136102725	0.04734374602056827	0.0377943862424363	0.037157632623117554	0.03040555808644454	0.05695974548193945	0.08332627077569948	0.07052158964430597	0.05435194990565786	0.059313453972928656	0.06221041046802254	0.09367737482057398	0.057901228878335174	0.07989159106557747	4.174986046569286
UP000016935	0.5588235294117647	375.0	0.02306639847146225	0.01493636154019424	0.013233606815358128	0.05671545778010631	0.059518528181100046	0.03582625592164556	0.025660235240620288	0.04955524371905243	0.036297892979268005	0.04016425414777952	0.028540681979666367	0.04749484654591728	0.09367609318736662	0.06797555110522985	0.05871350693492842	0.060718901858702094	0.06193327989587614	0.08767903202762384	0.061137933750681335	0.07715593791742141	4.170661779263817
UP000000741	0.4967637540453074	156.0	0.022745038088059454	0.017218640965970478	0.014496431310656085	0.05777653365862101	0.06131181456557325	0.040234905228817286	0.02432322531833878	0.050299873487191116	0.03798365639873037	0.036313340874268706	0.029585519458666915	0.05424725492638359	0.08051736444634262	0.06685836965419321	0.05424725492638359	0.059642009559946564	0.0655829007957402	0.09219656338317168	0.05724434083391856	0.0771749621190264	4.183876192487676
UP000006701	0.5528099511727653	413.0	0.026893506121688227	0.02111565040696901	0.019265105269203695	0.05556190589267469	0.059328992504964956	0.03948588473530409	0.029001947316922624	0.04618994068255459	0.03783368668735275	0.041484363609177184	0.03218501269201116	0.04925836906581948	0.0814273763097251	0.06566276129580573	0.057236282862308065	0.057236282862308065	0.061184116493560134	0.08486794137632656	0.060692796936060195	0.07408807687926373	4.218060989879726
UP000002485	0.396	378.0	0.02122744661265379	0.011313529238612107	0.01494782084520812	0.05400341116000188	0.06564050934857467	0.04515487546989955	0.0228422127575149	0.0670930419341519	0.05110098958995244	0.03783576799528142	0.03450942438146514	0.06277629028742128	0.062310001473732085	0.04981602390550205	0.046251815872329724	0.05418585056387946	0.06128161670914939	0.09934072603377901	0.04961595955246791	0.08875268626842325	4.172229894421234
UP000009297	0.5084053968946055	359.0	0.033822236763071625	0.029607898047967644	0.02920526682208487	0.05327837104163489	0.05718686162962947	0.04193561959409738	0.03595993541419762	0.050656069202339206	0.043802894894829816	0.044169025026959734	0.03708418981530027	0.051326189135277867	0.06699829981736687	0.060084000770394046	0.054736942840735034	0.05510326772293524	0.055338091365371246	0.07234312369160531	0.05918192614501597	0.06817979025918598	4.2765415974167045
UP000008177	0.4606534397056602	269.0	0.02423940537574174	0.01572785844990873	0.014930068528536625	0.05328489974839789	0.06216571637313097	0.03857482463430274	0.024334836105567487	0.05421972255100142	0.04193631638015509	0.03746089921705548	0.02943356367054357	0.05689793257401237	0.0743425061781772	0.06555657362984717	0.05473414117102987	0.060766725829193104	0.05829062663807332	0.08718987611526675	0.05873803276358488	0.08717547406647363	4.187804629079697
UP000000819	0.4736842105263157	268.0	0.03009519451477959	0.008594115657420926	0.019868672106844773	0.05644944318064114	0.08099714706768936	0.0469374593349774	0.01894882617597235	0.07209254615468266	0.039634988653739676	0.02224427420657625	0.03668033329290932	0.06821577423350045	0.05037739827062495	0.06435450399386834	0.03197614417195337	0.04092946454010032	0.07069634784199136	0.0949394796033254	0.06755895109782713	0.07840893590057525	4.1489290915122945
UP000030816	0.5675799086757991	416.0	0.02218341460559965	0.01416935136209316	0.012792352390940431	0.06016639826764662	0.05851108621287891	0.03515327042932084	0.02479987214885169	0.04576423472803745	0.03375912368161257	0.038690669522356266	0.0258147641566778	0.04338205146001614	0.0954439439792526	0.07324464704097405	0.05936856282937458	0.057162803882943154	0.06505136445155572	0.088843809626167	0.06735432131278603	0.0783439579109153	4.152078505726488
UP000094569	0.5390625	390.0	0.02191277204818836	0.014574060654691334	0.01230956517448028	0.057795851052246515	0.06417544039335375	0.036782153080887676	0.024328353218854765	0.04758615184062038	0.03826254933491722	0.04097206726283679	0.028573065895140783	0.04936341241356598	0.08398328514606117	0.06902816932070069	0.05867160928007793	0.05957115843619129	0.06194888939938978	0.09043026903788966	0.06185931330884284	0.07787186370106278	4.170353649609445
UP000266152	0.5162238971471995	425.0	0.022695875009235512	0.015410487892568657	0.012555558363801842	0.06021166242338564	0.062312901579452	0.03804496626603489	0.02345655413226247	0.051144989600801195	0.0384498214219997	0.038480529244853165	0.028871032143697527	0.05168633330475282	0.08430039943597709	0.06945711471007737	0.05625655099658428	0.06023100437377618	0.06304365466678423	0.08796600654471906	0.05695441846392037	0.07847013942531599	4.174792303601079
UP000001640	0.377120315581854	413.0	0.02240117970636955	0.010374046661285153	0.01236687169603995	0.06073489882784057	0.06731922635186262	0.04338532097937201	0.02109752708641366	0.07557365575699516	0.059953730137058146	0.03883679597645526	0.03341392584132262	0.06828569604523975	0.05086400450388465	0.04962180981743554	0.04395844979871046	0.0616913799575749	0.05643110151258645	0.09748193211657825	0.04449042654287004	0.08171802068410523	4.1622796606574655
