Proteome_ID	M	W	C	D	E	F	H	K	N	Q	Y	I	A	G	P	T	V	L	R	S
UP000000231	0.028494428556172142	0.03215300686403957	0.03215300686403957	0.03215300686403957	0.03215300686403957	0.039303594695156686	0.03215300686403957	0.046537466918582675	0.039303594695156686	0.03215300686403957	0.039303594695156686	0.05011276083414123	0.052606681827317495	0.052606681827317495	0.052606681827317495	0.06430601372807913	0.06430601372807913	0.10360960842323581	0.05984055405074349	0.11414428300930632
UP000000233	0.0136213505446263	0.029340473338347977	0.029340473338347977	0.029340473338347977	0.029340473338347977	0.01662905437869253	0.029340473338347977	0.025992467692586486	0.01662905437869253	0.029340473338347977	0.01662905437869253	0.019636758212758763	0.10353726148389616	0.10353726148389616	0.10353726148389616	0.058680946676695954	0.058680946676695954	0.07531000105538849	0.11290067479779013	0.098635066725604
UP000000235	0.010000479316567763	0.02683389161341735	0.02683389161341735	0.02683389161341735	0.02683389161341735	0.01180340536296956	0.02683389161341735	0.021121574534595247	0.01180340536296956	0.02683389161341735	0.01180340536296956	0.013606331409371354	0.12200847416113385	0.12200847416113385	0.12200847416113385	0.0536677832268347	0.0536677832268347	0.06547118858980426	0.13132664333275954	0.08869922811041803
UP000000238	0.02143193021978575	0.03197825290260835	0.03197825290260835	0.03197825290260835	0.03197825290260835	0.027949602967159443	0.03197825290260835	0.03648160068225759	0.027949602967159443	0.03197825290260835	0.027949602967159443	0.03446727571453313	0.0731751831970376	0.0731751831970376	0.0731751831970376	0.0639565058052167	0.0639565058052167	0.09190610877237614	0.08170718091213575	0.1108490161802371
UP000000239	0.013441094116957071	0.029239439781162724	0.029239439781162724	0.029239439781162724	0.029239439781162724	0.01638251588077383	0.029239439781162724	0.025752399594785036	0.01638251588077383	0.029239439781162724	0.01638251588077383	0.019323937644590585	0.10437283808399493	0.10437283808399493	0.10437283808399493	0.05847887956232545	0.05847887956232545	0.07486139544309926	0.11374272179800615	0.09821799169662847
UP000000245	0.011239101711516703	0.02781346907539501	0.02781346907539501	0.02781346907539501	0.02781346907539501	0.013424073750449152	0.02781346907539501	0.02280374345185453	0.013424073750449152	0.02781346907539501	0.013424073750449152	0.015609045789381605	0.11525399463513392	0.11525399463513392	0.11525399463513392	0.05562693815079002	0.05562693815079002	0.06905101190123918	0.1246336643365393	0.09249453689876927
UP000000247	0.04006967812542425	0.0290522341142381	0.0290522341142381	0.0290522341142381	0.0290522341142381	0.06051099320806233	0.0290522341142381	0.0652229287437883	0.06051099320806233	0.0290522341142381	0.06051099320806233	0.08095230829070041	0.027896825428938524	0.027896825428938524	0.027896825428938524	0.0581044682284762	0.0581044682284762	0.11861546143653852	0.03260876096466449	0.10678506538550048
UP000000248	0.02902314219647107	0.0320980985289332	0.0320980985289332	0.0320980985289332	0.0320980985289332	0.04019894702891358	0.0320980985289332	0.047324327611365895	0.04019894702891358	0.0320980985289332	0.04019894702891358	0.05137475186135607	0.05125944858366845	0.05125944858366845	0.05125944858366845	0.0641961970578664	0.0641961970578664	0.10439514408677998	0.058384829166120776	0.11414163295082817
UP000000260	0.019068973136953382	0.03149511150663744	0.03149511150663744	0.03149511150663744	0.03149511150663744	0.024391897771769436	0.03149511150663744	0.033266429274019495	0.024391897771769436	0.03149511150663744	0.024391897771769436	0.029714822406585493	0.08133373287285374	0.08133373287285374	0.08133373287285374	0.06299022301327488	0.06299022301327488	0.08738212078504431	0.09020826437510379	0.10823138302204963
UP000000263	0.01605482964052113	0.030503800528485715	0.030503800528485715	0.030503800528485715	0.030503800528485715	0.02002187768685006	0.030503800528485715	0.029229887153996822	0.02002187768685006	0.030503800528485715	0.02002187768685006	0.023988925733178998	0.09294651193406955	0.09294651193406955	0.09294651193406955	0.06100760105697143	0.06100760105697143	0.08102947874382148	0.10215452140121631	0.10359918317964932
UP000000268	0.026790550260058138	0.03226887926604688	0.03226887926604688	0.03226887926604688	0.03226887926604688	0.03646227366401842	0.03226887926604688	0.04403729986899293	0.03646227366401842	0.03226887926604688	0.03646227366401842	0.046133997067978695	0.05711550402378025	0.05711550402378025	0.05711550402378025	0.06453775853209376	0.06453775853209376	0.10100003219611219	0.06469053022875476	0.11392546465423849
UP000000269	0.03618313077207325	0.03052358336058116	0.03052358336058116	0.03052358336058116	0.03052358336058116	0.052997778194225215	0.03052358336058116	0.05857532819955515	0.052997778194225215	0.03052358336058116	0.052997778194225215	0.06981242561637717	0.03515955471778122	0.03515955471778122	0.03515955471778122	0.06104716672116232	0.06104716672116232	0.11404494491538752	0.04073710472311116	0.11093923343166477
UP000000270	0.011257497597853326	0.02782697448370024	0.02782697448370024	0.02782697448370024	0.02782697448370024	0.013448380484095027	0.02782697448370024	0.022828560370139334	0.013448380484095027	0.02782697448370024	0.013448380484095027	0.015639263370336727	0.11515743621803269	0.11515743621803269	0.11515743621803269	0.05565394896740048	0.05565394896740048	0.06910232945149551	0.124537616104077	0.09254753816271234
UP000000272	0.026651206926922553	0.032274147228986964	0.032274147228986964	0.032274147228986964	0.032274147228986964	0.03623285272614104	0.032274147228986964	0.04383514577678248	0.03623285272614104	0.032274147228986964	0.03623285272614104	0.045814498525359515	0.057495918813305326	0.057495918813305326	0.057495918813305326	0.06454829445797393	0.06454829445797393	0.10078114718411496	0.06509821186394678	0.11389200281466495
UP000000276	0.022022619741494706	0.03206278016367852	0.03206278016367852	0.03206278016367852	0.03206278016367852	0.028857367161235277	0.03206278016367852	0.03729482108219748	0.028857367161235277	0.03206278016367852	0.028857367161235277	0.03569211458097585	0.07124848681312416	0.07124848681312416	0.07124848681312416	0.06412556032735704	0.06412556032735704	0.09298292748859233	0.07968594073408636	0.1113762128127897
UP000000321	0.011651095543107202	0.028109087220685308	0.028109087220685308	0.028109087220685308	0.028109087220685308	0.013970100798531969	0.028109087220685308	0.02335859926503341	0.013970100798531969	0.028109087220685308	0.013970100798531969	0.01628910605395674	0.11311597471982777	0.11311597471982777	0.11311597471982777	0.056218174441370616	0.056218174441370616	0.07018827523990258	0.12250447318632923	0.09365935194973837
UP000000323	0.021191560914376066	0.03193984537418954	0.03193984537418954	0.03193984537418954	0.03193984537418954	0.027582329630164895	0.03193984537418954	0.036151856217966044	0.027582329630164895	0.03193984537418954	0.027582329630164895	0.033973098345953724	0.07397154165045326	0.07397154165045326	0.07397154165045326	0.06387969074837908	0.06387969074837908	0.09146202037854397	0.0825410682382544	0.11062032832115584
UP000000328	0.008751777019707113	0.0256900244963335	0.0256900244963335	0.0256900244963335	0.0256900244963335	0.010201593341346162	0.0256900244963335	0.01939562524047888	0.010201593341346162	0.0256900244963335	0.010201593341346162	0.01165140966298521	0.1293871136673102	0.1293871136673102	0.1293871136673102	0.051380048992667	0.051380048992667	0.06158164233401317	0.1385811455664429	0.08437203418706857
UP000000329	0.01372325599783201	0.029396622581366365	0.029396622581366365	0.029396622581366365	0.029396622581366365	0.016768722966513605	0.029396622581366365	0.02612813974262158	0.016768722966513605	0.029396622581366365	0.016768722966513605	0.019814189935195202	0.10306824448313576	0.10306824448313576	0.10306824448313576	0.05879324516273273	0.05879324516273273	0.07556196812924634	0.11242766125924374	0.0988676567732495
UP000000333	0.013002896766682386	0.028984495074807277	0.028984495074807277	0.028984495074807277	0.028984495074807277	0.015785936677557056	0.028984495074807277	0.025168255787056837	0.015785936677557056	0.028984495074807277	0.015785936677557056	0.018568976588431728	0.10643663051504607	0.10643663051504607	0.10643663051504607	0.057968990149614555	0.057968990149614555	0.0737549268271716	0.11581894962454585	0.09717334208022954
UP000000343	0.016212589923131543	0.03056725806721463	0.03056725806721463	0.03056725806721463	0.03056725806721463	0.020245987019704263	0.03056725806721463	0.029440019640032167	0.020245987019704263	0.03056725806721463	0.020245987019704263	0.024279384116276982	0.09230049044665903	0.09230049044665903	0.09230049044665903	0.06113451613442926	0.06113451613442926	0.08138050315413353	0.10149452306698695	0.10388096702820272
UP000000361	0.011713568535995233	0.028152682985471852	0.028152682985471852	0.028152682985471852	0.028152682985471852	0.014053200108915531	0.028152682985471852	0.02344257312011399	0.014053200108915531	0.028152682985471852	0.014053200108915531	0.016392831681835827	0.11279616786751044	0.11279616786751044	0.11279616786751044	0.056305365970943703	0.056305365970943703	0.07035856607985923	0.12218554087870889	0.09383198591949049
UP000000366	0.010441966433207682	0.02719945876121954	0.02719945876121954	0.02719945876121954	0.02719945876121954	0.01237745609987314	0.02719945876121954	0.021723947097211795	0.01237745609987314	0.02719945876121954	0.01237745609987314	0.014312945766538594	0.11954161678034388	0.11954161678034388	0.11954161678034388	0.05439891752243908	0.05439891752243908	0.06677637362231222	0.12888810777768253	0.09010485305020083
UP000000370	0.03673532263410704	0.03034038536719014	0.03034038536719014	0.03034038536719014	0.03034038536719014	0.05403969472523063	0.03034038536719014	0.05949441213733398	0.05403969472523063	0.03034038536719014	0.05403969472523063	0.07134406681635422	0.034068992762085845	0.034068992762085845	0.034068992762085845	0.06068077073438028	0.06068077073438028	0.11472046545961093	0.039523710174189194	0.11045210664455386
UP000000374	0.012744658561122845	0.028827881671310108	0.028827881671310108	0.028827881671310108	0.028827881671310108	0.015436184934613628	0.028827881671310108	0.02482355967645265	0.015436184934613628	0.028827881671310108	0.015436184934613628	0.01812771130810441	0.10767514967918573	0.10767514967918573	0.10767514967918573	0.057655763342620216	0.057655763342620216	0.07309194827723384	0.11706252442102477	0.09653677720156238
UP000000376	0.02144837054557001	0.031980794322337185	0.031980794322337185	0.031980794322337185	0.031980794322337185	0.02797476781841034	0.031980794322337185	0.03650417834321409	0.02797476781841034	0.031980794322337185	0.02797476781841034	0.03450116509125067	0.07312097902843316	0.07312097902843316	0.07312097902843316	0.06396158864467437	0.06396158864467437	0.09193635646308472	0.0816503895532369	0.11086435623974125
UP000000377	0.00931778650252411	0.026229704183217916	0.026229704183217916	0.026229704183217916	0.026229704183217916	0.0109236445885642	0.026229704183217916	0.02018253247193115	0.0109236445885642	0.026229704183217916	0.0109236445885642	0.012529502674604294	0.125964805237141	0.125964805237141	0.125964805237141	0.05245940836643583	0.05245940836643583	0.06338305295500003	0.13522369312050792	0.08640104096613777
UP000000379	0.010677718748433767	0.02738705092065212	0.02738705092065212	0.02738705092065212	0.02738705092065212	0.012685637394036449	0.02738705092065212	0.02204426280294697	0.012685637394036449	0.02738705092065212	0.012685637394036449	0.014693556039639132	0.11825193087782769	0.11825193087782769	0.11825193087782769	0.05477410184130424	0.05477410184130424	0.0674597392353407	0.1276105562867382	0.09083095286478746
UP000000417	0.010324885025599658	0.027104351035445833	0.027104351035445833	0.027104351035445833	0.027104351035445833	0.012224828428125003	0.027104351035445833	0.021564533134310757	0.012224828428125003	0.027104351035445833	0.012224828428125003	0.014124771830650345	0.1201891461089979	0.1201891461089979	0.1201891461089979	0.054208702070891665	0.054208702070891665	0.06643353049901667	0.12952885081518367	0.08973799472941181
UP000000422	0.0252852752747797	0.03229107391549637	0.03229107391549637	0.03229107391549637	0.03229107391549637	0.03400710908767337	0.03229107391549637	0.041870925314478544	0.03400710908767337	0.03229107391549637	0.03400710908767337	0.042728942900567043	0.06132326343458609	0.06132326343458609	0.06132326343458609	0.06458214783099274	0.06458214783099274	0.09858925691866612	0.06918707966139126	0.11343666320837514
UP000000423	0.04644296624078487	0.025725257496138017	0.025725257496138017	0.025725257496138017	0.025725257496138017	0.07380949705965176	0.025725257496138017	0.07713390809676175	0.07380949705965176	0.025725257496138017	0.07380949705965176	0.10117602787851862	0.01793235016105738	0.01793235016105738	0.01793235016105738	0.051450514992276035	0.051450514992276035	0.12526001205192777	0.021256761198167377	0.09625220791033205
UP000000425	0.023020613364271164	0.03217459401524625	0.03217459401524625	0.03217459401524625	0.03217459401524625	0.03040803572475051	0.03217459401524625	0.03867873723047772	0.03040803572475051	0.03217459401524625	0.03040803572475051	0.037795458085229855	0.06808756142070162	0.06808756142070162	0.06808756142070162	0.0643491880304925	0.0643491880304925	0.094757223755243	0.07635826292642882	0.11215697304953057
UP000000428	0.009266556059106089	0.026182354469088256	0.026182354469088256	0.026182354469088256	0.026182354469088256	0.01085801563745362	0.026182354469088256	0.02011164463161847	0.01085801563745362	0.026182354469088256	0.01085801563745362	0.01244947521580115	0.12626905475810316	0.12626905475810316	0.12626905475810316	0.05236470893817651	0.05236470893817651	0.06322272457563013	0.135522683752268	0.08622215988802331
UP000000429	0.033775239445966165	0.03122098596768705	0.03122098596768705	0.03122098596768705	0.03122098596768705	0.04854900061778255	0.03122098596768705	0.05465875446455119	0.04854900061778255	0.03122098596768705	0.04854900061778255	0.06332276178959893	0.040155305048132334	0.040155305048132334	0.040155305048132334	0.0624419719353741	0.0624419719353741	0.11099097255315667	0.046265058894900984	0.11266443617721092
UP000000430	0.03221059683664456	0.03158431675209253	0.03158431675209253	0.03158431675209253	0.03158431675209253	0.045738269768774216	0.03158431675209253	0.05218896619256303	0.045738269768774216	0.03158431675209253	0.045738269768774216	0.05926594270090388	0.043620760896275035	0.043620760896275035	0.043620760896275035	0.06316863350418506	0.06316863350418506	0.10890690327295927	0.05007145732006385	0.11343587416079247
UP000000431	0.03158506748929451	0.031709383192015585	0.031709383192015585	0.031709383192015585	0.031709383192015585	0.04463170591137427	0.031709383192015585	0.051217182973774686	0.04463170591137427	0.031709383192015585	0.04463170591137427	0.057678344333454035	0.04505698188703271	0.04505698188703271	0.04505698188703271	0.06341876638403117	0.06341876638403117	0.10805047229540544	0.05164245894943313	0.11366657864326152
UP000000432	0.02849384765797937	0.032153062323204924	0.032153062323204924	0.032153062323204924	0.032153062323204924	0.039302614568595906	0.032153062323204924	0.04653660535651696	0.039302614568595906	0.032153062323204924	0.039302614568595906	0.05011138147921245	0.052608175212137454	0.052608175212137454	0.052608175212137454	0.06430612464640985	0.06430612464640985	0.10360873921500575	0.05984216600005849	0.1141442677169776
UP000000439	0.016164072717645746	0.030547887674382154	0.030547887674382154	0.030547887674382154	0.030547887674382154	0.020177010962040602	0.030547887674382154	0.029375387562606232	0.020177010962040602	0.030547887674382154	0.020177010962040602	0.024189949206435458	0.09249868011890028	0.09249868011890028	0.09249868011890028	0.06109577534876431	0.06109577534876431	0.08127278631080491	0.10169705671946591	0.10379479749639735
UP000000440	0.020820443817954268	0.03187590539224125	0.03187590539224125	0.03187590539224125	0.03187590539224125	0.027017681523593778	0.03187590539224125	0.03564403116355702	0.027017681523593778	0.03187590539224125	0.027017681523593778	0.03321491922923328	0.07521543576474587	0.07521543576474587	0.07521543576474587	0.0637518107844825	0.0637518107844825	0.09076949230807627	0.08384178540470912	0.11025092228903852
UP000000442	0.02516412747231089	0.03228948308419978	0.03228948308419978	0.03228948308419978	0.03228948308419978	0.0338117184077273	0.03228948308419978	0.041698191681379955	0.0338117184077273	0.03228948308419978	0.0338117184077273	0.04245930934314372	0.061671560449678094	0.061671560449678094	0.061671560449678094	0.06457896616839956	0.06457896616839956	0.09839068457612686	0.06955803372333076	0.11338498578949381
UP000000449	0.03611619645260335	0.030545203806771063	0.030545203806771063	0.030545203806771063	0.030545203806771063	0.052872040433383664	0.030545203806771063	0.05846446610085768	0.052872040433383664	0.030545203806771063	0.052872040433383664	0.069627884414164	0.0352931140144943	0.0352931140144943	0.0352931140144943	0.061090407613542126	0.061090407613542126	0.1139624480469258	0.04088553968196832	0.11099596389213622
UP000000467	0.020830929716935336	0.03187779007923518	0.03187779007923518	0.03187779007923518	0.03187779007923518	0.027033595690742436	0.03187779007923518	0.035658358858795904	0.027033595690742436	0.03187779007923518	0.027033595690742436	0.033236261664549537	0.07518004722426003	0.07518004722426003	0.07518004722426003	0.06375558015847035	0.06375558015847035	0.09078917584921278	0.08380481039231351	0.11026163398083375
UP000000492	0.0182700333590719	0.03127582259609232	0.03127582259609232	0.03127582259609232	0.03127582259609232	0.023215353732298463	0.03127582259609232	0.03219090853742196	0.023215353732298463	0.03127582259609232	0.023215353732298463	0.028160674105525026	0.08426984058410841	0.08426984058410841	0.08426984058410841	0.06255164519218465	0.06255164519218465	0.08576699892448311	0.09324539538923192	0.1071521807741223
UP000000504	0.028747923886374024	0.03212778326955735	0.03212778326955735	0.03212778326955735	0.03212778326955735	0.0397320599152242	0.03212778326955735	0.04691405762124096	0.0397320599152242	0.03212778326955735	0.0397320599152242	0.05071619594407438	0.05195776207012824	0.05195776207012824	0.05195776207012824	0.0642555665391147	0.0642555665391147	0.10398762645433891	0.059139759776144996	0.11414713766619591
UP000000528	0.04525551062462935	0.0264317738414327	0.0264317738414327	0.0264317738414327	0.0264317738414327	0.07123270462554769	0.0264317738414327	0.07480943323440854	0.07123270462554769	0.0264317738414327	0.07123270462554769	0.09720989862646602	0.019615671539560734	0.019615671539560734	0.019615671539560734	0.0528635476828654	0.0528635476828654	0.12409625230841308	0.023192400148421582	0.09857363814800911
UP000000529	0.03690223600323548	0.03028331505340085	0.03028331505340085	0.03028331505340085	0.03028331505340085	0.05435626684025908	0.03028331505340085	0.059773821783853556	0.05435626684025908	0.03028331505340085	0.05435626684025908	0.07181029767728267	0.0337432728159432	0.0337432728159432	0.0337432728159432	0.0605666301068017	0.0605666301068017	0.11492289694706079	0.03916082775953768	0.11029815032641443
UP000000531	0.04040431891428785	0.028905806518586298	0.028905806518586298	0.028905806518586298	0.028905806518586298	0.06117803169105528	0.028905806518586298	0.06581563188158823	0.06117803169105528	0.028905806518586298	0.06117803169105528	0.08195174446782273	0.027315218466308046	0.027315218466308046	0.027315218466308046	0.057811613037172596	0.057811613037172596	0.11898964472822789	0.03195281865684099	0.1063480256932793
UP000000532	0.0100672585769718	0.026890412999779404	0.026890412999779404	0.026890412999779404	0.026890412999779404	0.011889978575078874	0.026890412999779404	0.021212915785536218	0.011889978575078874	0.026890412999779404	0.011889978575078874	0.013712698573185949	0.1216308854944944	0.1216308854944944	0.1216308854944944	0.05378082599955881	0.05378082599955881	0.06567080457463768	0.13095382270495176	0.08891577757820293
UP000000534	0.0380567630692822	0.029867109894512574	0.029867109894512574	0.029867109894512574	0.029867109894512574	0.056566935743785136	0.029867109894512574	0.0617271954936518	0.056566935743785136	0.029867109894512574	0.056566935743785136	0.07507710841828807	0.03153942287032572	0.03153942287032572	0.03153942287032572	0.05973421978902515	0.05973421978902515	0.11630115553281029	0.036699682620192374	0.10914792007831699
UP000000535	0.02214039872622585	0.03207798233622748	0.03207798233622748	0.03207798233622748	0.03207798233622748	0.02903925831593672	0.03207798233622748	0.037457479915792964	0.02903925831593672	0.03207798233622748	0.02903925831593672	0.03593811790564759	0.0708693686022008	0.0708693686022008	0.0708693686022008	0.06415596467245496	0.06415596467245496	0.09319522298839168	0.07928759020205706	0.11147548614519742
UP000000537	0.03428485663641772	0.031087257636424673	0.031087257636424673	0.031087257636424673	0.031087257636424673	0.049477929399992994	0.031087257636424673	0.05547566628178411	0.049477929399992994	0.031087257636424673	0.049477929399992994	0.06467100216356828	0.03906459300431359	0.03906459300431359	0.03906459300431359	0.06217451527284935	0.06217451527284935	0.11165244467284234	0.045062329886104716	0.11235355678211646
UP000000545	0.01505433703718583	0.030068734413463954	0.030068734413463954	0.030068734413463954	0.030068734413463954	0.0186124052201124	0.030068734413463954	0.027898637999714745	0.0186124052201124	0.030068734413463954	0.0186124052201124	0.02217047340303897	0.0971533532109475	0.0971533532109475	0.0971533532109475	0.06013746882692791	0.06013746882692791	0.0787498740470403	0.10643958599054985	0.10170247209465112
UP000000546	0.02929215315024608	0.032066783459929894	0.032066783459929894	0.032066783459929894	0.032066783459929894	0.040657026781008736	0.032066783459929894	0.04772677875123197	0.040657026781008736	0.032066783459929894	0.040657026781008736	0.0520219004117714	0.05058306929351516	0.05058306929351516	0.05058306929351516	0.06413356691985979	0.06413356691985979	0.10479059370086852	0.057652821263738385	0.1141276298992731
UP000000549	0.04358780804824639	0.027356647258718527	0.027356647258718527	0.027356647258718527	0.027356647258718527	0.06769263336551158	0.027356647258718527	0.07162946562938025	0.06769263336551158	0.027356647258718527	0.06769263336551158	0.09179745868277678	0.022111302575480662	0.022111302575480662	0.022111302575480662	0.054713294517437054	0.054713294517437054	0.12240592788294864	0.026048134839349327	0.10155292450713678
UP000000555	0.035361723324656064	0.03078011173873446	0.03078011173873446	0.03078011173873446	0.03078011173873446	0.05146302320223819	0.03078011173873446	0.057222867348068446	0.05146302320223819	0.03078011173873446	0.05146302320223819	0.06756432307982031	0.036819262441145306	0.036819262441145306	0.036819262441145306	0.06156022347746892	0.06156022347746892	0.11302324667970712	0.042579106586975564	0.11160075866327733
UP000000556	0.015158726740684065	0.03011683305013311	0.03011683305013311	0.03011683305013311	0.03011683305013311	0.01875851613954961	0.03011683305013311	0.028037463993706904	0.01875851613954961	0.03011683305013311	0.01875851613954961	0.022358305538415158	0.09670526455525574	0.09670526455525574	0.09670526455525574	0.06023366610026622	0.06023366610026622	0.07899218223981583	0.10598421240941303	0.10190943649221784
UP000000557	0.01481218659192873	0.029954655548898573	0.029954655548898573	0.029954655548898573	0.029954655548898573	0.018274327129538408	0.029954655548898573	0.02757663187682817	0.018274327129538408	0.029954655548898573	0.018274327129538408	0.02173646766714809	0.09820130532771353	0.09820130532771353	0.09820130532771353	0.059909311097797145	0.059909311097797145	0.07818363822733555	0.10750361007500328	0.10121401270101475
UP000000558	0.023622380207892955	0.03222375540134471	0.03222375540134471	0.03222375540134471	0.03222375540134471	0.03135344002138744	0.03222375540134471	0.03951965752486056	0.03135344002138744	0.03222375540134471	0.03135344002138744	0.03908449983488192	0.06623645835719322	0.06623645835719322	0.06623645835719322	0.06444751080268941	0.06444751080268941	0.09580095082407684	0.07440267586066633	0.11256258659843259
UP000000562	0.0487356928835956	0.02424662942240287	0.02424662942240287	0.02424662942240287	0.02424662942240287	0.07892312264468081	0.02424662942240287	0.08177230579462705	0.07892312264468081	0.02424662942240287	0.07892312264468081	0.10911055240576602	0.014898017682197099	0.014898017682197099	0.014898017682197099	0.04849325884480574	0.04849325884480574	0.12741638148948656	0.017747200832143338	0.09128815138971899
UP000000566	0.0281253279931245	0.03218607633536591	0.03218607633536591	0.03218607633536591	0.03218607633536591	0.03868240999434896	0.03218607633536591	0.045991325166081884	0.03868240999434896	0.03218607633536591	0.03868240999434896	0.04923949199557341	0.053561477168425665	0.053561477168425665	0.053561477168425665	0.06437215267073182	0.06437215267073182	0.10305456266508077	0.0608703923401586	0.11412647499799776
UP000000577	0.01576666849765346	0.030384336614745183	0.030384336614745183	0.030384336614745183	0.030384336614745183	0.019613834143735843	0.030384336614745183	0.028846251025322896	0.019613834143735843	0.030384336614745183	0.019613834143735843	0.023460999789818224	0.0941384437894815	0.0941384437894815	0.0941384437894815	0.060768673229490366	0.060768673229490366	0.0803825073732262	0.10337086067106856	0.10307251269580664
UP000000579	0.034533333735961146	0.031019338385643493	0.031019338385643493	0.031019338385643493	0.031019338385643493	0.0499332854440096	0.031019338385643493	0.05587626362287501	0.0499332854440096	0.031019338385643493	0.0499332854440096	0.06533323715205806	0.03853939693040923	0.03853939693040923	0.03853939693040923	0.06203867677128699	0.06203867677128699	0.1119719622152966	0.044482375109274636	0.11219139718484317
UP000000580	0.010022508688405514	0.026852586265441798	0.026852586265441798	0.026852586265441798	0.026852586265441798	0.011831954269156295	0.026852586265441798	0.021151715848049826	0.011831954269156295	0.026852586265441798	0.011831954269156295	0.013641399849907074	0.12188373496720932	0.12188373496720932	0.12188373496720932	0.053705172530883596	0.053705172530883596	0.06553712680003988	0.13120349654610286	0.08877082190398013
UP000000582	0.020825922098553412	0.031876890602681444	0.031876890602681444	0.031876890602681444	0.031876890602681444	0.02702599547345736	0.031876890602681444	0.03565151641297336	0.02702599547345736	0.031876890602681444	0.02702599547345736	0.033226068848361316	0.0751969455107238	0.0751969455107238	0.0751969455107238	0.06375378120536289	0.06375378120536289	0.09077977667882027	0.0838224664502398	0.11025652053169381
UP000000584	0.026693559047481316	0.03227261448157522	0.03227261448157522	0.03227261448157522	0.03227261448157522	0.036302536466140144	0.03227261448157522	0.04389655289251651	0.036302536466140144	0.03227261448157522	0.036302536466140144	0.04591151388479898	0.05738010325795388	0.05738010325795388	0.05738010325795388	0.06454522896315044	0.06454522896315044	0.10084776542929058	0.06497411968433026	0.11390242507354816
UP000000585	0.033500818245801055	0.03128988152911589	0.03128988152911589	0.03128988152911589	0.03128988152911589	0.04805154654295497	0.03128988152911589	0.05422144233318935	0.04805154654295497	0.03128988152911589	0.04805154654295497	0.06260227484010891	0.04075026743336529	0.04075026743336529	0.04075026743336529	0.06257976305823178	0.06257976305823178	0.11063130960118675	0.046920163223599674	0.1128197345359948
UP000000586	0.03309997507299891	0.031386578435955235	0.031386578435955235	0.031386578435955235	0.031386578435955235	0.047328368474692774	0.031386578435955235	0.053585866857017855	0.047328368474692774	0.031386578435955235	0.047328368474692774	0.061556761876386624	0.04162904142546675	0.04162904142546675	0.04162904142546675	0.06277315687191047	0.06277315687191047	0.11010152534660324	0.04788653980779183	0.11303131697917075
UP000000588	0.02519770721920882	0.032289975274337204	0.032289975274337204	0.032289975274337204	0.032289975274337204	0.033865844112332115	0.032289975274337204	0.04174604658645796	0.033865844112332115	0.032289975274337204	0.033865844112332115	0.04253398100545542	0.061574871706069984	0.061574871706069984	0.061574871706069984	0.06457995054867441	0.06457995054867441	0.09844579466100653	0.06945507418019582	0.11339949614909713
UP000000593	0.031037135757300438	0.0318093266481518	0.0318093266481518	0.0318093266481518	0.0318093266481518	0.043670323189991526	0.0318093266481518	0.05037301235176275	0.043670323189991526	0.0318093266481518	0.043670323189991526	0.0563035106226826	0.04633962782490764	0.04633962782490764	0.04633962782490764	0.0636186532963036	0.0636186532963036	0.10728897648629512	0.05304231698667886	0.11383192826906477
UP000000594	0.03731033322693134	0.0301404757210714	0.0301404757210714	0.0301404757210714	0.0301404757210714	0.055133481662059315	0.0301404757210714	0.060460127126693325	0.055133481662059315	0.0301404757210714	0.055133481662059315	0.07295663009718728	0.0329545042071106	0.0329545042071106	0.0329545042071106	0.0602809514421428	0.0602809514421428	0.11541443310420212	0.03828114967174462	0.10990861195501757
UP000000601	0.04539355702331322	0.026351697082053843	0.026351697082053843	0.026351697082053843	0.026351697082053843	0.07152982959462961	0.026351697082053843	0.07507703590965811	0.07152982959462961	0.026351697082053843	0.07152982959462961	0.09766610216594598	0.019416009881182788	0.019416009881182788	0.019416009881182788	0.052703394164107686	0.052703394164107686	0.12423322375873729	0.022963216196211292	0.09831237569815836
UP000000602	0.027095919485029134	0.03225508174858417	0.03225508174858417	0.03225508174858417	0.03225508174858417	0.036966591751619926	0.03225508174858417	0.04448150901669284	0.036966591751619926	0.03225508174858417	0.036966591751619926	0.04683726401821072	0.05628813744032847	0.05628813744032847	0.05628813744032847	0.06451016349716834	0.06451016349716834	0.10147675524878827	0.06380305470540137	0.11399049246419085
UP000000605	0.01105343102873559	0.0276755209314336	0.0276755209314336	0.0276755209314336	0.0276755209314336	0.013179131487259048	0.0276755209314336	0.02255302666786978	0.013179131487259048	0.0276755209314336	0.013179131487259048	0.015304831945782506	0.11623443617156229	0.11623443617156229	0.11623443617156229	0.0553510418628672	0.0553510418628672	0.06853017335012625	0.12560833135217303	0.09195429336451294
UP000000606	0.027492176837483357	0.03223260079426863	0.03223260079426863	0.03223260079426863	0.03223260079426863	0.0376241879407188	0.03223260079426863	0.04506040547072915	0.0376241879407188	0.03223260079426863	0.0376241879407188	0.04775619904395423	0.0552272679266676	0.0552272679266676	0.0552272679266676	0.06446520158853726	0.06446520158853726	0.10208938952925604	0.06266348545667795	0.11405796811705379
UP000000609	0.034217559353417686	0.031105346856249036	0.031105346856249036	0.031105346856249036	0.031105346856249036	0.04935487646835682	0.031105346856249036	0.05536742877724206	0.04935487646835682	0.031105346856249036	0.04935487646835682	0.06449219358329594	0.039207578755379446	0.039207578755379446	0.039207578755379446	0.06221069371249807	0.06221069371249807	0.11156557018085489	0.04522013106426469	0.11239628280722566
UP000000625	0.023581932417030108	0.03222087285816646	0.03222087285816646	0.03222087285816646	0.03222087285816646	0.0312896481172325	0.03222087285816646	0.039462976187901865	0.0312896481172325	0.03222087285816646	0.0312896481172325	0.038997363817434884	0.06635962436217728	0.06635962436217728	0.06635962436217728	0.06444174571633292	0.06444174571633292	0.09573139383356541	0.07453295243284667	0.1125368352913271
UP000000628	0.017556769278232822	0.031054391611414427	0.031054391611414427	0.031054391611414427	0.031054391611414427	0.0221761129050043	0.031054391611414427	0.03123459588498084	0.0221761129050043	0.031054391611414427	0.0221761129050043	0.026795456531775775	0.08697423597058476	0.08697423597058476	0.08697423597058476	0.06210878322282885	0.06210878322282885	0.08428489612783316	0.0960327189505613	0.10610060048570465
UP000000636	0.016212358523227596	0.030567165986188905	0.030567165986188905	0.030567165986188905	0.030567165986188905	0.02024565792860379	0.030567165986188905	0.029439711362772545	0.02024565792860379	0.030567165986188905	0.02024565792860379	0.02427895733397999	0.09230143468018773	0.09230143468018773	0.09230143468018773	0.06113433197237781	0.06113433197237781	0.0813799899009816	0.10149548811435649	0.1038805570764181
UP000000639	0.03238590641292968	0.031547182938951146	0.031547182938951146	0.031547182938951146	0.031547182938951146	0.046050134484592775	0.031547182938951146	0.052462886783435046	0.046050134484592775	0.031547182938951146	0.046050134484592775	0.05971436255625587	0.043223532896158094	0.043223532896158094	0.043223532896158094	0.06309436587790229	0.06309436587790229	0.10914450036249507	0.049636285195000365	0.11336322715812003
UP000000640	0.008756488809106042	0.025694671178306736	0.025694671178306736	0.025694671178306736	0.025694671178306736	0.01020757647495959	0.025694671178306736	0.019402211492486714	0.01020757647495959	0.025694671178306736	0.01020757647495959	0.01165866414081314	0.12935805645559378	0.12935805645559378	0.12935805645559378	0.05138934235661347	0.05138934235661347	0.061596918831573054	0.13855269147312088	0.08438941467817271
UP000000643	0.033937613022169466	0.031179192559591756	0.031179192559591756	0.031179192559591756	0.031179192559591756	0.04884424937245659	0.031179192559591756	0.0549183573163113	0.04884424937245659	0.031179192559591756	0.04884424937245659	0.06375088572274372	0.03980579335983391	0.03980579335983391	0.03980579335983391	0.06235838511918351	0.06235838511918351	0.11120263449164013	0.045879901303688624	0.11256855435065762
UP000000644	0.014878454692847563	0.029986225561364304	0.029986225561364304	0.029986225561364304	0.029986225561364304	0.01836672894050409	0.029986225561364304	0.027664751498590726	0.01836672894050409	0.029986225561364304	0.01836672894050409	0.02185500318816062	0.0979133221086606	0.0979133221086606	0.0979133221086606	0.05997245112272861	0.05997245112272861	0.0783391800632327	0.10721134466674724	0.10134885712928396
UP000000647	0.01094616638025207	0.027594451772805853	0.027594451772805853	0.027594451772805853	0.027594451772805853	0.013037945878287396	0.027594451772805853	0.02240797832358195	0.013037945878287396	0.027594451772805853	0.013037945878287396	0.015129725376322725	0.1168057876217736	0.1168057876217736	0.1168057876217736	0.055188903545611706	0.055188903545611706	0.06822684942389909	0.12617582006706815	0.0916377422006343
UP000000657	0.0084428903214797	0.025379503380321338	0.025379503380321338	0.025379503380321338	0.025379503380321338	0.009810379086300175	0.025379503380321338	0.01896242999813123	0.009810379086300175	0.025379503380321338	0.009810379086300175	0.011177867851120649	0.13131382307768932	0.13131382307768932	0.13131382307768932	0.050759006760642676	0.050759006760642676	0.060569385846942846	0.14046587398952037	0.08321391169762324
UP000000669	0.05071262857300183	0.022848176180718813	0.022848176180718813	0.022848176180718813	0.022848176180718813	0.08348647906848755	0.022848176180718813	0.0859411781200889	0.08348647906848755	0.022848176180718813	0.08348647906848755	0.11626032956397325	0.012505956907271546	0.012505956907271546	0.012505956907271546	0.045696352361437625	0.045696352361437625	0.12918283142992518	0.014960655958872898	0.08648330661967256
UP000000684	0.03108416860560173	0.031801102058752924	0.031801102058752924	0.031801102058752924	0.031801102058752924	0.04375255754970037	0.031801102058752924	0.050445218748325284	0.04375255754970037	0.031801102058752924	0.04375255754970037	0.05642094649379901	0.04622861605301266	0.04622861605301266	0.04622861605301266	0.06360220411750585	0.06360220411750585	0.1073547616672062	0.05292127725163757	0.11381908583776185
UP000000686	0.013665082654370313	0.0293646545691599	0.0293646545691599	0.0293646545691599	0.0293646545691599	0.016688966519614268	0.0293646545691599	0.02605069440963104	0.016688966519614268	0.0293646545691599	0.016688966519614268	0.019712850384858226	0.10333569031403546	0.10333569031403546	0.10333569031403546	0.0587293091383198	0.0587293091383198	0.07541827565793406	0.11269741820405221	0.09873516249660605
UP000000718	0.038743918555383956	0.02960165400277986	0.02960165400277986	0.02960165400277986	0.02960165400277986	0.057900332036114124	0.02960165400277986	0.06290740650017716	0.057900332036114124	0.02960165400277986	0.057900332036114124	0.0770567455168443	0.03026780292568082	0.03026780292568082	0.03026780292568082	0.05920330800555972	0.05920330800555972	0.11710364004167385	0.03527487738974386	0.10839246708299337
UP000000719	0.03456254516899524	0.031011237026868456	0.031011237026868456	0.031011237026868456	0.031011237026868456	0.04998692325052665	0.031011237026868456	0.05592345822022896	0.04998692325052665	0.031011237026868456	0.04998692325052665	0.06541130133205805	0.038477936204104536	0.038477936204104536	0.038477936204104536	0.06202247405373691	0.06202247405373691	0.11200939730426357	0.04441447117380685	0.1121718781680692
UP000000723	0.03854068249975752	0.029681541697256567	0.029681541697256567	0.029681541697256567	0.029681541697256567	0.057504573528226556	0.029681541697256567	0.0625569486412106	0.057504573528226556	0.029681541697256567	0.057504573528226556	0.0764684645566956	0.03064082953657722	0.03064082953657722	0.03064082953657722	0.059363083394513134	0.059363083394513134	0.1168676569227397	0.035693204649561265	0.10862141656305818
UP000000738	0.007939187844974023	0.024847063107112204	0.024847063107112204	0.024847063107112204	0.024847063107112204	0.009176741826993101	0.024847063107112204	0.01824945644907173	0.009176741826993101	0.024847063107112204	0.009176741826993101	0.010414295809012177	0.1345524493743133	0.1345524493743133	0.1345524493743133	0.04969412621422441	0.04969412621422441	0.0588708680412175	0.1436251639963919	0.08124282318429155
UP000000739	0.02035144570799878	0.031786904477976	0.031786904477976	0.031786904477976	0.031786904477976	0.026308264399545853	0.031786904477976	0.03500440313030799	0.026308264399545853	0.031786904477976	0.026308264399545853	0.03226508309109292	0.07681291938889079	0.07681291938889079	0.07681291938889079	0.063573808955952	0.063573808955952	0.08988207335549783	0.08550905811965291	0.10975534045037967
UP000000742	0.031619443281243234	0.03170281290662354	0.03170281290662354	0.03170281290662354	0.03170281290662354	0.044692265932455545	0.03170281290662354	0.05127036207075185	0.044692265932455545	0.03170281290662354	0.044692265932455545	0.05776508858366784	0.04497728299170864	0.04497728299170864	0.04497728299170864	0.06340562581324707	0.06340562581324707	0.1080978917457026	0.051555379130004936	0.11365505934990154
UP000000746	0.023585290813698836	0.03222111449462316	0.03222111449462316	0.03222111449462316	0.03222111449462316	0.031294943429693044	0.03222111449462316	0.03946768157815231	0.031294943429693044	0.03222111449462316	0.031294943429693044	0.03900459604568725	0.06634939101954451	0.06634939101954451	0.06634939101954451	0.06444222898924631	0.06444222898924631	0.09573717241893936	0.07452212916800377	0.1125389816815741
UP000000747	0.02348377108070895	0.03221362600843136	0.03221362600843136	0.03221362600843136	0.03221362600843136	0.031134981768070384	0.03221362600843136	0.03932551457561231	0.031134981768070384	0.03221362600843136	0.031134981768070384	0.038786192455431814	0.06665927787215138	0.06665927787215138	0.06665927787215138	0.06442725201686272	0.06442725201686272	0.0955622337849331	0.0748498106796933	0.1124734384186416
