Proteome_ID	M	W	C	D	E	F	H	K	N	Q	Y	I	A	G	P	T	V	L	R	S
UP000008323	0.04148880372291166	0.028409830538872596	0.028409830538872596	0.028409830538872596	0.028409830538872596	0.06336256201385258	0.028409830538872596	0.06775995456730351	0.06336256201385258	0.028409830538872596	0.06336256201385258	0.0852363203047935	0.02547619432026762	0.02547619432026762	0.02547619432026762	0.05681966107774519	0.05681966107774519	0.12018222309159776	0.029873586873718546	0.10484453704858852
UP000002535	0.03515161384776993	0.030842645860086428	0.030842645860086428	0.030842645860086428	0.030842645860086428	0.05107332150351259	0.030842645860086428	0.05687969133754218	0.05107332150351259	0.030842645860086428	0.05107332150351259	0.06699502915925526	0.03725110392850728	0.03725110392850728	0.03725110392850728	0.061685291720172855	0.061685291720172855	0.11275861322368545	0.04305747376253686	0.11175784377228655
UP000001961	0.01985917305612245	0.031683424801698584	0.031683424801698584	0.031683424801698584	0.031683424801698584	0.025568610696846066	0.031683424801698584	0.034335455389995946	0.025568610696846066	0.031683424801698584	0.025568610696846066	0.03127804833756968	0.07852123207372504	0.07852123207372504	0.07852123207372504	0.06336684960339717	0.06336684960339717	0.08893546030024324	0.08728807676687492	0.1092000098204946
UP000000815	0.0251355846179808	0.03228903377086022	0.03228903377086022	0.03228903377086022	0.03228903377086022	0.03376573114124946	0.03228903377086022	0.04165752897932348	0.03376573114124946	0.03228903377086022	0.03376573114124946	0.042395877664518106	0.06175383541937259	0.06175383541937259	0.06175383541937259	0.06457806754172044	0.06457806754172044	0.09834379868296989	0.06964563325744663	0.11337253940729279
UP000000425	0.021152752677519763	0.031933423960752806	0.031933423960752806	0.031933423960752806	0.031933423960752806	0.02752314721693089	0.031933423960752806	0.03609868012825298	0.02752314721693089	0.031933423960752806	0.02752314721693089	0.033893541756342016	0.07410079652735971	0.07410079652735971	0.07410079652735971	0.06386684792150561	0.06386684792150561	0.0913899951384365	0.08267632943868179	0.11058263002036703
UP000010481	0.027500223354453707	0.03223209107488911	0.03223209107488911	0.03223209107488911	0.03223209107488911	0.03763757857763164	0.03223209107488911	0.04507219004943831	0.03763757857763164	0.03223209107488911	0.03763757857763164	0.047774933800809584	0.05520587318958816	0.05520587318958816	0.05520587318958816	0.06446418214977823	0.06446418214977823	0.10210176072740985	0.06264048466139482	0.1140591413559431
UP000002194	0.014398494799839888	0.029751492838646046	0.029751492838646046	0.029751492838646046	0.029751492838646046	0.017699505325220948	0.029751492838646046	0.027026509607314557	0.017699505325220948	0.029751492838646046	0.017699505325220948	0.021000515850602006	0.10001989432627914	0.10001989432627914	0.10001989432627914	0.05950298567729209	0.05950298567729209	0.07720249100251304	0.10934689860837275	0.10035196279039697
UP000010378	0.03753551089381327	0.03005965564451065	0.03005965564451065	0.03005965564451065	0.03005965564451065	0.055564289155244445	0.03005965564451065	0.06084075066130872	0.055564289155244445	0.03005965564451065	0.055564289155244445	0.07359306741667562	0.03252387140027963	0.03252387140027963	0.03252387140027963	0.0601193112890213	0.0601193112890213	0.11568360044426575	0.037800332906343916	0.10968569956591405
UP000001168	0.027651262769613258	0.03222213211621556	0.03222213211621556	0.03222213211621556	0.03222213211621556	0.03788920755946383	0.03222213211621556	0.04529361462769027	0.03788920755946383	0.03222213211621556	0.03788920755946383	0.0481271523493144	0.054805358306076045	0.054805358306076045	0.054805358306076045	0.06444426423243112	0.06444426423243112	0.10233347179189495	0.06220976537430248	0.11407971432840935
UP000000430	0.030434191386100158	0.03190882969130133	0.03190882969130133	0.03190882969130133	0.03190882969130133	0.0426208650663927	0.03190882969130133	0.04945152105913955	0.0426208650663927	0.03190882969130133	0.0426208650663927	0.05480753874668523	0.04777816736860748	0.04777816736860748	0.04777816736860748	0.06381765938260266	0.06381765938260266	0.10643852444899535	0.054608823361354336	0.11397400677971159
UP000001054	0.0160412291014206	0.030498265815483743	0.030498265815483743	0.030498265815483743	0.030498265815483743	0.020002580939592965	0.030498265815483743	0.02921177521571072	0.020002580939592965	0.030498265815483743	0.020002580939592965	0.02396393277776533	0.09300242009377734	0.09300242009377734	0.09300242009377734	0.060996531630967486	0.060996531630967486	0.08099911257056046	0.10221161436989508	0.10357467470969947
UP000008561	0.01724061850436315	0.030948208550747192	0.030948208550747192	0.030948208550747192	0.030948208550747192	0.021718820143099324	0.030948208550747192	0.03081171598565943	0.021718820143099324	0.030948208550747192	0.021718820143099324	0.026197021781835497	0.08819923054658739	0.08819923054658739	0.08819923054658739	0.061896417101494385	0.061896417101494385	0.08361523724459372	0.0972921263891475	0.10560704251786855
UP000008898	0.029512976689085414	0.03203938812816172	0.03203938812816172	0.03203938812816172	0.03203938812816172	0.041034329884706164	0.03203938812816172	0.04805821220205469	0.041034329884706164	0.03203938812816172	0.041034329884706164	0.052555683080326904	0.05003237018911735	0.05003237018911735	0.05003237018911735	0.06407877625632344	0.06407877625632344	0.1051131061410296	0.05705625250646588	0.11410978787794981
UP000008204	0.02904199008283524	0.03209597838767469	0.03209597838767469	0.03209597838767469	0.03209597838767469	0.040230986185549024	0.03209597838767469	0.047352478389325645	0.040230986185549024	0.03209597838767469	0.040230986185549024	0.05141998228826281	0.05121186062459046	0.05121186062459046	0.05121186062459046	0.06419195677534938	0.06419195677534938	0.10442294296089841	0.05833335282836708	0.11414092914314553
UP000001946	0.0249084233079377	0.03228444073444061	0.03228444073444061	0.03228444073444061	0.03228444073444061	0.03340038095813894	0.03228444073444061	0.04133436849649101	0.03340038095813894	0.03228444073444061	0.03340038095813894	0.04189233860834018	0.06241157038549444	0.06241157038549444	0.06241157038549444	0.06456888146888122	0.06456888146888122	0.09796926242702017	0.07034555792384652	0.1132697878610583
UP000017700	0.025961803238215064	0.03229062958233637	0.03229062958233637	0.03229062958233637	0.03229062958233637	0.035104252061947575	0.03229062958233637	0.04283988964587448	0.035104252061947575	0.03229062958233637	0.035104252061947575	0.04424670088568008	0.059405040562246283	0.059405040562246283	0.059405040562246283	0.06458125916467274	0.06458125916467274	0.09968551122662032	0.0671406781461732	0.11369124316149168
UP000002084	0.021345581168998137	0.031964725345849154	0.031964725345849154	0.031964725345849154	0.031964725345849154	0.027817524537774335	0.031964725345849154	0.03636306831058794	0.027817524537774335	0.031964725345849154	0.027817524537774335	0.03428946790655053	0.07346043067549826	0.07346043067549826	0.07346043067549826	0.06392945069169831	0.06392945069169831	0.09174697522947266	0.08200597444831187	0.11076781383776943
UP000065734	0.013914125989855185	0.029499934830777255	0.029499934830777255	0.029499934830777255	0.029499934830777255	0.017030890211582748	0.029499934830777255	0.026382176742907566	0.017030890211582748	0.029499934830777255	0.017030890211582748	0.02014765443331031	0.1021962028066212	0.1021962028066212	0.1021962028066212	0.05899986966155451	0.05899986966155451	0.07603075987313726	0.11154748933794603	0.0992971662604594
UP000001191	0.028464895789255564	0.032155812800692164	0.032155812800692164	0.032155812800692164	0.032155812800692164	0.039253775200364584	0.032155812800692164	0.0464936734116374	0.039253775200364584	0.032155812800692164	0.039253775200364584	0.05004265461147361	0.05268264219659333	0.05268264219659333	0.05268264219659333	0.06431162560138433	0.06431162560138433	0.10356540080174892	0.05992254040786615	0.11414345478022303
UP000002186	0.009471205317744317	0.026369780628806957	0.026369780628806957	0.026369780628806957	0.026369780628806957	0.011120508553015976	0.026369780628806957	0.02039444782618313	0.011120508553015976	0.026369780628806957	0.011120508553015976	0.012769811788287639	0.1250599875169942	0.1250599875169942	0.1250599875169942	0.052739561257613914	0.052739561257613914	0.06386006981062989	0.13433392679016135	0.08693124396889353
UP000254519	0.029516606010836124	0.03203892519517499	0.03203892519517499	0.03203892519517499	0.03203892519517499	0.041040540662794056	0.03203892519517499	0.04806366758094246	0.041040540662794056	0.03203892519517499	0.041040540662794056	0.052564475314751995	0.05002335305941042	0.05002335305941042	0.05002335305941042	0.06407785039034998	0.06407785039034998	0.10511839105314404	0.05704647997755882	0.11410944694440316
UP000001688	0.023582850651005287	0.03222093896640333	0.03222093896640333	0.03222093896640333	0.03222093896640333	0.031291095907477195	0.03222093896640333	0.039464262693412175	0.031291095907477195	0.03222093896640333	0.031291095907477195	0.038999341163949104	0.06635682629630156	0.06635682629630156	0.06635682629630156	0.06444187793280666	0.06444187793280666	0.09573297384028384	0.07452999308223653	0.11253742229374335
UP000001430	0.03860391231893605	0.029656811139866603	0.029656811139866603	0.029656811139866603	0.029656811139866603	0.057627574608503325	0.029656811139866603	0.06266585516375224	0.057627574608503325	0.029656811139866603	0.057627574608503325	0.0766512368980706	0.030524499875652793	0.030524499875652793	0.030524499875652793	0.059313622279733205	0.059313622279733205	0.11694119688823652	0.03556278043090171	0.10855068344896857
UP000029482	0.008766449785263242	0.025704485758220208	0.025704485758220208	0.025704485758220208	0.025704485758220208	0.010220226672729473	0.025704485758220208	0.019416133102941074	0.010220226672729473	0.025704485758220208	0.010220226672729473	0.011674003560195706	0.12929666028984263	0.12929666028984263	0.12929666028984263	0.051408971516440416	0.051408971516440416	0.06162919818916989	0.13849256672005422	0.08442613017245763
UP000889800	0.019015284299737926	0.03148130015026663	0.03148130015026663	0.03148130015026663	0.03148130015026663	0.02431241935477928	0.03148130015026663	0.033193994807564305	0.02431241935477928	0.03148130015026663	0.02431241935477928	0.02960955440982063	0.08152806552806972	0.08152806552806972	0.08152806552806972	0.06296260030053326	0.06296260030053326	0.08727501965531255	0.09040964098085477	0.10816204969549648
UP000002384	0.030596545485868043	0.03188312280766769	0.03188312280766769	0.03188312280766769	0.03188312280766769	0.04290258555370199	0.03188312280766769	0.04969889424851878	0.04290258555370199	0.03188312280766769	0.04290258555370199	0.05520862562153593	0.04738798405035076	0.04738798405035076	0.04738798405035076	0.06376624561533538	0.06376624561533538	0.10666883116903736	0.05418429274516756	0.11393987384103715
UP000002417	0.01130675365076293	0.02786299340918415	0.02786299340918415	0.02786299340918415	0.02786299340918415	0.013513497184879103	0.02786299340918415	0.022894988831147798	0.013513497184879103	0.02786299340918415	0.013513497184879103	0.015720240718995273	0.11489940628972498	0.11489940628972498	0.11489940628972498	0.0557259868183683	0.0557259868183683	0.0692394840032474	0.12428089793599369	0.09268899034419922
UP000000817	0.033808662204584373	0.031212445677351507	0.031212445677351507	0.031212445677351507	0.031212445677351507	0.0486097189501664	0.031212445677351507	0.05471213905934098	0.0486097189501664	0.031212445677351507	0.0486097189501664	0.06341077569574843	0.040083209127802784	0.040083209127802784	0.040083209127802784	0.06242489135470301	0.06242489135470301	0.11103461030486941	0.04618562923697737	0.11264494249105686
UP000001566	0.015612899863981079	0.030318680931714064	0.030318680931714064	0.030318680931714064	0.030318680931714064	0.01939678563334954	0.030318680931714064	0.02864161905190026	0.01939678563334954	0.030318680931714064	0.01939678563334954	0.023180671402717994	0.09478090141478208	0.09478090141478208	0.09478090141478208	0.06063736186342813	0.06063736186342813	0.08003414749677767	0.10402573483333279	0.10278505688975481
UP000000562	0.04781756266660951	0.024857009485455394	0.024857009485455394	0.024857009485455394	0.024857009485455394	0.07685294800579655	0.024857009485455394	0.07989036408481302	0.07685294800579655	0.024857009485455394	0.07685294800579655	0.1058883333449836	0.01607930304803447	0.01607930304803447	0.01607930304803447	0.04971401897091079	0.04971401897091079	0.12656696697670736	0.01911671912705093	0.09335320578378865
UP000000585	0.0312287030869815	0.03177541024107388	0.03177541024107388	0.03177541024107388	0.03177541024107388	0.04400560583281538	0.03177541024107388	0.05066741078277852	0.04400560583281538	0.03177541024107388	0.04400560583281538	0.05678250857864928	0.04588854882827757	0.04588854882827757	0.04588854882827757	0.06355082048214776	0.06355082048214776	0.10755642631496315	0.05255035377824071	0.11377803106436923
UP000001020	0.012732545222801359	0.028820416648766983	0.028820416648766983	0.028820416648766983	0.028820416648766983	0.01541981213946341	0.028820416648766983	0.024807381310777248	0.01541981213946341	0.028820416648766983	0.01541981213946341	0.01810707905612546	0.1077336621608711	0.1077336621608711	0.1077336621608711	0.057640833297533965	0.057640833297533965	0.07306064543699736	0.11712123133218494	0.09650652825244026
UP000000594	0.03552010794388519	0.030732140284341698	0.030732140284341698	0.030732140284341698	0.030732140284341698	0.05175755904377541	0.030732140284341698	0.05748230076394878	0.05175755904377541	0.030732140284341698	0.05175755904377541	0.06799501014366564	0.036495710536026266	0.036495710536026266	0.036495710536026266	0.061464280568683395	0.061464280568683395	0.11322183961245881	0.042220452256199636	0.11147907769702006
UP000000586	0.03114942727176689	0.03178957986704	0.03178957986704	0.03178957986704	0.03178957986704	0.043866748077341804	0.03178957986704	0.05054548477776582	0.043866748077341804	0.03178957986704	0.043866748077341804	0.05658406888291672	0.04607487139649185	0.04607487139649185	0.04607487139649185	0.06357915973408	0.06357915973408	0.1074459078114218	0.05275360809691586	0.11380084606731197
UP000037395	0.008530513501492127	0.02546878578337008	0.02546878578337008	0.02546878578337008	0.02546878578337008	0.009921152691087	0.02546878578337008	0.019085608426823414	0.009921152691087	0.02546878578337008	0.009921152691087	0.011311791880681871	0.13076283965711744	0.13076283965711744	0.13076283965711744	0.05093757156674016	0.05093757156674016	0.060858724257827165	0.13992729539285384	0.08354623166200752
UP000001174	0.037973250318232364	0.02989847115925278	0.02989847115925278	0.02989847115925278	0.02989847115925278	0.05640578698409952	0.02989847115925278	0.06158466573754331	0.05640578698409952	0.02989847115925278	0.05640578698409952	0.07483832364996668	0.031695988140814736	0.031695988140814736	0.031695988140814736	0.05979694231850556	0.05979694231850556	0.11620272930260507	0.03687486689425853	0.10923612713012355
UP000061569	0.01018483219214424	0.026988852611387077	0.026988852611387077	0.026988852611387077	0.026988852611387077	0.012042625348702395	0.026988852611387077	0.021373532136602893	0.012042625348702395	0.026988852611387077	0.012042625348702395	0.01390041850526055	0.12096999519422247	0.12096999519422247	0.12096999519422247	0.053977705222774154	0.053977705222774154	0.06602033057147656	0.130300901982123	0.08929359686974733
UP000002516	0.022110203915710638	0.03207413681870765	0.03207413681870765	0.03207413681870765	0.03207413681870765	0.028992598896683045	0.03207413681870765	0.03741576283866776	0.028992598896683045	0.03207413681870765	0.028992598896683045	0.035874993877655456	0.07096640465597406	0.07096640465597406	0.07096640465597406	0.0641482736374153	0.0641482736374153	0.09314087253409836	0.07938956859795879	0.1114502193908612
UP000001584	0.012670661869032963	0.028782112379647926	0.028782112379647926	0.028782112379647926	0.028782112379647926	0.015336214986748246	0.028782112379647926	0.024724716800913368	0.015336214986748246	0.028782112379647926	0.015336214986748246	0.018001768104463526	0.1080331742545989	0.1080331742545989	0.1080331742545989	0.05756422475929585	0.05756422475929585	0.07290043974604409	0.117421676068764	0.09635144589026146
UP000001962	0.011360057496301009	0.027901739476887517	0.027901739476887517	0.027901739476887517	0.027901739476887517	0.01358402086856488	0.027901739476887517	0.022966843544990068	0.01358402086856488	0.027901739476887517	0.01358402086856488	0.01580798424082875	0.1146210055724614	0.1146210055724614	0.1146210055724614	0.055803478953775035	0.055803478953775035	0.06938749982233992	0.12400382824888659	0.09284131255469968
UP000000579	0.034533333735961146	0.031019338385643493	0.031019338385643493	0.031019338385643493	0.031019338385643493	0.0499332854440096	0.031019338385643493	0.05587626362287501	0.0499332854440096	0.031019338385643493	0.0499332854440096	0.06533323715205806	0.03853939693040923	0.03853939693040923	0.03853939693040923	0.06203867677128699	0.06203867677128699	0.1119719622152966	0.044482375109274636	0.11219139718484317
UP000002357	0.00884950296107553	0.02578585784957477	0.02578585784957477	0.02578585784957477	0.02578585784957477	0.010325783099864061	0.02578585784957477	0.019532100613507946	0.010325783099864061	0.02578585784957477	0.010325783099864061	0.01180206323865259	0.1287864481769388	0.1287864481769388	0.1287864481769388	0.05157171569914954	0.05157171569914954	0.061897498799013594	0.1379927656905827	0.08473079637101132
UP000002521	0.043466010343712565	0.027421128271985503	0.027421128271985503	0.027421128271985503	0.027421128271985503	0.06743760851145206	0.027421128271985503	0.0714009665594583	0.06743760851145206	0.027421128271985503	0.06743760851145206	0.09140920667919156	0.02229967201701686	0.02229967201701686	0.02229967201701686	0.054842256543971006	0.054842256543971006	0.12227986505542308	0.026263030065023084	0.10175779699192956
UP000069205	0.014062102965714775	0.029578386816562385	0.029578386816562385	0.029578386816562385	0.029578386816562385	0.017234650586028473	0.029578386816562385	0.026579066321609127	0.017234650586028473	0.029578386816562385	0.017234650586028473	0.020407198206342174	0.10152581420820063	0.10152581420820063	0.10152581420820063	0.05915677363312477	0.05915677363312477	0.07639142421915325	0.11087022994378129	0.09962471579508823
UP000000558	0.022842123222721764	0.032157399713240005	0.032157399713240005	0.032157399713240005	0.032157399713240005	0.030129126783445648	0.032157399713240005	0.038430266809066714	0.030129126783445648	0.032157399713240005	0.030129126783445648	0.03741613034416953	0.06864442927601011	0.06864442927601011	0.06864442927601011	0.06431479942648001	0.06431479942648001	0.09444392620992566	0.07694556930163117	0.11202731880171789
UP000035170	0.012884869949483483	0.028913512135803995	0.028913512135803995	0.028913512135803995	0.028913512135803995	0.015625916057989065	0.028913512135803995	0.025010760205402112	0.015625916057989065	0.028913512135803995	0.015625916057989065	0.01836696216649465	0.10700059835530315	0.10700059835530315	0.10700059835530315	0.05782702427160799	0.05782702427160799	0.07345294032959705	0.11638544250271618	0.09688436024838988
UP000001010	0.012569527693853508	0.028718905347104657	0.028718905347104657	0.028718905347104657	0.028718905347104657	0.015199761900849961	0.028718905347104657	0.02458956783097376	0.015199761900849961	0.028718905347104657	0.015199761900849961	0.017829996107846417	0.10852479528509397	0.10852479528509397	0.10852479528509397	0.057437810694209314	0.057437810694209314	0.07263757259505929	0.11791460121521777	0.09609600952817103
UP000001423	0.02123462168806356	0.03194689849478444	0.03194689849478444	0.03194689849478444	0.03194689849478444	0.027648034475530724	0.03194689849478444	0.03621087927262475	0.027648034475530724	0.03194689849478444	0.027648034475530724	0.03406144726299789	0.07382834568868346	0.07382834568868346	0.07382834568868346	0.06389379698956887	0.06389379698956887	0.0915418314650996	0.08239119048577748	0.1106619043849497
UP000000818	0.04109741402749338	0.028592607548867884	0.028592607548867884	0.028592607548867884	0.028592607548867884	0.0625701102946495	0.028592607548867884	0.06705405518891479	0.0625701102946495	0.028592607548867884	0.0625701102946495	0.0840428065618056	0.02613187678889184	0.02613187678889184	0.02613187678889184	0.05718521509773577	0.05718521509773577	0.11975532539238526	0.030615821683157143	0.10540254040694093
UP000001203	0.03116261651737367	0.03178723556284581	0.03178723556284581	0.03178723556284581	0.03178723556284581	0.043889839425194886	0.03178723556284581	0.05056576040184157	0.043889839425194886	0.03178723556284581	0.043889839425194886	0.05661706233301611	0.04604383875452569	0.04604383875452569	0.04604383875452569	0.06357447112569162	0.06357447112569162	0.1074643105508865	0.052719759731172364	0.11379710029808986
UP000000429	0.03245174025533171	0.031533003615585815	0.031533003615585815	0.031533003615585815	0.031533003615585815	0.04616744670555953	0.031533003615585815	0.05256593161080049	0.04616744670555953	0.031533003615585815	0.04616744670555953	0.05988315315578735	0.04307495380292755	0.04307495380292755	0.04307495380292755	0.06306600723117163	0.06306600723117163	0.10923345393673116	0.04947343870816851	0.11333504465186132
UP000000640	0.009324292345491893	0.026235696472481383	0.026235696472481383	0.026235696472481383	0.026235696472481383	0.010931982828271014	0.026235696472481383	0.02019153013315532	0.010931982828271014	0.026235696472481383	0.010931982828271014	0.012539673311050135	0.1259262441606002	0.1259262441606002	0.1259262441606002	0.052471392944962766	0.052471392944962766	0.06340337577323378	0.13518579146548448	0.08642369128015692
UP000001170	0.032198201143489355	0.03158690797749769	0.03158690797749769	0.03158690797749769	0.03158690797749769	0.04571624757740313	0.03158690797749769	0.05216962421136418	0.04571624757740313	0.03158690797749769	0.04571624757740313	0.0592342940113169	0.04364893482955377	0.04364893482955377	0.04364893482955377	0.06317381595499538	0.06317381595499538	0.1088900635323985	0.05010231146351483	0.11344087864206866
UP000006552	0.01293999766566303	0.02894679091700411	0.02894679091700411	0.02894679091700411	0.02894679091700411	0.015700622978621848	0.02894679091700411	0.025084332260771797	0.015700622978621848	0.02894679091700411	0.015700622978621848	0.01846124829158066	0.10673674611939528	0.10673674611939528	0.10673674611939528	0.05789358183400822	0.05789358183400822	0.07359420481263007	0.11612045540154523	0.09701974510371655
UP000001409	0.013876097447530402	0.029479542678108782	0.029479542678108782	0.029479542678108782	0.029479542678108782	0.016978597628699136	0.029479542678108782	0.02633157033457269	0.016978597628699136	0.029479542678108782	0.016978597628699136	0.020081097809867863	0.1023692834373414	0.1023692834373414	0.1023692834373414	0.058959085356217564	0.058959085356217564	0.0759376829849167	0.11172225614321495	0.09921222530068802
UP000001937	0.009951728272282214	0.02679234727054065	0.02679234727054065	0.02679234727054065	0.02679234727054065	0.011740262161541172	0.02679234727054065	0.02105483860529987	0.011740262161541172	0.02679234727054065	0.011740262161541172	0.013528796050800127	0.12228515213514035	0.12228515213514035	0.12228515213514035	0.0535846945410813	0.0535846945410813	0.06532495670262248	0.13159972857889907	0.08854023619464521
UP000198251	0.015886843415018885	0.030434720710882508	0.030434720710882508	0.030434720710882508	0.030434720710882508	0.019783799308152526	0.030434720710882508	0.029006215902651157	0.019783799308152526	0.030434720710882508	0.019783799308152526	0.02368075520128616	0.09363946836720304	0.09363946836720304	0.09363946836720304	0.060869441421765015	0.060869441421765015	0.08065324072991754	0.10286188496170166	0.10329404965453277
UP000183015	0.00699790099789792	0.023756168235107466	0.023756168235107466	0.023756168235107466	0.023756168235107466	0.008007155181782416	0.023756168235107466	0.01689091589232944	0.008007155181782416	0.023756168235107466	0.008007155181782416	0.009016409365666913	0.1409628054914509	0.1409628054914509	0.1409628054914509	0.04751233647021493	0.04751233647021493	0.05551949165199734	0.14984656620199793	0.07725715151933582
UP000008080	0.024698641002487243	0.03227858567865175	0.03227858567865175	0.03227858567865175	0.03227858567865175	0.033063996579375726	0.03227858567865175	0.04103664670590223	0.033063996579375726	0.03227858567865175	0.033063996579375726	0.04142935215626421	0.06302366327148548	0.06302366327148548	0.06302366327148548	0.0645571713573035	0.0645571713573035	0.09762116793667922	0.07099631339801198	0.113169042461554
UP000006647	0.043053743940823085	0.02763630104722699	0.02763630104722699	0.02763630104722699	0.02763630104722699	0.06657787685280837	0.02763630104722699	0.07063122186200296	0.06657787685280837	0.02763630104722699	0.06657787685280837	0.09010200976479366	0.022943511318677404	0.022943511318677404	0.022943511318677404	0.05527260209445398	0.05527260209445398	0.12185047894726236	0.026996856327871997	0.10243851417051877
UP000000809	0.031978185820672696	0.03163214268762277	0.03163214268762277	0.03163214268762277	0.03163214268762277	0.045326003330804644	0.03163214268762277	0.05182689051934566	0.045326003330804644	0.03163214268762277	0.045326003330804644	0.05867382084093659	0.04415092342060082	0.04415092342060082	0.04415092342060082	0.06326428537524555	0.06326428537524555	0.1085902887060502	0.05065181060914183	0.11352679637340907
UP000001572	0.034514486381877554	0.031024552406074515	0.031024552406074515	0.031024552406074515	0.031024552406074515	0.04989868985443088	0.031024552406074515	0.055845824602806036	0.04989868985443088	0.031024552406074515	0.04989868985443088	0.06528289332698423	0.03857908313044792	0.03857908313044792	0.03857908313044792	0.06204910481214903	0.06204910481214903	0.11194779466657992	0.04452621787882307	0.11220394012754775
UP000002207	0.01499408716213156	0.03004067891742199	0.03004067891742199	0.03004067891742199	0.03004067891742199	0.018528176146293648	0.03004067891742199	0.027818516516019905	0.018528176146293648	0.03004067891742199	0.018528176146293648	0.022062265130455734	0.09741297607429815	0.09741297607429815	0.09741297607429815	0.06008135783484398	0.06008135783484398	0.07860953398113764	0.10670331644402441	0.10158203493023545
UP000194841	0.03257007808322481	0.03150719459939287	0.03150719459939287	0.03150719459939287	0.03150719459939287	0.0463785904503063	0.03150719459939287	0.05275140489193108	0.0463785904503063	0.03150719459939287	0.0463785904503063	0.060187102817387796	0.04280868831439249	0.04280868831439249	0.04280868831439249	0.06301438919878574	0.06301438919878574	0.10939297964909205	0.04918150275601725	0.11328314951432193
UP000001410	0.02293473509877597	0.03216647174343248	0.03216647174343248	0.03216647174343248	0.03216647174343248	0.030273756371784467	0.03216647174343248	0.038559135330616966	0.030273756371784467	0.03216647174343248	0.030273756371784467	0.03761277764479296	0.06835503937564728	0.06835503937564728	0.06835503937564728	0.06433294348686495	0.06433294348686495	0.09460669985864943	0.07664041833447978	0.1120951290560649
UP000006637	0.009395419615125827	0.026300906250122005	0.026300906250122005	0.026300906250122005	0.026300906250122005	0.01102320075489019	0.026300906250122005	0.020289834642270462	0.01102320075489019	0.026300906250122005	0.01102320075489019	0.012650981894654556	0.12550577367845417	0.12550577367845417	0.12550577367845417	0.05260181250024401	0.05260181250024401	0.0636250132551342	0.13477240756583442	0.08667035722572747
UP000000625	0.02358262135958316	0.03222092246148745	0.03222092246148745	0.03222092246148745	0.03222092246148745	0.03129073437929228	0.03222092246148745	0.03946394144009898	0.03129073437929228	0.03222092246148745	0.03129073437929228	0.0389988473990014	0.0663575249902887	0.0663575249902887	0.0663575249902887	0.0644418449229749	0.0644418449229749	0.09573257930226718	0.0745307320510954	0.11253727572433637
UP000001806	0.04497455670488527	0.026593080410521112	0.026593080410521112	0.026593080410521112	0.026593080410521112	0.07062994686070115	0.026593080410521112	0.07426690379142702	0.07062994686070115	0.026593080410521112	0.07062994686070115	0.09628533701651702	0.020025271351688544	0.020025271351688544	0.020025271351688544	0.053186160821042223	0.053186160821042223	0.12381610768174336	0.0236622282824144	0.09909840778063272
UP000002361	0.012024466338245958	0.028364957241661944	0.028364957241661944	0.028364957241661944	0.028364957241661944	0.014467926615841968	0.028364957241661944	0.02385990220634797	0.014467926615841968	0.028364957241661944	0.014467926615841968	0.016911386893437977	0.11122129945562877	0.11122129945562877	0.11122129945562877	0.05672991448332389	0.05672991448332389	0.07119784109916587	0.12061327504613477	0.0946758777856358
UP000000588	0.024076475720377886	0.03225199955345042	0.03225199955345042	0.03225199955345042	0.03225199955345042	0.032072061912034114	0.03225199955345042	0.040157616924398495	0.032072061912034114	0.03225199955345042	0.032072061912034114	0.04006764810369034	0.06486589344013859	0.06486589344013859	0.06486589344013859	0.06450399910690084	0.06450399910690084	0.09657606101893497	0.07295144845250298	0.11283688818907293
UP000002480	0.042187781373083766	0.028072785603737323	0.028072785603737323	0.028072785603737323	0.028072785603737323	0.064789350118825	0.028072785603737323	0.06903263660702239	0.064789350118825	0.028072785603737323	0.064789350118825	0.08739091886456622	0.024327494877106934	0.024327494877106934	0.024327494877106934	0.05614557120747465	0.05614557120747465	0.12093492132629964	0.028570781365304325	0.10380456943855451
UP000001983	0.015344590447946454	0.030200883419329954	0.030200883419329954	0.030200883419329954	0.030200883419329954	0.01901921167907401	0.030200883419329954	0.02828466878032954	0.01901921167907401	0.030200883419329954	0.01901921167907401	0.022693832910201567	0.09591284588430068	0.09591284588430068	0.09591284588430068	0.06040176683865991	0.06040176683865991	0.07942097851773391	0.10517830298555622	0.10227261947480874
UP000001116	0.008468265624345595	0.025405458072684586	0.025405458072684586	0.025405458072684586	0.025405458072684586	0.009842442025779729	0.025405458072684586	0.01899812645066629	0.009842442025779729	0.025405458072684586	0.009842442025779729	0.011216618427213861	0.13115389416414716	0.13115389416414716	0.13115389416414716	0.05081091614536917	0.05081091614536917	0.0606533581711489	0.14030957858903373	0.08331046344096522
UP000002145	0.031563313889037874	0.031713522731569854	0.031713522731569854	0.031713522731569854	0.031713522731569854	0.0445933974907055	0.031713522731569854	0.0511835437128053	0.0445933974907055	0.031713522731569854	0.0445933974907055	0.05762348109237311	0.04510746346498599	0.04510746346498599	0.04510746346498599	0.06342704546313971	0.06342704546313971	0.1080204429538452	0.05169760968708578	0.11367379848207981
UP000000423	0.04482734498088156	0.026676709099629874	0.026676709099629874	0.026676709099629874	0.026676709099629874	0.07031516086156031	0.026676709099629874	0.07398375086127384	0.07031516086156031	0.026676709099629874	0.07031516086156031	0.09580297674223906	0.02024163209374996	0.02024163209374996	0.02024163209374996	0.05335341819925975	0.05335341819925975	0.12366857906082006	0.023910222093463496	0.09936965639909243
UP000009072	0.044995270801435554	0.02658126389658126	0.02658126389658126	0.02658126389658126	0.02658126389658126	0.07067429761237154	0.02658126389658126	0.07430680756541239	0.07067429761237154	0.02658126389658126	0.07067429761237154	0.0963533244233075	0.01999492359202479	0.01999492359202479	0.01999492359202479	0.05316252779316252	0.05316252779316252	0.12383682540553406	0.023627433545065635	0.09906003568024337
UP000000774	0.032582312491832785	0.03150450279047064	0.03150450279047064	0.03150450279047064	0.03150450279047064	0.046400439627153255	0.03150450279047064	0.052770598344132405	0.046400439627153255	0.03150450279047064	0.046400439627153255	0.06021856676247371	0.04278121949059928	0.04278121949059928	0.04278121949059928	0.06300900558094127	0.06300900558094127	0.10940944520809451	0.04915137820757844	0.11327769372792422
UP000001422	0.01500977917018836	0.0300480067957186	0.0300480067957186	0.0300480067957186	0.0300480067957186	0.018550106407782155	0.0300480067957186	0.027839383839344173	0.018550106407782155	0.0300480067957186	0.018550106407782155	0.02209043364537595	0.09734528660350682	0.09734528660350682	0.09734528660350682	0.0600960135914372	0.0600960135914372	0.07864611999921936	0.10663456403506884	0.10161347231975036
UP000006697	0.020188990077814172	0.031753906372639557	0.031753906372639557	0.031753906372639557	0.031753906372639557	0.02606360866011323	0.031753906372639557	0.034783376098675454	0.02606360866011323	0.031753906372639557	0.02606360866011323	0.03193822724241229	0.0773730593542436	0.0773730593542436	0.0773730593542436	0.06350781274527911	0.06350781274527911	0.08957142140539234	0.08609282679280582	0.1095760906134338
UP000001006	0.02328568447785662	0.03219791356013013	0.03219791356013013	0.03219791356013013	0.03219791356013013	0.030823507216779823	0.03219791356013013	0.039048533127378174	0.030823507216779823	0.03219791356013013	0.030823507216779823	0.03836132995570302	0.06726720813011478	0.06726720813011478	0.06726720813011478	0.06439582712026026	0.06439582712026026	0.09521933433704008	0.07549223404071313	0.1123416024193238
UP000028341	0.010490770654612536	0.027238719485582607	0.027238719485582607	0.027238719485582607	0.027238719485582607	0.012441160578909791	0.027238719485582607	0.021790329956543453	0.012441160578909791	0.027238719485582607	0.012441160578909791	0.014391550503207048	0.11927309104457742	0.11927309104457742	0.11927309104457742	0.054477438971165214	0.054477438971165214	0.06691859955007501	0.1286222604222111	0.0902565391870631
UP000005954	0.014408746862028268	0.02975665591028301	0.02975665591028301	0.02975665591028301	0.02975665591028301	0.017713708533118835	0.02975665591028301	0.027040143892791486	0.017713708533118835	0.02975665591028301	0.017713708533118835	0.0210186702042094	0.09997438642591	0.09997438642591	0.09997438642591	0.05951331182056602	0.05951331182056602	0.07722702035368487	0.10930082178558266	0.10037375292178674
UP000001822	0.032576208339024644	0.03150584637425142	0.03150584637425142	0.03150584637425142	0.03150584637425142	0.04638953787856793	0.03150584637425142	0.05276102166595296	0.04638953787856793	0.03150584637425142	0.04638953787856793	0.06020286741811122	0.042794923215500415	0.042794923215500415	0.042794923215500415	0.06301169274850284	0.06301169274850284	0.10940123062707079	0.049166407002885444	0.11328041792223562
UP000008320	0.040245322461023844	0.028975767132780345	0.028975767132780345	0.028975767132780345	0.028975767132780345	0.0608606942637923	0.028975767132780345	0.06553360250105478	0.0608606942637923	0.028975767132780345	0.0608606942637923	0.08147606606656076	0.027590716507242076	0.027590716507242076	0.027590716507242076	0.05795153426556069	0.05795153426556069	0.118812228529353	0.03226362474450455	0.10655725205659641
UP000061018	0.00954252665781685	0.026434032374515536	0.026434032374515536	0.026434032374515536	0.026434032374515536	0.01121219301838031	0.026434032374515536	0.02049277905701138	0.01121219301838031	0.026434032374515536	0.01121219301838031	0.012881859378943768	0.12464253271977234	0.12464253271977234	0.12464253271977234	0.05286806474903107	0.05286806474903107	0.06408025776741139	0.1339231187584034	0.0871749574208
UP000001025	0.019300162938587866	0.03155309164556042	0.03155309164556042	0.03155309164556042	0.03155309164556042	0.024734824426317057	0.03155309164556042	0.033578619523667926	0.024734824426317057	0.03155309164556042	0.024734824426317057	0.030169485914046244	0.08050169067170346	0.08050169067170346	0.08050169067170346	0.06310618329112085	0.06310618329112085	0.08784100771743791	0.08934548576905434	0.10852477638753995
UP000007065	0.040328671044666135	0.028939180458946254	0.028939180458946254	0.028939180458946254	0.028939180458946254	0.06102695500388239	0.028939180458946254	0.06568135169063058	0.06102695500388239	0.028939180458946254	0.06102695500388239	0.08172523896309865	0.027446106907420772	0.027446106907420772	0.027446106907420772	0.05787836091789251	0.05787836091789251	0.1189053159217749	0.03210050359416896	0.10644792846228864
UP000002484	0.007146519020610097	0.02393738753068256	0.02393738753068256	0.02393738753068256	0.02393738753068256	0.008190549702391352	0.02393738753068256	0.01710799929831821	0.008190549702391352	0.02393738753068256	0.008190549702391352	0.00923458038417261	0.1399169878980849	0.1399169878980849	0.1399169878980849	0.04787477506136512	0.04787477506136512	0.05606532476375646	0.14883443749401173	0.07791465093087652
UP000002709	0.017660408252685257	0.031088112153323424	0.031088112153323424	0.031088112153323424	0.031088112153323424	0.022326467001637408	0.031088112153323424	0.031373348326432564	0.022326467001637408	0.031088112153323424	0.022326467001637408	0.026992525750589552	0.0865762341338408	0.0865762341338408	0.0865762341338408	0.06217622430664685	0.06217622430664685	0.08450269130828426	0.09562311545863596	0.10625868596370339
UP000001652	0.026745952223836727	0.03227063564905224	0.03227063564905224	0.03227063564905224	0.03227063564905224	0.03638879752726131	0.03227063564905224	0.043972561891581365	0.03638879752726131	0.03227063564905224	0.03638879752726131	0.0460316428306859	0.05723706173108374	0.05723706173108374	0.05723706173108374	0.06454127129810448	0.06454127129810448	0.10093006882536582	0.0648208260954038	0.11391501386756887
UP000006821	0.014042234263468314	0.029567935807231275	0.029567935807231275	0.029567935807231275	0.029567935807231275	0.017207266103712465	0.029567935807231275	0.026552632795716017	0.017207266103712465	0.029567935807231275	0.017207266103712465	0.020372297943956612	0.10161554108957813	0.10161554108957813	0.10161554108957813	0.05913587161446255	0.05913587161446255	0.07634313771817501	0.11096090778158169	0.099581009844918
UP000002171	0.02391910158668492	0.03224306366538358	0.03224306366538358	0.03224306366538358	0.03224306366538358	0.03182250196540032	0.03224306366538358	0.03993618319410734	0.03182250196540032	0.03224306366538358	0.03182250196540032	0.039725902344115716	0.06533836689901515	0.06533836689901515	0.06533836689901515	0.06448612733076715	0.06448612733076715	0.09630862929616746	0.0734520481277222	0.11274489220412025
UP000009134	0.012741796254721395	0.02882611870068062	0.02882611870068062	0.02882611870068062	0.02882611870068062	0.015432315876402524	0.02882611870068062	0.0248197369102227	0.015432315876402524	0.02882611870068062	0.015432315876402524	0.01812283549808365	0.10768897241357313	0.10768897241357313	0.10768897241357313	0.05765223740136124	0.05765223740136124	0.07308455327776375	0.11707639344739332	0.09652963273508212
UP000007073	0.016745083266016425	0.0307715175718081	0.0307715175718081	0.0307715175718081	0.0307715175718081	0.021006180601718695	0.0307715175718081	0.030149946422465667	0.021006180601718695	0.0307715175718081	0.021006180601718695	0.025267277937420972	0.09015311365975989	0.09015311365975989	0.09015311365975989	0.0615430351436162	0.0615430351436162	0.0825492157453349	0.09929687948050686	0.10479853864573845
UP000000245	0.010993599586886362	0.027630426495247638	0.027630426495247638	0.027630426495247638	0.027630426495247638	0.013100350163211451	0.027630426495247638	0.02247213890555463	0.013100350163211451	0.027630426495247638	0.013100350163211451	0.015207100739536539	0.11655268123338942	0.11655268123338942	0.11655268123338942	0.055260852990495275	0.055260852990495275	0.06836120315370674	0.1259244699757326	0.09177812849630419
