Proteome_ID	M	W	C	D	E	F	H	K	N	Q	Y	I	A	G	P	T	V	L	R	S
UP000008323	0.020941983137194267	0.009389743298977469	0.030331726436171737	0.030331726436171737	0.030331726436171737	0.06764897434602618	0.030331726436171737	0.06764897434602618	0.06764897434602618	0.030331726436171737	0.06764897434602618	0.1143559655548581	0.02719963273627378	0.02719963273627378	0.02719963273627378	0.060663452872343475	0.060663452872343475	0.08160543600953774	0.05753135917244551	0.09099517930851521
UP000002535	0.02026490204964602	0.012237762865365737	0.03250266491501176	0.03250266491501176	0.03250266491501176	0.05382220002965344	0.03250266491501176	0.05382220002965344	0.05382220002965344	0.03250266491501176	0.05382220002965344	0.08737949800966086	0.0392560402954728	0.0392560402954728	0.0392560402954728	0.06500532983002352	0.06500532983002352	0.08527023187966955	0.07175870521048455	0.09750799474503527
UP000001961	0.01452101766294469	0.0179937649574678	0.032514782620412484	0.032514782620412484	0.032514782620412484	0.02623951873628678	0.032514782620412484	0.02623951873628678	0.02623951873628678	0.032514782620412484	0.02623951873628678	0.03795801980962887	0.08058159141391986	0.08058159141391986	0.08058159141391986	0.06502956524082497	0.06502956524082497	0.07955058290376966	0.11309637403433236	0.09754434786123747
UP000000815	0.017082232152878653	0.01633516444701404	0.03341739659989269	0.03341739659989269	0.03341739659989269	0.034945698190906864	0.03341739659989269	0.034945698190906864	0.034945698190906864	0.03341739659989269	0.034945698190906864	0.05280916422893507	0.06391186631406892	0.06391186631406892	0.06391186631406892	0.06683479319978539	0.06683479319978539	0.08391702535266404	0.09732926291396163	0.10025218979967808
UP000000425	0.015200730069619603	0.017636477180470296	0.0328372072500899	0.0328372072500899	0.0328372072500899	0.028302110367114823	0.0328372072500899	0.028302110367114823	0.028302110367114823	0.0328372072500899	0.028302110367114823	0.04140349066461004	0.07619800544896817	0.07619800544896817	0.07619800544896817	0.0656744145001798	0.0656744145001798	0.08087514456979941	0.10903521269905805	0.0985116217502697
UP000010481	0.018041922403426263	0.01545075182968666	0.033492674233112925	0.033492674233112925	0.033492674233112925	0.03910956801700906	0.033492674233112925	0.03910956801700906	0.03910956801700906	0.033492674233112925	0.03910956801700906	0.06017721363059185	0.05736495104203475	0.05736495104203475	0.05736495104203475	0.06698534846622585	0.06698534846622585	0.08502727086965212	0.09085762527514768	0.10047802269933877
UP000002194	0.011297443434692552	0.018990124371629485	0.030287567806322035	0.030287567806322035	0.030287567806322035	0.01801842249003541	0.030287567806322035	0.01801842249003541	0.01801842249003541	0.030287567806322035	0.01801842249003541	0.024739401545378275	0.10182209503965875	0.10182209503965875	0.10182209503965875	0.06057513561264407	0.06057513561264407	0.07187257904733664	0.1321096628459808	0.09086270341896611
UP000010378	0.02065437849118834	0.01117378651712507	0.03182816500831341	0.03182816500831341	0.03182816500831341	0.0588333208043824	0.03182816500831341	0.0588333208043824	0.0588333208043824	0.03182816500831341	0.0588333208043824	0.09701226311757646	0.03443735876017276	0.03443735876017276	0.03443735876017276	0.06365633001662682	0.06365633001662682	0.08431070850781516	0.06626552376848617	0.09548449502494025
UP000001168	0.0180990776910331	0.015392005008994993	0.03349108270002809	0.03349108270002809	0.03349108270002809	0.039381335140573834	0.03349108270002809	0.039381335140573834	0.039381335140573834	0.03349108270002809	0.039381335140573834	0.06066359259011458	0.05696366648902686	0.05696366648902686	0.05696366648902686	0.06698216540005618	0.06698216540005618	0.08508124309108928	0.09045474918905495	0.10047324810008428
UP000000430	0.01905986566865493	0.014269489993053903	0.03332935566170883	0.03332935566170883	0.03332935566170883	0.04451827234499777	0.03332935566170883	0.04451827234499777	0.04451827234499777	0.03332935566170883	0.04451827234499777	0.06997667902134061	0.04990516883566804	0.04990516883566804	0.04990516883566804	0.06665871132341766	0.06665871132341766	0.0857185769920726	0.0832345244973769	0.0999880669851265
UP000001054	0.012326437833713965	0.018794323529846144	0.03112076136356011	0.03112076136356011	0.03112076136356011	0.020410850631393352	0.03112076136356011	0.020410850631393352	0.020410850631393352	0.03112076136356011	0.020410850631393352	0.028495263429072742	0.09490067859866952	0.09490067859866952	0.09490067859866952	0.06224152272712022	0.06224152272712022	0.0745679605608342	0.12602143996222961	0.09336228409068033
UP000008561	0.013045755278143877	0.01858953444017022	0.0316352897183141	0.0316352897183141	0.0316352897183141	0.022200999661749883	0.0316352897183141	0.022200999661749883	0.022200999661749883	0.0316352897183141	0.022200999661749883	0.031356244045355884	0.09015734163411879	0.09015734163411879	0.09015734163411879	0.0632705794366282	0.0632705794366282	0.07631633471477209	0.12179263135243287	0.09490586915494229
UP000008898	0.01876148860605363	0.014648871250008483	0.03341035985606211	0.03341035985606211	0.03341035985606211	0.04279019694184956	0.03341035985606211	0.04279019694184956	0.04279019694184956	0.03341035985606211	0.04279019694184956	0.06681890527764549	0.05217326516297721	0.05217326516297721	0.05217326516297721	0.06682071971212422	0.06682071971212422	0.08558220831817785	0.08558362501903932	0.10023107956818635
UP000008204	0.018601344410117533	0.014840012755722061	0.03344135716583959	0.03344135716583959	0.03344135716583959	0.04191736303890172	0.03344135716583959	0.04191736303890172	0.04191736303890172	0.03344135716583959	0.04191736303890172	0.06523338166768593	0.05335852677828906	0.05335852677828906	0.05335852677828906	0.06688271433167918	0.06688271433167918	0.08548405874179672	0.08679988394412864	0.10032407149751879
UP000001946	0.016983728665245317	0.01641628525824708	0.03340001392349239	0.03340001392349239	0.03340001392349239	0.034554514920300664	0.03340001392349239	0.034554514920300664	0.034554514920300664	0.03340001392349239	0.034554514920300664	0.05212530117535602	0.06456817192557938	0.06456817192557938	0.06456817192557938	0.06680002784698479	0.06680002784698479	0.08378375651223012	0.0979681858490718	0.10020004177047719
UP000017700	0.01743126596881053	0.016034141720403853	0.03346540768921439	0.03346540768921439	0.03346540768921439	0.036381393675911713	0.03346540768921439	0.036381393675911713	0.036381393675911713	0.03346540768921439	0.036381393675911713	0.0553315213830129	0.061566278729274865	0.061566278729274865	0.061566278729274865	0.06693081537842878	0.06693081537842878	0.08436208134723931	0.09503168641848926	0.10039622306764316
UP000002084	0.015299224348957998	0.01758012304994619	0.032879347398904184	0.032879347398904184	0.032879347398904184	0.028613480740381024	0.032879347398904184	0.028613480740381024	0.028613480740381024	0.032879347398904184	0.028613480740381024	0.04192773713180404	0.07556238929381173	0.07556238929381173	0.07556238929381173	0.06575869479780837	0.06575869479780837	0.08105791914676637	0.10844173669271592	0.09863804219671256
UP000065734	0.010984436500198607	0.0190266132235583	0.030011049723756907	0.030011049723756907	0.030011049723756907	0.017325966850828732	0.030011049723756907	0.017325966850828732	0.017325966850828732	0.030011049723756907	0.017325966850828732	0.023667497201458856	0.10396685082872928	0.10396685082872928	0.10396685082872928	0.06002209944751381	0.06002209944751381	0.07100653594771243	0.13397790055248618	0.09003314917127073
UP000001191	0.018398215805461943	0.015071406005852788	0.03346962181131473	0.03346962181131473	0.03346962181131473	0.0408575898474657	0.03346962181131473	0.0408575898474657	0.0408575898474657	0.03346962181131473	0.0408575898474657	0.06331696388946946	0.05483512798354253	0.05483512798354253	0.05483512798354253	0.06693924362262946	0.06693924362262946	0.0853374594280914	0.08830474979485727	0.1004088654339442
UP000002186	0.007909863790407068	0.01875645991929108	0.026666323709698146	0.026666323709698146	0.026666323709698146	0.011245564954273472	0.026666323709698146	0.011245564954273472	0.011245564954273472	0.026666323709698146	0.011245564954273472	0.014581266118139877	0.1264663577297972	0.1264663577297972	0.1264663577297972	0.05333264741939629	0.05333264741939629	0.061242511209803355	0.15313268143949535	0.07999897112909445
UP000254519	0.01876270282720189	0.01464739066863682	0.03341009349583871	0.03341009349583871	0.03341009349583871	0.04279695065645384	0.03341009349583871	0.04279695065645384	0.04279695065645384	0.03341009349583871	0.04279695065645384	0.0668311984857058	0.05216420003196438	0.05216420003196438	0.05216420003196438	0.06682018699167742	0.06682018699167742	0.0855828898188793	0.08557429352780309	0.10023028048751613
UP000001688	0.016387384618297234	0.01687435049147509	0.033261735109772324	0.033261735109772324	0.033261735109772324	0.032301856393887905	0.033261735109772324	0.032301856393887905	0.032301856393887905	0.033261735109772324	0.032301856393887905	0.04821632816947857	0.06850027497007886	0.06850027497007886	0.06850027497007886	0.06652347021954465	0.06652347021954465	0.08291085483784187	0.10176201007985118	0.09978520532931696
UP000001430	0.02077761350162002	0.010692758870052521	0.03147037237167254	0.03147037237167254	0.03147037237167254	0.0611515925718674	0.03147037237167254	0.0611515925718674	0.0611515925718674	0.03147037237167254	0.0611515925718674	0.10152557164211479	0.032391121655508726	0.032391121655508726	0.032391121655508726	0.06294074474334509	0.06294074474334509	0.08371835824496508	0.06386149402718126	0.09441111711501761
UP000029482	0.007388181790394169	0.018581722274033527	0.025969904064427694	0.025969904064427694	0.025969904064427694	0.01032575826274251	0.025969904064427694	0.01032575826274251	0.01032575826274251	0.025969904064427694	0.01032575826274251	0.01326333473509085	0.13063174634817545	0.13063174634817545	0.13063174634817545	0.05193980812885539	0.05193980812885539	0.05932798991924956	0.15660165041260318	0.07790971219328309
UP000889800	0.014059981408828415	0.018205777400408553	0.03226575880923697	0.03226575880923697	0.03226575880923697	0.02491824210645534	0.03226575880923697	0.02491824210645534	0.02491824210645534	0.03226575880923697	0.02491824210645534	0.03577650280408226	0.08355960160336913	0.08355960160336913	0.08355960160336913	0.06453151761847394	0.06453151761847394	0.07859149902730234	0.1158253604126061	0.0967972764277109
UP000002384	0.019110390585074938	0.014201916319560031	0.03331230690463497	0.03331230690463497	0.03331230690463497	0.04482572505800999	0.03331230690463497	0.04482572505800999	0.04482572505800999	0.03331230690463497	0.04482572505800999	0.07054105953094504	0.049512184794445156	0.049512184794445156	0.049512184794445156	0.06662461380926994	0.06662461380926994	0.08573500439434488	0.08282449169908013	0.09993692071390492
UP000002417	0.009224667636787936	0.019020010146103127	0.028244677782891064	0.028244677782891064	0.028244677782891064	0.013698613357928211	0.028244677782891064	0.013698613357928211	0.013698613357928211	0.028244677782891064	0.013698613357928211	0.018172559079068486	0.11647336883154341	0.11647336883154341	0.11647336883154341	0.05648935556578213	0.05648935556578213	0.06571402320257005	0.1447180466144345	0.08473403334867319
UP000000817	0.019978767744009283	0.012828426421259479	0.03280719416526876	0.03280719416526876	0.03280719416526876	0.051093352453135094	0.03280719416526876	0.051093352453135094	0.051093352453135094	0.03280719416526876	0.051093352453135094	0.0822079371622609	0.042131194659222326	0.042131194659222326	0.042131194659222326	0.06561438833053752	0.06561438833053752	0.0855931560745468	0.0749383888244911	0.09842158249580628
UP000001566	0.012062997470646385	0.01885540100849404	0.03091839847914042	0.03091839847914042	0.03091839847914042	0.019780463034559274	0.03091839847914042	0.019780463034559274	0.019780463034559274	0.03091839847914042	0.019780463034559274	0.027497928598472162	0.09665571153159937	0.09665571153159937	0.09665571153159937	0.06183679695828084	0.06183679695828084	0.07389979442892723	0.1275741100107398	0.09275519543742128
UP000000562	0.02034581303904809	0.0065805682257338485	0.026926381264781935	0.026926381264781935	0.026926381264781935	0.08325103550921498	0.026926381264781935	0.08325103550921498	0.08325103550921498	0.026926381264781935	0.08325103550921498	0.14615625797938187	0.017417921677049815	0.017417921677049815	0.017417921677049815	0.05385276252956387	0.05385276252956387	0.07419857556861198	0.044344302941831754	0.08077914379434582
UP000000585	0.019301159560900887	0.013936912163102317	0.033238071724003206	0.033238071724003206	0.033238071724003206	0.046031238364269804	0.033238071724003206	0.046031238364269804	0.046031238364269804	0.033238071724003206	0.046031238364269804	0.07276131716763873	0.04800085555758245	0.04800085555758245	0.04800085555758245	0.06647614344800641	0.06647614344800641	0.0857773030089073	0.08123892728158565	0.09971421517200961
UP000001020	0.010202600489013901	0.019069181539621973	0.029271782028635875	0.029271782028635875	0.029271782028635875	0.01566130654423405	0.029271782028635875	0.01566130654423405	0.01566130654423405	0.029271782028635875	0.01566130654423405	0.0211200125994542	0.10942091206910548	0.10942091206910548	0.10942091206910548	0.05854356405727175	0.05854356405727175	0.06874616454628564	0.13869269409774135	0.08781534608590762
UP000000594	0.02033515482026937	0.012074426270987058	0.032409581091256426	0.032409581091256426	0.032409581091256426	0.05458262234242771	0.032409581091256426	0.05458262234242771	0.05458262234242771	0.032409581091256426	0.05458262234242771	0.08883008986458604	0.03848774212133275	0.03848774212133275	0.03848774212133275	0.06481916218251285	0.06481916218251285	0.08515431700278223	0.07089732321258917	0.0972287432737693
UP000000586	0.019277759066665064	0.013970305262355326	0.03324806432902039	0.03324806432902039	0.03324806432902039	0.04587932486306856	0.03324806432902039	0.04587932486306856	0.04587932486306856	0.03324806432902039	0.04587932486306856	0.07248089065947205	0.0481887553893156	0.0481887553893156	0.0481887553893156	0.06649612865804078	0.06649612865804078	0.08577388772470584	0.08143681971833598	0.09974419298706118
UP000037395	0.007211419909943347	0.018512577580353108	0.025723997490296455	0.025723997490296455	0.025723997490296455	0.010020568279034766	0.025723997490296455	0.010020568279034766	0.010020568279034766	0.025723997490296455	0.010020568279034766	0.012829716648126186	0.13207315762026206	0.13207315762026206	0.13207315762026206	0.05144799498059291	0.05144799498059291	0.058659414890536256	0.1577971551105585	0.07717199247088938
UP000001174	0.020708810400510508	0.01097691927738967	0.031685729677900176	0.031685729677900176	0.031685729677900176	0.05977758893181027	0.031685729677900176	0.05977758893181027	0.05977758893181027	0.031685729677900176	0.05977758893181027	0.09884636746311004	0.03359069789068389	0.03359069789068389	0.03359069789068389	0.06337145935580035	0.06337145935580035	0.08408026975631085	0.06527642756858408	0.09505718903370053
UP000061569	0.008428540794611847	0.018889290221035842	0.027317831015647685	0.027317831015647685	0.027317831015647685	0.012189417942199049	0.027317831015647685	0.012189417942199049	0.012189417942199049	0.027317831015647685	0.012189417942199049	0.01595029508978625	0.12244454902411066	0.12244454902411066	0.12244454902411066	0.05463566203129537	0.05463566203129537	0.06306420282590723	0.14976238003975834	0.08195349304694306
UP000002516	0.0156824849300175	0.01734933005127213	0.03303181498128963	0.03303181498128963	0.03303181498128963	0.02985826767513812	0.03303181498128963	0.02985826767513812	0.02985826767513812	0.03303181498128963	0.02985826767513812	0.04403405042025874	0.0730853385621343	0.0730853385621343	0.0730853385621343	0.06606362996257927	0.06606362996257927	0.08174611489259676	0.10611715354342394	0.09909544494386889
UP000001584	0.010160939097788623	0.01906945691932555	0.029230396017114177	0.029230396017114177	0.029230396017114177	0.015575077727208023	0.029230396017114177	0.015575077727208023	0.015575077727208023	0.029230396017114177	0.015575077727208023	0.020989216356627417	0.10971579934073128	0.10971579934073128	0.10971579934073128	0.058460792034228354	0.058460792034228354	0.06862173113201697	0.13894619535784547	0.08769118805134252
UP000001962	0.009261908076632849	0.01902406869906347	0.028285976775696317	0.028285976775696317	0.028285976775696317	0.013771087610042532	0.028285976775696317	0.013771087610042532	0.013771087610042532	0.028285976775696317	0.013771087610042532	0.018280267143452215	0.11619946148215093	0.11619946148215093	0.11619946148215093	0.056571953551392634	0.056571953551392634	0.06583386162802547	0.14448543825784724	0.08485793032708895
UP000000579	0.02013898785713653	0.012510654436815693	0.03264964229395222	0.03264964229395222	0.03264964229395222	0.05255766219253952	0.03264964229395222	0.05255766219253952	0.05255766219253952	0.03264964229395222	0.05255766219253952	0.08497633652794251	0.04056493753538187	0.04056493753538187	0.04056493753538187	0.06529928458790445	0.06529928458790445	0.08543827244504097	0.0732145798293341	0.09794892688185666
UP000002357	0.007450151470431813	0.018604743574062124	0.026054895044493938	0.026054895044493938	0.026054895044493938	0.010433517336853078	0.026054895044493938	0.010433517336853078	0.010433517336853078	0.026054895044493938	0.010433517336853078	0.013416883203274343	0.13013014381674462	0.13013014381674462	0.13013014381674462	0.052109790088987876	0.052109790088987876	0.05955994155941968	0.15618503886123858	0.07816468513348182
UP000002521	0.020904137196500326	0.00849993112349287	0.029404068319993194	0.029404068319993194	0.029404068319993194	0.07231431282984588	0.029404068319993194	0.07231431282984588	0.07231431282984588	0.029404068319993194	0.07231431282984588	0.12372448846319145	0.023912257475258377	0.023912257475258377	0.023912257475258377	0.05880813663998639	0.05880813663998639	0.07971227383648673	0.05331632579525157	0.08821220495997958
UP000069205	0.01108052431019732	0.019016575505338647	0.030097099815535967	0.030097099815535967	0.030097099815535967	0.017536892805902846	0.030097099815535967	0.017536892805902846	0.017536892805902846	0.030097099815535967	0.017536892805902846	0.023993261301608376	0.10330626152900185	0.10330626152900185	0.10330626152900185	0.060194199631071935	0.060194199631071935	0.07127472394126926	0.1334033613445378	0.0902912994466079
UP000000558	0.016038340867387514	0.0171180313892519	0.03315637225663941	0.03315637225663941	0.03315637225663941	0.031065090844024517	0.03315637225663941	0.031065090844024517	0.031065090844024517	0.03315637225663941	0.031065090844024517	0.04609184082066152	0.07077687470740557	0.07077687470740557	0.07077687470740557	0.06631274451327882	0.06631274451327882	0.08235108538066634	0.10393324696404498	0.09946911676991824
UP000035170	0.010304846507494471	0.019067637599378132	0.029372484106872605	0.029372484106872605	0.029372484106872605	0.015873961243893925	0.029372484106872605	0.015873961243893925	0.015873961243893925	0.029372484106872605	0.015873961243893925	0.021443075980293373	0.10869912170666869	0.10869912170666869	0.10869912170666869	0.05874496821374521	0.05874496821374521	0.06904981472123968	0.1380716058135413	0.08811745232061781
UP000001010	0.01009270012570444	0.019069463159854416	0.029162163285558856	0.029162163285558856	0.029162163285558856	0.015434360505627378	0.029162163285558856	0.015434360505627378	0.015434360505627378	0.029162163285558856	0.015434360505627378	0.02077602088555032	0.1101998060993235	0.1101998060993235	0.1101998060993235	0.05832432657111771	0.05832432657111771	0.06841702669682215	0.13936196938488235	0.08748648985667656
UP000001423	0.015242637878149506	0.017612644599274044	0.03285528247742355	0.03285528247742355	0.03285528247742355	0.028434183768649937	0.03285528247742355	0.028434183768649937	0.028434183768649937	0.03285528247742355	0.028434183768649937	0.041625729659150366	0.07592759443733091	0.07592759443733091	0.07592759443733091	0.0657105649548471	0.0657105649548471	0.08095320283299659	0.10878287691475445	0.09856584743227065
UP000000818	0.020934597857238838	0.009566464529256009	0.030501062386494845	0.030501062386494845	0.030501062386494845	0.06674644256789837	0.030501062386494845	0.06674644256789837	0.06674644256789837	0.030501062386494845	0.06674644256789837	0.11255828727855789	0.027876086602173	0.027876086602173	0.027876086602173	0.06100212477298969	0.06100212477298969	0.08193672263022853	0.058377148988667846	0.09150318715948454
UP000001203	0.019281662688815326	0.013964752707226063	0.03324641539604139	0.03324641539604139	0.03324641539604139	0.045904584257120226	0.03324641539604139	0.045904584257120226	0.045904584257120226	0.03324641539604139	0.045904584257120226	0.07252750582542512	0.04815746203015407	0.04815746203015407	0.04815746203015407	0.06649283079208278	0.06649283079208278	0.0857744934808981	0.08140387742619547	0.09973924618812416
UP000000429	0.019642896167038473	0.013416369326337734	0.033059265493376205	0.033059265493376205	0.033059265493376205	0.048402045564603424	0.033059265493376205	0.048402045564603424	0.048402045564603424	0.033059265493376205	0.048402045564603424	0.07716119496216836	0.045159869679590035	0.045159869679590035	0.045159869679590035	0.06611853098675241	0.06611853098675241	0.0857614271537909	0.07821913517296625	0.09917779648012862
UP000000640	0.007801892012218369	0.01872378268051225	0.02652567469273062	0.02652567469273062	0.02652567469273062	0.011052811979029877	0.02652567469273062	0.011052811979029877	0.011052811979029877	0.02652567469273062	0.011052811979029877	0.014303731945841384	0.1273180832605327	0.1273180832605327	0.1273180832605327	0.05305134938546124	0.05305134938546124	0.0608532413976796	0.15384375795326333	0.07957702407819185
UP000001170	0.019575052663479933	0.01352506865505812	0.03310012131853805	0.03310012131853805	0.03310012131853805	0.04790634594935245	0.03310012131853805	0.04790634594935245	0.04790634594935245	0.03310012131853805	0.04790634594935245	0.07623763923522496	0.04573999580181912	0.04573999580181912	0.04573999580181912	0.0662002426370761	0.0662002426370761	0.08577529530055604	0.07884011712035717	0.09930036395561416
UP000006552	0.010341744179000054	0.01906677887076656	0.02940852304976661	0.02940852304976661	0.02940852304976661	0.015951064630492846	0.02940852304976661	0.015951064630492846	0.015951064630492846	0.02940852304976661	0.015951064630492846	0.021560385081985635	0.10843931085519426	0.10843931085519426	0.10843931085519426	0.05881704609953322	0.05881704609953322	0.06915879027853328	0.1378478339049609	0.08822556914929984
UP000001409	0.010959677215951737	0.01902903168397306	0.029988708899924797	0.029988708899924797	0.029988708899924797	0.017271849410137343	0.029988708899924797	0.017271849410137343	0.017271849410137343	0.029988708899924797	0.017271849410137343	0.02358402160432295	0.10413739028509483	0.10413739028509483	0.10413739028509483	0.059977417799849594	0.059977417799849594	0.07093709501580134	0.1341260991850196	0.08996612669977438
UP000001937	0.00826017095554045	0.018850462256272266	0.02711063321181272	0.02711063321181272	0.02711063321181272	0.011879733345425672	0.02711063321181272	0.011879733345425672	0.011879733345425672	0.02711063321181272	0.011879733345425672	0.015499295735310894	0.12373786713461063	0.12373786713461063	0.12373786713461063	0.05422126642362544	0.05422126642362544	0.06248143737916588	0.15084850034642336	0.08133189963543815
UP000198251	0.01223188059269236	0.018817107058604714	0.031048987651297075	0.031048987651297075	0.031048987651297075	0.02018309766170861	0.031048987651297075	0.02018309766170861	0.02018309766170861	0.031048987651297075	0.02018309766170861	0.028134314730724856	0.09552940290224876	0.09552940290224876	0.09552940290224876	0.06209797530259415	0.06209797530259415	0.07432985589528651	0.12657839055354583	0.09314696295389123
UP000183015	0.0060369858969202975	0.017910937073694254	0.023947922970614554	0.023947922970614554	0.023947922970614554	0.008071787234765515	0.023947922970614554	0.008071787234765515	0.008071787234765515	0.023947922970614554	0.008071787234765515	0.010106588572610733	0.14210062726539355	0.14210062726539355	0.14210062726539355	0.04789584594122911	0.04789584594122911	0.053932831838149405	0.1660485502360081	0.07184376891184366
UP000008080	0.016891795700871893	0.01649054352784987	0.03338233922872176	0.03338233922872176	0.03338233922872176	0.03419460694648748	0.03338233922872176	0.03419460694648748	0.03419460694648748	0.03338233922872176	0.03419460694648748	0.05149741819210307	0.0651787326653817	0.0651787326653817	0.0651787326653817	0.06676467845744352	0.06676467845744352	0.08365647415831541	0.09856107189410346	0.10014701768616527
UP000006647	0.02092259283826528	0.00868491309275604	0.029607505931021322	0.029607505931021322	0.029607505931021322	0.0713266540419352	0.029607505931021322	0.0713266540419352	0.0713266540419352	0.029607505931021322	0.0713266540419352	0.12173071524560512	0.02457999521301193	0.02457999521301193	0.02457999521301193	0.059215011862042644	0.059215011862042644	0.08013760470030792	0.05418750114403324	0.08882251779306397
UP000000809	0.019514900767739634	0.013619072502701966	0.0331339732704416	0.0331339732704416	0.0331339732704416	0.04747799090469056	0.0331339732704416	0.04747799090469056	0.04747799090469056	0.0331339732704416	0.04747799090469056	0.07544108104164149	0.04624712056119779	0.04624712056119779	0.04624712056119779	0.0662679465408832	0.0662679465408832	0.08578284730862283	0.07938109383163938	0.09940191981132482
UP000001572	0.02013499266345942	0.01251894863183372	0.032653941295293136	0.032653941295293136	0.032653941295293136	0.05251933590827876	0.032653941295293136	0.05251933590827876	0.05251933590827876	0.032653941295293136	0.05251933590827876	0.08490367915309811	0.04060523095640933	0.04060523095640933	0.04060523095640933	0.06530788259058627	0.06530788259058627	0.0854428752540457	0.07325917225170248	0.09796182388587941
UP000002207	0.011676339452081555	0.01893144590386333	0.030607785355944883	0.030607785355944883	0.030607785355944883	0.01887795013161312	0.030607785355944883	0.01887795013161312	0.01887795013161312	0.030607785355944883	0.01887795013161312	0.026079560811144684	0.09925193337880076	0.09925193337880076	0.09925193337880076	0.061215570711889766	0.061215570711889766	0.07289191016397134	0.12985971873474567	0.09182335606783466
UP000194841	0.019674018985167983	0.013365502027967381	0.03303952101313536	0.03303952101313536	0.03303952101313536	0.04863417493133526	0.03303952101313536	0.04863417493133526	0.04863417493133526	0.03303952101313536	0.04863417493133526	0.07759433087750253	0.04489065355045566	0.04489065355045566	0.04489065355045566	0.06607904202627073	0.06607904202627073	0.08575306101143872	0.07793017456359104	0.09911856303940612
UP000001410	0.016082594369537073	0.017088078235013803	0.03317067260455087	0.03317067260455087	0.03317067260455087	0.03121886880003957	0.03317067260455087	0.03121886880003957	0.03121886880003957	0.03317067260455087	0.03121886880003957	0.046355143230542066	0.07048900638173715	0.07048900638173715	0.07048900638173715	0.06634134520910175	0.06634134520910175	0.08242393957863883	0.10365967898628803	0.09951201781365264
UP000006637	0.007854217087084888	0.018739840802036067	0.026594057889120958	0.026594057889120958	0.026594057889120958	0.011146066078905234	0.026594057889120958	0.011146066078905234	0.011146066078905234	0.026594057889120958	0.011146066078905234	0.014437915070725582	0.12690466932515834	0.12690466932515834	0.12690466932515834	0.053188115778241916	0.053188115778241916	0.0610423328653268	0.15349872721427926	0.07978217366736286
UP000000625	0.016387278312758095	0.0168744273454836	0.03326170565824169	0.03326170565824169	0.03326170565824169	0.03230147113256164	0.03326170565824169	0.03230147113256164	0.03230147113256164	0.03326170565824169	0.03230147113256164	0.04821566395236519	0.06850097066819075	0.06850097066819075	0.06850097066819075	0.06652341131648339	0.06652341131648339	0.08291068962924147	0.10176267632643243	0.09978511697472507
UP000001806	0.0207873779489791	0.007826714274772807	0.028614092223751907	0.028614092223751907	0.028614092223751907	0.07599765736169546	0.028614092223751907	0.07599765736169546	0.07599765736169546	0.028614092223751907	0.07599765736169546	0.13120793677441184	0.021547145062449143	0.021547145062449143	0.021547145062449143	0.05722818444750381	0.05722818444750381	0.0780155623964829	0.05016123728620105	0.08584227667125571
UP000002361	0.00972165829951157	0.019059705602995695	0.02878136390250726	0.02878136390250726	0.02878136390250726	0.014680320414293006	0.02878136390250726	0.014680320414293006	0.014680320414293006	0.02878136390250726	0.014680320414293006	0.019638982529074443	0.11285406376853142	0.11285406376853142	0.11285406376853142	0.05756272780501452	0.05756272780501452	0.06728438610452611	0.14163542767103868	0.0863440917075218
UP000000588	0.016613725976840455	0.016706935907514972	0.033320661884355424	0.033320661884355424	0.033320661884355424	0.033134762052006585	0.033320661884355424	0.033134762052006585	0.033134762052006585	0.033320661884355424	0.033134762052006585	0.04965579812717272	0.0670152093845684	0.0670152093845684	0.0670152093845684	0.06664132376871085	0.06664132376871085	0.08325504974555131	0.10033587126892382	0.09996198565306628
UP000002480	0.02094310263664246	0.009074504206590306	0.030017606843232764	0.030017606843232764	0.030017606843232764	0.06927781471164483	0.030017606843232764	0.06927781471164483	0.06927781471164483	0.030017606843232764	0.06927781471164483	0.11761252678664721	0.026012850559601633	0.026012850559601633	0.026012850559601633	0.06003521368646553	0.06003521368646553	0.08097831632310798	0.0560304574028344	0.09005282052969829
UP000001983	0.011896226058405832	0.018890190738830963	0.030786416797236798	0.030786416797236798	0.030786416797236798	0.01938795530504509	0.030786416797236798	0.01938795530504509	0.01938795530504509	0.030786416797236798	0.01938795530504509	0.026879684551684345	0.09777239985348518	0.09777239985348518	0.09777239985348518	0.061572833594473596	0.061572833594473596	0.07346905965287943	0.12855881665072197	0.09235925039171038
UP000001116	0.0071646064464986545	0.018493388958456928	0.02565799540495558	0.02565799540495558	0.02565799540495558	0.009940278642034044	0.02565799540495558	0.009940278642034044	0.009940278642034044	0.02565799540495558	0.009940278642034044	0.012715950837569434	0.13245760041712662	0.13245760041712662	0.13245760041712662	0.05131599080991116	0.05131599080991116	0.05848059725640981	0.15811559582208218	0.07697398621486673
UP000002145	0.01939826482117068	0.013795479756558812	0.033193744577729487	0.033193744577729487	0.033193744577729487	0.04667478471844836	0.033193744577729487	0.04667478471844836	0.04667478471844836	0.033193744577729487	0.04667478471844836	0.07395130461572605	0.047212844611409475	0.047212844611409475	0.047212844611409475	0.06638748915545897	0.06638748915545897	0.08578575397662966	0.08040658918913896	0.09958123373318847
UP000000423	0.02080224209972618	0.007892115360541534	0.028694357460267713	0.028694357460267713	0.028694357460267713	0.07563333067442833	0.028694357460267713	0.07563333067442833	0.07563333067442833	0.028694357460267713	0.07563333067442833	0.1304644192491305	0.02177257414728668	0.02177257414728668	0.02177257414728668	0.057388714920535426	0.057388714920535426	0.0781909570202616	0.050466931607554395	0.08608307238080315
UP000009072	0.020785225180872727	0.007817517461764335	0.028602742642637062	0.028602742642637062	0.028602742642637062	0.07604900782448473	0.028602742642637062	0.07604900782448473	0.07604900782448473	0.028602742642637062	0.07604900782448473	0.13131279046809674	0.021515517692724657	0.021515517692724657	0.021515517692724657	0.057205485285274124	0.057205485285274124	0.07799071046614686	0.05011826033536172	0.0858082279279112
UP000000774	0.019677216869915224	0.013360238367745253	0.03303745523766048	0.03303745523766048	0.03303745523766048	0.04865820157153932	0.03303745523766048	0.04865820157153932	0.04865820157153932	0.03303745523766048	0.04865820157153932	0.0776391862731634	0.04486287669204913	0.04486287669204913	0.04486287669204913	0.06607491047532096	0.06607491047532096	0.08575212734523618	0.0779003319297096	0.09911236571298143
UP000001422	0.011686232794437494	0.018929702865547633	0.030615935659985133	0.030615935659985133	0.030615935659985133	0.01890071671401039	0.030615935659985133	0.01890071671401039	0.01890071671401039	0.030615935659985133	0.01890071671401039	0.026115200633583288	0.09918518228904383	0.09918518228904383	0.09918518228904383	0.061231871319970266	0.061231871319970266	0.07291810411440776	0.129801117949029	0.09184780697995538
UP000006697	0.014697439815163091	0.01790623600493264	0.03260367582009573	0.03260367582009573	0.03260367582009573	0.026761099484388696	0.03260367582009573	0.026761099484388696	0.026761099484388696	0.03260367582009573	0.026761099484388696	0.038824759153614295	0.07944364749303402	0.07944364749303402	0.07944364749303402	0.06520735164019147	0.06520735164019147	0.07990479145535455	0.11204732331312976	0.0978110274602872
UP000001006	0.01624870377706923	0.016973226180874944	0.03322192995794418	0.03322192995794418	0.03322192995794418	0.03180381225329022	0.03322192995794418	0.03180381225329022	0.03180381225329022	0.03322192995794418	0.03180381225329022	0.04735892072951122	0.06940656178828795	0.06940656178828795	0.06940656178828795	0.06644385991588836	0.06644385991588836	0.08269256369295759	0.10262849174623213	0.09966578987383252
UP000028341	0.008647971532837148	0.018933898425969584	0.027581869958806734	0.027581869958806734	0.027581869958806734	0.012597892988536093	0.027581869958806734	0.012597892988536093	0.012597892988536093	0.027581869958806734	0.012597892988536093	0.01654781444423504	0.12077568068196894	0.12077568068196894	0.12077568068196894	0.05516373991761347	0.05516373991761347	0.06381171145045061	0.14835755064077566	0.08274560987642018
UP000005954	0.011304021330030015	0.018989240592465505	0.03029326192249552	0.03029326192249552	0.03029326192249552	0.018033142360834902	0.03029326192249552	0.018033142360834902	0.018033142360834902	0.03029326192249552	0.018033142360834902	0.024762263391639786	0.10177723876876554	0.10177723876876554	0.10177723876876554	0.06058652384499104	0.06058652384499104	0.07189054517502105	0.13207050069126108	0.09087978576748657
UP000001822	0.019675621802366625	0.013362864692593296	0.03303848649495992	0.03303848649495992	0.03303848649495992	0.04864621322984261	0.03303848649495992	0.04864621322984261	0.04864621322984261	0.03303848649495992	0.04864621322984261	0.0776168046573186	0.04487673417539639	0.04487673417539639	0.04487673417539639	0.06607697298991984	0.06607697298991984	0.08575259479228646	0.07791522067035633	0.09911545948487976
UP000008320	0.02090206483570308	0.009951469837798564	0.030853534673501645	0.030853534673501645	0.030853534673501645	0.06480475675127083	0.030853534673501645	0.06480475675127083	0.06480475675127083	0.030853534673501645	0.06480475675127083	0.10870744866683857	0.029378726179087173	0.029378726179087173	0.029378726179087173	0.06170706934700329	0.06170706934700329	0.08260913418270638	0.06023226085258882	0.09256060402050492
UP000061018	0.007962133272340945	0.018771643365953408	0.026733776638294356	0.026733776638294356	0.026733776638294356	0.01133933179516718	0.026733776638294356	0.01133933179516718	0.01133933179516718	0.026733776638294356	0.01133933179516718	0.014716530317993413	0.1260558957540718	0.1260558957540718	0.1260558957540718	0.05346755327658871	0.05346755327658871	0.06142968654892965	0.15278967239236618	0.08020132991488306
UP000001025	0.014217160417629528	0.018136185560298848	0.032353345977928376	0.032353345977928376	0.032353345977928376	0.02536215282347924	0.032353345977928376	0.02536215282347924	0.02536215282347924	0.032353345977928376	0.02536215282347924	0.03650714522932895	0.08254338685306765	0.08254338685306765	0.08254338685306765	0.06470669195585675	0.06470669195585675	0.07892385237348629	0.11489673283099601	0.09706003793378512
UP000007065	0.020906230684748832	0.009913802555998684	0.030820033240747516	0.030820033240747516	0.030820033240747516	0.06499329808145315	0.030820033240747516	0.06499329808145315	0.06499329808145315	0.030820033240747516	0.06499329808145315	0.1090803654781575	0.029229919914830205	0.029229919914830205	0.029229919914830205	0.06164006648149503	0.06164006648149503	0.08254629716624387	0.06004995315557772	0.09246009972224256
UP000002484	0.0061528838397312	0.017982183156756634	0.024135066996487837	0.024135066996487837	0.024135066996487837	0.008258188808277278	0.024135066996487837	0.008258188808277278	0.008258188808277278	0.024135066996487837	0.008258188808277278	0.010363493776823359	0.14107244880163272	0.14107244880163272	0.14107244880163272	0.048270133992975674	0.048270133992975674	0.054423017832706866	0.16520751579812057	0.0724052009894635
UP000002709	0.013291092645089406	0.018506957628381063	0.03179805027347047	0.03179805027347047	0.03179805027347047	0.022836321377306634	0.03179805027347047	0.022836321377306634	0.022836321377306634	0.03179805027347047	0.022836321377306634	0.032381550109523864	0.08855331684015814	0.08855331684015814	0.08855331684015814	0.06359610054694094	0.06359610054694094	0.07688719319203034	0.12035136711362862	0.09539415082041142
UP000001652	0.01774897061856854	0.015740299292617665	0.033489269911186205	0.033489269911186205	0.033489269911186205	0.037762945712838766	0.033489269911186205	0.037762945712838766	0.037762945712838766	0.033489269911186205	0.037762945712838766	0.057776920807108986	0.059398501785997065	0.059398501785997065	0.059398501785997065	0.06697853982237241	0.06697853982237241	0.08472751044094096	0.09288777169718328	0.10046780973355862
UP000006821	0.011067646359269904	0.019017980841095142	0.030085627200365044	0.030085627200365044	0.030085627200365044	0.017508540214266902	0.030085627200365044	0.017508540214266902	0.017508540214266902	0.030085627200365044	0.017508540214266902	0.023949434069263902	0.10339468087713947	0.10339468087713947	0.10339468087713947	0.06017125440073009	0.06017125440073009	0.07123890075999999	0.13348030807750455	0.09025688160109513
UP000002171	0.01654211261930937	0.01676073084775839	0.03330284346706776	0.03330284346706776	0.03330284346706776	0.032868458552279926	0.03330284346706776	0.032868458552279926	0.032868458552279926	0.03330284346706776	0.032868458552279926	0.04919480448525048	0.0674859383033091	0.0674859383033091	0.0674859383033091	0.06660568693413552	0.06660568693413552	0.0831477995534449	0.10078878177037685	0.09990853040120329
UP000009134	0.010208822405122208	0.019069122794084573	0.02927794519920678	0.02927794519920678	0.02927794519920678	0.015674205161567367	0.02927794519920678	0.015674205161567367	0.015674205161567367	0.02927794519920678	0.015674205161567367	0.02113958791801253	0.10937691146082183	0.10937691146082183	0.10937691146082183	0.05855589039841356	0.05855589039841356	0.06876471280353577	0.1386548566600286	0.08783383559762034
UP000007073	0.012751853671545322	0.018679925530821026	0.03143177920236635	0.03143177920236635	0.03143177920236635	0.021456908292464726	0.03143177920236635	0.021456908292464726	0.021456908292464726	0.03143177920236635	0.021456908292464726	0.03016196291338413	0.0920875207518375	0.0920875207518375	0.0920875207518375	0.0628635584047327	0.0628635584047327	0.07561541207627802	0.12351929995420384	0.09429533760709904
UP000000245	0.009004815243404901	0.01899238437037255	0.02799719961377745	0.02799719961377745	0.02799719961377745	0.013274247452998853	0.02799719961377745	0.013274247452998853	0.013274247452998853	0.02799719961377745	0.013274247452998853	0.017543679662592803	0.11809983036539193	0.11809983036539193	0.11809983036539193	0.0559943992275549	0.0559943992275549	0.0649992144709598	0.14609702997916935	0.08399159884133234
