Proteome_ID	M	W	C	D	E	F	H	K	N	Q	Y	I	A	G	P	T	V	L	R	S
UP000000242	0.01694725262196133	0.03166151353840989	0.03166151353840989	0.03166151353840989	0.04989469804478431	0.036466369012748835	0.03166151353840989	0.036466369012748835	0.036466369012748835	0.03166151353840989	0.036466369012748835	0.055985485403536345	0.054979503947456376	0.054979503947456376	0.054979503947456376	0.06332302707681978	0.06332302707681978	0.09978939608956862	0.08664101748586626	0.09498454061522967
UP000000254	0.018923191714139847	0.029527592040418212	0.029527592040418212	0.029527592040418212	0.055873083904447084	0.05269098372805775	0.029527592040418212	0.05269098372805775	0.05269098372805775	0.029527592040418212	0.05269098372805775	0.08645877574197565	0.0330940373482189	0.0330940373482189	0.0330940373482189	0.059055184080836425	0.059055184080836425	0.11174616780889417	0.0626216293886371	0.08858277612125462
UP000000262	0.01361818687544998	0.03113281073240012	0.03113281073240012	0.03113281073240012	0.043236194680996855	0.024206767897193476	0.03113281073240012	0.024206767897193476	0.024206767897193476	0.03113281073240012	0.024206767897193476	0.03479534891893697	0.08008106726316179	0.08008106726316179	0.08008106726316179	0.06226562146480024	0.06226562146480024	0.08647238936199371	0.1112138779955619	0.09339843219720036
UP000000346	0.013228300812886012	0.03094578596372734	0.03094578596372734	0.03094578596372734	0.04249822024359838	0.02310486855974208	0.03094578596372734	0.02310486855974208	0.02310486855974208	0.03094578596372734	0.02310486855974208	0.032981436306598146	0.08289522759557424	0.08289522759557424	0.08289522759557424	0.06189157192745468	0.06189157192745468	0.08499644048719676	0.11384101355930158	0.09283735789118203
UP000000365	0.015590589378694383	0.03171991662269634	0.03171991662269634	0.03171991662269634	0.04705013429729847	0.030660435349204263	0.03171991662269634	0.030660435349204263	0.030660435349204263	0.03171991662269634	0.030660435349204263	0.045730281319714135	0.06563201722945665	0.06563201722945665	0.06563201722945665	0.06343983324539268	0.06343983324539268	0.09410026859459694	0.09735193385215299	0.09515974986808903
UP000000391	0.01881240375918304	0.02991133241186617	0.02991133241186617	0.02991133241186617	0.0552608089206251	0.05069895301751786	0.02991133241186617	0.05069895301751786	0.05069895301751786	0.02991133241186617	0.05069895301751786	0.08258550227585267	0.035294133444689346	0.035294133444689346	0.035294133444689346	0.05982266482373234	0.05982266482373234	0.1105216178412502	0.06520546585655551	0.08973399723559851
UP000000536	0.015057007525079543	0.031626552613163675	0.031626552613163675	0.031626552613163675	0.045996326742665454	0.02873954825900357	0.031626552613163675	0.02873954825900357	0.02873954825900357	0.031626552613163675	0.02873954825900357	0.0424220889929276	0.0696071365617136	0.0696071365617136	0.0696071365617136	0.06325310522632735	0.06325310522632735	0.09199265348533091	0.10123368917487728	0.09487965783949102
UP000000554	0.009330669535476099	0.027978808151893606	0.027978808151893606	0.027978808151893606	0.03497846152834294	0.013999306752898668	0.027978808151893606	0.013999306752898668	0.013999306752898668	0.027978808151893606	0.013999306752898668	0.018667943970321236	0.11183606723074059	0.11183606723074059	0.11183606723074059	0.05595761630378721	0.05595761630378721	0.06995692305668588	0.13981487538263418	0.08393642445568082
UP000000578	0.019018841116961085	0.027601336961310372	0.027601336961310372	0.027601336961310372	0.058183667078515806	0.06116466023441088	0.027601336961310372	0.06116466023441088	0.06116466023441088	0.027601336961310372	0.06116466023441088	0.10331047935186066	0.02491091421523813	0.02491091421523813	0.02491091421523813	0.055202673922620744	0.055202673922620744	0.11636733415703161	0.0525122511765485	0.08280401088393112
UP000000590	0.019039223620547562	0.028728565227757043	0.028728565227757043	0.028728565227757043	0.056953887434467845	0.056450644413421604	0.028728565227757043	0.056450644413421604	0.056450644413421604	0.028728565227757043	0.056450644413421604	0.09386206520629564	0.029240780813806332	0.029240780813806332	0.029240780813806332	0.05745713045551409	0.05745713045551409	0.11390777486893569	0.05796934604156337	0.08618569568327114
UP000000641	0.013028065762784933	0.03084159769290405	0.03084159769290405	0.03084159769290405	0.0421197194193747	0.02255624345294129	0.03084159769290405	0.02255624345294129	0.02255624345294129	0.03084159769290405	0.02255624345294129	0.032084421143097654	0.0843406527541189	0.0843406527541189	0.0843406527541189	0.0616831953858081	0.0616831953858081	0.0842394388387494	0.11518225044702293	0.09252479307871214
UP000000663	0.0137820169315116	0.03120499928803258	0.03120499928803258	0.03120499928803258	0.043546968640211514	0.024683938704357866	0.03120499928803258	0.024683938704357866	0.024683938704357866	0.03120499928803258	0.024683938704357866	0.035585860477204134	0.0788976177771987	0.0788976177771987	0.0788976177771987	0.06240999857606516	0.06240999857606516	0.08709393728042303	0.11010261706523128	0.09361499786409776
UP000000674	0.014246589299513354	0.03138828737584278	0.03138828737584278	0.03138828737584278	0.04443180374941102	0.02608703274713646	0.03138828737584278	0.02608703274713646	0.02608703274713646	0.03138828737584278	0.02608703274713646	0.03792747619475956	0.07553366409574798	0.07553366409574798	0.07553366409574798	0.06277657475168556	0.06277657475168556	0.08886360749882204	0.10692195147159077	0.09416486212752835
UP000000740	0.010095706937959973	0.02871732083437175	0.02871732083437175	0.02871732083437175	0.03650186778073107	0.015569093892718648	0.02871732083437175	0.015569093892718648	0.015569093892718648	0.02871732083437175	0.015569093892718648	0.021042480847477327	0.10593866561366555	0.10593866561366555	0.10593866561366555	0.0574346416687435	0.0574346416687435	0.07300373556146214	0.1346559864480373	0.08615196250311526
UP000000758	0.013341786627240887	0.03100240433082435	0.03100240433082435	0.03100240433082435	0.04271285156589981	0.023420894470150912	0.03100240433082435	0.023420894470150912	0.023420894470150912	0.03100240433082435	0.023420894470150912	0.03350000231306093	0.08207620554516964	0.08207620554516964	0.08207620554516964	0.0620048086616487	0.0620048086616487	0.08542570313179962	0.11307860987599401	0.09300721299247305
UP000000792	0.01901985638805318	0.028951933323612403	0.028951933323612403	0.028951933323612403	0.05667330608101112	0.05544274551479743	0.028951933323612403	0.05544274551479743	0.05544274551479743	0.028951933323612403	0.05544274551479743	0.09186563464154168	0.030237118865305206	0.030237118865305206	0.030237118865305206	0.05790386664722481	0.05790386664722481	0.11334661216202224	0.05918905218891761	0.08685579997083721
UP000000805	0.019037094855118616	0.027833733961626684	0.027833733961626684	0.027833733961626684	0.05795168169052716	0.06023589545780096	0.027833733961626684	0.06023589545780096	0.06023589545780096	0.027833733961626684	0.06023589545780096	0.1014346960604833	0.025722760170116456	0.025722760170116456	0.025722760170116456	0.05566746792325337	0.05566746792325337	0.11590336338105432	0.05355649413174314	0.08350120188488004
UP000001013	0.01826538585633719	0.03087796375896573	0.03087796375896573	0.03087796375896573	0.05323651436097883	0.0447171012040262	0.03087796375896573	0.0447171012040262	0.0447171012040262	0.03087796375896573	0.0447171012040262	0.07116881655171522	0.04264358020658795	0.04264358020658795	0.04264358020658795	0.06175592751793146	0.06175592751793146	0.10647302872195766	0.07352154396555367	0.09263389127689718
UP000001015	0.01904901971633953	0.028533956588347443	0.028533956588347443	0.028533956588347443	0.0571869623474433	0.0573060115181917	0.028533956588347443	0.0573060115181917	0.0573060115181917	0.028533956588347443	0.0573060115181917	0.09556300332004386	0.028415402050000784	0.028415402050000784	0.028415402050000784	0.057067913176694886	0.057067913176694886	0.1143739246948866	0.05694935863834823	0.08560186976504235
UP000001018	0.01882201505387728	0.029883279899366424	0.029883279899366424	0.029883279899366424	0.05530819974270964	0.050849839686686424	0.029883279899366424	0.050849839686686424	0.050849839686686424	0.029883279899366424	0.050849839686686424	0.08287766431949557	0.03512343098999726	0.03512343098999726	0.03512343098999726	0.05976655979873285	0.05976655979873285	0.11061639948541928	0.06500671088936369	0.08964983969809927
UP000001024	0.016883437836755145	0.03167631291465125	0.03167631291465125	0.03167631291465125	0.049752753673325614	0.03615288151734871	0.03167631291465125	0.03615288151734871	0.03615288151734871	0.03167631291465125	0.03615288151734871	0.055422325197942275	0.05550809549636614	0.05550809549636614	0.05550809549636614	0.0633526258293025	0.0633526258293025	0.09950550734665123	0.0871844084110174	0.09502893874395375
UP000001059	0.017822126449386192	0.03127476209800109	0.03127476209800109	0.03127476209800109	0.05199125139214304	0.0414329785882839	0.03127476209800109	0.0414329785882839	0.0414329785882839	0.03127476209800109	0.0414329785882839	0.06504383072718162	0.04721411675496332	0.04721411675496332	0.04721411675496332	0.06254952419600218	0.06254952419600218	0.10398250278428608	0.07848887885296442	0.09382428629400327
UP000001137	0.017696822410093658	0.031356104599466264	0.031356104599466264	0.031356104599466264	0.05166842434203698	0.040624639485141424	0.031356104599466264	0.040624639485141424	0.040624639485141424	0.031356104599466264	0.040624639485141424	0.0635524565601892	0.048404382567494755	0.048404382567494755	0.048404382567494755	0.06271220919893253	0.06271220919893253	0.10333684868407396	0.07976048716696102	0.0940683137983988
UP000001169	0.011456328226180548	0.02984052704344734	0.02984052704344734	0.02984052704344734	0.03913826353036092	0.018595472973827153	0.02984052704344734	0.018595472973827153	0.018595472973827153	0.02984052704344734	0.018595472973827153	0.025734617721473757	0.0957713800002847	0.0957713800002847	0.0957713800002847	0.05968105408689468	0.05968105408689468	0.07827652706072184	0.12561190704373207	0.08952158113034203
UP000001304	0.0189313611379419	0.029492127343956356	0.029492127343956356	0.029492127343956356	0.05592610488796433	0.052867955088015964	0.029492127343956356	0.052867955088015964	0.052867955088015964	0.029492127343956356	0.052867955088015964	0.08680454903809004	0.03290407483414466	0.03290407483414466	0.03290407483414466	0.05898425468791271	0.05898425468791271	0.11185220977592866	0.06239620217810101	0.08847638203186906
UP000001400	0.018526816324022432	0.030521526870725905	0.030521526870725905	0.030521526870725905	0.05409303032889241	0.047143006916333	0.030521526870725905	0.047143006916333	0.047143006916333	0.030521526870725905	0.047143006916333	0.07575919750864356	0.039520754548972026	0.039520754548972026	0.039520754548972026	0.06104305374145181	0.06104305374145181	0.10818606065778481	0.07004228141969793	0.09156458061217772
UP000001686	0.016051855552092847	0.031753350741491625	0.031753350741491625	0.031753350741491625	0.047984295414248	0.03246188934551275	0.031753350741491625	0.03246188934551275	0.03246188934551275	0.031753350741491625	0.03246188934551275	0.04887192313893265	0.062120554511197114	0.062120554511197114	0.062120554511197114	0.06350670148298325	0.06350670148298325	0.095968590828496	0.09387390525268874	0.0952600522244749
UP000001746	0.009582823802849937	0.02823099653977506	0.02823099653977506	0.02823099653977506	0.035484593700097655	0.01450719432064519	0.02823099653977506	0.01450719432064519	0.01450719432064519	0.02823099653977506	0.01450719432064519	0.01943156483844044	0.10987502448969007	0.10987502448969007	0.10987502448969007	0.05646199307955012	0.05646199307955012	0.07096918740019531	0.13810602102946512	0.08469298961932518
UP000001826	0.011783349087262631	0.030075078253616067	0.030075078253616067	0.030075078253616067	0.03976211064585621	0.01937406478448029	0.030075078253616067	0.01937406478448029	0.01937406478448029	0.030075078253616067	0.01937406478448029	0.026964780481697946	0.09337331551463518	0.09337331551463518	0.09337331551463518	0.060150156507232135	0.060150156507232135	0.07952422129171242	0.12344839376825126	0.0902252347608482
UP000001879	0.011521676359115433	0.02988848906160594	0.02988848906160594	0.02988848906160594	0.0392631558426335	0.018749333562055114	0.02988848906160594	0.018749333562055114	0.018749333562055114	0.02988848906160594	0.018749333562055114	0.025976990764994795	0.09529104332472293	0.09529104332472293	0.09529104332472293	0.05977697812321188	0.05977697812321188	0.078526311685267	0.12517953238632887	0.08966546718481781
UP000001901	0.018058962336740536	0.03108735765857638	0.03108735765857638	0.03108735765857638	0.05263281307487337	0.043090910832594	0.03108735765857638	0.043090910832594	0.043090910832594	0.03108735765857638	0.043090910832594	0.06812285932844746	0.04485511155458073	0.04485511155458073	0.04485511155458073	0.06217471531715276	0.06217471531715276	0.10526562614974674	0.07594246921315713	0.09326207297572914
UP000001931	0.018867228793522206	0.026570409242708818	0.026570409242708818	0.026570409242708818	0.05910956586941347	0.06507831325340929	0.026570409242708818	0.06507831325340929	0.06507831325340929	0.026570409242708818	0.06507831325340929	0.11128939771329638	0.021696525679022312	0.021696525679022312	0.021696525679022312	0.053140818485417636	0.053140818485417636	0.11821913173882694	0.048266934921731126	0.07971122772812646
UP000001941	0.01710347310261657	0.03161886249419557	0.03161886249419557	0.03161886249419557	0.05024710420428509	0.03725648342017904	0.03161886249419557	0.03725648342017904	0.03725648342017904	0.03161886249419557	0.03725648342017904	0.0574094937377415	0.05366864361038201	0.05366864361038201	0.05366864361038201	0.06323772498839114	0.06323772498839114	0.10049420840857018	0.08528750610457757	0.09485658748258671
UP000001974	0.018894878629197264	0.029640899133050663	0.029640899133050663	0.029640899133050663	0.055699903551404376	0.05211800883670743	0.029640899133050663	0.05211800883670743	0.05211800883670743	0.029640899133050663	0.05211800883670743	0.0853411390442176	0.03371513689897091	0.03371513689897091	0.03371513689897091	0.059281798266101325	0.059281798266101325	0.11139980710280875	0.06335603603202157	0.08892269739915197
UP000001975	0.016325917822943566	0.03174944085720114	0.03174944085720114	0.03174944085720114	0.048552954594230535	0.033607027474058776	0.03174944085720114	0.033607027474058776	0.033607027474058776	0.03174944085720114	0.033607027474058776	0.050888137125173996	0.05998906005733519	0.05998906005733519	0.05998906005733519	0.06349888171440228	0.06349888171440228	0.09710590918846107	0.09173850091453634	0.09524832257160343
UP000002071	0.01074914624695558	0.029286564936847226	0.029286564936847226	0.029286564936847226	0.037777649236216106	0.016982168598737756	0.029286564936847226	0.016982168598737756	0.016982168598737756	0.029286564936847226	0.016982168598737756	0.02321519095051993	0.10101217412997779	0.10101217412997779	0.10101217412997779	0.05857312987369445	0.05857312987369445	0.07555529847243221	0.13029873906682501	0.08785969481054169
UP000002199	0.016269094862349832	0.031751833456484864	0.031751833456484864	0.031751833456484864	0.048434075665003684	0.033364484417037626	0.031751833456484864	0.033364484417037626	0.033364484417037626	0.031751833456484864	0.033364484417037626	0.05045987397172543	0.06043425789211496	0.06043425789211496	0.06043425789211496	0.06350366691296973	0.06350366691296973	0.09686815133000737	0.09218609134859984	0.0952555003694546
UP000002315	0.019031106417961654	0.027747806635122687	0.027747806635122687	0.027747806635122687	0.0580385960268698	0.06058157878349422	0.027747806635122687	0.06058157878349422	0.06058157878349422	0.027747806635122687	0.06058157878349422	0.10213205114902678	0.02541831324045762	0.02541831324045762	0.02541831324045762	0.055495613270245374	0.055495613270245374	0.1160771920537396	0.053166119875580314	0.08324341990536807
UP000002376	0.016872542308257348	0.0316786945438388	0.0316786945438388	0.0316786945438388	0.04972862762087402	0.036099866154070445	0.0316786945438388	0.036099866154070445	0.036099866154070445	0.0316786945438388	0.036099866154070445	0.055327189999883536	0.05559797278576271	0.05559797278576271	0.05559797278576271	0.0633573890876776	0.0633573890876776	0.09945725524174805	0.08727666732960151	0.09503608363151642
UP000002408	0.014042311108360668	0.031311665700729074	0.031311665700729074	0.031311665700729074	0.04404196632484529	0.025460601248232437	0.031311665700729074	0.025460601248232437	0.025460601248232437	0.031311665700729074	0.025460601248232437	0.036878891388104205	0.07701470985664785	0.07701470985664785	0.07701470985664785	0.06262333140145815	0.06262333140145815	0.08808393264969058	0.10832637555737692	0.09393499710218722
UP000002439	0.015367203995192511	0.031687509155760664	0.031687509155760664	0.031687509155760664	0.04660599298633975	0.029836967661158155	0.031687509155760664	0.029836967661158155	0.029836967661158155	0.031687509155760664	0.029836967661158155	0.044306731327123795	0.0673056490122858	0.0673056490122858	0.0673056490122858	0.06337501831152133	0.06337501831152133	0.0932119859726795	0.09899315816804646	0.09506252746728201
UP000002457	0.013705110221651004	0.03117159139446939	0.03117159139446939	0.03117159139446939	0.04340101790627023	0.024458853023601686	0.03117159139446939	0.024458853023601686	0.024458853023601686	0.03117159139446939	0.024458853023601686	0.03521259582555237	0.0794532850028693	0.0794532850028693	0.0794532850028693	0.06234318278893878	0.06234318278893878	0.08680203581254047	0.1106248763973387	0.09351477418340817
UP000002487	0.017507923751897064	0.03145965758242953	0.03145965758242953	0.03145965758242953	0.051198899059664106	0.03947848295446917	0.03145965758242953	0.03947848295446917	0.03947848295446917	0.03145965758242953	0.03947848295446917	0.06144904215704127	0.050139214130652164	0.050139214130652164	0.050139214130652164	0.06291931516485906	0.06291931516485906	0.10239779811932821	0.08159887171308168	0.09437897274728857
UP000002518	0.01349464980814431	0.03107584940046067	0.03107584940046067	0.03107584940046067	0.043002160314225706	0.02385262182753007	0.03107584940046067	0.02385262182753007	0.02385262182753007	0.03107584940046067	0.02385262182753007	0.034210593846915834	0.08097293647153844	0.08097293647153844	0.08097293647153844	0.06215169880092134	0.06215169880092134	0.08600432062845141	0.11204878587199911	0.093227548201382
UP000002593	0.014577241063423178	0.03149857031599486	0.03149857031599486	0.03149857031599486	0.045066128921937704	0.02713511721188569	0.03149857031599486	0.02713511721188569	0.02713511721188569	0.03149857031599486	0.02713511721188569	0.039692993360348205	0.07312737396373492	0.07312737396373492	0.07312737396373492	0.06299714063198972	0.06299714063198972	0.09013225784387541	0.10462594427972978	0.09449571094798458
UP000002613	0.01754774246558335	0.03143957340783215	0.03143957340783215	0.03143957340783215	0.05129633453895823	0.039713522262252166	0.03143957340783215	0.039713522262252166	0.039713522262252166	0.03143957340783215	0.039713522262252166	0.061879302058921	0.049778852126948624	0.049778852126948624	0.049778852126948624	0.0628791468156643	0.0628791468156643	0.10259266907791646	0.08121842553478079	0.09431872022349645
UP000002654	0.014088045189430682	0.03132936917611313	0.03132936917611313	0.03132936917611313	0.04412912774019907	0.025599517128171906	0.03132936917611313	0.025599517128171906	0.025599517128171906	0.03132936917611313	0.025599517128171906	0.03711098906691314	0.0766834286802252	0.0766834286802252	0.0766834286802252	0.06265873835222625	0.06265873835222625	0.08825825548039815	0.10801279785633833	0.09398810752833936
UP000002698	0.01062768608047028	0.029184957477548963	0.029184957477548963	0.029184957477548963	0.03754202031578743	0.016714125676476954	0.029184957477548963	0.016714125676476954	0.016714125676476954	0.029184957477548963	0.016714125676476954	0.022800565272483624	0.10192118444640984	0.10192118444640984	0.10192118444640984	0.058369914955097926	0.058369914955097926	0.07508404063157487	0.13110614192395878	0.08755487243264687
UP000005223	0.015919682128974093	0.031748656339285274	0.031748656339285274	0.031748656339285274	0.04771395232840306	0.03193059197823556	0.031748656339285274	0.03193059197823556	0.03193059197823556	0.031748656339285274	0.03193059197823556	0.047941501827497034	0.06313551468366721	0.06313551468366721	0.06313551468366721	0.06349731267857055	0.06349731267857055	0.09542790465680612	0.09488417102295248	0.09524596901785583
UP000005877	0.011392652125630323	0.029793267765729724	0.029793267765729724	0.029793267765729724	0.039016446543537205	0.018446357555614946	0.029793267765729724	0.018446357555614946	0.018446357555614946	0.029793267765729724	0.018446357555614946	0.02550006298559957	0.0962400085203031	0.0962400085203031	0.0962400085203031	0.05958653553145945	0.05958653553145945	0.07803289308707441	0.12603327628603284	0.08937980329718918
UP000006565	0.016494505096642444	0.031737164881741615	0.031737164881741615	0.031737164881741615	0.04890899825188013	0.03434366674027702	0.031737164881741615	0.03434366674027702	0.03434366674027702	0.031737164881741615	0.03434366674027702	0.052192828383911614	0.0586569653350141	0.0586569653350141	0.0586569653350141	0.06347432976348323	0.06347432976348323	0.09781799650376026	0.0903941302167557	0.09521149464522484
UP000006622	0.01841547055745275	0.03068894469867484	0.03068894469867484	0.03068894469867484	0.05371222853155498	0.046046567665760284	0.03068894469867484	0.046046567665760284	0.046046567665760284	0.03068894469867484	0.046046567665760284	0.07367766477406783	0.040906906832000114	0.040906906832000114	0.040906906832000114	0.06137788939734968	0.06137788939734968	0.10742445706310996	0.07159585153067494	0.09206683409602452
UP000006663	0.011883165300231544	0.030143946702663404	0.030143946702663404	0.030143946702663404	0.03995200183390263	0.019616110262478427	0.030143946702663404	0.019616110262478427	0.019616110262478427	0.030143946702663404	0.019616110262478427	0.02734905522472531	0.09264400644719932	0.09264400644719932	0.09264400644719932	0.06028789340532681	0.06028789340532681	0.07990400366780526	0.12278795314986274	0.09043184010799023
UP000006681	0.017178553443129446	0.03159491295669802	0.03159491295669802	0.03159491295669802	0.05041918340607267	0.03764854089874929	0.03159491295669802	0.03764854089874929	0.03764854089874929	0.03159491295669802	0.03764854089874929	0.05811852835436913	0.053029333988053	0.053029333988053	0.053029333988053	0.06318982591339604	0.06318982591339604	0.10083836681214534	0.08462424694475103	0.09478473887009407
UP000006794	0.009747358545752302	0.028390865577945047	0.028390865577945047	0.028390865577945047	0.03581264372662256	0.014843556297355037	0.028390865577945047	0.014843556297355037	0.014843556297355037	0.028390865577945047	0.014843556297355037	0.01993975404895777	0.10860486963067913	0.10860486963067913	0.10860486963067913	0.056781731155890094	0.056781731155890094	0.07162528745324512	0.13699573520862418	0.08517259673383515
UP000007478	0.018107574553857156	0.031042445613160136	0.031042445613160136	0.031042445613160136	0.05277066368728152	0.04345643614824275	0.031042445613160136	0.04345643614824275	0.04345643614824275	0.031042445613160136	0.04345643614824275	0.06880529774262836	0.0443493997694043	0.0443493997694043	0.0443493997694043	0.06208489122632027	0.06208489122632027	0.10554132737456304	0.07539184538256444	0.09312733683948042
UP000007490	0.01879461246265583	0.029961351922436697	0.029961351922436697	0.029961351922436697	0.05517515762944727	0.05042761141402114	0.029961351922436697	0.05042761141402114	0.05042761141402114	0.029961351922436697	0.05042761141402114	0.08206061036538645	0.03560282090896357	0.03560282090896357	0.03560282090896357	0.059922703844873394	0.059922703844873394	0.11035031525889454	0.06556417283140029	0.0898840557673101
UP000007722	0.01901855798124504	0.027598278193325266	0.027598278193325266	0.027598278193325266	0.05818665642874009	0.061176756470829645	0.027598278193325266	0.061176756470829645	0.061176756470829645	0.027598278193325266	0.061176756470829645	0.10333495496041425	0.02490046884389337	0.02490046884389337	0.02490046884389337	0.05519655638665053	0.05519655638665053	0.11637331285748018	0.05249874703721863	0.08279483457997579
UP000007807	0.015238678615645655	0.03166443565769897	0.03166443565769897	0.03166443565769897	0.04635246974033223	0.029376068165266535	0.03166443565769897	0.029376068165266535	0.029376068165266535	0.03166443565769897	0.029376068165266535	0.04351345771488742	0.0682621295593294	0.0682621295593294	0.0682621295593294	0.06332887131539794	0.06332887131539794	0.09270493948066447	0.09992656521702836	0.09499330697309691
UP000008243	0.009517419144451474	0.02816642271461151	0.02816642271461151	0.02816642271461151	0.03535371424378719	0.014374583058351358	0.02816642271461151	0.014374583058351358	0.014374583058351358	0.02816642271461151	0.014374583058351358	0.019231746972251246	0.11038196590714516	0.11038196590714516	0.11038196590714516	0.05633284542922302	0.05633284542922302	0.07070742848757439	0.1385483886217567	0.08449926814383453
UP000008680	0.01893608409255544	0.029470964353996914	0.029470964353996914	0.029470964353996914	0.05595748557904357	0.05297304245009331	0.029470964353996914	0.05297304245009331	0.05297304245009331	0.029470964353996914	0.05297304245009331	0.08701000080763119	0.03279168799008737	0.03279168799008737	0.03279168799008737	0.05894192870799383	0.05894192870799383	0.11191497115808714	0.062262652344084284	0.08841289306199075
UP000009079	0.01838147647915114	0.03073505195051126	0.03073505195051126	0.03073505195051126	0.05360112970361095	0.04573215550619937	0.03073505195051126	0.04573215550619937	0.04573215550619937	0.03073505195051126	0.04573215550619937	0.0730828345332476	0.04131200062383116	0.04131200062383116	0.04131200062383116	0.06147010390102252	0.06147010390102252	0.1072022594072219	0.07204705257434242	0.09220515585153378
UP000009227	0.019050495577797297	0.02848561451151666	0.02848561451151666	0.02848561451151666	0.05724333749808668	0.05751544597314004	0.02848561451151666	0.05751544597314004	0.05751544597314004	0.02848561451151666	0.05751544597314004	0.09598039636848278	0.02821608075429581	0.02821608075429581	0.02821608075429581	0.05697122902303332	0.05697122902303332	0.11448667499617336	0.056701695265812466	0.08545684353454998
UP000011511	0.010052159626678304	0.028677394819770434	0.028677394819770434	0.028677394819770434	0.03641608234282854	0.01547737504611623	0.028677394819770434	0.01547737504611623	0.01547737504611623	0.028677394819770434	0.01547737504611623	0.020902590465554156	0.10627034250945037	0.10627034250945037	0.10627034250945037	0.05735478963954087	0.05735478963954087	0.07283216468565708	0.1349477373292208	0.0860321844593113
UP000011554	0.010906827542106043	0.02941563597859355	0.02941563597859355	0.02941563597859355	0.03808262471967901	0.017333977482170918	0.02941563597859355	0.017333977482170918	0.017333977482170918	0.02941563597859355	0.017333977482170918	0.0237611274222358	0.09983624830655533	0.09983624830655533	0.09983624830655533	0.0588312719571871	0.0588312719571871	0.07616524943935803	0.1292518842851489	0.08824690793578066
UP000012076	0.012613966651205798	0.03060906548639171	0.03060906548639171	0.03060906548639171	0.041337034663059206	0.021455938353335	0.03060906548639171	0.021455938353335	0.021455938353335	0.03060906548639171	0.021455938353335	0.030297910055464207	0.08733385364193003	0.08733385364193003	0.08733385364193003	0.06121813097278342	0.06121813097278342	0.08267406932611841	0.11794291912832175	0.09182719645917513
UP000012672	0.013634452104301593	0.031140149418688076	0.031140149418688076	0.031140149418688076	0.04326702640464428	0.024253753971912415	0.031140149418688076	0.024253753971912415	0.024253753971912415	0.031140149418688076	0.024253753971912415	0.034873055839523236	0.07996361362791192	0.07996361362791192	0.07996361362791192	0.06228029883737615	0.06228029883737615	0.08653405280928857	0.1111037630466	0.09342044825606423
UP000014070	0.018046743397262362	0.03109826581666591	0.03109826581666591	0.03109826581666591	0.052598532423834374	0.04300053321433694	0.03109826581666591	0.04300053321433694	0.04300053321433694	0.03109826581666591	0.04300053321433694	0.06795432303141151	0.044980936956454616	0.044980936956454616	0.044980936956454616	0.06219653163333182	0.06219653163333182	0.10519706484766875	0.07607920277312051	0.09329479744999772
UP000053352	0.010739985741598027	0.029278968130690718	0.029278968130690718	0.029278968130690718	0.03775990019191673	0.01696186412245203	0.029278968130690718	0.01696186412245203	0.01696186412245203	0.029278968130690718	0.01696186412245203	0.023183742503306033	0.10108063224763957	0.10108063224763957	0.10108063224763957	0.058557936261381435	0.058557936261381435	0.07551980038383346	0.13035960037833028	0.08783690439207216
UP000058290	0.01418078121124771	0.03136429719194192	0.03136429719194192	0.03136429719194192	0.044306067573020545	0.02588354076215726	0.03136429719194192	0.02588354076215726	0.02588354076215726	0.03136429719194192	0.02588354076215726	0.03758630031306682	0.07601117230318745	0.07601117230318745	0.07601117230318745	0.06272859438388384	0.06272859438388384	0.08861213514604109	0.10737546949512938	0.09409289157582577
UP000192315	0.018834404314961254	0.02984596036896994	0.02984596036896994	0.02984596036896994	0.055370549355321694	0.051049177972703495	0.02984596036896994	0.051049177972703495	0.051049177972703495	0.02984596036896994	0.051049177972703495	0.08326395163044574	0.03489894982530116	0.03489894982530116	0.03489894982530116	0.05969192073793988	0.05969192073793988	0.11074109871064339	0.06474491019427112	0.08953788110690984
UP000198397	0.010714573728816854	0.029257837281788865	0.029257837281788865	0.029257837281788865	0.03771064424874829	0.01690561393391886	0.029257837281788865	0.01690561393391886	0.01690561393391886	0.029257837281788865	0.01690561393391886	0.023096654139020865	0.10127062474674667	0.10127062474674667	0.10127062474674667	0.05851567456357773	0.05851567456357773	0.07542128849749657	0.13052846202853552	0.0877735118453666
