	AAA	AAC	AAG	AAT	ACA	ACC	ACG	ACT	AGA	AGC	AGG	AGT	ATA	ATC	ATG	ATT	CAA	CAC	CAG	CAT	CCA	CCC	CCG	CCT	CGA	CGC	CGG	CGT	CTA	CTC	CTG	CTT	GAA	GAC	GAG	GAT	GCA	GCC	GCG	GCT	GGA	GGC	GGG	GGT	GTA	GTC	GTG	GTT	TAA	TAC	TAG	TAT	TCA	TCC	TCG	TCT	TGA	TGC	TGG	TGT	TTA	TTC	TTG	TTT
Start	30663.0	13444.0	22417.0	14441.0	12880.0	12463.0	11278.0	9365.0	12850.0	13493.0	11732.0	11223.0	19965.0	15361.0	144316.0	16716.0	7691.0	5799.0	10015.0	4322.0	7569.0	6929.0	7343.0	5392.0	5858.0	6557.0	5336.0	4285.0	5757.0	12788.0	10072.0	8995.0	27886.0	22641.0	24424.0	20846.0	13770.0	10099.0	9321.0	9110.0	10690.0	7821.0	6501.0	7450.0	12070.0	12532.0	29480.0	13433.0	0.0	9326.0	0.0	9017.0	9148.0	7755.0	7106.0	6948.0	5.0	2769.0	5289.0	3041.0	9291.0	10538.0	19401.0	10497.0
AAA	116766.0	42653.0	66679.0	63274.0	40221.0	27485.0	18219.0	30501.0	45001.0	22872.0	31837.0	24177.0	81769.0	48669.0	52595.0	74734.0	24411.0	17229.0	28678.0	21585.0	29654.0	17474.0	18096.0	23890.0	7552.0	11496.0	11217.0	9559.0	24068.0	38572.0	34194.0	49105.0	112596.0	48664.0	75678.0	82900.0	57018.0	35249.0	23580.0	42083.0	53284.0	30735.0	24396.0	36300.0	46200.0	35015.0	31922.0	62511.0	3176.0	39831.0	1029.0	53734.0	32771.0	20261.0	14018.0	26149.0	1984.0	11169.0	22168.0	13531.0	56249.0	38648.0	29220.0	52647.0
AAC	42653.0	44452.0	48967.0	28781.0	22975.0	37010.0	29740.0	17349.0	20083.0	23826.0	27337.0	12967.0	45346.0	55755.0	40773.0	34575.0	12733.0	22076.0	33968.0	11243.0	15791.0	22068.0	26617.0	12516.0	7790.0	20838.0	17858.0	8133.0	13882.0	56453.0	41976.0	28783.0	56377.0	65341.0	78273.0	44945.0	35315.0	52050.0	40633.0	25237.0	33539.0	46678.0	27249.0	25687.0	25952.0	59580.0	37898.0	36320.0	944.0	45558.0	417.0	27860.0	17607.0	22509.0	21632.0	12923.0	1036.0	10707.0	21165.0	8339.0	21189.0	47991.0	16552.0	25444.0
AAG	66679.0	48967.0	95568.0	38409.0	26595.0	38928.0	27691.0	22813.0	36048.0	31298.0	52830.0	17809.0	71380.0	63113.0	56883.0	51178.0	15570.0	24749.0	39369.0	16328.0	22354.0	28565.0	28954.0	19816.0	7276.0	20701.0	17529.0	9733.0	22109.0	63890.0	53153.0	42941.0	78783.0	72953.0	118586.0	65955.0	46173.0	59698.0	41865.0	39110.0	45009.0	51554.0	34235.0	34351.0	36749.0	61218.0	49382.0	55899.0	1969.0	53894.0	1111.0	39072.0	22451.0	27721.0	21310.0	18196.0	2747.0	13676.0	25730.0	9730.0	32466.0	55874.0	26358.0	36170.0
AAT	63274.0	28781.0	38409.0	52116.0	28815.0	18225.0	12629.0	22352.0	25413.0	14447.0	20668.0	17698.0	58048.0	31384.0	33066.0	53049.0	16395.0	9660.0	19035.0	15097.0	18713.0	9981.0	10865.0	15293.0	4814.0	5830.0	6230.0	6196.0	16541.0	21944.0	21784.0	32508.0	63180.0	26900.0	43296.0	56613.0	35965.0	20472.0	14031.0	26632.0	33347.0	18867.0	15580.0	26118.0	31200.0	21594.0	22265.0	42749.0	1335.0	26422.0	382.0	41279.0	24191.0	13546.0	9293.0	18872.0	892.0	6961.0	15759.0	9222.0	38894.0	26556.0	19434.0	37562.0
ACA	40221.0	22975.0	26595.0	28815.0	26476.0	17464.0	13012.0	16842.0	18214.0	13289.0	15225.0	12309.0	38314.0	24115.0	24710.0	30699.0	12109.0	9292.0	16300.0	10075.0	17155.0	10248.0	11651.0	12530.0	4615.0	6298.0	6228.0	5207.0	11944.0	21338.0	18075.0	22188.0	45201.0	27988.0	36402.0	39246.0	31824.0	20946.0	14828.0	20884.0	30473.0	20611.0	14856.0	22896.0	22431.0	20327.0	18119.0	28396.0	772.0	20107.0	323.0	23350.0	18950.0	11378.0	9131.0	12822.0	719.0	5519.0	11436.0	6312.0	21510.0	21814.0	11951.0	22607.0
ACC	27485.0	37010.0	38928.0	18225.0	17464.0	42324.0	32749.0	13392.0	12358.0	23262.0	20887.0	9999.0	26884.0	55129.0	35066.0	21878.0	9113.0	21539.0	32898.0	9157.0	12278.0	24709.0	30058.0	10445.0	9108.0	24168.0	21091.0	8150.0	8739.0	58036.0	40622.0	21417.0	48358.0	77769.0	80570.0	39054.0	30585.0	58849.0	46618.0	19687.0	31105.0	55187.0	30893.0	25101.0	17430.0	66168.0	35323.0	24808.0	667.0	36611.0	428.0	17792.0	13729.0	23355.0	24414.0	9871.0	1051.0	9806.0	17784.0	6964.0	10791.0	43187.0	11375.0	16819.0
ACG	18219.0	29740.0	27691.0	12629.0	13012.0	32749.0	34962.0	10598.0	8929.0	19808.0	14865.0	8224.0	19458.0	43853.0	26139.0	16071.0	7447.0	20377.0	26684.0	6519.0	9602.0	20269.0	30592.0	7118.0	10001.0	23663.0	20698.0	7444.0	7035.0	53732.0	35034.0	15858.0	38524.0	70422.0	70997.0	30347.0	22508.0	50890.0	48775.0	16181.0	22280.0	50914.0	27629.0	20252.0	12640.0	59559.0	30676.0	19843.0	591.0	31596.0	511.0	13113.0	9573.0	17571.0	24893.0	7147.0	1323.0	6955.0	15367.0	5723.0	8117.0	36707.0	10479.0	12700.0
ACT	30501.0	17349.0	22813.0	22352.0	16842.0	13392.0	10598.0	14474.0	13982.0	10298.0	12902.0	9714.0	27956.0	18911.0	19256.0	24915.0	9299.0	7370.0	12639.0	7866.0	12120.0	8044.0	9584.0	10200.0	3484.0	5058.0	4893.0	4005.0	9001.0	16924.0	14343.0	16777.0	35746.0	22790.0	30879.0	31175.0	22175.0	16533.0	12340.0	17230.0	23045.0	16285.0	12053.0	18380.0	17126.0	16877.0	14930.0	23366.0	640.0	16246.0	298.0	18887.0	13121.0	9206.0	7446.0	10890.0	554.0	4042.0	9380.0	4775.0	18365.0	17418.0	10408.0	18087.0
AGA	45001.0	20083.0	36048.0	25413.0	18214.0	12358.0	8929.0	13982.0	27206.0	12767.0	22643.0	11344.0	41592.0	22039.0	26613.0	31689.0	10787.0	8523.0	14164.0	10099.0	14686.0	9129.0	8857.0	11846.0	3328.0	4989.0	4606.0	4384.0	13043.0	19623.0	17788.0	22587.0	47434.0	23801.0	42852.0	38468.0	26868.0	17970.0	12582.0	22196.0	28296.0	16224.0	13465.0	19412.0	21286.0	16668.0	17663.0	29963.0	1264.0	20727.0	602.0	24402.0	14928.0	9884.0	7123.0	11944.0	1230.0	5722.0	11911.0	6040.0	23919.0	20772.0	14520.0	23000.0
AGC	22872.0	23826.0	31298.0	14447.0	13289.0	23262.0	19808.0	10298.0	12767.0	18816.0	20539.0	8057.0	28613.0	33498.0	24658.0	19026.0	6941.0	13677.0	20907.0	6757.0	9463.0	15130.0	17552.0	8054.0	5456.0	13552.0	12081.0	4964.0	9389.0	38017.0	29004.0	17495.0	33004.0	42814.0	53720.0	27192.0	21740.0	35768.0	28985.0	16941.0	21155.0	33360.0	19608.0	16037.0	15656.0	38806.0	26878.0	21856.0	662.0	27612.0	441.0	15766.0	10693.0	14584.0	14802.0	8008.0	919.0	6505.0	13346.0	4418.0	11041.0	29897.0	10781.0	14741.0
AGG	31837.0	27337.0	52830.0	20668.0	15225.0	20887.0	14865.0	12902.0	22643.0	20539.0	48480.0	10521.0	46938.0	31289.0	33212.0	27341.0	7434.0	13609.0	21531.0	9775.0	12891.0	18293.0	15813.0	12551.0	3165.0	9251.0	8723.0	5168.0	14658.0	38185.0	34151.0	26558.0	39070.0	38887.0	75469.0	39168.0	25529.0	36613.0	24099.0	23835.0	26492.0	30971.0	24711.0	21843.0	21204.0	31463.0	33286.0	32936.0	1116.0	33457.0	797.0	21680.0	14328.0	17735.0	11932.0	10734.0	1991.0	8880.0	15954.0	5112.0	18315.0	32902.0	16034.0	20172.0
AGT	24177.0	12967.0	17809.0	17698.0	12309.0	9999.0	8224.0	9714.0	11344.0	8057.0	10521.0	9182.0	23471.0	15684.0	15357.0	21676.0	7229.0	5859.0	10115.0	6368.0	8618.0	5699.0	6884.0	6989.0	3116.0	4284.0	4519.0	3409.0	7445.0	14085.0	11560.0	14041.0	27167.0	16903.0	24011.0	23777.0	17162.0	12374.0	9924.0	13184.0	16123.0	11553.0	9200.0	14198.0	14113.0	13993.0	12211.0	19619.0	626.0	12686.0	304.0	16195.0	10721.0	7100.0	6340.0	8226.0	578.0	2918.0	7688.0	3990.0	15460.0	13769.0	8759.0	15248.0
ATA	81769.0	45346.0	71380.0	58048.0	38314.0	26884.0	19458.0	27956.0	41592.0	28613.0	46938.0	23471.0	83252.0	37612.0	50753.0	54982.0	19757.0	16696.0	28526.0	19020.0	31224.0	22820.0	20480.0	25557.0	4722.0	9083.0	7797.0	7435.0	25726.0	38264.0	35082.0	41541.0	85706.0	50353.0	86741.0	80251.0	51902.0	40541.0	25970.0	40588.0	58682.0	42922.0	33512.0	43612.0	39153.0	30800.0	34503.0	50736.0	1717.0	38771.0	809.0	43641.0	33778.0	23080.0	15603.0	25395.0	1371.0	10286.0	20617.0	10456.0	42812.0	41643.0	25264.0	43896.0
ATC	48669.0	55755.0	63113.0	31384.0	24115.0	55129.0	43853.0	18911.0	22039.0	33498.0	31289.0	15684.0	37612.0	80298.0	53973.0	34363.0	13743.0	30538.0	49143.0	14488.0	18773.0	35462.0	44000.0	16668.0	12072.0	33561.0	30532.0	12485.0	12364.0	81064.0	60510.0	32936.0	78809.0	115472.0	125376.0	66901.0	45307.0	81011.0	66707.0	30252.0	50277.0	82888.0	48317.0	39561.0	24079.0	83823.0	46066.0	34818.0	1211.0	48341.0	724.0	26333.0	20454.0	33672.0	34853.0	16114.0	1871.0	13973.0	23630.0	10174.0	17063.0	61978.0	17648.0	27343.0
ATG	52595.0	40773.0	56883.0	33066.0	24710.0	35066.0	26139.0	19256.0	26613.0	24658.0	33212.0	15357.0	50753.0	53973.0	47844.0	40580.0	14163.0	21523.0	34797.0	14606.0	19994.0	24471.0	26600.0	17055.0	7556.0	19528.0	16784.0	9211.0	14949.0	52214.0	42216.0	32914.0	67247.0	67942.0	85523.0	58625.0	43415.0	53163.0	38904.0	31391.0	42023.0	51656.0	31720.0	34086.0	27450.0	51455.0	36093.0	38947.0	1191.0	39084.0	552.0	29780.0	21874.0	24828.0	21227.0	16370.0	1459.0	11046.0	20352.0	8851.0	24983.0	46652.0	18718.0	31206.0
ATT	74734.0	34575.0	51178.0	53049.0	30699.0	21878.0	16071.0	24915.0	31689.0	19026.0	27341.0	21676.0	54982.0	34363.0	40580.0	54618.0	18280.0	12893.0	23310.0	16564.0	25000.0	14645.0	16235.0	20543.0	5912.0	8407.0	8665.0	7651.0	17169.0	28228.0	26096.0	35830.0	80594.0	42128.0	64148.0	72359.0	44935.0	28132.0	20455.0	33415.0	48992.0	29679.0	25084.0	38829.0	30565.0	25422.0	24310.0	45196.0	1597.0	27666.0	610.0	37874.0	28304.0	16705.0	12454.0	22513.0	1161.0	7587.0	16507.0	10011.0	38570.0	30666.0	21544.0	40263.0
CAA	24411.0	12733.0	15570.0	16395.0	12109.0	9113.0	7447.0	9299.0	10787.0	6941.0	7434.0	7229.0	19757.0	13743.0	14163.0	18280.0	9806.0	5808.0	10269.0	5791.0	8704.0	5521.0	6242.0	6606.0	3337.0	4893.0	4447.0	3356.0	7242.0	12960.0	9324.0	11884.0	27897.0	17124.0	22269.0	21310.0	16495.0	12208.0	9679.0	11863.0	14453.0	10829.0	7459.0	11188.0	11624.0	11879.0	9358.0	15125.0	683.0	11694.0	308.0	13976.0	9502.0	6139.0	5411.0	7415.0	517.0	2537.0	6654.0	3398.0	14670.0	12016.0	7875.0	12521.0
CAC	17229.0	22076.0	24749.0	9660.0	9292.0	21539.0	20377.0	7370.0	8523.0	13677.0	13609.0	5859.0	16696.0	30538.0	21523.0	12893.0	5808.0	18904.0	19019.0	6729.0	7915.0	15122.0	19250.0	6146.0	6045.0	15724.0	13449.0	4901.0	5668.0	34948.0	23612.0	12017.0	29960.0	50194.0	53431.0	23157.0	16697.0	33785.0	29318.0	11917.0	16831.0	33397.0	18212.0	13855.0	10197.0	38353.0	21309.0	15283.0	409.0	24977.0	301.0	10581.0	7079.0	11954.0	14524.0	5250.0	602.0	6443.0	11899.0	4708.0	6775.0	26716.0	7314.0	9829.0
CAG	28678.0	33968.0	39369.0	19035.0	16300.0	32898.0	26684.0	12639.0	14164.0	20907.0	21531.0	10115.0	28526.0	49143.0	34797.0	23310.0	10269.0	19019.0	36620.0	9483.0	11691.0	19747.0	24757.0	10294.0	8221.0	20823.0	19171.0	7982.0	9031.0	50993.0	39252.0	23005.0	46620.0	61724.0	73790.0	37541.0	29920.0	49068.0	38316.0	20639.0	26363.0	43157.0	25305.0	21250.0	16627.0	50807.0	29947.0	24456.0	995.0	34409.0	559.0	19356.0	13686.0	20562.0	20963.0	10458.0	1441.0	8131.0	16812.0	6098.0	11495.0	38063.0	11650.0	17604.0
CAT	21585.0	11243.0	16328.0	15097.0	10075.0	9157.0	6519.0	7866.0	10099.0	6757.0	9775.0	6368.0	19020.0	14488.0	14606.0	16564.0	5791.0	6729.0	9483.0	8280.0	8032.0	6155.0	6890.0	7007.0	2785.0	3992.0	4673.0	3279.0	5683.0	12039.0	11333.0	12379.0	25121.0	15772.0	23116.0	23539.0	14856.0	11743.0	8573.0	10914.0	15048.0	11077.0	8951.0	11543.0	10650.0	11786.0	10603.0	14890.0	406.0	11162.0	190.0	14232.0	8769.0	6558.0	5063.0	6849.0	382.0	3680.0	6626.0	4202.0	10824.0	12053.0	6624.0	12899.0
CCA	29654.0	15791.0	22354.0	18713.0	17155.0	12278.0	9602.0	12120.0	14686.0	9463.0	12891.0	8618.0	31224.0	18773.0	19994.0	25000.0	8704.0	7915.0	11691.0	8032.0	15098.0	8440.0	9273.0	9879.0	3426.0	4756.0	4698.0	3687.0	10122.0	16940.0	13331.0	16286.0	34021.0	20744.0	30843.0	27957.0	22439.0	15784.0	11409.0	15960.0	20993.0	14649.0	10702.0	16220.0	17345.0	16877.0	14659.0	24064.0	592.0	17603.0	267.0	18963.0	12882.0	7839.0	6492.0	8728.0	511.0	4436.0	10729.0	5496.0	18302.0	18900.0	9833.0	18596.0
CCC	17474.0	22068.0	28565.0	9981.0	10248.0	24709.0	20269.0	8044.0	9129.0	15130.0	18293.0	5699.0	22820.0	35462.0	24471.0	14645.0	5521.0	15122.0	19747.0	6155.0	8440.0	19172.0	21113.0	7750.0	5451.0	15065.0	13287.0	4831.0	7521.0	40933.0	29322.0	14349.0	29916.0	48050.0	57261.0	23392.0	18474.0	38581.0	31202.0	13350.0	18178.0	34226.0	20785.0	13872.0	13133.0	44509.0	27767.0	17695.0	444.0	27646.0	413.0	12424.0	7832.0	14807.0	15047.0	6361.0	720.0	7466.0	13947.0	4562.0	7760.0	31950.0	9088.0	12142.0
CCG	18096.0	26617.0	28954.0	10865.0	11651.0	30058.0	30592.0	9584.0	8857.0	17552.0	15813.0	6884.0	20480.0	44000.0	26600.0	16235.0	6242.0	19250.0	24757.0	6890.0	9273.0	21113.0	30898.0	7773.0	8503.0	20044.0	20107.0	6595.0	6561.0	50914.0	36223.0	16151.0	35149.0	61185.0	66682.0	28039.0	21330.0	46169.0	44063.0	14825.0	19793.0	43918.0	25222.0	16803.0	13062.0	57160.0	31560.0	19407.0	664.0	32162.0	516.0	13644.0	8782.0	16219.0	21846.0	6752.0	1230.0	7736.0	16378.0	5902.0	7058.0	38295.0	10185.0	13522.0
CCT	23890.0	12516.0	19816.0	15293.0	12530.0	10445.0	7118.0	10200.0	11846.0	8054.0	12551.0	6989.0	25557.0	16668.0	17055.0	20543.0	6606.0	6146.0	10294.0	7007.0	9879.0	7750.0	7773.0	9396.0	2308.0	3691.0	3878.0	3177.0	7535.0	13912.0	12978.0	14789.0	28101.0	16279.0	26470.0	23657.0	17446.0	13148.0	8962.0	13703.0	17102.0	11906.0	9578.0	13239.0	15080.0	13819.0	13701.0	19773.0	482.0	14240.0	249.0	16424.0	9939.0	7710.0	5507.0	8313.0	456.0	4142.0	8562.0	4472.0	14014.0	15861.0	8581.0	15838.0
CGA	7552.0	7790.0	7276.0	4814.0	4615.0	9108.0	10001.0	3484.0	3328.0	5456.0	3165.0	3116.0	4722.0	12072.0	7556.0	5912.0	3337.0	6045.0	8221.0	2785.0	3426.0	5451.0	8503.0	2308.0	5292.0	8500.0	8153.0	3543.0	2319.0	16564.0	9709.0	5684.0	14613.0	21623.0	21445.0	11367.0	7750.0	13935.0	13925.0	5259.0	7096.0	12781.0	7449.0	6294.0	3688.0	16076.0	7667.0	6118.0	318.0	8275.0	244.0	4617.0	3502.0	4893.0	7352.0	2606.0	601.0	1937.0	4709.0	2031.0	3024.0	9520.0	3424.0	4535.0
CGC	11496.0	20838.0	20701.0	5830.0	6298.0	24168.0	23663.0	5058.0	4989.0	13552.0	9251.0	4284.0	9083.0	33561.0	19528.0	8407.0	4893.0	15724.0	20823.0	3992.0	4756.0	15065.0	20044.0	3691.0	8500.0	24752.0	18844.0	6276.0	3923.0	43087.0	25848.0	9338.0	28857.0	60225.0	59274.0	18955.0	13604.0	39558.0	36521.0	9048.0	11885.0	37802.0	17406.0	11229.0	6595.0	45958.0	21085.0	10205.0	464.0	23683.0	394.0	7115.0	4575.0	12517.0	17808.0	3696.0	880.0	5399.0	11260.0	3854.0	3198.0	26434.0	5934.0	6475.0
CGG	11217.0	17858.0	17529.0	6230.0	6228.0	21091.0	20698.0	4893.0	4606.0	12081.0	8723.0	4519.0	7797.0	30532.0	16784.0	8665.0	4447.0	13449.0	19171.0	4673.0	4698.0	13287.0	20107.0	3878.0	8153.0	18844.0	20376.0	5984.0	3417.0	38160.0	25909.0	10360.0	24797.0	48520.0	49963.0	20143.0	13238.0	34079.0	32229.0	8662.0	11348.0	30347.0	18016.0	10064.0	6298.0	38290.0	19526.0	10027.0	473.0	20177.0	477.0	7821.0	4949.0	11173.0	15992.0	3808.0	1226.0	4870.0	10057.0	3790.0	3224.0	22703.0	6006.0	7726.0
CGT	9559.0	8133.0	9733.0	6196.0	5207.0	8150.0	7444.0	4005.0	4384.0	4964.0	5168.0	3409.0	7435.0	12485.0	9211.0	7651.0	3356.0	4901.0	7982.0	3279.0	3687.0	4831.0	6595.0	3177.0	3543.0	6276.0	5984.0	3750.0	2769.0	13118.0	9505.0	7174.0	15220.0	16870.0	19370.0	13216.0	8936.0	11337.0	9924.0	6212.0	7814.0	10082.0	6388.0	7393.0	5296.0	12869.0	7847.0	7779.0	302.0	8242.0	193.0	6450.0	4184.0	4930.0	5691.0	3382.0	417.0	2207.0	4801.0	2176.0	3982.0	9524.0	3755.0	5552.0
CTA	24068.0	13882.0	22109.0	16541.0	11944.0	8739.0	7035.0	9001.0	13043.0	9389.0	14658.0	7445.0	25726.0	12364.0	14949.0	17169.0	7242.0	5668.0	9031.0	5683.0	10122.0	7521.0	6561.0	7535.0	2319.0	3923.0	3417.0	2769.0	10356.0	13781.0	11233.0	12299.0	26693.0	17046.0	29093.0	22500.0	16015.0	14401.0	10174.0	13755.0	16540.0	13845.0	10488.0	13214.0	12807.0	11103.0	11558.0	15728.0	602.0	13614.0	373.0	14086.0	10242.0	7338.0	5413.0	7782.0	461.0	2693.0	7472.0	2936.0	13877.0	14140.0	8188.0	13290.0
CTC	38572.0	56453.0	63890.0	21944.0	21338.0	58036.0	53732.0	16924.0	19623.0	38017.0	38185.0	14085.0	38264.0	81064.0	52214.0	28228.0	12960.0	34948.0	50993.0	12039.0	16940.0	40933.0	50914.0	13912.0	16564.0	43087.0	38160.0	13118.0	13781.0	102586.0	66055.0	30271.0	76603.0	135076.0	151751.0	57899.0	42728.0	99032.0	88278.0	31183.0	44004.0	94335.0	55095.0	35480.0	22028.0	103607.0	54787.0	34727.0	1215.0	58236.0	944.0	22627.0	17687.0	34748.0	41877.0	13439.0	1987.0	12908.0	28591.0	8532.0	13197.0	71458.0	18049.0	24091.0
CTG	34194.0	41976.0	53153.0	21784.0	18075.0	40622.0	35034.0	14343.0	17788.0	29004.0	34151.0	11560.0	35082.0	60510.0	42216.0	26096.0	9324.0	23612.0	39252.0	11333.0	13331.0	29322.0	36223.0	12978.0	9709.0	25848.0	25909.0	9505.0	11233.0	66055.0	57384.0	26795.0	56314.0	85879.0	104794.0	48856.0	35042.0	68997.0	57607.0	25685.0	34964.0	66670.0	41431.0	27577.0	19919.0	67005.0	43531.0	27935.0	1119.0	42431.0	760.0	21436.0	15934.0	27130.0	27960.0	12397.0	2105.0	10760.0	20968.0	6962.0	11625.0	52299.0	15287.0	22440.0
CTT	49105.0	28783.0	42941.0	32508.0	22188.0	21417.0	15858.0	16777.0	22587.0	17495.0	26558.0	14041.0	41541.0	32936.0	32914.0	35830.0	11884.0	12017.0	23005.0	12379.0	16286.0	14349.0	16151.0	14789.0	5684.0	9338.0	10360.0	7174.0	12299.0	30271.0	26795.0	30486.0	60712.0	38688.0	61081.0	51053.0	36104.0	30109.0	22128.0	25657.0	35274.0	28065.0	22577.0	27341.0	22356.0	27123.0	23768.0	33223.0	1074.0	25679.0	485.0	27036.0	20374.0	16365.0	12774.0	15213.0	1026.0	6673.0	14277.0	6527.0	21633.0	29314.0	14715.0	29097.0
GAA	112596.0	56377.0	78783.0	63180.0	45201.0	48358.0	38524.0	35746.0	47434.0	33004.0	39070.0	27167.0	85706.0	78809.0	67247.0	80594.0	27897.0	29960.0	46620.0	25121.0	34021.0	29916.0	35149.0	28101.0	14613.0	28857.0	24797.0	15220.0	26693.0	76603.0	56314.0	60712.0	144580.0	98807.0	124509.0	98201.0	71627.0	69433.0	51920.0	52314.0	63489.0	57761.0	37059.0	47079.0	50947.0	75402.0	47870.0	73297.0	2971.0	58420.0	1221.0	58516.0	35572.0	30683.0	27138.0	28393.0	2616.0	14885.0	30903.0	16551.0	54655.0	61203.0	33124.0	55560.0
GAC	48664.0	65341.0	72953.0	26900.0	27988.0	77769.0	70422.0	22790.0	23801.0	42814.0	38887.0	16903.0	50353.0	115472.0	67942.0	42128.0	17124.0	50194.0	61724.0	15772.0	20744.0	48050.0	61185.0	16279.0	21623.0	60225.0	48520.0	16870.0	17046.0	135076.0	85879.0	38688.0	98807.0	176256.0	173549.0	70488.0	52771.0	125203.0	107358.0	37618.0	47472.0	103724.0	53545.0	39904.0	32240.0	155717.0	76048.0	49496.0	1427.0	83171.0	1042.0	33176.0	20030.0	40070.0	49564.0	15855.0	2196.0	17278.0	38908.0	13438.0	20473.0	92601.0	23975.0	30576.0
GAG	75678.0	78273.0	118586.0	43296.0	36402.0	80570.0	70997.0	30879.0	42852.0	53720.0	75469.0	24011.0	86741.0	125376.0	85523.0	64148.0	22269.0	53431.0	73790.0	23116.0	30843.0	57261.0	66682.0	26470.0	21445.0	59274.0	49963.0	19370.0	29093.0	151751.0	104794.0	61081.0	124509.0	173549.0	235940.0	97125.0	67502.0	137462.0	110011.0	57367.0	62383.0	111343.0	66731.0	51162.0	45921.0	150210.0	90931.0	75114.0	2376.0	97347.0	1740.0	50848.0	28755.0	47631.0	50811.0	23624.0	4570.0	22672.0	45319.0	15777.0	35990.0	105491.0	37743.0	46343.0
GAT	82900.0	44945.0	65955.0	56613.0	39246.0	39054.0	30347.0	31175.0	38468.0	27192.0	39168.0	23777.0	80251.0	66901.0	58625.0	72359.0	21310.0	23157.0	37541.0	23539.0	27957.0	23392.0	28039.0	23657.0	11367.0	18955.0	20143.0	13216.0	22500.0	57899.0	48856.0	51053.0	98201.0	70488.0	97125.0	91002.0	59014.0	53098.0	40703.0	44694.0	53898.0	45503.0	33277.0	43450.0	44202.0	58671.0	46027.0	66448.0	1533.0	49462.0	706.0	55281.0	32000.0	26236.0	22323.0	25829.0	1539.0	12928.0	27708.0	13945.0	45135.0	52932.0	29017.0	50348.0
GCA	57018.0	35315.0	46173.0	35965.0	31824.0	30585.0	22508.0	22175.0	26868.0	21740.0	25529.0	17162.0	51902.0	45307.0	43415.0	44935.0	16495.0	16697.0	29920.0	14856.0	22439.0	18474.0	21330.0	17446.0	7750.0	13604.0	13238.0	8936.0	16015.0	42728.0	35042.0	36104.0	71627.0	52771.0	67502.0	59014.0	56556.0	45127.0	33290.0	35380.0	46829.0	39341.0	27058.0	36114.0	31640.0	41297.0	30797.0	42605.0	1177.0	32059.0	485.0	31163.0	25570.0	20281.0	16728.0	18024.0	1160.0	9438.0	18028.0	9474.0	29154.0	37470.0	18526.0	33194.0
GCC	35249.0	52050.0	59698.0	20472.0	20946.0	58849.0	50890.0	16533.0	17970.0	35768.0	36613.0	12374.0	40541.0	81011.0	53163.0	28132.0	12208.0	33785.0	49068.0	11743.0	15784.0	38581.0	46169.0	13148.0	13935.0	39558.0	34079.0	11337.0	14401.0	99032.0	68997.0	30109.0	69433.0	125203.0	137462.0	53098.0	45127.0	106894.0	87806.0	31818.0	41210.0	91083.0	50711.0	33801.0	23732.0	105417.0	58001.0	34317.0	938.0	55827.0	748.0	22725.0	16907.0	33359.0	38033.0	12682.0	1647.0	13754.0	26696.0	9343.0	14651.0	67068.0	18775.0	22739.0
GCG	23580.0	40633.0	41865.0	14031.0	14828.0	46618.0	48775.0	12340.0	12582.0	28985.0	24099.0	9924.0	25970.0	66707.0	38904.0	20455.0	9679.0	29318.0	38316.0	8573.0	11409.0	31202.0	44063.0	8962.0	13925.0	36521.0	32229.0	9924.0	10174.0	88278.0	57607.0	22128.0	51920.0	107358.0	110011.0	40703.0	33290.0	87806.0	85612.0	24277.0	30513.0	78278.0	42996.0	26728.0	16726.0	93459.0	48712.0	26330.0	895.0	44907.0	802.0	16405.0	11482.0	25301.0	36370.0	9320.0	1973.0	10101.0	22201.0	7626.0	10340.0	56834.0	16261.0	16700.0
GCT	42083.0	25237.0	39110.0	26632.0	20884.0	19687.0	16181.0	17230.0	22196.0	16941.0	23835.0	13184.0	40588.0	30252.0	31391.0	33415.0	11863.0	11917.0	20639.0	10914.0	15960.0	13350.0	14825.0	13703.0	5259.0	9048.0	8662.0	6212.0	13755.0	31183.0	25685.0	25657.0	52314.0	37618.0	57367.0	44694.0	35380.0	31818.0	24277.0	30904.0	33462.0	27772.0	20384.0	27081.0	23774.0	28932.0	24268.0	34719.0	867.0	24642.0	478.0	24623.0	17154.0	14131.0	12242.0	13909.0	834.0	6397.0	14130.0	6500.0	24435.0	28477.0	16112.0	24310.0
GGA	53284.0	33539.0	45009.0	33347.0	30473.0	31105.0	22280.0	23045.0	28296.0	21155.0	26492.0	16123.0	58682.0	50277.0	42023.0	48992.0	14453.0	16831.0	26363.0	15048.0	20993.0	18178.0	19793.0	17102.0	7096.0	11885.0	11348.0	7814.0	16540.0	44004.0	34964.0	35274.0	63489.0	47472.0	62383.0	53898.0	46829.0	41210.0	30513.0	33462.0	50424.0	36297.0	26192.0	33955.0	34939.0	45869.0	34138.0	48602.0	1182.0	36217.0	565.0	34565.0	22745.0	20413.0	15642.0	17452.0	1660.0	10031.0	20559.0	9671.0	30521.0	42874.0	19980.0	35955.0
GGC	30735.0	46678.0	51554.0	18867.0	20611.0	55187.0	50914.0	16285.0	16224.0	33360.0	30971.0	11553.0	42922.0	82888.0	51656.0	29679.0	10829.0	33397.0	43157.0	11077.0	14649.0	34226.0	43918.0	11906.0	12781.0	37802.0	30347.0	10082.0	13845.0	94335.0	66670.0	28065.0	57761.0	103724.0	111343.0	45503.0	39341.0	91083.0	78278.0	27772.0	36297.0	91266.0	43498.0	31370.0	25933.0	111015.0	60085.0	36848.0	993.0	59492.0	672.0	24213.0	15025.0	28895.0	36299.0	11582.0	1457.0	13150.0	29049.0	8835.0	14541.0	69858.0	18266.0	23856.0
GGG	24396.0	27249.0	34235.0	15580.0	14856.0	30893.0	27629.0	12053.0	13465.0	19608.0	24711.0	9200.0	33512.0	48317.0	31720.0	25084.0	7459.0	18212.0	25305.0	8951.0	10702.0	20785.0	25222.0	9578.0	7449.0	17406.0	18016.0	6388.0	10488.0	55095.0	41431.0	22577.0	37059.0	53545.0	66731.0	33277.0	27058.0	50711.0	42996.0	20384.0	26192.0	43498.0	30736.0	20839.0	18978.0	57894.0	38089.0	28370.0	702.0	34623.0	509.0	19677.0	11566.0	19036.0	20230.0	9544.0	1637.0	8640.0	17374.0	5963.0	13274.0	41877.0	14148.0	19904.0
GGT	36300.0	25687.0	34351.0	26118.0	22896.0	25101.0	20252.0	18380.0	19412.0	16037.0	21843.0	14198.0	43612.0	39561.0	34086.0	38829.0	11188.0	13855.0	21250.0	11543.0	16220.0	13872.0	16803.0	13239.0	6294.0	11229.0	10064.0	7393.0	13214.0	35480.0	27577.0	27341.0	47079.0	39904.0	51162.0	43450.0	36114.0	33801.0	26728.0	27081.0	33955.0	31370.0	20839.0	33396.0	27313.0	39305.0	28671.0	39824.0	901.0	28973.0	462.0	27358.0	17869.0	15735.0	13874.0	13561.0	1123.0	6739.0	16967.0	7611.0	24659.0	34426.0	15505.0	26797.0
GTA	46200.0	25952.0	36749.0	31200.0	22431.0	17430.0	12640.0	17126.0	21286.0	15656.0	21204.0	14113.0	39153.0	24079.0	27450.0	30565.0	11624.0	10197.0	16627.0	10650.0	17345.0	13133.0	13062.0	15080.0	3688.0	6595.0	6298.0	5296.0	12807.0	22028.0	19919.0	22356.0	50947.0	32240.0	45921.0	44202.0	31640.0	23732.0	16726.0	23774.0	34939.0	25933.0	18978.0	27313.0	24294.0	20433.0	19755.0	28670.0	941.0	21159.0	419.0	23426.0	18193.0	13467.0	10023.0	14365.0	811.0	6125.0	11818.0	6645.0	23113.0	22812.0	13489.0	23271.0
GTC	35015.0	59580.0	61218.0	21594.0	20327.0	66168.0	59559.0	16877.0	16668.0	38806.0	31463.0	13993.0	30800.0	83823.0	51455.0	25422.0	11879.0	38353.0	50807.0	11786.0	16877.0	44509.0	57160.0	13819.0	16076.0	45958.0	38290.0	12869.0	11103.0	103607.0	67005.0	27123.0	75402.0	155717.0	150210.0	58671.0	41297.0	105417.0	93459.0	28932.0	45869.0	111015.0	57894.0	39305.0	20433.0	115332.0	54607.0	32426.0	1112.0	55861.0	823.0	20796.0	15977.0	35623.0	45158.0	12603.0	1948.0	13960.0	27581.0	9906.0	11687.0	69577.0	17709.0	20752.0
GTG	31922.0	37898.0	49382.0	22265.0	18119.0	35323.0	30676.0	14930.0	17663.0	26878.0	33286.0	12211.0	34503.0	46066.0	36093.0	24310.0	9358.0	21309.0	29947.0	10603.0	14659.0	27767.0	31560.0	13701.0	7667.0	21085.0	19526.0	7847.0	11558.0	54787.0	43531.0	23768.0	47870.0	76048.0	90931.0	46027.0	30797.0	58001.0	48712.0	24268.0	34138.0	60085.0	38089.0	28671.0	19755.0	54607.0	41554.0	28494.0	931.0	37083.0	717.0	19872.0	14987.0	23545.0	23357.0	12067.0	1827.0	9867.0	17876.0	6725.0	13870.0	42691.0	15809.0	19745.0
GTT	62511.0	36320.0	55899.0	42749.0	28396.0	24808.0	19843.0	23366.0	29963.0	21856.0	32936.0	19619.0	50736.0	34818.0	38947.0	45196.0	15125.0	15283.0	24456.0	14890.0	24064.0	17695.0	19407.0	19773.0	6118.0	10205.0	10027.0	7779.0	15728.0	34727.0	27935.0	33223.0	73297.0	49496.0	75114.0	66448.0	42605.0	34317.0	26330.0	34719.0	48602.0	36848.0	28370.0	39824.0	28670.0	32426.0	28494.0	47596.0	1264.0	30940.0	596.0	32402.0	24948.0	17855.0	14718.0	19396.0	1208.0	8308.0	17264.0	9031.0	31555.0	33675.0	20809.0	33699.0
TAA	3176.0	944.0	1969.0	1335.0	772.0	667.0	591.0	640.0	1264.0	662.0	1116.0	626.0	1717.0	1211.0	1191.0	1597.0	683.0	409.0	995.0	406.0	592.0	444.0	664.0	482.0	318.0	464.0	473.0	302.0	602.0	1215.0	1119.0	1074.0	2971.0	1427.0	2376.0	1533.0	1177.0	938.0	895.0	867.0	1182.0	993.0	702.0	901.0	941.0	1112.0	931.0	1264.0	0.0	987.0	2.0	1081.0	744.0	561.0	460.0	544.0	1.0	249.0	719.0	285.0	1382.0	1080.0	745.0	1122.0
TAC	39831.0	45558.0	53894.0	26422.0	20107.0	36611.0	31596.0	16246.0	20727.0	27612.0	33457.0	12686.0	38771.0	48341.0	39084.0	27666.0	11694.0	24977.0	34409.0	11162.0	17603.0	27646.0	32162.0	14240.0	8275.0	23683.0	20177.0	8242.0	13614.0	58236.0	42431.0	25679.0	58420.0	83171.0	97347.0	49462.0	32059.0	55827.0	44907.0	24642.0	36217.0	59492.0	34623.0	28973.0	21159.0	55861.0	37083.0	30940.0	987.0	48598.0	630.0	25151.0	17141.0	23702.0	24055.0	12630.0	1285.0	10845.0	23033.0	7840.0	17692.0	49093.0	15629.0	22617.0
TAG	1029.0	417.0	1111.0	382.0	323.0	428.0	511.0	298.0	602.0	441.0	797.0	304.0	809.0	724.0	552.0	610.0	308.0	301.0	559.0	190.0	267.0	413.0	516.0	249.0	244.0	394.0	477.0	193.0	373.0	944.0	760.0	485.0	1221.0	1042.0	1740.0	706.0	485.0	748.0	802.0	478.0	565.0	672.0	509.0	462.0	419.0	823.0	717.0	596.0	2.0	630.0	0.0	471.0	313.0	339.0	459.0	294.0	1.0	163.0	472.0	122.0	440.0	657.0	360.0	460.0
TAT	53734.0	27860.0	39072.0	41279.0	23350.0	17792.0	13113.0	18887.0	24402.0	15766.0	21680.0	16195.0	43641.0	26333.0	29780.0	37874.0	13976.0	10581.0	19356.0	14232.0	18963.0	12424.0	13644.0	16424.0	4617.0	7115.0	7821.0	6450.0	14086.0	22627.0	21436.0	27036.0	58516.0	33176.0	50848.0	55281.0	31163.0	22725.0	16405.0	24623.0	34565.0	24213.0	19677.0	27358.0	23426.0	20796.0	19872.0	32402.0	1081.0	25151.0	471.0	35886.0	20899.0	14252.0	10483.0	17482.0	921.0	6436.0	15644.0	7910.0	28152.0	26029.0	16395.0	31430.0
TCA	32771.0	17607.0	22451.0	24191.0	18950.0	13729.0	9573.0	13121.0	14928.0	10693.0	14328.0	10721.0	33778.0	20454.0	21874.0	28304.0	9502.0	7079.0	13686.0	8769.0	12882.0	7832.0	8782.0	9939.0	3502.0	4575.0	4949.0	4184.0	10242.0	17687.0	15934.0	20374.0	35572.0	20030.0	28755.0	32000.0	25570.0	16907.0	11482.0	17154.0	22745.0	15025.0	11566.0	17869.0	18193.0	15977.0	14987.0	24948.0	744.0	17141.0	313.0	20899.0	17382.0	10274.0	7622.0	11610.0	631.0	4435.0	9668.0	5157.0	20132.0	18486.0	10644.0	21262.0
TCC	20261.0	22509.0	27721.0	13546.0	11378.0	23355.0	17571.0	9206.0	9884.0	14584.0	17735.0	7100.0	23080.0	33672.0	24828.0	16705.0	6139.0	11954.0	20562.0	6558.0	7839.0	14807.0	16219.0	7710.0	4893.0	12517.0	11173.0	4930.0	7338.0	34748.0	27130.0	16365.0	30683.0	40070.0	47631.0	26236.0	20281.0	33359.0	25301.0	14131.0	20413.0	28895.0	19036.0	15735.0	13467.0	35623.0	23545.0	17855.0	561.0	23702.0	339.0	14252.0	10274.0	16744.0	14678.0	8198.0	773.0	6667.0	11393.0	4494.0	9349.0	28133.0	9013.0	13562.0
TCG	14018.0	21632.0	21310.0	9293.0	9131.0	24414.0	24893.0	7446.0	7123.0	14802.0	11932.0	6340.0	15603.0	34853.0	21227.0	12454.0	5411.0	14524.0	20963.0	5063.0	6492.0	15047.0	21846.0	5507.0	7352.0	17808.0	15992.0	5691.0	5413.0	41877.0	27960.0	12774.0	27138.0	49564.0	50811.0	22323.0	16728.0	38033.0	36370.0	12242.0	15642.0	36299.0	20230.0	13874.0	10023.0	45158.0	23357.0	14718.0	460.0	24055.0	459.0	10483.0	7622.0	14678.0	20540.0	6225.0	942.0	5623.0	11729.0	4186.0	6011.0	28763.0	8050.0	10498.0
TCT	26149.0	12923.0	18196.0	18872.0	12822.0	9871.0	7147.0	10890.0	11944.0	8008.0	10734.0	8226.0	25395.0	16114.0	16370.0	22513.0	7415.0	5250.0	10458.0	6849.0	8728.0	6361.0	6752.0	8313.0	2606.0	3696.0	3808.0	3382.0	7782.0	13439.0	12397.0	15213.0	28393.0	15855.0	23624.0	25829.0	18024.0	12682.0	9320.0	13909.0	17452.0	11582.0	9544.0	13561.0	14365.0	12603.0	12067.0	19396.0	544.0	12630.0	294.0	17482.0	11610.0	8198.0	6225.0	11268.0	510.0	3465.0	7476.0	4184.0	15660.0	14079.0	9625.0	17201.0
TGA	1984.0	1036.0	2747.0	892.0	719.0	1051.0	1323.0	554.0	1230.0	919.0	1991.0	578.0	1371.0	1871.0	1459.0	1161.0	517.0	602.0	1441.0	382.0	511.0	720.0	1230.0	456.0	601.0	880.0	1226.0	417.0	461.0	1987.0	2105.0	1026.0	2616.0	2196.0	4570.0	1539.0	1160.0	1647.0	1973.0	834.0	1660.0	1457.0	1637.0	1123.0	811.0	1948.0	1827.0	1208.0	1.0	1285.0	1.0	921.0	631.0	773.0	942.0	510.0	2.0	342.0	1065.0	265.0	796.0	1541.0	869.0	845.0
TGC	11169.0	10707.0	13676.0	6961.0	5519.0	9806.0	6955.0	4042.0	5722.0	6505.0	8880.0	2918.0	10286.0	13973.0	11046.0	7587.0	2537.0	6443.0	8131.0	3680.0	4436.0	7466.0	7736.0	4142.0	1937.0	5399.0	4870.0	2207.0	2693.0	12908.0	10760.0	6673.0	14885.0	17278.0	22672.0	12928.0	9438.0	13754.0	10101.0	6397.0	10031.0	13150.0	8640.0	6739.0	6125.0	13960.0	9867.0	8308.0	249.0	10845.0	163.0	6436.0	4435.0	6667.0	5623.0	3465.0	342.0	6884.0	5142.0	3981.0	3926.0	11753.0	3763.0	6193.0
TGG	22168.0	21165.0	25730.0	15759.0	11436.0	17784.0	15367.0	9380.0	11911.0	13346.0	15954.0	7688.0	20617.0	23630.0	20352.0	16507.0	6654.0	11899.0	16812.0	6626.0	10729.0	13947.0	16378.0	8562.0	4709.0	11260.0	10057.0	4801.0	7472.0	28591.0	20968.0	14277.0	30903.0	38908.0	45319.0	27708.0	18028.0	26696.0	22201.0	14130.0	20559.0	29049.0	17374.0	16967.0	11818.0	27581.0	17876.0	17264.0	719.0	23033.0	472.0	15644.0	9668.0	11393.0	11729.0	7476.0	1065.0	5142.0	15144.0	4441.0	10578.0	25923.0	9110.0	14449.0
TGT	13531.0	8339.0	9730.0	9222.0	6312.0	6964.0	5723.0	4775.0	6040.0	4418.0	5112.0	3990.0	10456.0	10174.0	8851.0	10011.0	3398.0	4708.0	6098.0	4202.0	5496.0	4562.0	5902.0	4472.0	2031.0	3854.0	3790.0	2176.0	2936.0	8532.0	6962.0	6527.0	16551.0	13438.0	15777.0	13945.0	9474.0	9343.0	7626.0	6500.0	9671.0	8835.0	5963.0	7611.0	6645.0	9906.0	6725.0	9031.0	285.0	7840.0	122.0	7910.0	5157.0	4494.0	4186.0	4184.0	265.0	3981.0	4441.0	5162.0	6522.0	8072.0	4072.0	7544.0
TTA	56249.0	21189.0	32466.0	38894.0	21510.0	10791.0	8117.0	18365.0	23919.0	11041.0	18315.0	15460.0	42812.0	17063.0	24983.0	38570.0	14670.0	6775.0	11495.0	10824.0	18302.0	7760.0	7058.0	14014.0	3024.0	3198.0	3224.0	3982.0	13877.0	13197.0	11625.0	21633.0	54655.0	20473.0	35990.0	45135.0	29154.0	14651.0	10340.0	24435.0	30521.0	14541.0	13274.0	24659.0	23113.0	11687.0	13870.0	31555.0	1382.0	17692.0	440.0	28152.0	20132.0	9349.0	6011.0	15660.0	796.0	3926.0	10578.0	6522.0	34108.0	18022.0	15469.0	28577.0
TTC	38648.0	47991.0	55874.0	26556.0	21814.0	43187.0	36707.0	17418.0	20772.0	29897.0	32902.0	13769.0	41643.0	61978.0	46652.0	30666.0	12016.0	26716.0	38063.0	12053.0	18900.0	31950.0	38295.0	15861.0	9520.0	26434.0	22703.0	9524.0	14140.0	71458.0	52299.0	29314.0	61203.0	92601.0	105491.0	52932.0	37470.0	67068.0	56834.0	28477.0	42874.0	69858.0	41877.0	34426.0	22812.0	69577.0	42691.0	33675.0	1080.0	49093.0	657.0	26029.0	18486.0	28133.0	28763.0	14079.0	1541.0	11753.0	25923.0	8072.0	18022.0	62866.0	18002.0	26877.0
TTG	29220.0	16552.0	26358.0	19434.0	11951.0	11375.0	10479.0	10408.0	14520.0	10781.0	16034.0	8759.0	25264.0	17648.0	18718.0	21544.0	7875.0	7314.0	11650.0	6624.0	9833.0	9088.0	10185.0	8581.0	3424.0	5934.0	6006.0	3755.0	8188.0	18049.0	15287.0	14715.0	33124.0	23975.0	37743.0	29017.0	18526.0	18775.0	16261.0	16112.0	19980.0	18266.0	14148.0	15505.0	13489.0	17709.0	15809.0	20809.0	745.0	15629.0	360.0	16395.0	10644.0	9013.0	8050.0	9625.0	869.0	3763.0	9110.0	4072.0	15469.0	18002.0	13032.0	17577.0
TTT	52647.0	25444.0	36170.0	37562.0	22607.0	16819.0	12700.0	18087.0	23000.0	14741.0	20172.0	15248.0	43896.0	27343.0	31206.0	40263.0	12521.0	9829.0	17604.0	12899.0	18596.0	12142.0	13522.0	15838.0	4535.0	6475.0	7726.0	5552.0	13290.0	24091.0	22440.0	29097.0	55560.0	30576.0	46343.0	50348.0	33194.0	22739.0	16700.0	24310.0	35955.0	23856.0	19904.0	26797.0	23271.0	20752.0	19745.0	33699.0	1122.0	22617.0	460.0	31430.0	21262.0	13562.0	10498.0	17201.0	845.0	6193.0	14449.0	7544.0	28577.0	26877.0	17577.0	36366.0
End	28854.0	10788.0	22512.0	12277.0	6920.0	7887.0	7985.0	5753.0	13174.0	8982.0	15295.0	6940.0	13404.0	12727.0	10301.0	12742.0	8055.0	5469.0	11987.0	4701.0	5849.0	6616.0	8826.0	4820.0	6431.0	7612.0	9339.0	3933.0	6341.0	14321.0	13189.0	9143.0	28163.0	21964.0	37059.0	16609.0	9798.0	11988.0	12030.0	7778.0	13855.0	12905.0	13142.0	11389.0	8253.0	12207.0	13097.0	10113.0	59871.0	10123.0	32986.0	9392.0	7760.0	7661.0	8056.0	6477.0	74132.0	3257.0	8712.0	2826.0	10476.0	13085.0	7198.0	9977.0
