Proteome_ID	M	W	C	D	E	F	H	K	N	Q	Y	I	A	G	P	T	V	L	R	S
UP000002036	0.016283504953033625	0.03173714534051271	0.03173714534051271	0.03173714534051271	0.03173714534051271	0.03344143841771445	0.03173714534051271	0.016283504953033625	0.050599371882395265	0.03173714534051271	0.050599371882395265	0.050599371882395265	0.06023941804077864	0.06023941804077864	0.06023941804077864	0.06347429068102542	0.06347429068102542	0.09691572909873986	0.06023941804077864	0.12694858136205084
UP000001300	0.014599818134273327	0.031532677066749004	0.031532677066749004	0.031532677066749004	0.031532677066749004	0.027188046170889466	0.031532677066749004	0.014599818134273327	0.0397762742075056	0.031532677066749004	0.0397762742075056	0.0397762742075056	0.07314315392479336	0.07314315392479336	0.07314315392479336	0.06306535413349801	0.06306535413349801	0.09025340030438748	0.07314315392479336	0.12613070826699602
UP000000267	0.018858610096161382	0.02865362243403462	0.02865362243403462	0.02865362243403462	0.02865362243403462	0.05516761742470758	0.02865362243403462	0.018858610096161382	0.09147662475325377	0.02865362243403462	0.09147662475325377	0.09147662475325377	0.0297649279384867	0.0297649279384867	0.0297649279384867	0.05730724486806924	0.05730724486806924	0.11247486229277683	0.0297649279384867	0.11461448973613848
UP000000314	0.017970340849688276	0.03100568067671353	0.03100568067671353	0.03100568067671353	0.03100568067671353	0.04274400648013548	0.03100568067671353	0.017970340849688276	0.0675176721105827	0.03100568067671353	0.0675176721105827	0.0675176721105827	0.044981849545296985	0.044981849545296985	0.044981849545296985	0.06201136135342706	0.06201136135342706	0.10475536783356254	0.044981849545296985	0.12402272270685412
UP000007796	0.011745020797183547	0.030094358589953425	0.030094358589953425	0.030094358589953425	0.030094358589953425	0.019262758771391435	0.030094358589953425	0.011745020797183547	0.026780496745599326	0.030094358589953425	0.026780496745599326	0.026780496745599326	0.09403330329669936	0.09403330329669936	0.09403330329669936	0.06018871717990685	0.06018871717990685	0.07945147595129827	0.09403330329669936	0.1203774343598137
UP000029964	0.011510128913443829	0.02992633517495396	0.02992633517495396	0.02992633517495396	0.02992633517495396	0.018703959484346222	0.02992633517495396	0.011510128913443829	0.025897790055248615	0.02992633517495396	0.025897790055248615	0.025897790055248615	0.09576427255985269	0.09576427255985269	0.09576427255985269	0.05985267034990792	0.05985267034990792	0.07855662983425415	0.09576427255985269	0.11970534069981584
UP000002037	0.0188670998440168	0.02819416790612573	0.02819416790612573	0.02819416790612573	0.02819416790612573	0.05703208954428619	0.02819416790612573	0.0188670998440168	0.09519707924455556	0.02819416790612573	0.09519707924455556	0.09519707924455556	0.02787592424792891	0.02787592424792891	0.02787592424792891	0.05638833581225146	0.05638833581225146	0.11342042535653765	0.02787592424792891	0.11277667162450292
UP000009058	0.01302811442211808	0.030883655094745204	0.030883655094745204	0.030883655094745204	0.030883655094745204	0.02253394616968331	0.030883655094745204	0.01302811442211808	0.032039777917248546	0.030883655094745204	0.032039777917248546	0.032039777917248546	0.0846545158871821	0.0846545158871821	0.0846545158871821	0.06176731018949041	0.06176731018949041	0.08430125635917371	0.0846545158871821	0.12353462037898082
UP000054166	0.016638899529032695	0.03169023433235952	0.03169023433235952	0.03169023433235952	0.03169023433235952	0.035032814829890346	0.03169023433235952	0.016638899529032695	0.05342673013074799	0.03169023433235952	0.05342673013074799	0.05342673013074799	0.05733315789303942	0.05733315789303942	0.05733315789303942	0.06338046866471904	0.06338046866471904	0.09841328349460939	0.05733315789303942	0.12676093732943808
UP000016922	0.016793065709409697	0.031656755757304235	0.031656755757304235	0.031656755757304235	0.031656755757304235	0.035765948957906836	0.031656755757304235	0.016793065709409697	0.05473883220640398	0.031656755757304235	0.05473883220640398	0.05473883220640398	0.056039345482321805	0.056039345482321805	0.056039345482321805	0.06331351151460847	0.06331351151460847	0.0990794604725153	0.056039345482321805	0.12662702302921694
UP000009082	0.018688670758272314	0.026577487160340148	0.026577487160340148	0.026577487160340148	0.026577487160340148	0.06296228506365179	0.026577487160340148	0.018688670758272314	0.10723589936903127	0.026577487160340148	0.10723589936903127	0.10723589936903127	0.022437648920903906	0.022437648920903906	0.022437648920903906	0.053154974320680295	0.053154974320680295	0.11611725938433208	0.022437648920903906	0.10630994864136059
UP000005206	0.013778459066371082	0.03124019086996567	0.03124019086996567	0.03124019086996567	0.03124019086996567	0.024650572805088717	0.03124019086996567	0.013778459066371082	0.03552268654380635	0.03124019086996567	0.03552268654380635	0.03552268654380635	0.07918270567655265	0.07918270567655265	0.07918270567655265	0.06248038173993134	0.06248038173993134	0.08713095454502005	0.07918270567655265	0.12496076347986268
UP000016927	0.01881741999986289	0.029095885080679205	0.029095885080679205	0.029095885080679205	0.029095885080679205	0.05326763145333387	0.029095885080679205	0.01881741999986289	0.08771784290680486	0.029095885080679205	0.08771784290680486	0.08771784290680486	0.03178555177058116	0.03178555177058116	0.03178555177058116	0.05819177016135841	0.05819177016135841	0.11145940161469227	0.03178555177058116	0.11638354032271682
UP000249829	0.010853022786408961	0.029418178583683344	0.029418178583683344	0.029418178583683344	0.029418178583683344	0.017197602109551784	0.029418178583683344	0.010853022786408961	0.023542181432694605	0.029418178583683344	0.023542181432694605	0.023542181432694605	0.1006453371427653	0.1006453371427653	0.1006453371427653	0.05883635716736669	0.05883635716736669	0.07603395927691849	0.1006453371427653	0.11767271433473338
UP000000559	0.01878264191095356	0.029316292014084422	0.029316292014084422	0.029316292014084422	0.029316292014084422	0.052274131916896685	0.029316292014084422	0.01878264191095356	0.08576562192283979	0.029316292014084422	0.08576562192283979	0.08576562192283979	0.032882228587607386	0.032882228587607386	0.032882228587607386	0.058632584028168844	0.058632584028168844	0.11090671594506551	0.032882228587607386	0.11726516805633769
UP000005221	0.018191701752607214	0.030751069001973025	0.030751069001973025	0.030751069001973025	0.030751069001973025	0.044541597100441956	0.030751069001973025	0.018191701752607214	0.0708914924482767	0.030751069001973025	0.0708914924482767	0.0708914924482767	0.04246045522937584	0.04246045522937584	0.04246045522937584	0.06150213800394605	0.06150213800394605	0.10604373510438798	0.04246045522937584	0.1230042760078921
UP000001312	0.01694050181428371	0.03161633681646702	0.03161633681646702	0.03161633681646702	0.03161633681646702	0.03649513715033483	0.03161633681646702	0.01694050181428371	0.056049772486385964	0.03161633681646702	0.056049772486385964	0.056049772486385964	0.05477950388703318	0.05477950388703318	0.05477950388703318	0.06323267363293404	0.06323267363293404	0.09972781078326888	0.05477950388703318	0.12646534726586808
UP000193067	0.008935939299654184	0.027608051269080836	0.027608051269080836	0.027608051269080836	0.027608051269080836	0.013212424535917257	0.027608051269080836	0.008935939299654184	0.01748890977218033	0.027608051269080836	0.01748890977218033	0.01748890977218033	0.11537693067675572	0.11537693067675572	0.11537693067675572	0.05521610253816167	0.05521610253816167	0.06842852707407893	0.11537693067675572	0.11043220507632334
UP000007963	0.013262999474958705	0.031003935798435002	0.031003935798435002	0.031003935798435002	0.031003935798435002	0.023178324791806825	0.031003935798435002	0.013262999474958705	0.03309365010865494	0.031003935798435002	0.03309365010865494	0.03309365010865494	0.08294335709138602	0.08294335709138602	0.08294335709138602	0.062007871596870004	0.062007871596870004	0.08518619638867683	0.08294335709138602	0.12401574319374001
UP000002038	0.015120873671135994	0.03165895854987942	0.03165895854987942	0.03165895854987942	0.03165895854987942	0.028945982337274728	0.03165895854987942	0.015120873671135994	0.04277109100341346	0.03165895854987942	0.04277109100341346	0.04277109100341346	0.06925241954371683	0.06925241954371683	0.06925241954371683	0.06331791709975884	0.06331791709975884	0.09226389943703357	0.06925241954371683	0.12663583419951768
UP000005222	0.017334231628815117	0.03146133014977245	0.03146133014977245	0.03146133014977245	0.03146133014977245	0.038603679542387984	0.03146133014977245	0.017334231628815117	0.05987312745596085	0.03146133014977245	0.05987312745596085	0.05987312745596085	0.05128087822333799	0.05128087822333799	0.05128087822333799	0.0629226602995449	0.0629226602995449	0.10152633984193288	0.05128087822333799	0.1258453205990898
UP000000560	0.014461578573372089	0.03149111689659916	0.03149111689659916	0.03149111689659916	0.03149111689659916	0.02674243145759658	0.03149111689659916	0.014461578573372089	0.03902328434182107	0.03149111689659916	0.03902328434182107	0.03902328434182107	0.0741660641417532	0.0741660641417532	0.0741660641417532	0.06298223379319833	0.06298223379319833	0.08972466525079491	0.0741660641417532	0.12596446758639665
UP000016930	0.013809939086648184	0.03125335032699892	0.03125335032699892	0.03125335032699892	0.03125335032699892	0.02474326026729923	0.03125335032699892	0.013809939086648184	0.03567658144795028	0.03125335032699892	0.03567658144795028	0.03567658144795028	0.07895256292906788	0.07895256292906788	0.07895256292906788	0.06250670065399784	0.06250670065399784	0.08724996092129707	0.07895256292906788	0.12501340130799568
UP000002058	0.01516123457910056	0.03166662970856516	0.03166662970856516	0.03166662970856516	0.03166662970856516	0.02908777388091798	0.03166662970856516	0.01516123457910056	0.0430143131827354	0.03166662970856516	0.0430143131827354	0.0430143131827354	0.06894824204867855	0.06894824204867855	0.06894824204867855	0.06333325941713032	0.06333325941713032	0.09242103329804828	0.06894824204867855	0.12666651883426064
UP000030143	0.014916765795041757	0.03161540127938411	0.03161540127938411	0.03161540127938411	0.03161540127938411	0.028241800765280274	0.03161540127938411	0.014916765795041757	0.041566835735518795	0.03161540127938411	0.041566835735518795	0.041566835735518795	0.07078398480066346	0.07078398480066346	0.07078398480066346	0.06323080255876821	0.06323080255876821	0.0914726033240485	0.07078398480066346	0.12646160511753643
UP000005426	0.012772855716643931	0.03074425745795229	0.03074425745795229	0.03074425745795229	0.03074425745795229	0.021850936853921213	0.03074425745795229	0.012772855716643931	0.030929017991198494	0.03074425745795229	0.030929017991198494	0.030929017991198494	0.08651431038950942	0.08651431038950942	0.08651431038950942	0.06148851491590458	0.06148851491590458	0.0833394517698258	0.08651431038950942	0.12297702983180916
UP000016932	0.014419098417504607	0.03147769913526551	0.03147769913526551	0.03147769913526551	0.03147769913526551	0.026607108595690786	0.03147769913526551	0.014419098417504607	0.03879511877387696	0.03147769913526551	0.03879511877387696	0.03879511877387696	0.07447976087193252	0.07447976087193252	0.07447976087193252	0.06295539827053102	0.06295539827053102	0.0895625068662218	0.07447976087193252	0.12591079654106205
UP000009096	0.015482179456605981	0.03171599509989454	0.03171599509989454	0.03171599509989454	0.03171599509989454	0.03024752396916665	0.03171599509989454	0.015482179456605981	0.045012868481727315	0.03171599509989454	0.045012868481727315	0.045012868481727315	0.06651151652624003	0.06651151652624003	0.06651151652624003	0.06343199019978908	0.06343199019978908	0.09367951416895573	0.06651151652624003	0.12686398039957816
UP000000561	0.014242883095649141	0.03141886431606533	0.03141886431606533	0.03141886431606533	0.03141886431606533	0.026053545687385056	0.03141886431606533	0.014242883095649141	0.03786420827912097	0.03141886431606533	0.03786420827912097	0.03786420827912097	0.07577817213488083	0.07577817213488083	0.07577817213488083	0.06283772863213066	0.06283772863213066	0.08889127431951573	0.07577817213488083	0.12567545726426133
UP000094112	0.018797066891980792	0.027251207293704633	0.027251207293704633	0.027251207293704633	0.027251207293704633	0.06059075696005145	0.027251207293704633	0.018797066891980792	0.10238444702812212	0.027251207293704633	0.10238444702812212	0.10238444702812212	0.024512923628073776	0.024512923628073776	0.024512923628073776	0.054502414587409266	0.054502414587409266	0.11509317154746071	0.024512923628073776	0.10900482917481853
UP000002059	0.015399520213222247	0.0317053089317091	0.0317053089317091	0.0317053089317091	0.0317053089317091	0.02994314192276732	0.0317053089317091	0.015399520213222247	0.044486763632312396	0.0317053089317091	0.044486763632312396	0.044486763632312396	0.06714236048093451	0.06714236048093451	0.06714236048093451	0.0634106178634182	0.0634106178634182	0.09335375978618554	0.06714236048093451	0.1268212357268364
UP000094389	0.01765561636363573	0.03127082640059753	0.03127082640059753	0.03127082640059753	0.03127082640059753	0.04055065715504769	0.03127082640059753	0.01765561636363573	0.06344569794645964	0.03127082640059753	0.06344569794645964	0.06344569794645964	0.04822928417842345	0.04822928417842345	0.04822928417842345	0.06254165280119506	0.06254165280119506	0.10309230995624274	0.04822928417842345	0.12508330560239012
UP000000591	0.014317100084342244	0.031444262362753564	0.031444262362753564	0.031444262362753564	0.031444262362753564	0.02628518630277248	0.031444262362753564	0.014317100084342244	0.03825327252120272	0.031444262362753564	0.03825327252120272	0.03825327252120272	0.07523185296452634	0.07523185296452634	0.07523185296452634	0.06288852472550713	0.06288852472550713	0.08917371102827962	0.07523185296452634	0.12577704945101426
UP000002149	0.015463398440795155	0.03171369424920028	0.03171369424920028	0.03171369424920028	0.03171369424920028	0.030178003895245283	0.03171369424920028	0.015463398440795155	0.04489260934969541	0.03171369424920028	0.04489260934969541	0.04489260934969541	0.06665506482290712	0.06665506482290712	0.06665506482290712	0.06342738849840056	0.06342738849840056	0.09360539239364583	0.06665506482290712	0.12685477699680112
UP000007978	0.015552617717000474	0.031723947954721936	0.031723947954721936	0.031723947954721936	0.031723947954721936	0.030510194755835253	0.031723947954721936	0.015552617717000474	0.04546777179467003	0.031723947954721936	0.04546777179467003	0.04546777179467003	0.06597197309869184	0.06597197309869184	0.06597197309869184	0.06344789590944387	0.06344789590944387	0.09395809066527913	0.06597197309869184	0.12689579181888774
UP000002258	0.01770430177044282	0.031235634819252654	0.031235634819252654	0.031235634819252654	0.031235634819252654	0.040868486706861475	0.031235634819252654	0.01770430177044282	0.06403267164328014	0.031235634819252654	0.06403267164328014	0.06403267164328014	0.04774656275187713	0.04774656275187713	0.04774656275187713	0.06247126963850531	0.06247126963850531	0.1033397563453668	0.04774656275187713	0.12494253927701061
UP000000598	0.018257574739435553	0.03066012258080521	0.03066012258080521	0.03066012258080521	0.03066012258080521	0.04513423263501707	0.03066012258080521	0.018257574739435553	0.07201089053059857	0.03066012258080521	0.07201089053059857	0.07201089053059857	0.041655438091603936	0.041655438091603936	0.041655438091603936	0.06132024516161042	0.06132024516161042	0.10645447779662749	0.041655438091603936	0.12264049032322084
UP000030651	0.014813608469190612	0.03159044494779771	0.03159044494779771	0.03159044494779771	0.03159044494779771	0.027893726175427867	0.03159044494779771	0.014813608469190612	0.040973843881665126	0.03159044494779771	0.040973843881665126	0.040973843881665126	0.07155416997525109	0.07155416997525109	0.07155416997525109	0.06318088989559542	0.06318088989559542	0.0910746160710233	0.07155416997525109	0.12636177979119084
UP000016933	0.013974925571499826	0.03131985747560056	0.03131985747560056	0.03131985747560056	0.03131985747560056	0.02523461490373565	0.03131985747560056	0.013974925571499826	0.03649430423597147	0.03131985747560056	0.03649430423597147	0.03649430423597147	0.07774507168300143	0.07774507168300143	0.07774507168300143	0.06263971495120112	0.06263971495120112	0.08787432985493678	0.07774507168300143	0.12527942990240223
UP000001471	0.01438712617893611	0.031467402561415794	0.031467402561415794	0.031467402561415794	0.031467402561415794	0.026505747391702365	0.031467402561415794	0.01438712617893611	0.03862436860446862	0.031467402561415794	0.03862436860446862	0.03862436860446862	0.07471567651566613	0.07471567651566613	0.07471567651566613	0.06293480512283159	0.06293480512283159	0.08944055251453396	0.07471567651566613	0.12586961024566318
UP000000599	0.01862892289586394	0.02991297901618307	0.02991297901618307	0.02991297901618307	0.02991297901618307	0.04938353493958968	0.02991297901618307	0.01862892289586394	0.08013814698331541	0.02991297901618307	0.08013814698331541	0.08013814698331541	0.03623824478005436	0.03623824478005436	0.03623824478005436	0.05982595803236614	0.05982595803236614	0.10920949297195581	0.03623824478005436	0.11965191606473229
UP000008062	0.013983951418741748	0.03132337544706086	0.03132337544706086	0.03132337544706086	0.03132337544706086	0.02526177108347522	0.03132337544706086	0.013983951418741748	0.036539590748208686	0.03132337544706086	0.036539590748208686	0.036539590748208686	0.07767894389949156	0.07767894389949156	0.07767894389949156	0.06264675089412172	0.06264675089412172	0.08790852197759694	0.07767894389949156	0.12529350178824344
UP000054270	0.016531071836020463	0.031708722586050946	0.031708722586050946	0.031708722586050946	0.031708722586050946	0.034536251988628745	0.031708722586050946	0.016531071836020463	0.052541432141237035	0.031708722586050946	0.052541432141237035	0.052541432141237035	0.05822537363754382	0.05822537363754382	0.05822537363754382	0.06341744517210189	0.06341744517210189	0.09795369716073063	0.05822537363754382	0.12683489034420378
UP000094569	0.015072046603011674	0.03164925714705231	0.03164925714705231	0.03164925714705231	0.03164925714705231	0.02877559390367742	0.03164925714705231	0.015072046603011674	0.042479141204343165	0.03164925714705231	0.042479141204343165	0.042479141204343165	0.06961979525518887	0.06961979525518887	0.06961979525518887	0.06329851429410462	0.06329851429410462	0.09207410819778203	0.06961979525518887	0.12659702858820923
UP000016934	0.014164886850642839	0.0313912169883601	0.0313912169883601	0.0313912169883601	0.0313912169883601	0.025812406542152864	0.0313912169883601	0.014164886850642839	0.03745992623366289	0.0313912169883601	0.03745992623366289	0.03745992623366289	0.07635154067491456	0.07635154067491456	0.07635154067491456	0.0627824339767202	0.0627824339767202	0.08859484051887308	0.07635154067491456	0.1255648679534404
UP000008066	0.013180366657441617	0.030962504195779908	0.030962504195779908	0.030962504195779908	0.030962504195779908	0.022949836995304763	0.030962504195779908	0.013180366657441617	0.03271930733316791	0.030962504195779908	0.03271930733316791	0.03271930733316791	0.08354540089063124	0.08354540089063124	0.08354540089063124	0.061925008391559816	0.061925008391559816	0.08487484538686459	0.08354540089063124	0.12385001678311963
UP000009097	0.015113604515198208	0.03165754334341486	0.03165754334341486	0.03165754334341486	0.03165754334341486	0.02892053669825453	0.03165754334341486	0.015113604515198208	0.04272746888131086	0.03165754334341486	0.04272746888131086	0.04272746888131086	0.06930715435863105	0.06930715435863105	0.06930715435863105	0.06331508668682972	0.06331508668682972	0.09223562338508424	0.06930715435863105	0.12663017337365945
UP000006564	0.014835385152942488	0.031595874146080886	0.031595874146080886	0.031595874146080886	0.031595874146080886	0.027966783212166713	0.031595874146080886	0.014835385152942488	0.041098181271390935	0.031595874146080886	0.041098181271390935	0.041098181271390935	0.07139178327957867	0.07139178327957867	0.07139178327957867	0.06319174829216177	0.06319174829216177	0.09115853150432847	0.07139178327957867	0.12638349658432355
UP000095358	0.01865274250640499	0.02984124808364685	0.02984124808364685	0.02984124808364685	0.02984124808364685	0.04974937114981818	0.02984124808364685	0.01865274250640499	0.08084599979323136	0.02984124808364685	0.08084599979323136	0.08084599979323136	0.03579945099237748	0.03579945099237748	0.03579945099237748	0.0596824961672937	0.0596824961672937	0.10943186731711187	0.03579945099237748	0.1193649923345874
UP000001610	0.013145391506570155	0.03094467806102153	0.03094467806102153	0.03094467806102153	0.03094467806102153	0.022853719833796922	0.03094467806102153	0.013145391506570155	0.03256204816102369	0.03094467806102153	0.03256204816102369	0.03256204816102369	0.08380019596496258	0.08380019596496258	0.08380019596496258	0.06188935612204306	0.06188935612204306	0.08474307595583998	0.08380019596496258	0.12377871224408613
UP000002311	0.018300880221045132	0.030595575518933382	0.030595575518933382	0.030595575518933382	0.030595575518933382	0.04554207723733618	0.030595575518933382	0.018300880221045132	0.07278327425362724	0.030595575518933382	0.07278327425362724	0.07278327425362724	0.04110876350485539	0.04110876350485539	0.04110876350485539	0.061191151037866764	0.061191151037866764	0.10673322827520293	0.04110876350485539	0.12238230207573353
UP000030669	0.011770232821507824	0.0301119660860266	0.0301119660860266	0.0301119660860266	0.0301119660860266	0.019323411066690138	0.0301119660860266	0.011770232821507824	0.02687658931187245	0.0301119660860266	0.02687658931187245	0.02687658931187245	0.09384787172789029	0.09384787172789029	0.09384787172789029	0.0602239321720532	0.0602239321720532	0.07954734323874334	0.09384787172789029	0.1204478643441064
UP000001611	0.012269989435016223	0.030443798925109487	0.030443798925109487	0.030443798925109487	0.030443798925109487	0.0205540336150478	0.030443798925109487	0.012269989435016223	0.028838077795079374	0.030443798925109487	0.028838077795079374	0.028838077795079374	0.09018423442822052	0.09018423442822052	0.09018423442822052	0.06088759785021897	0.06088759785021897	0.08144163146526677	0.09018423442822052	0.12177519570043795
UP000016935	0.015817521255421543	0.03174392407142483	0.03174392407142483	0.03174392407142483	0.03174392407142483	0.03152690532388868	0.03174392407142483	0.015817521255421543	0.04723628939235582	0.03174392407142483	0.04723628939235582	0.04723628939235582	0.06392487338037867	0.06392487338037867	0.06392487338037867	0.06348784814284966	0.06348784814284966	0.09501475346673835	0.06392487338037867	0.12697569628569932
UP000008142	0.015911745567862165	0.03174705803026022	0.03174705803026022	0.03174705803026022	0.03174705803026022	0.031900293164733515	0.03174705803026022	0.015911745567862165	0.04788884076160486	0.03174705803026022	0.04788884076160486	0.04788884076160486	0.06318911794145761	0.06318911794145761	0.06318911794145761	0.06349411606052044	0.06349411606052044	0.09539440922525395	0.06318911794145761	0.12698823212104088
UP000009138	0.018172256494667083	0.03077640200976611	0.03077640200976611	0.03077640200976611	0.03077640200976611	0.04437243846752457	0.03077640200976611	0.018172256494667083	0.07057262044038204	0.03077640200976611	0.07057262044038204	0.07057262044038204	0.042692579149553184	0.042692579149553184	0.042692579149553184	0.06155280401953222	0.06155280401953222	0.1059252424870568	0.042692579149553184	0.12310560803906444
UP000006701	0.013792354137067262	0.031246017768532124	0.031246017768532124	0.031246017768532124	0.031246017768532124	0.024691443099646906	0.031246017768532124	0.013792354137067262	0.03559053206222655	0.031246017768532124	0.03559053206222655	0.03559053206222655	0.07908113126084453	0.07908113126084453	0.07908113126084453	0.06249203553706425	0.06249203553706425	0.08718347863671115	0.07908113126084453	0.1249840710741285
UP000054279	0.016116354686790284	0.03174617791133784	0.03174617791133784	0.03174617791133784	0.03174617791133784	0.03273438578406432	0.03174617791133784	0.016116354686790284	0.04935241688133835	0.03174617791133784	0.04935241688133835	0.04935241688133835	0.06157560545821754	0.06157560545821754	0.06157560545821754	0.06349235582267568	0.06349235582267568	0.09622674160674001	0.06157560545821754	0.12698471164535136
UP000054317	0.011880968555404579	0.030188318519405306	0.030188318519405306	0.030188318519405306	0.030188318519405306	0.01959139164187433	0.030188318519405306	0.011880968555404579	0.027301814728344084	0.030188318519405306	0.027301814728344084	0.027301814728344084	0.09303418477748125	0.09303418477748125	0.09303418477748125	0.06037663703881061	0.06037663703881061	0.07996802868068494	0.09303418477748125	0.12075327407762122
UP000217790	0.015150052928686639	0.03166453624220644	0.03166453624220644	0.03166453624220644	0.03166453624220644	0.029048405022699997	0.03166453624220644	0.015150052928686639	0.042946757116713356	0.03166453624220644	0.042946757116713356	0.042946757116713356	0.06903255821794592	0.06903255821794592	0.06903255821794592	0.06332907248441288	0.06332907248441288	0.09237747750711287	0.06903255821794592	0.12665814496882577
UP000002428	0.018044288634547337	0.030928228911022856	0.030928228911022856	0.030928228911022856	0.030928228911022856	0.04331577742911688	0.030928228911022856	0.018044288634547337	0.06858726622368641	0.030928228911022856	0.06858726622368641	0.06858726622368641	0.04416660165631165	0.04416660165631165	0.04416660165631165	0.06185645782204571	0.06185645782204571	0.10517223525116258	0.04416660165631165	0.12371291564409143
UP000009297	0.015452147875211233	0.03171227994997186	0.03171227994997186	0.03171227994997186	0.03171227994997186	0.030136461191953463	0.03171227994997186	0.015452147875211233	0.04482077450869569	0.03171227994997186	0.04482077450869569	0.04482077450869569	0.06674099478500843	0.06674099478500843	0.06674099478500843	0.06342455989994372	0.06342455989994372	0.09356102109189719	0.06674099478500843	0.12684911979988744
UP000001628	0.015310373780778397	0.03169218498072148	0.03169218498072148	0.03169218498072148	0.03169218498072148	0.02961938652950065	0.03169218498072148	0.015310373780778397	0.0439283992782229	0.03169218498072148	0.0439283992782229	0.0439283992782229	0.06782008046330736	0.06782008046330736	0.06782008046330736	0.06338436996144296	0.06338436996144296	0.09300375649094361	0.06782008046330736	0.12676873992288593
UP000016936	0.014033551965618913	0.03134248274332678	0.03134248274332678	0.03134248274332678	0.03134248274332678	0.025411526913982897	0.03134248274332678	0.014033551965618913	0.03678950186234688	0.03134248274332678	0.03678950186234688	0.03678950186234688	0.07731540319013183	0.07731540319013183	0.07731540319013183	0.06268496548665356	0.06268496548665356	0.08809649240063645	0.07731540319013183	0.12536993097330712
UP000009328	0.018833079122279883	0.02757718873632443	0.02757718873632443	0.02757718873632443	0.02757718873632443	0.059395799042484126	0.02757718873632443	0.018833079122279883	0.09995851896268838	0.02757718873632443	0.09995851896268838	0.09995851896268838	0.025607916750303977	0.025607916750303977	0.025607916750303977	0.05515437747264886	0.05515437747264886	0.11455017651513298	0.025607916750303977	0.11030875494529772
UP000008177	0.016804668866376715	0.03165388263216525	0.03165388263216525	0.03165388263216525	0.03165388263216525	0.035822301729821114	0.03165388263216525	0.016804668866376715	0.05483993459326551	0.03165388263216525	0.05483993459326551	0.05483993459326551	0.0559410332282909	0.0559410332282909	0.0559410332282909	0.0633077652643305	0.0633077652643305	0.09913006699415162	0.0559410332282909	0.126615530528661
UP000030671	0.01452467320084178	0.0315104875874383	0.0315104875874383	0.0315104875874383	0.0315104875874383	0.026944809603469875	0.0315104875874383	0.01452467320084178	0.039364946006097974	0.0315104875874383	0.039364946006097974	0.039364946006097974	0.0736995987435175	0.0736995987435175	0.0736995987435175	0.0630209751748766	0.0630209751748766	0.08996578477834648	0.0736995987435175	0.1260419503497532
UP000018087	0.013944020658161792	0.03130771657287066	0.03130771657287066	0.03130771657287066	0.03130771657287066	0.02514185049060751	0.03130771657287066	0.013944020658161792	0.03633968032305323	0.03130771657287066	0.03633968032305323	0.03633968032305323	0.07797143789184278	0.07797143789184278	0.07797143789184278	0.06261543314574132	0.06261543314574132	0.08775728363634884	0.07797143789184278	0.12523086629148264
UP000002485	0.01834588046779465	0.030523968849466288	0.030523968849466288	0.030523968849466288	0.030523968849466288	0.045983332224603914	0.030523968849466288	0.01834588046779465	0.07362078398141318	0.030523968849466288	0.07362078398141318	0.07362078398141318	0.040523930269875684	0.040523930269875684	0.040523930269875684	0.061047937698932575	0.061047937698932575	0.10703126992353648	0.040523930269875684	0.12209587539786515
UP000006702	0.014109222121429274	0.03137089319802872	0.03137089319802872	0.03137089319802872	0.03137089319802872	0.02564171790288904	0.03137089319802872	0.014109222121429274	0.037174213684348804	0.03137089319802872	0.037174213684348804	0.037174213684348804	0.07676029693246433	0.07676029693246433	0.07676029693246433	0.06274178639605744	0.06274178639605744	0.08838350429894648	0.07676029693246433	0.1254835727921149
UP000001631	0.015256522671010565	0.031683470359592285	0.031683470359592285	0.031683470359592285	0.031683470359592285	0.029426013462830063	0.031683470359592285	0.015256522671010565	0.043595504254649566	0.031683470359592285	0.043595504254649566	0.043595504254649566	0.06822822230372336	0.06822822230372336	0.06822822230372336	0.06336694071918457	0.06336694071918457	0.09279295418201465	0.06822822230372336	0.12673388143836914
UP000054321	0.016524122741673024	0.031709781699625066	0.031709781699625066	0.031709781699625066	0.031709781699625066	0.03450468144761534	0.031709781699625066	0.016524122741673024	0.05248524015355767	0.031709781699625066	0.05248524015355767	0.05248524015355767	0.05828254099168729	0.05828254099168729	0.05828254099168729	0.06341956339925013	0.06341956339925013	0.09792424484686547	0.05828254099168729	0.12683912679850026
UP000008181	0.009993873392279556	0.02866848250657875	0.02866848250657875	0.02866848250657875	0.02866848250657875	0.015342178396663119	0.02866848250657875	0.009993873392279556	0.020690483401046685	0.02866848250657875	0.020690483401046685	0.020690483401046685	0.1071401815284287	0.1071401815284287	0.1071401815284287	0.0573369650131575	0.0573369650131575	0.07267914340982062	0.1071401815284287	0.114673930026315
UP000000724	0.014675707926611088	0.03155410093066897	0.03155410093066897	0.03155410093066897	0.03155410093066897	0.0274361883287095	0.03155410093066897	0.014675707926611088	0.04019666873080791	0.03155410093066897	0.04019666873080791	0.04019666873080791	0.07258014660155793	0.07258014660155793	0.07258014660155793	0.06310820186133793	0.06310820186133793	0.09054439019004742	0.07258014660155793	0.12621640372267587
UP000030816	0.014983898693180966	0.03163059275611041	0.03163059275611041	0.03163059275611041	0.03163059275611041	0.028471094360907452	0.03163059275611041	0.014983898693180966	0.04195829002863394	0.03163059275611041	0.04195829002863394	0.04195829002863394	0.0702814149270387	0.0702814149270387	0.0702814149270387	0.06326118551222082	0.06326118551222082	0.09173227987312826	0.0702814149270387	0.12652237102444164
UP000269793	0.01417026504591928	0.03139315459125282	0.03139315459125282	0.03139315459125282	0.03139315459125282	0.025828959769767557	0.03139315459125282	0.01417026504591928	0.03748765449361584	0.03139315459125282	0.03748765449361584	0.03748765449361584	0.07631202835693346	0.07631202835693346	0.07631202835693346	0.06278630918250563	0.06278630918250563	0.08861526895227319	0.07631202835693346	0.12557261836501127
UP000009882	0.014097321777080977	0.031366484739323866	0.031366484739323866	0.031366484739323866	0.031366484739323866	0.0256053770152574	0.031366484739323866	0.014097321777080977	0.037113432253433824	0.031366484739323866	0.037113432253433824	0.037113432253433824	0.07684763745645998	0.07684763745645998	0.07684763745645998	0.06273296947864773	0.06273296947864773	0.08833834649390514	0.07684763745645998	0.12546593895729546
UP000001640	0.018790655884842064	0.029270924784873663	0.029270924784873663	0.029270924784873663	0.029270924784873663	0.052481465915630986	0.029270924784873663	0.018790655884842064	0.08617227594641992	0.029270924784873663	0.08617227594641992	0.08617227594641992	0.032651033000453876	0.032651033000453876	0.032651033000453876	0.058541849569747326	0.058541849569747326	0.11102331548537829	0.032651033000453876	0.11708369913949465
UP000054361	0.013688021231041148	0.031201558885659626	0.031201558885659626	0.031201558885659626	0.031201558885659626	0.024386141103585814	0.031201558885659626	0.013688021231041148	0.035084260976130474	0.031201558885659626	0.035084260976130474	0.035084260976130474	0.07984348755795016	0.07984348755795016	0.07984348755795016	0.06240311777131925	0.06240311777131925	0.08678925887490506	0.07984348755795016	0.1248062355426385
UP000218811	0.010589559799381372	0.02919862892997965	0.02919862892997965	0.02919862892997965	0.02919862892997965	0.016615588073965397	0.02919862892997965	0.010589559799381372	0.02264161634854943	0.02919862892997965	0.02264161634854943	0.02264161634854943	0.10262169808199591	0.10262169808199591	0.10262169808199591	0.0583972578599593	0.0583972578599593	0.0750128459339247	0.10262169808199591	0.1167945157199186
UP000000741	0.01725599780269647	0.02233129127407778	0.02233129127407778	0.02233129127407778	0.02233129127407778	0.07592639033186449	0.02233129127407778	0.01725599780269647	0.13459678286103255	0.02233129127407778	0.13459678286103255	0.13459678286103255	0.013136053690633987	0.013136053690633987	0.013136053690633987	0.04466258254815556	0.04466258254815556	0.12058897288002007	0.013136053690633987	0.08932516509631112
UP000001742	0.018496528877746887	0.025731362508424328	0.025731362508424328	0.025731362508424328	0.025731362508424328	0.06578463500290317	0.025731362508424328	0.018496528877746887	0.11307274112805947	0.025731362508424328	0.11307274112805947	0.11307274112805947	0.020129412179933064	0.020129412179933064	0.020129412179933064	0.051462725016848655	0.051462725016848655	0.11724736001975183	0.020129412179933064	0.10292545003369731
UP000184304	0.014283325528487933	0.03143281497681702	0.03143281497681702	0.03143281497681702	0.03143281497681702	0.026179504057151515	0.03143281497681702	0.014283325528487933	0.0380756825858151	0.03143281497681702	0.0380756825858151	0.0380756825858151	0.07548056336055091	0.07548056336055091	0.07548056336055091	0.06286562995363404	0.06286562995363404	0.08904513401078554	0.07548056336055091	0.12573125990726808
UP000000819	0.016425174759651613	0.03172318663666317	0.03172318663666317	0.03172318663666317	0.03172318663666317	0.034060562158618565	0.03172318663666317	0.016425174759651613	0.051695949557585524	0.03172318663666317	0.051695949557585524	0.051695949557585524	0.05909242282602309	0.05909242282602309	0.05909242282602309	0.06344637327332633	0.06344637327332633	0.09750693543194493	0.05909242282602309	0.12689274654665267
UP000006706	0.013967818915084931	0.031317078684819435	0.031317078684819435	0.031317078684819435	0.031317078684819435	0.02521325346584041	0.031317078684819435	0.013967818915084931	0.036458688016595894	0.031317078684819435	0.036458688016595894	0.036458688016595894	0.07779713305781268	0.07779713305781268	0.07779713305781268	0.06263415736963887	0.06263415736963887	0.08784741083547928	0.07779713305781268	0.12526831473927774
UP000011064	0.013017763502252025	0.030878177194107112	0.030878177194107112	0.030878177194107112	0.030878177194107112	0.022505906919548402	0.030878177194107112	0.013017763502252025	0.03199405033684478	0.030878177194107112	0.03199405033684478	0.03199405033684478	0.08472991826003771	0.08472991826003771	0.08472991826003771	0.061756354388214224	0.061756354388214224	0.08426226130776264	0.08472991826003771	0.12351270877642845
UP000031176	0.014409205552250207	0.03147453126038775	0.03147453126038775	0.03147453126038775	0.03147453126038775	0.02657570083033288	0.03147453126038775	0.014409205552250207	0.038742196108415554	0.03147453126038775	0.038742196108415554	0.038742196108415554	0.07455277468584577	0.07455277468584577	0.07455277468584577	0.0629490625207755	0.0629490625207755	0.08952476335110839	0.07455277468584577	0.125898125041551
UP000011185	0.017585253393059948	0.03131848065440449	0.03131848065440449	0.03131848065440449	0.03131848065440449	0.040102985825010554	0.03131848065440449	0.017585253393059948	0.06262071825696117	0.03131848065440449	0.06262071825696117	0.06262071825696117	0.048916419080625904	0.048916419080625904	0.048916419080625904	0.06263696130880898	0.06263696130880898	0.10273994713381952	0.048916419080625904	0.12527392261761797
UP000001743	0.01357901783398942	0.03115338220198806	0.03115338220198806	0.03115338220198806	0.03115338220198806	0.024070989064059065	0.03115338220198806	0.01357901783398942	0.034562960294128704	0.03115338220198806	0.034562960294128704	0.034562960294128704	0.08063924752242699	0.08063924752242699	0.08063924752242699	0.06230676440397612	0.06230676440397612	0.08637775346803517	0.08063924752242699	0.12461352880795223
UP000054383	0.016004014870106737	0.031747995492533716	0.031747995492533716	0.031747995492533716	0.031747995492533716	0.032272358823588726	0.031747995492533716	0.016004014870106737	0.04854070277707071	0.031747995492533716	0.04854070277707071	0.04854070277707071	0.062464304100214384	0.062464304100214384	0.062464304100214384	0.06349599098506743	0.06349599098506743	0.09576834980865616	0.062464304100214384	0.12699198197013487
UP000001744	0.01701427415108555	0.03159277768296468	0.03159277768296468	0.03159277768296468	0.03159277768296468	0.03687128651557644	0.03159277768296468	0.01701427415108555	0.056728298880067335	0.03159277768296468	0.056728298880067335	0.056728298880067335	0.05413988477475977	0.05413988477475977	0.05413988477475977	0.06318555536592936	0.06318555536592936	0.1000568418815058	0.05413988477475977	0.12637111073185872
UP000033540	0.014045065141847194	0.031346863178402275	0.031346863178402275	0.031346863178402275	0.031346863178402275	0.025446415129978705	0.031346863178402275	0.014045065141847194	0.036847765118110214	0.031346863178402275	0.036847765118110214	0.036847765118110214	0.0772309833118953	0.0772309833118953	0.0772309833118953	0.06269372635680455	0.06269372635680455	0.08814014148678326	0.0772309833118953	0.1253874527136091
UP000006753	0.011962262115326094	0.03024334971988939	0.03024334971988939	0.03024334971988939	0.03024334971988939	0.019789789558498926	0.03024334971988939	0.011962262115326094	0.02761731700167176	0.03024334971988939	0.02761731700167176	0.02761731700167176	0.09243758753227606	0.09243758753227606	0.09243758753227606	0.06048669943977878	0.06048669943977878	0.08027648899827772	0.09243758753227606	0.12097339887955756
UP000219338	0.015503579752787239	0.03171852473911652	0.03171852473911652	0.03171852473911652	0.03171852473911652	0.030327002549082948	0.03171852473911652	0.015503579752787239	0.045150425345378664	0.03171852473911652	0.045150425345378664	0.045150425345378664	0.06634779088356486	0.06634779088356486	0.06634779088356486	0.06343704947823305	0.06343704947823305	0.09376405202731601	0.06634779088356486	0.1268740989564661
UP000184499	0.014248546230330977	0.03142083372373546	0.03142083372373546	0.03142083372373546	0.03142083372373546	0.02607114527287876	0.03142083372373546	0.014248546230330977	0.037893744315426546	0.03142083372373546	0.037893744315426546	0.037893744315426546	0.07573651111688337	0.07573651111688337	0.07573651111688337	0.06284166744747093	0.06284166744747093	0.08891281272034969	0.07573651111688337	0.12568333489494185
