Proteome_ID	M	W	C	D	E	F	H	K	N	Q	Y	I	A	G	P	T	V	L	R	S
UP000000278	0.01883744268512572	0.013508298469514816	0.03234574115464054	0.03234574115464054	0.03234574115464054	0.04510642450516852	0.03234574115464054	0.04510642450516852	0.04510642450516852	0.03234574115464054	0.04510642450516852	0.0713754063252113	0.04639015316867434	0.04639015316867434	0.04639015316867434	0.06469148230928108	0.06469148230928108	0.09628960834493477	0.07873589432331489	0.11054552193343642
UP000000280	0.018053091777615386	0.014665085911291675	0.032718177688907064	0.032718177688907064	0.032718177688907064	0.04027690449187029	0.032718177688907064	0.04027690449187029	0.04027690449187029	0.032718177688907064	0.04027690449187029	0.06250071720612518	0.053155979328002596	0.053155979328002596	0.053155979328002596	0.06543635537781413	0.06543635537781413	0.09104817395839274	0.08587415701690966	0.11281961897801286
UP000000287	0.017322374208697654	0.01551486802544349	0.03283724223414115	0.03283724223414115	0.03283724223414115	0.036662831873826685	0.03283724223414115	0.036662831873826685	0.036662831873826685	0.03283724223414115	0.036662831873826685	0.05600328953895571	0.058821668836413155	0.058821668836413155	0.058821668836413155	0.0656744844682823	0.0656744844682823	0.08682244831666548	0.0916589110705543	0.11402659472786693
UP000000327	0.018836639798293416	0.013509672148512088	0.032346311946805505	0.032346311946805505	0.032346311946805505	0.0451007115677723	0.032346311946805505	0.0451007115677723	0.0451007115677723	0.032346311946805505	0.0451007115677723	0.07136478333725119	0.046397666918749796	0.046397666918749796	0.046397666918749796	0.06469262389361101	0.06469262389361101	0.09628366331287122	0.07874397886555531	0.11054860798892861
UP000000339	0.018056044265976415	0.014661285229296384	0.0327173294952728	0.0327173294952728	0.0327173294952728	0.04029288977004181	0.0327173294952728	0.04029288977004181	0.04029288977004181	0.0327173294952728	0.04029288977004181	0.06252973527410721	0.053132135987829725	0.053132135987829725	0.053132135987829725	0.0654346589905456	0.0654346589905456	0.09106626353129102	0.08584946548310253	0.11281327371511476
UP000000344	0.019955135737558836	0.010400229177751711	0.03035536491531055	0.03035536491531055	0.03035536491531055	0.05824346914815789	0.03035536491531055	0.05824346914815789	0.05824346914815789	0.03035536491531055	0.05824346914815789	0.09653180255875694	0.03164125326387122	0.03164125326387122	0.03164125326387122	0.0607107298306211	0.0607107298306211	0.10855396980102729	0.06199661817918176	0.10146632392368336
UP000000348	0.01814121600571657	0.014550153501663362	0.032691369507379935	0.032691369507379935	0.032691369507379935	0.04075978962615599	0.032691369507379935	0.04075978962615599	0.04075978962615599	0.032691369507379935	0.04075978962615599	0.0633783632465954	0.052440194126136416	0.052440194126136416	0.052440194126136416	0.06538273901475987	0.06538273901475987	0.0915923751392525	0.08513156363351634	0.11262426202380316
UP000000349	0.018065065554623144	0.01464965119000323	0.03271471674462638	0.03271471674462638	0.03271471674462638	0.040341813939972215	0.03271471674462638	0.040341813939972215	0.040341813939972215	0.03271471674462638	0.040341813939972215	0.06261856232532129	0.05305922501519893	0.05305922501519893	0.05305922501519893	0.06542943348925276	0.06542943348925276	0.09112159623922174	0.0857739417598253	0.11279380142388234
UP000000350	0.016583161484254087	0.01622899589615213	0.03281215738040622	0.03281215738040622	0.03281215738040622	0.03352821751683652	0.03281215738040622	0.03352821751683652	0.03352821751683652	0.03281215738040622	0.03352821751683652	0.05047327354941896	0.06422278019497471	0.06422278019497471	0.06422278019497471	0.06562431476081244	0.06562431476081244	0.08292353638149684	0.09703493757538094	0.1146654680373708
UP000000351	0.01776806722937602	0.015016912752250195	0.03278497998162621	0.03278497998162621	0.03278497998162621	0.038791310706655965	0.03278497998162621	0.038791310706655965	0.038791310706655965	0.03278497998162621	0.038791310706655965	0.059814554183935914	0.055417303144191195	0.055417303144191195	0.055417303144191195	0.06556995996325242	0.06556995996325242	0.08934435791765818	0.0882022831258174	0.11337185269712884
UP000000352	0.01306544893278507	0.01837014110876847	0.03143559004155354	0.03143559004155354	0.03143559004155354	0.022358026208292924	0.03143559004155354	0.022358026208292924	0.022358026208292924	0.03143559004155354	0.022358026208292924	0.03165060348380078	0.08839745620246955	0.08839745620246955	0.08839745620246955	0.06287118008310708	0.06287118008310708	0.06685906518263153	0.11983304624402309	0.11267691123342907
UP000000353	0.01680065521192065	0.016031567592810627	0.032832222804731276	0.032832222804731276	0.032832222804731276	0.0344072937340585	0.032832222804731276	0.0344072937340585	0.0344072937340585	0.032832222804731276	0.0344072937340585	0.052013932256196355	0.06265850854945265	0.06265850854945265	0.06265850854945265	0.06566444560946255	0.06566444560946255	0.08404017175071042	0.09549073135418391	0.11452823600700446
UP000000354	0.018895269009003728	0.013408021862330324	0.03230329087133405	0.03230329087133405	0.03230329087133405	0.045523446870623374	0.03230329087133405	0.045523446870623374	0.045523446870623374	0.03230329087133405	0.045523446870623374	0.07215162473224304	0.04584462174332383	0.04584462174332383	0.04584462174332383	0.0646065817426681	0.0646065817426681	0.09672200675096115	0.07814791261465788	0.11031789447633249
UP000000355	0.01930465589682046	0.012603743159243435	0.031908399056063894	0.031908399056063894	0.031908399056063894	0.04887283533257272	0.031908399056063894	0.04887283533257272	0.04887283533257272	0.031908399056063894	0.04887283533257272	0.07844101476832499	0.04166510591794728	0.04166510591794728	0.04166510591794728	0.06381679811212779	0.06381679811212779	0.10008589028545707	0.07357350497401118	0.10832894032743512
UP000000356	0.017703993605562733	0.015092172252185499	0.03279616585774823	0.03279616585774823	0.03279616585774823	0.038471805180229746	0.03279616585774823	0.038471805180229746	0.038471805180229746	0.03279616585774823	0.038471805180229746	0.05923961675489675	0.05591567590499573	0.05591567590499573	0.05591567590499573	0.06559233171549646	0.06559233171549646	0.08897196464354072	0.08871184176274395	0.1134806698254302
UP000000357	0.018070163087256307	0.014643063191397347	0.032713226278653654	0.032713226278653654	0.032713226278653654	0.04036951328004068	0.032713226278653654	0.04036951328004068	0.04036951328004068	0.032713226278653654	0.04036951328004068	0.06266886347282506	0.05301798741712833	0.05301798741712833	0.05301798741712833	0.06542645255730731	0.06542645255730731	0.09115290264595065	0.08573121369578196	0.1127827420273583
UP000000358	0.018041235193702362	0.01468031453593528	0.032721549729637645	0.032721549729637645	0.032721549729637645	0.040212842383571624	0.032721549729637645	0.040212842383571624	0.040212842383571624	0.032721549729637645	0.040212842383571624	0.06238444957344087	0.05325163570862469	0.05325163570862469	0.05325163570862469	0.06544309945927529	0.06544309945927529	0.09097562730691162	0.08597318543826234	0.11284496372484822
UP000000359	0.01810544303192992	0.014597185281359145	0.032702628313289066	0.032702628313289066	0.032702628313289066	0.04056231132975683	0.032702628313289066	0.04056231132975683	0.04056231132975683	0.032702628313289066	0.04056231132975683	0.06301917962758373	0.05273180267775175	0.05273180267775175	0.05273180267775175	0.06540525662657813	0.06540525662657813	0.09137038267497581	0.08543443099104081	0.11270507022122633
UP000000360	0.016500335445740404	0.01630165205136559	0.03280198749710599	0.03280198749710599	0.03280198749710599	0.03320177582516194	0.03280198749710599	0.03320177582516194	0.03320177582516194	0.03280198749710599	0.03320177582516194	0.04990321620458348	0.06481402617897773	0.06481402617897773	0.06481402617897773	0.06560397499421199	0.06560397499421199	0.08250409876800834	0.09761601367608372	0.11470761454268359
UP000000369	0.015424933022710927	0.017133214679925908	0.03255814770263683	0.03255814770263683	0.03255814770263683	0.02931191005533321	0.03255814770263683	0.02931191005533321	0.02931191005533321	0.03255814770263683	0.02931191005533321	0.043198887087955495	0.07232779984829726	0.07232779984829726	0.07232779984829726	0.06511629540527367	0.06511629540527367	0.07729499078068097	0.1048859475509341	0.11480765778783641
UP000000372	0.01936129746659764	0.012475312985088177	0.031836610451685815	0.031836610451685815	0.031836610451685815	0.049409428526568044	0.031836610451685815	0.049409428526568044	0.049409428526568044	0.031836610451685815	0.049409428526568044	0.07945755958653844	0.041027382638412095	0.041027382638412095	0.041027382638412095	0.06367322090337163	0.06367322090337163	0.1006073364448515	0.0728639930900979	0.10798514434014563
UP000000373	0.018766271994012585	0.013628183721813753	0.03239445571582634	0.03239445571582634	0.03239445571582634	0.04460779069834003	0.03239445571582634	0.04460779069834003	0.04460779069834003	0.03239445571582634	0.04460779069834003	0.07044930940266748	0.047050111413102745	0.047050111413102745	0.047050111413102745	0.06478891143165268	0.06478891143165268	0.09576851840817895	0.07944456712892907	0.11081155086929276
UP000000375	0.014844488368334775	0.017506166977313695	0.032350655345648474	0.032350655345648474	0.032350655345648474	0.02743198597436071	0.032350655345648474	0.02743198597436071	0.02743198597436071	0.032350655345648474	0.02743198597436071	0.04001948358038664	0.07630252525435856	0.07630252525435856	0.07630252525435856	0.06470131069129695	0.06470131069129695	0.07462712968834395	0.10865318060000706	0.11455813301425913
UP000000394	0.015542880272764412	0.017051334878693526	0.03259421515145794	0.03259421515145794	0.03259421515145794	0.0297107521075588	0.03259421515145794	0.0297107521075588	0.0297107521075588	0.03259421515145794	0.0297107521075588	0.04387862394235319	0.07151504327413147	0.07151504327413147	0.07151504327413147	0.06518843030291588	0.06518843030291588	0.07784784753178114	0.1041092584255894	0.11483398033306734
UP000000395	0.018904401722563146	0.013391936406074193	0.03229633812863734	0.03229633812863734	0.03229633812863734	0.045590341205217266	0.03229633812863734	0.045590341205217266	0.045590341205217266	0.03229633812863734	0.045590341205217266	0.07227628068787138	0.04575765080696124	0.04575765080696124	0.04575765080696124	0.06459267625727468	0.06459267625727468	0.09679108105641773	0.07805398893559859	0.1102809507919862
UP000000396	0.018405830876228147	0.014184870631360456	0.0325907015075886	0.0325907015075886	0.0325907015075886	0.042288643701840906	0.0325907015075886	0.042288643701840906	0.042288643701840906	0.0325907015075886	0.042288643701840906	0.06617145652745367	0.05023352521048106	0.05023352521048106	0.05023352521048106	0.0651814030151772	0.0651814030151772	0.09328517608565765	0.08282422671806965	0.11195697515412627
UP000000398	0.014647762210145092	0.017621774850837327	0.03226953706098242	0.03226953706098242	0.03226953706098242	0.026823433479419064	0.03226953706098242	0.026823433479419064	0.026823433479419064	0.03226953706098242	0.026823433479419064	0.03899910474869304	0.07764278371962326	0.07764278371962326	0.07764278371962326	0.06453907412196484	0.06453907412196484	0.07374073275054657	0.10991232078060567	0.1144303860337846
UP000000399	0.008687595988257434	0.01887175418883978	0.027559350177097215	0.027559350177097215	0.027559350177097215	0.012686923411662514	0.027559350177097215	0.012686923411662514	0.012686923411662514	0.027559350177097215	0.012686923411662514	0.01668625083506759	0.11973238231826608	0.11973238231826608	0.11973238231826608	0.05511870035419443	0.05511870035419443	0.04893386957701716	0.1472917324953633	0.10154980472013142
UP000000400	0.011214467412271821	0.018864545916555252	0.03007901332882707	0.03007901332882707	0.03007901332882707	0.017881167999564396	0.03007901332882707	0.017881167999564396	0.017881167999564396	0.03007901332882707	0.017881167999564396	0.02454786858685697	0.10119551953852202	0.10119551953852202	0.10119551953852202	0.06015802665765414	0.06015802665765414	0.05917464874066329	0.13127453286734908	0.10910158590303647
UP000000401	0.013731498736871609	0.01809316285733594	0.03182466159420755	0.03182466159420755	0.03182466159420755	0.024152786548596393	0.03182466159420755	0.024152786548596393	0.024152786548596393	0.03182466159420755	0.024152786548596393	0.03457407436032118	0.08386685184734406	0.08386685184734406	0.08386685184734406	0.0636493231884151	0.0636493231884151	0.06970894687967555	0.1156915134415516	0.11356714763995861
UP000000409	0.01839625247461834	0.014198667604039341	0.03259492007865768	0.03259492007865768	0.03259492007865768	0.042231031522028714	0.03259492007865768	0.042231031522028714	0.042231031522028714	0.03259492007865768	0.042231031522028714	0.0660658105694391	0.050315077640473604	0.050315077640473604	0.050315077640473604	0.06518984015731535	0.06518984015731535	0.09322220407530474	0.08290999771913128	0.11198342784001239
UP000000410	0.01576496693839156	0.016891257736041554	0.03265622467443311	0.03265622467443311	0.03265622467443311	0.030478742931417335	0.03265622467443311	0.030478742931417335	0.030478742931417335	0.03265622467443311	0.030478742931417335	0.045192518924443106	0.06997854290688507	0.06997854290688507	0.06997854290688507	0.06531244934886622	0.06531244934886622	0.078899934544242	0.10263476758131819	0.1148599317593409
UP000000411	0.01753398602613698	0.015285672039326539	0.03281965806546352	0.03281965806546352	0.03281965806546352	0.03764698237813199	0.03281965806546352	0.03764698237813199	0.03764698237813199	0.03281965806546352	0.03764698237813199	0.05775997873012702	0.05722264508294918	0.05722264508294918	0.05722264508294918	0.06563931613092704	0.06563931613092704	0.08800062646973249	0.0900423031484127	0.11374464623571708
UP000000412	0.015413788824262219	0.01714084110638306	0.03255462993064528	0.03255462993064528	0.03255462993064528	0.029274537223036936	0.03255462993064528	0.029274537223036936	0.029274537223036936	0.03255462993064528	0.029274537223036936	0.04313528562181165	0.07240448734316979	0.07240448734316979	0.07240448734316979	0.06510925986129056	0.06510925986129056	0.07724295597794444	0.10495911727381506	0.1148047308983189
UP000000413	0.018232942538260813	0.014427108104091134	0.032660050642351945	0.032660050642351945	0.032660050642351945	0.04127568895736123	0.032660050642351945	0.04127568895736123	0.04127568895736123	0.032660050642351945	0.04127568895736123	0.06431843537646165	0.051685577389775306	0.051685577389775306	0.051685577389775306	0.06532010128470389	0.06532010128470389	0.09216868213797398	0.08434562803212725	0.11240726003114698
UP000000414	0.013957295916215641	0.017986941343915423	0.03194423726013106	0.03194423726013106	0.03194423726013106	0.024787714805567736	0.03194423726013106	0.024787714805567736	0.024787714805567736	0.03194423726013106	0.024787714805567736	0.03561813369491983	0.08233387402878616	0.08233387402878616	0.08233387402878616	0.06388847452026213	0.06388847452026213	0.07068924798191445	0.11427811128891723	0.11381965312430861
UP000000469	0.01917969988872677	0.01286991888845914	0.032049618777185915	0.032049618777185915	0.032049618777185915	0.04776269959601303	0.032049618777185915	0.04776269959601303	0.04776269959601303	0.032049618777185915	0.04776269959601303	0.07634569930329928	0.04301172557041524	0.04301172557041524	0.04301172557041524	0.06409923755437183	0.06409923755437183	0.09899201826192569	0.07506134434760116	0.10901877522001686
UP000000470	0.017190144564410266	0.01565202716020358	0.03284217172461385	0.03284217172461385	0.03284217172461385	0.03606955661249672	0.03284217172461385	0.03606955661249672	0.03606955661249672	0.03284217172461385	0.03606955661249672	0.05494896866058317	0.05980712517077789	0.05980712517077789	0.05980712517077789	0.0656843434492277	0.0656843434492277	0.08610187290152083	0.09264929689539175	0.11417854233404512
UP000000472	0.01894900295338556	0.013312360639466022	0.03226136359285158	0.03226136359285158	0.03226136359285158	0.04592128252511877	0.03226136359285158	0.04592128252511877	0.04592128252511877	0.03226136359285158	0.04592128252511877	0.07289356209685198	0.045329551947982216	0.045329551947982216	0.045329551947982216	0.06452272718570316	0.06452272718570316	0.09713164907135591	0.0775909155408338	0.11009645141802077
UP000000473	0.01354950137787357	0.018174190913708973	0.03172369229158254	0.03172369229158254	0.03172369229158254	0.023651133327305486	0.03172369229158254	0.023651133327305486	0.023651133327305486	0.03172369229158254	0.023651133327305486	0.0337527652767374	0.0851031228553536	0.0851031228553536	0.0851031228553536	0.06344738458316508	0.06344738458316508	0.0689243269967616	0.11682681514693614	0.11334526778845659
UP000000477	0.016534431955758336	0.016271906385393265	0.032806338341151604	0.032806338341151604	0.032806338341151604	0.03333562498284046	0.032806338341151604	0.03333562498284046	0.03333562498284046	0.032806338341151604	0.03333562498284046	0.05013681800992259	0.06457091090436236	0.06457091090436236	0.06457091090436236	0.06561267668230321	0.06561267668230321	0.08267639527975039	0.09737724924551394	0.11469092140884807
UP000000513	0.019944545820829045	0.010472843187682069	0.030417389008511115	0.030417389008511115	0.030417389008511115	0.05792705934371032	0.030417389008511115	0.05792705934371032	0.05792705934371032	0.030417389008511115	0.05792705934371032	0.0959095728665916	0.03194422656966971	0.03194422656966971	0.03194422656966971	0.06083477801702223	0.06083477801702223	0.10828899417305048	0.06236161557818082	0.1017250102132154
UP000000514	0.019727068126250684	0.011459995607646692	0.031187063733897378	0.031187063733897378	0.031187063733897378	0.053684953467678764	0.031187063733897378	0.053684953467678764	0.053684953467678764	0.031187063733897378	0.053684953467678764	0.08764283880910685	0.03623484352753531	0.03623484352753531	0.03623484352753531	0.062374127467794756	0.062374127467794756	0.10459908532782683	0.0674219072614327	0.10502118680933882
UP000000515	0.017794852931771406	0.014985054520778494	0.032779907452549904	0.032779907452549904	0.032779907452549904	0.038926360356338494	0.032779907452549904	0.038926360356338494	0.038926360356338494	0.032779907452549904	0.038926360356338494	0.0600578677809056	0.055207952799150854	0.055207952799150854	0.055207952799150854	0.06555981490509981	0.06555981490509981	0.0895011207406598	0.08798786025170076	0.11332477687842821
UP000000516	0.019935565686938314	0.010530747323000638	0.030466313009938954	0.030466313009938954	0.030466313009938954	0.057675221484224055	0.030466313009938954	0.057675221484224055	0.057675221484224055	0.030466313009938954	0.057675221484224055	0.0954148772815098	0.032187001784586666	0.032187001784586666	0.032187001784586666	0.06093262601987791	0.06093262601987791	0.10807710018110134	0.06265331479452563	0.1019296863528175
UP000000518	0.012888419380372156	0.018434807494572113	0.031323226874944265	0.031323226874944265	0.031323226874944265	0.021899164633516887	0.031323226874944265	0.021899164633516887	0.021899164633516887	0.031323226874944265	0.021899164633516887	0.030909909886661622	0.08960565923666143	0.08960565923666143	0.08960565923666143	0.06264645374988853	0.06264645374988853	0.06611081088883332	0.1209288861116057	0.11240448811940491
UP000000519	0.016049179749665778	0.01667465817498593	0.03272383792465171	0.03272383792465171	0.03272383792465171	0.03149634321976788	0.03272383792465171	0.03149634321976788	0.03149634321976788	0.03272383792465171	0.03149634321976788	0.04694350668986998	0.06799834260421583	0.06799834260421583	0.06799834260421583	0.06544767584930342	0.06544767584930342	0.08026936089408536	0.10072218052886754	0.11484617194894105
UP000000520	0.01867045126141224	0.01378393376031645	0.03245438502172869	0.03245438502172869	0.03245438502172869	0.04395973053148086	0.03245438502172869	0.04395973053148086	0.04395973053148086	0.03245438502172869	0.04395973053148086	0.0692490098015495	0.04792054429834676	0.04792054429834676	0.04792054429834676	0.06490877004345738	0.06490877004345738	0.0950845668146218	0.08037492932007545	0.11114708882550252
UP000000521	0.017530876608986567	0.015289130790088328	0.032820007399074896	0.032820007399074896	0.032820007399074896	0.03763219164769041	0.032820007399074896	0.03763219164769041	0.03763219164769041	0.032820007399074896	0.03763219164769041	0.05773350668639425	0.05724635417248885	0.05724635417248885	0.05724635417248885	0.06564001479814979	0.06564001479814979	0.08798307565575186	0.09006636157156375	0.113749152987313
UP000000522	0.018448016381872875	0.014123548856766737	0.03257156523863961	0.03257156523863961	0.03257156523863961	0.04254460229503696	0.03257156523863961	0.04254460229503696	0.04254460229503696	0.03257156523863961	0.04254460229503696	0.06664118820820103	0.04987268912459508	0.04987268912459508	0.04987268912459508	0.06514313047727922	0.06514313047727922	0.09356418391554945	0.0824442543632347	0.11183824457268557
UP000000568	0.017663969435977152	0.015138521229068851	0.032802490665046	0.032802490665046	0.032802490665046	0.0382746890375724	0.032802490665046	0.0382746890375724	0.0382746890375724	0.032802490665046	0.0382746890375724	0.058885408639167636	0.056225323883058606	0.056225323883058606	0.056225323883058606	0.065604981330092	0.065604981330092	0.08874114913859554	0.0890278145481046	0.11354599322420687
UP000000569	0.0159623370587699	0.01674228326757321	0.03270462032634311	0.03270462032634311	0.03270462032634311	0.031181062026306036	0.03270462032634311	0.031181062026306036	0.031181062026306036	0.03270462032634311	0.031181062026306036	0.046399786993842174	0.0686052444132845	0.0686052444132845	0.0686052444132845	0.06540924065268622	0.06540924065268622	0.07984801941141904	0.10130986473962761	0.11485614424660254
UP000000570	0.01496378388870357	0.01743346016351779	0.03239724405222136	0.03239724405222136	0.03239724405222136	0.027807753253798452	0.03239724405222136	0.027807753253798452	0.027807753253798452	0.03239724405222136	0.027807753253798452	0.040651722618893334	0.07548840156914316	0.07548840156914316	0.07548840156914316	0.06479448810444272	0.06479448810444272	0.07516878119472338	0.10788564562136452	0.11462519232018187
UP000000571	0.00814484629061771	0.01876237485440887	0.026907221145026576	0.026907221145026576	0.026907221145026576	0.011680567200820106	0.026907221145026576	0.011680567200820106	0.011680567200820106	0.026907221145026576	0.011680567200820106	0.015216288111022503	0.12396633439111289	0.12396633439111289	0.12396633439111289	0.05381444229005315	0.05381444229005315	0.04673263463646439	0.1508735555361395	0.09948403828948861
UP000000572	0.017109695806454002	0.015733330942250316	0.03284302674870432	0.03284302674870432	0.03284302674870432	0.035716162019101994	0.03284302674870432	0.035716162019101994	0.035716162019101994	0.03284302674870432	0.035716162019101994	0.054322628231749985	0.06040203342336771	0.06040203342336771	0.06040203342336771	0.06568605349740864	0.06568605349740864	0.08566888457426032	0.09324506017207204	0.11426241118836329
UP000000573	0.016567049406142117	0.016243236258118212	0.03281028566426033	0.03281028566426033	0.03281028566426033	0.03346436725980431	0.03281028566426033	0.03346436725980431	0.03346436725980431	0.03281028566426033	0.03346436725980431	0.050361685113466496	0.06433797698983669	0.06433797698983669	0.06433797698983669	0.06562057132852066	0.06562057132852066	0.08284170233020675	0.09714826265409701	0.1146740932508992
UP000000574	0.016565443930042254	0.01624465238826493	0.03281009631830718	0.03281009631830718	0.03281009631830718	0.033458014238140016	0.03281009631830718	0.033458014238140016	0.033458014238140016	0.03281009631830718	0.033458014238140016	0.050350584546237795	0.06434945079253686	0.06434945079253686	0.06434945079253686	0.06562019263661437	0.06562019263661437	0.08283355448648945	0.09715954711084404	0.11467494134318647
UP000000575	0.016563671872611034	0.016246214857125133	0.03280988672973617	0.03280988672973617	0.03280988672973617	0.03345100398758682	0.03280988672973617	0.03345100398758682	0.03345100398758682	0.03280988672973617	0.03345100398758682	0.0503383361025626	0.06436211407093115	0.06436211407093115	0.06436211407093115	0.06561977345947234	0.06561977345947234	0.08282456258993402	0.09717200080066732	0.11467587504633363
UP000000587	0.01990949864190274	0.010684078303968614	0.030593576945871358	0.030593576945871358	0.030593576945871358	0.05701032520779268	0.030593576945871358	0.05701032520779268	0.05701032520779268	0.030593576945871358	0.05701032520779268	0.09411115177368264	0.032834997763353045	0.032834997763353045	0.032834997763353045	0.061187153891742715	0.061187153891742715	0.10751340079556677	0.0634285747092244	0.10246480914158268
UP000000624	0.019452227028530486	0.012256895218901411	0.031709122247431894	0.031709122247431894	0.031709122247431894	0.05032375930580544	0.031709122247431894	0.05032375930580544	0.05032375930580544	0.031709122247431894	0.05032375930580544	0.08119529158308038	0.03995998898224553	0.03995998898224553	0.03995998898224553	0.06341824449486379	0.06341824449486379	0.1014851085817678	0.07166911122967742	0.10738426196119709
UP000000668	0.014484733700658572	0.017713615609681058	0.03219834931033963	0.03219834931033963	0.03219834931033963	0.02632915411725199	0.03219834931033963	0.02632915411725199	0.02632915411725199	0.03219834931033963	0.02632915411725199	0.03817357453384541	0.07875176647861512	0.07875176647861512	0.07875176647861512	0.06439669862067926	0.06439669862067926	0.07301223712825018	0.11095011578895475	0.11430866354069995
UP000000670	0.019416274367321174	0.012345214967916563	0.03176148933523774	0.03176148933523774	0.03176148933523774	0.049953750732604454	0.03176148933523774	0.049953750732604454	0.049953750732604454	0.03176148933523774	0.049953750732604454	0.08049122709788772	0.04038904746882156	0.04038904746882156	0.04038904746882156	0.06352297867047547	0.06352297867047547	0.10113151443516337	0.0721505368040593	0.10762968297362978
UP000000672	0.01597950720129158	0.01672901504375366	0.03270852224504524	0.03270852224504524	0.03270852224504524	0.03124308666058982	0.03270852224504524	0.03124308666058982	0.03124308666058982	0.03270852224504524	0.03124308666058982	0.04650666611988805	0.06848538616410972	0.06848538616410972	0.06848538616410972	0.06541704449009048	0.06541704449009048	0.07993111610692664	0.10119390840915497	0.11485458177888941
UP000000675	0.016981619374992842	0.01585957163847754	0.03284119101347038	0.03284119101347038	0.03284119101347038	0.035164670164176404	0.03284119101347038	0.035164670164176404	0.035164670164176404	0.03284119101347038	0.035164670164176404	0.05334772095335997	0.06134246800255796	0.06134246800255796	0.06134246800255796	0.06568238202694077	0.06568238202694077	0.08498748055263962	0.09418365901602835	0.11438314467888867
UP000000676	0.01843744905947067	0.01413899591271296	0.03257644497218363	0.03257644497218363	0.03257644497218363	0.042480141335442125	0.03257644497218363	0.042480141335442125	0.042480141335442125	0.03257644497218363	0.042480141335442125	0.06652283361141359	0.04996333503910943	0.04996333503910943	0.04996333503910943	0.06515288994436726	0.06515288994436726	0.09349403536709644	0.08253978001129306	0.11186833082926387
UP000000677	0.016442958216204763	0.016351196013772388	0.032794154229977154	0.032794154229977154	0.032794154229977154	0.032978193600339725	0.032794154229977154	0.032978193600339725	0.032978193600339725	0.032794154229977154	0.032978193600339725	0.04951342898447468	0.06522228383354808	0.06522228383354808	0.06522228383354808	0.06558830845995431	0.06558830845995431	0.08221530604652164	0.09801643806352524	0.11473365870370383
UP000000678	0.01790670440798709	0.014849397709664449	0.032756102117651544	0.032756102117651544	0.032756102117651544	0.03950017702043759	0.032756102117651544	0.03950017702043759	0.03950017702043759	0.032756102117651544	0.03950017702043759	0.061093649632888075	0.054326957845624836	0.054326957845624836	0.054326957845624836	0.06551220423530309	0.06551220423530309	0.09016298354607621	0.08708305996327638	0.11311770406261906
UP000000679	0.0169793199591474	0.0158618031746104	0.0328411231337578	0.0328411231337578	0.0328411231337578	0.035154889476777765	0.0328411231337578	0.035154889476777765	0.035154889476777765	0.0328411231337578	0.035154889476777765	0.05333045899440813	0.06135928087039452	0.06135928087039452	0.06135928087039452	0.0656822462675156	0.0656822462675156	0.08497533256968298	0.09420040400415232	0.1143851725758838
UP000000680	0.018321744265813157	0.014304448091409737	0.032626192357222895	0.032626192357222895	0.032626192357222895	0.04178901198538686	0.032626192357222895	0.04178901198538686	0.04178901198538686	0.032626192357222895	0.04178901198538686	0.06525627970496056	0.050944895663134704	0.050944895663134704	0.050944895663134704	0.06525238471444579	0.06525238471444579	0.09273694860842292	0.0835710880203576	0.11218302516307842
UP000000725	0.017480465224354896	0.015344817786643272	0.03282528301099817	0.03282528301099817	0.03282528301099817	0.03739381113100086	0.03282528301099817	0.03739381113100086	0.03739381113100086	0.03282528301099817	0.03739381113100086	0.057307157037646814	0.057629814782844534	0.057629814782844534	0.057629814782844534	0.06565056602199634	0.06565056602199634	0.08769955936635393	0.0904550977938427	0.11382066681963779
UP000000728	0.016314026214741803	0.01646023311468751	0.03277425932942932	0.03277425932942932	0.03277425932942932	0.03248314420237217	0.03277425932942932	0.03248314420237217	0.03248314420237217	0.03277425932942932	0.03248314420237217	0.048652262190002536	0.0661359668818169	0.0661359668818169	0.0661359668818169	0.06554851865885863	0.06554851865885863	0.08157142974654329	0.09891022621124622	0.11478301110297544
UP000000729	0.010759636003335302	0.018924423397206458	0.02968405940054176	0.02968405940054176	0.02968405940054176	0.016877115225521735	0.02968405940054176	0.016877115225521735	0.016877115225521735	0.02968405940054176	0.016877115225521735	0.022994594447708162	0.10441871975400374	0.10441871975400374	0.10441871975400374	0.05936811880108352	0.05936811880108352	0.0573208106293988	0.13410277915454547	0.10797660159883174
UP000000730	0.010363411893360111	0.01895633331359238	0.02931974520695249	0.02931974520695249	0.02931974520695249	0.016029080685669637	0.02931974520695249	0.016029080685669637	0.016029080685669637	0.02931974520695249	0.016029080685669637	0.02169474947797916	0.1072609809456082	0.1072609809456082	0.1072609809456082	0.05863949041390498	0.05863949041390498	0.055712237785982235	0.1365807261525607	0.10691556893444985
UP000000735	0.019373560052822644	0.012446782805602049	0.03182034285842469	0.03182034285842469	0.03182034285842469	0.04952872825832829	0.03182034285842469	0.04952872825832829	0.04952872825832829	0.03182034285842469	0.04952872825832829	0.07968389646383395	0.04088674412743238	0.04088674412743238	0.04088674412743238	0.06364068571684937	0.06364068571684937	0.10072263116957564	0.07270708698585707	0.10790781138087613
UP000000744	0.01975484633328483	0.011361625278656228	0.031116471611941057	0.031116471611941057	0.031116471611941057	0.054103273083885565	0.031116471611941057	0.054103273083885565	0.054103273083885565	0.031116471611941057	0.054103273083885565	0.08845169983448631	0.0357920972387572	0.0357920972387572	0.0357920972387572	0.06223294322388211	0.06223294322388211	0.10497459102911146	0.06690856885069826	0.1047110401144794
UP000000825	0.01819997783078938	0.01447174306587367	0.03267172089666305	0.03267172089666305	0.03267172089666305	0.041088664531034345	0.03267172089666305	0.041088664531034345	0.041088664531034345	0.03267172089666305	0.041088664531034345	0.0639773512312793	0.051957947941735055	0.051957947941735055	0.051957947941735055	0.0653434417933261	0.0653434417933261	0.09196036325848678	0.0846296688383981	0.11248690575586283
UP000000826	0.017206543439262773	0.015635258155194582	0.032841801594457355	0.032841801594457355	0.032841801594457355	0.03614228048872579	0.032841801594457355	0.03614228048872579	0.03614228048872579	0.032841801594457355	0.03614228048872579	0.05507801753818881	0.059685438626716145	0.059685438626716145	0.059685438626716145	0.06568360318891471	0.06568360318891471	0.08619062552244593	0.0925272402211735	0.11416066293856664
UP000000831	0.013794795357843868	0.018064026057658798	0.03185882141550266	0.03185882141550266	0.03185882141550266	0.024329344984675743	0.03185882141550266	0.024329344984675743	0.024329344984675743	0.03185882141550266	0.024329344984675743	0.034863894611507615	0.0834370594542678	0.0834370594542678	0.0834370594542678	0.06371764283100532	0.06371764283100532	0.06998296175802227	0.11529588086977047	0.11364049030416679
UP000000832	0.019553225945403124	0.011992632931780954	0.03154585887718408	0.03154585887718408	0.03154585887718408	0.05143351837549992	0.03154585887718408	0.05143351837549992	0.05143351837549992	0.03154585887718408	0.05143351837549992	0.0833138108055967	0.03869621382048962	0.03869621382048962	0.03869621382048962	0.06309171775436816	0.06309171775436816	0.10253260319808712	0.0702420726976737	0.10663020956333318
UP000000834	0.018354958483197934	0.01425762652285461	0.03261258500605254	0.03261258500605254	0.03261258500605254	0.04198473307294963	0.03261258500605254	0.04198473307294963	0.04198473307294963	0.03261258500605254	0.04198473307294963	0.06561450766270133	0.05066511671892744	0.05066511671892744	0.05066511671892744	0.06522517001210508	0.06522517001210508	0.09295227656220009	0.08327770172497999	0.11209538154101223
UP000000835	0.01974385744640792	0.011401113404352773	0.031144970850760696	0.031144970850760696	0.031144970850760696	0.05393524674661873	0.031144970850760696	0.05393524674661873	0.05393524674661873	0.031144970850760696	0.05393524674661873	0.08812663604682955	0.03596939915197642	0.03596939915197642	0.03596939915197642	0.06228994170152139	0.06228994170152139	0.10482407504378735	0.06711437000273711	0.10483602595663487
UP000000839	0.02000466670269988	0.009940971814644747	0.02994563851734463	0.02994563851734463	0.02994563851734463	0.060260961293191126	0.02994563851734463	0.060260961293191126	0.060260961293191126	0.02994563851734463	0.060260961293191126	0.10051725588368236	0.02976193034321199	0.02976193034321199	0.02976193034321199	0.05989127703468926	0.05989127703468926	0.11021126651323561	0.05970756886055662	0.09977788736667861
UP000000840	0.01705299816723731	0.015789691769877025	0.03284268993711433	0.03284268993711433	0.03284268993711433	0.035470377729173115	0.03284268993711433	0.035470377729173115	0.035470377729173115	0.03284268993711433	0.035470377729173115	0.053887757291108916	0.06081932876729906	0.06081932876729906	0.06081932876729906	0.06568537987422866	0.06568537987422866	0.08536606583352475	0.09366201870441339	0.11431776158122002
UP000000842	0.011653039221685967	0.018783644958463408	0.030436684180149373	0.030436684180149373	0.030436684180149373	0.018882377478580917	0.030436684180149373	0.018882377478580917	0.018882377478580917	0.030436684180149373	0.018882377478580917	0.02611171573547587	0.0981223624973074	0.0981223624973074	0.0981223624973074	0.060873368360298746	0.060873368360298746	0.06097210088041626	0.12855904667745677	0.11009369749891154
UP000000846	0.017491675790413462	0.015332496782768934	0.032824172573182396	0.032824172573182396	0.032824172573182396	0.03744659417662052	0.032824172573182396	0.03744659417662052	0.03744659417662052	0.032824172573182396	0.03744659417662052	0.057401512562827564	0.05754468884578785	0.05754468884578785	0.05754468884578785	0.06564834514636479	0.06564834514636479	0.08776244254021638	0.09036886141897024	0.11380501450231612
UP000000853	0.018155255614576416	0.014531551379777997	0.03268680699435442	0.03268680699435442	0.03268680699435442	0.0408378514239472	0.03268680699435442	0.0408378514239472	0.0408378514239472	0.03268680699435442	0.0408378514239472	0.06352044723331798	0.05232534593431887	0.05232534593431887	0.05232534593431887	0.06537361398870883	0.06537361398870883	0.09167991403287803	0.08501215292867327	0.11259197236284124
UP000000854	0.019369372764254076	0.012456555378943475	0.031825928143197554	0.031825928143197554	0.031825928143197554	0.04948785976707495	0.031825928143197554	0.04948785976707495	0.04948785976707495	0.031825928143197554	0.04948785976707495	0.07960634676989582	0.040934876025892124	0.040934876025892124	0.040934876025892124	0.06365185628639511	0.06365185628639511	0.10068316067452657	0.07276080416908967	0.10793433980853612
UP000000862	0.01909888487172295	0.013031356345390722	0.03213024121711368	0.03213024121711368	0.03213024121711368	0.047090399620864816	0.03213024121711368	0.047090399620864816	0.047090399620864816	0.03213024121711368	0.047090399620864816	0.07508191437000669	0.0438455570129626	0.0438455570129626	0.0438455570129626	0.06426048243422736	0.06426048243422736	0.09831952570970144	0.07597579823007627	0.10942207999673174
UP000000866	0.0195846796505609	0.007100510974925291	0.02668519062548619	0.02668519062548619	0.02668519062548619	0.07360328174407149	0.02668519062548619	0.07360328174407149	0.07360328174407149	0.02668519062548619	0.07360328174407149	0.12762188383758208	0.019349664358570356	0.019349664358570356	0.019349664358570356	0.05337038125097238	0.05337038125097238	0.11987315202011858	0.04603485498405655	0.08715608285138388
UP000000867	0.018556681287088532	0.013961214658694538	0.03251789594578307	0.03251789594578307	0.03251789594578307	0.04322147076342058	0.03251789594578307	0.04322147076342058	0.04322147076342058	0.03251789594578307	0.04322147076342058	0.06788626023975264	0.048930012702653826	0.048930012702653826	0.048930012702653826	0.06503579189156614	0.06503579189156614	0.0942960479962922	0.08144790864843691	0.11151490249604376
UP000000868	0.019361936662757585	0.012473832474693433	0.031835769137451016	0.031835769137451016	0.031835769137451016	0.04941561840757753	0.031835769137451016	0.04941561840757753	0.04941561840757753	0.031835769137451016	0.04941561840757753	0.07946930015239748	0.04102007540262466	0.04102007540262466	0.04102007540262466	0.06367153827490203	0.06367153827490203	0.10061332420778613	0.07285584454007567	0.10798113988704648
UP000000869	0.010701021161746675	0.018930341472563193	0.029631362634309866	0.029631362634309866	0.029631362634309866	0.01675013834593052	0.029631362634309866	0.01675013834593052	0.01675013834593052	0.029631362634309866	0.01675013834593052	0.022799255530114373	0.10483706264781878	0.10483706264781878	0.10483706264781878	0.05926272526861973	0.05926272526861973	0.057082522141987065	0.13446842528212866	0.10782442937549279
UP000000870	0.010572899311961587	0.01894183454586206	0.029514733857823647	0.029514733857823647	0.029514733857823647	0.01647445016703956	0.029514733857823647	0.01647445016703956	0.01647445016703956	0.029514733857823647	0.01647445016703956	0.022376001022117536	0.10575400160437656	0.10575400160437656	0.10575400160437656	0.059029467715647294	0.059029467715647294	0.05656208333682479	0.1352687354622002	0.107486036119333
UP000000871	0.019738560994318154	0.007537640052451874	0.02727620104677003	0.02727620104677003	0.02727620104677003	0.07142725764409832	0.02727620104677003	0.07142725764409832	0.07142725764409832	0.02727620104677003	0.07142725764409832	0.1231159542938785	0.02083213518432737	0.02083213518432737	0.02083213518432737	0.05455240209354006	0.05455240209354006	0.1184420196851865	0.0481083362310974	0.08936624319276196
UP000000872	0.016919993401510756	0.003778892740956145	0.0206988861424669	0.0206988861424669	0.0206988861424669	0.0926792690232715	0.0206988861424669	0.0926792690232715	0.0926792690232715	0.0206988861424669	0.0926792690232715	0.16843854464503227	0.009245732989784958	0.009245732989784958	0.009245732989784958	0.0413977722849338	0.0413977722849338	0.13029814856724917	0.029944619132251857	0.06587555116835685
