	M	W	C	D	E	F	H	K	N	Q	Y	I	A	G	P	T	V	L	R	S
Start	171925.0	2287.0	2720.0	22206.0	25681.0	9505.0	4640.0	29284.0	15173.0	8571.0	8251.0	23369.0	22795.0	16345.0	13193.0	24718.0	21007.0	22096.0	23765.0	33906.0
M	54442.0	21232.0	19388.0	117016.0	143067.0	83222.0	38404.0	105286.0	73661.0	49791.0	75247.0	152652.0	174732.0	157419.0	86979.0	109090.0	160377.0	207361.0	111836.0	128583.0
W	21232.0	15734.0	8285.0	66368.0	75350.0	42784.0	19674.0	48323.0	37074.0	24032.0	40340.0	62270.0	80182.0	80303.0	50088.0	54742.0	77220.0	91180.0	59649.0	61340.0
C	19388.0	8285.0	90716.0	49634.0	57550.0	31140.0	19506.0	41352.0	32360.0	18305.0	31206.0	58077.0	70555.0	69629.0	39778.0	46197.0	69129.0	77461.0	44841.0	51828.0
D	117016.0	66368.0	49634.0	428240.0	508975.0	218230.0	110961.0	306534.0	205163.0	142132.0	210671.0	408987.0	499229.0	419774.0	249676.0	364966.0	515144.0	522917.0	377006.0	362678.0
E	143067.0	75350.0	57550.0	508975.0	727124.0	244576.0	125245.0	498361.0	249033.0	183327.0	238477.0	463715.0	586656.0	501927.0	307925.0	392766.0	542759.0	638658.0	516713.0	436990.0
F	83222.0	42784.0	31140.0	218230.0	244576.0	158302.0	63781.0	178408.0	141122.0	79522.0	135913.0	255738.0	295059.0	288339.0	166622.0	194668.0	272898.0	353506.0	187045.0	226472.0
H	38404.0	19674.0	19506.0	110961.0	125245.0	63781.0	42062.0	75714.0	58958.0	39952.0	60312.0	111026.0	137881.0	130106.0	77897.0	94966.0	135052.0	154941.0	96839.0	99590.0
K	105286.0	48323.0	41352.0	306534.0	498361.0	178408.0	75714.0	367042.0	208619.0	116919.0	180442.0	363025.0	313961.0	326650.0	183478.0	220126.0	341832.0	445743.0	264044.0	279427.0
N	73661.0	37074.0	32360.0	205163.0	249033.0	141122.0	58958.0	208619.0	159180.0	81626.0	140503.0	280066.0	242144.0	225294.0	131267.0	191673.0	274386.0	317823.0	173082.0	212414.0
Q	49791.0	24032.0	18305.0	142132.0	183327.0	79522.0	39952.0	116919.0	81626.0	72556.0	78614.0	145337.0	180050.0	159187.0	95900.0	132314.0	162220.0	203621.0	132972.0	143196.0
Y	75247.0	40340.0	31206.0	210671.0	238477.0	135913.0	60312.0	180442.0	140503.0	78614.0	142138.0	234654.0	263018.0	259706.0	155971.0	181968.0	251203.0	319602.0	180893.0	214611.0
I	152652.0	62270.0	58077.0	408987.0	463715.0	255738.0	111026.0	363025.0	280066.0	145337.0	234654.0	522862.0	550787.0	543010.0	288516.0	346964.0	498393.0	640070.0	332861.0	414896.0
A	174732.0	80182.0	70555.0	499229.0	586656.0	295059.0	137881.0	313961.0	242144.0	180050.0	263018.0	550787.0	829572.0	632688.0	335017.0	442489.0	701681.0	827134.0	450261.0	467318.0
G	157419.0	80303.0	69629.0	419774.0	501927.0	288339.0	130106.0	326650.0	225294.0	159187.0	259706.0	543010.0	632688.0	596046.0	327685.0	440178.0	695115.0	698010.0	398734.0	444881.0
P	86979.0	50088.0	39778.0	249676.0	307925.0	166622.0	77897.0	183478.0	131267.0	95900.0	155971.0	288516.0	335017.0	327685.0	215542.0	246348.0	366859.0	374942.0	228673.0	254819.0
T	109090.0	54742.0	46197.0	364966.0	392766.0	194668.0	94966.0	220126.0	191673.0	132314.0	181968.0	346964.0	442489.0	440178.0	246348.0	328430.0	425808.0	457307.0	267967.0	337814.0
V	160377.0	77220.0	69129.0	515144.0	542759.0	272898.0	135052.0	341832.0	274386.0	162220.0	251203.0	498393.0	701681.0	695115.0	366859.0	425808.0	654660.0	700537.0	410686.0	466487.0
L	207361.0	91180.0	77461.0	522917.0	638658.0	353506.0	154941.0	445743.0	317823.0	203621.0	319602.0	640070.0	827134.0	698010.0	374942.0	457307.0	700537.0	975770.0	502599.0	543113.0
R	111836.0	59649.0	44841.0	377006.0	516713.0	187045.0	96839.0	264044.0	173082.0	132972.0	180893.0	332861.0	450261.0	398734.0	228673.0	267967.0	410686.0	502599.0	380662.0	310329.0
S	128583.0	61340.0	51828.0	362678.0	436990.0	226472.0	99590.0	279427.0	212414.0	143196.0	214611.0	414896.0	467318.0	444881.0	254819.0	337814.0	466487.0	543113.0	310329.0	397716.0
End	7509.0	6539.0	4587.0	30485.0	48387.0	17240.0	7778.0	39312.0	17790.0	15854.0	14214.0	28240.0	30554.0	38262.0	19332.0	21085.0	31232.0	45112.0	42536.0	35385.0
