	AAA	AAC	AAG	AAT	ACA	ACC	ACG	ACT	AGA	AGC	AGG	AGT	ATA	ATC	ATG	ATT	CAA	CAC	CAG	CAT	CCA	CCC	CCG	CCT	CGA	CGC	CGG	CGT	CTA	CTC	CTG	CTT	GAA	GAC	GAG	GAT	GCA	GCC	GCG	GCT	GGA	GGC	GGG	GGT	GTA	GTC	GTG	GTT	TAA	TAC	TAG	TAT	TCA	TCC	TCG	TCT	TGA	TGC	TGG	TGT	TTA	TTC	TTG	TTT
AAA	725.0	468.5	821.5	372.0	286.0	301.5	211.0	223.5	353.0	248.0	415.0	177.0	680.5	513.5	519.5	554.0	163.0	220.0	311.0	157.5	233.0	214.5	216.5	212.0	85.0	110.5	71.0	98.5	239.0	463.0	322.0	479.5	811.5	653.5	929.5	631.5	485.0	409.0	289.5	386.0	420.0	381.5	277.5	330.5	348.5	457.0	372.0	539.0	23.5	445.5	12.0	393.5	251.5	215.0	180.5	214.5	24.5	91.0	241.5	94.0	244.5	494.5	223.5	368.5
AAC	468.5	487.0	636.5	290.0	288.5	331.0	227.0	213.0	264.0	292.0	309.0	155.0	640.0	512.0	548.0	434.0	148.5	198.0	353.5	148.5	199.5	234.5	235.5	162.5	38.5	102.0	60.0	71.0	151.5	558.5	510.0	348.0	729.5	514.5	865.0	630.0	442.0	539.5	327.0	312.5	423.0	449.0	303.0	346.0	317.0	503.5	527.0	419.5	10.5	591.5	4.0	343.0	205.0	263.5	175.0	152.5	11.0	114.5	272.5	105.0	174.0	562.0	195.0	294.0
AAG	821.5	636.5	1230.0	421.5	368.5	468.0	385.0	254.5	386.5	375.0	583.5	185.0	1052.5	682.0	693.5	519.0	170.0	360.5	496.0	208.0	255.0	347.0	414.5	269.0	58.5	167.0	96.5	114.5	221.0	941.0	638.5	490.5	900.0	961.5	1599.0	863.0	662.0	826.5	595.0	439.0	502.5	703.0	436.0	410.0	470.0	776.5	573.0	579.0	23.0	719.5	12.0	462.0	272.0	321.5	299.5	218.0	31.0	140.5	347.5	126.5	265.5	718.5	216.0	418.5
AAT	372.0	290.0	421.5	309.0	198.5	185.0	146.0	155.0	234.5	163.5	228.0	104.5	472.5	348.5	353.0	357.5	106.5	127.5	182.0	113.0	122.5	118.0	116.0	128.0	40.5	55.0	37.5	59.5	142.5	276.0	194.0	304.0	464.0	326.0	487.0	458.5	286.0	248.5	163.5	221.0	282.0	219.0	176.0	220.0	245.0	248.0	269.0	336.5	13.0	325.0	4.0	300.5	157.5	122.5	111.0	145.0	10.5	69.5	174.0	66.5	180.5	336.0	211.5	331.5
ACA	286.0	288.5	368.5	198.5	256.0	182.0	136.5	153.5	182.0	169.0	199.0	108.0	439.5	257.0	339.5	270.0	102.0	121.5	162.5	101.0	171.0	133.0	128.5	137.0	32.0	60.0	34.0	43.0	102.5	257.0	181.5	228.5	373.0	304.0	480.0	392.5	376.0	254.0	150.5	241.5	314.5	234.0	184.5	235.5	202.5	224.5	223.0	307.5	8.0	283.5	4.0	213.0	171.0	124.0	87.5	120.5	8.0	59.0	142.5	56.0	105.0	302.0	125.5	211.0
ACC	301.5	331.0	468.0	185.0	182.0	306.0	190.5	143.5	144.0	222.0	171.5	97.5	350.0	323.0	376.5	252.5	98.0	161.5	254.5	92.0	139.5	224.0	191.5	116.5	22.0	79.0	47.5	53.0	106.0	414.5	369.5	221.0	460.0	436.0	733.0	404.0	306.0	418.5	284.5	232.0	349.0	382.5	269.5	263.0	198.5	322.0	379.5	290.0	5.0	436.5	4.0	206.0	151.0	177.0	126.0	99.5	9.0	81.0	169.5	65.5	109.0	383.0	143.5	194.0
ACG	211.0	227.0	385.0	146.0	136.5	190.5	155.0	118.5	105.5	172.5	133.0	67.0	221.0	262.5	272.0	183.0	63.5	105.5	176.0	64.5	101.0	152.5	158.0	93.0	16.0	46.0	27.5	32.0	84.0	317.5	274.0	158.5	289.5	287.0	549.0	250.0	205.0	255.5	189.0	184.5	221.5	309.0	225.5	150.0	158.5	246.5	284.5	210.5	5.0	276.0	3.0	150.0	109.0	161.5	101.0	80.0	7.5	61.5	132.0	39.5	90.5	294.5	102.0	167.5
ACT	223.5	213.0	254.5	155.0	153.5	143.5	118.5	148.0	142.0	123.0	153.0	96.0	327.0	215.5	242.0	195.5	85.5	93.0	142.5	70.0	119.0	102.5	104.5	104.0	26.0	41.5	29.0	40.0	85.5	201.5	165.0	171.5	352.0	261.0	392.0	337.5	260.0	194.5	141.5	197.0	230.5	188.0	143.5	178.5	167.5	179.0	187.5	240.5	7.0	203.0	3.0	155.5	120.0	107.5	77.0	92.5	7.0	45.0	112.5	44.5	107.5	221.5	108.0	172.0
AGA	353.0	264.0	386.5	234.5	182.0	144.0	105.5	142.0	237.0	129.5	252.5	95.0	451.5	282.5	363.5	254.0	83.5	112.0	165.0	108.0	153.5	111.5	102.5	129.0	43.0	62.0	48.5	53.0	118.0	227.5	203.5	280.0	414.0	299.0	447.0	391.0	298.5	226.0	149.0	237.5	266.0	189.0	139.5	195.5	213.0	189.0	192.5	303.0	12.0	258.0	6.0	231.0	166.0	126.5	86.0	122.0	14.0	69.5	131.5	48.5	145.5	246.0	116.0	207.5
AGC	248.0	292.0	375.0	163.5	169.0	222.0	172.5	123.0	129.5	208.0	149.0	106.5	407.5	316.0	344.5	241.0	86.5	132.5	215.5	84.0	118.5	182.5	173.5	99.0	26.5	72.5	31.0	46.0	83.5	381.0	326.0	203.5	380.0	383.0	567.5	342.0	276.0	331.0	229.0	190.0	255.0	257.0	217.5	217.5	195.5	340.0	362.0	263.5	9.0	355.0	4.0	196.5	128.5	193.5	128.0	100.0	11.0	68.0	167.5	54.0	106.5	372.0	123.5	167.5
AGG	415.0	309.0	583.5	228.0	199.0	171.5	133.0	153.0	252.5	149.0	364.0	95.0	532.5	313.0	399.5	260.0	73.5	110.5	204.0	133.0	147.5	124.5	107.0	168.0	33.5	60.0	56.5	51.0	112.0	268.5	232.0	288.0	491.5	293.0	705.0	505.0	332.5	222.5	160.5	231.5	341.0	178.5	196.5	211.0	248.5	199.0	250.0	340.0	12.0	301.0	6.0	280.5	147.5	162.5	92.5	139.5	24.0	77.0	178.0	67.5	142.0	289.0	123.0	228.5
AGT	177.0	155.0	185.0	104.5	108.0	97.5	67.0	96.0	95.0	106.5	95.0	84.0	207.5	190.0	172.0	150.5	61.5	71.0	107.0	60.5	82.5	72.0	64.0	64.0	19.5	31.5	21.0	35.5	58.0	142.0	131.5	135.0	252.0	167.5	307.5	238.5	199.5	138.5	87.0	129.5	160.0	116.0	106.5	125.5	101.5	137.5	143.0	187.5	6.5	149.5	3.5	117.5	89.5	75.0	55.5	73.0	8.0	34.0	89.5	38.0	81.5	179.5	84.0	128.0
ATA	680.5	640.0	1052.5	472.5	439.5	350.0	221.0	327.0	451.5	407.5	532.5	207.5	1039.0	481.5	772.5	534.0	194.5	211.0	368.5	212.0	326.0	310.5	226.5	336.0	56.5	96.0	62.5	80.5	266.0	427.0	405.5	500.0	789.0	649.0	1100.0	963.5	630.5	442.0	269.5	513.0	622.0	449.5	448.0	444.5	491.0	364.0	430.5	624.0	18.0	472.5	8.0	419.5	338.0	298.5	158.5	304.5	17.0	134.0	282.5	99.0	277.5	598.0	286.0	454.5
ATC	513.5	512.0	682.0	348.5	257.0	323.0	262.5	215.5	282.5	316.0	313.0	190.0	481.5	437.0	603.5	391.5	158.0	193.5	379.5	140.0	234.0	291.5	235.0	190.5	34.0	134.5	71.0	81.5	142.5	442.5	436.5	346.5	840.0	605.5	1036.5	701.0	481.0	465.5	272.5	352.5	629.0	512.0	367.5	445.0	273.0	342.5	416.5	444.0	15.0	442.5	6.0	304.5	233.5	277.0	201.0	175.0	20.0	108.5	215.5	104.0	198.0	496.5	231.5	333.5
ATG	519.5	548.0	693.5	353.0	339.5	376.5	272.0	242.0	363.5	344.5	399.5	172.0	772.5	603.5	615.0	498.0	159.5	229.0	447.0	194.0	273.5	325.5	280.5	215.0	50.0	170.5	77.0	112.5	156.5	627.5	583.0	393.5	849.5	667.0	1158.0	798.5	589.5	646.5	450.0	381.0	539.0	611.0	399.0	428.0	346.5	480.5	513.5	512.0	14.0	533.5	7.0	372.0	248.5	297.0	220.0	187.0	18.5	114.5	268.5	114.5	233.0	582.0	221.0	420.0
ATT	554.0	434.0	519.0	357.5	270.0	252.5	183.0	195.5	254.0	241.0	260.0	150.5	534.0	391.5	498.0	455.0	146.0	170.5	260.0	133.0	209.0	175.5	184.5	181.0	51.5	68.5	59.0	76.0	158.0	325.0	261.5	401.0	663.5	553.0	707.0	605.5	449.0	305.5	208.5	315.5	389.5	351.5	284.0	378.5	267.5	298.5	248.5	439.5	15.5	373.0	6.0	317.5	253.5	196.5	141.0	163.0	14.5	72.5	222.0	89.0	217.5	404.5	195.5	388.0
CAA	163.0	148.5	170.0	106.5	102.0	98.0	63.5	85.5	83.5	86.5	73.5	61.5	194.5	158.0	159.5	146.0	91.0	60.5	121.5	50.0	77.5	63.5	60.0	58.0	20.0	20.0	17.0	29.5	60.0	129.0	102.0	114.5	280.0	150.5	244.0	221.0	154.0	120.0	63.5	141.0	142.0	100.5	97.0	104.5	100.5	95.0	118.0	152.0	7.0	150.0	3.5	96.0	76.0	71.0	47.5	61.5	6.5	30.0	81.5	31.5	78.0	154.0	72.5	93.5
CAC	220.0	198.0	360.5	127.5	121.5	161.5	105.5	93.0	112.0	132.5	110.5	71.0	211.0	193.5	229.0	170.5	60.5	134.0	160.5	78.5	99.5	150.5	123.0	86.0	16.0	50.5	27.5	34.5	63.0	291.0	233.5	156.0	325.5	326.0	517.0	277.5	198.0	252.5	162.5	152.5	226.0	230.5	183.0	168.5	138.0	236.0	232.5	180.0	4.0	253.5	3.0	145.5	88.0	116.0	80.0	65.0	4.0	71.5	124.5	46.0	69.5	253.0	90.0	137.5
CAG	311.0	353.5	496.0	182.0	162.5	254.5	176.0	142.5	165.0	215.5	204.0	107.0	368.5	379.5	447.0	260.0	121.5	160.5	371.0	92.0	145.5	226.0	176.5	115.0	21.5	103.0	53.5	50.5	104.5	463.0	419.5	245.0	443.5	407.0	810.0	393.0	307.0	419.0	330.0	268.5	350.5	369.0	252.5	230.5	196.5	318.5	348.0	293.5	12.0	422.5	6.0	198.5	139.5	185.0	118.0	110.0	16.0	78.0	186.5	51.0	125.5	370.5	148.5	199.5
CAT	157.5	148.5	208.0	113.0	101.0	92.0	64.5	70.0	108.0	84.0	133.0	60.5	212.0	140.0	194.0	133.0	50.0	78.5	92.0	70.0	80.0	72.0	72.0	69.0	20.0	37.0	24.0	33.0	61.5	134.5	112.5	119.0	247.5	173.0	293.0	252.5	161.5	134.5	87.5	115.0	163.5	128.0	100.5	125.0	116.0	125.5	132.0	160.5	4.0	149.0	2.0	125.5	78.0	65.5	53.0	57.0	4.5	37.0	75.0	41.0	72.0	157.0	68.5	122.5
CCA	233.0	199.5	255.0	122.5	171.0	139.5	101.0	119.0	153.5	118.5	147.5	82.5	326.0	234.0	273.5	209.0	77.5	99.5	145.5	80.0	152.0	109.5	113.5	102.5	26.5	40.5	27.0	39.0	82.0	207.5	157.0	184.0	335.5	243.5	393.5	318.5	240.5	205.0	123.0	168.5	210.0	164.0	129.5	169.0	150.5	188.0	178.0	243.5	7.0	206.0	3.0	158.0	104.5	93.5	76.5	91.0	6.0	50.0	126.5	48.5	86.5	232.5	106.0	178.0
CCC	214.5	234.5	347.0	118.0	133.0	224.0	152.5	102.5	111.5	182.5	124.5	72.0	310.5	291.5	325.5	175.5	63.5	150.5	226.0	72.0	109.5	208.0	172.0	101.0	21.0	66.0	40.5	41.5	70.5	426.5	353.5	181.5	341.5	365.5	676.5	294.5	233.0	316.5	196.0	166.0	241.5	280.0	251.5	174.0	168.0	354.0	340.0	221.5	5.0	379.5	4.0	145.5	86.0	186.0	113.0	82.0	7.0	83.0	177.0	48.0	81.0	441.0	109.5	134.5
CCG	216.5	235.5	414.5	116.0	128.5	191.5	158.0	104.5	102.5	173.5	107.0	64.0	226.5	235.0	280.5	184.5	60.0	123.0	176.5	72.0	113.5	172.0	173.0	95.0	15.5	72.0	29.0	38.0	75.0	355.0	295.5	184.5	266.5	329.0	604.5	267.5	214.5	284.0	220.0	177.0	205.5	244.0	222.5	153.0	162.5	303.5	333.0	203.0	5.0	307.0	3.0	147.5	101.0	154.5	101.0	75.0	8.0	88.5	160.5	41.5	75.5	344.0	104.5	161.0
CCT	212.0	162.5	269.0	128.0	137.0	116.5	93.0	104.0	129.0	99.0	168.0	64.0	336.0	190.5	215.0	181.0	58.0	86.0	115.0	69.0	102.5	101.0	95.0	95.0	23.5	46.5	32.0	35.0	72.0	169.0	142.5	176.5	250.5	217.0	371.0	274.0	191.0	159.0	113.5	178.0	177.0	144.5	117.5	128.5	153.0	173.0	183.0	248.5	6.0	190.5	2.0	171.0	96.0	90.0	68.5	79.0	6.5	46.0	106.0	41.0	119.5	215.0	96.5	156.5
CGA	85.0	38.5	58.5	40.5	32.0	22.0	16.0	26.0	43.0	26.5	33.5	19.5	56.5	34.0	50.0	51.5	20.0	16.0	21.5	20.0	26.5	21.0	15.5	23.5	8.0	9.5	8.5	10.0	25.0	38.0	36.5	43.5	88.5	41.0	69.5	74.0	44.5	34.0	20.0	38.0	46.5	32.5	26.5	31.5	38.5	27.0	33.5	49.5	3.0	38.0	1.0	48.0	27.0	21.5	13.5	23.5	3.0	13.0	20.0	11.5	32.5	39.5	30.5	45.0
CGC	110.5	102.0	167.0	55.0	60.0	79.0	46.0	41.5	62.0	72.5	60.0	31.5	96.0	134.5	170.5	68.5	20.0	50.5	103.0	37.0	40.5	66.0	72.0	46.5	9.5	34.0	26.0	29.5	30.0	154.0	132.0	92.0	138.5	137.0	240.5	153.5	113.0	144.5	68.0	70.5	110.0	135.0	97.0	80.5	71.0	120.0	110.5	96.0	4.0	122.5	1.0	84.0	46.0	68.0	36.5	38.0	5.5	39.0	65.0	21.5	37.0	118.5	39.0	56.0
CGG	71.0	60.0	96.5	37.5	34.0	47.5	27.5	29.0	48.5	31.0	56.5	21.0	62.5	71.0	77.0	59.0	17.0	27.5	53.5	24.0	27.0	40.5	29.0	32.0	8.5	26.0	19.0	15.5	24.5	62.0	74.0	65.0	95.5	93.5	113.0	83.5	52.5	81.5	36.5	51.5	53.0	62.0	53.5	39.5	47.5	63.0	61.0	74.0	3.0	58.5	1.5	52.0	30.5	40.5	21.5	25.0	4.0	23.5	34.5	11.0	32.5	82.5	29.5	44.0
CGT	98.5	71.0	114.5	59.5	43.0	53.0	32.0	40.0	53.0	46.0	51.0	35.5	80.5	81.5	112.5	76.0	29.5	34.5	50.5	33.0	39.0	41.5	38.0	35.0	10.0	29.5	15.5	25.0	31.5	81.5	81.5	66.5	141.5	94.0	155.5	127.5	78.5	82.0	45.5	69.5	84.0	76.5	55.5	71.0	55.0	72.0	78.5	83.5	3.0	78.0	1.0	73.5	41.0	43.0	31.0	33.0	3.0	22.5	44.5	23.0	33.0	84.0	41.5	59.0
CTA	239.0	151.5	221.0	142.5	102.5	106.0	84.0	85.5	118.0	83.5	112.0	58.0	266.0	142.5	156.5	158.0	60.0	63.0	104.5	61.5	82.0	70.5	75.0	72.0	25.0	30.0	24.5	31.5	60.0	160.5	125.0	124.0	289.5	217.0	306.0	216.0	160.5	126.0	94.0	119.5	177.5	136.5	101.0	113.0	112.5	152.0	107.5	132.5	6.0	129.0	3.0	132.5	97.0	76.0	63.5	70.0	6.0	31.0	74.0	28.0	91.5	145.5	70.0	138.0
CTC	463.0	558.5	941.0	276.0	257.0	414.5	317.5	201.5	227.5	381.0	268.5	142.0	427.0	442.5	627.5	325.0	129.0	291.0	463.0	134.5	207.5	426.5	355.0	169.0	38.0	154.0	62.0	81.5	160.5	757.0	694.5	341.5	638.0	780.0	1467.0	617.5	435.0	757.0	487.0	368.5	576.0	631.5	552.5	366.5	276.5	599.5	684.5	403.5	13.0	683.0	8.0	276.5	204.0	443.0	263.5	173.5	16.5	150.0	325.0	73.5	158.0	671.0	195.0	264.5
CTG	322.0	510.0	638.5	194.0	181.5	369.5	274.0	165.0	203.5	326.0	232.0	131.5	405.5	436.5	583.0	261.5	102.0	233.5	419.5	112.5	157.0	353.5	295.5	142.5	36.5	132.0	74.0	81.5	125.0	694.5	728.0	308.5	570.0	669.0	1271.5	589.5	382.5	644.5	431.5	301.5	452.5	576.0	463.5	358.5	225.0	461.5	518.5	376.5	13.0	537.0	7.0	227.5	152.0	372.5	204.5	133.5	28.0	107.5	234.5	65.5	126.0	634.5	190.0	241.5
CTT	479.5	348.0	490.5	304.0	228.5	221.0	158.5	171.5	280.0	203.5	288.0	135.0	500.0	346.5	393.5	401.0	114.5	156.0	245.0	119.0	184.0	181.5	184.5	176.5	43.5	92.0	65.0	66.5	124.0	341.5	308.5	297.0	613.5	456.5	769.0	573.0	390.5	385.5	246.0	285.5	364.0	344.5	248.5	306.5	270.5	303.5	320.5	385.5	13.0	324.5	6.0	258.0	203.0	192.5	136.5	151.0	12.0	63.0	185.0	63.5	152.0	370.0	164.5	338.0
GAA	811.5	729.5	900.0	464.0	373.0	460.0	289.5	352.0	414.0	380.0	491.5	252.0	789.0	840.0	849.5	663.5	280.0	325.5	443.5	247.5	335.5	341.5	266.5	250.5	88.5	138.5	95.5	141.5	289.5	638.0	570.0	613.5	1591.0	865.5	1377.5	1166.5	755.5	645.5	352.0	551.5	630.0	495.5	442.0	563.0	433.5	608.5	640.5	854.0	35.5	684.5	14.0	488.5	315.5	324.5	211.5	244.0	32.5	144.5	390.5	170.0	263.5	762.0	347.5	462.5
GAC	653.5	514.5	961.5	326.0	304.0	436.0	287.0	261.0	299.0	383.0	293.0	167.5	649.0	605.5	667.0	553.0	150.5	326.0	407.0	173.0	243.5	365.5	329.0	217.0	41.0	137.0	93.5	94.0	217.0	780.0	669.0	456.5	865.5	801.0	1322.0	691.5	578.0	639.5	457.0	424.5	526.5	579.5	477.5	392.0	437.0	686.0	672.5	572.5	11.0	690.0	4.0	418.5	244.0	320.5	213.0	198.0	11.0	170.0	355.0	107.0	222.0	650.5	252.5	441.0
GAG	929.5	865.0	1599.0	487.0	480.0	733.0	549.0	392.0	447.0	567.5	705.0	307.5	1100.0	1036.5	1158.0	707.0	244.0	517.0	810.0	293.0	393.5	676.5	604.5	371.0	69.5	240.5	113.0	155.5	306.0	1467.0	1271.5	769.0	1377.5	1322.0	2650.0	1260.5	857.0	1244.0	881.0	761.0	834.5	897.0	836.5	631.0	569.0	1216.5	1132.5	938.5	29.0	1206.5	19.0	627.5	354.0	600.0	402.0	290.5	53.0	282.0	580.0	178.5	325.5	1198.0	466.5	511.0
GAT	631.5	630.0	863.0	458.5	392.5	404.0	250.0	337.5	391.0	342.0	505.0	238.5	963.5	701.0	798.5	605.5	221.0	277.5	393.0	252.5	318.5	294.5	267.5	274.0	74.0	153.5	83.5	127.5	216.0	617.5	589.5	573.0	1166.5	691.5	1260.5	1121.0	710.0	614.5	345.0	521.0	676.5	459.5	392.5	522.5	478.5	610.5	608.5	721.5	16.5	682.5	8.5	528.0	301.0	302.5	220.5	254.0	20.0	153.0	377.0	142.5	372.0	735.0	301.5	539.5
GCA	485.0	442.0	662.0	286.0	376.0	306.0	205.0	260.0	298.5	276.0	332.5	199.5	630.5	481.0	589.5	449.0	154.0	198.0	307.0	161.5	240.5	233.0	214.5	191.0	44.5	113.0	52.5	78.5	160.5	435.0	382.5	390.5	755.5	578.0	857.0	710.0	711.0	551.0	298.0	454.0	577.0	504.0	303.0	425.0	347.5	391.0	380.0	547.5	13.5	415.0	5.0	313.5	265.5	196.5	149.5	181.0	13.0	98.0	229.0	90.5	201.5	465.0	214.0	343.5
GCC	409.0	539.5	826.5	248.5	254.0	418.5	255.5	194.5	226.0	331.0	222.5	138.5	442.0	465.5	646.5	305.5	120.0	252.5	419.0	134.5	205.0	316.5	284.0	159.0	34.0	144.5	81.5	82.0	126.0	757.0	644.5	385.5	645.5	639.5	1244.0	614.5	551.0	679.0	440.5	409.5	516.0	616.5	431.0	374.0	281.0	525.5	570.5	444.0	8.5	609.5	4.5	294.0	194.0	363.5	214.5	149.5	12.5	144.5	269.5	77.5	160.5	657.0	218.0	285.0
GCG	289.5	327.0	595.0	163.5	150.5	284.5	189.0	141.5	149.0	229.0	160.5	87.0	269.5	272.5	450.0	208.5	63.5	162.5	330.0	87.5	123.0	196.0	220.0	113.5	20.0	68.0	36.5	45.5	94.0	487.0	431.5	246.0	352.0	457.0	881.0	345.0	298.0	440.5	311.0	276.5	378.0	344.0	307.0	227.0	184.0	316.5	383.0	290.0	8.0	336.5	3.5	181.0	140.5	210.5	163.0	109.0	12.5	81.5	172.0	49.5	126.0	455.5	134.0	188.5
GCT	386.0	312.5	439.0	221.0	241.5	232.0	184.5	197.0	237.5	190.0	231.5	129.5	513.0	352.5	381.0	315.5	141.0	152.5	268.5	115.0	168.5	166.0	177.0	178.0	38.0	70.5	51.5	69.5	119.5	368.5	301.5	285.5	551.5	424.5	761.0	521.0	454.0	409.5	276.5	360.0	346.5	341.0	245.0	316.0	269.0	331.0	305.0	394.0	11.0	292.0	5.0	258.0	203.5	180.5	136.0	145.5	11.5	70.0	172.0	72.0	158.5	371.5	196.5	229.5
GGA	420.0	423.0	502.5	282.0	314.5	349.0	221.5	230.5	266.0	255.0	341.0	160.0	622.0	629.0	539.0	389.5	142.0	226.0	350.5	163.5	210.0	241.5	205.5	177.0	46.5	110.0	53.0	84.0	177.5	576.0	452.5	364.0	630.0	526.5	834.5	676.5	577.0	516.0	378.0	346.5	569.0	415.0	331.5	415.5	338.0	510.5	470.5	517.0	14.5	451.5	7.0	335.0	214.0	237.0	169.5	178.5	22.0	87.5	256.0	97.5	221.0	573.5	201.5	358.5
GGC	381.5	449.0	703.0	219.0	234.0	382.5	309.0	188.0	189.0	257.0	178.5	116.0	449.5	512.0	611.0	351.5	100.5	230.5	369.0	128.0	164.0	280.0	244.0	144.5	32.5	135.0	62.0	76.5	136.5	631.5	576.0	344.5	495.5	579.5	897.0	459.5	504.0	616.5	344.0	341.0	415.0	420.0	353.5	311.0	278.5	630.5	492.0	459.5	10.0	588.5	5.0	274.0	176.0	255.0	192.5	132.5	12.5	159.0	222.0	74.0	154.5	708.0	178.5	295.0
GGG	277.5	303.0	436.0	176.0	184.5	269.5	225.5	143.5	139.5	217.5	196.5	106.5	448.0	367.5	399.0	284.0	97.0	183.0	252.5	100.5	129.5	251.5	222.5	117.5	26.5	97.0	53.5	55.5	101.0	552.5	463.5	248.5	442.0	477.5	836.5	392.5	303.0	431.0	307.0	245.0	331.5	353.5	332.0	244.0	232.0	515.0	458.5	312.5	9.5	463.0	5.5	243.5	146.5	219.5	158.5	114.0	19.5	94.0	220.0	65.0	120.0	513.5	189.5	212.5
GGT	330.5	346.0	410.0	220.0	235.5	263.0	150.0	178.5	195.5	217.5	211.0	125.5	444.5	445.0	428.0	378.5	104.5	168.5	230.5	125.0	169.0	174.0	153.0	128.5	31.5	80.5	39.5	71.0	113.0	366.5	358.5	306.5	563.0	392.0	631.0	522.5	425.0	374.0	227.0	316.0	415.5	311.0	244.0	352.0	258.5	372.0	359.5	499.0	11.0	370.5	5.5	259.0	165.0	192.0	113.0	133.5	13.5	75.0	213.0	80.5	125.0	455.0	191.5	267.5
GTA	348.5	317.0	470.0	245.0	202.5	198.5	158.5	167.5	213.0	195.5	248.5	101.5	491.0	273.0	346.5	267.5	100.5	138.0	196.5	116.0	150.5	168.0	162.5	153.0	38.5	71.0	47.5	55.0	112.5	276.5	225.0	270.5	433.5	437.0	569.0	478.5	347.5	281.0	184.0	269.0	338.0	278.5	232.0	258.5	226.0	279.5	229.5	364.5	10.0	263.0	5.0	245.5	161.5	154.5	130.0	134.5	10.0	73.0	146.0	56.0	158.5	295.5	152.0	224.5
GTC	457.0	503.5	776.5	248.0	224.5	322.0	246.5	179.0	189.0	340.0	199.0	137.5	364.0	342.5	480.5	298.5	95.0	236.0	318.5	125.5	188.0	354.0	303.5	173.0	27.0	120.0	63.0	72.0	152.0	599.5	461.5	303.5	608.5	686.0	1216.5	610.5	391.0	525.5	316.5	331.0	510.5	630.5	515.0	372.0	279.5	449.0	479.5	377.5	9.0	449.0	5.0	249.0	189.5	284.0	206.0	156.5	12.0	140.5	223.5	71.0	157.0	527.0	178.5	264.5
GTG	372.0	527.0	573.0	269.0	223.0	379.5	284.5	187.5	192.5	362.0	250.0	143.0	430.5	416.5	513.5	248.5	118.0	232.5	348.0	132.0	178.0	340.0	333.0	183.0	33.5	110.5	61.0	78.5	107.5	684.5	518.5	320.5	640.5	672.5	1132.5	608.5	380.0	570.5	383.0	305.0	470.5	492.0	458.5	359.5	229.5	479.5	464.0	335.0	12.0	506.0	8.0	256.5	174.0	312.5	221.5	149.0	22.5	116.0	223.5	77.0	144.5	594.5	186.0	220.5
GTT	539.0	419.5	579.0	336.5	307.5	290.0	210.5	240.5	303.0	263.5	340.0	187.5	624.0	444.0	512.0	439.5	152.0	180.0	293.5	160.5	243.5	221.5	203.0	248.5	49.5	96.0	74.0	83.5	132.5	403.5	376.5	385.5	854.0	572.5	938.5	721.5	547.5	444.0	290.0	394.0	517.0	459.5	312.5	499.0	364.5	377.5	335.0	516.0	16.0	367.0	8.0	359.0	259.5	225.5	165.0	202.0	15.0	95.5	204.5	92.5	181.0	394.5	218.5	381.5
TAA	23.5	10.5	23.0	13.0	8.0	5.0	5.0	7.0	12.0	9.0	12.0	6.5	18.0	15.0	14.0	15.5	7.0	4.0	12.0	4.0	7.0	5.0	5.0	6.0	3.0	4.0	3.0	3.0	6.0	13.0	13.0	13.0	35.5	11.0	29.0	16.5	13.5	8.5	8.0	11.0	14.5	10.0	9.5	11.0	10.0	9.0	12.0	16.0	0.0	12.0	0.0	10.5	7.0	6.5	4.5	5.5	0.0	3.0	10.0	3.0	9.5	14.0	9.0	9.0
TAC	445.5	591.5	719.5	325.0	283.5	436.5	276.0	203.0	258.0	355.0	301.0	149.5	472.5	442.5	533.5	373.0	150.0	253.5	422.5	149.0	206.0	379.5	307.0	190.5	38.0	122.5	58.5	78.0	129.0	683.0	537.0	324.5	684.5	690.0	1206.5	682.5	415.0	609.5	336.5	292.0	451.5	588.5	463.0	370.5	263.0	449.0	506.0	367.0	12.0	617.0	6.0	316.0	200.5	307.0	220.0	157.5	16.5	140.5	297.5	97.0	142.0	603.0	182.5	260.5
TAG	12.0	4.0	12.0	4.0	4.0	4.0	3.0	3.0	6.0	4.0	6.0	3.5	8.0	6.0	7.0	6.0	3.5	3.0	6.0	2.0	3.0	4.0	3.0	2.0	1.0	1.0	1.5	1.0	3.0	8.0	7.0	6.0	14.0	4.0	19.0	8.5	5.0	4.5	3.5	5.0	7.0	5.0	5.5	5.5	5.0	5.0	8.0	8.0	0.0	6.0	0.0	4.5	4.0	4.0	3.0	3.0	0.0	2.0	5.0	1.0	4.0	8.0	5.0	6.0
TAT	393.5	343.0	462.0	300.5	213.0	206.0	150.0	155.5	231.0	196.5	280.5	117.5	419.5	304.5	372.0	317.5	96.0	145.5	198.5	125.5	158.0	145.5	147.5	171.0	48.0	84.0	52.0	73.5	132.5	276.5	227.5	258.0	488.5	418.5	627.5	528.0	313.5	294.0	181.0	258.0	335.0	274.0	243.5	259.0	245.5	249.0	256.5	359.0	10.5	316.0	4.5	341.0	177.5	140.0	122.5	145.0	11.0	70.0	176.0	65.5	189.5	319.5	171.0	279.0
TCA	251.5	205.0	272.0	157.5	171.0	151.0	109.0	120.0	166.0	128.5	147.5	89.5	338.0	233.5	248.5	253.5	76.0	88.0	139.5	78.0	104.5	86.0	101.0	96.0	27.0	46.0	30.5	41.0	97.0	204.0	152.0	203.0	315.5	244.0	354.0	301.0	265.5	194.0	140.5	203.5	214.0	176.0	146.5	165.0	161.5	189.5	174.0	259.5	7.0	200.5	4.0	177.5	127.0	112.5	86.0	97.0	8.0	47.0	119.0	45.0	106.0	218.5	123.0	203.5
TCC	215.0	263.5	321.5	122.5	124.0	177.0	161.5	107.5	126.5	193.5	162.5	75.0	298.5	277.0	297.0	196.5	71.0	116.0	185.0	65.5	93.5	186.0	154.5	90.0	21.5	68.0	40.5	43.0	76.0	443.0	372.5	192.5	324.5	320.5	600.0	302.5	196.5	363.5	210.5	180.5	237.0	255.0	219.5	192.0	154.5	284.0	312.5	225.5	6.5	307.0	4.0	140.0	112.5	172.0	111.5	89.0	8.0	66.0	151.0	50.0	94.0	353.0	104.0	132.5
TCG	180.5	175.0	299.5	111.0	87.5	126.0	101.0	77.0	86.0	128.0	92.5	55.5	158.5	201.0	220.0	141.0	47.5	80.0	118.0	53.0	76.5	113.0	101.0	68.5	13.5	36.5	21.5	31.0	63.5	263.5	204.5	136.5	211.5	213.0	402.0	220.5	149.5	214.5	163.0	136.0	169.5	192.5	158.5	113.0	130.0	206.0	221.5	165.0	4.5	220.0	3.0	122.5	86.0	111.5	82.0	78.0	7.0	52.0	101.5	30.5	63.0	244.0	81.0	126.5
TCT	214.5	152.5	218.0	145.0	120.5	99.5	80.0	92.5	122.0	100.0	139.5	73.0	304.5	175.0	187.0	163.0	61.5	65.0	110.0	57.0	91.0	82.0	75.0	79.0	23.5	38.0	25.0	33.0	70.0	173.5	133.5	151.0	244.0	198.0	290.5	254.0	181.0	149.5	109.0	145.5	178.5	132.5	114.0	133.5	134.5	156.5	149.0	202.0	5.5	157.5	3.0	145.0	97.0	89.0	78.0	88.0	6.0	35.0	82.5	37.0	115.0	172.5	92.0	162.5
TGA	24.5	11.0	31.0	10.5	8.0	9.0	7.5	7.0	14.0	11.0	24.0	8.0	17.0	20.0	18.5	14.5	6.5	4.0	16.0	4.5	6.0	7.0	8.0	6.5	3.0	5.5	4.0	3.0	6.0	16.5	28.0	12.0	32.5	11.0	53.0	20.0	13.0	12.5	12.5	11.5	22.0	12.5	19.5	13.5	10.0	12.0	22.5	15.0	0.0	16.5	0.0	11.0	8.0	8.0	7.0	6.0	0.0	3.5	12.0	3.0	9.0	17.0	11.0	11.0
TGC	91.0	114.5	140.5	69.5	59.0	81.0	61.5	45.0	69.5	68.0	77.0	34.0	134.0	108.5	114.5	72.5	30.0	71.5	78.0	37.0	50.0	83.0	88.5	46.0	13.0	39.0	23.5	22.5	31.0	150.0	107.5	63.0	144.5	170.0	282.0	153.0	98.0	144.5	81.5	70.0	87.5	159.0	94.0	75.0	73.0	140.5	116.0	95.5	3.0	140.5	2.0	70.0	47.0	66.0	52.0	35.0	3.5	71.0	66.5	51.5	38.5	139.5	39.0	59.5
TGG	241.5	272.5	347.5	174.0	142.5	169.5	132.0	112.5	131.5	167.5	178.0	89.5	282.5	215.5	268.5	222.0	81.5	124.5	186.5	75.0	126.5	177.0	160.5	106.0	20.0	65.0	34.5	44.5	74.0	325.0	234.5	185.0	390.5	355.0	580.0	377.0	229.0	269.5	172.0	172.0	256.0	222.0	220.0	213.0	146.0	223.5	223.5	204.5	10.0	297.5	5.0	176.0	119.0	151.0	101.5	82.5	12.0	66.5	193.0	61.0	103.5	316.0	121.0	187.5
TGT	94.0	105.0	126.5	66.5	56.0	65.5	39.5	44.5	48.5	54.0	67.5	38.0	99.0	104.0	114.5	89.0	31.5	46.0	51.0	41.0	48.5	48.0	41.5	41.0	11.5	21.5	11.0	23.0	28.0	73.5	65.5	63.5	170.0	107.0	178.5	142.5	90.5	77.5	49.5	72.0	97.5	74.0	65.0	80.5	56.0	71.0	77.0	92.5	3.0	97.0	1.0	65.5	45.0	50.0	30.5	37.0	3.0	51.5	61.0	55.0	37.5	87.5	45.0	59.5
TTA	244.5	174.0	265.5	180.5	105.0	109.0	90.5	107.5	145.5	106.5	142.0	81.5	277.5	198.0	233.0	217.5	78.0	69.5	125.5	72.0	86.5	81.0	75.5	119.5	32.5	37.0	32.5	33.0	91.5	158.0	126.0	152.0	263.5	222.0	325.5	372.0	201.5	160.5	126.0	158.5	221.0	154.5	120.0	125.0	158.5	157.0	144.5	181.0	9.5	142.0	4.0	189.5	106.0	94.0	63.0	115.0	9.0	38.5	103.5	37.5	134.0	198.0	128.5	183.0
TTC	494.5	562.0	718.5	336.0	302.0	383.0	294.5	221.5	246.0	372.0	289.0	179.5	598.0	496.5	582.0	404.5	154.0	253.0	370.5	157.0	232.5	441.0	344.0	215.0	39.5	118.5	82.5	84.0	145.5	671.0	634.5	370.0	762.0	650.5	1198.0	735.0	465.0	657.0	455.5	371.5	573.5	708.0	513.5	455.0	295.5	527.0	594.5	394.5	14.0	603.0	8.0	319.5	218.5	353.0	244.0	172.5	17.0	139.5	316.0	87.5	198.0	676.0	211.0	325.5
TTG	223.5	195.0	216.0	211.5	125.5	143.5	102.0	108.0	116.0	123.5	123.0	84.0	286.0	231.5	221.0	195.5	72.5	90.0	148.5	68.5	106.0	109.5	104.5	96.5	30.5	39.0	29.5	41.5	70.0	195.0	190.0	164.5	347.5	252.5	466.5	301.5	214.0	218.0	134.0	196.5	201.5	178.5	189.5	191.5	152.0	178.5	186.0	218.5	9.0	182.5	5.0	171.0	123.0	104.0	81.0	92.0	11.0	39.0	121.0	45.0	128.5	211.0	117.0	169.5
TTT	368.5	294.0	418.5	331.5	211.0	194.0	167.5	172.0	207.5	167.5	228.5	128.0	454.5	333.5	420.0	388.0	93.5	137.5	199.5	122.5	178.0	134.5	161.0	156.5	45.0	56.0	44.0	59.0	138.0	264.5	241.5	338.0	462.5	441.0	511.0	539.5	343.5	285.0	188.5	229.5	358.5	295.0	212.5	267.5	224.5	264.5	220.5	381.5	9.0	260.5	6.0	279.0	203.5	132.5	126.5	162.5	11.0	59.5	187.5	59.5	183.0	325.5	169.5	381.0
