	AAA	AAC	AAG	AAT	ACA	ACC	ACG	ACT	AGA	AGC	AGG	AGT	ATA	ATC	ATG	ATT	CAA	CAC	CAG	CAT	CCA	CCC	CCG	CCT	CGA	CGC	CGG	CGT	CTA	CTC	CTG	CTT	GAA	GAC	GAG	GAT	GCA	GCC	GCG	GCT	GGA	GGC	GGG	GGT	GTA	GTC	GTG	GTT	TAA	TAC	TAG	TAT	TCA	TCC	TCG	TCT	TGA	TGC	TGG	TGT	TTA	TTC	TTG	TTT
Start	12139.0	5635.0	5590.0	7839.0	5026.0	3360.0	2662.0	4449.0	3328.0	2787.0	1429.0	3560.0	5103.0	4663.0	34062.0	7884.0	4943.0	1906.0	2797.0	2128.0	2656.0	1765.0	1912.0	2269.0	1559.0	2035.0	1159.0	2200.0	2698.0	2455.0	3011.0	3122.0	8473.0	4369.0	3947.0	6641.0	4250.0	2762.0	2648.0	3690.0	2595.0	1805.0	1428.0	2612.0	4043.0	2273.0	3719.0	4050.0	2.0	3447.0	2.0	4992.0	3586.0	2289.0	2154.0	4007.0	12.0	1318.0	2239.0	1922.0	6033.0	3797.0	3893.0	6637.0
AAA	42950.0	14654.0	15961.0	31107.0	14204.0	7223.0	5503.0	13208.0	11133.0	5292.0	3820.0	9814.0	18879.0	10396.0	15664.0	24120.0	15106.0	5152.0	7655.0	8724.0	8621.0	3950.0	4085.0	8340.0	3734.0	4167.0	1948.0	6562.0	7415.0	5183.0	6999.0	9553.0	32511.0	13400.0	12225.0	28889.0	11718.0	6618.0	5669.0	11912.0	11123.0	5714.0	4371.0	12309.0	12210.0	5909.0	8114.0	14707.0	904.0	10134.0	241.0	21390.0	10898.0	4823.0	4333.0	12829.0	447.0	3703.0	7432.0	8074.0	20400.0	9641.0	10488.0	20983.0
AAC	14654.0	11802.0	10251.0	11261.0	6843.0	6906.0	5390.0	6515.0	4729.0	4714.0	2635.0	4510.0	7045.0	8584.0	9520.0	10063.0	7635.0	4695.0	6948.0	4081.0	4366.0	3991.0	4279.0	4260.0	2439.0	5129.0	2301.0	4191.0	4135.0	5166.0	8447.0	5088.0	13714.0	11295.0	9687.0	12147.0	6479.0	7432.0	5881.0	7260.0	5797.0	6568.0	3867.0	7417.0	6059.0	5658.0	7865.0	7862.0	311.0	8117.0	96.0	8279.0	4911.0	4263.0	3884.0	6025.0	238.0	3136.0	4710.0	3816.0	7094.0	7760.0	6386.0	9504.0
AAG	15961.0	10251.0	14236.0	10835.0	6453.0	6225.0	4566.0	6635.0	5184.0	4459.0	3244.0	4478.0	6613.0	8334.0	9712.0	10197.0	6961.0	4242.0	7132.0	4187.0	4540.0	3949.0	4062.0	4853.0	2406.0	4627.0	2407.0	4061.0	4134.0	5162.0	8446.0	5328.0	15036.0	11014.0	12030.0	12867.0	6737.0	7550.0	5772.0	7644.0	5908.0	6107.0	4028.0	7490.0	6058.0	5607.0	7735.0	7648.0	400.0	7634.0	166.0	8330.0	4851.0	4225.0	3576.0	6235.0	285.0	2999.0	4931.0	3775.0	6794.0	7620.0	6020.0	9158.0
AAT	31107.0	11261.0	10835.0	30410.0	12302.0	5335.0	4376.0	11704.0	9017.0	4035.0	2771.0	8609.0	17153.0	7792.0	12512.0	21315.0	12593.0	3713.0	6098.0	7294.0	7518.0	2960.0	3026.0	6963.0	2786.0	2633.0	1440.0	4607.0	6008.0	3751.0	5138.0	7916.0	24391.0	9406.0	8543.0	24223.0	9228.0	4772.0	3824.0	9719.0	9467.0	4513.0	3578.0	10938.0	10297.0	4549.0	6218.0	12346.0	592.0	7568.0	136.0	19251.0	9523.0	3853.0	3478.0	10931.0	276.0	2902.0	5629.0	7113.0	18430.0	7186.0	8808.0	17731.0
ACA	14204.0	6843.0	6453.0	12302.0	8468.0	3843.0	2992.0	6657.0	5034.0	2767.0	2031.0	4718.0	7882.0	5010.0	7075.0	10115.0	6741.0	2530.0	3892.0	3909.0	5006.0	2336.0	2195.0	4382.0	1681.0	1762.0	978.0	2703.0	3669.0	2641.0	3543.0	4366.0	12169.0	6109.0	5508.0	11540.0	6107.0	3401.0	2768.0	5867.0	5730.0	3094.0	2497.0	6201.0	5859.0	3106.0	4184.0	7143.0	295.0	4667.0	82.0	8570.0	5657.0	2669.0	2283.0	6058.0	184.0	1857.0	3524.0	3566.0	8245.0	4719.0	4874.0	8820.0
ACC	7223.0	6906.0	6225.0	5335.0	3843.0	5974.0	3636.0	3764.0	2437.0	3432.0	1821.0	2547.0	3287.0	5845.0	5781.0	5095.0	4034.0	3253.0	4847.0	2365.0	2919.0	3666.0	3491.0	2914.0	1628.0	3913.0	2052.0	2534.0	2375.0	4132.0	6392.0	2955.0	7391.0	7828.0	6984.0	6654.0	3937.0	6570.0	4542.0	4345.0	3482.0	4874.0	2976.0	4557.0	3197.0	4443.0	5513.0	4240.0	162.0	5089.0	93.0	4137.0	2702.0	3434.0	2750.0	3521.0	165.0	2391.0	3200.0	1976.0	3045.0	5329.0	3499.0	4922.0
ACG	5503.0	5390.0	4566.0	4376.0	2992.0	3636.0	3784.0	2727.0	1927.0	2616.0	1291.0	1991.0	2933.0	4345.0	4387.0	3989.0	2924.0	2398.0	3454.0	1757.0	2046.0	2538.0	3064.0	2059.0	1375.0	3180.0	1754.0	1972.0	1768.0	2820.0	4902.0	2097.0	5685.0	5848.0	5213.0	5142.0	2792.0	4491.0	4480.0	3055.0	2632.0	3533.0	2199.0	2985.0	2766.0	3165.0	4669.0	3087.0	131.0	3831.0	60.0	3381.0	2082.0	2395.0	2702.0	2663.0	105.0	1859.0	2343.0	1785.0	2996.0	3789.0	3084.0	3958.0
ACT	13208.0	6515.0	6635.0	11704.0	6657.0	3764.0	2727.0	7736.0	4405.0	2763.0	1803.0	4472.0	6545.0	4917.0	6785.0	9766.0	6289.0	2243.0	3990.0	3620.0	4287.0	2101.0	2094.0	4601.0	1584.0	1999.0	971.0	3141.0	3212.0	2638.0	3657.0	4540.0	11540.0	6070.0	5568.0	11468.0	5658.0	3470.0	2739.0	6513.0	5178.0	3150.0	2302.0	7166.0	5458.0	3131.0	4072.0	7491.0	314.0	4409.0	82.0	8052.0	4911.0	2626.0	2017.0	6220.0	161.0	1794.0	3345.0	3235.0	7141.0	4706.0	4688.0	8418.0
AGA	11133.0	4729.0	5184.0	9017.0	5034.0	2437.0	1927.0	4405.0	5814.0	2063.0	2232.0	3482.0	6121.0	3389.0	5331.0	6912.0	4901.0	1972.0	2928.0	2997.0	3427.0	1651.0	1530.0	3228.0	1517.0	1497.0	917.0	1855.0	2657.0	2028.0	2464.0	3151.0	9435.0	4613.0	4366.0	8810.0	3989.0	2511.0	1932.0	4092.0	4451.0	2123.0	1963.0	4277.0	4261.0	2269.0	2942.0	4592.0	261.0	3245.0	88.0	6278.0	3925.0	2011.0	1661.0	4506.0	192.0	1432.0	2777.0	2871.0	5931.0	3273.0	3631.0	6533.0
AGC	5292.0	4714.0	4459.0	4035.0	2767.0	3432.0	2616.0	2763.0	2063.0	3218.0	1463.0	2097.0	2662.0	3741.0	4205.0	3654.0	2964.0	2301.0	3306.0	1843.0	2046.0	2251.0	2278.0	2124.0	1206.0	2902.0	1391.0	1765.0	1685.0	2650.0	4423.0	2215.0	5692.0	5503.0	5177.0	4793.0	2905.0	4052.0	3351.0	3003.0	2636.0	3466.0	2187.0	2970.0	2298.0	2856.0	4011.0	2956.0	147.0	3460.0	62.0	2929.0	2082.0	2286.0	1951.0	2513.0	97.0	1726.0	2222.0	1504.0	2621.0	3488.0	2606.0	3787.0
AGG	3820.0	2635.0	3244.0	2771.0	2031.0	1821.0	1291.0	1803.0	2232.0	1463.0	1906.0	1402.0	2259.0	2015.0	2826.0	2564.0	1942.0	1339.0	2011.0	1287.0	1500.0	1531.0	1183.0	1484.0	786.0	1312.0	896.0	932.0	1201.0	1627.0	2295.0	1533.0	3639.0	3009.0	3300.0	3417.0	1792.0	2298.0	1649.0	1896.0	1959.0	1647.0	1634.0	1845.0	1718.0	1707.0	2316.0	1932.0	123.0	2006.0	45.0	2287.0	1522.0	1398.0	1014.0	1964.0	108.0	1103.0	1520.0	1182.0	1769.0	2011.0	1835.0	2737.0
AGT	9814.0	4510.0	4478.0	8609.0	4718.0	2547.0	1991.0	4472.0	3482.0	2097.0	1402.0	3820.0	5060.0	3363.0	4937.0	6938.0	4348.0	1659.0	2665.0	2612.0	2858.0	1452.0	1399.0	2935.0	1245.0	1415.0	784.0	2038.0	2385.0	1768.0	2576.0	2980.0	8526.0	4196.0	4374.0	8202.0	3892.0	2403.0	1982.0	4124.0	3643.0	2126.0	1740.0	4635.0	3918.0	2046.0	2941.0	4816.0	206.0	3122.0	50.0	5929.0	3533.0	1832.0	1661.0	4277.0	126.0	1290.0	2352.0	2625.0	5563.0	3141.0	3463.0	6361.0
ATA	18879.0	7045.0	6613.0	17153.0	7882.0	3287.0	2933.0	6545.0	6121.0	2662.0	2259.0	5060.0	13870.0	4840.0	8061.0	12423.0	7021.0	2514.0	3516.0	4492.0	4566.0	2042.0	1930.0	4360.0	1722.0	1539.0	916.0	2336.0	4356.0	2523.0	3205.0	4425.0	14325.0	5854.0	5623.0	13907.0	5386.0	3015.0	2658.0	5303.0	5971.0	2518.0	2415.0	5738.0	6813.0	2833.0	4247.0	6808.0	453.0	4922.0	131.0	11972.0	5847.0	2681.0	2379.0	6645.0	166.0	1974.0	3564.0	4607.0	12174.0	4429.0	5557.0	11655.0
ATC	10396.0	8584.0	8334.0	7792.0	5010.0	5845.0	4345.0	4917.0	3389.0	3741.0	2015.0	3363.0	4840.0	8318.0	7796.0	7800.0	5144.0	3799.0	5894.0	3151.0	3559.0	3520.0	3794.0	3435.0	1923.0	4386.0	2215.0	3489.0	3064.0	4853.0	7850.0	4112.0	10499.0	9657.0	8599.0	9538.0	5205.0	6671.0	5144.0	5782.0	4482.0	5837.0	3267.0	6133.0	4463.0	5255.0	6535.0	5657.0	300.0	6413.0	79.0	6036.0	3500.0	3835.0	3373.0	4573.0	258.0	2550.0	4064.0	2666.0	4775.0	7037.0	4616.0	7062.0
ATG	15664.0	9520.0	9712.0	12512.0	7075.0	5781.0	4387.0	6785.0	5331.0	4205.0	2826.0	4937.0	8061.0	7796.0	10838.0	11332.0	7593.0	4165.0	6424.0	4586.0	4925.0	3614.0	3766.0	4850.0	2398.0	4113.0	2016.0	4133.0	4211.0	4703.0	7456.0	5430.0	14428.0	9723.0	9658.0	13348.0	6962.0	6661.0	5332.0	7684.0	5962.0	5308.0	3596.0	7700.0	6401.0	5063.0	7147.0	7950.0	360.0	7110.0	102.0	9358.0	5361.0	3825.0	3419.0	6433.0	222.0	3016.0	4784.0	4163.0	8099.0	7601.0	6526.0	10461.0
ATT	24120.0	10063.0	10197.0	21315.0	10115.0	5095.0	3989.0	9766.0	6912.0	3654.0	2564.0	6938.0	12423.0	7800.0	11332.0	19024.0	10233.0	3611.0	5713.0	6138.0	6377.0	2883.0	3023.0	6167.0	2416.0	2934.0	1450.0	4779.0	5145.0	3739.0	5389.0	7464.0	20379.0	9295.0	8314.0	19643.0	8509.0	4762.0	4122.0	9099.0	8069.0	4548.0	3417.0	10210.0	8666.0	4323.0	6071.0	11350.0	564.0	6895.0	146.0	14659.0	7482.0	3524.0	3069.0	9333.0	340.0	2547.0	5175.0	5387.0	13677.0	6984.0	7779.0	15250.0
CAA	15106.0	7635.0	6961.0	12593.0	6741.0	4034.0	2924.0	6289.0	4901.0	2964.0	1942.0	4348.0	7021.0	5144.0	7593.0	10233.0	8976.0	2761.0	5087.0	3904.0	4664.0	2409.0	2455.0	4357.0	1949.0	2548.0	1266.0	3320.0	3621.0	3076.0	4078.0	4706.0	14389.0	6970.0	6704.0	11953.0	6202.0	4016.0	3212.0	6472.0	5460.0	3501.0	2449.0	6380.0	5612.0	3279.0	4566.0	6871.0	363.0	4966.0	99.0	8081.0	5078.0	2695.0	2323.0	5845.0	208.0	1842.0	3730.0	3175.0	8049.0	4791.0	5091.0	8518.0
CAC	5152.0	4695.0	4242.0	3713.0	2530.0	3253.0	2398.0	2243.0	1972.0	2301.0	1339.0	1659.0	2514.0	3799.0	4165.0	3611.0	2761.0	2716.0	3301.0	1952.0	1894.0	2483.0	2401.0	1883.0	1243.0	2995.0	1526.0	1774.0	1632.0	2935.0	4498.0	2192.0	5240.0	5588.0	5200.0	4663.0	2517.0	4068.0	3199.0	2766.0	2298.0	3412.0	2074.0	2875.0	2272.0	3089.0	4099.0	2628.0	135.0	3762.0	67.0	3121.0	1704.0	2035.0	1903.0	2146.0	113.0	1982.0	2239.0	1788.0	2388.0	3618.0	2595.0	3819.0
CAG	7655.0	6948.0	7132.0	6098.0	3892.0	4847.0	3454.0	3990.0	2928.0	3306.0	2011.0	2665.0	3516.0	5894.0	6424.0	5713.0	5087.0	3301.0	7248.0	2608.0	3148.0	3412.0	3670.0	3254.0	1744.0	4391.0	2186.0	2993.0	2576.0	4125.0	7337.0	3325.0	8924.0	8289.0	8622.0	7592.0	4663.0	6711.0	5079.0	5189.0	3752.0	5229.0	3294.0	4819.0	3414.0	4290.0	5836.0	4545.0	205.0	5007.0	91.0	4454.0	2820.0	3211.0	2600.0	3747.0	185.0	2164.0	3464.0	2008.0	3522.0	5190.0	3885.0	5261.0
CAT	8724.0	4081.0	4187.0	7294.0	3909.0	2365.0	1757.0	3620.0	2997.0	1843.0	1287.0	2612.0	4492.0	3151.0	4586.0	6138.0	3904.0	1952.0	2608.0	2894.0	2740.0	1485.0	1461.0	2637.0	1216.0	1462.0	839.0	2073.0	2173.0	1780.0	2560.0	2776.0	7745.0	4053.0	3782.0	7617.0	3205.0	2182.0	1858.0	3471.0	3208.0	2107.0	1524.0	3693.0	3321.0	2003.0	2832.0	4165.0	203.0	3279.0	59.0	5798.0	2933.0	1631.0	1383.0	3298.0	128.0	1407.0	2310.0	2787.0	4788.0	3150.0	3167.0	5745.0
CCA	8621.0	4366.0	4540.0	7518.0	5006.0	2919.0	2046.0	4287.0	3427.0	2046.0	1500.0	2858.0	4566.0	3559.0	4925.0	6377.0	4664.0	1894.0	3148.0	2740.0	4798.0	2411.0	2143.0	3928.0	1358.0	1700.0	952.0	2074.0	2489.0	2110.0	2778.0	3066.0	8275.0	4508.0	4293.0	7701.0	4238.0	2810.0	2091.0	4160.0	4014.0	2403.0	1886.0	4315.0	3828.0	2236.0	3060.0	4515.0	209.0	3268.0	82.0	5300.0	3580.0	2063.0	1717.0	3792.0	130.0	1443.0	2727.0	2329.0	4978.0	3420.0	3135.0	5636.0
CCC	3950.0	3991.0	3949.0	2960.0	2336.0	3666.0	2538.0	2101.0	1651.0	2251.0	1531.0	1452.0	2042.0	3520.0	3614.0	2883.0	2409.0	2483.0	3412.0	1485.0	2411.0	4952.0	3275.0	2546.0	1162.0	3102.0	1847.0	1401.0	1537.0	3323.0	4554.0	1896.0	4350.0	5249.0	4999.0	3779.0	2226.0	5254.0	3739.0	2473.0	2532.0	3599.0	2556.0	2327.0	1815.0	3169.0	4162.0	2320.0	128.0	3437.0	56.0	2540.0	1682.0	2584.0	1987.0	2230.0	95.0	1736.0	2196.0	1448.0	1805.0	3361.0	2145.0	3275.0
CCG	4085.0	4279.0	4062.0	3026.0	2195.0	3491.0	3064.0	2094.0	1530.0	2278.0	1183.0	1399.0	1930.0	3794.0	3766.0	3023.0	2455.0	2401.0	3670.0	1461.0	2143.0	3275.0	4504.0	2314.0	1379.0	3553.0	1940.0	1835.0	1297.0	2725.0	4905.0	1684.0	4605.0	5615.0	5390.0	4096.0	2566.0	4804.0	4528.0	2769.0	2163.0	4120.0	2247.0	2776.0	1960.0	3260.0	4225.0	2603.0	113.0	3518.0	57.0	2574.0	1571.0	2226.0	2452.0	2069.0	120.0	1604.0	2277.0	1313.0	1836.0	3570.0	2367.0	3097.0
CCT	8340.0	4260.0	4853.0	6963.0	4382.0	2914.0	2059.0	4601.0	3228.0	2124.0	1484.0	2935.0	4360.0	3435.0	4850.0	6167.0	4357.0	1883.0	3254.0	2637.0	3928.0	2546.0	2314.0	4804.0	1293.0	1745.0	982.0	2285.0	2281.0	2205.0	2891.0	3256.0	8124.0	4571.0	4541.0	7637.0	3784.0	3107.0	2200.0	4571.0	3801.0	2562.0	1993.0	4798.0	3757.0	2430.0	3275.0	4791.0	189.0	3171.0	46.0	5302.0	3172.0	2095.0	1544.0	4198.0	93.0	1384.0	2657.0	2448.0	4457.0	3311.0	3151.0	5662.0
CGA	3734.0	2439.0	2406.0	2786.0	1681.0	1628.0	1375.0	1584.0	1517.0	1206.0	786.0	1245.0	1722.0	1923.0	2398.0	2416.0	1949.0	1243.0	1744.0	1216.0	1358.0	1162.0	1379.0	1293.0	1446.0	1607.0	954.0	1388.0	1090.0	1412.0	1891.0	1462.0	3680.0	2741.0	2638.0	3275.0	1735.0	1933.0	1675.0	1811.0	1669.0	1521.0	1070.0	1897.0	1528.0	1487.0	1858.0	1917.0	94.0	1742.0	42.0	2078.0	1286.0	1152.0	1200.0	1594.0	92.0	767.0	1392.0	1082.0	1664.0	1895.0	1587.0	2352.0
CGC	4167.0	5129.0	4627.0	2633.0	1762.0	3913.0	3180.0	1999.0	1497.0	2902.0	1312.0	1415.0	1539.0	4386.0	4113.0	2934.0	2548.0	2995.0	4391.0	1462.0	1700.0	3102.0	3553.0	1745.0	1607.0	5774.0	2510.0	2308.0	1350.0	3742.0	6171.0	1931.0	5143.0	7186.0	6679.0	4082.0	2476.0	6302.0	5585.0	2802.0	1941.0	4949.0	2393.0	2752.0	1886.0	3824.0	5109.0	2559.0	148.0	4113.0	50.0	2321.0	1324.0	2612.0	2534.0	1886.0	172.0	2143.0	2397.0	1300.0	1562.0	4295.0	2282.0	3161.0
CGG	1948.0	2301.0	2407.0	1440.0	978.0	2052.0	1754.0	971.0	917.0	1391.0	896.0	784.0	916.0	2215.0	2016.0	1450.0	1266.0	1526.0	2186.0	839.0	952.0	1847.0	1940.0	982.0	954.0	2510.0	1938.0	1114.0	789.0	1960.0	3260.0	998.0	2465.0	3719.0	3668.0	2087.0	1214.0	3320.0	2686.0	1445.0	1172.0	2442.0	1600.0	1345.0	966.0	1975.0	2542.0	1227.0	58.0	1971.0	33.0	1160.0	813.0	1432.0	1422.0	970.0	94.0	1066.0	1372.0	716.0	892.0	2074.0	1337.0	1650.0
CGT	6562.0	4191.0	4061.0	4607.0	2703.0	2534.0	1972.0	3141.0	1855.0	1765.0	932.0	2038.0	2336.0	3489.0	4133.0	4779.0	3320.0	1774.0	2993.0	2073.0	2074.0	1401.0	1835.0	2285.0	1388.0	2308.0	1114.0	3164.0	1486.0	1817.0	3151.0	2457.0	6818.0	4524.0	4105.0	6157.0	3062.0	2803.0	2436.0	3811.0	2276.0	2499.0	1453.0	4163.0	2716.0	2154.0	2912.0	3804.0	166.0	2980.0	45.0	4035.0	2163.0	1694.0	1603.0	2835.0	124.0	1170.0	2084.0	1635.0	2898.0	3027.0	2611.0	3948.0
CTA	7415.0	4135.0	4134.0	6008.0	3669.0	2375.0	1768.0	3212.0	2657.0	1685.0	1201.0	2385.0	4356.0	3064.0	4211.0	5145.0	3621.0	1632.0	2576.0	2173.0	2489.0	1537.0	1297.0	2281.0	1090.0	1350.0	789.0	1486.0	2396.0	2028.0	2764.0	2532.0	6926.0	3876.0	3837.0	6224.0	3200.0	2350.0	1881.0	3045.0	2927.0	1927.0	1546.0	3247.0	3235.0	1967.0	2691.0	3449.0	205.0	2904.0	68.0	4181.0	2688.0	1574.0	1292.0	3006.0	111.0	1296.0	2010.0	1994.0	4153.0	2900.0	2831.0	4746.0
CTC	5183.0	5166.0	5162.0	3751.0	2641.0	4132.0	2820.0	2638.0	2028.0	2650.0	1627.0	1768.0	2523.0	4853.0	4703.0	3739.0	3076.0	2935.0	4125.0	1780.0	2110.0	3323.0	2725.0	2205.0	1412.0	3742.0	1960.0	1817.0	2028.0	4646.0	5674.0	2509.0	5754.0	6652.0	6491.0	4749.0	2855.0	5657.0	4078.0	3303.0	2614.0	3968.0	2516.0	3058.0	2290.0	4147.0	4677.0	2981.0	149.0	4234.0	60.0	3001.0	2006.0	2751.0	2255.0	2559.0	144.0	2161.0	2573.0	1662.0	2187.0	4687.0	2793.0	3903.0
CTG	6999.0	8447.0	8446.0	5138.0	3543.0	6392.0	4902.0	3657.0	2464.0	4423.0	2295.0	2576.0	3205.0	7850.0	7456.0	5389.0	4078.0	4498.0	7337.0	2560.0	2778.0	4554.0	4905.0	2891.0	1891.0	6171.0	3260.0	3151.0	2764.0	5674.0	11414.0	3260.0	8412.0	10353.0	10480.0	7158.0	4436.0	9032.0	7269.0	5097.0	3547.0	7130.0	4070.0	5066.0	3473.0	5736.0	8377.0	4355.0	214.0	6656.0	87.0	4252.0	2622.0	3881.0	3749.0	3380.0	188.0	3344.0	4039.0	2297.0	2977.0	7282.0	4340.0	5623.0
CTT	9553.0	5088.0	5328.0	7916.0	4366.0	2955.0	2097.0	4540.0	3151.0	2215.0	1533.0	2980.0	4425.0	4112.0	5430.0	7464.0	4706.0	2192.0	3325.0	2776.0	3066.0	1896.0	1684.0	3256.0	1462.0	1931.0	998.0	2457.0	2532.0	2509.0	3260.0	4162.0	9365.0	5190.0	4835.0	8361.0	4206.0	3138.0	2397.0	4789.0	3843.0	2758.0	2119.0	4885.0	3872.0	2613.0	3272.0	5565.0	265.0	3552.0	90.0	5685.0	3386.0	2039.0	1632.0	4270.0	185.0	1528.0	2724.0	2471.0	4957.0	3911.0	3709.0	6677.0
GAA	32511.0	13714.0	15036.0	24391.0	12169.0	7391.0	5685.0	11540.0	9435.0	5692.0	3639.0	8526.0	14325.0	10499.0	14428.0	20379.0	14389.0	5240.0	8924.0	7745.0	8275.0	4350.0	4605.0	8124.0	3680.0	5143.0	2465.0	6818.0	6926.0	5754.0	8412.0	9365.0	33868.0	14757.0	15177.0	26539.0	11512.0	7767.0	6379.0	12248.0	9936.0	6510.0	4655.0	11864.0	11060.0	6297.0	8507.0	13701.0	801.0	9533.0	196.0	17148.0	9193.0	5124.0	4424.0	11271.0	382.0	3703.0	7184.0	6714.0	15822.0	9709.0	9567.0	17126.0
GAC	13400.0	11295.0	11014.0	9406.0	6109.0	7828.0	5848.0	6070.0	4613.0	5503.0	3009.0	4196.0	5854.0	9657.0	9723.0	9295.0	6970.0	5588.0	8289.0	4053.0	4508.0	5249.0	5615.0	4571.0	2741.0	7186.0	3719.0	4524.0	3876.0	6652.0	10353.0	5190.0	14757.0	15652.0	13955.0	12800.0	6630.0	10405.0	8076.0	7321.0	5975.0	8301.0	5124.0	7447.0	5565.0	7334.0	9565.0	6930.0	362.0	9145.0	121.0	7454.0	4528.0	4953.0	4556.0	5715.0	259.0	3742.0	5608.0	3526.0	5892.0	8798.0	6127.0	8939.0
GAG	12225.0	9687.0	12030.0	8543.0	5508.0	6984.0	5213.0	5568.0	4366.0	5177.0	3300.0	4374.0	5623.0	8599.0	9658.0	8314.0	6704.0	5200.0	8622.0	3782.0	4293.0	4999.0	5390.0	4541.0	2638.0	6679.0	3668.0	4105.0	3837.0	6491.0	10480.0	4835.0	15177.0	13955.0	16054.0	12245.0	6498.0	9417.0	7680.0	6951.0	5359.0	7328.0	4953.0	6482.0	5346.0	6559.0	8824.0	6641.0	340.0	7742.0	121.0	7033.0	4148.0	4589.0	4125.0	5332.0	255.0	3554.0	4971.0	3307.0	5491.0	8082.0	5820.0	8023.0
GAT	28889.0	12147.0	12867.0	24223.0	11540.0	6654.0	5142.0	11468.0	8810.0	4793.0	3417.0	8202.0	13907.0	9538.0	13348.0	19643.0	11953.0	4663.0	7592.0	7617.0	7701.0	3779.0	4096.0	7637.0	3275.0	4082.0	2087.0	6157.0	6224.0	4749.0	7158.0	8361.0	26539.0	12800.0	12245.0	26526.0	10369.0	6591.0	5527.0	11225.0	10072.0	5962.0	4397.0	12518.0	10340.0	5748.0	7650.0	13205.0	584.0	8905.0	162.0	17331.0	9074.0	4542.0	4123.0	10989.0	281.0	3392.0	6759.0	6638.0	14834.0	8586.0	9165.0	16550.0
GCA	11718.0	6479.0	6737.0	9228.0	6107.0	3937.0	2792.0	5658.0	3989.0	2905.0	1792.0	3892.0	5386.0	5205.0	6962.0	8509.0	6202.0	2517.0	4663.0	3205.0	4238.0	2226.0	2566.0	3784.0	1735.0	2476.0	1214.0	3062.0	3200.0	2855.0	4436.0	4206.0	11512.0	6630.0	6498.0	10369.0	7292.0	4328.0	3786.0	6611.0	5547.0	3719.0	2823.0	6464.0	5096.0	3379.0	4402.0	6654.0	288.0	4264.0	81.0	6676.0	4356.0	2506.0	2202.0	5116.0	188.0	1716.0	3436.0	2757.0	6055.0	4642.0	4405.0	7011.0
GCC	6618.0	7432.0	7550.0	4772.0	3401.0	6570.0	4491.0	3470.0	2511.0	4052.0	2298.0	2403.0	3015.0	6671.0	6661.0	4762.0	4016.0	4068.0	6711.0	2182.0	2810.0	5254.0	4804.0	3107.0	1933.0	6302.0	3320.0	2803.0	2350.0	5657.0	9032.0	3138.0	7767.0	10405.0	9417.0	6591.0	4328.0	11020.0	7656.0	5069.0	3759.0	7022.0	3923.0	4586.0	3214.0	6074.0	7468.0	4110.0	176.0	5780.0	64.0	3709.0	2539.0	4180.0	3560.0	3487.0	193.0	2909.0	3737.0	2070.0	2933.0	6040.0	3718.0	5163.0
GCG	5669.0	5881.0	5772.0	3824.0	2768.0	4542.0	4480.0	2739.0	1932.0	3351.0	1649.0	1982.0	2658.0	5144.0	5332.0	4122.0	3212.0	3199.0	5079.0	1858.0	2091.0	3739.0	4528.0	2200.0	1675.0	5585.0	2686.0	2436.0	1881.0	4078.0	7269.0	2397.0	6379.0	8076.0	7680.0	5527.0	3786.0	7656.0	8176.0	3864.0	3039.0	5633.0	3353.0	3873.0	2605.0	4396.0	6277.0	3586.0	153.0	4631.0	50.0	3163.0	2045.0	2982.0	3440.0	2627.0	183.0	2259.0	2963.0	1697.0	2514.0	4900.0	3194.0	4051.0
GCT	11912.0	7260.0	7644.0	9719.0	5867.0	4345.0	3055.0	6513.0	4092.0	3003.0	1896.0	4124.0	5303.0	5782.0	7684.0	9099.0	6472.0	2766.0	5189.0	3471.0	4160.0	2473.0	2769.0	4571.0	1811.0	2802.0	1445.0	3811.0	3045.0	3303.0	5097.0	4789.0	12248.0	7321.0	6951.0	11225.0	6611.0	5069.0	3864.0	8504.0	5203.0	4184.0	2824.0	7606.0	5462.0	3702.0	4800.0	7712.0	256.0	4681.0	87.0	7113.0	4274.0	2968.0	2289.0	5920.0	166.0	1884.0	3964.0	2917.0	6199.0	5009.0	4841.0	7635.0
GGA	11123.0	5797.0	5908.0	9467.0	5730.0	3482.0	2632.0	5178.0	4451.0	2636.0	1959.0	3643.0	5971.0	4482.0	5962.0	8069.0	5460.0	2298.0	3752.0	3208.0	4014.0	2532.0	2163.0	3801.0	1669.0	1941.0	1172.0	2276.0	2927.0	2614.0	3547.0	3843.0	9936.0	5975.0	5359.0	10072.0	5547.0	3759.0	3039.0	5203.0	6802.0	3349.0	2804.0	5925.0	4735.0	3211.0	4043.0	5824.0	260.0	4068.0	94.0	6672.0	4107.0	2557.0	2026.0	4867.0	153.0	1808.0	3174.0	3200.0	6168.0	4091.0	4017.0	7125.0
GGC	5714.0	6568.0	6107.0	4513.0	3094.0	4874.0	3533.0	3150.0	2123.0	3466.0	1647.0	2126.0	2518.0	5837.0	5308.0	4548.0	3501.0	3412.0	5229.0	2107.0	2403.0	3599.0	4120.0	2562.0	1521.0	4949.0	2442.0	2499.0	1927.0	3968.0	7130.0	2758.0	6510.0	8301.0	7328.0	5962.0	3719.0	7022.0	5633.0	4184.0	3349.0	7204.0	3343.0	4704.0	2750.0	4715.0	5945.0	4031.0	163.0	4937.0	58.0	3510.0	2233.0	3038.0	3018.0	2917.0	140.0	2513.0	3256.0	1802.0	2649.0	5275.0	3051.0	4420.0
GGG	4371.0	3867.0	4028.0	3578.0	2497.0	2976.0	2199.0	2302.0	1963.0	2187.0	1634.0	1740.0	2415.0	3267.0	3596.0	3417.0	2449.0	2074.0	3294.0	1524.0	1886.0	2556.0	2247.0	1993.0	1070.0	2393.0	1600.0	1453.0	1546.0	2516.0	4070.0	2119.0	4655.0	5124.0	4953.0	4397.0	2823.0	3923.0	3353.0	2824.0	2804.0	3343.0	2968.0	2960.0	2184.0	2876.0	3729.0	2800.0	105.0	3032.0	83.0	2839.0	1833.0	2034.0	1714.0	2276.0	92.0	1514.0	2225.0	1461.0	2408.0	3284.0	2202.0	3451.0
GGT	12309.0	7417.0	7490.0	10938.0	6201.0	4557.0	2985.0	7166.0	4277.0	2970.0	1845.0	4635.0	5738.0	6133.0	7700.0	10210.0	6380.0	2875.0	4819.0	3693.0	4315.0	2327.0	2776.0	4798.0	1897.0	2752.0	1345.0	4163.0	3247.0	3058.0	5066.0	4885.0	11864.0	7447.0	6482.0	12518.0	6464.0	4586.0	3873.0	7606.0	5925.0	4704.0	2960.0	9986.0	5927.0	3816.0	4901.0	8168.0	283.0	5186.0	83.0	8130.0	4660.0	2832.0	2502.0	6231.0	168.0	1868.0	4168.0	3537.0	6800.0	5584.0	4886.0	7962.0
GTA	12210.0	6059.0	6058.0	10297.0	5859.0	3197.0	2766.0	5458.0	4261.0	2298.0	1718.0	3918.0	6813.0	4463.0	6401.0	8666.0	5612.0	2272.0	3414.0	3321.0	3828.0	1815.0	1960.0	3757.0	1528.0	1886.0	966.0	2716.0	3235.0	2290.0	3473.0	3872.0	11060.0	5565.0	5346.0	10340.0	5096.0	3214.0	2605.0	5462.0	4735.0	2750.0	2184.0	5927.0	5878.0	2711.0	3886.0	6336.0	302.0	4245.0	93.0	7371.0	4211.0	2292.0	1940.0	5019.0	152.0	1632.0	3253.0	3020.0	6919.0	4216.0	4123.0	7793.0
GTC	5909.0	5658.0	5607.0	4549.0	3106.0	4443.0	3165.0	3131.0	2269.0	2856.0	1707.0	2046.0	2833.0	5255.0	5063.0	4323.0	3279.0	3089.0	4290.0	2003.0	2236.0	3169.0	3260.0	2430.0	1487.0	3824.0	1975.0	2154.0	1967.0	4147.0	5736.0	2613.0	6297.0	7334.0	6559.0	5748.0	3379.0	6074.0	4396.0	3702.0	3211.0	4715.0	2876.0	3816.0	2711.0	4650.0	5175.0	3600.0	151.0	4526.0	57.0	3580.0	2323.0	2955.0	2633.0	2868.0	137.0	2137.0	2894.0	1825.0	2723.0	4963.0	3148.0	4430.0
GTG	8114.0	7865.0	7735.0	6218.0	4184.0	5513.0	4669.0	4072.0	2942.0	4011.0	2316.0	2941.0	4247.0	6535.0	7147.0	6071.0	4566.0	4099.0	5836.0	2832.0	3060.0	4162.0	4225.0	3275.0	1858.0	5109.0	2542.0	2912.0	2691.0	4677.0	8377.0	3272.0	8507.0	9565.0	8824.0	7650.0	4402.0	7468.0	6277.0	4800.0	4043.0	5945.0	3729.0	4901.0	3886.0	5175.0	8312.0	5162.0	206.0	6285.0	96.0	5191.0	3046.0	3400.0	3483.0	3995.0	168.0	2882.0	3863.0	2841.0	3843.0	6305.0	4893.0	6741.0
GTT	14707.0	7862.0	7648.0	12346.0	7143.0	4240.0	3087.0	7491.0	4592.0	2956.0	1932.0	4816.0	6808.0	5657.0	7950.0	11350.0	6871.0	2628.0	4545.0	4165.0	4515.0	2320.0	2603.0	4791.0	1917.0	2559.0	1227.0	3804.0	3449.0	2981.0	4355.0	5565.0	13701.0	6930.0	6641.0	13205.0	6654.0	4110.0	3586.0	7712.0	5824.0	4031.0	2800.0	8168.0	6336.0	3600.0	5162.0	9304.0	331.0	5181.0	80.0	8952.0	5229.0	2837.0	2452.0	6610.0	193.0	2033.0	3953.0	3938.0	7988.0	5476.0	5634.0	10271.0
TAA	904.0	311.0	400.0	592.0	295.0	162.0	131.0	314.0	261.0	147.0	123.0	206.0	453.0	300.0	360.0	564.0	363.0	135.0	205.0	203.0	209.0	128.0	113.0	189.0	94.0	148.0	58.0	166.0	205.0	149.0	214.0	265.0	801.0	362.0	340.0	584.0	288.0	176.0	153.0	256.0	260.0	163.0	105.0	283.0	302.0	151.0	206.0	331.0	10.0	325.0	8.0	487.0	271.0	152.0	125.0	266.0	8.0	105.0	202.0	196.0	476.0	296.0	279.0	547.0
TAC	10134.0	8117.0	7634.0	7568.0	4667.0	5089.0	3831.0	4409.0	3245.0	3460.0	2006.0	3122.0	4922.0	6413.0	7110.0	6895.0	4966.0	3762.0	5007.0	3279.0	3268.0	3437.0	3518.0	3171.0	1742.0	4113.0	1971.0	2980.0	2904.0	4234.0	6656.0	3552.0	9533.0	9145.0	7742.0	8905.0	4264.0	5780.0	4631.0	4681.0	4068.0	4937.0	3032.0	5186.0	4245.0	4526.0	6285.0	5181.0	325.0	6784.0	93.0	6231.0	3258.0	3056.0	2895.0	4004.0	199.0	2689.0	3900.0	2891.0	4686.0	6176.0	4428.0	6824.0
TAG	241.0	96.0	166.0	136.0	82.0	93.0	60.0	82.0	88.0	62.0	45.0	50.0	131.0	79.0	102.0	146.0	99.0	67.0	91.0	59.0	82.0	56.0	57.0	46.0	42.0	50.0	33.0	45.0	68.0	60.0	87.0	90.0	196.0	121.0	121.0	162.0	81.0	64.0	50.0	87.0	94.0	58.0	83.0	83.0	93.0	57.0	96.0	80.0	8.0	93.0	12.0	116.0	79.0	59.0	58.0	97.0	10.0	57.0	83.0	62.0	127.0	101.0	123.0	155.0
TAT	21390.0	8279.0	8330.0	19251.0	8570.0	4137.0	3381.0	8052.0	6278.0	2929.0	2287.0	5929.0	11972.0	6036.0	9358.0	14659.0	8081.0	3121.0	4454.0	5798.0	5300.0	2540.0	2574.0	5302.0	2078.0	2321.0	1160.0	4035.0	4181.0	3001.0	4252.0	5685.0	17148.0	7454.0	7033.0	17331.0	6676.0	3709.0	3163.0	7113.0	6672.0	3510.0	2839.0	8130.0	7371.0	3580.0	5191.0	8952.0	487.0	6231.0	116.0	14576.0	6602.0	2878.0	2547.0	7644.0	219.0	2173.0	4728.0	5227.0	12164.0	5605.0	6330.0	13482.0
TCA	10898.0	4911.0	4851.0	9523.0	5657.0	2702.0	2082.0	4911.0	3925.0	2082.0	1522.0	3533.0	5847.0	3500.0	5361.0	7482.0	5078.0	1704.0	2820.0	2933.0	3580.0	1682.0	1571.0	3172.0	1286.0	1324.0	813.0	2163.0	2688.0	2006.0	2622.0	3386.0	9193.0	4528.0	4148.0	9074.0	4356.0	2539.0	2045.0	4274.0	4107.0	2233.0	1833.0	4660.0	4211.0	2323.0	3046.0	5229.0	271.0	3258.0	79.0	6602.0	5020.0	2272.0	1831.0	5239.0	142.0	1321.0	2532.0	2879.0	6360.0	3334.0	3696.0	6503.0
TCC	4823.0	4263.0	4225.0	3853.0	2669.0	3434.0	2395.0	2626.0	2011.0	2286.0	1398.0	1832.0	2681.0	3835.0	3825.0	3524.0	2695.0	2035.0	3211.0	1631.0	2063.0	2584.0	2226.0	2095.0	1152.0	2612.0	1432.0	1694.0	1574.0	2751.0	3881.0	2039.0	5124.0	4953.0	4589.0	4542.0	2506.0	4180.0	2982.0	2968.0	2557.0	3038.0	2034.0	2832.0	2292.0	2955.0	3400.0	2837.0	152.0	3056.0	59.0	2878.0	2272.0	3120.0	2138.0	2935.0	109.0	1616.0	1959.0	1597.0	2408.0	3531.0	2500.0	3701.0
TCG	4333.0	3884.0	3576.0	3478.0	2283.0	2750.0	2702.0	2017.0	1661.0	1951.0	1014.0	1661.0	2379.0	3373.0	3419.0	3069.0	2323.0	1903.0	2600.0	1383.0	1717.0	1987.0	2452.0	1544.0	1200.0	2534.0	1422.0	1603.0	1292.0	2255.0	3749.0	1632.0	4424.0	4556.0	4125.0	4123.0	2202.0	3560.0	3440.0	2289.0	2026.0	3018.0	1714.0	2502.0	1940.0	2633.0	3483.0	2452.0	125.0	2895.0	58.0	2547.0	1831.0	2138.0	2842.0	2381.0	109.0	1350.0	1786.0	1431.0	2209.0	3095.0	2429.0	3291.0
TCT	12829.0	6025.0	6235.0	10931.0	6058.0	3521.0	2663.0	6220.0	4506.0	2513.0	1964.0	4277.0	6645.0	4573.0	6433.0	9333.0	5845.0	2146.0	3747.0	3298.0	3792.0	2230.0	2069.0	4198.0	1594.0	1886.0	970.0	2835.0	3006.0	2559.0	3380.0	4270.0	11271.0	5715.0	5332.0	10989.0	5116.0	3487.0	2627.0	5920.0	4867.0	2917.0	2276.0	6231.0	5019.0	2868.0	3995.0	6610.0	266.0	4004.0	97.0	7644.0	5239.0	2935.0	2381.0	7208.0	151.0	1788.0	2973.0	3363.0	7117.0	4332.0	4662.0	8099.0
TGA	447.0	238.0	285.0	276.0	184.0	165.0	105.0	161.0	192.0	97.0	108.0	126.0	166.0	258.0	222.0	340.0	208.0	113.0	185.0	128.0	130.0	95.0	120.0	93.0	92.0	172.0	94.0	124.0	111.0	144.0	188.0	185.0	382.0	259.0	255.0	281.0	188.0	193.0	183.0	166.0	153.0	140.0	92.0	168.0	152.0	137.0	168.0	193.0	8.0	199.0	10.0	219.0	142.0	109.0	109.0	151.0	34.0	92.0	173.0	86.0	225.0	198.0	181.0	276.0
TGC	3703.0	3136.0	2999.0	2902.0	1857.0	2391.0	1859.0	1794.0	1432.0	1726.0	1103.0	1290.0	1974.0	2550.0	3016.0	2547.0	1842.0	1982.0	2164.0	1407.0	1443.0	1736.0	1604.0	1384.0	767.0	2143.0	1066.0	1170.0	1296.0	2161.0	3344.0	1528.0	3703.0	3742.0	3554.0	3392.0	1716.0	2909.0	2259.0	1884.0	1808.0	2513.0	1514.0	1868.0	1632.0	2137.0	2882.0	2033.0	105.0	2689.0	57.0	2173.0	1321.0	1616.0	1350.0	1788.0	92.0	1934.0	1738.0	1766.0	1702.0	2638.0	1905.0	2988.0
TGG	7432.0	4710.0	4931.0	5629.0	3524.0	3200.0	2343.0	3345.0	2777.0	2222.0	1520.0	2352.0	3564.0	4064.0	4784.0	5175.0	3730.0	2239.0	3464.0	2310.0	2727.0	2196.0	2277.0	2657.0	1392.0	2397.0	1372.0	2084.0	2010.0	2573.0	4039.0	2724.0	7184.0	5608.0	4971.0	6759.0	3436.0	3737.0	2963.0	3964.0	3174.0	3256.0	2225.0	4168.0	3253.0	2894.0	3863.0	3953.0	202.0	3900.0	83.0	4728.0	2532.0	1959.0	1786.0	2973.0	173.0	1738.0	3728.0	2145.0	3690.0	4120.0	2990.0	5175.0
TGT	8074.0	3816.0	3775.0	7113.0	3566.0	1976.0	1785.0	3235.0	2871.0	1504.0	1182.0	2625.0	4607.0	2666.0	4163.0	5387.0	3175.0	1788.0	2008.0	2787.0	2329.0	1448.0	1313.0	2448.0	1082.0	1300.0	716.0	1635.0	1994.0	1662.0	2297.0	2471.0	6714.0	3526.0	3307.0	6638.0	2757.0	2070.0	1697.0	2917.0	3200.0	1802.0	1461.0	3537.0	3020.0	1825.0	2841.0	3938.0	196.0	2891.0	62.0	5227.0	2879.0	1597.0	1431.0	3363.0	86.0	1766.0	2145.0	3690.0	4757.0	2711.0	3136.0	5589.0
TTA	20400.0	7094.0	6794.0	18430.0	8245.0	3045.0	2996.0	7141.0	5931.0	2621.0	1769.0	5563.0	12174.0	4775.0	8099.0	13677.0	8049.0	2388.0	3522.0	4788.0	4978.0	1805.0	1836.0	4457.0	1664.0	1562.0	892.0	2898.0	4153.0	2187.0	2977.0	4957.0	15822.0	5892.0	5491.0	14834.0	6055.0	2933.0	2514.0	6199.0	6168.0	2649.0	2408.0	6800.0	6919.0	2723.0	3843.0	7988.0	476.0	4686.0	127.0	12164.0	6360.0	2408.0	2209.0	7117.0	225.0	1702.0	3690.0	4757.0	12776.0	4598.0	5583.0	12203.0
TTC	9641.0	7760.0	7620.0	7186.0	4719.0	5329.0	3789.0	4706.0	3273.0	3488.0	2011.0	3141.0	4429.0	7037.0	7601.0	6984.0	4791.0	3618.0	5190.0	3150.0	3420.0	3361.0	3570.0	3311.0	1895.0	4295.0	2074.0	3027.0	2900.0	4687.0	7282.0	3911.0	9709.0	8798.0	8082.0	8586.0	4642.0	6040.0	4900.0	5009.0	4091.0	5275.0	3284.0	5584.0	4216.0	4963.0	6305.0	5476.0	296.0	6176.0	101.0	5605.0	3334.0	3531.0	3095.0	4332.0	198.0	2638.0	4120.0	2711.0	4598.0	7800.0	4441.0	6997.0
TTG	10488.0	6386.0	6020.0	8808.0	4874.0	3499.0	3084.0	4688.0	3631.0	2606.0	1835.0	3463.0	5557.0	4616.0	6526.0	7779.0	5091.0	2595.0	3885.0	3167.0	3135.0	2145.0	2367.0	3151.0	1587.0	2282.0	1337.0	2611.0	2831.0	2793.0	4340.0	3709.0	9567.0	6127.0	5820.0	9165.0	4405.0	3718.0	3194.0	4841.0	4017.0	3051.0	2202.0	4886.0	4123.0	3148.0	4893.0	5634.0	279.0	4428.0	123.0	6330.0	3696.0	2500.0	2429.0	4662.0	181.0	1905.0	2990.0	3136.0	5583.0	4441.0	5548.0	7657.0
TTT	20983.0	9504.0	9158.0	17731.0	8820.0	4922.0	3958.0	8418.0	6533.0	3787.0	2737.0	6361.0	11655.0	7062.0	10461.0	15250.0	8518.0	3819.0	5261.0	5745.0	5636.0	3275.0	3097.0	5662.0	2352.0	3161.0	1650.0	3948.0	4746.0	3903.0	5623.0	6677.0	17126.0	8939.0	8023.0	16550.0	7011.0	5163.0	4051.0	7635.0	7125.0	4420.0	3451.0	7962.0	7793.0	4430.0	6741.0	10271.0	547.0	6824.0	155.0	13482.0	6503.0	3701.0	3291.0	8099.0	276.0	2988.0	5175.0	5589.0	12203.0	6997.0	7657.0	15852.0
End	12529.0	4642.0	6119.0	7606.0	3733.0	2435.0	2042.0	3266.0	3800.0	2308.0	2197.0	2880.0	4815.0	3697.0	4323.0	6431.0	4472.0	1849.0	2832.0	2496.0	2367.0	1660.0	1876.0	2227.0	1856.0	2216.0	1358.0	2315.0	2557.0	2110.0	3239.0	2940.0	9120.0	4672.0	6153.0	6798.0	3524.0	2617.0	2524.0	3013.0	3742.0	2533.0	2415.0	3464.0	3980.0	2427.0	3606.0	4113.0	16491.0	3420.0	5066.0	5607.0	3193.0	2003.0	1944.0	3407.0	10130.0	1498.0	3162.0	2428.0	5727.0	3890.0	3604.0	6301.0
