Proteome_ID	M	W	C	D	E	F	H	K	N	Q	Y	I	A	G	P	T	V	L	R	S
UP000006687	0.015485109850037749	0.02419011657192404	0.03193267149694291	0.03193267149694291	0.03193267149694291	0.030064087100009365	0.03193267149694291	0.030064087100009365	0.030064087100009365	0.0469647150469476	0.030064087100009365	0.044643064349980985	0.06783478943096548	0.06783478943096548	0.06783478943096548	0.06386534299388583	0.06386534299388583	0.0939294300938952	0.0997674609279084	0.09579801449082874
UP000007251	0.014348735166198261	0.024439087752133125	0.03161345533523226	0.03161345533523226	0.03161345533523226	0.026273990765705288	0.03161345533523226	0.026273990765705288	0.026273990765705288	0.0447504507180849	0.026273990765705288	0.03819924636521232	0.07607603786914835	0.07607603786914835	0.07607603786914835	0.06322691067046451	0.06322691067046451	0.0895009014361698	0.1076894932043806	0.09484036600569677
UP000006677	0.018324436061965488	0.02211483519329375	0.03127705322427649	0.03127705322427649	0.03127705322427649	0.04424853717460508	0.03127705322427649	0.04424853717460508	0.04424853717460508	0.053401321811579035	0.04424853717460508	0.07017263828724465	0.04421633440825519	0.04421633440825519	0.04421633440825519	0.06255410644855298	0.06255410644855298	0.10680264362315807	0.07549338763253169	0.09383115967282948
UP000007666	0.01850161778147772	0.021832618652372165	0.031083427543111025	0.031083427543111025	0.031083427543111025	0.04570834455744001	0.031083427543111025	0.04570834455744001	0.04570834455744001	0.053937599821831037	0.04570834455744001	0.0729150713334023	0.042275846005040536	0.042275846005040536	0.042275846005040536	0.06216685508622205	0.06216685508622205	0.10787519964366207	0.07335927354815157	0.09325028262933309
UP000099345	0.010724064400135317	0.02401257898291169	0.02937461118297935	0.02937461118297935	0.02937461118297935	0.01689040143021313	0.02937461118297935	0.01689040143021313	0.01689040143021313	0.03781981189808591	0.01689040143021313	0.023056738460290938	0.1021725606364499	0.1021725606364499	0.1021725606364499	0.0587492223659587	0.0587492223659587	0.07563962379617183	0.13154717181942924	0.08812383354893806
UP000007699	0.01783954676691462	0.02272511934594748	0.03164489272940479	0.03164489272940479	0.03164489272940479	0.040892169259218236	0.03164489272940479	0.040892169259218236	0.040892169259218236	0.05209097735901391	0.040892169259218236	0.06394479175152185	0.04897755506721096	0.04897755506721096	0.04897755506721096	0.06328978545880957	0.06328978545880957	0.10418195471802782	0.08062244779661575	0.09493467818821438
UP000002135	0.015975618878363847	0.024010249736961073	0.031998059176143	0.031998059176143	0.031998059176143	0.03190455316074723	0.031998059176143	0.03190455316074723	0.03190455316074723	0.04795033575651662	0.03190455316074723	0.047833487443130616	0.06418367847882242	0.06418367847882242	0.06418367847882242	0.063996118352286	0.063996118352286	0.09590067151303323	0.09618173765496542	0.09599417752842898
UP000008222	0.018255240435340908	0.02221472859524844	0.0313423488129189	0.0313423488129189	0.0313423488129189	0.04371952129382803	0.0313423488129189	0.04371952129382803	0.04371952129382803	0.053202109459832905	0.04371952129382803	0.06918380215231515	0.04493840737681443	0.04493840737681443	0.04493840737681443	0.0626846976258378	0.0626846976258378	0.10640421891966581	0.07628075618973333	0.09402704643875667
UP000008623	0.015001703922718858	0.024322562835463513	0.03182341479682294	0.03182341479682294	0.03182341479682294	0.028380314592539	0.03182341479682294	0.028380314592539	0.028380314592539	0.04601357209309244	0.028380314592539	0.04175892526235914	0.07136846394203746	0.07136846394203746	0.07136846394203746	0.06364682959364588	0.06364682959364588	0.09202714418618488	0.10319187873886039	0.09547024439046882
UP000172353	0.016303213696767054	0.011932285258233918	0.020083892106617447	0.020083892106617447	0.020083892106617447	0.08660667461794362	0.020083892106617447	0.08660667461794362	0.08660667461794362	0.06338722941558926	0.08660667461794362	0.1569101355391202	0.00931481837698176	0.00931481837698176	0.00931481837698176	0.04016778421323489	0.04016778421323489	0.12677445883117852	0.02939871048359921	0.060251676319852336
UP000163220	0.019212640276388995	0.019520677795207275	0.029126997933401774	0.029126997933401774	0.029126997933401774	0.05644405346116842	0.029126997933401774	0.05644405346116842	0.05644405346116842	0.057349024663985976	0.05644405346116842	0.09367546664594784	0.030060988061250744	0.030060988061250744	0.030060988061250744	0.05825399586680355	0.05825399586680355	0.11469804932797195	0.05918798599465252	0.08738099380020531
UP000000360	0.016100227789207375	0.023956476054964516	0.032006589949568204	0.032006589949568204	0.032006589949568204	0.03239668402797852	0.032006589949568204	0.03239668402797852	0.03239668402797852	0.04820493196355747	0.03239668402797852	0.04869314026674966	0.0632423861229184	0.0632423861229184	0.0632423861229184	0.06401317989913641	0.06401317989913641	0.09640986392711494	0.0952489760724866	0.09601976984870461
UP000004993	0.016885681757814817	0.023528490207674883	0.03197133108658229	0.03197133108658229	0.03197133108658229	0.03578617733558757	0.03197133108658229	0.03578617733558757	0.03578617733558757	0.04986441975437608	0.03578617733558757	0.054686672913360324	0.05712630336917099	0.05712630336917099	0.05712630336917099	0.06394266217316458	0.06394266217316458	0.09972883950875217	0.0890976344557533	0.09591399325974688
UP000008865	0.016144149541343574	0.023936685541059148	0.03200876031173094	0.03200876031173094	0.03200876031173094	0.03257276340306898	0.03200876031173094	0.03257276340306898	0.03257276340306898	0.04829514201326543	0.03257276340306898	0.04900137726479439	0.0629090460649899	0.0629090460649899	0.0629090460649899	0.06401752062346187	0.06401752062346187	0.09659028402653086	0.09491780637672083	0.09602628093519282
UP000009108	0.01824399333416908	0.022230488398511564	0.031352485065596104	0.031352485065596104	0.031352485065596104	0.043635418953275884	0.031352485065596104	0.043635418953275884	0.043635418953275884	0.053170194542234046	0.043635418953275884	0.0690268445723827	0.045054148366994444	0.045054148366994444	0.045054148366994444	0.06270497013119221	0.06270497013119221	0.10634038908446809	0.07640663343259055	0.0940574551967883
UP000000396	0.017863716434719682	0.022698936070339317	0.03163079428769915	0.03163079428769915	0.03163079428769915	0.041043099036308706	0.03163079428769915	0.041043099036308706	0.041043099036308706	0.052152343805853506	0.041043099036308706	0.06422248163789772	0.048753976710464525	0.048753976710464525	0.048753976710464525	0.0632615885753983	0.0632615885753983	0.10430468761170701	0.08038477099816367	0.09489238286309747
UP000007661	0.017035341805876014	0.023426653617020326	0.031944324519958336	0.031944324519958336	0.031944324519958336	0.03650030973886015	0.031944324519958336	0.03650030973886015	0.03650030973886015	0.05019447938938841	0.03650030973886015	0.05596527767184428	0.05591403888553839	0.05591403888553839	0.05591403888553839	0.06388864903991667	0.06388864903991667	0.10038895877877682	0.08785836340549673	0.09583297355987501
UP000007068	0.017830554198150717	0.022734767092164453	0.03165004419123981	0.03165004419123981	0.03165004419123981	0.04083637157434775	0.03165004419123981	0.04083637157434775	0.04083637157434775	0.052068229978413684	0.04083637157434775	0.06384218895054479	0.04906044580790758	0.04906044580790758	0.04906044580790758	0.06330008838247962	0.06330008838247962	0.10413645995682737	0.08071048999914739	0.09495013257371943
UP000134285	0.017351931098455283	0.023184793244841927	0.03186075879406957	0.03186075879406957	0.03186075879406957	0.038104091035991286	0.03186075879406957	0.038104091035991286	0.038104091035991286	0.05091280431206521	0.038104091035991286	0.0588562509735273	0.05328078551854494	0.05328078551854494	0.05328078551854494	0.06372151758813914	0.06372151758813914	0.10182560862413043	0.08514154431261452	0.0955822763822087
UP000006372	0.018064703632039995	0.022465728747676952	0.03149808056369695	0.03149808056369695	0.03149808056369695	0.04235744245517275	0.03149808056369695	0.04235744245517275	0.04235744245517275	0.05267680179128332	0.04235744245517275	0.06665018127830549	0.04684556109576835	0.04684556109576835	0.04684556109576835	0.0629961611273939	0.0629961611273939	0.10535360358256664	0.0783436416594653	0.09449424169109084
UP000009089	0.018620040938034738	0.02161761292849547	0.030927633397512838	0.030927633397512838	0.030927633397512838	0.04679012584095909	0.030927633397512838	0.04679012584095909	0.04679012584095909	0.05432269631799238	0.04679012584095909	0.07496021074388344	0.04088548557540469	0.04088548557540469	0.04088548557540469	0.061855266795025676	0.061855266795025676	0.10864539263598476	0.07181311897291753	0.0927829001925385
UP000002317	0.0172803153620865	0.023242903363990538	0.03188306104503379	0.03188306104503379	0.03188306104503379	0.03772916145559006	0.03188306104503379	0.03772916145559006	0.03772916145559006	0.050747641772828825	0.03772916145559006	0.05817800754909364	0.05388561751089429	0.05388561751089429	0.05388561751089429	0.06376612209006759	0.06376612209006759	0.10149528354565765	0.08576867855592807	0.09564918313510137
UP000000862	0.018217751231414444	0.022266767240255347	0.03137564285596257	0.03137564285596257	0.03137564285596257	0.0434411281522667	0.03137564285596257	0.0434411281522667	0.0434411281522667	0.053096206932095914	0.0434411281522667	0.06866450507311896	0.04532253219457647	0.04532253219457647	0.04532253219457647	0.06275128571192513	0.06275128571192513	0.10619241386419183	0.07669817505053904	0.0941269285678877
UP000000344	0.019204262471012676	0.019611019850195435	0.029213151085701775	0.029213151085701775	0.029213151085701775	0.05605187974934742	0.029213151085701775	0.05605187974934742	0.05605187974934742	0.057239090960375494	0.05605187974934742	0.09289949702768217	0.030450653936043053	0.030450653936043053	0.030450653936043053	0.05842630217140355	0.05842630217140355	0.11447818192075099	0.05966380502174482	0.08763945325710534
UP000125273	0.010396722541515975	0.02389134364670737	0.02908970491746536	0.02908970491746536	0.02908970491746536	0.016179204835210247	0.02908970491746536	0.016179204835210247	0.016179204835210247	0.03717930733507049	0.016179204835210247	0.02196168712890452	0.10460476158180884	0.10460476158180884	0.10460476158180884	0.05817940983493072	0.05817940983493072	0.07435861467014097	0.1336944664992742	0.08726911475239607
UP000000470	0.016744247748647734	0.02361815159427766	0.03199027546860153	0.03199027546860153	0.03199027546860153	0.035133944908987434	0.03199027546860153	0.035133944908987434	0.035133944908987434	0.04955724792309524	0.035133944908987434	0.05352364206932714	0.05825578238982344	0.05825578238982344	0.05825578238982344	0.06398055093720306	0.06398055093720306	0.09911449584619048	0.09024605785842499	0.09597082640580458
UP000008687	0.017349954799210407	0.023186425354286676	0.03186140275389188	0.03186140275389188	0.03186140275389188	0.03809364160942519	0.03186140275389188	0.03809364160942519	0.03809364160942519	0.05090822355860447	0.03809364160942519	0.05883732841963997	0.053297555316661534	0.053297555316661534	0.053297555316661534	0.06372280550778377	0.06372280550778377	0.10181644711720894	0.0851589580705534	0.09558420826167566
UP000008226	0.018359644228650447	0.022061953358024567	0.03124177547234979	0.03124177547234979	0.03124177547234979	0.044525853051238094	0.03124177547234979	0.044525853051238094	0.044525853051238094	0.05350470199796884	0.044525853051238094	0.07069206187382573	0.043841879168110706	0.043841879168110706	0.043841879168110706	0.06248355094469958	0.06248355094469958	0.10700940399593768	0.07508365464046049	0.09372532641704936
UP000009116	0.018700185243504724	0.021456582639892873	0.030806675261645235	0.030806675261645235	0.030806675261645235	0.047585264867524714	0.030806675261645235	0.047585264867524714	0.047585264867524714	0.0545993076954076	0.047585264867524714	0.07647034449154472	0.03988845048224829	0.03988845048224829	0.03988845048224829	0.06161335052329047	0.06161335052329047	0.1091986153908152	0.07069512574389354	0.0924200257849357
UP000002241	0.017768840034380784	0.022799643245513205	0.03168406326270359	0.03168406326270359	0.03168406326270359	0.040458499480502945	0.03168406326270359	0.040458499480502945	0.040458499480502945	0.05191331300295506	0.040458499480502945	0.0631481589266251	0.04962516542754018	0.04962516542754018	0.04962516542754018	0.06336812652540719	0.06336812652540719	0.10382662600591012	0.08130922869024376	0.09505218978811077
UP000006674	0.01901193147734811	0.02062833714483681	0.030134302883510863	0.030134302883510863	0.030134302883510863	0.05150981572342747	0.030134302883510863	0.05150981572342747	0.05150981572342747	0.0558892107452246	0.05150981572342747	0.08400769996950684	0.035258375419198545	0.035258375419198545	0.035258375419198545	0.06026860576702173	0.06026860576702173	0.1117784214904492	0.06539267830270941	0.09040290865053259
UP000006716	0.018796339307524737	0.02124219843568847	0.030640368089450837	0.030640368089450837	0.030640368089450837	0.04862591654586584	0.030640368089450837	0.04862591654586584	0.04862591654586584	0.05495332636238375	0.04862591654586584	0.07845549378420692	0.038614476532138765	0.038614476532138765	0.038614476532138765	0.061280736178901674	0.061280736178901674	0.1099066527247675	0.06925484462158961	0.0919211042683525
UP000001795	0.016855715593445036	0.02354800425653352	0.03197586205325604	0.03197586205325604	0.03197586205325604	0.035646217981915786	0.03197586205325604	0.035646217981915786	0.035646217981915786	0.04979897104421393	0.035646217981915786	0.05443672037038653	0.05736685752006437	0.05736685752006437	0.05736685752006437	0.06395172410651208	0.06395172410651208	0.09959794208842786	0.0893427195733204	0.09592758615976811
UP000007453	0.017445015897748124	0.023106016170307987	0.03182852411918205	0.03182852411918205	0.03182852411918205	0.03860317668769938	0.03182852411918205	0.03860317668769938	0.03860317668769938	0.051130112463031736	0.03860317668769938	0.05976133747765063	0.05248557422105398	0.05248557422105398	0.05248557422105398	0.0636570482383641	0.0636570482383641	0.10226022492606347	0.08431409834023602	0.09548557235754614
UP000140422	0.014656301224388274	0.024392657564430466	0.0317208081766246	0.0317208081766246	0.0317208081766246	0.027244251534423714	0.0317208081766246	0.027244251534423714	0.027244251534423714	0.04534293394383646	0.027244251534423714	0.03983220184445915	0.07386583331950568	0.07386583331950568	0.07386583331950568	0.0634416163532492	0.0634416163532492	0.09068586788767292	0.10558664149613027	0.09516242452987382
UP000009190	0.012173956918710713	0.02438674071973975	0.030473719179095107	0.030473719179095107	0.030473719179095107	0.020272708418857872	0.030473719179095107	0.020272708418857872	0.020272708418857872	0.04061007338852404	0.020272708418857872	0.028371459919005027	0.09161553961309993	0.09161553961309993	0.09161553961309993	0.06094743835819021	0.06094743835819021	0.08122014677704809	0.12208925879219504	0.09142115753728532
UP000007225	0.014893031941712449	0.024346732008624784	0.03179324797948101	0.03179324797948101	0.03179324797948101	0.028017266562215752	0.03179324797948101	0.028017266562215752	0.028017266562215752	0.04580188126058888	0.028017266562215752	0.04114150118271906	0.0721562622706355	0.0721562622706355	0.0721562622706355	0.06358649595896201	0.06358649595896201	0.09160376252117776	0.1039495102501165	0.09537974393844302
UP000008479	0.016807274289524103	0.023578955130079203	0.03198259227484126	0.03198259227484126	0.03198259227484126	0.03542200574468143	0.03198259227484126	0.03542200574468143	0.03542200574468143	0.049693595147181975	0.03542200574468143	0.05403673719983875	0.05775427941554782	0.05775427941554782	0.05775427941554782	0.06396518454968252	0.06396518454968252	0.09938719029436395	0.08973687169038908	0.09594777682452377
UP000002242	0.01663885091605988	0.023681079558128478	0.03200050501615842	0.03200050501615842	0.03200050501615842	0.034661087193668214	0.03200050501615842	0.034661087193668214	0.034661087193668214	0.049331048612992534	0.034661087193668214	0.05268332347127655	0.05908829781174593	0.05908829781174593	0.05908829781174593	0.06400101003231684	0.06400101003231684	0.09866209722598507	0.09108880282790434	0.09600151504847526
UP000007544	0.017602722052111063	0.022963497886921983	0.03176485891297751	0.03176485891297751	0.03176485891297751	0.03948189372570835	0.03176485891297751	0.03948189372570835	0.03948189372570835	0.05150580577583169	0.03948189372570835	0.061361065399305637	0.05111235386890067	0.05111235386890067	0.05111235386890067	0.06352971782595503	0.06352971782595503	0.10301161155166338	0.0828772127818782	0.09529457673893255
UP000007711	0.01909866213249018	0.020282243638268697	0.029831574704513787	0.029831574704513787	0.029831574704513787	0.053083742398754005	0.029831574704513787	0.053083742398754005	0.053083742398754005	0.05637344590389079	0.053083742398754005	0.08706882266501784	0.03352901695084238	0.03352901695084238	0.03352901695084238	0.059663149409027574	0.059663149409027574	0.11274689180778158	0.06336059165535617	0.08949472411354135
UP000009246	0.01921655674619597	0.019472677517058983	0.029080955890156968	0.029080955890156968	0.029080955890156968	0.05665178699089274	0.029080955890156968	0.05665178699089274	0.05665178699089274	0.05740684938560334	0.05665178699089274	0.09408701723558952	0.029856145424722758	0.029856145424722758	0.029856145424722758	0.058161911780313935	0.058161911780313935	0.11481369877120667	0.058937101314879725	0.0872428676704709
UP000002665	0.016196658823686694	0.023912438530620844	0.032010767942464186	0.032010767942464186	0.032010767942464186	0.03278512138459177	0.032010767942464186	0.03278512138459177	0.03278512138459177	0.04840332863476007	0.03278512138459177	0.04937358394549684	0.06250940798699453	0.06250940798699453	0.06250940798699453	0.06402153588492837	0.06402153588492837	0.09680665726952015	0.09452017592945873	0.09603230382739256
UP000002092	0.0157427530867665	0.02410173702664252	0.03197311357002577	0.03197311357002577	0.03197311357002577	0.031012547926291083	0.03197311357002577	0.031012547926291083	0.031012547926291083	0.04747938753317131	0.031012547926291083	0.046282342765815665	0.06592686249394696	0.06592686249394696	0.06592686249394696	0.06394622714005153	0.06394622714005153	0.09495877506634262	0.09789997606397272	0.09591934071007731
UP000007016	0.018164103443188567	0.022338876231174656	0.03142092795276894	0.03142092795276894	0.03142092795276894	0.04305201333868573	0.03142092795276894	0.04305201333868573	0.04305201333868573	0.05294693462211181	0.04305201333868573	0.0679399232341829	0.04586427610928708	0.04586427610928708	0.04586427610928708	0.06284185590553788	0.06284185590553788	0.10589386924422362	0.07728520406205602	0.0942627838583068
UP000009115	0.016305414926354043	0.023860134036997865	0.03201284150017489	0.03201284150017489	0.03201284150017489	0.03323158387395759	0.03201284150017489	0.03323158387395759	0.03323158387395759	0.04862863343715368	0.03323158387395759	0.050157752821561145	0.061677591101424206	0.061677591101424206	0.061677591101424206	0.06402568300034978	0.06402568300034978	0.09725726687430736	0.0936904326015991	0.09603852450052465
UP000002131	0.010740687489245782	0.024018370584439883	0.029388714329062773	0.029388714329062773	0.029388714329062773	0.016926991741839453	0.029388714329062773	0.016926991741839453	0.016926991741839453	0.0378522101999825	0.016926991741839453	0.02311329599443313	0.10204961910395563	0.10204961910395563	0.10204961910395563	0.05877742865812555	0.05877742865812555	0.075704420399965	0.13143833343301842	0.0881661429871883
UP000009294	0.009217555816189011	0.023338428807282784	0.027947206715377287	0.027947206715377287	0.027947206715377287	0.013753856876036426	0.027947206715377287	0.013753856876036426	0.013753856876036426	0.0348241351533955	0.013753856876036426	0.01829015793588384	0.11357488597294617	0.11357488597294617	0.11357488597294617	0.055894413430754575	0.055894413430754575	0.069648270306791	0.14152209268832344	0.08384162014613186
UP000008446	0.01906028977542364	0.020447000902439918	0.02997714579015174	0.02997714579015174	0.02997714579015174	0.052338611467400944	0.02997714579015174	0.052338611467400944	0.052338611467400944	0.056146451523852205	0.052338611467400944	0.08561693315937825	0.03433905655994419	0.03433905655994419	0.03433905655994419	0.05995429158030348	0.05995429158030348	0.11229290304770441	0.06431620235009593	0.08993143737045521
UP000002326	0.018156726315993542	0.022348584209445098	0.03142694736744187	0.03142694736744187	0.03142694736744187	0.04299932006298408	0.03142694736744187	0.04299932006298408	0.04299932006298408	0.052926607398933914	0.04299932006298408	0.06784191380997463	0.04593807620163656	0.04593807620163656	0.04593807620163656	0.06285389473488374	0.06285389473488374	0.10585321479786783	0.07736502356907844	0.09428084210232561
UP000007219	0.015590061493397332	0.024155683948070623	0.03195071469476928	0.03195071469476928	0.03195071469476928	0.030445826381044292	0.03195071469476928	0.030445826381044292	0.030445826381044292	0.04717362788529143	0.030445826381044292	0.045301591268691245	0.06705997444313949	0.06705997444313949	0.06705997444313949	0.06390142938953856	0.06390142938953856	0.09434725577058287	0.09901068913790878	0.09585214408430785
UP000006540	0.017954075365629176	0.022597648754654233	0.031574686437468816	0.031574686437468816	0.031574686437468816	0.04162032796872585	0.031574686437468816	0.04162032796872585	0.04162032796872585	0.05238485042183173	0.04162032796872585	0.06528658057182252	0.04790739872946743	0.04790739872946743	0.04790739872946743	0.06314937287493763	0.06314937287493763	0.10476970084366347	0.07948208516693624	0.09472405931240645
UP000000840	0.016616617737461484	0.023693947790364073	0.03200225665909481	0.03200225665909481	0.03200225665909481	0.03456270281324511	0.03200225665909481	0.03456270281324511	0.03456270281324511	0.04928360806571737	0.03456270281324511	0.05250878788902874	0.05926298280596887	0.05926298280596887	0.05926298280596887	0.06400451331818963	0.06400451331818963	0.09856721613143474	0.09126523946506368	0.09600676997728445
UP000201106	0.01721274733030447	0.023295839081527627	0.031902212746679856	0.031902212746679856	0.031902212746679856	0.03738221315215941	0.031902212746679856	0.03738221315215941	0.03738221315215941	0.050593319322759574	0.03738221315215941	0.05755167897401435	0.0544510927692697	0.0544510927692697	0.0544510927692697	0.06380442549335971	0.06380442549335971	0.10118663864551915	0.08635330551594957	0.09570663824003958
UP000008920	0.01786775524495851	0.022694524427344688	0.031628402049823943	0.031628402049823943	0.031628402049823943	0.04106845809134368	0.031628402049823943	0.04106845809134368	0.04106845809134368	0.052162631095495786	0.04106845809134368	0.06426916093772886	0.04871650228505463	0.04871650228505463	0.04871650228505463	0.06325680409964789	0.06325680409964789	0.10432526219099157	0.08034490433487858	0.09488520614947184
UP000009253	0.01847196745477358	0.021882833500829268	0.031118817228216057	0.031118817228216057	0.031118817228216057	0.04545209197295512	0.031118817228216057	0.04545209197295512	0.04545209197295512	0.05384486321469362	0.04545209197295512	0.07243221649113667	0.042611054569691616	0.042611054569691616	0.042611054569691616	0.062237634456432114	0.062237634456432114	0.10768972642938723	0.07372987179790769	0.09335645168464818
UP000008286	0.018971972176203222	0.020762117394629468	0.03024810348273108	0.03024810348273108	0.03024810348273108	0.05089211557203784	0.03024810348273108	0.05089211557203784	0.05089211557203784	0.05569416126875001	0.05089211557203784	0.08281225896787246	0.03595636589353016	0.03595636589353016	0.03595636589353016	0.06049620696546216	0.06049620696546216	0.11138832253750001	0.06620446937626123	0.09074431044819324
UP000007908	0.016682686613782315	0.023655297423204966	0.03199664073009613	0.03199664073009613	0.03199664073009613	0.03485644046858774	0.03199664073009613	0.03485644046858774	0.03485644046858774	0.04942486096438999	0.03485644046858774	0.05303019432339316	0.058742947027736275	0.058742947027736275	0.058742947027736275	0.06399328146019226	0.06399328146019226	0.09884972192877998	0.0907395877578324	0.09598992219028837
UP000007670	0.016633744748627884	0.023684047240635175	0.032000919614949115	0.032000919614949115	0.032000919614949115	0.034638450673389755	0.032000919614949115	0.034638450673389755	0.034638450673389755	0.049320144951643996	0.034638450673389755	0.05264315659815164	0.0591284446211762	0.0591284446211762	0.0591284446211762	0.06400183922989823	0.06400183922989823	0.09864028990328799	0.09112936423612533	0.09600275884484735
UP000002501	0.01884445536828817	0.021124093706774007	0.030546321390918098	0.030546321390918098	0.030546321390918098	0.04919119642998384	0.030546321390918098	0.04919119642998384	0.04919119642998384	0.05514191960591002	0.04919119642998384	0.0795379374916795	0.037936778051143934	0.037936778051143934	0.037936778051143934	0.061092642781836196	0.061092642781836196	0.11028383921182004	0.06848309944206203	0.0916389641727543
UP000008167	0.014050276986132346	0.02447047282140583	0.031495611314472	0.031495611314472	0.031495611314472	0.02536621279289706	0.031495611314472	0.02536621279289706	0.02536621279289706	0.04417871771092053	0.02536621279289706	0.03668214859966177	0.07821219037869657	0.07821219037869657	0.07821219037869657	0.062991222628944	0.062991222628944	0.08835743542184106	0.10970780169316857	0.09448683394341599
UP000110594	0.006219871642720145	0.020995786813105564	0.02410572263446564	0.02410572263446564	0.02410572263446564	0.00838285529218522	0.02410572263446564	0.00838285529218522	0.00838285529218522	0.028297150280558247	0.00838285529218522	0.010545838941650294	0.13863673974463017	0.13863673974463017	0.13863673974463017	0.04821144526893128	0.04821144526893128	0.056594300561116494	0.16274246237909581	0.07231716790339693
UP000008447	0.017517145720980447	0.0230423043250356	0.03180087718552582	0.03180087718552582	0.03180087718552582	0.038999655033880774	0.03180087718552582	0.038999655033880774	0.038999655033880774	0.05130070470246621	0.038999655033880774	0.06048216434678111	0.051861781284492786	0.051861781284492786	0.051861781284492786	0.06360175437105164	0.06360175437105164	0.10260140940493243	0.08366265847001862	0.09540263155657745
UP000002325	0.017322399947576145	0.023209011128341298	0.03187021110212937	0.03187021110212937	0.03187021110212937	0.03794856403205222	0.03187021110212937	0.03794856403205222	0.03794856403205222	0.050844493118155476	0.03794856403205222	0.05857472811652828	0.05353089802483163	0.05353089802483163	0.05353089802483163	0.06374042220425874	0.06374042220425874	0.10168898623631095	0.085401109126961	0.09561063330638811
UP000006541	0.0162821899260542	0.023871543883928738	0.032012638846955835	0.032012638846955835	0.032012638846955835	0.033135473015504985	0.032012638846955835	0.033135473015504985	0.033135473015504985	0.048580375354708334	0.033135473015504985	0.04998875610495576	0.06185570644886162	0.06185570644886162	0.06185570644886162	0.06402527769391167	0.06402527769391167	0.09716075070941667	0.09386834529581746	0.0960379165408675
UP000138352	0.01831861304267893	0.02212344337374082	0.031282749895080286	0.031282749895080286	0.031282749895080286	0.04420321975641079	0.031282749895080286	0.04420321975641079	0.04420321975641079	0.053384359773285685	0.04420321975641079	0.07008782647014264	0.04427779000674347	0.04427779000674347	0.04427779000674347	0.06256549979016057	0.06256549979016057	0.10676871954657137	0.07556053990182374	0.09384824968524086
UP000006711	0.012496977491298394	0.02443402230352656	0.030682511049175756	0.030682511049175756	0.030682511049175756	0.02108481715632539	0.030682511049175756	0.02108481715632539	0.02108481715632539	0.041224919627338444	0.02108481715632539	0.029672656821352384	0.08929804582159916	0.08929804582159916	0.08929804582159916	0.06136502209835151	0.06136502209835151	0.08244983925467689	0.11998055687077493	0.09204753314752727
UP000008622	0.01916580117785299	0.01991732627299612	0.029500226861922618	0.029500226861922618	0.029500226861922618	0.05470990841887965	0.029500226861922618	0.05470990841887965	0.05470990841887965	0.05685518107136245	0.05470990841887965	0.09025401565990632	0.03181373941414183	0.03181373941414183	0.03181373941414183	0.059000453723845235	0.059000453723845235	0.1137103621427249	0.06131396627606445	0.08850068058576784
UP000001189	0.013789344661614675	0.024487316756526743	0.03138198908733408	0.03138198908733408	0.03138198908733408	0.024597613253618887	0.03138198908733408	0.024597613253618887	0.024597613253618887	0.043680795714143524	0.024597613253618887	0.0354058818456231	0.08007518688283008	0.08007518688283008	0.08007518688283008	0.06276397817466817	0.06276397817466817	0.08736159142828705	0.11145717597016416	0.09414596726200224
UP000516359	0.01922366949956932	0.01937059143617119	0.028982426185955847	0.028982426185955847	0.028982426185955847	0.057092168623458055	0.028982426185955847	0.057092168623458055	0.057092168623458055	0.05752851049768488	0.057092168623458055	0.0949606677473468	0.029425437774638935	0.029425437774638935	0.029425437774638935	0.05796485237191169	0.05796485237191169	0.11505702099536975	0.05840786396059479	0.08694727855786755
UP000002477	0.016983940680377816	0.023462471104046236	0.03195444144423514	0.03195444144423514	0.03195444144423514	0.03625211651394751	0.03195444144423514	0.03625211651394751	0.03625211651394751	0.0500804997012089	0.03625211651394751	0.055520292347517194	0.05633250834445506	0.05633250834445506	0.05633250834445506	0.06390888288847028	0.06390888288847028	0.1001609994024178	0.08828694978869021	0.09586332433270543
UP000009104	0.018266085688610566	0.02219940916409503	0.03133245200840031	0.03133245200840031	0.03133245200840031	0.0438011027100094	0.03133245200840031	0.0438011027100094	0.0438011027100094	0.053233003363405015	0.0438011027100094	0.06933611973140823	0.044826385096207455	0.044826385096207455	0.044826385096207455	0.06266490401680062	0.06266490401680062	0.10646600672681003	0.07615883710460775	0.09399735602520093
UP000007218	0.018319951362482552	0.022121468324649958	0.03128144400589124	0.03128144400589124	0.03128144400589124	0.044213621725702625	0.03128144400589124	0.044213621725702625	0.044213621725702625	0.053388254868742546	0.044213621725702625	0.07010729208892269	0.04426367716105294	0.04426367716105294	0.04426367716105294	0.06256288801178247	0.06256288801178247	0.10677650973748509	0.07554512116694419	0.0938443320176737
UP000000518	0.012668073544018816	0.024453675047182096	0.030787711819191505	0.030787711819191505	0.030787711819191505	0.02152476730796428	0.030787711819191505	0.02152476730796428	0.02152476730796428	0.04155009547317364	0.02152476730796428	0.030381461071909744	0.08807372321380334	0.08807372321380334	0.08807372321380334	0.06157542363838301	0.06157542363838301	0.08310019094634728	0.11886143503299484	0.09236313545757452
UP000008774	0.012297263243498228	0.024406352914397363	0.030554984536146478	0.030554984536146478	0.030554984536146478	0.020579933400194324	0.030554984536146478	0.020579933400194324	0.020579933400194324	0.04084495123624364	0.020579933400194324	0.028862603556890423	0.09072984463548699	0.09072984463548699	0.09072984463548699	0.061109969072292956	0.061109969072292956	0.08168990247248728	0.12128482917163348	0.09166495360843943
UP000001833	0.01844771435555563	0.021922948679873915	0.03114680585765173	0.03114680585765173	0.03114680585765173	0.04524633730334687	0.03114680585765173	0.04524633730334687	0.04524633730334687	0.05376997450932517	0.04524633730334687	0.07204496025113812	0.04288185842006214	0.04288185842006214	0.04288185842006214	0.06229361171530346	0.06229361171530346	0.10753994901865034	0.07402866427771386	0.0934404175729552
UP000002138	0.013879399748209975	0.024482598608153466	0.03142229848225846	0.03142229848225846	0.03142229848225846	0.024860352228812648	0.03142229848225846	0.024860352228812648	0.024860352228812648	0.04385247459666478	0.024860352228812648	0.035841304709415316	0.07943257061046873	0.07943257061046873	0.07943257061046873	0.06284459696451691	0.06284459696451691	0.08770494919332956	0.11085486909272717	0.09426689544677536
UP000008478	0.01858236261965709	0.02168872520228732	0.03097990651211587	0.03097990651211587	0.03097990651211587	0.04643499242470034	0.03097990651211587	0.04643499242470034	0.04643499242470034	0.054197402724466034	0.04643499242470034	0.0742876222297436	0.04133755848268054	0.04133755848268054	0.04133755848268054	0.06195981302423174	0.06195981302423174	0.10839480544893207	0.07231746499479641	0.09293971953634761
UP000158064	0.01849059328132317	0.021851444149430917	0.031096740790092503	0.031096740790092503	0.031096740790092503	0.04561244312938128	0.031096740790092503	0.04561244312938128	0.04561244312938128	0.05390296235478314	0.04561244312938128	0.07273429297743939	0.0424010301322055	0.0424010301322055	0.0424010301322055	0.062193481580185006	0.062193481580185006	0.10780592470956628	0.073497770922298	0.09329022237027751
UP000001065	0.0192358490708373	0.019018837607971583	0.028636762143390233	0.028636762143390233	0.028636762143390233	0.05859563110694002	0.028636762143390233	0.05859563110694002	0.05859563110694002	0.057934577696860244	0.05859563110694002	0.09795541314304275	0.02799062423478122	0.02799062423478122	0.02799062423478122	0.05727352428678047	0.05727352428678047	0.11586915539372049	0.05662738637817145	0.0859102864301707
UP000002473	0.017466852277063915	0.023086981095994424	0.03182040723452638	0.03182040723452638	0.03182040723452638	0.038722278502338864	0.03182040723452638	0.038722278502338864	0.038722278502338864	0.05118154648569581	0.038722278502338864	0.059977704727613816	0.05229745540464208	0.05229745540464208	0.05229745540464208	0.06364081446905276	0.06364081446905276	0.10236309297139162	0.08411786263916846	0.09546122170357914
UP000001594	0.014427131325908697	0.02442863683702449	0.03164220249997884	0.03164220249997884	0.03164220249997884	0.026517823033795795	0.03164220249997884	0.026517823033795795	0.026517823033795795	0.044901114016876735	0.026517823033795795	0.03860851474168289	0.07551366322745612	0.07551366322745612	0.07551366322745612	0.06328440499995767	0.06328440499995767	0.08980222803375347	0.10715586572743495	0.09492660749993652
UP000000868	0.018583448543507804	0.02168671312265994	0.030978437394413843	0.030978437394413843	0.030978437394413843	0.04644507584492797	0.030978437394413843	0.04644507584492797	0.04644507584492797	0.054200975316877835	0.04644507584492797	0.07430670314634814	0.04132466428104317	0.04132466428104317	0.04132466428104317	0.061956874788827686	0.061956874788827686	0.10840195063375567	0.07230310167545702	0.09293531218324153
UP000009165	0.018306750681261478	0.022140861776874087	0.03129423711750482	0.03129423711750482	0.03129423711750482	0.04411136823763651	0.03129423711750482	0.04411136823763651	0.04411136823763651	0.05334992123632308	0.04411136823763651	0.06991598579401154	0.044402579919569925	0.044402579919569925	0.044402579919569925	0.06258847423500964	0.06258847423500964	0.10669984247264616	0.07569681703707475	0.09388271135251448
UP000002243	0.018779528410550382	0.021281614938628353	0.030671379143903544	0.030671379143903544	0.030671379143903544	0.04843602976012846	0.030671379143903544	0.04843602976012846	0.04843602976012846	0.05488939402396777	0.04843602976012846	0.07809253110970654	0.03884436867546373	0.03884436867546373	0.03884436867546373	0.06134275828780709	0.06134275828780709	0.10977878804793555	0.06951574781936727	0.09201413743171062
UP000242267	0.019077020944585726	0.020377877176750655	0.029916387649043523	0.029916387649043523	0.029916387649043523	0.052652112372251106	0.029916387649043523	0.052652112372251106	0.052652112372251106	0.056242443835169076	0.052652112372251106	0.08622720379991648	0.03399636632392833	0.03399636632392833	0.03399636632392833	0.059832775298087046	0.059832775298087046	0.11248488767033815	0.06391275397297184	0.08974916294713055
UP000158680	0.011248056762678005	0.024178314567104973	0.029802342948443975	0.029802342948443975	0.029802342948443975	0.018066900649730152	0.029802342948443975	0.018066900649730152	0.018066900649730152	0.038835793273309056	0.018066900649730152	0.024885744536782294	0.09832119658331484	0.09832119658331484	0.09832119658331484	0.05960468589688795	0.05960468589688795	0.07767158654661811	0.1281235395317588	0.08940702884533194
UP000153037	0.012953853321258622	0.024478079943050273	0.030955006603679586	0.030955006603679586	0.030955006603679586	0.02227560694648609	0.030955006603679586	0.02227560694648609	0.02227560694648609	0.04209281007692262	0.02227560694648609	0.031597360571713556	0.08603244222577755	0.08603244222577755	0.08603244222577755	0.06191001320735917	0.06191001320735917	0.08418562015384524	0.11698744882945714	0.09286501981103876
UP000000373	0.018189888429173903	0.02230455459810732	0.03139949881269427	0.03139949881269427	0.03139949881269427	0.04323771584114462	0.03139949881269427	0.04323771584114462	0.04323771584114462	0.05301835673326658	0.04323771584114462	0.06828554325311535	0.04560502360072351	0.04560502360072351	0.04560502360072351	0.06279899762538854	0.06279899762538854	0.10603671346653316	0.07700452241341778	0.0941984964380828
UP000000522	0.01790206933755629	0.02265661394041435	0.0316076486091925	0.0316076486091925	0.0316076486091925	0.04128554552742572	0.0316076486091925	0.04128554552742572	0.04128554552742572	0.05225042137290536	0.04128554552742572	0.06466902171729513	0.04839676636650133	0.04839676636650133	0.04839676636650133	0.063215297218385	0.063215297218385	0.10450084274581072	0.08000441497569383	0.09482294582757747
UP000007081	0.01819301998331553	0.022300344342693557	0.03139685433435132	0.03139685433435132	0.03139685433435132	0.04326043353257395	0.03139685433435132	0.04326043353257395	0.04326043353257395	0.05302707110063829	0.04326043353257395	0.06832784708183237	0.045573397286933	0.045573397286933	0.045573397286933	0.06279370866870264	0.06279370866870264	0.10605414220127658	0.0769702516212843	0.09419056300305395
UP000002246	0.019223736501176796	0.019369502893304736	0.028981371143893132	0.028981371143893132	0.028981371143893132	0.05709685417755261	0.028981371143893132	0.05709685417755261	0.05709685417755261	0.05752979823266944	0.05709685417755261	0.09496997185392843	0.029420880904163456	0.029420880904163456	0.029420880904163456	0.057962742287786265	0.057962742287786265	0.11505959646533888	0.05840225204805659	0.0869441134316794
UP000006723	0.015878077659465854	0.024049965376396785	0.03198900420612971	0.03198900420612971	0.03198900420612971	0.0315266717629648	0.03198900420612971	0.0315266717629648	0.0315266717629648	0.04775234008761211	0.0315266717629648	0.04717526586646374	0.06491623332735538	0.06491623332735538	0.06491623332735538	0.06397800841225942	0.06397800841225942	0.09550468017522422	0.09690523753348508	0.09596701261838915
UP000000469	0.018558523830666983	0.021732360648677423	0.03101162256401092	0.03101162256401092	0.03101162256401092	0.046215801280112705	0.03101162256401092	0.046215801280112705	0.046215801280112705	0.054119523204067266	0.046215801280112705	0.07387307872955842	0.041618697822578384	0.041618697822578384	0.041618697822578384	0.06202324512802184	0.06202324512802184	0.10823904640813453	0.0726303203865893	0.09303486769203273
UP000000869	0.011465745075350555	0.024236998439610226	0.029969870977285505	0.029969870977285505	0.029969870977285505	0.018570285480535464	0.029969870977285505	0.018570285480535464	0.018570285480535464	0.03925501371755323	0.018570285480535464	0.02567482588572037	0.09673444894927281	0.09673444894927281	0.09673444894927281	0.05993974195457101	0.05993974195457101	0.07851002743510646	0.1267043199265583	0.08990961293185651
