	AAA	AAC	AAG	AAT	ACA	ACC	ACG	ACT	AGA	AGC	AGG	AGT	ATA	ATC	ATG	ATT	CAA	CAC	CAG	CAT	CCA	CCC	CCG	CCT	CGA	CGC	CGG	CGT	CTA	CTC	CTG	CTT	GAA	GAC	GAG	GAT	GCA	GCC	GCG	GCT	GGA	GGC	GGG	GGT	GTA	GTC	GTG	GTT	TAA	TAC	TAG	TAT	TCA	TCC	TCG	TCT	TGA	TGC	TGG	TGT	TTA	TTC	TTG	TTT
Start	877068.0	416719.0	503498.0	414719.0	319368.0	641137.0	370741.0	243436.0	208541.0	392736.0	126972.0	213953.0	257996.0	577658.0	2749843.0	482053.0	334264.0	227723.0	358576.0	182145.0	167583.0	349437.0	341397.0	171535.0	171437.0	422833.0	222881.0	232477.0	120496.0	383271.0	538858.0	264968.0	567425.0	493575.0	374924.0	405838.0	363526.0	534680.0	396430.0	262191.0	203597.0	302844.0	153435.0	179229.0	203615.0	360342.0	805362.0	260851.0	168.0	196650.0	95.0	221594.0	203417.0	307425.0	221922.0	186450.0	1001.0	80046.0	187500.0	59358.0	310880.0	324844.0	414591.0	380192.0
AAA	1981494.0	691796.0	862825.0	1160069.0	555535.0	620193.0	393321.0	488399.0	390945.0	452598.0	162948.0	430106.0	663002.0	873142.0	860356.0	1314658.0	853655.0	296739.0	693774.0	471759.0	371790.0	298607.0	450422.0	415496.0	177347.0	507141.0	248117.0	412950.0	296664.0	430230.0	882963.0	664285.0	2016547.0	789210.0	914613.0	1465333.0	788861.0	882589.0	680107.0	753729.0	636418.0	800109.0	366107.0	726755.0	624621.0	533821.0	685115.0	810998.0	52157.0	471401.0	16939.0	877100.0	430895.0	331818.0	288362.0	468087.0	33595.0	171337.0	423452.0	191189.0	969728.0	570559.0	616505.0	1106114.0
AAC	691796.0	826184.0	808573.0	493174.0	247178.0	1022015.0	559039.0	223764.0	132597.0	555884.0	114123.0	203539.0	211172.0	1171277.0	763329.0	565501.0	392569.0	472939.0	926656.0	275717.0	177798.0	477311.0	770717.0	198055.0	120143.0	941580.0	492510.0	315116.0	127418.0	772653.0	1564435.0	333625.0	989359.0	1284949.0	1107449.0	780903.0	444667.0	1584696.0	1185780.0	400551.0	353371.0	1572047.0	452327.0	534603.0	277215.0	962555.0	1037067.0	386009.0	16843.0	626539.0	8770.0	436456.0	187808.0	459621.0	485669.0	194616.0	25412.0	231269.0	493587.0	93861.0	294247.0	875090.0	385398.0	490936.0
AAG	862825.0	808573.0	1276698.0	560055.0	268276.0	1050690.0	595410.0	245583.0	179963.0	558641.0	157236.0	226330.0	282528.0	1305648.0	838602.0	643591.0	423528.0	479888.0	1043035.0	319867.0	201761.0	545803.0	881423.0	245265.0	137797.0	1079754.0	566089.0	350122.0	143526.0	868674.0	1663913.0	405053.0	1257364.0	1470082.0	1525532.0	936716.0	497065.0	1828273.0	1341490.0	480315.0	395566.0	1632341.0	489142.0	548963.0	316398.0	1098483.0	1152210.0	445700.0	27654.0	646171.0	16594.0	502697.0	204811.0	500708.0	520827.0	223000.0	41215.0	237929.0	490941.0	104861.0	338728.0	931558.0	439519.0	544913.0
AAT	1160069.0	493174.0	560055.0	891334.0	404213.0	462139.0	316127.0	360371.0	264568.0	340503.0	114761.0	335483.0	463134.0	610667.0	617233.0	921583.0	588429.0	204671.0	516841.0	347428.0	250202.0	211243.0	325921.0	279145.0	126993.0	368507.0	193814.0	276677.0	206278.0	312025.0	647511.0	448837.0	1229805.0	538855.0	616591.0	1045464.0	550594.0	649352.0	526474.0	530709.0	467540.0	623098.0	291012.0	537057.0	429060.0	399643.0	521836.0	556963.0	23761.0	332492.0	8502.0	667297.0	313893.0	242542.0	237010.0	334775.0	17665.0	125406.0	321848.0	139326.0	677528.0	421570.0	444967.0	790244.0
ACA	555535.0	247178.0	268276.0	404213.0	256060.0	247720.0	180726.0	194231.0	132699.0	175638.0	60281.0	168116.0	229673.0	327170.0	338166.0	481325.0	292516.0	119156.0	252546.0	175267.0	159620.0	128631.0	188837.0	162101.0	73653.0	189953.0	109690.0	146656.0	116150.0	188958.0	339874.0	259599.0	602269.0	294466.0	312675.0	506063.0	351939.0	368018.0	297553.0	309232.0	281618.0	329187.0	162841.0	312154.0	240135.0	225118.0	270722.0	306315.0	12137.0	169956.0	4713.0	310128.0	179938.0	133001.0	125784.0	178185.0	11739.0	66724.0	167941.0	73982.0	350511.0	227761.0	234659.0	398762.0
ACC	620193.0	1022015.0	1050690.0	462139.0	247720.0	1817560.0	850483.0	225813.0	108053.0	817796.0	154087.0	219573.0	172928.0	1732815.0	1051384.0	574424.0	406741.0	779184.0	1354944.0	343035.0	206493.0	936408.0	1371702.0	233340.0	169587.0	1628275.0	947956.0	400445.0	131938.0	1406030.0	2717374.0	368136.0	1114807.0	2116674.0	1775966.0	895471.0	564305.0	3047362.0	2084654.0	473264.0	450102.0	2654839.0	773825.0	696660.0	283013.0	1694994.0	1701017.0	397772.0	14637.0	848495.0	11279.0	444240.0	182936.0	746326.0	739687.0	182502.0	40770.0	349318.0	709821.0	104935.0	251761.0	1264551.0	498215.0	496192.0
ACG	393321.0	559039.0	595410.0	316127.0	180726.0	850483.0	621744.0	143628.0	75276.0	464524.0	101455.0	148404.0	115243.0	945575.0	612551.0	396682.0	271003.0	411987.0	766687.0	234976.0	142801.0	479723.0	831874.0	157608.0	117734.0	882009.0	567613.0	255093.0	85661.0	770016.0	1468737.0	255861.0	682227.0	1114600.0	1017111.0	581664.0	378915.0	1526765.0	1381334.0	313468.0	298208.0	1411768.0	494405.0	414688.0	183821.0	913869.0	1001131.0	267860.0	10410.0	462258.0	8610.0	305552.0	129881.0	394774.0	489106.0	127696.0	28286.0	197541.0	407287.0	70200.0	184647.0	725588.0	343336.0	339595.0
ACT	488399.0	223764.0	245583.0	360371.0	194231.0	225813.0	143628.0	191782.0	112503.0	154191.0	49771.0	152100.0	190642.0	281964.0	284990.0	411332.0	263979.0	102885.0	227555.0	148540.0	134824.0	110866.0	158405.0	147231.0	61733.0	166881.0	88963.0	138558.0	101807.0	155985.0	296437.0	214454.0	527609.0	255075.0	276969.0	450671.0	285496.0	317264.0	251561.0	289661.0	233206.0	292075.0	139188.0	291540.0	203905.0	188876.0	237509.0	272916.0	10205.0	151391.0	4041.0	268327.0	147998.0	115622.0	106166.0	163012.0	9266.0	56919.0	145824.0	64539.0	306697.0	195405.0	210592.0	339447.0
AGA	390945.0	132597.0	179963.0	264568.0	132699.0	108053.0	75276.0	112503.0	136174.0	87999.0	54472.0	101603.0	186228.0	158257.0	188144.0	280569.0	168505.0	59079.0	132377.0	103843.0	87067.0	62057.0	81704.0	98934.0	44022.0	82920.0	56172.0	72882.0	71222.0	90202.0	149059.0	164508.0	406322.0	150159.0	198107.0	314324.0	178784.0	157970.0	123917.0	168649.0	174602.0	136973.0	83990.0	159126.0	145440.0	98994.0	125494.0	179745.0	11095.0	94783.0	4517.0	202769.0	103912.0	68270.0	57836.0	112722.0	9260.0	37032.0	90573.0	47260.0	225753.0	112942.0	129882.0	250293.0
AGC	452598.0	555884.0	558641.0	340503.0	175638.0	817796.0	464524.0	154191.0	87999.0	502862.0	97347.0	160045.0	143747.0	896174.0	580814.0	406391.0	292182.0	369831.0	746385.0	227113.0	135530.0	423121.0	662210.0	154431.0	104367.0	822846.0	456339.0	239763.0	98106.0	673566.0	1399141.0	261824.0	710694.0	984682.0	888850.0	583537.0	362619.0	1421876.0	1089612.0	314761.0	271471.0	1270374.0	400682.0	384184.0	191765.0	784279.0	881555.0	268672.0	12449.0	441358.0	7899.0	315952.0	134926.0	359427.0	391856.0	133874.0	23901.0	192842.0	391236.0	72047.0	200279.0	664815.0	330766.0	369725.0
AGG	162948.0	114123.0	157236.0	114761.0	60281.0	154087.0	101455.0	49771.0	54472.0	97347.0	59650.0	50699.0	79120.0	176335.0	141757.0	125022.0	82247.0	79237.0	160966.0	65601.0	44628.0	105087.0	145114.0	57301.0	37383.0	160030.0	128048.0	59469.0	32152.0	145876.0	258392.0	96004.0	225125.0	217968.0	252458.0	176825.0	105825.0	285558.0	228113.0	94838.0	98019.0	221317.0	112280.0	97513.0	67640.0	160970.0	185956.0	89897.0	6056.0	96287.0	4246.0	100043.0	48538.0	89532.0	83922.0	50093.0	11337.0	45446.0	91167.0	25102.0	74876.0	134417.0	94522.0	121674.0
AGT	430106.0	203539.0	226330.0	335483.0	168116.0	219573.0	148404.0	152100.0	101603.0	160045.0	50699.0	156684.0	177866.0	269495.0	270099.0	383625.0	246661.0	97243.0	234528.0	143744.0	111371.0	107249.0	156541.0	121797.0	61962.0	173000.0	104824.0	127251.0	94320.0	159976.0	327297.0	193372.0	470494.0	240169.0	276570.0	415997.0	251357.0	325820.0	267030.0	242213.0	204262.0	285104.0	146853.0	248393.0	175645.0	191746.0	253407.0	234226.0	9377.0	142463.0	3963.0	258563.0	131421.0	109472.0	111335.0	139691.0	8233.0	56624.0	150202.0	62215.0	286861.0	185401.0	213769.0	332120.0
ATA	663002.0	211172.0	282528.0	463134.0	229673.0	172928.0	115243.0	190642.0	186228.0	143747.0	79120.0	177866.0	409784.0	245991.0	318120.0	487857.0	248485.0	86473.0	191922.0	165027.0	138843.0	96417.0	123956.0	162733.0	55066.0	109068.0	69788.0	96070.0	128112.0	134497.0	252298.0	279340.0	588970.0	211848.0	271635.0	480942.0	289767.0	238911.0	176444.0	264069.0	297067.0	222603.0	139126.0	261611.0	260113.0	140487.0	199479.0	293943.0	15474.0	150790.0	5711.0	350467.0	180144.0	107598.0	89009.0	187574.0	9294.0	57382.0	137240.0	78903.0	410008.0	180752.0	216448.0	460822.0
ATC	873142.0	1171277.0	1305648.0	610667.0	327170.0	1732815.0	945575.0	281964.0	158257.0	896174.0	176335.0	269495.0	245991.0	2144796.0	1317703.0	797237.0	495202.0	819831.0	1441505.0	451277.0	269136.0	945875.0	1521102.0	299769.0	200956.0	1745260.0	943829.0	490350.0	179969.0	1535351.0	2932583.0	521216.0	1388113.0	2109020.0	1904591.0	1112741.0	677143.0	2941890.0	2243419.0	576943.0	571076.0	2899507.0	864176.0	845994.0	361266.0	1771912.0	1867101.0	528023.0	23288.0	930189.0	14938.0	595435.0	248510.0	790622.0	878031.0	251543.0	44541.0	385256.0	753406.0	133531.0	362249.0	1495557.0	638978.0	674651.0
ATG	860356.0	763329.0	838602.0	617233.0	338166.0	1051384.0	612551.0	284990.0	188144.0	580814.0	141757.0	270099.0	318120.0	1317703.0	1089722.0	817987.0	485970.0	508024.0	961868.0	394938.0	258318.0	564209.0	899358.0	285511.0	158277.0	1023391.0	554264.0	388688.0	185251.0	893760.0	1835298.0	488507.0	1162011.0	1230931.0	1179711.0	962201.0	616224.0	1758084.0	1369451.0	540309.0	489718.0	1648595.0	563020.0	671101.0	379976.0	1027708.0	1194203.0	520730.0	21487.0	610760.0	10908.0	571161.0	261619.0	507107.0	543383.0	268332.0	27815.0	274509.0	545305.0	142428.0	475786.0	964231.0	557962.0	711856.0
ATT	1314658.0	565501.0	643591.0	921583.0	481325.0	574424.0	396682.0	411332.0	280569.0	406391.0	125022.0	383625.0	487857.0	797237.0	817987.0	1233214.0	663993.0	267475.0	592004.0	427883.0	343079.0	287174.0	449902.0	370750.0	161746.0	465446.0	236463.0	374251.0	266761.0	410253.0	879239.0	587627.0	1379831.0	615125.0	696938.0	1147291.0	705092.0	817125.0	679799.0	662731.0	609080.0	827850.0	403243.0	739510.0	507471.0	496075.0	671941.0	698527.0	30578.0	392052.0	10845.0	731819.0	376785.0	303247.0	298187.0	401719.0	20842.0	152238.0	376720.0	168336.0	854246.0	521752.0	600954.0	986228.0
CAA	853655.0	392569.0	423528.0	588429.0	292516.0	406741.0	271003.0	263979.0	168505.0	292182.0	82247.0	246661.0	248485.0	495202.0	485970.0	663993.0	651602.0	200822.0	514163.0	281733.0	225822.0	222633.0	308270.0	235461.0	135871.0	398869.0	203645.0	269205.0	176787.0	306888.0	583848.0	334668.0	1043615.0	495609.0	564074.0	786009.0	462158.0	648696.0	512337.0	440241.0	327593.0	530602.0	237567.0	409211.0	296444.0	354488.0	442801.0	407820.0	22003.0	258323.0	8362.0	434787.0	227799.0	200272.0	202089.0	243659.0	19290.0	99809.0	277040.0	98933.0	503346.0	330265.0	391239.0	545728.0
CAC	296739.0	472939.0	479888.0	204671.0	119156.0	779184.0	411987.0	102885.0	59079.0	369831.0	79237.0	97243.0	86473.0	819831.0	508024.0	267475.0	200822.0	481748.0	640610.0	196657.0	107926.0	454510.0	675181.0	112392.0	96906.0	864417.0	519014.0	208274.0	67776.0	718129.0	1334836.0	180568.0	557788.0	1090245.0	933245.0	434005.0	263782.0	1398222.0	1040055.0	219612.0	214234.0	1225224.0	382894.0	312459.0	137079.0	828336.0	846244.0	189396.0	8036.0	440675.0	6070.0	210382.0	89815.0	335858.0	350189.0	86438.0	22455.0	200127.0	375578.0	59238.0	123834.0	643769.0	238950.0	235813.0
CAG	693774.0	926656.0	1043035.0	516841.0	252546.0	1354944.0	766687.0	227555.0	132377.0	746385.0	160966.0	234528.0	191922.0	1441505.0	961868.0	592004.0	514163.0	640610.0	1597914.0	375373.0	213144.0	737643.0	1209509.0	252174.0	177837.0	1520915.0	871186.0	442098.0	134136.0	1109900.0	2344925.0	391033.0	1261915.0	1771348.0	1779406.0	979495.0	564976.0	2480277.0	1900172.0	496746.0	403843.0	2072919.0	657362.0	605350.0	287341.0	1304183.0	1468773.0	410687.0	20318.0	749208.0	13888.0	485251.0	193157.0	610042.0	656724.0	203530.0	41138.0	296158.0	634840.0	107499.0	266194.0	1080266.0	511048.0	514377.0
CAT	471759.0	275717.0	319867.0	347428.0	175267.0	343035.0	234976.0	148540.0	103843.0	227113.0	65601.0	143744.0	165027.0	451277.0	394938.0	427883.0	281733.0	196657.0	375373.0	247586.0	132230.0	191859.0	306568.0	148631.0	86839.0	372030.0	207238.0	188138.0	99583.0	286100.0	625085.0	238215.0	620307.0	432985.0	458565.0	546247.0	292801.0	582378.0	491133.0	270178.0	236743.0	531398.0	220829.0	296850.0	190793.0	341611.0	431481.0	262850.0	10609.0	213382.0	4734.0	317089.0	131987.0	167449.0	183383.0	139441.0	11635.0	112183.0	230213.0	80603.0	273008.0	314383.0	272077.0	370207.0
CCA	371790.0	177798.0	201761.0	250202.0	159620.0	206493.0	142801.0	134824.0	87067.0	135530.0	44628.0	111371.0	138843.0	269136.0	258318.0	343079.0	225822.0	107926.0	213144.0	132230.0	143608.0	124663.0	188181.0	127060.0	65632.0	192114.0	106563.0	130700.0	86162.0	163665.0	305936.0	173283.0	450765.0	244138.0	269673.0	366347.0	250947.0	323731.0	269910.0	226931.0	184371.0	277594.0	128811.0	233991.0	166152.0	198596.0	245441.0	227576.0	9198.0	136295.0	4121.0	213465.0	118770.0	102402.0	104045.0	118235.0	10932.0	58566.0	152908.0	55963.0	234620.0	186173.0	186586.0	277539.0
CCC	298607.0	477311.0	545803.0	211243.0	128631.0	936408.0	479723.0	110866.0	62057.0	423121.0	105087.0	107249.0	96417.0	945875.0	564209.0	287174.0	222633.0	454510.0	737643.0	191859.0	124663.0	657280.0	849063.0	148574.0	111930.0	999177.0	609251.0	218092.0	72054.0	866498.0	1508074.0	204973.0	609751.0	1164917.0	1080360.0	455056.0	307783.0	1779010.0	1219446.0	257002.0	249336.0	1367205.0	447071.0	324194.0	149289.0	995591.0	993155.0	206427.0	8202.0	470918.0	8057.0	234781.0	93061.0	416836.0	390908.0	91144.0	29671.0	213706.0	443084.0	61107.0	120529.0	706311.0	274905.0	262713.0
CCG	450422.0	770717.0	881423.0	325921.0	188837.0	1371702.0	831874.0	158405.0	81704.0	662210.0	145114.0	156541.0	123956.0	1521102.0	899358.0	449902.0	308270.0	675181.0	1209509.0	306568.0	188181.0	849063.0	1537040.0	209458.0	161042.0	1525557.0	1001782.0	367868.0	90741.0	1225694.0	2533680.0	300550.0	934764.0	1798411.0	1691630.0	727849.0	483619.0	2623601.0	2203880.0	395099.0	362014.0	2183896.0	727725.0	539073.0	226345.0	1541952.0	1679067.0	327085.0	14131.0	746021.0	13481.0	379891.0	139238.0	605108.0	710023.0	133435.0	48542.0	332715.0	699990.0	91023.0	164148.0	1171096.0	449748.0	389368.0
CCT	415496.0	198055.0	245265.0	279145.0	162101.0	233340.0	157608.0	147231.0	98934.0	154431.0	57301.0	121797.0	162733.0	299769.0	285511.0	370750.0	235461.0	112392.0	252174.0	148631.0	127060.0	148574.0	209458.0	152418.0	68864.0	211769.0	122689.0	141068.0	87283.0	185745.0	352124.0	204136.0	499852.0	273531.0	322726.0	406138.0	259281.0	375130.0	302588.0	256888.0	210937.0	313812.0	154101.0	250579.0	181589.0	223408.0	282096.0	246750.0	9246.0	153531.0	4206.0	246423.0	119606.0	124966.0	119051.0	135038.0	10488.0	68200.0	168737.0	63326.0	246863.0	207225.0	209414.0	313024.0
CGA	177347.0	120143.0	137797.0	126993.0	73653.0	169587.0	117734.0	61733.0	44022.0	104367.0	37383.0	61962.0	55066.0	200956.0	158277.0	161746.0	135871.0	96906.0	177837.0	86839.0	65632.0	111930.0	161042.0	68864.0	74572.0	201460.0	137326.0	96033.0	46979.0	166938.0	274079.0	101510.0	271098.0	232477.0	242539.0	216594.0	137606.0	307797.0	256240.0	125906.0	112651.0	239860.0	111734.0	126266.0	72819.0	183475.0	195780.0	108141.0	6384.0	96388.0	4146.0	109344.0	57775.0	87970.0	96681.0	57784.0	12955.0	46974.0	107708.0	29837.0	101620.0	139406.0	124959.0	136406.0
CGC	507141.0	941580.0	1079754.0	368507.0	189953.0	1628275.0	882009.0	166881.0	82920.0	822846.0	160030.0	173000.0	109068.0	1745260.0	1023391.0	465446.0	398869.0	864417.0	1520915.0	372030.0	192114.0	999177.0	1525557.0	211769.0	201460.0	2218396.0	1158788.0	474839.0	109584.0	1574831.0	2970750.0	341713.0	1237163.0	2387408.0	2236687.0	904763.0	521841.0	3269704.0	2416554.0	422095.0	382756.0	2704961.0	772728.0	581104.0	218619.0	1752866.0	1805187.0	330578.0	18144.0	825645.0	16159.0	398889.0	145060.0	702757.0	770538.0	139500.0	58906.0	372241.0	757732.0	90758.0	165293.0	1298288.0	489914.0	407576.0
CGG	248117.0	492510.0	566089.0	193814.0	109690.0	947956.0	567613.0	88963.0	56172.0	456339.0	128048.0	104824.0	69788.0	943829.0	554264.0	236463.0	203645.0	519014.0	871186.0	207238.0	106563.0	609251.0	1001782.0	122689.0	137326.0	1158788.0	990354.0	254714.0	59565.0	918539.0	1817634.0	192756.0	627292.0	1462539.0	1466235.0	499224.0	287934.0	1967280.0	1638691.0	240917.0	258158.0	1508512.0	633054.0	342612.0	126169.0	1070403.0	1167721.0	181122.0	9698.0	484346.0	12428.0	215612.0	84039.0	437183.0	488553.0	76417.0	42993.0	215142.0	462173.0	56597.0	90103.0	746846.0	303394.0	221183.0
CGT	412950.0	315116.0	350122.0	276677.0	146656.0	400445.0	255093.0	138558.0	72882.0	239763.0	59469.0	127251.0	96070.0	490350.0	388688.0	374251.0	269205.0	208274.0	442098.0	188138.0	130700.0	218092.0	367868.0	141068.0	96033.0	474839.0	254714.0	287102.0	83189.0	333112.0	710351.0	210047.0	636580.0	537448.0	562272.0	514298.0	295269.0	700286.0	576711.0	280541.0	203441.0	600071.0	227731.0	345318.0	171928.0	400826.0	481390.0	255728.0	12996.0	234314.0	5865.0	249354.0	115369.0	192425.0	203071.0	127554.0	16037.0	98890.0	228477.0	63378.0	208641.0	339154.0	267116.0	287317.0
CTA	296664.0	127418.0	143526.0	206278.0	116150.0	131938.0	85661.0	101807.0	71222.0	98106.0	32152.0	94320.0	128112.0	179969.0	185251.0	266761.0	176787.0	67776.0	134136.0	99583.0	86162.0	72054.0	90741.0	87283.0	46979.0	109584.0	59565.0	83189.0	91750.0	113569.0	195883.0	146071.0	310107.0	145346.0	169193.0	258656.0	169786.0	197336.0	150805.0	162314.0	132830.0	168014.0	88289.0	155925.0	125837.0	117492.0	147647.0	159947.0	8303.0	95843.0	3316.0	169643.0	90134.0	67367.0	64491.0	95514.0	6008.0	36424.0	98881.0	40846.0	212867.0	123046.0	145135.0	233558.0
CTC	430230.0	772653.0	868674.0	312025.0	188958.0	1406030.0	770016.0	155985.0	90202.0	673566.0	145876.0	159976.0	134497.0	1535351.0	893760.0	410253.0	306888.0	718129.0	1109900.0	286100.0	163665.0	866498.0	1225694.0	185745.0	166938.0	1574831.0	918539.0	333112.0	113569.0	1672132.0	2426303.0	352722.0	852154.0	1789680.0	1624946.0	662602.0	452437.0	2687300.0	1997276.0	366812.0	385450.0	2256786.0	714918.0	502589.0	206577.0	1651111.0	1509464.0	302918.0	12929.0	723734.0	12230.0	336109.0	140796.0	641283.0	663259.0	132794.0	41493.0	319026.0	649495.0	82616.0	172171.0	1182811.0	424758.0	376726.0
CTG	882963.0	1564435.0	1663913.0	647511.0	339874.0	2717374.0	1468737.0	296437.0	149059.0	1399141.0	258392.0	327297.0	252298.0	2932583.0	1835298.0	879239.0	583848.0	1334836.0	2344925.0	625085.0	305936.0	1508074.0	2533680.0	352124.0	274079.0	2970750.0	1817634.0	710351.0	195883.0	2426303.0	5643458.0	624875.0	1748599.0	3360204.0	3030432.0	1401973.0	877500.0	5133164.0	3997187.0	714069.0	680197.0	4441704.0	1431505.0	1060648.0	432312.0	2812357.0	3265486.0	609930.0	28567.0	1387290.0	23469.0	731459.0	262124.0	1180486.0	1315714.0	256409.0	78977.0	623394.0	1295579.0	171094.0	314038.0	2269200.0	932135.0	814034.0
CTT	664285.0	333625.0	405053.0	448837.0	259599.0	368136.0	255861.0	214454.0	164508.0	261824.0	96004.0	193372.0	279340.0	521216.0	488507.0	587627.0	334668.0	180568.0	391033.0	238215.0	173283.0	204973.0	300550.0	204136.0	101510.0	341713.0	192756.0	210047.0	146071.0	352722.0	624875.0	419424.0	759623.0	434466.0	489890.0	623886.0	411222.0	604817.0	485844.0	377819.0	340131.0	528990.0	249522.0	372871.0	276359.0	369870.0	434643.0	393086.0	15443.0	250466.0	6699.0	395155.0	199764.0	207015.0	199847.0	210943.0	14375.0	109136.0	248363.0	92485.0	385544.0	367346.0	342403.0	533566.0
GAA	2016547.0	989359.0	1257364.0	1229805.0	602269.0	1114807.0	682227.0	527609.0	406322.0	710694.0	225125.0	470494.0	588970.0	1388113.0	1162011.0	1379831.0	1043615.0	557788.0	1261915.0	620307.0	450765.0	609751.0	934764.0	499852.0	271098.0	1237163.0	627292.0	636580.0	310107.0	852154.0	1748599.0	759623.0	2725110.0	1525489.0	1679877.0	1833320.0	986923.0	1875652.0	1417478.0	924076.0	748337.0	1566160.0	582661.0	913247.0	658553.0	1015028.0	1207355.0	891748.0	47952.0	692105.0	19070.0	952933.0	453022.0	554947.0	533770.0	491997.0	46035.0	278530.0	633091.0	211063.0	901348.0	955120.0	770928.0	1134683.0
GAC	789210.0	1284949.0	1470082.0	538855.0	294466.0	2116674.0	1114600.0	255075.0	150159.0	984682.0	217968.0	240169.0	211848.0	2109020.0	1230931.0	615125.0	495609.0	1090245.0	1771348.0	432985.0	244138.0	1164917.0	1798411.0	273531.0	232477.0	2387408.0	1462539.0	537448.0	145346.0	1789680.0	3360204.0	434466.0	1525489.0	3162724.0	2703509.0	1165581.0	662808.0	3856162.0	2844188.0	553403.0	534411.0	3266981.0	968694.0	783722.0	326546.0	2198689.0	2150691.0	462016.0	19690.0	1112645.0	15747.0	518166.0	216971.0	917441.0	954608.0	210968.0	56608.0	455892.0	936532.0	123651.0	261371.0	1640818.0	554827.0	541902.0
GAG	914613.0	1107449.0	1525532.0	616591.0	312675.0	1775966.0	1017111.0	276969.0	198107.0	888850.0	252458.0	276570.0	271635.0	1904591.0	1179711.0	696938.0	564074.0	933245.0	1779406.0	458565.0	269673.0	1080360.0	1691630.0	322726.0	242539.0	2236687.0	1466235.0	562272.0	169193.0	1624946.0	3030432.0	489890.0	1679877.0	2703509.0	3059278.0	1247253.0	672658.0	3490597.0	2711426.0	615978.0	531097.0	2759875.0	959772.0	747532.0	357272.0	1907158.0	2023492.0	500795.0	25796.0	984998.0	19844.0	577832.0	236627.0	825191.0	872137.0	253221.0	60544.0	392285.0	823513.0	133114.0	340761.0	1452165.0	595620.0	611485.0
GAT	1465333.0	780903.0	936716.0	1045464.0	506063.0	895471.0	581664.0	450671.0	314324.0	583537.0	176825.0	415997.0	480942.0	1112741.0	962201.0	1147291.0	786009.0	434005.0	979495.0	546247.0	366347.0	455056.0	727849.0	406138.0	216594.0	904763.0	499224.0	514298.0	258656.0	662602.0	1401973.0	623886.0	1833320.0	1165581.0	1247253.0	1639092.0	805621.0	1434462.0	1191185.0	768583.0	639903.0	1278507.0	535528.0	830335.0	538937.0	811952.0	1029812.0	744595.0	29200.0	566614.0	12395.0	853169.0	382180.0	433233.0	453118.0	413801.0	28299.0	233585.0	541418.0	189217.0	737785.0	761513.0	659406.0	966807.0
GCA	788861.0	444667.0	497065.0	550594.0	351939.0	564305.0	378915.0	285496.0	178784.0	362619.0	105825.0	251357.0	289767.0	677143.0	616224.0	705092.0	462158.0	263782.0	564976.0	292801.0	250947.0	307783.0	483619.0	259281.0	137606.0	521841.0	287934.0	295269.0	169786.0	452437.0	877500.0	411222.0	986923.0	662808.0	672658.0	805621.0	657988.0	987574.0	813776.0	553678.0	447637.0	818108.0	339819.0	554689.0	356586.0	527859.0	631906.0	480898.0	20604.0	304728.0	8638.0	432931.0	256457.0	281919.0	288163.0	259722.0	24492.0	142793.0	328142.0	114049.0	460545.0	470156.0	416620.0	581446.0
GCC	882589.0	1584696.0	1828273.0	649352.0	368018.0	3047362.0	1526765.0	317264.0	157970.0	1421876.0	285558.0	325820.0	238911.0	2941890.0	1758084.0	817125.0	648696.0	1398222.0	2480277.0	582378.0	323731.0	1779010.0	2623601.0	375130.0	307797.0	3269704.0	1967280.0	700286.0	197336.0	2687300.0	5133164.0	604817.0	1875652.0	3856162.0	3490597.0	1434462.0	987574.0	6329904.0	4334825.0	828736.0	764032.0	4840351.0	1487084.0	1125896.0	419316.0	3129976.0	3160633.0	600596.0	24448.0	1350451.0	21674.0	648203.0	273033.0	1319506.0	1325524.0	262134.0	80682.0	631121.0	1266453.0	164696.0	324937.0	2194664.0	835901.0	730764.0
GCG	680107.0	1185780.0	1341490.0	526474.0	297553.0	2084654.0	1381334.0	251561.0	123917.0	1089612.0	228113.0	267030.0	176444.0	2243419.0	1369451.0	679799.0	512337.0	1040055.0	1900172.0	491133.0	269910.0	1219446.0	2203880.0	302588.0	256240.0	2416554.0	1638691.0	576711.0	150805.0	1997276.0	3997187.0	485844.0	1417478.0	2844188.0	2711426.0	1191185.0	813776.0	4334825.0	4029558.0	667699.0	597946.0	3636603.0	1305688.0	908814.0	331098.0	2354016.0	2671768.0	498587.0	21136.0	1018250.0	20899.0	542620.0	224655.0	942376.0	1201277.0	218922.0	71929.0	487516.0	1009046.0	137925.0	272274.0	1751196.0	732316.0	596461.0
GCT	753729.0	400551.0	480315.0	530709.0	309232.0	473264.0	313468.0	289661.0	168649.0	314761.0	94838.0	242213.0	264069.0	576943.0	540309.0	662731.0	440241.0	219612.0	496746.0	270178.0	226931.0	257002.0	395099.0	256888.0	125906.0	422095.0	240917.0	280541.0	162314.0	366812.0	714069.0	377819.0	924076.0	553403.0	615978.0	768583.0	553678.0	828736.0	667699.0	584520.0	409989.0	688399.0	311724.0	545336.0	329341.0	440504.0	545465.0	468855.0	18451.0	275361.0	7818.0	415398.0	233814.0	246103.0	244626.0	259691.0	18659.0	120220.0	287850.0	107008.0	447955.0	395768.0	394613.0	543467.0
GGA	636418.0	353371.0	395566.0	467540.0	281618.0	450102.0	298208.0	233206.0	174602.0	271471.0	98019.0	204262.0	297067.0	571076.0	489718.0	609080.0	327593.0	214234.0	403843.0	236743.0	184371.0	249336.0	362014.0	210937.0	112651.0	382756.0	258158.0	203441.0	132830.0	385450.0	680197.0	340131.0	748337.0	534411.0	531097.0	639903.0	447637.0	764032.0	597946.0	409989.0	453704.0	661147.0	311093.0	435038.0	311351.0	465212.0	527180.0	401757.0	13985.0	281993.0	7039.0	404808.0	203106.0	246878.0	229002.0	218342.0	19153.0	125250.0	279148.0	103770.0	386701.0	407747.0	323354.0	505772.0
GGC	800109.0	1572047.0	1632341.0	623098.0	329187.0	2654839.0	1411768.0	292075.0	136973.0	1270374.0	221317.0	285104.0	222603.0	2899507.0	1648595.0	827850.0	530602.0	1225224.0	2072919.0	531398.0	277594.0	1367205.0	2183896.0	313812.0	239860.0	2704961.0	1508512.0	600071.0	168014.0	2256786.0	4441704.0	528990.0	1566160.0	3266981.0	2759875.0	1278507.0	818108.0	4840351.0	3636603.0	688399.0	661147.0	4567098.0	1236504.0	1061726.0	394045.0	2849760.0	2917467.0	583880.0	21152.0	1350283.0	16831.0	663234.0	243725.0	1153605.0	1246029.0	240822.0	56932.0	617261.0	1149638.0	158326.0	296056.0	2139806.0	718537.0	698870.0
GGG	366107.0	452327.0	489142.0	291012.0	162841.0	773825.0	494405.0	139188.0	83990.0	400682.0	112280.0	146853.0	139126.0	864176.0	563020.0	403243.0	237567.0	382894.0	657362.0	220829.0	128811.0	447071.0	727725.0	154101.0	111734.0	772728.0	633054.0	227731.0	88289.0	714918.0	1431505.0	249522.0	582661.0	968694.0	959772.0	535528.0	339819.0	1487084.0	1305688.0	311724.0	311093.0	1236504.0	595892.0	406697.0	188960.0	871123.0	1044356.0	272108.0	9203.0	421489.0	8490.0	297954.0	122960.0	372778.0	417792.0	128406.0	25449.0	198735.0	401858.0	78754.0	193626.0	658212.0	336782.0	349758.0
GGT	726755.0	534603.0	548963.0	537057.0	312154.0	696660.0	414688.0	291540.0	159126.0	384184.0	97513.0	248393.0	261611.0	845994.0	671101.0	739510.0	409211.0	312459.0	605350.0	296850.0	233991.0	324194.0	539073.0	250579.0	126266.0	581104.0	342612.0	345318.0	155925.0	502589.0	1060648.0	372871.0	913247.0	783722.0	747532.0	830335.0	554689.0	1125896.0	908814.0	545336.0	435038.0	1061726.0	406697.0	716484.0	360589.0	677316.0	808762.0	509853.0	14799.0	401723.0	6943.0	465886.0	235645.0	323847.0	334172.0	256218.0	17318.0	164543.0	373933.0	123025.0	426882.0	579178.0	428465.0	568841.0
GTA	624621.0	277215.0	316398.0	429060.0	240135.0	283013.0	183821.0	203905.0	145440.0	191765.0	67640.0	175645.0	260113.0	361266.0	379976.0	507471.0	296444.0	137079.0	287341.0	190793.0	166152.0	149289.0	226345.0	181589.0	72819.0	218619.0	126169.0	171928.0	125837.0	206577.0	432312.0	276359.0	658553.0	326546.0	357272.0	538937.0	356586.0	419316.0	331098.0	329341.0	311351.0	394045.0	188960.0	360589.0	283650.0	234301.0	320030.0	326905.0	14901.0	197534.0	5408.0	337789.0	174964.0	148682.0	134612.0	189408.0	9953.0	73678.0	184838.0	79394.0	368857.0	255051.0	259006.0	433057.0
GTC	533821.0	962555.0	1098483.0	399643.0	225118.0	1694994.0	913869.0	188876.0	98994.0	784279.0	160970.0	191746.0	140487.0	1771912.0	1027708.0	496075.0	354488.0	828336.0	1304183.0	341611.0	198596.0	995591.0	1541952.0	223408.0	183475.0	1752866.0	1070403.0	400826.0	117492.0	1651111.0	2812357.0	369870.0	1015028.0	2198689.0	1907158.0	811952.0	527859.0	3129976.0	2354016.0	440504.0	465212.0	2849760.0	871123.0	677316.0	234301.0	1924054.0	1750620.0	371036.0	14801.0	821796.0	12641.0	391668.0	168176.0	761748.0	808998.0	160084.0	43839.0	356975.0	739182.0	96135.0	205406.0	1344335.0	488900.0	430468.0
GTG	685115.0	1037067.0	1152210.0	521836.0	270722.0	1701017.0	1001131.0	237509.0	125494.0	881555.0	185956.0	253407.0	199479.0	1867101.0	1194203.0	671941.0	442801.0	846244.0	1468773.0	431481.0	245441.0	993155.0	1679067.0	282096.0	195780.0	1805187.0	1167721.0	481390.0	147647.0	1509464.0	3265486.0	434643.0	1207355.0	2150691.0	2023492.0	1029812.0	631906.0	3160633.0	2671768.0	545465.0	527180.0	2917467.0	1044356.0	808762.0	320030.0	1750620.0	2223890.0	455052.0	18544.0	893441.0	15494.0	526193.0	207737.0	766135.0	903292.0	211816.0	45653.0	389156.0	818899.0	128152.0	293971.0	1430977.0	666115.0	595994.0
GTT	810998.0	386009.0	445700.0	556963.0	306315.0	397772.0	267860.0	272916.0	179745.0	268672.0	89897.0	234226.0	293943.0	528023.0	520730.0	698527.0	407820.0	189396.0	410687.0	262850.0	227576.0	206427.0	327085.0	246750.0	108141.0	330578.0	181122.0	255728.0	159947.0	302918.0	609930.0	393086.0	891748.0	462016.0	500795.0	744595.0	480898.0	600596.0	498587.0	468855.0	401757.0	583880.0	272108.0	509853.0	326905.0	371036.0	455052.0	489782.0	18997.0	262949.0	7413.0	438040.0	239257.0	212698.0	206182.0	256317.0	14959.0	105644.0	259573.0	106431.0	478411.0	366618.0	376902.0	582476.0
TAA	52157.0	16843.0	27654.0	23761.0	12137.0	14637.0	10410.0	10205.0	11095.0	12449.0	6056.0	9377.0	15474.0	23288.0	21487.0	30578.0	22003.0	8036.0	20318.0	10609.0	9198.0	8202.0	14131.0	9246.0	6384.0	18144.0	9698.0	12996.0	8303.0	12929.0	28567.0	15443.0	47952.0	19690.0	25796.0	29200.0	20604.0	24448.0	21136.0	18451.0	13985.0	21152.0	9203.0	14799.0	14901.0	14801.0	18544.0	18997.0	240.0	12952.0	99.0	20187.0	9918.0	8053.0	7916.0	9650.0	429.0	4638.0	13489.0	4436.0	25141.0	17829.0	18196.0	26629.0
TAC	471401.0	626539.0	646171.0	332492.0	169956.0	848495.0	462258.0	151391.0	94783.0	441358.0	96287.0	142463.0	150790.0	930189.0	610760.0	392052.0	258323.0	440675.0	749208.0	213382.0	136295.0	470918.0	746021.0	153531.0	96388.0	825645.0	484346.0	234314.0	95843.0	723734.0	1387290.0	250466.0	692105.0	1112645.0	984998.0	566614.0	304728.0	1350451.0	1018250.0	275361.0	281993.0	1350283.0	421489.0	401723.0	197534.0	821796.0	893441.0	262949.0	12952.0	565354.0	7960.0	326677.0	127643.0	378012.0	404548.0	131327.0	22624.0	206715.0	430189.0	73424.0	204940.0	785553.0	300937.0	372311.0
TAG	16939.0	8770.0	16594.0	8502.0	4713.0	11279.0	8610.0	4041.0	4517.0	7899.0	4246.0	3963.0	5711.0	14938.0	10908.0	10845.0	8362.0	6070.0	13888.0	4734.0	4121.0	8057.0	13481.0	4206.0	4146.0	16159.0	12428.0	5865.0	3316.0	12230.0	23469.0	6699.0	19070.0	15747.0	19844.0	12395.0	8638.0	21674.0	20899.0	7818.0	7039.0	16831.0	8490.0	6943.0	5408.0	12641.0	15494.0	7413.0	99.0	7960.0	86.0	7929.0	3878.0	6232.0	7014.0	3620.0	174.0	3514.0	8704.0	2018.0	7808.0	11630.0	9711.0	10039.0
TAT	877100.0	436456.0	502697.0	667297.0	310128.0	444240.0	305552.0	268327.0	202769.0	315952.0	100043.0	258563.0	350467.0	595435.0	571161.0	731819.0	434787.0	210382.0	485251.0	317089.0	213465.0	234781.0	379891.0	246423.0	109344.0	398889.0	215612.0	249354.0	169643.0	336109.0	731459.0	395155.0	952933.0	518166.0	577832.0	853169.0	432931.0	648203.0	542620.0	415398.0	404808.0	663234.0	297954.0	465886.0	337789.0	391668.0	526193.0	438040.0	20187.0	326677.0	7929.0	590650.0	236014.0	223273.0	240501.0	255221.0	16216.0	129730.0	317326.0	121638.0	526693.0	446076.0	401267.0	684165.0
TCA	430895.0	187808.0	204811.0	313893.0	179938.0	182936.0	129881.0	147998.0	103912.0	134926.0	48538.0	131421.0	180144.0	248510.0	261619.0	376785.0	227799.0	89815.0	193157.0	131987.0	118770.0	93061.0	139238.0	119606.0	57775.0	145060.0	84039.0	115369.0	90134.0	140796.0	262124.0	199764.0	453022.0	216971.0	236627.0	382180.0	256457.0	273033.0	224655.0	233814.0	203106.0	243725.0	122960.0	235645.0	174964.0	168176.0	207737.0	239257.0	9918.0	127643.0	3878.0	236014.0	150100.0	102686.0	101727.0	142430.0	10281.0	52567.0	130953.0	57677.0	275488.0	174180.0	187342.0	316458.0
TCC	331818.0	459621.0	500708.0	242542.0	133001.0	746326.0	394774.0	115622.0	68270.0	359427.0	89532.0	109472.0	107598.0	790622.0	507107.0	303247.0	200272.0	335858.0	610042.0	167449.0	102402.0	416836.0	605108.0	124966.0	87970.0	702757.0	437183.0	192425.0	67367.0	641283.0	1180486.0	207015.0	554947.0	917441.0	825191.0	433233.0	281919.0	1319506.0	942376.0	246103.0	246878.0	1153605.0	372778.0	323847.0	148682.0	761748.0	766135.0	212698.0	8053.0	378012.0	6232.0	223273.0	102686.0	392098.0	346072.0	110687.0	20074.0	162947.0	326207.0	56173.0	134605.0	585325.0	253074.0	262921.0
TCG	288362.0	485669.0	520827.0	237010.0	125784.0	739687.0	489106.0	106166.0	57836.0	391856.0	83922.0	111335.0	89009.0	878031.0	543383.0	298187.0	202089.0	350189.0	656724.0	183383.0	104045.0	390908.0	710023.0	119051.0	96681.0	770538.0	488553.0	203071.0	64491.0	663259.0	1315714.0	199847.0	533770.0	954608.0	872137.0	453118.0	288163.0	1325524.0	1201277.0	244626.0	229002.0	1246029.0	417792.0	334172.0	134612.0	808998.0	903292.0	206182.0	7916.0	404548.0	7014.0	240501.0	101727.0	346072.0	476518.0	98493.0	22139.0	177262.0	354110.0	55638.0	125035.0	669041.0	290833.0	260213.0
TCT	468087.0	194616.0	223000.0	334775.0	178185.0	182502.0	127696.0	163012.0	112722.0	133874.0	50093.0	139691.0	187574.0	251543.0	268332.0	401719.0	243659.0	86438.0	203530.0	139441.0	118235.0	91144.0	133435.0	135038.0	57784.0	139500.0	76417.0	127554.0	95514.0	132794.0	256409.0	210943.0	491997.0	210968.0	253221.0	413801.0	259722.0	262134.0	218922.0	259691.0	218342.0	240822.0	128406.0	256218.0	189408.0	160084.0	211816.0	256317.0	9650.0	131327.0	3620.0	255221.0	142430.0	110687.0	98493.0	171658.0	7877.0	51437.0	132339.0	62216.0	295346.0	172012.0	200526.0	337481.0
TGA	33595.0	25412.0	41215.0	17665.0	11739.0	40770.0	28286.0	9266.0	9260.0	23901.0	11337.0	8233.0	9294.0	44541.0	27815.0	20842.0	19290.0	22455.0	41138.0	11635.0	10932.0	29671.0	48542.0	10488.0	12955.0	58906.0	42993.0	16037.0	6008.0	41493.0	78977.0	14375.0	46035.0	56608.0	60544.0	28299.0	24492.0	80682.0	71929.0	18659.0	19153.0	56932.0	25449.0	17318.0	9953.0	43839.0	45653.0	14959.0	429.0	22624.0	174.0	16216.0	10281.0	20074.0	22139.0	7877.0	1924.0	10853.0	25086.0	4421.0	13250.0	34850.0	19284.0	19575.0
TGC	171337.0	231269.0	237929.0	125406.0	66724.0	349318.0	197541.0	56919.0	37032.0	192842.0	45446.0	56624.0	57382.0	385256.0	274509.0	152238.0	99809.0	200127.0	296158.0	112183.0	58566.0	213706.0	332715.0	68200.0	46974.0	372241.0	215142.0	98890.0	36424.0	319026.0	623394.0	109136.0	278530.0	455892.0	392285.0	233585.0	142793.0	631121.0	487516.0	120220.0	125250.0	617261.0	198735.0	164543.0	73678.0	356975.0	389156.0	105644.0	4638.0	206715.0	3514.0	129730.0	52567.0	162947.0	177262.0	51437.0	10853.0	184986.0	183550.0	61481.0	70741.0	312506.0	135105.0	149930.0
TGG	423452.0	493587.0	490941.0	321848.0	167941.0	709821.0	407287.0	145824.0	90573.0	391236.0	91167.0	150202.0	137240.0	753406.0	545305.0	376720.0	277040.0	375578.0	634840.0	230213.0	152908.0	443084.0	699990.0	168737.0	107708.0	757732.0	462173.0	228477.0	98881.0	649495.0	1295579.0	248363.0	633091.0	936532.0	823513.0	541418.0	328142.0	1266453.0	1009046.0	287850.0	279148.0	1149638.0	401858.0	373933.0	184838.0	739182.0	818899.0	259573.0	13489.0	430189.0	8704.0	317326.0	130953.0	326207.0	354110.0	132339.0	25086.0	183550.0	513688.0	76574.0	222489.0	665284.0	324716.0	379505.0
TGT	191189.0	93861.0	104861.0	139326.0	73982.0	104935.0	70200.0	64539.0	47260.0	72047.0	25102.0	62215.0	78903.0	133531.0	142428.0	168336.0	98933.0	59238.0	107499.0	80603.0	55963.0	61107.0	91023.0	63326.0	29837.0	90758.0	56597.0	63378.0	40846.0	82616.0	171094.0	92485.0	211063.0	123651.0	133114.0	189217.0	114049.0	164696.0	137925.0	107008.0	103770.0	158326.0	78754.0	123025.0	79394.0	96135.0	128152.0	106431.0	4436.0	73424.0	2018.0	121638.0	57677.0	56173.0	55638.0	62216.0	4421.0	61481.0	76574.0	62340.0	121068.0	96801.0	99493.0	155662.0
TTA	969728.0	294247.0	338728.0	677528.0	350511.0	251761.0	184647.0	306697.0	225753.0	200279.0	74876.0	286861.0	410008.0	362249.0	475786.0	854246.0	503346.0	123834.0	266194.0	273008.0	234620.0	120529.0	164148.0	246863.0	101620.0	165293.0	90103.0	208641.0	212867.0	172171.0	314038.0	385544.0	901348.0	261371.0	340761.0	737785.0	460545.0	324937.0	272274.0	447955.0	386701.0	296056.0	193626.0	426882.0	368857.0	205406.0	293971.0	478411.0	25141.0	204940.0	7808.0	526693.0	275488.0	134605.0	125035.0	295346.0	13250.0	70741.0	222489.0	121068.0	767732.0	244232.0	369890.0	723405.0
TTC	570559.0	875090.0	931558.0	421570.0	227761.0	1264551.0	725588.0	195405.0	112942.0	664815.0	134417.0	185401.0	180752.0	1495557.0	964231.0	521752.0	330265.0	643769.0	1080266.0	314383.0	186173.0	706311.0	1171096.0	207225.0	139406.0	1298288.0	746846.0	339154.0	123046.0	1182811.0	2269200.0	367346.0	955120.0	1640818.0	1452165.0	761513.0	470156.0	2194664.0	1751196.0	395768.0	407747.0	2139806.0	658212.0	579178.0	255051.0	1344335.0	1430977.0	366618.0	17829.0	785553.0	11630.0	446076.0	174180.0	585325.0	669041.0	172012.0	34850.0	312506.0	665284.0	96801.0	244232.0	1305856.0	457058.0	495950.0
TTG	616505.0	385398.0	439519.0	444967.0	234659.0	498215.0	343336.0	210592.0	129882.0	330766.0	94522.0	213769.0	216448.0	638978.0	557962.0	600954.0	391239.0	238950.0	511048.0	272077.0	186586.0	274905.0	449748.0	209414.0	124959.0	489914.0	303394.0	267116.0	145135.0	424758.0	932135.0	342403.0	770928.0	554827.0	595620.0	659406.0	416620.0	835901.0	732316.0	394613.0	323354.0	718537.0	336782.0	428465.0	259006.0	488900.0	666115.0	376902.0	18196.0	300937.0	9711.0	401267.0	187342.0	253074.0	290833.0	200526.0	19284.0	135105.0	324716.0	99493.0	369890.0	457058.0	534462.0	535010.0
TTT	1106114.0	490936.0	544913.0	790244.0	398762.0	496192.0	339595.0	339447.0	250293.0	369725.0	121674.0	332120.0	460822.0	674651.0	711856.0	986228.0	545728.0	235813.0	514377.0	370207.0	277539.0	262713.0	389368.0	313024.0	136406.0	407576.0	221183.0	287317.0	233558.0	376726.0	814034.0	533566.0	1134683.0	541902.0	611485.0	966807.0	581446.0	730764.0	596461.0	543467.0	505772.0	698870.0	349758.0	568841.0	433057.0	430468.0	595994.0	582476.0	26629.0	372311.0	10039.0	684165.0	316458.0	262921.0	260213.0	337481.0	19575.0	149930.0	379505.0	155662.0	723405.0	495950.0	535010.0	974728.0
End	696013.0	320084.0	596831.0	312231.0	163285.0	349052.0	267173.0	125652.0	164180.0	302266.0	178348.0	145740.0	164353.0	374627.0	285801.0	291011.0	292770.0	229765.0	440139.0	176443.0	156889.0	292912.0	451235.0	140379.0	178871.0	576327.0	396519.0	203755.0	101392.0	331484.0	611526.0	190159.0	634795.0	486065.0	678070.0	364379.0	344718.0	741096.0	659906.0	263607.0	314509.0	612875.0	338143.0	242092.0	170253.0	373983.0	413930.0	221558.0	1016532.0	213632.0	581387.0	216056.0	168662.0	230617.0	232992.0	130157.0	1572178.0	113593.0	249395.0	61549.0	231443.0	334586.0	247621.0	282644.0
