	AAA	AAC	AAG	AAT	ACA	ACC	ACG	ACT	AGA	AGC	AGG	AGT	ATA	ATC	ATG	ATT	CAA	CAC	CAG	CAT	CCA	CCC	CCG	CCT	CGA	CGC	CGG	CGT	CTA	CTC	CTG	CTT	GAA	GAC	GAG	GAT	GCA	GCC	GCG	GCT	GGA	GGC	GGG	GGT	GTA	GTC	GTG	GTT	TAA	TAC	TAG	TAT	TCA	TCC	TCG	TCT	TGA	TGC	TGG	TGT	TTA	TTC	TTG	TTT
Start	870.0	458.0	564.0	394.0	360.0	531.0	304.0	259.0	207.0	382.0	118.0	232.0	187.0	603.0	3228.0	482.0	335.0	205.0	379.0	200.0	187.0	246.0	245.0	192.0	172.0	327.0	144.0	251.0	113.0	316.0	512.0	306.0	664.0	341.0	312.0	468.0	416.0	371.0	273.0	293.0	210.0	236.0	123.0	179.0	212.0	274.0	595.0	288.0	0.0	211.0	0.0	219.0	218.0	280.0	186.0	195.0	0.0	83.0	207.0	60.0	210.0	325.0	468.0	395.0
AAA	1230.0	590.0	777.0	673.0	308.0	516.0	313.0	303.0	159.0	396.0	101.0	279.0	242.0	809.0	734.0	875.0	516.0	288.0	578.0	393.0	247.0	255.0	391.0	317.0	130.0	469.0	221.0	273.0	148.0	411.0	654.0	482.0	1498.0	763.0	823.0	1131.0	636.0	835.0	565.0	596.0	378.0	747.0	312.0	561.0	360.0	517.0	604.0	582.0	40.0	400.0	14.0	594.0	257.0	260.0	252.0	280.0	30.0	147.0	382.0	136.0	289.0	543.0	467.0	759.0
AAC	590.0	840.0	799.0	473.0	212.0	986.0	528.0	208.0	84.0	571.0	99.0	188.0	126.0	1242.0	851.0	525.0	355.0	409.0	961.0	294.0	167.0	435.0	663.0	187.0	121.0	890.0	369.0	317.0	104.0	610.0	1442.0	323.0	1047.0	1131.0	1043.0	824.0	450.0	1422.0	942.0	409.0	333.0	1359.0	427.0	532.0	225.0	809.0	1015.0	383.0	15.0	602.0	9.0	441.0	170.0	430.0	423.0	164.0	22.0	230.0	504.0	85.0	153.0	830.0	378.0	470.0
AAG	777.0	799.0	1252.0	501.0	209.0	931.0	541.0	220.0	98.0	545.0	129.0	205.0	138.0	1267.0	918.0	622.0	382.0	407.0	1031.0	339.0	186.0	492.0	689.0	230.0	137.0	831.0	405.0	389.0	110.0	619.0	1492.0	358.0	1339.0	1165.0	1414.0	1006.0	499.0	1409.0	1014.0	482.0	348.0	1201.0	471.0	613.0	253.0	794.0	1074.0	437.0	27.0	590.0	15.0	494.0	176.0	459.0	397.0	200.0	34.0	220.0	500.0	97.0	173.0	820.0	444.0	539.0
AAT	673.0	473.0	501.0	488.0	231.0	439.0	289.0	225.0	112.0	340.0	76.0	209.0	161.0	651.0	596.0	582.0	361.0	217.0	489.0	315.0	165.0	201.0	333.0	212.0	98.0	353.0	188.0	213.0	104.0	312.0	578.0	350.0	932.0	590.0	635.0	873.0	443.0	682.0	537.0	426.0	299.0	663.0	291.0	442.0	245.0	421.0	559.0	424.0	17.0	320.0	8.0	505.0	182.0	216.0	236.0	209.0	14.0	130.0	318.0	96.0	198.0	444.0	366.0	584.0
ACA	308.0	212.0	209.0	231.0	134.0	250.0	165.0	117.0	55.0	171.0	44.0	103.0	82.0	309.0	269.0	290.0	177.0	123.0	234.0	136.0	106.0	129.0	190.0	114.0	61.0	202.0	105.0	105.0	65.0	194.0	325.0	184.0	423.0	296.0	302.0	376.0	261.0	394.0	301.0	224.0	165.0	340.0	159.0	225.0	124.0	228.0	272.0	200.0	9.0	147.0	4.0	189.0	106.0	123.0	121.0	105.0	11.0	65.0	163.0	50.0	109.0	211.0	186.0	262.0
ACC	516.0	986.0	931.0	439.0	250.0	1350.0	688.0	212.0	92.0	761.0	114.0	204.0	124.0	1540.0	1116.0	542.0	367.0	519.0	1208.0	360.0	202.0	621.0	892.0	239.0	159.0	1194.0	473.0	408.0	111.0	826.0	2058.0	380.0	1297.0	1319.0	1219.0	959.0	606.0	1940.0	1359.0	509.0	416.0	1873.0	564.0	690.0	253.0	1030.0	1357.0	396.0	14.0	676.0	9.0	457.0	178.0	571.0	541.0	163.0	23.0	308.0	653.0	100.0	137.0	1037.0	475.0	468.0
ACG	313.0	528.0	541.0	289.0	165.0	688.0	450.0	133.0	62.0	425.0	83.0	141.0	88.0	842.0	636.0	339.0	229.0	283.0	694.0	233.0	134.0	323.0	541.0	159.0	106.0	594.0	321.0	258.0	70.0	424.0	1108.0	240.0	702.0	726.0	718.0	587.0	391.0	1063.0	803.0	334.0	285.0	963.0	400.0	433.0	167.0	551.0	799.0	263.0	10.0	372.0	7.0	283.0	119.0	306.0	330.0	115.0	17.0	170.0	343.0	70.0	87.0	565.0	332.0	313.0
ACT	303.0	208.0	220.0	225.0	117.0	212.0	133.0	122.0	47.0	147.0	37.0	99.0	67.0	276.0	254.0	287.0	159.0	102.0	205.0	121.0	87.0	105.0	165.0	112.0	48.0	161.0	89.0	96.0	55.0	158.0	266.0	166.0	415.0	261.0	269.0	359.0	225.0	327.0	251.0	227.0	144.0	301.0	134.0	222.0	117.0	188.0	234.0	207.0	8.0	141.0	3.0	189.0	92.0	109.0	103.0	104.0	8.0	57.0	129.0	46.0	105.0	195.0	171.0	255.0
AGA	159.0	84.0	98.0	112.0	55.0	92.0	62.0	47.0	38.0	70.0	28.0	48.0	46.0	118.0	118.0	129.0	88.0	53.0	101.0	65.0	46.0	51.0	75.0	48.0	34.0	86.0	52.0	58.0	30.0	76.0	126.0	77.0	194.0	122.0	136.0	167.0	100.0	151.0	122.0	88.0	71.0	127.0	63.0	85.0	51.0	91.0	105.0	84.0	6.0	62.0	4.0	94.0	49.0	51.0	51.0	46.0	8.0	30.0	70.0	24.0	59.0	83.0	85.0	118.0
AGC	396.0	571.0	545.0	340.0	171.0	761.0	425.0	147.0	70.0	490.0	89.0	146.0	96.0	953.0	642.0	389.0	266.0	309.0	760.0	235.0	129.0	369.0	521.0	151.0	105.0	681.0	328.0	235.0	81.0	515.0	1199.0	260.0	763.0	794.0	812.0	611.0	376.0	1197.0	849.0	323.0	286.0	1049.0	389.0	391.0	167.0	640.0	844.0	272.0	12.0	398.0	7.0	327.0	128.0	358.0	330.0	121.0	19.0	192.0	410.0	70.0	127.0	624.0	304.0	348.0
AGG	101.0	99.0	129.0	76.0	44.0	114.0	83.0	37.0	28.0	89.0	34.0	40.0	29.0	157.0	131.0	86.0	68.0	59.0	142.0	58.0	38.0	74.0	108.0	43.0	36.0	119.0	79.0	59.0	22.0	94.0	211.0	63.0	177.0	153.0	191.0	149.0	96.0	195.0	163.0	81.0	74.0	162.0	86.0	83.0	42.0	110.0	144.0	67.0	5.0	74.0	4.0	70.0	37.0	66.0	66.0	33.0	9.0	39.0	85.0	19.0	35.0	105.0	79.0	88.0
AGT	279.0	188.0	205.0	209.0	103.0	204.0	141.0	99.0	48.0	146.0	40.0	96.0	74.0	269.0	236.0	258.0	148.0	99.0	205.0	117.0	73.0	102.0	161.0	92.0	45.0	167.0	104.0	90.0	50.0	160.0	298.0	157.0	368.0	254.0	275.0	328.0	196.0	318.0	264.0	199.0	137.0	292.0	142.0	200.0	106.0	198.0	253.0	179.0	6.0	139.0	3.0	178.0	82.0	106.0	108.0	91.0	7.0	56.0	134.0	43.0	97.0	184.0	179.0	244.0
ATA	242.0	126.0	138.0	161.0	82.0	124.0	88.0	67.0	46.0	96.0	29.0	74.0	86.0	192.0	178.0	231.0	121.0	73.0	122.0	96.0	67.0	71.0	103.0	74.0	41.0	102.0	60.0	70.0	48.0	113.0	183.0	127.0	263.0	157.0	166.0	237.0	141.0	202.0	164.0	126.0	104.0	194.0	92.0	130.0	79.0	127.0	155.0	137.0	8.0	87.0	3.0	152.0	70.0	71.0	73.0	71.0	7.0	40.0	94.0	34.0	102.0	129.0	131.0	206.0
ATC	809.0	1242.0	1267.0	651.0	309.0	1540.0	842.0	276.0	118.0	953.0	157.0	269.0	192.0	2100.0	1525.0	793.0	500.0	669.0	1563.0	476.0	269.0	791.0	1272.0	302.0	200.0	1401.0	582.0	530.0	152.0	1035.0	2767.0	518.0	1509.0	1608.0	1541.0	1212.0	703.0	2232.0	1587.0	638.0	574.0	2310.0	785.0	905.0	328.0	1193.0	1710.0	564.0	24.0	887.0	14.0	626.0	242.0	730.0	661.0	236.0	33.0	374.0	789.0	130.0	224.0	1309.0	639.0	710.0
ATG	734.0	851.0	918.0	596.0	269.0	1116.0	636.0	254.0	118.0	642.0	131.0	236.0	178.0	1525.0	1262.0	734.0	413.0	507.0	1086.0	426.0	232.0	552.0	863.0	279.0	162.0	1015.0	467.0	408.0	147.0	816.0	1824.0	502.0	1230.0	1180.0	1235.0	1063.0	617.0	1767.0	1223.0	560.0	460.0	1598.0	612.0	710.0	289.0	985.0	1268.0	522.0	20.0	653.0	11.0	605.0	217.0	542.0	538.0	239.0	28.0	301.0	625.0	131.0	235.0	1009.0	576.0	713.0
ATT	875.0	525.0	622.0	582.0	290.0	542.0	339.0	287.0	129.0	389.0	86.0	258.0	231.0	793.0	734.0	852.0	415.0	269.0	527.0	375.0	227.0	250.0	416.0	294.0	108.0	452.0	211.0	251.0	143.0	406.0	723.0	481.0	1119.0	657.0	676.0	967.0	569.0	834.0	641.0	554.0	412.0	814.0	360.0	591.0	319.0	495.0	645.0	550.0	22.0	371.0	10.0	531.0	239.0	260.0	276.0	278.0	18.0	145.0	346.0	123.0	273.0	529.0	465.0	741.0
CAA	516.0	355.0	382.0	361.0	177.0	367.0	229.0	159.0	88.0	266.0	68.0	148.0	121.0	500.0	413.0	415.0	368.0	193.0	458.0	206.0	142.0	195.0	305.0	172.0	95.0	373.0	205.0	169.0	93.0	292.0	491.0	272.0	800.0	495.0	548.0	600.0	357.0	614.0	459.0	319.0	230.0	514.0	211.0	297.0	179.0	353.0	398.0	290.0	16.0	231.0	7.0	303.0	151.0	180.0	190.0	147.0	19.0	96.0	237.0	66.0	139.0	330.0	256.0	382.0
CAC	288.0	409.0	407.0	217.0	123.0	519.0	283.0	102.0	53.0	309.0	59.0	99.0	73.0	669.0	507.0	269.0	193.0	290.0	511.0	223.0	108.0	264.0	395.0	117.0	84.0	554.0	233.0	208.0	60.0	346.0	885.0	188.0	634.0	596.0	559.0	480.0	282.0	782.0	558.0	233.0	200.0	760.0	261.0	295.0	142.0	442.0	584.0	199.0	8.0	293.0	5.0	240.0	93.0	235.0	221.0	82.0	13.0	161.0	307.0	60.0	81.0	445.0	231.0	238.0
CAG	578.0	961.0	1031.0	489.0	234.0	1208.0	694.0	205.0	101.0	760.0	142.0	205.0	122.0	1563.0	1086.0	527.0	458.0	511.0	1592.0	383.0	196.0	603.0	956.0	243.0	184.0	1360.0	667.0	435.0	109.0	845.0	2053.0	381.0	1366.0	1395.0	1603.0	1040.0	580.0	2014.0	1410.0	502.0	420.0	1733.0	629.0	626.0	250.0	1044.0	1392.0	406.0	19.0	648.0	13.0	504.0	173.0	596.0	574.0	173.0	34.0	292.0	642.0	97.0	144.0	1002.0	491.0	470.0
CAT	393.0	294.0	339.0	315.0	136.0	360.0	233.0	121.0	65.0	235.0	58.0	117.0	96.0	476.0	426.0	375.0	206.0	223.0	383.0	244.0	111.0	195.0	286.0	136.0	81.0	338.0	205.0	170.0	69.0	293.0	564.0	239.0	610.0	464.0	508.0	567.0	283.0	583.0	447.0	262.0	206.0	515.0	237.0	285.0	139.0	355.0	463.0	249.0	9.0	233.0	5.0	319.0	107.0	178.0	182.0	111.0	12.0	115.0	250.0	70.0	113.0	326.0	256.0	351.0
CCA	247.0	167.0	186.0	165.0	106.0	202.0	134.0	87.0	46.0	129.0	38.0	73.0	67.0	269.0	232.0	227.0	142.0	108.0	196.0	111.0	100.0	119.0	188.0	99.0	55.0	190.0	106.0	93.0	51.0	162.0	265.0	141.0	336.0	257.0	269.0	277.0	199.0	340.0	265.0	178.0	133.0	282.0	126.0	176.0	97.0	201.0	231.0	169.0	7.0	130.0	4.0	155.0	84.0	102.0	99.0	78.0	9.0	58.0	146.0	40.0	79.0	184.0	141.0	201.0
CCC	255.0	435.0	492.0	201.0	129.0	621.0	323.0	105.0	51.0	369.0	74.0	102.0	71.0	791.0	552.0	250.0	195.0	264.0	603.0	195.0	119.0	358.0	468.0	142.0	92.0	573.0	272.0	236.0	60.0	433.0	972.0	198.0	651.0	619.0	639.0	478.0	321.0	987.0	656.0	266.0	220.0	821.0	288.0	312.0	135.0	523.0	659.0	202.0	8.0	329.0	6.0	229.0	94.0	275.0	233.0	84.0	13.0	169.0	349.0	59.0	65.0	474.0	257.0	238.0
CCG	391.0	663.0	689.0	333.0	190.0	892.0	541.0	165.0	75.0	521.0	108.0	161.0	103.0	1272.0	863.0	416.0	305.0	395.0	956.0	286.0	188.0	468.0	866.0	234.0	136.0	859.0	428.0	339.0	85.0	610.0	1687.0	295.0	1042.0	977.0	1053.0	735.0	509.0	1432.0	1096.0	430.0	352.0	1251.0	511.0	486.0	212.0	797.0	1186.0	333.0	14.0	524.0	9.0	368.0	141.0	442.0	412.0	130.0	22.0	261.0	535.0	95.0	85.0	824.0	434.0	375.0
CCT	317.0	187.0	230.0	212.0	114.0	239.0	159.0	112.0	48.0	151.0	43.0	92.0	74.0	302.0	279.0	294.0	172.0	117.0	243.0	136.0	99.0	142.0	234.0	124.0	58.0	232.0	123.0	113.0	55.0	185.0	331.0	177.0	443.0	294.0	335.0	369.0	234.0	414.0	318.0	228.0	154.0	336.0	152.0	210.0	114.0	236.0	289.0	208.0	7.0	151.0	4.0	197.0	92.0	126.0	126.0	97.0	9.0	69.0	160.0	50.0	105.0	212.0	183.0	258.0
CGA	130.0	121.0	137.0	98.0	61.0	159.0	106.0	48.0	34.0	105.0	36.0	45.0	41.0	200.0	162.0	108.0	95.0	84.0	184.0	81.0	55.0	92.0	136.0	58.0	60.0	187.0	99.0	91.0	30.0	126.0	267.0	95.0	232.0	192.0	223.0	196.0	129.0	270.0	216.0	114.0	95.0	229.0	107.0	113.0	58.0	152.0	187.0	87.0	5.0	93.0	4.0	90.0	48.0	85.0	87.0	42.0	10.0	46.0	109.0	24.0	43.0	136.0	106.0	106.0
CGC	469.0	890.0	831.0	353.0	202.0	1194.0	594.0	161.0	86.0	681.0	119.0	167.0	102.0	1401.0	1015.0	452.0	373.0	554.0	1360.0	338.0	190.0	573.0	859.0	232.0	187.0	1350.0	536.0	503.0	95.0	736.0	2113.0	330.0	1319.0	1268.0	1377.0	864.0	542.0	1810.0	1235.0	472.0	395.0	1655.0	592.0	607.0	221.0	911.0	1364.0	326.0	17.0	630.0	12.0	372.0	147.0	536.0	468.0	135.0	28.0	297.0	627.0	94.0	85.0	920.0	452.0	389.0
CGG	221.0	369.0	405.0	188.0	105.0	473.0	321.0	89.0	52.0	328.0	79.0	104.0	60.0	582.0	467.0	211.0	205.0	233.0	667.0	205.0	106.0	272.0	428.0	123.0	99.0	536.0	330.0	252.0	55.0	323.0	939.0	182.0	661.0	530.0	661.0	516.0	286.0	786.0	625.0	246.0	199.0	685.0	307.0	279.0	115.0	395.0	605.0	181.0	9.0	276.0	8.0	206.0	84.0	222.0	230.0	78.0	21.0	133.0	310.0	52.0	45.0	364.0	265.0	194.0
CGT	273.0	317.0	389.0	213.0	105.0	408.0	258.0	96.0	58.0	235.0	59.0	90.0	70.0	530.0	408.0	251.0	169.0	208.0	435.0	170.0	93.0	236.0	339.0	113.0	91.0	503.0	252.0	232.0	53.0	341.0	641.0	186.0	564.0	556.0	596.0	435.0	260.0	722.0	559.0	242.0	191.0	624.0	240.0	305.0	122.0	400.0	495.0	195.0	9.0	237.0	6.0	205.0	82.0	192.0	208.0	86.0	15.0	104.0	239.0	50.0	85.0	355.0	224.0	220.0
CTA	148.0	104.0	110.0	104.0	65.0	111.0	70.0	55.0	30.0	81.0	22.0	50.0	48.0	152.0	147.0	143.0	93.0	60.0	109.0	69.0	51.0	60.0	85.0	55.0	30.0	95.0	55.0	53.0	40.0	98.0	168.0	104.0	214.0	133.0	139.0	179.0	123.0	173.0	130.0	106.0	84.0	153.0	72.0	101.0	64.0	104.0	127.0	105.0	6.0	79.0	3.0	98.0	52.0	56.0	55.0	48.0	5.0	32.0	78.0	25.0	65.0	111.0	99.0	135.0
CTC	411.0	610.0	619.0	312.0	194.0	826.0	424.0	158.0	76.0	515.0	94.0	160.0	113.0	1035.0	816.0	406.0	292.0	346.0	845.0	293.0	162.0	433.0	610.0	185.0	126.0	736.0	323.0	341.0	98.0	622.0	1578.0	327.0	879.0	785.0	833.0	664.0	465.0	1211.0	830.0	378.0	329.0	1075.0	407.0	465.0	208.0	658.0	904.0	311.0	13.0	451.0	8.0	331.0	142.0	387.0	317.0	124.0	18.0	210.0	479.0	82.0	105.0	669.0	407.0	366.0
CTG	654.0	1442.0	1492.0	578.0	325.0	2058.0	1108.0	266.0	126.0	1199.0	211.0	298.0	183.0	2767.0	1824.0	723.0	491.0	885.0	2053.0	564.0	265.0	972.0	1687.0	331.0	267.0	2113.0	939.0	641.0	168.0	1578.0	3874.0	602.0	1837.0	2115.0	2275.0	1348.0	879.0	3317.0	2474.0	710.0	686.0	3018.0	1069.0	971.0	368.0	1778.0	2411.0	568.0	23.0	1040.0	20.0	659.0	231.0	1036.0	930.0	216.0	45.0	520.0	1095.0	163.0	173.0	1821.0	855.0	652.0
CTT	482.0	323.0	358.0	350.0	184.0	380.0	240.0	166.0	77.0	260.0	63.0	157.0	127.0	518.0	502.0	481.0	272.0	188.0	381.0	239.0	141.0	198.0	295.0	177.0	95.0	330.0	182.0	186.0	104.0	327.0	602.0	330.0	695.0	444.0	489.0	621.0	379.0	617.0	461.0	358.0	241.0	528.0	251.0	348.0	188.0	361.0	456.0	342.0	13.0	244.0	6.0	342.0	154.0	196.0	194.0	157.0	14.0	100.0	261.0	80.0	178.0	364.0	348.0	439.0
GAA	1498.0	1047.0	1339.0	932.0	423.0	1297.0	702.0	415.0	194.0	763.0	177.0	368.0	263.0	1509.0	1230.0	1119.0	800.0	634.0	1366.0	610.0	336.0	651.0	1042.0	443.0	232.0	1319.0	661.0	564.0	214.0	879.0	1837.0	695.0	2528.0	1734.0	2040.0	1755.0	939.0	2147.0	1496.0	894.0	562.0	1710.0	638.0	854.0	429.0	1145.0	1389.0	792.0	40.0	751.0	20.0	831.0	340.0	618.0	564.0	373.0	50.0	303.0	676.0	169.0	350.0	1058.0	695.0	1020.0
GAC	763.0	1131.0	1165.0	590.0	296.0	1319.0	726.0	261.0	122.0	794.0	153.0	254.0	157.0	1608.0	1180.0	657.0	495.0	596.0	1395.0	464.0	257.0	619.0	977.0	294.0	192.0	1268.0	530.0	556.0	133.0	785.0	2115.0	444.0	1734.0	1560.0	1414.0	1301.0	708.0	1841.0	1400.0	611.0	492.0	1713.0	586.0	746.0	329.0	1001.0	1314.0	499.0	21.0	734.0	12.0	581.0	227.0	601.0	494.0	203.0	26.0	351.0	700.0	130.0	169.0	1016.0	535.0	574.0
GAG	823.0	1043.0	1414.0	635.0	302.0	1219.0	718.0	269.0	136.0	812.0	191.0	275.0	166.0	1541.0	1235.0	676.0	548.0	559.0	1603.0	508.0	269.0	639.0	1053.0	335.0	223.0	1377.0	661.0	596.0	139.0	833.0	2275.0	489.0	2040.0	1414.0	1928.0	1422.0	740.0	1926.0	1538.0	671.0	513.0	1656.0	633.0	764.0	333.0	987.0	1417.0	547.0	26.0	708.0	16.0	620.0	238.0	584.0	551.0	227.0	38.0	327.0	696.0	139.0	188.0	994.0	605.0	626.0
GAT	1131.0	824.0	1006.0	873.0	376.0	959.0	587.0	359.0	167.0	611.0	149.0	328.0	237.0	1212.0	1063.0	967.0	600.0	480.0	1040.0	567.0	277.0	478.0	735.0	369.0	196.0	864.0	516.0	435.0	179.0	664.0	1348.0	621.0	1755.0	1301.0	1422.0	1650.0	765.0	1496.0	1148.0	749.0	521.0	1302.0	578.0	802.0	371.0	850.0	1146.0	689.0	25.0	608.0	13.0	808.0	297.0	468.0	451.0	322.0	28.0	245.0	576.0	157.0	304.0	830.0	655.0	896.0
GCA	636.0	450.0	499.0	443.0	261.0	606.0	391.0	225.0	100.0	376.0	96.0	196.0	141.0	703.0	617.0	569.0	357.0	282.0	580.0	283.0	199.0	321.0	509.0	234.0	129.0	542.0	286.0	260.0	123.0	465.0	879.0	379.0	939.0	708.0	740.0	765.0	602.0	1079.0	848.0	537.0	359.0	884.0	364.0	517.0	243.0	563.0	685.0	421.0	19.0	321.0	9.0	366.0	201.0	296.0	298.0	198.0	23.0	151.0	342.0	94.0	206.0	501.0	397.0	494.0
GCC	835.0	1422.0	1409.0	682.0	394.0	1940.0	1063.0	327.0	151.0	1197.0	195.0	318.0	202.0	2232.0	1767.0	834.0	614.0	782.0	2014.0	583.0	340.0	987.0	1432.0	414.0	270.0	1810.0	786.0	722.0	173.0	1211.0	3317.0	617.0	2147.0	1841.0	1926.0	1496.0	1079.0	3440.0	2223.0	926.0	732.0	2749.0	961.0	1101.0	407.0	1527.0	2161.0	634.0	26.0	903.0	15.0	677.0	285.0	880.0	744.0	260.0	37.0	477.0	1017.0	172.0	194.0	1468.0	809.0	716.0
GCG	565.0	942.0	1014.0	537.0	301.0	1359.0	803.0	251.0	122.0	849.0	163.0	264.0	164.0	1587.0	1223.0	641.0	459.0	558.0	1410.0	447.0	265.0	656.0	1096.0	318.0	216.0	1235.0	625.0	559.0	130.0	830.0	2474.0	461.0	1496.0	1400.0	1538.0	1148.0	848.0	2223.0	1762.0	705.0	590.0	1915.0	810.0	864.0	328.0	1062.0	1795.0	506.0	20.0	663.0	15.0	513.0	225.0	682.0	638.0	209.0	32.0	315.0	686.0	136.0	143.0	1090.0	672.0	579.0
GCT	596.0	409.0	482.0	426.0	224.0	509.0	334.0	227.0	88.0	323.0	81.0	199.0	126.0	638.0	560.0	554.0	319.0	233.0	502.0	262.0	178.0	266.0	430.0	228.0	114.0	472.0	246.0	242.0	106.0	378.0	710.0	358.0	894.0	611.0	671.0	749.0	537.0	926.0	705.0	534.0	318.0	757.0	330.0	511.0	229.0	487.0	584.0	420.0	18.0	295.0	8.0	372.0	179.0	267.0	255.0	203.0	17.0	128.0	288.0	87.0	187.0	435.0	356.0	494.0
GGA	378.0	333.0	348.0	299.0	165.0	416.0	285.0	144.0	71.0	286.0	74.0	137.0	104.0	574.0	460.0	412.0	230.0	200.0	420.0	206.0	133.0	220.0	352.0	154.0	95.0	395.0	199.0	191.0	84.0	329.0	686.0	241.0	562.0	492.0	513.0	521.0	359.0	732.0	590.0	318.0	302.0	656.0	304.0	393.0	175.0	409.0	528.0	282.0	11.0	262.0	7.0	283.0	132.0	220.0	218.0	127.0	17.0	129.0	283.0	75.0	139.0	396.0	286.0	358.0
GGC	747.0	1359.0	1201.0	663.0	340.0	1873.0	963.0	301.0	127.0	1049.0	162.0	292.0	194.0	2310.0	1598.0	814.0	514.0	760.0	1733.0	515.0	282.0	821.0	1251.0	336.0	229.0	1655.0	685.0	624.0	153.0	1075.0	3018.0	528.0	1710.0	1713.0	1656.0	1302.0	884.0	2749.0	1915.0	757.0	656.0	2800.0	926.0	1088.0	397.0	1450.0	2140.0	606.0	21.0	981.0	13.0	659.0	247.0	820.0	701.0	244.0	27.0	474.0	898.0	163.0	170.0	1409.0	694.0	723.0
GGG	312.0	427.0	471.0	291.0	159.0	564.0	400.0	134.0	63.0	389.0	86.0	142.0	92.0	785.0	612.0	360.0	211.0	261.0	629.0	237.0	126.0	288.0	511.0	152.0	107.0	592.0	307.0	240.0	72.0	407.0	1069.0	251.0	638.0	586.0	633.0	578.0	364.0	961.0	810.0	330.0	304.0	926.0	390.0	407.0	173.0	533.0	777.0	273.0	9.0	332.0	7.0	309.0	121.0	281.0	294.0	115.0	15.0	173.0	366.0	82.0	98.0	504.0	328.0	341.0
GGT	561.0	532.0	613.0	442.0	225.0	690.0	433.0	222.0	85.0	391.0	83.0	200.0	130.0	905.0	710.0	591.0	297.0	295.0	626.0	285.0	176.0	312.0	486.0	210.0	113.0	607.0	279.0	305.0	101.0	465.0	971.0	348.0	854.0	746.0	764.0	802.0	517.0	1101.0	864.0	511.0	393.0	1088.0	407.0	662.0	245.0	640.0	840.0	449.0	13.0	407.0	7.0	404.0	179.0	322.0	331.0	192.0	15.0	177.0	386.0	104.0	172.0	622.0	387.0	503.0
GTA	360.0	225.0	253.0	245.0	124.0	253.0	167.0	117.0	51.0	167.0	42.0	106.0	79.0	328.0	289.0	319.0	179.0	142.0	250.0	139.0	97.0	135.0	212.0	114.0	58.0	221.0	115.0	122.0	64.0	208.0	368.0	188.0	429.0	329.0	333.0	371.0	243.0	407.0	328.0	229.0	175.0	397.0	173.0	245.0	126.0	248.0	324.0	213.0	10.0	176.0	5.0	206.0	99.0	127.0	134.0	104.0	9.0	70.0	170.0	44.0	126.0	245.0	205.0	270.0
GTC	517.0	809.0	794.0	421.0	228.0	1030.0	551.0	188.0	91.0	640.0	110.0	198.0	127.0	1193.0	985.0	495.0	353.0	442.0	1044.0	355.0	201.0	523.0	797.0	236.0	152.0	911.0	395.0	400.0	104.0	658.0	1778.0	361.0	1145.0	1001.0	987.0	850.0	563.0	1527.0	1062.0	487.0	409.0	1450.0	533.0	640.0	248.0	850.0	1194.0	395.0	16.0	528.0	9.0	416.0	175.0	488.0	423.0	154.0	19.0	251.0	552.0	96.0	120.0	797.0	466.0	439.0
GTG	604.0	1015.0	1074.0	559.0	272.0	1357.0	799.0	234.0	105.0	844.0	144.0	253.0	155.0	1710.0	1268.0	645.0	398.0	584.0	1392.0	463.0	231.0	659.0	1186.0	289.0	187.0	1364.0	605.0	495.0	127.0	904.0	2411.0	456.0	1389.0	1314.0	1417.0	1146.0	685.0	2161.0	1795.0	584.0	528.0	2140.0	777.0	840.0	324.0	1194.0	1728.0	481.0	18.0	721.0	13.0	574.0	210.0	652.0	645.0	201.0	28.0	349.0	753.0	129.0	169.0	1146.0	625.0	594.0
GTT	582.0	383.0	437.0	424.0	200.0	396.0	263.0	207.0	84.0	272.0	67.0	179.0	137.0	564.0	522.0	550.0	290.0	199.0	406.0	249.0	169.0	202.0	333.0	208.0	87.0	326.0	181.0	195.0	105.0	311.0	568.0	342.0	792.0	499.0	547.0	689.0	421.0	634.0	506.0	420.0	282.0	606.0	273.0	449.0	213.0	395.0	481.0	416.0	16.0	267.0	7.0	359.0	165.0	206.0	209.0	195.0	14.0	105.0	261.0	87.0	195.0	382.0	350.0	477.0
TAA	40.0	15.0	27.0	17.0	9.0	14.0	10.0	8.0	6.0	12.0	5.0	6.0	8.0	24.0	20.0	22.0	16.0	8.0	19.0	9.0	7.0	8.0	14.0	7.0	5.0	17.0	9.0	9.0	6.0	13.0	23.0	13.0	40.0	21.0	26.0	25.0	19.0	26.0	20.0	18.0	11.0	21.0	9.0	13.0	10.0	16.0	18.0	16.0	0.0	13.0	0.0	14.0	8.0	8.0	8.0	7.0	0.0	4.0	12.0	3.0	11.0	17.0	15.0	20.0
TAC	400.0	602.0	590.0	320.0	147.0	676.0	372.0	141.0	62.0	398.0	74.0	139.0	87.0	887.0	653.0	371.0	231.0	293.0	648.0	233.0	130.0	329.0	524.0	151.0	93.0	630.0	276.0	237.0	79.0	451.0	1040.0	244.0	751.0	734.0	708.0	608.0	321.0	903.0	663.0	295.0	262.0	981.0	332.0	407.0	176.0	528.0	721.0	267.0	13.0	476.0	7.0	345.0	115.0	299.0	302.0	114.0	17.0	178.0	376.0	72.0	113.0	637.0	298.0	360.0
TAG	14.0	9.0	15.0	8.0	4.0	9.0	7.0	3.0	4.0	7.0	4.0	3.0	3.0	14.0	11.0	10.0	7.0	5.0	13.0	5.0	4.0	6.0	9.0	4.0	4.0	12.0	8.0	6.0	3.0	8.0	20.0	6.0	20.0	12.0	16.0	13.0	9.0	15.0	15.0	8.0	7.0	13.0	7.0	7.0	5.0	9.0	13.0	7.0	0.0	7.0	0.0	8.0	4.0	5.0	5.0	3.0	0.0	3.0	9.0	2.0	4.0	10.0	10.0	9.0
TAT	594.0	441.0	494.0	505.0	189.0	457.0	283.0	189.0	94.0	327.0	70.0	178.0	152.0	626.0	605.0	531.0	303.0	240.0	504.0	319.0	155.0	229.0	368.0	197.0	90.0	372.0	206.0	205.0	98.0	331.0	659.0	342.0	831.0	581.0	620.0	808.0	366.0	677.0	513.0	372.0	283.0	659.0	309.0	404.0	206.0	416.0	574.0	359.0	14.0	345.0	8.0	506.0	153.0	210.0	237.0	173.0	15.0	137.0	331.0	94.0	180.0	462.0	355.0	544.0
TCA	257.0	170.0	176.0	182.0	106.0	178.0	119.0	92.0	49.0	128.0	37.0	82.0	70.0	242.0	217.0	239.0	151.0	93.0	173.0	107.0	84.0	94.0	141.0	92.0	48.0	147.0	84.0	82.0	52.0	142.0	231.0	154.0	340.0	227.0	238.0	297.0	201.0	285.0	225.0	179.0	132.0	247.0	121.0	179.0	99.0	175.0	210.0	165.0	8.0	115.0	4.0	153.0	90.0	99.0	98.0	88.0	9.0	50.0	126.0	39.0	92.0	171.0	159.0	223.0
TCC	260.0	430.0	459.0	216.0	123.0	571.0	306.0	109.0	51.0	358.0	66.0	106.0	71.0	730.0	542.0	260.0	180.0	235.0	596.0	178.0	102.0	275.0	442.0	126.0	85.0	536.0	222.0	192.0	56.0	387.0	1036.0	196.0	618.0	601.0	584.0	468.0	296.0	880.0	682.0	267.0	220.0	820.0	281.0	322.0	127.0	488.0	652.0	206.0	8.0	299.0	5.0	210.0	99.0	288.0	256.0	97.0	13.0	144.0	303.0	53.0	77.0	482.0	241.0	231.0
TCG	252.0	423.0	397.0	236.0	121.0	541.0	330.0	103.0	51.0	330.0	66.0	108.0	73.0	661.0	538.0	276.0	190.0	221.0	574.0	182.0	99.0	233.0	412.0	126.0	87.0	468.0	230.0	208.0	55.0	317.0	930.0	194.0	564.0	494.0	551.0	451.0	298.0	744.0	638.0	255.0	218.0	701.0	294.0	331.0	134.0	423.0	645.0	209.0	8.0	302.0	5.0	237.0	98.0	256.0	280.0	94.0	12.0	130.0	284.0	57.0	74.0	425.0	263.0	253.0
TCT	280.0	164.0	200.0	209.0	105.0	163.0	115.0	104.0	46.0	121.0	33.0	91.0	71.0	236.0	239.0	278.0	147.0	82.0	173.0	111.0	78.0	84.0	130.0	97.0	42.0	135.0	78.0	86.0	48.0	124.0	216.0	157.0	373.0	203.0	227.0	322.0	198.0	260.0	209.0	203.0	127.0	244.0	115.0	192.0	104.0	154.0	201.0	195.0	7.0	114.0	3.0	173.0	88.0	97.0	94.0	100.0	7.0	50.0	116.0	42.0	96.0	162.0	163.0	253.0
TGA	30.0	22.0	34.0	14.0	11.0	23.0	17.0	8.0	8.0	19.0	9.0	7.0	7.0	33.0	28.0	18.0	19.0	13.0	34.0	12.0	9.0	13.0	22.0	9.0	10.0	28.0	21.0	15.0	5.0	18.0	45.0	14.0	50.0	26.0	38.0	28.0	23.0	37.0	32.0	17.0	17.0	27.0	15.0	15.0	9.0	19.0	28.0	14.0	0.0	17.0	0.0	15.0	9.0	13.0	12.0	7.0	0.0	9.0	19.0	4.0	8.0	24.0	19.0	17.0
TGC	147.0	230.0	220.0	130.0	65.0	308.0	170.0	57.0	30.0	192.0	39.0	56.0	40.0	374.0	301.0	145.0	96.0	161.0	292.0	115.0	58.0	169.0	261.0	69.0	46.0	297.0	133.0	104.0	32.0	210.0	520.0	100.0	303.0	351.0	327.0	245.0	151.0	477.0	315.0	128.0	129.0	474.0	173.0	177.0	70.0	251.0	349.0	105.0	4.0	178.0	3.0	137.0	50.0	144.0	130.0	50.0	9.0	172.0	179.0	62.0	45.0	267.0	130.0	145.0
TGG	382.0	504.0	500.0	318.0	163.0	653.0	343.0	129.0	70.0	410.0	85.0	134.0	94.0	789.0	625.0	346.0	237.0	307.0	642.0	250.0	146.0	349.0	535.0	160.0	109.0	627.0	310.0	239.0	78.0	479.0	1095.0	261.0	676.0	700.0	696.0	576.0	342.0	1017.0	686.0	288.0	283.0	898.0	366.0	386.0	170.0	552.0	753.0	261.0	12.0	376.0	9.0	331.0	126.0	303.0	284.0	116.0	19.0	179.0	540.0	72.0	108.0	623.0	309.0	387.0
TGT	136.0	85.0	97.0	96.0	50.0	100.0	70.0	46.0	24.0	70.0	19.0	43.0	34.0	130.0	131.0	123.0	66.0	60.0	97.0	70.0	40.0	59.0	95.0	50.0	24.0	94.0	52.0	50.0	25.0	82.0	163.0	80.0	169.0	130.0	139.0	157.0	94.0	172.0	136.0	87.0	75.0	163.0	82.0	104.0	44.0	96.0	129.0	87.0	3.0	72.0	2.0	94.0	39.0	53.0	57.0	42.0	4.0	62.0	72.0	44.0	49.0	100.0	87.0	125.0
TTA	289.0	153.0	173.0	198.0	109.0	137.0	87.0	105.0	59.0	127.0	35.0	97.0	102.0	224.0	235.0	273.0	139.0	81.0	144.0	113.0	79.0	65.0	85.0	105.0	43.0	85.0	45.0	85.0	65.0	105.0	173.0	178.0	350.0	169.0	188.0	304.0	206.0	194.0	143.0	187.0	139.0	170.0	98.0	172.0	126.0	120.0	169.0	195.0	11.0	113.0	4.0	180.0	92.0	77.0	74.0	96.0	8.0	45.0	108.0	49.0	132.0	155.0	190.0	264.0
TTC	543.0	830.0	820.0	444.0	211.0	1037.0	565.0	195.0	83.0	624.0	105.0	184.0	129.0	1309.0	1009.0	529.0	330.0	445.0	1002.0	326.0	184.0	474.0	824.0	212.0	136.0	920.0	364.0	355.0	111.0	669.0	1821.0	364.0	1058.0	1016.0	994.0	830.0	501.0	1468.0	1090.0	435.0	396.0	1409.0	504.0	622.0	245.0	797.0	1146.0	382.0	17.0	637.0	10.0	462.0	171.0	482.0	425.0	162.0	24.0	267.0	623.0	100.0	155.0	998.0	445.0	530.0
TTG	467.0	378.0	444.0	366.0	186.0	475.0	332.0	171.0	85.0	304.0	79.0	179.0	131.0	639.0	576.0	465.0	256.0	231.0	491.0	256.0	141.0	257.0	434.0	183.0	106.0	452.0	265.0	224.0	99.0	407.0	855.0	348.0	695.0	535.0	605.0	655.0	397.0	809.0	672.0	356.0	286.0	694.0	328.0	387.0	205.0	466.0	625.0	350.0	15.0	298.0	10.0	355.0	159.0	241.0	263.0	163.0	19.0	130.0	309.0	87.0	190.0	445.0	424.0	477.0
TTT	759.0	470.0	539.0	584.0	262.0	468.0	313.0	255.0	118.0	348.0	88.0	244.0	206.0	710.0	713.0	741.0	382.0	238.0	470.0	351.0	201.0	238.0	375.0	258.0	106.0	389.0	194.0	220.0	135.0	366.0	652.0	439.0	1020.0	574.0	626.0	896.0	494.0	716.0	579.0	494.0	358.0	723.0	341.0	503.0	270.0	439.0	594.0	477.0	20.0	360.0	9.0	544.0	223.0	231.0	253.0	253.0	17.0	145.0	387.0	125.0	264.0	530.0	477.0	866.0
End	652.0	364.0	654.0	277.0	172.0	308.0	242.0	127.0	146.0	320.0	184.0	143.0	113.0	410.0	334.0	267.0	291.0	208.0	477.0	182.0	171.0	216.0	314.0	152.0	176.0	457.0	278.0	220.0	97.0	260.0	594.0	206.0	698.0	410.0	705.0	401.0	385.0	517.0	471.0	288.0	348.0	469.0	311.0	265.0	162.0	296.0	415.0	230.0	1004.0	225.0	590.0	206.0	178.0	217.0	207.0	127.0	1281.0	110.0	272.0	60.0	151.0	355.0	271.0	278.0
