	AAA	AAC	AAG	AAT	ACA	ACC	ACG	ACT	AGA	AGC	AGG	AGT	ATA	ATC	ATG	ATT	CAA	CAC	CAG	CAT	CCA	CCC	CCG	CCT	CGA	CGC	CGG	CGT	CTA	CTC	CTG	CTT	GAA	GAC	GAG	GAT	GCA	GCC	GCG	GCT	GGA	GGC	GGG	GGT	GTA	GTC	GTG	GTT	TAA	TAC	TAG	TAT	TCA	TCC	TCG	TCT	TGA	TGC	TGG	TGT	TTA	TTC	TTG	TTT
Start	13508.0	6424.0	6260.0	8790.0	5601.0	3788.0	3006.0	4948.0	3740.0	3152.0	1656.0	3964.0	5828.0	5337.0	34680.0	8934.0	5531.0	2206.0	3232.0	2507.0	3024.0	2013.0	2227.0	2618.0	1801.0	2386.0	1364.0	2538.0	3097.0	2879.0	3604.0	3603.0	9638.0	5001.0	4625.0	7607.0	4782.0	3198.0	3051.0	4235.0	2959.0	2198.0	1693.0	3092.0	4651.0	2693.0	4227.0	4746.0	2.0	3921.0	2.0	5659.0	4018.0	2594.0	2415.0	4516.0	12.0	1554.0	2547.0	2257.0	6902.0	4400.0	4432.0	7613.0
AAA	41174.0	14210.0	15628.0	29944.0	14088.0	7128.0	5556.0	13164.0	10881.0	5318.0	3613.0	9515.0	19188.0	11087.0	15967.0	25132.0	15024.0	5113.0	7729.0	8720.0	8899.0	4306.0	4424.0	8318.0	3637.0	3958.0	1944.0	6341.0	7694.0	5310.0	7396.0	9986.0	31445.0	13174.0	11894.0	27236.0	11614.0	6575.0	5492.0	11940.0	10672.0	5755.0	4379.0	12441.0	12482.0	6303.0	8156.0	15185.0	902.0	9908.0	222.0	21205.0	10626.0	4971.0	4389.0	12615.0	493.0	3988.0	7748.0	8412.0	20271.0	9717.0	10686.0	21058.0
AAC	14210.0	11670.0	9938.0	11513.0	6936.0	6685.0	4980.0	6588.0	4730.0	4694.0	2613.0	4679.0	7140.0	8342.0	9484.0	10051.0	7303.0	4478.0	6793.0	4033.0	4439.0	3862.0	4252.0	4558.0	2512.0	4917.0	2360.0	4175.0	4242.0	5283.0	8546.0	5239.0	13747.0	11237.0	9681.0	12389.0	6482.0	7255.0	5991.0	7278.0	5773.0	6346.0	3843.0	7764.0	6140.0	5534.0	7917.0	7892.0	382.0	8055.0	117.0	8220.0	4859.0	4341.0	3816.0	5817.0	196.0	3174.0	4770.0	3665.0	7111.0	7876.0	6355.0	9410.0
AAG	15628.0	9938.0	13356.0	10489.0	6438.0	6476.0	4584.0	6743.0	5011.0	4445.0	3211.0	4407.0	6924.0	8489.0	10076.0	10104.0	6959.0	4422.0	7201.0	4281.0	4436.0	3857.0	3953.0	4815.0	2235.0	4706.0	2326.0	4032.0	4049.0	5353.0	8364.0	5631.0	14624.0	11096.0	11301.0	12607.0	6580.0	7658.0	5517.0	7461.0	5718.0	5995.0	3901.0	7412.0	6060.0	5965.0	7869.0	7891.0	403.0	7618.0	161.0	8345.0	4785.0	4231.0	3511.0	6261.0	283.0	3207.0	4950.0	4101.0	6801.0	7920.0	6307.0	9147.0
AAT	29944.0	11513.0	10489.0	30478.0	12243.0	5276.0	4262.0	11759.0	9029.0	3948.0	2847.0	8531.0	17342.0	7977.0	12490.0	21365.0	12311.0	3745.0	5868.0	7329.0	7379.0	3060.0	2979.0	7186.0	2773.0	2659.0	1387.0	4698.0	6152.0	3816.0	5088.0	7673.0	23586.0	9724.0	8770.0	24487.0	9365.0	4805.0	3871.0	9707.0	9161.0	4361.0	3441.0	10609.0	9955.0	4421.0	6210.0	12411.0	615.0	7782.0	149.0	18945.0	9509.0	3840.0	3447.0	11030.0	286.0	2881.0	5826.0	7257.0	18262.0	7427.0	8817.0	17934.0
ACA	14088.0	6936.0	6438.0	12243.0	7882.0	4061.0	3052.0	6612.0	4995.0	2759.0	1974.0	4579.0	7795.0	5038.0	6968.0	10129.0	6970.0	2498.0	4043.0	3840.0	4962.0	2338.0	2166.0	4405.0	1645.0	1810.0	966.0	2645.0	3594.0	2646.0	3570.0	4420.0	12342.0	6019.0	5476.0	11506.0	5999.0	3414.0	2714.0	5822.0	5684.0	3117.0	2532.0	6285.0	6058.0	3042.0	4361.0	7044.0	335.0	4572.0	94.0	8592.0	5396.0	2715.0	2153.0	5932.0	179.0	1790.0	3479.0	3596.0	8128.0	4750.0	4750.0	9024.0
ACC	7128.0	6685.0	6476.0	5276.0	4061.0	5936.0	3592.0	3971.0	2509.0	3408.0	1923.0	2483.0	3379.0	5735.0	5738.0	5031.0	3995.0	3151.0	5000.0	2247.0	2905.0	3766.0	3554.0	2794.0	1626.0	3918.0	2063.0	2614.0	2214.0	4195.0	6584.0	2846.0	7303.0	7510.0	6946.0	6474.0	3815.0	6464.0	4570.0	4416.0	3543.0	5095.0	2897.0	4350.0	3124.0	4482.0	5520.0	4288.0	213.0	4992.0	76.0	4034.0	2710.0	3394.0	2771.0	3422.0	141.0	2267.0	3238.0	2057.0	3028.0	5291.0	3452.0	5057.0
ACG	5556.0	4980.0	4584.0	4262.0	3052.0	3592.0	3728.0	2662.0	1947.0	2540.0	1325.0	1934.0	3013.0	4387.0	4351.0	4110.0	2981.0	2462.0	3498.0	1797.0	1991.0	2570.0	3007.0	2052.0	1374.0	3163.0	1665.0	1958.0	1698.0	2796.0	4819.0	2146.0	5691.0	5719.0	5256.0	5032.0	2798.0	4475.0	4185.0	3059.0	2728.0	3664.0	2253.0	3136.0	2611.0	3184.0	4652.0	3204.0	125.0	4089.0	58.0	3335.0	2105.0	2294.0	2687.0	2529.0	127.0	1764.0	2329.0	1683.0	2815.0	4066.0	3051.0	4132.0
ACT	13164.0	6588.0	6743.0	11759.0	6612.0	3971.0	2662.0	7290.0	4467.0	2530.0	1863.0	4542.0	6325.0	4898.0	6870.0	9756.0	6419.0	2321.0	3956.0	3527.0	4283.0	2097.0	2020.0	4520.0	1605.0	1898.0	957.0	3080.0	3164.0	2468.0	3656.0	4366.0	11841.0	5937.0	5642.0	11324.0	5811.0	3419.0	2660.0	6568.0	5166.0	3243.0	2305.0	6992.0	5554.0	3050.0	4151.0	7253.0	301.0	4400.0	70.0	8142.0	4755.0	2522.0	2036.0	6336.0	167.0	1728.0	3375.0	3293.0	7196.0	4679.0	4686.0	8449.0
AGA	10881.0	4730.0	5011.0	9029.0	4995.0	2509.0	1947.0	4467.0	5158.0	2125.0	2036.0	3486.0	5985.0	3305.0	5349.0	6893.0	4928.0	1889.0	2812.0	3012.0	3326.0	1737.0	1441.0	3265.0	1456.0	1375.0	840.0	1847.0	2765.0	2050.0	2536.0	3139.0	9507.0	4468.0	4469.0	8791.0	4086.0	2459.0	2012.0	4221.0	4484.0	2101.0	1948.0	4129.0	4163.0	2246.0	3215.0	4785.0	270.0	3357.0	118.0	6621.0	3729.0	2002.0	1587.0	4393.0	144.0	1456.0	2536.0	2831.0	6091.0	3300.0	3758.0	6647.0
AGC	5318.0	4694.0	4445.0	3948.0	2759.0	3408.0	2540.0	2530.0	2125.0	2896.0	1478.0	1969.0	2613.0	3797.0	4189.0	3715.0	2855.0	2214.0	3359.0	1677.0	1945.0	2316.0	2290.0	2025.0	1111.0	2843.0	1582.0	1747.0	1682.0	2640.0	4325.0	2194.0	5526.0	5633.0	4970.0	4833.0	2969.0	4169.0	3438.0	3082.0	2578.0	3600.0	2151.0	2945.0	2454.0	2874.0	4112.0	3000.0	126.0	3542.0	75.0	2994.0	2007.0	2280.0	2022.0	2506.0	119.0	1779.0	2222.0	1553.0	2475.0	3386.0	2638.0	3932.0
AGG	3613.0	2613.0	3211.0	2847.0	1974.0	1923.0	1325.0	1863.0	2036.0	1478.0	1700.0	1419.0	2128.0	1952.0	2570.0	2428.0	2010.0	1360.0	2031.0	1299.0	1563.0	1482.0	1179.0	1603.0	833.0	1222.0	828.0	954.0	1256.0	1676.0	2221.0	1526.0	3623.0	3024.0	3232.0	3465.0	1837.0	2315.0	1591.0	1945.0	1892.0	1664.0	1595.0	1724.0	1622.0	1694.0	2468.0	2212.0	103.0	1983.0	58.0	2367.0	1561.0	1432.0	1019.0	1834.0	97.0	1049.0	1531.0	1241.0	1914.0	1988.0	1875.0	2770.0
AGT	9515.0	4679.0	4407.0	8531.0	4579.0	2483.0	1934.0	4542.0	3486.0	1969.0	1419.0	3534.0	5172.0	3286.0	4839.0	6940.0	4441.0	1719.0	2726.0	2757.0	2911.0	1445.0	1420.0	2835.0	1212.0	1480.0	823.0	1985.0	2443.0	1746.0	2659.0	2991.0	8280.0	4357.0	3905.0	8279.0	3913.0	2392.0	1932.0	4209.0	3727.0	2068.0	1721.0	4574.0	3871.0	2117.0	3041.0	4747.0	186.0	3183.0	65.0	5995.0	3610.0	1759.0	1667.0	4359.0	96.0	1342.0	2329.0	2687.0	5600.0	3164.0	3429.0	6181.0
ATA	19188.0	7140.0	6924.0	17342.0	7795.0	3379.0	3013.0	6325.0	5985.0	2613.0	2128.0	5172.0	13494.0	4869.0	7755.0	12508.0	7067.0	2430.0	3477.0	4416.0	4482.0	2137.0	1908.0	4012.0	1704.0	1602.0	901.0	2248.0	4104.0	2418.0	3110.0	4290.0	14280.0	6061.0	5665.0	14254.0	5382.0	2874.0	2632.0	5044.0	5932.0	2424.0	2401.0	5517.0	6673.0	2941.0	4250.0	6988.0	392.0	4933.0	111.0	11975.0	5854.0	2623.0	2335.0	6654.0	195.0	1974.0	3473.0	4707.0	12184.0	4452.0	5442.0	11676.0
ATC	11087.0	8342.0	8489.0	7977.0	5038.0	5735.0	4387.0	4898.0	3305.0	3797.0	1952.0	3286.0	4869.0	8014.0	7763.0	7632.0	5340.0	3713.0	5821.0	3125.0	3446.0	3423.0	3811.0	3320.0	2001.0	4461.0	2179.0	3436.0	3016.0	4829.0	7396.0	3930.0	11061.0	9721.0	8681.0	9806.0	5283.0	6626.0	5269.0	5570.0	4318.0	5706.0	3302.0	6196.0	4606.0	5323.0	6396.0	5680.0	314.0	6435.0	88.0	5872.0	3555.0	3645.0	3331.0	4411.0	233.0	2602.0	3959.0	2825.0	4569.0	6875.0	4644.0	6527.0
ATG	15967.0	9484.0	10076.0	12490.0	6968.0	5738.0	4351.0	6870.0	5349.0	4189.0	2570.0	4839.0	7755.0	7763.0	10982.0	11240.0	7317.0	4062.0	6354.0	4571.0	4848.0	3612.0	3803.0	5001.0	2336.0	4147.0	2093.0	4244.0	4059.0	4635.0	7150.0	5305.0	14897.0	9987.0	9751.0	13430.0	6939.0	6683.0	5322.0	7618.0	6117.0	5410.0	3680.0	7572.0	6158.0	5004.0	7227.0	7926.0	297.0	7012.0	122.0	8987.0	5419.0	3867.0	3470.0	6482.0	226.0	2997.0	4850.0	4089.0	7997.0	7164.0	6510.0	10267.0
ATT	25132.0	10051.0	10104.0	21365.0	10129.0	5031.0	4110.0	9756.0	6893.0	3715.0	2428.0	6940.0	12508.0	7632.0	11240.0	18310.0	10372.0	3496.0	5762.0	6119.0	6334.0	2713.0	3034.0	6024.0	2557.0	2903.0	1445.0	4642.0	5191.0	3590.0	5355.0	7187.0	21061.0	9357.0	8493.0	19756.0	8198.0	4832.0	4216.0	8856.0	7499.0	4460.0	3267.0	9920.0	8452.0	4259.0	6060.0	11056.0	584.0	6957.0	124.0	14811.0	7765.0	3573.0	3071.0	9106.0	321.0	2487.0	5169.0	5552.0	13436.0	6856.0	7712.0	14980.0
CAA	15024.0	7303.0	6959.0	12311.0	6970.0	3995.0	2981.0	6419.0	4928.0	2855.0	2010.0	4441.0	7067.0	5340.0	7317.0	10372.0	8934.0	2759.0	4998.0	3972.0	4721.0	2592.0	2378.0	4484.0	2034.0	2412.0	1204.0	3256.0	3693.0	3015.0	4299.0	4862.0	13636.0	6754.0	6392.0	11866.0	6208.0	4089.0	3225.0	6251.0	5306.0	3346.0	2433.0	6422.0	5433.0	3423.0	4414.0	7017.0	344.0	5009.0	98.0	8256.0	5056.0	2687.0	2271.0	5881.0	188.0	1868.0	3539.0	3434.0	7833.0	4837.0	5092.0	8765.0
CAC	5113.0	4478.0	4422.0	3745.0	2498.0	3151.0	2462.0	2321.0	1889.0	2214.0	1360.0	1719.0	2430.0	3713.0	4062.0	3496.0	2759.0	3032.0	3424.0	1947.0	1913.0	2433.0	2492.0	1938.0	1222.0	3085.0	1618.0	1698.0	1674.0	2898.0	4393.0	2122.0	5441.0	5540.0	5167.0	4617.0	2458.0	4217.0	3243.0	2740.0	2361.0	3342.0	1956.0	2630.0	2188.0	2956.0	4073.0	2678.0	146.0	3638.0	43.0	2984.0	1839.0	2079.0	1901.0	2198.0	95.0	1899.0	2324.0	1780.0	2449.0	3620.0	2562.0	3692.0
CAG	7729.0	6793.0	7201.0	5868.0	4043.0	5000.0	3498.0	3956.0	2812.0	3359.0	2031.0	2726.0	3477.0	5821.0	6354.0	5762.0	4998.0	3424.0	7388.0	2597.0	3214.0	3486.0	3678.0	3219.0	1791.0	4278.0	2180.0	3064.0	2574.0	4234.0	7359.0	3570.0	8659.0	7845.0	8336.0	7325.0	4736.0	6571.0	5083.0	5070.0	3575.0	4952.0	3072.0	4794.0	3552.0	4257.0	5691.0	4643.0	193.0	5168.0	94.0	4503.0	2907.0	3062.0	2650.0	3673.0	166.0	2137.0	3343.0	2110.0	3697.0	5238.0	3861.0	5608.0
CAT	8720.0	4033.0	4281.0	7329.0	3840.0	2247.0	1797.0	3527.0	3012.0	1677.0	1299.0	2757.0	4416.0	3125.0	4571.0	6119.0	3972.0	1947.0	2597.0	3048.0	2775.0	1508.0	1393.0	2662.0	1315.0	1523.0	880.0	2013.0	2036.0	1720.0	2466.0	2840.0	7984.0	3994.0	3973.0	7482.0	3401.0	2244.0	1778.0	3416.0	3160.0	2021.0	1549.0	3695.0	3274.0	2002.0	2734.0	4175.0	212.0	2998.0	68.0	5643.0	2942.0	1585.0	1357.0	3482.0	119.0	1363.0	2471.0	2549.0	4691.0	3006.0	3076.0	5797.0
CCA	8899.0	4439.0	4436.0	7379.0	4962.0	2905.0	1991.0	4283.0	3326.0	1945.0	1563.0	2911.0	4482.0	3446.0	4848.0	6334.0	4721.0	1913.0	3214.0	2775.0	4544.0	2247.0	2098.0	3657.0	1346.0	1564.0	944.0	2034.0	2439.0	2161.0	2845.0	3094.0	8270.0	4640.0	4444.0	7611.0	4294.0	2897.0	2122.0	4217.0	3911.0	2379.0	1985.0	4228.0	3837.0	2350.0	3130.0	4565.0	228.0	3262.0	48.0	5425.0	3473.0	2027.0	1588.0	3946.0	111.0	1314.0	2664.0	2299.0	4853.0	3370.0	3245.0	5707.0
CCC	4306.0	3862.0	3857.0	3060.0	2338.0	3766.0	2570.0	2097.0	1737.0	2316.0	1482.0	1445.0	2137.0	3423.0	3612.0	2713.0	2592.0	2433.0	3486.0	1508.0	2247.0	4162.0	3062.0	2339.0	1219.0	3153.0	1810.0	1485.0	1599.0	3368.0	4619.0	1728.0	4519.0	5456.0	5004.0	3688.0	2416.0	5244.0	3924.0	2445.0	2361.0	3593.0	2453.0	2378.0	1896.0	3290.0	4059.0	2367.0	132.0	3218.0	57.0	2343.0	1656.0	2635.0	2021.0	2261.0	112.0	1745.0	2101.0	1392.0	1933.0	3204.0	2278.0	3247.0
CCG	4424.0	4252.0	3953.0	2979.0	2166.0	3554.0	3007.0	2020.0	1441.0	2290.0	1179.0	1420.0	1908.0	3811.0	3803.0	3034.0	2378.0	2492.0	3678.0	1393.0	2098.0	3062.0	4164.0	2159.0	1227.0	3447.0	1899.0	1802.0	1320.0	2953.0	4969.0	1771.0	4896.0	5603.0	5354.0	4051.0	2527.0	4890.0	4648.0	2721.0	2095.0	3826.0	2203.0	2831.0	1979.0	3188.0	4112.0	2596.0	130.0	3524.0	62.0	2457.0	1639.0	2257.0	2470.0	2028.0	114.0	1607.0	2342.0	1319.0	1912.0	3641.0	2380.0	3178.0
CCT	8318.0	4558.0	4815.0	7186.0	4405.0	2794.0	2052.0	4520.0	3265.0	2025.0	1603.0	2835.0	4012.0	3320.0	5001.0	6024.0	4484.0	1938.0	3219.0	2662.0	3657.0	2339.0	2159.0	4264.0	1245.0	1805.0	964.0	2260.0	2325.0	2127.0	3008.0	3276.0	8227.0	4558.0	4720.0	7435.0	4118.0	2998.0	2252.0	4632.0	3840.0	2606.0	1987.0	4542.0	3702.0	2364.0	3200.0	4832.0	197.0	3277.0	60.0	5169.0	3219.0	2024.0	1610.0	4231.0	123.0	1461.0	2576.0	2304.0	4692.0	3319.0	3376.0	5646.0
CGA	3637.0	2512.0	2235.0	2773.0	1645.0	1626.0	1374.0	1605.0	1456.0	1111.0	833.0	1212.0	1704.0	2001.0	2336.0	2557.0	2034.0	1222.0	1791.0	1315.0	1346.0	1219.0	1227.0	1245.0	1240.0	1518.0	892.0	1282.0	1076.0	1391.0	1874.0	1389.0	3751.0	2745.0	2552.0	3308.0	1661.0	1887.0	1631.0	1731.0	1835.0	1540.0	1119.0	1866.0	1518.0	1465.0	1826.0	1993.0	98.0	1809.0	46.0	2134.0	1310.0	1192.0	1150.0	1610.0	95.0	881.0	1350.0	1069.0	1768.0	1845.0	1571.0	2398.0
CGC	3958.0	4917.0	4706.0	2659.0	1810.0	3918.0	3163.0	1898.0	1375.0	2843.0	1222.0	1480.0	1602.0	4461.0	4147.0	2903.0	2412.0	3085.0	4278.0	1523.0	1564.0	3153.0	3447.0	1805.0	1518.0	5688.0	2516.0	2305.0	1327.0	3765.0	6447.0	2030.0	4952.0	7021.0	6485.0	4040.0	2579.0	6333.0	5358.0	2783.0	2009.0	4977.0	2460.0	2858.0	1859.0	3819.0	5207.0	2471.0	148.0	4135.0	66.0	2384.0	1390.0	2532.0	2531.0	1890.0	166.0	2185.0	2535.0	1264.0	1591.0	4267.0	2382.0	3041.0
CGG	1944.0	2360.0	2326.0	1387.0	966.0	2063.0	1665.0	957.0	840.0	1582.0	828.0	823.0	901.0	2179.0	2093.0	1445.0	1204.0	1618.0	2180.0	880.0	944.0	1810.0	1899.0	964.0	892.0	2516.0	1762.0	1061.0	730.0	2014.0	3292.0	1002.0	2363.0	3528.0	3588.0	2077.0	1230.0	3230.0	2705.0	1417.0	1242.0	2499.0	1566.0	1369.0	959.0	2005.0	2612.0	1275.0	56.0	2075.0	27.0	1268.0	735.0	1415.0	1476.0	1024.0	75.0	1032.0	1390.0	751.0	910.0	2145.0	1182.0	1694.0
CGT	6341.0	4175.0	4032.0	4698.0	2645.0	2614.0	1958.0	3080.0	1847.0	1747.0	954.0	1985.0	2248.0	3436.0	4244.0	4642.0	3256.0	1698.0	3064.0	2013.0	2034.0	1485.0	1802.0	2260.0	1282.0	2305.0	1061.0	2952.0	1561.0	1843.0	3224.0	2539.0	6813.0	4565.0	4042.0	6439.0	3233.0	2760.0	2412.0	3768.0	2316.0	2417.0	1530.0	4017.0	2726.0	2141.0	2850.0	3797.0	199.0	2953.0	68.0	3745.0	2223.0	1651.0	1604.0	2937.0	127.0	1120.0	2153.0	1646.0	2891.0	3228.0	2581.0	3805.0
CTA	7694.0	4242.0	4049.0	6152.0	3594.0	2214.0	1698.0	3164.0	2765.0	1682.0	1256.0	2443.0	4104.0	3016.0	4059.0	5191.0	3693.0	1674.0	2574.0	2036.0	2439.0	1599.0	1320.0	2325.0	1076.0	1327.0	730.0	1561.0	2358.0	1785.0	2464.0	2514.0	7105.0	4035.0	3941.0	6347.0	3121.0	2369.0	1982.0	3154.0	2825.0	1940.0	1603.0	3059.0	3081.0	1800.0	2773.0	3457.0	226.0	2888.0	55.0	4389.0	2630.0	1522.0	1287.0	3159.0	118.0	1129.0	2021.0	1899.0	4031.0	2814.0	2675.0	4749.0
CTC	5310.0	5283.0	5353.0	3816.0	2646.0	4195.0	2796.0	2468.0	2050.0	2640.0	1676.0	1746.0	2418.0	4829.0	4635.0	3590.0	3015.0	2898.0	4234.0	1720.0	2161.0	3368.0	2953.0	2127.0	1391.0	3765.0	2014.0	1843.0	1785.0	4200.0	5327.0	2337.0	5968.0	6732.0	6673.0	4929.0	2934.0	5559.0	4139.0	3138.0	2771.0	4236.0	2583.0	2959.0	2367.0	4106.0	4621.0	2946.0	169.0	3970.0	69.0	2953.0	1959.0	2815.0	2432.0	2595.0	133.0	1970.0	2604.0	1597.0	2150.0	4477.0	2719.0	3741.0
CTG	7396.0	8546.0	8364.0	5088.0	3570.0	6584.0	4819.0	3656.0	2536.0	4325.0	2221.0	2659.0	3110.0	7396.0	7150.0	5355.0	4299.0	4393.0	7359.0	2466.0	2845.0	4619.0	4969.0	3008.0	1874.0	6447.0	3292.0	3224.0	2464.0	5327.0	10814.0	3112.0	8571.0	10926.0	10696.0	7375.0	4423.0	9325.0	7442.0	5155.0	3493.0	7003.0	4010.0	5003.0	3407.0	5537.0	8120.0	4378.0	208.0	6690.0	100.0	4120.0	2680.0	4010.0	3699.0	3543.0	225.0	3181.0	3985.0	2231.0	2869.0	6971.0	4028.0	5538.0
CTT	9986.0	5239.0	5631.0	7673.0	4420.0	2846.0	2146.0	4366.0	3139.0	2194.0	1526.0	2991.0	4290.0	3930.0	5305.0	7187.0	4862.0	2122.0	3570.0	2840.0	3094.0	1728.0	1771.0	3276.0	1389.0	2030.0	1002.0	2539.0	2514.0	2337.0	3112.0	3866.0	9492.0	5316.0	5314.0	8677.0	4223.0	3053.0	2415.0	4742.0	3752.0	2886.0	2038.0	4750.0	3900.0	2593.0	3437.0	5170.0	250.0	3488.0	87.0	5493.0	3461.0	2109.0	1606.0	4311.0	169.0	1590.0	2663.0	2451.0	4725.0	3929.0	3422.0	6219.0
GAA	31445.0	13747.0	14624.0	23586.0	12342.0	7303.0	5691.0	11841.0	9507.0	5526.0	3623.0	8280.0	14280.0	11061.0	14897.0	21061.0	13636.0	5441.0	8659.0	7984.0	8270.0	4519.0	4896.0	8227.0	3751.0	4952.0	2363.0	6813.0	7105.0	5968.0	8571.0	9492.0	31174.0	14257.0	14053.0	25496.0	11417.0	7942.0	6332.0	12518.0	10148.0	6547.0	4577.0	12113.0	11054.0	6516.0	8547.0	14106.0	738.0	9805.0	195.0	17290.0	9135.0	5062.0	4368.0	11250.0	436.0	3683.0	7100.0	6855.0	15890.0	10106.0	9865.0	17694.0
GAC	13174.0	11237.0	11096.0	9724.0	6019.0	7510.0	5719.0	5937.0	4468.0	5633.0	3024.0	4357.0	6061.0	9721.0	9987.0	9357.0	6754.0	5540.0	7845.0	3994.0	4640.0	5456.0	5603.0	4558.0	2745.0	7021.0	3528.0	4565.0	4035.0	6732.0	10926.0	5316.0	14257.0	15010.0	13304.0	12612.0	6573.0	10189.0	8098.0	7204.0	5869.0	8485.0	4949.0	7418.0	5584.0	7215.0	9462.0	7135.0	363.0	8894.0	135.0	7707.0	4421.0	4955.0	4570.0	5758.0	284.0	4020.0	5571.0	3674.0	5944.0	9055.0	6161.0	8942.0
GAG	11894.0	9681.0	11301.0	8770.0	5476.0	6946.0	5256.0	5642.0	4469.0	4970.0	3232.0	3905.0	5665.0	8681.0	9751.0	8493.0	6392.0	5167.0	8336.0	3973.0	4444.0	5004.0	5354.0	4720.0	2552.0	6485.0	3588.0	4042.0	3941.0	6673.0	10696.0	5314.0	14053.0	13304.0	14676.0	11867.0	6279.0	9777.0	7849.0	7103.0	5385.0	7435.0	4823.0	6558.0	5450.0	6681.0	9029.0	6702.0	368.0	8201.0	147.0	7013.0	4057.0	4551.0	4221.0	5422.0	299.0	3517.0	5272.0	3307.0	5719.0	8394.0	5763.0	8425.0
GAT	27236.0	12389.0	12607.0	24487.0	11506.0	6474.0	5032.0	11324.0	8791.0	4833.0	3465.0	8279.0	14254.0	9806.0	13430.0	19756.0	11866.0	4617.0	7325.0	7482.0	7611.0	3688.0	4051.0	7435.0	3308.0	4040.0	2077.0	6439.0	6347.0	4929.0	7375.0	8677.0	25496.0	12612.0	11867.0	26034.0	10139.0	6348.0	5506.0	11042.0	9596.0	5895.0	4594.0	12190.0	10296.0	5951.0	7737.0	13158.0	643.0	9161.0	162.0	17595.0	8809.0	4643.0	4054.0	10784.0	308.0	3474.0	6892.0	6827.0	15457.0	8921.0	9218.0	17034.0
GCA	11614.0	6482.0	6580.0	9365.0	5999.0	3815.0	2798.0	5811.0	4086.0	2969.0	1837.0	3913.0	5382.0	5283.0	6939.0	8198.0	6208.0	2458.0	4736.0	3401.0	4294.0	2416.0	2527.0	4118.0	1661.0	2579.0	1230.0	3233.0	3121.0	2934.0	4423.0	4223.0	11417.0	6573.0	6279.0	10139.0	6946.0	4414.0	3566.0	6693.0	5338.0	3701.0	2731.0	6581.0	4963.0	3226.0	4568.0	6446.0	295.0	4145.0	100.0	6508.0	4532.0	2594.0	2076.0	5166.0	157.0	1724.0	3524.0	2685.0	6038.0	4670.0	4275.0	6913.0
GCC	6575.0	7255.0	7658.0	4805.0	3414.0	6464.0	4475.0	3419.0	2459.0	4169.0	2315.0	2392.0	2874.0	6626.0	6683.0	4832.0	4089.0	4217.0	6571.0	2244.0	2897.0	5244.0	4890.0	2998.0	1887.0	6333.0	3230.0	2760.0	2369.0	5559.0	9325.0	3053.0	7942.0	10189.0	9777.0	6348.0	4414.0	10824.0	7439.0	4959.0	3703.0	6974.0	4120.0	4575.0	3181.0	5861.0	7174.0	4112.0	211.0	5860.0	70.0	3817.0	2599.0	4230.0	3472.0	3383.0	183.0	2893.0	3844.0	2102.0	2842.0	5990.0	3721.0	5079.0
GCG	5492.0	5991.0	5517.0	3871.0	2714.0	4570.0	4185.0	2660.0	2012.0	3438.0	1591.0	1932.0	2632.0	5269.0	5322.0	4216.0	3225.0	3243.0	5083.0	1778.0	2122.0	3924.0	4648.0	2252.0	1631.0	5358.0	2705.0	2412.0	1982.0	4139.0	7442.0	2415.0	6332.0	8098.0	7849.0	5506.0	3566.0	7439.0	7344.0	4000.0	2965.0	5626.0	3330.0	3773.0	2713.0	4509.0	6116.0	3531.0	174.0	4692.0	79.0	3158.0	2049.0	3073.0	3378.0	2603.0	165.0	2289.0	2943.0	1653.0	2498.0	5040.0	3255.0	4214.0
GCT	11940.0	7278.0	7461.0	9707.0	5822.0	4416.0	3059.0	6568.0	4221.0	3082.0	1945.0	4209.0	5044.0	5570.0	7618.0	8856.0	6251.0	2740.0	5070.0	3416.0	4217.0	2445.0	2721.0	4632.0	1731.0	2783.0	1417.0	3768.0	3154.0	3138.0	5155.0	4742.0	12518.0	7204.0	7103.0	11042.0	6693.0	4959.0	4000.0	8416.0	5159.0	4252.0	2897.0	7751.0	5547.0	3686.0	4866.0	7260.0	286.0	4837.0	69.0	7143.0	4424.0	2885.0	2319.0	5903.0	144.0	1875.0	3693.0	3050.0	6286.0	5120.0	4703.0	7449.0
GGA	10672.0	5773.0	5718.0	9161.0	5684.0	3543.0	2728.0	5166.0	4484.0	2578.0	1892.0	3727.0	5932.0	4318.0	6117.0	7499.0	5306.0	2361.0	3575.0	3160.0	3911.0	2361.0	2095.0	3840.0	1835.0	2009.0	1242.0	2316.0	2825.0	2771.0	3493.0	3752.0	10148.0	5869.0	5385.0	9596.0	5338.0	3703.0	2965.0	5159.0	7960.0	3650.0	2793.0	6606.0	4639.0	3097.0	4058.0	5680.0	247.0	4004.0	86.0	6912.0	4037.0	2604.0	2032.0	4981.0	160.0	1766.0	3373.0	3107.0	5980.0	4034.0	3924.0	7086.0
GGC	5755.0	6346.0	5995.0	4361.0	3117.0	5095.0	3664.0	3243.0	2101.0	3600.0	1664.0	2068.0	2424.0	5706.0	5410.0	4460.0	3346.0	3342.0	4952.0	2021.0	2379.0	3593.0	3826.0	2606.0	1540.0	4977.0	2499.0	2417.0	1940.0	4236.0	7003.0	2886.0	6547.0	8485.0	7435.0	5895.0	3701.0	6974.0	5626.0	4252.0	3650.0	6780.0	3389.0	4799.0	2839.0	4744.0	5884.0	3768.0	175.0	4916.0	69.0	3549.0	2216.0	3148.0	2960.0	2883.0	174.0	2510.0	3292.0	1647.0	2589.0	5162.0	3079.0	4487.0
GGG	4379.0	3843.0	3901.0	3441.0	2532.0	2897.0	2253.0	2305.0	1948.0	2151.0	1595.0	1721.0	2401.0	3302.0	3680.0	3267.0	2433.0	1956.0	3072.0	1549.0	1985.0	2453.0	2203.0	1987.0	1119.0	2460.0	1566.0	1530.0	1603.0	2583.0	4010.0	2038.0	4577.0	4949.0	4823.0	4594.0	2731.0	4120.0	3330.0	2897.0	2793.0	3389.0	2852.0	3040.0	2286.0	2722.0	3754.0	2828.0	108.0	3073.0	50.0	2774.0	1785.0	2067.0	1814.0	2342.0	113.0	1555.0	2159.0	1481.0	2286.0	3211.0	2353.0	3550.0
GGT	12441.0	7764.0	7412.0	10609.0	6285.0	4350.0	3136.0	6992.0	4129.0	2945.0	1724.0	4574.0	5517.0	6196.0	7572.0	9920.0	6422.0	2630.0	4794.0	3695.0	4228.0	2378.0	2831.0	4542.0	1866.0	2858.0	1369.0	4017.0	3059.0	2959.0	5003.0	4750.0	12113.0	7418.0	6558.0	12190.0	6581.0	4575.0	3773.0	7751.0	6606.0	4799.0	3040.0	10790.0	5920.0	3747.0	4863.0	7834.0	316.0	4994.0	81.0	8282.0	4765.0	2736.0	2346.0	6053.0	159.0	1982.0	4168.0	3549.0	6542.0	5641.0	4806.0	8132.0
GTA	12482.0	6140.0	6060.0	9955.0	6058.0	3124.0	2611.0	5554.0	4163.0	2454.0	1622.0	3871.0	6673.0	4606.0	6158.0	8452.0	5433.0	2188.0	3552.0	3274.0	3837.0	1896.0	1979.0	3702.0	1518.0	1859.0	959.0	2726.0	3081.0	2367.0	3407.0	3900.0	11054.0	5584.0	5450.0	10296.0	4963.0	3181.0	2713.0	5547.0	4639.0	2839.0	2286.0	5920.0	5662.0	2702.0	3782.0	6219.0	294.0	4192.0	84.0	7525.0	4175.0	2268.0	1942.0	5163.0	154.0	1591.0	3099.0	2991.0	7014.0	4098.0	4142.0	7707.0
GTC	6303.0	5534.0	5965.0	4421.0	3042.0	4482.0	3184.0	3050.0	2246.0	2874.0	1694.0	2117.0	2941.0	5323.0	5004.0	4259.0	3423.0	2956.0	4257.0	2002.0	2350.0	3290.0	3188.0	2364.0	1465.0	3819.0	2005.0	2141.0	1800.0	4106.0	5537.0	2593.0	6516.0	7215.0	6681.0	5951.0	3226.0	5861.0	4509.0	3686.0	3097.0	4744.0	2722.0	3747.0	2702.0	4574.0	5061.0	3633.0	159.0	4302.0	70.0	3510.0	2261.0	2907.0	2517.0	3057.0	137.0	2145.0	2880.0	1839.0	2676.0	4847.0	3249.0	4207.0
GTG	8156.0	7917.0	7869.0	6210.0	4361.0	5520.0	4652.0	4151.0	3215.0	4112.0	2468.0	3041.0	4250.0	6396.0	7227.0	6060.0	4414.0	4073.0	5691.0	2734.0	3130.0	4059.0	4112.0	3200.0	1826.0	5207.0	2612.0	2850.0	2773.0	4621.0	8120.0	3437.0	8547.0	9462.0	9029.0	7737.0	4568.0	7174.0	6116.0	4866.0	4058.0	5884.0	3754.0	4863.0	3782.0	5061.0	7998.0	4888.0	224.0	6093.0	72.0	4982.0	3039.0	3557.0	3558.0	3881.0	188.0	3098.0	3762.0	2698.0	3877.0	6243.0	4818.0	6651.0
GTT	15185.0	7892.0	7891.0	12411.0	7044.0	4288.0	3204.0	7253.0	4785.0	3000.0	2212.0	4747.0	6988.0	5680.0	7926.0	11056.0	7017.0	2678.0	4643.0	4175.0	4565.0	2367.0	2596.0	4832.0	1993.0	2471.0	1275.0	3797.0	3457.0	2946.0	4378.0	5170.0	14106.0	7135.0	6702.0	13158.0	6446.0	4112.0	3531.0	7260.0	5680.0	3768.0	2828.0	7834.0	6219.0	3633.0	4888.0	8812.0	364.0	5153.0	98.0	9076.0	5230.0	2824.0	2434.0	6473.0	222.0	2029.0	4178.0	3715.0	7874.0	5391.0	5536.0	9899.0
TAA	902.0	382.0	403.0	615.0	335.0	213.0	125.0	301.0	270.0	126.0	103.0	186.0	392.0	314.0	297.0	584.0	344.0	146.0	193.0	212.0	228.0	132.0	130.0	197.0	98.0	148.0	56.0	199.0	226.0	169.0	208.0	250.0	738.0	363.0	368.0	643.0	295.0	211.0	174.0	286.0	247.0	175.0	108.0	316.0	294.0	159.0	224.0	364.0	14.0	264.0	16.0	479.0	243.0	138.0	103.0	273.0	14.0	104.0	173.0	176.0	443.0	271.0	256.0	464.0
TAC	9908.0	8055.0	7618.0	7782.0	4572.0	4992.0	4089.0	4400.0	3357.0	3542.0	1983.0	3183.0	4933.0	6435.0	7012.0	6957.0	5009.0	3638.0	5168.0	2998.0	3262.0	3218.0	3524.0	3277.0	1809.0	4135.0	2075.0	2953.0	2888.0	3970.0	6690.0	3488.0	9805.0	8894.0	8201.0	9161.0	4145.0	5860.0	4692.0	4837.0	4004.0	4916.0	3073.0	4994.0	4192.0	4302.0	6093.0	5153.0	264.0	6208.0	74.0	5931.0	3387.0	3057.0	2949.0	4008.0	175.0	2719.0	3685.0	2864.0	4740.0	6124.0	4437.0	6827.0
TAG	222.0	117.0	161.0	149.0	94.0	76.0	58.0	70.0	118.0	75.0	58.0	65.0	111.0	88.0	122.0	124.0	98.0	43.0	94.0	68.0	48.0	57.0	62.0	60.0	46.0	66.0	27.0	68.0	55.0	69.0	100.0	87.0	195.0	135.0	147.0	162.0	100.0	70.0	79.0	69.0	86.0	69.0	50.0	81.0	84.0	70.0	72.0	98.0	16.0	74.0	10.0	120.0	78.0	41.0	55.0	86.0	8.0	48.0	83.0	81.0	126.0	81.0	87.0	141.0
TAT	21205.0	8220.0	8345.0	18945.0	8592.0	4034.0	3335.0	8142.0	6621.0	2994.0	2367.0	5995.0	11975.0	5872.0	8987.0	14811.0	8256.0	2984.0	4503.0	5643.0	5425.0	2343.0	2457.0	5169.0	2134.0	2384.0	1268.0	3745.0	4389.0	2953.0	4120.0	5493.0	17290.0	7707.0	7013.0	17595.0	6508.0	3817.0	3158.0	7143.0	6912.0	3549.0	2774.0	8282.0	7525.0	3510.0	4982.0	9076.0	479.0	5931.0	120.0	14116.0	6466.0	2816.0	2709.0	7433.0	240.0	2319.0	4833.0	5209.0	11997.0	5771.0	6255.0	12911.0
TCA	10626.0	4859.0	4785.0	9509.0	5396.0	2710.0	2105.0	4755.0	3729.0	2007.0	1561.0	3610.0	5854.0	3555.0	5419.0	7765.0	5056.0	1839.0	2907.0	2942.0	3473.0	1656.0	1639.0	3219.0	1310.0	1390.0	735.0	2223.0	2630.0	1959.0	2680.0	3461.0	9135.0	4421.0	4057.0	8809.0	4532.0	2599.0	2049.0	4424.0	4037.0	2216.0	1785.0	4765.0	4175.0	2261.0	3039.0	5230.0	243.0	3387.0	78.0	6466.0	4752.0	2249.0	1764.0	5084.0	158.0	1372.0	2575.0	2690.0	6262.0	3335.0	3851.0	6692.0
TCC	4971.0	4341.0	4231.0	3840.0	2715.0	3394.0	2294.0	2522.0	2002.0	2280.0	1432.0	1759.0	2623.0	3645.0	3867.0	3573.0	2687.0	2079.0	3062.0	1585.0	2027.0	2635.0	2257.0	2024.0	1192.0	2532.0	1415.0	1651.0	1522.0	2815.0	4010.0	2109.0	5062.0	4955.0	4551.0	4643.0	2594.0	4230.0	3073.0	2885.0	2604.0	3148.0	2067.0	2736.0	2268.0	2907.0	3557.0	2824.0	138.0	3057.0	41.0	2816.0	2249.0	2728.0	2003.0	3059.0	102.0	1560.0	2076.0	1517.0	2437.0	3379.0	2470.0	3734.0
TCG	4389.0	3816.0	3511.0	3447.0	2153.0	2771.0	2687.0	2036.0	1587.0	2022.0	1019.0	1667.0	2335.0	3331.0	3470.0	3071.0	2271.0	1901.0	2650.0	1357.0	1588.0	2021.0	2470.0	1610.0	1150.0	2531.0	1476.0	1604.0	1287.0	2432.0	3699.0	1606.0	4368.0	4570.0	4221.0	4054.0	2076.0	3472.0	3378.0	2319.0	2032.0	2960.0	1814.0	2346.0	1942.0	2517.0	3558.0	2434.0	103.0	2949.0	55.0	2709.0	1764.0	2003.0	2726.0	2297.0	104.0	1454.0	1792.0	1388.0	2367.0	3120.0	2396.0	3350.0
TCT	12615.0	5817.0	6261.0	11030.0	5932.0	3422.0	2529.0	6336.0	4393.0	2506.0	1834.0	4359.0	6654.0	4411.0	6482.0	9106.0	5881.0	2198.0	3673.0	3482.0	3946.0	2261.0	2028.0	4231.0	1610.0	1890.0	1024.0	2937.0	3159.0	2595.0	3543.0	4311.0	11250.0	5758.0	5422.0	10784.0	5166.0	3383.0	2603.0	5903.0	4981.0	2883.0	2342.0	6053.0	5163.0	3057.0	3881.0	6473.0	273.0	4008.0	86.0	7433.0	5084.0	3059.0	2297.0	6818.0	134.0	1643.0	3146.0	3218.0	7014.0	4349.0	4509.0	8409.0
TGA	493.0	196.0	283.0	286.0	179.0	141.0	127.0	167.0	144.0	119.0	97.0	96.0	195.0	233.0	226.0	321.0	188.0	95.0	166.0	119.0	111.0	112.0	114.0	123.0	95.0	166.0	75.0	127.0	118.0	133.0	225.0	169.0	436.0	284.0	299.0	308.0	157.0	183.0	165.0	144.0	160.0	174.0	113.0	159.0	154.0	137.0	188.0	222.0	14.0	175.0	8.0	240.0	158.0	102.0	104.0	134.0	22.0	110.0	149.0	115.0	218.0	196.0	166.0	241.0
TGC	3988.0	3174.0	3207.0	2881.0	1790.0	2267.0	1764.0	1728.0	1456.0	1779.0	1049.0	1342.0	1974.0	2602.0	2997.0	2487.0	1868.0	1899.0	2137.0	1363.0	1314.0	1745.0	1607.0	1461.0	881.0	2185.0	1032.0	1120.0	1129.0	1970.0	3181.0	1590.0	3683.0	4020.0	3517.0	3474.0	1724.0	2893.0	2289.0	1875.0	1766.0	2510.0	1555.0	1982.0	1591.0	2145.0	3098.0	2029.0	104.0	2719.0	48.0	2319.0	1372.0	1560.0	1454.0	1643.0	110.0	1692.0	1778.0	1735.0	1674.0	2317.0	1820.0	2799.0
TGG	7748.0	4770.0	4950.0	5826.0	3479.0	3238.0	2329.0	3375.0	2536.0	2222.0	1531.0	2329.0	3473.0	3959.0	4850.0	5169.0	3539.0	2324.0	3343.0	2471.0	2664.0	2101.0	2342.0	2576.0	1350.0	2535.0	1390.0	2153.0	2021.0	2604.0	3985.0	2663.0	7100.0	5571.0	5272.0	6892.0	3524.0	3844.0	2943.0	3693.0	3373.0	3292.0	2159.0	4168.0	3099.0	2880.0	3762.0	4178.0	173.0	3685.0	83.0	4833.0	2575.0	2076.0	1792.0	3146.0	149.0	1778.0	3278.0	2138.0	3533.0	3785.0	3056.0	4682.0
TGT	8412.0	3665.0	4101.0	7257.0	3596.0	2057.0	1683.0	3293.0	2831.0	1553.0	1241.0	2687.0	4707.0	2825.0	4089.0	5552.0	3434.0	1780.0	2110.0	2549.0	2299.0	1392.0	1319.0	2304.0	1069.0	1264.0	751.0	1646.0	1899.0	1597.0	2231.0	2451.0	6855.0	3674.0	3307.0	6827.0	2685.0	2102.0	1653.0	3050.0	3107.0	1647.0	1481.0	3549.0	2991.0	1839.0	2698.0	3715.0	176.0	2864.0	81.0	5209.0	2690.0	1517.0	1388.0	3218.0	115.0	1735.0	2138.0	3208.0	4675.0	2625.0	2990.0	5466.0
TTA	20271.0	7111.0	6801.0	18262.0	8128.0	3028.0	2815.0	7196.0	6091.0	2475.0	1914.0	5600.0	12184.0	4569.0	7997.0	13436.0	7833.0	2449.0	3697.0	4691.0	4853.0	1933.0	1912.0	4692.0	1768.0	1591.0	910.0	2891.0	4031.0	2150.0	2869.0	4725.0	15890.0	5944.0	5719.0	15457.0	6038.0	2842.0	2498.0	6286.0	5980.0	2589.0	2286.0	6542.0	7014.0	2676.0	3877.0	7874.0	443.0	4740.0	126.0	11997.0	6262.0	2437.0	2367.0	7014.0	218.0	1674.0	3533.0	4675.0	12922.0	4209.0	5530.0	12004.0
TTC	9717.0	7876.0	7920.0	7427.0	4750.0	5291.0	4066.0	4679.0	3300.0	3386.0	1988.0	3164.0	4452.0	6875.0	7164.0	6856.0	4837.0	3620.0	5238.0	3006.0	3370.0	3204.0	3641.0	3319.0	1845.0	4267.0	2145.0	3228.0	2814.0	4477.0	6971.0	3929.0	10106.0	9055.0	8394.0	8921.0	4670.0	5990.0	5040.0	5120.0	4034.0	5162.0	3211.0	5641.0	4098.0	4847.0	6243.0	5391.0	271.0	6124.0	81.0	5771.0	3335.0	3379.0	3120.0	4349.0	196.0	2317.0	3785.0	2625.0	4209.0	7418.0	4536.0	6712.0
TTG	10686.0	6355.0	6307.0	8817.0	4750.0	3452.0	3051.0	4686.0	3758.0	2638.0	1875.0	3429.0	5442.0	4644.0	6510.0	7712.0	5092.0	2562.0	3861.0	3076.0	3245.0	2278.0	2380.0	3376.0	1571.0	2382.0	1182.0	2581.0	2675.0	2719.0	4028.0	3422.0	9865.0	6161.0	5763.0	9218.0	4275.0	3721.0	3255.0	4703.0	3924.0	3079.0	2353.0	4806.0	4142.0	3249.0	4818.0	5536.0	256.0	4437.0	87.0	6255.0	3851.0	2470.0	2396.0	4509.0	166.0	1820.0	3056.0	2990.0	5530.0	4536.0	5168.0	7552.0
TTT	21058.0	9410.0	9147.0	17934.0	9024.0	5057.0	4132.0	8449.0	6647.0	3932.0	2770.0	6181.0	11676.0	6527.0	10267.0	14980.0	8765.0	3692.0	5608.0	5797.0	5707.0	3247.0	3178.0	5646.0	2398.0	3041.0	1694.0	3805.0	4749.0	3741.0	5538.0	6219.0	17694.0	8942.0	8425.0	17034.0	6913.0	5079.0	4214.0	7449.0	7086.0	4487.0	3550.0	8132.0	7707.0	4207.0	6651.0	9899.0	464.0	6827.0	141.0	12911.0	6692.0	3734.0	3350.0	8409.0	241.0	2799.0	4682.0	5466.0	12004.0	6712.0	7552.0	15058.0
End	14052.0	5269.0	6930.0	8561.0	4268.0	2836.0	2326.0	3803.0	4310.0	2592.0	2447.0	3236.0	5528.0	4304.0	4968.0	7422.0	5106.0	2148.0	3284.0	2867.0	2766.0	1934.0	2161.0	2552.0	2073.0	2584.0	1536.0	2641.0	2922.0	2451.0	3709.0	3460.0	10473.0	5399.0	6856.0	7798.0	4065.0	3041.0	2908.0	3513.0	4226.0	2882.0	2677.0	3981.0	4497.0	2759.0	4063.0	4687.0	16492.0	4015.0	5066.0	6391.0	3658.0	2315.0	2230.0	3907.0	10130.0	1723.0	3590.0	2751.0	6513.0	4450.0	4140.0	7243.0
