Proteome_ID	GC	Length	M	W	C	D	E	F	H	K	N	Q	Y	I	A	G	P	T	V	L	R	S	shannon_entropy
UP000001015	0.3320610687022901	248.0	0.0221042863627167	0.009410989669509264	0.006898191407412366	0.0539294334089022	0.08112273095117031	0.03444701951217416	0.014912266718965053	0.09432875691996538	0.04408844073433167	0.022534091930880618	0.03997513355641352	0.09628202915921723	0.05964906687586051	0.06710520023534308	0.03961070847225113	0.04456735798437733	0.07591049398993949	0.09086673867266444	0.04778415525788425	0.05447290818002137	4.091172779429914
UP000007478	0.3806818181818182	175.0	0.022857142857142815	0.011428571428571408	0.011428571428571408	0.03428571428571422	0.09714285714285716	0.05142857142857143	0.005714285714285704	0.09142857142857146	0.04000000000000002	0.011428571428571408	0.04571428571428573	0.07428571428571425	0.04000000000000002	0.06857142857142855	0.04000000000000002	0.04000000000000002	0.09714285714285716	0.09142857142857146	0.06285714285714285	0.06285714285714285	4.052059475306953
UP000000674	0.5572139303482587	251.0	0.030780212111692098	0.008608025421066395	0.012020826070207513	0.05722518308089228	0.07992849197734286	0.027087121712545015	0.0198199252746618	0.049954770476352696	0.025018399007040296	0.021844021498620178	0.026213916908309147	0.07322898826130797	0.08631292285550417	0.08419772307801485	0.046170318167538096	0.042242937329701906	0.0816954691436331	0.08644655316475229	0.08203182420265678	0.05917237025816043	4.095652476322436
UP000001931	0.3128199733501648	257.5	0.025199038705591655	0.006732625300357532	0.010442439241370886	0.06579911916190535	0.07911390457220457	0.029135146081952654	0.019308661238761286	0.08697110126022425	0.052479951059197505	0.027658352585252757	0.0325619166701668	0.09436986861478971	0.06349148208938118	0.06932448317877977	0.03813760418587649	0.056601717126900014	0.06956644675288975	0.07895351687541002	0.03952961830859813	0.05462300699038981	4.116306897010011
UP000000641	0.5418640877523204	219.0	0.019860865282210757	0.010400819364490879	0.008537114651088008	0.045280682620165484	0.08379889223932088	0.028374520985760595	0.01496902654274993	0.06401094834603145	0.02115850952798371	0.020166355619817892	0.03322794902896143	0.054133866959683044	0.08148154501178911	0.07999321062527762	0.04989675514249993	0.039083290688519	0.10127067883753527	0.10868960907226735	0.0806331563102799	0.055032203143567764	4.044559632012449
UP000002518	0.5753715498938429	252.0	0.021990812153200447	0.012497217638282229	0.008963019064190664	0.045545415392850785	0.08159011515439037	0.025736279245960177	0.016717366614663644	0.047232282629623014	0.018160513732592348	0.018004814813233364	0.03263604606175608	0.05593732785694011	0.09031221979783433	0.0875170116946568	0.05277064325002227	0.040596624797804313	0.09823940632198555	0.10063820050588831	0.09069395066358842	0.0542207326105367	4.041605112194056
UP000001826	0.6057529610829103	256.0	0.020738890299524873	0.010172238667856133	0.015465583456823981	0.06305315686196726	0.11399742584514479	0.027730463757467388	0.01937476736252047	0.045164694430076396	0.02016281001342694	0.015212659052046685	0.026190866615379317	0.053484506561932606	0.07970240193542902	0.08252249852363147	0.053484506561932606	0.041477780599049746	0.1009344989321905	0.08991240712549801	0.08368752203220038	0.0375303213659015	4.037295866740906
UP000005223	0.5130890052356021	262.0	0.03204233165871905	0.007660616413716823	0.011248232916008374	0.06301093439060279	0.09213960895919708	0.03189928553524271	0.01984241272210121	0.04748118123001083	0.02838781481507027	0.01878730927229016	0.027342244744493666	0.07716457840058712	0.0775364532215251	0.08210807549957597	0.04385200111766059	0.04666835522915835	0.08021475088628209	0.086506537044726	0.07093013339558495	0.055177142547446795	4.099422830036313
UP000000536	0.552046783625731	257.0	0.02245768875597469	0.011228844377987345	0.005693498557852736	0.0492050483979221	0.09807285485012071	0.03786357317162915	0.01760620198639128	0.07656030257718646	0.02918693017943722	0.01791836868827769	0.033212074920807653	0.07004130651615875	0.07869395035392779	0.0791333389964313	0.04501541176030556	0.04270123918389552	0.08676834292081133	0.09084008935001008	0.06746313721213253	0.040337797242740156	4.0738230176884125
UP000002199	0.4947916666666667	199.0	0.02684722285957543	0.01102912939096071	0.011962079197063756	0.0511518117993025	0.0944624508022098	0.0431068085350929	0.015226783114386013	0.07438918000674022	0.03068254041094335	0.018092136217452513	0.03473002446515285	0.07265479895529021	0.07431880235299691	0.07117635827887442	0.0359223404459108	0.03949139878698835	0.08786363844951964	0.09327492284926779	0.060274071452788555	0.053343501629483224	4.101533442928409
UP000002439	0.5189289012003694	243.0	0.0207730604185471	0.01216693582818735	0.009725542724691266	0.046192171727443845	0.07779451801700012	0.031109619060794826	0.01828412802499676	0.06538848660483984	0.023123101260179406	0.02169456420335475	0.038711888541108005	0.06459972008648432	0.09170475164306446	0.07759085427430515	0.051628147017244046	0.04047719241966639	0.09697307278071199	0.09612894352124693	0.07183007983807692	0.044103222008056484	4.084122853689161
UP000001024	0.4804235126886576	261.5	0.031099764527760913	0.007194616609485315	0.0067734811757139525	0.06662840599219064	0.07155424145464825	0.03610944376501526	0.01779094552085062	0.06824311014440732	0.04064767211258461	0.02184019008770142	0.03894876852989843	0.08883787465625419	0.06662840599219064	0.07441712316030837	0.038946837367849166	0.04584262121684906	0.07273856856935464	0.07403156221354515	0.06518305466087211	0.06654331224251989	4.125607142890277
UP000000578	0.3294117647058823	198.0	0.02060203413700515	0.012702143822904344	0.007208845019726142	0.04992031348582012	0.0820529290628998	0.03516554102695701	0.017996482760854488	0.11690836831713239	0.040792027591270194	0.02550977199777061	0.05004653425316736	0.09587869732990856	0.05316496487013883	0.06249916108918876	0.04635457680826153	0.035459472949746836	0.06317349405727679	0.09178206208035794	0.05603300493306341	0.03674957440654969	4.085950595170677
UP000001686	0.5042016806722689	228.0	0.024893566151612707	0.009393652508664585	0.0067891544049852644	0.05027665762084263	0.08916992106338141	0.03268320759248936	0.015441684886747289	0.0658532068310159	0.027340766741061975	0.014000675558667824	0.030343962188817433	0.08101724256615798	0.06714893243812144	0.08248361799721958	0.04710304800358018	0.03427652570106678	0.07865751705452224	0.09675626102646251	0.08186622564694106	0.06450417401764164	4.05848180709285
UP000002698	0.6485275194478564	254.0	0.01719746468663444	0.00849643782671087	0.008696102523778818	0.09641102374649188	0.09947142324369027	0.027647934654405577	0.020015291710467994	0.023003081632465477	0.024224857030526833	0.026427116760574663	0.023480866214570614	0.042393499803421913	0.10785925492556775	0.08688966573187418	0.04493443512286989	0.05920103970557029	0.09014112682047122	0.07790747511603184	0.06621141753600515	0.04939048520787021	4.0143576067951
UP000001975	0.4861995753715499	246.0	0.020318697901398907	0.00863114179921708	0.008405632245070392	0.08664429949406935	0.08487289435896832	0.025044881298368234	0.023002844073032547	0.027667263966847523	0.03158061185449975	0.03472072951048696	0.02499324496460408	0.05807092771929411	0.09715712906881897	0.0791560672777943	0.04122942974741736	0.07301679789031994	0.08086542803400808	0.07464863184832599	0.060779943702228945	0.05919340324522919	4.079566410606719
UP000001013	0.4167680454176804	256.0	0.02266812404314238	0.01080331614613096	0.006427289352761439	0.04745381858580898	0.09756007768645791	0.03706247145023039	0.016739204138510565	0.08808009796692506	0.032017796333830464	0.01758461848894046	0.03556969640703189	0.08462597647802603	0.06815514884136323	0.07500938824188667	0.04431323859212997	0.04200857825168196	0.0837535437308299	0.09046555901331725	0.05896519651372132	0.04073685973727323	4.073225785681403
UP000000590	0.35273297491039424	257.0	0.029226717190842102	0.007105192358903883	0.015362979249424003	0.05861243547422931	0.08679048650836893	0.03337100673496152	0.016888555600968393	0.09571568634057728	0.0487913731113578	0.01951975325455968	0.03175719758430028	0.08618921781850125	0.06361348158852047	0.07049195484682992	0.03769687797838246	0.04823771115717186	0.07524030059046767	0.08351308352133963	0.0362397608199479	0.055636228270345804	4.108691738621093
UP000001974	0.357487922705314	267.0	0.021862557316821678	0.0097019217549887	0.006896321939974033	0.05462750019616517	0.07779334086310526	0.03555911262118088	0.014457175678742346	0.08759337465005478	0.04599533611994746	0.022076728432706767	0.04085391312926142	0.09303921071872959	0.05807119129306587	0.06810442171329896	0.03837369440998905	0.04532575213342788	0.07503575042369162	0.09367944279141342	0.050327562640720615	0.06062569117271449	4.098777220806794
UP000001018	0.3653846153846153	260.0	0.02216964486301455	0.009181705327302668	0.0057898402878854525	0.05495342811802121	0.07751710919453499	0.03371509513882065	0.015109423388671607	0.08751175603821541	0.04362555883982221	0.024404357973296507	0.03889117446515339	0.08950180460672975	0.058411124134220456	0.06918187049451352	0.038036155402230876	0.04592581798364595	0.0783855300513729	0.09472199959126983	0.051706411393045854	0.06126019270823214	4.095727495850135
UP000001137	0.456551724137931	255.0	0.02508690078828469	0.009877798045009559	0.009442349871331659	0.05037192797168389	0.0670967242214276	0.027951755902507352	0.016963672112778265	0.06096858119166993	0.03902436081359146	0.019851964851433968	0.035086619470009524	0.07539829218574225	0.07065369434972163	0.08478443321966596	0.0493889902250481	0.04524351364098745	0.09464308824520846	0.09343590599718288	0.068206471416938	0.05652295547977727	4.105412687630645
UP000000554	0.6792213697073032	280.5	0.01804638169984617	0.008599829213530134	0.007792231038655447	0.10042092237882601	0.0809689617186156	0.027052511178626722	0.023118569221797607	0.019218397679062586	0.02325862900932015	0.029724848837245004	0.023966737152461077	0.03755521748293898	0.12048098683498255	0.08473525253768892	0.04397464803733471	0.06662075952167179	0.09295486319820767	0.0773220199954288	0.0651163351844225	0.049071898079337525	4.006917384917998
UP000000365	0.5255255255255256	236.0	0.03097286201682607	0.00854031121787484	0.012946459043657411	0.05775330078726709	0.07356843502920465	0.0332092058004636	0.02053125323085066	0.05899349543112497	0.0336430003343296	0.025892918087314823	0.029037058140774438	0.06849560415957734	0.09052038367771803	0.08048240938901285	0.04407410610653273	0.057658813529927425	0.08096286651410915	0.08422351118180443	0.056597987516841336	0.05189601880478844	4.13552347863657
UP000008243	0.6624473474499089	320.5	0.019259879391096246	0.009199017572562232	0.006393013391793283	0.09224396748972498	0.0886790577388736	0.032607043199146625	0.019179040175379847	0.02298391427468914	0.026198173435441605	0.026451389981657775	0.026762475163040124	0.04385834300624638	0.10293594463196445	0.08470742744126136	0.043254856565750496	0.059060077317260526	0.09294088529297435	0.08492462597316201	0.061138356513646214	0.05722251144432893	4.034900989088366
UP000000805	0.3169014084507042	241.0	0.023115469349180726	0.008026981687517558	0.029459626228545716	0.05505964898724098	0.08861017407408193	0.04012115721789212	0.014110988257236468	0.10702885235309166	0.049774058765595555	0.014343179257862533	0.04161583318651958	0.10644100965802852	0.051449843607177484	0.06043875349742319	0.032185662005979866	0.03853582667173648	0.06739882894591863	0.09268738059042211	0.03698369676529086	0.04261302889325793	4.083279186778004
UP000001400	0.4150236966824644	197.5	0.03798134161335581	0.004881765723947733	0.01267594346786006	0.06834472013526909	0.06957335244834327	0.034287032416854775	0.014249478329361086	0.10122159258198299	0.030939839520696143	0.011940535081547942	0.02770731897375774	0.07596268322671167	0.06854262955651022	0.08266016827171059	0.02068751164986946	0.0526439060501397	0.11221464184371895	0.08284302417992669	0.052380026821818214	0.038262488106617844	4.031149260938129
UP000002408	0.5733333333333334	247.0	0.02631213645919082	0.008303978025184382	0.013442931298543808	0.054973923035099265	0.07100588226720905	0.029794625108201404	0.021604754690072964	0.059589250216402906	0.027527642763012155	0.025646006422249325	0.02532543134197124	0.07091120775751948	0.09803392777537254	0.08354781473639995	0.04482377228667469	0.05525548656430084	0.08169493981281035	0.08681886137737747	0.0645550210677698	0.05083240699463756	4.110672119416234
UP000000254	0.3780791166120616	213.5	0.022493714428784093	0.011216946066418841	0.007566623226469768	0.04860208933057054	0.07753577461766605	0.029007690421143352	0.019764020980973705	0.09034491786663658	0.03183047589567339	0.017999376250529567	0.04052223210826305	0.09128870251464784	0.06414323172916007	0.07192203591930701	0.05045315355976342	0.04154532288041906	0.07762368365918267	0.09376419256089842	0.06993043309905728	0.04244538288443527	4.089517612676631
UP000000663	0.5833333333333334	240.5	0.02874386731710947	0.008399271888936846	0.012211837091837334	0.06029820879082271	0.07380405274751685	0.02976636940244344	0.01782069155155122	0.07008331528606442	0.03192873902986275	0.02629070675727746	0.02878083518184807	0.07029372014058653	0.08769000112130161	0.08257512127759589	0.043436006746942035	0.053384593387038416	0.08431038894566226	0.07997836100127385	0.059230124577136674	0.05097378775719227	4.120957466049566
UP000002613	0.44870419146099566	193.5	0.023091848177038098	0.006722141422626235	0.01021765496239196	0.07732260000036975	0.08478220843794278	0.026536453520748484	0.01568164157329675	0.10044173387495732	0.021323207749055943	0.010329536592996187	0.03682726975749829	0.09814326477034381	0.06912662008401256	0.06191412352211318	0.03462801514660911	0.0371824288872071	0.09571048977929808	0.08131274811754365	0.06252231726987457	0.046183696354076195	4.018464921192869
UP000002487	0.4888517279821627	279.0	0.027986260027306326	0.007841111613409174	0.012008894079690463	0.0543369594036662	0.08464463582676035	0.03298380646075389	0.017202438743703814	0.07363087416560149	0.03465536267682351	0.02398822288054825	0.028213038676556078	0.07205229685308061	0.08233167194079656	0.08094868486718433	0.04214597492207437	0.05023267439922187	0.0783877447134856	0.08815855304800892	0.05057516990648933	0.05767562479483877	4.113291907757464
UP000007722	0.32	242.0	0.021902059854499067	0.005884605162056493	0.011814476517667247	0.04654187719081047	0.08885267463700187	0.027620227697051268	0.013810113848525584	0.10077965533443224	0.06473065678262152	0.021701607476254606	0.03353884791784804	0.11180749807907348	0.04331974723144671	0.07482501794522606	0.035511721324780185	0.052961446458508435	0.06457161339986318	0.08088780968422175	0.043804119708998134	0.055134223749113954	4.059982582824209
UP000002071	0.6346822576330773	165.5	0.023723094696583714	0.013921479341845101	0.007144406897040612	0.09326475088213541	0.10171896571030024	0.030927960313240563	0.026249060002146527	0.017125204395513224	0.0249600628260103	0.030392080133442825	0.021905657854354103	0.05271048921203957	0.08736230889890084	0.07955240378212744	0.04462125571910282	0.056417235585970955	0.09716393379975312	0.07737355789676076	0.06394854805919523	0.04951754399353666	4.056287476808122
UP000002376	0.4781145088308276	344.0	0.014656604882168715	0.006316156692096507	0.011985090932459313	0.055307683127232006	0.07660635104244129	0.030043056358845834	0.016924178578313867	0.08470351703434414	0.03838350454891804	0.01919175227445897	0.03142012540508783	0.07870867645303738	0.04947809083147425	0.08008574549927938	0.04178486509313575	0.0408943604432326	0.10429920956236752	0.10324804685706951	0.06599832915622392	0.04996465522781311	4.055001737184561
UP000001941	0.4956822107081174	253.0	0.028050697879845946	0.00796032046300542	0.01243780944315809	0.0595495731507539	0.07119568175607996	0.031029612154967034	0.022807309001386496	0.05204744874675383	0.029176618929744626	0.02956092962801071	0.028825439630992034	0.07862097011393454	0.0811940200449361	0.08155649334870807	0.04634361874710965	0.05695691962517109	0.07567425113837244	0.08596361411861397	0.06343282816010633	0.057615843918349785	4.134898700079287
UP000000391	0.3752751362325034	215.5	0.023433011845235514	0.010541086311841493	0.017061121080647043	0.05518374715848255	0.07676026259784914	0.01325080403930254	0.0211737583963552	0.07691515502742106	0.05300321615721037	0.024357454303531163	0.03336272295529172	0.09488826841019908	0.049714938020097285	0.08172235221663489	0.039494250417345333	0.04188505225298867	0.07737218410073472	0.09532770566993477	0.029291264806544457	0.08526164423235297	4.084880263054
UP000009079	0.40005596255596254	220.5	0.023618664177063733	0.010668829398326135	0.007344484006094135	0.04835970383336728	0.09392005271764454	0.03748514082558662	0.018207283703730353	0.09386790521852739	0.03287152841646454	0.021687750115431413	0.03118580901049196	0.08522248107972287	0.07176911709074979	0.07089937501590389	0.04206293413585584	0.04339866259643812	0.07696032589822227	0.08961856414733253	0.0589943293216782	0.04185705929136832	4.08654201283481
UP000000242	0.466973886328725	241.0	0.026233592336123296	0.010718220739748737	0.006676593390160524	0.051488982924119985	0.07870077700836998	0.03281698416529058	0.015267515401537713	0.07313342574592603	0.03375388880581198	0.02420636025788233	0.03266505368304386	0.07232976172674001	0.0656509821566874	0.07968289354934131	0.04258668213817401	0.05048235569197683	0.08702174457748411	0.09275877839765136	0.06328854151089754	0.06053686579303235	4.107111676278121
UP000002654	0.6197103190495261	271.0	0.02080415887884757	0.011305702663347074	0.010427127446329844	0.04769541464589717	0.07687877811076058	0.0257347073574319	0.01876623382164517	0.04699664721530537	0.022509560563624263	0.02320017876179373	0.04141327857575763	0.04033960708231292	0.11250276436214789	0.09281760206163617	0.04975977444945904	0.03447403974231883	0.09502235658554203	0.10422885567168956	0.07985333162553129	0.04526988037862204	4.04082380702701
UP000002593	0.5254515599343186	217.0	0.020691750266955307	0.01160398098065469	0.008301894485458343	0.04477188391569878	0.0813285371455196	0.023976706030311996	0.019880309080015906	0.0621728533964648	0.021867699754779975	0.022468776579016095	0.03834059608288775	0.06426099906850206	0.08622465716980628	0.07834649078351714	0.05324110171428911	0.04284066604566801	0.09676183631061683	0.09505272778882605	0.08449131359006756	0.04337521981094379	4.070911924054426
UP000001746	0.6574074074074074	201.0	0.021570084573778008	0.00634675327993878	0.011633893705911889	0.0934703664863717	0.0971905800778691	0.02532448353079028	0.022029023518630987	0.029674257704838437	0.021760296959790176	0.029730333436629064	0.02030517220679722	0.04338287052110077	0.08628033829511234	0.08321298744808671	0.04654285738621796	0.07375087988587128	0.08885454591914344	0.07051948088820904	0.07215256360351498	0.05626823057139781	4.048778546318098
UP000001059	0.44009706777436425	212.0	0.02716366644199116	0.009223571192782956	0.012357794413631582	0.0646801330800427	0.07308909002927008	0.02628206980927278	0.021597266872421535	0.0766864635793278	0.03798166833754882	0.02713139826150689	0.03264613602105783	0.08935734366378527	0.0617543001347592	0.09139139057037683	0.03907526894029918	0.05142495855352836	0.07330550817663613	0.08919911757207755	0.041997917856853154	0.05365493649283029	4.120270140137282
UP000000262	0.5682291666666667	227.0	0.021721459966546952	0.01155745821348963	0.008717910290347788	0.044495095452030634	0.09247671210646216	0.028992192471481222	0.019828972425104806	0.08200189880836464	0.0236367821370885	0.017435820580695576	0.032354073047645204	0.05606229730424086	0.08194285299802544	0.07843400758646016	0.05085154631838343	0.038560034250861894	0.10033143169308496	0.09767362522199656	0.06764474284349506	0.04528108628419448	4.059408139187937
UP000001879	0.5939420699399505	239.5	0.017651561998238335	0.00774240980768085	0.007902459622826744	0.11071509474546172	0.08721503098726162	0.026422165491780898	0.021574969128987303	0.007902459622826744	0.03630713088497495	0.026536654535912065	0.013775909342495299	0.06545945456813232	0.09467014154481905	0.08440253875752979	0.03497093403984188	0.07623245207371258	0.09592627474823226	0.07498897777145672	0.03932601649071013	0.0702773638371187	3.971830600442467
UP000000740	0.6783975637478822	234.0	0.016990977431641505	0.008629478167807998	0.008567121765882181	0.09769246709640347	0.09720144705259161	0.028169939670734168	0.02005546943092674	0.024328325916644845	0.02241835668385663	0.022910526973293672	0.025422943979849254	0.0425481215218311	0.11168881899480682	0.08771442129127181	0.0457597866488681	0.05636482334935048	0.08991301151783189	0.0765866187392961	0.07048859367621485	0.04654875009089681	4.008049570768129
UP000008680	0.3800838921544277	239.5	0.025157471901465493	0.005492053817512042	0.009412650829818006	0.06428928729144898	0.08942693125382936	0.03275793275345599	0.017939612918879123	0.08361276278301946	0.0486038267217282	0.024935971059635433	0.030539105069531225	0.09436240330473154	0.06391783570789883	0.07245859155316689	0.027720487827961333	0.04074359557065431	0.07122394413338097	0.09315526314269496	0.0378370823100709	0.06641319004911693	4.077705381542626
UP000000792	0.3537206931702344	263.0	0.026621218307400323	0.006811114382997032	0.009472200932633089	0.06000545312806392	0.07034043949151084	0.036860148425631185	0.01679518263187057	0.09428348150537606	0.042575397920197655	0.02921242295822307	0.02459569082748935	0.08017807876047729	0.07063086244564587	0.07728991262220923	0.03842496604747398	0.05657008890322563	0.06984044419859806	0.08228376567741917	0.04043787835761927	0.06677125247593843	4.109941761182834
UP000002457	0.5827326938034743	240.0	0.027164454422600917	0.009322899492565928	0.011322518603784762	0.05752053083149163	0.06743259407443086	0.028799078189586238	0.021775629529064686	0.044570001960073956	0.027280430729924456	0.03141846340830822	0.025857405717294783	0.07003002889018849	0.09794660671707824	0.08340780889889092	0.045220149217172545	0.05774137060163423	0.0810204083991652	0.09249222774317507	0.06606513122303374	0.05361226135053501	4.11138215414169
UP000000758	0.5903403403403403	253.0	0.029485384750054733	0.00782096624013043	0.011874395479840727	0.05887075018971806	0.06974489711092002	0.031238512778333016	0.021181783567020135	0.056013015357887136	0.02479818563943822	0.021056447569582148	0.022080840594482808	0.06112603373461045	0.0949316330766319	0.09988557005453699	0.0443538018316127	0.04776419523021808	0.0741657567181835	0.08531963171051479	0.07392874106244617	0.06435945730383802	4.090715476550366
UP000006565	0.4832214765100671	282.0	0.020417415612220366	0.008447513599469303	0.004119669407782669	0.06072129749449954	0.06591471052452352	0.040834831224440836	0.006179504111674004	0.04531636348560986	0.02471801644669622	0.03295735526226176	0.0350171899661531	0.09887206578678519	0.08651305756343707	0.07143682058176413	0.030897520558370327	0.06385487582063208	0.09475239637900251	0.1174105781218075	0.030897520558370327	0.06072129749449954	4.010376620555558
UP000001169	0.6380397865114023	271.0	0.01955879289318858	0.008956912616889053	0.00831948654761397	0.0963265992954848	0.09686259337579119	0.028409419844854917	0.02213183082179745	0.025050670700635578	0.024959399060925386	0.029408883771926964	0.024167696565048837	0.04435806670830221	0.10356475088354782	0.08610008300070325	0.043381588028494115	0.06126850785818111	0.08672581034809207	0.07744090587150818	0.06239614910710473	0.050611852699909816	4.039344436437355
UP000006681	0.4456594374582346	298.5	0.02173314090789817	0.007832589871424806	0.008770663867751207	0.06547494096037786	0.05317501967987404	0.033482025715035425	0.013900551036473361	0.046720020991865646	0.04898320650747834	0.02173314090789817	0.03469561794804513	0.09084885856730524	0.0584689057990029	0.06492390448701131	0.04820913146155864	0.03375754395171868	0.08704408291786933	0.10557596431382844	0.09636578325898718	0.05830490684859615	4.074441489150599
UP000009227	0.3814229249011858	223.0	0.02584940359384791	0.011280860550892235	0.00916441494662646	0.056044712481892064	0.08647632354905332	0.014804845222072626	0.012924701796923906	0.08682563981383502	0.02584940359384791	0.01080825619265813	0.040417946636803585	0.09140784728714829	0.07531875109161336	0.09881540690207848	0.03395559573834155	0.05498648967975921	0.11232572714290127	0.08271603669875588	0.04147616943893644	0.02855146764201249	3.991853645743834
UP000000346	0.6142378073082135	418.5	0.016970823798627004	0.009259153318077801	0.018009153318077804	0.04548913043478261	0.07089244851258582	0.020614988558352403	0.015403318077803204	0.03372997711670481	0.021335812356979404	0.022797482837528606	0.03152745995423341	0.03341247139588101	0.08171910755148741	0.10169908466819222	0.065045766590389	0.03131578947368421	0.09618993135011443	0.11835240274599543	0.09326659038901601	0.0729691075514874	4.004821483920221
UP000005877	0.619622268112201	390.5	0.02615844879712784	0.013578167331039077	0.006703715762528104	0.06647662946066069	0.07992769996419222	0.030632454726366668	0.021388750830890067	0.03926758853994374	0.027791348032975165	0.024477399452388204	0.02633547472314931	0.06427222049038056	0.06926418880848366	0.08045212988797852	0.044698671038333325	0.036774857632525276	0.061689943232714685	0.12507570166606716	0.08122680749837195	0.07380780212388381	4.074601363671924
UP000001304	0.3371911616728621	382.5	0.014904906239630755	0.009145494974763134	0.013527028989208476	0.06639179237831425	0.06869985908631672	0.03209618622295233	0.009316196223248646	0.08418228260285353	0.04106308320449088	0.018118761856242116	0.035951691124231404	0.11576621239586948	0.044279949662485774	0.06636075910690829	0.03692357792871719	0.04400365744024035	0.07893947927559837	0.09440988326469173	0.06672588020240713	0.059193317820829594	4.056304898011608
UP000002315	0.31631482276608935	300.5	0.026941088924775113	0.009163255313378747	0.008511236181055233	0.05594267653732489	0.08659790807571303	0.03472512170374196	0.014740293131651027	0.09793153133277935	0.043062813353531466	0.010663848112485289	0.03512827309843073	0.10262325187933695	0.0626127833440705	0.07751845820946153	0.041512944838813653	0.043182563644315365	0.08014353153152219	0.07977007200980629	0.03936699691966522	0.04986135185814135	4.062580960611642
UP000012076	0.5887445887445888	307.0	0.03583061889250814	0.022801302931596025	0.00977198697068401	0.08794788273615639	0.06514657980456028	0.03908794788273614	0.03908794788273614	0.04234527687296415	0.05211726384364825	0.02931596091205213	0.048859934853420155	0.06840390879478828	0.04560260586319215	0.048859934853420155	0.05863192182410426	0.05211726384364825	0.07491856677524439	0.08794788273615639	0.04560260586319215	0.04560260586319215	4.207399035498597
UP000006663	0.582010582010582	188.0	0.03191489361702123	0.0	0.005319148936170205	0.11702127659574471	0.08510638297872349	0.01063829787234041	0.02127659574468082	0.04787234042553195	0.02659574468085103	0.02127659574468082	0.02127659574468082	0.0957446808510639	0.053191489361702156	0.06914893617021277	0.03723404255319143	0.058510638297872355	0.12234042553191493	0.09042553191489369	0.03191489361702123	0.053191489361702156	3.9370198893605326
UP000014070	0.3932461873638344	305.0	0.03278688524590163	0.016393442622950814	0.006557377049180305	0.06229508196721315	0.06885245901639346	0.03606557377049183	0.03934426229508193	0.06557377049180325	0.049180327868852444	0.026229508196721322	0.06885245901639346	0.07868852459016396	0.04590163934426224	0.03606557377049183	0.06557377049180325	0.049180327868852444	0.03934426229508193	0.10819672131147548	0.03934426229508193	0.06557377049180325	4.162460514424447
UP000001901	0.4552469135802469	299.0	0.02719527360368848	0.010813014371679327	0.025547445086409295	0.0543765578691035	0.08409779508473007	0.030449201668609125	0.02167024083483167	0.07529061858798951	0.030250694968388607	0.01762261053201313	0.03784555030087765	0.07529061858798951	0.0675182477283676	0.07684798516363267	0.05099113800691596	0.04079291040553277	0.08554775706894956	0.08902978256390008	0.06050138993677732	0.038321167629613996	4.138743664691719
UP000006794	0.6772727272727272	239.0	0.01675685164984665	0.004571789434147677	0.0037858596421739233	0.08797347116169518	0.1005793675512489	0.02706005097509028	0.020295038231317657	0.009143578868295353	0.022858947170738386	0.018287157736590707	0.03200252603903374	0.02706005097509028	0.1340548131987737	0.0822922098146582	0.03770291621215504	0.08378425824923355	0.09600757811710121	0.08686399924880586	0.05027055494954015	0.05864898077446343	3.9043949923113406
UP000011511	0.5153769841269841	671.0	0.0059612518628912045	0.014903129657228013	0.017883755588673615	0.07302533532041726	0.08643815201192256	0.05067064083457524	0.0059612518628912045	0.02831594634873322	0.03874813710879283	0.03427719821162443	0.049180327868852444	0.049180327868852444	0.07004470938897166	0.08792846497764537	0.029806259314456025	0.06855439642324886	0.08494783904619976	0.05365126676602084	0.03725782414307003	0.11326378539493298	4.057553167264102
UP000007807	0.5368421052631579	189.0	0.026455026455026426	0.0	0.005291005291005204	0.058201058201058246	0.07936507936507937	0.010582010582010509	0.005291005291005204	0.05291005291005295	0.037037037037037035	0.015873015873015813	0.03174603174603173	0.1058201058201059	0.04232804232804233	0.08994708994708998	0.04232804232804233	0.047619047619047644	0.126984126984127	0.09523809523809529	0.07407407407407407	0.05291005291005295	3.924798348896864
UP000007490	0.3979057591623036	190.0	0.026315789473684223	0.0	0.005263157894736805	0.05789473684210525	0.08947368421052639	0.031578947368421026	0.021052631578947316	0.10000000000000009	0.031578947368421026	0.015789473684210513	0.031578947368421026	0.12105263157894741	0.052631578947368446	0.1105263157894737	0.026315789473684223	0.036842105263157836	0.1315789473684211	0.06315789473684215	0.015789473684210513	0.031578947368421026	3.889399261719544
UP000058290	0.5703971119133574	276.0	0.04347826086956522	0.025362318840579712	0.025362318840579712	0.08333333333333334	0.07971014492753624	0.05434782608695652	0.02173913043478261	0.05797101449275363	0.04347826086956522	0.014492753623188408	0.036231884057971016	0.06521739130434782	0.03260869565217391	0.06884057971014493	0.025362318840579712	0.04347826086956522	0.08333333333333334	0.05797101449275363	0.08695652173913045	0.050724637681159424	4.176721809728795
UP000006622	0.42152437794037995	341.0	0.018938870890647372	0.014127144298688141	0.014902543948165032	0.08799192734611508	0.0644219023846195	0.014721971427053993	0.013712889691433382	0.05479844920070105	0.03870625099580432	0.019353125497902135	0.04714004992299113	0.08964894577513417	0.05580753093632161	0.0775399649476871	0.030814169631950675	0.04411280471612934	0.09981411652238575	0.09422699028094964	0.04268946837325398	0.07653088321206654	4.067144594952815
UP000012672	0.5698924731182796	309.0	0.03883495145631063	0.022653721682847818	0.009708737864077607	0.08090614886731397	0.06472491909385115	0.03559870550161813	0.03559870550161813	0.04530744336569573	0.061488673139158546	0.029126213592233025	0.05177993527508094	0.07119741100323626	0.04530744336569573	0.04530744336569573	0.05825242718446605	0.03559870550161813	0.07443365695792886	0.07766990291262135	0.05177993527508094	0.06472491909385115	4.210114422540156
