	M	W	C	D	E	F	H	K	N	Q	Y	I	A	G	P	T	V	L	R	S
Start	3889.0	168.0	118.0	776.0	866.0	663.0	375.0	1245.0	790.0	658.0	382.0	1220.0	1210.0	619.0	796.0	1384.0	932.0	1713.0	1148.0	1451.0
M	1168.0	622.0	449.0	2736.0	3044.0	1896.0	1107.0	1940.0	1546.0	1739.0	1300.0	2704.0	4863.0	4045.0	2355.0	2736.0	3661.0	5030.0	2920.0	2946.0
W	622.0	510.0	273.0	1560.0	1697.0	1173.0	641.0	1045.0	891.0	1008.0	834.0	1456.0	2722.0	2383.0	1528.0	1480.0	1928.0	2965.0	1696.0	1627.0
C	449.0	273.0	400.0	1184.0	1289.0	740.0	504.0	764.0	637.0	684.0	562.0	1004.0	2071.0	1692.0	1064.0	1099.0	1420.0	1977.0	1260.0	1193.0
D	2736.0	1560.0	1184.0	6868.0	7713.0	4891.0	2632.0	4896.0	3855.0	4365.0	3613.0	7330.0	11470.0	8842.0	5340.0	6549.0	9163.0	12909.0	7147.0	6806.0
E	3044.0	1697.0	1289.0	7713.0	8912.0	5236.0	2901.0	5411.0	3944.0	4840.0	3845.0	7829.0	13381.0	9954.0	6087.0	7060.0	10178.0	14750.0	8434.0	7244.0
F	1896.0	1173.0	740.0	4891.0	5236.0	3476.0	1843.0	3410.0	2767.0	2957.0	2341.0	4480.0	8178.0	7074.0	4156.0	4605.0	6035.0	8508.0	4863.0	4921.0
H	1107.0	641.0	504.0	2632.0	2901.0	1843.0	1238.0	1754.0	1442.0	1651.0	1323.0	2634.0	4539.0	3575.0	2222.0	2512.0	3457.0	4959.0	2844.0	2574.0
K	1940.0	1045.0	764.0	4896.0	5411.0	3410.0	1754.0	4452.0	2905.0	3035.0	2569.0	5079.0	8651.0	6522.0	3789.0	4630.0	6555.0	9107.0	5015.0	4868.0
N	1546.0	891.0	637.0	3855.0	3944.0	2767.0	1442.0	2905.0	2532.0	2352.0	2108.0	4157.0	6926.0	5364.0	2986.0	4038.0	5467.0	7077.0	3928.0	3967.0
Q	1739.0	1008.0	684.0	4365.0	4840.0	2957.0	1651.0	3035.0	2352.0	3218.0	2170.0	4156.0	8357.0	5903.0	3627.0	4229.0	5703.0	8440.0	4879.0	4444.0
Y	1300.0	834.0	562.0	3613.0	3845.0	2341.0	1323.0	2569.0	2108.0	2170.0	1870.0	3116.0	5672.0	4913.0	2956.0	3236.0	4241.0	5839.0	3538.0	3443.0
I	2704.0	1456.0	1004.0	7330.0	7829.0	4480.0	2634.0	5079.0	4157.0	4156.0	3116.0	6488.0	12232.0	10640.0	5940.0	6755.0	8693.0	12025.0	7139.0	7066.0
A	4863.0	2722.0	2071.0	11470.0	13381.0	8178.0	4539.0	8651.0	6926.0	8357.0	5672.0	12232.0	23510.0	16433.0	10125.0	11567.0	15695.0	22533.0	12537.0	12589.0
G	4045.0	2383.0	1692.0	8842.0	9954.0	7074.0	3575.0	6522.0	5364.0	5903.0	4913.0	10640.0	16433.0	13998.0	7399.0	9361.0	13684.0	18219.0	9363.0	9985.0
P	2355.0	1528.0	1064.0	5340.0	6087.0	4156.0	2222.0	3789.0	2986.0	3627.0	2956.0	5940.0	10125.0	7399.0	5330.0	5518.0	7605.0	11063.0	5868.0	5840.0
T	2736.0	1480.0	1099.0	6549.0	7060.0	4605.0	2512.0	4630.0	4038.0	4229.0	3236.0	6755.0	11567.0	9361.0	5518.0	7078.0	8554.0	12331.0	6573.0	7196.0
V	3661.0	1928.0	1420.0	9163.0	10178.0	6035.0	3457.0	6555.0	5467.0	5703.0	4241.0	8693.0	15695.0	13684.0	7605.0	8554.0	11352.0	16007.0	9191.0	9501.0
L	5030.0	2965.0	1977.0	12909.0	14750.0	8508.0	4959.0	9107.0	7077.0	8440.0	5839.0	12025.0	22533.0	18219.0	11063.0	12331.0	16007.0	23806.0	13815.0	13545.0
R	2920.0	1696.0	1260.0	7147.0	8434.0	4863.0	2844.0	5015.0	3928.0	4879.0	3538.0	7139.0	12537.0	9363.0	5868.0	6573.0	9191.0	13815.0	8448.0	7302.0
S	2946.0	1627.0	1193.0	6806.0	7244.0	4921.0	2574.0	4868.0	3967.0	4444.0	3443.0	7066.0	12589.0	9985.0	5840.0	7196.0	9501.0	13545.0	7302.0	7806.0
End	333.0	272.0	184.0	962.0	1495.0	704.0	444.0	1380.0	657.0	837.0	470.0	901.0	1895.0	1502.0	983.0	950.0	1299.0	1980.0	1628.0	1360.0
