	AAA	AAC	AAG	AAT	ACA	ACC	ACG	ACT	AGA	AGC	AGG	AGT	ATA	ATC	ATG	ATT	CAA	CAC	CAG	CAT	CCA	CCC	CCG	CCT	CGA	CGC	CGG	CGT	CTA	CTC	CTG	CTT	GAA	GAC	GAG	GAT	GCA	GCC	GCG	GCT	GGA	GGC	GGG	GGT	GTA	GTC	GTG	GTT	TAA	TAC	TAG	TAT	TCA	TCC	TCG	TCT	TGA	TGC	TGG	TGT	TTA	TTC	TTG	TTT
AAA	16043.0	7467.5	13950.5	9646.5	7043.0	4473.0	2515.0	6140.5	6276.5	4947.5	3567.5	5723.0	4841.5	6190.5	8491.0	8292.5	7842.0	3774.5	7248.0	5119.0	6573.0	3386.5	2264.5	5606.0	3037.0	2608.0	2106.0	2395.5	3380.5	4706.0	6288.0	5960.0	16861.0	7819.5	12112.0	12000.5	7463.0	5426.0	2723.5	7720.0	6940.5	4709.5	3050.0	5253.5	3984.5	4615.0	6655.0	6418.5	209.5	4821.5	112.0	5542.0	6565.0	4498.0	2381.0	6611.5	200.5	3297.5	4215.0	4067.0	4524.0	6166.0	6687.0	8067.5
AAC	7467.5	7976.0	9504.5	6394.5	4437.0	5331.5	2872.0	4083.0	3239.0	5039.0	2577.5	3576.0	2742.5	6897.5	6543.5	5340.5	4922.0	4166.0	6913.0	3475.0	4371.5	4247.0	2704.0	3992.0	2192.5	3305.5	2177.5	2012.5	2323.0	6099.0	5999.5	4055.0	8526.0	8054.0	10150.5	7613.5	4907.5	6643.5	3000.5	5570.5	4686.5	5947.0	2965.5	4002.5	2416.5	5373.5	5974.0	4010.0	108.0	5207.0	82.0	3762.0	3886.5	4628.0	2745.5	4192.5	124.5	3230.0	3784.0	2522.0	2562.0	6804.0	4707.5	4872.0
AAG	13950.5	9504.5	19975.0	8455.5	6137.0	6654.5	4279.0	5312.5	5155.5	6920.5	4457.5	4756.5	3917.5	9231.0	9008.0	7339.0	7338.5	5406.5	10558.0	4459.5	5884.5	5512.5	3897.0	5468.0	3439.5	4765.5	3535.0	3124.0	3050.0	7712.5	9100.0	5493.5	14297.0	11859.5	18930.5	11331.5	7265.5	9228.0	4862.5	8162.5	6206.0	7901.5	4442.0	5785.0	3384.5	7413.5	9068.5	5927.0	212.5	6786.0	173.0	4880.0	4752.0	5773.0	3881.0	5441.0	246.0	4100.5	5302.5	3302.0	3720.0	8618.0	6841.0	6497.0
AAT	9646.5	6394.5	8455.5	8034.0	5511.5	3814.5	2087.5	4877.5	4308.0	3908.0	2523.0	4520.0	3586.5	5274.5	6444.0	6596.5	5656.0	3227.0	6104.5	4068.0	5051.5	2715.5	1923.5	4342.0	2077.0	1925.0	1645.0	1754.5	2637.5	3887.0	5038.0	4553.5	10601.5	6166.5	7861.0	8834.5	5429.0	4303.5	2298.5	5787.5	5355.5	3935.5	2514.5	4038.0	2957.0	3830.5	5093.5	4901.5	125.0	4010.5	74.0	4611.5	4787.5	3780.0	2087.0	5090.5	126.0	2605.0	3373.5	3321.5	3606.0	5310.0	5191.5	6218.0
ACA	7043.0	4437.0	6137.0	5511.5	4838.0	3421.5	1980.5	4027.5	3076.0	3151.0	1806.0	3340.5	2768.0	4060.5	4759.0	4832.5	4414.5	2451.0	4262.5	3053.5	4403.0	2558.0	1863.0	3781.0	1788.5	1789.0	1340.0	1488.0	2064.0	3529.5	3763.0	3619.0	8117.0	4790.5	6206.5	6747.5	4769.0	3992.5	2009.5	4872.0	4143.5	3531.5	1913.5	3399.5	2475.0	3312.0	4091.5	3952.5	94.0	3066.5	59.0	3342.0	4086.0	3024.0	1990.0	4050.0	101.5	1951.0	2612.5	2344.0	2666.0	4087.0	3970.5	4537.5
ACC	4473.0	5331.5	6654.5	3814.5	3421.5	5134.0	2510.5	3356.5	1986.0	3689.0	1792.5	2257.5	1902.5	5393.5	4558.5	3749.5	3736.0	3152.0	4823.0	2338.5	3414.0	3939.0	2476.0	3275.5	1708.0	2894.5	1639.0	1649.0	1758.0	5201.0	4437.0	3143.0	5404.0	5903.5	6985.5	5418.0	3884.5	5954.0	2691.5	4662.5	3290.0	4846.5	2234.5	3343.0	1705.0	4468.0	3998.5	3188.0	79.0	3784.5	55.0	2496.5	2830.5	4220.0	2343.0	3389.0	90.0	2183.0	2825.5	1585.0	1666.5	5170.0	3265.5	3266.0
ACG	2515.0	2872.0	4279.0	2087.5	1980.5	2510.5	1918.0	1725.5	1265.5	2494.0	1431.5	1481.5	1062.5	2971.0	3040.5	2119.0	2021.0	1921.5	3449.0	1447.5	2005.5	2136.5	1854.0	1982.5	1072.5	1712.0	1337.0	992.0	962.0	2708.0	3587.5	1787.0	3214.0	3585.0	4908.0	3257.0	2319.5	3318.0	2099.5	2632.5	2080.0	2980.5	1896.5	1928.5	971.5	2299.5	3194.0	1854.0	41.0	2191.0	42.0	1420.0	1730.5	2217.5	1651.0	1847.5	65.0	1469.0	1928.5	1045.0	833.0	2935.0	2144.0	2063.5
ACT	6140.5	4083.0	5312.5	4877.5	4027.5	3356.5	1725.5	4074.0	2725.0	2873.0	1633.5	3016.0	2355.0	3942.5	4234.0	4383.0	3838.5	2170.0	4000.5	2698.0	3729.5	2422.0	1684.0	3564.5	1580.5	1683.0	1240.0	1417.0	1738.5	3398.5	3519.0	3320.5	7002.5	4331.5	5374.0	5978.0	3937.5	3924.5	1828.5	4766.0	3685.5	3355.0	1803.0	3259.0	2068.5	3235.0	3582.0	3698.0	75.0	2711.5	54.0	3057.0	3570.5	2928.0	1887.0	3942.0	85.0	1753.5	2352.0	2014.0	2383.0	3916.5	3582.5	4033.0
AGA	6276.5	3239.0	5155.5	4308.0	3076.0	1986.0	1265.5	2725.0	3675.0	2276.5	2034.5	2571.5	2138.0	2803.0	3521.5	3642.5	3516.0	1815.5	3200.0	2357.5	3006.5	1598.0	1232.0	2655.0	1657.5	1313.0	1083.5	1293.0	1493.0	2148.5	2658.0	2587.5	7261.0	3593.5	5200.5	5535.0	3286.0	2473.5	1434.0	3522.0	3258.5	2273.5	1488.5	2672.0	1792.5	2233.0	2765.0	2827.5	96.0	2284.5	63.0	2676.0	2797.5	1955.0	1274.0	2998.5	107.0	1453.5	2050.5	1769.0	2232.0	2770.5	3108.5	3475.5
AGC	4947.5	5039.0	6920.5	3908.0	3151.0	3689.0	2494.0	2873.0	2276.5	4430.0	2107.5	3021.0	1879.5	4514.5	4607.0	3421.0	3474.5	2763.0	4773.0	2272.0	3296.0	3089.0	2411.5	3095.0	1762.5	2648.0	1750.0	1656.0	1577.5	4164.5	4192.5	2764.0	5840.5	5983.0	7517.0	5368.5	3898.5	4954.0	2929.0	4257.0	3475.0	4746.0	2433.0	3182.0	1661.5	3827.5	4148.0	2829.0	79.0	3290.0	69.0	2291.0	2890.0	3603.0	2587.5	3206.5	106.0	1993.5	2734.5	1647.0	1610.5	4411.5	3103.5	3254.5
AGG	3567.5	2577.5	4457.5	2523.0	1806.0	1792.5	1431.5	1633.5	2034.5	2107.5	2177.0	1707.0	1309.0	2406.5	2747.0	2162.5	2146.0	1536.0	3109.0	1492.0	1860.5	1601.0	1413.0	1820.0	1174.5	1373.5	1311.5	956.0	918.5	2128.0	2803.0	1667.5	4474.5	3445.0	5354.0	3581.0	2185.5	2621.0	1801.5	2498.0	2170.0	2406.5	1876.5	1725.0	1054.5	2047.0	2569.0	1817.5	66.0	1852.5	67.0	1620.0	1614.0	1611.0	1305.5	1727.0	109.0	1156.0	1651.0	1025.0	1143.5	2339.5	2045.0	2055.5
AGT	5723.0	3576.0	4756.5	4520.0	3340.5	2257.5	1481.5	3016.0	2571.5	3021.0	1707.0	3453.0	2066.0	2978.0	3824.0	3747.0	3579.5	1795.0	3464.0	2397.5	3058.5	1797.5	1465.0	2824.5	1492.5	1416.0	1121.0	1246.0	1453.5	2307.5	3033.0	2668.0	6715.0	3637.5	5160.0	5654.5	3422.0	2831.0	1650.0	3739.0	3347.0	2785.0	1816.0	2983.5	1902.0	2385.5	3294.5	3037.5	73.0	2226.0	55.0	2608.5	3301.5	2392.5	1608.5	3327.5	90.0	1496.5	1953.0	1850.0	2149.0	2874.0	3239.0	3526.0
ATA	4841.5	2742.5	3917.5	3586.5	2768.0	1902.5	1062.5	2355.0	2138.0	1879.5	1309.0	2066.0	2088.0	2782.5	3326.0	3532.0	2628.5	1535.0	2874.0	2000.0	2678.5	1427.5	965.0	2250.5	1009.5	866.0	837.0	826.5	1474.5	2195.5	2989.5	2581.5	5107.0	2941.0	3642.0	4227.0	2747.5	2185.5	1112.5	2781.5	2870.0	2023.0	1301.5	1925.0	1563.0	1904.5	2692.5	2502.5	62.5	1939.0	39.0	2306.0	2352.5	1842.0	1028.5	2513.5	75.0	1282.0	1754.0	1605.5	2018.0	2711.5	2680.0	3352.5
ATC	6190.5	6897.5	9231.0	5274.5	4060.5	5393.5	2971.0	3942.5	2803.0	4514.5	2406.5	2978.0	2782.5	8171.0	6503.0	5662.0	4286.0	4161.5	6218.5	3291.0	4074.5	4510.5	2745.0	4036.5	2187.5	3486.0	2185.0	1934.0	2494.5	6956.5	6575.5	4585.5	7464.5	7792.0	9246.0	7139.0	4911.5	7190.0	2990.0	5731.0	4723.0	6510.0	3189.5	4218.0	2396.0	5969.0	5753.0	4119.5	98.0	5401.0	76.5	3572.0	3486.5	4735.0	2570.0	3966.0	118.0	3047.5	4079.0	2224.0	2513.0	7573.0	4853.5	4798.5
ATG	8491.0	6543.5	9008.0	6444.0	4759.0	4558.5	3040.5	4234.0	3521.5	4607.0	2747.0	3824.0	3326.0	6503.0	8193.0	6138.0	5263.0	3857.0	6924.5	3777.0	4633.0	3950.5	2897.5	4154.0	2438.0	3133.5	2303.5	2095.5	2613.5	5877.5	6740.0	4530.0	9305.5	7360.0	9669.5	8132.0	5240.0	6403.0	3339.5	5889.5	5035.0	5829.0	3248.5	4469.5	2812.0	5285.5	6708.0	4685.5	117.0	4982.0	90.0	4394.0	4045.5	4066.0	2882.0	4199.0	143.5	3158.5	3877.5	2874.5	3193.0	6724.0	5512.0	5972.0
ATT	8292.5	5340.5	7339.0	6596.5	4832.5	3749.5	2119.0	4383.0	3642.5	3421.0	2162.5	3747.0	3532.0	5662.0	6138.0	6705.0	4672.0	2844.0	5202.0	3652.0	4490.5	2817.5	1926.0	3976.5	1981.0	1892.0	1594.0	1726.5	2499.0	4479.0	5243.5	4684.5	8913.0	5705.5	7055.0	7775.5	4717.0	4796.5	2295.0	5677.5	5043.0	4417.5	2439.0	4067.0	2775.5	4180.5	5001.0	4761.5	118.0	3831.5	74.0	4394.0	4057.0	3231.0	2046.0	4367.5	111.0	2349.5	3327.5	2940.5	3523.0	5390.5	5103.0	6007.5
CAA	7842.0	4922.0	7338.5	5656.0	4414.5	3736.0	2021.0	3838.5	3516.0	3474.5	2146.0	3579.5	2628.5	4286.0	5263.0	4672.0	6381.0	3031.0	6826.5	3410.5	4693.5	3149.0	2253.5	4184.5	2112.5	2115.5	1685.0	1863.0	2185.0	3905.0	4361.0	3865.5	10003.0	5534.0	7789.0	6880.0	4699.0	4864.5	2414.0	5191.5	4368.5	3876.5	2004.0	3461.0	2303.0	3423.5	4180.0	3649.5	105.5	3166.5	66.0	3273.0	3976.5	3530.5	2264.5	4264.0	112.5	2030.0	2794.0	2318.0	2804.0	4171.5	3982.5	4533.0
CAC	3774.5	4166.0	5406.5	3227.0	2451.0	3152.0	1921.5	2170.0	1815.5	2763.0	1536.0	1795.0	1535.0	4161.5	3857.0	2844.0	3031.0	3276.0	4050.5	2420.0	2606.5	2846.0	1976.0	2497.0	1501.0	2460.5	1465.5	1484.5	1469.0	4094.5	3894.5	2606.0	4437.5	4899.5	5821.0	4177.5	2973.0	4275.5	2175.0	3286.0	2567.5	3658.5	1897.0	2408.5	1358.0	3400.5	3341.0	2367.0	62.0	3175.5	49.0	2054.5	2139.5	2874.0	1841.0	2349.5	84.5	1912.5	2358.5	1410.0	1344.0	4014.5	2777.5	2756.5
CAG	7248.0	6913.0	10558.0	6104.5	4262.5	4823.0	3449.0	4000.5	3200.0	4773.0	3109.0	3464.0	2874.0	6218.5	6924.5	5202.0	6826.5	4050.5	9923.0	3753.5	4718.0	4365.5	3624.5	4544.5	2626.5	3983.0	2739.0	2652.5	2371.0	5870.5	6485.5	4380.5	9494.0	8177.5	12446.5	8256.5	5802.0	7183.0	4330.5	6641.5	4788.5	6226.0	3431.5	4393.5	2485.0	5392.0	5848.0	4320.5	116.0	4813.0	102.0	3630.0	3879.0	4514.5	3431.5	4192.0	146.0	2669.5	3938.5	2253.0	2695.0	6189.0	4927.5	4638.0
CAT	5119.0	3475.0	4459.5	4068.0	3053.5	2338.5	1447.5	2698.0	2357.5	2272.0	1492.0	2397.5	2000.0	3291.0	3777.0	3652.0	3410.5	2420.0	3753.5	3004.0	3068.0	1991.0	1547.0	2659.5	1507.5	1546.5	1261.0	1342.5	1602.5	2875.5	3376.5	2907.5	5849.5	3790.5	4603.0	5163.0	3179.0	3010.5	1650.0	3552.5	2978.5	2733.5	1571.0	2480.5	1716.0	2570.0	2992.5	2845.0	69.0	2485.5	49.0	2704.5	2747.0	2221.0	1529.0	2833.5	82.5	1547.5	2130.0	1853.0	2092.0	3185.5	3125.5	3426.5
CCA	6573.0	4371.5	5884.5	5051.5	4403.0	3414.0	2005.5	3729.5	3006.5	3296.0	1860.5	3058.5	2678.5	4074.5	4633.0	4490.5	4693.5	2606.5	4718.0	3068.0	6015.0	3432.0	2801.0	4979.0	2006.0	2086.0	1468.0	1684.0	1987.0	3609.5	3852.0	3464.5	7633.5	4755.0	5914.5	6279.0	4668.0	4126.0	2210.5	4738.5	4293.5	3607.5	2025.0	3776.0	2370.5	3350.0	4219.5	3869.5	95.5	3118.5	62.0	3278.0	4190.5	3342.5	2219.5	4100.5	102.0	1976.5	2503.5	2169.0	2513.0	4039.5	3762.0	4180.0
CCC	3386.5	4247.0	5512.5	2715.5	2558.0	3939.0	2136.5	2422.0	1598.0	3089.0	1601.0	1797.5	1427.5	4510.5	3950.5	2817.5	3149.0	2846.0	4365.5	1991.0	3432.0	4399.0	2733.0	3539.0	1523.0	2839.5	1500.5	1533.5	1392.5	4361.5	3681.5	2563.5	4282.0	5049.0	5911.0	4068.0	3173.5	5255.0	2516.5	3818.5	2672.0	4336.5	1840.5	2761.0	1342.0	3751.0	3208.5	2574.5	65.0	3263.5	49.0	1855.0	2361.5	3754.5	2293.0	2866.0	74.0	1673.5	2401.0	1193.5	1121.5	4270.0	2485.0	2546.5
CCG	2264.5	2704.0	3897.0	1923.5	1863.0	2476.0	1854.0	1684.0	1232.0	2411.5	1413.0	1465.0	965.0	2745.0	2897.5	1926.0	2253.5	1976.0	3624.5	1547.0	2801.0	2733.0	2841.0	2695.5	1246.0	1996.0	1468.0	1116.5	967.5	2784.0	3344.0	1752.0	3136.5	3570.5	4765.0	3066.0	2393.5	3444.5	2503.0	2812.5	2148.0	3112.5	1841.5	1968.0	965.0	2427.5	3007.5	1832.5	41.0	2167.5	43.0	1392.5	1773.0	2478.5	1999.0	1968.5	72.0	1362.0	1839.0	981.5	745.5	2937.5	2010.5	1936.5
CCT	5606.0	3992.0	5468.0	4342.0	3781.0	3275.5	1982.5	3564.5	2655.0	3095.0	1820.0	2824.5	2250.5	4036.5	4154.0	3976.5	4184.5	2497.0	4544.5	2659.5	4979.0	3539.0	2695.5	5063.0	1856.5	2117.5	1462.5	1706.0	1709.5	3570.0	3533.5	3236.5	6522.5	4661.0	5855.5	5691.0	4004.0	4304.0	2240.5	4695.0	3986.5	3827.5	2032.0	3505.5	2019.5	3549.5	3444.0	3576.0	81.5	2972.5	57.0	2842.5	3447.0	3315.5	2142.5	4052.0	91.5	1754.5	2326.5	1948.0	2109.5	3949.0	3277.5	3700.0
CGA	3037.0	2192.5	3439.5	2077.0	1788.5	1708.0	1072.5	1580.5	1657.5	1762.5	1174.5	1492.5	1009.5	2187.5	2438.0	1981.0	2112.5	1501.0	2626.5	1507.5	2006.0	1523.0	1246.0	1856.5	1330.0	1460.5	1151.5	1108.0	1025.5	2136.5	2298.5	1789.5	3868.0	2962.5	3955.5	3053.5	2188.0	2472.5	1345.5	2397.0	2112.0	2172.0	1264.5	1659.5	997.0	1760.5	2101.5	1565.0	44.5	1597.5	38.0	1437.5	1635.5	1716.0	1209.0	1877.0	62.0	1079.5	1544.0	1034.0	967.5	2211.5	1811.0	1992.0
CGC	2608.0	3305.5	4765.5	1925.0	1789.0	2894.5	1712.0	1683.0	1313.0	2648.0	1373.5	1416.0	866.0	3486.0	3133.5	1892.0	2115.5	2460.5	3983.0	1546.5	2086.0	2839.5	1996.0	2117.5	1460.5	3172.0	1687.0	1403.5	1032.0	3788.0	3566.5	1914.5	3567.0	4569.0	5888.5	3072.5	2398.0	4462.0	2325.5	2938.5	2104.5	3657.0	1555.0	1947.0	894.5	2968.5	2876.5	1716.0	45.0	2580.5	43.0	1390.5	1580.0	2845.5	1730.0	1980.5	66.0	1564.5	2124.0	894.0	716.0	3450.0	1937.0	2021.5
CGG	2106.0	2177.5	3535.0	1645.0	1340.0	1639.0	1337.0	1240.0	1083.5	1750.0	1311.5	1121.0	837.0	2185.0	2303.5	1594.0	1685.0	1465.5	2739.0	1261.0	1468.0	1500.5	1468.0	1462.5	1151.5	1687.0	1411.0	1033.0	823.5	2050.5	2456.5	1499.5	2882.0	2987.0	4460.5	2742.0	1879.5	2460.0	1879.5	2074.0	1632.0	2213.0	1518.0	1526.5	770.0	1817.0	2302.5	1448.5	37.0	1613.5	40.5	1143.5	1226.0	1603.5	1373.5	1386.0	68.0	981.0	1534.5	755.0	699.0	2159.0	1726.5	1557.0
CGT	2395.5	2012.5	3124.0	1754.5	1488.0	1649.0	992.0	1417.0	1293.0	1656.0	956.0	1246.0	826.5	1934.0	2095.5	1726.5	1863.0	1484.5	2652.5	1342.5	1684.0	1533.5	1116.5	1706.0	1108.0	1403.5	1033.0	1310.0	860.5	2022.0	2170.0	1613.5	3155.5	2646.5	3762.5	2587.0	1975.0	2495.0	1218.5	2288.5	1759.0	2106.0	1092.0	1764.0	825.5	1739.5	2023.0	1520.5	42.0	1467.0	31.0	1199.0	1343.0	1646.0	1127.0	1592.5	48.5	1008.5	1374.0	982.0	810.5	2064.5	1599.0	1672.5
CTA	3380.5	2323.0	3050.0	2637.5	2064.0	1758.0	962.0	1738.5	1493.0	1577.5	918.5	1453.5	1474.5	2494.5	2613.5	2499.0	2185.0	1469.0	2371.0	1602.5	1987.0	1392.5	967.5	1709.5	1025.5	1032.0	823.5	860.5	1383.0	2395.0	2548.5	2159.5	3759.5	2621.5	3127.5	3202.0	2245.5	2301.5	1133.0	2397.5	1952.5	1985.0	1032.0	1638.5	1227.5	1884.0	2169.5	1915.0	45.0	1732.5	31.0	1751.5	1812.5	1633.5	1024.5	1841.5	54.0	1093.0	1488.5	1138.5	1563.5	2435.5	2252.0	2372.5
CTC	4706.0	6099.0	7712.5	3887.0	3529.5	5201.0	2708.0	3398.5	2148.5	4164.5	2128.0	2307.5	2195.5	6956.5	5877.5	4479.0	3905.0	4094.5	5870.5	2875.5	3609.5	4361.5	2784.0	3570.0	2136.5	3788.0	2050.5	2022.0	2395.0	7904.0	6543.5	4535.5	6183.0	6886.0	8158.0	5824.0	4559.5	7043.5	3194.0	5221.5	3674.5	5621.0	2624.0	3673.0	2012.5	5684.0	5128.0	3605.5	82.0	4710.5	67.0	2811.5	3072.5	4869.5	2514.5	3546.5	104.0	2882.5	3737.5	1815.5	1934.0	7026.5	4128.5	4164.0
CTG	6288.0	5999.5	9100.0	5038.0	3763.0	4437.0	3587.5	3519.0	2658.0	4192.5	2803.0	3033.0	2989.5	6575.5	6740.0	5243.5	4361.0	3894.5	6485.5	3376.5	3852.0	3681.5	3344.0	3533.5	2298.5	3566.5	2456.5	2170.0	2548.5	6543.5	7931.0	4681.0	7436.5	7599.0	9673.0	7167.5	4953.0	6323.5	4241.0	5734.5	4338.5	5843.5	3217.0	4088.5	2480.0	5617.0	6263.0	4516.0	90.0	4853.0	84.0	3471.5	3363.5	3966.5	3258.5	3535.0	126.5	2792.0	4101.5	2382.5	2662.5	6719.0	5672.5	5031.5
CTT	5960.0	4055.0	5493.5	4553.5	3619.0	3143.0	1787.0	3320.5	2587.5	2764.0	1667.5	2668.0	2581.5	4585.5	4530.0	4684.5	3865.5	2606.0	4380.5	2907.5	3464.5	2563.5	1752.0	3236.5	1789.5	1914.5	1499.5	1613.5	2159.5	4535.5	4681.0	4170.0	6673.5	4876.0	5819.5	5852.5	4025.5	4411.5	2070.0	4604.5	3668.5	3684.0	1894.5	3153.5	2145.0	3718.5	3739.5	3821.0	85.5	3135.0	55.0	3103.0	3159.0	2945.0	1853.0	3585.5	91.0	1908.5	2669.0	2134.0	2633.5	4601.0	4140.0	4539.5
GAA	16861.0	8526.0	14297.0	10601.5	8117.0	5404.0	3214.0	7002.5	7261.0	5840.5	4474.5	6715.0	5107.0	7464.5	9305.5	8913.0	10003.0	4437.5	9494.0	5849.5	7633.5	4282.0	3136.5	6522.5	3868.0	3567.0	2882.0	3155.5	3759.5	6183.0	7436.5	6673.5	22478.0	10831.0	16527.0	15255.0	8835.0	7366.0	3825.5	9422.0	7776.5	6170.5	3715.5	6268.0	4599.5	6017.0	7812.0	7292.0	195.0	5591.0	116.0	6109.0	7236.5	5158.0	3229.0	7321.5	194.5	3462.5	4854.5	4469.5	5046.0	7231.0	7661.0	8494.0
GAC	7819.5	8054.0	11859.5	6166.5	4790.5	5903.5	3585.0	4331.5	3593.5	5983.0	3445.0	3637.5	2941.0	7792.0	7360.0	5705.5	5534.0	4899.5	8177.5	3790.5	4755.0	5049.0	3570.5	4661.0	2962.5	4569.0	2987.0	2646.5	2621.5	6886.0	7599.0	4876.0	10831.0	11895.0	13970.0	10071.5	5971.5	8040.5	4182.0	6707.0	5316.5	7308.5	3948.5	4897.0	2649.5	6364.0	6865.0	4534.5	115.0	6025.0	100.5	4012.5	4258.0	5413.5	3360.5	4721.0	153.5	3450.0	4779.5	2550.5	2568.0	7539.0	5189.0	5208.5
GAG	12112.0	10150.5	18930.5	7861.0	6206.5	6985.5	4908.0	5374.0	5200.5	7517.0	5354.0	5160.0	3642.0	9246.0	9669.5	7055.0	7789.0	5821.0	12446.5	4603.0	5914.5	5911.0	4765.0	5855.5	3955.5	5888.5	4460.5	3762.5	3127.5	8158.0	9673.0	5819.5	16527.0	13970.0	25003.0	12953.0	8027.0	10249.5	6471.5	8936.5	6578.5	8858.5	5685.0	6077.5	3386.0	7845.5	10162.5	6042.0	178.0	7070.5	173.0	4707.0	4902.0	6178.0	4513.0	5540.5	252.5	4192.0	5839.5	3129.5	3263.0	9165.0	6980.0	6467.0
GAT	12000.5	7613.5	11331.5	8834.5	6747.5	5418.0	3257.0	5978.0	5535.0	5368.5	3581.0	5654.5	4227.0	7139.0	8132.0	7775.5	6880.0	4177.5	8256.5	5163.0	6279.0	4068.0	3066.0	5691.0	3053.5	3072.5	2742.0	2587.0	3202.0	5824.0	7167.5	5852.5	15255.0	10071.5	12953.0	13476.0	6809.5	6841.0	3521.0	7952.5	6902.5	6387.0	3806.5	5571.5	3618.5	5566.0	6947.5	6161.0	145.0	5306.5	108.5	5587.5	5917.0	4951.0	3337.5	6509.0	171.5	3182.0	4694.0	3929.0	4120.0	6991.5	6410.0	7489.5
GCA	7463.0	4907.5	7265.5	5429.0	4769.0	3884.5	2319.5	3937.5	3286.0	3898.5	2185.5	3422.0	2747.5	4911.5	5240.0	4717.0	4699.0	2973.0	5802.0	3179.0	4668.0	3173.5	2393.5	4004.0	2188.0	2398.0	1879.5	1975.0	2245.5	4559.5	4953.0	4025.5	8835.0	5971.5	8027.0	6809.5	6072.0	5717.5	2994.0	6043.0	4581.0	4684.0	2648.5	3922.0	2559.5	4139.0	4854.0	4006.5	91.0	3432.0	67.0	3313.0	4023.5	3585.0	2403.0	4118.0	112.0	2232.5	3033.5	2334.5	2701.0	4712.5	4206.5	4638.0
GCC	5426.0	6643.5	9228.0	4303.5	3992.5	5954.0	3318.0	3924.5	2473.5	4954.0	2621.0	2831.0	2185.5	7190.0	6403.0	4796.5	4864.5	4275.5	7183.0	3010.5	4126.0	5255.0	3444.5	4304.0	2472.5	4462.0	2460.0	2495.0	2301.5	7043.5	6323.5	4411.5	7366.0	8040.5	10249.5	6841.0	5717.5	9507.0	4526.5	7081.5	4466.5	7079.0	3160.5	4681.0	2148.0	6245.5	5561.0	4193.0	102.0	4954.0	79.0	2935.5	3488.5	5363.5	3305.0	4134.5	119.0	2832.5	3777.5	1955.5	1878.5	6813.5	4377.5	4290.5
GCG	2723.5	3000.5	4862.5	2298.5	2009.5	2691.5	2099.5	1828.5	1434.0	2929.0	1801.5	1650.0	1112.5	2990.0	3339.5	2295.0	2414.0	2175.0	4330.5	1650.0	2210.5	2516.5	2503.0	2240.5	1345.5	2325.5	1879.5	1218.5	1133.0	3194.0	4241.0	2070.0	3825.5	4182.0	6471.5	3521.0	2994.0	4526.5	3691.0	3483.5	2611.5	3868.5	2399.0	2373.0	1064.0	2642.5	3926.5	2204.5	52.0	2303.5	49.0	1461.5	1790.0	2482.5	2090.0	2076.0	83.0	1557.5	2187.5	1068.5	860.5	3201.5	2475.0	2227.5
GCT	7720.0	5570.5	8162.5	5787.5	4872.0	4662.5	2632.5	4766.0	3522.0	4257.0	2498.0	3739.0	2781.5	5731.0	5889.5	5677.5	5191.5	3286.0	6641.5	3552.5	4738.5	3818.5	2812.5	4695.0	2397.0	2938.5	2074.0	2288.5	2397.5	5221.5	5734.5	4604.5	9422.0	6707.0	8936.5	7952.5	6043.0	7081.5	3483.5	7932.0	5249.0	5568.0	2913.0	4874.5	2721.0	5040.0	5415.0	4737.0	106.5	3843.0	78.0	3725.5	4411.5	4236.5	2810.0	4834.5	129.0	2552.0	3383.0	2657.0	2877.0	5615.5	4917.5	5147.5
GGA	6940.5	4686.5	6206.0	5355.5	4143.5	3290.0	2080.0	3685.5	3258.5	3475.0	2170.0	3347.0	2870.0	4723.0	5035.0	5043.0	4368.5	2567.5	4788.5	2978.5	4293.5	2672.0	2148.0	3986.5	2112.0	2104.5	1632.0	1759.0	1952.5	3674.5	4338.5	3668.5	7776.5	5316.5	6578.5	6902.5	4581.0	4466.5	2611.5	5249.0	5744.0	4772.0	2807.0	4479.0	2548.5	3929.0	4640.5	4144.5	98.0	3465.0	73.0	3552.5	3555.0	2998.5	2122.0	3721.0	130.0	2312.5	3046.5	2458.0	2589.0	4598.0	4021.5	4634.5
GGC	4709.5	5947.0	7901.5	3935.5	3531.5	4846.5	2980.5	3355.0	2273.5	4746.0	2406.5	2785.0	2023.0	6510.0	5829.0	4417.5	3876.5	3658.5	6226.0	2733.5	3607.5	4336.5	3112.5	3827.5	2172.0	3657.0	2213.0	2106.0	1985.0	5621.0	5843.5	3684.0	6170.5	7308.5	8858.5	6387.0	4684.0	7079.0	3868.5	5568.0	4772.0	7351.0	3338.0	4939.5	2047.0	5484.0	5571.5	3677.5	85.0	4645.0	79.0	2806.5	3059.5	4397.5	2994.0	3566.5	118.5	2837.0	3762.0	1871.5	1652.5	6245.5	3821.0	4055.0
GGG	3050.0	2965.5	4442.0	2514.5	1913.5	2234.5	1896.5	1803.0	1488.5	2433.0	1876.5	1816.0	1301.5	3189.5	3248.5	2439.0	2004.0	1897.0	3431.5	1571.0	2025.0	1840.5	1841.5	2032.0	1264.5	1555.0	1518.0	1092.0	1032.0	2624.0	3217.0	1894.5	3715.5	3948.5	5685.0	3806.5	2648.5	3160.5	2399.0	2913.0	2807.0	3338.0	2966.0	2342.0	1203.0	2780.5	3791.0	2209.5	59.0	2331.5	62.0	1724.5	1709.5	2074.0	1741.5	1848.0	107.0	1461.0	2179.0	1176.0	1112.5	3067.0	2398.5	2378.5
GGT	5253.5	4002.5	5785.0	4038.0	3399.5	3343.0	1928.5	3259.0	2672.0	3182.0	1725.0	2983.5	1925.0	4218.0	4469.5	4067.0	3461.0	2408.5	4393.5	2480.5	3776.0	2761.0	1968.0	3505.5	1659.5	1947.0	1526.5	1764.0	1638.5	3673.0	4088.5	3153.5	6268.0	4897.0	6077.5	5571.5	3922.0	4681.0	2373.0	4874.5	4479.0	4939.5	2342.0	4714.0	1887.0	3605.0	4023.5	3539.5	81.0	2945.0	58.0	2782.5	2949.0	3024.0	2078.0	3503.0	93.0	2021.5	2737.0	2099.0	1924.5	4072.0	3358.5	3928.5
GTA	3984.5	2416.5	3384.5	2957.0	2475.0	1705.0	971.5	2068.5	1792.5	1661.5	1054.5	1902.0	1563.0	2396.0	2812.0	2775.5	2303.0	1358.0	2485.0	1716.0	2370.5	1342.0	965.0	2019.5	997.0	894.5	770.0	825.5	1227.5	2012.5	2480.0	2145.0	4599.5	2649.5	3386.0	3618.5	2559.5	2148.0	1064.0	2721.0	2548.5	2047.0	1203.0	1887.0	1496.0	1872.0	2460.5	2253.5	52.0	1704.5	34.0	1931.0	2011.0	1548.0	946.5	2146.0	58.0	1119.0	1577.0	1399.0	1622.5	2305.0	2326.0	2635.0
GTC	4615.0	5373.5	7413.5	3830.5	3312.0	4468.0	2299.5	3235.0	2233.0	3827.5	2047.0	2385.5	1904.5	5969.0	5285.5	4180.5	3423.5	3400.5	5392.0	2570.0	3350.0	3751.0	2427.5	3549.5	1760.5	2968.5	1817.0	1739.5	1884.0	5684.0	5617.0	3718.5	6017.0	6364.0	7845.5	5566.0	4139.0	6245.5	2642.5	5040.0	3929.0	5484.0	2780.5	3605.0	1872.0	5089.0	4909.5	3290.0	79.0	4124.5	66.0	2726.5	2752.0	4006.5	2103.5	3366.0	104.5	2476.0	3477.5	1673.5	1755.0	5873.5	3831.0	3819.0
GTG	6655.0	5974.0	9068.5	5093.5	4091.5	3998.5	3194.0	3582.0	2765.0	4148.0	2569.0	3294.5	2692.5	5753.0	6708.0	5001.0	4180.0	3341.0	5848.0	2992.5	4219.5	3208.5	3007.5	3444.0	2101.5	2876.5	2302.5	2023.0	2169.5	5128.0	6263.0	3739.5	7812.0	6865.0	10162.5	6947.5	4854.0	5561.0	3926.5	5415.0	4640.5	5571.5	3791.0	4023.5	2460.5	4909.5	7702.0	4029.0	88.0	4353.0	89.0	3378.5	3247.5	3663.0	2873.0	3399.0	133.5	2935.0	3875.5	2561.5	2510.0	5978.5	5071.5	5011.0
GTT	6418.5	4010.0	5927.0	4901.5	3952.5	3188.0	1854.0	3698.0	2827.5	2829.0	1817.5	3037.5	2502.5	4119.5	4685.5	4761.5	3649.5	2367.0	4320.5	2845.0	3869.5	2574.5	1832.5	3576.0	1565.0	1716.0	1448.5	1520.5	1915.0	3605.5	4516.0	3821.0	7292.0	4534.5	6042.0	6161.0	4006.5	4193.0	2204.5	4737.0	4144.5	3677.5	2209.5	3539.5	2253.5	3290.0	4029.0	4032.0	89.0	2857.0	63.0	3230.0	3250.0	2802.5	1845.0	3761.0	99.0	1880.5	2616.5	2273.5	2624.0	4084.0	3918.0	4572.0
TAA	209.5	108.0	212.5	125.0	94.0	79.0	41.0	75.0	96.0	79.0	66.0	73.0	62.5	98.0	117.0	118.0	105.5	62.0	116.0	69.0	95.5	65.0	41.0	81.5	44.5	45.0	37.0	42.0	45.0	82.0	90.0	85.5	195.0	115.0	178.0	145.0	91.0	102.0	52.0	106.5	98.0	85.0	59.0	81.0	52.0	79.0	88.0	89.0	0.0	76.0	0.0	87.5	81.0	72.5	43.0	82.0	0.0	49.0	71.0	57.0	68.0	97.5	90.0	116.5
TAC	4821.5	5207.0	6786.0	4010.5	3066.5	3784.5	2191.0	2711.5	2284.5	3290.0	1852.5	2226.0	1939.0	5401.0	4982.0	3831.5	3166.5	3175.5	4813.0	2485.5	3118.5	3263.5	2167.5	2972.5	1597.5	2580.5	1613.5	1467.0	1732.5	4710.5	4853.0	3135.0	5591.0	6025.0	7070.5	5306.5	3432.0	4954.0	2303.5	3843.0	3465.0	4645.0	2331.5	2945.0	1704.5	4124.5	4353.0	2857.0	76.0	4757.0	61.0	3193.5	2480.5	3295.5	1912.5	2797.0	91.5	2508.5	3392.0	1969.5	1806.0	5575.0	3435.5	3916.5
TAG	112.0	82.0	173.0	74.0	59.0	55.0	42.0	54.0	63.0	69.0	67.0	55.0	39.0	76.5	90.0	74.0	66.0	49.0	102.0	49.0	62.0	49.0	43.0	57.0	38.0	43.0	40.5	31.0	31.0	67.0	84.0	55.0	116.0	100.5	173.0	108.5	67.0	79.0	49.0	78.0	73.0	79.0	62.0	58.0	34.0	66.0	89.0	63.0	0.0	61.0	0.0	52.0	53.0	53.0	41.0	56.0	0.0	38.0	66.0	33.0	39.0	80.0	73.0	70.0
TAT	5542.0	3762.0	4880.0	4611.5	3342.0	2496.5	1420.0	3057.0	2676.0	2291.0	1620.0	2608.5	2306.0	3572.0	4394.0	4394.0	3273.0	2054.5	3630.0	2704.5	3278.0	1855.0	1392.5	2842.5	1437.5	1390.5	1143.5	1199.0	1751.5	2811.5	3471.5	3103.0	6109.0	4012.5	4707.0	5587.5	3313.0	2935.5	1461.5	3725.5	3552.5	2806.5	1724.5	2782.5	1931.0	2726.5	3378.5	3230.0	87.5	3193.5	52.0	3700.0	2759.0	2212.0	1400.0	2989.5	84.0	1781.5	2738.0	2242.0	2390.0	3829.5	3448.5	4414.5
TCA	6565.0	3886.5	4752.0	4787.5	4086.0	2830.5	1730.5	3570.5	2797.5	2890.0	1614.0	3301.5	2352.5	3486.5	4045.5	4057.0	3976.5	2139.5	3879.0	2747.0	4190.5	2361.5	1773.0	3447.0	1635.5	1580.0	1226.0	1343.0	1812.5	3072.5	3363.5	3159.0	7236.5	4258.0	4902.0	5917.0	4023.5	3488.5	1790.0	4411.5	3555.0	3059.5	1709.5	2949.0	2011.0	2752.0	3247.5	3250.0	81.0	2480.5	53.0	2759.0	4313.0	3131.5	2111.5	4346.0	95.0	1555.5	2222.0	1951.0	2409.5	3424.0	3388.5	3875.5
TCC	4498.0	4628.0	5773.0	3780.0	3024.0	4220.0	2217.5	2928.0	1955.0	3603.0	1611.0	2392.5	1842.0	4735.0	4066.0	3231.0	3530.5	2874.0	4514.5	2221.0	3342.5	3754.5	2478.5	3315.5	1716.0	2845.5	1603.5	1646.0	1633.5	4869.5	3966.5	2945.0	5158.0	5413.5	6178.0	4951.0	3585.0	5363.5	2482.5	4236.5	2998.5	4397.5	2074.0	3024.0	1548.0	4006.5	3663.0	2802.5	72.5	3295.5	53.0	2212.0	3131.5	4832.0	2610.5	3651.0	88.5	1938.5	2445.0	1459.5	1699.5	4689.0	2960.0	3049.5
TCG	2381.0	2745.5	3881.0	2087.0	1990.0	2343.0	1651.0	1887.0	1274.0	2587.5	1305.5	1608.5	1028.5	2570.0	2882.0	2046.0	2264.5	1841.0	3431.5	1529.0	2219.5	2293.0	1999.0	2142.5	1209.0	1730.0	1373.5	1127.0	1024.5	2514.5	3258.5	1853.0	3229.0	3360.5	4513.0	3337.5	2403.0	3305.0	2090.0	2810.0	2122.0	2994.0	1741.5	2078.0	946.5	2103.5	2873.0	1845.0	43.0	1912.5	41.0	1400.0	2111.5	2610.5	2148.0	2321.0	63.0	1304.5	1760.5	902.5	871.0	2700.5	2161.0	2032.0
TCT	6611.5	4192.5	5441.0	5090.5	4050.0	3389.0	1847.5	3942.0	2998.5	3206.5	1727.0	3327.5	2513.5	3966.0	4199.0	4367.5	4264.0	2349.5	4192.0	2833.5	4100.5	2866.0	1968.5	4052.0	1877.0	1980.5	1386.0	1592.5	1841.5	3546.5	3535.0	3585.5	7321.5	4721.0	5540.5	6509.0	4118.0	4134.5	2076.0	4834.5	3721.0	3566.5	1848.0	3503.0	2146.0	3366.0	3399.0	3761.0	82.0	2797.0	56.0	2989.5	4346.0	3651.0	2321.0	4982.0	93.0	1693.5	2264.0	2016.0	2584.0	3832.5	3587.5	4177.5
TGA	200.5	124.5	246.0	126.0	101.5	90.0	65.0	85.0	107.0	106.0	109.0	90.0	75.0	118.0	143.5	111.0	112.5	84.5	146.0	82.5	102.0	74.0	72.0	91.5	62.0	66.0	68.0	48.5	54.0	104.0	126.5	91.0	194.5	153.5	252.5	171.5	112.0	119.0	83.0	129.0	130.0	118.5	107.0	93.0	58.0	104.5	133.5	99.0	0.0	91.5	0.0	84.0	95.0	88.5	63.0	93.0	2.0	70.0	112.0	65.5	66.0	126.0	118.0	118.0
TGC	3297.5	3230.0	4100.5	2605.0	1951.0	2183.0	1469.0	1753.5	1453.5	1993.5	1156.0	1496.5	1282.0	3047.5	3158.5	2349.5	2030.0	1912.5	2669.5	1547.5	1976.5	1673.5	1362.0	1754.5	1079.5	1564.5	981.0	1008.5	1093.0	2882.5	2792.0	1908.5	3462.5	3450.0	4192.0	3182.0	2232.5	2832.5	1557.5	2552.0	2312.5	2837.0	1461.0	2021.5	1119.0	2476.0	2935.0	1880.5	49.0	2508.5	38.0	1781.5	1555.5	1938.5	1304.5	1693.5	70.0	2625.0	2159.0	1962.0	1155.5	3507.0	2207.5	2633.0
TGG	4215.0	3784.0	5302.5	3373.5	2612.5	2825.5	1928.5	2352.0	2050.5	2734.5	1651.0	1953.0	1754.0	4079.0	3877.5	3327.5	2794.0	2358.5	3938.5	2130.0	2503.5	2401.0	1839.0	2326.5	1544.0	2124.0	1534.5	1374.0	1488.5	3737.5	4101.5	2669.0	4854.5	4779.5	5839.5	4694.0	3033.5	3777.5	2187.5	3383.0	3046.5	3762.0	2179.0	2737.0	1577.0	3477.5	3875.5	2616.5	71.0	3392.0	66.0	2738.0	2222.0	2445.0	1760.5	2264.0	112.0	2159.0	3382.0	1782.0	1730.0	4445.0	3084.5	3372.0
TGT	4067.0	2522.0	3302.0	3321.5	2344.0	1585.0	1045.0	2014.0	1769.0	1647.0	1025.0	1850.0	1605.5	2224.0	2874.5	2940.5	2318.0	1410.0	2253.0	1853.0	2169.0	1193.5	981.5	1948.0	1034.0	894.0	755.0	982.0	1138.5	1815.5	2382.5	2134.0	4469.5	2550.5	3129.5	3929.0	2334.5	1955.5	1068.5	2657.0	2458.0	1871.5	1176.0	2099.0	1399.0	1673.5	2561.5	2273.5	57.0	1969.5	33.0	2242.0	1951.0	1459.5	902.5	2016.0	65.5	1962.0	1782.0	2289.0	1631.5	2567.5	2468.5	3258.5
TTA	4524.0	2562.0	3720.0	3606.0	2666.0	1666.5	833.0	2383.0	2232.0	1610.5	1143.5	2149.0	2018.0	2513.0	3193.0	3523.0	2804.0	1344.0	2695.0	2092.0	2513.0	1121.5	745.5	2109.5	967.5	716.0	699.0	810.5	1563.5	1934.0	2662.5	2633.5	5046.0	2568.0	3263.0	4120.0	2701.0	1878.5	860.5	2877.0	2589.0	1652.5	1112.5	1924.5	1622.5	1755.0	2510.0	2624.0	68.0	1806.0	39.0	2390.0	2409.5	1699.5	871.0	2584.0	66.0	1155.5	1730.0	1631.5	2192.0	2550.5	2969.5	3422.5
TTC	6166.0	6804.0	8618.0	5310.0	4087.0	5170.0	2935.0	3916.5	2770.5	4411.5	2339.5	2874.0	2711.5	7573.0	6724.0	5390.5	4171.5	4014.5	6189.0	3185.5	4039.5	4270.0	2937.5	3949.0	2211.5	3450.0	2159.0	2064.5	2435.5	7026.5	6719.0	4601.0	7231.0	7539.0	9165.0	6991.5	4712.5	6813.5	3201.5	5615.5	4598.0	6245.5	3067.0	4072.0	2305.0	5873.5	5978.5	4084.0	97.5	5575.0	80.0	3829.5	3424.0	4689.0	2700.5	3832.5	126.0	3507.0	4445.0	2567.5	2550.5	8346.0	4745.0	5170.0
TTG	6687.0	4707.5	6841.0	5191.5	3970.5	3265.5	2144.0	3582.5	3108.5	3103.5	2045.0	3239.0	2680.0	4853.5	5512.0	5103.0	3982.5	2777.5	4927.5	3125.5	3762.0	2485.0	2010.5	3277.5	1811.0	1937.0	1726.5	1599.0	2252.0	4128.5	5672.5	4140.0	7661.0	5189.0	6980.0	6410.0	4206.5	4377.5	2475.0	4917.5	4021.5	3821.0	2398.5	3358.5	2326.0	3831.0	5071.5	3918.0	90.0	3435.5	73.0	3448.5	3388.5	2960.0	2161.0	3587.5	118.0	2207.5	3084.5	2468.5	2969.5	4745.0	4906.0	4875.0
TTT	8067.5	4872.0	6497.0	6218.0	4537.5	3266.0	2063.5	4033.0	3475.5	3254.5	2055.5	3526.0	3352.5	4798.5	5972.0	6007.5	4533.0	2756.5	4638.0	3426.5	4180.0	2546.5	1936.5	3700.0	1992.0	2021.5	1557.0	1672.5	2372.5	4164.0	5031.5	4539.5	8494.0	5208.5	6467.0	7489.5	4638.0	4290.5	2227.5	5147.5	4634.5	4055.0	2378.5	3928.5	2635.0	3819.0	5011.0	4572.0	116.5	3916.5	70.0	4414.5	3875.5	3049.5	2032.0	4177.5	118.0	2633.0	3372.0	3258.5	3422.5	5170.0	4875.0	6678.0
