	M	W	C	D	E	F	H	K	N	Q	Y	I	A	G	P	T	V	L	R	S
Start	3507707.0	225227.0	170564.0	1058191.0	1095681.0	831666.0	476689.0	1535696.0	931039.0	801690.0	489607.0	1526653.0	1864506.0	1030460.0	1215717.0	1778414.0	1337947.0	2219687.0	1605923.0	1728673.0
M	1055254.0	554713.0	400102.0	2280408.0	2425908.0	1698170.0	903517.0	1760718.0	1385125.0	1475481.0	1171667.0	2468467.0	4384443.0	3476421.0	2025720.0	2300140.0	3168755.0	4410903.0	2535412.0	2459944.0
W	554713.0	481418.0	249139.0	1452721.0	1459305.0	1045799.0	599263.0	931288.0	778751.0	903907.0	767388.0	1296724.0	2913552.0	2232828.0	1441849.0	1420327.0	2007640.0	2840049.0	1749055.0	1471370.0
C	400102.0	249139.0	287634.0	1045004.0	1080578.0	679574.0	438729.0	728791.0	596940.0	618489.0	511044.0	968912.0	1918977.0	1543054.0	946069.0	987594.0	1326964.0	1813634.0	1143371.0	1073909.0
D	2280408.0	1452721.0	1045004.0	6838898.0	7151701.0	3927323.0	2505123.0	4547673.0	3614655.0	3991146.0	3116747.0	5792647.0	12090821.0	8848225.0	5453431.0	6109645.0	8349737.0	11217676.0	7412328.0	6194264.0
E	2425908.0	1459305.0	1080578.0	7151701.0	8727520.0	4201326.0	2649443.0	5488598.0	3903006.0	4505211.0	3319322.0	6391977.0	12665903.0	8743163.0	5717236.0	6331035.0	8761266.0	11979186.0	8075510.0	6641438.0
F	1698170.0	1045799.0	679574.0	3927323.0	4201326.0	3248028.0	1520229.0	3116909.0	2535155.0	2471317.0	2212061.0	4391631.0	7275401.0	5828809.0	3474475.0	3969256.0	5522779.0	7865309.0	4212327.0	4254666.0
H	903517.0	599263.0	438729.0	2505123.0	2649443.0	1520229.0	1111244.0	1596282.0	1284318.0	1511493.0	1187773.0	2182316.0	4647774.0	3468950.0	2128230.0	2293408.0	3134674.0	4314068.0	2849103.0	2302809.0
K	1760718.0	931288.0	728791.0	4547673.0	5488598.0	3116909.0	1596282.0	4850146.0	3186158.0	2981666.0	2509572.0	5101600.0	7370459.0	5648295.0	3390240.0	4296564.0	5607793.0	7694749.0	4308563.0	4675417.0
N	1385125.0	778751.0	596940.0	3614655.0	3903006.0	2535155.0	1284318.0	3186158.0	2712920.0	2388460.0	2025307.0	3928769.0	5948192.0	4944756.0	2776244.0	3576274.0	4478307.0	6208104.0	3450220.0	3861192.0
Q	1475481.0	903907.0	618489.0	3991146.0	4505211.0	2471317.0	1511493.0	2981666.0	2388460.0	3100872.0	1937041.0	3666708.0	7557509.0	5274001.0	3426595.0	3875718.0	4962042.0	7114696.0	4490790.0	4065531.0
Y	1171667.0	767388.0	511044.0	3116747.0	3319322.0	2212061.0	1187773.0	2509572.0	2025307.0	1937041.0	1742744.0	3101469.0	5152452.0	4264775.0	2579056.0	2973156.0	3843915.0	5303232.0	3148988.0	3120691.0
I	2468467.0	1296724.0	968912.0	5792647.0	6391977.0	4391631.0	2182316.0	5101600.0	3928769.0	3666708.0	3101469.0	6807764.0	10333088.0	8523916.0	4839089.0	5778413.0	7738340.0	11068924.0	5973032.0	6262757.0
A	4384443.0	2913552.0	1918977.0	12090821.0	12665903.0	7275401.0	4647774.0	7370459.0	5948192.0	7557509.0	5152452.0	10333088.0	27252006.0	18500134.0	11524982.0	12169709.0	16849537.0	22609351.0	14797317.0	12091640.0
G	3476421.0	2232828.0	1543054.0	8848225.0	8743163.0	5828809.0	3468950.0	5648295.0	4944756.0	5274001.0	4264775.0	8523916.0	18500134.0	14313586.0	8171056.0	9193063.0	12980108.0	16840571.0	10184689.0	9139492.0
P	2025720.0	1441849.0	946069.0	5453431.0	5717236.0	3474475.0	2128230.0	3390240.0	2776244.0	3426595.0	2579056.0	4839089.0	11524982.0	8171056.0	5841766.0	5552943.0	7546847.0	10136267.0	6688825.0	5414322.0
T	2300140.0	1420327.0	987594.0	6109645.0	6331035.0	3969256.0	2293408.0	4296564.0	3576274.0	3875718.0	2973156.0	5778413.0	12169709.0	9193063.0	5552943.0	6622334.0	8284958.0	11133008.0	6812483.0	6396487.0
V	3168755.0	2007640.0	1326964.0	8349737.0	8761266.0	5522779.0	3134674.0	5607793.0	4478307.0	4962042.0	3843915.0	7738340.0	16849537.0	12980108.0	7546847.0	8284958.0	11808806.0	15802911.0	9643897.0	8456287.0
L	4410903.0	2840049.0	1813634.0	11217676.0	11979186.0	7865309.0	4314068.0	7694749.0	6208104.0	7114696.0	5303232.0	11068924.0	22609351.0	16840571.0	10136267.0	11133008.0	15802911.0	22854654.0	13185766.0	11643851.0
R	2535412.0	1749055.0	1143371.0	7412328.0	8075510.0	4212327.0	2849103.0	4308563.0	3450220.0	4490790.0	3148988.0	5973032.0	14797317.0	10184689.0	6688825.0	6812483.0	9643897.0	13185766.0	9523108.0	6804765.0
S	2459944.0	1471370.0	1073909.0	6194264.0	6641438.0	4254666.0	2302809.0	4675417.0	3861192.0	4065531.0	3120691.0	6262757.0	12091640.0	9139492.0	5414322.0	6396487.0	8456287.0	11643851.0	6804765.0	6989412.0
End	402327.0	343972.0	229988.0	1168928.0	1740837.0	840361.0	531119.0	1648345.0	820994.0	976072.0	598054.0	1163977.0	2684599.0	1936213.0	1373323.0	1224128.0	1613260.0	2370828.0	2208972.0	1555325.0
