Proteome_ID	M	W	C	D	E	F	H	K	N	Q	Y	I	A	G	P	T	V	L	R	S
UP000006687	0.015845996047455357	0.01683087813849136	0.03267687418594672	0.03267687418594672	0.03267687418594672	0.030764741740333255	0.03267687418594672	0.030764741740333255	0.030764741740333255	0.03267687418594672	0.030764741740333255	0.045683487433211156	0.06941570422249378	0.06941570422249378	0.06941570422249378	0.06535374837189344	0.06535374837189344	0.11196448615968203	0.10209257840844049	0.08218462651038479
UP000007251	0.014646219853726425	0.01762266042127625	0.03226888027500267	0.03226888027500267	0.03226888027500267	0.026818715429065606	0.03226888027500267	0.026818715429065606	0.026818715429065606	0.03226888027500267	0.026818715429065606	0.038991211004404794	0.07765328186255607	0.07765328186255607	0.07765328186255607	0.06453776055000535	0.06453776055000535	0.10600269583279738	0.10992216213755875	0.0821604209712816
UP000006677	0.018916259357212944	0.013370947120469368	0.03228720647768231	0.03228720647768231	0.03228720647768231	0.04567762972577554	0.03228720647768231	0.04567762972577554	0.04567762972577554	0.03228720647768231	0.04567762972577554	0.07243900009433812	0.04564438690846676	0.04564438690846676	0.04564438690846676	0.06457441295536462	0.06457441295536462	0.12916830203835308	0.07793159338614908	0.077945360075834
UP000007666	0.0191153145966515	0.012999147135642125	0.032114461732293625	0.032114461732293625	0.032114461732293625	0.04722448578428177	0.032114461732293625	0.04722448578428177	0.04722448578428177	0.032114461732293625	0.04722448578428177	0.07533365697191202	0.04367813159749528	0.04367813159749528	0.04367813159749528	0.06422892346458725	0.06422892346458725	0.1305687238455205	0.07579259332978891	0.07722807060022938
UP000099345	0.010874207110477527	0.018911664539960914	0.02978587165043844	0.02978587165043844	0.02978587165043844	0.017126876199002106	0.02978587165043844	0.017126876199002106	0.017126876199002106	0.02978587165043844	0.017126876199002106	0.023379545287526685	0.10360303182761195	0.10360303182761195	0.10360303182761195	0.05957174330087688	0.05957174330087688	0.08757282661035651	0.1333889034780504	0.0784834078408378
UP000007699	0.018379269794071156	0.014223017062051806	0.032602286856122965	0.032602286856122965	0.032602286856122965	0.042129333278458615	0.032602286856122965	0.042129333278458615	0.042129333278458615	0.032602286856122965	0.042129333278458615	0.06587939676284606	0.05045933678672338	0.05045933678672338	0.05045933678672338	0.06520457371224593	0.06520457371224593	0.1257131767847757	0.08306162364284635	0.07942759077429774
UP000002135	0.016367457211939062	0.01641542703299683	0.032782884244935896	0.032782884244935896	0.032782884244935896	0.03268708478216066	0.032782884244935896	0.03268708478216066	0.03268708478216066	0.032782884244935896	0.03268708478216066	0.04900671235238226	0.06575792895446002	0.06575792895446002	0.06575792895446002	0.06556576848987179	0.06556576848987179	0.11462031048397152	0.09854081319939592	0.08198119552286862
UP000008222	0.01883901207770527	0.013505611917886821	0.03234462399559209	0.03234462399559209	0.03234462399559209	0.04511759747033636	0.03234462399559209	0.04511759747033636	0.04511759747033636	0.03234462399559209	0.04511759747033636	0.07139618286296745	0.046375461463969314	0.046375461463969314	0.046375461463969314	0.06468924799118418	0.06468924799118418	0.12864585753922583	0.07872008545956141	0.07819485990907102
UP000008623	0.015334320817531381	0.017194680855727645	0.03252900167325903	0.03252900167325903	0.03252900167325903	0.02900956125426501	0.03252900167325903	0.02900956125426501	0.02900956125426501	0.03252900167325903	0.02900956125426501	0.04268480169099864	0.07295084131638294	0.07295084131638294	0.07295084131638294	0.06505800334651805	0.06505800334651805	0.10940188541831446	0.10547984298964196	0.08225268420224571
UP000172353	0.01718760073266527	0.003985765764697183	0.021173366497362452	0.021173366497362452	0.021173366497362452	0.09130475572507853	0.021173366497362452	0.09130475572507853	0.09130475572507853	0.021173366497362452	0.09130475572507853	0.16542191071749177	0.009820111674829086	0.009820111674829086	0.009820111674829086	0.042346732994724905	0.042346732994724905	0.15083908945246868	0.03099347817219154	0.04633249875942209
UP000163220	0.019967996577185343	0.010304146484411818	0.03027214306159716	0.03027214306159716	0.03027214306159716	0.058663184762802974	0.03027214306159716	0.058663184762802974	0.058663184762802974	0.03027214306159716	0.058663184762802974	0.0973583729484206	0.031242853563002458	0.031242853563002458	0.031242853563002458	0.06054428612319432	0.06054428612319432	0.13917546746318263	0.06151499662459962	0.07084843260760615
UP000000360	0.016500335445740404	0.01630165205136559	0.03280198749710599	0.03280198749710599	0.03280198749710599	0.03320177582516194	0.03280198749710599	0.03320177582516194	0.03320177582516194	0.03280198749710599	0.03320177582516194	0.04990321620458348	0.06481402617897773	0.06481402617897773	0.06481402617897773	0.06560397499421199	0.06560397499421199	0.11530608626511434	0.09761601367608372	0.08190562704557758
UP000004993	0.017342410252391798	0.015493690058568358	0.032836100310960153	0.032836100310960153	0.032836100310960153	0.03675413155476402	0.032836100310960153	0.03675413155476402	0.03675413155476402	0.032836100310960153	0.03675413155476402	0.05616585285713625	0.0586714710984203	0.0586714710984203	0.0586714710984203	0.06567220062192031	0.06567220062192031	0.11976874242907613	0.09150757140938048	0.08116589068048867
UP000008865	0.016547214136626874	0.01626069623175637	0.03280791036838324	0.03280791036838324	0.03280791036838324	0.03338599470179393	0.03280791036838324	0.03338599470179393	0.03338599470179393	0.03280791036838324	0.03338599470179393	0.050224775266960994	0.06447967133248438	0.06447967133248438	0.06447967133248438	0.06561582073676649	0.06561582073676649	0.1155490295751873	0.09728758170086761	0.08187651696852286
UP000009108	0.01882647906413434	0.013527013555847081	0.03235349261998142	0.03235349261998142	0.03235349261998142	0.04502859030539074	0.03235349261998142	0.04502859030539074	0.04502859030539074	0.03235349261998142	0.04502859030539074	0.07123070154664715	0.04649261625167409	0.04649261625167409	0.04649261625167409	0.06470698523996284	0.06470698523996284	0.1285620546094879	0.07884610887165551	0.07823399879580992
UP000000396	0.018405830876228147	0.014184870631360456	0.0325907015075886	0.0325907015075886	0.0325907015075886	0.042288643701840906	0.0325907015075886	0.042288643701840906	0.042288643701840906	0.0325907015075886	0.042288643701840906	0.06617145652745367	0.05023352521048106	0.05023352521048106	0.05023352521048106	0.0651814030151772	0.0651814030151772	0.12587587759324625	0.08282422671806965	0.07936627364653766
UP000007661	0.017503882688008596	0.01531904011076725	0.03282292279877585	0.03282292279877585	0.03282292279877585	0.03750421606008577	0.03282292279877585	0.03750421606008577	0.03750421606008577	0.03282292279877585	0.03750421606008577	0.05750454943216294	0.057451901371748625	0.057451901371748625	0.057451901371748625	0.0656458455975517	0.0656458455975517	0.12065394434564607	0.09027482417052449	0.08096488570831896
UP000007068	0.018369392078941296	0.014237113843628472	0.03260650592256977	0.03260650592256977	0.03260650592256977	0.04207044336335476	0.03260650592256977	0.04207044336335476	0.04207044336335476	0.03260650592256977	0.04207044336335476	0.06577149464776823	0.05054304844358538	0.05054304844358538	0.05054304844358538	0.06521301184513954	0.06521301184513954	0.1256528472874356	0.08314955436615515	0.07945012568876803
UP000134285	0.01784678700607408	0.014922601762434843	0.03276938876850893	0.03276938876850893	0.03276938876850893	0.039190773229841366	0.03276938876850893	0.039190773229841366	0.039190773229841366	0.03276938876850893	0.039190773229841366	0.06053475945360866	0.054800288525260386	0.054800288525260386	0.054800288525260386	0.06553877753701785	0.06553877753701785	0.1225763377729333	0.08756967729376933	0.0804613792994527
UP000006372	0.018627459161381275	0.013851856376434978	0.03247931553781625	0.03247931553781625	0.03247931553781625	0.04367697060442652	0.03247931553781625	0.04367697060442652	0.04367697060442652	0.03247931553781625	0.04367697060442652	0.06872648204747177	0.04830490408133392	0.04830490408133392	0.04830490408133392	0.0649586310756325	0.0649586310756325	0.1272630608414403	0.08078421961915018	0.0788104874520675
UP000009089	0.019249600735297155	0.012723722877201837	0.031973323612498994	0.031973323612498994	0.031973323612498994	0.048372140737507764	0.031973323612498994	0.048372140737507764	0.048372140737507764	0.031973323612498994	0.048372140737507764	0.07749468073971838	0.04226785944318975	0.04226785944318975	0.04226785944318975	0.06394664722499799	0.06394664722499799	0.1315683886978029	0.07424118305568875	0.0766703701021998
UP000002317	0.017769048389822562	0.015015749957542006	0.03278479834736457	0.03278479834736457	0.03278479834736457	0.038796241941435244	0.03278479834736457	0.038796241941435244	0.038796241941435244	0.03278479834736457	0.038796241941435244	0.05982343549304794	0.055409645310485714	0.055409645310485714	0.055409645310485714	0.06556959669472914	0.06556959669472914	0.12213488702598695	0.08819444365785027	0.08058534665227113
UP000000862	0.01879726023211218	0.013576445842891076	0.032373706075003256	0.032373706075003256	0.032373706075003256	0.044822996004391706	0.032373706075003256	0.044822996004391706	0.044822996004391706	0.032373706075003256	0.044822996004391706	0.07084873177667124	0.04676424775032955	0.04676424775032955	0.04676424775032955	0.06474741215000651	0.06474741215000651	0.1283676683865104	0.07913795382533281	0.0783238579928976
UP000000344	0.01995513573755884	0.010400229177751713	0.030355364915310552	0.030355364915310552	0.030355364915310552	0.058243469148157895	0.030355364915310552	0.058243469148157895	0.058243469148157895	0.030355364915310552	0.058243469148157895	0.09653180255875696	0.03164125326387122	0.03164125326387122	0.03164125326387122	0.060710729830621105	0.060710729830621105	0.13890933471633785	0.06199661817918177	0.07111095900837282
UP000125273	0.010536734284076716	0.018944719115644302	0.02948145339972102	0.02948145339972102	0.02948145339972102	0.016397088755184	0.02948145339972102	0.016397088755184	0.016397088755184	0.02948145339972102	0.016397088755184	0.02225744322629128	0.10601346465056308	0.10601346465056308	0.10601346465056308	0.05896290679944204	0.05896290679944204	0.08589672983870275	0.13549491805028407	0.07790762591508633
UP000000470	0.01719014456441027	0.015652027160203582	0.03284217172461385	0.03284217172461385	0.03284217172461385	0.03606955661249672	0.03284217172461385	0.03606955661249672	0.03606955661249672	0.03284217172461385	0.03606955661249672	0.05494896866058318	0.059807125170777894	0.059807125170777894	0.059807125170777894	0.0656843434492277	0.0656843434492277	0.1189440446261347	0.09264929689539177	0.08133637060943129
UP000008687	0.017844640317109965	0.014925201375368239	0.0327698416924782	0.0327698416924782	0.0327698416924782	0.03917977543780243	0.0327698416924782	0.03917977543780243	0.03917977543780243	0.0327698416924782	0.03917977543780243	0.06051491055849491	0.05481718629321041	0.05481718629321041	0.05481718629321041	0.0655396833849564	0.0655396833849564	0.1225640991398688	0.08758702798568861	0.08046488476032465
UP000008226	0.01895566235539478	0.013300330182454525	0.032255992537849304	0.032255992537849304	0.032255992537849304	0.045971317636324074	0.032255992537849304	0.045971317636324074	0.045971317636324074	0.032255992537849304	0.045971317636324074	0.07298697291725335	0.04526513957388435	0.04526513957388435	0.04526513957388435	0.06451198507569861	0.06451198507569861	0.12943896506741745	0.07752113211173364	0.07781231525815314
UP000009116	0.01934120549962087	0.012521486192298275	0.031862691691919146	0.031862691691919146	0.031862691691919146	0.0492164315257978	0.031862691691919146	0.0492164315257978	0.0492164315257978	0.031862691691919146	0.0492164315257978	0.07909165755197474	0.041255779437082474	0.041255779437082474	0.041255779437082474	0.06372538338383829	0.06372538338383829	0.13228302040925696	0.07311847112900162	0.07624686957613658
UP000002241	0.018301668775109407	0.014332494747192856	0.032634163522302265	0.032634163522302265	0.032634163522302265	0.04167171606010266	0.032634163522302265	0.04167171606010266	0.04167171606010266	0.032634163522302265	0.04167171606010266	0.06504176334509593	0.05111325999938865	0.05111325999938865	0.05111325999938865	0.06526832704460453	0.06526832704460453	0.1252417118798166	0.0837474235216909	0.07960082179179738
UP000006674	0.019706810843569986	0.011528890144293438	0.031235700987863425	0.031235700987863425	0.031235700987863425	0.05339248125621391	0.031235700987863425	0.05339248125621391	0.05339248125621391	0.031235700987863425	0.05339248125621391	0.08707815166885784	0.03654705656106447	0.03654705656106447	0.03654705656106447	0.06247140197572685	0.06247140197572685	0.13557069407551073	0.0677827575489279	0.0740002921200203
UP000006716	0.01945209124388924	0.012257233964117915	0.03170932520800716	0.03170932520800716	0.03170932520800716	0.050322339365796796	0.03170932520800716	0.050322339365796796	0.050322339365796796	0.03170932520800716	0.050322339365796796	0.08119258748770435	0.03996162808879931	0.03996162808879931	0.03996162808879931	0.06341865041601431	0.06341865041601431	0.13319308102570035	0.07167095329680646	0.07567588438013223
UP000001795	0.01731012305895636	0.015527765311284428	0.032837888370240785	0.032837888370240785	0.032837888370240785	0.03660719216770032	0.032837888370240785	0.03660719216770032	0.03660719216770032	0.032837888370240785	0.03660719216770032	0.05590426127644428	0.05891339099030037	0.05891339099030037	0.05891339099030037	0.06567577674048157	0.06567577674048157	0.11959309196713826	0.09175127936054117	0.081203542051766
UP000007453	0.01794799215825203	0.014798214818467055	0.03274620697671908	0.03274620697671908	0.03274620697671908	0.0397161869347383	0.03274620697671908	0.0397161869347383	0.0397161869347383	0.03274620697671908	0.0397161869347383	0.06148438171122457	0.05399884299689462	0.05399884299689462	0.05399884299689462	0.06549241395343816	0.06549241395343816	0.12315659304642851	0.08674504997361371	0.08029062877190524
UP000140422	0.01496992529673391	0.017429663213764667	0.032399588510498574	0.032399588510498574	0.032399588510498574	0.027827239901230528	0.032399588510498574	0.027827239901230528	0.027827239901230528	0.032399588510498574	0.027827239901230528	0.04068455450572714	0.07544645745503577	0.07544645745503577	0.07544645745503577	0.06479917702099715	0.06479917702099715	0.1075963422189616	0.10784604596553433	0.08222884023476182
UP000009190	0.012374716053935452	0.018601541252272116	0.03097625730620757	0.03097625730620757	0.03097625730620757	0.020607023008437038	0.03097625730620757	0.020607023008437038	0.020607023008437038	0.03097625730620757	0.020607023008437038	0.028839329962938618	0.09312635952388877	0.09312635952388877	0.09312635952388877	0.06195251461241514	0.06195251461241514	0.09493425367478762	0.12410261683009634	0.08055405586468725
UP000007225	0.015219570089534132	0.01727076283202493	0.03249033292155906	0.03249033292155906	0.03249033292155906	0.02863156097627852	0.03249033292155906	0.02863156097627852	0.02863156097627852	0.03249033292155906	0.02863156097627852	0.04204355186302291	0.0737383291276599	0.0737383291276599	0.0737383291276599	0.06498066584311812	0.06498066584311812	0.10883179690893077	0.10622866204921896	0.08225142867514304
UP000008479	0.017257959694372303	0.015582242642587474	0.03284020233695978	0.03284020233695978	0.03284020233695978	0.03637184334027106	0.03284020233695978	0.03637184334027106	0.03637184334027106	0.03284020233695978	0.03637184334027106	0.05548572698616982	0.059302954730279606	0.059302954730279606	0.059302954730279606	0.06568040467391956	0.06568040467391956	0.11931020770856292	0.09214315706723938	0.08126264731650704
UP000002242	0.017076872158478727	0.015766052868287462	0.03284292502676619	0.03284292502676619	0.03284292502676619	0.03557354758848457	0.03284292502676619	0.03557354758848457	0.03557354758848457	0.03284292502676619	0.03557354758848457	0.05407022301849042	0.060643809652706916	0.060643809652706916	0.060643809652706916	0.06568585005353238	0.06568585005353238	0.11833626980049568	0.09348673467947309	0.08145190292181984
UP000007544	0.01811990598773098	0.014578233283726934	0.03269813927145791	0.03269813927145791	0.03269813927145791	0.04064190756461005	0.03269813927145791	0.04064190756461005	0.04064190756461005	0.03269813927145791	0.04064190756461005	0.06316390914148913	0.052614081173033476	0.052614081173033476	0.052614081173033476	0.06539627854291583	0.06539627854291583	0.12415809209525686	0.0853122204444914	0.07997451182664277
UP000007711	0.019813764722742117	0.011134780175521594	0.03094854489826371	0.03094854489826371	0.03094854489826371	0.0550713330177345	0.03094854489826371	0.0550713330177345	0.0550713330177345	0.03094854489826371	0.0550713330177345	0.09032890131272688	0.034784428806595345	0.034784428806595345	0.034784428806595345	0.06189708979652742	0.06189708979652742	0.13678218753700402	0.06573297370485906	0.07303186997204901
UP000009246	0.0199742639061599	0.010253351543646282	0.030227615449806178	0.030227615449806178	0.030227615449806178	0.05888556202118	0.030227615449806178	0.05888556202118	0.05888556202118	0.030227615449806178	0.05888556202118	0.0977968601362001	0.031033370640250246	0.031033370640250246	0.031033370640250246	0.060455230899612356	0.060455230899612356	0.13931505682695228	0.061260986090056424	0.07070858244325864
UP000002665	0.016603288128611886	0.016211134225559115	0.032814422354171	0.032814422354171	0.032814422354171	0.03360821652202889	0.032814422354171	0.03360821652202889	0.03360821652202889	0.032814422354171	0.03360821652202889	0.0506131449154459	0.06407875370191841	0.06407875370191841	0.06407875370191841	0.065628844708342	0.065628844708342	0.11584034935898277	0.09689317605608942	0.08183997893390112
UP000002092	0.01611959125749225	0.01661887063272431	0.032738461890216564	0.032738461890216564	0.032738461890216564	0.031754902949308765	0.032738461890216564	0.031754902949308765	0.031754902949308765	0.032738461890216564	0.031754902949308765	0.04739021464112528	0.06750497009221647	0.06750497009221647	0.06750497009221647	0.06547692378043313	0.06547692378043313	0.11335141798723412	0.10024343198243303	0.08209579441315744
UP000007016	0.018737625787396735	0.013675402012911094	0.03241302780030783	0.03241302780030783	0.03241302780030783	0.044411358802121936	0.03241302780030783	0.044411358802121936	0.044411358802121936	0.03241302780030783	0.044411358802121936	0.07008509181684713	0.04731241734190447	0.04731241734190447	0.04731241734190447	0.06482605560061566	0.06482605560061566	0.12797504019013434	0.0797254451422123	0.07850145761352674
UP000009115	0.016719532661039895	0.016106356864149216	0.03282588952518911	0.03282588952518911	0.03282588952518911	0.03407558498009708	0.03282588952518911	0.03407558498009708	0.03407558498009708	0.03282588952518911	0.03407558498009708	0.05143163729915427	0.0632440513493336	0.0632440513493336	0.0632440513493336	0.06565177905037822	0.06565177905037822	0.1164468966915152	0.09606994087452271	0.08175813591452745
UP000002131	0.01089135677202564	0.018909619482934854	0.029800976254960494	0.029800976254960494	0.029800976254960494	0.017164441877868187	0.029800976254960494	0.017164441877868187	0.017164441877868187	0.029800976254960494	0.017164441877868187	0.023437526983710738	0.10348116088689512	0.10348116088689512	0.10348116088689512	0.05960195250992099	0.05960195250992099	0.08765775115981482	0.13328213714185563	0.07851157199285584
UP000009294	0.009324656077675691	0.018947273721209513	0.028271929798885202	0.028271929798885202	0.028271929798885202	0.013913665148125946	0.028271929798885202	0.013913665148125946	0.013913665148125946	0.028271929798885202	0.013913665148125946	0.018502674218576202	0.11489453081465775	0.11489453081465775	0.11489453081465775	0.056543859597770404	0.056543859597770404	0.07978218082357205	0.14316646061354293	0.07549113331897991
UP000008446	0.01976592234413475	0.011321009846736181	0.03108693219087093	0.03108693219087093	0.03108693219087093	0.0542762435437052	0.03108693219087093	0.0542762435437052	0.0542762435437052	0.03108693219087093	0.0542762435437052	0.08878656474327565	0.03561032562106584	0.03561032562106584	0.03561032562106584	0.06217386438174186	0.06217386438174186	0.13621603026958182	0.06669725781193676	0.07349487422847803
UP000002326	0.01872943542680028	0.01368879741627954	0.03241823284307982	0.03241823284307982	0.03241823284307982	0.044355627468293905	0.03241823284307982	0.044355627468293905	0.044355627468293905	0.03241823284307982	0.044355627468293905	0.06998181950978755	0.04738707941486651	0.04738707941486651	0.04738707941486651	0.06483646568615964	0.06483646568615964	0.12792152858125383	0.07980531225794633	0.07852526310243918
UP000007219	0.01595736727880654	0.016746114322002088	0.03270348160080863	0.03270348160080863	0.03270348160080863	0.031163137738415017	0.03270348160080863	0.031163137738415017	0.031163137738415017	0.03270348160080863	0.031163137738415017	0.04636890819802349	0.06863992437424084	0.06863992437424084	0.06863992437424084	0.06540696320161726	0.06540696320161726	0.11252746821883881	0.10134340597504947	0.08215307752361936
UP000006540	0.018505296360221992	0.01403878725908872	0.03254408361931071	0.03254408361931071	0.03254408361931071	0.04289814362400153	0.03254408361931071	0.04289814362400153	0.04289814362400153	0.03254408361931071	0.04289814362400153	0.06729099088778105	0.04937823827080998	0.04937823827080998	0.04937823827080998	0.06508816723862142	0.06508816723862142	0.12649160722284494	0.08192232189012069	0.07912695449771015
UP000000840	0.01705299816723731	0.015789691769877025	0.03284268993711433	0.03284268993711433	0.03284268993711433	0.03547037772917311	0.03284268993711433	0.03547037772917311	0.03547037772917311	0.03284268993711433	0.03547037772917311	0.05388775729110891	0.06081932876729907	0.06081932876729907	0.06081932876729907	0.06568537987422866	0.06568537987422866	0.11820875577063908	0.0936620187044134	0.08147507164410568
UP000201106	0.01769579802730773	0.015101703879638767	0.0327975019069465	0.0327975019069465	0.0327975019069465	0.038431290546497465	0.0327975019069465	0.038431290546497465	0.038431290546497465	0.0327975019069465	0.038431290546497465	0.0591667830656872	0.055979183422670345	0.055979183422670345	0.055979183422670345	0.065595003813893	0.065595003813893	0.1217220923876982	0.08877668532961684	0.08069670769353177
UP000008920	0.018410271076840425	0.014178459151532825	0.03258873022837325	0.03258873022837325	0.03258873022837325	0.042315413201265466	0.03258873022837325	0.042315413201265466	0.042315413201265466	0.03258873022837325	0.042315413201265466	0.0662205553256905	0.050195673753502555	0.050195673753502555	0.050195673753502555	0.0651774604567465	0.0651774604567465	0.1259031447348524	0.08278440398187581	0.07935591960827931
UP000009253	0.019081862511357454	0.01306441499366423	0.032146277505021685	0.032146277505021685	0.032146277505021685	0.046952798720819026	0.032146277505021685	0.046952798720819026	0.046952798720819026	0.032146277505021685	0.046952798720819026	0.07482373493028059	0.044017957846319296	0.044017957846319296	0.044017957846319296	0.06429255501004337	0.06429255501004337	0.13032721624221985	0.076164235351341	0.0773569700037076
UP000008286	0.019658690412189584	0.011684287344690417	0.03134297775688	0.03134297775688	0.03134297775688	0.052734230008357766	0.03134297775688	0.052734230008357766	0.052734230008357766	0.03134297775688	0.052734230008357766	0.08580976960452594	0.037257859060901365	0.037257859060901365	0.037257859060901365	0.06268595551376	0.06268595551376	0.13507887593430737	0.06860083681778135	0.07437024285845042
UP000007908	0.01712396368401447	0.015719026570323334	0.0328429902543378	0.0328429902543378	0.0328429902543378	0.0357784351259706	0.0328429902543378	0.0357784351259706	0.0357784351259706	0.0328429902543378	0.0357784351259706	0.05443290656792674	0.06029676843320384	0.06029676843320384	0.06029676843320384	0.0656859805086756	0.0656859805086756	0.11858837931866067	0.09313975868754164	0.08140500707899893
UP000007670	0.017071388533125693	0.01577149443880302	0.032842882971928715	0.032842882971928715	0.032842882971928715	0.03554980905185071	0.032842882971928715	0.03554980905185071	0.03554980905185071	0.032842882971928715	0.03554980905185071	0.05402822957057574	0.06068414940482784	0.06068414940482784	0.06068414940482784	0.06568576594385743	0.06568576594385743	0.11830696352883384	0.09352703237675655	0.08145726038266045
UP000002501	0.01950807776119532	0.01211395648529645	0.03162203424649177	0.03162203424649177	0.03162203424649177	0.0509235032993968	0.03162203424649177	0.0509235032993968	0.0509235032993968	0.03162203424649177	0.0509235032993968	0.08233892883759827	0.03927275168038736	0.03927275168038736	0.03927275168038736	0.06324406849298354	0.06324406849298354	0.13367564955357567	0.07089478592687913	0.07535802497828
UP000008167	0.014332750339768786	0.01779606350598496	0.032128813845753744	0.032128813845753744	0.032128813845753744	0.02587618702356435	0.032128813845753744	0.02587618702356435	0.02587618702356435	0.032128813845753744	0.02587618702356435	0.03741962370735991	0.07978460491068963	0.07978460491068963	0.07978460491068963	0.06425762769150749	0.06425762769150749	0.10446656505484063	0.11191341875644337	0.08205369119749245
UP000110594	0.006265619205891008	0.018017402596844482	0.024283021802735488	0.024283021802735488	0.024283021802735488	0.008444511741716666	0.024283021802735488	0.008444511741716666	0.008444511741716666	0.024283021802735488	0.008444511741716666	0.010623404277542324	0.13965642204252665	0.13965642204252665	0.13965642204252665	0.048566043605470975	0.048566043605470975	0.06327617455307866	0.16393944384526213	0.06658344620231547
UP000008447	0.01802654710653966	0.01469910464890385	0.03272565175544351	0.03272565175544351	0.03272565175544351	0.040133771209371394	0.03272565175544351	0.040133771209371394	0.040133771209371394	0.03272565175544351	0.040133771209371394	0.06224099531220313	0.05336993013846092	0.05336993013846092	0.05336993013846092	0.06545130351088702	0.06545130351088702	0.12361162182679808	0.08609558189390444	0.08015040815979087
UP000002325	0.01781471827357926	0.014961273149212992	0.03277599142279226	0.03277599142279226	0.03277599142279226	0.03902709665888353	0.03277599142279226	0.03902709665888353	0.03902709665888353	0.03277599142279226	0.03902709665888353	0.0602394750441878	0.05505229472417964	0.05505229472417964	0.05505229472417964	0.06555198284558451	0.06555198284558451	0.12239379777804729	0.08782828614697188	0.08051325599479749
UP000006541	0.01669469636499264	0.01612897709780742	0.03282367346280006	0.03282367346280006	0.03282367346280006	0.033974954438964776	0.03282367346280006	0.033974954438964776	0.033974954438964776	0.03282367346280006	0.033974954438964776	0.05125521251293691	0.06342280997185956	0.06342280997185956	0.06342280997185956	0.06564734692560012	0.06564734692560012	0.11631699772955752	0.09624648343465962	0.08177632402340754
UP000138352	0.01890974912934784	0.013382485616476127	0.03229223474582397	0.03229223474582397	0.03229223474582397	0.04562964425067203	0.03229223474582397	0.04562964425067203	0.04562964425067203	0.03229223474582397	0.04562964425067203	0.0723495393719962	0.04570662086036504	0.04570662086036504	0.04570662086036504	0.06458446949164794	0.06458446949164794	0.1291238628716678	0.077998855606189	0.07796695510812407
UP000006711	0.012710396453087122	0.01849609966829876	0.03120649612138588	0.03120649612138588	0.03120649612138588	0.02144489620665107	0.03120649612138588	0.02144489620665107	0.02144489620665107	0.03120649612138588	0.02144489620665107	0.030179395960215016	0.09082304626608888	0.09082304626608888	0.09082304626608888	0.06241299224277176	0.06241299224277176	0.09656828490250995	0.12202954238747477	0.08090909191107053
UP000008622	0.0199008976454373	0.0107307983555993	0.0306316960010366	0.0306316960010366	0.0306316960010366	0.05680828458627162	0.0306316960010366	0.05680828458627162	0.05680828458627162	0.0306316960010366	0.05680828458627162	0.09371567152710594	0.03303394238123758	0.03303394238123758	0.03303394238123758	0.0612633920020732	0.0612633920020732	0.13797257423378215	0.06366563838227418	0.0719941903576725
UP000001189	0.014059189417867667	0.017936916250334743	0.03199610566820241	0.03199610566820241	0.03199610566820241	0.025078965857075457	0.03199610566820241	0.025078965857075457	0.025078965857075457	0.03199610566820241	0.025078965857075457	0.036098742296283244	0.08164218443177523	0.08164218443177523	0.08164218443177523	0.06399221133640481	0.06399221133640481	0.10313036661134793	0.11363829009997765	0.08192912758673956
UP000516359	0.019986305320320818	0.010145903241065039	0.030132208561385855	0.030132208561385855	0.030132208561385855	0.059357112518670645	0.030132208561385855	0.059357112518670645	0.059357112518670645	0.030132208561385855	0.059357112518670645	0.09872791971702047	0.030592795176863145	0.030592795176863145	0.030592795176863145	0.06026441712277171	0.06026441712277171	0.13960783496176318	0.06072500373824901	0.07041032036383675
UP000002477	0.017448382217209724	0.015379882927440964	0.03282826514465069	0.03282826514465069	0.03282826514465069	0.03724346410659423	0.03282826514465069	0.03724346410659423	0.03724346410659423	0.03282826514465069	0.03724346410659423	0.057038545995978726	0.057872972789159725	0.057872972789159725	0.057872972789159725	0.06565653028930138	0.06565653028930138	0.12034837661310532	0.09070123793381042	0.08103641321674235
UP000009104	0.018851103174744924	0.01348484967236048	0.03233595284710541	0.03233595284710541	0.03233595284710541	0.04520394355035978	0.03233595284710541	0.04520394355035978	0.04520394355035978	0.03233595284710541	0.04520394355035978	0.07155678392597464	0.04626206319213501	0.04626206319213501	0.04626206319213501	0.06467190569421082	0.06467190569421082	0.1287269524193155	0.0785980160392404	0.07815675536657128
UP000007218	0.018911245230383955	0.013379837155752309	0.03229108238613627	0.03229108238613627	0.03229108238613627	0.045640658451229034	0.03229108238613627	0.045640658451229034	0.045640658451229034	0.03229108238613627	0.045640658451229034	0.07237007167207411	0.045692329473400094	0.045692329473400094	0.045692329473400094	0.06458216477227254	0.06458216477227254	0.12913406845388553	0.07798341185953636	0.07796200192802483
UP000000518	0.012888419380372154	0.01843480749457211	0.031323226874944265	0.031323226874944265	0.031323226874944265	0.021899164633516887	0.031323226874944265	0.021899164633516887	0.021899164633516887	0.031323226874944265	0.021899164633516887	0.03090990988666162	0.08960565923666142	0.08960565923666142	0.08960565923666142	0.06264645374988853	0.06264645374988853	0.09743403776377758	0.12092888611160568	0.08108126124446063
UP000008774	0.012502791612721505	0.018562868837163498	0.031065660449885003	0.031065660449885003	0.031065660449885003	0.02092389287042051	0.031065660449885003	0.02092389287042051	0.02092389287042051	0.031065660449885003	0.02092389287042051	0.029344994128119518	0.09224624358040445	0.09224624358040445	0.09224624358040445	0.062131320899770005	0.062131320899770005	0.09555800538291202	0.12331190403028947	0.0806941897369335
UP000001833	0.019054544940442335	0.01311682331294377	0.0321713682533861	0.0321713682533861	0.0321713682533861	0.04673469845208194	0.0321713682533861	0.04673469845208194	0.04673469845208194	0.0321713682533861	0.04673469845208194	0.07441485196372154	0.044292440930422755	0.044292440930422755	0.044292440930422755	0.0643427365067722	0.0643427365067722	0.13013197989929648	0.07646380918380885	0.07745955981971597
UP000002138	0.01415355230107878	0.017889414473915295	0.032042966774994075	0.032042966774994075	0.032042966774994075	0.025351405815595147	0.032042966774994075	0.025351405815595147	0.025351405815595147	0.032042966774994075	0.025351405815595147	0.036549259330111515	0.08100156079800187	0.08100156079800187	0.08100156079800187	0.06408593354998815	0.06408593354998815	0.10359089166666208	0.11304452757299595	0.08197534802390345
UP000008478	0.019206748616686507	0.012814113785235502	0.03202086240192201	0.03202086240192201	0.03202086240192201	0.047995254681743996	0.03202086240192201	0.047995254681743996	0.047995254681743996	0.03202086240192201	0.047995254681743996	0.07678376074680149	0.042726541853431624	0.042726541853431624	0.042726541853431624	0.06404172480384401	0.06404172480384401	0.13124372810227453	0.07474740425535364	0.07685583858907952
UP000158064	0.019102869242627715	0.013023572789118492	0.03212644203174621	0.03212644203174621	0.03212644203174621	0.047122800425093335	0.03212644203174621	0.047122800425093335	0.047122800425093335	0.03212644203174621	0.047122800425093335	0.07514273160755895	0.04380504843975876	0.04380504843975876	0.04380504843975876	0.06425288406349242	0.06425288406349242	0.13047855373121345	0.07593149047150498	0.07727645685261089
UP000001065	0.02001473738901559	0.009781570112720815	0.029796307501736403	0.029796307501736403	0.029796307501736403	0.060968255907509504	0.029796307501736403	0.060968255907509504	0.060968255907509504	0.029796307501736403	0.060968255907509504	0.10192177442600342	0.029124006502166636	0.029124006502166636	0.029124006502166636	0.05959261500347281	0.05959261500347281	0.1405756082999979	0.05892031400390303	0.06937418511619362
UP000002473	0.0179717610942957	0.014768468666108198	0.032740229760403895	0.032740229760403895	0.032740229760403895	0.039841611254972764	0.032740229760403895	0.039841611254972764	0.039841611254972764	0.032740229760403895	0.039841611254972764	0.06171146141564983	0.053809201535756	0.053809201535756	0.053809201535756	0.06548045952080779	0.06548045952080779	0.12329383187007627	0.0865494312961599	0.08024892818691598
UP000001594	0.014728663554416209	0.017574872347135697	0.032303535901551904	0.032303535901551904	0.032303535901551904	0.02707205506329072	0.032303535901551904	0.02707205506329072	0.02707205506329072	0.032303535901551904	0.02707205506329072	0.03941544657216524	0.07709192592163772	0.07709192592163772	0.07709192592163772	0.06460707180310381	0.06460707180310381	0.10640779042081074	0.10939546182318963	0.08218194415023951
UP000000868	0.019207981903334618	0.012811546844108903	0.032019528747443515	0.032019528747443515	0.032019528747443515	0.04800595402084531	0.032019528747443515	0.04800595402084531	0.04800595402084531	0.032019528747443515	0.04800595402084531	0.076803926138356	0.04271346094958031	0.04271346094958031	0.04271346094958031	0.06403905749488703	0.06403905749488703	0.13125299341906696	0.07473298969702383	0.07685060433899595
UP000009165	0.018896492437312597	0.013405871063365634	0.03230236350067823	0.03230236350067823	0.03230236350067823	0.04553239134650034	0.03230236350067823	0.04553239134650034	0.04553239134650034	0.03230236350067823	0.04553239134650034	0.07216829025568809	0.04583298425023965	0.04583298425023965	0.04583298425023965	0.06460472700135646	0.06460472700135646	0.1290336107851694	0.07813534775091786	0.0780105980647221
UP000002243	0.019432615457910182	0.012305408172778845	0.031738023630689026	0.031738023630689026	0.031738023630689026	0.05012046735463708	0.031738023630689026	0.05012046735463708	0.05012046735463708	0.031738023630689026	0.05012046735463708	0.08080831925136397	0.040195241471106556	0.040195241471106556	0.040195241471106556	0.06347604726137805	0.06347604726137805	0.1330291300739253	0.07193326510179558	0.0757814554341569
UP000242267	0.019786660965738997	0.01124257685135563	0.03102923781709463	0.03102923781709463	0.03102923781709463	0.054610701517073174	0.03102923781709463	0.054610701517073174	0.054610701517073174	0.03102923781709463	0.054610701517073174	0.08943474206840733	0.03526098631817821	0.03526098631817821	0.03526098631817821	0.06205847563418926	0.06205847563418926	0.13645583811700143	0.06629022413527284	0.07330105248554489
UP000158680	0.011415377414047691	0.01883029077178504	0.03024566818583273	0.03024566818583273	0.03024566818583273	0.018335655124278566	0.03024566818583273	0.018335655124278566	0.018335655124278566	0.03024566818583273	0.018335655124278566	0.025255932834509436	0.09978377514269351	0.09978377514269351	0.09978377514269351	0.06049133637166546	0.06049133637166546	0.09024236890999172	0.13002944332852626	0.07932162714345051
UP000153037	0.013186123325142974	0.018323924263312735	0.03151004758845571	0.03151004758845571	0.03151004758845571	0.022675021327957866	0.03151004758845571	0.022675021327957866	0.022675021327957866	0.03151004758845571	0.022675021327957866	0.03216391933077276	0.08757505315353661	0.08757505315353661	0.08757505315353661	0.06302009517691141	0.06302009517691141	0.09888123983001225	0.11908510074199233	0.08134401944022415
UP000000373	0.018766271994012585	0.013628183721813753	0.03239445571582634	0.03239445571582634	0.03239445571582634	0.04460779069834003	0.03239445571582634	0.04460779069834003	0.04460779069834003	0.03239445571582634	0.04460779069834003	0.07044930940266748	0.047050111413102745	0.047050111413102745	0.047050111413102745	0.06478891143165268	0.06478891143165268	0.1281629741240053	0.07944456712892907	0.07841709515346643
UP000000522	0.018448016381872875	0.014123548856766737	0.03257156523863961	0.03257156523863961	0.03257156523863961	0.04254460229503696	0.03257156523863961	0.04254460229503696	0.04254460229503696	0.03257156523863961	0.04254460229503696	0.06664118820820103	0.04987268912459508	0.04987268912459508	0.04987268912459508	0.06514313047727922	0.06514313047727922	0.12613574915418904	0.0824442543632347	0.07926667933404596
UP000007081	0.018769753056806112	0.01362240630742989	0.032392159364236006	0.032392159364236006	0.032392159364236006	0.04463182337409873	0.032392159364236006	0.04463182337409873	0.04463182337409873	0.032392159364236006	0.04463182337409873	0.07049389369139135	0.04701810990258473	0.04701810990258473	0.04701810990258473	0.06478431872847201	0.06478431872847201	0.12818589515937684	0.07941026926682072	0.07840672503590189
UP000002246	0.019986424357434363	0.010144761747134478	0.03013118610456884	0.03013118610456884	0.03013118610456884	0.05936213061374714	0.03013118610456884	0.05936213061374714	0.05936213061374714	0.03013118610456884	0.05936213061374714	0.09873783687005992	0.030588133097025755	0.030588133097025755	0.030588133097025755	0.06026237220913768	0.06026237220913768	0.13961092718031917	0.06071931920159459	0.07040713395627216
UP000006723	0.016263562717126537	0.01650206466690761	0.03276562738403415	0.03276562738403415	0.03276562738403415	0.03229207051859759	0.03276562738403415	0.03229207051859759	0.03229207051859759	0.03276562738403415	0.03229207051859759	0.048320578320068634	0.06649225773559926	0.06649225773559926	0.06649225773559926	0.0655312547680683	0.0655312547680683	0.11408688800379244	0.0992578851196334	0.08203331943497591
UP000000469	0.01917969988872677	0.01286991888845914	0.032049618777185915	0.032049618777185915	0.032049618777185915	0.04776269959601303	0.032049618777185915	0.04776269959601303	0.04776269959601303	0.032049618777185915	0.04776269959601303	0.07634569930329928	0.04301172557041524	0.04301172557041524	0.04301172557041524	0.06409923755437183	0.06409923755437183	0.13104163703911162	0.07506134434760116	0.07696915644283098
UP000000869	0.011640563231809734	0.018786258214820505	0.03042682144663024	0.03042682144663024	0.03042682144663024	0.018853426528177203	0.03042682144663024	0.018853426528177203	0.018853426528177203	0.03042682144663024	0.018853426528177203	0.02606628982454467	0.09820935859712136	0.09820935859712136	0.09820935859712136	0.06085364289326048	0.06085364289326048	0.09134763265324741	0.1286361800437516	0.07963990110808099
UP000126245	0.01822369700885561	0.01443967466442461	0.03266337167328022	0.03266337167328022	0.03266337167328022	0.04122304709039061	0.03266337167328022	0.04122304709039061	0.04122304709039061	0.03266337167328022	0.04122304709039061	0.0642223971719256	0.051762105150909433	0.051762105150909433	0.051762105150909433	0.06532674334656044	0.06532674334656044	0.12477348744580666	0.08442547682418966	0.07976641801098507
