Proteome_ID	M	W	C	D	E	F	H	K	N	Q	Y	I	A	G	P	T	V	L	R	S
UP000002036	0.01628350495303363	0.03173714534051272	0.03173714534051272	0.03173714534051272	0.03173714534051272	0.03344143841771446	0.03173714534051272	0.048895078805193545	0.03344143841771446	0.03173714534051272	0.05059937188239527	0.05059937188239527	0.06023941804077865	0.06023941804077865	0.06023941804077865	0.06347429068102543	0.06347429068102543	0.09691572909873987	0.06023941804077865	0.11149494097457177
UP000001300	0.014599818134273329	0.031532677066749004	0.031532677066749004	0.031532677066749004	0.031532677066749004	0.02718804617088947	0.031532677066749004	0.044120905103365145	0.02718804617088947	0.031532677066749004	0.03977627420750561	0.03977627420750561	0.07314315392479337	0.07314315392479337	0.07314315392479337	0.06306535413349801	0.06306535413349801	0.09025340030438748	0.07314315392479337	0.10919784933452036
UP000000267	0.018858610096161382	0.02865362243403462	0.02865362243403462	0.02865362243403462	0.02865362243403462	0.05516761742470758	0.02865362243403462	0.06496262976258083	0.05516761742470758	0.02865362243403462	0.09147662475325377	0.09147662475325377	0.0297649279384867	0.0297649279384867	0.0297649279384867	0.05730724486806924	0.05730724486806924	0.11247486229277683	0.0297649279384867	0.10481947739826525
UP000000314	0.017970340849688276	0.03100568067671353	0.03100568067671353	0.03100568067671353	0.03100568067671353	0.04274400648013548	0.03100568067671353	0.055779346307160735	0.04274400648013548	0.03100568067671353	0.0675176721105827	0.0675176721105827	0.044981849545296985	0.044981849545296985	0.044981849545296985	0.06201136135342706	0.06201136135342706	0.10475536783356254	0.044981849545296985	0.11098738287982886
UP000007796	0.011745020797183547	0.030094358589953425	0.030094358589953425	0.030094358589953425	0.030094358589953425	0.019262758771391435	0.030094358589953425	0.037612096564161306	0.019262758771391435	0.030094358589953425	0.026780496745599326	0.026780496745599326	0.09403330329669936	0.09403330329669936	0.09403330329669936	0.06018871717990685	0.06018871717990685	0.07945147595129827	0.09403330329669936	0.10202809656704381
UP000029964	0.011510128913443829	0.02992633517495396	0.02992633517495396	0.02992633517495396	0.02992633517495396	0.018703959484346222	0.02992633517495396	0.03712016574585636	0.018703959484346222	0.02992633517495396	0.025897790055248615	0.025897790055248615	0.09576427255985269	0.09576427255985269	0.09576427255985269	0.05985267034990792	0.05985267034990792	0.07855662983425415	0.09576427255985269	0.1012891344383057
UP000002037	0.0188670998440168	0.02819416790612573	0.02819416790612573	0.02819416790612573	0.02819416790612573	0.05703208954428619	0.02819416790612573	0.06635915760639512	0.05703208954428619	0.02819416790612573	0.09519707924455556	0.09519707924455556	0.02787592424792891	0.02787592424792891	0.02787592424792891	0.05638833581225146	0.05638833581225146	0.11342042535653765	0.02787592424792891	0.10344960356239398
UP000009058	0.01302811442211808	0.030883655094745204	0.030883655094745204	0.030883655094745204	0.030883655094745204	0.02253394616968331	0.030883655094745204	0.04038948684231043	0.02253394616968331	0.030883655094745204	0.032039777917248546	0.032039777917248546	0.0846545158871821	0.0846545158871821	0.0846545158871821	0.06176731018949041	0.06176731018949041	0.08430125635917371	0.0846545158871821	0.10567907970635369
UP000054166	0.016638899529032695	0.03169023433235952	0.03169023433235952	0.03169023433235952	0.03169023433235952	0.035032814829890346	0.03169023433235952	0.05008414963321717	0.035032814829890346	0.03169023433235952	0.05342673013074799	0.05342673013074799	0.05733315789303942	0.05733315789303942	0.05733315789303942	0.06338046866471904	0.06338046866471904	0.09841328349460939	0.05733315789303942	0.11170960252611126
UP000016922	0.016793065709409697	0.031656755757304235	0.031656755757304235	0.031656755757304235	0.031656755757304235	0.035765948957906836	0.031656755757304235	0.05062963900580137	0.035765948957906836	0.031656755757304235	0.05473883220640398	0.05473883220640398	0.056039345482321805	0.056039345482321805	0.056039345482321805	0.06331351151460847	0.06331351151460847	0.0990794604725153	0.056039345482321805	0.11176333298132238
UP000009082	0.018688670758272314	0.026577487160340148	0.026577487160340148	0.026577487160340148	0.026577487160340148	0.06296228506365179	0.026577487160340148	0.07085110146571962	0.06296228506365179	0.026577487160340148	0.10723589936903127	0.10723589936903127	0.022437648920903906	0.022437648920903906	0.022437648920903906	0.053154974320680295	0.053154974320680295	0.11611725938433208	0.022437648920903906	0.09842113223929276
UP000005206	0.013778459066371084	0.031240190869965673	0.031240190869965673	0.031240190869965673	0.031240190869965673	0.02465057280508872	0.031240190869965673	0.04211230460868331	0.02465057280508872	0.031240190869965673	0.03552268654380636	0.03552268654380636	0.07918270567655267	0.07918270567655267	0.07918270567655267	0.06248038173993135	0.06248038173993135	0.08713095454502007	0.07918270567655267	0.1074990316762681
UP000016927	0.01881741999986289	0.029095885080679205	0.029095885080679205	0.029095885080679205	0.029095885080679205	0.05326763145333387	0.029095885080679205	0.06354609653415018	0.05326763145333387	0.029095885080679205	0.08771784290680486	0.08771784290680486	0.03178555177058116	0.03178555177058116	0.03178555177058116	0.05819177016135841	0.05819177016135841	0.11145940161469227	0.03178555177058116	0.10610507524190049
UP000249829	0.010853022786408961	0.029418178583683344	0.029418178583683344	0.029418178583683344	0.029418178583683344	0.017197602109551784	0.029418178583683344	0.03576275790682617	0.017197602109551784	0.029418178583683344	0.023542181432694605	0.023542181432694605	0.1006453371427653	0.1006453371427653	0.1006453371427653	0.05883635716736669	0.05883635716736669	0.07603395927691849	0.1006453371427653	0.099107558537459
UP000000559	0.01878264191095356	0.029316292014084422	0.029316292014084422	0.029316292014084422	0.029316292014084422	0.052274131916896685	0.029316292014084422	0.06280778202002754	0.052274131916896685	0.029316292014084422	0.08576562192283979	0.08576562192283979	0.032882228587607386	0.032882228587607386	0.032882228587607386	0.058632584028168844	0.058632584028168844	0.11090671594506551	0.032882228587607386	0.10673151795320682
UP000005221	0.018191701752607214	0.030751069001973025	0.030751069001973025	0.030751069001973025	0.030751069001973025	0.044541597100441956	0.030751069001973025	0.05710096434980776	0.044541597100441956	0.030751069001973025	0.0708914924482767	0.0708914924482767	0.04246045522937584	0.04246045522937584	0.04246045522937584	0.06150213800394605	0.06150213800394605	0.10604373510438798	0.04246045522937584	0.11044490875852628
UP000001312	0.016940501814283707	0.03161633681646702	0.03161633681646702	0.03161633681646702	0.03161633681646702	0.03649513715033483	0.03161633681646702	0.05117097215251814	0.03649513715033483	0.03161633681646702	0.05604977248638596	0.05604977248638596	0.054779503887033176	0.054779503887033176	0.054779503887033176	0.06323267363293404	0.06323267363293404	0.09972781078326887	0.054779503887033176	0.11178951226368475
UP000193067	0.008935939299654182	0.027608051269080832	0.027608051269080832	0.027608051269080832	0.027608051269080832	0.013212424535917255	0.027608051269080832	0.031884536505343904	0.013212424535917255	0.027608051269080832	0.017488909772180327	0.017488909772180327	0.11537693067675571	0.11537693067675571	0.11537693067675571	0.055216102538161664	0.055216102538161664	0.06842852707407891	0.11537693067675571	0.09176009310689669
UP000007963	0.013262999474958705	0.031003935798435002	0.031003935798435002	0.031003935798435002	0.031003935798435002	0.023178324791806825	0.031003935798435002	0.04091926111528312	0.023178324791806825	0.031003935798435002	0.03309365010865494	0.03309365010865494	0.08294335709138602	0.08294335709138602	0.08294335709138602	0.062007871596870004	0.062007871596870004	0.08518619638867683	0.08294335709138602	0.10627480687026371
UP000002038	0.015120873671135996	0.03165895854987943	0.03165895854987943	0.03165895854987943	0.03165895854987943	0.02894598233727473	0.03165895854987943	0.04548406721601816	0.02894598233727473	0.03165895854987943	0.04277109100341347	0.04277109100341347	0.06925241954371683	0.06925241954371683	0.06925241954371683	0.06331791709975886	0.06331791709975886	0.09226389943703359	0.06925241954371683	0.11009774932077426
UP000005222	0.017334231628815117	0.031461330149772454	0.031461330149772454	0.031461330149772454	0.031461330149772454	0.03860367954238799	0.031461330149772454	0.05273077806334532	0.03860367954238799	0.031461330149772454	0.05987312745596085	0.05987312745596085	0.051280878223337996	0.051280878223337996	0.051280878223337996	0.06292266029954491	0.06292266029954491	0.10152633984193289	0.051280878223337996	0.11171822207813246
UP000000560	0.014461578573372089	0.03149111689659917	0.03149111689659917	0.03149111689659917	0.03149111689659917	0.026742431457596583	0.03149111689659917	0.043771969780823664	0.026742431457596583	0.03149111689659917	0.03902328434182108	0.03902328434182108	0.07416606414175321	0.07416606414175321	0.07416606414175321	0.06298223379319834	0.06298223379319834	0.08972466525079492	0.07416606414175321	0.1089349292631696
UP000016930	0.013809939086648184	0.03125335032699892	0.03125335032699892	0.03125335032699892	0.03125335032699892	0.02474326026729923	0.03125335032699892	0.042186671507649966	0.02474326026729923	0.03125335032699892	0.03567658144795028	0.03567658144795028	0.07895256292906788	0.07895256292906788	0.07895256292906788	0.06250670065399784	0.06250670065399784	0.08724996092129707	0.07895256292906788	0.10756999006764495
UP000002058	0.015161234579100562	0.03166662970856516	0.03166662970856516	0.03166662970856516	0.03166662970856516	0.029087773880917985	0.03166662970856516	0.04559316901038258	0.029087773880917985	0.03166662970856516	0.04301431318273541	0.04301431318273541	0.06894824204867855	0.06894824204867855	0.06894824204867855	0.06333325941713032	0.06333325941713032	0.0924210332980483	0.06894824204867855	0.11016112370479605
UP000030143	0.014916765795041757	0.03161540127938411	0.03161540127938411	0.03161540127938411	0.03161540127938411	0.028241800765280274	0.03161540127938411	0.04494043624962263	0.028241800765280274	0.03161540127938411	0.041566835735518795	0.041566835735518795	0.07078398480066346	0.07078398480066346	0.07078398480066346	0.06323080255876821	0.06323080255876821	0.0914726033240485	0.07078398480066346	0.1097629696331941
UP000005426	0.01277285571664393	0.030744257457952288	0.030744257457952288	0.030744257457952288	0.030744257457952288	0.02185093685392121	0.030744257457952288	0.039822338595229566	0.02185093685392121	0.030744257457952288	0.03092901799119849	0.03092901799119849	0.08651431038950941	0.08651431038950941	0.08651431038950941	0.061488514915904575	0.061488514915904575	0.0833394517698258	0.08651431038950941	0.10500562809050079
UP000016932	0.014419098417504607	0.03147769913526551	0.03147769913526551	0.03147769913526551	0.03147769913526551	0.026607108595690786	0.03147769913526551	0.043665709313451685	0.026607108595690786	0.03147769913526551	0.03879511877387696	0.03879511877387696	0.07447976087193252	0.07447976087193252	0.07447976087193252	0.06295539827053102	0.06295539827053102	0.0895625068662218	0.07447976087193252	0.10885219582330113
UP000009096	0.015482179456605981	0.03171599509989454	0.03171599509989454	0.03171599509989454	0.03171599509989454	0.03024752396916665	0.03171599509989454	0.046481339612455215	0.03024752396916665	0.03171599509989454	0.045012868481727315	0.045012868481727315	0.06651151652624003	0.06651151652624003	0.06651151652624003	0.06343199019978908	0.06343199019978908	0.09367951416895573	0.06651151652624003	0.1106301647562896
UP000000561	0.014242883095649141	0.03141886431606533	0.03141886431606533	0.03141886431606533	0.03141886431606533	0.026053545687385056	0.03141886431606533	0.04322952690780125	0.026053545687385056	0.03141886431606533	0.03786420827912097	0.03786420827912097	0.07577817213488083	0.07577817213488083	0.07577817213488083	0.06283772863213066	0.06283772863213066	0.08889127431951573	0.07577817213488083	0.10849947604384513
UP000094112	0.018797066891980792	0.027251207293704633	0.027251207293704633	0.027251207293704633	0.027251207293704633	0.06059075696005145	0.027251207293704633	0.06904489736177528	0.06059075696005145	0.027251207293704633	0.10238444702812212	0.10238444702812212	0.024512923628073776	0.024512923628073776	0.024512923628073776	0.054502414587409266	0.054502414587409266	0.11509317154746071	0.024512923628073776	0.1005506887730947
UP000002059	0.015399520213222247	0.0317053089317091	0.0317053089317091	0.0317053089317091	0.0317053089317091	0.02994314192276732	0.0317053089317091	0.04624893064125418	0.02994314192276732	0.0317053089317091	0.044486763632312396	0.044486763632312396	0.06714236048093451	0.06714236048093451	0.06714236048093451	0.0634106178634182	0.0634106178634182	0.09335375978618554	0.06714236048093451	0.11051544700834956
UP000094389	0.01765561636363573	0.03127082640059753	0.03127082640059753	0.03127082640059753	0.03127082640059753	0.04055065715504769	0.03127082640059753	0.054165867192009484	0.04055065715504769	0.03127082640059753	0.06344569794645964	0.06344569794645964	0.04822928417842345	0.04822928417842345	0.04822928417842345	0.06254165280119506	0.06254165280119506	0.10309230995624274	0.04822928417842345	0.11146809556542832
UP000000591	0.014317100084342246	0.03144426236275357	0.03144426236275357	0.03144426236275357	0.03144426236275357	0.026285186302772483	0.03144426236275357	0.043412348581183806	0.026285186302772483	0.03144426236275357	0.03825327252120272	0.03825327252120272	0.07523185296452634	0.07523185296452634	0.07523185296452634	0.06288852472550714	0.06288852472550714	0.08917371102827963	0.07523185296452634	0.10864988717260295
UP000002149	0.015463398440795155	0.03171369424920028	0.03171369424920028	0.03171369424920028	0.03171369424920028	0.030178003895245283	0.03171369424920028	0.0464282997036504	0.030178003895245283	0.03171369424920028	0.04489260934969541	0.04489260934969541	0.06665506482290712	0.06665506482290712	0.06665506482290712	0.06342738849840056	0.06342738849840056	0.09360539239364583	0.06665506482290712	0.11060448118839598
UP000007978	0.015552617717000474	0.031723947954721936	0.031723947954721936	0.031723947954721936	0.031723947954721936	0.030510194755835253	0.031723947954721936	0.04668152499355671	0.030510194755835253	0.031723947954721936	0.04546777179467003	0.04546777179467003	0.06597197309869184	0.06597197309869184	0.06597197309869184	0.06344789590944387	0.06344789590944387	0.09395809066527913	0.06597197309869184	0.11072446158116629
UP000002258	0.01770430177044282	0.031235634819252654	0.031235634819252654	0.031235634819252654	0.031235634819252654	0.040868486706861475	0.031235634819252654	0.05439981975567131	0.040868486706861475	0.031235634819252654	0.06403267164328014	0.06403267164328014	0.04774656275187713	0.04774656275187713	0.04774656275187713	0.06247126963850531	0.06247126963850531	0.1033397563453668	0.04774656275187713	0.11141120622820079
UP000000598	0.018257574739435553	0.03066012258080521	0.03066012258080521	0.03066012258080521	0.03066012258080521	0.04513423263501707	0.03066012258080521	0.057536780476386724	0.04513423263501707	0.03066012258080521	0.07201089053059857	0.07201089053059857	0.041655438091603936	0.041655438091603936	0.041655438091603936	0.06132024516161042	0.06132024516161042	0.10645447779662749	0.041655438091603936	0.11023794248185119
UP000030651	0.014813608469190612	0.03159044494779771	0.03159044494779771	0.03159044494779771	0.03159044494779771	0.027893726175427867	0.03159044494779771	0.04467056265403496	0.027893726175427867	0.03159044494779771	0.040973843881665126	0.040973843881665126	0.07155416997525109	0.07155416997525109	0.07155416997525109	0.06318088989559542	0.06318088989559542	0.0910746160710233	0.07155416997525109	0.10958494331258374
UP000016933	0.013974925571499826	0.03131985747560056	0.03131985747560056	0.03131985747560056	0.03131985747560056	0.02523461490373565	0.03131985747560056	0.042579546807836384	0.02523461490373565	0.03131985747560056	0.03649430423597147	0.03649430423597147	0.07774507168300143	0.07774507168300143	0.07774507168300143	0.06263971495120112	0.06263971495120112	0.08787432985493678	0.07774507168300143	0.1079344979983015
UP000001471	0.01438712617893611	0.031467402561415794	0.031467402561415794	0.031467402561415794	0.031467402561415794	0.026505747391702365	0.031467402561415794	0.04358602377418205	0.026505747391702365	0.031467402561415794	0.03862436860446862	0.03862436860446862	0.07471567651566613	0.07471567651566613	0.07471567651566613	0.06293480512283159	0.06293480512283159	0.08944055251453396	0.07471567651566613	0.1087893338631835
UP000000599	0.01862892289586394	0.029912979016183068	0.029912979016183068	0.029912979016183068	0.029912979016183068	0.04938353493958967	0.029912979016183068	0.0606675910599088	0.04938353493958967	0.029912979016183068	0.0801381469833154	0.0801381469833154	0.03623824478005435	0.03623824478005435	0.03623824478005435	0.059825958032366136	0.059825958032366136	0.1092094929719558	0.03623824478005435	0.10836785994441314
UP000008062	0.013983951418741748	0.03132337544706086	0.03132337544706086	0.03132337544706086	0.03132337544706086	0.02526177108347522	0.03132337544706086	0.04260119511179433	0.02526177108347522	0.03132337544706086	0.036539590748208686	0.036539590748208686	0.07767894389949156	0.07767894389949156	0.07767894389949156	0.06264675089412172	0.06264675089412172	0.08790852197759694	0.07767894389949156	0.10795407775992431
UP000054270	0.016531071836020466	0.03170872258605095	0.03170872258605095	0.03170872258605095	0.03170872258605095	0.03453625198862875	0.03170872258605095	0.049713902738659235	0.03453625198862875	0.03170872258605095	0.05254143214123705	0.05254143214123705	0.058225373637543834	0.058225373637543834	0.058225373637543834	0.0634174451721019	0.0634174451721019	0.09795369716073066	0.058225373637543834	0.11165723959417331
UP000094569	0.015072046603011674	0.03164925714705231	0.03164925714705231	0.03164925714705231	0.03164925714705231	0.02877559390367742	0.03164925714705231	0.04535280444771805	0.02877559390367742	0.03164925714705231	0.042479141204343165	0.042479141204343165	0.06961979525518887	0.06961979525518887	0.06961979525518887	0.06329851429410462	0.06329851429410462	0.09207410819778203	0.06961979525518887	0.1100198180441686
UP000016934	0.014164886850642837	0.031391216988360095	0.031391216988360095	0.031391216988360095	0.031391216988360095	0.02581240654215286	0.031391216988360095	0.04303873667987012	0.02581240654215286	0.031391216988360095	0.037459926233662885	0.037459926233662885	0.07635154067491456	0.07635154067491456	0.07635154067491456	0.06278243397672019	0.06278243397672019	0.08859484051887306	0.07635154067491456	0.10833853781572313
UP000008066	0.013180366657441617	0.030962504195779908	0.030962504195779908	0.030962504195779908	0.030962504195779908	0.022949836995304763	0.030962504195779908	0.04073197453364305	0.022949836995304763	0.030962504195779908	0.03271930733316791	0.03271930733316791	0.08354540089063124	0.08354540089063124	0.08354540089063124	0.061925008391559816	0.061925008391559816	0.08487484538686459	0.08354540089063124	0.10606787924478134
UP000009097	0.015113604515198206	0.031657543343414855	0.031657543343414855	0.031657543343414855	0.031657543343414855	0.028920536698254527	0.031657543343414855	0.045464475526471176	0.028920536698254527	0.031657543343414855	0.042727468881310855	0.042727468881310855	0.06930715435863104	0.06930715435863104	0.06930715435863104	0.06331508668682971	0.06331508668682971	0.09223562338508423	0.06930715435863104	0.11008623454544277
UP000006564	0.014835385152942486	0.03159587414608088	0.03159587414608088	0.03159587414608088	0.03159587414608088	0.02796678321216671	0.03159587414608088	0.0447272722053051	0.02796678321216671	0.03159587414608088	0.04109818127139093	0.04109818127139093	0.07139178327957865	0.07139178327957865	0.07139178327957865	0.06319174829216176	0.06319174829216176	0.09115853150432845	0.07139178327957865	0.10962300759118511
UP000095358	0.01865274250640499	0.029841248083646854	0.029841248083646854	0.029841248083646854	0.029841248083646854	0.04974937114981818	0.029841248083646854	0.060937876727060046	0.04974937114981818	0.029841248083646854	0.08084599979323137	0.08084599979323137	0.03579945099237748	0.03579945099237748	0.03579945099237748	0.05968249616729371	0.05968249616729371	0.10943186731711188	0.03579945099237748	0.10817648675734555
UP000001610	0.013145391506570153	0.030944678061021528	0.030944678061021528	0.030944678061021528	0.030944678061021528	0.02285371983379692	0.030944678061021528	0.040653006388248286	0.02285371983379692	0.030944678061021528	0.032562048161023684	0.032562048161023684	0.08380019596496256	0.08380019596496256	0.08380019596496256	0.061889356122043056	0.061889356122043056	0.08474307595583996	0.08380019596496256	0.10597942568963471
UP000002311	0.018300880221045132	0.030595575518933382	0.030595575518933382	0.030595575518933382	0.030595575518933382	0.04554207723733618	0.030595575518933382	0.05783677253522443	0.04554207723733618	0.030595575518933382	0.07278327425362724	0.07278327425362724	0.04110876350485539	0.04110876350485539	0.04110876350485539	0.061191151037866764	0.061191151037866764	0.10673322827520293	0.04110876350485539	0.11008760677784528
UP000030669	0.011770232821507824	0.0301119660860266	0.0301119660860266	0.0301119660860266	0.0301119660860266	0.019323411066690138	0.0301119660860266	0.03766514433120891	0.019323411066690138	0.0301119660860266	0.02687658931187245	0.02687658931187245	0.09384787172789029	0.09384787172789029	0.09384787172789029	0.0602239321720532	0.0602239321720532	0.07954734323874334	0.09384787172789029	0.1021061310795876
UP000001611	0.012269989435016223	0.030443798925109487	0.030443798925109487	0.030443798925109487	0.030443798925109487	0.0205540336150478	0.030443798925109487	0.03872784310514107	0.0205540336150478	0.030443798925109487	0.028838077795079374	0.028838077795079374	0.09018423442822052	0.09018423442822052	0.09018423442822052	0.06088759785021897	0.06088759785021897	0.08144163146526677	0.09018423442822052	0.10360138621034469
UP000016935	0.015817521255421546	0.03174392407142484	0.03174392407142484	0.03174392407142484	0.03174392407142484	0.03152690532388869	0.03174392407142484	0.04745330813989198	0.03152690532388869	0.03174392407142484	0.04723628939235583	0.04723628939235583	0.06392487338037868	0.06392487338037868	0.06392487338037868	0.06348784814284968	0.06348784814284968	0.09501475346673835	0.06392487338037868	0.11104929346969605
UP000008142	0.01591174556786217	0.031747058030260226	0.031747058030260226	0.031747058030260226	0.031747058030260226	0.031900293164733515	0.031747058030260226	0.047735605627131576	0.031900293164733515	0.031747058030260226	0.047888840761604864	0.047888840761604864	0.06318911794145762	0.06318911794145762	0.06318911794145762	0.06349411606052045	0.06349411606052045	0.09539440922525397	0.06318911794145762	0.11115291965864284
UP000009138	0.018172256494667083	0.03077640200976611	0.03077640200976611	0.03077640200976611	0.03077640200976611	0.04437243846752457	0.03077640200976611	0.0569765839826236	0.04437243846752457	0.03077640200976611	0.07057262044038204	0.07057262044038204	0.042692579149553184	0.042692579149553184	0.042692579149553184	0.06155280401953222	0.06155280401953222	0.1059252424870568	0.042692579149553184	0.11050146252396541
UP000006701	0.01379235413706726	0.03124601776853212	0.03124601776853212	0.03124601776853212	0.03124601776853212	0.024691443099646902	0.03124601776853212	0.04214510673111176	0.024691443099646902	0.03124601776853212	0.035590532062226544	0.035590532062226544	0.07908113126084451	0.07908113126084451	0.07908113126084451	0.06249203553706424	0.06249203553706424	0.08718347863671115	0.07908113126084451	0.10753040744266362
UP000054279	0.016116354686790284	0.03174617791133784	0.03174617791133784	0.03174617791133784	0.03174617791133784	0.03273438578406432	0.03174617791133784	0.04836420900861187	0.03273438578406432	0.03174617791133784	0.04935241688133835	0.04935241688133835	0.06157560545821754	0.06157560545821754	0.06157560545821754	0.06349235582267568	0.06349235582267568	0.09622674160674001	0.06157560545821754	0.11135488842080381
UP000054317	0.011880968555404579	0.030188318519405306	0.030188318519405306	0.030188318519405306	0.030188318519405306	0.01959139164187433	0.030188318519405306	0.03789874160587506	0.01959139164187433	0.030188318519405306	0.027301814728344084	0.027301814728344084	0.09303418477748125	0.09303418477748125	0.09303418477748125	0.06037663703881061	0.06037663703881061	0.07996802868068494	0.09303418477748125	0.1024459241136205
UP000217790	0.01515005292868664	0.03166453624220644	0.03166453624220644	0.03166453624220644	0.03166453624220644	0.0290484050227	0.03166453624220644	0.045562888336219805	0.0290484050227	0.03166453624220644	0.04294675711671336	0.04294675711671336	0.06903255821794592	0.06903255821794592	0.06903255821794592	0.06332907248441288	0.06332907248441288	0.09237747750711288	0.06903255821794592	0.11014366165530597
UP000002428	0.018044288634547337	0.030928228911022856	0.030928228911022856	0.030928228911022856	0.030928228911022856	0.04331577742911688	0.030928228911022856	0.0561997177055924	0.04331577742911688	0.030928228911022856	0.06858726622368641	0.06858726622368641	0.04416660165631165	0.04416660165631165	0.04416660165631165	0.06185645782204571	0.06185645782204571	0.10517223525116258	0.04416660165631165	0.11082897536761592
UP000009297	0.015452147875211233	0.03171227994997186	0.03171227994997186	0.03171227994997186	0.03171227994997186	0.030136461191953463	0.03171227994997186	0.04639659326671409	0.030136461191953463	0.03171227994997186	0.04482077450869569	0.04482077450869569	0.06674099478500843	0.06674099478500843	0.06674099478500843	0.06342455989994372	0.06342455989994372	0.09356102109189719	0.06674099478500843	0.11058898772512685
UP000001628	0.015310373780778399	0.03169218498072148	0.03169218498072148	0.03169218498072148	0.03169218498072148	0.029619386529500653	0.03169218498072148	0.04600119772944374	0.029619386529500653	0.03169218498072148	0.0439283992782229	0.0439283992782229	0.06782008046330737	0.06782008046330737	0.06782008046330737	0.06338436996144296	0.06338436996144296	0.09300375649094361	0.06782008046330737	0.11038692872294285
UP000016936	0.014033551965618913	0.03134248274332678	0.03134248274332678	0.03134248274332678	0.03134248274332678	0.025411526913982897	0.03134248274332678	0.042720457691690764	0.025411526913982897	0.03134248274332678	0.03678950186234688	0.03678950186234688	0.07731540319013183	0.07731540319013183	0.07731540319013183	0.06268496548665356	0.06268496548665356	0.08809649240063645	0.07731540319013183	0.10806100019559926
UP000009328	0.018833079122279883	0.027577188736324434	0.027577188736324434	0.027577188736324434	0.027577188736324434	0.05939579904248413	0.027577188736324434	0.06813990865652869	0.05939579904248413	0.027577188736324434	0.0999585189626884	0.0999585189626884	0.02560791675030398	0.02560791675030398	0.02560791675030398	0.05515437747264887	0.05515437747264887	0.114550176515133	0.02560791675030398	0.1015646453312532
UP000008177	0.01680466886637672	0.03165388263216525	0.03165388263216525	0.03165388263216525	0.03165388263216525	0.03582230172982112	0.03165388263216525	0.05067151549560966	0.03582230172982112	0.03165388263216525	0.05483993459326552	0.05483993459326552	0.05594103322829091	0.05594103322829091	0.05594103322829091	0.0633077652643305	0.0633077652643305	0.09913006699415162	0.05594103322829091	0.11176631676287248
UP000030671	0.014524673200841779	0.0315104875874383	0.0315104875874383	0.0315104875874383	0.0315104875874383	0.02694480960346987	0.0315104875874383	0.043930623990066385	0.02694480960346987	0.0315104875874383	0.03936494600609797	0.03936494600609797	0.07369959874351749	0.07369959874351749	0.07369959874351749	0.0630209751748766	0.0630209751748766	0.08996578477834648	0.07369959874351749	0.10905613596315668
UP000018087	0.013944020658161792	0.03130771657287066	0.03130771657287066	0.03130771657287066	0.03130771657287066	0.02514185049060751	0.03130771657287066	0.042505546405316376	0.02514185049060751	0.03130771657287066	0.03633968032305323	0.03633968032305323	0.07797143789184278	0.07797143789184278	0.07797143789184278	0.06261543314574132	0.06261543314574132	0.08775728363634884	0.07797143789184278	0.10786717037677378
UP000002485	0.018345880467794652	0.03052396884946629	0.03052396884946629	0.03052396884946629	0.03052396884946629	0.04598333222460392	0.03052396884946629	0.058161420606275556	0.04598333222460392	0.03052396884946629	0.0736207839814132	0.0736207839814132	0.04052393026987569	0.04052393026987569	0.04052393026987569	0.06104793769893258	0.06104793769893258	0.1070312699235365	0.04052393026987569	0.10991778701619352
UP000006702	0.014109222121429277	0.03137089319802873	0.03137089319802873	0.03137089319802873	0.03137089319802873	0.025641717902889046	0.03137089319802873	0.04290338897948849	0.025641717902889046	0.03137089319802873	0.03717421368434881	0.03717421368434881	0.07676029693246435	0.07676029693246435	0.07676029693246435	0.06274178639605746	0.06274178639605746	0.0883835042989465	0.07676029693246435	0.10822190171551546
UP000001631	0.015256522671010565	0.031683470359592285	0.031683470359592285	0.031683470359592285	0.031683470359592285	0.029426013462830063	0.031683470359592285	0.045852961151411784	0.029426013462830063	0.031683470359592285	0.043595504254649566	0.043595504254649566	0.06822822230372336	0.06822822230372336	0.06822822230372336	0.06336694071918457	0.06336694071918457	0.09279295418201465	0.06822822230372336	0.11030693374978742
UP000054321	0.016524122741673024	0.031709781699625066	0.031709781699625066	0.031709781699625066	0.031709781699625066	0.03450468144761534	0.031709781699625066	0.049690340405567385	0.03450468144761534	0.031709781699625066	0.05248524015355767	0.05248524015355767	0.05828254099168729	0.05828254099168729	0.05828254099168729	0.06341956339925013	0.06341956339925013	0.09792424484686547	0.05828254099168729	0.11165346784054822
UP000008181	0.009993873392279556	0.02866848250657875	0.02866848250657875	0.02866848250657875	0.02866848250657875	0.015342178396663119	0.02866848250657875	0.034016787510962314	0.015342178396663119	0.02866848250657875	0.020690483401046685	0.020690483401046685	0.1071401815284287	0.1071401815284287	0.1071401815284287	0.0573369650131575	0.0573369650131575	0.07267914340982062	0.1071401815284287	0.09599932091201581
UP000000724	0.014675707926611086	0.03155410093066897	0.03155410093066897	0.03155410093066897	0.03155410093066897	0.027436188328709497	0.03155410093066897	0.04431458133276737	0.027436188328709497	0.03155410093066897	0.040196668730807905	0.040196668730807905	0.07258014660155791	0.07258014660155791	0.07258014660155791	0.06310820186133793	0.06310820186133793	0.09054439019004741	0.07258014660155791	0.10933801071861797
UP000030816	0.014983898693180966	0.03163059275611041	0.03163059275611041	0.03163059275611041	0.03163059275611041	0.028471094360907452	0.03163059275611041	0.045117788423836895	0.028471094360907452	0.03163059275611041	0.04195829002863394	0.04195829002863394	0.0702814149270387	0.0702814149270387	0.0702814149270387	0.06326118551222082	0.06326118551222082	0.09173227987312826	0.0702814149270387	0.1098756769615122
UP000269793	0.014170265045919277	0.03139315459125281	0.03139315459125281	0.03139315459125281	0.03139315459125281	0.02582895976976755	0.03139315459125281	0.04305184931510108	0.02582895976976755	0.03139315459125281	0.03748765449361583	0.03748765449361583	0.07631202835693345	0.07631202835693345	0.07631202835693345	0.06278630918250562	0.06278630918250562	0.08861526895227317	0.07631202835693345	0.10834972881967771
UP000009882	0.014097321777080979	0.031366484739323866	0.031366484739323866	0.031366484739323866	0.031366484739323866	0.025605377015257405	0.031366484739323866	0.04287453997750029	0.025605377015257405	0.031366484739323866	0.037113432253433824	0.037113432253433824	0.07684763745645999	0.07684763745645999	0.07684763745645999	0.06273296947864773	0.06273296947864773	0.08833834649390514	0.07684763745645999	0.10819677599505259
UP000001640	0.018790655884842064	0.029270924784873663	0.029270924784873663	0.029270924784873663	0.029270924784873663	0.052481465915630986	0.029270924784873663	0.06296173481566258	0.052481465915630986	0.029270924784873663	0.08617227594641992	0.08617227594641992	0.032651033000453876	0.032651033000453876	0.032651033000453876	0.058541849569747326	0.058541849569747326	0.11102331548537829	0.032651033000453876	0.10660343023946305
UP000054361	0.013688021231041148	0.031201558885659626	0.031201558885659626	0.031201558885659626	0.031201558885659626	0.024386141103585814	0.031201558885659626	0.04189967875820429	0.024386141103585814	0.031201558885659626	0.035084260976130474	0.035084260976130474	0.07984348755795016	0.07984348755795016	0.07984348755795016	0.06240311777131925	0.06240311777131925	0.08678925887490506	0.07984348755795016	0.10729269788802002
UP000218811	0.010589559799381374	0.029198628929979653	0.029198628929979653	0.029198628929979653	0.029198628929979653	0.0166155880739654	0.029198628929979653	0.03522465720456368	0.0166155880739654	0.029198628929979653	0.02264161634854943	0.02264161634854943	0.10262169808199592	0.10262169808199592	0.10262169808199592	0.058397257859959306	0.058397257859959306	0.0750128459339247	0.10262169808199592	0.09818544658932034
UP000000741	0.01725599780269647	0.022331291274077784	0.022331291274077784	0.022331291274077784	0.022331291274077784	0.0759263903318645	0.022331291274077784	0.08100168380324582	0.0759263903318645	0.022331291274077784	0.13459678286103255	0.13459678286103255	0.01313605369063399	0.01313605369063399	0.01313605369063399	0.04466258254815557	0.04466258254815557	0.12058897288002009	0.01313605369063399	0.08424987162492983
UP000001742	0.018496528877746887	0.025731362508424328	0.025731362508424328	0.025731362508424328	0.025731362508424328	0.06578463500290317	0.025731362508424328	0.07301946863358062	0.06578463500290317	0.025731362508424328	0.11307274112805947	0.11307274112805947	0.020129412179933064	0.020129412179933064	0.020129412179933064	0.051462725016848655	0.051462725016848655	0.11724736001975183	0.020129412179933064	0.09569061640301987
UP000184304	0.014283325528487932	0.03143281497681701	0.03143281497681701	0.03143281497681701	0.03143281497681701	0.026179504057151512	0.03143281497681701	0.04332899350548059	0.026179504057151512	0.03143281497681701	0.03807568258581509	0.03807568258581509	0.0754805633605509	0.0754805633605509	0.0754805633605509	0.06286562995363403	0.06286562995363403	0.08904513401078552	0.0754805633605509	0.10858177045893898
UP000000819	0.01642517475965161	0.03172318663666317	0.03172318663666317	0.03172318663666317	0.03172318663666317	0.034060562158618565	0.03172318663666317	0.04935857403563012	0.034060562158618565	0.03172318663666317	0.05169594955758552	0.05169594955758552	0.05909242282602308	0.05909242282602308	0.05909242282602308	0.06344637327332633	0.06344637327332633	0.09750693543194491	0.05909242282602308	0.11159473466964111
UP000006706	0.01396781891508493	0.03131707868481943	0.03131707868481943	0.03131707868481943	0.03131707868481943	0.02521325346584041	0.03131707868481943	0.04256251323557491	0.02521325346584041	0.03131707868481943	0.03645868801659589	0.03645868801659589	0.07779713305781268	0.07779713305781268	0.07779713305781268	0.06263415736963886	0.06263415736963886	0.08784741083547927	0.07779713305781268	0.10791905496954322
UP000011064	0.013017763502252026	0.030878177194107116	0.030878177194107116	0.030878177194107116	0.030878177194107116	0.022505906919548405	0.030878177194107116	0.040366320611403494	0.022505906919548405	0.030878177194107116	0.031994050336844784	0.031994050336844784	0.08472991826003773	0.08472991826003773	0.08472991826003773	0.06175635438821423	0.06175635438821423	0.08426226130776264	0.08472991826003773	0.10565229508457338
UP000031176	0.014409205552250207	0.03147453126038775	0.03147453126038775	0.03147453126038775	0.03147453126038775	0.02657570083033288	0.03147453126038775	0.04364102653847043	0.02657570083033288	0.03147453126038775	0.038742196108415554	0.038742196108415554	0.07455277468584577	0.07455277468584577	0.07455277468584577	0.0629490625207755	0.0629490625207755	0.08952476335110839	0.07455277468584577	0.10883279933341346
UP000011185	0.017585253393059948	0.03131848065440449	0.03131848065440449	0.03131848065440449	0.03131848065440449	0.040102985825010554	0.03131848065440449	0.0538362130863551	0.040102985825010554	0.03131848065440449	0.06262071825696117	0.06262071825696117	0.048916419080625904	0.048916419080625904	0.048916419080625904	0.06263696130880898	0.06263696130880898	0.10273994713381952	0.048916419080625904	0.11154069535627341
UP000001743	0.01357901783398942	0.03115338220198806	0.03115338220198806	0.03115338220198806	0.03115338220198806	0.024070989064059065	0.03115338220198806	0.0416453534320577	0.024070989064059065	0.03115338220198806	0.034562960294128704	0.034562960294128704	0.08063924752242699	0.08063924752242699	0.08063924752242699	0.06230676440397612	0.06230676440397612	0.08637775346803517	0.08063924752242699	0.1070391644399536
UP000054383	0.016004014870106734	0.031747995492533716	0.031747995492533716	0.031747995492533716	0.031747995492533716	0.032272358823588726	0.031747995492533716	0.0480163394460157	0.032272358823588726	0.031747995492533716	0.048540702777070704	0.048540702777070704	0.06246430410021438	0.06246430410021438	0.06246430410021438	0.06349599098506743	0.06349599098506743	0.09576834980865614	0.06246430410021438	0.11124800134770788
UP000001744	0.017014274151085553	0.03159277768296469	0.03159277768296469	0.03159277768296469	0.03159277768296469	0.036871286515576446	0.03159277768296469	0.05144979004745558	0.036871286515576446	0.03159277768296469	0.056728298880067335	0.056728298880067335	0.054139884774759776	0.054139884774759776	0.054139884774759776	0.06318555536592937	0.06318555536592937	0.10005684188150582	0.054139884774759776	0.11179260719997962
UP000033540	0.014045065141847194	0.031346863178402275	0.031346863178402275	0.031346863178402275	0.031346863178402275	0.025446415129978705	0.031346863178402275	0.042748213166533794	0.025446415129978705	0.031346863178402275	0.036847765118110214	0.036847765118110214	0.0772309833118953	0.0772309833118953	0.0772309833118953	0.06269372635680455	0.06269372635680455	0.08814014148678326	0.0772309833118953	0.10808565467705404
UP000006753	0.011962262115326095	0.030243349719889397	0.030243349719889397	0.030243349719889397	0.030243349719889397	0.01978978955849893	0.030243349719889397	0.03807087716306223	0.01978978955849893	0.030243349719889397	0.027617317001671766	0.027617317001671766	0.09243758753227609	0.09243758753227609	0.09243758753227609	0.060486699439778795	0.060486699439778795	0.08027648899827773	0.09243758753227609	0.1026923112749943
UP000219338	0.015503579752787237	0.031718524739116516	0.031718524739116516	0.031718524739116516	0.031718524739116516	0.030327002549082945	0.031718524739116516	0.046541947535412236	0.030327002549082945	0.031718524739116516	0.04515042534537866	0.04515042534537866	0.06634779088356485	0.06634779088356485	0.06634779088356485	0.06343704947823303	0.06343704947823303	0.093764052027316	0.06634779088356485	0.1106591539701368
UP000184499	0.014248546230330977	0.03142083372373546	0.03142083372373546	0.03142083372373546	0.03142083372373546	0.02607114527287876	0.03142083372373546	0.043243432766283244	0.02607114527287876	0.03142083372373546	0.037893744315426546	0.037893744315426546	0.07573651111688337	0.07573651111688337	0.07573651111688337	0.06284166744747093	0.06284166744747093	0.08891281272034969	0.07573651111688337	0.10851104740153737
