	M	W	C	D	E	F	H	K	N	Q	Y	I	A	G	P	T	V	L	R	S
Start	3411015.0	150597.0	109032.0	756484.0	794504.0	574853.0	339020.0	1213859.0	725252.0	583552.0	343587.0	1069815.0	1280954.0	659983.0	844087.0	1364838.0	890715.0	1484931.0	1158688.0	1318040.0
M	1011990.0	541048.0	393888.0	2299164.0	2546879.0	1628568.0	924422.0	1862390.0	1443752.0	1527885.0	1145858.0	2423470.0	4434834.0	3457658.0	2090473.0	2316517.0	3101578.0	4262062.0	2647319.0	2494872.0
W	541048.0	481058.0	253495.0	1527183.0	1549752.0	1017415.0	608885.0	952617.0	821525.0	937391.0	750576.0	1259194.0	2912249.0	2351807.0	1510577.0	1442813.0	1903196.0	2700139.0	1748392.0	1496234.0
C	393888.0	253495.0	364324.0	1058855.0	1123570.0	646528.0	445385.0	753570.0	608835.0	629922.0	506343.0	927338.0	1960739.0	1526216.0	981515.0	1010367.0	1297235.0	1748526.0	1165589.0	1073211.0
D	2299164.0	1527183.0	1058855.0	6477092.0	6765191.0	4222951.0	2432581.0	4342597.0	3470913.0	3826409.0	3262418.0	6264912.0	12125452.0	8624719.0	5355277.0	6131648.0	8970482.0	11996434.0	7390002.0	6016106.0
E	2546879.0	1549752.0	1123570.0	6765191.0	7903842.0	4507995.0	2572143.0	5243084.0	3789480.0	4284733.0	3441651.0	6892773.0	12710669.0	9052812.0	5595262.0	6338256.0	9214798.0	13014109.0	7965609.0	6434775.0
F	1628568.0	1017415.0	646528.0	4222951.0	4507995.0	3066614.0	1583691.0	3291638.0	2665741.0	2637544.0	2131525.0	4117388.0	7385435.0	6064424.0	3646310.0	4016926.0	5210402.0	7390930.0	4346894.0	4351568.0
H	924422.0	608885.0	445385.0	2432581.0	2572143.0	1583691.0	1137532.0	1584779.0	1297158.0	1503351.0	1187536.0	2272324.0	4563731.0	3366120.0	2153017.0	2354009.0	3247122.0	4509020.0	2832595.0	2316306.0
K	1862390.0	952617.0	753570.0	4342597.0	5243084.0	3291638.0	1584779.0	4675396.0	3095248.0	2917896.0	2635424.0	5299211.0	7449316.0	5738668.0	3321270.0	4275230.0	5799935.0	8266841.0	4296273.0	4667064.0
N	1443752.0	821525.0	608835.0	3470913.0	3789480.0	2665741.0	1297158.0	3095248.0	2650388.0	2345915.0	2088266.0	4184658.0	5987970.0	4677863.0	2662338.0	3642730.0	4776477.0	6520480.0	3412176.0	3835574.0
Q	1527885.0	937391.0	629922.0	3826409.0	4284733.0	2637544.0	1503351.0	2917896.0	2345915.0	3025630.0	1989205.0	3896969.0	7531240.0	5270965.0	3330041.0	3841020.0	5103748.0	7704841.0	4436751.0	4038656.0
Y	1145858.0	750576.0	506343.0	3262418.0	3441651.0	2131525.0	1187536.0	2635424.0	2088266.0	1989205.0	1744768.0	3015192.0	5123781.0	4374774.0	2649886.0	2952166.0	3729961.0	5217056.0	3190786.0	3165588.0
I	2423470.0	1259194.0	927338.0	6264912.0	6892773.0	4117388.0	2272324.0	5299211.0	4184658.0	3896969.0	3015192.0	6331958.0	10393750.0	8839862.0	4999029.0	5883051.0	7366288.0	10439158.0	6138544.0	6462534.0
A	4434834.0	2912249.0	1960739.0	12125452.0	12710669.0	7385435.0	4563731.0	7449316.0	5987970.0	7531240.0	5123781.0	10393750.0	27745546.0	18269901.0	11491871.0	12235480.0	16932293.0	23079754.0	14842087.0	12136203.0
G	3457658.0	2351807.0	1526216.0	8624719.0	9052812.0	6064424.0	3366120.0	5738668.0	4677863.0	5270965.0	4374774.0	8839862.0	18269901.0	14482074.0	7721218.0	9088164.0	13737176.0	17087770.0	10212118.0	8975496.0
P	2090473.0	1510577.0	981515.0	5355277.0	5595262.0	3646310.0	2153017.0	3321270.0	2662338.0	3330041.0	2649886.0	4999029.0	11491871.0	7721218.0	6158800.0	5630977.0	7810887.0	10576435.0	6618339.0	5476408.0
T	2316517.0	1442813.0	1010367.0	6131648.0	6338256.0	4016926.0	2354009.0	4275230.0	3642730.0	3841020.0	2952166.0	5883051.0	12235480.0	9088164.0	5630977.0	6755290.0	8362459.0	11234874.0	6769738.0	6527704.0
V	3101578.0	1903196.0	1297235.0	8970482.0	9214798.0	5210402.0	3247122.0	5799935.0	4776477.0	5103748.0	3729961.0	7366288.0	16932293.0	13737176.0	7810887.0	8362459.0	11275634.0	14893496.0	9794879.0	8628531.0
L	4262062.0	2700139.0	1748526.0	11996434.0	13014109.0	7390930.0	4509020.0	8266841.0	6520480.0	7704841.0	5217056.0	10439158.0	23079754.0	17087770.0	10576435.0	11234874.0	14893496.0	21173964.0	13694712.0	11918882.0
R	2647319.0	1748392.0	1165589.0	7390002.0	7965609.0	4346894.0	2832595.0	4296273.0	3412176.0	4436751.0	3190786.0	6138544.0	14842087.0	10212118.0	6618339.0	6769738.0	9794879.0	13694712.0	9500236.0	6947035.0
S	2494872.0	1496234.0	1073211.0	6016106.0	6434775.0	4351568.0	2316306.0	4667064.0	3835574.0	4038656.0	3165588.0	6462534.0	12136203.0	8975496.0	5476408.0	6527704.0	8628531.0	11918882.0	6947035.0	7114032.0
End	285641.0	250163.0	174563.0	850393.0	1313259.0	617246.0	405838.0	1293246.0	632193.0	732803.0	429700.0	829780.0	2009061.0	1506783.0	1040226.0	904900.0	1179531.0	1713178.0	1695787.0	1209446.0
