Proteome_ID	M	W	C	D	E	F	H	K	N	Q	Y	I	A	G	P	T	V	L	R	S
UP000000226	0.018145613369079973	0.01454433590942678	0.032689949278506755	0.032689949278506755	0.032689949278506755	0.04078420522989673	0.032689949278506755	0.04078420522989673	0.04078420522989673	0.032689949278506755	0.04078420522989673	0.06342279709071348	0.05240424707592373	0.05240424707592373	0.05240424707592373	0.06537989855701351	0.06537989855701351	0.12430971715599021	0.08509419635443048	0.0799242344664403
UP000000267	0.019908089518369303	0.010691848186571923	0.030599937704941224	0.030599937704941224	0.030599937704941224	0.05697670678223636	0.030599937704941224	0.05697670678223636	0.05697670678223636	0.030599937704941224	0.05697670678223636	0.09404532404610341	0.03286803469091378	0.03286803469091378	0.03286803469091378	0.06119987540988245	0.06119987540988245	0.1380846717104881	0.06346797239585501	0.07189172359645438
UP000000304	0.01481940695167306	0.017521201456747806	0.032340608408420866	0.032340608408420866	0.032340608408420866	0.02735364000306676	0.032340608408420866	0.02735364000306676	0.02735364000306676	0.032340608408420866	0.02735364000306676	0.039887873054460454	0.07647354809886797	0.07647354809886797	0.07647354809886797	0.06468121681684173	0.06468121681684173	0.10685426377158154	0.10881415650728883	0.08220241827358954
UP000000305	0.017445461418110347	0.015383060910384681	0.03282852232849503	0.03282852232849503	0.03282852232849503	0.0372298285127841	0.03282852232849503	0.0372298285127841	0.0372298285127841	0.03282852232849503	0.0372298285127841	0.057014195607457845	0.05789507614317528	0.05789507614317528	0.05789507614317528	0.06565704465699006	0.06565704465699006	0.1203323345878845	0.0907235984716703	0.08104010556737475
UP000000311	0.018437543375762155	0.014138858300454587	0.03257640167621674	0.03257640167621674	0.03257640167621674	0.04248071563969107	0.03257640167621674	0.04248071563969107	0.04248071563969107	0.03257640167621674	0.04248071563969107	0.06652388790361999	0.0499625267696142	0.0499625267696142	0.0499625267696142	0.06515280335243348	0.06515280335243348	0.1260710623678867	0.08253892844583095	0.07929166165288806
UP000000314	0.018771906248515994	0.013618828383063414	0.032390734631579404	0.032390734631579404	0.032390734631579404	0.0446467065096974	0.032390734631579404	0.0446467065096974	0.0446467065096974	0.032390734631579404	0.0446467065096974	0.0705215067708788	0.046998301643840945	0.046998301643840945	0.046998301643840945	0.06478146926315881	0.06478146926315881	0.1282000820213722	0.07938903627542035	0.07840029764622222
UP000000437	0.016556151542883552	0.01625283877034246	0.03280899031322601	0.03280899031322601	0.03280899031322601	0.03342127632410661	0.03280899031322601	0.03342127632410661	0.03342127632410661	0.03280899031322601	0.03342127632410661	0.05028640110532966	0.0644158430656303	0.0644158430656303	0.0644158430656303	0.06561798062645202	0.06561798062645202	0.11559540849344219	0.09722483337885629	0.08187081939679447
UP000000539	0.016094642952643096	0.016638736492885112	0.032733379445528205	0.032733379445528205	0.032733379445528205	0.03166298444803435	0.032733379445528205	0.03166298444803435	0.03166298444803435	0.032733379445528205	0.03166298444803435	0.047231325943425606	0.06767992017198783	0.06767992017198783	0.06767992017198783	0.06546675889105641	0.06546675889105641	0.11322438629173386	0.10041329961751604	0.08210549538394152
UP000000542	0.011801734591437733	0.018751097498807656	0.030552832090245393	0.030552832090245393	0.030552832090245393	0.019229616579443744	0.030552832090245393	0.019229616579443744	0.019229616579443744	0.030552832090245393	0.019229616579443744	0.026657498567449756	0.09708727627285131	0.09708727627285131	0.09708727627285131	0.061105664180490786	0.061105664180490786	0.09213701535137227	0.1276401083630967	0.07985676167929842
UP000000559	0.019895242553167738	0.010760643998195001	0.03065588655136274	0.03065588655136274	0.03065588655136274	0.05667934918431095	0.03065588655136274	0.05667934918431095	0.05667934918431095	0.03065588655136274	0.05667934918431095	0.09346345581545418	0.033161403360296805	0.033161403360296805	0.033161403360296805	0.06131177310272548	0.06131177310272548	0.13788636484020417	0.06381728991165954	0.07207241710092048
UP000000560	0.01511506607787621	0.017338370961036995	0.03245343703891321	0.03245343703891321	0.03245343703891321	0.028291922372621205	0.03245343703891321	0.028291922372621205	0.028291922372621205	0.03245343703891321	0.028291922372621205	0.041468778667366195	0.07445415421172907	0.07445415421172907	0.07445415421172907	0.06490687407782642	0.06490687407782642	0.10831386252832383	0.10690759125064228	0.08224524503886341
UP000000561	0.014187611100530389	0.017871990271681713	0.0320596013722121	0.0320596013722121	0.0320596013722121	0.02545039189214909	0.0320596013722121	0.02545039189214909	0.02545039189214909	0.0320596013722121	0.02545039189214909	0.036713172683767795	0.08077031147502325	0.08077031147502325	0.08077031147502325	0.0641192027444242	0.0641192027444242	0.10375720573710369	0.11282991284723534	0.08199119301610593
UP000000589	0.01638102024314241	0.01640396822101661	0.03278498846415902	0.03278498846415902	0.03278498846415902	0.032739124610989795	0.03278498846415902	0.032739124610989795	0.032739124610989795	0.03278498846415902	0.032739124610989795	0.049097228978837185	0.06566183313491741	0.06566183313491741	0.06566183313491741	0.06556997692831804	0.06556997692831804	0.11469012178245024	0.09844682159907642	0.08197394514933463
UP000000591	0.0145230356518702	0.017692357205695054	0.03221539285756525	0.03221539285756525	0.03221539285756525	0.026444486371709815	0.03221539285756525	0.026444486371709815	0.026444486371709815	0.03221539285756525	0.026444486371709815	0.03836593709154943	0.0784913363322143	0.0784913363322143	0.0784913363322143	0.0644307857151305	0.0644307857151305	0.10539830773871052	0.11070672918977957	0.08212314292082556
UP000000598	0.019117174389638777	0.012995482153183736	0.03211265654282251	0.03211265654282251	0.03211265654282251	0.047239744397887834	0.03211265654282251	0.047239744397887834	0.047239744397887834	0.03211265654282251	0.047239744397887834	0.0753623144061369	0.0436591147298159	0.0436591147298159	0.0436591147298159	0.06422531308564502	0.06422531308564502	0.13058223187317164	0.07577177127263843	0.07722079523882876
UP000000599	0.019554740080949616	0.011988465432830553	0.03154320551378017	0.03154320551378017	0.03154320551378017	0.051451054231910404	0.03154320551378017	0.051451054231910404	0.051451054231910404	0.03154320551378017	0.051451054231910404	0.08334736838287118	0.0386765180592735	0.0386765180592735	0.0386765180592735	0.06308641102756034	0.06308641102756034	0.13409220534042035	0.07021972357305367	0.07507487646039089
UP000000600	0.019986987495121292	0.008739652467911705	0.028726639963033002	0.028726639963033002	0.028726639963033002	0.06569586099974345	0.028726639963033002	0.06569586099974345	0.06569586099974345	0.028726639963033002	0.06569586099974345	0.11140473450436561	0.025122430272097266	0.025122430272097266	0.025122430272097266	0.057453279926066005	0.057453279926066005	0.14313612842093076	0.053849070235130275	0.06619293239397771
UP000000673	0.014875908667921078	0.017487209837133342	0.03236311850505442	0.03236311850505442	0.03236311850505442	0.02753045223189341	0.03236311850505442	0.02753045223189341	0.02753045223189341	0.03236311850505442	0.02753045223189341	0.04018499579586575	0.07608821174094914	0.07608821174094914	0.07608821174094914	0.06472623701010884	0.06472623701010884	0.10713259790992333	0.10845133024600355	0.08221344684724217
UP000000715	0.014835546475618923	0.01751153696707134	0.032347083442690265	0.032347083442690265	0.032347083442690265	0.02740402859367128	0.032347083442690265	0.02740402859367128	0.02740402859367128	0.032347083442690265	0.02740402859367128	0.03997251071172364	0.07636350280921894	0.07636350280921894	0.07636350280921894	0.06469416688538053	0.06469416688538053	0.10693374195467073	0.1087105862519092	0.08220570385245186
UP000000724	0.015380611636073249	0.017163434322078383	0.03254404595815163	0.03254404595815163	0.03254404595815163	0.02916358827469423	0.03254404595815163	0.02916358827469423	0.02916358827469423	0.03254404595815163	0.02916358827469423	0.0429465649133152	0.07263268959569688	0.07263268959569688	0.07263268959569688	0.06508809191630326	0.06508809191630326	0.10963229182707072	0.1051767355538485	0.08225152623838164
UP000000741	0.016527133060493242	0.016278293142813902	0.03280542620330714	0.03280542620330714	0.03280542620330714	0.03330690995742361	0.03280542620330714	0.03330690995742361	0.03330690995742361	0.03280542620330714	0.03330690995742361	0.05008668685435399	0.06462298602640339	0.06462298602640339	0.06462298602640339	0.06561085240661428	0.06561085240661428	0.11544489542453115	0.09742841222971052	0.0818891455494282
UP000000759	0.01605646856325043	0.016668923285572172	0.0327253918488226	0.0327253918488226	0.0327253918488226	0.031522985404551	0.0327253918488226	0.031522985404551	0.031522985404551	0.0327253918488226	0.031522985404551	0.04698950224585157	0.06794732528755798	0.06794732528755798	0.06794732528755798	0.0654507836976452	0.0654507836976452	0.11303023766544663	0.10067271713638058	0.08211970698321737
UP000000768	0.013849454086471574	0.018038465563866634	0.03188791965033821	0.03188791965033821	0.03188791965033821	0.024482696576758493	0.03188791965033821	0.024482696576758493	0.024482696576758493	0.03188791965033821	0.024482696576758493	0.03511593906704542	0.08306596591093765	0.08306596591093765	0.08306596591093765	0.06377583930067642	0.06377583930067642	0.10210798996390648	0.11495388556127586	0.08181430486454305
UP000000803	0.015236485601478021	0.01725966967680971	0.03249615527828774	0.03249615527828774	0.03249615527828774	0.028686945420878105	0.03249615527828774	0.028686945420878105	0.028686945420878105	0.03249615527828774	0.028686945420878105	0.04213740524027819	0.07362234580068189	0.07362234580068189	0.07362234580068189	0.06499231055657548	0.06499231055657548	0.1089157415789316	0.10611850107896963	0.08225198023338519
UP000000819	0.01730269111112714	0.015535570070607109	0.032838261181734246	0.032838261181734246	0.032838261181734246	0.036573507587537184	0.032838261181734246	0.036573507587537184	0.036573507587537184	0.032838261181734246	0.036573507587537184	0.05584432406394722	0.0589689897726547	0.0589689897726547	0.0589689897726547	0.06567652236346849	0.06567652236346849	0.11955272106213283	0.09180725095438896	0.08121209243407562
UP000001038	0.015488734941482776	0.017089188201357276	0.03257792314284005	0.03257792314284005	0.03257792314284005	0.02952690382702737	0.03257792314284005	0.02952690382702737	0.02952690382702737	0.03257792314284005	0.02952690382702737	0.043565072712571956	0.0718884094667126	0.0718884094667126	0.0718884094667126	0.0651558462856801	0.0651558462856801	0.11017148505419025	0.10446633260955267	0.08224503448703738
UP000001055	0.01474542772131631	0.01756504200593484	0.032310469727251157	0.032310469727251157	0.032310469727251157	0.027123857480328535	0.032310469727251157	0.027123857480328535	0.027123857480328535	0.032310469727251157	0.027123857480328535	0.03950228723934076	0.07697772743074952	0.07697772743074952	0.07697772743074952	0.06462093945450231	0.06462093945450231	0.10649022465614714	0.10928819715800067	0.08218598146043714
UP000001056	0.01244098035904332	0.01858177234092406	0.03102275269996738	0.03102275269996738	0.03102275269996738	0.02077054061058199	0.03102275269996738	0.02077054061058199	0.02077054061058199	0.03102275269996738	0.02077054061058199	0.029100100862120656	0.09267078822137281	0.09267078822137281	0.09267078822137281	0.06204550539993476	0.06204550539993476	0.09525702636956007	0.1236935409213402	0.08062727774085883
UP000001064	0.01997448262847273	0.008631466281257343	0.028605948909730075	0.028605948909730075	0.028605948909730075	0.06619837359604999	0.028605948909730075	0.06619837359604999	0.06619837359604999	0.028605948909730075	0.06619837359604999	0.11242226456362724	0.024722671225110418	0.024722671225110418	0.024722671225110418	0.05721189781946015	0.05721189781946015	0.14338475404398288	0.053328620134840486	0.06584336410071748
UP000001067	0.014996913330540864	0.0174129146703583	0.032409828000899164	0.032409828000899164	0.032409828000899164	0.02791303987807459	0.032409828000899164	0.02791303987807459	0.02791303987807459	0.032409828000899164	0.02791303987807459	0.04082916642560831	0.07526209654240802	0.07526209654240802	0.07526209654240802	0.06481965600179833	0.06481965600179833	0.10772960921041377	0.1076719245433072	0.08223257067215663
UP000001070	0.01594609891040749	0.01675478527426372	0.03270088418467121	0.03270088418467121	0.03270088418467121	0.031122543508064263	0.03270088418467121	0.031122543508064263	0.031122543508064263	0.03270088418467121	0.031122543508064263	0.046298988105721035	0.06871853684980454	0.06871853684980454	0.06871853684980454	0.06540176836934242	0.06540176836934242	0.11247041078781417	0.10141942103447575	0.08215655364360615
UP000001072	0.018405001397848068	0.01418606726108291	0.03259106865893098	0.03259106865893098	0.03259106865893098	0.04228364727062472	0.03259106865893098	0.04228364727062472	0.04228364727062472	0.03259106865893098	0.04228364727062472	0.06616229314340137	0.05024059299014486	0.05024059299014486	0.05024059299014486	0.06518213731786196	0.06518213731786196	0.12587078598633475	0.08283166164907585	0.07936820457894488
UP000001073	0.015622443644429478	0.016994884517588047	0.032617328162017525	0.032617328162017525	0.032617328162017525	0.02998327941067408	0.032617328162017525	0.02998327941067408	0.02998327941067408	0.032617328162017525	0.02998327941067408	0.044344115176918684	0.07096555929435762	0.07096555929435762	0.07096555929435762	0.06523465632403505	0.06523465632403505	0.11084037937913861	0.10358288745637514	0.0822295408416231
UP000001074	0.01504108912776757	0.017385276888601482	0.03242636601636905	0.03242636601636905	0.03242636601636905	0.028054074977752884	0.03242636601636905	0.028054074977752884	0.028054074977752884	0.03242636601636905	0.028054074977752884	0.0410670608277382	0.07496017700539814	0.07496017700539814	0.07496017700539814	0.0648527320327381	0.0648527320327381	0.10794789613825856	0.1073865430217672	0.08223800892133958
UP000001075	0.01601781976243036	0.016699227689450154	0.03271704745188051	0.03271704745188051	0.03271704745188051	0.031382036282682664	0.03271704745188051	0.031382036282682664	0.031382036282682664	0.03271704745188051	0.031382036282682664	0.04674625280293496	0.06821770163839087	0.06821770163839087	0.06821770163839087	0.06543409490376102	0.06543409490376102	0.11283395094887405	0.10093474909027138	0.0821333225932112
UP000001194	0.01625190341958183	0.01651166315255358	0.03276356657213541	0.03276356657213541	0.03276356657213541	0.03224813361875277	0.03276356657213541	0.03224813361875277	0.03224813361875277	0.03276356657213541	0.03224813361875277	0.048244363817923706	0.06657447573353646	0.06657447573353646	0.06657447573353646	0.06552713314427082	0.06552713314427082	0.11402717018260541	0.09933804230567186	0.08203879629682438
UP000001197	0.014139254921611357	0.017896684656515026	0.032035939578126386	0.032035939578126386	0.032035939578126386	0.025309956846313014	0.032035939578126386	0.025309956846313014	0.025309956846313014	0.032035939578126386	0.025309956846313014	0.03648065877101467	0.08109863093684958	0.08109863093684958	0.08109863093684958	0.06407187915625277	0.06407187915625277	0.10352109092417713	0.11313457051497597	0.08196856381276778
UP000001261	0.016062026510217892	0.016664544061648936	0.03272657057186683	0.03272657057186683	0.03272657057186683	0.03154331988737464	0.03272657057186683	0.03154331988737464	0.03154331988737464	0.03272657057186683	0.03154331988737464	0.04702461326453138	0.06790841453718155	0.06790841453718155	0.06790841453718155	0.06545314114373366	0.06545314114373366	0.11305848754132619	0.10063498510904836	0.08211768520538258
UP000001292	0.01484282075810464	0.017507169288269588	0.03234999004637423	0.03234999004637423	0.03234999004637423	0.027426769906573594	0.03234999004637423	0.027426769906573594	0.027426769906573594	0.03234999004637423	0.027426769906573594	0.04001071905504255	0.07631389766752544	0.07631389766752544	0.07631389766752544	0.06469998009274847	0.06469998009274847	0.10696957075742669	0.10866388771389968	0.08220714938101804
UP000001294	0.016387214439019505	0.01639872346976436	0.03278593790878387	0.03278593790878387	0.03278593790878387	0.032762927924617304	0.03278593790878387	0.032762927924617304	0.032762927924617304	0.03278593790878387	0.032762927924617304	0.0491386414102151	0.06561792810653914	0.06561792810653914	0.06561792810653914	0.06557187581756774	0.06557187581756774	0.11472201818120453	0.09840386601532301	0.0819705992873321
UP000001300	0.015000096511203558	0.01741093242719684	0.0324110289384004	0.0324110289384004	0.0324110289384004	0.027923177815795508	0.0324110289384004	0.027923177815795508	0.027923177815795508	0.0324110289384004	0.027923177815795508	0.04084625912038746	0.07524034719655714	0.07524034719655714	0.07524034719655714	0.0648220578768008	0.0648220578768008	0.10774533220379987	0.10765137613495757	0.08223299030399764
UP000001307	0.017936392240653305	0.014812656863869112	0.032749049104522414	0.032749049104522414	0.032749049104522414	0.03965526209412908	0.032749049104522414	0.03965526209412908	0.03965526209412908	0.032749049104522414	0.03965526209412908	0.06137413194760487	0.05409119297734778	0.05409119297734778	0.05409119297734778	0.06549809820904483	0.06549809820904483	0.12308975254382723	0.0868402420818702	0.08031075507291394
UP000001312	0.01786972592419111	0.014894723965384812	0.03276444988957592	0.03276444988957592	0.03276444988957592	0.03930866667581704	0.03276444988957592	0.03930866667581704	0.03930866667581704	0.03276444988957592	0.03930866667581704	0.060747607427442965	0.054619465240064315	0.054619465240064315	0.054619465240064315	0.06552889977915184	0.06552889977915184	0.12270729237915999	0.08738391512964024	0.08042362374453665
UP000001357	0.013619027026435674	0.018143716633325955	0.03176274365976162	0.03176274365976162	0.03176274365976162	0.023841733922447476	0.03176274365976162	0.023841733922447476	0.023841733922447476	0.03176274365976162	0.023841733922447476	0.03406444081845928	0.08463074775327932	0.08463074775327932	0.08463074775327932	0.06352548731952325	0.06352548731952325	0.10098624826840641	0.11639349141304095	0.08166920395284921
UP000001396	0.019659345866275327	0.011682241298075434	0.03134158716435076	0.03134158716435076	0.03134158716435076	0.05274288437814532	0.03134158716435076	0.05274288437814532	0.05274288437814532	0.03134158716435076	0.05274288437814532	0.08582642289001531	0.03724844014741153	0.03724844014741153	0.03724844014741153	0.06268317432870152	0.06268317432870152	0.13508540457312215	0.06859002731176228	0.07436541562677694
UP000001449	0.017085199214102058	0.015757775997984554	0.03284297521208661	0.03284297521208661	0.03284297521208661	0.03560964277916407	0.03284297521208661	0.03560964277916407	0.03560964277916407	0.03284297521208661	0.03560964277916407	0.05413408634422608	0.06058252409164196	0.06058252409164196	0.06058252409164196	0.06568595042417322	0.06568595042417322	0.11838079241743936	0.09342549930372858	0.08144372642215778
UP000001450	0.01924889703919569	0.006381148275415638	0.025630045314611327	0.025630045314611327	0.025630045314611327	0.07731368745521572	0.025630045314611327	0.07731368745521572	0.07731368745521572	0.025630045314611327	0.07731368745521572	0.13537847787123575	0.01699308995472611	0.01699308995472611	0.01699308995472611	0.051260090629222654	0.051260090629222654	0.14782267512363406	0.04262313526933744	0.05764123890463829
UP000001460	0.019985683831836524	0.00872757271076844	0.028713256542604964	0.028713256542604964	0.028713256542604964	0.06575185175310765	0.028713256542604964	0.06575185175310765	0.06575185175310765	0.028713256542604964	0.06575185175310765	0.11151801967437877	0.025077654219600915	0.025077654219600915	0.025077654219600915	0.05742651308520993	0.05742651308520993	0.14316404867015411	0.05379091076220588	0.06615408579597837
UP000001471	0.014991551049692053	0.01741625064925656	0.032407801698948614	0.032407801698948614	0.032407801698948614	0.02789597045669666	0.032407801698948614	0.02789597045669666	0.02789597045669666	0.032407801698948614	0.02789597045669666	0.04080038986370126	0.07529873266740944	0.07529873266740944	0.07529873266740944	0.06481560339789723	0.06481560339789723	0.10770312490428594	0.10770653436635803	0.08223185404715379
UP000001514	0.015288536296256209	0.01722527065177271	0.03251380694802892	0.03251380694802892	0.03251380694802892	0.02885809620664802	0.03251380694802892	0.02885809620664802	0.02885809620664802	0.03251380694802892	0.02885809620664802	0.04242765611703983	0.07326523792031431	0.07326523792031431	0.07326523792031431	0.06502761389605784	0.06502761389605784	0.10917424639896206	0.10577904486834325	0.08225288454783056
UP000001519	0.015583875506837448	0.017022372370840144	0.032606247877677595	0.032606247877677595	0.032606247877677595	0.029850816126032815	0.032606247877677595	0.029850816126032815	0.029850816126032815	0.032606247877677595	0.029850816126032815	0.04411775674522818	0.07123204914544157	0.07123204914544157	0.07123204914544157	0.06521249575535519	0.06521249575535519	0.11064718738822545	0.10383829702311916	0.08223486812619533
UP000001529	0.014072797208804583	0.017930136054847227	0.032002933263651806	0.032002933263651806	0.032002933263651806	0.025118091046750612	0.032002933263651806	0.025118091046750612	0.025118091046750612	0.032002933263651806	0.025118091046750612	0.03616338488469665	0.08154980691578032	0.08154980691578032	0.08154980691578032	0.06400586652730361	0.06400586652730361	0.10319675478285881	0.11355274017943214	0.08193600258215085
UP000001542	0.019844507300395667	0.011003838414720789	0.03084834571511646	0.03084834571511646	0.03084834571511646	0.0556324255843129	0.03084834571511646	0.0556324255843129	0.0556324255843129	0.03084834571511646	0.0556324255843129	0.09142034386823013	0.03421099919208554	0.03421099919208554	0.03421099919208554	0.06169669143023292	0.06169669143023292	0.13717362431494148	0.065059344907202	0.0727005298449537
UP000001548	0.016448748206425366	0.01634622536357775	0.03279497357000311	0.03279497357000311	0.03279497357000311	0.03300066227468724	0.03279497357000311	0.03300066227468724	0.03300066227468724	0.03279497357000311	0.03300066227468724	0.04955257634294911	0.06518113379089123	0.06518113379089123	0.06518113379089123	0.06558994714000622	0.06558994714000622	0.11503935762111883	0.09797610736089432	0.08193617250358397
UP000001554	0.015253987092035369	0.01724814797563716	0.03250213506767253	0.03250213506767253	0.03250213506767253	0.02874437009040979	0.03250213506767253	0.02874437009040979	0.02874437009040979	0.03250213506767253	0.02874437009040979	0.04223475308878421	0.0735023088441016	0.0735023088441016	0.0735023088441016	0.06500427013534506	0.06500427013534506	0.10900262731779022	0.10600444391177413	0.08225241811098222
UP000001555	0.013709079338863717	0.01810336420436087	0.031812443543224586	0.031812443543224586	0.031812443543224586	0.024090511994015622	0.031812443543224586	0.024090511994015622	0.024090511994015622	0.031812443543224586	0.024090511994015622	0.03447194464916753	0.08401909967229029	0.08401909967229029	0.08401909967229029	0.06362488708644917	0.06362488708644917	0.10142447841932851	0.11583154321551486	0.08172825129081003
UP000001568	0.012336871713154965	0.018612601215070922	0.03094947292822589	0.03094947292822589	0.03094947292822589	0.02051404168032783	0.03094947292822589	0.02051404168032783	0.02051404168032783	0.03094947292822589	0.02051404168032783	0.02869121164750069	0.0933867532748115	0.0933867532748115	0.0933867532748115	0.06189894585645178	0.06189894585645178	0.09474985924993458	0.1243362262030374	0.08051154707152271
UP000001593	0.017376396626204202	0.01545752248318566	0.03283391910938987	0.03283391910938987	0.03283391910938987	0.03690987361383941	0.03283391910938987	0.03690987361383941	0.03690987361383941	0.03283391910938987	0.03690987361383941	0.056443350601474616	0.058416143894772614	0.058416143894772614	0.058416143894772614	0.06566783821877974	0.06566783821877974	0.11995410845882334	0.09125006300416248	0.08112536070196538
UP000001595	0.015633874031744058	0.01698669300433965	0.03262056703608371	0.03262056703608371	0.03262056703608371	0.03002266749366151	0.03262056703608371	0.03002266749366151	0.03002266749366151	0.03262056703608371	0.03002266749366151	0.044411460955578956	0.07088653224969352	0.07088653224969352	0.07088653224969352	0.06524113407216742	0.06524113407216742	0.11089767559757298	0.10350709928577721	0.08222782707650705
UP000001610	0.01270216011369161	0.018498845024739793	0.031201005138431406	0.031201005138431406	0.031201005138431406	0.021424049039085617	0.031201005138431406	0.021424049039085617	0.021424049039085617	0.031201005138431406	0.021424049039085617	0.03014593796447963	0.0908794336562975	0.0908794336562975	0.0908794336562975	0.06240201027686281	0.06240201027686281	0.09652821942964004	0.12208043879472888	0.0809008553016026
UP000001611	0.012411014390426547	0.018590775815502794	0.031001790205929344	0.031001790205929344	0.031001790205929344	0.02069648239499078	0.031001790205929344	0.02069648239499078	0.02069648239499078	0.031001790205929344	0.02069648239499078	0.028981950399555007	0.09287674858265543	0.09287674858265543	0.09287674858265543	0.06200358041185869	0.06200358041185869	0.095111077197276	0.12387853878858478	0.08059435622736147
UP000001628	0.016067743819764023	0.016660033673398057	0.03272777749316208	0.03272777749316208	0.03272777749316208	0.03156425460232038	0.03272777749316208	0.03156425460232038	0.03156425460232038	0.03272777749316208	0.03156425460232038	0.04706076538487674	0.06786838042823201	0.06786838042823201	0.06786838042823201	0.06545555498632416	0.06545555498632416	0.11308755340840856	0.10059615792139409	0.08211558865972221
UP000001631	0.015924826037089907	0.016771096189138652	0.03269592222622856	0.03269592222622856	0.03269592222622856	0.031046084746214356	0.03269592222622856	0.031046084746214356	0.031046084746214356	0.03269592222622856	0.031046084746214356	0.04616734345533881	0.06886686929848307	0.06886686929848307	0.06886686929848307	0.06539184445245712	0.06539184445245712	0.11236275523576139	0.10156279152471163	0.08216294064159577
UP000001640	0.0195158457326828	0.012093472239166164	0.03160931797184896	0.03160931797184896	0.03160931797184896	0.05100954970203461	0.03160931797184896	0.05100954970203461	0.05100954970203461	0.03160931797184896	0.05100954970203461	0.08250325367138645	0.039174977567214275	0.039174977567214275	0.039174977567214275	0.06321863594369792	0.06321863594369792	0.13374403137841534	0.07078429553906324	0.07531210818286409
UP000001645	0.01638122205060876	0.01640379746078242	0.03278501951139118	0.03278501951139118	0.03278501951139118	0.03273989976001711	0.03278501951139118	0.03273989976001711	0.03273989976001711	0.03278501951139118	0.03273989976001711	0.049098577469425454	0.06566040288705752	0.06566040288705752	0.06566040288705752	0.06557003902278236	0.06557003902278236	0.11469116083340823	0.09844542239844871	0.08197383648356478
UP000001646	0.016883931763838636	0.015953320036272832	0.03283725180011147	0.03283725180011147	0.03283725180011147	0.034752761020558	0.03283725180011147	0.034752761020558	0.034752761020558	0.03283725180011147	0.034752761020558	0.05262159027727738	0.062054643954537254	0.062054643954537254	0.062054643954537254	0.06567450360022294	0.06567450360022294	0.11731119638461958	0.09489189575464874	0.08162782363649577
UP000001742	0.019948279792153707	0.01044781888029596	0.03039609867244967	0.03039609867244967	0.03039609867244967	0.05803602530394952	0.03039609867244967	0.05803602530394952	0.05803602530394952	0.03039609867244967	0.05803602530394952	0.09612377081574533	0.03183963097632811	0.03183963097632811	0.03183963097632811	0.06079219734489934	0.06079219734489934	0.13877650244100256	0.06223572964877778	0.07124001622519531
UP000001743	0.013791391063343884	0.018065605756151272	0.03185699681949516	0.03185699681949516	0.03185699681949516	0.024319821165795244	0.03185699681949516	0.024319821165795244	0.024319821165795244	0.03185699681949516	0.024319821165795244	0.0348482512682466	0.08346017344771367	0.08346017344771367	0.08346017344771367	0.06371399363899032	0.06371399363899032	0.10182520586812943	0.11531717026720884	0.0817795993951416
UP000001744	0.017702904796568848	0.0150934397826331	0.03279634457920195	0.03279634457920195	0.03279634457920195	0.03846641813413012	0.03279634457920195	0.03846641813413012	0.03846641813413012	0.03279634457920195	0.03846641813413012	0.05922993147169137	0.05592411614760672	0.05592411614760672	0.05592411614760672	0.0655926891584039	0.0655926891584039	0.12176201208910285	0.08872046072680867	0.080686128941037
UP000001745	0.01678197840395867	0.016048910281876164	0.032830888685834836	0.032830888685834836	0.032830888685834836	0.03433050937611957	0.032830888685834836	0.03433050937611957	0.03433050937611957	0.032830888685834836	0.03433050937611957	0.051879040348280454	0.0627935484494411	0.0627935484494411	0.0627935484494411	0.06566177737166967	0.06566177737166967	0.11677426515174791	0.09562443713527595	0.08171068765354585
UP000001798	0.01755384797660317	0.015263512268448479	0.03281736024505165	0.03281736024505165	0.03281736024505165	0.037741703390632146	0.03281736024505165	0.037741703390632146	0.037741703390632146	0.03281736024505165	0.037741703390632146	0.05792955880466111	0.057071040080337934	0.057071040080337934	0.057071040080337934	0.0656347204901033	0.0656347204901033	0.12093027185733861	0.08988840032538957	0.08089823275855179
UP000001805	0.014042481068115033	0.017945209215162586	0.031987690283277616	0.031987690283277616	0.031987690283277616	0.025031000186730535	0.031987690283277616	0.025031000186730535	0.025031000186730535	0.031987690283277616	0.025031000186730535	0.03601951930534603	0.08175560880713988	0.08175560880713988	0.08175560880713988	0.06397538056655523	0.06397538056655523	0.1030488618214008	0.11374329909041749	0.08192058978171782
UP000001811	0.015037718165831554	0.017387395644666712	0.032425113810498264	0.032425113810498264	0.032425113810498264	0.028043286812010182	0.032425113810498264	0.028043286812010182	0.028043286812010182	0.032425113810498264	0.028043286812010182	0.04104885545818881	0.07498322237844704	0.07498322237844704	0.07498322237844704	0.06485022762099653	0.06485022762099653	0.10793123259883827	0.1074083361889453	0.08223762326566325
UP000001819	0.014734673402897174	0.017571352642578527	0.0323060260454757	0.0323060260454757	0.0323060260454757	0.027090614616207504	0.0323060260454757	0.027090614616207504	0.027090614616207504	0.0323060260454757	0.027090614616207504	0.03944655582951783	0.07705098859045835	0.07705098859045835	0.07705098859045835	0.0646120520909514	0.0646120520909514	0.10643734011005608	0.10935701463593404	0.08218340473352993
UP000001861	0.01495951249109028	0.017436097839491144	0.03239561033058142	0.03239561033058142	0.03239561033058142	0.02779420842083147	0.03239561033058142	0.02779420842083147	0.02779420842083147	0.03239561033058142	0.02779420842083147	0.04062890435057266	0.07551757206399178	0.07551757206399178	0.07551757206399178	0.06479122066116284	0.06479122066116284	0.1075449415730846	0.1079131823945732	0.082227318500654
UP000001876	0.009417225402830274	0.018953701063472956	0.028370926466303226	0.028370926466303226	0.028370926466303226	0.014096213110335135	0.028370926466303226	0.014096213110335135	0.014096213110335135	0.028370926466303226	0.014096213110335135	0.01877520081784	0.11420222754240816	0.11420222754240816	0.11420222754240816	0.05674185293260645	0.05674185293260645	0.08025529144577186	0.14257315400871137	0.07569555399607941
UP000001881	0.013896826241315562	0.01801601148688717	0.031912837728202734	0.031912837728202734	0.031912837728202734	0.024616278752870587	0.031912837728202734	0.024616278752870587	0.024616278752870587	0.031912837728202734	0.024616278752870587	0.03533573126442561	0.0827443678299944	0.0827443678299944	0.0827443678299944	0.06382567545640547	0.06382567545640547	0.10233878045059162	0.11465720555819714	0.08184168694329264
UP000001926	0.019848243866900744	0.00793589638197305	0.027784140248873792	0.027784140248873792	0.027784140248873792	0.06949011992451341	0.027784140248873792	0.06949011992451341	0.06949011992451341	0.027784140248873792	0.06949011992451341	0.11913199598212608	0.02221779010333156	0.02221779010333156	0.02221779010333156	0.055568280497747584	0.055568280497747584	0.14490664428916172	0.050001930352205355	0.06350417687972064
UP000001940	0.018603635742915594	0.013889000474383718	0.03249263621729931	0.03249263621729931	0.03249263621729931	0.0435222944680996	0.03249263621729931	0.0435222944680996	0.0435222944680996	0.03249263621729931	0.0435222944680996	0.0684409531932836	0.04851634874735736	0.04851634874735736	0.04851634874735736	0.06498527243459862	0.06498527243459862	0.12711120264561382	0.08100898496465665	0.07887427290898234
UP000001949	0.019559795322206263	0.011974502552239993	0.031534297874446254	0.031534297874446254	0.031534297874446254	0.051509815072716424	0.031534297874446254	0.051509815072716424	0.051509815072716424	0.031534297874446254	0.051509815072716424	0.08345983482322657	0.03861058095551281	0.03861058095551281	0.03861058095551281	0.06306859574889251	0.06306859574889251	0.1341382061438152	0.07014487882995905	0.0750430983011325
UP000001950	0.019825040698447052	0.01108792375733568	0.030912964455782732	0.030912964455782732	0.030912964455782732	0.05527191491013661	0.030912964455782732	0.05527191491013661	0.05527191491013661	0.030912964455782732	0.05527191491013661	0.09071878912182617	0.03457855125874179	0.03457855125874179	0.03457855125874179	0.061825928911565464	0.061825928911565464	0.13692288452014914	0.06549151571452452	0.07291385266890113
UP000001996	0.019105842932769273	0.013017752202918816	0.032123595135688084	0.032123595135688084	0.032123595135688084	0.04714703072629651	0.032123595135688084	0.04714703072629651	0.04714703072629651	0.032123595135688084	0.04714703072629651	0.07518821851982377	0.04377477641942109	0.04377477641942109	0.04377477641942109	0.06424719027137617	0.06424719027137617	0.13050006393044195	0.07589837155510919	0.07726494247429498
UP000001997	0.01807001627927617	0.014643253067505404	0.03271326934678157	0.03271326934678157	0.03271326934678157	0.04036871499246668	0.03271326934678157	0.04036871499246668	0.04036871499246668	0.03271326934678157	0.04036871499246668	0.06266741370565718	0.05301917544587605	0.05301917544587605	0.05301917544587605	0.06542653869356314	0.06542653869356314	0.12386526996530599	0.08573244479265762	0.08006979176106856
UP000002009	0.010293767991944832	0.01895996481270461	0.029253732804649445	0.029253732804649445	0.029253732804649445	0.015882473483686335	0.029253732804649445	0.015882473483686335	0.015882473483686335	0.029253732804649445	0.015882473483686335	0.02147117897542784	0.10776418218293737	0.10776418218293737	0.10776418218293737	0.05850746560929889	0.05850746560929889	0.08468370708493005	0.1370179149875868	0.0774674304220035
UP000002035	0.016005947811188977	0.016708484795481385	0.03271443260667036	0.03271443260667036	0.03271443260667036	0.031338898014057696	0.03271443260667036	0.031338898014057696	0.031338898014057696	0.03271443260667036	0.031338898014057696	0.04667184821692642	0.06830068500151486	0.06830068500151486	0.06830068500151486	0.06542886521334072	0.06542886521334072	0.11277371103858741	0.10101511760818523	0.08213735000882212
UP000002036	0.016669945293246793	0.016151392324631784	0.03282133761787858	0.03282133761787858	0.03282133761787858	0.033875092100067124	0.03282133761787858	0.033875092100067124	0.033875092100067124	0.03282133761787858	0.033875092100067124	0.051080238906887454	0.06360072467667989	0.06360072467667989	0.06360072467667989	0.06564267523575716	0.06564267523575716	0.11618771262907107	0.09642206229455846	0.08179406756038894
UP000002037	0.019964863320515575	0.010328483539639267	0.030293346860154842	0.030293346860154842	0.030293346860154842	0.05855675978596607	0.030293346860154842	0.05855675978596607	0.05855675978596607	0.030293346860154842	0.05855675978596607	0.09714865625141655	0.031343498764068896	0.031343498764068896	0.031343498764068896	0.060586693720309684	0.060586693720309684	0.13910831682679134	0.06163684562422373	0.07091517725994895
UP000002038	0.01609542759423671	0.01663811336123043	0.03273354095546714	0.03273354095546714	0.03273354095546714	0.03166587021695474	0.03273354095546714	0.03166587021695474	0.03166587021695474	0.03273354095546714	0.03166587021695474	0.04723631283967277	0.0676744201970198	0.0676744201970198	0.0676744201970198	0.06546708191093428	0.06546708191093428	0.11322837972212572	0.10040796115248694	0.08210519527216473
UP000002051	0.01907068207351565	0.013085959115021611	0.03215664118853726	0.03215664118853726	0.03215664118853726	0.04686313592060308	0.03215664118853726	0.04686313592060308	0.04686313592060308	0.03215664118853726	0.04686313592060308	0.0746555897676905	0.04413061790317442	0.04413061790317442	0.04413061790317442	0.06431328237707452	0.06431328237707452	0.13024710037119325	0.07628725909171169	0.07739924149209614
UP000002058	0.015757499061711377	0.01689676855859706	0.03265426762030844	0.03265426762030844	0.03265426762030844	0.030452544201185736	0.03265426762030844	0.030452544201185736	0.030452544201185736	0.03265426762030844	0.030452544201185736	0.0451475893406601	0.07003035193211905	0.07003035193211905	0.07003035193211905	0.06530853524061687	0.06530853524061687	0.111518578503514	0.10268461955242748	0.08220530379921394
UP000002059	0.016143587647369922	0.016599659303192404	0.03274324695056232	0.03274324695056232	0.03274324695056232	0.031843634098214474	0.03274324695056232	0.031843634098214474	0.031843634098214474	0.03274324695056232	0.031843634098214474	0.04754368054905903	0.06733654943771789	0.06733654943771789	0.06733654943771789	0.06548649390112464	0.06548649390112464	0.11347371564670904	0.1000797963882802	0.08208615320431706
UP000002149	0.015959265649163935	0.016744651419453648	0.03270391706861758	0.03270391706861758	0.03270391706861758	0.03116998301080934	0.03270391706861758	0.03116998301080934	0.03116998301080934	0.03270391706861758	0.03116998301080934	0.046380700372454745	0.06862667786890432	0.06862667786890432	0.06862667786890432	0.06540783413723517	0.06540783413723517	0.11253708279720843	0.10133059493752192	0.08215248555668883
UP000002173	0.0183575831747611	0.014253903920803515	0.03261148709556461	0.03261148709556461	0.03261148709556461	0.04200028919345543	0.03261148709556461	0.04200028919345543	0.04200028919345543	0.03261148709556461	0.04200028919345543	0.06564299521214975	0.050642941322884785	0.050642941322884785	0.050642941322884785	0.06522297419112923	0.06522297419112923	0.12558084655934576	0.08325442841844939	0.07947687811193274
UP000002195	0.019748116497500384	0.007568628041487233	0.02731674453898762	0.02731674453898762	0.02731674453898762	0.0712750382937807	0.02731674453898762	0.0712750382937807	0.0712750382937807	0.02731674453898762	0.0712750382937807	0.12280196009006102	0.020938733954308432	0.020938733954308432	0.020938733954308432	0.05463348907797524	0.05463348907797524	0.1456566438692563	0.04825547849329605	0.06220211711946246
UP000002226	0.01398715293275204	0.017972418568497146	0.03195957150124918	0.03195957150124918	0.03195957150124918	0.02487274667844419	0.03195957150124918	0.02487274667844419	0.02487274667844419	0.03195957150124918	0.02487274667844419	0.035758340424136344	0.08213119554091396	0.08213119554091396	0.08213119554091396	0.06391914300249836	0.06391914300249836	0.10277904261369461	0.11409076704216314	0.08189156157099552
UP000002258	0.018468541786564843	0.014093377789417246	0.03256191957598209	0.03256191957598209	0.03256191957598209	0.042670478385342096	0.03256191957598209	0.042670478385342096	0.042670478385342096	0.03256191957598209	0.042670478385342096	0.06687241498411936	0.04969611996836417	0.04969611996836417	0.04969611996836417	0.06512383915196418	0.06512383915196418	0.12626285932387113	0.08225803954434625	0.07921721694138141
