	AAA	AAC	AAG	AAT	ACA	ACC	ACG	ACT	AGA	AGC	AGG	AGT	ATA	ATC	ATG	ATT	CAA	CAC	CAG	CAT	CCA	CCC	CCG	CCT	CGA	CGC	CGG	CGT	CTA	CTC	CTG	CTT	GAA	GAC	GAG	GAT	GCA	GCC	GCG	GCT	GGA	GGC	GGG	GGT	GTA	GTC	GTG	GTT	TAA	TAC	TAG	TAT	TCA	TCC	TCG	TCT	TGA	TGC	TGG	TGT	TTA	TTC	TTG	TTT
AAA	623.0	436.5	718.0	390.0	300.5	297.0	208.0	222.5	356.0	246.5	389.5	169.5	714.0	536.0	504.0	555.5	151.0	211.5	301.5	167.5	219.5	199.0	205.0	202.5	80.5	105.5	72.5	88.0	230.0	456.0	324.0	474.5	792.0	652.5	899.0	652.0	514.0	412.0	285.0	375.5	458.5	396.0	309.5	360.5	336.5	448.0	356.0	489.5	24.0	430.0	12.0	370.5	258.5	227.5	179.5	201.5	22.5	103.0	235.5	99.5	268.0	516.5	243.5	365.5
AAC	436.5	501.0	613.0	309.0	283.0	333.0	233.0	204.0	238.5	312.5	277.0	154.5	622.0	504.0	552.0	434.5	143.5	192.0	355.0	142.0	185.5	252.0	229.0	157.0	36.5	114.0	54.0	74.5	144.0	570.0	509.5	347.0	745.5	568.5	952.5	651.0	463.0	535.5	342.0	315.5	435.0	461.5	342.0	343.0	310.5	475.5	529.0	415.0	10.5	580.5	6.0	316.5	206.5	285.5	163.0	153.0	14.0	121.0	262.0	92.5	156.0	551.5	200.0	282.5
AAG	718.0	613.0	1125.0	388.0	369.0	471.5	387.5	262.5	368.5	380.0	571.5	171.5	1028.0	673.5	717.0	498.0	156.0	356.5	499.5	209.0	241.5	346.0	398.0	263.0	61.0	150.5	94.0	115.5	220.0	944.5	624.5	470.5	899.0	940.5	1548.5	805.0	670.0	837.5	577.0	438.0	518.5	787.0	490.0	447.5	467.5	778.5	602.0	557.5	23.0	706.5	14.0	450.5	276.0	307.5	312.5	225.5	30.5	153.5	333.5	129.0	259.0	716.0	212.0	428.0
AAT	390.0	309.0	388.0	287.0	191.0	199.0	147.0	165.5	218.5	160.0	210.5	120.5	447.0	327.5	348.0	371.5	112.5	134.5	170.0	106.5	122.5	109.0	113.5	118.0	44.5	54.5	39.0	60.0	142.0	282.5	200.0	308.0	473.0	338.0	501.5	463.5	281.5	257.0	176.5	229.5	307.5	227.0	180.5	216.5	262.0	234.5	257.0	356.5	9.5	315.0	5.0	292.5	168.0	128.5	105.5	136.5	10.0	74.0	169.5	64.5	196.5	355.0	186.0	323.0
ACA	300.5	283.0	369.0	191.0	273.0	183.0	139.5	161.5	179.0	163.5	203.5	107.5	424.5	260.5	327.0	249.0	98.5	122.0	166.5	102.0	155.5	129.0	125.5	122.5	32.0	58.5	34.0	43.5	104.5	242.5	184.5	233.0	388.0	314.5	491.0	410.5	349.0	256.0	155.0	239.0	290.0	234.0	178.0	219.0	229.0	225.0	210.0	316.0	7.0	281.0	4.0	211.0	161.0	118.0	102.5	122.0	8.0	57.5	143.0	55.0	111.5	298.0	126.0	199.0
ACC	297.0	333.0	471.5	199.0	183.0	314.0	188.5	154.5	143.5	243.5	186.0	106.0	338.0	303.0	372.0	258.0	88.5	159.5	236.5	91.0	138.0	230.0	186.5	111.5	21.0	74.0	53.0	46.0	93.0	416.0	374.0	217.0	440.5	454.0	727.0	417.0	308.0	414.5	286.5	242.0	342.5	381.5	269.5	265.0	189.5	348.0	401.5	290.5	6.0	431.0	5.0	205.5	142.5	195.5	113.5	97.5	9.0	88.5	167.5	59.0	112.0	363.5	132.0	201.5
ACG	208.0	233.0	387.5	147.0	139.5	188.5	159.0	120.0	107.5	178.5	131.5	67.0	211.0	252.5	265.0	177.0	59.5	113.5	169.5	63.0	102.5	157.0	169.0	93.0	15.0	45.0	30.5	29.5	82.0	314.5	254.5	163.5	276.5	292.5	547.0	258.0	202.0	261.0	193.5	191.0	238.5	283.5	230.5	156.0	150.0	250.5	287.5	207.5	5.0	265.5	3.0	152.0	112.5	156.0	104.5	84.5	7.0	71.5	135.5	41.5	83.0	299.0	100.0	159.0
ACT	222.5	204.0	262.5	165.5	161.5	154.5	120.0	151.0	131.0	125.0	152.0	93.0	317.5	214.5	242.5	190.5	83.0	91.5	140.5	72.5	115.0	111.0	102.0	98.0	22.5	45.5	30.5	41.5	73.5	199.5	160.0	166.5	316.0	265.0	389.0	327.0	249.0	214.5	146.5	215.5	223.0	190.0	145.5	176.5	155.0	186.5	180.0	254.5	6.0	190.0	3.0	142.0	113.5	107.5	78.5	94.5	7.0	45.5	105.0	46.0	103.5	220.5	118.5	158.0
AGA	356.0	238.5	368.5	218.5	179.0	143.5	107.5	131.0	250.0	130.5	251.5	86.0	449.0	286.0	355.0	229.5	77.5	106.0	166.0	100.5	153.0	118.0	99.5	133.0	40.5	54.0	45.5	47.0	122.0	234.0	202.0	269.5	429.0	292.0	455.5	432.0	300.5	226.5	153.0	243.5	279.5	179.0	141.5	195.5	219.0	203.5	195.5	285.0	16.0	262.0	6.0	235.0	162.0	136.0	85.0	115.0	13.5	69.5	141.0	49.0	145.0	252.0	110.0	212.5
AGC	246.5	312.5	380.0	160.0	163.5	243.5	178.5	125.0	130.5	231.0	137.5	108.5	394.5	320.5	349.5	234.0	88.0	129.0	214.5	78.5	121.0	192.0	182.5	96.5	23.5	79.0	32.0	47.0	82.5	407.5	321.5	216.5	361.5	385.5	572.5	355.5	263.0	327.5	235.5	192.5	254.5	268.0	222.5	220.5	183.5	331.5	333.5	266.5	8.0	355.0	4.0	201.5	122.0	196.0	125.0	101.5	8.0	84.0	161.5	54.5	113.5	375.0	121.5	168.0
AGG	389.5	277.0	571.5	210.5	203.5	186.0	131.5	152.0	251.5	137.5	363.0	96.0	515.0	318.0	420.5	256.5	66.5	112.0	198.0	131.0	157.0	142.5	122.0	161.0	36.0	63.5	50.5	47.5	109.5	235.5	241.0	284.5	467.5	319.0	694.5	497.5	357.0	245.5	157.5	230.0	356.0	186.0	207.0	219.0	232.0	222.0	296.0	331.0	15.5	282.0	6.0	275.5	147.5	146.0	91.5	139.0	18.5	81.5	199.0	70.0	145.0	288.5	136.5	246.0
AGT	169.5	154.5	171.5	120.5	107.5	106.0	67.0	93.0	86.0	108.5	96.0	76.0	216.5	187.0	177.5	148.5	61.0	64.0	101.0	50.5	82.0	69.0	59.0	65.5	21.0	30.5	23.0	36.5	59.5	159.5	128.0	145.5	253.0	162.5	309.0	242.0	187.5	149.5	84.0	136.5	171.0	127.5	105.0	137.0	104.5	137.0	140.5	208.0	6.0	152.5	3.0	109.5	87.0	73.0	54.0	72.0	6.0	34.5	88.0	40.0	71.0	183.0	92.0	114.0
ATA	714.0	622.0	1028.0	447.0	424.5	338.0	211.0	317.5	449.0	394.5	515.0	216.5	1073.0	466.0	796.5	549.0	193.0	236.0	369.0	213.0	325.5	297.5	222.0	332.5	61.0	86.0	62.5	84.5	248.5	432.0	386.0	470.0	788.5	623.0	1144.0	939.0	619.5	411.0	252.0	500.5	592.5	414.0	411.5	418.5	482.0	378.0	475.5	625.0	19.0	500.5	7.5	422.0	333.0	296.0	154.5	287.5	21.5	127.5	295.5	92.5	263.5	565.0	278.0	508.0
ATC	536.0	504.0	673.5	327.5	260.5	303.0	252.5	214.5	286.0	320.5	318.0	187.0	466.0	469.0	557.5	407.0	154.0	188.5	375.5	134.0	227.0	272.5	228.5	188.0	35.5	136.0	66.5	81.0	148.0	493.5	453.5	335.0	819.5	599.5	1061.5	667.5	451.0	466.5	284.5	344.5	600.5	495.0	371.5	410.0	279.0	343.0	443.5	462.5	14.0	456.5	6.5	322.0	223.0	282.5	186.0	164.0	19.0	103.0	222.5	95.0	194.0	476.5	246.5	331.0
ATG	504.0	552.0	717.0	348.0	327.0	372.0	265.0	242.5	355.0	349.5	420.5	177.5	796.5	557.5	634.0	479.5	164.5	239.5	459.5	189.0	276.0	341.5	279.5	217.0	54.0	159.5	75.5	114.0	154.5	608.0	594.5	379.0	858.0	608.5	1136.5	770.5	596.0	644.5	447.5	387.5	552.5	559.0	382.5	414.0	335.5	475.5	524.5	527.0	13.0	534.5	7.0	378.0	251.0	296.5	224.0	188.0	18.0	115.5	266.5	115.0	233.0	577.5	214.0	403.0
ATT	555.5	434.5	498.0	371.5	249.0	258.0	177.0	190.5	229.5	234.0	256.5	148.5	549.0	407.0	479.5	468.0	149.0	180.0	261.5	151.5	186.5	174.5	173.5	184.0	52.0	71.5	58.0	71.0	147.5	320.0	276.0	396.5	666.0	528.0	700.5	611.5	448.5	303.0	205.5	311.5	386.0	333.5	256.0	352.0	278.0	315.0	276.0	457.5	16.0	383.0	6.0	301.5	225.0	193.0	143.5	171.5	15.0	71.0	211.0	79.0	219.5	414.0	186.0	352.5
CAA	151.0	143.5	156.0	112.5	98.5	88.5	59.5	83.0	77.5	88.0	66.5	61.0	193.0	154.0	164.5	149.0	91.0	65.0	108.0	58.5	74.5	72.5	58.0	62.0	23.5	25.5	16.5	28.5	61.5	116.5	105.0	108.0	288.5	142.0	246.5	226.0	152.0	115.5	64.0	130.5	122.5	102.5	89.0	105.0	108.0	98.5	114.5	149.0	7.0	150.0	2.5	103.5	77.5	65.5	42.5	55.5	6.0	32.5	84.0	34.5	76.0	166.5	93.0	104.0
CAC	211.5	192.0	356.5	134.5	122.0	159.5	113.5	91.5	106.0	129.0	112.0	64.0	236.0	188.5	239.5	180.0	65.0	118.0	168.5	71.5	102.5	128.5	117.0	83.5	17.0	48.0	29.5	36.5	67.5	298.0	252.5	151.0	312.5	293.0	519.0	272.5	210.5	249.0	164.5	147.0	214.0	235.0	182.5	160.0	131.0	253.5	241.5	195.0	4.0	251.0	2.0	149.0	88.5	124.0	82.0	68.5	7.0	73.0	122.5	49.5	69.0	248.5	91.5	136.0
CAG	301.5	355.0	499.5	170.0	166.5	236.5	169.5	140.5	166.0	214.5	198.0	101.0	369.0	375.5	459.5	261.5	108.0	168.5	373.0	93.0	151.0	222.5	186.0	111.5	24.5	101.5	54.0	57.0	101.0	451.5	464.5	247.0	439.0	410.0	784.0	399.0	310.5	409.5	316.5	255.0	332.0	354.5	238.5	238.0	195.0	325.0	377.0	298.0	10.0	400.5	5.0	206.0	126.5	170.5	115.5	101.5	13.0	81.0	193.5	54.0	126.0	396.0	157.0	207.0
CAT	167.5	142.0	209.0	106.5	102.0	91.0	63.0	72.5	100.5	78.5	131.0	50.5	213.0	134.0	189.0	151.5	58.5	71.5	93.0	66.0	79.0	73.5	69.0	75.0	22.5	37.5	24.5	34.0	56.5	138.0	107.5	118.5	245.5	168.0	290.0	248.5	171.5	138.0	88.0	117.0	161.5	131.0	98.0	117.0	115.0	124.5	130.5	178.5	4.0	150.5	2.0	134.0	83.0	62.5	54.5	62.5	5.0	36.0	81.0	32.5	79.5	154.5	76.0	108.5
CCA	219.5	185.5	241.5	122.5	155.5	138.0	102.5	115.0	153.0	121.0	157.0	82.0	325.5	227.0	276.0	186.5	74.5	102.5	151.0	79.0	137.0	102.5	99.5	101.0	25.0	45.5	28.5	37.5	89.0	210.0	156.5	185.5	315.0	265.0	385.5	322.5	268.5	192.5	125.5	183.5	216.5	171.5	128.0	162.0	153.5	181.5	174.5	249.0	7.0	208.5	3.0	172.0	113.5	100.5	71.0	80.0	7.0	52.5	120.5	48.5	79.0	243.5	110.0	183.5
CCC	199.0	252.0	346.0	109.0	129.0	230.0	157.0	111.0	118.0	192.0	142.5	69.0	297.5	272.5	341.5	174.5	72.5	128.5	222.5	73.5	102.5	206.0	165.0	101.5	23.0	78.5	39.0	45.0	70.0	412.0	366.5	188.5	328.5	353.5	644.5	304.5	241.5	330.5	207.0	184.0	234.0	272.0	251.5	170.5	153.0	335.5	329.0	210.5	6.0	348.0	3.0	156.5	95.0	196.0	114.5	78.0	6.5	85.5	159.5	50.0	75.0	414.0	108.0	129.0
CCG	205.0	229.0	398.0	113.5	125.5	186.5	169.0	102.0	99.5	182.5	122.0	59.0	222.0	228.5	279.5	173.5	58.0	117.0	186.0	69.0	99.5	165.0	140.0	91.5	14.5	69.5	30.5	37.0	78.5	363.0	309.0	188.0	248.0	351.5	611.5	264.0	211.0	283.0	230.5	192.5	209.0	247.5	209.0	159.5	153.0	315.0	300.0	209.0	5.0	309.0	3.0	154.5	98.5	149.5	104.0	75.0	9.0	83.0	155.0	45.0	84.0	360.5	103.0	157.5
CCT	202.5	157.0	263.0	118.0	122.5	111.5	93.0	98.0	133.0	96.5	161.0	65.5	332.5	188.0	217.0	184.0	62.0	83.5	111.5	75.0	101.0	101.5	91.5	106.0	23.5	45.5	31.0	34.0	66.5	169.0	137.5	191.0	245.0	218.5	352.5	273.5	203.0	163.0	116.5	186.5	172.5	133.0	114.5	133.0	138.0	175.5	166.5	248.0	6.0	185.5	2.0	168.0	106.5	86.0	67.5	76.0	6.0	51.5	106.5	39.0	115.5	202.0	96.0	160.5
CGA	80.5	36.5	61.0	44.5	32.0	21.0	15.0	22.5	40.5	23.5	36.0	21.0	61.0	35.5	54.0	52.0	23.5	17.0	24.5	22.5	25.0	23.0	14.5	23.5	8.0	11.0	8.0	11.5	23.5	39.5	40.5	41.5	92.5	44.0	70.0	79.5	55.5	38.0	20.0	40.0	49.0	32.0	28.5	37.0	37.5	27.5	35.5	53.5	2.5	39.0	2.0	44.5	27.5	18.5	10.5	22.5	2.5	13.0	24.0	12.5	30.0	39.0	27.0	39.5
CGC	105.5	114.0	150.5	54.5	58.5	74.0	45.0	45.5	54.0	79.0	63.5	30.5	86.0	136.0	159.5	71.5	25.5	48.0	101.5	37.5	45.5	78.5	69.5	45.5	11.0	40.0	29.5	30.0	29.0	139.0	153.5	91.0	137.0	139.5	231.5	174.0	107.0	147.0	73.5	71.0	119.5	136.5	105.5	95.5	77.0	128.0	124.0	94.0	3.0	114.0	1.0	71.5	46.5	72.5	37.5	38.5	6.5	40.0	55.0	20.5	36.0	120.5	39.0	61.0
CGG	72.5	54.0	94.0	39.0	34.0	53.0	30.5	30.5	45.5	32.0	50.5	23.0	62.5	66.5	75.5	58.0	16.5	29.5	54.0	24.5	28.5	39.0	30.5	31.0	8.0	29.5	18.0	17.5	24.0	58.5	89.0	66.5	86.5	90.0	115.0	77.0	63.5	81.0	34.5	47.5	61.5	67.0	53.0	43.0	49.5	72.0	65.0	78.0	4.0	65.5	2.0	48.0	31.0	43.5	23.5	28.0	4.0	22.0	31.0	14.0	32.5	87.0	32.0	40.5
CGT	88.0	74.5	115.5	60.0	43.5	46.0	29.5	41.5	47.0	47.0	47.5	36.5	84.5	81.0	114.0	71.0	28.5	36.5	57.0	34.0	37.5	45.0	37.0	34.0	11.5	30.0	17.5	28.0	31.5	78.0	78.5	66.0	141.5	100.5	149.0	126.5	83.0	78.0	45.5	67.0	73.0	82.0	64.0	81.0	52.0	68.0	81.0	84.0	4.0	78.0	1.0	64.0	35.0	47.5	31.0	33.0	4.0	24.0	42.5	23.5	36.0	84.5	47.5	60.5
CTA	230.0	144.0	220.0	142.0	104.5	93.0	82.0	73.5	122.0	82.5	109.5	59.5	248.5	148.0	154.5	147.5	61.5	67.5	101.0	56.5	89.0	70.0	78.5	66.5	23.5	29.0	24.0	31.5	62.0	164.0	127.0	136.0	283.0	212.5	296.5	213.5	161.5	133.5	101.0	115.5	179.0	128.0	101.0	114.5	112.0	143.0	111.5	147.0	7.0	130.0	3.0	132.5	101.5	71.5	68.5	76.5	6.0	29.0	73.5	26.5	94.0	153.5	78.5	132.0
CTC	456.0	570.0	944.5	282.5	242.5	416.0	314.5	199.5	234.0	407.5	235.5	159.5	432.0	493.5	608.0	320.0	116.5	298.0	451.5	138.0	210.0	412.0	363.0	169.0	39.5	139.0	58.5	78.0	164.0	785.0	695.0	333.0	600.0	765.0	1419.5	582.5	448.0	728.0	505.0	373.0	570.0	603.5	523.0	366.5	278.5	626.5	653.5	439.5	12.0	686.5	9.0	289.0	198.0	442.5	252.0	166.5	18.5	141.0	314.0	69.5	158.5	666.5	206.0	276.0
CTG	324.0	509.5	624.5	200.0	184.5	374.0	254.5	160.0	202.0	321.5	241.0	128.0	386.0	453.5	594.5	276.0	105.0	252.5	464.5	107.5	156.5	366.5	309.0	137.5	40.5	153.5	89.0	78.5	127.0	695.0	716.0	297.5	550.5	674.0	1243.5	578.0	371.5	630.0	439.5	312.0	472.5	542.5	456.5	336.0	229.0	462.0	546.0	371.0	12.0	543.0	6.5	230.5	149.5	361.0	236.5	119.5	22.0	112.5	244.0	60.5	121.5	625.5	207.0	239.0
CTT	474.5	347.0	470.5	308.0	233.0	217.0	163.5	166.5	269.5	216.5	284.5	145.5	470.0	335.0	379.0	396.5	108.0	151.0	247.0	118.5	185.5	188.5	188.0	191.0	41.5	91.0	66.5	66.0	136.0	333.0	297.5	306.0	602.5	454.0	741.0	579.5	388.5	400.0	230.0	311.0	348.0	346.0	259.5	334.0	272.5	317.5	311.5	410.5	13.5	337.5	5.5	257.5	194.5	183.0	140.0	166.5	12.0	65.5	181.0	62.0	152.0	381.0	166.5	310.0
GAA	792.0	745.5	899.0	473.0	388.0	440.5	276.5	316.0	429.0	361.5	467.5	253.0	788.5	819.5	858.0	666.0	288.5	312.5	439.0	245.5	315.0	328.5	248.0	245.0	92.5	137.0	86.5	141.5	283.0	600.0	550.5	602.5	1559.0	836.0	1342.0	1189.0	737.0	648.5	350.0	561.5	686.5	519.0	452.5	555.0	439.0	581.0	622.5	799.5	37.0	673.5	13.5	443.0	319.5	314.5	204.5	257.0	37.5	156.0	384.5	176.0	291.0	770.5	354.5	472.5
GAC	652.5	568.5	940.5	338.0	314.5	454.0	292.5	265.0	292.0	385.5	319.0	162.5	623.0	599.5	608.5	528.0	142.0	293.0	410.0	168.0	265.0	353.5	351.5	218.5	44.0	139.5	90.0	100.5	212.5	765.0	674.0	454.0	836.0	883.0	1374.0	708.0	571.0	655.0	476.0	419.5	578.5	627.0	492.5	414.0	410.0	709.5	643.0	567.0	12.0	672.5	6.0	386.0	261.0	328.5	213.0	186.5	13.0	174.5	339.5	114.5	230.5	675.0	239.5	418.5
GAG	899.0	952.5	1548.5	501.5	491.0	727.0	547.0	389.0	455.5	572.5	694.5	309.0	1144.0	1061.5	1136.5	700.5	246.5	519.0	784.0	290.0	385.5	644.5	611.5	352.5	70.0	231.5	115.0	149.0	296.5	1419.5	1243.5	741.0	1342.0	1374.0	2582.0	1337.5	858.5	1200.0	890.5	760.5	871.5	935.0	893.0	650.0	535.5	1204.0	1183.5	901.0	32.0	1165.5	18.5	577.0	357.0	626.5	397.5	286.0	43.0	285.5	566.5	186.0	318.0	1208.0	456.0	499.0
GAT	652.0	651.0	805.0	463.5	410.5	417.0	258.0	327.0	432.0	355.5	497.5	242.0	939.0	667.5	770.5	611.5	226.0	272.5	399.0	248.5	322.5	304.5	264.0	273.5	79.5	174.0	77.0	126.5	213.5	582.5	578.0	579.5	1189.0	708.0	1337.5	1147.0	734.5	603.0	352.0	532.5	700.0	496.0	418.0	527.0	489.0	584.0	596.5	730.5	17.0	674.5	9.0	511.0	303.5	312.0	205.0	239.5	22.0	161.0	337.5	132.0	344.5	745.0	314.5	526.0
GCA	514.0	463.0	670.0	281.5	349.0	308.0	202.0	249.0	300.5	263.0	357.0	187.5	619.5	451.0	596.0	448.5	152.0	210.5	310.5	171.5	268.5	241.5	211.0	203.0	55.5	107.0	63.5	83.0	161.5	448.0	371.5	388.5	737.0	571.0	858.5	734.5	699.0	539.5	296.5	463.0	596.5	485.0	305.0	439.0	354.0	364.0	395.0	567.0	12.0	421.5	5.0	333.0	257.0	201.0	159.5	204.5	15.0	81.5	232.5	89.5	198.5	480.5	209.0	340.5
GCC	412.0	535.5	837.5	257.0	256.0	414.5	261.0	214.5	226.5	327.5	245.5	149.5	411.0	466.5	644.5	303.0	115.5	249.0	409.5	138.0	192.5	330.5	283.0	163.0	38.0	147.0	81.0	78.0	133.5	728.0	630.0	400.0	648.5	655.0	1200.0	603.0	539.5	659.0	465.0	366.5	483.5	631.0	458.0	343.0	260.0	567.0	554.5	450.5	9.5	595.5	4.0	291.5	188.5	385.0	233.0	157.5	14.0	159.5	271.0	68.5	148.0	655.5	199.0	282.0
GCG	285.0	342.0	577.0	176.5	155.0	286.5	193.5	146.5	153.0	235.5	157.5	84.0	252.0	284.5	447.5	205.5	64.0	164.5	316.5	88.0	125.5	207.0	230.5	116.5	20.0	73.5	34.5	45.5	101.0	505.0	439.5	230.0	350.0	476.0	890.5	352.0	296.5	465.0	325.0	282.0	337.5	395.0	321.5	198.5	187.5	340.5	383.5	293.0	7.0	375.0	4.0	181.0	136.5	213.0	168.0	99.0	14.5	84.0	169.5	42.0	111.5	420.0	132.0	176.5
GCT	375.5	315.5	438.0	229.5	239.0	242.0	191.0	215.5	243.5	192.5	230.0	136.5	500.5	344.5	387.5	311.5	130.5	147.0	255.0	117.0	183.5	184.0	192.5	186.5	40.0	71.0	47.5	67.0	115.5	373.0	312.0	311.0	561.5	419.5	760.5	532.5	463.0	366.5	282.0	365.0	347.5	313.5	262.0	314.0	278.5	337.0	303.0	407.0	10.0	289.5	4.0	273.5	194.5	179.5	136.0	148.5	11.0	64.0	182.0	72.0	141.5	363.5	178.5	242.5
GGA	458.5	435.0	518.5	307.5	290.0	342.5	238.5	223.0	279.5	254.5	356.0	171.0	592.5	600.5	552.5	386.0	122.5	214.0	332.0	161.5	216.5	234.0	209.0	172.5	49.0	119.5	61.5	73.0	179.0	570.0	472.5	348.0	686.5	578.5	871.5	700.0	596.5	483.5	337.5	347.5	576.0	410.5	342.5	405.0	305.0	480.0	456.0	498.5	14.0	432.5	7.0	305.0	228.5	236.0	175.5	190.0	18.5	92.5	240.0	105.0	224.0	548.5	193.0	356.0
GGC	396.0	461.5	787.0	227.0	234.0	381.5	283.5	190.0	179.0	268.0	186.0	127.5	414.0	495.0	559.0	333.5	102.5	235.0	354.5	131.0	171.5	272.0	247.5	133.0	32.0	136.5	67.0	82.0	128.0	603.5	542.5	346.0	519.0	627.0	935.0	496.0	485.0	631.0	395.0	313.5	410.5	509.0	356.5	309.0	256.0	602.5	476.5	465.0	9.5	547.0	5.0	271.5	177.5	273.0	194.0	126.5	12.5	154.5	224.0	76.5	143.0	642.0	175.5	300.5
GGG	309.5	342.0	490.0	180.5	178.0	269.5	230.5	145.5	141.5	222.5	207.0	105.0	411.5	371.5	382.5	256.0	89.0	182.5	238.5	98.0	128.0	251.5	209.0	114.5	28.5	105.5	53.0	64.0	101.0	523.0	456.5	259.5	452.5	492.5	893.0	418.0	305.0	458.0	321.5	262.0	342.5	356.5	315.0	244.5	226.5	474.0	451.5	312.5	9.0	458.0	5.5	244.5	142.5	252.0	173.0	112.5	13.0	93.5	205.0	64.0	110.5	490.0	171.5	216.0
GGT	360.5	343.0	447.5	216.5	219.0	265.0	156.0	176.5	195.5	220.5	219.0	137.0	418.5	410.0	414.0	352.0	105.0	160.0	238.0	117.0	162.0	170.5	159.5	133.0	37.0	95.5	43.0	81.0	114.5	366.5	336.0	334.0	555.0	414.0	650.0	527.0	439.0	343.0	198.5	314.0	405.0	309.0	244.5	354.0	247.5	354.5	354.0	493.0	12.0	339.5	6.0	244.0	158.5	190.0	121.5	132.0	13.0	78.0	205.5	87.0	128.0	432.5	177.5	258.0
GTA	336.5	310.5	467.5	262.0	229.0	189.5	150.0	155.0	219.0	183.5	232.0	104.5	482.0	279.0	335.5	278.0	108.0	131.0	195.0	115.0	153.5	153.0	153.0	138.0	37.5	77.0	49.5	52.0	112.0	278.5	229.0	272.5	439.0	410.0	535.5	489.0	354.0	260.0	187.5	278.5	305.0	256.0	226.5	247.5	256.0	284.0	242.5	384.0	10.0	275.5	4.0	230.0	161.0	146.0	118.5	130.5	11.0	67.0	150.0	57.5	155.5	316.0	162.0	229.5
GTC	448.0	475.5	778.5	234.5	225.0	348.0	250.5	186.5	203.5	331.5	222.0	137.0	378.0	343.0	475.5	315.0	98.5	253.5	325.0	124.5	181.5	335.5	315.0	175.5	27.5	128.0	72.0	68.0	143.0	626.5	462.0	317.5	581.0	709.5	1204.0	584.0	364.0	567.0	340.5	337.0	480.0	602.5	474.0	354.5	284.0	509.0	487.0	368.5	9.5	474.5	4.5	264.5	182.5	300.0	190.0	150.5	12.5	138.5	262.0	68.5	155.0	530.0	179.5	266.0
GTG	356.0	529.0	602.0	257.0	210.0	401.5	287.5	180.0	195.5	333.5	296.0	140.5	475.5	443.5	524.5	276.0	114.5	241.5	377.0	130.5	174.5	329.0	300.0	166.5	35.5	124.0	65.0	81.0	111.5	653.5	546.0	311.5	622.5	643.0	1183.5	596.5	395.0	554.5	383.5	303.0	456.0	476.5	451.5	354.0	242.5	487.0	475.0	363.5	12.0	520.0	9.0	257.0	174.0	295.5	238.0	145.0	19.5	115.5	228.5	84.0	142.0	603.0	186.5	233.5
GTT	489.5	415.0	557.5	356.5	316.0	290.5	207.5	254.5	285.0	266.5	331.0	208.0	625.0	462.5	527.0	457.5	149.0	195.0	298.0	178.5	249.0	210.5	209.0	248.0	53.5	94.0	78.0	84.0	147.0	439.5	371.0	410.5	799.5	567.0	901.0	730.5	567.0	450.5	293.0	407.0	498.5	465.0	312.5	493.0	384.0	368.5	363.5	545.0	13.5	354.0	7.0	361.5	264.5	222.5	161.0	195.0	16.0	88.0	216.0	91.5	172.5	375.0	203.5	372.5
TAA	24.0	10.5	23.0	9.5	7.0	6.0	5.0	6.0	16.0	8.0	15.5	6.0	19.0	14.0	13.0	16.0	7.0	4.0	10.0	4.0	7.0	6.0	5.0	6.0	2.5	3.0	4.0	4.0	7.0	12.0	12.0	13.5	37.0	12.0	32.0	17.0	12.0	9.5	7.0	10.0	14.0	9.5	9.0	12.0	10.0	9.5	12.0	13.5	0.0	13.0	0.0	9.5	7.0	6.0	4.0	7.0	0.0	3.0	9.0	3.0	11.0	12.5	7.5	13.0
TAC	430.0	580.5	706.5	315.0	281.0	431.0	265.5	190.0	262.0	355.0	282.0	152.5	500.5	456.5	534.5	383.0	150.0	251.0	400.5	150.5	208.5	348.0	309.0	185.5	39.0	114.0	65.5	78.0	130.0	686.5	543.0	337.5	673.5	672.5	1165.5	674.5	421.5	595.5	375.0	289.5	432.5	547.0	458.0	339.5	275.5	474.5	520.0	354.0	13.0	632.0	8.0	323.0	205.5	300.5	216.0	144.0	15.5	124.5	276.0	95.5	148.5	609.0	179.0	270.0
TAG	12.0	6.0	14.0	5.0	4.0	5.0	3.0	3.0	6.0	4.0	6.0	3.0	7.5	6.5	7.0	6.0	2.5	2.0	5.0	2.0	3.0	3.0	3.0	2.0	2.0	1.0	2.0	1.0	3.0	9.0	6.5	5.5	13.5	6.0	18.5	9.0	5.0	4.0	4.0	4.0	7.0	5.0	5.5	6.0	4.0	4.5	9.0	7.0	0.0	8.0	0.0	5.0	4.0	4.0	2.5	2.0	0.0	2.0	5.0	2.0	4.0	8.0	5.0	5.0
TAT	370.5	316.5	450.5	292.5	211.0	205.5	152.0	142.0	235.0	201.5	275.5	109.5	422.0	322.0	378.0	301.5	103.5	149.0	206.0	134.0	172.0	156.5	154.5	168.0	44.5	71.5	48.0	64.0	132.5	289.0	230.5	257.5	443.0	386.0	577.0	511.0	333.0	291.5	181.0	273.5	305.0	271.5	244.5	244.0	230.0	264.5	257.0	361.5	9.5	323.0	5.0	351.0	170.0	144.5	117.0	161.0	12.0	70.5	176.5	69.5	191.5	321.5	166.0	300.5
TCA	258.5	206.5	276.0	168.0	161.0	142.5	112.5	113.5	162.0	122.0	147.5	87.0	333.0	223.0	251.0	225.0	77.5	88.5	126.5	83.0	113.5	95.0	98.5	106.5	27.5	46.5	31.0	35.0	101.5	198.0	149.5	194.5	319.5	261.0	357.0	303.5	257.0	188.5	136.5	194.5	228.5	177.5	142.5	158.5	161.0	182.5	174.0	264.5	7.0	205.5	4.0	170.0	123.0	113.0	87.5	92.0	8.5	41.0	114.0	41.0	98.0	225.0	130.5	209.5
TCC	227.5	285.5	307.5	128.5	118.0	195.5	156.0	107.5	136.0	196.0	146.0	73.0	296.0	282.5	296.5	193.0	65.5	124.0	170.5	62.5	100.5	196.0	149.5	86.0	18.5	72.5	43.5	47.5	71.5	442.5	361.0	183.0	314.5	328.5	626.5	312.0	201.0	385.0	213.0	179.5	236.0	273.0	252.0	190.0	146.0	300.0	295.5	222.5	6.0	300.5	4.0	144.5	113.0	181.0	101.0	95.0	7.0	63.5	139.5	46.5	86.5	338.5	105.5	135.5
TCG	179.5	163.0	312.5	105.5	102.5	113.5	104.5	78.5	85.0	125.0	91.5	54.0	154.5	186.0	224.0	143.5	42.5	82.0	115.5	54.5	71.0	114.5	104.0	67.5	10.5	37.5	23.5	31.0	68.5	252.0	236.5	140.0	204.5	213.0	397.5	205.0	159.5	233.0	168.0	136.0	175.5	194.0	173.0	121.5	118.5	190.0	238.0	161.0	4.0	216.0	2.5	117.0	87.5	101.0	89.0	73.0	6.0	44.0	96.5	30.5	65.5	265.0	79.0	128.0
TCT	201.5	153.0	225.5	136.5	122.0	97.5	84.5	94.5	115.0	101.5	139.0	72.0	287.5	164.0	188.0	171.5	55.5	68.5	101.5	62.5	80.0	78.0	75.0	76.0	22.5	38.5	28.0	33.0	76.5	166.5	119.5	166.5	257.0	186.5	286.0	239.5	204.5	157.5	99.0	148.5	190.0	126.5	112.5	132.0	130.5	150.5	145.0	195.0	7.0	144.0	2.0	161.0	92.0	95.0	73.0	88.0	6.0	34.0	84.5	30.5	131.5	176.5	98.5	156.0
TGA	22.5	14.0	30.5	10.0	8.0	9.0	7.0	7.0	13.5	8.0	18.5	6.0	21.5	19.0	18.0	15.0	6.0	7.0	13.0	5.0	7.0	6.5	9.0	6.0	2.5	6.5	4.0	4.0	6.0	18.5	22.0	12.0	37.5	13.0	43.0	22.0	15.0	14.0	14.5	11.0	18.5	12.5	13.0	13.0	11.0	12.5	19.5	16.0	0.0	15.5	0.0	12.0	8.5	7.0	6.0	6.0	0.0	4.5	11.0	3.0	8.0	17.5	10.0	9.5
TGC	103.0	121.0	153.5	74.0	57.5	88.5	71.5	45.5	69.5	84.0	81.5	34.5	127.5	103.0	115.5	71.0	32.5	73.0	81.0	36.0	52.5	85.5	83.0	51.5	13.0	40.0	22.0	24.0	29.0	141.0	112.5	65.5	156.0	174.5	285.5	161.0	81.5	159.5	84.0	64.0	92.5	154.5	93.5	78.0	67.0	138.5	115.5	88.0	3.0	124.5	2.0	70.5	41.0	63.5	44.0	34.0	4.5	87.0	67.5	64.5	36.0	110.0	40.0	51.5
TGG	235.5	262.0	333.5	169.5	143.0	167.5	135.5	105.0	141.0	161.5	199.0	88.0	295.5	222.5	266.5	211.0	84.0	122.5	193.5	81.0	120.5	159.5	155.0	106.5	24.0	55.0	31.0	42.5	73.5	314.0	244.0	181.0	384.5	339.5	566.5	337.5	232.5	271.0	169.5	182.0	240.0	224.0	205.0	205.5	150.0	262.0	228.5	216.0	9.0	276.0	5.0	176.5	114.0	139.5	96.5	84.5	11.0	67.5	204.0	52.5	104.5	326.0	128.0	187.0
TGT	99.5	92.5	129.0	64.5	55.0	59.0	41.5	46.0	49.0	54.5	70.0	40.0	92.5	95.0	115.0	79.0	34.5	49.5	54.0	32.5	48.5	50.0	45.0	39.0	12.5	20.5	14.0	23.5	26.5	69.5	60.5	62.0	176.0	114.5	186.0	132.0	89.5	68.5	42.0	72.0	105.0	76.5	64.0	87.0	57.5	68.5	84.0	91.5	3.0	95.5	2.0	69.5	41.0	46.5	30.5	30.5	3.0	64.5	52.5	85.0	35.5	85.0	44.0	55.5
TTA	268.0	156.0	259.0	196.5	111.5	112.0	83.0	103.5	145.0	113.5	145.0	71.0	263.5	194.0	233.0	219.5	76.0	69.0	126.0	79.5	79.0	75.0	84.0	115.5	30.0	36.0	32.5	36.0	94.0	158.5	121.5	152.0	291.0	230.5	318.0	344.5	198.5	148.0	111.5	141.5	224.0	143.0	110.5	128.0	155.5	155.0	142.0	172.5	11.0	148.5	4.0	191.5	98.0	86.5	65.5	131.5	8.0	36.0	104.5	35.5	142.0	197.5	128.0	195.5
TTC	516.5	551.5	716.0	355.0	298.0	363.5	299.0	220.5	252.0	375.0	288.5	183.0	565.0	476.5	577.5	414.0	166.5	248.5	396.0	154.5	243.5	414.0	360.5	202.0	39.0	120.5	87.0	84.5	153.5	666.5	625.5	381.0	770.5	675.0	1208.0	745.0	480.5	655.5	420.0	363.5	548.5	642.0	490.0	432.5	316.0	530.0	603.0	375.0	12.5	609.0	8.0	321.5	225.0	338.5	265.0	176.5	17.5	110.0	326.0	85.0	197.5	659.0	216.0	331.0
TTG	243.5	200.0	212.0	186.0	126.0	132.0	100.0	118.5	110.0	121.5	136.5	92.0	278.0	246.5	214.0	186.0	93.0	91.5	157.0	76.0	110.0	108.0	103.0	96.0	27.0	39.0	32.0	47.5	78.5	206.0	207.0	166.5	354.5	239.5	456.0	314.5	209.0	199.0	132.0	178.5	193.0	175.5	171.5	177.5	162.0	179.5	186.5	203.5	7.5	179.0	5.0	166.0	130.5	105.5	79.0	98.5	10.0	40.0	128.0	44.0	128.0	216.0	126.0	155.0
TTT	365.5	282.5	428.0	323.0	199.0	201.5	159.0	158.0	212.5	168.0	246.0	114.0	508.0	331.0	403.0	352.5	104.0	136.0	207.0	108.5	183.5	129.0	157.5	160.5	39.5	61.0	40.5	60.5	132.0	276.0	239.0	310.0	472.5	418.5	499.0	526.0	340.5	282.0	176.5	242.5	356.0	300.5	216.0	258.0	229.5	266.0	233.5	372.5	13.0	270.0	5.0	300.5	209.5	135.5	128.0	156.0	9.5	51.5	187.0	55.5	195.5	331.0	155.0	363.0
