Proteome_ID	M	W	C	D	E	F	H	K	N	Q	Y	I	A	G	P	T	V	L	R	S
UP000000231	0.0173444135176266	0.03153332044103608	0.03153332044103608	0.03153332044103608	0.05080636776826934	0.03854609465446653	0.03153332044103608	0.03854609465446653	0.03854609465446653	0.03153332044103608	0.03854609465446653	0.059747775791306475	0.051592790758730904	0.051592790758730904	0.051592790758730904	0.06306664088207216	0.06306664088207216	0.10161273553653868	0.083126111199767	0.09459996132310826
UP000000233	0.010526126941903104	0.029098532796243526	0.029098532796243526	0.029098532796243526	0.037344498678062985	0.01649193176363891	0.029098532796243526	0.01649193176363891	0.01649193176363891	0.029098532796243526	0.01649193176363891	0.022457736585374716	0.10268349675820294	0.10268349675820294	0.10268349675820294	0.05819706559248705	0.05819706559248705	0.07468899735612597	0.13178202955444646	0.08729559838873059
UP000000235	0.008149457594428285	0.026676455106781155	0.026676455106781155	0.026676455106781155	0.03254353204456971	0.011734153875577111	0.026676455106781155	0.011734153875577111	0.011734153875577111	0.026676455106781155	0.011734153875577111	0.015318850156725936	0.1212926410561683	0.1212926410561683	0.1212926410561683	0.05335291021356231	0.05335291021356231	0.06508706408913942	0.14796909616294945	0.08002936532034347
UP000000238	0.0147087062228672	0.031537522289330974	0.031537522289330974	0.031537522289330974	0.04531972029181855	0.02756439600497514	0.031537522289330974	0.02756439600497514	0.02756439600497514	0.031537522289330974	0.02756439600497514	0.04042008578708308	0.07216666833334773	0.07216666833334773	0.07216666833334773	0.06307504457866195	0.06307504457866195	0.0906394405836371	0.1037041906226787	0.09461256686799292
UP000000239	0.010414365598239638	0.02900187791837768	0.02900187791837768	0.02900187791837768	0.03712658429315885	0.01624941274956235	0.02900187791837768	0.01624941274956235	0.01624941274956235	0.02900187791837768	0.01624941274956235	0.02208445990088506	0.10352483942105989	0.10352483942105989	0.10352483942105989	0.05800375583675536	0.05800375583675536	0.0742531685863177	0.13252671733943758	0.08700563375513304
UP000000245	0.008993763202323223	0.027628028727784366	0.027628028727784366	0.027628028727784366	0.0342953145348145	0.013334571614060261	0.027628028727784366	0.013334571614060261	0.013334571614060261	0.027628028727784366	0.013334571614060261	0.017675380025797303	0.1144855633124996	0.1144855633124996	0.1144855633124996	0.05525605745556873	0.05525605745556873	0.068590629069629	0.14211359204028395	0.08288408618335308
UP000000247	0.019051937220899047	0.02819905762211531	0.02819905762211531	0.02819905762211531	0.057566041543832325	0.058733967843434036	0.02819905762211531	0.058733967843434036	0.058733967843434036	0.02819905762211531	0.058733967843434036	0.09841599846596903	0.02707757980509994	0.02707757980509994	0.02707757980509994	0.05639811524423062	0.05639811524423062	0.11513208308766465	0.05527663742721525	0.08459717286634594
UP000000248	0.017495683340116572	0.03146565542118017	0.03146565542118017	0.03146565542118017	0.05116910007173947	0.03940688930111862	0.03146565542118017	0.03940688930111862	0.03940688930111862	0.03146565542118017	0.03940688930111862	0.06131809526212064	0.05024946087568195	0.05024946087568195	0.05024946087568195	0.06293131084236034	0.06293131084236034	0.10233820014347894	0.08171511629686211	0.0943969662635405
UP000000260	0.013580422365123555	0.031115626911275267	0.031115626911275267	0.031115626911275267	0.043164626810265866	0.0240979997979812	0.031115626911275267	0.0240979997979812	0.0240979997979812	0.031115626911275267	0.0240979997979812	0.03461557723083884	0.0803537427336842	0.0803537427336842	0.0803537427336842	0.062231253822550535	0.062231253822550535	0.08632925362053173	0.11146936964495947	0.09334688073382581
UP000000263	0.011967970968744208	0.030201455603457085	0.030201455603457085	0.030201455603457085	0.040113168891323714	0.019823426575733268	0.030201455603457085	0.019823426575733268	0.019823426575733268	0.030201455603457085	0.019823426575733268	0.027678882182722332	0.09202525275667177	0.09202525275667177	0.09202525275667177	0.06040291120691417	0.06040291120691417	0.08022633778264743	0.12222670836012885	0.09060436681037123
UP000000268	0.016812319164938454	0.031691114226229646	0.031691114226229646	0.031691114226229646	0.04959582777558267	0.03580942709870604	0.031691114226229646	0.03580942709870604	0.03580942709870604	0.031691114226229646	0.03580942709870604	0.054806535032473624	0.05609286728500753	0.05609286728500753	0.05609286728500753	0.06338222845245929	0.06338222845245929	0.09919165555116534	0.08778398151123719	0.09507334267868893
UP000000269	0.018868489343380992	0.029735622400360394	0.029735622400360394	0.029735622400360394	0.05555044731499863	0.05162964982927647	0.029735622400360394	0.05162964982927647	0.05162964982927647	0.029735622400360394	0.05162964982927647	0.08439081031517193	0.03425191696866506	0.03425191696866506	0.03425191696866506	0.05947124480072079	0.05947124480072079	0.11110089462999725	0.06398753936902545	0.08920686720108117
UP000000270	0.00900605627588201	0.027641110398876758	0.027641110398876758	0.027641110398876758	0.034320387908271674	0.013358555018789827	0.027641110398876758	0.013358555018789827	0.013358555018789827	0.027641110398876758	0.013358555018789827	0.017711053761697643	0.11438826774426201	0.11438826774426201	0.11438826774426201	0.055282220797753516	0.055282220797753516	0.06864077581654335	0.1420293781431388	0.08292333119663027
UP000000272	0.016765824306243824	0.0316998590664892	0.0316998590664892	0.0316998590664892	0.0494939206236593	0.0355881231143402	0.0316998590664892	0.0355881231143402	0.0355881231143402	0.0316998590664892	0.0355881231143402	0.05441042192243658	0.056472832894655316	0.056472832894655316	0.056472832894655316	0.0633997181329784	0.0633997181329784	0.0989878412473186	0.08817269196114452	0.09509957719946759
UP000000276	0.014971848260585133	0.03160673656279797	0.03160673656279797	0.03160673656279797	0.045830194371274835	0.028446915616953724	0.03160673656279797	0.028446915616953724	0.028446915616953724	0.03160673656279797	0.028446915616953724	0.04192198297332232	0.07023508696701987	0.07023508696701987	0.07023508696701987	0.06321347312559594	0.06321347312559594	0.09166038874254967	0.10184182352981784	0.09482020968839391
UP000000321	0.009267357329666707	0.027914105784927153	0.027914105784927153	0.027914105784927153	0.03485070369816969	0.013873195826485087	0.027914105784927153	0.013873195826485087	0.013873195826485087	0.027914105784927153	0.013873195826485087	0.018479034323303466	0.11233133468563185	0.11233133468563185	0.11233133468563185	0.055828211569854305	0.055828211569854305	0.06970140739633938	0.140245440470559	0.08374231735478146
UP000000323	0.01459944879405901	0.03150534990114599	0.03150534990114599	0.03150534990114599	0.04510890583428335	0.027207111866274714	0.03150534990114599	0.027207111866274714	0.027207111866274714	0.03150534990114599	0.027207111866274714	0.039814774938490415	0.07296526564615093	0.07296526564615093	0.07296526564615093	0.06301069980229199	0.06301069980229199	0.0902178116685667	0.10447061554729692	0.09451604970343798
UP000000328	0.00726490390043994	0.02555964991912247	0.02555964991912247	0.02555964991912247	0.030634560502786432	0.010149821167327926	0.02555964991912247	0.010149821167327926	0.010149821167327926	0.02555964991912247	0.010149821167327926	0.013034738434215914	0.12873048563477021	0.12873048563477021	0.12873048563477021	0.05111929983824494	0.05111929983824494	0.061269121005572864	0.1542901355538927	0.07667894975736742
UP000000329	0.010589006966990439	0.02915219999854635	0.02915219999854635	0.02915219999854635	0.03746684846346705	0.0166292969298414	0.02915219999854635	0.0166292969298414	0.0166292969298414	0.02915219999854635	0.0166292969298414	0.02266958689269236	0.10221126826236196	0.10221126826236196	0.10221126826236196	0.0583043999970927	0.0583043999970927	0.0749336969269341	0.1313634682609083	0.08745659999563904
UP000000333	0.010139823549570158	0.028757512935703756	0.028757512935703756	0.028757512935703756	0.03658867019815377	0.01566231452490003	0.028757512935703756	0.01566231452490003	0.01566231452490003	0.028757512935703756	0.01566231452490003	0.021184805500229904	0.10560310852299745	0.10560310852299745	0.10560310852299745	0.05751502587140751	0.05751502587140751	0.07317734039630754	0.1343606214587012	0.08627253880711126
UP000000343	0.01205713849185835	0.03026092690059777	0.03026092690059777	0.03026092690059777	0.040282472370697396	0.020043090940199248	0.03026092690059777	0.020043090940199248	0.020043090940199248	0.03026092690059777	0.020043090940199248	0.028029043388540148	0.09137549688473534	0.09137549688473534	0.09137549688473534	0.06052185380119554	0.06052185380119554	0.08056494474139479	0.1216364237853331	0.09078278070179331
UP000000361	0.009308529648142378	0.02795624562841678	0.02795624562841678	0.02795624562841678	0.03493381707894032	0.013955142901047069	0.02795624562841678	0.013955142901047069	0.013955142901047069	0.02795624562841678	0.013955142901047069	0.018601756153951758	0.11200912454686963	0.11200912454686963	0.11200912454686963	0.05591249125683356	0.05591249125683356	0.06986763415788064	0.1399653701752864	0.08386873688525034
UP000000366	0.008454156292357165	0.027032164049317037	0.027032164049317037	0.027032164049317037	0.033182827316963405	0.01230132653529274	0.027032164049317037	0.01230132653529274	0.01230132653529274	0.027032164049317037	0.01230132653529274	0.016148496778228313	0.11880635654905793	0.11880635654905793	0.11880635654905793	0.054064328098634075	0.054064328098634075	0.06636565463392681	0.14583852059837496	0.08109649214795112
UP000000370	0.01891974200195067	0.02954216069446387	0.02954216069446387	0.02954216069446387	0.05585114336115938	0.05261796533339102	0.02954216069446387	0.05261796533339102	0.05261796533339102	0.02954216069446387	0.05261796533339102	0.08631618866483134	0.03317267222203635	0.03317267222203635	0.03317267222203635	0.05908432138892774	0.05908432138892774	0.11170228672231876	0.06271483291650022	0.0886264820833916
UP000000374	0.009976135451749085	0.028607089509257135	0.028607089509257135	0.028607089509257135	0.03626606926262225	0.015317959506730221	0.028607089509257135	0.015317959506730221	0.015317959506730221	0.028607089509257135	0.015317959506730221	0.02065978356171136	0.10685046788785228	0.10685046788785228	0.10685046788785228	0.05721417901851427	0.05721417901851427	0.0725321385252445	0.13545755739710943	0.0858212685277714
UP000000376	0.014716133069823117	0.03153963730696754	0.03153963730696754	0.03153963730696754	0.04533407314627738	0.027588871678619682	0.03153963730696754	0.027588871678619682	0.027588871678619682	0.03153963730696754	0.027588871678619682	0.040461610287416246	0.0721123163747179	0.0721123163747179	0.0721123163747179	0.06307927461393507	0.06307927461393507	0.09066814629255476	0.10365195368168544	0.0946189119209026
UP000000377	0.007670036042628445	0.026087220421125958	0.026087220421125958	0.026087220421125958	0.031519373261916284	0.010864305681580649	0.026087220421125958	0.010864305681580649	0.010864305681580649	0.026087220421125958	0.010864305681580649	0.014058575320532852	0.12528054516253245	0.12528054516253245	0.12528054516253245	0.052174440842251917	0.052174440842251917	0.06303874652383257	0.15136776558365841	0.07826166126337787
UP000000379	0.00861515573197658	0.027214434695437124	0.027214434695437124	0.027214434695437124	0.033517275615224995	0.012605681839575727	0.027214434695437124	0.012605681839575727	0.012605681839575727	0.027214434695437124	0.012605681839575727	0.016596207947174875	0.117506607769047	0.117506607769047	0.117506607769047	0.05442886939087425	0.05442886939087425	0.06703455123044999	0.14472104246448414	0.08164330408631137
UP000000417	0.008373757747195244	0.026939684524833876	0.026939684524833876	0.026939684524833876	0.033014964113583706	0.012150559177499645	0.026939684524833876	0.012150559177499645	0.012150559177499645	0.026939684524833876	0.012150559177499645	0.015927360607804048	0.11945896344285264	0.11945896344285264	0.11945896344285264	0.05387936904966775	0.05387936904966775	0.06602992822716741	0.14639864796768653	0.08081905357450163
UP000000422	0.016286512852273498	0.03175119081071462	0.03175119081071462	0.03175119081071462	0.048470458376562414	0.03343853513169558	0.03175119081071462	0.03343853513169558	0.03343853513169558	0.03175119081071462	0.03343853513169558	0.05059055741111767	0.06029798338521228	0.06029798338521228	0.06029798338521228	0.06350238162142924	0.06350238162142924	0.09694091675312483	0.0920491741959269	0.09525357243214386
UP000000423	0.018397481011602573	0.024809663117670685	0.024809663117670685	0.024809663117670685	0.060400925075098526	0.07118252391485569	0.024809663117670685	0.07118252391485569	0.07118252391485569	0.024809663117670685	0.07118252391485569	0.1239675668181088	0.017294115188962865	0.017294115188962865	0.017294115188962865	0.04961932623534137	0.04961932623534137	0.12080185015019705	0.04210377830663354	0.07442898935301205
UP000000425	0.015399063369261716	0.03169273707465562	0.03169273707465562	0.03169273707465562	0.04666905473579825	0.02995263532228527	0.03169273707465562	0.02995263532228527	0.02995263532228527	0.03169273707465562	0.02995263532228527	0.04450620727530882	0.06706786047209262	0.06706786047209262	0.06706786047209262	0.06338547414931124	0.06338547414931124	0.0933381094715965	0.09876059754674825	0.09507821122396685
UP000000428	0.007633653317213949	0.026040977797020935	0.026040977797020935	0.026040977797020935	0.03144067064107863	0.010799385688115393	0.026040977797020935	0.010799385688115393	0.010799385688115393	0.026040977797020935	0.010799385688115393	0.013965118059016835	0.12558724064669988	0.12558724064669988	0.12558724064669988	0.05208195559404187	0.05208195559404187	0.06288134128215726	0.15162821844372082	0.0781229333910628
UP000000429	0.018551158179198526	0.03048107314813726	0.03048107314813726	0.03048107314813726	0.05418028688583238	0.047398427475390234	0.03048107314813726	0.047398427475390234	0.047398427475390234	0.03048107314813726	0.047398427475390234	0.07624569677158195	0.0392036558910943	0.0392036558910943	0.0392036558910943	0.06096214629627452	0.06096214629627452	0.10836057377166476	0.06968472903923155	0.09144321944441179
UP000000430	0.018265214256002152	0.030878159947276575	0.030878159947276575	0.030878159947276575	0.053235990587040635	0.04471566127952812	0.030878159947276575	0.04471566127952812	0.04471566127952812	0.030878159947276575	0.04471566127952812	0.0711661083030541	0.04264549531177848	0.04264549531177848	0.04264549531177848	0.06175631989455315	0.06175631989455315	0.10647198117408127	0.07352365525905505	0.09263447984182974
UP000000431	0.01813375877290471	0.03101720774488474	0.03101720774488474	0.03101720774488474	0.05284593405404668	0.04365745261832388	0.03101720774488474	0.04365745261832388	0.04365745261832388	0.03101720774488474	0.04365745261832388	0.06918114646374306	0.0440734453611038	0.0440734453611038	0.0440734453611038	0.06203441548976948	0.06203441548976948	0.10569186810809336	0.07509065310598856	0.09305162323465423
UP000000432	0.017344243685093318	0.03153338998685758	0.03153338998685758	0.03153338998685758	0.05080596595857533	0.0385451519434355	0.03153338998685758	0.0385451519434355	0.0385451519434355	0.03153338998685758	0.0385451519434355	0.05974606020177769	0.051594280158628096	0.051594280158628096	0.051594280158628096	0.06306677997371515	0.06306677997371515	0.10161193191715066	0.08312767014548567	0.09460016996057272
UP000000439	0.012029772051969178	0.030242783190404455	0.030242783190404455	0.030242783190404455	0.04023052726062926	0.019975488140449624	0.030242783190404455	0.019975488140449624	0.019975488140449624	0.030242783190404455	0.019975488140449624	0.02792120422893007	0.09157482697503913	0.09157482697503913	0.09157482697503913	0.06048556638080891	0.06048556638080891	0.08046105452125853	0.12181761016544358	0.09072834957121335
UP000000440	0.014428296551733414	0.03145103832373277	0.03145103832373277	0.03145103832373277	0.04477982266037759	0.02665756867328964	0.03145103832373277	0.02665756867328964	0.02665756867328964	0.03145103832373277	0.02665756867328964	0.03888684079484586	0.07421290544265081	0.07421290544265081	0.07421290544265081	0.06290207664746554	0.06290207664746554	0.08955964532075518	0.10566394376638359	0.09435311497119832
UP000000442	0.01624195237681616	0.03175267680085868	0.03175267680085868	0.03175267680085868	0.048377479432145765	0.03324960526257418	0.03175267680085868	0.03324960526257418	0.03324960526257418	0.03175267680085868	0.03324960526257418	0.0502572581483322	0.0606462829292387	0.0606462829292387	0.0606462829292387	0.06350535360171736	0.06350535360171736	0.09675495886429153	0.09239895973009739	0.09525803040257604
UP000000449	0.018861723566302592	0.02975850730601079	0.02975850730601079	0.02975850730601079	0.055513663687906764	0.05151031276379194	0.02975850730601079	0.05151031276379194	0.05151031276379194	0.02975850730601079	0.05151031276379194	0.0841589019612813	0.03438413434384691	0.03438413434384691	0.03438413434384691	0.05951701461202158	0.05951701461202158	0.11102732737581353	0.0641426416498577	0.08927552191803237
UP000000467	0.014433173455266223	0.03145265095458108	0.03145265095458108	0.03145265095458108	0.04478918161110941	0.02667306131305666	0.03145265095458108	0.02667306131305666	0.02667306131305666	0.03145265095458108	0.02667306131305666	0.038912949170847096	0.07417740621969444	0.07417740621969444	0.07417740621969444	0.06290530190916216	0.06290530190916216	0.08957836322221882	0.10563005717427552	0.09435795286374325
UP000000492	0.013171818769825715	0.03091694864651623	0.03091694864651623	0.03091694864651623	0.04239143340142493	0.02294896950981739	0.03091694864651623	0.02294896950981739	0.02294896950981739	0.03091694864651623	0.02294896950981739	0.03272612024980907	0.08330288758302747	0.08330288758302747	0.08330288758302747	0.06183389729303246	0.06183389729303246	0.08478286680284985	0.11421983622954371	0.09275084593954869
UP000000504	0.017417765996443818	0.031501964302990515	0.031501964302990515	0.031501964302990515	0.05098102270288425	0.03895811679978747	0.031501964302990515	0.03895811679978747	0.03895811679978747	0.031501964302990515	0.03895811679978747	0.06049846760313112	0.050945673788436424	0.050945673788436424	0.050945673788436424	0.06300392860598103	0.06300392860598103	0.1019620454057685	0.08244763809142694	0.09450589290897154
UP000000528	0.01861530728117416	0.025522746702873474	0.025522746702873474	0.025522746702873474	0.05991420086756891	0.06878290832939088	0.025522746702873474	0.06878290832939088	0.06878290832939088	0.025522746702873474	0.06878290832939088	0.11895050937760758	0.01894106007089821	0.01894106007089821	0.01894106007089821	0.05104549340574695	0.05104549340574695	0.11982840173513783	0.04446380677377169	0.07656824010862043
UP000000529	0.018933624590952342	0.02948204801884599	0.02948204801884599	0.02948204801884599	0.0559410744874452	0.05291805293719842	0.02948204801884599	0.05291805293719842	0.05291805293719842	0.02948204801884599	0.05291805293719842	0.08690248128344451	0.032850458667369	0.032850458667369	0.032850458667369	0.05896409603769198	0.05896409603769198	0.1118821489748904	0.062332506686214983	0.08844614405653796
UP000000531	0.01904794814974312	0.028047850378912748	0.028047850378912748	0.028047850378912748	0.057728950580074365	0.059362200402323234	0.028047850378912748	0.059362200402323234	0.059362200402323234	0.028047850378912748	0.059362200402323234	0.09967645265490335	0.02650447272999294	0.02650447272999294	0.02650447272999294	0.056095700757825495	0.056095700757825495	0.11545790116014873	0.05455232310890568	0.08414355113673823
UP000000532	0.008195814549167263	0.026731494551033592	0.026731494551033592	0.026731494551033592	0.03264134981235357	0.011819710522639963	0.026731494551033592	0.011819710522639963	0.011819710522639963	0.026731494551033592	0.011819710522639963	0.015443606496112662	0.12091206456591576	0.12091206456591576	0.12091206456591576	0.053462989102067184	0.053462989102067184	0.06528269962470715	0.14764355911694935	0.08019448365310078
UP000000534	0.019008951330543464	0.02904559961109239	0.02904559961109239	0.02904559961109239	0.056551116091316724	0.055011032960448666	0.02904559961109239	0.055011032960448666	0.055011032960448666	0.02904559961109239	0.055011032960448666	0.09101311459035387	0.03067191475478921	0.03067191475478921	0.03067191475478921	0.05809119922218478	0.05809119922218478	0.11310223218263345	0.05971751436588159	0.08713679883327716
UP000000535	0.015023404869125269	0.031618887810826876	0.031618887810826876	0.031618887810826876	0.045930714551941164	0.028623653482228575	0.031618887810826876	0.028623653482228575	0.028623653482228575	0.031618887810826876	0.028623653482228575	0.042223902095331875	0.06985509847751395	0.06985509847751395	0.06985509847751395	0.06323777562165375	0.06323777562165375	0.09186142910388233	0.10147398628834083	0.09485666343248061
UP000000537	0.0186308753063096	0.030336757659572163	0.030336757659572163	0.030336757659572163	0.05447848111520274	0.048283446911261144	0.030336757659572163	0.048283446911261144	0.048283446911261144	0.030336757659572163	0.048283446911261144	0.0779360185162127	0.038121506403096694	0.038121506403096694	0.038121506403096694	0.060673515319144326	0.060673515319144326	0.10895696223040548	0.06845826406266886	0.0910102729787165
UP000000545	0.01139026870589918	0.029791488782796038	0.029791488782796038	0.029791488782796038	0.03901188452195869	0.018440791478325308	0.029791488782796038	0.018440791478325308	0.018440791478325308	0.029791488782796038	0.018440791478325308	0.025491314250751435	0.09625756084695591	0.09625756084695591	0.09625756084695591	0.059582977565592075	0.059582977565592075	0.07802376904391738	0.12604904962975194	0.08937446634838811
UP000000546	0.017570105396654944	0.03142790095454008	0.03142790095454008	0.03142790095454008	0.051351399243295785	0.03984699657751141	0.03142790095454008	0.03984699657751141	0.03984699657751141	0.03142790095454008	0.03984699657751141	0.062123887758367885	0.04957527759900579	0.04957527759900579	0.04957527759900579	0.06285580190908016	0.06285580190908016	0.10270279848659157	0.08100317855354587	0.09428370286362024
UP000000549	0.01884514401859566	0.026461038567604758	0.026461038567604758	0.026461038567604758	0.059199286154883055	0.06547649517455659	0.026461038567604758	0.06547649517455659	0.06547649517455659	0.026461038567604758	0.06547649517455659	0.11210784633051753	0.021387417277287345	0.021387417277287345	0.021387417277287345	0.052922077135209515	0.052922077135209515	0.11839857230976611	0.047848455844892106	0.07938311570281427
UP000000555	0.01877725625978802	0.030007961528536978	0.030007961528536978	0.030007961528536978	0.055093972156165454	0.05017202125525695	0.030007961528536978	0.05017202125525695	0.05017202125525695	0.030007961528536978	0.05017202125525695	0.08156678625072589	0.035895614032245296	0.035895614032245296	0.035895614032245296	0.060015923057073955	0.060015923057073955	0.11018794431233091	0.06590357556078227	0.09002388458561093
UP000000556	0.011451530482132703	0.029836984274597845	0.029836984274597845	0.029836984274597845	0.03912908929338995	0.01858421003758421	0.029836984274597845	0.01858421003758421	0.01858421003758421	0.029836984274597845	0.01858421003758421	0.025716889593035717	0.09580666908113823	0.09580666908113823	0.09580666908113823	0.05967396854919569	0.05967396854919569	0.0782581785867799	0.12564365335573607	0.08951095282379352
UP000000557	0.011247277837063394	0.029683433164906917	0.029683433164906917	0.029683433164906917	0.03873786490587288	0.018108863481931917	0.029683433164906917	0.018108863481931917	0.018108863481931917	0.029683433164906917	0.018108863481931917	0.02497044912680044	0.09731214831174996	0.09731214831174996	0.09731214831174996	0.05936686632981383	0.05936686632981383	0.07747572981174576	0.12699558147665685	0.08905029949472074
UP000000558	0.015646041778166538	0.03172638967348333	0.03172638967348333	0.03172638967348333	0.04716114337201121	0.03086950739705575	0.03172638967348333	0.03086950739705575	0.03086950739705575	0.03172638967348333	0.03086950739705575	0.046092973015944956	0.06521411493658712	0.06521411493658712	0.06521411493658712	0.06345277934696666	0.06345277934696666	0.09432228674402242	0.09694050461007045	0.09517916902045
UP000000562	0.017844106807484446	0.023326143384809504	0.023326143384809504	0.023326143384809504	0.061289607153628224	0.07592692753763744	0.023326143384809504	0.07592692753763744	0.07592692753763744	0.023326143384809504	0.07592692753763744	0.13400974826779044	0.014332437327691789	0.014332437327691789	0.014332437327691789	0.04665228676961901	0.04665228676961901	0.12257921430725645	0.03765858071250129	0.0699784301544285
UP000000566	0.017234902215052462	0.0315753706193552	0.0315753706193552	0.0315753706193552	0.05054959132421535	0.03794844140972029	0.0315753706193552	0.03794844140972029	0.03794844140972029	0.0315753706193552	0.03794844140972029	0.058661980604388125	0.05254518987935363	0.05254518987935363	0.05254518987935363	0.0631507412387104	0.0631507412387104	0.1010991826484307	0.08412056049870882	0.09472611185806559
UP000000577	0.01180374450804318	0.030089253797993872	0.030089253797993872	0.030089253797993872	0.03980092927384127	0.019423350951694784	0.030089253797993872	0.019423350951694784	0.019423350951694784	0.030089253797993872	0.019423350951694784	0.027042957395346387	0.09322420177359676	0.09322420177359676	0.09322420177359676	0.060178507595987744	0.060178507595987744	0.07960185854768254	0.12331345557159062	0.09026776139398161
UP000000579	0.018667321677025648	0.0302637540508298	0.0302637540508298	0.0302637540508298	0.05462224698256157	0.04871698586346355	0.0302637540508298	0.04871698586346355	0.04871698586346355	0.0302637540508298	0.04871698586346355	0.07876665004990145	0.03760063530268665	0.03760063530268665	0.03760063530268665	0.0605275081016596	0.0605275081016596	0.10924449396512315	0.06786438935351645	0.0907912621524894
UP000000580	0.008164760570808526	0.026694661259813433	0.026694661259813433	0.026694661259813433	0.032575845443238195	0.011762368366849529	0.026694661259813433	0.011762368366849529	0.011762368366849529	0.026694661259813433	0.011762368366849529	0.015359976162890528	0.12116691427290344	0.12116691427290344	0.12116691427290344	0.053389322519626865	0.053389322519626865	0.06515169088647639	0.14786157553271687	0.08008398377944029
UP000000582	0.01443084475118758	0.03145188140050063	0.03145188140050063	0.03145188140050063	0.04478471261914755	0.02666566243729384	0.03145188140050063	0.02666566243729384	0.02666566243729384	0.03145188140050063	0.02666566243729384	0.038900480123400104	0.07419435732807153	0.07419435732807153	0.07419435732807153	0.06290376280100125	0.06290376280100125	0.0895694252382951	0.10564623872857216	0.09435564420150187
UP000000584	0.01678000328818681	0.03169726885237993	0.03169726885237993	0.03169726885237993	0.04952494220446475	0.035655346704169644	0.03169726885237993	0.035655346704169644	0.035655346704169644	0.03169726885237993	0.035655346704169644	0.05453069012015249	0.05635714952016218	0.05635714952016218	0.05635714952016218	0.06339453770475986	0.06339453770475986	0.0990498844089295	0.08805441837254213	0.09509180655713981
UP000000585	0.01850548144711911	0.03055575586652806	0.03055575586652806	0.03055575586652806	0.05401783455495973	0.046924157376863326	0.03055575586652806	0.046924157376863326	0.046924157376863326	0.03055575586652806	0.046924157376863326	0.07534283330660754	0.03979418145226903	0.03979418145226903	0.03979418145226903	0.06111151173305612	0.06111151173305612	0.10803566910991946	0.07034993731879709	0.09166726759958418
UP000000586	0.018435324749947	0.030661010631468914	0.030661010631468914	0.030661010631468914	0.053778146701807014	0.04623427214067619	0.030661010631468914	0.04623427214067619	0.04623427214067619	0.030661010631468914	0.04623427214067619	0.07403321953140539	0.04066669721035649	0.04066669721035649	0.04066669721035649	0.06132202126293783	0.06132202126293783	0.10755629340361403	0.07132770784182539	0.09198303189440674
UP000000588	0.016254336906178533	0.031752315786029585	0.031752315786029585	0.031752315786029585	0.048403288223748384	0.03330194487543759	0.031752315786029585	0.03330194487543759	0.03330194487543759	0.031752315786029585	0.03330194487543759	0.05034955284469665	0.060549590214436136	0.060549590214436136	0.060549590214436136	0.06350463157205917	0.06350463157205917	0.09680657644749677	0.09230190600046574	0.09525694735808876
UP000000593	0.018010682169012856	0.03112960665642021	0.03112960665642021	0.03112960665642021	0.05249818195667996	0.04273715060051952	0.03112960665642021	0.04273715060051952	0.04273715060051952	0.03112960665642021	0.04273715060051952	0.06746361903202616	0.04534941599834509	0.04534941599834509	0.04534941599834509	0.06225921331284042	0.06225921331284042	0.10499636391335992	0.0764790226547653	0.09338881996926064
UP000000594	0.018964398143174035	0.02933189108154253	0.02933189108154253	0.02933189108154253	0.05615909337960003	0.05365440459611501	0.02933189108154253	0.05365440459611501	0.05365440459611501	0.02933189108154253	0.05365440459611501	0.08834441104905597	0.032070427056114265	0.032070427056114265	0.032070427056114265	0.05866378216308506	0.05866378216308506	0.11231818675920006	0.06140231813765679	0.08799567324462758
UP000000601	0.018592331306921343	0.02544177419565376	0.02544177419565376	0.02544177419565376	0.05997172813246336	0.06905990787361921	0.02544177419565376	0.06905990787361921	0.06905990787361921	0.02544177419565376	0.06905990787361921	0.11952748444031706	0.018745575954348906	0.018745575954348906	0.018745575954348906	0.05088354839130752	0.05088354839130752	0.11994345626492672	0.04418735015000267	0.07632532258696129
UP000000602	0.016912645782399486	0.031669720926397235	0.031669720926397235	0.031669720926397235	0.04981758447080213	0.0362957270888098	0.031669720926397235	0.0362957270888098	0.0362957270888098	0.031669720926397235	0.0362957270888098	0.05567880839522012	0.05526662800289267	0.05526662800289267	0.05526662800289267	0.06333944185279447	0.06333944185279447	0.09963516894160426	0.08693634892928989	0.09500916277919169
UP000000605	0.008869285828148506	0.02749434513657807	0.02749434513657807	0.02749434513657807	0.03404077276496443	0.013092855256772716	0.02749434513657807	0.013092855256772716	0.013092855256772716	0.02749434513657807	0.013092855256772716	0.01731642468539693	0.11547351584723886	0.11547351584723886	0.11547351584723886	0.05498869027315614	0.05498869027315614	0.06808154552992886	0.14296786098381692	0.08248303540973423
UP000000606	0.017039614897575984	0.031637434405255876	0.031637434405255876	0.031637434405255876	0.05010216807076211	0.036929467331012475	0.031637434405255876	0.036929467331012475	0.036929467331012475	0.031637434405255876	0.036929467331012475	0.05681931976444896	0.05420751113332813	0.05420751113332813	0.05420751113332813	0.06327486881051175	0.06327486881051175	0.10020433614152421	0.08584494553858402	0.09491230321576763
UP000000609	0.018620730316224625	0.03035623279639368	0.03035623279639368	0.03035623279639368	0.05443936111890746	0.04816625664502755	0.03035623279639368	0.04816625664502755	0.04816625664502755	0.03035623279639368	0.04816625664502755	0.07771178297383048	0.03826333760499857	0.03826333760499857	0.03826333760499857	0.06071246559278736	0.06071246559278736	0.10887872223781492	0.06861957040139224	0.09106869838918104
UP000000625	0.015629692920988654	0.03172454788811771	0.03172454788811771	0.03172454788811771	0.04712838167727443	0.030807667578313443	0.03172454788811771	0.030807667578313443	0.030807667578313443	0.03172454788811771	0.030807667578313443	0.04598564223563823	0.06533743173819143	0.06533743173819143	0.06533743173819143	0.06344909577623542	0.06344909577623542	0.09425676335454886	0.09706197962630915	0.09517364366435314
UP000000628	0.01279554789407119	0.03071383487643172	0.03071383487643172	0.03071383487643172	0.04168029460438622	0.021932919455908997	0.03071383487643172	0.021932919455908997	0.021932919455908997	0.03071383487643172	0.021932919455908997	0.031070291017746804	0.08602043651444373	0.08602043651444373	0.08602043651444373	0.06142766975286344	0.06142766975286344	0.08336058920877244	0.11673427139087547	0.09214150462929517
UP000000636	0.012057008087163833	0.03026084067175276	0.03026084067175276	0.03026084067175276	0.040282224877751766	0.020042768411998025	0.03026084067175276	0.020042768411998025	0.020042768411998025	0.03026084067175276	0.020042768411998025	0.028028528736832214	0.09137644654049265	0.09137644654049265	0.09137644654049265	0.06052168134350552	0.06052168134350552	0.08056444975550353	0.12163728721224541	0.09078252201525827
UP000000639	0.01830031241730315	0.030837155363153387	0.030837155363153387	0.030837155363153387	0.053344000971896476	0.045013691217486176	0.030837155363153387	0.045013691217486176	0.045013691217486176	0.030837155363153387	0.045013691217486176	0.0717270700176692	0.042250707514599826	0.042250707514599826	0.042250707514599826	0.061674310726306775	0.061674310726306775	0.10668800194379295	0.0730878628777532	0.09251146608946016
UP000000640	0.00726830525239889	0.025564196930711155	0.025564196930711155	0.025564196930711155	0.03064206878554681	0.010155743709671311	0.025564196930711155	0.010155743709671311	0.010155743709671311	0.025564196930711155	0.010155743709671311	0.013043182166943732	0.12870119282152168	0.12870119282152168	0.12870119282152168	0.05112839386142231	0.05112839386142231	0.06128413757109362	0.15426538975223283	0.07669259079213347
UP000000643	0.018577280022833716	0.030435883615010442	0.030435883615010442	0.030435883615010442	0.05427578720329793	0.04767980717657496	0.030435883615010442	0.04767980717657496	0.04767980717657496	0.030435883615010442	0.04767980717657496	0.07678233433031621	0.03885682708388018	0.03885682708388018	0.03885682708388018	0.060871767230020885	0.060871767230020885	0.10855157440659587	0.06929271069889062	0.09130765084503134
UP000000644	0.011286532107245005	0.02971335697463156	0.02971335697463156	0.02971335697463156	0.0388131546858955	0.018199595422527887	0.02971335697463156	0.018199595422527887	0.018199595422527887	0.02971335697463156	0.018199595422527887	0.02511265873781077	0.09702233068423398	0.09702233068423398	0.09702233068423398	0.05942671394926312	0.05942671394926312	0.077626309371791	0.12673568765886553	0.08914007092389468
UP000000647	0.008797039221586634	0.02741572937490397	0.02741572937490397	0.02741572937490397	0.033892480548413983	0.01295350234702004	0.02741572937490397	0.01295350234702004	0.01295350234702004	0.02741572937490397	0.01295350234702004	0.017109965472453446	0.11604926559972153	0.11604926559972153	0.11604926559972153	0.05483145874980794	0.05483145874980794	0.06778496109682797	0.1434649949746255	0.0822471881247119
UP000000657	0.007040864780363851	0.025255619778279146	0.025255619778279146	0.025255619778279146	0.030136865884073546	0.009762492211588805	0.025255619778279146	0.009762492211588805	0.009762492211588805	0.025255619778279146	0.009762492211588805	0.012484119642813759	0.13067284799015438	0.13067284799015438	0.13067284799015438	0.05051123955655829	0.05051123955655829	0.06027373176814709	0.15592846776843353	0.07576685933483744
UP000000669	0.01721996111588535	0.02193263686638761	0.02193263686638761	0.02193263686638761	0.06200320123396333	0.08014112873515145	0.02193263686638761	0.08014112873515145	0.08014112873515145	0.02193263686638761	0.08014112873515145	0.14306229635441753	0.012004836156040593	0.012004836156040593	0.012004836156040593	0.04386527373277522	0.04386527373277522	0.12400640246792666	0.03393747302242821	0.06579791059916285
UP000000684	0.0180215355263772	0.031120305578362147	0.031120305578362147	0.031120305578362147	0.052528258017651694	0.04281590487857911	0.031120305578362147	0.04281590487857911	0.04281590487857911	0.031120305578362147	0.04281590487857911	0.067610274230781	0.045238956039215586	0.045238956039215586	0.045238956039215586	0.062240611156724295	0.062240611156724295	0.10505651603530339	0.07635926161757771	0.09336091673508642
UP000000686	0.010553138303216735	0.02912164945280301	0.02912164945280301	0.02912164945280301	0.0373970785331812	0.016550858160756392	0.02912164945280301	0.016550858160756392	0.016550858160756392	0.02912164945280301	0.016550858160756392	0.022548578018296052	0.10248054313736972	0.10248054313736972	0.10248054313736972	0.05824329890560602	0.05824329890560602	0.0747941570663624	0.13160219259017272	0.08736494835840902
UP000000718	0.019036398186761207	0.02876879267859546	0.02876879267859546	0.02876879267859546	0.05690442740043195	0.05627126944367297	0.02876879267859546	0.05627126944367297	0.05627126944367297	0.02876879267859546	0.05627126944367297	0.09350614070058473	0.029416199078731334	0.029416199078731334	0.029416199078731334	0.05753758535719092	0.05753758535719092	0.1138088548008639	0.05818499175732679	0.08630637803578639
UP000000719	0.01867150162803744	0.030255058386124745	0.030255058386124745	0.030255058386124745	0.05463907892966351	0.04876804108707751	0.030255058386124745	0.04876804108707751	0.04876804108707751	0.030255058386124745	0.04876804108707751	0.07886458054611757	0.037539689417230675	0.037539689417230675	0.037539689417230675	0.06051011677224949	0.06051011677224949	0.10927815785932701	0.06779474780335543	0.09076517515837422
UP000000723	0.019029645642748713	0.02885198125840217	0.02885198125840217	0.02885198125840217	0.05680067904895786	0.05589739558111137	0.02885198125840217	0.05589739558111137	0.05589739558111137	0.02885198125840217	0.05589739558111137	0.09276514551947403	0.02978445825180749	0.02978445825180749	0.02978445825180749	0.05770396251680434	0.05770396251680434	0.11360135809791572	0.05863643951020966	0.08655594377520652
UP000000738	0.006671024727133749	0.024733576285098903	0.024733576285098903	0.024733576285098903	0.02930099020939531	0.009134827848592817	0.024733576285098903	0.009134827848592817	0.009134827848592817	0.024733576285098903	0.009134827848592817	0.011598630970051886	0.13393789264349285	0.13393789264349285	0.13393789264349285	0.049467152570197806	0.049467152570197806	0.05860198041879062	0.15867146892859174	0.07420072885529672
UP000000739	0.014207736571332846	0.03137420405023653	0.03137420405023653	0.03137420405023653	0.04435755158020466	0.02596669505993626	0.03137420405023653	0.02596669505993626	0.02596669505993626	0.03137420405023653	0.02596669505993626	0.03772565354853967	0.07581563056167338	0.07581563056167338	0.07581563056167338	0.06274840810047307	0.06274840810047307	0.08871510316040931	0.1071898346119099	0.09412261215070959
UP000000742	0.018141234198460646	0.031009862398208743	0.031009862398208743	0.031009862398208743	0.052867560339895925	0.04371539588337438	0.031009862398208743	0.04371539588337438	0.04371539588337438	0.031009862398208743	0.04371539588337438	0.0692895575682881	0.04399418312583809	0.04399418312583809	0.04399418312583809	0.062019724796417486	0.062019724796417486	0.10573512067979185	0.07500404552404683	0.09302958719462621
UP000000746	0.01563105175745653	0.03172470310020087	0.03172470310020087	0.03172470310020087	0.04713110359901461	0.030812800997627475	0.03172470310020087	0.030812800997627475	0.030812800997627475	0.03172470310020087	0.030812800997627475	0.04599455023779842	0.06532718572864503	0.06532718572864503	0.06532718572864503	0.06344940620040174	0.06344940620040174	0.09426220719802922	0.0970518888288459	0.0951741093006026
UP000000747	0.015589865307292903	0.031719827877111265	0.031719827877111265	0.031719827877111265	0.04704868688822823	0.030657718022233937	0.031719827877111265	0.030657718022233937	0.030657718022233937	0.031719827877111265	0.030657718022233937	0.04572557073717496	0.06563746719986631	0.06563746719986631	0.06563746719986631	0.06343965575422253	0.06343965575422253	0.09409737377645647	0.09735729507697757	0.09515948363133381
