Proteome_ID	M	W	C	D	E	F	H	K	N	Q	Y	I	A	G	P	T	V	L	R	S
UP000008323	0.06336256201385257	0.028409830538872593	0.028409830538872593	0.028409830538872593	0.028409830538872593	0.06336256201385257	0.028409830538872593	0.06336256201385257	0.06336256201385257	0.028409830538872593	0.06336256201385257	0.06336256201385257	0.025476194320267615	0.025476194320267615	0.025476194320267615	0.11363932215549037	0.056819661077745186	0.06336256201385257	0.05388602485914021	0.08522949161661778
UP000002535	0.051073321503512584	0.030842645860086424	0.030842645860086424	0.030842645860086424	0.030842645860086424	0.051073321503512584	0.030842645860086424	0.051073321503512584	0.051073321503512584	0.030842645860086424	0.051073321503512584	0.051073321503512584	0.03725110392850727	0.03725110392850727	0.03725110392850727	0.1233705834403457	0.06168529172017285	0.051073321503512584	0.0680937497885937	0.09252793758025926
UP000001961	0.025568610696846066	0.031683424801698584	0.031683424801698584	0.031683424801698584	0.031683424801698584	0.025568610696846066	0.031683424801698584	0.025568610696846066	0.025568610696846066	0.031683424801698584	0.025568610696846066	0.025568610696846066	0.07852123207372504	0.07852123207372504	0.07852123207372504	0.12673369920679434	0.06336684960339717	0.025568610696846066	0.11020465687542362	0.09505027440509575
UP000000815	0.03376573114124946	0.03228903377086022	0.03228903377086022	0.03228903377086022	0.03228903377086022	0.03376573114124946	0.03228903377086022	0.03376573114124946	0.03376573114124946	0.03228903377086022	0.03376573114124946	0.03376573114124946	0.06175383541937259	0.06175383541937259	0.06175383541937259	0.12915613508344087	0.06457806754172044	0.03376573114124946	0.09404286919023282	0.09686710131258064
UP000000425	0.02752314721693089	0.031933423960752806	0.031933423960752806	0.031933423960752806	0.031933423960752806	0.02752314721693089	0.031933423960752806	0.02752314721693089	0.02752314721693089	0.031933423960752806	0.02752314721693089	0.02752314721693089	0.07410079652735971	0.07410079652735971	0.07410079652735971	0.12773369584301122	0.06386684792150561	0.02752314721693089	0.1060342204881125	0.09580027188225841
UP000010481	0.03763757857763164	0.03223209107488911	0.03223209107488911	0.03223209107488911	0.03223209107488911	0.03763757857763164	0.03223209107488911	0.03763757857763164	0.03763757857763164	0.03223209107488911	0.03763757857763164	0.03763757857763164	0.05520587318958817	0.05520587318958817	0.05520587318958817	0.12892836429955645	0.06446418214977823	0.03763757857763164	0.08743796426447728	0.09669627322466734
UP000002194	0.017699505325220948	0.029751492838646046	0.029751492838646046	0.029751492838646046	0.029751492838646046	0.017699505325220948	0.029751492838646046	0.017699505325220948	0.017699505325220948	0.029751492838646046	0.017699505325220948	0.017699505325220948	0.10001989432627914	0.10001989432627914	0.10001989432627914	0.11900597135458418	0.05950298567729209	0.017699505325220948	0.1297713871649252	0.08925447851593815
UP000010378	0.05556428915524444	0.030059655644510647	0.030059655644510647	0.030059655644510647	0.030059655644510647	0.05556428915524444	0.030059655644510647	0.05556428915524444	0.05556428915524444	0.030059655644510647	0.05556428915524444	0.05556428915524444	0.032523871400279625	0.032523871400279625	0.032523871400279625	0.12023862257804259	0.060119311289021295	0.05556428915524444	0.06258352704479028	0.09017896693353196
UP000001168	0.03788920755946383	0.032222132116215566	0.032222132116215566	0.032222132116215566	0.032222132116215566	0.03788920755946383	0.032222132116215566	0.03788920755946383	0.03788920755946383	0.032222132116215566	0.03788920755946383	0.03788920755946383	0.05480535830607605	0.05480535830607605	0.05480535830607605	0.12888852846486226	0.06444426423243113	0.03788920755946383	0.08702749042229162	0.0966663963486467
UP000000430	0.0426208650663927	0.03190882969130133	0.03190882969130133	0.03190882969130133	0.03190882969130133	0.0426208650663927	0.03190882969130133	0.0426208650663927	0.0426208650663927	0.03190882969130133	0.0426208650663927	0.0426208650663927	0.04777816736860748	0.04777816736860748	0.04777816736860748	0.1276353187652053	0.06381765938260266	0.0426208650663927	0.07968699705990882	0.09572648907390398
UP000001054	0.020002580939592965	0.030498265815483743	0.030498265815483743	0.030498265815483743	0.030498265815483743	0.020002580939592965	0.030498265815483743	0.020002580939592965	0.020002580939592965	0.030498265815483743	0.020002580939592965	0.020002580939592965	0.09300242009377734	0.09300242009377734	0.09300242009377734	0.12199306326193497	0.060996531630967486	0.020002580939592965	0.12350068590926107	0.09149479744645123
UP000008561	0.02171882014309933	0.0309482085507472	0.0309482085507472	0.0309482085507472	0.0309482085507472	0.02171882014309933	0.0309482085507472	0.02171882014309933	0.02171882014309933	0.0309482085507472	0.02171882014309933	0.02171882014309933	0.0881992305465874	0.0881992305465874	0.0881992305465874	0.1237928342029888	0.0618964171014944	0.02171882014309933	0.11914743909733459	0.09284462565224158
UP000008898	0.041034329884706164	0.03203938812816172	0.03203938812816172	0.03203938812816172	0.03203938812816172	0.041034329884706164	0.03203938812816172	0.041034329884706164	0.041034329884706164	0.03203938812816172	0.041034329884706164	0.041034329884706164	0.05003237018911735	0.05003237018911735	0.05003237018911735	0.12815755251264688	0.06407877625632344	0.041034329884706164	0.08207175831727907	0.09611816438448516
UP000008204	0.04023098618554902	0.03209597838767468	0.03209597838767468	0.03209597838767468	0.03209597838767468	0.04023098618554902	0.03209597838767468	0.04023098618554902	0.04023098618554902	0.03209597838767468	0.04023098618554902	0.04023098618554902	0.05121186062459046	0.05121186062459046	0.05121186062459046	0.12838391355069873	0.06419195677534936	0.04023098618554902	0.08330783901226514	0.09628793516302406
UP000001946	0.03340038095813893	0.03228444073444061	0.03228444073444061	0.03228444073444061	0.03228444073444061	0.03340038095813893	0.03228444073444061	0.03340038095813893	0.03340038095813893	0.03228444073444061	0.03340038095813893	0.03340038095813893	0.062411570385494435	0.062411570385494435	0.062411570385494435	0.12913776293776244	0.06456888146888122	0.03340038095813893	0.09469601111993506	0.09685332220332184
UP000017700	0.03510425206194757	0.03229062958233637	0.03229062958233637	0.03229062958233637	0.03229062958233637	0.03510425206194757	0.03229062958233637	0.03510425206194757	0.03510425206194757	0.03229062958233637	0.03510425206194757	0.03510425206194757	0.05940504056224628	0.05940504056224628	0.05940504056224628	0.12916251832934547	0.06458125916467274	0.03510425206194757	0.09169567014458266	0.09687188874700911
UP000002084	0.02781752453777434	0.03196472534584916	0.03196472534584916	0.03196472534584916	0.03196472534584916	0.02781752453777434	0.03196472534584916	0.02781752453777434	0.02781752453777434	0.03196472534584916	0.02781752453777434	0.02781752453777434	0.07346043067549826	0.07346043067549826	0.07346043067549826	0.12785890138339664	0.06392945069169832	0.02781752453777434	0.10542515602134743	0.09589417603754749
UP000065734	0.017030890211582748	0.029499934830777255	0.029499934830777255	0.029499934830777255	0.029499934830777255	0.017030890211582748	0.029499934830777255	0.017030890211582748	0.017030890211582748	0.029499934830777255	0.017030890211582748	0.017030890211582748	0.1021962028066212	0.1021962028066212	0.1021962028066212	0.11799973932310902	0.05899986966155451	0.017030890211582748	0.13169613763739846	0.08849980449233177
UP000001191	0.039253775200364584	0.032155812800692164	0.032155812800692164	0.032155812800692164	0.032155812800692164	0.039253775200364584	0.032155812800692164	0.039253775200364584	0.039253775200364584	0.032155812800692164	0.039253775200364584	0.039253775200364584	0.05268264219659333	0.05268264219659333	0.05268264219659333	0.12862325120276866	0.06431162560138433	0.039253775200364584	0.0848384549972855	0.0964674384020765
UP000002186	0.011120508553015976	0.026369780628806957	0.026369780628806957	0.026369780628806957	0.026369780628806957	0.011120508553015976	0.026369780628806957	0.011120508553015976	0.011120508553015976	0.026369780628806957	0.011120508553015976	0.011120508553015976	0.1250599875169942	0.1250599875169942	0.1250599875169942	0.10547912251522783	0.052739561257613914	0.011120508553015976	0.15142976814580117	0.07910934188642087
UP000254519	0.04104054066279406	0.03203892519517499	0.03203892519517499	0.03203892519517499	0.03203892519517499	0.04104054066279406	0.03203892519517499	0.04104054066279406	0.04104054066279406	0.03203892519517499	0.04104054066279406	0.04104054066279406	0.05002335305941043	0.05002335305941043	0.05002335305941043	0.12815570078069996	0.06407785039034998	0.04104054066279406	0.08206227825458542	0.09611677558552498
UP000001688	0.0312910959074772	0.03222093896640333	0.03222093896640333	0.03222093896640333	0.03222093896640333	0.0312910959074772	0.03222093896640333	0.0312910959074772	0.0312910959074772	0.03222093896640333	0.0312910959074772	0.0312910959074772	0.06635682629630156	0.06635682629630156	0.06635682629630156	0.12888375586561332	0.06444187793280666	0.0312910959074772	0.09857776526270488	0.09666281689921
UP000001430	0.05762757460850332	0.0296568111398666	0.0296568111398666	0.0296568111398666	0.0296568111398666	0.05762757460850332	0.0296568111398666	0.05762757460850332	0.05762757460850332	0.0296568111398666	0.05762757460850332	0.05762757460850332	0.03052449987565279	0.03052449987565279	0.03052449987565279	0.1186272445594664	0.0593136222797332	0.05762757460850332	0.06018131101551939	0.08897043341959979
UP000029482	0.010220226672729472	0.025704485758220205	0.025704485758220205	0.025704485758220205	0.025704485758220205	0.010220226672729472	0.025704485758220205	0.010220226672729472	0.010220226672729472	0.025704485758220205	0.010220226672729472	0.010220226672729472	0.1292966602898426	0.1292966602898426	0.1292966602898426	0.10281794303288082	0.05140897151644041	0.010220226672729472	0.15500114604806284	0.07711345727466062
UP000889800	0.02431241935477928	0.03148130015026663	0.03148130015026663	0.03148130015026663	0.03148130015026663	0.02431241935477928	0.03148130015026663	0.02431241935477928	0.02431241935477928	0.03148130015026663	0.02431241935477928	0.02431241935477928	0.08152806552806972	0.08152806552806972	0.08152806552806972	0.12592520060106652	0.06296260030053326	0.02431241935477928	0.11300936567833637	0.0944439004507999
UP000002384	0.042902585553701994	0.031883122807667696	0.031883122807667696	0.031883122807667696	0.031883122807667696	0.042902585553701994	0.031883122807667696	0.042902585553701994	0.042902585553701994	0.031883122807667696	0.042902585553701994	0.042902585553701994	0.04738798405035077	0.04738798405035077	0.04738798405035077	0.12753249123067079	0.06376624561533539	0.042902585553701994	0.07927110685801847	0.09564936842300309
UP000002417	0.013513497184879103	0.02786299340918415	0.02786299340918415	0.02786299340918415	0.02786299340918415	0.013513497184879103	0.02786299340918415	0.013513497184879103	0.013513497184879103	0.02786299340918415	0.013513497184879103	0.013513497184879103	0.11489940628972498	0.11489940628972498	0.11489940628972498	0.1114519736367366	0.0557259868183683	0.013513497184879103	0.14276239969890914	0.08358898022755244
UP000000817	0.04860971895016639	0.031212445677351503	0.031212445677351503	0.031212445677351503	0.031212445677351503	0.04860971895016639	0.031212445677351503	0.04860971895016639	0.04860971895016639	0.031212445677351503	0.04860971895016639	0.04860971895016639	0.04008320912780278	0.04008320912780278	0.04008320912780278	0.12484978270940601	0.062424891354703006	0.04860971895016639	0.07129565480515429	0.09363733703205451
UP000001566	0.019396785633349536	0.030318680931714057	0.030318680931714057	0.030318680931714057	0.030318680931714057	0.019396785633349536	0.030318680931714057	0.019396785633349536	0.019396785633349536	0.030318680931714057	0.019396785633349536	0.019396785633349536	0.09478090141478206	0.09478090141478206	0.09478090141478206	0.12127472372685623	0.060637361863428114	0.019396785633349536	0.12509958234649612	0.09095604279514218
UP000000562	0.07685294800579655	0.024857009485455394	0.024857009485455394	0.024857009485455394	0.024857009485455394	0.07685294800579655	0.024857009485455394	0.07685294800579655	0.07685294800579655	0.024857009485455394	0.07685294800579655	0.07685294800579655	0.01607930304803447	0.01607930304803447	0.01607930304803447	0.09942803794182158	0.04971401897091079	0.07685294800579655	0.04093631253348986	0.07457102845636619
UP000000585	0.04400560583281539	0.03177541024107388	0.03177541024107388	0.03177541024107388	0.03177541024107388	0.04400560583281539	0.03177541024107388	0.04400560583281539	0.04400560583281539	0.03177541024107388	0.04400560583281539	0.04400560583281539	0.04588854882827758	0.04588854882827758	0.04588854882827758	0.12710164096429552	0.06355082048214776	0.04400560583281539	0.07766395906935145	0.09532623072322163
UP000001020	0.015419812139463413	0.02882041664876699	0.02882041664876699	0.02882041664876699	0.02882041664876699	0.015419812139463413	0.02882041664876699	0.015419812139463413	0.015419812139463413	0.02882041664876699	0.015419812139463413	0.015419812139463413	0.10773366216087113	0.10773366216087113	0.10773366216087113	0.11528166659506796	0.05764083329753398	0.015419812139463413	0.1365540788096381	0.08646124994630096
UP000000594	0.05175755904377541	0.030732140284341698	0.030732140284341698	0.030732140284341698	0.030732140284341698	0.05175755904377541	0.030732140284341698	0.05175755904377541	0.05175755904377541	0.030732140284341698	0.05175755904377541	0.05175755904377541	0.036495710536026266	0.036495710536026266	0.036495710536026266	0.12292856113736679	0.061464280568683395	0.05175755904377541	0.06722785082036796	0.09219642085302511
UP000000586	0.043866748077341804	0.03178957986704	0.03178957986704	0.03178957986704	0.03178957986704	0.043866748077341804	0.03178957986704	0.043866748077341804	0.043866748077341804	0.03178957986704	0.043866748077341804	0.043866748077341804	0.04607487139649185	0.04607487139649185	0.04607487139649185	0.12715831946816	0.06357915973408	0.043866748077341804	0.07786445126353184	0.09536873960112001
UP000037395	0.009921152691087	0.02546878578337008	0.02546878578337008	0.02546878578337008	0.02546878578337008	0.009921152691087	0.02546878578337008	0.009921152691087	0.009921152691087	0.02546878578337008	0.009921152691087	0.009921152691087	0.13076283965711744	0.13076283965711744	0.13076283965711744	0.10187514313348033	0.05093757156674016	0.009921152691087	0.1562316254404875	0.07640635735011025
UP000001174	0.05640578698409951	0.029898471159252777	0.029898471159252777	0.029898471159252777	0.029898471159252777	0.05640578698409951	0.029898471159252777	0.05640578698409951	0.05640578698409951	0.029898471159252777	0.05640578698409951	0.05640578698409951	0.031695988140814736	0.031695988140814736	0.031695988140814736	0.11959388463701111	0.059796942318505554	0.05640578698409951	0.06159445930006752	0.08969541347775833
UP000061569	0.012042625348702396	0.02698885261138708	0.02698885261138708	0.02698885261138708	0.02698885261138708	0.012042625348702396	0.02698885261138708	0.012042625348702396	0.012042625348702396	0.02698885261138708	0.012042625348702396	0.012042625348702396	0.12096999519422248	0.12096999519422248	0.12096999519422248	0.10795541044554832	0.05397770522277416	0.012042625348702396	0.14795884780560956	0.08096655783416125
UP000002516	0.02899259889668304	0.03207413681870765	0.03207413681870765	0.03207413681870765	0.03207413681870765	0.02899259889668304	0.03207413681870765	0.02899259889668304	0.02899259889668304	0.03207413681870765	0.02899259889668304	0.02899259889668304	0.07096640465597405	0.07096640465597405	0.07096640465597405	0.1282965472748306	0.0641482736374153	0.02899259889668304	0.10304054147468171	0.09622241045612295
UP000001584	0.015336214986748246	0.028782112379647926	0.028782112379647926	0.028782112379647926	0.028782112379647926	0.015336214986748246	0.028782112379647926	0.015336214986748246	0.015336214986748246	0.028782112379647926	0.015336214986748246	0.015336214986748246	0.1080331742545989	0.1080331742545989	0.1080331742545989	0.1151284495185917	0.05756422475929585	0.015336214986748246	0.13681528663424683	0.08634633713894377
UP000001962	0.013584020868564878	0.027901739476887514	0.027901739476887514	0.027901739476887514	0.027901739476887514	0.013584020868564878	0.027901739476887514	0.013584020868564878	0.013584020868564878	0.027901739476887514	0.013584020868564878	0.013584020868564878	0.11462100557246138	0.11462100557246138	0.11462100557246138	0.11160695790755006	0.05580347895377503	0.013584020868564878	0.1425227450493489	0.08370521843066255
UP000000579	0.0499332854440096	0.03101933838564349	0.03101933838564349	0.03101933838564349	0.03101933838564349	0.0499332854440096	0.03101933838564349	0.0499332854440096	0.0499332854440096	0.03101933838564349	0.0499332854440096	0.0499332854440096	0.038539396930409225	0.038539396930409225	0.038539396930409225	0.12407735354257396	0.06203867677128698	0.0499332854440096	0.06955873531605272	0.09305801515693048
UP000002357	0.010325783099864061	0.02578585784957477	0.02578585784957477	0.02578585784957477	0.02578585784957477	0.010325783099864061	0.02578585784957477	0.010325783099864061	0.010325783099864061	0.02578585784957477	0.010325783099864061	0.010325783099864061	0.1287864481769388	0.1287864481769388	0.1287864481769388	0.10314343139829908	0.05157171569914954	0.010325783099864061	0.1545723060265136	0.07735757354872431
UP000002521	0.06743760851145207	0.027421128271985507	0.027421128271985507	0.027421128271985507	0.027421128271985507	0.06743760851145207	0.027421128271985507	0.06743760851145207	0.06743760851145207	0.027421128271985507	0.06743760851145207	0.06743760851145207	0.022299672017016863	0.022299672017016863	0.022299672017016863	0.10968451308794203	0.05484225654397101	0.06743760851145207	0.049720800289002366	0.08226338481595652
UP000069205	0.017234650586028473	0.029578386816562382	0.029578386816562382	0.029578386816562382	0.029578386816562382	0.017234650586028473	0.029578386816562382	0.017234650586028473	0.017234650586028473	0.029578386816562382	0.017234650586028473	0.017234650586028473	0.10152581420820063	0.10152581420820063	0.10152581420820063	0.11831354726624953	0.059156773633124764	0.017234650586028473	0.131104201024763	0.08873516044968714
UP000000558	0.030129126783445644	0.03215739971324	0.03215739971324	0.03215739971324	0.03215739971324	0.030129126783445644	0.03215739971324	0.030129126783445644	0.030129126783445644	0.03215739971324	0.030129126783445644	0.030129126783445644	0.0686444292760101	0.0686444292760101	0.0686444292760101	0.12862959885296	0.06431479942648	0.030129126783445644	0.1008018289892501	0.09647219913972001
UP000035170	0.015625916057989065	0.028913512135803995	0.028913512135803995	0.028913512135803995	0.028913512135803995	0.015625916057989065	0.028913512135803995	0.015625916057989065	0.015625916057989065	0.028913512135803995	0.015625916057989065	0.015625916057989065	0.10700059835530315	0.10700059835530315	0.10700059835530315	0.11565404854321598	0.05782702427160799	0.015625916057989065	0.13591411049110716	0.08674053640741199
UP000001010	0.015199761900849961	0.028718905347104657	0.028718905347104657	0.028718905347104657	0.028718905347104657	0.015199761900849961	0.028718905347104657	0.015199761900849961	0.015199761900849961	0.028718905347104657	0.015199761900849961	0.015199761900849961	0.10852479528509397	0.10852479528509397	0.10852479528509397	0.11487562138841863	0.057437810694209314	0.015199761900849961	0.13724370063219862	0.08615671604131396
UP000001423	0.027648034475530728	0.031946898494784444	0.031946898494784444	0.031946898494784444	0.031946898494784444	0.027648034475530728	0.031946898494784444	0.027648034475530728	0.027648034475530728	0.031946898494784444	0.027648034475530728	0.027648034475530728	0.07382834568868347	0.07382834568868347	0.07382834568868347	0.12778759397913778	0.06389379698956889	0.027648034475530728	0.1057752441834679	0.09584069548435332
UP000000818	0.06257011029464948	0.02859260754886788	0.02859260754886788	0.02859260754886788	0.02859260754886788	0.06257011029464948	0.02859260754886788	0.06257011029464948	0.06257011029464948	0.02859260754886788	0.06257011029464948	0.06257011029464948	0.026131876788891836	0.026131876788891836	0.026131876788891836	0.11437043019547152	0.05718521509773576	0.06257011029464948	0.05472448433775972	0.08577782264660365
UP000001203	0.043889839425194886	0.03178723556284581	0.03178723556284581	0.03178723556284581	0.03178723556284581	0.043889839425194886	0.03178723556284581	0.043889839425194886	0.043889839425194886	0.03178723556284581	0.043889839425194886	0.043889839425194886	0.04604383875452569	0.04604383875452569	0.04604383875452569	0.12714894225138323	0.06357447112569162	0.043889839425194886	0.07783107431737149	0.0953617066885374
UP000000429	0.046167446705559535	0.03153300361558582	0.03153300361558582	0.03153300361558582	0.03153300361558582	0.046167446705559535	0.03153300361558582	0.046167446705559535	0.046167446705559535	0.03153300361558582	0.046167446705559535	0.046167446705559535	0.04307495380292755	0.04307495380292755	0.04307495380292755	0.1261320144623433	0.06306600723117164	0.046167446705559535	0.07460795741851338	0.09459901084675745
UP000000640	0.010931982828271016	0.026235696472481387	0.026235696472481387	0.026235696472481387	0.026235696472481387	0.010931982828271016	0.026235696472481387	0.010931982828271016	0.010931982828271016	0.026235696472481387	0.010931982828271016	0.010931982828271016	0.1259262441606002	0.1259262441606002	0.1259262441606002	0.10494278588992555	0.05247139294496277	0.010931982828271016	0.15216194063308155	0.07870708941744416
UP000001170	0.04571624757740313	0.031586907977497684	0.031586907977497684	0.031586907977497684	0.031586907977497684	0.04571624757740313	0.031586907977497684	0.04571624757740313	0.04571624757740313	0.031586907977497684	0.04571624757740313	0.04571624757740313	0.04364893482955377	0.04364893482955377	0.04364893482955377	0.12634763190999074	0.06317381595499537	0.04571624757740313	0.07523584280705145	0.09476072393249306
UP000006552	0.015700622978621848	0.02894679091700411	0.02894679091700411	0.02894679091700411	0.02894679091700411	0.015700622978621848	0.02894679091700411	0.015700622978621848	0.015700622978621848	0.02894679091700411	0.015700622978621848	0.015700622978621848	0.10673674611939528	0.10673674611939528	0.10673674611939528	0.11578716366801645	0.05789358183400822	0.015700622978621848	0.1356835370363994	0.08684037275101235
UP000001409	0.016978597628699136	0.029479542678108785	0.029479542678108785	0.029479542678108785	0.029479542678108785	0.016978597628699136	0.029479542678108785	0.016978597628699136	0.016978597628699136	0.029479542678108785	0.016978597628699136	0.016978597628699136	0.10236928343734142	0.10236928343734142	0.10236928343734142	0.11791817071243514	0.05895908535621757	0.016978597628699136	0.13184882611545018	0.08843862803432635
UP000001937	0.01174026216154117	0.026792347270540647	0.026792347270540647	0.026792347270540647	0.026792347270540647	0.01174026216154117	0.026792347270540647	0.01174026216154117	0.01174026216154117	0.026792347270540647	0.01174026216154117	0.01174026216154117	0.12228515213514034	0.12228515213514034	0.12228515213514034	0.10716938908216259	0.05358469454108129	0.01174026216154117	0.149077499405681	0.08037704181162193
UP000198251	0.019783799308152526	0.030434720710882508	0.030434720710882508	0.030434720710882508	0.030434720710882508	0.019783799308152526	0.030434720710882508	0.019783799308152526	0.019783799308152526	0.030434720710882508	0.019783799308152526	0.019783799308152526	0.09363946836720304	0.09363946836720304	0.09363946836720304	0.12173888284353003	0.060869441421765015	0.019783799308152526	0.12407418907808554	0.09130416213264753
UP000183015	0.008007155181782416	0.023756168235107466	0.023756168235107466	0.023756168235107466	0.023756168235107466	0.008007155181782416	0.023756168235107466	0.008007155181782416	0.008007155181782416	0.023756168235107466	0.008007155181782416	0.008007155181782416	0.1409628054914509	0.1409628054914509	0.1409628054914509	0.09502467294042986	0.04751233647021493	0.008007155181782416	0.16471897372655836	0.07126850470532241
UP000008080	0.033063996579375726	0.03227858567865175	0.03227858567865175	0.03227858567865175	0.03227858567865175	0.033063996579375726	0.03227858567865175	0.033063996579375726	0.033063996579375726	0.03227858567865175	0.033063996579375726	0.033063996579375726	0.06302366327148548	0.06302366327148548	0.06302366327148548	0.129114342714607	0.0645571713573035	0.033063996579375726	0.09530224895013724	0.09683575703595525
UP000006647	0.06657787685280836	0.027636301047226988	0.027636301047226988	0.027636301047226988	0.027636301047226988	0.06657787685280836	0.027636301047226988	0.06657787685280836	0.06657787685280836	0.027636301047226988	0.06657787685280836	0.06657787685280836	0.0229435113186774	0.0229435113186774	0.0229435113186774	0.11054520418890795	0.055272602094453976	0.06657787685280836	0.05057981236590438	0.08290890314168096
UP000000809	0.045326003330804644	0.03163214268762277	0.03163214268762277	0.03163214268762277	0.03163214268762277	0.045326003330804644	0.03163214268762277	0.045326003330804644	0.045326003330804644	0.03163214268762277	0.045326003330804644	0.045326003330804644	0.04415092342060082	0.04415092342060082	0.04415092342060082	0.1265285707504911	0.06326428537524555	0.045326003330804644	0.07578306610822358	0.09489642806286833
UP000001572	0.04989868985443088	0.031024552406074515	0.031024552406074515	0.031024552406074515	0.031024552406074515	0.04989868985443088	0.031024552406074515	0.04989868985443088	0.04989868985443088	0.031024552406074515	0.04989868985443088	0.04989868985443088	0.03857908313044792	0.03857908313044792	0.03857908313044792	0.12409820962429806	0.06204910481214903	0.04989868985443088	0.06960363553652245	0.09307365721822354
UP000002207	0.018528176146293644	0.030040678917421987	0.030040678917421987	0.030040678917421987	0.030040678917421987	0.018528176146293644	0.030040678917421987	0.018528176146293644	0.018528176146293644	0.030040678917421987	0.018528176146293644	0.018528176146293644	0.09741297607429814	0.09741297607429814	0.09741297607429814	0.12016271566968795	0.060081357834843974	0.018528176146293644	0.12745365499172015	0.09012203675226597
UP000194841	0.04637859045030631	0.03150719459939287	0.03150719459939287	0.03150719459939287	0.03150719459939287	0.04637859045030631	0.03150719459939287	0.04637859045030631	0.04637859045030631	0.03150719459939287	0.04637859045030631	0.04637859045030631	0.042808688314392496	0.042808688314392496	0.042808688314392496	0.12602877839757148	0.06301438919878574	0.04637859045030631	0.07431588291378538	0.09452158379817864
UP000001410	0.030273756371784467	0.03216647174343248	0.03216647174343248	0.03216647174343248	0.03216647174343248	0.030273756371784467	0.03216647174343248	0.030273756371784467	0.030273756371784467	0.03216647174343248	0.030273756371784467	0.030273756371784467	0.06835503937564728	0.06835503937564728	0.06835503937564728	0.1286658869737299	0.06433294348686495	0.030273756371784467	0.10052151111907975	0.09649941523029744
UP000006637	0.011023200754890192	0.02630090625012201	0.02630090625012201	0.02630090625012201	0.02630090625012201	0.011023200754890192	0.02630090625012201	0.011023200754890192	0.011023200754890192	0.02630090625012201	0.011023200754890192	0.011023200754890192	0.12550577367845417	0.12550577367845417	0.12550577367845417	0.10520362500048804	0.05260181250024402	0.011023200754890192	0.15180667992857616	0.078902718750366
UP000000625	0.03129073437929227	0.032220922461487445	0.032220922461487445	0.032220922461487445	0.032220922461487445	0.03129073437929227	0.032220922461487445	0.03129073437929227	0.03129073437929227	0.032220922461487445	0.03129073437929227	0.03129073437929227	0.06635752499028869	0.06635752499028869	0.06635752499028869	0.12888368984594978	0.06444184492297489	0.03129073437929227	0.09857844745177613	0.09666276738446233
UP000001806	0.07062994686070115	0.026593080410521112	0.026593080410521112	0.026593080410521112	0.026593080410521112	0.07062994686070115	0.026593080410521112	0.07062994686070115	0.07062994686070115	0.026593080410521112	0.07062994686070115	0.07062994686070115	0.020025271351688544	0.020025271351688544	0.020025271351688544	0.10637232164208445	0.053186160821042223	0.07062994686070115	0.04661835176220966	0.07977924123156332
UP000002361	0.014467926615841968	0.028364957241661944	0.028364957241661944	0.028364957241661944	0.028364957241661944	0.014467926615841968	0.028364957241661944	0.014467926615841968	0.014467926615841968	0.028364957241661944	0.014467926615841968	0.014467926615841968	0.11122129945562877	0.11122129945562877	0.11122129945562877	0.11345982896664777	0.05672991448332389	0.014467926615841968	0.13958625669729072	0.08509487172498585
UP000000588	0.032072061912034114	0.03225199955345042	0.03225199955345042	0.03225199955345042	0.03225199955345042	0.032072061912034114	0.03225199955345042	0.032072061912034114	0.032072061912034114	0.03225199955345042	0.032072061912034114	0.032072061912034114	0.06486589344013859	0.06486589344013859	0.06486589344013859	0.12900799821380168	0.06450399910690084	0.032072061912034114	0.09711789299358901	0.09675599866035128
UP000002480	0.064789350118825	0.028072785603737323	0.028072785603737323	0.028072785603737323	0.028072785603737323	0.064789350118825	0.028072785603737323	0.064789350118825	0.064789350118825	0.028072785603737323	0.064789350118825	0.064789350118825	0.024327494877106934	0.024327494877106934	0.024327494877106934	0.1122911424149493	0.05614557120747465	0.064789350118825	0.052400280480844254	0.08421835681121197
UP000001983	0.019019211679074007	0.030200883419329947	0.030200883419329947	0.030200883419329947	0.030200883419329947	0.019019211679074007	0.030200883419329947	0.019019211679074007	0.019019211679074007	0.030200883419329947	0.019019211679074007	0.019019211679074007	0.09591284588430066	0.09591284588430066	0.09591284588430066	0.12080353367731979	0.060401766838659894	0.019019211679074007	0.1261137293036306	0.09060265025798983
UP000001116	0.00984244202577973	0.02540545807268459	0.02540545807268459	0.02540545807268459	0.02540545807268459	0.00984244202577973	0.02540545807268459	0.00984244202577973	0.00984244202577973	0.02540545807268459	0.00984244202577973	0.00984244202577973	0.13115389416414716	0.13115389416414716	0.13115389416414716	0.10162183229073836	0.05081091614536918	0.00984244202577973	0.15655935223683176	0.07621637421805375
UP000002145	0.0445933974907055	0.031713522731569854	0.031713522731569854	0.031713522731569854	0.031713522731569854	0.0445933974907055	0.031713522731569854	0.0445933974907055	0.0445933974907055	0.031713522731569854	0.0445933974907055	0.0445933974907055	0.04510746346498599	0.04510746346498599	0.04510746346498599	0.12685409092627942	0.06342704546313971	0.0445933974907055	0.07682098619655583	0.09514056819470956
UP000000423	0.07031516086156031	0.026676709099629874	0.026676709099629874	0.026676709099629874	0.026676709099629874	0.07031516086156031	0.026676709099629874	0.07031516086156031	0.07031516086156031	0.026676709099629874	0.07031516086156031	0.07031516086156031	0.02024163209374996	0.02024163209374996	0.02024163209374996	0.1067068363985195	0.05335341819925975	0.07031516086156031	0.04691834119337984	0.08003012729888963
UP000009072	0.07067429761237153	0.026581263896581258	0.026581263896581258	0.026581263896581258	0.026581263896581258	0.07067429761237153	0.026581263896581258	0.07067429761237153	0.07067429761237153	0.026581263896581258	0.07067429761237153	0.07067429761237153	0.019994923592024785	0.019994923592024785	0.019994923592024785	0.10632505558632503	0.053162527793162516	0.07067429761237153	0.04657618748860605	0.07974379168974377
UP000000774	0.046400439627153255	0.03150450279047064	0.03150450279047064	0.03150450279047064	0.03150450279047064	0.046400439627153255	0.03150450279047064	0.046400439627153255	0.046400439627153255	0.03150450279047064	0.046400439627153255	0.046400439627153255	0.04278121949059928	0.04278121949059928	0.04278121949059928	0.12601801116188255	0.06300900558094127	0.046400439627153255	0.0742857222810699	0.0945135083714119
UP000001422	0.018550106407782155	0.0300480067957186	0.0300480067957186	0.0300480067957186	0.0300480067957186	0.018550106407782155	0.0300480067957186	0.018550106407782155	0.018550106407782155	0.0300480067957186	0.018550106407782155	0.018550106407782155	0.09734528660350682	0.09734528660350682	0.09734528660350682	0.1201920271828744	0.0600960135914372	0.018550106407782155	0.12739329339922545	0.09014402038715578
UP000006697	0.02606360866011323	0.031753906372639557	0.031753906372639557	0.031753906372639557	0.031753906372639557	0.02606360866011323	0.031753906372639557	0.02606360866011323	0.02606360866011323	0.031753906372639557	0.02606360866011323	0.02606360866011323	0.0773730593542436	0.0773730593542436	0.0773730593542436	0.12701562549055823	0.06350781274527911	0.02606360866011323	0.10912696572688317	0.09526171911791868
UP000001006	0.030823507216779823	0.03219791356013013	0.03219791356013013	0.03219791356013013	0.03219791356013013	0.030823507216779823	0.03219791356013013	0.030823507216779823	0.030823507216779823	0.03219791356013013	0.030823507216779823	0.030823507216779823	0.06726720813011478	0.06726720813011478	0.06726720813011478	0.12879165424052053	0.06439582712026026	0.030823507216779823	0.09946512169024492	0.09659374068039038
UP000028341	0.012441160578909793	0.02723871948558261	0.02723871948558261	0.02723871948558261	0.02723871948558261	0.012441160578909793	0.02723871948558261	0.012441160578909793	0.012441160578909793	0.02723871948558261	0.012441160578909793	0.012441160578909793	0.11927309104457744	0.11927309104457744	0.11927309104457744	0.10895487794233044	0.05447743897116522	0.012441160578909793	0.14651181053016005	0.08171615845674782
UP000005954	0.017713708533118835	0.02975665591028301	0.02975665591028301	0.02975665591028301	0.02975665591028301	0.017713708533118835	0.02975665591028301	0.017713708533118835	0.017713708533118835	0.02975665591028301	0.017713708533118835	0.017713708533118835	0.09997438642591	0.09997438642591	0.09997438642591	0.11902662364113203	0.05951331182056602	0.017713708533118835	0.129731042336193	0.08926996773084903
UP000001822	0.04638953787856793	0.03150584637425142	0.03150584637425142	0.03150584637425142	0.03150584637425142	0.04638953787856793	0.03150584637425142	0.04638953787856793	0.04638953787856793	0.03150584637425142	0.04638953787856793	0.04638953787856793	0.042794923215500415	0.042794923215500415	0.042794923215500415	0.12602338549700567	0.06301169274850284	0.04638953787856793	0.07430076958975186	0.09451753912275428
UP000008320	0.0608606942637923	0.028975767132780345	0.028975767132780345	0.028975767132780345	0.028975767132780345	0.0608606942637923	0.028975767132780345	0.0608606942637923	0.0608606942637923	0.028975767132780345	0.0608606942637923	0.0608606942637923	0.027590716507242076	0.027590716507242076	0.027590716507242076	0.11590306853112138	0.05795153426556069	0.0608606942637923	0.056566483640022425	0.08692730139834103
UP000061018	0.011212193018380308	0.026434032374515533	0.026434032374515533	0.026434032374515533	0.026434032374515533	0.011212193018380308	0.026434032374515533	0.011212193018380308	0.011212193018380308	0.026434032374515533	0.011212193018380308	0.011212193018380308	0.12464253271977233	0.12464253271977233	0.12464253271977233	0.10573612949806213	0.052868064749031066	0.011212193018380308	0.15107656509428788	0.0793020971235466
UP000001025	0.024734824426317057	0.03155309164556042	0.03155309164556042	0.03155309164556042	0.03155309164556042	0.024734824426317057	0.03155309164556042	0.024734824426317057	0.024734824426317057	0.03155309164556042	0.024734824426317057	0.024734824426317057	0.08050169067170346	0.08050169067170346	0.08050169067170346	0.1262123665822417	0.06310618329112085	0.024734824426317057	0.11205478231726387	0.09465927493668128
UP000007065	0.061026955003882395	0.028939180458946258	0.028939180458946258	0.028939180458946258	0.028939180458946258	0.061026955003882395	0.028939180458946258	0.061026955003882395	0.061026955003882395	0.028939180458946258	0.061026955003882395	0.061026955003882395	0.027446106907420775	0.027446106907420775	0.027446106907420775	0.11575672183578503	0.057878360917892516	0.061026955003882395	0.05638528736636703	0.08681754137683878
UP000002484	0.008190549702391352	0.023937387530682558	0.023937387530682558	0.023937387530682558	0.023937387530682558	0.008190549702391352	0.023937387530682558	0.008190549702391352	0.008190549702391352	0.023937387530682558	0.008190549702391352	0.008190549702391352	0.13991698789808488	0.13991698789808488	0.13991698789808488	0.09574955012273023	0.047874775061365116	0.008190549702391352	0.16385437542876743	0.07181216259204766
UP000002709	0.02232646700163741	0.03108811215332343	0.03108811215332343	0.03108811215332343	0.03108811215332343	0.02232646700163741	0.03108811215332343	0.02232646700163741	0.02232646700163741	0.03108811215332343	0.02232646700163741	0.02232646700163741	0.08657623413384083	0.08657623413384083	0.08657623413384083	0.12435244861329373	0.06217622430664686	0.02232646700163741	0.11766434628716427	0.0932643364599703
UP000001652	0.03638879752726131	0.03227063564905224	0.03227063564905224	0.03227063564905224	0.03227063564905224	0.03638879752726131	0.03227063564905224	0.03638879752726131	0.03638879752726131	0.03227063564905224	0.03638879752726131	0.03638879752726131	0.05723706173108374	0.05723706173108374	0.05723706173108374	0.12908254259620897	0.06454127129810448	0.03638879752726131	0.08950769738013599	0.09681190694715673
UP000006821	0.017207266103712465	0.029567935807231275	0.029567935807231275	0.029567935807231275	0.029567935807231275	0.017207266103712465	0.029567935807231275	0.017207266103712465	0.017207266103712465	0.029567935807231275	0.017207266103712465	0.017207266103712465	0.10161554108957813	0.10161554108957813	0.10161554108957813	0.1182717432289251	0.05913587161446255	0.017207266103712465	0.13118347689680943	0.08870380742169383
UP000002171	0.03182250196540032	0.03224306366538358	0.03224306366538358	0.03224306366538358	0.03224306366538358	0.03182250196540032	0.03224306366538358	0.03182250196540032	0.03182250196540032	0.03224306366538358	0.03182250196540032	0.03182250196540032	0.06533836689901515	0.06533836689901515	0.06533836689901515	0.1289722546615343	0.06448612733076715	0.03182250196540032	0.09758143056439873	0.09672919099615074
UP000009134	0.015432315876402524	0.02882611870068062	0.02882611870068062	0.02882611870068062	0.02882611870068062	0.015432315876402524	0.02882611870068062	0.015432315876402524	0.015432315876402524	0.02882611870068062	0.015432315876402524	0.015432315876402524	0.10768897241357313	0.10768897241357313	0.10768897241357313	0.11530447480272248	0.05765223740136124	0.015432315876402524	0.13651509111425375	0.08647835610204185
UP000007073	0.021006180601718695	0.0307715175718081	0.0307715175718081	0.0307715175718081	0.0307715175718081	0.021006180601718695	0.0307715175718081	0.021006180601718695	0.021006180601718695	0.0307715175718081	0.021006180601718695	0.021006180601718695	0.09015311365975989	0.09015311365975989	0.09015311365975989	0.1230860702872324	0.0615430351436162	0.021006180601718695	0.12092463123156796	0.09231455271542428
UP000000245	0.013100350163211451	0.027630426495247638	0.027630426495247638	0.027630426495247638	0.027630426495247638	0.013100350163211451	0.027630426495247638	0.013100350163211451	0.013100350163211451	0.027630426495247638	0.013100350163211451	0.013100350163211451	0.11655268123338942	0.11655268123338942	0.11655268123338942	0.11052170598099055	0.055260852990495275	0.013100350163211451	0.14418310772863704	0.0828912794857429
