Proteome_ID	M	W	C	D	E	F	H	K	N	Q	Y	I	A	G	P	T	V	L	R	S
UP000002036	0.01656777371204274	0.03229119552482262	0.03229119552482262	0.03229119552482262	0.03229119552482262	0.03402524124308298	0.03229119552482262	0.01656777371204274	0.05148270877412321	0.03229119552482262	0.03402524124308298	0.05148270877412321	0.0612910457253143	0.0612910457253143	0.0612910457253143	0.06458239104964524	0.06458239104964524	0.0986076322927282	0.0612910457253143	0.12916478209929047
UP000001300	0.014785947006933935	0.03193467807665385	0.03193467807665385	0.03193467807665385	0.03193467807665385	0.027534658733942743	0.03193467807665385	0.014785947006933935	0.040283370460951554	0.03193467807665385	0.027534658733942743	0.040283370460951554	0.07407563490898478	0.07407563490898478	0.07407563490898478	0.0638693561533077	0.0638693561533077	0.09140401488725045	0.07407563490898478	0.1277387123066154
UP000000267	0.019569146375316128	0.029733205614596168	0.029733205614596168	0.029733205614596168	0.029733205614596168	0.057246168994251036	0.029733205614596168	0.019569146375316128	0.09492319161318595	0.029733205614596168	0.057246168994251036	0.09492319161318595	0.030886381801676036	0.030886381801676036	0.030886381801676036	0.059466411229192336	0.059466411229192336	0.11671258022344339	0.030886381801676036	0.11893282245838467
UP000000314	0.018426841253528524	0.03179331769866278	0.03179331769866278	0.03179331769866278	0.03179331769866278	0.043829832084844055	0.03179331769866278	0.018426841253528524	0.06923282291615959	0.03179331769866278	0.043829832084844055	0.06923282291615959	0.04612452305687178	0.04612452305687178	0.04612452305687178	0.06358663539732556	0.06358663539732556	0.10741646748216963	0.04612452305687178	0.12717327079465113
UP000007796	0.011833985600115766	0.030322313799872574	0.030322313799872574	0.030322313799872574	0.030322313799872574	0.019408668052236528	0.030322313799872574	0.011833985600115766	0.026983350504357292	0.030322313799872574	0.019408668052236528	0.026983350504357292	0.09474557570909581	0.09474557570909581	0.09474557570909581	0.06064462759974515	0.06064462759974515	0.08005329565198167	0.09474557570909581	0.1212892551994903
UP000029964	0.011593530809808125	0.030143180105501127	0.030143180105501127	0.030143180105501127	0.030143180105501127	0.0188394875659382	0.030143180105501127	0.011593530809808125	0.026085444322068278	0.030143180105501127	0.0188394875659382	0.026085444322068278	0.09645817633760362	0.09645817633760362	0.09645817633760362	0.060286360211002255	0.060286360211002255	0.07912584777694047	0.09645817633760362	0.12057272042200451
UP000002037	0.019615734135251913	0.02931289421180433	0.02931289421180433	0.02931289421180433	0.02931289421180433	0.059295085886417916	0.02931289421180433	0.019615734135251913	0.09897443763758391	0.02931289421180433	0.059295085886417916	0.09897443763758391	0.02898202285155134	0.02898202285155134	0.02898202285155134	0.05862578842360866	0.05862578842360866	0.11792087431002658	0.02898202285155134	0.11725157684721732
UP000009058	0.013153146015088671	0.031180047379011193	0.031180047379011193	0.031180047379011193	0.031180047379011193	0.02275020579822371	0.031180047379011193	0.013153146015088671	0.032347265581358746	0.031180047379011193	0.02275020579822371	0.032347265581358746	0.08546695033706374	0.08546695033706374	0.08546695033706374	0.062360094758022386	0.062360094758022386	0.08511030055624608	0.08546695033706374	0.12472018951604477
UP000054166	0.01695068906804142	0.03228406468371926	0.03228406468371926	0.03228406468371926	0.03228406468371926	0.03568928043129208	0.03228406468371926	0.01695068906804142	0.05442787179454275	0.03228406468371926	0.03568928043129208	0.05442787179454275	0.058407500510361816	0.058407500510361816	0.058407500510361816	0.06456812936743853	0.06456812936743853	0.1002574097987306	0.058407500510361816	0.12913625873487705
UP000016922	0.017117840498657114	0.032268991566848794	0.032268991566848794	0.032268991566848794	0.032268991566848794	0.03645765580500917	0.032268991566848794	0.017117840498657114	0.05579747111136123	0.032268991566848794	0.03645765580500917	0.05579747111136123	0.05712313607383875	0.05712313607383875	0.05712313607383875	0.06453798313369759	0.06453798313369759	0.10099563893870675	0.05712313607383875	0.12907596626739518
UP000009082	0.019554415403828587	0.027808677837249062	0.027808677837249062	0.027808677837249062	0.027808677837249062	0.06587898587511622	0.027808677837249062	0.019554415403828587	0.11220355634640385	0.027808677837249062	0.06587898587511622	0.11220355634640385	0.023477063369550327	0.023477063369550327	0.023477063369550327	0.055617355674498124	0.055617355674498124	0.12149634154961433	0.023477063369550327	0.11123471134899625
UP000005206	0.01392990659524429	0.03158357104665983	0.03158357104665983	0.03158357104665983	0.03158357104665983	0.024921522431506055	0.03158357104665983	0.01392990659524429	0.03591313826776782	0.03158357104665983	0.024921522431506055	0.03591313826776782	0.0800530515582251	0.0800530515582251	0.0800530515582251	0.06316714209331965	0.06316714209331965	0.0880886645248257	0.0800530515582251	0.1263342841866393
UP000016927	0.019488813754689246	0.030134008029226653	0.030134008029226653	0.030134008029226653	0.030134008029226653	0.05516818716673247	0.030134008029226653	0.019488813754689246	0.09084756057877569	0.030134008029226653	0.05516818716673247	0.09084756057877569	0.03291964034131155	0.03291964034131155	0.03291964034131155	0.060268016058453305	0.060268016058453305	0.11543620322518576	0.03291964034131155	0.12053603211690661
UP000249829	0.010922320314034126	0.029606016302557183	0.029606016302557183	0.029606016302557183	0.029606016302557183	0.017307410347378913	0.029606016302557183	0.010922320314034126	0.0236925003807237	0.029606016302557183	0.017307410347378913	0.0236925003807237	0.1012879666818582	0.1012879666818582	0.1012879666818582	0.059212032605114366	0.059212032605114366	0.07651944295249329	0.1012879666818582	0.11842406521022873
UP000000559	0.019433498739777316	0.03033216129081438	0.03033216129081438	0.03033216129081438	0.03033216129081438	0.054085537143607886	0.03033216129081438	0.019433498739777316	0.08873757554743844	0.03033216129081438	0.054085537143607886	0.08873757554743844	0.03402166483542869	0.03402166483542869	0.03402166483542869	0.06066432258162876	0.06066432258162876	0.11474985972523664	0.03402166483542869	0.12132864516325752
UP000005221	0.018684023825074374	0.031583285263404544	0.031583285263404544	0.031583285263404544	0.031583285263404544	0.0457470264601413	0.031583285263404544	0.018684023825074374	0.07281002909520824	0.031583285263404544	0.0457470264601413	0.07281002909520824	0.04360956264113458	0.04360956264113458	0.04360956264113458	0.06316657052680909	0.06316657052680909	0.10891359698695038	0.04360956264113458	0.12633314105361818
UP000001312	0.017278374119388207	0.03224691344968889	0.03224691344968889	0.03224691344968889	0.03224691344968889	0.037223019727207006	0.03224691344968889	0.017278374119388207	0.0571676653350258	0.03224691344968889	0.037223019727207006	0.0571676653350258	0.05587206167863219	0.05587206167863219	0.05587206167863219	0.06449382689937778	0.06449382689937778	0.10171684662658478	0.05587206167863219	0.12898765379875557
UP000193067	0.008974317837391318	0.027726623766268704	0.027726623766268704	0.027726623766268704	0.027726623766268704	0.013269169945285736	0.027726623766268704	0.008974317837391318	0.017564022053180153	0.027726623766268704	0.013269169945285736	0.017564022053180153	0.11587245753067517	0.11587245753067517	0.11587245753067517	0.05545324753253741	0.05545324753253741	0.06872241747782314	0.11587245753067517	0.11090649506507481
UP000007963	0.01339582342207564	0.031314428544565565	0.031314428544565565	0.031314428544565565	0.031314428544565565	0.02341044698952075	0.031314428544565565	0.01339582342207564	0.033425070556965863	0.031314428544565565	0.02341044698952075	0.033425070556965863	0.08377400359007643	0.08377400359007643	0.08377400359007643	0.06262885708913113	0.06262885708913113	0.08603930407865189	0.08377400359007643	0.12525771417826226
UP000002038	0.015332852016424892	0.032102783013526905	0.032102783013526905	0.032102783013526905	0.032102783013526905	0.029351773799598094	0.032102783013526905	0.015332852016424892	0.0433706955827713	0.032102783013526905	0.029351773799598094	0.0433706955827713	0.0702232637965957	0.0702232637965957	0.0702232637965957	0.06420556602705381	0.06420556602705381	0.0935573398266519	0.0702232637965957	0.12841113205410762
UP000005222	0.01771093340435991	0.03214503734731094	0.03214503734731094	0.03214503734731094	0.03214503734731094	0.03944260190927306	0.03214503734731094	0.01771093340435991	0.06117427041418621	0.03214503734731094	0.03944260190927306	0.06117427041418621	0.05239529726952839	0.05239529726952839	0.05239529726952839	0.06429007469462188	0.06429007469462188	0.10373267660389493	0.05239529726952839	0.12858014938924375
UP000000560	0.014641387296784856	0.03188266319282756	0.03188266319282756	0.03188266319282756	0.03188266319282756	0.027074934748087823	0.03188266319282756	0.014641387296784856	0.03950848219939079	0.03188266319282756	0.027074934748087823	0.03950848219939079	0.07508821141953606	0.07508821141953606	0.07508821141953606	0.06376532638565512	0.06376532638565512	0.09084026113374294	0.07508821141953606	0.12753065277131023
UP000016930	0.013962596640231717	0.031598830489675496	0.031598830489675496	0.031598830489675496	0.031598830489675496	0.025016776722106657	0.031598830489675496	0.013962596640231717	0.036070956803981605	0.031598830489675496	0.025016776722106657	0.036070956803981605	0.07982531877761136	0.07982531877761136	0.07982531877761136	0.06319766097935099	0.06319766097935099	0.08821443770145765	0.07982531877761136	0.12639532195870198
UP000002058	0.015375360136318598	0.032113864707548075	0.032113864707548075	0.032113864707548075	0.032113864707548075	0.02949858711370508	0.032113864707548075	0.015375360136318598	0.04362181409109157	0.032113864707548075	0.02949858711370508	0.04362181409109157	0.06992201372082382	0.06992201372082382	0.06992201372082382	0.06422772941509615	0.06422772941509615	0.09372631652880122	0.06992201372082382	0.1284554588301923
UP000030143	0.015118216559383177	0.03204236693938057	0.03204236693938057	0.03204236693938057	0.03204236693938057	0.02862320598600412	0.03204236693938057	0.015118216559383177	0.042128195412625066	0.03204236693938057	0.02862320598600412	0.042128195412625066	0.07173992176697051	0.07173992176697051	0.07173992176697051	0.06408473387876114	0.06408473387876114	0.09270793986476526	0.07173992176697051	0.12816946775752228
UP000005426	0.012889871011535691	0.03102591321548055	0.03102591321548055	0.03102591321548055	0.03102591321548055	0.022051118698635155	0.03102591321548055	0.012889871011535691	0.031212366385734623	0.03102591321548055	0.022051118698635155	0.031212366385734623	0.08730688941546631	0.08730688941546631	0.08730688941546631	0.0620518264309611	0.0620518264309611	0.08410294512959626	0.08730688941546631	0.1241036528619222
UP000016932	0.014597006886002257	0.03186608328265342	0.03186608328265342	0.03186608328265342	0.03186608328265342	0.02693539749450733	0.03186608328265342	0.014597006886002257	0.0392737881030124	0.03186608328265342	0.02693539749450733	0.0392737881030124	0.07539872125399846	0.07539872125399846	0.07539872125399846	0.06373216656530684	0.06373216656530684	0.09066756405981416	0.07539872125399846	0.12746433313061367
UP000009096	0.01571420510877813	0.03219131089557871	0.03219131089557871	0.03219131089557871	0.03219131089557871	0.03070083233542151	0.03219131089557871	0.01571420510877813	0.04568745956206489	0.03219131089557871	0.03070083233542151	0.04568745956206489	0.06750829983069752	0.06750829983069752	0.06750829983069752	0.06438262179115742	0.06438262179115742	0.09508345412657893	0.06750829983069752	0.12876524358231484
UP000000561	0.014413111492382747	0.03179437697482951	0.03179437697482951	0.03179437697482951	0.03179437697482951	0.026364933015484666	0.03179437697482951	0.014413111492382747	0.03831675453858659	0.03179437697482951	0.026364933015484666	0.03831675453858659	0.07668385932358382	0.07668385932358382	0.07668385932358382	0.06358875394965902	0.06358875394965902	0.08995368696514368	0.07668385932358382	0.12717750789931803
UP000094112	0.01961693081870451	0.028439811981242902	0.028439811981242902	0.028439811981242902	0.028439811981242902	0.06323351905745205	0.028439811981242902	0.01961693081870451	0.10685010729619958	0.028439811981242902	0.06323351905745205	0.10685010729619958	0.025582093724487335	0.025582093724487335	0.025582093724487335	0.056879623962485804	0.056879623962485804	0.12011314301993783	0.025582093724487335	0.11375924792497161
UP000002059	0.015626790340468395	0.032173224132671076	0.032173224132671076	0.032173224132671076	0.032173224132671076	0.03038505060438285	0.032173224132671076	0.015626790340468395	0.0451433108682973	0.032173224132671076	0.03038505060438285	0.0451433108682973	0.06813326491164572	0.06813326491164572	0.06813326491164572	0.06434644826534215	0.06434644826534215	0.09473149886972501	0.06813326491164572	0.1286928965306843
UP000094389	0.018069314045786856	0.03200354895949512	0.03200354895949512	0.03200354895949512	0.03200354895949512	0.04150082012467927	0.03200354895949512	0.018069314045786856	0.06493232620357169	0.03200354895949512	0.04150082012467927	0.06493232620357169	0.049359368943830806	0.049359368943830806	0.049359368943830806	0.06400709791899024	0.06400709791899024	0.1055079180436695	0.049359368943830806	0.1280141958379805
UP000000591	0.014490523924015081	0.03182514848372108	0.03182514848372108	0.03182514848372108	0.03182514848372108	0.026603580244861914	0.03182514848372108	0.014490523924015081	0.03871663656570875	0.03182514848372108	0.026603580244861914	0.03871663656570875	0.0761431406366073	0.0761431406366073	0.0761431406366073	0.06365029696744216	0.06365029696744216	0.09025387721230409	0.0761431406366073	0.12730059393488433
UP000002149	0.015694334379053133	0.03218731793322462	0.03218731793322462	0.03218731793322462	0.03218731793322462	0.030628693028748787	0.03218731793322462	0.015694334379053133	0.04556305167844444	0.03218731793322462	0.030628693028748787	0.04556305167844444	0.06765051546679111	0.06765051546679111	0.06765051546679111	0.06437463586644925	0.06437463586644925	0.09500332889519804	0.06765051546679111	0.1287492717328985
UP000007978	0.015788779604280687	0.0322056666954055	0.0322056666954055	0.0322056666954055	0.0322056666954055	0.030973483014180906	0.0322056666954055	0.015788779604280687	0.04615818642408112	0.0322056666954055	0.030973483014180906	0.04615818642408112	0.0669737379435614	0.0669737379435614	0.0669737379435614	0.064411333390811	0.064411333390811	0.09538481640499191	0.0669737379435614	0.128822666781622
UP000002258	0.018124132528136737	0.03197634068855221	0.03197634068855221	0.03197634068855221	0.03197634068855221	0.0418376210993056	0.03197634068855221	0.018124132528136737	0.06555110967047446	0.03197634068855221	0.0418376210993056	0.06555110967047446	0.04887880032200636	0.04887880032200636	0.04887880032200636	0.06395268137710441	0.06395268137710441	0.10579030247641001	0.04887880032200636	0.12790536275420883
UP000000598	0.0187618300265543	0.03150692338188236	0.03150692338188236	0.03150692338188236	0.03150692338188236	0.04638079335083307	0.03150692338188236	0.0187618300265543	0.07399975667511181	0.03150692338188236	0.04638079335083307	0.07399975667511181	0.042805918108512704	0.042805918108512704	0.042805918108512704	0.06301384676376472	0.06301384676376472	0.10939464011459778	0.042805918108512704	0.12602769352752943
UP000030651	0.015009940254482835	0.03200912811116578	0.03200912811116578	0.03200912811116578	0.03200912811116578	0.0282634149700159	0.03200912811116578	0.015009940254482835	0.041516889685548966	0.03200912811116578	0.0282634149700159	0.041516889685548966	0.07250251135780904	0.07250251135780904	0.07250251135780904	0.06401825622233157	0.06401825622233157	0.09228167119234747	0.07250251135780904	0.12803651244466313
UP000016933	0.014134070817909305	0.03167652530971263	0.03167652530971263	0.03167652530971263	0.03167652530971263	0.025521984520579508	0.03167652530971263	0.014134070817909305	0.0369098982232497	0.03167652530971263	0.025521984520579508	0.0369098982232497	0.07863042585013537	0.07863042585013537	0.07863042585013537	0.06335305061942526	0.06335305061942526	0.08887503514000476	0.07863042585013537	0.1267061012388505
UP000001471	0.014563617138525654	0.031853422118399026	0.031853422118399026	0.031853422118399026	0.031853422118399026	0.026830900916709227	0.031853422118399026	0.014563617138525654	0.039098184694892804	0.031853422118399026	0.026830900916709227	0.039098184694892804	0.07563223492216277	0.07563223492216277	0.07563223492216277	0.06370684423679805	0.06370684423679805	0.09053774515350728	0.07563223492216277	0.1274136884735961
UP000000599	0.019220027381450226	0.030862131909914787	0.030862131909914787	0.030862131909914787	0.030862131909914787	0.050950497730733096	0.030862131909914787	0.019220027381450226	0.08268096808001596	0.030862131909914787	0.050950497730733096	0.08268096808001596	0.03738810133155792	0.03738810133155792	0.03738810133155792	0.061724263819829574	0.061724263819829574	0.11267476155056266	0.03738810133155792	0.12344852763965915
UP000008062	0.014143458796484085	0.031680664265506205	0.031680664265506205	0.031680664265506205	0.031680664265506205	0.02554991845627372	0.031680664265506205	0.014143458796484085	0.03695637811606335	0.031680664265506205	0.02554991845627372	0.03695637811606335	0.07856498563949618	0.07856498563949618	0.07856498563949618	0.06336132853101241	0.06336132853101241	0.08891124698728613	0.07856498563949618	0.12672265706202482
UP000054270	0.016834174174757355	0.03229011186737083	0.03229011186737083	0.03229011186737083	0.03229011186737083	0.03516948490013002	0.03229011186737083	0.016834174174757355	0.0535047956255027	0.03229011186737083	0.03516948490013002	0.0535047956255027	0.05929295395528911	0.05929295395528911	0.05929295395528911	0.06458022373474166	0.06458022373474166	0.09974970863487168	0.05929295395528911	0.12916044746948332
UP000094569	0.01528145676866414	0.03208899014128398	0.03208899014128398	0.03208899014128398	0.03208899014128398	0.029175400382839518	0.03208899014128398	0.01528145676866414	0.043069343997014904	0.03208899014128398	0.029175400382839518	0.043069343997014904	0.07058708876489489	0.07058708876489489	0.07058708876489489	0.06417798028256796	0.06417798028256796	0.09335338066540748	0.07058708876489489	0.12835596056513593
UP000016934	0.014331816971028003	0.031761155674504	0.031761155674504	0.031761155674504	0.031761155674504	0.02611660015675395	0.031761155674504	0.014331816971028003	0.037901383342479895	0.031761155674504	0.02611660015675395	0.037901383342479895	0.07725132702766457	0.07725132702766457	0.07725132702766457	0.063522311349008	0.063522311349008	0.08963891150576196	0.07725132702766457	0.127044622698016
UP000008066	0.013310402237283789	0.03126797575746751	0.03126797575746751	0.03126797575746751	0.03126797575746751	0.0231762567481485	0.03126797575746751	0.013310402237283789	0.03304211125901321	0.03126797575746751	0.0231762567481485	0.03304211125901321	0.08436964766087009	0.08436964766087009	0.08436964766087009	0.06253595151493502	0.06253595151493502	0.08571220826308353	0.08436964766087009	0.12507190302987004
UP000009097	0.015325198491461696	0.03210075630879521	0.03210075630879521	0.03210075630879521	0.03210075630879521	0.02932543093440476	0.03210075630879521	0.015325198491461696	0.04332566337734783	0.03210075630879521	0.02932543093440476	0.04332566337734783	0.07027747062961082	0.07027747062961082	0.07027747062961082	0.06420151261759043	0.06420151261759043	0.09352694355199517	0.07027747062961082	0.12840302523518085
UP000006564	0.015032786658494572	0.03201629283163375	0.03201629283163375	0.03201629283163375	0.03201629283163375	0.02833891275613312	0.03201629283163375	0.015032786658494572	0.04164503885377166	0.03201629283163375	0.02833891275613312	0.04164503885377166	0.072341731350232	0.072341731350232	0.072341731350232	0.0640325856632675	0.0640325856632675	0.09237149841940061	0.072341731350232	0.128065171326535
UP000095358	0.019251396019283943	0.030798992929362338	0.030798992929362338	0.030798992929362338	0.030798992929362338	0.051346060526306955	0.030798992929362338	0.019251396019283943	0.08344072503332996	0.030798992929362338	0.051346060526306955	0.08344072503332996	0.036948422361513446	0.036948422361513446	0.036948422361513446	0.061597985858724676	0.061597985858724676	0.11294404638503162	0.036948422361513446	0.12319597171744935
UP000001610	0.013274262404292792	0.03124804433500954	0.03124804433500954	0.03124804433500954	0.03124804433500954	0.023077766366744308	0.03124804433500954	0.013274262404292792	0.03288127032919582	0.03124804433500954	0.023077766366744308	0.03288127032919582	0.0846217315181593	0.0846217315181593	0.0846217315181593	0.06249608867001908	0.06249608867001908	0.08557385503676337	0.0846217315181593	0.12499217734003816
UP000002311	0.018813379190104975	0.031452375887104436	0.031452375887104436	0.031452375887104436	0.031452375887104436	0.046817440353812856	0.031452375887104436	0.018813379190104975	0.07482150151752075	0.031452375887104436	0.046817440353812856	0.07482150151752075	0.042259975832409764	0.042259975832409764	0.042259975832409764	0.06290475177420887	0.06290475177420887	0.10972219212802171	0.042259975832409764	0.12580950354841774
UP000030669	0.01185981209622498	0.030341138110335657	0.030341138110335657	0.030341138110335657	0.030341138110335657	0.01947047503514899	0.030341138110335657	0.01185981209622498	0.027081137974072998	0.030341138110335657	0.01947047503514899	0.027081137974072998	0.09456211624714664	0.09456211624714664	0.09456211624714664	0.060682276220671315	0.060682276220671315	0.0801527512558203	0.09456211624714664	0.12136455244134263
UP000001611	0.012372483636074178	0.030698103369666982	0.030698103369666982	0.030698103369666982	0.030698103369666982	0.020725726448611342	0.030698103369666982	0.012372483636074178	0.029078969261148505	0.030698103369666982	0.020725726448611342	0.029078969261148505	0.0909375652362622	0.0909375652362622	0.0909375652362622	0.061396206739333964	0.061396206739333964	0.0821219331879453	0.0909375652362622	0.12279241347866793
UP000016935	0.016069970595474832	0.032250560512946044	0.032250560512946044	0.032250560512946044	0.032250560512946044	0.03203007812286376	0.032250560512946044	0.016069970595474832	0.04799018565025268	0.032250560512946044	0.03203007812286376	0.04799018565025268	0.06494512123320424	0.06494512123320424	0.06494512123320424	0.06450112102589209	0.06450112102589209	0.09653119914875584	0.06494512123320424	0.12900224205178418
UP000008142	0.01617028493825239	0.03226289486034775	0.03226289486034775	0.03226289486034775	0.03226289486034775	0.03241861981060017	0.03226289486034775	0.01617028493825239	0.04866695468294796	0.03226289486034775	0.03241861981060017	0.04866695468294796	0.0642158358900587	0.0642158358900587	0.0642158358900587	0.0645257897206955	0.0645257897206955	0.09694440953129567	0.0642158358900587	0.129051579441391
UP000009138	0.01866118288200437	0.03160444419892907	0.03160444419892907	0.03160444419892907	0.03160444419892907	0.04556628338401248	0.03160444419892907	0.01866118288200437	0.07247138388602059	0.03160444419892907	0.04556628338401248	0.07247138388602059	0.04384122728226185	0.04384122728226185	0.04384122728226185	0.06320888839785814	0.06320888839785814	0.10877517178187064	0.04384122728226185	0.12641777679571628
UP000006701	0.013944334681282543	0.03159032351487744	0.03159032351487744	0.03159032351487744	0.03159032351487744	0.024963522754972732	0.03159032351487744	0.013944334681282543	0.035982710828662924	0.03159032351487744	0.024963522754972732	0.035982710828662924	0.07995254111928794	0.07995254111928794	0.07995254111928794	0.06318064702975489	0.06318064702975489	0.08814416978472762	0.07995254111928794	0.12636129405950977
UP000054279	0.016388702657191473	0.03228265202661867	0.03228265202661867	0.03228265202661867	0.03228265202661867	0.033287559482700194	0.03228265202661867	0.016388702657191473	0.050186416308208914	0.03228265202661867	0.033287559482700194	0.050186416308208914	0.06261616279879997	0.06261616279879997	0.06261616279879997	0.06456530405323734	0.06456530405323734	0.09785286353593753	0.06261616279879997	0.12913060810647467
UP000054317	0.011973287669069113	0.030422891887370865	0.030422891887370865	0.030422891887370865	0.030422891887370865	0.019743623331016365	0.030422891887370865	0.011973287669069113	0.027513958992963612	0.030422891887370865	0.019743623331016365	0.027513958992963612	0.09375709162123791	0.09375709162123791	0.09375709162123791	0.06084578377474173	0.06084578377474173	0.08058940710575808	0.09375709162123791	0.12169156754948346
UP000217790	0.015363581392301883	0.032110823777089244	0.032110823777089244	0.032110823777089244	0.032110823777089244	0.029457820179476495	0.032110823777089244	0.015363581392301883	0.043552058966651104	0.032110823777089244	0.029457820179476495	0.043552058966651104	0.07000551957755918	0.07000551957755918	0.07000551957755918	0.06422164755417849	0.06422164755417849	0.09367946773365497	0.07000551957755918	0.12844329510835698
UP000002428	0.018512117402036662	0.03173009566815116	0.03173009566815116	0.03173009566815116	0.03173009566815116	0.04443881237817593	0.03173009566815116	0.018512117402036662	0.07036550735431518	0.03173009566815116	0.04443881237817593	0.07036550735431518	0.045311695665587494	0.045311695665587494	0.045311695665587494	0.06346019133630232	0.06346019133630232	0.10789900371447823	0.045311695665587494	0.12692038267260464
UP000009297	0.01568243364441484	0.03218489300289216	0.03218489300289216	0.03218489300289216	0.03218489300289216	0.030585589572209065	0.03218489300289216	0.01568243364441484	0.045488745500003286	0.03218489300289216	0.030585589572209065	0.045488745500003286	0.0677356462370655	0.0677356462370655	0.0677356462370655	0.06436978600578432	0.06436978600578432	0.09495537557799338	0.0677356462370655	0.12873957201156863
UP000001628	0.015532630387007274	0.032152251963974116	0.032152251963974116	0.032152251963974116	0.032152251963974116	0.03004936325135528	0.032152251963974116	0.015532630387007274	0.04456609611570328	0.032152251963974116	0.03004936325135528	0.04456609611570328	0.06880460645423178	0.06880460645423178	0.06880460645423178	0.06430450392794823	0.06430450392794823	0.09435386717930351	0.06880460645423178	0.12860900785589646
UP000016936	0.01419506303724716	0.031703200969743474	0.031703200969743474	0.031703200969743474	0.031703200969743474	0.02570398622532777	0.031703200969743474	0.01419506303724716	0.03721290941340837	0.031703200969743474	0.02570398622532777	0.03721290941340837	0.07820522022670255	0.07820522022670255	0.07820522022670255	0.06340640193948695	0.06340640193948695	0.08911038816481472	0.07820522022670255	0.1268128038789739
UP000009328	0.01962929679021181	0.02874308650382113	0.02874308650382113	0.02874308650382113	0.02874308650382113	0.06190691176555514	0.02874308650382113	0.01962929679021181	0.10418452674089848	0.02874308650382113	0.06190691176555514	0.10418452674089848	0.026690558394993975	0.026690558394993975	0.026690558394993975	0.05748617300764226	0.05748617300764226	0.1193930847731974	0.026690558394993975	0.11497234601528453
UP000008177	0.017130449465089577	0.03226753476167114	0.03226753476167114	0.03226753476167114	0.03226753476167114	0.03651676414366636	0.03226753476167114	0.017130449465089577	0.05590307882224313	0.03226753476167114	0.03651676414366636	0.05590307882224313	0.057025523701899276	0.057025523701899276	0.057025523701899276	0.06453506952334229	0.06453506952334229	0.10105183366700865	0.057025523701899276	0.12907013904668457
UP000030671	0.014707340374411857	0.03190677407360026	0.03190677407360026	0.03190677407360026	0.03190677407360026	0.027283676588261273	0.03190677407360026	0.014707340374411857	0.03986001280211069	0.03190677407360026	0.027283676588261273	0.03986001280211069	0.07462646967614177	0.07462646967614177	0.07462646967614177	0.06381354814720051	0.06381354814720051	0.09109722473546178	0.07462646967614177	0.12762709629440103
UP000018087	0.014101931689529923	0.03166226523103758	0.03166226523103758	0.03166226523103758	0.03166226523103758	0.025426572927471608	0.03166226523103758	0.014101931689529923	0.0367512141654133	0.03166226523103758	0.025426572927471608	0.0367512141654133	0.07885443645277436	0.07885443645277436	0.07885443645277436	0.06332453046207516	0.06332453046207516	0.08875110338954678	0.07885443645277436	0.12664906092415032
UP000002485	0.018867325259432237	0.03139155133506042	0.03139155133506042	0.03139155133506042	0.03139155133506042	0.04729031605308532	0.03139155133506042	0.018867325259432237	0.07571330684673841	0.03139155133506042	0.04729031605308532	0.07571330684673841	0.041675741566859	0.041675741566859	0.041675741566859	0.06278310267012084	0.06278310267012084	0.11007341872320615	0.041675741566859	0.12556620534024168
UP000006702	0.01427383506409116	0.03173689885013452	0.03173689885013452	0.03173689885013452	0.03173689885013452	0.025940881003630765	0.03173689885013452	0.01427383506409116	0.03760792694317037	0.03173689885013452	0.025940881003630765	0.03760792694317037	0.0776558628431081	0.0776558628431081	0.0776558628431081	0.06347379770026904	0.06347379770026904	0.08941467870389978	0.0776558628431081	0.12694759540053807
UP000001631	0.01547580697544511	0.03213886166399989	0.03213886166399989	0.03213886166399989	0.03213886166399989	0.029848957998332846	0.03213886166399989	0.01547580697544511	0.04422210902122058	0.03213886166399989	0.029848957998332846	0.04422210902122058	0.06920887684691791	0.06920887684691791	0.06920887684691791	0.06427772332799978	0.06427772332799978	0.09412668132633263	0.06920887684691791	0.12855544665599955
UP000054321	0.016826675773239617	0.032290380787003005	0.032290380787003005	0.032290380787003005	0.032290380787003005	0.03513645453102919	0.032290380787003005	0.016826675773239617	0.05344623328881877	0.032290380787003005	0.03513645453102919	0.05344623328881877	0.05934968142268689	0.05934968142268689	0.05934968142268689	0.06458076157400601	0.06458076157400601	0.09971721610503521	0.05934968142268689	0.12916152314801202
UP000008181	0.010047611080905662	0.02882263474824229	0.02882263474824229	0.02882263474824229	0.02882263474824229	0.015424674259194554	0.02882263474824229	0.010047611080905662	0.020801737437483446	0.02882263474824229	0.015424674259194554	0.020801737437483446	0.10771628105344039	0.10771628105344039	0.10771628105344039	0.05764526949648458	0.05764526949648458	0.07306994375567914	0.10771628105344039	0.11529053899296916
UP000000724	0.01486539754059728	0.031961950777173925	0.031961950777173925	0.031961950777173925	0.031961950777173925	0.027790812446288757	0.031961950777173925	0.01486539754059728	0.04071622735198024	0.031961950777173925	0.027790812446288757	0.04071622735198024	0.07351827511029897	0.07351827511029897	0.07351827511029897	0.06392390155434785	0.06392390155434785	0.0917147140006366	0.07351827511029897	0.1278478031086957
UP000030816	0.015188752368321158	0.032063033158013336	0.032063033158013336	0.032063033158013336	0.032063033158013336	0.028860339405506516	0.032063033158013336	0.015188752368321158	0.042531926442691874	0.032063033158013336	0.028860339405506516	0.042531926442691874	0.07124227340831026	0.07124227340831026	0.07124227340831026	0.06412606631602667	0.06412606631602667	0.09298640572153319	0.07124227340831026	0.12825213263205335
UP000269793	0.014337420656480583	0.03176347525259129	0.03176347525259129	0.03176347525259129	0.03176347525259129	0.02613364394656227	0.03176347525259129	0.014337420656480583	0.03792986723664396	0.03176347525259129	0.02613364394656227	0.03792986723664396	0.07721222208315089	0.07721222208315089	0.07721222208315089	0.06352695050518258	0.06352695050518258	0.08966059445174485	0.07721222208315089	0.12705390101036515
UP000009882	0.01426144325382208	0.03173165437061968	0.03173165437061968	0.03173165437061968	0.03173165437061968	0.025903475643827324	0.03173165437061968	0.01426144325382208	0.03754550803383257	0.03173165437061968	0.025903475643827324	0.03754550803383257	0.07774230014082346	0.07774230014082346	0.07774230014082346	0.06346330874123936	0.06346330874123936	0.08936678438506668	0.07774230014082346	0.12692661748247872
UP000001640	0.019445800660801725	0.030291468909455683	0.030291468909455683	0.030291468909455683	0.030291468909455683	0.05431125612838596	0.030291468909455683	0.019445800660801725	0.08917671159597021	0.030291468909455683	0.05431125612838596	0.08917671159597021	0.03378942613750182	0.03378942613750182	0.03378942613750182	0.060582937818911366	0.060582937818911366	0.11489419394729732	0.03378942613750182	0.12116587563782273
UP000054361	0.013836040854665789	0.031538966530256486	0.031538966530256486	0.031538966530256486	0.031538966530256486	0.024649848133760806	0.031538966530256486	0.013836040854665789	0.03546365541285582	0.031538966530256486	0.024649848133760806	0.03546365541285582	0.08070689964489265	0.08070689964489265	0.08070689964489265	0.06307793306051297	0.06307793306051297	0.08772778119427377	0.08070689964489265	0.12615586612102594
UP000218811	0.010653759656300865	0.029375647411867777	0.029375647411867777	0.029375647411867777	0.029375647411867777	0.016716321097546238	0.029375647411867777	0.010653759656300865	0.022778882538791616	0.029375647411867777	0.016716321097546238	0.022778882538791616	0.10324384843182294	0.10324384843182294	0.10324384843182294	0.058751294823735555	0.058751294823735555	0.07546761592128179	0.10324384843182294	0.11750258964747111
UP000000741	0.01833151498236622	0.023723137036003344	0.023723137036003344	0.023723137036003344	0.023723137036003344	0.0806586659224114	0.023723137036003344	0.01833151498236622	0.1429858168624566	0.023723137036003344	0.0806586659224114	0.1429858168624566	0.01395478649176667	0.01395478649176667	0.01395478649176667	0.04744627407200669	0.04744627407200669	0.1281049399944181	0.01395478649176667	0.09489254814401338
UP000001742	0.01941460896695465	0.02700854547303953	0.02700854547303953	0.02700854547303953	0.02700854547303953	0.06904987271161873	0.02700854547303953	0.01941460896695465	0.11868513645628283	0.02700854547303953	0.06904987271161873	0.11868513645628283	0.021128540862509097	0.021128540862509097	0.021128540862509097	0.05401709094607906	0.05401709094607906	0.12306696365769781	0.021128540862509097	0.10803418189215812
UP000184304	0.01445528821781029	0.03181124725336248	0.03181124725336248	0.03181124725336248	0.03181124725336248	0.026494689614871555	0.03181124725336248	0.01445528821781029	0.038534091011932815	0.03181124725336248	0.026494689614871555	0.038534091011932815	0.07638930416052489	0.07638930416052489	0.07638930416052489	0.06362249450672496	0.06362249450672496	0.09011718412159649	0.07638930416052489	0.1272449890134499
UP000000819	0.01672003912698182	0.03229268056864227	0.03229268056864227	0.03229268056864227	0.03229268056864227	0.03467201660332155	0.03229268056864227	0.01672003912698182	0.05262399407966129	0.03229268056864227	0.03467201660332155	0.05262399407966129	0.060153248669618194	0.060153248669618194	0.060153248669618194	0.06458536113728454	0.06458536113728454	0.09925737774060611	0.060153248669618194	0.12917072227456908
UP000006706	0.014126679565558917	0.03167325823733657	0.03167325823733657	0.03167325823733657	0.03167325823733657	0.025500012183897896	0.03167325823733657	0.014126679565558917	0.036873344802236876	0.03167325823733657	0.025500012183897896	0.036873344802236876	0.07868194572883234	0.07868194572883234	0.07868194572883234	0.06334651647467314	0.06334651647467314	0.08884652865857104	0.07868194572883234	0.12669303294934628
UP000011064	0.013142461057622987	0.031173960199363773	0.031173960199363773	0.031173960199363773	0.031173960199363773	0.022721491691371044	0.031173960199363773	0.013142461057622987	0.032300522325119096	0.031173960199363773	0.022721491691371044	0.032300522325119096	0.0855415487426456	0.0855415487426456	0.0855415487426456	0.062347920398727545	0.062347920398727545	0.08506941209009859	0.0855415487426456	0.12469584079745509
UP000031176	0.014586674255705173	0.03186218235151689	0.03186218235151689	0.03186218235151689	0.03186218235151689	0.0269030162505109	0.03186218235151689	0.014586674255705173	0.039219358245316624	0.03186218235151689	0.0269030162505109	0.039219358245316624	0.07547099215553833	0.07547099215553833	0.07547099215553833	0.06372436470303378	0.06372436470303378	0.09062738095354468	0.07547099215553833	0.12744872940606755
UP000011185	0.017990355402366126	0.03203994762209248	0.03203994762209248	0.03203994762209248	0.03203994762209248	0.041026816706133964	0.03203994762209248	0.017990355402366126	0.0640632780099018	0.03203994762209248	0.041026816706133964	0.0640632780099018	0.050043280275895635	0.050043280275895635	0.050043280275895635	0.06407989524418496	0.06407989524418496	0.10510671195031891	0.050043280275895635	0.12815979048836992
UP000001743	0.01372299914622185	0.03148370836436285	0.03148370836436285	0.03148370836436285	0.03148370836436285	0.024326219054515413	0.03148370836436285	0.01372299914622185	0.03492943896280897	0.03148370836436285	0.024326219054515413	0.03492943896280897	0.0814942831971466	0.0814942831971466	0.0814942831971466	0.0629674167287257	0.0629674167287257	0.0872936357832411	0.0814942831971466	0.1259348334574514
UP000054383	0.01626867934129991	0.032273024149822055	0.032273024149822055	0.032273024149822055	0.032273024149822055	0.03280605907640188	0.032273024149822055	0.01626867934129991	0.04934343881150385	0.032273024149822055	0.03280605907640188	0.04934343881150385	0.06349730001700851	0.06349730001700851	0.06349730001700851	0.06454604829964411	0.06454604829964411	0.09735210737604598	0.06349730001700851	0.12909209659928822
UP000001744	0.01735897146204217	0.03223282529335736	0.03223282529335736	0.03223282529335736	0.03223282529335736	0.03761827302822878	0.03223282529335736	0.01735897146204217	0.057877574594415386	0.03223282529335736	0.03761827302822878	0.057877574594415386	0.055236721027170234	0.055236721027170234	0.055236721027170234	0.06446565058671472	0.06446565058671472	0.1020839236149435	0.055236721027170234	0.12893130117342944
UP000033540	0.014207044629970493	0.03170838153382664	0.03170838153382664	0.03170838153382664	0.03170838153382664	0.025739884562530218	0.03170838153382664	0.014207044629970493	0.03727272449508994	0.03170838153382664	0.025739884562530218	0.03727272449508994	0.07812167588026558	0.07812167588026558	0.07812167588026558	0.06341676306765329	0.06341676306765329	0.0891566476301835	0.07812167588026558	0.12683352613530657
UP000006753	0.012056635762630425	0.030481948004415328	0.030481948004415328	0.030481948004415328	0.030481948004415328	0.019945916769390577	0.030481948004415328	0.012056635762630425	0.02783519777615073	0.030481948004415328	0.019945916769390577	0.02783519777615073	0.0931668536359052	0.0931668536359052	0.0931668536359052	0.060963896008830655	0.060963896008830655	0.08090981277822124	0.0931668536359052	0.12192779201766131
UP000219338	0.015736853789999894	0.03219577634412039	0.03219577634412039	0.03219577634412039	0.03219577634412039	0.030783316667111798	0.03219577634412039	0.015736853789999894	0.04582977954422371	0.03219577634412039	0.030783316667111798	0.04582977954422371	0.06734609045607279	0.06734609045607279	0.06734609045607279	0.06439155268824077	0.06439155268824077	0.09517486935535259	0.06734609045607279	0.12878310537648155
UP000184499	0.014419016480771023	0.03179675399709768	0.03179675399709768	0.03179675399709768	0.03179675399709768	0.026383061632069545	0.03179675399709768	0.014419016480771023	0.03834710678336807	0.03179675399709768	0.026383061632069545	0.03834710678336807	0.07664262615548759	0.07664262615548759	0.07664262615548759	0.06359350799419536	0.06359350799419536	0.08997656962626492	0.07664262615548759	0.12718701598839072
