Proteome_ID	M	W	C	D	E	F	H	K	N	Q	Y	I	A	G	P	T	V	L	R	S
UP000000242	0.03714361540567431	0.032249525079426015	0.032249525079426015	0.032249525079426015	0.032249525079426015	0.03714361540567431	0.032249525079426015	0.03714361540567431	0.03714361540567431	0.032249525079426015	0.03714361540567431	0.03714361540567431	0.056000572722365916	0.056000572722365916	0.056000572722365916	0.12899810031770406	0.06449905015885203	0.03714361540567431	0.08825009780179192	0.09674857523827804
UP000000254	0.05411671520828561	0.030326560185037085	0.030326560185037085	0.030326560185037085	0.030326560185037085	0.05411671520828561	0.030326560185037085	0.05411671520828561	0.05411671520828561	0.030326560185037085	0.05411671520828561	0.05411671520828561	0.033989507645351864	0.033989507645351864	0.033989507645351864	0.12130624074014834	0.06065312037007417	0.05411671520828561	0.06431606783038896	0.09097968055511124
UP000000262	0.024503341244296685	0.031514239675035166	0.031514239675035166	0.031514239675035166	0.031514239675035166	0.024503341244296685	0.031514239675035166	0.024503341244296685	0.024503341244296685	0.031514239675035166	0.024503341244296685	0.024503341244296685	0.08106219412234016	0.08106219412234016	0.08106219412234016	0.12605695870014066	0.06302847935007033	0.024503341244296685	0.11257643379737531	0.0945427190251055
UP000000346	0.02337490562072368	0.03130746337685796	0.03130746337685796	0.03130746337685796	0.03130746337685796	0.02337490562072368	0.03130746337685796	0.02337490562072368	0.02337490562072368	0.03130746337685796	0.02337490562072368	0.02337490562072368	0.08386406165630172	0.08386406165630172	0.08386406165630172	0.12522985350743185	0.06261492675371592	0.02337490562072368	0.11517152503315968	0.09392239013057388
UP000000365	0.031137784361368867	0.032213760584575396	0.032213760584575396	0.032213760584575396	0.032213760584575396	0.031137784361368867	0.032213760584575396	0.031137784361368867	0.031137784361368867	0.032213760584575396	0.031137784361368867	0.031137784361368867	0.06665383502930287	0.06665383502930287	0.06665383502930287	0.12885504233830158	0.06442752116915079	0.031137784361368867	0.09886759561387827	0.0966412817537262
UP000000391	0.05201757121712917	0.030689289843832904	0.030689289843832904	0.030689289843832904	0.030689289843832904	0.05201757121712917	0.030689289843832904	0.05201757121712917	0.05201757121712917	0.030689289843832904	0.05201757121712917	0.05201757121712917	0.036212090994692345	0.036212090994692345	0.036212090994692345	0.12275715937533162	0.06137857968766581	0.05201757121712917	0.06690138083852523	0.09206786953149872
UP000000536	0.029158550036978727	0.03208764482159771	0.03208764482159771	0.03208764482159771	0.03208764482159771	0.029158550036978727	0.03208764482159771	0.029158550036978727	0.029158550036978727	0.03208764482159771	0.029158550036978727	0.029158550036978727	0.07062195814889637	0.07062195814889637	0.07062195814889637	0.12835057928639085	0.06417528964319542	0.029158550036978727	0.10270960297049407	0.09626293446479313
UP000000554	0.014097987780668767	0.02817603059961514	0.02817603059961514	0.02817603059961514	0.02817603059961514	0.014097987780668767	0.02817603059961514	0.014097987780668767	0.014097987780668767	0.02817603059961514	0.014097987780668767	0.014097987780668767	0.1126243989853691	0.1126243989853691	0.1126243989853691	0.11270412239846056	0.05635206119923028	0.014097987780668767	0.14080042958498423	0.08452809179884542
UP000000578	0.06309422876705545	0.028472079495567123	0.028472079495567123	0.028472079495567123	0.028472079495567123	0.06309422876705545	0.028472079495567123	0.06309422876705545	0.06309422876705545	0.028472079495567123	0.06309422876705545	0.06309422876705545	0.025696781675384493	0.025696781675384493	0.025696781675384493	0.11388831798226849	0.056944158991134246	0.06309422876705545	0.05416886117095161	0.08541623848670138
UP000000590	0.058090260739876456	0.029562990150138517	0.029562990150138517	0.029562990150138517	0.029562990150138517	0.058090260739876456	0.029562990150138517	0.058090260739876456	0.058090260739876456	0.029562990150138517	0.058090260739876456	0.058090260739876456	0.030090083104662123	0.030090083104662123	0.030090083104662123	0.11825196060055407	0.059125980300277034	0.058090260739876456	0.05965307325480064	0.08868897045041556
UP000000641	0.022813537303663384	0.031193400662639873	0.031193400662639873	0.031193400662639873	0.031193400662639873	0.022813537303663384	0.031193400662639873	0.022813537303663384	0.022813537303663384	0.031193400662639873	0.022813537303663384	0.022813537303663384	0.0853027070680296	0.0853027070680296	0.0853027070680296	0.12477360265055949	0.062386801325279746	0.022813537303663384	0.11649610773066946	0.09358020198791962
UP000000663	0.024992394065957487	0.031594943107549796	0.031594943107549796	0.031594943107549796	0.031594943107549796	0.024992394065957487	0.031594943107549796	0.024992394065957487	0.024992394065957487	0.031594943107549796	0.024992394065957487	0.024992394065957487	0.07988353795437521	0.07988353795437521	0.07988353795437521	0.12637977243019918	0.06318988621509959	0.024992394065957487	0.11147848106192501	0.0947848293226494
UP000000674	0.02643179631515602	0.03180311178514272	0.03180311178514272	0.03180311178514272	0.03180311178514272	0.02643179631515602	0.03180311178514272	0.02643179631515602	0.02643179631515602	0.03180311178514272	0.02643179631515602	0.02643179631515602	0.0765319093079061	0.0765319093079061	0.0765319093079061	0.12721244714057087	0.06360622357028543	0.02643179631515602	0.10833502109304882	0.09540933535542816
UP000000740	0.015691243111365813	0.02894262606573136	0.02894262606573136	0.02894262606573136	0.02894262606573136	0.015691243111365813	0.02894262606573136	0.015691243111365813	0.015691243111365813	0.02894262606573136	0.015691243111365813	0.015691243111365813	0.10676982029218442	0.10676982029218442	0.10676982029218442	0.11577050426292544	0.05788525213146272	0.015691243111365813	0.13571244635791577	0.08682787819719409
UP000000758	0.02369841349089099	0.03136975822934618	0.03136975822934618	0.03136975822934618	0.03136975822934618	0.02369841349089099	0.03136975822934618	0.02369841349089099	0.02369841349089099	0.03136975822934618	0.02369841349089099	0.02369841349089099	0.08304874347355602	0.08304874347355602	0.08304874347355602	0.12547903291738471	0.06273951645869236	0.02369841349089099	0.11441850170290221	0.09410927468803855
UP000000792	0.05702351564801337	0.029777403835072033	0.029777403835072033	0.029777403835072033	0.029777403835072033	0.05702351564801337	0.029777403835072033	0.05702351564801337	0.05702351564801337	0.029777403835072033	0.05702351564801337	0.05702351564801337	0.031099232275688497	0.031099232275688497	0.031099232275688497	0.11910961534028813	0.059554807670144067	0.05702351564801337	0.06087663611076053	0.0893322115052161
UP000000805	0.062106413163075976	0.028698060652272647	0.028698060652272647	0.028698060652272647	0.028698060652272647	0.062106413163075976	0.028698060652272647	0.062106413163075976	0.062106413163075976	0.028698060652272647	0.062106413163075976	0.062106413163075976	0.026521534355526438	0.026521534355526438	0.026521534355526438	0.11479224260909059	0.05739612130454529	0.062106413163075976	0.055219595007799084	0.08609418195681794
UP000001013	0.04573977630711357	0.03158413933654285	0.03158413933654285	0.03158413933654285	0.03158413933654285	0.04573977630711357	0.03158413933654285	0.04573977630711357	0.04573977630711357	0.03158413933654285	0.04573977630711357	0.04573977630711357	0.043618834116379845	0.043618834116379845	0.043618834116379845	0.1263365573461714	0.0631682786730857	0.04573977630711357	0.07520297345292269	0.09475241800962857
UP000001015	0.05899643676045516	0.02937565747104245	0.02937565747104245	0.02937565747104245	0.02937565747104245	0.05899643676045516	0.02937565747104245	0.05899643676045516	0.05899643676045516	0.02937565747104245	0.05899643676045516	0.05899643676045516	0.029253605785033675	0.029253605785033675	0.029253605785033675	0.1175026298841698	0.0587513149420849	0.05899643676045516	0.05862926325607613	0.08812697241312736
UP000001018	0.052176421008541106	0.03066288119593913	0.03066288119593913	0.03066288119593913	0.03066288119593913	0.052176421008541106	0.03066288119593913	0.052176421008541106	0.052176421008541106	0.03066288119593913	0.052176421008541106	0.052176421008541106	0.03603973845129652	0.03603973845129652	0.03603973845129652	0.12265152478375652	0.06132576239187826	0.052176421008541106	0.06670261964723566	0.09198864358781739
UP000001024	0.0368184276434735	0.03225944893218131	0.03225944893218131	0.03225944893218131	0.03225944893218131	0.0368184276434735	0.03225944893218131	0.0368184276434735	0.0368184276434735	0.03225944893218131	0.0368184276434735	0.0368184276434735	0.05652995589519613	0.05652995589519613	0.05652995589519613	0.12903779572872523	0.06451889786436261	0.0368184276434735	0.08878940482737745	0.09677834679654392
UP000001059	0.04230948253016066	0.031936371598311246	0.031936371598311246	0.031936371598311246	0.031936371598311246	0.04230948253016066	0.031936371598311246	0.04230948253016066	0.04230948253016066	0.031936371598311246	0.04230948253016066	0.04230948253016066	0.04821291917897386	0.04821291917897386	0.04821291917897386	0.12774548639324498	0.06387274319662249	0.04230948253016066	0.08014929077728511	0.09580911479493372
UP000001137	0.04146692900585075	0.032006225281129314	0.032006225281129314	0.032006225281129314	0.032006225281129314	0.04146692900585075	0.032006225281129314	0.04146692900585075	0.04146692900585075	0.032006225281129314	0.04146692900585075	0.04146692900585075	0.049407973115243926	0.049407973115243926	0.049407973115243926	0.12802490112451725	0.06401245056225863	0.04146692900585075	0.08141419839637323	0.09601867584338795
UP000001169	0.018769991407798496	0.030120580261552187	0.030120580261552187	0.030120580261552187	0.030120580261552187	0.018769991407798496	0.030120580261552187	0.018769991407798496	0.018769991407798496	0.030120580261552187	0.018769991407798496	0.018769991407798496	0.0966701939901439	0.0966701939901439	0.0966701939901439	0.12048232104620875	0.060241160523104374	0.018769991407798496	0.12679077425169608	0.09036174078465657
UP000001304	0.05430341021418067	0.030292888888580213	0.030292888888580213	0.030292888888580213	0.030292888888580213	0.05430341021418067	0.030292888888580213	0.05430341021418067	0.05430341021418067	0.030292888888580213	0.05430341021418067	0.05430341021418067	0.03379747657086299	0.03379747657086299	0.03379747657086299	0.12117155555432085	0.06058577777716043	0.05430341021418067	0.06409036545944319	0.09087866666574063
UP000001400	0.04828106418779967	0.03125833276970349	0.03125833276970349	0.03125833276970349	0.03125833276970349	0.04828106418779967	0.03125833276970349	0.04828106418779967	0.04828106418779967	0.03125833276970349	0.04828106418779967	0.04828106418779967	0.04047480659253662	0.04047480659253662	0.04047480659253662	0.12503333107881395	0.06251666553940698	0.04828106418779967	0.0717331393622401	0.09377499830911047
UP000001686	0.03299746944643887	0.03227724085194883	0.03227724085194883	0.03227724085194883	0.03227724085194883	0.03299746944643887	0.03227724085194883	0.03299746944643887	0.03299746944643887	0.03227724085194883	0.03299746944643887	0.03299746944643887	0.06314546506093664	0.06314546506093664	0.06314546506093664	0.12910896340779532	0.06455448170389766	0.03299746944643887	0.09542270591288547	0.09683172255584652
UP000001746	0.014613192532502192	0.028437269033685122	0.028437269033685122	0.028437269033685122	0.028437269033685122	0.014613192532502192	0.028437269033685122	0.014613192532502192	0.014613192532502192	0.028437269033685122	0.014613192532502192	0.014613192532502192	0.11067783693338065	0.11067783693338065	0.11067783693338065	0.11374907613474049	0.056874538067370244	0.014613192532502192	0.13911510596706578	0.08531180710105536
UP000001826	0.01956357779630117	0.0303692663201883	0.0303692663201883	0.0303692663201883	0.0303692663201883	0.01956357779630117	0.0303692663201883	0.01956357779630117	0.01956357779630117	0.0303692663201883	0.01956357779630117	0.01956357779630117	0.09428667357571975	0.09428667357571975	0.09428667357571975	0.1214770652807532	0.0607385326403766	0.01956357779630117	0.12465593989590805	0.0911077989605649
UP000001879	0.018926765683581273	0.030171335276158586	0.030171335276158586	0.030171335276158586	0.030171335276158586	0.018926765683581273	0.030171335276158586	0.018926765683581273	0.018926765683581273	0.030171335276158586	0.018926765683581273	0.018926765683581273	0.09619281894909844	0.09619281894909844	0.09619281894909844	0.12068534110463434	0.06034267055231717	0.018926765683581273	0.126364154225257	0.09051400582847574
UP000001901	0.04403976768376871	0.031771897663169346	0.031771897663169346	0.031771897663169346	0.031771897663169346	0.04403976768376871	0.031771897663169346	0.04403976768376871	0.04403976768376871	0.031771897663169346	0.04403976768376871	0.04403976768376871	0.04584281590072736	0.04584281590072736	0.04584281590072736	0.12708759065267738	0.06354379532633869	0.04403976768376871	0.07761471356389672	0.09531569298950804
UP000001931	0.06726712889639791	0.027464066814388486	0.027464066814388486	0.027464066814388486	0.027464066814388486	0.06726712889639791	0.027464066814388486	0.06726712889639791	0.06726712889639791	0.027464066814388486	0.06726712889639791	0.06726712889639791	0.02242625717374971	0.02242625717374971	0.02242625717374971	0.10985626725755394	0.05492813362877697	0.06726712889639791	0.0498903239881382	0.08239220044316546
UP000001941	0.03796368002794408	0.03221904668348417	0.03221904668348417	0.03221904668348417	0.03221904668348417	0.03796368002794408	0.03221904668348417	0.03796368002794408	0.03796368002794408	0.03221904668348417	0.03796368002794408	0.03796368002794408	0.05468737321716117	0.05468737321716117	0.05468737321716117	0.1288761867339367	0.06443809336696835	0.03796368002794408	0.08690641990064533	0.09665714005045252
UP000001974	0.05351249107815005	0.03043397830825352	0.03043397830825352	0.03043397830825352	0.03043397830825352	0.05351249107815005	0.03043397830825352	0.05351249107815005	0.05351249107815005	0.03043397830825352	0.05351249107815005	0.05351249107815005	0.034617227380223305	0.034617227380223305	0.034617227380223305	0.12173591323301408	0.06086795661650704	0.05351249107815005	0.06505120568847682	0.09130193492476055
UP000001975	0.03418139501473979	0.0322920609469197	0.0322920609469197	0.0322920609469197	0.0322920609469197	0.03418139501473979	0.0322920609469197	0.03418139501473979	0.03418139501473979	0.0322920609469197	0.03418139501473979	0.03418139501473979	0.06101431493652655	0.06101431493652655	0.06101431493652655	0.1291682437876788	0.0645841218938394	0.03418139501473979	0.09330637588344626	0.09687618284075909
UP000002071	0.017127600498415718	0.029537369228951844	0.029537369228951844	0.029537369228951844	0.029537369228951844	0.017127600498415718	0.029537369228951844	0.017127600498415718	0.017127600498415718	0.029537369228951844	0.017127600498415718	0.017127600498415718	0.10187722221196512	0.10187722221196512	0.10187722221196512	0.11814947691580738	0.05907473845790369	0.017127600498415718	0.13141459144091697	0.08861210768685554
UP000002199	0.033930521596573046	0.03229051159189789	0.03229051159189789	0.03229051159189789	0.03229051159189789	0.033930521596573046	0.03229051159189789	0.033930521596573046	0.033930521596573046	0.03229051159189789	0.033930521596573046	0.033930521596573046	0.06145954083840561	0.06145954083840561	0.06145954083840561	0.12916204636759157	0.06458102318379579	0.033930521596573046	0.0937500524303035	0.09687153477569369
UP000002315	0.06247396448415112	0.02861456437824056	0.02861456437824056	0.02861456437824056	0.02861456437824056	0.06247396448415112	0.02861456437824056	0.06247396448415112	0.06247396448415112	0.02861456437824056	0.06247396448415112	0.06247396448415112	0.02621230463977331	0.02621230463977331	0.02621230463977331	0.11445825751296224	0.05722912875648112	0.06247396448415112	0.054826869018013875	0.08584369313472169
UP000002376	0.03676344385534068	0.032261003497975255	0.032261003497975255	0.032261003497975255	0.032261003497975255	0.03676344385534068	0.032261003497975255	0.03676344385534068	0.03676344385534068	0.032261003497975255	0.03676344385534068	0.03676344385534068	0.05661995926125278	0.05661995926125278	0.05661995926125278	0.12904401399190102	0.06452200699595051	0.03676344385534068	0.08888096275922804	0.09678301049392576
UP000002408	0.025788901719892458	0.031715412435450195	0.031715412435450195	0.031715412435450195	0.031715412435450195	0.025788901719892458	0.031715412435450195	0.025788901719892458	0.025788901719892458	0.031715412435450195	0.025788901719892458	0.025788901719892458	0.07800777224838742	0.07800777224838742	0.07800777224838742	0.12686164974180078	0.06343082487090039	0.025788901719892458	0.10972318468383761	0.09514623730635056
UP000002439	0.030288831098142937	0.03216739796213051	0.03216739796213051	0.03216739796213051	0.03216739796213051	0.030288831098142937	0.03216739796213051	0.030288831098142937	0.030288831098142937	0.03216739796213051	0.030288831098142937	0.030288831098142937	0.0683249537297278	0.0683249537297278	0.0683249537297278	0.12866959184852203	0.06433479592426102	0.030288831098142937	0.10049235169185831	0.09650219388639154
UP000002457	0.024761674097283578	0.03155752178807116	0.03155752178807116	0.03155752178807116	0.03155752178807116	0.024761674097283578	0.03155752178807116	0.024761674097283578	0.024761674097283578	0.03155752178807116	0.024761674097283578	0.024761674097283578	0.08043698317746913	0.08043698317746913	0.08043698317746913	0.12623008715228465	0.06311504357614232	0.024761674097283578	0.1119945049655403	0.09467256536421348
UP000002487	0.04027345031536558	0.03209315206072172	0.03209315206072172	0.03209315206072172	0.03209315206072172	0.04027345031536558	0.03209315206072172	0.04027345031536558	0.04027345031536558	0.03209315206072172	0.04027345031536558	0.04027345031536558	0.05114885370522331	0.05114885370522331	0.05114885370522331	0.12837260824288688	0.06418630412144344	0.04027345031536558	0.08324200576594502	0.09627945618216516
UP000002518	0.02414052928541073	0.03145094312672109	0.03145094312672109	0.03145094312672109	0.03145094312672109	0.02414052928541073	0.03145094312672109	0.02414052928541073	0.02414052928541073	0.03145094312672109	0.02414052928541073	0.02414052928541073	0.08195030124364688	0.08195030124364688	0.08195030124364688	0.12580377250688435	0.06290188625344217	0.02414052928541073	0.11340124437036797	0.09435282938016326
UP000002593	0.027508338202601585	0.03193180697857027	0.03193180697857027	0.03193180697857027	0.03193180697857027	0.027508338202601585	0.03193180697857027	0.027508338202601585	0.027508338202601585	0.03193180697857027	0.027508338202601585	0.027508338202601585	0.07413318023116619	0.07413318023116619	0.07413318023116619	0.12772722791428107	0.06386361395714053	0.027508338202601585	0.10606498720973646	0.09579542093571079
UP000002613	0.04051808010029557	0.03207650898466098	0.03207650898466098	0.03207650898466098	0.03207650898466098	0.04051808010029557	0.03207650898466098	0.04051808010029557	0.04051808010029557	0.03207650898466098	0.04051808010029557	0.04051808010029557	0.050787323885838856	0.050787323885838856	0.050787323885838856	0.12830603593864393	0.06415301796932196	0.04051808010029557	0.08286383287049985	0.09622952695398294
UP000002654	0.025931433212512792	0.03173557689830339	0.03173557689830339	0.03173557689830339	0.03173557689830339	0.025931433212512792	0.03173557689830339	0.025931433212512792	0.025931433212512792	0.03173557689830339	0.025931433212512792	0.025931433212512792	0.07767768428488908	0.07767768428488908	0.07767768428488908	0.12694230759321357	0.06347115379660678	0.025931433212512792	0.10941326118319247	0.09520673069491016
UP000002698	0.016854983835527956	0.029430913470811296	0.029430913470811296	0.029430913470811296	0.029430913470811296	0.016854983835527956	0.029430913470811296	0.016854983835527956	0.016854983835527956	0.029430913470811296	0.016854983835527956	0.016854983835527956	0.10278012440458091	0.10278012440458091	0.10278012440458091	0.11772365388324518	0.05886182694162259	0.016854983835527956	0.13221103787539218	0.08829274041243387
UP000005223	0.032448644187128645	0.03226375676577173	0.03226375676577173	0.03226375676577173	0.03226375676577173	0.032448644187128645	0.03226375676577173	0.032448644187128645	0.032448644187128645	0.03226375676577173	0.032448644187128645	0.032448644187128645	0.064159845609438	0.064159845609438	0.064159845609438	0.1290550270630869	0.06452751353154346	0.032448644187128645	0.09642360237520971	0.09679127029731517
UP000005877	0.018618075393467597	0.030070614418469782	0.030070614418469782	0.030070614418469782	0.030070614418469782	0.018618075393467597	0.030070614418469782	0.018618075393467597	0.018618075393467597	0.030070614418469782	0.018618075393467597	0.018618075393467597	0.09713591038755257	0.09713591038755257	0.09713591038755257	0.12028245767387913	0.060141228836939564	0.018618075393467597	0.12720652480602238	0.09021184325540937
UP000006565	0.034943714380960604	0.03229167209418614	0.03229167209418614	0.03229167209418614	0.03229167209418614	0.034943714380960604	0.03229167209418614	0.034943714380960604	0.034943714380960604	0.03229167209418614	0.034943714380960604	0.034943714380960604	0.05968181145657444	0.05968181145657444	0.05968181145657444	0.12916668837674455	0.06458334418837228	0.034943714380960604	0.09197348355076056	0.09687501628255843
UP000006622	0.047131694035053795	0.03141215567457315	0.03141215567457315	0.03141215567457315	0.03141215567457315	0.047131694035053795	0.03141215567457315	0.047131694035053795	0.047131694035053795	0.03141215567457315	0.047131694035053795	0.047131694035053795	0.04187091274036325	0.04187091274036325	0.04187091274036325	0.1256486226982926	0.0628243113491463	0.047131694035053795	0.0732830684149364	0.09423646702371946
UP000006663	0.019810411874314256	0.030442528702511976	0.030442528702511976	0.030442528702511976	0.030442528702511976	0.019810411874314256	0.030442528702511976	0.019810411874314256	0.019810411874314256	0.030442528702511976	0.019810411874314256	0.019810411874314256	0.09356166440990216	0.09356166440990216	0.09356166440990216	0.1217701148100479	0.06088505740502395	0.019810411874314256	0.12400419311241413	0.09132758610753594
UP000006681	0.03837084404441208	0.03220107469552713	0.03220107469552713	0.03220107469552713	0.03220107469552713	0.03837084404441208	0.03220107469552713	0.03837084404441208	0.03837084404441208	0.03220107469552713	0.03837084404441208	0.03837084404441208	0.05404672414017031	0.05404672414017031	0.05404672414017031	0.12880429878210853	0.06440214939105426	0.03837084404441208	0.08624779883569746	0.09660322408658142
UP000006794	0.014954545617240474	0.028603151825144207	0.028603151825144207	0.028603151825144207	0.028603151825144207	0.014954545617240474	0.028603151825144207	0.014954545617240474	0.014954545617240474	0.028603151825144207	0.014954545617240474	0.014954545617240474	0.10941693786925236	0.10941693786925236	0.10941693786925236	0.11441260730057683	0.05720630365028841	0.014954545617240474	0.13802008969439655	0.08580945547543263
UP000007478	0.04442163921225661	0.031731923772807084	0.031731923772807084	0.031731923772807084	0.031731923772807084	0.04442163921225661	0.031731923772807084	0.04442163921225661	0.04442163921225661	0.031731923772807084	0.04442163921225661	0.04442163921225661	0.04533443628732261	0.04533443628732261	0.04533443628732261	0.12692769509122834	0.06346384754561417	0.04442163921225661	0.0770663600601297	0.09519577131842126
UP000007490	0.051731971286889424	0.03073633182112064	0.03073633182112064	0.03073633182112064	0.03073633182112064	0.051731971286889424	0.03073633182112064	0.051731971286889424	0.051731971286889424	0.03073633182112064	0.051731971286889424	0.051731971286889424	0.03652372296346096	0.03652372296346096	0.03652372296346096	0.12294532728448256	0.06147266364224128	0.051731971286889424	0.06726005478458161	0.09220899546336192
UP000007722	0.06310710032490821	0.028469101848695718	0.028469101848695718	0.028469101848695718	0.028469101848695718	0.06310710032490821	0.028469101848695718	0.06310710032490821	0.06310710032490821	0.028469101848695718	0.06310710032490821	0.06310710032490821	0.025686167036627783	0.025686167036627783	0.025686167036627783	0.11387640739478287	0.056938203697391436	0.06310710032490821	0.0541552688853235	0.08540730554608715
UP000007807	0.029813976873726673	0.03213645703390809	0.03213645703390809	0.03213645703390809	0.03213645703390809	0.029813976873726673	0.03213645703390809	0.029813976873726673	0.029813976873726673	0.03213645703390809	0.029813976873726673	0.029813976873726673	0.06927971233534598	0.06927971233534598	0.06927971233534598	0.12854582813563237	0.06427291406781618	0.029813976873726673	0.10141616936925407	0.09640937110172426
UP000008243	0.014478645303092211	0.028370328536582418	0.028370328536582418	0.028370328536582418	0.028370328536582418	0.014478645303092211	0.028370328536582418	0.014478645303092211	0.014478645303092211	0.028370328536582418	0.014478645303092211	0.014478645303092211	0.11118105657325895	0.11118105657325895	0.11118105657325895	0.11348131414632967	0.056740657073164835	0.014478645303092211	0.13955138510984139	0.08511098560974725
UP000008680	0.05441428763446948	0.03027278511960871	0.03027278511960871	0.03027278511960871	0.03027278511960871	0.05441428763446948	0.03027278511960871	0.05441428763446948	0.05441428763446948	0.03027278511960871	0.05441428763446948	0.05441428763446948	0.03368385616124357	0.03368385616124357	0.03368385616124357	0.12109114047843483	0.06054557023921742	0.05441428763446948	0.06395664128085228	0.09081835535882612
UP000009079	0.04680234148563707	0.03145428814899457	0.03145428814899457	0.03145428814899457	0.03145428814899457	0.04680234148563707	0.03145428814899457	0.04680234148563707	0.04680234148563707	0.03145428814899457	0.04680234148563707	0.04680234148563707	0.04227874980415686	0.04227874980415686	0.04227874980415686	0.12581715259597828	0.06290857629798914	0.04680234148563707	0.07373303795315143	0.09436286444698372
UP000009227	0.05921843327290081	0.029329051242610576	0.029329051242610576	0.029329051242610576	0.029329051242610576	0.05921843327290081	0.029329051242610576	0.05921843327290081	0.05921843327290081	0.029329051242610576	0.05921843327290081	0.05921843327290081	0.02905153680198134	0.02905153680198134	0.02905153680198134	0.1173162049704423	0.05865810248522115	0.05921843327290081	0.05838058804459191	0.08798715372783172
UP000011511	0.015598083742155261	0.028901051022723244	0.028901051022723244	0.028901051022723244	0.028901051022723244	0.015598083742155261	0.028901051022723244	0.015598083742155261	0.015598083742155261	0.028901051022723244	0.015598083742155261	0.015598083742155261	0.10709914936033534	0.10709914936033534	0.10709914936033534	0.11560420409089298	0.05780210204544649	0.015598083742155261	0.13600020038305857	0.08670315306816974
UP000011554	0.017485524324624413	0.02967280988780754	0.02967280988780754	0.02967280988780754	0.02967280988780754	0.017485524324624413	0.02967280988780754	0.017485524324624413	0.017485524324624413	0.02967280988780754	0.017485524324624413	0.017485524324624413	0.10070909288067706	0.10070909288067706	0.10070909288067706	0.11869123955123016	0.05934561977561508	0.017485524324624413	0.1303819027684846	0.08901842966342263
UP000012076	0.02168861312644012	0.030940999576139824	0.030940999576139824	0.030940999576139824	0.030940999576139824	0.02168861312644012	0.030940999576139824	0.02168861312644012	0.02168861312644012	0.030940999576139824	0.02168861312644012	0.02168861312644012	0.08828092872417052	0.08828092872417052	0.08828092872417052	0.1237639983045593	0.06188199915227965	0.02168861312644012	0.11922192830031035	0.09282299872841947
UP000012672	0.02455148683255311	0.03152241790289641	0.03152241790289641	0.03152241790289641	0.03152241790289641	0.02455148683255311	0.03152241790289641	0.02455148683255311	0.02455148683255311	0.03152241790289641	0.02455148683255311	0.02455148683255311	0.08094522643144644	0.08094522643144644	0.08094522643144644	0.12608967161158563	0.06304483580579281	0.02455148683255311	0.11246764433434286	0.09456725370868921
UP000014070	0.0439453703939578	0.03178157822162748	0.03178157822162748	0.03178157822162748	0.03178157822162748	0.0439453703939578	0.03178157822162748	0.0439453703939578	0.0439453703939578	0.03178157822162748	0.0439453703939578	0.0439453703939578	0.04596928892406395	0.04596928892406395	0.04596928892406395	0.1271263128865099	0.06356315644325496	0.0439453703939578	0.07775086714569142	0.09534473466488244
UP000053352	0.017106946977543575	0.029529405008375177	0.029529405008375177	0.029529405008375177	0.029529405008375177	0.017106946977543575	0.029529405008375177	0.017106946977543575	0.017106946977543575	0.029529405008375177	0.017106946977543575	0.017106946977543575	0.10194522275579805	0.10194522275579805	0.10194522275579805	0.11811762003350071	0.059058810016750354	0.017106946977543575	0.13147462776417324	0.08858821502512554
UP000058290	0.02622291166363128	0.03177552878927	0.03177552878927	0.03177552878927	0.03177552878927	0.02622291166363128	0.03177552878927	0.02622291166363128	0.02622291166363128	0.03177552878927	0.02622291166363128	0.02622291166363128	0.07700778943156521	0.07700778943156521	0.07700778943156521	0.12710211515708	0.06355105757854	0.02622291166363128	0.10878331822083522	0.09532658636781001
UP000192315	0.05238631718742107	0.03062772034229597	0.03062772034229597	0.03062772034229597	0.03062772034229597	0.05238631718742107	0.03062772034229597	0.05238631718742107	0.05238631718742107	0.03062772034229597	0.05238631718742107	0.05238631718742107	0.035813063552829226	0.035813063552829226	0.035813063552829226	0.12251088136918388	0.06125544068459194	0.05238631718742107	0.0664407838951252	0.09188316102688793
UP000198397	0.017049732027586435	0.029507256424469483	0.029507256424469483	0.029507256424469483	0.029507256424469483	0.017049732027586435	0.029507256424469483	0.017049732027586435	0.017049732027586435	0.029507256424469483	0.017049732027586435	0.017049732027586435	0.10213394325384582	0.10213394325384582	0.10213394325384582	0.11802902569787793	0.059014512848938966	0.017049732027586435	0.13164119967831528	0.08852176927340843
