Proteome_ID	M	W	C	D	E	F	H	K	N	Q	Y	I	A	G	P	T	V	L	R	S
UP000002036	0.01656777371204274	0.03229119552482262	0.03229119552482262	0.03229119552482262	0.03229119552482262	0.03402524124308298	0.03229119552482262	0.03402524124308298	0.03402524124308298	0.03229119552482262	0.03402524124308298	0.05148270877412321	0.0612910457253143	0.0612910457253143	0.0612910457253143	0.06458239104964524	0.06458239104964524	0.0986076322927282	0.09358224125013692	0.09687358657446786
UP000001300	0.014785947006933935	0.03193467807665385	0.03193467807665385	0.03193467807665385	0.03193467807665385	0.027534658733942743	0.03193467807665385	0.027534658733942743	0.027534658733942743	0.03193467807665385	0.027534658733942743	0.040283370460951554	0.07407563490898478	0.07407563490898478	0.07407563490898478	0.0638693561533077	0.0638693561533077	0.09140401488725045	0.10601031298563864	0.09580403422996156
UP000000267	0.019569146375316128	0.029733205614596164	0.029733205614596164	0.029733205614596164	0.029733205614596164	0.05724616899425103	0.029733205614596164	0.05724616899425103	0.05724616899425103	0.029733205614596164	0.05724616899425103	0.09492319161318594	0.030886381801676032	0.030886381801676032	0.030886381801676032	0.05946641122919233	0.05946641122919233	0.11671258022344337	0.06061958741627221	0.0891996168437885
UP000000314	0.01842684125352852	0.03179331769866278	0.03179331769866278	0.03179331769866278	0.03179331769866278	0.04382983208484405	0.03179331769866278	0.04382983208484405	0.04382983208484405	0.03179331769866278	0.04382983208484405	0.06923282291615958	0.04612452305687178	0.04612452305687178	0.04612452305687178	0.06358663539732556	0.06358663539732556	0.10741646748216961	0.07791784075553455	0.09537995309598833
UP000007796	0.011833985600115766	0.030322313799872574	0.030322313799872574	0.030322313799872574	0.030322313799872574	0.019408668052236528	0.030322313799872574	0.019408668052236528	0.019408668052236528	0.030322313799872574	0.019408668052236528	0.026983350504357292	0.09474557570909581	0.09474557570909581	0.09474557570909581	0.06064462759974515	0.06064462759974515	0.08005329565198167	0.12506788950896838	0.09096694139961771
UP000029964	0.011593530809808125	0.03014318010550113	0.03014318010550113	0.03014318010550113	0.03014318010550113	0.018839487565938205	0.03014318010550113	0.018839487565938205	0.018839487565938205	0.03014318010550113	0.018839487565938205	0.02608544432206828	0.09645817633760363	0.09645817633760363	0.09645817633760363	0.06028636021100226	0.06028636021100226	0.07912584777694047	0.12660135644310475	0.09042954031650338
UP000002037	0.019615734135251913	0.02931289421180433	0.02931289421180433	0.02931289421180433	0.02931289421180433	0.059295085886417916	0.02931289421180433	0.059295085886417916	0.059295085886417916	0.02931289421180433	0.059295085886417916	0.09897443763758391	0.02898202285155134	0.02898202285155134	0.02898202285155134	0.05862578842360866	0.05862578842360866	0.11792087431002658	0.05829491706335566	0.08793868263541298
UP000009058	0.013153146015088671	0.031180047379011193	0.031180047379011193	0.031180047379011193	0.031180047379011193	0.02275020579822371	0.031180047379011193	0.02275020579822371	0.02275020579822371	0.031180047379011193	0.02275020579822371	0.032347265581358746	0.08546695033706374	0.08546695033706374	0.08546695033706374	0.062360094758022386	0.062360094758022386	0.08511030055624608	0.11664699771607492	0.09354014213703357
UP000054166	0.01695068906804142	0.03228406468371926	0.03228406468371926	0.03228406468371926	0.03228406468371926	0.03568928043129208	0.03228406468371926	0.03568928043129208	0.03568928043129208	0.03228406468371926	0.03568928043129208	0.05442787179454275	0.058407500510361816	0.058407500510361816	0.058407500510361816	0.06456812936743853	0.06456812936743853	0.1002574097987306	0.09069156519408107	0.09685219405115779
UP000016922	0.017117840498657118	0.032268991566848794	0.032268991566848794	0.032268991566848794	0.032268991566848794	0.03645765580500917	0.032268991566848794	0.03645765580500917	0.03645765580500917	0.032268991566848794	0.03645765580500917	0.055797471111361234	0.05712313607383876	0.05712313607383876	0.05712313607383876	0.06453798313369759	0.06453798313369759	0.10099563893870676	0.08939212764068755	0.09680697470054637
UP000009082	0.019554415403828587	0.027808677837249062	0.027808677837249062	0.027808677837249062	0.027808677837249062	0.06587898587511622	0.027808677837249062	0.06587898587511622	0.06587898587511622	0.027808677837249062	0.06587898587511622	0.11220355634640385	0.023477063369550327	0.023477063369550327	0.023477063369550327	0.055617355674498124	0.055617355674498124	0.12149634154961433	0.05128574120679939	0.08342603351174717
UP000005206	0.013929906595244292	0.03158357104665983	0.03158357104665983	0.03158357104665983	0.03158357104665983	0.024921522431506055	0.03158357104665983	0.024921522431506055	0.024921522431506055	0.03158357104665983	0.024921522431506055	0.03591313826776782	0.0800530515582251	0.0800530515582251	0.0800530515582251	0.06316714209331965	0.06316714209331965	0.08808866452482571	0.11163662260488494	0.09475071313997949
UP000016927	0.01948881375468925	0.030134008029226656	0.030134008029226656	0.030134008029226656	0.030134008029226656	0.055168187166732476	0.030134008029226656	0.055168187166732476	0.055168187166732476	0.030134008029226656	0.055168187166732476	0.0908475605787757	0.032919640341311555	0.032919640341311555	0.032919640341311555	0.06026801605845331	0.06026801605845331	0.11543620322518577	0.0630536483705382	0.09040202408767996
UP000249829	0.010922320314034124	0.02960601630255718	0.02960601630255718	0.02960601630255718	0.02960601630255718	0.017307410347378913	0.02960601630255718	0.017307410347378913	0.017307410347378913	0.02960601630255718	0.017307410347378913	0.023692500380723697	0.10128796668185819	0.10128796668185819	0.10128796668185819	0.05921203260511436	0.05921203260511436	0.07651944295249327	0.1308939829844154	0.08881804890767156
UP000000559	0.019433498739777316	0.030332161290814383	0.030332161290814383	0.030332161290814383	0.030332161290814383	0.05408553714360789	0.030332161290814383	0.05408553714360789	0.05408553714360789	0.030332161290814383	0.05408553714360789	0.08873757554743845	0.03402166483542869	0.03402166483542869	0.03402166483542869	0.060664322581628766	0.060664322581628766	0.11474985972523664	0.06435382612624307	0.09099648387244315
UP000005221	0.018684023825074374	0.031583285263404544	0.031583285263404544	0.031583285263404544	0.031583285263404544	0.0457470264601413	0.031583285263404544	0.0457470264601413	0.0457470264601413	0.031583285263404544	0.0457470264601413	0.07281002909520824	0.04360956264113458	0.04360956264113458	0.04360956264113458	0.06316657052680909	0.06316657052680909	0.10891359698695038	0.07519284790453912	0.09474985579021362
UP000001312	0.017278374119388207	0.03224691344968889	0.03224691344968889	0.03224691344968889	0.03224691344968889	0.037223019727207006	0.03224691344968889	0.037223019727207006	0.037223019727207006	0.03224691344968889	0.037223019727207006	0.0571676653350258	0.05587206167863219	0.05587206167863219	0.05587206167863219	0.06449382689937778	0.06449382689937778	0.10171684662658478	0.08811897512832109	0.09674074034906668
UP000193067	0.008974317837391318	0.027726623766268704	0.027726623766268704	0.027726623766268704	0.027726623766268704	0.013269169945285736	0.027726623766268704	0.013269169945285736	0.013269169945285736	0.027726623766268704	0.013269169945285736	0.017564022053180153	0.11587245753067517	0.11587245753067517	0.11587245753067517	0.05545324753253741	0.05545324753253741	0.06872241747782314	0.14359908129694388	0.08317987129880611
UP000007963	0.01339582342207564	0.031314428544565565	0.031314428544565565	0.031314428544565565	0.031314428544565565	0.02341044698952075	0.031314428544565565	0.02341044698952075	0.02341044698952075	0.031314428544565565	0.02341044698952075	0.033425070556965863	0.08377400359007643	0.08377400359007643	0.08377400359007643	0.06262885708913113	0.06262885708913113	0.08603930407865189	0.11508843213464201	0.0939432856336967
UP000002038	0.015332852016424894	0.032102783013526905	0.032102783013526905	0.032102783013526905	0.032102783013526905	0.029351773799598097	0.032102783013526905	0.029351773799598097	0.029351773799598097	0.032102783013526905	0.029351773799598097	0.043370695582771304	0.0702232637965957	0.0702232637965957	0.0702232637965957	0.06420556602705381	0.06420556602705381	0.09355733982665192	0.10232604681012261	0.09630834904058072
UP000005222	0.01771093340435991	0.03214503734731094	0.03214503734731094	0.03214503734731094	0.03214503734731094	0.03944260190927306	0.03214503734731094	0.03944260190927306	0.03944260190927306	0.03214503734731094	0.03944260190927306	0.06117427041418621	0.05239529726952839	0.05239529726952839	0.05239529726952839	0.06429007469462188	0.06429007469462188	0.10373267660389493	0.08454033461683931	0.09643511204193282
UP000000560	0.014641387296784856	0.03188266319282756	0.03188266319282756	0.03188266319282756	0.03188266319282756	0.027074934748087823	0.03188266319282756	0.027074934748087823	0.027074934748087823	0.03188266319282756	0.027074934748087823	0.03950848219939079	0.07508821141953606	0.07508821141953606	0.07508821141953606	0.06376532638565512	0.06376532638565512	0.09084026113374294	0.10697087461236363	0.09564798957848267
UP000016930	0.013962596640231717	0.031598830489675496	0.031598830489675496	0.031598830489675496	0.031598830489675496	0.025016776722106657	0.031598830489675496	0.025016776722106657	0.025016776722106657	0.031598830489675496	0.025016776722106657	0.036070956803981605	0.07982531877761136	0.07982531877761136	0.07982531877761136	0.06319766097935099	0.06319766097935099	0.08821443770145765	0.11142414926728686	0.0947964914690265
UP000002058	0.015375360136318596	0.03211386470754807	0.03211386470754807	0.03211386470754807	0.03211386470754807	0.029498587113705076	0.03211386470754807	0.029498587113705076	0.029498587113705076	0.03211386470754807	0.029498587113705076	0.04362181409109156	0.06992201372082381	0.06992201372082381	0.06992201372082381	0.06422772941509614	0.06422772941509614	0.0937263165288012	0.10203587842837189	0.0963415941226442
UP000030143	0.015118216559383177	0.03204236693938057	0.03204236693938057	0.03204236693938057	0.03204236693938057	0.02862320598600412	0.03204236693938057	0.02862320598600412	0.02862320598600412	0.03204236693938057	0.02862320598600412	0.042128195412625066	0.07173992176697051	0.07173992176697051	0.07173992176697051	0.06408473387876114	0.06408473387876114	0.09270793986476526	0.1037822887063511	0.09612710081814171
UP000005426	0.01288987101153569	0.031025913215480545	0.031025913215480545	0.031025913215480545	0.031025913215480545	0.022051118698635155	0.031025913215480545	0.022051118698635155	0.022051118698635155	0.031025913215480545	0.022051118698635155	0.03121236638573462	0.08730688941546631	0.08730688941546631	0.08730688941546631	0.06205182643096109	0.06205182643096109	0.08410294512959625	0.11833280263094685	0.09307773964644164
UP000016932	0.014597006886002259	0.031866083282653425	0.031866083282653425	0.031866083282653425	0.031866083282653425	0.026935397494507334	0.031866083282653425	0.026935397494507334	0.026935397494507334	0.031866083282653425	0.026935397494507334	0.03927378810301241	0.07539872125399848	0.07539872125399848	0.07539872125399848	0.06373216656530685	0.06373216656530685	0.09066756405981417	0.10726480453665188	0.09559824984796025
UP000009096	0.01571420510877813	0.03219131089557871	0.03219131089557871	0.03219131089557871	0.03219131089557871	0.03070083233542151	0.03219131089557871	0.03070083233542151	0.03070083233542151	0.03219131089557871	0.03070083233542151	0.04568745956206489	0.06750829983069752	0.06750829983069752	0.06750829983069752	0.06438262179115742	0.06438262179115742	0.09508345412657893	0.09969961072627621	0.09657393268673613
UP000000561	0.014413111492382745	0.0317943769748295	0.0317943769748295	0.0317943769748295	0.0317943769748295	0.026364933015484662	0.0317943769748295	0.026364933015484662	0.026364933015484662	0.0317943769748295	0.026364933015484662	0.03831675453858658	0.07668385932358382	0.07668385932358382	0.07668385932358382	0.063588753949659	0.063588753949659	0.08995368696514366	0.10847823629841331	0.0953831309244885
UP000094112	0.01961693081870451	0.0284398119812429	0.0284398119812429	0.0284398119812429	0.0284398119812429	0.06323351905745203	0.0284398119812429	0.06323351905745203	0.06323351905745203	0.0284398119812429	0.06323351905745203	0.10685010729619956	0.02558209372448733	0.02558209372448733	0.02558209372448733	0.0568796239624858	0.0568796239624858	0.12011314301993782	0.054021905705730226	0.08531943594372869
UP000002059	0.015626790340468395	0.032173224132671076	0.032173224132671076	0.032173224132671076	0.032173224132671076	0.03038505060438285	0.032173224132671076	0.03038505060438285	0.03038505060438285	0.032173224132671076	0.03038505060438285	0.0451433108682973	0.06813326491164572	0.06813326491164572	0.06813326491164572	0.06434644826534215	0.06434644826534215	0.09473149886972501	0.10030648904431679	0.09651967239801323
UP000094389	0.018069314045786853	0.032003548959495115	0.032003548959495115	0.032003548959495115	0.032003548959495115	0.04150082012467927	0.032003548959495115	0.04150082012467927	0.04150082012467927	0.032003548959495115	0.04150082012467927	0.06493232620357167	0.049359368943830806	0.049359368943830806	0.049359368943830806	0.06400709791899023	0.06400709791899023	0.10550791804366949	0.08136291790332593	0.09601064687848536
UP000000591	0.014490523924015085	0.03182514848372109	0.03182514848372109	0.03182514848372109	0.03182514848372109	0.02660358024486192	0.03182514848372109	0.02660358024486192	0.02660358024486192	0.03182514848372109	0.02660358024486192	0.038716636565708756	0.07614314063660732	0.07614314063660732	0.07614314063660732	0.06365029696744218	0.06365029696744218	0.0902538772123041	0.1079682891203284	0.09547544545116327
UP000002149	0.015694334379053133	0.03218731793322462	0.03218731793322462	0.03218731793322462	0.03218731793322462	0.030628693028748787	0.03218731793322462	0.030628693028748787	0.030628693028748787	0.03218731793322462	0.030628693028748787	0.04556305167844444	0.06765051546679111	0.06765051546679111	0.06765051546679111	0.06437463586644925	0.06437463586644925	0.09500332889519804	0.09983783340001574	0.09656195379967386
UP000007978	0.015788779604280687	0.0322056666954055	0.0322056666954055	0.0322056666954055	0.0322056666954055	0.030973483014180906	0.0322056666954055	0.030973483014180906	0.030973483014180906	0.0322056666954055	0.030973483014180906	0.04615818642408112	0.0669737379435614	0.0669737379435614	0.0669737379435614	0.064411333390811	0.064411333390811	0.09538481640499191	0.0991794046389669	0.0966170000862165
UP000002258	0.01812413252813674	0.03197634068855221	0.03197634068855221	0.03197634068855221	0.03197634068855221	0.041837621099305604	0.03197634068855221	0.041837621099305604	0.041837621099305604	0.03197634068855221	0.041837621099305604	0.06555110967047446	0.048878800322006366	0.048878800322006366	0.048878800322006366	0.06395268137710441	0.06395268137710441	0.10579030247641003	0.08085514101055857	0.09592902206565664
UP000000598	0.0187618300265543	0.03150692338188235	0.03150692338188235	0.03150692338188235	0.03150692338188235	0.04638079335083306	0.03150692338188235	0.04638079335083306	0.04638079335083306	0.03150692338188235	0.04638079335083306	0.07399975667511181	0.0428059181085127	0.0428059181085127	0.0428059181085127	0.0630138467637647	0.0630138467637647	0.10939464011459776	0.07431284149039505	0.09452077014564707
UP000030651	0.015009940254482835	0.03200912811116578	0.03200912811116578	0.03200912811116578	0.03200912811116578	0.0282634149700159	0.03200912811116578	0.0282634149700159	0.0282634149700159	0.03200912811116578	0.0282634149700159	0.041516889685548966	0.07250251135780904	0.07250251135780904	0.07250251135780904	0.06401825622233157	0.06401825622233157	0.09228167119234747	0.10451163946897482	0.09602738433349735
UP000016933	0.014134070817909305	0.03167652530971263	0.03167652530971263	0.03167652530971263	0.03167652530971263	0.025521984520579504	0.03167652530971263	0.025521984520579504	0.025521984520579504	0.03167652530971263	0.025521984520579504	0.0369098982232497	0.07863042585013535	0.07863042585013535	0.07863042585013535	0.06335305061942526	0.06335305061942526	0.08887503514000475	0.11030695115984798	0.09502957592913787
UP000001471	0.014563617138525654	0.031853422118399026	0.031853422118399026	0.031853422118399026	0.031853422118399026	0.026830900916709227	0.031853422118399026	0.026830900916709227	0.026830900916709227	0.031853422118399026	0.026830900916709227	0.039098184694892804	0.07563223492216277	0.07563223492216277	0.07563223492216277	0.06370684423679805	0.06370684423679805	0.09053774515350728	0.10748565704056179	0.09556026635519707
UP000000599	0.019220027381450226	0.030862131909914787	0.030862131909914787	0.030862131909914787	0.030862131909914787	0.050950497730733096	0.030862131909914787	0.050950497730733096	0.050950497730733096	0.030862131909914787	0.050950497730733096	0.08268096808001596	0.03738810133155792	0.03738810133155792	0.03738810133155792	0.061724263819829574	0.061724263819829574	0.11267476155056266	0.06825023324147271	0.09258639572974436
UP000008062	0.014143458796484083	0.0316806642655062	0.0316806642655062	0.0316806642655062	0.0316806642655062	0.025549918456273718	0.0316806642655062	0.025549918456273718	0.025549918456273718	0.0316806642655062	0.025549918456273718	0.03695637811606335	0.07856498563949617	0.07856498563949617	0.07856498563949617	0.0633613285310124	0.0633613285310124	0.08891124698728611	0.11024564990500237	0.0950419927965186
UP000054270	0.016834174174757355	0.03229011186737083	0.03229011186737083	0.03229011186737083	0.03229011186737083	0.03516948490013003	0.03229011186737083	0.03516948490013003	0.03516948490013003	0.03229011186737083	0.03516948490013003	0.053504795625502706	0.059292953955289114	0.059292953955289114	0.059292953955289114	0.06458022373474166	0.06458022373474166	0.09974970863487169	0.09158306582265995	0.0968703356021125
UP000094569	0.015281456768664142	0.03208899014128399	0.03208899014128399	0.03208899014128399	0.03208899014128399	0.02917540038283952	0.03208899014128399	0.02917540038283952	0.02917540038283952	0.03208899014128399	0.02917540038283952	0.043069343997014904	0.07058708876489489	0.07058708876489489	0.07058708876489489	0.06417798028256798	0.06417798028256798	0.09335338066540749	0.10267607890617889	0.09626697042385197
UP000016934	0.014331816971028005	0.03176115567450401	0.03176115567450401	0.03176115567450401	0.03176115567450401	0.02611660015675395	0.03176115567450401	0.02611660015675395	0.02611660015675395	0.03176115567450401	0.02611660015675395	0.0379013833424799	0.07725132702766457	0.07725132702766457	0.07725132702766457	0.06352231134900801	0.06352231134900801	0.08963891150576196	0.1090124827021686	0.09528346702351202
UP000008066	0.013310402237283787	0.03126797575746751	0.03126797575746751	0.03126797575746751	0.03126797575746751	0.0231762567481485	0.03126797575746751	0.0231762567481485	0.0231762567481485	0.03126797575746751	0.0231762567481485	0.03304211125901321	0.08436964766087007	0.08436964766087007	0.08436964766087007	0.06253595151493502	0.06253595151493502	0.08571220826308351	0.11563762341833758	0.09380392727240253
UP000009097	0.015325198491461696	0.03210075630879521	0.03210075630879521	0.03210075630879521	0.03210075630879521	0.02932543093440476	0.03210075630879521	0.02932543093440476	0.02932543093440476	0.03210075630879521	0.02932543093440476	0.04332566337734783	0.07027747062961082	0.07027747062961082	0.07027747062961082	0.06420151261759043	0.06420151261759043	0.09352694355199517	0.10237822693840602	0.09630226892638562
UP000006564	0.015032786658494576	0.03201629283163376	0.03201629283163376	0.03201629283163376	0.03201629283163376	0.028338912756133126	0.03201629283163376	0.028338912756133126	0.028338912756133126	0.03201629283163376	0.028338912756133126	0.041645038853771674	0.07234173135023203	0.07234173135023203	0.07234173135023203	0.06403258566326751	0.06403258566326751	0.09237149841940064	0.10435802418186578	0.09604887849490125
UP000095358	0.01925139601928395	0.030798992929362345	0.030798992929362345	0.030798992929362345	0.030798992929362345	0.05134606052630697	0.030798992929362345	0.05134606052630697	0.05134606052630697	0.030798992929362345	0.05134606052630697	0.08344072503332998	0.03694842236151345	0.03694842236151345	0.03694842236151345	0.06159798585872469	0.06159798585872469	0.11294404638503165	0.06774741529087579	0.09239697878808703
UP000001610	0.013274262404292792	0.03124804433500954	0.03124804433500954	0.03124804433500954	0.03124804433500954	0.023077766366744308	0.03124804433500954	0.023077766366744308	0.023077766366744308	0.03124804433500954	0.023077766366744308	0.03288127032919582	0.0846217315181593	0.0846217315181593	0.0846217315181593	0.06249608867001908	0.06249608867001908	0.08557385503676337	0.11586977585316882	0.09374413300502862
UP000002311	0.018813379190104975	0.031452375887104436	0.031452375887104436	0.031452375887104436	0.031452375887104436	0.046817440353812856	0.031452375887104436	0.046817440353812856	0.046817440353812856	0.031452375887104436	0.046817440353812856	0.07482150151752075	0.042259975832409764	0.042259975832409764	0.042259975832409764	0.06290475177420887	0.06290475177420887	0.10972219212802171	0.07371235171951421	0.09435712766131331
UP000030669	0.01185981209622498	0.03034113811033566	0.03034113811033566	0.03034113811033566	0.03034113811033566	0.019470475035148992	0.03034113811033566	0.019470475035148992	0.019470475035148992	0.03034113811033566	0.019470475035148992	0.027081137974073	0.09456211624714664	0.09456211624714664	0.09456211624714664	0.06068227622067132	0.06068227622067132	0.0801527512558203	0.1249032543574823	0.09102341433100697
UP000001611	0.012372483636074178	0.030698103369666982	0.030698103369666982	0.030698103369666982	0.030698103369666982	0.020725726448611342	0.030698103369666982	0.020725726448611342	0.020725726448611342	0.030698103369666982	0.020725726448611342	0.029078969261148505	0.0909375652362622	0.0909375652362622	0.0909375652362622	0.061396206739333964	0.061396206739333964	0.0821219331879453	0.12163566860592918	0.09209431010900095
UP000016935	0.016069970595474832	0.03225056051294605	0.03225056051294605	0.03225056051294605	0.03225056051294605	0.03203007812286376	0.03225056051294605	0.03203007812286376	0.03203007812286376	0.03225056051294605	0.03203007812286376	0.04799018565025269	0.06494512123320424	0.06494512123320424	0.06494512123320424	0.0645011210258921	0.0645011210258921	0.09653119914875585	0.09719568174615029	0.09675168153883815
UP000008142	0.01617028493825239	0.03226289486034775	0.03226289486034775	0.03226289486034775	0.03226289486034775	0.03241861981060017	0.03226289486034775	0.03241861981060017	0.03241861981060017	0.03226289486034775	0.03241861981060017	0.04866695468294796	0.0642158358900587	0.0642158358900587	0.0642158358900587	0.0645257897206955	0.0645257897206955	0.09694440953129567	0.09647873075040646	0.09678868458104326
UP000009138	0.01866118288200437	0.03160444419892908	0.03160444419892908	0.03160444419892908	0.03160444419892908	0.04556628338401249	0.03160444419892908	0.04556628338401249	0.04556628338401249	0.03160444419892908	0.04556628338401249	0.0724713838860206	0.04384122728226185	0.04384122728226185	0.04384122728226185	0.06320888839785815	0.06320888839785815	0.10877517178187066	0.07544567148119094	0.09481333259678723
UP000006701	0.013944334681282543	0.03159032351487744	0.03159032351487744	0.03159032351487744	0.03159032351487744	0.024963522754972732	0.03159032351487744	0.024963522754972732	0.024963522754972732	0.03159032351487744	0.024963522754972732	0.035982710828662924	0.07995254111928794	0.07995254111928794	0.07995254111928794	0.06318064702975489	0.06318064702975489	0.08814416978472762	0.11154286463416539	0.09477097054463234
UP000054279	0.016388702657191473	0.032282652026618675	0.032282652026618675	0.032282652026618675	0.032282652026618675	0.0332875594827002	0.032282652026618675	0.0332875594827002	0.0332875594827002	0.032282652026618675	0.0332875594827002	0.05018641630820892	0.06261616279879997	0.06261616279879997	0.06261616279879997	0.06456530405323735	0.06456530405323735	0.09785286353593754	0.09489881482541865	0.09684795607985602
UP000054317	0.011973287669069113	0.030422891887370865	0.030422891887370865	0.030422891887370865	0.030422891887370865	0.019743623331016365	0.030422891887370865	0.019743623331016365	0.019743623331016365	0.030422891887370865	0.019743623331016365	0.027513958992963612	0.09375709162123791	0.09375709162123791	0.09375709162123791	0.06084578377474173	0.06084578377474173	0.08058940710575808	0.12417998350860877	0.0912686756621126
UP000217790	0.015363581392301881	0.03211082377708924	0.03211082377708924	0.03211082377708924	0.03211082377708924	0.029457820179476492	0.03211082377708924	0.029457820179476492	0.029457820179476492	0.03211082377708924	0.029457820179476492	0.043552058966651104	0.07000551957755918	0.07000551957755918	0.07000551957755918	0.06422164755417847	0.06422164755417847	0.09367946773365496	0.1021163433546484	0.09633247133126771
UP000002428	0.018512117402036662	0.03173009566815116	0.03173009566815116	0.03173009566815116	0.03173009566815116	0.04443881237817593	0.03173009566815116	0.04443881237817593	0.04443881237817593	0.03173009566815116	0.04443881237817593	0.07036550735431518	0.045311695665587494	0.045311695665587494	0.045311695665587494	0.06346019133630232	0.06346019133630232	0.10789900371447823	0.07704179133373866	0.09519028700445346
UP000009297	0.01568243364441484	0.03218489300289216	0.03218489300289216	0.03218489300289216	0.03218489300289216	0.030585589572209065	0.03218489300289216	0.030585589572209065	0.030585589572209065	0.03218489300289216	0.030585589572209065	0.045488745500003286	0.0677356462370655	0.0677356462370655	0.0677356462370655	0.06436978600578432	0.06436978600578432	0.09495537557799338	0.09992053923995768	0.0965546790086765
UP000001628	0.015532630387007274	0.032152251963974116	0.032152251963974116	0.032152251963974116	0.032152251963974116	0.03004936325135528	0.032152251963974116	0.03004936325135528	0.03004936325135528	0.032152251963974116	0.03004936325135528	0.04456609611570328	0.06880460645423178	0.06880460645423178	0.06880460645423178	0.06430450392794823	0.06430450392794823	0.09435386717930351	0.1009568584182059	0.09645675589192236
UP000016936	0.014195063037247158	0.03170320096974347	0.03170320096974347	0.03170320096974347	0.03170320096974347	0.025703986225327765	0.03170320096974347	0.025703986225327765	0.025703986225327765	0.03170320096974347	0.025703986225327765	0.03721290941340837	0.07820522022670254	0.07820522022670254	0.07820522022670254	0.06340640193948693	0.06340640193948693	0.0891103881648147	0.109908421196446	0.09510960290923041
UP000009328	0.01962929679021181	0.028743086503821135	0.028743086503821135	0.028743086503821135	0.028743086503821135	0.06190691176555515	0.028743086503821135	0.06190691176555515	0.06190691176555515	0.028743086503821135	0.06190691176555515	0.1041845267408985	0.026690558394993978	0.026690558394993978	0.026690558394993978	0.05748617300764227	0.05748617300764227	0.11939308477319742	0.05543364489881511	0.08622925951146342
UP000008177	0.01713044946508958	0.03226753476167115	0.03226753476167115	0.03226753476167115	0.03226753476167115	0.03651676414366636	0.03226753476167115	0.03651676414366636	0.03651676414366636	0.03226753476167115	0.03651676414366636	0.05590307882224314	0.05702552370189928	0.05702552370189928	0.05702552370189928	0.0645350695233423	0.0645350695233423	0.10105183366700866	0.08929305846357043	0.09680260428501346
UP000030671	0.014707340374411857	0.03190677407360026	0.03190677407360026	0.03190677407360026	0.03190677407360026	0.027283676588261273	0.03190677407360026	0.027283676588261273	0.027283676588261273	0.03190677407360026	0.027283676588261273	0.03986001280211069	0.07462646967614177	0.07462646967614177	0.07462646967614177	0.06381354814720051	0.06381354814720051	0.09109722473546178	0.10653324374974202	0.09572032222080078
UP000018087	0.014101931689529923	0.03166226523103758	0.03166226523103758	0.03166226523103758	0.03166226523103758	0.025426572927471608	0.03166226523103758	0.025426572927471608	0.025426572927471608	0.03166226523103758	0.025426572927471608	0.0367512141654133	0.07885443645277436	0.07885443645277436	0.07885443645277436	0.06332453046207516	0.06332453046207516	0.08875110338954678	0.11051670168381195	0.09498679569311276
UP000002485	0.018867325259432237	0.03139155133506042	0.03139155133506042	0.03139155133506042	0.03139155133506042	0.04729031605308532	0.03139155133506042	0.04729031605308532	0.04729031605308532	0.03139155133506042	0.04729031605308532	0.07571330684673841	0.041675741566859	0.041675741566859	0.041675741566859	0.06278310267012084	0.06278310267012084	0.11007341872320615	0.07306729290191943	0.09417465400518127
UP000006702	0.014273835064091162	0.03173689885013452	0.03173689885013452	0.03173689885013452	0.03173689885013452	0.025940881003630768	0.03173689885013452	0.025940881003630768	0.025940881003630768	0.03173689885013452	0.025940881003630768	0.037607926943170375	0.0776558628431081	0.0776558628431081	0.0776558628431081	0.06347379770026904	0.06347379770026904	0.0894146787038998	0.10939276169324262	0.09521069655040357
UP000001631	0.015475806975445112	0.032138861663999894	0.032138861663999894	0.032138861663999894	0.032138861663999894	0.02984895799833285	0.032138861663999894	0.02984895799833285	0.02984895799833285	0.032138861663999894	0.02984895799833285	0.04422210902122059	0.06920887684691793	0.06920887684691793	0.06920887684691793	0.06427772332799979	0.06427772332799979	0.09412668132633265	0.10134773851091783	0.09641658499199968
UP000054321	0.016826675773239614	0.032290380787003005	0.032290380787003005	0.032290380787003005	0.032290380787003005	0.03513645453102918	0.032290380787003005	0.03513645453102918	0.03513645453102918	0.032290380787003005	0.03513645453102918	0.05344623328881876	0.05934968142268688	0.05934968142268688	0.05934968142268688	0.06458076157400601	0.06458076157400601	0.0997172161050352	0.09164006220968988	0.09687114236100902
UP000008181	0.010047611080905662	0.02882263474824229	0.02882263474824229	0.02882263474824229	0.02882263474824229	0.015424674259194554	0.02882263474824229	0.015424674259194554	0.015424674259194554	0.02882263474824229	0.015424674259194554	0.020801737437483446	0.10771628105344039	0.10771628105344039	0.10771628105344039	0.05764526949648458	0.05764526949648458	0.07306994375567914	0.13653891580168268	0.08646790424472688
UP000000724	0.01486539754059728	0.031961950777173925	0.031961950777173925	0.031961950777173925	0.031961950777173925	0.027790812446288757	0.031961950777173925	0.027790812446288757	0.027790812446288757	0.031961950777173925	0.027790812446288757	0.04071622735198024	0.07351827511029897	0.07351827511029897	0.07351827511029897	0.06392390155434785	0.06392390155434785	0.0917147140006366	0.1054802258874729	0.09588585233152178
UP000030816	0.015188752368321156	0.032063033158013336	0.032063033158013336	0.032063033158013336	0.032063033158013336	0.028860339405506513	0.032063033158013336	0.028860339405506513	0.028860339405506513	0.032063033158013336	0.028860339405506513	0.042531926442691874	0.07124227340831024	0.07124227340831024	0.07124227340831024	0.06412606631602667	0.06412606631602667	0.09298640572153317	0.10330530656632358	0.09618909947404
UP000269793	0.014337420656480583	0.03176347525259129	0.03176347525259129	0.03176347525259129	0.03176347525259129	0.02613364394656227	0.03176347525259129	0.02613364394656227	0.02613364394656227	0.03176347525259129	0.02613364394656227	0.03792986723664396	0.07721222208315089	0.07721222208315089	0.07721222208315089	0.06352695050518258	0.06352695050518258	0.08966059445174485	0.10897569733574218	0.09529042575777387
UP000009882	0.014261443253822078	0.03173165437061967	0.03173165437061967	0.03173165437061967	0.03173165437061967	0.02590347564382732	0.03173165437061967	0.02590347564382732	0.02590347564382732	0.03173165437061967	0.02590347564382732	0.03754550803383256	0.07774230014082346	0.07774230014082346	0.07774230014082346	0.06346330874123934	0.06346330874123934	0.08936678438506666	0.10947395451144314	0.09519496311185902
UP000001640	0.019445800660801725	0.030291468909455683	0.030291468909455683	0.030291468909455683	0.030291468909455683	0.05431125612838596	0.030291468909455683	0.05431125612838596	0.05431125612838596	0.030291468909455683	0.05431125612838596	0.08917671159597021	0.03378942613750182	0.03378942613750182	0.03378942613750182	0.060582937818911366	0.060582937818911366	0.11489419394729732	0.0640808950469575	0.09087440672836704
UP000054361	0.013836040854665789	0.031538966530256486	0.031538966530256486	0.031538966530256486	0.031538966530256486	0.024649848133760806	0.031538966530256486	0.024649848133760806	0.024649848133760806	0.031538966530256486	0.024649848133760806	0.03546365541285582	0.08070689964489265	0.08070689964489265	0.08070689964489265	0.06307793306051297	0.06307793306051297	0.08772778119427377	0.11224586617514913	0.09461689959076945
UP000218811	0.010653759656300865	0.02937564741186778	0.02937564741186778	0.02937564741186778	0.02937564741186778	0.01671632109754624	0.02937564741186778	0.01671632109754624	0.01671632109754624	0.02937564741186778	0.01671632109754624	0.02277888253879162	0.10324384843182295	0.10324384843182295	0.10324384843182295	0.05875129482373556	0.05875129482373556	0.07546761592128179	0.13261949584369073	0.08812694223560334
UP000000741	0.01833151498236622	0.023723137036003344	0.023723137036003344	0.023723137036003344	0.023723137036003344	0.0806586659224114	0.023723137036003344	0.0806586659224114	0.0806586659224114	0.023723137036003344	0.0806586659224114	0.1429858168624566	0.01395478649176667	0.01395478649176667	0.01395478649176667	0.04744627407200669	0.04744627407200669	0.1281049399944181	0.03767792352777001	0.07116941110801003
UP000001742	0.019414608966954648	0.027008545473039526	0.027008545473039526	0.027008545473039526	0.027008545473039526	0.06904987271161873	0.027008545473039526	0.06904987271161873	0.06904987271161873	0.027008545473039526	0.06904987271161873	0.11868513645628281	0.021128540862509093	0.021128540862509093	0.021128540862509093	0.05401709094607905	0.05401709094607905	0.1230669636576978	0.04813708633554862	0.08102563641911859
UP000184304	0.01445528821781029	0.03181124725336248	0.03181124725336248	0.03181124725336248	0.03181124725336248	0.026494689614871555	0.03181124725336248	0.026494689614871555	0.026494689614871555	0.03181124725336248	0.026494689614871555	0.038534091011932815	0.07638930416052489	0.07638930416052489	0.07638930416052489	0.06362249450672496	0.06362249450672496	0.09011718412159649	0.10820055141388736	0.09543374176008741
UP000000819	0.01672003912698182	0.03229268056864227	0.03229268056864227	0.03229268056864227	0.03229268056864227	0.03467201660332155	0.03229268056864227	0.03467201660332155	0.03467201660332155	0.03229268056864227	0.03467201660332155	0.05262399407966129	0.060153248669618194	0.060153248669618194	0.060153248669618194	0.06458536113728454	0.06458536113728454	0.09925737774060611	0.09244592923826045	0.09687804170592682
UP000006706	0.014126679565558919	0.031673258237336584	0.031673258237336584	0.031673258237336584	0.031673258237336584	0.025500012183897903	0.031673258237336584	0.025500012183897903	0.025500012183897903	0.031673258237336584	0.025500012183897903	0.03687334480223689	0.07868194572883236	0.07868194572883236	0.07868194572883236	0.06334651647467317	0.06334651647467317	0.08884652865857107	0.11035520396616894	0.09501977471200974
UP000011064	0.013142461057622986	0.03117396019936377	0.03117396019936377	0.03117396019936377	0.03117396019936377	0.02272149169137104	0.03117396019936377	0.02272149169137104	0.02272149169137104	0.03117396019936377	0.02272149169137104	0.03230052232511909	0.08554154874264559	0.08554154874264559	0.08554154874264559	0.06234792039872754	0.06234792039872754	0.08506941209009858	0.11671550894200937	0.09352188059809133
UP000031176	0.014586674255705173	0.03186218235151689	0.03186218235151689	0.03186218235151689	0.03186218235151689	0.0269030162505109	0.03186218235151689	0.0269030162505109	0.0269030162505109	0.03186218235151689	0.0269030162505109	0.039219358245316624	0.07547099215553833	0.07547099215553833	0.07547099215553833	0.06372436470303378	0.06372436470303378	0.09062738095354468	0.10733317450705522	0.09558654705455068
UP000011185	0.017990355402366126	0.03203994762209248	0.03203994762209248	0.03203994762209248	0.03203994762209248	0.041026816706133964	0.03203994762209248	0.041026816706133964	0.041026816706133964	0.03203994762209248	0.041026816706133964	0.0640632780099018	0.050043280275895635	0.050043280275895635	0.050043280275895635	0.06407989524418496	0.06407989524418496	0.10510671195031891	0.08208322789798812	0.09611984286627745
UP000001743	0.013722999146221852	0.03148370836436286	0.03148370836436286	0.03148370836436286	0.03148370836436286	0.024326219054515413	0.03148370836436286	0.024326219054515413	0.024326219054515413	0.03148370836436286	0.024326219054515413	0.03492943896280897	0.0814942831971466	0.0814942831971466	0.0814942831971466	0.06296741672872572	0.06296741672872572	0.08729363578324112	0.11297799156150948	0.09445112509308856
UP000054383	0.01626867934129991	0.032273024149822055	0.032273024149822055	0.032273024149822055	0.032273024149822055	0.03280605907640188	0.032273024149822055	0.03280605907640188	0.03280605907640188	0.032273024149822055	0.03280605907640188	0.04934343881150385	0.06349730001700851	0.06349730001700851	0.06349730001700851	0.06454604829964411	0.06454604829964411	0.09735210737604598	0.09577032416683055	0.09681907244946616
UP000001744	0.01735897146204217	0.03223282529335736	0.03223282529335736	0.03223282529335736	0.03223282529335736	0.03761827302822878	0.03223282529335736	0.03761827302822878	0.03761827302822878	0.03223282529335736	0.03761827302822878	0.057877574594415386	0.055236721027170234	0.055236721027170234	0.055236721027170234	0.06446565058671472	0.06446565058671472	0.1020839236149435	0.0874695463205276	0.09669847588007209
UP000033540	0.014207044629970493	0.03170838153382664	0.03170838153382664	0.03170838153382664	0.03170838153382664	0.025739884562530218	0.03170838153382664	0.025739884562530218	0.025739884562530218	0.03170838153382664	0.025739884562530218	0.03727272449508994	0.07812167588026558	0.07812167588026558	0.07812167588026558	0.06341676306765329	0.06341676306765329	0.0891566476301835	0.10983005741409223	0.09512514460147993
UP000006753	0.012056635762630425	0.03048194800441533	0.03048194800441533	0.03048194800441533	0.03048194800441533	0.01994591676939058	0.03048194800441533	0.01994591676939058	0.01994591676939058	0.03048194800441533	0.01994591676939058	0.027835197776150733	0.0931668536359052	0.0931668536359052	0.0931668536359052	0.06096389600883066	0.06096389600883066	0.08090981277822124	0.12364880164032054	0.09144584401324599
UP000219338	0.01573685378999989	0.03219577634412039	0.03219577634412039	0.03219577634412039	0.03219577634412039	0.030783316667111794	0.03219577634412039	0.030783316667111794	0.030783316667111794	0.03219577634412039	0.030783316667111794	0.0458297795442237	0.06734609045607279	0.06734609045607279	0.06734609045607279	0.06439155268824077	0.06439155268824077	0.09517486935535258	0.09954186680019317	0.09658732903236117
UP000184499	0.014419016480771023	0.03179675399709768	0.03179675399709768	0.03179675399709768	0.03179675399709768	0.026383061632069545	0.03179675399709768	0.026383061632069545	0.026383061632069545	0.03179675399709768	0.026383061632069545	0.03834710678336807	0.07664262615548759	0.07664262615548759	0.07664262615548759	0.06359350799419536	0.06359350799419536	0.08997656962626492	0.10843938015258528	0.09539026199129305
UP000011976	0.012019737314019526	0.03045590738194572	0.03045590738194572	0.03045590738194572	0.03045590738194572	0.019856185153550903	0.03045590738194572	0.019856185153550903	0.019856185153550903	0.03045590738194572	0.019856185153550903	0.02769263299308228	0.09342804645350306	0.09342804645350306	0.09342804645350306	0.06091181476389144	0.06091181476389144	0.08076799991744234	0.12388395383544878	0.09136772214583715
