Proteome_ID	M	W	C	D	E	F	H	K	N	Q	Y	I	A	G	P	T	V	L	R	S
UP000006687	0.03028484815615307	0.03216715359718779	0.03216715359718779	0.03216715359718779	0.03216715359718779	0.03028484815615307	0.03216715359718779	0.03028484815615307	0.03028484815615307	0.03216715359718779	0.03028484815615307	0.03028484815615307	0.06833290133798098	0.06833290133798098	0.06833290133798098	0.12866861438875116	0.06433430719437558	0.03028484815615307	0.10050005493516877	0.09650146079156337
UP000007251	0.026431592514021145	0.031803085295734536	0.031803085295734536	0.031803085295734536	0.031803085295734536	0.026431592514021145	0.031803085295734536	0.026431592514021145	0.026431592514021145	0.031803085295734536	0.026431592514021145	0.026431592514021145	0.07653237191752485	0.07653237191752485	0.07653237191752485	0.12721234118293814	0.06360617059146907	0.026431592514021145	0.10833545721325938	0.0954092558872036
UP000006677	0.044829620988275753	0.03168779198601739	0.03168779198601739	0.03168779198601739	0.03168779198601739	0.044829620988275753	0.03168779198601739	0.044829620988275753	0.044829620988275753	0.03168779198601739	0.044829620988275753	0.044829620988275753	0.04479699532644782	0.04479699532644782	0.04479699532644782	0.12675116794406957	0.06337558397203479	0.044829620988275753	0.0764847873124652	0.09506337595805217
UP000007666	0.04633870682531389	0.031512098064195984	0.031512098064195984	0.031512098064195984	0.031512098064195984	0.04633870682531389	0.031512098064195984	0.04633870682531389	0.04633870682531389	0.031512098064195984	0.04633870682531389	0.04633870682531389	0.04285887079891674	0.04285887079891674	0.04285887079891674	0.12604839225678394	0.06302419612839197	0.04633870682531389	0.07437096886311274	0.09453629419258798
UP000099345	0.016942638439611826	0.029465458155846648	0.029465458155846648	0.029465458155846648	0.029465458155846648	0.016942638439611826	0.029465458155846648	0.016942638439611826	0.016942638439611826	0.029465458155846648	0.016942638439611826	0.016942638439611826	0.10248855010729269	0.10248855010729269	0.10248855010729269	0.11786183262338659	0.058930916311693296	0.016942638439611826	0.13195400826313933	0.08839637446753996
UP000007699	0.041369001243493186	0.03201389484559672	0.03201389484559672	0.03201389484559672	0.03201389484559672	0.041369001243493186	0.03201389484559672	0.041369001243493186	0.041369001243493186	0.03201389484559672	0.041369001243493186	0.041369001243493186	0.04954866844150008	0.04954866844150008	0.04954866844150008	0.12805557938238687	0.06402778969119344	0.041369001243493186	0.0815625632870968	0.09604168453679017
UP000002135	0.032160695967014374	0.03225495268695897	0.03225495268695897	0.03225495268695897	0.03225495268695897	0.032160695967014374	0.03225495268695897	0.032160695967014374	0.032160695967014374	0.03225495268695897	0.032160695967014374	0.032160695967014374	0.06469897130988894	0.06469897130988894	0.06469897130988894	0.1290198107478359	0.06450990537391794	0.032160695967014374	0.09695392399684792	0.09676485806087692
UP000008222	0.04428334303603926	0.031746550350120695	0.031746550350120695	0.031746550350120695	0.031746550350120695	0.04428334303603926	0.031746550350120695	0.04428334303603926	0.04428334303603926	0.031746550350120695	0.04428334303603926	0.04428334303603926	0.04551794828644855	0.04551794828644855	0.04551794828644855	0.12698620140048278	0.06349310070024139	0.04428334303603926	0.07726449863656924	0.09523965105036207
UP000008623	0.028571437662923645	0.03203772492105574	0.03203772492105574	0.03203772492105574	0.03203772492105574	0.028571437662923645	0.03203772492105574	0.028571437662923645	0.028571437662923645	0.03203772492105574	0.028571437662923645	0.028571437662923645	0.07184908440566064	0.07184908440566064	0.07184908440566064	0.12815089968422297	0.06407544984211148	0.028571437662923645	0.10388680932671639	0.09611317476316722
UP000172353	0.08976196294499958	0.020815596338484257	0.020815596338484257	0.020815596338484257	0.020815596338484257	0.08976196294499958	0.020815596338484257	0.08976196294499958	0.08976196294499958	0.020815596338484257	0.08976196294499958	0.08976196294499958	0.009654179492313713	0.009654179492313713	0.009654179492313713	0.08326238535393703	0.04163119267696851	0.08976196294499958	0.03046977583079797	0.06244678901545276
UP000163220	0.057514730814756186	0.0296795028502704	0.0296795028502704	0.0296795028502704	0.0296795028502704	0.057514730814756186	0.0296795028502704	0.057514730814756186	0.057514730814756186	0.0296795028502704	0.057514730814756186	0.057514730814756186	0.03063120967309505	0.03063120967309505	0.03063120967309505	0.1187180114010816	0.0593590057005408	0.057514730814756186	0.06031071252336545	0.08903850855081119
UP000000360	0.032662828203202515	0.03226952943672386	0.03226952943672386	0.03226952943672386	0.03226952943672386	0.032662828203202515	0.03226952943672386	0.032662828203202515	0.032662828203202515	0.03226952943672386	0.032662828203202515	0.032662828203202515	0.06376193289750019	0.06376193289750019	0.06376193289750019	0.12907811774689543	0.06453905887344771	0.032662828203202515	0.09603146233422404	0.09680858831017157
UP000004993	0.036127592032308684	0.032276350597449155	0.032276350597449155	0.032276350597449155	0.032276350597449155	0.036127592032308684	0.032276350597449155	0.036127592032308684	0.036127592032308684	0.032276350597449155	0.036127592032308684	0.036127592032308684	0.057671311553663174	0.057671311553663174	0.057671311553663174	0.12910540238979662	0.06455270119489831	0.036127592032308684	0.08994766215111234	0.09682905179234746
UP000008865	0.03284254212446915	0.032273867767418585	0.032273867767418585	0.032273867767418585	0.032273867767418585	0.03284254212446915	0.032273867767418585	0.03284254212446915	0.03284254212446915	0.032273867767418585	0.03284254212446915	0.03284254212446915	0.06343008021250464	0.06343008021250464	0.06343008021250464	0.12909547106967434	0.06454773553483717	0.03284254212446915	0.09570394797992322	0.09682160330225577
UP000009108	0.04419652534625205	0.031755645622501334	0.031755645622501334	0.031755645622501334	0.031755645622501334	0.04419652534625205	0.031755645622501334	0.04419652534625205	0.04419652534625205	0.031755645622501334	0.04419652534625205	0.04419652534625205	0.0456334981540536	0.0456334981540536	0.0456334981540536	0.12702258249000534	0.06351129124500267	0.04419652534625205	0.07738914377655493	0.095266936867504
UP000000396	0.04152435347454374	0.03200168392550132	0.03200168392550132	0.03200168392550132	0.03200168392550132	0.04152435347454374	0.03200168392550132	0.04152435347454374	0.04152435347454374	0.03200168392550132	0.04152435347454374	0.04152435347454374	0.04932564571754321	0.04932564571754321	0.04932564571754321	0.12800673570200527	0.06400336785100263	0.04152435347454374	0.08132732964304451	0.09600505177650394
UP000007661	0.03685903975226941	0.032258277690366474	0.032258277690366474	0.032258277690366474	0.032258277690366474	0.03685903975226941	0.032258277690366474	0.03685903975226941	0.03685903975226941	0.032258277690366474	0.03685903975226941	0.03685903975226941	0.056463569672062654	0.056463569672062654	0.056463569672062654	0.1290331107614659	0.06451655538073295	0.03685903975226941	0.08872184736242913	0.09677483307109944
UP000007068	0.04131157484758102	0.03201834832840519	0.03201834832840519	0.03201834832840519	0.03201834832840519	0.04131157484758102	0.03201834832840519	0.04131157484758102	0.04131157484758102	0.03201834832840519	0.04131157484758102	0.04131157484758102	0.04963135070311248	0.04963135070311248	0.04963135070311248	0.12807339331362075	0.06403669665681037	0.04131157484758102	0.08164969903151767	0.09605504498521557
UP000134285	0.03850360754698486	0.03219481476666819	0.03219481476666819	0.03219481476666819	0.03219481476666819	0.03850360754698486	0.03219481476666819	0.03850360754698486	0.03850360754698486	0.03219481476666819	0.03850360754698486	0.03850360754698486	0.0538394277261037	0.0538394277261037	0.0538394277261037	0.12877925906667276	0.06438962953333638	0.03850360754698486	0.0860342424927719	0.09658444430000458
UP000006372	0.04287825761185059	0.031885372071705116	0.031885372071705116	0.031885372071705116	0.031885372071705116	0.04287825761185059	0.031885372071705116	0.04287825761185059	0.04287825761185059	0.031885372071705116	0.04287825761185059	0.04287825761185059	0.047421560892441025	0.047421560892441025	0.047421560892441025	0.12754148828682046	0.06377074414341023	0.04287825761185059	0.07930693296414615	0.09565611621511536
UP000009089	0.04745858198287407	0.031369473767203934	0.031369473767203934	0.031369473767203934	0.031369473767203934	0.04745858198287407	0.031369473767203934	0.04745858198287407	0.04745858198287407	0.031369473767203934	0.04745858198287407	0.04745858198287407	0.04146958646115463	0.04146958646115463	0.04146958646115463	0.12547789506881574	0.06273894753440787	0.04745858198287407	0.07283906022835857	0.09410842130161179
UP000002317	0.038118905269140815	0.032212414397187916	0.032212414397187916	0.032212414397187916	0.032212414397187916	0.038118905269140815	0.032212414397187916	0.038118905269140815	0.038118905269140815	0.032212414397187916	0.038118905269140815	0.038118905269140815	0.05444225819025191	0.05444225819025191	0.05444225819025191	0.12884965758875166	0.06442482879437583	0.038118905269140815	0.08665467258743982	0.09663724319156375
UP000000862	0.04399599189556095	0.03177639687372889	0.03177639687372889	0.03177639687372889	0.03177639687372889	0.04399599189556095	0.03177639687372889	0.04399599189556095	0.04399599189556095	0.03177639687372889	0.04399599189556095	0.04399599189556095	0.045901426687852756	0.045901426687852756	0.045901426687852756	0.12710558749491557	0.06355279374745779	0.04399599189556095	0.07767782356158166	0.09532919062118668
UP000000344	0.05710395203416508	0.029761470727199892	0.029761470727199892	0.029761470727199892	0.029761470727199892	0.05710395203416508	0.029761470727199892	0.05710395203416508	0.05710395203416508	0.029761470727199892	0.05710395203416508	0.05710395203416508	0.031022201031411567	0.031022201031411567	0.031022201031411567	0.11904588290879957	0.059522941454399785	0.05710395203416508	0.060783671758611456	0.08928441218159969
UP000125273	0.016226118456545428	0.0291740541432246	0.0291740541432246	0.0291740541432246	0.0291740541432246	0.016226118456545428	0.0291740541432246	0.016226118456545428	0.016226118456545428	0.0291740541432246	0.016226118456545428	0.016226118456545428	0.10490807612814712	0.10490807612814712	0.10490807612814712	0.1166962165728984	0.0583481082864492	0.016226118456545428	0.1340821302713717	0.0875221624296738
UP000000470	0.03545999418618309	0.032287150932511055	0.032287150932511055	0.032287150932511055	0.032287150932511055	0.03545999418618309	0.032287150932511055	0.03545999418618309	0.03545999418618309	0.032287150932511055	0.03545999418618309	0.03545999418618309	0.058796406444135384	0.058796406444135384	0.058796406444135384	0.12914860373004422	0.06457430186502211	0.03545999418618309	0.09108355737664646	0.09686145279753317
UP000008687	0.03849288377212062	0.03219532765066065	0.03219532765066065	0.03219532765066065	0.03219532765066065	0.03849288377212062	0.03219532765066065	0.03849288377212062	0.03849288377212062	0.03219532765066065	0.03849288377212062	0.03849288377212062	0.05385614279614626	0.05385614279614626	0.05385614279614626	0.1287813106026426	0.0643906553013213	0.03849288377212062	0.08605147044680692	0.09658598295198198
UP000008226	0.045116111853245724	0.03165593335365259	0.03165593335365259	0.03165593335365259	0.03165593335365259	0.045116111853245724	0.03165593335365259	0.045116111853245724	0.045116111853245724	0.03165593335365259	0.045116111853245724	0.045116111853245724	0.044423070842209644	0.044423070842209644	0.044423070842209644	0.12662373341461036	0.06331186670730518	0.045116111853245724	0.07607900419586222	0.09496780006095776
UP000009116	0.04828258806792257	0.03125812193209823	0.03125812193209823	0.03125812193209823	0.03125812193209823	0.04828258806792257	0.03125812193209823	0.04828258806792257	0.04828258806792257	0.03125812193209823	0.04828258806792257	0.04828258806792257	0.040472983152742587	0.040472983152742587	0.040472983152742587	0.12503248772839293	0.06251624386419646	0.04828258806792257	0.07173110508484083	0.09377436579629468
UP000002241	0.0409227612385518	0.03204763826181009	0.03204763826181009	0.03204763826181009	0.03204763826181009	0.0409227612385518	0.03204763826181009	0.0409227612385518	0.0409227612385518	0.03204763826181009	0.0409227612385518	0.0409227612385518	0.05019461478529399	0.05019461478529399	0.05019461478529399	0.12819055304724036	0.06409527652362018	0.0409227612385518	0.08224225304710406	0.09614291478543024
UP000006674	0.05236062041406202	0.030632041147222653	0.030632041147222653	0.030632041147222653	0.030632041147222653	0.05236062041406202	0.030632041147222653	0.05236062041406202	0.05236062041406202	0.030632041147222653	0.05236062041406202	0.05236062041406202	0.03584074968650085	0.03584074968650085	0.03584074968650085	0.12252816458889061	0.061264082294445306	0.05236062041406202	0.06647279083372351	0.09189612344166796
UP000006716	0.04936214246654372	0.031104281878824604	0.031104281878824604	0.031104281878824604	0.031104281878824604	0.04936214246654372	0.031104281878824604	0.04936214246654372	0.04936214246654372	0.031104281878824604	0.04936214246654372	0.04936214246654372	0.03919912316825004	0.03919912316825004	0.03919912316825004	0.12441712751529842	0.06220856375764921	0.04936214246654372	0.07030340504707465	0.0933128456364738
UP000001795	0.035984299514906934	0.032279132612482345	0.032279132612482345	0.032279132612482345	0.032279132612482345	0.035984299514906934	0.032279132612482345	0.035984299514906934	0.035984299514906934	0.032279132612482345	0.035984299514906934	0.035984299514906934	0.057910945398983456	0.057910945398983456	0.057910945398983456	0.12911653044992938	0.06455826522496469	0.035984299514906934	0.09019007801146581	0.09683739783744702
UP000007453	0.03901592934088125	0.032168840872990594	0.032168840872990594	0.032168840872990594	0.032168840872990594	0.03901592934088125	0.032168840872990594	0.03901592934088125	0.03901592934088125	0.032168840872990594	0.03901592934088125	0.03901592934088125	0.053046760161495426	0.053046760161495426	0.053046760161495426	0.12867536349196237	0.06433768174598119	0.03901592934088125	0.08521560103448603	0.09650652261897177
UP000140422	0.027416812269678858	0.03192172270624306	0.03192172270624306	0.03192172270624306	0.03192172270624306	0.027416812269678858	0.03192172270624306	0.027416812269678858	0.027416812269678858	0.03192172270624306	0.027416812269678858	0.027416812269678858	0.07433368770308976	0.07433368770308976	0.07433368770308976	0.12768689082497223	0.06384344541248611	0.027416812269678858	0.10625541040933281	0.09576516811872919
UP000009190	0.020355134004886758	0.030597620441320143	0.030597620441320143	0.030597620441320143	0.030597620441320143	0.020355134004886758	0.030597620441320143	0.020355134004886758	0.020355134004886758	0.030597620441320143	0.020355134004886758	0.020355134004886758	0.09198803372616762	0.09198803372616762	0.09198803372616762	0.12239048176528057	0.061195240882640285	0.020355134004886758	0.12258565416748776	0.09179286132396043
UP000007225	0.02820233358361428	0.03200325710692681	0.03200325710692681	0.03200325710692681	0.03200325710692681	0.02820233358361428	0.03200325710692681	0.02820233358361428	0.02820233358361428	0.03200325710692681	0.02820233358361428	0.02820233358361428	0.0726328878009678	0.0726328878009678	0.0726328878009678	0.12801302842770723	0.06400651421385362	0.02820233358361428	0.10463614490789461	0.09600977132078042
UP000008479	0.03575478863905741	0.03228306254475156	0.03228306254475156	0.03228306254475156	0.03228306254475156	0.03575478863905741	0.03228306254475156	0.03575478863905741	0.03575478863905741	0.03228306254475156	0.03575478863905741	0.03575478863905741	0.05829686970264332	0.05829686970264332	0.05829686970264332	0.12913225017900623	0.06456612508950312	0.03575478863905741	0.09057993224739488	0.09684918763425467
UP000002242	0.03497626242644675	0.03229148742421574	0.03229148742421574	0.03229148742421574	0.03229148742421574	0.03497626242644675	0.03229148742421574	0.03497626242644675	0.03497626242644675	0.03229148742421574	0.03497626242644675	0.03497626242644675	0.059625591056855276	0.059625591056855276	0.059625591056855276	0.12916594969686296	0.06458297484843148	0.03497626242644675	0.091917078481071	0.09687446227264722
UP000007544	0.039918586529531834	0.03211619680467376	0.03211619680467376	0.03211619680467376	0.03211619680467376	0.039918586529531834	0.03211619680467376	0.039918586529531834	0.039918586529531834	0.03211619680467376	0.039918586529531834	0.039918586529531834	0.05167768635462424	0.05167768635462424	0.05167768635462424	0.12846478721869503	0.06423239360934752	0.039918586529531834	0.08379388315929802	0.09634859041402129
UP000007711	0.05400136272205229	0.03034725159517505	0.03034725159517505	0.03034725159517505	0.03034725159517505	0.05400136272205229	0.03034725159517505	0.05400136272205229	0.05400136272205229	0.03034725159517505	0.05400136272205229	0.05400136272205229	0.0341086088557083	0.0341086088557083	0.0341086088557083	0.1213890063807002	0.0606945031903501	0.05400136272205229	0.06445586045088335	0.09104175478552515
UP000009246	0.05773239983101929	0.0296356648588804	0.0296356648588804	0.0296356648588804	0.0296356648588804	0.05773239983101929	0.0296356648588804	0.05773239983101929	0.05773239983101929	0.0296356648588804	0.05773239983101929	0.05773239983101929	0.03042564086019468	0.03042564086019468	0.03042564086019468	0.1185426594355216	0.0592713297177608	0.05773239983101929	0.06006130571907508	0.08890699457664118
UP000002665	0.03305932305599337	0.03227849323070417	0.03227849323070417	0.03227849323070417	0.03227849323070417	0.03305932305599337	0.03227849323070417	0.03305932305599337	0.03305932305599337	0.03227849323070417	0.03305932305599337	0.03305932305599337	0.06303221172919493	0.06303221172919493	0.06303221172919493	0.12911397292281668	0.06455698646140834	0.03305932305599337	0.0953107049598991	0.09683547969211251
UP000002092	0.031251147229639266	0.03221910311728297	0.03221910311728297	0.03221910311728297	0.03221910311728297	0.031251147229639266	0.03221910311728297	0.031251147229639266	0.031251147229639266	0.03221910311728297	0.031251147229639266	0.031251147229639266	0.0664340798789994	0.0664340798789994	0.0664340798789994	0.12887641246913187	0.06443820623456593	0.031251147229639266	0.09865318299628237	0.0966573093518489
UP000007016	0.043594501349447826	0.03181685546880173	0.03181685546880173	0.03181685546880173	0.03181685546880173	0.043594501349447826	0.03181685546880173	0.043594501349447826	0.043594501349447826	0.03181685546880173	0.043594501349447826	0.043594501349447826	0.04644220076325937	0.04644220076325937	0.04644220076325937	0.12726742187520693	0.06363371093760346	0.043594501349447826	0.0782590562320611	0.09545056640640519
UP000009115	0.03351522606328978	0.03228608133383114	0.03228608133383114	0.03228608133383114	0.03228608133383114	0.03351522606328978	0.03228608133383114	0.03351522606328978	0.03351522606328978	0.03228608133383114	0.03351522606328978	0.03351522606328978	0.062204029053918336	0.062204029053918336	0.062204029053918336	0.12914432533532455	0.06457216266766228	0.03351522606328978	0.09449011038774947	0.09685824400149338
UP000002131	0.016979511955347623	0.029479900144878928	0.029479900144878928	0.029479900144878928	0.029479900144878928	0.016979511955347623	0.029479900144878928	0.016979511955347623	0.016979511955347623	0.029479900144878928	0.016979511955347623	0.016979511955347623	0.10236625349862596	0.10236625349862596	0.10236625349862596	0.11791960057951571	0.058959800289757856	0.016979511955347623	0.1318461536435049	0.08843970043463678
UP000009294	0.013785123611460826	0.028010739288538145	0.028010739288538145	0.028010739288538145	0.028010739288538145	0.013785123611460826	0.028010739288538145	0.013785123611460826	0.013785123611460826	0.028010739288538145	0.013785123611460826	0.013785123611460826	0.113833076525791	0.113833076525791	0.113833076525791	0.11204295715415258	0.05602147857707629	0.013785123611460826	0.14184381581432912	0.08403221786561442
UP000008446	0.053224217788078725	0.03048438029720726	0.03048438029720726	0.03048438029720726	0.03048438029720726	0.053224217788078725	0.03048438029720726	0.053224217788078725	0.053224217788078725	0.03048438029720726	0.053224217788078725	0.053224217788078725	0.03492009768203318	0.03492009768203318	0.03492009768203318	0.12193752118882904	0.06096876059441452	0.053224217788078725	0.06540447797924043	0.09145314089162178
UP000002326	0.04354014513157848	0.031822220616898225	0.031822220616898225	0.031822220616898225	0.031822220616898225	0.04354014513157848	0.031822220616898225	0.04354014513157848	0.04354014513157848	0.031822220616898225	0.04354014513157848	0.04354014513157848	0.04651586355214475	0.04651586355214475	0.04651586355214475	0.1272888824675929	0.06364444123379645	0.04354014513157848	0.07833808416904298	0.09546666185069468
UP000007219	0.030673666771947328	0.032189816870370605	0.032189816870370605	0.032189816870370605	0.032189816870370605	0.030673666771947328	0.032189816870370605	0.030673666771947328	0.030673666771947328	0.032189816870370605	0.030673666771947328	0.030673666771947328	0.06756181566760977	0.06756181566760977	0.06756181566760977	0.12875926748148242	0.06437963374074121	0.030673666771947328	0.09975163253798036	0.0965694506111118
UP000006540	0.042118724151267876	0.03195278781132682	0.03195278781132682	0.03195278781132682	0.03195278781132682	0.042118724151267876	0.03195278781132682	0.042118724151267876	0.042118724151267876	0.03195278781132682	0.042118724151267876	0.042118724151267876	0.048481081489973946	0.048481081489973946	0.048481081489973946	0.1278111512453073	0.06390557562265364	0.042118724151267876	0.08043386930130077	0.09585836343398046
UP000000840	0.03487564344541719	0.03229201427683506	0.03229201427683506	0.03229201427683506	0.03229201427683506	0.03487564344541719	0.03229201427683506	0.03487564344541719	0.03487564344541719	0.03229201427683506	0.03487564344541719	0.03487564344541719	0.059799566863179686	0.059799566863179686	0.059799566863179686	0.12916805710734025	0.06458402855367013	0.03487564344541719	0.09209158114001474	0.0968760428305052
UP000201106	0.037763043358331964	0.03222721560855501	0.03222721560855501	0.03222721560855501	0.03222721560855501	0.037763043358331964	0.03222721560855501	0.037763043358331964	0.037763043358331964	0.03222721560855501	0.037763043358331964	0.037763043358331964	0.055005811688699	0.055005811688699	0.055005811688699	0.12890886243422003	0.06445443121711002	0.037763043358331964	0.08723302729725402	0.09668164682566503
UP000008920	0.04155045800600798	0.03199960875680758	0.03199960875680758	0.03199960875680758	0.03199960875680758	0.04155045800600798	0.03199960875680758	0.04155045800600798	0.04155045800600798	0.03199960875680758	0.04155045800600798	0.04155045800600798	0.0492882634622557	0.0492882634622557	0.0492882634622557	0.12799843502723032	0.06399921751361516	0.04155045800600798	0.08128787221906328	0.09599882627042275
UP000009253	0.04607362808431471	0.03154435250746446	0.03154435250746446	0.03154435250746446	0.03154435250746446	0.04607362808431471	0.03154435250746446	0.04607362808431471	0.04607362808431471	0.03154435250746446	0.04607362808431471	0.04607362808431471	0.0431937408225914	0.0431937408225914	0.0431937408225914	0.12617741002985783	0.06308870501492891	0.04607362808431471	0.07473809333005586	0.09463305752239336
UP000008286	0.05171753107605087	0.03073869526302946	0.03073869526302946	0.03073869526302946	0.03073869526302946	0.05171753107605087	0.03073869526302946	0.05171753107605087	0.05171753107605087	0.03073869526302946	0.05171753107605087	0.05171753107605087	0.03653953956479314	0.03653953956479314	0.03653953956479314	0.12295478105211784	0.06147739052605892	0.05171753107605087	0.0672782348278226	0.09221608578908837
UP000007908	0.0351760811891418	0.03229005649948583	0.03229005649948583	0.03229005649948583	0.03229005649948583	0.0351760811891418	0.03229005649948583	0.0351760811891418	0.0351760811891418	0.03229005649948583	0.0351760811891418	0.0351760811891418	0.05928163192105852	0.05928163192105852	0.05928163192105852	0.12916022599794333	0.06458011299897166	0.0351760811891418	0.09157168842054436	0.09687016949845749
UP000007670	0.03495311091497966	0.032291620177514246	0.032291620177514246	0.032291620177514246	0.032291620177514246	0.03495311091497966	0.032291620177514246	0.03495311091497966	0.03495311091497966	0.032291620177514246	0.03495311091497966	0.03495311091497966	0.05966557518872862	0.05966557518872862	0.05966557518872862	0.12916648071005699	0.06458324035502849	0.03495311091497966	0.09195719536624287	0.09687486053254273
UP000002501	0.049949092518445815	0.03101695311324327	0.03101695311324327	0.03101695311324327	0.03101695311324327	0.049949092518445815	0.03101695311324327	0.049949092518445815	0.049949092518445815	0.03101695311324327	0.049949092518445815	0.049949092518445815	0.038521275639746735	0.038521275639746735	0.038521275639746735	0.12406781245297308	0.06203390622648654	0.049949092518445815	0.06953822875299	0.09305085933972981
UP000008167	0.02551055066978431	0.03167482646596162	0.03167482646596162	0.03167482646596162	0.03167482646596162	0.02551055066978431	0.03167482646596162	0.02551055066978431	0.02551055066978431	0.03167482646596162	0.02551055066978431	0.02551055066978431	0.07865723046403102	0.07865723046403102	0.07865723046403102	0.12669930586384648	0.06334965293192324	0.02551055066978431	0.11033205692999264	0.09502447939788486
UP000110594	0.00839193109706041	0.024131821001594774	0.024131821001594774	0.024131821001594774	0.024131821001594774	0.00839193109706041	0.024131821001594774	0.00839193109706041	0.00839193109706041	0.024131821001594774	0.00839193109706041	0.00839193109706041	0.1387868365737652	0.1387868365737652	0.1387868365737652	0.0965272840063791	0.04826364200318955	0.00839193109706041	0.16291865757535998	0.07239546300478433
UP000008447	0.039423108683600244	0.03214616735531817	0.03214616735531817	0.03214616735531817	0.03214616735531817	0.039423108683600244	0.03214616735531817	0.039423108683600244	0.039423108683600244	0.03214616735531817	0.039423108683600244	0.039423108683600244	0.05242489038242693	0.05242489038242693	0.05242489038242693	0.12858466942127267	0.06429233471063633	0.039423108683600244	0.0845710577377451	0.09643850206595449
UP000002325	0.038344008942100404	0.03220231623137362	0.03220231623137362	0.03220231623137362	0.03220231623137362	0.038344008942100404	0.03220231623137362	0.038344008942100404	0.038344008942100404	0.03220231623137362	0.038344008942100404	0.038344008942100404	0.05408871942582981	0.05408871942582981	0.05408871942582981	0.1288092649254945	0.06440463246274725	0.038344008942100404	0.08629103565720342	0.09660694869412086
UP000006541	0.033417066657705656	0.03228469036000202	0.03228469036000202	0.03228469036000202	0.03228469036000202	0.033417066657705656	0.03228469036000202	0.033417066657705656	0.033417066657705656	0.03228469036000202	0.033417066657705656	0.033417066657705656	0.06238137190900701	0.06238137190900701	0.06238137190900701	0.12913876144000808	0.06456938072000404	0.033417066657705656	0.09466606226900903	0.09685407108000606
UP000138352	0.044782812500972026	0.03169292940166437	0.03169292940166437	0.03169292940166437	0.03169292940166437	0.044782812500972026	0.03169292940166437	0.044782812500972026	0.044782812500972026	0.03169292940166437	0.044782812500972026	0.044782812500972026	0.04485836051664151	0.04485836051664151	0.04485836051664151	0.12677171760665748	0.06338585880332874	0.044782812500972026	0.07655128991830586	0.0950787882049931
UP000006711	0.02117574410390136	0.03081482744788973	0.03081482744788973	0.03081482744788973	0.03081482744788973	0.02117574410390136	0.03081482744788973	0.02117574410390136	0.02117574410390136	0.03081482744788973	0.02117574410390136	0.02117574410390136	0.08968313802661368	0.08968313802661368	0.08968313802661368	0.12325930979155891	0.06162965489577946	0.02117574410390136	0.12049796547450341	0.09244448234366918
UP000008622	0.05569980840042431	0.030033992588646134	0.030033992588646134	0.030033992588646134	0.030033992588646134	0.05569980840042431	0.030033992588646134	0.05569980840042431	0.05569980840042431	0.030033992588646134	0.05569980840042431	0.05569980840042431	0.032389364944672934	0.032389364944672934	0.032389364944672934	0.12013597035458454	0.06006798517729227	0.05569980840042431	0.06242335753331907	0.0901019777659384
UP000001189	0.024731264327353834	0.03155250305119777	0.03155250305119777	0.03155250305119777	0.03155250305119777	0.024731264327353834	0.03155250305119777	0.024731264327353834	0.024731264327353834	0.03155250305119777	0.024731264327353834	0.024731264327353834	0.08051027522233971	0.08051027522233971	0.08051027522233971	0.12621001220479108	0.06310500610239554	0.024731264327353834	0.11206277827353747	0.0946575091535933
UP000516359	0.058194028889466204	0.02954177757506559	0.02954177757506559	0.02954177757506559	0.02954177757506559	0.058194028889466204	0.02954177757506559	0.058194028889466204	0.058194028889466204	0.02954177757506559	0.058194028889466204	0.058194028889466204	0.029993339143171784	0.029993339143171784	0.029993339143171784	0.11816711030026236	0.05908355515013118	0.058194028889466204	0.05953511671823738	0.08862533272519678
UP000002477	0.03660477008714072	0.032265288066124574	0.032265288066124574	0.032265288066124574	0.032265288066124574	0.03660477008714072	0.032265288066124574	0.03660477008714072	0.03660477008714072	0.032265288066124574	0.03660477008714072	0.03660477008714072	0.05688050008300542	0.05688050008300542	0.05688050008300542	0.1290611522644983	0.06453057613224915	0.03660477008714072	0.08914578814913	0.09679586419837373
UP000009104	0.044367565986338994	0.03173766288945108	0.03173766288945108	0.03173766288945108	0.03173766288945108	0.044367565986338994	0.03173766288945108	0.044367565986338994	0.044367565986338994	0.03173766288945108	0.044367565986338994	0.044367565986338994	0.045406107966102394	0.045406107966102394	0.045406107966102394	0.12695065155780433	0.06347532577890216	0.044367565986338994	0.07714377085555346	0.09521298866835325
UP000007218	0.04479355651915425	0.031691751894283	0.031691751894283	0.031691751894283	0.031691751894283	0.04479355651915425	0.031691751894283	0.04479355651915425	0.04479355651915425	0.031691751894283	0.04479355651915425	0.04479355651915425	0.04484426851434808	0.04484426851434808	0.04484426851434808	0.126767007577132	0.063383503788566	0.04479355651915425	0.07653602040863108	0.09507525568284898
UP000000518	0.02162051042790435	0.030924656927271466	0.030924656927271466	0.030924656927271466	0.030924656927271466	0.02162051042790435	0.030924656927271466	0.02162051042790435	0.02162051042790435	0.030924656927271466	0.02162051042790435	0.02162051042790435	0.08846547904208156	0.08846547904208156	0.08846547904208156	0.12369862770908586	0.06184931385454293	0.02162051042790435	0.11939013596935304	0.09277397078181439
UP000008774	0.020665516227459272	0.030682049182702405	0.030682049182702405	0.030682049182702405	0.030682049182702405	0.020665516227459272	0.030682049182702405	0.020665516227459272	0.020665516227459272	0.030682049182702405	0.020665516227459272	0.020665516227459272	0.09110714987113665	0.09110714987113665	0.09110714987113665	0.12272819673080962	0.06136409836540481	0.020665516227459272	0.12178919905383907	0.09204614754810721
UP000001833	0.045860840996311256	0.031569819705054486	0.031569819705054486	0.031569819705054486	0.031569819705054486	0.045860840996311256	0.031569819705054486	0.045860840996311256	0.045860840996311256	0.031569819705054486	0.045860840996311256	0.045860840996311256	0.043464249436237376	0.043464249436237376	0.043464249436237376	0.12627927882021794	0.06313963941010897	0.045860840996311256	0.07503406914129186	0.09470945911516346
UP000002138	0.024997600962964335	0.03159577433051407	0.03159577433051407	0.03159577433051407	0.03159577433051407	0.024997600962964335	0.03159577433051407	0.024997600962964335	0.024997600962964335	0.03159577433051407	0.024997600962964335	0.024997600962964335	0.07987110099275616	0.07987110099275616	0.07987110099275616	0.12638309732205627	0.06319154866102814	0.024997600962964335	0.11146687532327021	0.09478732299154219
UP000008478	0.04709079364602454	0.0314174356139048	0.0314174356139048	0.0314174356139048	0.0314174356139048	0.04709079364602454	0.0314174356139048	0.04709079364602454	0.04709079364602454	0.0314174356139048	0.04709079364602454	0.04709079364602454	0.041921368663837846	0.041921368663837846	0.041921368663837846	0.1256697424556192	0.0628348712278096	0.04709079364602454	0.07333880427774266	0.09425230684171441
UP000158064	0.04623949342828742	0.03152423862335094	0.03152423862335094	0.03152423862335094	0.03152423862335094	0.04623949342828742	0.03152423862335094	0.04623949342828742	0.04623949342828742	0.03152423862335094	0.04623949342828742	0.04623949342828742	0.042983932007093266	0.042983932007093266	0.042983932007093266	0.12609695449340377	0.06304847724670189	0.04623949342828742	0.07450817063044421	0.09457271587005282
UP000001065	0.05977193629924712	0.029211644116052243	0.029211644116052243	0.029211644116052243	0.029211644116052243	0.05977193629924712	0.029211644116052243	0.05977193629924712	0.05977193629924712	0.029211644116052243	0.05977193629924712	0.05977193629924712	0.028552535012108613	0.028552535012108613	0.028552535012108613	0.11684657646420897	0.058423288232104485	0.05977193629924712	0.05776417912816085	0.08763493234815672
UP000002473	0.03913822836514047	0.03216221806114633	0.03216221806114633	0.03216221806114633	0.03216221806114633	0.03913822836514047	0.03216221806114633	0.03913822836514047	0.03913822836514047	0.03216221806114633	0.03913822836514047	0.03913822836514047	0.05285922811641885	0.05285922811641885	0.05285922811641885	0.12864887224458532	0.06432443612229266	0.03913822836514047	0.08502144617756517	0.09648665418343899
UP000001594	0.026679107465499265	0.03183465399351024	0.03183465399351024	0.03183465399351024	0.03183465399351024	0.026679107465499265	0.03183465399351024	0.026679107465499265	0.026679107465499265	0.03183465399351024	0.026679107465499265	0.026679107465499265	0.07597294596133534	0.07597294596133534	0.07597294596133534	0.12733861597404095	0.06366930798702047	0.026679107465499265	0.10780759995484558	0.09550396198053071
UP000000868	0.04710123436356522	0.03141608907697935	0.03141608907697935	0.03141608907697935	0.03141608907697935	0.04710123436356522	0.03141608907697935	0.04710123436356522	0.04710123436356522	0.03141608907697935	0.04710123436356522	0.04710123436356522	0.04190848355584347	0.04190848355584347	0.04190848355584347	0.1256643563079174	0.0628321781539587	0.04710123436356522	0.07332457263282281	0.09424826723093804
UP000009165	0.044687945914488186	0.03170328265966194	0.03170328265966194	0.03170328265966194	0.03170328265966194	0.044687945914488186	0.03170328265966194	0.044687945914488186	0.044687945914488186	0.03170328265966194	0.044687945914488186	0.044687945914488186	0.044982964010997925	0.044982964010997925	0.044982964010997925	0.12681313063864777	0.06340656531932388	0.044687945914488186	0.07668624667065986	0.09510984797898585
UP000002243	0.04916506161824526	0.031133027479636696	0.031133027479636696	0.031133027479636696	0.031133027479636696	0.04916506161824526	0.031133027479636696	0.04916506161824526	0.04916506161824526	0.031133027479636696	0.04916506161824526	0.04916506161824526	0.039429032249524015	0.039429032249524015	0.039429032249524015	0.12453210991854678	0.06226605495927339	0.04916506161824526	0.07056205972916071	0.09339908243891008
UP000242267	0.05355110397831325	0.03042718541514351	0.03042718541514351	0.03042718541514351	0.03042718541514351	0.05355110397831325	0.03042718541514351	0.05355110397831325	0.05355110397831325	0.03042718541514351	0.05355110397831325	0.05355110397831325	0.034576826377377815	0.034576826377377815	0.034576826377377815	0.12170874166057404	0.06085437083028702	0.05355110397831325	0.06500401179252131	0.09128155624543051
UP000158680	0.01812870906823519	0.02990429932276077	0.02990429932276077	0.02990429932276077	0.02990429932276077	0.01812870906823519	0.02990429932276077	0.01812870906823519	0.01812870906823519	0.02990429932276077	0.01812870906823519	0.01812870906823519	0.09865756183954535	0.09865756183954535	0.09865756183954535	0.11961719729104307	0.05980859864552154	0.01812870906823519	0.12856186116230614	0.08971289796828232
UP000153037	0.0223799169826186	0.03109995968464698	0.03109995968464698	0.03109995968464698	0.03109995968464698	0.0223799169826186	0.03109995968464698	0.0223799169826186	0.0223799169826186	0.03109995968464698	0.0223799169826186	0.0223799169826186	0.08643530654182953	0.08643530654182953	0.08643530654182953	0.12439983873858793	0.06219991936929396	0.0223799169826186	0.11753526622647652	0.09329987905394095
UP000000373	0.043786089041827056	0.03179773084990462	0.03179773084990462	0.03179773084990462	0.03179773084990462	0.043786089041827056	0.03179773084990462	0.043786089041827056	0.043786089041827056	0.03179773084990462	0.043786089041827056	0.043786089041827056	0.046183420777184174	0.046183420777184174	0.046183420777184174	0.1271909233996185	0.06359546169980924	0.043786089041827056	0.0779811516270888	0.09539319254971386
UP000000522	0.04177395567638341	0.03198156873470381	0.03198156873470381	0.03198156873470381	0.03198156873470381	0.04177395567638341	0.03198156873470381	0.04177395567638341	0.04177395567638341	0.03198156873470381	0.04177395567638341	0.04177395567638341	0.04896930262751382	0.04896930262751382	0.04896930262751382	0.12792627493881523	0.06396313746940761	0.04177395567638341	0.08095087136221762	0.0959447062041114
UP000007081	0.04380952932709427	0.031795368155605054	0.031795368155605054	0.031795368155605054	0.031795368155605054	0.04380952932709427	0.031795368155605054	0.04380952932709427	0.04380952932709427	0.031795368155605054	0.04380952932709427	0.04380952932709427	0.04615185105516479	0.04615185105516479	0.04615185105516479	0.12718147262242022	0.06359073631121011	0.04380952932709427	0.07794721921076983	0.09538610446681516
UP000002246	0.058198941864489796	0.029540771705418262	0.029540771705418262	0.029540771705418262	0.029540771705418262	0.058198941864489796	0.029540771705418262	0.058198941864489796	0.058198941864489796	0.029540771705418262	0.058198941864489796	0.058198941864489796	0.029988764915469836	0.029988764915469836	0.029988764915469836	0.11816308682167305	0.059081543410836525	0.058198941864489796	0.05952953662088809	0.08862231511625479
UP000006723	0.03177529107927485	0.032241269475834146	0.032241269475834146	0.032241269475834146	0.032241269475834146	0.03177529107927485	0.032241269475834146	0.03177529107927485	0.03177529107927485	0.032241269475834146	0.03177529107927485	0.03177529107927485	0.06542816270793243	0.06542816270793243	0.06542816270793243	0.12896507790333658	0.06448253895166829	0.03177529107927485	0.09766943218376657	0.09672380842750243
UP000000469	0.04686386473477418	0.03144648463924965	0.03144648463924965	0.03144648463924965	0.03144648463924965	0.04686386473477418	0.03144648463924965	0.04686386473477418	0.04686386473477418	0.03144648463924965	0.04686386473477418	0.04686386473477418	0.0422022981571466	0.0422022981571466	0.0422022981571466	0.1257859385569986	0.0628929692784993	0.04686386473477418	0.07364878279639625	0.09433945391774892
UP000000869	0.018636487319120165	0.030076711583636017	0.030076711583636017	0.030076711583636017	0.030076711583636017	0.018636487319120165	0.030076711583636017	0.018636487319120165	0.018636487319120165	0.030076711583636017	0.018636487319120165	0.018636487319120165	0.09707930085699562	0.09707930085699562	0.09707930085699562	0.12030684633454407	0.060153423167272034	0.018636487319120165	0.12715601244063163	0.09023013475090805
