Proteome_ID	M	W	C	D	E	F	H	K	N	Q	Y	I	A	G	P	T	V	L	R	S
UP000000242	0.017927900790750517	0.015565697626850984	0.0334935984176015	0.0334935984176015	0.0334935984176015	0.038576485548593824	0.0334935984176015	0.038576485548593824	0.038576485548593824	0.0334935984176015	0.038576485548593824	0.05922507030643714	0.05816087800670323	0.05816087800670323	0.05816087800670323	0.066987196835203	0.066987196835203	0.08491509762595353	0.09165447642430473	0.1004807952528045
UP000000254	0.020547167409594804	0.0115144628915634	0.0320616303011582	0.0320616303011582	0.0320616303011582	0.05721288881873225	0.0320616303011582	0.05721288881873225	0.05721288881873225	0.0320616303011582	0.05721288881873225	0.0938786102278697	0.03593414556726883	0.03593414556726883	0.03593414556726883	0.0641232606023164	0.0641232606023164	0.08467042801191121	0.06799577586842705	0.09618489090347461
UP000000262	0.014131296393267385	0.0181745443209727	0.032305840714240086	0.032305840714240086	0.032305840714240086	0.025118836670903585	0.032305840714240086	0.025118836670903585	0.025118836670903585	0.032305840714240086	0.025118836670903585	0.036106376948539784	0.08309838213668429	0.08309838213668429	0.08309838213668429	0.06461168142848017	0.06461168142848017	0.07874297782174756	0.11540422285092436	0.09691752214272024
UP000000346	0.013703217367053015	0.018353570398324207	0.03205678776537722	0.03205678776537722	0.03205678776537722	0.02393436924286725	0.03205678776537722	0.02393436924286725	0.02393436924286725	0.03205678776537722	0.02393436924286725	0.03416552111868149	0.08587129507419024	0.08587129507419024	0.08587129507419024	0.06411357553075445	0.06411357553075445	0.07781679289780745	0.11792808283956746	0.09617036329613167
UP000000365	0.016342176759703623	0.016906885970378704	0.033249062730082324	0.033249062730082324	0.033249062730082324	0.03213850623831399	0.033249062730082324	0.03213850623831399	0.03213850623831399	0.033249062730082324	0.03213850623831399	0.04793483571692436	0.06879598972219968	0.06879598972219968	0.06879598972219968	0.06649812546016465	0.06649812546016465	0.08284030221986828	0.102045052452282	0.09974718819024699
UP000000391	0.020360811497444235	0.012012457153996228	0.03237326865144046	0.03237326865144046	0.03237326865144046	0.0548718727665821	0.03237326865144046	0.0548718727665821	0.0548718727665821	0.03237326865144046	0.0548718727665821	0.08938293403571997	0.03819911624436499	0.03819911624436499	0.03819911624436499	0.06474653730288092	0.06474653730288092	0.08510734880032515	0.07057238489580545	0.09711980595432139
UP000000536	0.015735347702063	0.01731602729106271	0.033051374993125715	0.033051374993125715	0.033051374993125715	0.030034306876874035	0.033051374993125715	0.030034306876874035	0.030034306876874035	0.033051374993125715	0.030034306876874035	0.04433326605168507	0.07274303971218608	0.07274303971218608	0.07274303971218608	0.06610274998625143	0.06610274998625143	0.08183809768831443	0.1057944147053118	0.09915412497937715
UP000000554	0.00953080656248219	0.01904812952893425	0.028578936091416443	0.028578936091416443	0.028578936091416443	0.014299583128888493	0.028578936091416443	0.014299583128888493	0.014299583128888493	0.028578936091416443	0.014299583128888493	0.019068359695294797	0.1142348809410015	0.1142348809410015	0.1142348809410015	0.057157872182832886	0.057157872182832886	0.06668867874531507	0.1428138170324179	0.08573680827424933
UP000000578	0.020940025427852907	0.00944945489106815	0.030389480318921053	0.030389480318921053	0.030389480318921053	0.0673431957666618	0.030389480318921053	0.0673431957666618	0.0673431957666618	0.030389480318921053	0.0673431957666618	0.11374636610547069	0.027427285074323075	0.027427285074323075	0.027427285074323075	0.060778960637842105	0.060778960637842105	0.08171898606569501	0.057816765393244124	0.09116844095676316
UP000000590	0.020800528475412725	0.010585695615826047	0.03138622409123877	0.03138622409123877	0.03138622409123877	0.06167285284204275	0.03138622409123877	0.06167285284204275	0.06167285284204275	0.03138622409123877	0.06167285284204275	0.10254517720867277	0.03194582437198079	0.03194582437198079	0.03194582437198079	0.06277244818247754	0.06277244818247754	0.08357297665789028	0.06333204846321956	0.09415867227371633
UP000000641	0.013484298440405796	0.018437347891624194	0.031921646332029985	0.031921646332029985	0.031921646332029985	0.023346145464105506	0.031921646332029985	0.023346145464105506	0.023346145464105506	0.031921646332029985	0.023346145464105506	0.03320799248780522	0.0872941964757218	0.0872941964757218	0.0872941964757218	0.06384329266405997	0.06384329266405997	0.07732759110446577	0.11921584280775177	0.09576493899608997
UP000000663	0.014311929102575222	0.01809288796270533	0.03240481706528055	0.03240481706528055	0.03240481706528055	0.025633024720884256	0.03240481706528055	0.025633024720884256	0.025633024720884256	0.03240481706528055	0.025633024720884256	0.03695412033919329	0.0819311946575514	0.0819311946575514	0.0819311946575514	0.0648096341305611	0.0648096341305611	0.07912156323313632	0.11433601172283196	0.09721445119584167
UP000000674	0.014826768908592367	0.017839778401366597	0.032666547309958965	0.032666547309958965	0.032666547309958965	0.02714940382719434	0.032666547309958965	0.02714940382719434	0.02714940382719434	0.032666547309958965	0.02714940382719434	0.03947203874579631	0.07860970501937267	0.07860970501937267	0.07860970501937267	0.06533309461991793	0.06533309461991793	0.0801598635285103	0.11127625232933162	0.0979996419298769
UP000000740	0.010337116237891492	0.019066895321670364	0.029404011559561856	0.029404011559561856	0.029404011559561856	0.015941383231177674	0.029404011559561856	0.015941383231177674	0.015941383231177674	0.029404011559561856	0.015941383231177674	0.021545650224463857	0.1084718789149861	0.1084718789149861	0.1084718789149861	0.05880802311912371	0.05880802311912371	0.0691451393570152	0.13787589047454796	0.08821203467868557
UP000000758	0.013827567630624482	0.018303649467478124	0.032131217098102606	0.032131217098102606	0.032131217098102606	0.024273660740046214	0.032131217098102606	0.024273660740046214	0.024273660740046214	0.032131217098102606	0.024273660740046214	0.03471975384946794	0.08506464049752026	0.08506464049752026	0.08506464049752026	0.06426243419620521	0.06426243419620521	0.0780900018268297	0.11719585759562288	0.09639365129430782
UP000000792	0.020745104731513902	0.010832993269026446	0.031578098000540344	0.031578098000540344	0.031578098000540344	0.06047183211275935	0.031578098000540344	0.06047183211275935	0.06047183211275935	0.031578098000540344	0.06047183211275935	0.10019855949400479	0.032979859828699644	0.032979859828699644	0.032979859828699644	0.06315619600108069	0.06315619600108069	0.0839013007325946	0.06455795782923998	0.09473429400162105
UP000000805	0.02092802208037681	0.009670396604900454	0.030598418685277264	0.030598418685277264	0.030598418685277264	0.06621904023518473	0.030598418685277264	0.06621904023518473	0.06621904023518473	0.030598418685277264	0.06621904023518473	0.11151005838999264	0.028277764906113882	0.028277764906113882	0.028277764906113882	0.06119683737055453	0.06119683737055453	0.08212485945093133	0.05887618359139114	0.09179525605583179
UP000001013	0.019578635600729016	0.0135194005034225	0.03309803610415152	0.03309803610415152	0.03309803610415152	0.047932183665903474	0.03309803610415152	0.047932183665903474	0.047932183665903474	0.03309803610415152	0.047932183665903474	0.07628573173107794	0.045709580084538744	0.045709580084538744	0.045709580084538744	0.06619607220830304	0.06619607220830304	0.08577470780903204	0.07880761618869025	0.09929410831245454
UP000001015	0.020840443783600376	0.010376927349312637	0.03121737113291301	0.03121737113291301	0.03121737113291301	0.06269523205348038	0.03121737113291301	0.06269523205348038	0.06269523205348038	0.03121737113291301	0.06269523205348038	0.10455002032336037	0.031087667388127398	0.031087667388127398	0.031087667388127398	0.06243474226582602	0.06243474226582602	0.08327518604942641	0.06230503852104041	0.09365211339873905
UP000001018	0.02037620520610768	0.011974626610680704	0.03235083181678839	0.03235083181678839	0.03235083181678839	0.05504866323758262	0.03235083181678839	0.05504866323758262	0.05504866323758262	0.03235083181678839	0.05504866323758262	0.08972112126905755	0.038023677876472504	0.038023677876472504	0.038023677876472504	0.06470166363357678	0.06470166363357678	0.08507786883968445	0.0703745096932609	0.09705249545036516
UP000001024	0.01785151330488021	0.015641080260064277	0.03349259356494449	0.03349259356494449	0.03349259356494449	0.03822584308106445	0.03349259356494449	0.03822584308106445	0.03822584308106445	0.03349259356494449	0.03822584308106445	0.05860017285724869	0.0586908611186254	0.0586908611186254	0.0586908611186254	0.06698518712988898	0.06698518712988898	0.08483670043476918	0.0921834546835699	0.10047778069483346
UP000001059	0.019003162912479863	0.014344114747410949	0.03334727765989081	0.03334727765989081	0.03334727765989081	0.044178658719457475	0.03334727765989081	0.044178658719457475	0.044178658719457475	0.03334727765989081	0.044178658719457475	0.06935415452643509	0.05034290128125053	0.05034290128125053	0.05034290128125053	0.06669455531978162	0.06669455531978162	0.08569771823226148	0.08369017894114135	0.10004183297967242
UP000001137	0.018845191048664577	0.014545649861950883	0.033390840910615456	0.033390840910615456	0.033390840910615456	0.04326082245951413	0.033390840910615456	0.04326082245951413	0.04326082245951413	0.033390840910615456	0.04326082245951413	0.06767645387036368	0.05154540266826694	0.05154540266826694	0.05154540266826694	0.06678168182123091	0.06678168182123091	0.0856268728698955	0.0849362435788824	0.10017252273184639
UP000001169	0.011785051125736249	0.018911707022505712	0.030696758148241958	0.030696758148241958	0.030696758148241958	0.01912904338782742	0.030696758148241958	0.01912904338782742	0.01912904338782742	0.030696758148241958	0.01912904338782742	0.026473035649918597	0.09851940232529105	0.09851940232529105	0.09851940232529105	0.061393516296483916	0.061393516296483916	0.07317856742222018	0.12921616047353301	0.09209027444472588
UP000001304	0.020561964675413606	0.0114703903269883	0.03203235500240191	0.03203235500240191	0.03203235500240191	0.05742159885178318	0.03203235500240191	0.05742159885178318	0.05742159885178318	0.03203235500240191	0.05742159885178318	0.09428123302815275	0.03573818171271762	0.03573818171271762	0.03573818171271762	0.06406471000480382	0.06406471000480382	0.08462667468021741	0.06777053671511953	0.0960970650072057
UP000001400	0.019936624999373105	0.012907454900148397	0.032844079899521504	0.032844079899521504	0.032844079899521504	0.05073038096756627	0.032844079899521504	0.05073038096756627	0.05073038096756627	0.032844079899521504	0.05073038096756627	0.08152413693575943	0.04252810895056456	0.04252810895056456	0.04252810895056456	0.06568815979904301	0.06568815979904301	0.08562478479841612	0.07537218885008606	0.09853223969856452
UP000001686	0.01687347276053328	0.016505179137587103	0.03337865189812038	0.03337865189812038	0.03337865189812038	0.0341234571822159	0.03337865189812038	0.0341234571822159	0.0341234571822159	0.03337865189812038	0.0341234571822159	0.05137344160389852	0.06530020663419463	0.06530020663419463	0.06530020663419463	0.06675730379624076	0.06675730379624076	0.08363077655677405	0.098678858532315	0.10013595569436116
UP000001746	0.009795992349721377	0.019062998676118093	0.028858991025839466	0.028858991025839466	0.028858991025839466	0.014829904786384303	0.028858991025839466	0.014829904786384303	0.014829904786384303	0.028858991025839466	0.014829904786384303	0.019863817223047225	0.11231917871706566	0.11231917871706566	0.11231917871706566	0.05771798205167893	0.05771798205167893	0.06751397440140032	0.14117816974290515	0.08657697307751841
UP000001826	0.012136035597089796	0.018839217496760156	0.03097525309384995	0.03097525309384995	0.03097525309384995	0.01995394841853047	0.03097525309384995	0.01995394841853047	0.01995394841853047	0.03097525309384995	0.01995394841853047	0.027771861239971142	0.09616806499680448	0.09616806499680448	0.09616806499680448	0.0619505061876999	0.0619505061876999	0.0740865417847897	0.12714331809065443	0.09292575928154986
UP000001879	0.01185508888292612	0.018898308744093057	0.030753397627019178	0.030753397627019178	0.030753397627019178	0.01929189893430214	0.030753397627019178	0.01929189893430214	0.01929189893430214	0.030753397627019178	0.01929189893430214	0.02672870898567816	0.09804856109047005	0.09804856109047005	0.09804856109047005	0.061506795254038356	0.061506795254038356	0.07336188413696447	0.12880195871748923	0.09226019288105752
UP000001901	0.01930688951880488	0.013928695591454408	0.03323558511025929	0.03323558511025929	0.03323558511025929	0.04606861896029204	0.03323558511025929	0.04606861896029204	0.04606861896029204	0.03323558511025929	0.04606861896029204	0.0728303484017792	0.047954731118524795	0.047954731118524795	0.047954731118524795	0.06647117022051859	0.06647117022051859	0.08577805973932345	0.0811903162287841	0.09970675533077787
UP000001931	0.020908238096116066	0.008536491113323311	0.029444729209439375	0.029444729209439375	0.029444729209439375	0.07211832131187569	0.029444729209439375	0.07211832131187569	0.07211832131187569	0.029444729209439375	0.07211832131187569	0.12332840452763533	0.02404360119442895	0.02404360119442895	0.02404360119442895	0.05888945841887875	0.05888945841887875	0.07979769651499481	0.05348833040386832	0.08833418762831813
UP000001941	0.018115873726305822	0.015374594372050413	0.033490468098356235	0.033490468098356235	0.033490468098356235	0.039461794986125676	0.033490468098356235	0.039461794986125676	0.039461794986125676	0.033490468098356235	0.039461794986125676	0.060807716245945526	0.05684543512738652	0.05684543512738652	0.05684543512738652	0.06698093619671247	0.06698093619671247	0.0850968099230183	0.09033590322574274	0.1004714042950687
UP000001974	0.020497296011154176	0.01165735792920375	0.03215465394035793	0.03215465394035793	0.03215465394035793	0.05653797918485631	0.03215465394035793	0.05653797918485631	0.05653797918485631	0.03215465394035793	0.05653797918485631	0.09257866235855847	0.03657441546128381	0.03657441546128381	0.03657441546128381	0.06430930788071586	0.06430930788071586	0.08480660389187003	0.06872906940164174	0.09646396182107378
UP000001975	0.017192606417267237	0.01624230649519682	0.03343491291246405	0.03343491291246405	0.03343491291246405	0.03539111261504581	0.03343491291246405	0.03539111261504581	0.03539111261504581	0.03343491291246405	0.03539111261504581	0.05358961881282439	0.06317367942757504	0.06317367942757504	0.06317367942757504	0.0668698258249281	0.0668698258249281	0.08406243224219535	0.0966085923400391	0.10030473873739217
UP000002071	0.011030119264475852	0.01902197014604201	0.030052089410517863	0.030052089410517863	0.030052089410517863	0.017426067215949033	0.030052089410517863	0.017426067215949033	0.017426067215949033	0.030052089410517863	0.017426067215949033	0.02382201516742221	0.10365254153400501	0.10365254153400501	0.10365254153400501	0.06010417882103573	0.06010417882103573	0.07113429808551158	0.13370463094452287	0.09015626823155361
UP000002199	0.017126205381195667	0.016298421225642953	0.03342462660683862	0.03342462660683862	0.03342462660683862	0.0351222374322893	0.03342462660683862	0.0351222374322893	0.0351222374322893	0.03342462660683862	0.0351222374322893	0.05311826948338294	0.06361813742421156	0.06361813742421156	0.06361813742421156	0.06684925321367724	0.06684925321367724	0.0839754585948729	0.0970427640310502	0.10027387982051586
UP000002315	0.020933371456066406	0.009587982932237225	0.030521354388303626	0.030521354388303626	0.030521354388303626	0.06663704485793451	0.030521354388303626	0.06663704485793451	0.06663704485793451	0.030521354388303626	0.06663704485793451	0.11234071825980262	0.027959015159883725	0.027959015159883725	0.027959015159883725	0.06104270877660725	0.06104270877660725	0.08197608023267366	0.05848036954818736	0.09156406316491089
UP000002376	0.0178384931298227	0.01565380249805448	0.033492295627877186	0.033492295627877186	0.033492295627877186	0.03816657872961741	0.033492295627877186	0.03816657872961741	0.03816657872961741	0.033492295627877186	0.03816657872961741	0.05849466432941211	0.058780949394065106	0.058780949394065106	0.058780949394065106	0.06698459125575437	0.06698459125575437	0.08482308438557708	0.0922732450219423	0.10047688688363156
UP000002408	0.01459989423649325	0.017955075103767024	0.032554969340260274	0.032554969340260274	0.032554969340260274	0.02647157455444792	0.032554969340260274	0.02647157455444792	0.02647157455444792	0.032554969340260274	0.02647157455444792	0.03834325487240259	0.080072760807287	0.080072760807287	0.080072760807287	0.06510993868052055	0.06510993868052055	0.07970983291701379	0.11262773014754728	0.09766490802078082
UP000002439	0.016087193608370104	0.01708494980270174	0.03317214341107184	0.03317214341107184	0.03317214341107184	0.031234899699508795	0.03317214341107184	0.031234899699508795	0.031234899699508795	0.03317214341107184	0.031234899699508795	0.046382605790647485	0.07045907680644943	0.07045907680644943	0.07045907680644943	0.06634428682214367	0.06634428682214367	0.08243148043051379	0.10363122021752127	0.09951643023321553
UP000002457	0.01422707720720053	0.01813170212897902	0.032358779336179554	0.032358779336179554	0.032358779336179554	0.02539038247329263	0.032358779336179554	0.02539038247329263	0.02539038247329263	0.032358779336179554	0.02539038247329263	0.03655368773938473	0.08247930894534287	0.08247930894534287	0.08247930894534287	0.06471755867235911	0.06471755867235911	0.07894463587955963	0.11483808828152244	0.09707633800853865
UP000002487	0.018609963438481127	0.014829928446626686	0.03343989188510781	0.03343989188510781	0.03343989188510781	0.041963463789346477	0.03343989188510781	0.041963463789346477	0.041963463789346477	0.03343989188510781	0.041963463789346477	0.06531696414021182	0.053295236775549044	0.053295236775549044	0.053295236775549044	0.06687978377021563	0.06687978377021563	0.08548974720869675	0.08673512866065684	0.10031967565532343
UP000002518	0.01399538992288335	0.01823357753663273	0.03222896745951608	0.03222896745951608	0.03222896745951608	0.024737710715389608	0.03222896745951608	0.024737710715389608	0.024737710715389608	0.03222896745951608	0.024737710715389608	0.035480031507895866	0.08397756408885124	0.08397756408885124	0.08397756408885124	0.06445793491903216	0.06445793491903216	0.07845332484191551	0.11620653154836731	0.09668690237854824
UP000002593	0.015195748696422868	0.017639295790799377	0.03283504448722224	0.03283504448722224	0.03283504448722224	0.02828645147636491	0.03283504448722224	0.02828645147636491	0.02828645147636491	0.03283504448722224	0.02828645147636491	0.04137715425630695	0.07623014483656369	0.07623014483656369	0.07623014483656369	0.06567008897444448	0.06567008897444448	0.08086583767086734	0.10906518932378594	0.09850513346166673
UP000002613	0.018659281130440398	0.014771790700505584	0.03343107183094598	0.03343107183094598	0.03343107183094598	0.04222912309231523	0.03343107183094598	0.04222912309231523	0.04222912309231523	0.03343107183094598	0.04222912309231523	0.06579896505419008	0.05293202803774322	0.05293202803774322	0.05293202803774322	0.06686214366189196	0.06686214366189196	0.08552142479233237	0.08636309986868922	0.10029321549283794
UP000002654	0.01465061832141681	0.017929815931757433	0.032580434253174244	0.032580434253174244	0.032580434253174244	0.02662177396611368	0.032580434253174244	0.02662177396611368	0.02662177396611368	0.032580434253174244	0.02662177396611368	0.03859292961081055	0.07974560203813254	0.07974560203813254	0.07974560203813254	0.06516086850634849	0.06516086850634849	0.0798114868277653	0.11232603629130677	0.09774130275952272
UP000002698	0.010900986774900225	0.019034488650311866	0.029935475425212094	0.029935475425212094	0.029935475425212094	0.017143944747117813	0.029935475425212094	0.017143944747117813	0.017143944747117813	0.029935475425212094	0.017143944747117813	0.023386902719335398	0.10454218117847494	0.10454218117847494	0.10454218117847494	0.05987095085042419	0.05987095085042419	0.07077193762532441	0.134477656603687	0.08980642627563626
UP000005223	0.016720526597650304	0.0166252555894522	0.033345782187102505	0.033345782187102505	0.033345782187102505	0.03353687015390256	0.033345782187102505	0.03353687015390256	0.03353687015390256	0.033345782187102505	0.03353687015390256	0.05035321371015481	0.06631156602073615	0.06631156602073615	0.06631156602073615	0.06669156437420501	0.06669156437420501	0.08341209097185531	0.09965734820783864	0.10003734656130751
UP000005877	0.011716851987409276	0.01892424060304786	0.030641092590457136	0.030641092590457136	0.030641092590457136	0.018971284192881566	0.030641092590457136	0.018971284192881566	0.018971284192881566	0.030641092590457136	0.018971284192881566	0.026225716398353853	0.0989787033488491	0.0989787033488491	0.0989787033488491	0.06128218518091427	0.06128218518091427	0.07299903716832355	0.12961979593930625	0.09192327777137142
UP000006565	0.017390379177058365	0.016070541782046636	0.033460920959105	0.033460920959105	0.033460920959105	0.0362089910212292	0.033460920959105	0.0362089910212292	0.0362089910212292	0.033460920959105	0.0362089910212292	0.055027602865400045	0.061842829631736235	0.061842829631736235	0.061842829631736235	0.06692184191821	0.06692184191821	0.08431222109526838	0.09530375059084122	0.10038276287731501
UP000006622	0.0197817962895482	0.013184097819777684	0.032965894109325884	0.032965894109325884	0.032965894109325884	0.04946296748460396	0.032965894109325884	0.04946296748460396	0.04946296748460396	0.032965894109325884	0.04946296748460396	0.07914413867965973	0.04394197233579053	0.04394197233579053	0.04394197233579053	0.06593178821865177	0.06593178821865177	0.08571358450819996	0.0769078664451164	0.09889768232797765
UP000006663	0.012243417646032774	0.018814378795902555	0.03105779644193533	0.03105779644193533	0.03105779644193533	0.020210796068743847	0.03105779644193533	0.020210796068743847	0.020210796068743847	0.03105779644193533	0.020210796068743847	0.02817817449145492	0.09545262012914293	0.09545262012914293	0.09545262012914293	0.06211559288387066	0.06211559288387066	0.07435901052990344	0.12651041657107828	0.093173389325806
UP000006681	0.01820673919071096	0.0152792200235023	0.033485959214213254	0.033485959214213254	0.033485959214213254	0.03990191417010676	0.033485959214213254	0.03990191417010676	0.03990191417010676	0.033485959214213254	0.03990191417010676	0.06159708914950256	0.056203291887986825	0.056203291887986825	0.056203291887986825	0.06697191842842651	0.06697191842842651	0.08517865761913748	0.0896892511022001	0.10045787764263979
UP000006794	0.009969328989915293	0.019068063851075238	0.029037392840990533	0.029037392840990533	0.029037392840990533	0.015181579236474075	0.029037392840990533	0.015181579236474075	0.015181579236474075	0.029037392840990533	0.015181579236474075	0.020393829483032852	0.11107805978132676	0.11107805978132676	0.11107805978132676	0.058074785681981066	0.058074785681981066	0.06804411467189636	0.14011545262231728	0.0871121785229716
UP000007478	0.01937021534321752	0.013836819343763527	0.033207034686981045	0.033207034686981045	0.033207034686981045	0.04648665251862448	0.033207034686981045	0.04648665251862448	0.04648665251862448	0.033207034686981045	0.04648665251862448	0.07360308969403144	0.047441882474139094	0.047441882474139094	0.047441882474139094	0.06641406937396209	0.06641406937396209	0.08578428471717961	0.08064891716112013	0.09962110406094314
UP000007490	0.020332599070069676	0.012080527694135116	0.03241312676420479	0.03241312676420479	0.03241312676420479	0.05455416582703374	0.03241312676420479	0.05455416582703374	0.05455416582703374	0.03241312676420479	0.05455416582703374	0.0887757325839978	0.03851624420263025	0.03851624420263025	0.03851624420263025	0.06482625352840958	0.06482625352840958	0.08515885259847926	0.07092937096683505	0.09723938029261438
UP000007722	0.02094013201650628	0.009446587595274974	0.030386719611781254	0.030386719611781254	0.030386719611781254	0.06735785952353074	0.030386719611781254	0.06735785952353074	0.06735785952353074	0.030386719611781254	0.06735785952353074	0.1137755870305552	0.027416332267578905	0.027416332267578905	0.027416332267578905	0.06077343922356251	0.06077343922356251	0.08171357124006878	0.057803051879360155	0.09116015883534374
UP000007807	0.015941109285130595	0.017182906385960366	0.03312401567109096	0.03312401567109096	0.03312401567109096	0.030730165311654126	0.03312401567109096	0.030730165311654126	0.030730165311654126	0.03312401567109096	0.030730165311654126	0.045519221338177665	0.071408689348155	0.071408689348155	0.071408689348155	0.06624803134218192	0.06624803134218192	0.0821891406273125	0.10453270501924596	0.09937204701327286
UP000008243	0.009727154837143417	0.01905997230259022	0.028787127139733637	0.028787127139733637	0.028787127139733637	0.014691356239099503	0.028787127139733637	0.014691356239099503	0.014691356239099503	0.028787127139733637	0.014691356239099503	0.01965555764105559	0.11281445708241616	0.11281445708241616	0.11281445708241616	0.057574254279467274	0.057574254279467274	0.0673014091166107	0.1416015842221498	0.08636138141920091
UP000008680	0.020570616287270697	0.011444234110454329	0.03201485039772503	0.03201485039772503	0.03201485039772503	0.05754558991626855	0.03201485039772503	0.05754558991626855	0.05754558991626855	0.03201485039772503	0.05754558991626855	0.0945205635452664	0.03562221353469707	0.03562221353469707	0.03562221353469707	0.06402970079545006	0.06402970079545006	0.08460031708272077	0.0676370639324221	0.09604455119317509
UP000009079	0.0197352819540748	0.013263422845534834	0.03299870479960963	0.03299870479960963	0.03299870479960963	0.049100352972522375	0.03299870479960963	0.049100352972522375	0.049100352972522375	0.03299870479960963	0.049100352972522375	0.07846542399096995	0.04435465134277792	0.04435465134277792	0.04435465134277792	0.06599740959921926	0.06599740959921926	0.08573269155329408	0.07735335614238756	0.09899611439882891
UP000009227	0.020849224221760082	0.010325973379787213	0.031175197601547293	0.031175197601547293	0.031175197601547293	0.06294599657061394	0.031175197601547293	0.06294599657061394	0.06294599657061394	0.031175197601547293	0.06294599657061394	0.10504276891946779	0.030880214737889912	0.030880214737889912	0.030880214737889912	0.062350395203094586	0.062350395203094586	0.08319961942485468	0.062055412339437205	0.09352559280464189
UP000011511	0.010291077935943416	0.019067917150727243	0.02935899508667066	0.02935899508667066	0.02935899508667066	0.015845239108687036	0.02935899508667066	0.015845239108687036	0.015845239108687036	0.02935899508667066	0.015845239108687036	0.021399400281430656	0.10879616099028683	0.10879616099028683	0.10879616099028683	0.05871799017334132	0.05871799017334132	0.06900906810928474	0.1381551560769575	0.08807698526001198
UP000011554	0.011197985997803427	0.01900290225619466	0.03020088825399809	0.03020088825399809	0.03020088825399809	0.017796709114748614	0.03020088825399809	0.017796709114748614	0.017796709114748614	0.03020088825399809	0.017796709114748614	0.024395432231693808	0.10250138331188469	0.10250138331188469	0.10250138331188469	0.06040177650799618	0.06040177650799618	0.07159976250579961	0.13270227156588277	0.09060266476199429
UP000012076	0.013033433468762904	0.018593510663022752	0.031626944131785656	0.031626944131785656	0.031626944131785656	0.022169437479156343	0.031626944131785656	0.022169437479156343	0.022169437479156343	0.031626944131785656	0.022169437479156343	0.03130544148954978	0.09023806725412287	0.09023806725412287	0.09023806725412287	0.06325388826357131	0.06325388826357131	0.07628732173233423	0.12186501138590854	0.09488083239535697
UP000012672	0.01414920926491409	0.01816661005038505	0.03231581931529914	0.03231581931529914	0.03231581931529914	0.025169433856462878	0.03231581931529914	0.025169433856462878	0.025169433856462878	0.03231581931529914	0.025169433856462878	0.03618965844801166	0.08298257195410916	0.08298257195410916	0.08298257195410916	0.06463163863059827	0.06463163863059827	0.07878084789551237	0.1152983912694083	0.09694745794589742
UP000014070	0.019291030279682785	0.013951398800675934	0.03324242908035872	0.03324242908035872	0.03324242908035872	0.04596533402287503	0.03324242908035872	0.04596533402287503	0.04596533402287503	0.03324242908035872	0.04596533402287503	0.07263963776606729	0.0480822826442526	0.0480822826442526	0.0480822826442526	0.06648485816071743	0.06648485816071743	0.08577588844040021	0.08132471172461131	0.09972728724107614
UP000053352	0.01102037489389102	0.01902298019705244	0.03004335509094346	0.03004335509094346	0.03004335509094346	0.01740468805323088	0.03004335509094346	0.01740468805323088	0.01740468805323088	0.03004335509094346	0.01740468805323088	0.02378900121257074	0.10371954755637984	0.10371954755637984	0.10371954755637984	0.06008671018188692	0.06008671018188692	0.07110708507577793	0.1337629026473233	0.09013006527283038
UP000058290	0.014753594092364777	0.017877620145337517	0.032631214237702294	0.032631214237702294	0.032631214237702294	0.026929070295165114	0.032631214237702294	0.026929070295165114	0.026929070295165114	0.032631214237702294	0.026929070295165114	0.03910454649796546	0.07908153760644311	0.07908153760644311	0.07908153760644311	0.06526242847540459	0.06526242847540459	0.08001602256776937	0.1117127518441454	0.0978936427131069
UP000192315	0.020396219688212106	0.01192467320074546	0.032320892888957564	0.032320892888957564	0.032320892888957564	0.05528235623607195	0.032320892888957564	0.05528235623607195	0.05528235623607195	0.032320892888957564	0.05528235623607195	0.0901684927839318	0.03779289409006181	0.03779289409006181	0.03779289409006181	0.06464178577791513	0.06464178577791513	0.08503800546612723	0.07011378697901939	0.09696267866687272
UP000198397	0.010993347666042038	0.019025725918764797	0.030019073584806835	0.030019073584806835	0.030019073584806835	0.017345467602095342	0.030019073584806835	0.017345467602095342	0.017345467602095342	0.030019073584806835	0.017345467602095342	0.023697587538148646	0.10390550425762965	0.10390550425762965	0.10390550425762965	0.06003814716961367	0.06003814716961367	0.0710314948356557	0.13392457784243647	0.0900572207544205
