	M	W	C	D	E	F	H	K	N	Q	Y	I	A	G	P	T	V	L	R	S
Start	36143.0	2257.0	3265.0	11055.0	12498.0	10440.0	4056.0	17811.0	13501.0	7783.0	8492.0	17703.0	13504.0	8513.0	8668.0	15568.0	13021.0	20739.0	11780.0	18513.0
M	11086.0	4869.0	7321.0	23430.0	24465.0	18335.0	8878.0	25805.0	22369.0	14253.0	16672.0	27569.0	27146.0	23040.0	17501.0	24435.0	27017.0	37018.0	21186.0	28660.0
W	4869.0	3818.0	3940.0	12527.0	12336.0	9484.0	4630.0	12578.0	10501.0	7381.0	8728.0	13089.0	14325.0	13045.0	10094.0	12635.0	14204.0	18313.0	11745.0	14079.0
C	7321.0	3940.0	9686.0	17587.0	17567.0	14145.0	8161.0	18910.0	17200.0	9378.0	13187.0	19986.0	18581.0	18071.0	14026.0	18812.0	20689.0	28727.0	16794.0	22871.0
D	23430.0	12527.0	17587.0	68614.0	68243.0	43357.0	22157.0	66879.0	57640.0	35305.0	43236.0	68559.0	67048.0	60683.0	43838.0	61385.0	67268.0	89663.0	54311.0	72099.0
E	24465.0	12336.0	17567.0	68243.0	81158.0	43384.0	22222.0	72614.0	56965.0	39192.0	41875.0	68442.0	69386.0	57948.0	45266.0	60812.0	67819.0	93903.0	56597.0	72919.0
F	18335.0	9484.0	14145.0	43357.0	43384.0	38174.0	16565.0	47975.0	42630.0	24032.0	32519.0	52951.0	45089.0	41713.0	31773.0	45234.0	50931.0	69442.0	37375.0	53361.0
H	8878.0	4630.0	8161.0	22157.0	22222.0	16565.0	9646.0	22585.0	19995.0	12809.0	16152.0	23922.0	23644.0	21581.0	17258.0	22394.0	24726.0	33936.0	21008.0	25865.0
K	25805.0	12578.0	18910.0	66879.0	72614.0	47975.0	22585.0	90184.0	67489.0	37468.0	48019.0	79331.0	64614.0	57921.0	43122.0	64802.0	68899.0	97042.0	54061.0	76838.0
N	22369.0	10501.0	17200.0	57640.0	56965.0	42630.0	19995.0	67489.0	65190.0	33781.0	43601.0	72476.0	55357.0	52912.0	37878.0	60039.0	61520.0	87238.0	45176.0	69499.0
Q	14253.0	7381.0	9378.0	35305.0	39192.0	24032.0	12809.0	37468.0	33781.0	26874.0	22748.0	38058.0	42188.0	35444.0	27890.0	36779.0	39006.0	54213.0	32630.0	42276.0
Y	16672.0	8728.0	13187.0	43236.0	41875.0	32519.0	16152.0	48019.0	43601.0	22748.0	34172.0	51328.0	40581.0	38920.0	29518.0	42627.0	45941.0	62821.0	34563.0	48930.0
I	27569.0	13089.0	19986.0	68559.0	68442.0	52951.0	23922.0	79331.0	72476.0	38058.0	51328.0	91892.0	66499.0	63329.0	46305.0	70472.0	73920.0	105638.0	53927.0	82553.0
A	27146.0	14325.0	18581.0	67048.0	69386.0	45089.0	23644.0	64614.0	55357.0	42188.0	40581.0	66499.0	99288.0	74751.0	56349.0	71824.0	80078.0	102131.0	66203.0	81548.0
G	23040.0	13045.0	18071.0	60683.0	57948.0	41713.0	21581.0	57921.0	52912.0	35444.0	38920.0	63329.0	74751.0	74236.0	48953.0	63550.0	70684.0	88746.0	55932.0	73402.0
P	17501.0	10094.0	14026.0	43838.0	45266.0	31773.0	17258.0	43122.0	37878.0	27890.0	29518.0	46305.0	56349.0	48953.0	53174.0	50510.0	52255.0	67977.0	44925.0	57345.0
T	24435.0	12635.0	18812.0	61385.0	60812.0	45234.0	22394.0	64802.0	60039.0	36779.0	42627.0	70472.0	71824.0	63550.0	50510.0	74054.0	72543.0	94506.0	54702.0	81072.0
V	27017.0	14204.0	20689.0	67268.0	67819.0	50931.0	24726.0	68899.0	61520.0	39006.0	45941.0	73920.0	80078.0	70684.0	52255.0	72543.0	83338.0	103334.0	61008.0	82345.0
L	37018.0	18313.0	28727.0	89663.0	93903.0	69442.0	33936.0	97042.0	87238.0	54213.0	62821.0	105638.0	102131.0	88746.0	67977.0	94506.0	103334.0	147308.0	80944.0	110921.0
R	21186.0	11745.0	16794.0	54311.0	56597.0	37375.0	21008.0	54061.0	45176.0	32630.0	34563.0	53927.0	66203.0	55932.0	44925.0	54702.0	61008.0	80944.0	64726.0	66668.0
S	28660.0	14079.0	22871.0	72099.0	72919.0	53361.0	25865.0	76838.0	69499.0	42276.0	48930.0	82553.0	81548.0	73402.0	57345.0	81072.0	82345.0	110921.0	66668.0	104870.0
End	4999.0	3608.0	4527.0	13248.0	17431.0	11753.0	5057.0	21070.0	13892.0	8451.0	10454.0	17327.0	13613.0	13860.0	9498.0	13327.0	16088.0	23331.0	15700.0	18073.0
