Proteome_ID	M	W	C	D	E	F	H	K	N	Q	Y	I	A	G	P	T	V	L	R	S
UP000006687	0.015598817250951795	0.03216715359718779	0.03216715359718779	0.03216715359718779	0.03216715359718779	0.030284848156153066	0.03216715359718779	0.015598817250951795	0.04497087906135434	0.03216715359718779	0.030284848156153066	0.04497087906135434	0.06833290133798098	0.06833290133798098	0.06833290133798098	0.06433430719437558	0.06433430719437558	0.09461915535052866	0.06833290133798098	0.12866861438875116
UP000007251	0.014434804532990678	0.031803085295734536	0.031803085295734536	0.031803085295734536	0.031803085295734536	0.02643159251402115	0.031803085295734536	0.014434804532990678	0.038428380495051616	0.031803085295734536	0.02643159251402115	0.038428380495051616	0.07653237191752485	0.07653237191752485	0.07653237191752485	0.06360617059146907	0.06360617059146907	0.09003776310549022	0.07653237191752485	0.12721234118293814
UP000006677	0.01856507753556346	0.0316877919860174	0.0316877919860174	0.0316877919860174	0.0316877919860174	0.04482962098827577	0.0316877919860174	0.01856507753556346	0.07109416444098807	0.0316877919860174	0.04482962098827577	0.07109416444098807	0.04479699532644783	0.04479699532644783	0.04479699532644783	0.0633755839720348	0.0633755839720348	0.10820520496031057	0.04479699532644783	0.1267511679440696
UP000007666	0.01875677298031481	0.031512098064195984	0.031512098064195984	0.031512098064195984	0.031512098064195984	0.04633870682531389	0.031512098064195984	0.01875677298031481	0.07392064067031295	0.031512098064195984	0.04633870682531389	0.07392064067031295	0.04285887079891674	0.04285887079891674	0.04285887079891674	0.06302419612839197	0.06302419612839197	0.10936290295370588	0.04285887079891674	0.12604839225678394
UP000099345	0.010757230755309094	0.029465458155846648	0.029465458155846648	0.029465458155846648	0.029465458155846648	0.016942638439611826	0.029465458155846648	0.010757230755309094	0.02312804612391456	0.029465458155846648	0.016942638439611826	0.02312804612391456	0.10248855010729269	0.10248855010729269	0.10248855010729269	0.058930916311693296	0.058930916311693296	0.07587355475130514	0.10248855010729269	0.11786183262338659
UP000007699	0.018047568660532212	0.03201389484559672	0.03201389484559672	0.03201389484559672	0.03201389484559672	0.041369001243493186	0.03201389484559672	0.018047568660532212	0.06469043382645415	0.03201389484559672	0.041369001243493186	0.06469043382645415	0.04954866844150007	0.04954866844150007	0.04954866844150007	0.06402778969119344	0.06402778969119344	0.10539679093468662	0.04954866844150007	0.12805557938238687
UP000002135	0.016103877683015997	0.03225495268695897	0.03225495268695897	0.03225495268695897	0.03225495268695897	0.03216069596701437	0.03225495268695897	0.016103877683015997	0.04821751425101275	0.03225495268695897	0.03216069596701437	0.04821751425101275	0.06469897130988894	0.06469897130988894	0.06469897130988894	0.06450990537391794	0.06450990537391794	0.09667060134093232	0.06469897130988894	0.1290198107478359
UP000008222	0.01849066619395258	0.03174655035012069	0.03174655035012069	0.03174655035012069	0.03174655035012069	0.04428334303603925	0.03174655035012069	0.01849066619395258	0.07007601987812592	0.03174655035012069	0.04428334303603925	0.07007601987812592	0.04551794828644854	0.04551794828644854	0.04551794828644854	0.06349310070024138	0.06349310070024138	0.10777644373628062	0.04551794828644854	0.12698620140048275
UP000008623	0.015102730699760477	0.03203772492105574	0.03203772492105574	0.03203772492105574	0.03203772492105574	0.028571437662923648	0.03203772492105574	0.015102730699760477	0.042040144626086816	0.03203772492105574	0.028571437662923648	0.042040144626086816	0.07184908440566065	0.07184908440566065	0.07184908440566065	0.06407544984211148	0.06407544984211148	0.09264688750503514	0.07184908440566065	0.12815089968422297
UP000172353	0.0168971787704503	0.020815596338484257	0.020815596338484257	0.020815596338484257	0.020815596338484257	0.08976196294499958	0.020815596338484257	0.0168971787704503	0.16262674711954883	0.020815596338484257	0.08976196294499958	0.16262674711954883	0.009654179492313713	0.009654179492313713	0.009654179492313713	0.04163119267696851	0.04163119267696851	0.13139315562196807	0.009654179492313713	0.08326238535393703
UP000163220	0.019577081481177906	0.0296795028502704	0.0296795028502704	0.0296795028502704	0.0296795028502704	0.057514730814756186	0.0296795028502704	0.019577081481177906	0.09545238014833447	0.0296795028502704	0.057514730814756186	0.09545238014833447	0.03063120967309505	0.03063120967309505	0.03063120967309505	0.0593590057005408	0.0593590057005408	0.11687373651529698	0.03063120967309505	0.1187180114010816
UP000000360	0.016232493852060485	0.03226952943672386	0.03226952943672386	0.03226952943672386	0.03226952943672386	0.03266282820320251	0.03226952943672386	0.016232493852060485	0.04909316255434453	0.03226952943672386	0.03266282820320251	0.04909316255434453	0.06376193289750018	0.06376193289750018	0.06376193289750018	0.06453905887344771	0.06453905887344771	0.09720188707665023	0.06376193289750018	0.12907811774689543
UP000004993	0.017046778034240536	0.03227635059744916	0.03227635059744916	0.03227635059744916	0.03227635059744916	0.036127592032308684	0.03227635059744916	0.017046778034240536	0.05520840603037684	0.03227635059744916	0.036127592032308684	0.05520840603037684	0.05767131155366318	0.05767131155366318	0.05767131155366318	0.06455270119489832	0.06455270119489832	0.10068029322720701	0.05767131155366318	0.12910540238979665
UP000008865	0.01627786088684601	0.032273867767418585	0.032273867767418585	0.032273867767418585	0.032273867767418585	0.03284254212446915	0.032273867767418585	0.01627786088684601	0.0494072233620923	0.032273867767418585	0.03284254212446915	0.0494072233620923	0.06343008021250464	0.06343008021250464	0.06343008021250464	0.06454773553483717	0.06454773553483717	0.09739027765930633	0.06343008021250464	0.12909547106967434
UP000009108	0.018478592234300605	0.031755645622501334	0.031755645622501334	0.031755645622501334	0.031755645622501334	0.04419652534625205	0.031755645622501334	0.018478592234300605	0.0699144584582035	0.031755645622501334	0.04419652534625205	0.0699144584582035	0.0456334981540536	0.0456334981540536	0.0456334981540536	0.06351129124500267	0.06351129124500267	0.10770781659125471	0.0456334981540536	0.12702258249000534
UP000000396	0.01807317900015549	0.03200168392550132	0.03200168392550132	0.03200168392550132	0.03200168392550132	0.041524353474543745	0.03200168392550132	0.01807317900015549	0.064975527948932	0.03200168392550132	0.041524353474543745	0.064975527948932	0.049325645717543214	0.049325645717543214	0.049325645717543214	0.06400336785100263	0.06400336785100263	0.10552772132554639	0.049325645717543214	0.12800673570200527
UP000007661	0.017202767464402604	0.032258277690366474	0.032258277690366474	0.032258277690366474	0.032258277690366474	0.03685903975226941	0.032258277690366474	0.017202767464402604	0.056515312040136205	0.032258277690366474	0.03685903975226941	0.056515312040136205	0.056463569672062654	0.056463569672062654	0.056463569672062654	0.06451655538073295	0.06451655538073295	0.10137559513300236	0.056463569672062654	0.1290331107614659
UP000007068	0.01803804417318677	0.03201834832840519	0.03201834832840519	0.03201834832840519	0.03201834832840519	0.04131157484758102	0.03201834832840519	0.01803804417318677	0.06458510552197529	0.03201834832840519	0.04131157484758102	0.06458510552197529	0.04963135070311248	0.04963135070311248	0.04963135070311248	0.06403669665681037	0.06403669665681037	0.1053482715043914	0.04963135070311248	0.12807339331362075
UP000134285	0.01753386387215425	0.03219481476666819	0.03219481476666819	0.03219481476666819	0.03219481476666819	0.03850360754698486	0.03219481476666819	0.01753386387215425	0.05947335122181548	0.03219481476666819	0.03850360754698486	0.05947335122181548	0.0538394277261037	0.0538394277261037	0.0538394277261037	0.06438962953333638	0.06438962953333638	0.10289323708032125	0.0538394277261037	0.12877925906667276
UP000006372	0.018286822128982215	0.031885372071705116	0.031885372071705116	0.031885372071705116	0.031885372071705116	0.04287825761185059	0.031885372071705116	0.018286822128982215	0.06746969309471895	0.031885372071705116	0.04287825761185059	0.06746969309471895	0.04742156089244102	0.04742156089244102	0.04742156089244102	0.06377074414341023	0.06377074414341023	0.10664900175526082	0.04742156089244102	0.12754148828682046
UP000009089	0.018886051779083642	0.031369473767203934	0.031369473767203934	0.031369473767203934	0.031369473767203934	0.04745858198287407	0.031369473767203934	0.018886051779083642	0.07603111218666449	0.031369473767203934	0.04745858198287407	0.07603111218666449	0.04146958646115463	0.04146958646115463	0.04146958646115463	0.06273894753440787	0.06273894753440787	0.11019752951728193	0.04146958646115463	0.12547789506881574
UP000002317	0.017458821741469108	0.032212414397187916	0.032212414397187916	0.032212414397187916	0.032212414397187916	0.038118905269140815	0.032212414397187916	0.017458821741469108	0.05877898879681253	0.032212414397187916	0.038118905269140815	0.05877898879681253	0.054442258190251905	0.054442258190251905	0.054442258190251905	0.06442482879437583	0.06442482879437583	0.10254373406351665	0.054442258190251905	0.12884965758875166
UP000000862	0.018450442463723946	0.03177639687372889	0.03177639687372889	0.03177639687372889	0.03177639687372889	0.04399599189556095	0.03177639687372889	0.018450442463723946	0.06954154132739795	0.03177639687372889	0.04399599189556095	0.06954154132739795	0.045901426687852756	0.045901426687852756	0.045901426687852756	0.06355279374745779	0.06355279374745779	0.10754878564301873	0.045901426687852756	0.12710558749491557
UP000000344	0.019564719112011436	0.02976147072719989	0.02976147072719989	0.02976147072719989	0.02976147072719989	0.05710395203416507	0.02976147072719989	0.019564719112011436	0.09464318495631872	0.02976147072719989	0.05710395203416507	0.09464318495631872	0.03102220103141156	0.03102220103141156	0.03102220103141156	0.05952294145439978	0.05952294145439978	0.11662689348856488	0.03102220103141156	0.11904588290879956
UP000125273	0.010426869134590695	0.029174054143224597	0.029174054143224597	0.029174054143224597	0.029174054143224597	0.016226118456545428	0.029174054143224597	0.010426869134590695	0.022025367778500157	0.029174054143224597	0.016226118456545428	0.022025367778500157	0.1049080761281471	0.1049080761281471	0.1049080761281471	0.05834810828644919	0.05834810828644919	0.07457422674299463	0.1049080761281471	0.11669621657289839
UP000000470	0.01689963735518847	0.032287150932511055	0.032287150932511055	0.032287150932511055	0.032287150932511055	0.03545999418618309	0.032287150932511055	0.01689963735518847	0.054020351017177705	0.032287150932511055	0.03545999418618309	0.054020351017177705	0.058796406444135384	0.058796406444135384	0.058796406444135384	0.06457430186502211	0.06457430186502211	0.10003429605120519	0.058796406444135384	0.12914860373004422
UP000008687	0.017531791798353877	0.03219532765066065	0.03219532765066065	0.03219532765066065	0.03219532765066065	0.03849288377212062	0.03219532765066065	0.017531791798353877	0.059453975745887365	0.03219532765066065	0.03849288377212062	0.059453975745887365	0.05385614279614626	0.05385614279614626	0.05385614279614626	0.0643906553013213	0.0643906553013213	0.10288353907344193	0.05385614279614626	0.1287813106026426
UP000008226	0.01860302960737006	0.03165593335365259	0.03165593335365259	0.03165593335365259	0.03165593335365259	0.045116111853245724	0.03165593335365259	0.01860302960737006	0.07162919409912138	0.03165593335365259	0.045116111853245724	0.07162919409912138	0.044423070842209644	0.044423070842209644	0.044423070842209644	0.06331186670730518	0.06331186670730518	0.1084279785605509	0.044423070842209644	0.12662373341461036
UP000009116	0.018974221188420373	0.03125812193209823	0.03125812193209823	0.03125812193209823	0.03125812193209823	0.04828258806792257	0.03125812193209823	0.018974221188420373	0.07759095494742478	0.03125812193209823	0.04828258806792257	0.07759095494742478	0.040472983152742587	0.040472983152742587	0.040472983152742587	0.06251624386419646	0.06251624386419646	0.11079883193211904	0.040472983152742587	0.12503248772839293
UP000002241	0.017972737683052256	0.03204763826181009	0.03204763826181009	0.03204763826181009	0.03204763826181009	0.0409227612385518	0.03204763826181009	0.017972737683052256	0.06387278479405135	0.03204763826181009	0.0409227612385518	0.06387278479405135	0.05019461478529399	0.05019461478529399	0.05019461478529399	0.06409527652362018	0.06409527652362018	0.10501803776217196	0.05019461478529399	0.12819055304724036
UP000006674	0.019325957847890794	0.03063204114722265	0.03063204114722265	0.03063204114722265	0.03063204114722265	0.05236062041406201	0.03063204114722265	0.019325957847890794	0.08539528298023323	0.03063204114722265	0.05236062041406201	0.08539528298023323	0.03584074968650085	0.03584074968650085	0.03584074968650085	0.0612640822944453	0.0612640822944453	0.11362470270850732	0.03584074968650085	0.1225281645888906
UP000006716	0.019080927304935612	0.031104281878824604	0.031104281878824604	0.031104281878824604	0.031104281878824604	0.04936214246654372	0.031104281878824604	0.019080927304935612	0.07964335762815182	0.031104281878824604	0.04936214246654372	0.07964335762815182	0.03919912316825004	0.03919912316825004	0.03919912316825004	0.06220856375764921	0.06220856375764921	0.11157070622419292	0.03919912316825004	0.12441712751529842
UP000001795	0.017015581253537946	0.032279132612482345	0.032279132612482345	0.032279132612482345	0.032279132612482345	0.035984299514906934	0.032279132612482345	0.017015581253537946	0.05495301777627592	0.032279132612482345	0.035984299514906934	0.05495301777627592	0.057910945398983456	0.057910945398983456	0.057910945398983456	0.06455826522496469	0.06455826522496469	0.10054256473987161	0.057910945398983456	0.12911653044992938
UP000007453	0.017631541391617385	0.032168840872990594	0.032168840872990594	0.032168840872990594	0.032168840872990594	0.03901592934088125	0.032168840872990594	0.017631541391617385	0.06040031729014512	0.032168840872990594	0.03901592934088125	0.06040031729014512	0.05304676016149543	0.05304676016149543	0.05304676016149543	0.06433768174598119	0.06433768174598119	0.10335361108686245	0.05304676016149543	0.12867536349196237
UP000140422	0.01474913189408774	0.03192172270624306	0.03192172270624306	0.03192172270624306	0.03192172270624306	0.027416812269678858	0.03192172270624306	0.01474913189408774	0.04008449264526997	0.03192172270624306	0.027416812269678858	0.04008449264526997	0.07433368770308976	0.07433368770308976	0.07433368770308976	0.06384344541248611	0.06384344541248611	0.09126025768216499	0.07433368770308976	0.12768689082497223
UP000009190	0.012223454278046365	0.03059762044132014	0.03059762044132014	0.03059762044132014	0.03059762044132014	0.020355134004886755	0.03059762044132014	0.012223454278046365	0.028486813731727144	0.03059762044132014	0.020355134004886755	0.028486813731727144	0.09198803372616761	0.09198803372616761	0.09198803372616761	0.06119524088264028	0.06119524088264028	0.08155037488752705	0.09198803372616761	0.12239048176528056
UP000007225	0.014991407315160294	0.0320032571069268	0.0320032571069268	0.0320032571069268	0.0320032571069268	0.028202333583614278	0.0320032571069268	0.014991407315160294	0.041413259852068264	0.0320032571069268	0.028202333583614278	0.041413259852068264	0.07263288780096779	0.07263288780096779	0.07263288780096779	0.0640065142138536	0.0640065142138536	0.09220884779746788	0.07263288780096779	0.1280130284277072
UP000008479	0.016965175381431597	0.03228306254475155	0.03228306254475155	0.03228306254475155	0.03228306254475155	0.03575478863905741	0.03228306254475155	0.016965175381431597	0.05454440189668321	0.03228306254475155	0.03575478863905741	0.05454440189668321	0.05829686970264331	0.05829686970264331	0.05829686970264331	0.0645661250895031	0.0645661250895031	0.10032091372856052	0.05829686970264331	0.1291322501790062
UP000002242	0.0167901489316511	0.03229148742421573	0.03229148742421573	0.03229148742421573	0.03229148742421573	0.03497626242644673	0.03229148742421573	0.0167901489316511	0.05316237592124237	0.03229148742421573	0.03497626242644673	0.05316237592124237	0.05962559105685526	0.05962559105685526	0.05962559105685526	0.06458297484843147	0.06458297484843147	0.0995592372748782	0.05962559105685526	0.12916594969686293
UP000007544	0.01779741843879569	0.03211619680467376	0.03211619680467376	0.03211619680467376	0.03211619680467376	0.039918586529531834	0.03211619680467376	0.01779741843879569	0.06203975462026798	0.03211619680467376	0.039918586529531834	0.06203975462026798	0.05167768635462424	0.05167768635462424	0.05167768635462424	0.06423239360934752	0.06423239360934752	0.10415098013887936	0.05167768635462424	0.12846478721869503
UP000007711	0.01942880691371027	0.030347251595175047	0.030347251595175047	0.030347251595175047	0.030347251595175047	0.05400136272205228	0.030347251595175047	0.01942880691371027	0.0885739185303943	0.030347251595175047	0.05400136272205228	0.0885739185303943	0.034108608855708294	0.034108608855708294	0.034108608855708294	0.060694503190350094	0.060694503190350094	0.11469586591240237	0.034108608855708294	0.12138900638070019
UP000009246	0.01958310578314511	0.029635664858880396	0.029635664858880396	0.029635664858880396	0.029635664858880396	0.057732399831019285	0.029635664858880396	0.01958310578314511	0.09588169387889346	0.029635664858880396	0.057732399831019285	0.09588169387889346	0.030425640860194676	0.030425640860194676	0.030425640860194676	0.05927132971776079	0.05927132971776079	0.11700372954878006	0.030425640860194676	0.11854265943552159
UP000002665	0.016332121214338805	0.03227849323070417	0.03227849323070417	0.03227849323070417	0.03227849323070417	0.03305932305599337	0.03227849323070417	0.016332121214338805	0.04978652489764794	0.03227849323070417	0.03305932305599337	0.04978652489764794	0.06303221172919493	0.06303221172919493	0.06303221172919493	0.06455698646140834	0.06455698646140834	0.09761630951740172	0.06303221172919493	0.12911397292281668
UP000002092	0.015863872123106644	0.03221910311728297	0.03221910311728297	0.03221910311728297	0.03221910311728297	0.031251147229639266	0.03221910311728297	0.015863872123106644	0.04663842233617188	0.03221910311728297	0.031251147229639266	0.04663842233617188	0.0664340798789994	0.0664340798789994	0.0664340798789994	0.06443820623456593	0.06443820623456593	0.09568935346420519	0.0664340798789994	0.12887641246913187
UP000007016	0.018392984918873652	0.03181685546880174	0.03181685546880174	0.03181685546880174	0.03181685546880174	0.04359450134944783	0.03181685546880174	0.018392984918873652	0.068796017780022	0.03181685546880174	0.04359450134944783	0.068796017780022	0.04644220076325938	0.04644220076325938	0.04644220076325938	0.06363371093760348	0.06363371093760348	0.10722821228705132	0.04644220076325938	0.12726742187520695
UP000009115	0.016444586854036526	0.03228608133383114	0.03228608133383114	0.03228608133383114	0.03228608133383114	0.03351522606328978	0.03228608133383114	0.016444586854036526	0.05058586527254304	0.03228608133383114	0.03351522606328978	0.05058586527254304	0.06220402905391834	0.06220402905391834	0.06220402905391834	0.06457216266766228	0.06457216266766228	0.09808738873095205	0.06220402905391834	0.12914432533532455
UP000002131	0.010774013150932338	0.029479900144878928	0.029479900144878928	0.029479900144878928	0.029479900144878928	0.016979511955347623	0.029479900144878928	0.010774013150932338	0.023185010759762908	0.029479900144878928	0.016979511955347623	0.023185010759762908	0.10236625349862596	0.10236625349862596	0.10236625349862596	0.058959800289757856	0.058959800289757856	0.07593931224510549	0.10236625349862596	0.11791960057951571
UP000009294	0.009238510147876623	0.02801073928853814	0.02801073928853814	0.02801073928853814	0.02801073928853814	0.013785123611460825	0.02801073928853814	0.009238510147876623	0.018331737075045026	0.02801073928853814	0.013785123611460825	0.018331737075045026	0.11383307652579099	0.11383307652579099	0.11383307652579099	0.05602147857707628	0.05602147857707628	0.0698066021885371	0.11383307652579099	0.11204295715415256
UP000008446	0.019382803358146	0.030484380297207257	0.030484380297207257	0.030484380297207257	0.030484380297207257	0.05322421778807872	0.030484380297207257	0.019382803358146	0.08706563221801143	0.030484380297207257	0.05322421778807872	0.08706563221801143	0.03492009768203317	0.03492009768203317	0.03492009768203317	0.060968760594414514	0.060968760594414514	0.11419297838249322	0.03492009768203317	0.12193752118882903
UP000002326	0.01838509301437188	0.031822220616898225	0.031822220616898225	0.031822220616898225	0.031822220616898225	0.04354014513157848	0.031822220616898225	0.01838509301437188	0.0686951972487851	0.031822220616898225	0.04354014513157848	0.0686951972487851	0.04651586355214475	0.04651586355214475	0.04651586355214475	0.06364444123379645	0.06364444123379645	0.10718458636537494	0.04651586355214475	0.1272888824675929
UP000007219	0.01570672923170742	0.032189816870370605	0.032189816870370605	0.032189816870370605	0.032189816870370605	0.030673666771947328	0.032189816870370605	0.01570672923170742	0.045640604312187236	0.032189816870370605	0.030673666771947328	0.045640604312187236	0.06756181566760977	0.06756181566760977	0.06756181566760977	0.06437963374074121	0.06437963374074121	0.09505330051268854	0.06756181566760977	0.12875926748148242
UP000006540	0.018169072292852462	0.03195278781132682	0.03195278781132682	0.03195278781132682	0.03195278781132682	0.042118724151267876	0.03195278781132682	0.018169072292852462	0.0660683760096833	0.03195278781132682	0.042118724151267876	0.0660683760096833	0.048481081489973946	0.048481081489973946	0.048481081489973946	0.06390557562265364	0.06390557562265364	0.10602429977392151	0.048481081489973946	0.1278111512453073
UP000000840	0.016767069364101345	0.03229201427683506	0.03229201427683506	0.03229201427683506	0.03229201427683506	0.03487564344541718	0.03229201427683506	0.016767069364101345	0.052984217526733025	0.03229201427683506	0.03487564344541718	0.052984217526733025	0.05979956686317968	0.05979956686317968	0.05979956686317968	0.06458402855367013	0.06458402855367013	0.0994596719990873	0.05979956686317968	0.12916805710734025
UP000201106	0.01738810169169324	0.03222721560855501	0.03222721560855501	0.03222721560855501	0.03222721560855501	0.037763043358331964	0.03222721560855501	0.01738810169169324	0.05813798502497068	0.03222721560855501	0.037763043358331964	0.05813798502497068	0.055005811688699	0.055005811688699	0.055005811688699	0.06445443121711002	0.06445443121711002	0.102217474575442	0.055005811688699	0.12890886243422003
UP000008920	0.01807746013536753	0.03199960875680758	0.03199960875680758	0.03199960875680758	0.03199960875680758	0.04155045800600798	0.03199960875680758	0.01807746013536753	0.06502345587664843	0.03199960875680758	0.04155045800600798	0.06502345587664843	0.0492882634622557	0.0492882634622557	0.0492882634622557	0.06399921751361516	0.06399921751361516	0.10554967551962313	0.0492882634622557	0.12799843502723032
UP000009253	0.018724562975081696	0.03154435250746446	0.03154435250746446	0.03154435250746446	0.03154435250746446	0.04607362808431472	0.03154435250746446	0.018724562975081696	0.07342269319354774	0.03154435250746446	0.04607362808431472	0.07342269319354774	0.043193740822591406	0.043193740822591406	0.043193740822591406	0.06308870501492891	0.06308870501492891	0.10916233309924364	0.043193740822591406	0.12617741002985783
UP000008286	0.01927967720673542	0.030738695263029456	0.030738695263029456	0.030738695263029456	0.030738695263029456	0.05171753107605087	0.030738695263029456	0.01927967720673542	0.08415538494536631	0.030738695263029456	0.05171753107605087	0.08415538494536631	0.03653953956479313	0.03653953956479313	0.03653953956479313	0.06147739052605891	0.06147739052605891	0.11319492160210978	0.03653953956479313	0.12295478105211782
UP000007908	0.016835670277585063	0.03229005649948584	0.03229005649948584	0.03229005649948584	0.03229005649948584	0.0351760811891418	0.03229005649948584	0.016835670277585063	0.05351649210069854	0.03229005649948584	0.0351760811891418	0.05351649210069854	0.05928163192105853	0.05928163192105853	0.05928163192105853	0.06458011299897168	0.06458011299897168	0.09975619418811346	0.05928163192105853	0.12916022599794336
UP000007670	0.016784847873605954	0.032291620177514246	0.032291620177514246	0.032291620177514246	0.032291620177514246	0.03495311091497966	0.032291620177514246	0.016784847873605954	0.053121373956353364	0.032291620177514246	0.03495311091497966	0.053121373956353364	0.05966557518872862	0.05966557518872862	0.05966557518872862	0.06458324035502849	0.06458324035502849	0.09953635127000814	0.05966557518872862	0.12916648071005699
UP000002501	0.019134794698276825	0.031016953113243265	0.031016953113243265	0.031016953113243265	0.031016953113243265	0.04994909251844581	0.031016953113243265	0.019134794698276825	0.0807633903386148	0.031016953113243265	0.04994909251844581	0.0807633903386148	0.03852127563974673	0.03852127563974673	0.03852127563974673	0.06203390622648653	0.06203390622648653	0.11198299874493235	0.03852127563974673	0.12406781245297306
UP000008167	0.014130225347616718	0.031674826465961606	0.031674826465961606	0.031674826465961606	0.031674826465961606	0.0255105506697843	0.031674826465961606	0.014130225347616718	0.036890875991951885	0.031674826465961606	0.0255105506697843	0.036890875991951885	0.07865723046403099	0.07865723046403099	0.07865723046403099	0.06334965293192321	0.06334965293192321	0.08886020360170752	0.07865723046403099	0.12669930586384642
UP000110594	0.006226605665843589	0.024131821001594778	0.024131821001594778	0.024131821001594778	0.024131821001594778	0.008391931097060412	0.024131821001594778	0.006226605665843589	0.010557256528277232	0.024131821001594778	0.008391931097060412	0.010557256528277232	0.13878683657376523	0.13878683657376523	0.13878683657376523	0.048263642003189555	0.048263642003189555	0.05665557310024996	0.13878683657376523	0.09652728400637911
UP000008447	0.017707344820992302	0.03214616735531816	0.03214616735531816	0.03214616735531816	0.03214616735531816	0.039423108683600244	0.03214616735531816	0.017707344820992302	0.061138872546208194	0.03214616735531816	0.039423108683600244	0.061138872546208194	0.052424890382426925	0.052424890382426925	0.052424890382426925	0.06429233471063632	0.06429233471063632	0.10371544339423658	0.052424890382426925	0.12858466942127264
UP000002325	0.017502908882862926	0.03220231623137362	0.03220231623137362	0.03220231623137362	0.03220231623137362	0.038344008942100404	0.03220231623137362	0.017502908882862926	0.05918510900133788	0.03220231623137362	0.038344008942100404	0.05918510900133788	0.05408871942582981	0.05408871942582981	0.05408871942582981	0.06440463246274725	0.06440463246274725	0.10274864140484763	0.05408871942582981	0.1288092649254945
UP000006541	0.01642056009998035	0.03228469036000202	0.03228469036000202	0.03228469036000202	0.03228469036000202	0.033417066657705656	0.03228469036000202	0.01642056009998035	0.05041357321543096	0.03228469036000202	0.033417066657705656	0.05041357321543096	0.06238137190900701	0.06238137190900701	0.06238137190900701	0.06456938072000404	0.06456938072000404	0.0979864473777097	0.06238137190900701	0.12913876144000808
UP000138352	0.01855880674957336	0.031692929401664356	0.031692929401664356	0.031692929401664356	0.031692929401664356	0.04478281250097202	0.031692929401664356	0.01855880674957336	0.07100681825237067	0.031692929401664356	0.04478281250097202	0.07100681825237067	0.04485836051664149	0.04485836051664149	0.04485836051664149	0.06338585880332871	0.06338585880332871	0.10816867130430075	0.04485836051664149	0.12677171760665742
UP000006711	0.012550869920565607	0.030814827447889732	0.030814827447889732	0.030814827447889732	0.030814827447889732	0.021175744103901363	0.030814827447889732	0.012550869920565607	0.029800618287237117	0.030814827447889732	0.021175744103901363	0.029800618287237117	0.08968313802661369	0.08968313802661369	0.08968313802661369	0.061629654895779463	0.061629654895779463	0.08280539899968081	0.08968313802661369	0.12325930979155893
UP000008622	0.019512579792194413	0.03003399258864613	0.03003399258864613	0.03003399258864613	0.03003399258864613	0.0556998084004243	0.03003399258864613	0.019512579792194413	0.0918870370086542	0.03003399258864613	0.0556998084004243	0.0918870370086542	0.03238936494467293	0.03238936494467293	0.03238936494467293	0.06006798517729226	0.06006798517729226	0.11576779357771658	0.03238936494467293	0.12013597035458452
UP000001189	0.013864269033387003	0.03155250305119777	0.03155250305119777	0.03155250305119777	0.03155250305119777	0.024731264327353838	0.03155250305119777	0.013864269033387003	0.03559825962132067	0.03155250305119777	0.024731264327353838	0.03559825962132067	0.08051027522233971	0.08051027522233971	0.08051027522233971	0.06310500610239554	0.06310500610239554	0.08783627042974938	0.08051027522233971	0.12621001220479108
UP000516359	0.01959468006194871	0.02954177757506559	0.02954177757506559	0.02954177757506559	0.02954177757506559	0.058194028889466204	0.02954177757506559	0.01959468006194871	0.0967933777169837	0.02954177757506559	0.058194028889466204	0.0967933777169837	0.029993339143171784	0.029993339143171784	0.029993339143171784	0.05908355515013118	0.05908355515013118	0.1172775840395974	0.029993339143171784	0.11816711030026236
UP000002477	0.017149157168235354	0.032265288066124574	0.032265288066124574	0.032265288066124574	0.032265288066124574	0.03660477008714072	0.032265288066124574	0.017149157168235354	0.05606038300604607	0.032265288066124574	0.03660477008714072	0.05606038300604607	0.05688050008300542	0.05688050008300542	0.05688050008300542	0.06453057613224915	0.06453057613224915	0.10113534621938987	0.05688050008300542	0.1290611522644983
UP000009104	0.01850231414188471	0.03173766288945109	0.03173766288945109	0.03173766288945109	0.03173766288945109	0.044367565986339	0.03173766288945109	0.01850231414188471	0.07023281783079328	0.03173766288945109	0.044367565986339	0.07023281783079328	0.0454061079661024	0.0454061079661024	0.0454061079661024	0.06347532577890218	0.06347532577890218	0.10784289176524117	0.0454061079661024	0.12695065155780436
UP000007218	0.018560247832094517	0.031691751894283	0.031691751894283	0.031691751894283	0.031691751894283	0.04479355651915425	0.031691751894283	0.018560247832094517	0.07102686520621398	0.031691751894283	0.04479355651915425	0.07102686520621398	0.04484426851434808	0.04484426851434808	0.04484426851434808	0.063383503788566	0.063383503788566	0.10817706030772024	0.04484426851434808	0.126767007577132
UP000000518	0.012724421697166366	0.03092465692727146	0.03092465692727146	0.03092465692727146	0.03092465692727146	0.021620510427904343	0.03092465692727146	0.012724421697166366	0.030516599158642323	0.03092465692727146	0.021620510427904343	0.030516599158642323	0.08846547904208155	0.08846547904208155	0.08846547904208155	0.06184931385454292	0.06184931385454292	0.08346982428244726	0.08846547904208155	0.12369862770908584
UP000008774	0.012348402114335875	0.030682049182702408	0.030682049182702408	0.030682049182702408	0.030682049182702408	0.020665516227459275	0.030682049182702408	0.012348402114335875	0.028982630340582675	0.030682049182702408	0.020665516227459275	0.028982630340582675	0.09110714987113666	0.09110714987113666	0.09110714987113666	0.061364098365404816	0.061364098365404816	0.08202961459286409	0.09110714987113666	0.12272819673080963
UP000001833	0.01869825814039813	0.031569819705054486	0.031569819705054486	0.031569819705054486	0.031569819705054486	0.045860840996311256	0.031569819705054486	0.01869825814039813	0.07302342385222438	0.031569819705054486	0.045860840996311256	0.07302342385222438	0.043464249436237376	0.043464249436237376	0.043464249436237376	0.06313963941010897	0.06313963941010897	0.10900048040642024	0.043464249436237376	0.12627927882021794
UP000002138	0.01395602497172629	0.03159577433051407	0.03159577433051407	0.03159577433051407	0.03159577433051407	0.024997600962964335	0.03159577433051407	0.01395602497172629	0.036039176954202376	0.03159577433051407	0.024997600962964335	0.036039176954202376	0.07987110099275616	0.07987110099275616	0.07987110099275616	0.06319154866102814	0.06319154866102814	0.08818914962399246	0.07987110099275616	0.12638309732205627
UP000008478	0.018844801256226743	0.03141743561390481	0.03141743561390481	0.03141743561390481	0.03141743561390481	0.047090793646024545	0.03141743561390481	0.018844801256226743	0.07533678603582236	0.03141743561390481	0.047090793646024545	0.07533678603582236	0.04192136866383785	0.04192136866383785	0.04192136866383785	0.06283487122780962	0.06283487122780962	0.10992566487383416	0.04192136866383785	0.12566974245561924
UP000158064	0.018744789970834345	0.03152423862335094	0.03152423862335094	0.03152423862335094	0.03152423862335094	0.04623949342828742	0.03152423862335094	0.018744789970834345	0.07373419688574048	0.03152423862335094	0.04623949342828742	0.07373419688574048	0.042983932007093266	0.042983932007093266	0.042983932007093266	0.06304847724670189	0.06304847724670189	0.10928797067498928	0.042983932007093266	0.12609695449340377
UP000001065	0.019622008050833018	0.029211644116052236	0.029211644116052236	0.029211644116052236	0.029211644116052236	0.059771936299247104	0.029211644116052236	0.019622008050833018	0.0999218645476612	0.029211644116052236	0.059771936299247104	0.0999218645476612	0.028552535012108606	0.028552535012108606	0.028552535012108606	0.05842328823210447	0.05842328823210447	0.11819522453135158	0.028552535012108606	0.11684657646420894
UP000002473	0.01765447901519044	0.03216221806114634	0.03216221806114634	0.03216221806114634	0.03216221806114634	0.03913822836514048	0.03216221806114634	0.01765447901519044	0.06062197771509051	0.03216221806114634	0.03913822836514048	0.06062197771509051	0.05285922811641885	0.05285922811641885	0.05285922811641885	0.06432443612229267	0.06432443612229267	0.10346266448743315	0.05285922811641885	0.12864887224458535
UP000001594	0.014514878788211505	0.03183465399351024	0.03183465399351024	0.03183465399351024	0.03183465399351024	0.026679107465499265	0.03183465399351024	0.014514878788211505	0.03884333614278703	0.03183465399351024	0.026679107465499265	0.03884333614278703	0.07597294596133534	0.07597294596133534	0.07597294596133534	0.06366930798702047	0.06366930798702047	0.09034841545251973	0.07597294596133534	0.12733861597404095
UP000000868	0.018845988497327496	0.03141608907697935	0.03141608907697935	0.03141608907697935	0.03141608907697935	0.04710123436356522	0.03141608907697935	0.018845988497327496	0.07535648022980294	0.03141608907697935	0.04710123436356522	0.07535648022980294	0.04190848355584347	0.04190848355584347	0.04190848355584347	0.0628321781539587	0.0628321781539587	0.10993341251752392	0.04190848355584347	0.1256643563079174
UP000009165	0.018546037382178148	0.031703282659661935	0.031703282659661935	0.031703282659661935	0.031703282659661935	0.04468794591448818	0.031703282659661935	0.018546037382178148	0.07082985444679821	0.031703282659661935	0.04468794591448818	0.07082985444679821	0.04498296401099791	0.04498296401099791	0.04498296401099791	0.06340656531932387	0.06340656531932387	0.10809451123381206	0.04498296401099791	0.12681313063864774
UP000002243	0.01906218730227835	0.031133027479636696	0.031133027479636696	0.031133027479636696	0.031133027479636696	0.04916506161824526	0.031133027479636696	0.01906218730227835	0.07926793593421216	0.031133027479636696	0.04916506161824526	0.07926793593421216	0.039429032249524015	0.039429032249524015	0.039429032249524015	0.06226605495927339	0.06226605495927339	0.11143111657751865	0.039429032249524015	0.12453210991854678
UP000242267	0.01940274542030292	0.03042718541514351	0.03042718541514351	0.03042718541514351	0.03042718541514351	0.05355110397831325	0.03042718541514351	0.01940274542030292	0.08769946253632357	0.03042718541514351	0.05355110397831325	0.08769946253632357	0.034576826377377815	0.034576826377377815	0.034576826377377815	0.06085437083028702	0.06085437083028702	0.11440547480860026	0.034576826377377815	0.12170874166057404
UP000158680	0.011286537330719786	0.02990429932276077	0.02990429932276077	0.02990429932276077	0.02990429932276077	0.01812870906823519	0.02990429932276077	0.011286537330719786	0.024970880805750592	0.02990429932276077	0.01812870906823519	0.024970880805750592	0.09865756183954535	0.09865756183954535	0.09865756183954535	0.05980859864552154	0.05980859864552154	0.07793730771375673	0.09865756183954535	0.11961719729104307
UP000153037	0.0130145123601455	0.031099959684646978	0.031099959684646978	0.031099959684646978	0.031099959684646978	0.022379916982618597	0.031099959684646978	0.0130145123601455	0.0317453216050917	0.031099959684646978	0.022379916982618597	0.0317453216050917	0.08643530654182952	0.08643530654182952	0.08643530654182952	0.062199919369293956	0.062199919369293956	0.08457983635191255	0.08643530654182952	0.12439983873858791
UP000000373	0.018420586261931996	0.03179773084990462	0.03179773084990462	0.03179773084990462	0.03179773084990462	0.04378608904182705	0.03179773084990462	0.018420586261931996	0.0691515918217221	0.03179773084990462	0.04378608904182705	0.0691515918217221	0.04618342077718417	0.04618342077718417	0.04618342077718417	0.06359546169980924	0.06359546169980924	0.10738155074163629	0.04618342077718417	0.1271909233996185
UP000000522	0.018113851748085382	0.03198156873470381	0.03198156873470381	0.03198156873470381	0.03198156873470381	0.04177395567638341	0.03198156873470381	0.018113851748085382	0.06543405960468143	0.03198156873470381	0.04177395567638341	0.06543405960468143	0.04896930262751382	0.04896930262751382	0.04896930262751382	0.06396313746940761	0.06396313746940761	0.10573709314579102	0.04896930262751382	0.12792627493881523
UP000007081	0.01842394024801747	0.031795368155605054	0.031795368155605054	0.031795368155605054	0.031795368155605054	0.04380952932709427	0.031795368155605054	0.01842394024801747	0.06919511840617106	0.031795368155605054	0.04380952932709427	0.06919511840617106	0.04615185105516479	0.04615185105516479	0.04615185105516479	0.06359073631121011	0.06359073631121011	0.10740026563830438	0.04615185105516479	0.12718147262242022
UP000002246	0.019594794479765063	0.02954077170541826	0.02954077170541826	0.02954077170541826	0.02954077170541826	0.05819894186448979	0.02954077170541826	0.019594794479765063	0.09680308924921452	0.02954077170541826	0.05819894186448979	0.09680308924921452	0.029988764915469833	0.029988764915469833	0.029988764915469833	0.05908154341083652	0.05908154341083652	0.11728048527532631	0.029988764915469833	0.11816308682167304
UP000006723	0.016003292171219412	0.032241269475834146	0.032241269475834146	0.032241269475834146	0.032241269475834146	0.03177529107927485	0.032241269475834146	0.016003292171219412	0.047547289987330286	0.032241269475834146	0.03177529107927485	0.047547289987330286	0.06542816270793243	0.06542816270793243	0.06542816270793243	0.06448253895166829	0.06448253895166829	0.09625783003094314	0.06542816270793243	0.12896507790333658
UP000000469	0.018818761687287133	0.03144648463924965	0.03144648463924965	0.03144648463924965	0.03144648463924965	0.04686386473477418	0.03144648463924965	0.018818761687287133	0.07490896778226121	0.03144648463924965	0.04686386473477418	0.07490896778226121	0.0422022981571466	0.0422022981571466	0.0422022981571466	0.0628929692784993	0.0628929692784993	0.10975683401327345	0.0422022981571466	0.1257859385569986
UP000000869	0.011506619697635027	0.03007671158363602	0.03007671158363602	0.03007671158363602	0.03007671158363602	0.018636487319120165	0.03007671158363602	0.011506619697635027	0.025766354940605304	0.03007671158363602	0.018636487319120165	0.025766354940605304	0.09707930085699562	0.09707930085699562	0.09707930085699562	0.06015342316727204	0.06015342316727204	0.0787899104863922	0.09707930085699562	0.12030684633454408
