	AAA	AAC	AAG	AAT	ACA	ACC	ACG	ACT	AGA	AGC	AGG	AGT	ATA	ATC	ATG	ATT	CAA	CAC	CAG	CAT	CCA	CCC	CCG	CCT	CGA	CGC	CGG	CGT	CTA	CTC	CTG	CTT	GAA	GAC	GAG	GAT	GCA	GCC	GCG	GCT	GGA	GGC	GGG	GGT	GTA	GTC	GTG	GTT	TAA	TAC	TAG	TAT	TCA	TCC	TCG	TCT	TGA	TGC	TGG	TGT	TTA	TTC	TTG	TTT
Start	660590.0	306195.0	366946.0	304849.0	235896.0	455534.0	271228.0	180563.0	154463.0	306706.0	89841.0	165180.0	168740.0	362893.0	2653254.0	307431.0	230322.0	148206.0	237333.0	119857.0	115919.0	218614.0	217622.0	115647.0	121342.0	269942.0	139377.0	159646.0	77121.0	224904.0	326032.0	160630.0	392266.0	329171.0	250389.0	278198.0	257632.0	329833.0	257072.0	184652.0	131399.0	175503.0	93978.0	109826.0	127455.0	209859.0	691969.0	161050.0	125.0	122788.0	72.0	140914.0	145296.0	204160.0	150653.0	131909.0	650.0	46959.0	112562.0	35141.0	191134.0	199626.0	320952.0	237067.0
AAA	1977214.0	679987.0	851673.0	1158272.0	573350.0	639494.0	404682.0	498445.0	394619.0	458589.0	164490.0	433927.0	698416.0	904770.0	926811.0	1390227.0	841976.0	302712.0	686241.0	485846.0	367354.0	298959.0	446614.0	407285.0	181552.0	522777.0	255967.0	421302.0	322102.0	464799.0	951907.0	721072.0	1845772.0	737588.0	833121.0	1397808.0	812470.0	901970.0	693038.0	770723.0	599558.0	764606.0	346088.0	692821.0	643452.0	547247.0	697560.0	830051.0	56506.0	505298.0	18014.0	948796.0	435897.0	332961.0	293040.0	469826.0	34785.0	174687.0	450573.0	190904.0	1038377.0	586159.0	646383.0	1157863.0
AAC	679987.0	820904.0	806419.0	480565.0	251195.0	1030599.0	566009.0	223608.0	132685.0	542121.0	115284.0	197198.0	225400.0	1234064.0	783063.0	597886.0	392003.0	478449.0	914819.0	283587.0	182616.0	476017.0	773832.0	198311.0	122730.0	963355.0	500432.0	315041.0	135390.0	822605.0	1623881.0	351109.0	940803.0	1202705.0	1050170.0	735846.0	449178.0	1587279.0	1195536.0	399961.0	339468.0	1500258.0	431591.0	506318.0	290492.0	1014606.0	1089823.0	404077.0	17566.0	656118.0	8891.0	454360.0	188188.0	457626.0	486764.0	192354.0	23597.0	245614.0	502692.0	96092.0	313276.0	910023.0	402165.0	502196.0
AAG	851673.0	806419.0	1288502.0	555451.0	277888.0	1069954.0	611994.0	250483.0	182689.0	566449.0	158040.0	225884.0	297142.0	1343154.0	895654.0	673420.0	411819.0	492633.0	1025829.0	327214.0	202110.0	546309.0	872242.0	242401.0	141096.0	1098609.0	583537.0	352267.0	156653.0	927255.0	1748294.0	439843.0	1155015.0	1387814.0	1408966.0	899013.0	512343.0	1821174.0	1349916.0	485960.0	385418.0	1566524.0	475288.0	522321.0	327208.0	1122155.0	1161303.0	464662.0	30841.0	687504.0	17392.0	542426.0	211343.0	512538.0	535404.0	227605.0	48890.0	240348.0	525472.0	106974.0	371585.0	959059.0	466635.0	575556.0
AAT	1158272.0	480565.0	555451.0	874516.0	403604.0	463912.0	318206.0	360174.0	264004.0	332169.0	114874.0	328183.0	500140.0	652919.0	635359.0	1007813.0	572986.0	205598.0	509899.0	349088.0	250194.0	213838.0	327859.0	279878.0	126997.0	377211.0	197673.0	277854.0	220042.0	332365.0	692391.0	476835.0	1151314.0	498485.0	580545.0	970972.0	549597.0	652176.0	528593.0	524814.0	438323.0	590927.0	274716.0	505342.0	445082.0	415102.0	546432.0	578831.0	25167.0	351692.0	8940.0	713488.0	310305.0	240459.0	235779.0	331418.0	17357.0	127998.0	332077.0	140049.0	722279.0	444890.0	478051.0	842650.0
ACA	573350.0	251195.0	277888.0	403604.0	265014.0	254812.0	184768.0	198479.0	139156.0	178879.0	63577.0	168254.0	231784.0	327872.0	335012.0	473478.0	305247.0	120271.0	259106.0	175306.0	165997.0	135620.0	196536.0	165494.0	76531.0	196983.0	112538.0	151685.0	116144.0	189636.0	337011.0	257126.0	617281.0	299496.0	317599.0	502352.0	351455.0	366905.0	295086.0	307216.0	285410.0	331234.0	164206.0	311827.0	241618.0	225568.0	269736.0	306174.0	12873.0	170504.0	4963.0	307255.0	183666.0	136031.0	128023.0	180031.0	11975.0	67793.0	171159.0	72343.0	348954.0	225379.0	233654.0	388078.0
ACC	639494.0	1030599.0	1069954.0	463912.0	254812.0	1860286.0	866983.0	230301.0	112650.0	821610.0	158706.0	216652.0	173283.0	1729342.0	1029616.0	573630.0	421311.0	788068.0	1343044.0	345155.0	214670.0	956063.0	1396402.0	237812.0	176273.0	1679042.0	968612.0	411489.0	133457.0	1423885.0	2681671.0	367288.0	1145890.0	2114125.0	1777740.0	891432.0	560374.0	3029691.0	2061422.0	472253.0	463473.0	2673790.0	773067.0	690624.0	284311.0	1714991.0	1700935.0	400662.0	14481.0	848310.0	11004.0	438690.0	188172.0	761795.0	746272.0	187251.0	37866.0	353057.0	719079.0	105724.0	252223.0	1273463.0	495288.0	489531.0
ACG	404682.0	566009.0	611994.0	318206.0	184768.0	866983.0	633366.0	147690.0	78604.0	468105.0	103551.0	148730.0	116718.0	958285.0	606748.0	398953.0	270669.0	407226.0	759684.0	231953.0	147070.0	491997.0	850659.0	162938.0	118914.0	894328.0	563611.0	257414.0	86280.0	789867.0	1466541.0	258078.0	686805.0	1112469.0	1017205.0	586349.0	375197.0	1518445.0	1359488.0	311829.0	305290.0	1434584.0	501119.0	419311.0	184216.0	929420.0	1000887.0	272449.0	11147.0	452448.0	8827.0	301514.0	132842.0	400030.0	491687.0	130761.0	29766.0	204792.0	411104.0	71405.0	186250.0	723285.0	342183.0	338486.0
ACT	498445.0	223608.0	250483.0	360174.0	198479.0	230301.0	147690.0	194750.0	117108.0	157199.0	51522.0	153322.0	193246.0	281777.0	288240.0	410555.0	266089.0	104671.0	228065.0	149570.0	137286.0	115416.0	164057.0	149711.0	63599.0	173804.0	91970.0	143679.0	102445.0	156246.0	295246.0	213928.0	531188.0	258227.0	279204.0	450103.0	282135.0	317403.0	250483.0	284906.0	237298.0	296269.0	143225.0	295240.0	204893.0	187422.0	241049.0	274553.0	10851.0	148542.0	4079.0	264012.0	150272.0	117862.0	108182.0	165151.0	9118.0	58660.0	147534.0	65585.0	305331.0	193737.0	212053.0	338230.0
AGA	394619.0	132685.0	182689.0	264004.0	139156.0	112650.0	78604.0	117108.0	139406.0	91122.0	56128.0	103613.0	188446.0	158478.0	197501.0	277907.0	169042.0	60280.0	132617.0	106453.0	86840.0	62100.0	81153.0	98017.0	46163.0	85916.0	57802.0	74782.0	73890.0	93698.0	155694.0	169706.0	396253.0	148884.0	192698.0	312059.0	182843.0	161045.0	125319.0	173864.0	174592.0	136782.0	83430.0	157520.0	147176.0	100268.0	127545.0	181498.0	11858.0	98828.0	4769.0	207709.0	108199.0	70356.0	59343.0	115573.0	10015.0	38387.0	94097.0	48098.0	226404.0	114073.0	130667.0	250509.0
AGC	458589.0	542121.0	566449.0	332169.0	178879.0	821610.0	468105.0	157199.0	91122.0	509230.0	100684.0	162570.0	150611.0	899144.0	584535.0	414337.0	297260.0	371630.0	741835.0	228389.0	139939.0	429714.0	675984.0	157640.0	109187.0	841085.0	463226.0	244909.0	102016.0	693098.0	1413747.0	271654.0	705260.0	953051.0	873888.0	568899.0	365441.0	1408597.0	1075886.0	314593.0	273795.0	1243537.0	393004.0	375668.0	201724.0	810174.0	906828.0	280729.0	13368.0	450118.0	8599.0	318488.0	138744.0	366105.0	397938.0	138830.0	24075.0	193775.0	401069.0	72552.0	206708.0	678727.0	337438.0	374697.0
AGG	164490.0	115284.0	158040.0	114874.0	63577.0	158706.0	103551.0	51522.0	56128.0	100684.0	61174.0	52180.0	81408.0	179979.0	147106.0	127579.0	80346.0	80848.0	159543.0	67951.0	44516.0	103676.0	143442.0	56474.0	38328.0	160030.0	129513.0	60517.0	34354.0	155082.0	273077.0	102092.0	213850.0	211173.0	240091.0	175152.0	107294.0	282516.0	227484.0	97241.0	98823.0	217204.0	111784.0	97361.0	68993.0	164308.0	187610.0	93069.0	6352.0	99637.0	4711.0	105230.0	49912.0	90749.0	86248.0	51564.0	17273.0	46639.0	96684.0	26456.0	77887.0	138289.0	98759.0	126548.0
AGT	433927.0	197198.0	225884.0	328183.0	168254.0	216652.0	148730.0	153322.0	103613.0	162570.0	52180.0	159008.0	184312.0	272841.0	275440.0	396384.0	244219.0	98879.0	231752.0	145109.0	112493.0	109301.0	160412.0	125031.0	63089.0	177318.0	107088.0	128770.0	97185.0	163240.0	335236.0	200888.0	457357.0	229351.0	268854.0	395995.0	248506.0	323375.0	267969.0	240968.0	202309.0	280365.0	145438.0	242290.0	183377.0	197637.0	263549.0	243020.0	10344.0	145495.0	4366.0	265014.0	134929.0	113114.0	115323.0	143080.0	9194.0	57786.0	154170.0	63361.0	295302.0	192222.0	221144.0	344531.0
ATA	698416.0	225400.0	297142.0	500140.0	231784.0	173283.0	116718.0	193246.0	188446.0	150611.0	81408.0	184312.0	369364.0	226192.0	310350.0	445711.0	267199.0	85865.0	206276.0	167087.0	144233.0	99525.0	126417.0	166971.0	56066.0	115530.0	72903.0	98117.0	119796.0	126320.0	236838.0	259893.0	651738.0	235646.0	301911.0	528684.0	297137.0	249378.0	185043.0	272248.0	315030.0	242575.0	147455.0	279772.0	241500.0	135438.0	187355.0	273564.0	15814.0	139968.0	5754.0	325685.0	185875.0	110158.0	92055.0	191588.0	8924.0	59781.0	131033.0	81250.0	388877.0	170607.0	206199.0	436032.0
ATC	904770.0	1234064.0	1343154.0	652919.0	327872.0	1729342.0	958285.0	281777.0	158478.0	899144.0	179979.0	272841.0	226192.0	1953408.0	1266925.0	733265.0	536877.0	815774.0	1540630.0	448617.0	273459.0	932142.0	1524603.0	302959.0	203284.0	1790706.0	980411.0	489921.0	168735.0	1405650.0	2755122.0	477271.0	1523936.0	2346436.0	2101831.0	1231640.0	692308.0	3050169.0	2330976.0	591542.0	609009.0	3098245.0	927366.0	899156.0	337770.0	1658328.0	1752778.0	494289.0	21047.0	851992.0	13297.0	544163.0	248166.0	785385.0	886346.0	251650.0	37901.0	394930.0	709900.0	135313.0	342581.0	1420989.0	595584.0	639233.0
ATG	926811.0	783063.0	895654.0	635359.0	335012.0	1029616.0	606748.0	288240.0	197501.0	584535.0	147106.0	275440.0	310350.0	1266925.0	995544.0	803981.0	513920.0	508258.0	1011679.0	391077.0	260318.0	564686.0	902192.0	291517.0	168049.0	1084613.0	580935.0	409063.0	176329.0	839357.0	1710711.0	468943.0	1262360.0	1322002.0	1259363.0	1015735.0	621790.0	1802748.0	1415026.0	558353.0	490368.0	1709924.0	570919.0	691398.0	364959.0	992661.0	1133236.0	507830.0	21145.0	573910.0	10449.0	541171.0	263720.0	517338.0	544942.0	278158.0	26415.0	252890.0	527987.0	135317.0	457998.0	934572.0	527491.0	699990.0
ATT	1390227.0	597886.0	673420.0	1007813.0	473478.0	573630.0	398953.0	410555.0	277907.0	414337.0	127579.0	396384.0	445711.0	733265.0	803981.0	1148724.0	704582.0	267526.0	634594.0	429683.0	347631.0	293786.0	461806.0	378445.0	163814.0	473859.0	245954.0	375024.0	247747.0	385318.0	839604.0	546750.0	1505869.0	675515.0	766636.0	1270747.0	711674.0	847495.0	706936.0	677248.0	634296.0	875555.0	427012.0	781532.0	471106.0	465126.0	635856.0	651710.0	29113.0	360088.0	10464.0	681805.0	376946.0	307241.0	302714.0	402027.0	18464.0	157956.0	360338.0	172204.0	806228.0	501300.0	574949.0	956433.0
CAA	841976.0	392003.0	411819.0	572986.0	305247.0	421311.0	270669.0	266089.0	169042.0	297260.0	80346.0	244219.0	267199.0	536877.0	513920.0	704582.0	602346.0	209116.0	481619.0	284024.0	222433.0	221731.0	300747.0	227316.0	133429.0	399920.0	199189.0	265390.0	193646.0	340680.0	632111.0	366328.0	972634.0	474481.0	513857.0	743002.0	477339.0	670919.0	511638.0	446401.0	319159.0	519646.0	229999.0	394897.0	307788.0	367108.0	453120.0	417015.0	23047.0	281139.0	8673.0	458521.0	232555.0	205572.0	201184.0	243421.0	19438.0	104415.0	289288.0	99285.0	550125.0	344151.0	419661.0	571086.0
CAC	302712.0	478449.0	492633.0	205598.0	120271.0	788068.0	407226.0	104671.0	60280.0	371630.0	80848.0	98879.0	85865.0	815774.0	508258.0	267526.0	209116.0	510582.0	649147.0	208976.0	109216.0	460117.0	694947.0	116563.0	99493.0	876938.0	532944.0	210536.0	67777.0	718327.0	1296940.0	179019.0	571789.0	1103420.0	964361.0	432257.0	264132.0	1416484.0	1032065.0	219627.0	214512.0	1210786.0	373528.0	310720.0	136897.0	827911.0	836962.0	191539.0	8092.0	453318.0	6277.0	217515.0	90841.0	337390.0	350956.0	87555.0	20605.0	188485.0	383778.0	56814.0	122569.0	637019.0	232483.0	234615.0
CAG	686241.0	914819.0	1025829.0	509899.0	259106.0	1343044.0	759684.0	228065.0	132617.0	741835.0	159543.0	231752.0	206276.0	1540630.0	1011679.0	634594.0	481619.0	649147.0	1505974.0	380346.0	209035.0	718732.0	1174414.0	242395.0	176061.0	1495116.0	852151.0	435313.0	147220.0	1216757.0	2525406.0	432006.0	1192917.0	1686514.0	1663351.0	941024.0	575788.0	2496698.0	1900628.0	500479.0	404295.0	2004288.0	649466.0	587968.0	297742.0	1354132.0	1508405.0	426292.0	21092.0	774944.0	14015.0	504177.0	198423.0	629590.0	668307.0	205521.0	44172.0	298724.0	666747.0	108577.0	296376.0	1131231.0	551045.0	549943.0
CAT	485846.0	283587.0	327214.0	349088.0	175306.0	345155.0	231953.0	149570.0	106453.0	228389.0	67951.0	145109.0	167087.0	448617.0	391077.0	429683.0	284024.0	208976.0	380346.0	262024.0	136178.0	197298.0	317406.0	153257.0	88264.0	379685.0	213241.0	189595.0	97590.0	281690.0	606424.0	235425.0	634535.0	442399.0	467964.0	539751.0	292936.0	594565.0	493632.0	269990.0	233626.0	529887.0	216703.0	290555.0	189974.0	336197.0	429253.0	264634.0	11119.0	218788.0	4738.0	324192.0	133187.0	169035.0	183003.0	138374.0	11522.0	107927.0	235242.0	76750.0	271413.0	319322.0	266339.0	373569.0
CCA	367354.0	182616.0	202110.0	250194.0	165997.0	214670.0	147070.0	137286.0	86840.0	139939.0	44516.0	112493.0	144233.0	273459.0	260318.0	347631.0	222433.0	109216.0	209035.0	136178.0	154422.0	133491.0	200140.0	133712.0	64373.0	187533.0	104082.0	127943.0	89022.0	164953.0	309232.0	179539.0	438512.0	242309.0	261899.0	360619.0	252233.0	319729.0	268812.0	225055.0	181832.0	269972.0	126324.0	224870.0	171051.0	199465.0	248825.0	232101.0	9397.0	142000.0	4437.0	220535.0	122233.0	104967.0	106095.0	120869.0	11271.0	59147.0	158904.0	55800.0	240297.0	193369.0	191758.0	286133.0
CCC	298959.0	476017.0	546309.0	213838.0	135620.0	956063.0	491997.0	115416.0	62100.0	429714.0	103676.0	109301.0	99525.0	932142.0	564686.0	293786.0	221731.0	460117.0	718732.0	197298.0	133491.0	718670.0	910027.0	160414.0	112778.0	971042.0	598744.0	216509.0	74579.0	879740.0	1548832.0	214360.0	598249.0	1155142.0	1041159.0	459675.0	311628.0	1765449.0	1229626.0	260886.0	249648.0	1334236.0	437299.0	315194.0	151516.0	995689.0	1004160.0	213839.0	8793.0	475510.0	8574.0	242121.0	96245.0	426254.0	395745.0	95806.0	30508.0	211920.0	462033.0	60801.0	126001.0	724887.0	282057.0	276733.0
CCG	446614.0	773832.0	872242.0	327859.0	196536.0	1396402.0	850659.0	164057.0	81153.0	675984.0	143442.0	160412.0	126417.0	1524603.0	902192.0	461806.0	300747.0	694947.0	1174414.0	317406.0	200140.0	910027.0	1642302.0	222491.0	159688.0	1474882.0	973775.0	362445.0	93953.0	1241003.0	2601482.0	312584.0	905386.0	1786491.0	1641741.0	740215.0	482851.0	2565446.0	2187172.0	398088.0	358396.0	2139752.0	717866.0	532021.0	229049.0	1553226.0	1698455.0	336648.0	14402.0	752269.0	14529.0	393171.0	143365.0	614548.0	730657.0	139123.0	51751.0	332726.0	726151.0	92886.0	169273.0	1215338.0	462096.0	414704.0
CCT	407285.0	198311.0	242401.0	279878.0	165494.0	237812.0	162938.0	149711.0	98017.0	157640.0	56474.0	125031.0	166971.0	302959.0	291517.0	378445.0	227316.0	116563.0	242395.0	153257.0	133712.0	160414.0	222491.0	164314.0	68677.0	207889.0	121440.0	140331.0	90987.0	189284.0	357882.0	212081.0	478840.0	267032.0	310975.0	399089.0	259869.0	371777.0	306089.0	259564.0	206510.0	306519.0	153022.0	243398.0	185310.0	223537.0	288912.0	253749.0	9493.0	158107.0	4407.0	254142.0	123213.0	127718.0	120849.0	138467.0	10814.0	68245.0	175625.0	64288.0	253392.0	214258.0	215553.0	327683.0
CGA	181552.0	122730.0	141096.0	126997.0	76531.0	176273.0	118914.0	63599.0	46163.0	109187.0	38328.0	63089.0	56066.0	203284.0	168049.0	163814.0	133429.0	99493.0	176061.0	88264.0	64373.0	112778.0	159688.0	68677.0	75408.0	205634.0	138559.0	97960.0	49192.0	177502.0	285580.0	105992.0	263553.0	230838.0	232393.0	213313.0	138738.0	309893.0	253423.0	125960.0	111891.0	239003.0	109679.0	125790.0	73620.0	184949.0	199126.0	109908.0	6692.0	101104.0	4306.0	113239.0	58721.0	90853.0	97397.0	58320.0	13515.0	48840.0	111938.0	30508.0	105913.0	142971.0	127579.0	138687.0
CGC	522777.0	963355.0	1098609.0	377211.0	196983.0	1679042.0	894328.0	173804.0	85916.0	841085.0	160030.0	177318.0	115530.0	1790706.0	1084613.0	473859.0	399920.0	876938.0	1495116.0	379685.0	187533.0	971042.0	1474882.0	207889.0	205634.0	2223836.0	1163038.0	488237.0	115703.0	1634105.0	3089945.0	360895.0	1207886.0	2348047.0	2129550.0	917167.0	518553.0	3251200.0	2373745.0	423956.0	376220.0	2614850.0	742995.0	572128.0	230888.0	1771595.0	1848939.0	338153.0	16970.0	873038.0	15880.0	417496.0	147747.0	715723.0	781167.0	143104.0	56063.0	374444.0	782241.0	92745.0	172737.0	1328446.0	506798.0	419534.0
CGG	255967.0	500432.0	583537.0	197673.0	112538.0	968612.0	563611.0	91970.0	57802.0	463226.0	129513.0	107088.0	72903.0	980411.0	580935.0	245954.0	199189.0	532944.0	852151.0	213241.0	104082.0	598744.0	973775.0	121440.0	138559.0	1163038.0	983372.0	261189.0	62978.0	986758.0	1906046.0	207038.0	598094.0	1422752.0	1377398.0	498260.0	287587.0	1948633.0	1606525.0	242555.0	254198.0	1488083.0	620170.0	342639.0	127744.0	1108919.0	1185666.0	186272.0	9949.0	500663.0	12540.0	228550.0	85059.0	442405.0	491429.0	78445.0	45114.0	221786.0	477416.0	58749.0	93671.0	770504.0	315891.0	234112.0
CGT	421302.0	315041.0	352267.0	277854.0	151685.0	411489.0	257414.0	143679.0	74782.0	244909.0	60517.0	128770.0	98117.0	489921.0	409063.0	375024.0	265390.0	210536.0	435313.0	189595.0	127943.0	216509.0	362445.0	140331.0	97960.0	488237.0	261189.0	293224.0	86028.0	340183.0	733371.0	217479.0	616249.0	525310.0	537394.0	509159.0	296517.0	703656.0	578827.0	283962.0	200096.0	596168.0	223966.0	344787.0	174861.0	399822.0	491015.0	257629.0	11613.0	241385.0	5498.0	258844.0	118580.0	196521.0	207129.0	130772.0	15323.0	101578.0	236153.0	65327.0	215524.0	347020.0	274855.0	294782.0
CTA	322102.0	135390.0	156653.0	220042.0	116144.0	133457.0	86280.0	102445.0	73890.0	102016.0	34354.0	97185.0	119796.0	168735.0	176329.0	247747.0	193646.0	67777.0	147220.0	97590.0	89022.0	74579.0	93953.0	90987.0	49192.0	115703.0	62978.0	86028.0	81086.0	101471.0	175343.0	130374.0	358329.0	162637.0	197914.0	282678.0	173331.0	201761.0	156522.0	164812.0	141132.0	181452.0	92809.0	164983.0	117434.0	109800.0	137875.0	147390.0	8209.0	88400.0	3507.0	155359.0	91540.0	69051.0	65304.0	96626.0	5911.0	36307.0	93062.0	39602.0	192247.0	116321.0	133500.0	218128.0
CTC	464799.0	822605.0	927255.0	332365.0	189636.0	1423885.0	789867.0	156246.0	93698.0	693098.0	155082.0	163240.0	126320.0	1405650.0	839357.0	385318.0	340680.0	718327.0	1216757.0	281690.0	164953.0	879740.0	1241003.0	189284.0	177502.0	1634105.0	986758.0	340183.0	101471.0	1456908.0	2170514.0	314891.0	979326.0	1997846.0	1895123.0	727422.0	463408.0	2785215.0	2094060.0	371523.0	410793.0	2399107.0	765907.0	530310.0	192631.0	1493008.0	1398020.0	282013.0	12296.0	665641.0	11175.0	309164.0	139490.0	639722.0	671363.0	134579.0	37085.0	292264.0	599445.0	77464.0	158927.0	1080856.0	370127.0	356540.0
CTG	951907.0	1623881.0	1748294.0	692391.0	337011.0	2681671.0	1466541.0	295246.0	155694.0	1413747.0	273077.0	335236.0	236838.0	2755122.0	1710711.0	839604.0	632111.0	1296940.0	2525406.0	606424.0	309232.0	1548832.0	2601482.0	357882.0	285580.0	3089945.0	1906046.0	733371.0	175343.0	2170514.0	5088740.0	564941.0	1982682.0	3675791.0	3460374.0	1541067.0	890794.0	5316766.0	4127607.0	731657.0	721776.0	4689390.0	1514059.0	1127479.0	402604.0	2615110.0	3019826.0	574774.0	25956.0	1263513.0	20661.0	674316.0	265399.0	1206804.0	1348553.0	260844.0	72539.0	593969.0	1208268.0	166789.0	289049.0	2178581.0	836890.0	788928.0
CTT	721072.0	351109.0	439843.0	476835.0	257126.0	367288.0	258078.0	213928.0	169706.0	271654.0	102092.0	200888.0	259893.0	477271.0	468943.0	546750.0	366328.0	179019.0	432006.0	235425.0	179539.0	214360.0	312584.0	212081.0	105992.0	360895.0	207038.0	217479.0	130374.0	314891.0	564941.0	374378.0	859318.0	479356.0	567894.0	680693.0	418857.0	631394.0	509865.0	387880.0	362083.0	567019.0	269653.0	399844.0	257480.0	338994.0	408130.0	366840.0	14828.0	229428.0	6533.0	360043.0	200119.0	209460.0	200761.0	211466.0	13192.0	105714.0	234230.0	89173.0	346995.0	338643.0	309923.0	496946.0
GAA	1845772.0	940803.0	1155015.0	1151314.0	617281.0	1145890.0	686805.0	531188.0	396253.0	705260.0	213850.0	457357.0	651738.0	1523936.0	1262360.0	1505869.0	972634.0	571789.0	1192917.0	634535.0	438512.0	598249.0	905386.0	478840.0	263553.0	1207886.0	598094.0	616249.0	358329.0	979326.0	1982682.0	859318.0	2380140.0	1405534.0	1465759.0	1668557.0	1031093.0	1924024.0	1432306.0	940847.0	730828.0	1533896.0	571924.0	891525.0	717789.0	1104372.0	1295884.0	959774.0	49774.0	775839.0	19409.0	1049623.0	453168.0	550126.0	530432.0	482229.0	48302.0	308578.0	673956.0	226651.0	1015603.0	1032801.0	859300.0	1215643.0
GAC	737588.0	1202705.0	1387814.0	498485.0	299496.0	2114125.0	1112469.0	258227.0	148884.0	953051.0	211173.0	229351.0	235646.0	2346436.0	1322002.0	675515.0	474481.0	1103420.0	1686514.0	442399.0	242309.0	1155142.0	1786491.0	267032.0	230838.0	2348047.0	1422752.0	525310.0	162637.0	1997846.0	3675791.0	479356.0	1405534.0	2838998.0	2466935.0	1055847.0	660937.0	3828934.0	2806797.0	549029.0	514462.0	3118677.0	925222.0	747981.0	363108.0	2413620.0	2361747.0	510923.0	18271.0	1226726.0	14894.0	575858.0	212709.0	887452.0	923647.0	206498.0	48344.0	482213.0	1007173.0	128069.0	286671.0	1769122.0	617116.0	572118.0
GAG	833121.0	1050170.0	1408966.0	580545.0	317599.0	1777740.0	1017205.0	279204.0	192698.0	873888.0	240091.0	268854.0	301911.0	2101831.0	1259363.0	766636.0	513857.0	964361.0	1663351.0	467964.0	261899.0	1041159.0	1641741.0	310975.0	232393.0	2129550.0	1377398.0	537394.0	197914.0	1895123.0	3460374.0	567894.0	1465759.0	2466935.0	2662848.0	1143358.0	690111.0	3465955.0	2708922.0	621499.0	524646.0	2677716.0	945550.0	724442.0	388773.0	2075202.0	2167150.0	545948.0	27207.0	1091211.0	20654.0	636444.0	239750.0	823747.0	869971.0	255606.0	74934.0	439638.0	893500.0	147874.0	394471.0	1586156.0	677665.0	676422.0
GAT	1397808.0	735846.0	899013.0	970972.0	502352.0	891432.0	586349.0	450103.0	312059.0	568899.0	175152.0	395995.0	528684.0	1231640.0	1015735.0	1270747.0	743002.0	432257.0	941024.0	539751.0	360619.0	459675.0	740215.0	399089.0	213313.0	917167.0	498260.0	509159.0	282678.0	727422.0	1541067.0	680693.0	1668557.0	1055847.0	1143358.0	1462318.0	804220.0	1438845.0	1187271.0	762569.0	607228.0	1233895.0	513975.0	795561.0	587051.0	877214.0	1126761.0	807764.0	26310.0	605721.0	11328.0	917549.0	374262.0	424596.0	444531.0	401700.0	26131.0	246459.0	575946.0	198169.0	805500.0	826364.0	732006.0	1039868.0
GCA	812470.0	449178.0	512343.0	549597.0	351455.0	560374.0	375197.0	282135.0	182843.0	365441.0	107294.0	248506.0	297137.0	692308.0	621790.0	711674.0	477339.0	264132.0	575788.0	292936.0	252233.0	311628.0	482851.0	259869.0	138738.0	518553.0	287587.0	296517.0	173331.0	463408.0	890794.0	418857.0	1031093.0	660937.0	690111.0	804220.0	659076.0	992045.0	811210.0	549762.0	439072.0	801677.0	334151.0	538630.0	366981.0	531110.0	634240.0	485472.0	20447.0	318398.0	9263.0	441894.0	257601.0	283494.0	285626.0	258004.0	24274.0	149291.0	332435.0	116360.0	467696.0	466137.0	428574.0	570860.0
GCC	901970.0	1587279.0	1821174.0	652176.0	366905.0	3029691.0	1518445.0	317403.0	161045.0	1408597.0	282516.0	323375.0	249378.0	3050169.0	1802748.0	847495.0	670919.0	1416484.0	2496698.0	594565.0	319729.0	1765449.0	2565446.0	371777.0	309893.0	3251200.0	1948633.0	703656.0	201761.0	2785215.0	5316766.0	631394.0	1924024.0	3828934.0	3465955.0	1438845.0	992045.0	6320726.0	4328198.0	831027.0	750874.0	4674843.0	1441522.0	1095011.0	435167.0	3164394.0	3220658.0	617282.0	22808.0	1396303.0	21005.0	667761.0	270741.0	1311191.0	1307118.0	263621.0	74423.0	646826.0	1281013.0	169519.0	333809.0	2214781.0	875031.0	736033.0
GCG	693038.0	1195536.0	1349916.0	528593.0	295086.0	2061422.0	1359488.0	250483.0	125319.0	1075886.0	227484.0	267969.0	185043.0	2330976.0	1415026.0	706936.0	511638.0	1032065.0	1900628.0	493632.0	268812.0	1229626.0	2187172.0	306089.0	253423.0	2373745.0	1606525.0	578827.0	156522.0	2094060.0	4127607.0	509865.0	1432306.0	2806797.0	2708922.0	1187271.0	811210.0	4328198.0	3979018.0	669280.0	591230.0	3595587.0	1294398.0	904350.0	338469.0	2392994.0	2693858.0	514686.0	21995.0	1036397.0	21259.0	557788.0	223673.0	932270.0	1179473.0	223375.0	72795.0	505535.0	1012927.0	144173.0	283912.0	1771789.0	766609.0	612713.0
GCT	770723.0	399961.0	485960.0	524814.0	307216.0	472253.0	311829.0	284906.0	173864.0	314593.0	97241.0	240968.0	272248.0	591542.0	558353.0	677248.0	446401.0	219627.0	500479.0	269990.0	225055.0	260886.0	398088.0	259564.0	125960.0	423956.0	242555.0	283962.0	164812.0	371523.0	731657.0	387880.0	940847.0	549029.0	621499.0	762569.0	549762.0	831027.0	669280.0	579862.0	401163.0	675931.0	308269.0	529941.0	336682.0	441638.0	556227.0	477401.0	18726.0	280158.0	8022.0	418131.0	231837.0	246947.0	243342.0	257278.0	18849.0	124443.0	289066.0	110411.0	456271.0	395945.0	414245.0	542792.0
GGA	599558.0	339468.0	385418.0	438323.0	285410.0	463473.0	305290.0	237298.0	174592.0	273795.0	98823.0	202309.0	315030.0	609009.0	490368.0	634296.0	319159.0	214512.0	404295.0	233626.0	181832.0	249648.0	358396.0	206510.0	111891.0	376220.0	254198.0	200096.0	141132.0	410793.0	721776.0	362083.0	730828.0	514462.0	524646.0	607228.0	439072.0	750874.0	591230.0	401163.0	440428.0	644834.0	305186.0	426534.0	333390.0	502293.0	557933.0	430619.0	14724.0	295663.0	7478.0	415781.0	199364.0	241984.0	223779.0	214293.0	28131.0	126459.0	300317.0	104338.0	399537.0	434546.0	334927.0	534147.0
GGC	764606.0	1500258.0	1566524.0	590927.0	331234.0	2673790.0	1434584.0	296269.0	136782.0	1243537.0	217204.0	280365.0	242575.0	3098245.0	1709924.0	875555.0	519646.0	1210786.0	2004288.0	529887.0	269972.0	1334236.0	2139752.0	306519.0	239003.0	2614850.0	1488083.0	596168.0	181452.0	2399107.0	4689390.0	567019.0	1533896.0	3118677.0	2677716.0	1233895.0	801677.0	4674843.0	3595587.0	675931.0	644834.0	4403030.0	1188751.0	1030759.0	431241.0	3065142.0	3146046.0	629234.0	18925.0	1413939.0	16938.0	695941.0	235994.0	1104971.0	1206407.0	236347.0	56471.0	619532.0	1243290.0	161407.0	313281.0	2260221.0	764947.0	737465.0
GGG	346088.0	431591.0	475288.0	274716.0	164206.0	773067.0	501119.0	143225.0	83430.0	393004.0	111784.0	145438.0	147455.0	927366.0	570919.0	427012.0	229999.0	373528.0	649466.0	216703.0	126324.0	437299.0	717866.0	153022.0	109679.0	742995.0	620170.0	223966.0	92809.0	765907.0	1514059.0	269653.0	571924.0	925222.0	945550.0	513975.0	334151.0	1441522.0	1294398.0	308269.0	305186.0	1188751.0	575748.0	395285.0	200781.0	938294.0	1103986.0	294837.0	9460.0	429876.0	9319.0	307493.0	120991.0	363433.0	410103.0	128700.0	33907.0	197866.0	431581.0	80581.0	205396.0	702989.0	357125.0	380461.0
GGT	692821.0	506318.0	522321.0	505342.0	311827.0	690624.0	419311.0	295240.0	157520.0	375668.0	97361.0	242290.0	279772.0	899156.0	691398.0	781532.0	394897.0	310720.0	587968.0	290555.0	224870.0	315194.0	532021.0	243398.0	125790.0	572128.0	342639.0	344787.0	164983.0	530310.0	1127479.0	399844.0	891525.0	747981.0	724442.0	795561.0	538630.0	1095011.0	904350.0	529941.0	426534.0	1030759.0	395285.0	707886.0	385224.0	719858.0	874738.0	550014.0	14001.0	412163.0	6777.0	479995.0	227706.0	314202.0	328261.0	251236.0	18636.0	165922.0	404035.0	126822.0	447704.0	620803.0	461257.0	608978.0
GTA	643452.0	290492.0	327208.0	445082.0	241618.0	284311.0	184216.0	204893.0	147176.0	201724.0	68993.0	183377.0	241500.0	337770.0	364959.0	471106.0	307788.0	136897.0	297742.0	189974.0	171051.0	151516.0	229049.0	185310.0	73620.0	230888.0	127744.0	174861.0	117434.0	192631.0	402604.0	257480.0	717789.0	363108.0	388773.0	587051.0	366981.0	435167.0	338469.0	336682.0	333390.0	431241.0	200781.0	385224.0	270060.0	228758.0	305960.0	312491.0	14820.0	184235.0	5551.0	311911.0	179316.0	151764.0	137449.0	191805.0	10154.0	78161.0	173168.0	82158.0	347050.0	244521.0	247277.0	405962.0
GTC	547247.0	1014606.0	1122155.0	415102.0	225568.0	1714991.0	929420.0	187422.0	100268.0	810174.0	164308.0	197637.0	135438.0	1658328.0	992661.0	465126.0	367108.0	827911.0	1354132.0	336197.0	199465.0	995689.0	1553226.0	223537.0	184949.0	1771595.0	1108919.0	399822.0	109800.0	1493008.0	2615110.0	338994.0	1104372.0	2413620.0	2075202.0	877214.0	531110.0	3164394.0	2392994.0	441638.0	502293.0	3065142.0	938294.0	719858.0	228758.0	1819018.0	1684471.0	351553.0	14019.0	788670.0	12767.0	370137.0	170375.0	763913.0	827703.0	160200.0	40566.0	362882.0	678487.0	99116.0	196668.0	1273604.0	457581.0	407903.0
GTG	697560.0	1089823.0	1161303.0	546432.0	269736.0	1700935.0	1000887.0	241049.0	127545.0	906828.0	187610.0	263549.0	187355.0	1752778.0	1133236.0	635856.0	453120.0	836962.0	1508405.0	429253.0	248825.0	1004160.0	1698455.0	288912.0	199126.0	1848939.0	1185666.0	491015.0	137875.0	1398020.0	3019826.0	408130.0	1295884.0	2361747.0	2167150.0	1126761.0	634240.0	3220658.0	2693858.0	556227.0	557933.0	3146046.0	1103986.0	874738.0	305960.0	1684471.0	2103872.0	442108.0	18358.0	816786.0	14774.0	489782.0	212996.0	794199.0	934009.0	221132.0	45810.0	405342.0	739113.0	135113.0	279745.0	1390939.0	620540.0	577933.0
GTT	830051.0	404077.0	464662.0	578831.0	306174.0	400662.0	272449.0	274553.0	181498.0	280729.0	93069.0	243020.0	273564.0	494289.0	507830.0	651710.0	417015.0	191539.0	426292.0	264634.0	232101.0	213839.0	336648.0	253749.0	109908.0	338153.0	186272.0	257629.0	147390.0	282013.0	574774.0	366840.0	959774.0	510923.0	545948.0	807764.0	485472.0	617282.0	514686.0	477401.0	430619.0	629234.0	294837.0	550014.0	312491.0	351553.0	442108.0	468792.0	18628.0	247401.0	7269.0	407537.0	241469.0	217501.0	209933.0	257536.0	15153.0	109687.0	243366.0	110125.0	447328.0	349163.0	360286.0	548930.0
TAA	56506.0	17566.0	30841.0	25167.0	12873.0	14481.0	11147.0	10851.0	11858.0	13368.0	6352.0	10344.0	15814.0	21047.0	21145.0	29113.0	23047.0	8092.0	21092.0	11119.0	9397.0	8793.0	14402.0	9493.0	6692.0	16970.0	9949.0	11613.0	8209.0	12296.0	25956.0	14828.0	49774.0	18271.0	27207.0	26310.0	20447.0	22808.0	21995.0	18726.0	14724.0	18925.0	9460.0	14001.0	14820.0	14019.0	18358.0	18628.0	244.0	11935.0	111.0	19431.0	10758.0	8086.0	8369.0	9810.0	392.0	4822.0	13406.0	4225.0	25131.0	16261.0	18000.0	25503.0
TAC	505298.0	656118.0	687504.0	351692.0	170504.0	848310.0	452448.0	148542.0	98828.0	450118.0	99637.0	145495.0	139968.0	851992.0	573910.0	360088.0	281139.0	453318.0	774944.0	218788.0	142000.0	475510.0	752269.0	158107.0	101104.0	873038.0	500663.0	241385.0	88400.0	665641.0	1263513.0	229428.0	775839.0	1226726.0	1091211.0	605721.0	318398.0	1396303.0	1036397.0	280158.0	295663.0	1413939.0	429876.0	412163.0	184235.0	788670.0	816786.0	247401.0	11935.0	558548.0	7491.0	317088.0	133395.0	392622.0	408001.0	134426.0	19759.0	186746.0	415876.0	68119.0	190529.0	734241.0	274990.0	341013.0
TAG	18014.0	8891.0	17392.0	8940.0	4963.0	11004.0	8827.0	4079.0	4769.0	8599.0	4711.0	4366.0	5754.0	13297.0	10449.0	10464.0	8673.0	6277.0	14015.0	4738.0	4437.0	8574.0	14529.0	4407.0	4306.0	15880.0	12540.0	5498.0	3507.0	11175.0	20661.0	6533.0	19409.0	14894.0	20654.0	11328.0	9263.0	21005.0	21259.0	8022.0	7478.0	16938.0	9319.0	6777.0	5551.0	12767.0	14774.0	7269.0	111.0	7491.0	88.0	7695.0	4422.0	6576.0	7482.0	4011.0	176.0	3341.0	8432.0	1888.0	7805.0	10998.0	9144.0	9889.0
TAT	948796.0	454360.0	542426.0	713488.0	307255.0	438690.0	301514.0	264012.0	207709.0	318488.0	105230.0	265014.0	325685.0	544163.0	541171.0	681805.0	458521.0	217515.0	504177.0	324192.0	220535.0	242121.0	393171.0	254142.0	113239.0	417496.0	228550.0	258844.0	155359.0	309164.0	674316.0	360043.0	1049623.0	575858.0	636444.0	917549.0	441894.0	667761.0	557788.0	418131.0	415781.0	695941.0	307493.0	479995.0	311911.0	370137.0	489782.0	407537.0	19431.0	317088.0	7695.0	574452.0	242615.0	234000.0	244016.0	259973.0	14245.0	121826.0	313548.0	115247.0	489989.0	421661.0	378038.0	646291.0
TCA	435897.0	188188.0	211343.0	310305.0	183666.0	188172.0	132842.0	150272.0	108199.0	138744.0	49912.0	134929.0	185875.0	248166.0	263720.0	376946.0	232555.0	90841.0	198423.0	133187.0	122233.0	96245.0	143365.0	123213.0	58721.0	147747.0	85059.0	118580.0	91540.0	139490.0	265399.0	200119.0	453168.0	212709.0	239750.0	374262.0	257601.0	270741.0	223673.0	231837.0	199364.0	235994.0	120991.0	227706.0	179316.0	170375.0	212996.0	241469.0	10758.0	133395.0	4422.0	242615.0	154930.0	106505.0	104834.0	145797.0	10901.0	53468.0	135027.0	58590.0	278986.0	174885.0	189842.0	317167.0
TCC	332961.0	457626.0	512538.0	240459.0	136031.0	761795.0	400030.0	117862.0	70356.0	366105.0	90749.0	113114.0	110158.0	785385.0	517338.0	307241.0	205572.0	337390.0	629590.0	169035.0	104967.0	426254.0	614548.0	127718.0	90853.0	715723.0	442405.0	196521.0	69051.0	639722.0	1206804.0	209460.0	550126.0	887452.0	823747.0	424596.0	283494.0	1311191.0	932270.0	246947.0	241984.0	1104971.0	363433.0	314202.0	151764.0	763913.0	794199.0	217501.0	8086.0	392622.0	6576.0	234000.0	106505.0	417638.0	357641.0	114160.0	19991.0	166210.0	335646.0	57161.0	137816.0	587677.0	258190.0	269259.0
TCG	293040.0	486764.0	535404.0	235779.0	128023.0	746272.0	491687.0	108182.0	59343.0	397938.0	86248.0	115323.0	92055.0	886346.0	544942.0	302714.0	201184.0	350956.0	668307.0	183003.0	106095.0	395745.0	730657.0	120849.0	97397.0	781167.0	491429.0	207129.0	65304.0	671363.0	1348553.0	200761.0	530432.0	923647.0	869971.0	444531.0	285626.0	1307118.0	1179473.0	243342.0	223779.0	1206407.0	410103.0	328261.0	137449.0	827703.0	934009.0	209933.0	8369.0	408001.0	7482.0	244016.0	104834.0	357641.0	487856.0	101165.0	23561.0	182949.0	362713.0	58449.0	127168.0	676383.0	292831.0	266619.0
TCT	469826.0	192354.0	227605.0	331418.0	180031.0	187251.0	130761.0	165151.0	115573.0	138830.0	51564.0	143080.0	191588.0	251650.0	278158.0	402027.0	243421.0	87555.0	205521.0	138374.0	120869.0	95806.0	139123.0	138467.0	58320.0	143104.0	78445.0	130772.0	96626.0	134579.0	260844.0	211466.0	482229.0	206498.0	255606.0	401700.0	258004.0	263621.0	223375.0	257278.0	214293.0	236347.0	128700.0	251236.0	191805.0	160200.0	221132.0	257536.0	9810.0	134426.0	4011.0	259973.0	145797.0	114160.0	101165.0	173542.0	7879.0	52368.0	135029.0	64427.0	298228.0	175132.0	205528.0	342629.0
TGA	34785.0	23597.0	48890.0	17357.0	11975.0	37866.0	29766.0	9118.0	10015.0	24075.0	17273.0	9194.0	8924.0	37901.0	26415.0	18464.0	19438.0	20605.0	44172.0	11522.0	11271.0	30508.0	51751.0	10814.0	13515.0	56063.0	45114.0	15323.0	5911.0	37085.0	72539.0	13192.0	48302.0	48344.0	74934.0	26131.0	24274.0	74423.0	72795.0	18849.0	28131.0	56471.0	33907.0	18636.0	10154.0	40566.0	45810.0	15153.0	392.0	19759.0	176.0	14245.0	10901.0	19991.0	23561.0	7879.0	1738.0	10566.0	24331.0	4170.0	12488.0	30662.0	19729.0	17488.0
TGC	174687.0	245614.0	240348.0	127998.0	67793.0	353057.0	204792.0	58660.0	38387.0	193775.0	46639.0	57786.0	59781.0	394930.0	252890.0	157956.0	104415.0	188485.0	298724.0	107927.0	59147.0	211920.0	332726.0	68245.0	48840.0	374444.0	221786.0	101578.0	36307.0	292264.0	593969.0	105714.0	308578.0	482213.0	439638.0	246459.0	149291.0	646826.0	505535.0	124443.0	126459.0	619532.0	197866.0	165922.0	78161.0	362882.0	405342.0	109687.0	4822.0	186746.0	3341.0	121826.0	53468.0	166210.0	182949.0	52368.0	10566.0	162462.0	170247.0	52455.0	69995.0	282274.0	129535.0	141011.0
TGG	450573.0	502692.0	525472.0	332077.0	171159.0	719079.0	411104.0	147534.0	94097.0	401069.0	96684.0	154170.0	131033.0	709900.0	527987.0	360338.0	289288.0	383778.0	666747.0	235242.0	158904.0	462033.0	726151.0	175625.0	111938.0	782241.0	477416.0	236153.0	93062.0	599445.0	1208268.0	234230.0	673956.0	1007173.0	893500.0	575946.0	332435.0	1281013.0	1012927.0	289066.0	300317.0	1243290.0	431581.0	404035.0	173168.0	678487.0	739113.0	243366.0	13406.0	415876.0	8432.0	313548.0	135027.0	335646.0	362713.0	135029.0	24331.0	170247.0	475580.0	72132.0	211042.0	631419.0	302462.0	368722.0
TGT	190904.0	96092.0	106974.0	140049.0	72343.0	105724.0	71405.0	65585.0	48098.0	72552.0	26456.0	63361.0	81250.0	135313.0	135317.0	172204.0	99285.0	56814.0	108577.0	76750.0	55800.0	60801.0	92886.0	64288.0	30508.0	92745.0	58749.0	65327.0	39602.0	77464.0	166789.0	89173.0	226651.0	128069.0	147874.0	198169.0	116360.0	169519.0	144173.0	110411.0	104338.0	161407.0	80581.0	126822.0	82158.0	99116.0	135113.0	110125.0	4225.0	68119.0	1888.0	115247.0	58590.0	57161.0	58449.0	64427.0	4170.0	52455.0	72132.0	52486.0	118373.0	92189.0	98902.0	148384.0
TTA	1038377.0	313276.0	371585.0	722279.0	348954.0	252223.0	186250.0	305331.0	226404.0	206708.0	77887.0	295302.0	388877.0	342581.0	457998.0	806228.0	550125.0	122569.0	296376.0	271413.0	240297.0	126001.0	169273.0	253392.0	105913.0	172737.0	93671.0	215524.0	192247.0	158927.0	289049.0	346995.0	1015603.0	286671.0	394471.0	805500.0	467696.0	333809.0	283912.0	456271.0	399537.0	313281.0	205396.0	447704.0	347050.0	196668.0	279745.0	447328.0	25131.0	190529.0	7805.0	489989.0	278986.0	137816.0	127168.0	298228.0	12488.0	69995.0	211042.0	118373.0	709032.0	232852.0	344639.0	693041.0
TTC	586159.0	910023.0	959059.0	444890.0	225379.0	1273463.0	723285.0	193737.0	114073.0	678727.0	138289.0	192222.0	170607.0	1420989.0	934572.0	501300.0	344151.0	637019.0	1131231.0	319322.0	193369.0	724887.0	1215338.0	214258.0	142971.0	1328446.0	770504.0	347020.0	116321.0	1080856.0	2178581.0	338643.0	1032801.0	1769122.0	1586156.0	826364.0	466137.0	2214781.0	1771789.0	395945.0	434546.0	2260221.0	702989.0	620803.0	244521.0	1273604.0	1390939.0	349163.0	16261.0	734241.0	10998.0	421661.0	174885.0	587677.0	676383.0	175132.0	30662.0	282274.0	631419.0	92189.0	232852.0	1229476.0	433476.0	476534.0
TTG	646383.0	402165.0	466635.0	478051.0	233654.0	495288.0	342183.0	212053.0	130667.0	337438.0	98759.0	221144.0	206199.0	595584.0	527491.0	574949.0	419661.0	232483.0	551045.0	266339.0	191758.0	282057.0	462096.0	215553.0	127579.0	506798.0	315891.0	274855.0	133500.0	370127.0	836890.0	309923.0	859300.0	617116.0	677665.0	732006.0	428574.0	875031.0	766609.0	414245.0	334927.0	764947.0	357125.0	461257.0	247277.0	457581.0	620540.0	360286.0	18000.0	274990.0	9144.0	378038.0	189842.0	258190.0	292831.0	205528.0	19729.0	129535.0	302462.0	98902.0	344639.0	433476.0	481098.0	524417.0
TTT	1157863.0	502196.0	575556.0	842650.0	388078.0	489531.0	338486.0	338230.0	250509.0	374697.0	126548.0	344531.0	436032.0	639233.0	699990.0	956433.0	571086.0	234615.0	549943.0	373569.0	286133.0	276733.0	414704.0	327683.0	138687.0	419534.0	234112.0	294782.0	218128.0	356540.0	788928.0	496946.0	1215643.0	572118.0	676422.0	1039868.0	570860.0	736033.0	612713.0	542792.0	534147.0	737465.0	380461.0	608978.0	405962.0	407903.0	577933.0	548930.0	25503.0	341013.0	9889.0	646291.0	317167.0	269259.0	266619.0	342629.0	17488.0	141011.0	368722.0	148384.0	693041.0	476534.0	524417.0	950710.0
End	492689.0	221846.0	409759.0	220219.0	109021.0	221219.0	170646.0	82196.0	115440.0	212206.0	126671.0	102176.0	107734.0	227693.0	171908.0	182303.0	198771.0	159108.0	285809.0	123515.0	110449.0	197719.0	292078.0	93970.0	131950.0	393354.0	261650.0	137659.0	68676.0	208894.0	369442.0	122327.0	415804.0	319544.0	449740.0	240651.0	243762.0	504793.0	434628.0	179149.0	223784.0	427438.0	239313.0	165538.0	112480.0	239907.0	258137.0	144866.0	1016472.0	134829.0	581357.0	137840.0	123007.0	162179.0	157585.0	90323.0	1571772.0	77598.0	158520.0	42282.0	150158.0	219157.0	156200.0	185135.0
