Proteome_ID	M	W	C	D	E	F	H	K	N	Q	Y	I	A	G	P	T	V	L	R	S
UP000000278	0.044272444862540034	0.03174769575546221	0.03174769575546221	0.03174769575546221	0.03174769575546221	0.044272444862540034	0.03174769575546221	0.048691958680797426	0.044272444862540034	0.03174769575546221	0.044272444862540034	0.044272444862540034	0.04553243846870609	0.04553243846870609	0.04553243846870609	0.06349539151092443	0.06349539151092443	0.10776783637346446	0.04995195228696348	0.11815175538533407
UP000000280	0.039562675873360466	0.03213798764834364	0.03213798764834364	0.03213798764834364	0.03213798764834364	0.039562675873360466	0.03213798764834364	0.044364352730797266	0.039562675873360466	0.03213798764834364	0.039562675873360466	0.039562675873360466	0.05221336662824461	0.05221336662824461	0.05221336662824461	0.06427597529668728	0.06427597529668728	0.10383865117004776	0.05701504348568142	0.11894859687850098
UP000000287	0.036038558477929944	0.032278108755528834	0.032278108755528834	0.032278108755528834	0.032278108755528834	0.036038558477929944	0.032278108755528834	0.04112212176746288	0.036038558477929944	0.032278108755528834	0.036038558477929944	0.036038558477929944	0.05782008764150727	0.05782008764150727	0.05782008764150727	0.06455621751105767	0.06455621751105767	0.1005947759889876	0.06290365093104022	0.11894530844304944
UP000000327	0.04426687243668546	0.031748281013145876	0.031748281013145876	0.031748281013145876	0.031748281013145876	0.04426687243668546	0.031748281013145876	0.048686839165007635	0.04426687243668546	0.031748281013145876	0.04426687243668546	0.04426687243668546	0.04553984918321693	0.04553984918321693	0.04553984918321693	0.06349656202629175	0.06349656202629175	0.10776343446297722	0.04995981591153912	0.11815319059593915
UP000000339	0.03957826290309311	0.03213706129397047	0.03213706129397047	0.03213706129397047	0.03213706129397047	0.03957826290309311	0.03213706129397047	0.044378681410460995	0.03957826290309311	0.03213706129397047	0.03957826290309311	0.03957826290309311	0.052189794743705165	0.052189794743705165	0.052189794743705165	0.06427412258794094	0.06427412258794094	0.10385238549103405	0.05699021325107305	0.11894740816114611
UP000000344	0.057103952034165066	0.029761470727199885	0.029761470727199885	0.029761470727199885	0.029761470727199885	0.057103952034165066	0.029761470727199885	0.06050286923922789	0.057103952034165066	0.029761470727199885	0.057103952034165066	0.057103952034165066	0.031022201031411557	0.031022201031411557	0.031022201031411557	0.05952294145439977	0.05952294145439977	0.11662689348856486	0.034421118236474375	0.11224804849867391
UP000000348	0.04003353266265093	0.032108875461924515	0.032108875461924515	0.032108875461924515	0.032108875461924515	0.04003353266265093	0.032108875461924515	0.044797165733364265	0.04003353266265093	0.032108875461924515	0.04003353266265093	0.04003353266265093	0.05150581599266283	0.05150581599266283	0.05150581599266283	0.06421775092384903	0.06421775092384903	0.10425128358649995	0.056269449063376165	0.11890823570627138
UP000000349	0.03962596822629871	0.03213421013204495	0.03213421013204495	0.03213421013204495	0.03213421013204495	0.03962596822629871	0.03213421013204495	0.044422534996492444	0.03962596822629871	0.03213421013204495	0.03962596822629871	0.03962596822629871	0.052117715075797474	0.052117715075797474	0.052117715075797474	0.0642684202640899	0.0642684202640899	0.10389438849038861	0.056914281845991205	0.11894370698779232
UP000000350	0.032981283565511665	0.0322769042647717	0.0322769042647717	0.0322769042647717	0.0322769042647717	0.032981283565511665	0.0322769042647717	0.03830270290794798	0.032981283565511665	0.0322769042647717	0.032981283565511665	0.032981283565511665	0.06317513670126776	0.06317513670126776	0.06317513670126776	0.0645538085295434	0.0645538085295434	0.09753509209505508	0.0684965560437041	0.11846477837421415
UP000000351	0.03811409687106395	0.03221262391428263	0.03221262391428263	0.03221262391428263	0.03221262391428263	0.03811409687106395	0.03221262391428263	0.04303234666220745	0.03811409687106395	0.03221262391428263	0.03811409687106395	0.03811409687106395	0.054449834818507535	0.054449834818507535	0.054449834818507535	0.06442524782856526	0.06442524782856526	0.10253934469962922	0.05936808460965104	0.11901399607484356
UP000000352	0.022069675983763935	0.031030166979506987	0.031030166979506987	0.031030166979506987	0.031030166979506987	0.022069675983763935	0.031030166979506987	0.02811408345619345	0.022069675983763935	0.031030166979506987	0.022069675983763935	0.022069675983763935	0.08725739911038514	0.08725739911038514	0.08725739911038514	0.062060333959013975	0.062060333959013975	0.0841300099427779	0.09330180658281466	0.11203185297316892
UP000000353	0.033838780057520085	0.032289734114980886	0.032289734114980886	0.032289734114980886	0.032289734114980886	0.033838780057520085	0.032289734114980886	0.03909433908659688	0.033838780057520085	0.032289734114980886	0.033838780057520085	0.033838780057520085	0.061623198439416244	0.061623198439416244	0.061623198439416244	0.06457946822996177	0.06457946822996177	0.09841824828748186	0.06687875746849305	0.11864781840176995
UP000000354	0.04467922097125872	0.031704230899759524	0.031704230899759524	0.031704230899759524	0.031704230899759524	0.04467922097125872	0.031704230899759524	0.04906567830079734	0.04467922097125872	0.031704230899759524	0.04467922097125872	0.04467922097125872	0.04499443970125914	0.04499443970125914	0.04499443970125914	0.06340846179951905	0.06340846179951905	0.10808768277077775	0.04938089703079777	0.11804400893996084
UP000000355	0.0479472305456828	0.03130408447706908	0.03130408447706908	0.03130408447706908	0.03130408447706908	0.0479472305456828	0.03130408447706908	0.05206891064931325	0.0479472305456828	0.03130408447706908	0.0479472305456828	0.0479472305456828	0.04087600863677881	0.04087600863677881	0.04087600863677881	0.06260816895413816	0.06260816895413816	0.11055539949982096	0.04499768874040926	0.11697297770101539
UP000000356	0.03780254909281656	0.03222564327526775	0.03222564327526775	0.03222564327526775	0.03222564327526775	0.03780254909281656	0.03222564327526775	0.04274575862689609	0.03780254909281656	0.03222564327526775	0.03780254909281656	0.03780254909281656	0.054942965986500086	0.054942965986500086	0.054942965986500086	0.0644512865505355	0.0644512865505355	0.10225383564335205	0.059886175520579614	0.11901615403291192
UP000000357	0.03965297750954784	0.03213258522325428	0.03213258522325428	0.03213258522325428	0.03213258522325428	0.03965297750954784	0.03213258522325428	0.0444473632412715	0.03965297750954784	0.03213258522325428	0.03965297750954784	0.03965297750954784	0.05207694846527417	0.05207694846527417	0.05207694846527417	0.06426517044650856	0.06426517044650856	0.1039181479560564	0.05687133419699782	0.11894156942956981
UP000000358	0.03950020980822092	0.03214167422541753	0.03214167422541753	0.03214167422541753	0.03214167422541753	0.03950020980822092	0.03214167422541753	0.04430692883833371	0.03950020980822092	0.03214167422541753	0.03950020980822092	0.03950020980822092	0.05230793593394331	0.05230793593394331	0.05230793593394331	0.06428334845083505	0.06428334845083505	0.10378355825905598	0.05711465496405609	0.11895325884144453
UP000000359	0.03984097286520912	0.03212106225058601	0.03212106225058601	0.03212106225058601	0.03212106225058601	0.03984097286520912	0.03212106225058601	0.04462017177866304	0.03984097286520912	0.03212106225058601	0.03984097286520912	0.03984097286520912	0.05179404848354001	0.05179404848354001	0.05179404848354001	0.06424212450117202	0.06424212450117202	0.10408309736638115	0.056573247396993924	0.11892585117543619
UP000000360	0.03266282820320251	0.03226952943672386	0.03226952943672386	0.03226952943672386	0.03226952943672386	0.03266282820320251	0.03226952943672386	0.038008506731423634	0.03266282820320251	0.03226952943672386	0.03266282820320251	0.03266282820320251	0.06376193289750018	0.06376193289750018	0.06376193289750018	0.06453905887344771	0.06453905887344771	0.09720188707665023	0.0691076114257213	0.11838676069045316
UP000000369	0.02886664400496617	0.032063569293810754	0.032063569293810754	0.032063569293810754	0.032063569293810754	0.02886664400496617	0.032063569293810754	0.03449096085424288	0.02886664400496617	0.032063569293810754	0.02886664400496617	0.02886664400496617	0.07122909581606619	0.07122909581606619	0.07122909581606619	0.06412713858762151	0.06412713858762151	0.09299378259258768	0.07685341266534289	0.1170056434766896
UP000000372	0.048470967702388255	0.03123191995890842	0.03123191995890842	0.03123191995890842	0.03123191995890842	0.048470967702388255	0.03123191995890842	0.052550421839043196	0.048470967702388255	0.03123191995890842	0.048470967702388255	0.048470967702388255	0.04024812668518688	0.04024812668518688	0.04024812668518688	0.06246383991781684	0.06246383991781684	0.11093480762020509	0.04432758082184182	0.11676877156232379
UP000000373	0.04378608904182705	0.03179773084990462	0.03179773084990462	0.03179773084990462	0.03179773084990462	0.04378608904182705	0.03179773084990462	0.048245137237817926	0.04378608904182705	0.03179773084990462	0.04378608904182705	0.04378608904182705	0.04618342077718417	0.04618342077718417	0.04618342077718417	0.06359546169980924	0.06359546169980924	0.10738155074163629	0.050642468973175044	0.11827282700763671
UP000000375	0.02703072863751353	0.031877450896601704	0.031877450896601704	0.031877450896601704	0.031877450896601704	0.02703072863751353	0.031877450896601704	0.03278076133643475	0.02703072863751353	0.031877450896601704	0.02703072863751353	0.02703072863751353	0.0751864212979445	0.0751864212979445	0.0751864212979445	0.06375490179320341	0.06375490179320341	0.09078563043071694	0.08093645399686573	0.11600973818856439
UP000000394	0.029256029149235724	0.0320953608012135	0.0320953608012135	0.0320953608012135	0.0320953608012135	0.029256029149235724	0.0320953608012135	0.034852817235004434	0.029256029149235724	0.0320953608012135	0.029256029149235724	0.029256029149235724	0.0704205057839835	0.0704205057839835	0.0704205057839835	0.064190721602427	0.064190721602427	0.09344675075166273	0.0760172938697522	0.1171878670333166
UP000000395	0.04474447369953656	0.03169712298232988	0.03169712298232988	0.03169712298232988	0.03169712298232988	0.04474447369953656	0.03169712298232988	0.04912562937466949	0.04474447369953656	0.03169712298232988	0.04474447369953656	0.04474447369953656	0.04490867909649148	0.04490867909649148	0.04490867909649148	0.06339424596465976	0.06339424596465976	0.10813871966419632	0.04928983477162441	0.11802618057905366
UP000000396	0.041524353474543745	0.03200168392550132	0.03200168392550132	0.03200168392550132	0.03200168392550132	0.041524353474543745	0.03200168392550132	0.04616718844965902	0.041524353474543745	0.03200168392550132	0.041524353474543745	0.041524353474543745	0.049325645717543214	0.049325645717543214	0.049325645717543214	0.06400336785100263	0.06400336785100263	0.10552772132554639	0.05396848069265849	0.11872106575177471
UP000000398	0.026436202274759093	0.03180368425658542	0.03180368425658542	0.03180368425658542	0.03180368425658542	0.026436202274759093	0.03180368425658542	0.032225329466528875	0.026436202274759093	0.03180368425658542	0.026436202274759093	0.026436202274759093	0.0765219089928299	0.0765219089928299	0.0765219089928299	0.06360736851317084	0.06360736851317084	0.09004357078792992	0.08231103618459967	0.1156364826428021
UP000000399	0.012577653836649546	0.027321987785619648	0.027321987785619648	0.027321987785619648	0.027321987785619648	0.012577653836649546	0.027321987785619648	0.018814059196081062	0.012577653836649546	0.027321987785619648	0.012577653836649546	0.012577653836649546	0.11870115464338467	0.11870115464338467	0.11870115464338467	0.054643975571239296	0.054643975571239296	0.06722162940788882	0.12493756000281621	0.09681514042361555
UP000000400	0.017682864096399693	0.029745434127144334	0.029745434127144334	0.029745434127144334	0.029745434127144334	0.017682864096399693	0.029745434127144334	0.023901309515081976	0.017682864096399693	0.029745434127144334	0.017682864096399693	0.017682864096399693	0.10007325132272325	0.10007325132272325	0.10007325132272325	0.05949086825428867	0.05949086825428867	0.07717373235068838	0.10629169674140553	0.10654484567121278
UP000000401	0.023825625008881753	0.03139358068074403	0.03139358068074403	0.03139358068074403	0.03139358068074403	0.023825625008881753	0.03139358068074403	0.029774985656443213	0.023825625008881753	0.03139358068074403	0.023825625008881753	0.023825625008881753	0.0827308335114808	0.0827308335114808	0.0827308335114808	0.06278716136148806	0.06278716136148806	0.08661278637036982	0.08868019415904227	0.11367560142785318
UP000000409	0.041468172550135386	0.03200612728047136	0.03200612728047136	0.03200612728047136	0.03200612728047136	0.041468172550135386	0.03200612728047136	0.04611556710784897	0.041468172550135386	0.03200612728047136	0.041468172550135386	0.041468172550135386	0.049406188915377625	0.049406188915377625	0.049406188915377625	0.06401225456094271	0.06401225456094271	0.1054804271110781	0.05405358347309121	0.11872972000645828
UP000000410	0.030005703999895817	0.0321493905946195	0.0321493905946195	0.0321493905946195	0.0321493905946195	0.030005703999895817	0.0321493905946195	0.035548737505292034	0.030005703999895817	0.0321493905946195	0.030005703999895817	0.030005703999895817	0.0688924556217043	0.0688924556217043	0.0688924556217043	0.064298781189239	0.064298781189239	0.09430448518913481	0.07443548912710052	0.11751149536768557
UP000000411	0.03699825548349298	0.03225411486611563	0.03225411486611563	0.03225411486611563	0.03225411486611563	0.03699825548349298	0.03225411486611563	0.04200567939569828	0.03699825548349298	0.03225411486611563	0.03699825548349298	0.03699825548349298	0.056236593439424755	0.056236593439424755	0.056236593439424755	0.06450822973223126	0.06450822973223126	0.10150648521572422	0.061244017351630056	0.11900161164005192
UP000000412	0.028830155297510426	0.032060456819618305	0.032060456819618305	0.032060456819618305	0.032060456819618305	0.028830155297510426	0.032060456819618305	0.03445703742675886	0.028830155297510426	0.032060456819618305	0.028830155297510426	0.028830155297510426	0.07130540095088352	0.07130540095088352	0.07130540095088352	0.06412091363923661	0.06412091363923661	0.09295106893674704	0.07693228308013196	0.11698806301997633
UP000000413	0.04053658768343204	0.0320752249096721	0.0320752249096721	0.0320752249096721	0.0320752249096721	0.04053658768343204	0.0320752249096721	0.04525951092996248	0.04053658768343204	0.0320752249096721	0.04053658768343204	0.04053658768343204	0.050760071915305544	0.050760071915305544	0.050760071915305544	0.0641504498193442	0.0641504498193442	0.10468703750277625	0.05548299516183598	0.1188550531456275
UP000000414	0.02444650766398348	0.031504519360715404	0.031504519360715404	0.031504519360715404	0.031504519360715404	0.02444650766398348	0.031504519360715404	0.030359623668756427	0.02444650766398348	0.031504519360715404	0.02444650766398348	0.02444650766398348	0.08120053414516726	0.08120053414516726	0.08120053414516726	0.06300903872143081	0.06300903872143081	0.08745554638541428	0.08711365014994021	0.11419184543331573
UP000000469	0.04686386473477418	0.03144648463924965	0.03144648463924965	0.03144648463924965	0.03144648463924965	0.04686386473477418	0.03144648463924965	0.05107310571876168	0.04686386473477418	0.03144648463924965	0.04686386473477418	0.04686386473477418	0.0422022981571466	0.0422022981571466	0.0422022981571466	0.0628929692784993	0.0628929692784993	0.10975683401327345	0.04641153914113411	0.11736745658902357
UP000000470	0.03545999418618309	0.032287150932511055	0.032287150932511055	0.032287150932511055	0.032287150932511055	0.03545999418618309	0.032287150932511055	0.04058916537862395	0.03545999418618309	0.032287150932511055	0.03545999418618309	0.03545999418618309	0.058796406444135384	0.058796406444135384	0.058796406444135384	0.06457430186502211	0.06457430186502211	0.10003429605120519	0.06392557763657625	0.11889026134516248
UP000000472	0.045067302084812536	0.0316614114144508	0.0316614114144508	0.0316614114144508	0.0316614114144508	0.045067302084812536	0.0316614114144508	0.04942223401332602	0.045067302084812536	0.0316614114144508	0.045067302084812536	0.045067302084812536	0.044486575693774864	0.044486575693774864	0.044486575693774864	0.0633228228289016	0.0633228228289016	0.10839012491371414	0.04884150762228835	0.11793578180077625
UP000000473	0.02333495630470231	0.03129959834073783	0.03129959834073783	0.03129959834073783	0.03129959834073783	0.02333495630470231	0.03129959834073783	0.02931203352655219	0.02333495630470231	0.03129959834073783	0.02333495630470231	0.02333495630470231	0.08396543310381967	0.08396543310381967	0.08396543310381967	0.06259919668147566	0.06259919668147566	0.08593415298617797	0.08994251032566956	0.11324423891925156
UP000000477	0.032793404664812474	0.03227272713038746	0.03227272713038746	0.03227272713038746	0.03227272713038746	0.032793404664812474	0.03227272713038746	0.03812914994271286	0.032793404664812474	0.03227272713038746	0.032793404664812474	0.032793404664812474	0.06352063331502834	0.06352063331502834	0.06352063331502834	0.06454545426077492	0.06454545426077492	0.0973388589255874	0.06885637859292873	0.11841941796574906
UP000000513	0.056794322378666086	0.029822590976288685	0.029822590976288685	0.029822590976288685	0.029822590976288685	0.056794322378666086	0.029822590976288685	0.06021700623293182	0.056794322378666086	0.029822590976288685	0.056794322378666086	0.056794322378666086	0.03131957193217961	0.03131957193217961	0.03131957193217961	0.05964518195257737	0.05964518195257737	0.11643950433124345	0.034742255786445346	0.11244499619662325
UP000000514	0.05264639445761198	0.03058373628465471	0.03058373628465471	0.03058373628465471	0.03058373628465471	0.05264639445761198	0.03058373628465471	0.056392493443590146	0.05264639445761198	0.03058373628465471	0.05264639445761198	0.05264639445761198	0.03553386456056018	0.03553386456056018	0.03553386456056018	0.06116747256930942	0.06116747256930942	0.1138138670269214	0.039279963546538336	0.11484274716666251
UP000000515	0.03824578228531084	0.032206792319814694	0.032206792319814694	0.032206792319814694	0.032206792319814694	0.03824578228531084	0.032206792319814694	0.04315346889740621	0.03824578228531084	0.032206792319814694	0.03824578228531084	0.03824578228531084	0.05424271172144723	0.05424271172144723	0.05424271172144723	0.06441358463962939	0.06441358463962939	0.10265936692494024	0.05915039833354259	0.11901179605506804
UP000000516	0.056547906970357616	0.029870821289989573	0.029870821289989573	0.029870821289989573	0.029870821289989573	0.056547906970357616	0.029870821289989573	0.05998954507550859	0.056547906970357616	0.029870821289989573	0.056547906970357616	0.056547906970357616	0.031557877641915894	0.031557877641915894	0.031557877641915894	0.059741642579979146	0.059741642579979146	0.11628954955033677	0.03499951574706687	0.11260000894965634
UP000000518	0.021620510427904343	0.03092465692727146	0.03092465692727146	0.03092465692727146	0.03092465692727146	0.021620510427904343	0.03092465692727146	0.027687255504606042	0.021620510427904343	0.03092465692727146	0.021620510427904343	0.021620510427904343	0.08846547904208155	0.08846547904208155	0.08846547904208155	0.06184931385454292	0.06184931385454292	0.08346982428244726	0.09453222411878325	0.11156513755568244
UP000000519	0.0309988373077846	0.0322069429087224	0.0322069429087224	0.0322069429087224	0.0322069429087224	0.0309988373077846	0.0322069429087224	0.0364692608880993	0.0309988373077846	0.0322069429087224	0.0309988373077846	0.0309988373077846	0.06692426307648737	0.06692426307648737	0.06692426307648737	0.0644138858174448	0.0644138858174448	0.0954127231252294	0.07239468665680206	0.1178869244742602
UP000000520	0.04315402540345197	0.0318595527940765	0.0318595527940765	0.0318595527940765	0.0318595527940765	0.04315402540345197	0.0318595527940765	0.04766445817499515	0.04315402540345197	0.0318595527940765	0.04315402540345197	0.04315402540345197	0.04704224436765305	0.04704224436765305	0.04704224436765305	0.063719105588153	0.063719105588153	0.10687313099160498	0.05155267713919623	0.11841734563321964
UP000000521	0.03698383264113132	0.0322545567447059	0.0322545567447059	0.0322545567447059	0.0322545567447059	0.03698383264113132	0.0322545567447059	0.04199240490874994	0.03698383264113132	0.0322545567447059	0.03698383264113132	0.03698383264113132	0.05626006589919657	0.05626006589919657	0.05626006589919657	0.0645091134894118	0.0645091134894118	0.10149294613054312	0.0612686381668152	0.11900108244358631
UP000000522	0.04177395567638341	0.03198156873470381	0.03198156873470381	0.03198156873470381	0.03198156873470381	0.04177395567638341	0.03198156873470381	0.04639652800525622	0.04177395567638341	0.03198156873470381	0.04177395567638341	0.04177395567638341	0.04896930262751382	0.04896930262751382	0.04896930262751382	0.06396313746940761	0.06396313746940761	0.10573709314579102	0.05359187495638664	0.1186811302810696
UP000000568	0.037610341121525094	0.03223312571754527	0.03223312571754527	0.03223312571754527	0.03223312571754527	0.037610341121525094	0.03223312571754527	0.0425689265628665	0.037610341121525094	0.03223312571754527	0.037610341121525094	0.037610341121525094	0.055249400167149985	0.055249400167149985	0.055249400167149985	0.06446625143509054	0.06446625143509054	0.10207659255661564	0.060207985608491395	0.11901533198749825
UP000000569	0.030691159395313604	0.03219078024193652	0.03219078024193652	0.03219078024193652	0.03219078024193652	0.030691159395313604	0.03219078024193652	0.036184238110561526	0.030691159395313604	0.03219078024193652	0.030691159395313604	0.030691159395313604	0.0675273500904551	0.0675273500904551	0.0675273500904551	0.06438156048387304	0.06438156048387304	0.09507271987918665	0.07302042880570303	0.11777696353725023
UP000000570	0.027397778812615962	0.03191960596672275	0.03191960596672275	0.03191960596672275	0.03191960596672275	0.027397778812615962	0.03191960596672275	0.03312325737656489	0.027397778812615962	0.03191960596672275	0.027397778812615962	0.027397778812615962	0.07437546321103106	0.07437546321103106	0.07437546321103106	0.0638392119334455	0.0638392119334455	0.09123699074606144	0.08010094177497999	0.11622746673899313
UP000000571	0.011586199387714722	0.02668983652897635	0.02668983652897635	0.02668983652897635	0.02668983652897635	0.011586199387714722	0.02668983652897635	0.017789796990262743	0.011586199387714722	0.02668983652897635	0.011586199387714722	0.011586199387714722	0.1229648049555938	0.1229648049555938	0.1229648049555938	0.0533796730579527	0.0533796730579527	0.06496587244566743	0.12916840255814183	0.09435215091080935
UP000000572	0.035115349078235936	0.032290545340503796	0.032290545340503796	0.032290545340503796	0.032290545340503796	0.035115349078235936	0.032290545340503796	0.04027157133139076	0.035115349078235936	0.032290545340503796	0.035115349078235936	0.035115349078235936	0.05938595775107195	0.05938595775107195	0.05938595775107195	0.06458109068100759	0.06458109068100759	0.09969643975924353	0.06454218000422678	0.11884973685570553
UP000000573	0.03291899661645881	0.03227557462483899	0.03227557462483899	0.03227557462483899	0.03227557462483899	0.03291899661645881	0.03227557462483899	0.038245169729390606	0.03291899661645881	0.03227557462483899	0.03291899661645881	0.03291899661645881	0.06328945742184111	0.06328945742184111	0.06328945742184111	0.06455114924967797	0.06455114924967797	0.09747014586613678	0.06861563053477289	0.11844995227349236
UP000000574	0.032912799109904155	0.03227543933764199	0.03227543933764199	0.03227543933764199	0.03227543933764199	0.032912799109904155	0.03227543933764199	0.03823944498573453	0.032912799109904155	0.03227543933764199	0.032912799109904155	0.032912799109904155	0.06330084420709979	0.06330084420709979	0.06330084420709979	0.06455087867528397	0.06455087867528397	0.09746367778518814	0.06862749008293019	0.11844846559890718
UP000000575	0.03290596045594149	0.032275289426088885	0.032275289426088885	0.032275289426088885	0.032275289426088885	0.03290596045594149	0.032275289426088885	0.038233127953870405	0.03290596045594149	0.032275289426088885	0.03290596045594149	0.03290596045594149	0.06331341149774687	0.06331341149774687	0.06331341149774687	0.06455057885217777	0.06455057885217777	0.09745653930811926	0.06864057899567579	0.1184468227084977
UP000000587	0.05589743529568735	0.029996364370181217	0.029996364370181217	0.029996364370181217	0.029996364370181217	0.05589743529568735	0.029996364370181217	0.05938927397294103	0.05589743529568735	0.029996364370181217	0.05589743529568735	0.05589743529568735	0.03219403075182227	0.03219403075182227	0.03219403075182227	0.05999272874036243	0.05999272874036243	0.11589016403604978	0.03568586942907595	0.11300178012621749
UP000000624	0.04936352873786705	0.031104078648056626	0.031104078648056626	0.031104078648056626	0.031104078648056626	0.04936352873786705	0.031104078648056626	0.053371202301485114	0.04936352873786705	0.031104078648056626	0.04936352873786705	0.04936352873786705	0.03919751011650612	0.03919751011650612	0.03919751011650612	0.06220815729611325	0.06220815729611325	0.1115716860339803	0.04320518368012419	0.11640096746499037
UP000000668	0.025953228513560724	0.0317386237966202	0.0317386237966202	0.0317386237966202	0.0317386237966202	0.025953228513560724	0.0317386237966202	0.03177346251059847	0.025953228513560724	0.0317386237966202	0.025953228513560724	0.025953228513560724	0.07762735491478792	0.07762735491478792	0.07762735491478792	0.0634772475932404	0.0634772475932404	0.08943047610680113	0.08344758891182566	0.11531402719240531
UP000000670	0.049002308466781316	0.031156545303291164	0.031156545303291164	0.031156545303291164	0.031156545303291164	0.049002308466781316	0.031156545303291164	0.05303900256265116	0.049002308466781316	0.031156545303291164	0.049002308466781316	0.049002308466781316	0.03961977896996804	0.03961977896996804	0.03961977896996804	0.06231309060658233	0.06231309060658233	0.11131539907336364	0.04365647306583788	0.11655279302142497
UP000000672	0.030751689811790432	0.03219407676356296	0.03219407676356296	0.03219407676356296	0.03219407676356296	0.030751689811790432	0.03219407676356296	0.036240322513919405	0.030751689811790432	0.03219407676356296	0.030751689811790432	0.030751689811790432	0.06740823577511493	0.06740823577511493	0.06740823577511493	0.06438815352712592	0.06438815352712592	0.09513984333891636	0.0728968684772439	0.11779904164999387
UP000000675	0.034577488416936766	0.03229280685884335	0.03229280685884335	0.03229280685884335	0.03229280685884335	0.034577488416936766	0.03229280685884335	0.039775737607262794	0.034577488416936766	0.03229280685884335	0.034577488416936766	0.034577488416936766	0.06031816783498727	0.06031816783498727	0.06031816783498727	0.0645856137176867	0.0645856137176867	0.09916310213462347	0.0655164170253133	0.11877472905472133
UP000000676	0.04171109514351876	0.031986691968434636	0.031986691968434636	0.031986691968434636	0.031986691968434636	0.04171109514351876	0.031986691968434636	0.04633877123881892	0.04171109514351876	0.031986691968434636	0.04171109514351876	0.04171109514351876	0.04905881562510362	0.04905881562510362	0.04905881562510362	0.06397338393686927	0.06397338393686927	0.10568447908038804	0.053686491720403774	0.11869141568313823
UP000000677	0.03244470664464481	0.03226364447202122	0.03226364447202122	0.03226364447202122	0.03226364447202122	0.03244470664464481	0.03226364447202122	0.03780693442850647	0.03244470664464481	0.03226364447202122	0.03244470664464481	0.03244470664464481	0.06416718548378672	0.06416718548378672	0.06416718548378672	0.06452728894404244	0.06452728894404244	0.09697199558868724	0.06952941326764839	0.11833012232036157
UP000000678	0.038805301948974615	0.0321798667557676	0.0321798667557676	0.0321798667557676	0.0321798667557676	0.038805301948974615	0.0321798667557676	0.043668025826438035	0.038805301948974615	0.0321798667557676	0.038805301948974615	0.038805301948974615	0.05337125456622403	0.05337125456622403	0.05337125456622403	0.0643597335115352	0.0643597335115352	0.1031650354605098	0.058233978443687454	0.11899401926814357
UP000000679	0.03456794920686289	0.03229281312728862	0.03229281312728862	0.03229281312728862	0.03229281312728862	0.03456794920686289	0.03229281312728862	0.039766941576818385	0.03456794920686289	0.03229281312728862	0.03456794920686289	0.03456794920686289	0.06033483637883547	0.06033483637883547	0.06033483637883547	0.06458562625457724	0.06458562625457724	0.09915357546144013	0.06553382874879098	0.11877326776924348
UP000000680	0.04103714000089018	0.032039178718260244	0.032039178718260244	0.032039178718260244	0.032039178718260244	0.04103714000089018	0.032039178718260244	0.04571950035571199	0.04103714000089018	0.032039178718260244	0.04103714000089018	0.04103714000089018	0.05002829012540119	0.05002829012540119	0.05002829012540119	0.06407835743652049	0.06407835743652049	0.10511549743741067	0.054710650480223014	0.11879199416339735
UP000000725	0.03675137991249347	0.03226133978283326	0.03226133978283326	0.03226133978283326	0.03226133978283326	0.03675137991249347	0.03226133978283326	0.041778443759941955	0.03675137991249347	0.03226133978283326	0.03675137991249347	0.03675137991249347	0.05663972602180342	0.05663972602180342	0.05663972602180342	0.06452267956566651	0.06452267956566651	0.10127405947815998	0.06166678986925191	0.11899123143643606
UP000000728	0.031961719866600215	0.03224816196967873	0.03224816196967873	0.03224816196967873	0.03224816196967873	0.031961719866600215	0.03224816196967873	0.037360390188998366	0.031961719866600215	0.03224816196967873	0.031961719866600215	0.031961719866600215	0.06507434235473467	0.06507434235473467	0.06507434235473467	0.06449632393935746	0.06449632393935746	0.09645804380595767	0.07047301267713281	0.11819530723391862
UP000000729	0.016697456669575637	0.02936806966087021	0.02936806966087021	0.02936806966087021	0.02936806966087021	0.016697456669575637	0.02936806966087021	0.022938447017533437	0.016697456669575637	0.02936806966087021	0.016697456669575637	0.016697456669575637	0.10330717218476183	0.10330717218476183	0.10330717218476183	0.05873613932174042	0.05873613932174042	0.07543359599131604	0.10954816253271962	0.10499029794756522
UP000000730	0.015864668590514483	0.02901900926124102	0.02901900926124102	0.02901900926124102	0.02901900926124102	0.015864668590514483	0.02901900926124102	0.02211863394279941	0.015864668590514483	0.02901900926124102	0.015864668590514483	0.015864668590514483	0.10616079292163559	0.10616079292163559	0.10616079292163559	0.05803801852248204	0.05803801852248204	0.07390268711299652	0.11241475827392053	0.10356810634039422
UP000000735	0.04858741701693909	0.03121558583172964	0.03121558583172964	0.03121558583172964	0.03121558583172964	0.04858741701693909	0.03121558583172964	0.05265749276194111	0.04858741701693909	0.03121558583172964	0.04858741701693909	0.04858741701693909	0.04010967689343805	0.04010967689343805	0.04010967689343805	0.06243117166345928	0.06243117166345928	0.11101858868039838	0.04417975263844007	0.11672219183691453
UP000000744	0.053055176230271214	0.03051367858051965	0.03051367858051965	0.03051367858051965	0.03051367858051965	0.053055176230271214	0.03051367858051965	0.056769018277540065	0.053055176230271214	0.03051367858051965	0.053055176230271214	0.053055176230271214	0.035098727274946756	0.035098727274946756	0.035098727274946756	0.0610273571610393	0.0610273571610393	0.11408253339131053	0.03881256932221561	0.11462703022754088
UP000000825	0.04035421864629298	0.03208772501278981	0.03208772501278981	0.03208772501278981	0.03208772501278981	0.04035421864629298	0.03208772501278981	0.04509190717538553	0.04035421864629298	0.03208772501278981	0.04035421864629298	0.04035421864629298	0.05102921731782805	0.05102921731782805	0.05102921731782805	0.06417545002557962	0.06417545002557962	0.10452966867187259	0.0557669058469206	0.11887552299297412
UP000000826	0.03553091623508991	0.03228626654663113	0.03228626654663113	0.03228626654663113	0.03228626654663113	0.03553091623508991	0.03228626654663113	0.04065450962132277	0.03553091623508991	0.03228626654663113	0.03553091623508991	0.03553091623508991	0.05867583040206814	0.05867583040206814	0.05867583040206814	0.06457253309326226	0.06457253309326226	0.10010344932835218	0.063799423788301	0.1188978794140588
UP000000831	0.023998293437764294	0.031425315617503544	0.031425315617503544	0.031425315617503544	0.031425315617503544	0.023998293437764294	0.031425315617503544	0.02993770252409149	0.023998293437764294	0.031425315617503544	0.023998293437764294	0.023998293437764294	0.08230172401389832	0.08230172401389832	0.08230172401389832	0.06285063123500709	0.06285063123500709	0.08684892467277139	0.08824113310022551	0.11382244429735978
UP000000832	0.050447114546478974	0.030940865149960646	0.030940865149960646	0.030940865149960646	0.030940865149960646	0.050447114546478974	0.030940865149960646	0.05436799303409971	0.050447114546478974	0.030940865149960646	0.050447114546478974	0.050447114546478974	0.03795408894381919	0.03795408894381919	0.03795408894381919	0.06188173029992129	0.06188173029992129	0.11232884484640027	0.04187496743143993	0.11592170362460111
UP000000834	0.04122799493752585	0.032024771651947156	0.032024771651947156	0.032024771651947156	0.032024771651947156	0.04122799493752585	0.032024771651947156	0.04589487669098008	0.04122799493752585	0.032024771651947156	0.04122799493752585	0.04122799493752585	0.04975192225154112	0.04975192225154112	0.04975192225154112	0.06404954330389431	0.06404954330389431	0.10527753824142017	0.05441880400499534	0.11876532310088019
UP000000835	0.052890974878417714	0.030541954848105082	0.030541954848105082	0.030541954848105082	0.030541954848105082	0.052890974878417714	0.030541954848105082	0.05661776480417511	0.052890974878417714	0.030541954848105082	0.052890974878417714	0.052890974878417714	0.035272974570348684	0.035272974570348684	0.035272974570348684	0.061083909696210165	0.061083909696210165	0.1139748845746279	0.038999764496106086	0.11471423954090555
UP000000839	0.05907910351821492	0.02935833481443557	0.02935833481443557	0.02935833481443557	0.02935833481443557	0.05907910351821492	0.02935833481443557	0.06232777225446697	0.05907910351821492	0.02935833481443557	0.05907910351821492	0.05907910351821492	0.029178229585381573	0.029178229585381573	0.029178229585381573	0.05871666962887114	0.05871666962887114	0.11779577314708607	0.032426898321633625	0.1109360017852382
UP000000840	0.034875643445417194	0.03229201427683506	0.03229201427683506	0.03229201427683506	0.03229201427683506	0.034875643445417194	0.03229201427683506	0.040050625082995096	0.034875643445417194	0.03229201427683506	0.034875643445417194	0.034875643445417194	0.059799566863179665	0.059799566863179665	0.059799566863179665	0.06458402855367013	0.06458402855367013	0.09945967199908733	0.06497454850075757	0.11881809383218442
UP000000842	0.018664874958620254	0.03008608979573254	0.03008608979573254	0.03008608979573254	0.03008608979573254	0.018664874958620254	0.03008608979573254	0.02485396819850369	0.018664874958620254	0.03008608979573254	0.018664874958620254	0.018664874958620254	0.09699210963948443	0.09699210963948443	0.09699210963948443	0.06017217959146508	0.06017217959146508	0.07883705455008533	0.10318120287936787	0.10796617270316328
UP000000846	0.03680285064497559	0.03225989298407158	0.03225989298407158	0.03225989298407158	0.03225989298407158	0.03680285064497559	0.03225989298407158	0.04182582270708387	0.03680285064497559	0.03225989298407158	0.03680285064497559	0.03680285064497559	0.056555439435006356	0.056555439435006356	0.056555439435006356	0.06451978596814316	0.06451978596814316	0.10132263661311876	0.061578411497114634	0.11899362781206976
UP000000853	0.04010965046710558	0.03210395154776673	0.03210395154776673	0.03210395154776673	0.03210395154776673	0.04010965046710558	0.03210395154776673	0.04486712771157766	0.04010965046710558	0.03210395154776673	0.04010965046710558	0.04010965046710558	0.051392305491498314	0.051392305491498314	0.051392305491498314	0.06420790309553347	0.06420790309553347	0.10431755356263904	0.0561497827359704	0.11890085170212276
UP000000854	0.04854752466505567	0.031221193213696666	0.031221193213696666	0.031221193213696666	0.031221193213696666	0.04854752466505567	0.031221193213696666	0.05262081275596122	0.04854752466505567	0.031221193213696666	0.04854752466505567	0.04854752466505567	0.040157058981365915	0.040157058981365915	0.040157058981365915	0.06244238642739333	0.06244238642739333	0.11098991109244899	0.044230347072271456	0.11673819667297557
UP000000862	0.046207880628573374	0.03152808985867746	0.03152808985867746	0.03152808985867746	0.03152808985867746	0.046207880628573374	0.03152808985867746	0.05047025939568422	0.046207880628573374	0.03152808985867746	0.046207880628573374	0.046207880628573374	0.04302384946528674	0.04302384946528674	0.04302384946528674	0.06305617971735492	0.06305617971735492	0.1092640603459283	0.04728622823239759	0.11758760190048813
UP000000866	0.07218947402122333	0.02617260847292441	0.02617260847292441	0.02617260847292441	0.02617260847292441	0.07218947402122333	0.02617260847292441	0.07451084765391949	0.07218947402122333	0.02617260847292441	0.07218947402122333	0.07218947402122333	0.01897798657116151	0.01897798657116151	0.01897798657116151	0.05234521694584882	0.05234521694584882	0.12453469096707216	0.021299360203857667	0.10004768662630535
UP000000867	0.04243403588380003	0.03192546526197459	0.03192546526197459	0.03192546526197459	0.03192546526197459	0.04243403588380003	0.03192546526197459	0.04700298948752505	0.04243403588380003	0.03192546526197459	0.04243403588380003	0.04243403588380003	0.04803857615545158	0.04803857615545158	0.04803857615545158	0.06385093052394918	0.06385093052394918	0.10628496640774923	0.05260752975917661	0.11856395384044832
UP000000868	0.048477009617758596	0.03123107504060499	0.03123107504060499	0.03123107504060499	0.03123107504060499	0.048477009617758596	0.03123107504060499	0.0525559770665959	0.048477009617758596	0.03123107504060499	0.048477009617758596	0.048477009617758596	0.04024093300650248	0.04024093300650248	0.04024093300650248	0.06246215008120998	0.06246215008120998	0.11093915969896857	0.04431990045533979	0.11676636526474533
UP000000869	0.016572792542226916	0.029317634012331565	0.029317634012331565	0.029317634012331565	0.029317634012331565	0.016572792542226916	0.029317634012331565	0.022816096637175383	0.016572792542226916	0.029317634012331565	0.016572792542226916	0.016572792542226916	0.10372707700177665	0.10372707700177665	0.10372707700177665	0.05863526802466313	0.05863526802466313	0.07520806056689004	0.1099703810967251	0.10478392785942932
UP000000870	0.016302089812873496	0.029205942369836414	0.029205942369836414	0.029205942369836414	0.029205942369836414	0.016302089812873496	0.029205942369836414	0.02254997638584559	0.016302089812873496	0.029205942369836414	0.016302089812873496	0.016302089812873496	0.10464757334812572	0.10464757334812572	0.10464757334812572	0.05841188473967283	0.05841188473967283	0.07471397455254633	0.11089545992109781	0.10432799633340147
UP000000871	0.07004467652419816	0.026748229487540198	0.026748229487540198	0.026748229487540198	0.026748229487540198	0.07004467652419816	0.026748229487540198	0.07250858911930558	0.07004467652419816	0.026748229487540198	0.07004467652419816	0.07004467652419816	0.020428898132492455	0.020428898132492455	0.020428898132492455	0.053496458975080395	0.053496458975080395	0.12354113549927855	0.022892810727599883	0.10206509275994594
UP000000872	0.09113722773142381	0.02035448833416175	0.02035448833416175	0.02035448833416175	0.02035448833416175	0.09113722773142381	0.02035448833416175	0.09237590031316616	0.09113722773142381	0.02035448833416175	0.09113722773142381	0.09113722773142381	0.009091898133361276	0.009091898133361276	0.009091898133361276	0.0407089766683235	0.0407089766683235	0.1318462043997473	0.010330570715103614	0.07894060817316234
UP000000875	0.016790034343072132	0.029405121783292562	0.029405121783292562	0.029405121783292562	0.029405121783292562	0.016790034343072132	0.029405121783292562	0.023029225199107817	0.016790034343072132	0.029405121783292562	0.016790034343072132	0.016790034343072132	0.10299695276645354	0.10299695276645354	0.10299695276645354	0.058810243566585124	0.058810243566585124	0.07560027790965725	0.10923614362248922	0.10514210542109885
