Proteome_ID	M	W	C	D	E	F	H	K	N	Q	Y	I	A	G	P	T	V	L	R	S
UP000008323	0.020007493322470857	0.008970746711200756	0.028978240033671616	0.028978240033671616	0.028978240033671616	0.06463028805023938	0.028978240033671616	0.06463028805023938	0.06463028805023938	0.028978240033671616	0.06463028805023938	0.1092530827780079	0.034956655819213096	0.02598590910801234	0.02598590910801234	0.05795648006734323	0.05795648006734323	0.11361602140638186	0.05496414914168395	0.08693472010101484
UP000002535	0.019606945922835538	0.011840430026746769	0.03144737594958231	0.03144737594958231	0.03144737594958231	0.05207471335633155	0.03144737594958231	0.05207471335633155	0.05207471335633155	0.03144737594958231	0.05207471335633155	0.08454248078982757	0.04982191433554621	0.03798148430879944	0.03798148430879944	0.06289475189916462	0.06289475189916462	0.10312903522874939	0.06942886025838176	0.0943421278487469
UP000001961	0.014352824078574425	0.017785347345509683	0.03213817142408411	0.03213817142408411	0.03213817142408411	0.025935592468111453	0.03213817142408411	0.025935592468111453	0.025935592468111453	0.03213817142408411	0.025935592468111453	0.03751836085764848	0.09743358084962181	0.07964823350411213	0.07964823350411213	0.06427634284816822	0.06427634284816822	0.07242658797076999	0.11178640492819625	0.09641451427225232
UP000000815	0.016782439612819788	0.016048482917456187	0.032830922530275974	0.032830922530275974	0.032830922530275974	0.03433240248511018	0.032830922530275974	0.03433240248511018	0.03433240248511018	0.032830922530275974	0.03433240248511018	0.051882365357400574	0.07883869835061441	0.06279021543315823	0.06279021543315823	0.06566184506055195	0.06566184506055195	0.08394576462820595	0.09562113796343422	0.09849276759082792
UP000000425	0.015004154929841215	0.01740840307145903	0.032412558001300246	0.032412558001300246	0.032412558001300246	0.027936108781930553	0.032412558001300246	0.027936108781930553	0.027936108781930553	0.032412558001300246	0.027936108781930553	0.04086806263401989	0.09262101943033987	0.07521261635888085	0.07521261635888085	0.06482511600260049	0.06482511600260049	0.075352821713072	0.10762517436018108	0.09723767400390072
UP000010481	0.01766966418036335	0.015131957119649944	0.032801621300013295	0.032801621300013295	0.032801621300013295	0.03830262195166044	0.032801621300013295	0.03830262195166044	0.03830262195166044	0.032801621300013295	0.03830262195166044	0.05893557972295753	0.07131329954928187	0.05618134242963192	0.05618134242963192	0.06560324260002659	0.06560324260002659	0.08877390743203707	0.08898296372964522	0.09840486390003989
UP000002194	0.011222020470154017	0.01886334423014496	0.030085364700298975	0.030085364700298975	0.030085364700298975	0.01789812953629218	0.030085364700298975	0.01789812953629218	0.01789812953629218	0.030085364700298975	0.01789812953629218	0.024574238602430343	0.12000566385797626	0.1011423196278313	0.1011423196278313	0.06017072940059795	0.06017072940059795	0.05920551470674518	0.13122768432813028	0.09025609410089694
UP000010378	0.019894815478695583	0.010762871468215739	0.030657686946911317	0.030657686946911317	0.030657686946911317	0.05666973043519291	0.030657686946911317	0.05666973043519291	0.05666973043519291	0.030657686946911317	0.05666973043519291	0.09344464539169024	0.04393379928865676	0.03317092782044102	0.03317092782044102	0.06131537389382263	0.06131537389382263	0.10722223286079982	0.06382861476735234	0.09197306084073398
UP000001168	0.017721915326554403	0.015071254686665772	0.03279317001322018	0.03279317001322018	0.03279317001322018	0.03856067688762289	0.03279317001322018	0.03856067688762289	0.03856067688762289	0.03279317001322018	0.03856067688762289	0.059399438448691375	0.07084786891208356	0.05577661422541779	0.05577661422541779	0.06558634002644036	0.06558634002644036	0.08907576222739748	0.08856978423863797	0.09837951003966054
UP000000430	0.018586678449914587	0.013915230398572046	0.03250190884848663	0.03250190884848663	0.03250190884848663	0.043413045380638934	0.03250190884848663	0.043413045380638934	0.043413045380638934	0.03250190884848663	0.043413045380638934	0.0682394123113633	0.06258143520098604	0.048666204802413994	0.048666204802413994	0.06500381769697326	0.06500381769697326	0.09450163267904015	0.08116811365090064	0.0975057265454599
UP000001054	0.012227584989143028	0.018643600963621023	0.03087118595276405	0.03087118595276405	0.03087118595276405	0.020247164198034056	0.03087118595276405	0.020247164198034056	0.020247164198034056	0.03087118595276405	0.020247164198034056	0.028266743406925084	0.112783216053291	0.09413961508966999	0.09413961508966999	0.0617423719055281	0.0617423719055281	0.06334593513994113	0.12501080104243403	0.09261355785829216
UP000008561	0.012927401755824252	0.018420886720481495	0.03134828847630575	0.03134828847630575	0.03134828847630575	0.021999588056751663	0.03134828847630575	0.021999588056751663	0.021999588056751663	0.03134828847630575	0.021999588056751663	0.031071774357679077	0.1077603041548992	0.08933941743441771	0.08933941743441771	0.0626965769526115	0.0626965769526115	0.06627527828888168	0.12068770591072345	0.09404486542891723
UP000008898	0.018321252571662696	0.014305137278636604	0.0326263898502993	0.0326263898502993	0.0326263898502993	0.04178613020663279	0.0326263898502993	0.04178613020663279	0.04178613020663279	0.0326263898502993	0.04178613020663279	0.06525100784160288	0.06525416315874771	0.050949025880111104	0.050949025880111104	0.0652527797005986	0.0652527797005986	0.0927337726285948	0.0835754157304104	0.09787916955089791
UP000008204	0.01817751708318104	0.014501886499937012	0.03267940358311805	0.03267940358311805	0.03267940358311805	0.04096228562421006	0.03267940358311805	0.04096228562421006	0.04096228562421006	0.03267940358311805	0.04096228562421006	0.06374705416523908	0.06664465159589246	0.05214276509595544	0.05214276509595544	0.0653588071662361	0.0653588071662361	0.09181920629050916	0.08482216867907348	0.09803821074935416
UP000001946	0.01669046408825295	0.016132818944875168	0.03282328303312811	0.03282328303312811	0.03282328303312811	0.033957848817054714	0.03282328303312811	0.033957848817054714	0.033957848817054714	0.03282328303312811	0.033957848817054714	0.05122523354585649	0.07958606740458019	0.063453248459705	0.063453248459705	0.06564656606625623	0.06564656606625623	0.0834715959384358	0.09627653149283312	0.09846984909938436
UP000017700	0.017107084532228624	0.015735943579971653	0.03284302811220027	0.03284302811220027	0.03284302811220027	0.035704783469411965	0.03284302811220027	0.035704783469411965	0.035704783469411965	0.03284302811220027	0.035704783469411965	0.054302482406595305	0.07615723119275675	0.06042128761278509	0.06042128761278509	0.06568605622440055	0.06568605622440055	0.08565489611384088	0.09326431572498538	0.09852908433660083
UP000002084	0.015098203003124642	0.017349132254935274	0.032447335258059914	0.032447335258059914	0.032447335258059914	0.028237519170290055	0.032447335258059914	0.028237519170290055	0.028237519170290055	0.032447335258059914	0.028237519170290055	0.04137683533745547	0.09191868342546917	0.0745695511705339	0.0745695511705339	0.06489467051611983	0.06489467051611983	0.0757830574314746	0.10701688642859382	0.09734200577417974
UP000065734	0.010915217318290942	0.018906715712039668	0.029821933030330608	0.029821933030330608	0.029821933030330608	0.017216786079366126	0.029821933030330608	0.017216786079366126	0.017216786079366126	0.029821933030330608	0.017216786079366126	0.023518354840441312	0.12221841228139926	0.1033116965693596	0.1033116965693596	0.059643866060661216	0.059643866060661216	0.057953936427987685	0.13313362959969022	0.08946579909099184
UP000001191	0.017994080031492894	0.014740347038212628	0.03273442706970552	0.03273442706970552	0.03273442706970552	0.03996011077285817	0.03273442706970552	0.03996011077285817	0.03996011077285817	0.03273442706970552	0.03996011077285817	0.06192614151422345	0.06837096491476197	0.05363061787654933	0.05363061787654933	0.06546885413941105	0.06546885413941105	0.09068861787405659	0.08636504494625485	0.09820328120911657
UP000002186	0.007883566568230005	0.018694101981553777	0.02657766854978378	0.02657766854978378	0.02657766854978378	0.011208177822466251	0.02657766854978378	0.011208177822466251	0.011208177822466251	0.02657766854978378	0.011208177822466251	0.014532789076702498	0.14474000823516023	0.12604590625360645	0.12604590625360645	0.05315533709956756	0.05315533709956756	0.04566941294048004	0.15262357480339023	0.07973300564935135
UP000254519	0.018322339186384706	0.014303614063383489	0.03262595324976819	0.03262595324976819	0.03262595324976819	0.04179249936921039	0.03262595324976819	0.04179249936921039	0.04179249936921039	0.03262595324976819	0.04179249936921039	0.06526265955203608	0.0652435119647887	0.05093989790140522	0.05093989790140522	0.06525190649953638	0.06525190649953638	0.09274079180536329	0.08356585115117342	0.09787785974930459
UP000001688	0.016130673470627663	0.01661001094115975	0.03274068441178741	0.03274068441178741	0.03274068441178741	0.03179584235809881	0.03274068441178741	0.03179584235809881	0.03179584235809881	0.03274068441178741	0.03179584235809881	0.04746101124556996	0.08403721753499412	0.06742720659383436	0.06742720659383436	0.06548136882357482	0.06548136882357482	0.0806672002405139	0.10016789100562178	0.09822205323536222
UP000001430	0.01997129293851465	0.01027780306424843	0.030249096002763078	0.030249096002763078	0.030249096002763078	0.05877847178234584	0.030249096002763078	0.05877847178234584	0.05877847178234584	0.030249096002763078	0.05877847178234584	0.09758565062617704	0.04141191666871953	0.031134113604471103	0.031134113604471103	0.060498192005526155	0.060498192005526155	0.10899886072362355	0.06138320960723418	0.09074728800828923
UP000029482	0.007366542009903312	0.018527296922497785	0.025893838932401096	0.025893838932401096	0.025893838932401096	0.010295514401864868	0.025893838932401096	0.010295514401864868	0.010295514401864868	0.025893838932401096	0.010295514401864868	0.013224486793826422	0.14877642649210573	0.1302491295696079	0.1302491295696079	0.05178767786480219	0.05178767786480219	0.04355589534416928	0.15614296850200904	0.0776815167972033
UP000889800	0.01390895435639528	0.018010217760741392	0.03191917211713667	0.03191917211713667	0.03191917211713667	0.024650579685878443	0.03191917211713667	0.024650579685878443	0.024650579685878443	0.03191917211713667	0.024650579685878443	0.035392205015361604	0.10067225343100626	0.08266203567026485	0.08266203567026485	0.06383834423427334	0.06383834423427334	0.07047870615941039	0.11458120778740152	0.09575751635141001
UP000002384	0.01863128096344083	0.013845865263248405	0.032477146226689235	0.032477146226689235	0.032477146226689235	0.04370191567921107	0.032477146226689235	0.04370191567921107	0.04370191567921107	0.032477146226689235	0.04370191567921107	0.06877255039498131	0.06211674815873231	0.0482708828954839	0.0482708828954839	0.06495429245337847	0.06495429245337847	0.09481034286934113	0.08074802912217315	0.0974314386800677
UP000002417	0.009183580794786355	0.018935294665555633	0.028118875460341988	0.028118875460341988	0.028118875460341988	0.013637599478096556	0.028118875460341988	0.013637599478096556	0.013637599478096556	0.028118875460341988	0.013637599478096556	0.018091618161406756	0.13488988893621526	0.11595459427065963	0.11595459427065963	0.056237750920683977	0.056237750920683977	0.0509400557332249	0.14407346973100163	0.08435662638102596
UP000000817	0.01937589482321718	0.012441319918754072	0.03181721474197125	0.03181721474197125	0.03181721474197125	0.049551575751930976	0.03181721474197125	0.049551575751930976	0.049551575751930976	0.03181721474197125	0.049551575751930976	0.07972725668064476	0.05330117709079418	0.04085985717204011	0.04085985717204011	0.0636344294839425	0.0636344294839425	0.10074468531711939	0.07267707191401136	0.09545164422591375
UP000001566	0.011970614664196579	0.018710999514077755	0.030681614178274332	0.030681614178274332	0.030681614178274332	0.01962897707989039	0.030681614178274332	0.01962897707989039	0.01962897707989039	0.030681614178274332	0.01962897707989039	0.027287339495584192	0.11462648657722138	0.09591548706314362	0.09591548706314362	0.061363228356548664	0.061363228356548664	0.0622812059223613	0.12659710124141796	0.09204484253482301
UP000000562	0.01914170013368162	0.00619111477356444	0.025332814907246058	0.025332814907246058	0.025332814907246058	0.07832404409091293	0.025332814907246058	0.07832404409091293	0.07832404409091293	0.025332814907246058	0.07832404409091293	0.13750638804814425	0.022578203018902978	0.016387088245338535	0.016387088245338535	0.050665629814492116	0.050665629814492116	0.12279855913184062	0.04171990315258459	0.0759984447217382
UP000000585	0.01879866964002453	0.01357407604084754	0.032372745680872075	0.032372745680872075	0.032372745680872075	0.04483285267917561	0.032372745680872075	0.04483285267917561	0.04483285267917561	0.032372745680872075	0.04483285267917561	0.0708670357183267	0.06032526853880803	0.04675119249796049	0.04675119249796049	0.06474549136174415	0.06474549136174415	0.09600426800007222	0.07912393817883255	0.09711823704261621
UP000001020	0.010147209853144948	0.018965653611412146	0.029112863464557093	0.029112863464557093	0.029112863464557093	0.015576280209138618	0.029112863464557093	0.015576280209138618	0.015576280209138618	0.029112863464557093	0.015576280209138618	0.021005350565132287	0.12779251185047744	0.1088268582390653	0.1088268582390653	0.05822572692911419	0.05822572692911419	0.05483635352684066	0.13793972170362237	0.08733859039367128
UP000000594	0.019661788361917062	0.011674600760604103	0.031336389122521166	0.031336389122521166	0.031336389122521166	0.05277520521582354	0.031336389122521166	0.05277520521582354	0.05277520521582354	0.031336389122521166	0.05277520521582354	0.08588862206973001	0.0488878822333075	0.03721328147270339	0.03721328147270339	0.06267277824504233	0.06267277824504233	0.10377338270026178	0.06854967059522456	0.0940091673675635
UP000000586	0.018778228778279737	0.013608303092268932	0.03238653187054867	0.03238653187054867	0.03238653187054867	0.04469048790849729	0.03238653187054867	0.04469048790849729	0.04469048790849729	0.03238653187054867	0.04469048790849729	0.07060274703871484	0.06054837896477391	0.04694007587250499	0.04694007587250499	0.06477306374109734	0.06477306374109734	0.0958552485573257	0.07932660774305365	0.09715959561164601
UP000037395	0.007191218709633401	0.0184607186825737	0.0256519373922071	0.0256519373922071	0.0256519373922071	0.009992497869940274	0.0256519373922071	0.009992497869940274	0.009992497869940274	0.0256519373922071	0.009992497869940274	0.012793777030247148	0.1501639025187582	0.13170318383618448	0.13170318383618448	0.0513038747844142	0.0513038747844142	0.042835653971780775	0.1573551212283916	0.07695581217662131
UP000001174	0.019930163265786834	0.010564189305067272	0.030494352570854106	0.030494352570854106	0.030494352570854106	0.05752996352782781	0.030494352570854106	0.05752996352782781	0.05752996352782781	0.030494352570854106	0.05752996352782781	0.0951297637898688	0.042891883664398896	0.03232769435933162	0.03232769435933162	0.06098870514170821	0.06098870514170821	0.10795447936446874	0.06282204693018573	0.09148305771256232
UP000061569	0.008396960856417762	0.018818516093906765	0.027215476950324526	0.027215476950324526	0.027215476950324526	0.012143746802363953	0.027215476950324526	0.012143746802363953	0.012143746802363953	0.027215476950324526	0.012143746802363953	0.015890532748310145	0.14080429160257618	0.1219857755086694	0.1219857755086694	0.05443095390064905	0.05443095390064905	0.047756184609106245	0.14920125245899393	0.08164643085097359
UP000002516	0.015463280820578197	0.017106827382834783	0.03257010820341298	0.03257010820341298	0.03257010820341298	0.029440919595140842	0.03257010820341298	0.029440919595140842	0.029440919595140842	0.03257010820341298	0.029440919595140842	0.043418558369703486	0.08917060548283097	0.07206377809999619	0.07206377809999619	0.06514021640682596	0.06514021640682596	0.07747430861913202	0.10463388630340917	0.09771032461023893
UP000001584	0.01010622260757146	0.018966768206901324	0.029072990814472784	0.029072990814472784	0.029072990814472784	0.015491206189361896	0.029072990814472784	0.015491206189361896	0.015491206189361896	0.029072990814472784	0.015491206189361896	0.020876189771152333	0.12809174976951976	0.10912498156261843	0.10912498156261843	0.05814598162894557	0.05814598162894557	0.05467041961140613	0.13819797237709122	0.08721897244341835
UP000001962	0.009220331944537297	0.018938670832157122	0.02815900277669442	0.02815900277669442	0.02815900277669442	0.01370927005011457	0.02815900277669442	0.01370927005011457	0.01370927005011457	0.02815900277669442	0.01370927005011457	0.018198208155691842	0.13461652012381328	0.11567784929165614	0.11567784929165614	0.05631800555338884	0.05631800555338884	0.05108860477134628	0.14383685206835056	0.08447700833008326
UP000000579	0.019506609438366233	0.012117811066202529	0.03162442050456876	0.03162442050456876	0.03162442050456876	0.05090731454114036	0.03162442050456876	0.05090731454114036	0.05090731454114036	0.03162442050456876	0.05090731454114036	0.08230801964391449	0.051408980960523425	0.039291169894320896	0.039291169894320896	0.06324884100913752	0.06324884100913752	0.10203834448407537	0.07091559039888966	0.09487326151370629
UP000002357	0.007427991055460869	0.01854940391557793	0.025977394971038795	0.025977394971038795	0.025977394971038795	0.01040248292437048	0.025977394971038795	0.01040248292437048	0.01040248292437048	0.025977394971038795	0.01040248292437048	0.013376974793280092	0.14829247667763962	0.12974307276206168	0.12974307276206168	0.05195478994207759	0.05195478994207759	0.043807868950870146	0.1557204677331005	0.07793218491311639
UP000002521	0.01988200008042356	0.008084315066070866	0.027966315146494426	0.027966315146494426	0.027966315146494426	0.06877840304930033	0.027966315146494426	0.06877840304930033	0.06877840304930033	0.027966315146494426	0.06877840304930033	0.1176748060181771	0.03082734916392348	0.02274303409785261	0.02274303409785261	0.05593263029298885	0.05593263029298885	0.11662671827621833	0.050709349244347036	0.08389894543948329
UP000069205	0.011009443287401286	0.018894585101350857	0.029904028388752144	0.029904028388752144	0.029904028388752144	0.017424394494233532	0.029904028388752144	0.017424394494233532	0.017424394494233532	0.029904028388752144	0.017424394494233532	0.02383934570106578	0.1215381420032839	0.10264355690193305	0.10264355690193305	0.05980805677750429	0.05980805677750429	0.05833786617038696	0.1325475852906852	0.08971208516625642
UP000000558	0.015800904624195044	0.016864611094875977	0.032665515719071024	0.032665515719071024	0.032665515719071024	0.030605194242161148	0.032665515719071024	0.030605194242161148	0.030605194242161148	0.032665515719071024	0.030605194242161148	0.045409483860127255	0.0865936844508586	0.06972907335598263	0.06972907335598263	0.06533103143814205	0.06533103143814205	0.07907161458542722	0.10239458907505365	0.09799654715721307
UP000035170	0.010247775470108576	0.018962035846115395	0.029209811316223973	0.029209811316223973	0.029209811316223973	0.0157860469372661	0.029209811316223973	0.0157860469372661	0.0157860469372661	0.029209811316223973	0.0157860469372661	0.02132431840442362	0.12705915230853096	0.10809711646241556	0.10809711646241556	0.058419622632447946	0.058419622632447946	0.055243633723598654	0.13730692777863954	0.08762943394867191
UP000001010	0.01003907479760698	0.018968141788382655	0.029007216585989638	0.029007216585989638	0.029007216585989638	0.015352353447478411	0.029007216585989638	0.015352353447478411	0.015352353447478411	0.029007216585989638	0.015352353447478411	0.020665632097349847	0.12858242561073865	0.10961428382235601	0.10961428382235601	0.058014433171979275	0.058014433171979275	0.054398644831075024	0.13862150040834564	0.0870216497579689
UP000001423	0.015044181862722366	0.017383331582967537	0.03242751344568991	0.03242751344568991	0.03242751344568991	0.028063976534327427	0.03242751344568991	0.028063976534327427	0.028063976534327427	0.03242751344568991	0.028063976534327427	0.04108377120593248	0.09232236433081549	0.07493903274784794	0.07493903274784794	0.06485502689137981	0.06485502689137981	0.07553567184273968	0.10736654619353783	0.0972825403370697
UP000000818	0.020017556660042162	0.009147405030493536	0.029164961690535698	0.029164961690535698	0.029164961690535698	0.06382261102269772	0.029164961690535698	0.06382261102269772	0.06382261102269772	0.029164961690535698	0.06382261102269772	0.10762766538535327	0.035802378143640255	0.026654973113146723	0.026654973113146723	0.058329923381071395	0.058329923381071395	0.11300512937327556	0.05581993480368242	0.08749488507160709
UP000001203	0.01878164054564454	0.01360261144948237	0.032384251995126914	0.032384251995126914	0.032384251995126914	0.04471416261288497	0.032384251995126914	0.04471416261288497	0.04471416261288497	0.032384251995126914	0.04471416261288497	0.07064668468012539	0.060511229032837184	0.046908617583354816	0.046908617583354816	0.06476850399025383	0.06476850399025383	0.09588005515365641	0.07929286957848174	0.09715275598538071
UP000000429	0.019093775426970667	0.013041312278188997	0.032135087705159666	0.032135087705159666	0.032135087705159666	0.04704895756499212	0.032135087705159666	0.04704895756499212	0.04704895756499212	0.032135087705159666	0.04704895756499212	0.07500413970301356	0.05693872957555678	0.043897417297367784	0.043897417297367784	0.06427017541031933	0.06427017541031933	0.09827782069712246	0.07603250500252745	0.09640526311547899
UP000000640	0.00777661087265832	0.018663110402262727	0.026439721274921047	0.026439721274921047	0.026439721274921047	0.011016996604793062	0.026439721274921047	0.011016996604793062	0.011016996604793062	0.026439721274921047	0.011016996604793062	0.0142573823369278	0.14556863396235528	0.12690552356009255	0.12690552356009255	0.052879442549842094	0.052879442549842094	0.04523332875237243	0.15334524483501358	0.07931916382476314
UP000001170	0.019035745378253446	0.013152442936790217	0.03218818831504366	0.03218818831504366	0.03218818831504366	0.046586490425935774	0.03218818831504366	0.046586490425935774	0.046586490425935774	0.03218818831504366	0.046586490425935774	0.0741372354736181	0.057632267775791356	0.04447982483900114	0.04447982483900114	0.06437637663008731	0.06437637663008731	0.09781042411923288	0.0766680131540448	0.09656456494513098
UP000006552	0.010284057604355613	0.018960423777900217	0.029244481382255827	0.029244481382255827	0.029244481382255827	0.015862089089758266	0.029244481382255827	0.015862089089758266	0.015862089089758266	0.029244481382255827	0.015862089089758266	0.02144012057516092	0.12679485674288885	0.10783443296498865	0.10783443296498865	0.058488962764511654	0.058488962764511654	0.05539062807636971	0.13707891434724448	0.0877334441467675
UP000001409	0.01089093177920626	0.018909670587092007	0.02980060236629827	0.02980060236629827	0.02980060236629827	0.01716351037717989	0.02980060236629827	0.01716351037717989	0.01716351037717989	0.02980060236629827	0.01716351037717989	0.023436088975153525	0.12239385090663572	0.10348418031954373	0.10348418031954373	0.05960120473259654	0.05960120473259654	0.05785504452268442	0.13328478268584198	0.0894018070988948
UP000001937	0.008230380579540304	0.0187824779056561	0.027012858485196405	0.027012858485196405	0.027012858485196405	0.01183688898723423	0.027012858485196405	0.01183688898723423	0.01183688898723423	0.027012858485196405	0.01183688898723423	0.015443397394928157	0.14207408338209562	0.12329160547643953	0.12329160547643953	0.05402571697039281	0.05402571697039281	0.04708012805197094	0.15030446396163594	0.0810385754555892
UP000198251	0.012135389476745698	0.018668668423579345	0.030804057900325043	0.030804057900325043	0.030804057900325043	0.020023883418086728	0.030804057900325043	0.020023883418086728	0.020023883418086728	0.030804057900325043	0.020023883418086728	0.02791237735942775	0.1134444882098138	0.09477581978623445	0.09477581978623445	0.061608115800650086	0.061608115800650086	0.06296333079515747	0.12557987768655948	0.09241217370097514
UP000183015	0.006024726774818744	0.017874565883121876	0.02389929265794062	0.02389929265794062	0.02389929265794062	0.008055396103996231	0.02389929265794062	0.008055396103996231	0.008055396103996231	0.02389929265794062	0.008055396103996231	0.010086065433173717	0.15968663376307068	0.14181206787994882	0.14181206787994882	0.04779858531588124	0.04779858531588124	0.037979415536755594	0.16571136053788943	0.07169787797382186
UP000008080	0.016604491321703007	0.016210063852726768	0.03281455517442977	0.03281455517442977	0.03281455517442977	0.03361300742363879	0.03281455517442977	0.03361300742363879	0.03361300742363879	0.03281455517442977	0.03361300742363879	0.05062152352557458	0.08028020299406556	0.0640701391413388	0.0640701391413388	0.06562911034885954	0.06562911034885954	0.08303205391977157	0.09688469431576857	0.0984436655232893
UP000006647	0.019918613808756456	0.00826816404613278	0.028186777854889235	0.028186777854889235	0.028186777854889235	0.06790401587004641	0.028186777854889235	0.06790401587004641	0.06790401587004641	0.028186777854889235	0.06790401587004641	0.11588941793133636	0.03166867830618375	0.02340051426005097	0.02340051426005097	0.05637355570977847	0.05637355570977847	0.1160094075336921	0.051587292114940196	0.0845603335646677
UP000000809	0.018984048119023177	0.013248600687489235	0.03223264880651241	0.03223264880651241	0.03223264880651241	0.046186474359079646	0.03223264880651241	0.046186474359079646	0.046186474359079646	0.03223264880651241	0.046186474359079646	0.07338890059913612	0.058237687362806045	0.044989086675316814	0.044989086675316814	0.06446529761302482	0.06446529761302482	0.09740317128461524	0.07722173548182922	0.09669794641953725
UP000001572	0.01950338824412471	0.012126248052625667	0.03162963629675038	0.03162963629675038	0.03162963629675038	0.05087188337553501	0.03162963629675038	0.05087188337553501	0.05087188337553501	0.03162963629675038	0.05087188337553501	0.08224037850694532	0.051457754019469074	0.039331505966843414	0.039331505966843414	0.06325927259350075	0.06325927259350075	0.10200490791641009	0.07096114226359379	0.09488890889025113
UP000002207	0.011592852243558117	0.01879608382584972	0.03038893606940784	0.03038893606940784	0.03038893606940784	0.01874297055470025	0.03038893606940784	0.01874297055470025	0.01874297055470025	0.03038893606940784	0.01874297055470025	0.02589308886584238	0.11733835413838248	0.09854227031253275	0.09854227031253275	0.06077787213881568	0.06077787213881568	0.060724758867666206	0.1289312063819406	0.09116680820822352
UP000194841	0.019120292337342245	0.012989329033520548	0.03210962137086279	0.03210962137086279	0.03210962137086279	0.04726536265791003	0.03210962137086279	0.04726536265791003	0.04726536265791003	0.03210962137086279	0.04726536265791003	0.07541043297847781	0.05661653198306239	0.04362720294954184	0.04362720294954184	0.06421924274172558	0.06421924274172558	0.09849527636611506	0.07573682432040464	0.0963288641125884
UP000001410	0.015842793499384607	0.01683328501348286	0.03267607851286747	0.03267607851286747	0.03267607851286747	0.03075337724243333	0.03267607851286747	0.03075337724243333	0.03075337724243333	0.03267607851286747	0.03075337724243333	0.045663960985482054	0.08627125916260082	0.06943797414911797	0.06943797414911797	0.06535215702573494	0.06535215702573494	0.0792722492546854	0.10211405266198544	0.09802823553860242
UP000006637	0.007828447021649153	0.018678354479673292	0.026506801501322445	0.026506801501322445	0.026506801501322445	0.01110949529800885	0.026506801501322445	0.01110949529800885	0.01110949529800885	0.026506801501322445	0.01110949529800885	0.01439054357436855	0.1451666434582803	0.12648828897860703	0.12648828897860703	0.05301360300264489	0.05301360300264489	0.045444743820980446	0.15299509047992946	0.07952040450396732
UP000000625	0.016130573259610682	0.016610091152134028	0.03274066441174471	0.03274066441174471	0.03274066441174471	0.03179547186254447	0.03274066441174471	0.03179547186254447	0.03179547186254447	0.03274066441174471	0.03179547186254447	0.04746037046547826	0.08403800106060502	0.067427909908471	0.067427909908471	0.06548132882348942	0.06548132882348942	0.08066670953389987	0.1001685743202157	0.09822199323523412
UP000001806	0.0196997492865104	0.0074172081408539845	0.027116957427364387	0.027116957427364387	0.027116957427364387	0.07202133910597651	0.027116957427364387	0.07202133910597651	0.07202133910597651	0.027116957427364387	0.07202133910597651	0.12434292892544263	0.027836972317565132	0.02041976417671115	0.02041976417671115	0.054233914854728775	0.054233914854728775	0.11883804581985129	0.04753672160407554	0.08135087228209316
UP000002361	0.00967368974068429	0.018965661296841272	0.028639351037525556	0.028639351037525556	0.028639351037525556	0.01460788484911461	0.028639351037525556	0.01460788484911461	0.01460788484911461	0.028639351037525556	0.01460788484911461	0.019542079957544936	0.13126288109595954	0.11229721979911825	0.11229721979911825	0.05727870207505111	0.05727870207505111	0.05292092562732446	0.1409365708366438	0.08591805311257669
UP000000588	0.016343710938818153	0.016435405972532756	0.03277911691135091	0.03277911691135091	0.03277911691135091	0.03259623842113628	0.03277911691135091	0.03259623842113628	0.03259623842113628	0.03277911691135091	0.03259623842113628	0.048848765903454404	0.08236144882484517	0.0659260428523124	0.0659260428523124	0.06555823382270182	0.06555823382270182	0.08171906627130535	0.09870515976366331	0.09833735073405275
UP000002480	0.019977496113993125	0.008656113455051823	0.028633609569044947	0.028633609569044947	0.028633609569044947	0.06608367910905197	0.028633609569044947	0.06608367910905197	0.06608367910905197	0.028633609569044947	0.06608367910905197	0.1121898621041108	0.033469610766529344	0.024813497311477525	0.024813497311477525	0.057267219138089895	0.057267219138089895	0.11469478479209001	0.05344710688052247	0.08590082870713484
UP000001983	0.011807765476448465	0.01874972289147849	0.030557488367926957	0.030557488367926957	0.030557488367926957	0.019243786070127444	0.030557488367926957	0.019243786070127444	0.019243786070127444	0.030557488367926957	0.019243786070127444	0.026679806663806423	0.11579508516615974	0.09704536227468123	0.09704536227468123	0.061114976735853914	0.061114976735853914	0.06160903991450287	0.1276028506426082	0.09167246510378085
UP000001116	0.0071447748934834535	0.018442199458196293	0.025586974351679746	0.025586974351679746	0.025586974351679746	0.009912764058456085	0.025586974351679746	0.009912764058456085	0.009912764058456085	0.025586974351679746	0.009912764058456085	0.012680753223428718	0.15053315867255002	0.13209095921435374	0.13209095921435374	0.05117394870335949	0.05117394870335949	0.04264451330361928	0.1576779335660335	0.07676092305503923
UP000002145	0.018883196924534405	0.013429178501946379	0.03231237542648078	0.03231237542648078	0.03231237542648078	0.04543546339705652	0.03231237542648078	0.04543546339705652	0.04543546339705652	0.03231237542648078	0.04543546339705652	0.07198772986957863	0.059388415082307924	0.04595923658036155	0.04595923658036155	0.06462475085296156	0.06462475085296156	0.09663103574807172	0.07827161200684232	0.09693712627944236
UP000000423	0.019720922453882513	0.007481875957225942	0.027202798411108457	0.027202798411108457	0.027202798411108457	0.07170184069624341	0.027202798411108457	0.07170184069624341	0.07170184069624341	0.027202798411108457	0.07170184069624341	0.12368275893860432	0.02812269170783677	0.020640815750610823	0.020640815750610823	0.05440559682221691	0.05440559682221691	0.11862556156123438	0.04784361416171928	0.08160839523332537
UP000009072	0.019696710455467607	0.00740811689962499	0.027104827355092596	0.027104827355092596	0.027104827355092596	0.07206634878908597	0.027104827355092596	0.07206634878908597	0.07206634878908597	0.027104827355092596	0.07206634878908597	0.1244359871227043	0.027796874712221087	0.0203887578125961	0.0203887578125961	0.05420965471018519	0.05420965471018519	0.11886788659964616	0.0474935851676887	0.08131448206527779
UP000000774	0.019123013119257078	0.012983950691391397	0.032106963810648474	0.032106963810648474	0.032106963810648474	0.0472877558428826	0.032106963810648474	0.0472877558428826	0.0472877558428826	0.032106963810648474	0.0472877558428826	0.07545249856650811	0.056583276003567225	0.04359932531217583	0.04359932531217583	0.06421392762129695	0.06421392762129695	0.09851773277278815	0.0757062891228243	0.09632089143194543
UP000001422	0.011602526553193066	0.01879411303924338	0.03039663959243645	0.03039663959243645	0.03039663959243645	0.018765334509943003	0.03039663959243645	0.018765334509943003	0.018765334509943003	0.03039663959243645	0.018765334509943003	0.025928142466692942	0.11726885091539556	0.09847473787615219	0.09847473787615219	0.0607932791848729	0.0607932791848729	0.06076450065557252	0.12887137746858865	0.09118991877730934
UP000006697	0.014522248353395752	0.017692796133777753	0.03221504448717351	0.03221504448717351	0.03221504448717351	0.02644211085806111	0.03221504448717351	0.02644211085806111	0.02644211085806111	0.03221504448717351	0.02644211085806111	0.03836197336272646	0.0961894862718257	0.07849669013804796	0.07849669013804796	0.06443008897434702	0.06443008897434702	0.07317940369863035	0.11071173462522146	0.09664513346152052
UP000001006	0.01599982476721468	0.016713249767747455	0.03271307453496213	0.03271307453496213	0.03271307453496213	0.031316677930959276	0.03271307453496213	0.031316677930959276	0.031316677930959276	0.03271307453496213	0.031316677930959276	0.046633531094703876	0.08505672144052383	0.06834347167277637	0.06834347167277637	0.06542614906992426	0.06542614906992426	0.08002957723313608	0.10105654620773852	0.0981392236048864
UP000028341	0.008613947118296333	0.01885940525650519	0.027473352374801526	0.027473352374801526	0.027473352374801526	0.012548328078226754	0.027473352374801526	0.012548328078226754	0.012548328078226754	0.027473352374801526	0.012548328078226754	0.016482709038157177	0.13915990839997636	0.12030050314347115	0.12030050314347115	0.05494670474960305	0.05494670474960305	0.04863562757132461	0.14777385551827266	0.08242005712440456
UP000005954	0.011228463639211768	0.018862313799984393	0.030090777439196158	0.030090777439196158	0.030090777439196158	0.017912606265298555	0.030090777439196158	0.017912606265298555	0.017912606265298555	0.030090777439196158	0.017912606265298555	0.024596748891385342	0.11995925898873024	0.10109694518874585	0.10109694518874585	0.060181554878392315	0.060181554878392315	0.059231847343706484	0.131187722627942	0.09027233231758848
UP000001822	0.01912165611562418	0.012986634218627365	0.03210829033425155	0.03210829033425155	0.03210829033425155	0.047276582669244636	0.03210829033425155	0.047276582669244636	0.047276582669244636	0.03210829033425155	0.047276582669244636	0.0754315092228651	0.05659986723934913	0.043613233020721766	0.043613233020721766	0.0642165806685031	0.0642165806685031	0.09850652911912036	0.07572152335497333	0.09632487100275465
UP000008320	0.02002300118351804	0.00953294776885531	0.02955594895237335	0.02955594895237335	0.02955594895237335	0.062079308017065946	0.02955594895237335	0.062079308017065946	0.062079308017065946	0.02955594895237335	0.062079308017065946	0.10413561485061384	0.03767611322537601	0.028143165456520697	0.028143165456520697	0.0591118979047467	0.0591118979047467	0.11165825815295732	0.057699114408894046	0.08866784685712004
UP000061018	0.007935334073828678	0.018708461178497036	0.026643795252325717	0.026643795252325717	0.026643795252325717	0.011301165515681406	0.026643795252325717	0.011301165515681406	0.011301165515681406	0.026643795252325717	0.011301165515681406	0.014666996957534132	0.1443400740352089	0.12563161285671184	0.12563161285671184	0.053287590504651434	0.053287590504651434	0.0458802948418358	0.15227540810903756	0.07993138575697714
UP000001025	0.014060456734105149	0.01793628579136494	0.031996742525470086	0.031996742525470086	0.031996742525470086	0.025082607354988976	0.031996742525470086	0.025082607354988976	0.025082607354988976	0.031996742525470086	0.025082607354988976	0.03610475797587281	0.0995698670017802	0.08163358121041525	0.08163358121041525	0.06399348505094017	0.06399348505094017	0.07113980661456422	0.11363032373588533	0.09599022757641025
UP000007065	0.020023455263051774	0.009495187581163574	0.029518642844215348	0.029518642844215348	0.029518642844215348	0.062248925507242904	0.029518642844215348	0.062248925507242904	0.062248925507242904	0.029518642844215348	0.062248925507242904	0.10447439575143405	0.03749086038239002	0.02799567280122645	0.02799567280122645	0.059037285688430696	0.059037285688430696	0.11179102361451003	0.0575143156454418	0.08855592853264606
UP000002484	0.006139957357000845	0.017944404712358107	0.024084362069358954	0.024084362069358954	0.024084362069358954	0.008240839328294431	0.024084362069358954	0.008240839328294431	0.008240839328294431	0.024084362069358954	0.008240839328294431	0.01034172129958802	0.15872047694965724	0.14077607223729915	0.14077607223729915	0.04816872413871791	0.04816872413871791	0.03846515875465423	0.16486043430665812	0.07225308620807686
UP000002709	0.013165425645941892	0.018331974736408813	0.03149740038235071	0.03149740038235071	0.03149740038235071	0.022620404442884042	0.03149740038235071	0.022620404442884042	0.022620404442884042	0.03149740038235071	0.022620404442884042	0.03207538323982619	0.10604802184344438	0.08771604710703555	0.08771604710703555	0.06299480076470142	0.06299480076470142	0.06728323047117664	0.11921344748938627	0.09449220114705213
UP000001652	0.017400713178393628	0.015431454545672218	0.032832167724065844	0.032832167724065844	0.032832167724065844	0.03702198855593983	0.032832167724065844	0.03702198855593983	0.03702198855593983	0.032832167724065844	0.03702198855593983	0.05664326393348602	0.07366448197111256	0.05823302742544034	0.05823302742544034	0.06566433544813169	0.06566433544813169	0.08725486945839929	0.09106519514950619	0.09849650317219753
UP000006821	0.010996817028049412	0.018896271959151088	0.0298930889872005	0.0298930889872005	0.0298930889872005	0.01739649126060794	0.0298930889872005	0.01739649126060794	0.01739649126060794	0.0298930889872005	0.01739649126060794	0.02379616549316647	0.12162926056129753	0.10273298860214641	0.10273298860214641	0.059786177974401	0.059786177974401	0.058286397275857854	0.13262607758934694	0.0896792669616015
UP000002171	0.016276378828026922	0.016491485156150624	0.032767863984177546	0.032767863984177546	0.032767863984177546	0.0323404570626448	0.032767863984177546	0.0323404570626448	0.0323404570626448	0.032767863984177546	0.0323404570626448	0.048404535297262685	0.08289332406681876	0.06640183891066814	0.06640183891066814	0.06553572796835509	0.06553572796835509	0.08138469987484928	0.0991697028948457	0.09830359195253266
UP000009134	0.010153330567319095	0.01896546924550231	0.029118799812821408	0.029118799812821408	0.029118799812821408	0.015589005280914923	0.029118799812821408	0.015589005280914923	0.015589005280914923	0.029118799812821408	0.015589005280914923	0.021024679994510753	0.12774784339444537	0.10878237414894304	0.10878237414894304	0.058237599625642816	0.058237599625642816	0.054861135661055424	0.13790117396176446	0.08735639943846422
UP000007073	0.012641806059292115	0.01851871906980888	0.031160525129101	0.031160525129101	0.031160525129101	0.02127173666293209	0.031160525129101	0.02127173666293209	0.02127173666293209	0.031160525129101	0.02127173666293209	0.029901667266572066	0.10981153090809677	0.0912928118382879	0.0912928118382879	0.062321050258202	0.062321050258202	0.0650740678513252	0.12245333696738889	0.09348157538730299
UP000000245	0.008966533237591933	0.018911642395194182	0.027878175632786117	0.027878175632786117	0.027878175632786117	0.013217814888373978	0.027878175632786117	0.013217814888373978	0.013217814888373978	0.027878175632786117	0.013217814888373978	0.017469096539156025	0.13650939711879323	0.11759775472359907	0.11759775472359907	0.055756351265572233	0.055756351265572233	0.05006252375875203	0.14547593035638515	0.08363452689835833
