Proteome_ID	M	W	C	D	E	F	H	K	N	Q	Y	I	A	G	P	T	V	L	R	S
UP000000226	0.04005734022164113	0.03210734186668501	0.03210734186668501	0.03210734186668501	0.03210734186668501	0.04005734022164113	0.03210734186668501	0.017822218286670702	0.06229246215661156	0.03210734186668501	0.04005734022164113	0.04005734022164113	0.05147028714538799	0.05147028714538799	0.05147028714538799	0.06421468373337003	0.06421468373337003	0.10427202395501116	0.05147028714538799	0.12842936746674005
UP000000267	0.055864550313688005	0.030002642413976162	0.030002642413976162	0.030002642413976162	0.030002642413976162	0.055864550313688005	0.030002642413976162	0.01951949369062313	0.09220960693675288	0.030002642413976162	0.055864550313688005	0.055864550313688005	0.03222646729514131	0.03222646729514131	0.03222646729514131	0.060005284827952324	0.060005284827952324	0.11586983514164033	0.03222646729514131	0.12001056965590465
UP000000304	0.026954194820960273	0.03186833853085839	0.03186833853085839	0.03186833853085839	0.03186833853085839	0.026954194820960273	0.03186833853085839	0.014602999164341738	0.039305390477578805	0.03186833853085839	0.026954194820960273	0.026954194820960273	0.07535680493988596	0.07535680493988596	0.07535680493988596	0.06373667706171678	0.06373667706171678	0.09069087188267706	0.07535680493988596	0.12747335412343355
UP000000305	0.0365914733757752	0.03226563346475476	0.03226563346475476	0.03226563346475476	0.03226563346475476	0.0365914733757752	0.03226563346475476	0.017146335680533628	0.05603661107101677	0.03226563346475476	0.0365914733757752	0.0365914733757752	0.056902387733374346	0.056902387733374346	0.056902387733374346	0.06453126692950951	0.06453126692950951	0.10112274030528472	0.056902387733374346	0.12906253385901903
UP000000311	0.041711655187889524	0.03198664649403775	0.03198664649403775	0.03198664649403775	0.03198664649403775	0.041711655187889524	0.03198664649403775	0.01810375461478785	0.0653195557609912	0.03198664649403775	0.041711655187889524	0.041711655187889524	0.04905801744504234	0.04905801744504234	0.04905801744504234	0.0639732929880755	0.0639732929880755	0.10568494817596503	0.04905801744504234	0.127946585976151
UP000000314	0.04382404563363217	0.03179390247504343	0.03179390247504343	0.03179390247504343	0.03179390247504343	0.04382404563363217	0.03179390247504343	0.01842601482567466	0.06922207644158967	0.03179390247504343	0.04382404563363217	0.04382404563363217	0.04613231024097	0.04613231024097	0.04613231024097	0.06358780495008685	0.06358780495008685	0.10741185058371903	0.04613231024097	0.1271756099001737
UP000000437	0.03287696038569172	0.03227464637681843	0.03227464637681843	0.03227464637681843	0.03227464637681843	0.03287696038569172	0.03227464637681843	0.016286509621485604	0.049467411149897826	0.03227464637681843	0.03287696038569172	0.03287696038569172	0.0633667338177658	0.0633667338177658	0.0633667338177658	0.06454929275363686	0.06454929275363686	0.09742625313932858	0.0633667338177658	0.1290985855072737
UP000000539	0.031161452004141766	0.032214892256895604	0.032214892256895604	0.032214892256895604	0.032214892256895604	0.031161452004141766	0.032214892256895604	0.015839708499863842	0.046483195508419686	0.032214892256895604	0.031161452004141766	0.031161452004141766	0.06660788996516949	0.06660788996516949	0.06660788996516949	0.06442978451379121	0.06442978451379121	0.09559123651793298	0.06660788996516949	0.12885956902758242
UP000000542	0.01900532082721582	0.03019646146641815	0.03019646146641815	0.03019646146641815	0.03019646146641815	0.01900532082721582	0.03019646146641815	0.011664078235844531	0.02634656341858711	0.03019646146641815	0.01900532082721582	0.01900532082721582	0.09595484268669972	0.09595484268669972	0.09595484268669972	0.0603929229328363	0.0603929229328363	0.07939824376005213	0.09595484268669972	0.1207858458656726
UP000000559	0.05557369700286275	0.03005787778225138	0.03005787778225138	0.03005787778225138	0.03005787778225138	0.05557369700286275	0.03005787778225138	0.01950714320753446	0.09164025079819105	0.03005787778225138	0.05557369700286275	0.05557369700286275	0.032514519115984686	0.032514519115984686	0.032514519115984686	0.06011575556450276	0.06011575556450276	0.11568945256736551	0.032514519115984686	0.12023151112900551
UP000000560	0.02787065557201645	0.0319702052736783	0.0319702052736783	0.0319702052736783	0.0319702052736783	0.02787065557201645	0.0319702052736783	0.014890002703118814	0.04085130844091408	0.0319702052736783	0.02787065557201645	0.02787065557201645	0.07334553165425801	0.07334553165425801	0.07334553165425801	0.0639404105473566	0.0639404105473566	0.09181106611937304	0.07334553165425801	0.1278808210947132
UP000000561	0.025094362831480442	0.03161111516381383	0.03161111516381383	0.03161111516381383	0.03161111516381383	0.025094362831480442	0.03161111516381383	0.01398913864184844	0.036199587021112443	0.03161111516381383	0.025094362831480442	0.025094362831480442	0.07964040438965388	0.07964040438965388	0.07964040438965388	0.06322223032762767	0.06322223032762767	0.08831659315910811	0.07964040438965388	0.12644446065525533
UP000000589	0.032211467903206045	0.03225659256832253	0.03225659256832253	0.03225659256832253	0.03225659256832253	0.032211467903206045	0.03225659256832253	0.016117007221586724	0.04830592858482537	0.03225659256832253	0.032211467903206045	0.032211467903206045	0.06460356089609932	0.06460356089609932	0.06460356089609932	0.06451318513664506	0.06451318513664506	0.0967246530398511	0.06460356089609932	0.12902637027329011
UP000000591	0.026065929941864966	0.031754225114135164	0.031754225114135164	0.031754225114135164	0.031754225114135164	0.026065929941864966	0.031754225114135164	0.01431513641534871	0.03781672346838122	0.031754225114135164	0.026065929941864966	0.026065929941864966	0.07736772214519566	0.07736772214519566	0.07736772214519566	0.06350845022827033	0.06350845022827033	0.0895743801701353	0.07736772214519566	0.12701690045654065
UP000000598	0.04635359464546388	0.031510269230871475	0.031510269230871475	0.031510269230871475	0.031510269230871475	0.04635359464546388	0.031510269230871475	0.01875856365691048	0.07394862563401729	0.031510269230871475	0.04635359464546388	0.04635359464546388	0.0428401324469523	0.0428401324469523	0.0428401324469523	0.06302053846174295	0.06302053846174295	0.10937413310720684	0.0428401324469523	0.1260410769234859
UP000000599	0.050464239151911894	0.030938216727113388	0.030938216727113388	0.030938216727113388	0.030938216727113388	0.050464239151911894	0.030938216727113388	0.01917968630050902	0.08174879200331477	0.030938216727113388	0.050464239151911894	0.050464239151911894	0.037934714575700676	0.037934714575700676	0.037934714575700676	0.061876433454226776	0.061876433454226776	0.11234067260613867	0.037934714575700676	0.12375286690845355
UP000000600	0.06440852854513274	0.028163731807578977	0.028163731807578977	0.028163731807578977	0.028163731807578977	0.06440852854513274	0.028163731807578977	0.019595335764238754	0.10922172132602671	0.028163731807578977	0.06440852854513274	0.06440852854513274	0.02463014781570185	0.02463014781570185	0.02463014781570185	0.056327463615157954	0.056327463615157954	0.12073599216029068	0.02463014781570185	0.11265492723031591
UP000000673	0.027126914725987144	0.031888744455007056	0.031888744455007056	0.031888744455007056	0.031888744455007056	0.027126914725987144	0.031888744455007056	0.014657859685965453	0.03959596976600884	0.031888744455007056	0.027126914725987144	0.027126914725987144	0.07497292140949427	0.07497292140949427	0.07497292140949427	0.06377748891001411	0.06377748891001411	0.09090440363600125	0.07497292140949427	0.12755497782002823
UP000000715	0.02700341812901767	0.03187421208788668	0.03187421208788668	0.03187421208788668	0.03187421208788668	0.02700341812901767	0.03187421208788668	0.014618670509858161	0.039388165748177176	0.03187421208788668	0.02700341812901767	0.02700341812901767	0.07524716992267234	0.07524716992267234	0.07524716992267234	0.06374842417577337	0.06374842417577337	0.09075184230479104	0.07524716992267234	0.12749684835154673
UP000000724	0.02872182897771035	0.03205108073288273	0.03205108073288273	0.03205108073288273	0.03205108073288273	0.02872182897771035	0.03205108073288273	0.01514763179423981	0.04229602616118089	0.03205108073288273	0.02872182897771035	0.02872182897771035	0.07153247635747595	0.07153247635747595	0.07153247635747595	0.06410216146576546	0.06410216146576546	0.0928239904434758	0.07153247635747595	0.12820432293153092
UP000000741	0.032765391964644716	0.03227206154796746	0.03227206154796746	0.03227206154796746	0.03227206154796746	0.032765391964644716	0.03227206154796746	0.016258427859898276	0.04927235606939116	0.03227206154796746	0.032765391964644716	0.032765391964644716	0.06357231787000191	0.06357231787000191	0.06357231787000191	0.06454412309593492	0.06454412309593492	0.09730951506057965	0.06357231787000191	0.12908824619186984
UP000000759	0.031024836099046663	0.03220824123594014	0.03220824123594014	0.03220824123594014	0.03220824123594014	0.031024836099046663	0.03220824123594014	0.01580273248587748	0.04624693971221584	0.03220824123594014	0.031024836099046663	0.031024836099046663	0.06687357188290781	0.06687357188290781	0.06687357188290781	0.06441648247188028	0.06441648247188028	0.09544131857092694	0.06687357188290781	0.12883296494376056
UP000000768	0.024148256408362538	0.031452322158688546	0.031452322158688546	0.031452322158688546	0.031452322158688546	0.024148256408362538	0.031452322158688546	0.013660266847951916	0.03463624596877316	0.031452322158688546	0.024148256408362538	0.024148256408362538	0.08193126265061139	0.08193126265061139	0.08193126265061139	0.06290464431737709	0.06290464431737709	0.08705290072573962	0.08193126265061139	0.12580928863475418
UP000000803	0.02825641693115716	0.03200845885580574	0.03200845885580574	0.03200845885580574	0.03200845885580574	0.02825641693115716	0.03200845885580574	0.015007819180622873	0.04150501468169145	0.03200845885580574	0.02825641693115716	0.02825641693115716	0.07251743494725195	0.07251743494725195	0.07251743494725195	0.06401691771161148	0.06401691771161148	0.09227333464276866	0.07251743494725195	0.12803383542322297
UP000000819	0.0359514507403795	0.03227973489961711	0.03227973489961711	0.03227973489961711	0.03227973489961711	0.0359514507403795	0.03227973489961711	0.017008400019298726	0.05489450146146026	0.03227973489961711	0.0359514507403795	0.0359514507403795	0.05796602160586745	0.05796602160586745	0.05796602160586745	0.06455946979923421	0.06455946979923421	0.1005109205396137	0.05796602160586745	0.12911893959846843
UP000001038	0.0290765449295987	0.03208102859429292	0.03208102859429292	0.03208102859429292	0.03208102859429292	0.0290765449295987	0.03208102859429292	0.015252493118375468	0.04290059674082193	0.03208102859429292	0.0290765449295987	0.0290765449295987	0.07079193199603061	0.07079193199603061	0.07079193199603061	0.06416205718858584	0.06416205718858584	0.09323860211818454	0.07079193199603061	0.12832411437717167
UP000001055	0.026729716379444157	0.03184096113623949	0.03184096113623949	0.03184096113623949	0.03184096113623949	0.026729716379444157	0.03184096113623949	0.014531159558341868	0.03892827320054645	0.03184096113623949	0.026729716379444157	0.026729716379444157	0.07585915179101474	0.07585915179101474	0.07585915179101474	0.06368192227247899	0.06368192227247899	0.09041163865192314	0.07585915179101474	0.12736384454495797
UP000001056	0.020515310041298508	0.0306415418792765	0.0306415418792765	0.0306415418792765	0.0306415418792765	0.020515310041298508	0.0306415418792765	0.012288104294861078	0.028742515787735942	0.0306415418792765	0.020515310041298508	0.020515310041298508	0.0915320399106216	0.0915320399106216	0.0915320399106216	0.061283083758553	0.061283083758553	0.08179839379985152	0.0915320399106216	0.122566167517106
UP000001064	0.06490198992572528	0.02804574957209967	0.02804574957209967	0.02804574957209967	0.02804574957209967	0.06490198992572528	0.02804574957209967	0.019583316022768058	0.1102206638286825	0.02804574957209967	0.06490198992572528	0.06490198992572528	0.02423851934158209	0.02423851934158209	0.02423851934158209	0.05609149914419934	0.05609149914419934	0.12099348906992463	0.02423851934158209	0.11218299828839869
UP000001067	0.02750061553042823	0.03193096212928549	0.03193096212928549	0.03193096212928549	0.03193096212928549	0.02750061553042823	0.03193096212928549	0.014775329002066646	0.04022590205878982	0.03193096212928549	0.02750061553042823	0.02750061553042823	0.07415007430460865	0.07415007430460865	0.07415007430460865	0.06386192425857098	0.06386192425857098	0.09136253978899922	0.07415007430460865	0.12772384851714197
UP000001070	0.03063404991804477	0.032187617256213295	0.032187617256213295	0.032187617256213295	0.032187617256213295	0.03063404991804477	0.032187617256213295	0.01569581194072159	0.04557228789536794	0.032187617256213295	0.03063404991804477	0.03063404991804477	0.06763994361856848	0.06763994361856848	0.06763994361856848	0.06437523451242659	0.06437523451242659	0.09500928443047137	0.06763994361856848	0.12875046902485318
UP000001072	0.04151948116180378	0.032002070506524365	0.032002070506524365	0.032002070506524365	0.032002070506524365	0.04151948116180378	0.032002070506524365	0.018072379232805833	0.06496658309080175	0.032002070506524365	0.04151948116180378	0.04151948116180378	0.04933262594074591	0.04933262594074591	0.04933262594074591	0.06400414101304873	0.06400414101304873	0.1055236221748525	0.04933262594074591	0.12800828202609746
UP000001073	0.029522072496825667	0.03211560394921412	0.03211560394921412	0.03211560394921412	0.03211560394921412	0.029522072496825667	0.03211560394921412	0.0153821370748468	0.043662007918804535	0.03211560394921412	0.029522072496825667	0.029522072496825667	0.06987395733369865	0.06987395733369865	0.06987395733369865	0.06423120789842823	0.06423120789842823	0.0937532803952539	0.06987395733369865	0.12846241579685647
UP000001074	0.02763836388323941	0.03194586540751101	0.03194586540751101	0.03194586540751101	0.03194586540751101	0.02763836388323941	0.03194586540751101	0.01481820715326164	0.040458520613217176	0.03194586540751101	0.02763836388323941	0.02763836388323941	0.073849401574287	0.073849401574287	0.073849401574287	0.06389173081502202	0.06389173081502202	0.09153009469826143	0.073849401574287	0.12778346163004403
UP000001075	0.030887289250517813	0.03220125357597621	0.03220125357597621	0.03220125357597621	0.03220125357597621	0.030887289250517813	0.03220125357597621	0.015765294122671705	0.04600928437836392	0.03220125357597621	0.030887289250517813	0.030887289250517813	0.06714222950768897	0.06714222950768897	0.06714222950768897	0.06440250715195242	0.06440250715195242	0.09528979640247023	0.06714222950768897	0.12880501430390484
UP000001194	0.03173242137135602	0.03223961151943669	0.03223961151943669	0.03223961151943669	0.03223961151943669	0.03173242137135602	0.03223961151943669	0.015992002932438177	0.04747283981027386	0.03223961151943669	0.03173242137135602	0.03173242137135602	0.06550981652238022	0.06550981652238022	0.06550981652238022	0.06447922303887338	0.06447922303887338	0.09621164441022939	0.06550981652238022	0.12895844607774676
UP000001197	0.024957082297607503	0.0315892905462994	0.0315892905462994	0.0315892905462994	0.0315892905462994	0.024957082297607503	0.0315892905462994	0.013942123680740727	0.03597204091447428	0.0315892905462994	0.024957082297607503	0.024957082297607503	0.07996794379398926	0.07996794379398926	0.07996794379398926	0.0631785810925988	0.0631785810925988	0.0881356633902063	0.07996794379398926	0.1263571621851976
UP000001261	0.031044679423473588	0.03220922514373459	0.03220922514373459	0.03220922514373459	0.03220922514373459	0.031044679423473588	0.03220922514373459	0.015808116129863426	0.04628124271708376	0.03220922514373459	0.031044679423473588	0.031044679423473588	0.06683491043398287	0.06683491043398287	0.06683491043398287	0.06441845028746918	0.06441845028746918	0.09546312971094277	0.06683491043398287	0.12883690057493835
UP000001292	0.0270256332759839	0.03187684770948889	0.03187684770948889	0.03187684770948889	0.03187684770948889	0.0270256332759839	0.03187684770948889	0.014625733615592613	0.039425532936375185	0.03187684770948889	0.0270256332759839	0.0270256332759839	0.07519775092907262	0.07519775092907262	0.07519775092907262	0.06375369541897778	0.06375369541897778	0.09077932869496168	0.07519775092907262	0.12750739083795556
UP000001294	0.03223469112871548	0.032257330122830795	0.032257330122830795	0.032257330122830795	0.032257330122830795	0.03223469112871548	0.032257330122830795	0.01612300332611346	0.048346378931317505	0.032257330122830795	0.03223469112871548	0.03223469112871548	0.06455997003342474	0.06455997003342474	0.06455997003342474	0.06451466024566159	0.06451466024566159	0.09674935137437707	0.06455997003342474	0.12902932049132318
UP000001300	0.027510517399726462	0.031932045178916534	0.031932045178916534	0.031932045178916534	0.031932045178916534	0.027510517399726462	0.031932045178916534	0.01477841880287741	0.04024261599657552	0.031932045178916534	0.027510517399726462	0.027510517399726462	0.07412841383481251	0.07412841383481251	0.07412841383481251	0.06386409035783307	0.06386409035783307	0.09137460775755953	0.07412841383481251	0.12772818071566613
UP000001307	0.0389565226240129	0.032171999502283354	0.032171999502283354	0.032171999502283354	0.032171999502283354	0.0389565226240129	0.032171999502283354	0.01762034678922542	0.060292698458800385	0.032171999502283354	0.0389565226240129	0.0389565226240129	0.05313808739884399	0.05313808739884399	0.05313808739884399	0.06434399900456671	0.06434399900456671	0.10330052162857963	0.05313808739884399	0.12868799800913341
UP000001312	0.03861856352995085	0.032189237045857626	0.032189237045857626	0.032189237045857626	0.032189237045857626	0.03861856352995085	0.032189237045857626	0.01755600492780744	0.05968112213209426	0.032189237045857626	0.03861856352995085	0.03861856352995085	0.053660565639155534	0.053660565639155534	0.053660565639155534	0.06437847409171525	0.06437847409171525	0.1029970376216661	0.053660565639155534	0.1287569481834305
UP000001357	0.023521395402757838	0.03133597812675357	0.03133597812675357	0.03133597812675357	0.03133597812675357	0.023521395402757838	0.03133597812675357	0.013436041217959972	0.033606749587555704	0.03133597812675357	0.023521395402757838	0.023521395402757838	0.08349364553815948	0.08349364553815948	0.08349364553815948	0.06267195625350715	0.06267195625350715	0.08619335165626497	0.08349364553815948	0.1253439125070143
UP000001396	0.05172598534203241	0.03073731172220442	0.03073731172220442	0.03073731172220442	0.03073731172220442	0.05172598534203241	0.03073731172220442	0.019280307630165708	0.08417166305389912	0.03073731172220442	0.05172598534203241	0.05172598534203241	0.036530278762625615	0.036530278762625615	0.036530278762625615	0.06147462344440884	0.06147462344440884	0.11320060878644125	0.036530278762625615	0.12294924688881768
UP000001449	0.0350114649261237	0.032291272390419457	0.032291272390419457	0.032291272390419457	0.032291272390419457	0.0350114649261237	0.032291272390419457	0.016798198643834094	0.0532247312084133	0.032291272390419457	0.0350114649261237	0.0350114649261237	0.05956484681760569	0.05956484681760569	0.05956484681760569	0.06458254478083891	0.06458254478083891	0.09959400970696261	0.05956484681760569	0.12916508956167783
UP000001450	0.07585358952048253	0.025146012312658613	0.025146012312658613	0.025146012312658613	0.025146012312658613	0.07585358952048253	0.025146012312658613	0.01888537441160014	0.1328218046293649	0.025146012312658613	0.07585358952048253	0.07585358952048253	0.016672169088521104	0.016672169088521104	0.016672169088521104	0.050292024625317226	0.050292024625317226	0.12614561414579975	0.016672169088521104	0.10058404925063445
UP000001460	0.06446350453282249	0.0281506466196038	0.0281506466196038	0.0281506466196038	0.0281506466196038	0.06446350453282249	0.0281506466196038	0.019594082690215023	0.10933292637542995	0.0281506466196038	0.06446350453282249	0.06446350453282249	0.02458628058914543	0.02458628058914543	0.02458628058914543	0.0563012932392076	0.0563012932392076	0.12076479777203009	0.02458628058914543	0.1126025864784152
UP000001471	0.027483943514452883	0.03192913444987089	0.03192913444987089	0.03192913444987089	0.03192913444987089	0.027483943514452883	0.03192913444987089	0.014770123982005536	0.04019776304690023	0.03192913444987089	0.027483943514452883	0.027483943514452883	0.0741865610502239	0.0741865610502239	0.0741865610502239	0.06385826889974178	0.06385826889974178	0.09134221241419466	0.0741865610502239	0.12771653779948355
UP000001514	0.028423541855324738	0.03202420374668897	0.03202420374668897	0.03202420374668897	0.03202420374668897	0.028423541855324738	0.03202420374668897	0.015058316675206794	0.04178876703544268	0.03202420374668897	0.028423541855324738	0.028423541855324738	0.07216198676642586	0.07216198676642586	0.07216198676642586	0.06404840749337794	0.06404840749337794	0.09247194934870268	0.07216198676642586	0.12809681498675587
UP000001519	0.029392762967150755	0.032105913321442914	0.032105913321442914	0.032105913321442914	0.032105913321442914	0.029392762967150755	0.032105913321442914	0.01534474491243784	0.04344078102186367	0.032105913321442914	0.029392762967150755	0.029392762967150755	0.07013901152171453	0.07013901152171453	0.07013901152171453	0.06421182664288583	0.06421182664288583	0.09360458961003656	0.07013901152171453	0.12842365328577166
UP000001529	0.024769514689563878	0.03155881249525539	0.03155881249525539	0.03155881249525539	0.03155881249525539	0.024769514689563878	0.03155881249525539	0.01387750193826262	0.035661527440865134	0.03155881249525539	0.024769514689563878	0.024769514689563878	0.08041809931224164	0.08041809931224164	0.08041809931224164	0.06311762499051078	0.06311762499051078	0.08788713968007467	0.08041809931224164	0.12623524998102156
UP000001542	0.05454990950686792	0.03024808732536523	0.03024808732536523	0.03024808732536523	0.03024808732536523	0.05454990950686792	0.03024808732536523	0.019458365621760863	0.08964145339197498	0.03024808732536523	0.05454990950686792	0.05454990950686792	0.033545309061520166	0.033545309061520166	0.033545309061520166	0.06049617465073046	0.06049617465073046	0.11504608415759839	0.033545309061520166	0.12099234930146092
UP000001548	0.03246662690363735	0.03226426676984106	0.03226426676984106	0.03226426676984106	0.03226426676984106	0.03246662690363735	0.03226426676984106	0.016182565265046567	0.04875068854222813	0.03226426676984106	0.03246662690363735	0.03246662690363735	0.0641263358392704	0.0641263358392704	0.0641263358392704	0.06452853353968212	0.06452853353968212	0.09699516044331946	0.0641263358392704	0.12905706707936423
UP000001554	0.028312491707362324	0.032013797021144944	0.032013797021144944	0.032013797021144944	0.032013797021144944	0.028312491707362324	0.032013797021144944	0.015024799001998457	0.041600184412726185	0.032013797021144944	0.028312491707362324	0.028312491707362324	0.07239795142753615	0.07239795142753615	0.07239795142753615	0.06402759404228989	0.06402759404228989	0.09234008574965222	0.07239795142753615	0.12805518808457977
UP000001555	0.023764719567992167	0.031382222169670716	0.031382222169670716	0.031382222169670716	0.031382222169670716	0.023764719567992167	0.031382222169670716	0.013523682107893037	0.0340057570280913	0.031382222169670716	0.023764719567992167	0.023764719567992167	0.08288285207733084	0.08288285207733084	0.08288285207733084	0.06276444433934143	0.06276444433934143	0.08652916390733359	0.08288285207733084	0.12552888867868287
UP000001568	0.02026404673536426	0.030572306307336993	0.030572306307336993	0.030572306307336993	0.030572306307336993	0.02026404673536426	0.030572306307336993	0.012186528079608079	0.028341565391120444	0.030572306307336993	0.02026404673536426	0.02026404673536426	0.09224869298376458	0.09224869298376458	0.09224869298376458	0.061144612614673986	0.061144612614673986	0.08140865935003824	0.09224869298376458	0.12228922522934797
UP000001593	0.036279467202344116	0.032273128429431634	0.032273128429431634	0.032273128429431634	0.032273128429431634	0.036279467202344116	0.032273128429431634	0.017079614470934586	0.055479319933753636	0.032273128429431634	0.036279467202344116	0.036279467202344116	0.05741841867817126	0.05741841867817126	0.05741841867817126	0.06454625685886327	0.06454625685886327	0.10082572406120739	0.05741841867817126	0.12909251371772654
UP000001595	0.02956052201614845	0.032118431523547375	0.032118431523547375	0.032118431523547375	0.032118431523547375	0.02956052201614845	0.032118431523547375	0.015393218394422531	0.04372782563787436	0.032118431523547375	0.02956052201614845	0.02956052201614845	0.06979536037755071	0.06979536037755071	0.06979536037755071	0.06423686304709475	0.06423686304709475	0.09379738506324319	0.06979536037755071	0.1284737260941895
UP000001610	0.021155330642012683	0.030809655955437675	0.030809655955437675	0.030809655955437675	0.030809655955437675	0.021155330642012683	0.030809655955437675	0.012542838964879458	0.02976782231914591	0.030809655955437675	0.021155330642012683	0.021155330642012683	0.0897395475547271	0.0897395475547271	0.0897395475547271	0.06161931191087535	0.06161931191087535	0.08277464255288802	0.0897395475547271	0.1232386238217507
UP000001611	0.020442766920559574	0.030621743309060638	0.030621743309060638	0.030621743309060638	0.030621743309060638	0.020442766920559574	0.030621743309060638	0.012258869386065725	0.02862666445505342	0.030621743309060638	0.020442766920559574	0.020442766920559574	0.09173818465277818	0.09173818465277818	0.09173818465277818	0.061243486618121276	0.061243486618121276	0.08168625353868085	0.09173818465277818	0.12248697323624255
UP000001628	0.031065108398834702	0.032210231741169736	0.032210231741169736	0.032210231741169736	0.032210231741169736	0.031065108398834702	0.032210231741169736	0.015813654077197252	0.04631656272047216	0.032210231741169736	0.031065108398834702	0.031065108398834702	0.06679513333736033	0.06679513333736033	0.06679513333736033	0.06442046348233947	0.06442046348233947	0.09548557188117417	0.06679513333736033	0.12884092696467894
UP000001631	0.030559431121807156	0.03218340706739938	0.03218340706739938	0.03218340706739938	0.03218340706739938	0.030559431121807156	0.03218340706739938	0.015675201185120485	0.04544366105849383	0.03218340706739938	0.030559431121807156	0.030559431121807156	0.06778736726723997	0.06778736726723997	0.06778736726723997	0.06436681413479876	0.06436681413479876	0.09492624525660591	0.06778736726723997	0.12873362826959753
UP000001640	0.05003311122190183	0.031004243930247782	0.031004243930247782	0.031004243930247782	0.031004243930247782	0.05003311122190183	0.031004243930247782	0.019142268179910035	0.08092395426389362	0.031004243930247782	0.05003311122190183	0.05003311122190183	0.038425079640680704	0.038425079640680704	0.038425079640680704	0.062008487860495565	0.062008487860495565	0.11204159908239739	0.038425079640680704	0.12401697572099113
UP000001645	0.032212224163254845	0.03225661671045583	0.03225661671045583	0.03225661671045583	0.03225661671045583	0.032212224163254845	0.03225661671045583	0.01611720257637059	0.0483072457501391	0.03225661671045583	0.032212224163254845	0.032212224163254845	0.0646021408724807	0.0646021408724807	0.0646021408724807	0.06451323342091166	0.06451323342091166	0.09672545758416652	0.0646021408724807	0.1290264668418233
UP000001646	0.03417574015578898	0.032292035279929666	0.032292035279929666	0.032292035279929666	0.032292035279929666	0.03417574015578898	0.032292035279929666	0.016603597752353674	0.0517478825592243	0.032292035279929666	0.03417574015578898	0.03417574015578898	0.0610243136076506	0.0610243136076506	0.0610243136076506	0.06458407055985933	0.06458407055985933	0.09875981071564832	0.0610243136076506	0.12916814111971867
UP000001742	0.05690094924791301	0.029801607860590558	0.029801607860590558	0.029801607860590558	0.029801607860590558	0.05690094924791301	0.029801607860590558	0.01955812876729278	0.09424376972853322	0.029801607860590558	0.05690094924791301	0.05690094924791301	0.031216907373789994	0.031216907373789994	0.031216907373789994	0.059603215721181116	0.059603215721181116	0.11650416496909412	0.031216907373789994	0.11920643144236223
UP000001743	0.023988979764650305	0.03142362136857469	0.03142362136857469	0.03142362136857469	0.03142362136857469	0.023988979764650305	0.03142362136857469	0.013603776067656673	0.03437418346164394	0.03142362136857469	0.023988979764650305	0.023988979764650305	0.08232479993756318	0.08232479993756318	0.08232479993756318	0.06284724273714938	0.06284724273714938	0.0868362225017997	0.08232479993756318	0.12569448547429876
UP000001744	0.037797296197969746	0.032225853365091546	0.032225853365091546	0.032225853365091546	0.032225853365091546	0.037797296197969746	0.032225853365091546	0.017394963415288203	0.05819962898065128	0.032225853365091546	0.037797296197969746	0.037797296197969746	0.05495131819318678	0.05495131819318678	0.05495131819318678	0.06445170673018309	0.06445170673018309	0.10224900292815282	0.05495131819318678	0.12890341346036618
UP000001745	0.03376388459402882	0.032289015131217645	0.032289015131217645	0.032289015131217645	0.032289015131217645	0.03376388459402882	0.032289015131217645	0.016504991984910396	0.05102277720314725	0.032289015131217645	0.03376388459402882	0.03376388459402882	0.06175714143557899	0.06175714143557899	0.06175714143557899	0.06457803026243529	0.06457803026243529	0.09834191485646412	0.06175714143557899	0.12915606052487058
UP000001798	0.03709062028086394	0.032251227107350317	0.032251227107350317	0.032251227107350317	0.032251227107350317	0.03709062028086394	0.032251227107350317	0.017251026087227565	0.056930214474500314	0.032251227107350317	0.03709062028086394	0.03709062028086394	0.056086506079086815	0.056086506079086815	0.056086506079086815	0.06450245421470063	0.06450245421470063	0.10159307449556457	0.056086506079086815	0.12900490842940127
UP000001805	0.024684370382949627	0.03154472409241102	0.03154472409241102	0.03154472409241102	0.03154472409241102	0.024684370382949627	0.03154472409241102	0.0138480205023795	0.035520720263519746	0.03154472409241102	0.024684370382949627	0.024684370382949627	0.08062345546019407	0.08062345546019407	0.08062345546019407	0.06308944818482204	0.06308944818482204	0.08777381856777167	0.08062345546019407	0.12617889636964408
UP000001811	0.027627827331071275	0.03194473784589039	0.03194473784589039	0.03194473784589039	0.03194473784589039	0.027627827331071275	0.03194473784589039	0.014814935343491117	0.04044071931865143	0.03194473784589039	0.027627827331071275	0.027627827331071275	0.07387235078706374	0.07387235078706374	0.07387235078706374	0.06388947569178079	0.06388947569178079	0.09151730302285205	0.07387235078706374	0.12777895138356157
UP000001819	0.026697239511250307	0.03183691943544014	0.03183691943544014	0.03183691943544014	0.03183691943544014	0.026697239511250307	0.03183691943544014	0.014520715403845098	0.038873763618655514	0.03183691943544014	0.026697239511250307	0.026697239511250307	0.07593215311355139	0.07593215311355139	0.07593215311355139	0.06367383887088028	0.06367383887088028	0.0903710783821306	0.07593215311355139	0.12734767774176056
UP000001861	0.027384548919211656	0.031918130656335725	0.031918130656335725	0.031918130656335725	0.031918130656335725	0.027384548919211656	0.031918130656335725	0.014739023879261987	0.040030073959161326	0.031918130656335725	0.027384548919211656	0.027384548919211656	0.07440451676603672	0.07440451676603672	0.07440451676603672	0.06383626131267145	0.06383626131267145	0.0912208102318831	0.07440451676603672	0.1276725226253429
UP000001876	0.01396470434186392	0.02810624363476776	0.02810624363476776	0.02810624363476776	0.02810624363476776	0.01396470434186392	0.02810624363476776	0.009329368635523454	0.01860004004820439	0.02810624363476776	0.01396470434186392	0.01396470434186392	0.1131367928626671	0.1131367928626671	0.1131367928626671	0.05621248726953552	0.05621248726953552	0.07017719161139944	0.1131367928626671	0.11242497453907103
UP000001881	0.024278879384727177	0.031475429158318746	0.031475429158318746	0.031475429158318746	0.031475429158318746	0.024278879384727177	0.031475429158318746	0.013706351456719135	0.03485140731273522	0.031475429158318746	0.024278879384727177	0.024278879384727177	0.08161024444345247	0.08161024444345247	0.08161024444345247	0.06295085831663749	0.06295085831663749	0.08722973770136468	0.08161024444345247	0.12590171663327498
UP000001926	0.06813770611697252	0.027243406473424166	0.027243406473424166	0.027243406473424166	0.027243406473424166	0.06813770611697252	0.027243406473424166	0.019461958174917554	0.11681345405902747	0.027243406473424166	0.06813770611697252	0.06813770611697252	0.02178538840160142	0.02178538840160142	0.02178538840160142	0.05448681294684833	0.05448681294684833	0.12262451906382084	0.02178538840160142	0.10897362589369666
UP000001940	0.04272740930907511	0.03189919520913638	0.03189919520913638	0.03189919520913638	0.03189919520913638	0.04272740930907511	0.03189919520913638	0.01826386151601264	0.06719095710213756	0.03189919520913638	0.04272740930907511	0.04272740930907511	0.047630252872573046	0.047630252872573046	0.047630252872573046	0.06379839041827276	0.06379839041827276	0.10652579972734785	0.047630252872573046	0.12759678083654552
UP000001949	0.0505216224777067	0.030929326577143652	0.030929326577143652	0.030929326577143652	0.030929326577143652	0.0505216224777067	0.030929326577143652	0.01918454946139268	0.08185869549402072	0.030929326577143652	0.0505216224777067	0.0505216224777067	0.03786985435543867	0.03786985435543867	0.03786985435543867	0.061858653154287305	0.061858653154287305	0.112380275631994	0.03786985435543867	0.12371730630857461
UP000001950	0.05419744829199581	0.03031202728127894	0.03031202728127894	0.03031202728127894	0.03031202728127894	0.05419744829199581	0.03031202728127894	0.019439648868466188	0.08895524771552543	0.03031202728127894	0.05419744829199581	0.05419744829199581	0.03390635636389159	0.03390635636389159	0.03390635636389159	0.06062405456255788	0.06062405456255788	0.11482150285455368	0.03390635636389159	0.12124810912511576
UP000001996	0.046263134544119004	0.03152135311406245	0.03152135311406245	0.03152135311406245	0.03152135311406245	0.046263134544119004	0.03152135311406245	0.018747653215083853	0.07377861587315417	0.03152135311406245	0.046263134544119004	0.046263134544119004	0.042954102091541956	0.042954102091541956	0.042954102091541956	0.0630427062281249	0.0630427062281249	0.10930584077224392	0.042954102091541956	0.1260854124562498
UP000001997	0.03965219910905692	0.032132632160544544	0.032132632160544544	0.032132632160544544	0.032132632160544544	0.03965219910905692	0.032132632160544544	0.017749286385347406	0.06155511183276643	0.032132632160544544	0.03965219910905692	0.03965219910905692	0.052078122916972225	0.052078122916972225	0.052078122916972225	0.06426526432108909	0.06426526432108909	0.103917463430146	0.052078122916972225	0.12853052864217818
UP000002009	0.015720648772538967	0.028955669857089215	0.028955669857089215	0.028955669857089215	0.028955669857089215	0.015720648772538967	0.028955669857089215	0.010188885963737732	0.0212524115813402	0.028955669857089215	0.015720648772538967	0.015720648772538967	0.10666618521969996	0.10666618521969996	0.10666618521969996	0.05791133971417843	0.05791133971417843	0.0736319884867174	0.10666618521969996	0.11582267942835686
UP000002035	0.03084519148886086	0.03219905619366502	0.03219905619366502	0.03219905619366502	0.03219905619366502	0.03084519148886086	0.03219905619366502	0.015753793415945107	0.04593658956177661	0.03219905619366502	0.03084519148886086	0.03084519148886086	0.06722469011983345	0.06722469011983345	0.06722469011983345	0.06439811238733004	0.06439811238733004	0.09524330387619089	0.06722469011983345	0.12879622477466007
UP000002036	0.033319655269534156	0.03228317879349885	0.03228317879349885	0.03228317879349885	0.03228317879349885	0.033319655269534156	0.03228317879349885	0.016396614624462555	0.05024269591460575	0.03228317879349885	0.033319655269534156	0.033319655269534156	0.06255788810431982	0.06255788810431982	0.06255788810431982	0.0645663575869977	0.0645663575869977	0.09788601285653184	0.06255788810431982	0.1291327151739954
UP000002037	0.057410565688835	0.02970038277743633	0.02970038277743633	0.02970038277743633	0.02970038277743633	0.057410565688835	0.02970038277743633	0.01957406969443984	0.09524706168323015	0.02970038277743633	0.057410565688835	0.057410565688835	0.03072997893479342	0.03072997893479342	0.03072997893479342	0.05940076555487266	0.05940076555487266	0.11681133124370766	0.03072997893479342	0.11880153110974533
UP000002038	0.03116426799786767	0.03221502633169885	0.03221502633169885	0.03221502633169885	0.03221502633169885	0.03116426799786767	0.03221502633169885	0.015840468480746075	0.04648806751498927	0.03221502633169885	0.03116426799786767	0.03116426799786767	0.06660242567693614	0.06660242567693614	0.06660242567693614	0.0644300526633977	0.0644300526633977	0.09559432066126537	0.06660242567693614	0.1288601053267954
UP000002051	0.04598614869897944	0.031554868326805124	0.031554868326805124	0.031554868326805124	0.031554868326805124	0.04598614869897944	0.031554868326805124	0.018713797196787472	0.0732585002011714	0.031554868326805124	0.04598614869897944	0.04598614869897944	0.043304766469565506	0.043304766469565506	0.043304766469565506	0.06310973665361025	0.06310973665361025	0.10909588535258968	0.043304766469565506	0.1262194733072205
UP000002058	0.0299801322946823	0.03214770026356907	0.03214770026356907	0.03214770026356907	0.03214770026356907	0.0299801322946823	0.03214770026356907	0.015513052156904673	0.04444721243245993	0.03214770026356907	0.0299801322946823	0.0299801322946823	0.0689439674300297	0.0689439674300297	0.0689439674300297	0.06429540052713814	0.06429540052713814	0.09427553282182044	0.0689439674300297	0.12859080105427628
UP000002059	0.03133773069605307	0.032223051297672646	0.032223051297672646	0.032223051297672646	0.032223051297672646	0.03133773069605307	0.032223051297672646	0.01588711265181176	0.046788348740294375	0.032223051297672646	0.03133773069605307	0.03133773069605307	0.06626676609121657	0.06626676609121657	0.06626676609121657	0.06444610259534529	0.06444610259534529	0.09578383329139836	0.06626676609121657	0.12889220519069058
UP000002149	0.03068034719964168	0.032190185349331775	0.032190185349331775	0.032190185349331775	0.032190185349331775	0.03068034719964168	0.032190185349331775	0.015708568432580318	0.04565212596670304	0.032190185349331775	0.03068034719964168	0.03068034719964168	0.06754865100329999	0.06754865100329999	0.06754865100329999	0.06438037069866355	0.06438037069866355	0.09506071789830522	0.06754865100329999	0.1287607413973271
UP000002173	0.04124316437308616	0.032023610993200745	0.032023610993200745	0.032023610993200745	0.032023610993200745	0.04124316437308616	0.032023610993200745	0.018026657313760824	0.06445967143241149	0.032023610993200745	0.04124316437308616	0.04124316437308616	0.049730018374296255	0.049730018374296255	0.049730018374296255	0.06404722198640149	0.06404722198640149	0.10529038635948765	0.049730018374296255	0.12809444397280298
UP000002195	0.06989474865478253	0.026787737184366323	0.026787737184366323	0.026787737184366323	0.026787737184366323	0.06989474865478253	0.026787737184366323	0.01936568077745382	0.12042381653211125	0.026787737184366323	0.06989474865478253	0.06989474865478253	0.020533241116665258	0.020533241116665258	0.020533241116665258	0.053575474368732647	0.053575474368732647	0.12347022302351518	0.020533241116665258	0.10715094873746529
UP000002226	0.024529646757855676	0.03151871442237962	0.03151871442237962	0.03151871442237962	0.03151871442237962	0.024529646757855676	0.03151871442237962	0.013794211191233577	0.03526508232447778	0.03151871442237962	0.024529646757855676	0.024529646757855676	0.08099826048423409	0.08099826048423409	0.08099826048423409	0.06303742884475924	0.06303742884475924	0.08756707560261494	0.08099826048423409	0.12607485768951848
