Proteome_ID	M	W	C	D	E	F	H	K	N	Q	Y	I	A	G	P	T	V	L	R	S
UP000000278	0.018088737973409673	0.031060141553291815	0.031060141553291815	0.031060141553291815	0.05271696375123373	0.04331364439588382	0.031060141553291815	0.04331364439588382	0.04331364439588382	0.031060141553291815	0.04331364439588382	0.06853855081835795	0.04454635054455059	0.04454635054455059	0.04454635054455059	0.06212028310658363	0.06212028310658363	0.10543392750246745	0.07560649209784241	0.09318042465987543
UP000000280	0.01738897979042475	0.031514586953874164	0.031514586953874164	0.031514586953874164	0.05091221387721416	0.03879525384667999	0.031514586953874164	0.03879525384667999	0.03879525384667999	0.031514586953874164	0.03879525384667999	0.06020152790293523	0.051200551221978356	0.051200551221978356	0.051200551221978356	0.06302917390774833	0.06302917390774833	0.10182442775442832	0.08271513817585252	0.0945437608616225
UP000000287	0.01672602791929353	0.03170677551377887	0.03170677551377887	0.03170677551377887	0.04940710752756503	0.03540066402757233	0.03170677551377887	0.03540066402757233	0.03540066402757233	0.03170677551377887	0.03540066402757233	0.054075300135851136	0.05679665289318637	0.05679665289318637	0.05679665289318637	0.06341355102755775	0.06341355102755775	0.09881421505513006	0.08850342840696523	0.09512032654133662
UP000000327	0.018088030557519046	0.031060798803928355	0.031060798803928355	0.031060798803928355	0.052714954155925565	0.04330831070399442	0.031060798803928355	0.04330831070399442	0.04330831070399442	0.031060798803928355	0.04330831070399442	0.0685285908504698	0.04455372221429703	0.04455372221429703	0.04455372221429703	0.06212159760785671	0.06212159760785671	0.10542990831185113	0.07561452101822538	0.09318239641178507
UP000000339	0.017391640315505275	0.03151343773219788	0.03151343773219788	0.03151343773219788	0.05091855869419432	0.03881024192399289	0.03151343773219788	0.03881024192399289	0.03881024192399289	0.03151343773219788	0.03881024192399289	0.0602288435324805	0.051177045463721794	0.051177045463721794	0.051177045463721794	0.06302687546439575	0.06302687546439575	0.10183711738838865	0.08269048319591968	0.09454031319659364
UP000000344	0.01902161443291661	0.0289353104375404	0.0289353104375404	0.0289353104375404	0.05669470100100605	0.05551878112693128	0.0289353104375404	0.05551878112693128	0.05551878112693128	0.0289353104375404	0.05551878112693128	0.09201594782094595	0.03016104363684226	0.03016104363684226	0.03016104363684226	0.0578706208750808	0.0578706208750808	0.1133894020020121	0.059096354074382657	0.08680593131262121
UP000000348	0.01746831702960146	0.03147877223372502	0.03147877223372502	0.03147877223372502	0.051102730380334103	0.039247916293218166	0.03147877223372502	0.039247916293218166	0.039247916293218166	0.03147877223372502	0.039247916293218166	0.06102751555683487	0.05049506801531587	0.05049506801531587	0.05049506801531587	0.06295754446745004	0.06295754446745004	0.10220546076066821	0.08197384024904088	0.09443631670117505
UP000000349	0.01739976848489995	0.0315099048871098	0.0315099048871098	0.0315099048871098	0.05093796122861553	0.03885611268301147	0.0315099048871098	0.03885611268301147	0.03885611268301147	0.0315099048871098	0.03885611268301147	0.060312456881122994	0.051105169170914344	0.051105169170914344	0.051105169170914344	0.0630198097742196	0.0630198097742196	0.10187592245723107	0.08261507405802415	0.0945297146613294
UP000000350	0.0160480043464572	0.03175327242380055	0.03175327242380055	0.03175327242380055	0.04797638467383956	0.032446224500078	0.03175327242380055	0.032446224500078	0.032446224500078	0.03175327242380055	0.032446224500078	0.04884444465369882	0.062150239367151534	0.062150239367151534	0.062150239367151534	0.0635065448476011	0.0635065448476011	0.09595276934767911	0.09390351179095209	0.09525981727140165
UP000000351	0.01713140060966525	0.031610226300613706	0.031610226300613706	0.031610226300613706	0.05031089518346828	0.037401337765709135	0.031610226300613706	0.037401337765709135	0.037401337765709135	0.031610226300613706	0.037401337765709135	0.05767127492175302	0.053431586486840495	0.053431586486840495	0.053431586486840495	0.06322045260122741	0.06322045260122741	0.10062179036693655	0.08504181278745421	0.09483067890184113
UP000000352	0.01275618215870223	0.030691491344788012	0.030691491344788012	0.030691491344788012	0.041605890707919126	0.021828798726262238	0.030691491344788012	0.021828798726262238	0.021828798726262238	0.030691491344788012	0.021828798726262238	0.030901415293822246	0.0863050370091063	0.0863050370091063	0.0863050370091063	0.061382982689576024	0.061382982689576024	0.08321178141583825	0.11699652835389432	0.09207447403436404
UP000000353	0.016248148269926502	0.03175250116340853	0.03175250116340853	0.03175250116340853	0.04839038829060899	0.03327577425440092	0.03175250116340853	0.03327577425440092	0.03327577425440092	0.03175250116340853	0.03327577425440092	0.05030340023887532	0.06059791861936418	0.06059791861936418	0.06059791861936418	0.06350500232681706	0.06350500232681706	0.09678077658121798	0.0923504197827727	0.09525750349022558
UP000000354	0.018139626715954506	0.03101144724765135	0.03101144724765135	0.03101144724765135	0.052862904685574204	0.043702914875845704	0.03101144724765135	0.043702914875845704	0.043702914875845704	0.03101144724765135	0.043702914875845704	0.06926620303573691	0.044011245617183885	0.044011245617183885	0.044011245617183885	0.0620228944953027	0.0620228944953027	0.10572580937114841	0.07502269286483523	0.09303434174295405
UP000000355	0.01849563688331104	0.030571182704476223	0.030571182704476223	0.030571182704476223	0.053983519619479205	0.04682467383000595	0.030571182704476223	0.04682467383000595	0.04682467383000595	0.030571182704476223	0.04682467383000595	0.07515371077670087	0.03991900575083397	0.03991900575083397	0.03991900575083397	0.061142365408952445	0.061142365408952445	0.10796703923895841	0.07049018845531019	0.09171354811342868
UP000000356	0.017073307402401143	0.031627836847700354	0.031627836847700354	0.031627836847700354	0.05017848058383926	0.03710128747227781	0.031627836847700354	0.03710128747227781	0.03710128747227781	0.031627836847700354	0.03710128747227781	0.05712926754215447	0.05392373859867772	0.05392373859867772	0.05392373859867772	0.06325567369540071	0.06325567369540071	0.10035696116767852	0.08555157544637806	0.09488351054310107
UP000000357	0.01740436066703433	0.03150789431101043	0.03150789431101043	0.03150789431101043	0.05094893548163388	0.03888208234124691	0.03150789431101043	0.03888208234124691	0.03888208234124691	0.03150789431101043	0.03888208234124691	0.0603598040154595	0.05106451836612034	0.05106451836612034	0.05106451836612034	0.06301578862202085	0.06301578862202085	0.10189787096326776	0.08257241267713075	0.09452368293303129
UP000000358	0.0173782940054177	0.031519167363498225	0.031519167363498225	0.031519167363498225	0.05088676027584964	0.038735185824702825	0.031519167363498225	0.038735185824702825	0.038735185824702825	0.031519167363498225	0.038735185824702825	0.06009207764398795	0.051294857124689335	0.051294857124689335	0.051294857124689335	0.06303833472699645	0.06303833472699645	0.10177352055169928	0.08281402448818756	0.09455750209049467
UP000000359	0.01743612933242064	0.03149369257493441	0.03149369257493441	0.03149369257493441	0.05102510379531378	0.039062822440758746	0.03149369257493441	0.039062822440758746	0.039062822440758746	0.03149369257493441	0.039062822440758746	0.060689515549096844	0.05078243762383972	0.05078243762383972	0.05078243762383972	0.06298738514986882	0.06298738514986882	0.10205020759062756	0.08227613019877411	0.09448107772480321
UP000000360	0.015971654154181	0.03175099085690361	0.03175099085690361	0.03175099085690361	0.047819975712633585	0.03213796971145994	0.03175099085690361	0.03213796971145994	0.03213796971145994	0.03175099085690361	0.03213796971145994	0.04830428526873889	0.06273734336339819	0.06273734336339819	0.06273734336339819	0.06350198171380722	0.06350198171380722	0.09563995142526717	0.0944883342203018	0.09525297257071083
UP000000369	0.01497448715110667	0.03160736994573239	0.03160736994573239	0.03160736994573239	0.04583533514505356	0.028455930398642314	0.03160736994573239	0.028455930398642314	0.028455930398642314	0.03160736994573239	0.028455930398642314	0.041937373646177965	0.07021565071961608	0.07021565071961608	0.07021565071961608	0.06321473989146478	0.06321473989146478	0.09167067029010711	0.10182302066534847	0.09482210983719719
UP000000372	0.018544131548271055	0.03049290954212434	0.03049290954212434	0.03049290954212434	0.054154932810510904	0.047324046536773134	0.03049290954212434	0.047324046536773134	0.047324046536773134	0.03049290954212434	0.047324046536773134	0.0761039615252752	0.03929577457505302	0.03929577457505302	0.03929577457505302	0.06098581908424868	0.06098581908424868	0.10830986562102181	0.06978868411717735	0.09147872862637303
UP000000373	0.018025943478818748	0.031116496017263837	0.031116496017263837	0.031116496017263837	0.05254050378235972	0.04284801553019177	0.031116496017263837	0.04284801553019177	0.04284801553019177	0.031116496017263837	0.04284801553019177	0.0676700875815648	0.04519398681183509	0.04519398681183509	0.04519398681183509	0.06223299203452767	0.06223299203452767	0.10508100756471944	0.07631048282909891	0.09334948805179151
UP000000375	0.014432295073957713	0.03145236078194869	0.03145236078194869	0.03145236078194869	0.04478749589146056	0.026670270219023733	0.03145236078194869	0.026670270219023733	0.026670270219023733	0.03145236078194869	0.026670270219023733	0.03890824536408975	0.07418380021153574	0.07418380021153574	0.07418380021153574	0.06290472156389738	0.06290472156389738	0.08957499178292112	0.10563616099348444	0.09435708234584608
UP000000394	0.015084342561075447	0.03163263810990815	0.03163263810990815	0.03163263810990815	0.04604975883247232	0.028834241445128334	0.03163263810990815	0.028834241445128334	0.028834241445128334	0.03163263810990815	0.028834241445128334	0.04258414032918122	0.06940524485075178	0.06940524485075178	0.06940524485075178	0.0632652762198163	0.0632652762198163	0.09209951766494465	0.10103788296065992	0.09489791432972446
UP000000395	0.01814765237962682	0.03100350522036681	0.03100350522036681	0.03100350522036681	0.05288617773767203	0.04376534503461043	0.03100350522036681	0.04376534503461043	0.04376534503461043	0.03100350522036681	0.04376534503461043	0.06938303768959403	0.04392595717863821	0.04392595717863821	0.04392595717863821	0.06200701044073362	0.06200701044073362	0.10577235547534405	0.07492946239900503	0.09301051566110044
UP000000396	0.01770557276908903	0.031350773622696684	0.031350773622696684	0.031350773622696684	0.05169065024668697	0.04067975324798056	0.031350773622696684	0.04067975324798056	0.04067975324798056	0.031350773622696684	0.04067975324798056	0.06365393372687209	0.04832236816924972	0.04832236816924972	0.04832236816924972	0.06270154724539337	0.06270154724539337	0.10338130049337393	0.0796731417919464	0.09405232086809005
UP000000398	0.014247971552295333	0.03138878413333167	0.03138878413333167	0.03138878413333167	0.044434446387629806	0.02609132450859628	0.03138878413333167	0.02609132450859628	0.02609132450859628	0.03138878413333167	0.02609132450859628	0.037934677464897225	0.07552363001305532	0.07552363001305532	0.07552363001305532	0.06277756826666334	0.06277756826666334	0.08886889277525961	0.10691241414638697	0.094166352399995
UP000000399	0.008558945977469501	0.027151238347036952	0.027151238347036952	0.027151238347036952	0.03340076308595687	0.012499049477839835	0.027151238347036952	0.012499049477839835	0.012499049477839835	0.027151238347036952	0.012499049477839835	0.016439152978210168	0.1179593288409025	0.1179593288409025	0.1179593288409025	0.054302476694073905	0.054302476694073905	0.06680152617191373	0.14511056718793947	0.08145371504111086
UP000000400	0.01099290484985517	0.02948474674236334	0.02948474674236334	0.02948474674236334	0.038248692955644384	0.01752789242656208	0.02948474674236334	0.01752789242656208	0.01752789242656208	0.02948474674236334	0.01752789242656208	0.02406288000326899	0.09919621473074272	0.09919621473074272	0.09919621473074272	0.05896949348472668	0.05896949348472668	0.07649738591128877	0.12868096147310604	0.08845424022709
UP000000401	0.013386033431610688	0.031023997614029866	0.031023997614029866	0.031023997614029866	0.042796565721905856	0.023545136215751977	0.031023997614029866	0.023545136215751977	0.023545136215751977	0.031023997614029866	0.023545136215751977	0.03370423899989326	0.08175687913934554	0.08175687913934554	0.08175687913934554	0.06204799522805973	0.06204799522805973	0.08559313144381171	0.1127808767533754	0.0930719928420896
UP000000409	0.017697012228964346	0.03135598948916294	0.03135598948916294	0.03135598948916294	0.051668906000780515	0.040625833023235136	0.03135598948916294	0.040625833023235136	0.040625833023235136	0.03135598948916294	0.040625833023235136	0.06355465381750594	0.04840260512478236	0.04840260512478236	0.04840260512478236	0.06271197897832588	0.06271197897832588	0.10333781200156103	0.0797585946139453	0.09406796846748883
UP000000410	0.015290883220524831	0.0316741874481168	0.0316741874481168	0.0316741874481168	0.04645528089074751	0.029562186885261438	0.0316741874481168	0.029562186885261438	0.029562186885261438	0.0316741874481168	0.029562186885261438	0.043833490549998036	0.06787414979766761	0.06787414979766761	0.06787414979766761	0.0633483748962336	0.0633483748962336	0.09291056178149502	0.09954833724578441	0.09502256234435039
UP000000411	0.016918858995693814	0.031668279321584336	0.031668279321584336	0.031668279321584336	0.04983140507974127	0.036326251516313884	0.031668279321584336	0.036326251516313884	0.036326251516313884	0.031668279321584336	0.036326251516313884	0.05573364403693396	0.055215161120574154	0.055215161120574154	0.055215161120574154	0.06333655864316867	0.06333655864316867	0.09966281015948254	0.0868834404421585	0.09500483796475301
UP000000412	0.014964101743299459	0.031604870162152056	0.031604870162152056	0.031604870162152056	0.045815106155653804	0.028420471987003496	0.031604870162152056	0.028420471987003496	0.028420471987003496	0.031604870162152056	0.028420471987003496	0.041876842230707534	0.07029213437576019	0.07029213437576019	0.07029213437576019	0.06320974032430411	0.06320974032430411	0.09163021231130761	0.10189700453791224	0.09481461048645615
UP000000413	0.01755073178120223	0.031438029686187856	0.031438029686187856	0.031438029686187856	0.05130368067627972	0.03973130198018372	0.031438029686187856	0.03973130198018372	0.03973130198018372	0.031438029686187856	0.03973130198018372	0.0619118721791652	0.04975169004240412	0.04975169004240412	0.04975169004240412	0.06287605937237571	0.06287605937237571	0.10260736135255943	0.08118971972859197	0.09431408905856355
UP000000414	0.013598947953710326	0.031124081808482654	0.031124081808482654	0.031124081808482654	0.04319973190416851	0.024151300191371718	0.031124081808482654	0.024151300191371718	0.024151300191371718	0.031124081808482654	0.024151300191371718	0.034703652429033116	0.08021998490724745	0.08021998490724745	0.08021998490724745	0.06224816361696531	0.06224816361696531	0.08639946380833702	0.1113440667157301	0.09337224542544795
UP000000469	0.018387897711727504	0.030726503292220052	0.030726503292220052	0.030726503292220052	0.05362195107562534	0.04579089556681058	0.030726503292220052	0.04579089556681058	0.04579089556681058	0.030726503292220052	0.04579089556681058	0.07319389342189367	0.04123605764334995	0.04123605764334995	0.04123605764334995	0.061453006584440105	0.061453006584440105	0.10724390215125068	0.07196256093557	0.09217950987666014
UP000000470	0.016605226733473855	0.03172467257989032	0.03172467257989032	0.03172467257989032	0.049145793254070244	0.03484224134835987	0.03172467257989032	0.03484224134835987	0.03484224134835987	0.03172467257989032	0.03484224134835987	0.05307925596324589	0.05777210715226397	0.05777210715226397	0.05777210715226397	0.06344934515978064	0.06344934515978064	0.09829158650814049	0.08949677973215431	0.09517401773967095
UP000000472	0.01818680061037828	0.03096368650769983	0.03096368650769983	0.03096368650769983	0.053000761785794284	0.04407415055618891	0.03096368650769983	0.04407415055618891	0.04407415055618891	0.03096368650769983	0.04407415055618891	0.06996150050199954	0.04350622167634651	0.04350622167634651	0.04350622167634651	0.06192737301539966	0.06192737301539966	0.10600152357158857	0.07446990818404635	0.09289105952309949
UP000000473	0.013214190397425224	0.03093862263705614	0.03093862263705614	0.03093862263705614	0.042471540719645824	0.023065836165179366	0.03093862263705614	0.023065836165179366	0.023065836165179366	0.03093862263705614	0.023065836165179366	0.03291748193293351	0.08299706664206415	0.08299706664206415	0.08299706664206415	0.06187724527411228	0.06187724527411228	0.08494308143929165	0.11393568927912029	0.09281586791116843
UP000000477	0.016003093338812082	0.03175209744023044	0.03175209744023044	0.03175209744023044	0.047884285093712016	0.03226437530696316	0.03175209744023044	0.03226437530696316	0.03226437530696316	0.03175209744023044	0.03226437530696316	0.048525657275114244	0.062495906538522314	0.062495906538522314	0.062495906538522314	0.06350419488046088	0.06350419488046088	0.09576857018742403	0.09424800397875274	0.09525629232069131
UP000000513	0.01901457933905301	0.028999098890742855	0.028999098890742855	0.028999098890742855	0.05661212842934246	0.055226059077199234	0.028999098890742855	0.055226059077199234	0.055226059077199234	0.028999098890742855	0.055226059077199234	0.09143753881534546	0.03045474366728004	0.03045474366728004	0.03045474366728004	0.05799819778148571	0.05799819778148571	0.11322425685868492	0.05945384255802289	0.08699729667222855
UP000000514	0.018849266370433018	0.029799322832451236	0.029799322832451236	0.029799322832451236	0.05544738116327893	0.05129611666165539	0.029799322832451236	0.05129611666165539	0.05129611666165539	0.029799322832451236	0.05129611666165539	0.08374296695287778	0.0346224899295912	0.0346224899295912	0.0346224899295912	0.05959864566490247	0.05959864566490247	0.11089476232655786	0.06442181276204244	0.08939796849735371
UP000000515	0.017155666539808132	0.031602461881416445	0.031602461881416445	0.031602461881416445	0.05036652979594887	0.03752813582906485	0.031602461881416445	0.03752813582906485	0.03752813582906485	0.031602461881416445	0.03752813582906485	0.05790060511832157	0.053224897794837585	0.053224897794837585	0.053224897794837585	0.06320492376283289	0.06320492376283289	0.10073305959189774	0.08482735967625404	0.09480738564424933
UP000000516	0.019008462587512563	0.02904947770849096	0.02904947770849096	0.02904947770849096	0.05654599591684247	0.054993036416703014	0.02904947770849096	0.054993036416703014	0.054993036416703014	0.02904947770849096	0.054993036416703014	0.09097761024589346	0.030690145884718023	0.030690145884718023	0.030690145884718023	0.05809895541698192	0.05809895541698192	0.11309199183368494	0.059739623593208994	0.0871484331254729
UP000000518	0.012588338544777691	0.03059392874949199	0.03059392874949199	0.03059392874949199	0.04128857213898157	0.02138928677897917	0.03059392874949199	0.02138928677897917	0.02138928677897917	0.03059392874949199	0.02138928677897917	0.03019023501318065	0.08751937229144614	0.08751937229144614	0.08751937229144614	0.06118785749898398	0.06118785749898398	0.08257714427796314	0.11811330104093813	0.09178178624847597
UP000000519	0.015554585140695064	0.031715373063841534	0.031715373063841534	0.031715373063841534	0.046978226364572856	0.030525706601462643	0.031715373063841534	0.030525706601462643	0.030525706601462643	0.031715373063841534	0.030525706601462643	0.04549682806223022	0.06590280786689139	0.06590280786689139	0.06590280786689139	0.06343074612768307	0.06343074612768307	0.09395645272914571	0.09761818093073293	0.09514611919152462
UP000000520	0.017941138310243424	0.031186638303282437	0.031186638303282437	0.031186638303282437	0.05230791690827187	0.04224255720997887	0.031186638303282437	0.04224255720997887	0.04224255720997887	0.031186638303282437	0.04224255720997887	0.06654397610971433	0.04604865201815985	0.04604865201815985	0.04604865201815985	0.06237327660656487	0.06237327660656487	0.10461583381654374	0.07723529032144229	0.09355991490984732
UP000000521	0.016916030128242387	0.031668937404265	0.031668937404265	0.031668937404265	0.04982511127687669	0.03631234774522337	0.031668937404265	0.03631234774522337	0.03631234774522337	0.031668937404265	0.03631234774522337	0.055708665362204354	0.055238598360646166	0.055238598360646166	0.055238598360646166	0.06333787480853	0.06333787480853	0.09965022255375337	0.08690753576491117	0.095006812212795
UP000000522	0.017743248901502185	0.031327237420960434	0.031327237420960434	0.031327237420960434	0.05178687525709144	0.040919275672262015	0.031327237420960434	0.040919275672262015	0.040919275672262015	0.031327237420960434	0.040919275672262015	0.06409530244302183	0.04796740843066699	0.04796740843066699	0.04796740843066699	0.06265447484192087	0.06265447484192087	0.10357375051418288	0.07929464585162742	0.0939817122628813
UP000000568	0.01703698596657821	0.03163816463534806	0.03163816463534806	0.03163816463534806	0.05009622816324709	0.03691612705579803	0.03163816463534806	0.03691612705579803	0.03691612705579803	0.03163816463534806	0.03691612705579803	0.05679526814501786	0.05422960322898643	0.05422960322898643	0.05422960322898643	0.06327632927069612	0.06327632927069612	0.10019245632649418	0.08586776786433449	0.0949144939060442
UP000000569	0.015474085287170137	0.031704259993451785	0.031704259993451785	0.031704259993451785	0.04681791194063051	0.030227303894357453	0.031704259993451785	0.030227303894357453	0.030227303894357453	0.031704259993451785	0.030227303894357453	0.044980522501544766	0.06650676522427268	0.06650676522427268	0.06650676522427268	0.06340851998690357	0.06340851998690357	0.09363582388126102	0.09821102521772446	0.09511277998035533
UP000000570	0.014543934524295064	0.031488251886531184	0.031488251886531184	0.031488251886531184	0.04500201770936936	0.027027531645676353	0.031488251886531184	0.027027531645676353	0.027027531645676353	0.031488251886531184	0.027027531645676353	0.03951112876705764	0.07337037061823207	0.07337037061823207	0.07337037061823207	0.06297650377306237	0.06297650377306237	0.09000403541873872	0.10485862250476326	0.09446475565959356
UP000000571	0.008032510586711495	0.026536110197117265	0.026536110197117265	0.026536110197117265	0.03229584318357409	0.011519465972913635	0.026536110197117265	0.011519465972913635	0.011519465972913635	0.026536110197117265	0.011519465972913635	0.015006421359115776	0.12225656051231784	0.12225656051231784	0.12225656051231784	0.05307222039423453	0.05307222039423453	0.06459168636714818	0.1487926707094351	0.0796083305913518
UP000000572	0.016531621746805107	0.03173338096548595	0.03173338096548595	0.03173338096548595	0.04898810271584802	0.034509443500724137	0.03173338096548595	0.034509443500724137	0.034509443500724137	0.03173338096548595	0.034509443500724137	0.052487265254643166	0.05836126957419844	0.05836126957419844	0.05836126957419844	0.0634667619309719	0.0634667619309719	0.09797620543169604	0.09009465053968439	0.09520014289645784
UP000000573	0.01603315755636897	0.03175293720857317	0.03175293720857317	0.03175293720857317	0.047945907352119656	0.03238594028709298	0.03175293720857317	0.03238594028709298	0.03238594028709298	0.03175293720857317	0.03238594028709298	0.04873872301781699	0.062264613127407976	0.062264613127407976	0.062264613127407976	0.06350587441714634	0.06350587441714634	0.09589181470423931	0.09401755033598115	0.0952588116257195
UP000000574	0.016031678011261184	0.0317529009131858	0.0317529009131858	0.0317529009131858	0.047942871837819055	0.03237994184926651	0.0317529009131858	0.03237994184926651	0.03237994184926651	0.0317529009131858	0.03237994184926651	0.04872820568727184	0.06227600537988211	0.06227600537988211	0.06227600537988211	0.0635058018263716	0.0635058018263716	0.09588574367563811	0.09402890629306791	0.0952587027395574
UP000000575	0.016030044920176987	0.03175286024430776	0.03175286024430776	0.03175286024430776	0.04793952165217796	0.032373322815740395	0.03175286024430776	0.032373322815740395	0.032373322815740395	0.03175286024430776	0.032373322815740395	0.048716600711303806	0.062288578743255676	0.062288578743255676	0.062288578743255676	0.06350572048861552	0.06350572048861552	0.09587904330435593	0.09404143898756345	0.0952585807329233
UP000000587	0.01899009941185379	0.029180798472922865	0.029180798472922865	0.029180798472922865	0.0563696233316143	0.05437764971738287	0.029180798472922865	0.05437764971738287	0.05437764971738287	0.029180798472922865	0.05437764971738287	0.08976520002291195	0.031318712888215645	0.031318712888215645	0.031318712888215645	0.05836159694584573	0.05836159694584573	0.1127392466632286	0.060499511361138514	0.0875423954187686
UP000000624	0.01862144777110756	0.030354866973955147	0.030354866973955147	0.030354866973955147	0.054442115549257146	0.04817449715060399	0.030354866973955147	0.04817449715060399	0.04817449715060399	0.030354866973955147	0.04817449715060399	0.07772754653010042	0.03825334994679693	0.03825334994679693	0.03825334994679693	0.060709733947910294	0.060709733947910294	0.10888423109851429	0.06860821692075209	0.09106460092186545
UP000000668	0.01409501621711442	0.031332039999666515	0.031332039999666515	0.031332039999666515	0.044142418910833474	0.02562075782233391	0.031332039999666515	0.02562075782233391	0.02562075782233391	0.031332039999666515	0.02562075782233391	0.0371464994275534	0.07663291908445785	0.07663291908445785	0.07663291908445785	0.06266407999933303	0.06266407999933303	0.08828483782166695	0.10796495908412436	0.09399611999899955
UP000000670	0.018590962964735426	0.030411430162423633	0.030411430162423633	0.030411430162423633	0.05432663429093853	0.04783040825702979	0.030411430162423633	0.04783040825702979	0.04783040825702979	0.030411430162423633	0.04783040825702979	0.07706985354932415	0.038672263868374614	0.038672263868374614	0.038672263868374614	0.06082286032484727	0.06082286032484727	0.10865326858187706	0.06908369403079824	0.09123429048727091
UP000000672	0.015490006716314708	0.031706561590055055	0.031706561590055055	0.031706561590055055	0.046849569948029385	0.030286016715948653	0.031706561590055055	0.030286016715948653	0.030286016715948653	0.031706561590055055	0.030286016715948653	0.0450820267155826	0.06638747229737606	0.06638747229737606	0.06638747229737606	0.06341312318011011	0.06341312318011011	0.09369913989605877	0.0980940338874311	0.09511968477016518
UP000000675	0.016414277050570997	0.03174399308228828	0.03174399308228828	0.03174399308228828	0.04873891640852678	0.03398984665247702	0.03174399308228828	0.03398984665247702	0.03398984665247702	0.03174399308228828	0.03398984665247702	0.051565416254383045	0.05929306519745247	0.05929306519745247	0.05929306519745247	0.06348798616457656	0.06348798616457656	0.09747783281705356	0.09103705827974075	0.09523197924686481
UP000000676	0.017733815254857684	0.03133322049776703	0.03133322049776703	0.03133322049776703	0.05176270008610554	0.040858959176677	0.03133322049776703	0.040858959176677	0.040858959176677	0.03133322049776703	0.040858959176677	0.06398410309849634	0.048056569552662506	0.048056569552662506	0.048056569552662506	0.06266644099553406	0.06266644099553406	0.10352540017221108	0.07938979005042954	0.09399966149330112
UP000000677	0.01591872198790858	0.031748607346160126	0.031748607346160126	0.031748607346160126	0.04771199692255241	0.03192677915278458	0.031748607346160126	0.03192677915278458	0.03192677915278458	0.031748607346160126	0.03192677915278458	0.047934836317660566	0.0631428597038884	0.0631428597038884	0.0631428597038884	0.06349721469232025	0.06349721469232025	0.09542399384510482	0.09489146705004853	0.09524582203848038
UP000000678	0.017256866172126146	0.031567375977495836	0.031567375977495836	0.031567375977495836	0.05060072943791654	0.03806670692084143	0.031567375977495836	0.03806670692084143	0.03806670692084143	0.031567375977495836	0.03806670692084143	0.0588765476695567	0.052355420613439	0.052355420613439	0.052355420613439	0.06313475195499167	0.06313475195499167	0.10120145887583308	0.08392279659093484	0.09470212793248749
UP000000679	0.01641216851364506	0.03174414807809919	0.03174414807809919	0.03174414807809919	0.04873446251824287	0.03398062888028737	0.03174414807809919	0.03398062888028737	0.03398062888028737	0.03174414807809919	0.03398062888028737	0.05154908924692969	0.05930972853706444	0.05930972853706444	0.05930972853706444	0.06348829615619837	0.06348829615619837	0.09746892503648574	0.09105387661516362	0.09523244423429755
UP000000680	0.01763034812172692	0.031394998249023795	0.031394998249023795	0.031394998249023795	0.05150102140589407	0.04021204631374055	0.031394998249023795	0.04021204631374055	0.04021204631374055	0.031394998249023795	0.04021204631374055	0.06279374450575417	0.049022420165641255	0.049022420165641255	0.049022420165641255	0.06278999649804759	0.06278999649804759	0.10300204281178814	0.08041741841466506	0.0941849947470714
UP000000725	0.016870147637976233	0.03167921239775404	0.03167921239775404	0.03167921239775404	0.049723329257059884	0.03608823371861169	0.03167921239775404	0.03608823371861169	0.03608823371861169	0.03167921239775404	0.03608823371861169	0.05530631979924714	0.05561771218658693	0.05561771218658693	0.05561771218658693	0.06335842479550809	0.06335842479550809	0.09944665851411977	0.08729692458434098	0.09503763719326212
UP000000728	0.015799658867134674	0.03174091485522262	0.03174091485522262	0.03174091485522262	0.04747040402527377	0.03145897834010232	0.03174091485522262	0.03145897834010232	0.03145897834010232	0.03174091485522262	0.03145897834010232	0.047118297813069955	0.06405075619141767	0.06405075619141767	0.06405075619141767	0.06348182971044523	0.06348182971044523	0.09494080805054754	0.09579167104664028	0.09522274456566784
UP000000729	0.010556961414109571	0.029124913668874625	0.029124913668874625	0.029124913668874625	0.03740451783773703	0.01655920833772482	0.029124913668874625	0.01655920833772482	0.01655920833772482	0.029124913668874625	0.01655920833772482	0.02256145526134007	0.1024518296912675	0.1024518296912675	0.1024518296912675	0.05824982733774925	0.05824982733774925	0.07480903567547406	0.13157674336014208	0.08737474100662386
UP000000730	0.010176390671659494	0.028790632340940835	0.028790632340940835	0.028790632340940835	0.03666053989857813	0.015739815115274582	0.028790632340940835	0.015739815115274582	0.015739815115274582	0.028790632340940835	0.015739815115274582	0.02130323955888967	0.10532531729509684	0.10532531729509684	0.10532531729509684	0.05758126468188167	0.05758126468188167	0.07332107979715626	0.13411594963603768	0.0863718970228225
UP000000735	0.01855459858715557	0.030475229489776292	0.030475229489776292	0.030475229489776292	0.05419275143359937	0.04743504388764615	0.030475229489776292	0.04743504388764615	0.04743504388764615	0.030475229489776292	0.04743504388764615	0.07631548918813673	0.03915837475155827	0.03915837475155827	0.03915837475155827	0.060950458979552584	0.060950458979552584	0.10838550286719874	0.06963360424133457	0.09142568846932889
UP000000744	0.01887153610190192	0.029725142250241428	0.029725142250241428	0.029725142250241428	0.05556720282636719	0.051684121152251516	0.029725142250241428	0.051684121152251516	0.051684121152251516	0.029725142250241428	0.051684121152251516	0.08449670620260111	0.03419170383856267	0.03419170383856267	0.03419170383856267	0.059450284500482856	0.059450284500482856	0.11113440565273439	0.06391684608880409	0.08917542675072429
UP000000825	0.017521133597450923	0.0314530925263349	0.0314530925263349	0.0314530925263349	0.051231138062500015	0.039556091072330234	0.0314530925263349	0.039556091072330234	0.039556091072330234	0.0314530925263349	0.039556091072330234	0.06159104854720954	0.05001995913404118	0.05001995913404118	0.05001995913404118	0.0629061850526698	0.0629061850526698	0.10246227612500003	0.08147305166037608	0.09435927757900471
UP000000826	0.016620220555745104	0.03172269827898039	0.03172269827898039	0.03172269827898039	0.04917805400544007	0.03491071145291937	0.03172269827898039	0.03491071145291937	0.03491071145291937	0.03172269827898039	0.03491071145291937	0.053201202350093645	0.05765162290985462	0.05765162290985462	0.05765162290985462	0.06344539655796078	0.06344539655796078	0.09835610801088014	0.08937432118883501	0.09516809483694116
UP000000831	0.01344575082166724	0.031052709599006228	0.031052709599006228	0.031052709599006228	0.042909583943007354	0.023713748688002256	0.031052709599006228	0.023713748688002256	0.023713748688002256	0.031052709599006228	0.023713748688002256	0.03398174655433727	0.08132588281397087	0.08132588281397087	0.08132588281397087	0.062105419198012456	0.062105419198012456	0.08581916788601471	0.11237859241297708	0.09315812879701868
UP000000832	0.018706388037069973	0.030179627585083264	0.030179627585083264	0.030179627585083264	0.05478261011927896	0.049205965068391394	0.030179627585083264	0.049205965068391394	0.049205965068391394	0.030179627585083264	0.049205965068391394	0.0797055420997128	0.037020305156433106	0.037020305156433106	0.037020305156433106	0.06035925517016653	0.06035925517016653	0.10956522023855791	0.06719993274151637	0.09053888275524978
UP000000834	0.017660081515917223	0.031377946737328875	0.031377946737328875	0.031377946737328875	0.05157559003821241	0.04039528660176707	0.031377946737328875	0.04039528660176707	0.04039528660176707	0.031377946737328875	0.04039528660176707	0.06313049168761692	0.048747050672371194	0.048747050672371194	0.048747050672371194	0.06275589347465775	0.06275589347465775	0.10315118007642482	0.08012499740970008	0.09413384021198665
UP000000835	0.018862750440977107	0.02975506758210959	0.02975506758210959	0.02975506758210959	0.05551920972392508	0.05152828428363096	0.02975506758210959	0.05152828428363096	0.05152828428363096	0.02975506758210959	0.05152828428363096	0.08419381812628483	0.034364196639753576	0.034364196639753576	0.034364196639753576	0.05951013516421918	0.05951013516421918	0.11103841944785016	0.06411926422186316	0.08926520274632879
UP000000839	0.019049611617318753	0.028515985388101784	0.028515985388101784	0.028515985388101784	0.05720798824378144	0.05738400571135931	0.028515985388101784	0.05738400571135931	0.05738400571135931	0.028515985388101784	0.05738400571135931	0.09571839980539985	0.028341047738794128	0.028341047738794128	0.028341047738794128	0.05703197077620357	0.05703197077620357	0.11441597648756288	0.05685703312689592	0.08554795616430536
UP000000840	0.016479699305567024	0.03173856287567408	0.03173856287567408	0.03173856287567408	0.048877518544909154	0.034277911338470135	0.03173856287567408	0.034277911338470135	0.034277911338470135	0.03173856287567408	0.034277911338470135	0.05207612337137324	0.05877466473767217	0.05877466473767217	0.05877466473767217	0.06347712575134816	0.06347712575134816	0.09775503708981831	0.09051322761334625	0.09521568862702225
UP000000842	0.01141230544898479	0.029807909345377855	0.029807909345377855	0.029807909345377855	0.039054057723029126	0.018492296755302545	0.029807909345377855	0.018492296755302545	0.018492296755302545	0.029807909345377855	0.018492296755302545	0.025572288061620298	0.09609530620229634	0.09609530620229634	0.09609530620229634	0.05961581869075571	0.05961581869075571	0.07810811544605825	0.1259032155476742	0.08942372803613356
UP000000846	0.01688035422014757	0.031676991196134804	0.031676991196134804	0.031676991196134804	0.0497459224298679	0.036137862467466184	0.031676991196134804	0.036137862467466184	0.036137862467466184	0.031676991196134804	0.036137862467466184	0.05539537071478479	0.055533543088961676	0.055533543088961676	0.055533543088961676	0.06335398239226961	0.06335398239226961	0.0994918448597358	0.08721053428509648	0.09503097358840441
UP000000853	0.017480942566266255	0.031472770633104136	0.031472770633104136	0.031472770633104136	0.05113330724098795	0.039321073215767624	0.031472770633104136	0.039321073215767624	0.039321073215767624	0.031472770633104136	0.039321073215767624	0.061161203865269	0.05038190518801917	0.05038190518801917	0.05038190518801917	0.06294554126620827	0.06294554126620827	0.1022666144819759	0.0818546758211233	0.09441831189931242
UP000000854	0.01855102575087859	0.03048129744395501	0.03048129744395501	0.03048129744395501	0.05417980776921257	0.04739702065051515	0.03048129744395501	0.04739702065051515	0.04739702065051515	0.03048129744395501	0.04739702065051515	0.0762430155501517	0.03920539650446403	0.03920539650446403	0.03920539650446403	0.06096259488791002	0.06096259488791002	0.10835961553842514	0.06968669394841905	0.09144389233186502
UP000000862	0.018317741549883866	0.030816116150420028	0.030816116150420028	0.030816116150420028	0.053398318606985094	0.04516440491313014	0.030816116150420028	0.04516440491313014	0.04516440491313014	0.030816116150420028	0.04516440491313014	0.07201106827637642	0.04205227618620086	0.04205227618620086	0.04205227618620086	0.061632232300840056	0.061632232300840056	0.10679663721397019	0.07286839233662089	0.09244834845126007
UP000000866	0.018539315845052137	0.025260825615656374	0.025260825615656374	0.025260825615656374	0.06009811965959088	0.06967458808786901	0.025260825615656374	0.06967458808786901	0.06967458808786901	0.025260825615656374	0.06967458808786901	0.1208098603306859	0.018316844872620117	0.018316844872620117	0.018316844872620117	0.05052165123131275	0.05052165123131275	0.12019623931918176	0.043577670488276495	0.07578247684696912
UP000000867	0.017840090921630157	0.03126217513131074	0.03126217513131074	0.03126217513131074	0.05203838387943711	0.04155241749625271	0.03126217513131074	0.04155241749625271	0.04155241749625271	0.03126217513131074	0.04155241749625271	0.06526474407087526	0.04704051666928315	0.04704051666928315	0.04704051666928315	0.06252435026262149	0.06252435026262149	0.10407676775887421	0.0783026918005939	0.09378652539393226
UP000000868	0.018544677440765954	0.030491994680899685	0.030491994680899685	0.030491994680899685	0.054156897625943876	0.04732980589008837	0.030491994680899685	0.04732980589008837	0.04732980589008837	0.030491994680899685	0.04732980589008837	0.07611493433941079	0.03928863523248558	0.03928863523248558	0.03928863523248558	0.06098398936179937	0.06098398936179937	0.10831379525188775	0.06978062991338527	0.09147598404269906
UP000000869	0.010500708694119164	0.02907669301178242	0.02907669301178242	0.02907669301178242	0.03729498922380963	0.01643659242405442	0.02907669301178242	0.01643659242405442	0.01643659242405442	0.02907669301178242	0.01643659242405442	0.022372476153989677	0.10287461715776829	0.10287461715776829	0.10287461715776829	0.05815338602356484	0.05815338602356484	0.07458997844761926	0.13195131016955072	0.08723007903534725
UP000000870	0.010377693604326024	0.028969808162572427	0.028969808162572427	0.028969808162572427	0.03705495070903799	0.01617028509293113	0.028969808162572427	0.01617028509293113	0.01617028509293113	0.028969808162572427	0.01617028509293113	0.021962876581536235	0.10380148280046442	0.10380148280046442	0.10380148280046442	0.057939616325144855	0.057939616325144855	0.07410990141807598	0.13277129096303683	0.08690942448771728
UP000000871	0.018701520717629438	0.025843142218991155	0.025843142218991155	0.025843142218991155	0.059680419896403325	0.06767455535482435	0.025843142218991155	0.06767455535482435	0.06767455535482435	0.025843142218991155	0.06767455535482435	0.11664758999201925	0.019737639833739738	0.019737639833739738	0.019737639833739738	0.05168628443798231	0.05168628443798231	0.11936083979280665	0.045580782052730896	0.07752942665697346
UP000000872	0.01591332253884174	0.01946738651508144	0.01946738651508144	0.01946738651508144	0.06305000104788964	0.08716522906561641	0.01946738651508144	0.08716522906561641	0.08716522906561641	0.01946738651508144	0.08716522906561641	0.1584171355923911	0.008695649441643435	0.008695649441643435	0.008695649441643435	0.03893477303016288	0.03893477303016288	0.1261000020957793	0.028163035956724872	0.05840215954524432
