Proteome_ID	M	W	C	D	E	F	H	K	N	Q	Y	I	A	G	P	T	V	L	R	S
UP000000226	0.017283890247102373	0.02249558018467715	0.031137525308228334	0.031137525308228334	0.031137525308228334	0.03884739042274515	0.031137525308228334	0.03884739042274515	0.03884739042274515	0.06998491573097347	0.03884739042274515	0.06041089059838791	0.049915604202484164	0.049915604202484164	0.049915604202484164	0.06227505061645667	0.06227505061645667	0.10112244103920182	0.0810531295107125	0.09341257592468503
UP000000267	0.018659214283220912	0.019350733790294214	0.02868034093190467	0.02868034093190467	0.02868034093190467	0.05340244125489936	0.02868034093190467	0.05340244125489936	0.05340244125489936	0.08208278218680404	0.05340244125489936	0.08814566822657782	0.03080615554798522	0.03080615554798522	0.03080615554798522	0.05736068186380934	0.05736068186380934	0.1107631231187087	0.05948649647988989	0.086041022795714
UP000000304	0.014321542258976628	0.024093339882688476	0.03125411101217679	0.03125411101217679	0.03125411101217679	0.026434682070494552	0.03125411101217679	0.026434682070494552	0.026434682070494552	0.057688793082671344	0.026434682070494552	0.03854782188201247	0.07390438459267581	0.07390438459267581	0.07390438459267581	0.06250822202435358	0.06250822202435358	0.08894290409484813	0.1051584956048526	0.09376233303653038
UP000000305	0.016679017862042716	0.023046735157256002	0.03138624408827736	0.03138624408827736	0.03138624408827736	0.035594184635374	0.03138624408827736	0.035594184635374	0.035594184635374	0.06698042872365136	0.035594184635374	0.05450935140870527	0.0553515316088979	0.0553515316088979	0.0553515316088979	0.06277248817655472	0.06277248817655472	0.09836667281192872	0.08673777569717525	0.0941587322648321
UP000000311	0.017531189848359625	0.02220941463772006	0.030975009561899875	0.030975009561899875	0.030975009561899875	0.040392446845854205	0.030975009561899875	0.040392446845854205	0.040392446845854205	0.07136745640775408	0.040392446845854205	0.06325370384334879	0.04750646679173707	0.04750646679173707	0.04750646679173707	0.06195001912379975	0.06195001912379975	0.10234246596965396	0.07848147635363695	0.09292502868569963
UP000000314	0.01780960587600303	0.021825492120244653	0.03073029505824617	0.03073029505824617	0.03073029505824617	0.042357991568498746	0.03073029505824617	0.042357991568498746	0.042357991568498746	0.07308828662674492	0.042357991568498746	0.06690637726099448	0.044589037364518205	0.044589037364518205	0.044589037364518205	0.06146059011649234	0.06146059011649234	0.1038185816849911	0.07531933242276438	0.09219088517473852
UP000000437	0.015893406777663967	0.023548939041227485	0.03149564243005947	0.03149564243005947	0.03149564243005947	0.03208341855725863	0.03149564243005947	0.03208341855725863	0.03208341855725863	0.06357906098731811	0.03208341855725863	0.048273430336853294	0.06183726901245287	0.06183726901245287	0.06183726901245287	0.06299128486011894	0.06299128486011894	0.09507470341737759	0.09333291144251234	0.09448692729017841
UP000000539	0.015479930189144496	0.02374320791911309	0.03148317301368534	0.03148317301368534	0.03148317301368534	0.03045366028173043	0.03148317301368534	0.03045366028173043	0.03045366028173043	0.06193683329541577	0.03045366028173043	0.04542739037431637	0.06509497865544085	0.06509497865544085	0.06509497865544085	0.06296634602737068	0.06296634602737068	0.0934200063091011	0.0965781516691262	0.09444951904105602
UP000000542	0.011512421859532678	0.024047636064179874	0.029803846993946215	0.029803846993946215	0.029803846993946215	0.01875821359516363	0.029803846993946215	0.01875821359516363	0.01875821359516363	0.04856206058910984	0.01875821359516363	0.026004005330794583	0.09470723756632948	0.09470723756632948	0.09470723756632948	0.05960769398789243	0.05960769398789243	0.07836590758305606	0.12451108456027568	0.08941154098183864
UP000000559	0.018652484049386922	0.019414721217700624	0.028740963242394085	0.028740963242394085	0.028740963242394085	0.053138867433494136	0.028740963242394085	0.053138867433494136	0.053138867433494136	0.08187983067588822	0.053138867433494136	0.08762525081760136	0.031089972669608758	0.031089972669608758	0.031089972669608758	0.05748192648478817	0.05748192648478817	0.11062079391828232	0.05983093591200284	0.08622288972718226
UP000000560	0.014591952526412981	0.02403428786867834	0.03133026413188483	0.03133026413188483	0.03133026413188483	0.027312774288596197	0.03133026413188483	0.027312774288596197	0.027312774288596197	0.05864303842048102	0.027312774288596197	0.040033596050779406	0.0718773889610699	0.0718773889610699	0.0718773889610699	0.06266052826376967	0.06266052826376967	0.08997330255236585	0.10320765309295474	0.09399079239565448
UP000000561	0.013740439523724737	0.02417891251898616	0.03104913228084853	0.03104913228084853	0.03104913228084853	0.024648234869934928	0.03104913228084853	0.024648234869934928	0.024648234869934928	0.05569736715078346	0.024648234869934928	0.03555603021614512	0.07822455607720159	0.07822455607720159	0.07822455607720159	0.06209826456169706	0.06209826456169706	0.08674649943163198	0.10927368835805011	0.0931473968425456
UP000000589	0.015736914097321354	0.02362741680316048	0.031495873851821156	0.031495873851821156	0.031495873851821156	0.031451813377761345	0.031495873851821156	0.031451813377761345	0.031451813377761345	0.0629476872295825	0.031451813377761345	0.04716671265820133	0.06307999209935786	0.06307999209935786	0.06307999209935786	0.06299174770364231	0.06299174770364231	0.09444356108140366	0.094575865951179	0.09448762155546346
UP000000591	0.014049483695456408	0.024140205174680376	0.031164947022408577	0.031164947022408577	0.031164947022408577	0.025582212219262324	0.031164947022408577	0.025582212219262324	0.025582212219262324	0.056747159241670904	0.025582212219262324	0.03711494074306824	0.07593197293377311	0.07593197293377311	0.07593197293377311	0.062329894044817154	0.062329894044817154	0.0879121062640795	0.1070969199561817	0.09349484106722575
UP000000598	0.018089709094096663	0.02134188583928946	0.03038674038633779	0.03038674038633779	0.03038674038633779	0.04470081280947191	0.03038674038633779	0.04470081280947191	0.04470081280947191	0.0750875531958097	0.04470081280947191	0.07131191652484717	0.041312626472467064	0.041312626472467064	0.041312626472467064	0.06077348077267558	0.06077348077267558	0.1054742935821475	0.07169936685880486	0.09116022115901337
UP000000599	0.01842651368328833	0.020510038155290438	0.0297232949969346	0.0297232949969346	0.0297232949969346	0.048482544431644896	0.0297232949969346	0.048482544431644896	0.048482544431644896	0.07820583942857949	0.048482544431644896	0.07853857518000146	0.036445045359382894	0.036445045359382894	0.036445045359382894	0.0594465899938692	0.0594465899938692	0.10792913442551409	0.0661683403563175	0.08916988499080379
UP000000600	0.0185806314870677	0.017415014969515114	0.026705330713048963	0.026705330713048963	0.026705330713048963	0.061073264981019	0.026705330713048963	0.061073264981019	0.061073264981019	0.08777859569406798	0.061073264981019	0.1035658984749703	0.023354726121649603	0.023354726121649603	0.023354726121649603	0.053410661426097926	0.053410661426097926	0.11448392640711692	0.050060056834698566	0.08011599213914689
UP000000673	0.01437329736207222	0.024083019358821286	0.031269668039857396	0.031269668039857396	0.031269668039857396	0.026600282730603022	0.031269668039857396	0.026600282730603022	0.026600282730603022	0.05786995077046042	0.026600282730603022	0.03882726809913383	0.0735174245496234	0.0735174245496234	0.0735174245496234	0.06253933607971479	0.06253933607971479	0.0891396188103178	0.10478709258948081	0.0938090041195722
UP000000715	0.014336329645705387	0.02409043775533104	0.03125860257818373	0.03125860257818373	0.03125860257818373	0.026481881755071476	0.03125860257818373	0.026481881755071476	0.026481881755071476	0.05774048433325521	0.026481881755071476	0.038627433864437566	0.07379386738283528	0.07379386738283528	0.07379386738283528	0.06251720515636747	0.06251720515636747	0.08899908691143894	0.10505246996101901	0.0937758077345512
UP000000724	0.014833923780101737	0.023970339776620653	0.03138730166667152	0.03138730166667152	0.03138730166667152	0.028126998838358983	0.03138730166667152	0.028126998838358983	0.028126998838358983	0.0595143005050305	0.028126998838358983	0.04142007389661622	0.07005103612910864	0.07005103612910864	0.07005103612910864	0.06277460333334305	0.06277460333334305	0.09090160217170203	0.10143833779578017	0.09416190500001458
UP000000741	0.015867512985031203	0.023562361095160172	0.03149611758767577	0.03149611758767577	0.03149611758767577	0.03197758645170075	0.03149611758767577	0.03197758645170075	0.03197758645170075	0.06347370403937652	0.03197758645170075	0.048087659918370294	0.06204379586902431	0.06204379586902431	0.06204379586902431	0.06299223517535155	0.06299223517535155	0.0949698216270523	0.09353991345670007	0.09448835276302732
UP000000759	0.015445577148279056	0.023757518724910016	0.03148030729904955	0.03148030729904955	0.03148030729904955	0.030323648135459142	0.03148030729904955	0.030323648135459142	0.030323648135459142	0.06180395543450869	0.030323648135459142	0.04520171912263922	0.06536217167641838	0.06536217167641838	0.06536217167641838	0.0629606145980991	0.0629606145980991	0.09328426273355822	0.09684247897546792	0.09444092189714864
UP000000768	0.013427723874493062	0.02420303755376083	0.03091689949100736	0.03091689949100736	0.03091689949100736	0.02373717312488412	0.03091689949100736	0.02373717312488412	0.02373717312488412	0.05465407261589148	0.02373717312488412	0.03404662237527518	0.08053652127051396	0.08053652127051396	0.08053652127051396	0.06183379898201472	0.06183379898201472	0.08557097210689883	0.11145342076152133	0.09275069847302209
UP000000803	0.014702701264696987	0.02400635716225759	0.03135770779460609	0.03135770779460609	0.03135770779460609	0.027681947120333537	0.03135770779460609	0.027681947120333537	0.027681947120333537	0.05903965491493962	0.027681947120333537	0.04066119297597009	0.07104311223899568	0.07104311223899568	0.07104311223899568	0.06271541558921218	0.06271541558921218	0.09039736270954571	0.10240082003360175	0.09407312338381826
UP000000819	0.016554037209406316	0.023140394675306552	0.03141741328000971	0.03141741328000971	0.03141741328000971	0.03499104281490898	0.03141741328000971	0.03499104281490898	0.03499104281490898	0.06640845609491869	0.03499104281490898	0.053428048420411635	0.056417515901319	0.056417515901319	0.056417515901319	0.06283482656001942	0.06283482656001942	0.0978258693749284	0.08783492918132872	0.09425223984002915
UP000001038	0.014932193120613706	0.02394123539257814	0.03140733195288499	0.03140733195288499	0.03140733195288499	0.028465941980717502	0.03140733195288499	0.028465941980717502	0.028465941980717502	0.05987327393360249	0.028465941980717502	0.041999690840821294	0.06930531236710175	0.06930531236710175	0.06930531236710175	0.06281466390576998	0.06281466390576998	0.09128060588648748	0.10071264431998675	0.09422199585865498
UP000001055	0.014253723144004488	0.024106175464909407	0.031233037036911653	0.031233037036911653	0.031233037036911653	0.0262193788087366	0.031233037036911653	0.0262193788087366	0.0262193788087366	0.057452415845648246	0.0262193788087366	0.03818503447346871	0.07441080962788076	0.07441080962788076	0.07441080962788076	0.062466074073823305	0.062466074073823305	0.0886854528825599	0.1056438466647924	0.09369911111073495
UP000001056	0.012114010722636978	0.024150417848697647	0.03020742321001614	0.03020742321001614	0.03020742321001614	0.020224656289940926	0.03020742321001614	0.020224656289940926	0.020224656289940926	0.050432079499957067	0.020224656289940926	0.028335301857244873	0.09023524592038316	0.09023524592038316	0.09023524592038316	0.06041484642003228	0.06041484642003228	0.08063950270997321	0.1204426691303993	0.09062226963004842
UP000001064	0.01856044380423897	0.01730064715374012	0.02658086905585961	0.02658086905585961	0.02658086905585961	0.061512040933169754	0.02658086905585961	0.061512040933169754	0.061512040933169754	0.08809290998902936	0.061512040933169754	0.10446363806210053	0.02297249738575196	0.02297249738575196	0.02297249738575196	0.05316173811171922	0.05316173811171922	0.11467377904488897	0.04955336644161156	0.07974260716757882
UP000001067	0.01448401276266209	0.02405939225012833	0.03130139863145938	0.03130139863145938	0.03130139863145938	0.02695840250109303	0.03130139863145938	0.02695840250109303	0.02695840250109303	0.0582598011325524	0.02695840250109303	0.03943279223952397	0.0726881020673092	0.0726881020673092	0.0726881020673092	0.06260279726291876	0.06260279726291876	0.08956119976401178	0.10398950069876858	0.09390419589437812
UP000001070	0.015346132750821112	0.02379745896039191	0.03147052533580246	0.03147052533580246	0.03147052533580246	0.029951569151890768	0.03147052533580246	0.029951569151890768	0.029951569151890768	0.06142209448769323	0.029951569151890768	0.044557005552960424	0.06613302694686123	0.06613302694686123	0.06613302694686123	0.06294105067160492	0.06294105067160492	0.0928926198234957	0.09760355228266368	0.09441157600740739
UP000001072	0.017503798251064625	0.022243343866365683	0.030995242991897997	0.030995242991897997	0.030995242991897997	0.04021322330520065	0.030995242991897997	0.04021322330520065	0.04021322330520065	0.07120846629709865	0.04021322330520065	0.06292264835933668	0.04778055620338979	0.04778055620338979	0.04778055620338979	0.061990485983795994	0.061990485983795994	0.10220370928899665	0.0787757991952878	0.092985728975694
UP000001073	0.015053503970073252	0.023902715142866335	0.03142946712790296	0.03142946712790296	0.03142946712790296	0.028891345420557026	0.03142946712790296	0.028891345420557026	0.028891345420557026	0.06032081254845999	0.028891345420557026	0.042729186871040804	0.06838112864353328	0.06838112864353328	0.06838112864353328	0.06285893425580592	0.06285893425580592	0.09175027967636294	0.09981059577143625	0.09428840138370889
UP000001074	0.014524389497325664	0.02405024320073527	0.0313124379493981	0.0313124379493981	0.0313124379493981	0.027090346217803315	0.0313124379493981	0.027090346217803315	0.027090346217803315	0.05840278416720142	0.027090346217803315	0.03965630293828096	0.07238510445396665	0.07238510445396665	0.07238510445396665	0.0626248758987962	0.0626248758987962	0.0897152221165995	0.10369754240336475	0.09393731384819431
UP000001075	0.015410774763382026	0.02377174600361508	0.03147713338530609	0.03147713338530609	0.03147713338530609	0.0301927166082262	0.03147713338530609	0.0301927166082262	0.0301927166082262	0.0616698499935323	0.0301927166082262	0.044974658453070374	0.065632380087746	0.065632380087746	0.065632380087746	0.06295426677061218	0.06295426677061218	0.0931469833788384	0.09710951347305208	0.09443140015591828
UP000001194	0.015621211301557535	0.023681496117393282	0.03149210176817205	0.03149210176817205	0.03149210176817205	0.030996671364193974	0.03149210176817205	0.030996671364193974	0.030996671364193974	0.062488773132366025	0.030996671364193974	0.046372131426830415	0.06399090161161854	0.06399090161161854	0.06399090161161854	0.0629842035363441	0.0629842035363441	0.09398087490053807	0.09548300337979058	0.09447630530451614
UP000001197	0.013695790905339253	0.024183267953789337	0.031031163406458964	0.031031163406458964	0.031031163406458964	0.024516134599174375	0.031031163406458964	0.024516134599174375	0.024516134599174375	0.055547298005633336	0.024516134599174375	0.03533647829300949	0.07855505103898282	0.07855505103898282	0.07855505103898282	0.06206232681291793	0.06206232681291793	0.0865784614120923	0.10958621444544178	0.09309349021937689
UP000001261	0.015450580105863811	0.023755451177893905	0.03148074123082581	0.03148074123082581	0.03148074123082581	0.030342534325586628	0.03148074123082581	0.030342534325586628	0.030342534325586628	0.06182327555641244	0.030342534325586628	0.045234488545309454	0.06532328893875648	0.06532328893875648	0.06532328893875648	0.06296148246165162	0.06296148246165162	0.09330401678723825	0.09680403016958229	0.09444222369247743
UP000001292	0.014342993533609837	0.024089117749080288	0.03126061451588521	0.03126061451588521	0.03126061451588521	0.026503182233942373	0.03126061451588521	0.026503182233942373	0.026503182233942373	0.05776379674982758	0.026503182233942373	0.03866337093427491	0.07374405166027564	0.07374405166027564	0.07374405166027564	0.06252122903177042	0.06252122903177042	0.0890244112657128	0.10500466617616086	0.09378184354765562
UP000001294	0.01574245790843764	0.023624743069478066	0.03149597202369688	0.03149597202369688	0.03149597202369688	0.03147386736957376	0.03149597202369688	0.03147386736957376	0.03147386736957376	0.06296983939327064	0.03147386736957376	0.04720527683070989	0.06303618440461967	0.06303618440461967	0.06303618440461967	0.06299194404739376	0.06299194404739376	0.09446581141696753	0.09453215642831655	0.09448791607109064
UP000001300	0.014486922963971867	0.024058742411367247	0.03130220389335318	0.03130220389335318	0.03130220389335318	0.026967888214891246	0.03130220389335318	0.026967888214891246	0.026967888214891246	0.05827009210824442	0.026967888214891246	0.039448853465810625	0.07266627336730128	0.07266627336730128	0.07266627336730128	0.06260440778670635	0.06260440778670635	0.08957229600159759	0.10396847726065447	0.09390661168005954
UP000001307	0.017104702455535855	0.022678162306886237	0.031230513534654163	0.031230513534654163	0.031230513534654163	0.03781649340713024	0.031230513534654163	0.03781649340713024	0.03781649340713024	0.06904700694178441	0.03781649340713024	0.058528284358724626	0.05158304685406484	0.05158304685406484	0.05158304685406484	0.062461027069308325	0.062461027069308325	0.10027752047643858	0.08281356038871901	0.0936915406039625
UP000001312	0.017047303817237697	0.022732872899975495	0.031256524808594345	0.031256524808594345	0.031256524808594345	0.0374995557467406	0.031256524808594345	0.0374995557467406	0.0374995557467406	0.06875608055533494	0.0374995557467406	0.05795180767624349	0.05210570224929614	0.05210570224929614	0.05210570224929614	0.06251304961718869	0.06251304961718869	0.10001260536392928	0.08336222705789048	0.09376957442578303
UP000001357	0.013214001399911753	0.02421112884560052	0.03081812954555639	0.03081812954555639	0.03081812954555639	0.02313268817339273	0.03081812954555639	0.02313268817339273	0.02313268817339273	0.05395081771894913	0.02313268817339273	0.03305137494687371	0.08211385564597795	0.08211385564597795	0.08211385564597795	0.06163625909111278	0.06163625909111278	0.08476894726450551	0.11293198519153436	0.09245438863666917
UP000001396	0.01850165029296543	0.02024512498764932	0.029495950134132035	0.029495950134132035	0.029495950134132035	0.049636972096856226	0.029495950134132035	0.049636972096856226	0.049636972096856226	0.07913292223098825	0.049636972096856226	0.08077229390074703	0.035054961556380104	0.035054961556380104	0.035054961556380104	0.05899190026826407	0.05899190026826407	0.1086288723651203	0.06455091169051214	0.08848785040239611
UP000001449	0.016362747232201526	0.023272828059538144	0.03145420167563891	0.03145420167563891	0.03145420167563891	0.034103880002962855	0.03145420167563891	0.034103880002962855	0.034103880002962855	0.06555808167860176	0.034103880002962855	0.051845012773724185	0.05802077669554384	0.05802077669554384	0.05802077669554384	0.06290840335127781	0.06290840335127781	0.09701228335424067	0.08947497837118275	0.09436260502691672
UP000001450	0.017709284826898118	0.014725398130095936	0.023580040543544994	0.023580040543544994	0.023580040543544994	0.07112979561240385	0.023580040543544994	0.07112979561240385	0.07112979561240385	0.09470983615594886	0.07112979561240385	0.12455030639790958	0.015633907204374575	0.015633907204374575	0.015633907204374575	0.04716008108708999	0.04716008108708999	0.11828987669949383	0.03921394774791957	0.07074012163063499
UP000001460	0.01857846378369914	0.017402283959065856	0.026691515850915424	0.026691515850915424	0.026691515850915424	0.06112217158966298	0.026691515850915424	0.06112217158966298	0.06112217158966298	0.0878136874405784	0.06112217158966298	0.10366587939562683	0.023311901389974736	0.023311901389974736	0.023311901389974736	0.05338303170183085	0.05338303170183085	0.11450520329149383	0.05000341724089016	0.08007454755274626
UP000001471	0.014479110064259003	0.02406048364861765	0.031300038680747155	0.031300038680747155	0.031300038680747155	0.02694243079004992	0.031300038680747155	0.02694243079004992	0.02694243079004992	0.05824246947079707	0.02694243079004992	0.03940575151584084	0.07272487245494398	0.07272487245494398	0.07272487245494398	0.06260007736149431	0.06260007736149431	0.08954250815154421	0.10402491113569112	0.09390011604224144
UP000001514	0.014750121969835873	0.023993711596964982	0.03136877258188292	0.03136877258188292	0.03136877258188292	0.027841804513984124	0.03136877258188292	0.027841804513984124	0.027841804513984124	0.059210577095867044	0.027841804513984124	0.04093348705813237	0.07068506589072954	0.07068506589072954	0.07068506589072954	0.06273754516376584	0.06273754516376584	0.09057934967774997	0.10205383847261248	0.09410631774564877
UP000001519	0.015018536436142172	0.023914116907273925	0.03142338512534501	0.03142338512534501	0.03142338512534501	0.028767912669778777	0.03142338512534501	0.028767912669778777	0.028767912669778777	0.06019129779512378	0.028767912669778777	0.04251728890341538	0.06864795121358017	0.06864795121358017	0.06864795121358017	0.06284677025069002	0.06284677025069002	0.09161468292046879	0.10007133633892518	0.09427015537603502
UP000001529	0.013634390345539165	0.024188757506337734	0.031005952679107315	0.031005952679107315	0.031005952679107315	0.02433559248988009	0.031005952679107315	0.02433559248988009	0.02433559248988009	0.055341545168987406	0.02433559248988009	0.03503679463422102	0.07900930309700294	0.07900930309700294	0.07900930309700294	0.06201190535821463	0.06201190535821463	0.08634749784809471	0.11001525577611027	0.09301785803732195
UP000001542	0.018623640519932642	0.01963868440796658	0.028950504667932905	0.028950504667932905	0.028950504667932905	0.05220982711490597	0.028950504667932905	0.05220982711490597	0.05220982711490597	0.08116033178283888	0.05220982711490597	0.08579601370987928	0.032106282163448005	0.032106282163448005	0.032106282163448005	0.05790100933586581	0.05790100933586581	0.11011083645077178	0.06105678683138091	0.08685151400379872
UP000001548	0.01579749586472246	0.0235977801227907	0.03149652805515193	0.03149652805515193	0.03149652805515193	0.031694072963791134	0.03149652805515193	0.031694072963791134	0.031694072963791134	0.06319060101894307	0.031694072963791134	0.047590650062859806	0.06260042883490032	0.06260042883490032	0.06260042883490032	0.06299305611030385	0.06299305611030385	0.09468712907409499	0.09409695689005224	0.09448958416545579
UP000001554	0.014718649730451897	0.024002150575033996	0.031361475440259946	0.031361475440259946	0.031361475440259946	0.027735588900827335	0.031361475440259946	0.027735588900827335	0.027735588900827335	0.05909706434108728	0.027735588900827335	0.040752528071202776	0.07092275165361203	0.07092275165361203	0.07092275165361203	0.06272295088051989	0.06272295088051989	0.09045853978134723	0.10228422709387197	0.09408442632077983
UP000001555	0.013297584887520319	0.02420876246849695	0.030857554912257112	0.030857554912257112	0.030857554912257112	0.023367406395855106	0.030857554912257112	0.023367406395855106	0.023367406395855106	0.05422496130811222	0.023367406395855106	0.033437227904189896	0.08149716567020135	0.08149716567020135	0.08149716567020135	0.061715109824514225	0.061715109824514225	0.08508251622036933	0.11235472058245845	0.09257266473677132
UP000001568	0.012016248434230728	0.02413700205646845	0.030145126273583813	0.030145126273583813	0.030145126273583813	0.019980901719042366	0.030145126273583813	0.019980901719042366	0.019980901719042366	0.05012602799262618	0.019980901719042366	0.027945555003854	0.09095972252185885	0.09095972252185885	0.09095972252185885	0.060290252547167626	0.060290252547167626	0.08027115426620998	0.12110484879544267	0.09043537882075144
UP000001593	0.016618619613730824	0.023092736534784736	0.03140204634165015	0.03140204634165015	0.03140204634165015	0.03530025026329467	0.03140204634165015	0.03530025026329467	0.03530025026329467	0.06670229660494481	0.03530025026329467	0.0539818809128585	0.05586864155852641	0.05586864155852641	0.05586864155852641	0.0628040926833003	0.0628040926833003	0.09810434294659497	0.08727068790017657	0.09420613902495045
UP000001595	0.015063863398364316	0.023899290326209393	0.03143122202539155	0.03143122202539155	0.03143122202539155	0.028928041831521496	0.03143122202539155	0.028928041831521496	0.028928041831521496	0.06035926385691305	0.028928041831521496	0.042792220264678674	0.06830201116018633	0.06830201116018633	0.06830201116018633	0.0628624440507831	0.0628624440507831	0.0917904858823046	0.09973323318557788	0.09429366607617465
UP000001610	0.01235889033904225	0.024178367794757297	0.030357812964278426	0.030357812964278426	0.030357812964278426	0.020845074406432653	0.030357812964278426	0.020845074406432653	0.020845074406432653	0.051202887370711075	0.020845074406432653	0.029331258473823056	0.08842346062240128	0.08842346062240128	0.08842346062240128	0.06071562592855685	0.06071562592855685	0.0815607003349895	0.11878127358667968	0.09107343889283527
UP000001611	0.012085880167959641	0.02414668903369374	0.030189629117673564	0.030189629117673564	0.030189629117673564	0.020154291845563492	0.030189629117673564	0.020154291845563492	0.020154291845563492	0.05034392096323705	0.020154291845563492	0.02822270352316734	0.09044363485917371	0.09044363485917371	0.09044363485917371	0.06037925823534713	0.06037925823534713	0.08053355008091062	0.12063326397684727	0.0905688873530207
UP000001628	0.015455726025277158	0.023753318665672127	0.0314811816783107	0.0314811816783107	0.0314811816783107	0.030361977188451475	0.0314811816783107	0.030361977188451475	0.030361977188451475	0.06184315886676218	0.030361977188451475	0.04526822835162579	0.06528328466301386	0.06528328466301386	0.06528328466301386	0.0629623633566214	0.0629623633566214	0.09332434054507288	0.09676446634132457	0.09444354503493212
UP000001631	0.015326944939670198	0.023804915225326188	0.03146838769516128	0.03146838769516128	0.03146838769516128	0.029880491654307405	0.03146838769516128	0.029880491654307405	0.029880491654307405	0.06134887934946869	0.029880491654307405	0.04443403836894461	0.06628133402819883	0.06628133402819883	0.06628133402819883	0.06293677539032257	0.06293677539032257	0.09281726704462998	0.09774972172336012	0.09440516308548387
UP000001640	0.018397854607504312	0.020599608934651837	0.02979853623840399	0.02979853623840399	0.02979853623840399	0.04808739994499275	0.02979853623840399	0.04808739994499275	0.04808739994499275	0.07788593618339676	0.04808739994499275	0.07777694528248119	0.0369307869823366	0.0369307869823366	0.0369307869823366	0.05959707247680798	0.05959707247680798	0.10768447242180074	0.0667293232207406	0.08939560871521199
UP000001645	0.015737094725228183	0.023627329808530398	0.03149587717114449	0.03149587717114449	0.03149587717114449	0.031452531577075934	0.03149587717114449	0.031452531577075934	0.031452531577075934	0.06294840874822043	0.031452531577075934	0.04716796842892369	0.06307856500192367	0.06307856500192367	0.06307856500192367	0.06299175434228899	0.06299175434228899	0.09444428591936493	0.09457444217306818	0.09448763151343348
UP000001646	0.01618483235049656	0.02338516989117482	0.0314775860664231	0.0314775860664231	0.0314775860664231	0.0333137813337575	0.0314775860664231	0.0333137813337575	0.0333137813337575	0.0647913674001806	0.0333137813337575	0.05044273031701845	0.05948519711060466	0.05948519711060466	0.05948519711060466	0.0629551721328462	0.0629551721328462	0.0962689534666037	0.09096278317702777	0.0944327581992693
UP000001742	0.018677986822735547	0.0191215022495109	0.028460495660878674	0.028460495660878674	0.028460495660878674	0.05434033045282862	0.028460495660878674	0.05434033045282862	0.05434033045282862	0.08280082611370729	0.05434033045282862	0.09000267408292169	0.029812104803670008	0.029812104803670008	0.029812104803670008	0.05692099132175735	0.05692099132175735	0.11126132177458598	0.058272600464548685	0.08538148698263602
UP000001743	0.013373917323811888	0.024205707617514675	0.030892666279420618	0.030892666279420618	0.030892666279420618	0.023583645486329574	0.030892666279420618	0.023583645486329574	0.023583645486329574	0.05447631176575019	0.023583645486329574	0.03379337364884726	0.08093378357513485	0.08093378357513485	0.08093378357513485	0.061785332558841236	0.061785332558841236	0.08536897804517082	0.11182644985455548	0.09267799883826187
UP000001744	0.016903086727212437	0.022863060828652627	0.031314604192258844	0.031314604192258844	0.031314604192258844	0.03672850355792682	0.031314604192258844	0.03672850355792682	0.03672850355792682	0.06804310775018566	0.03672850355792682	0.05655392038864118	0.053397461956012596	0.053397461956012596	0.053397461956012596	0.06262920838451769	0.06262920838451769	0.09935771194244448	0.08471206614827144	0.09394381257677653
UP000001745	0.016094401455080114	0.02343856870428281	0.031485769431822866	0.031485769431822866	0.031485769431822866	0.03292394893836385	0.031485769431822866	0.03292394893836385	0.03292394893836385	0.06440971837018672	0.03292394893836385	0.04975349642164759	0.06022082457786586	0.06022082457786586	0.06022082457786586	0.06297153886364573	0.06297153886364573	0.09589548780200959	0.09170659400968874	0.0944573082954686
UP000001798	0.016773564767373322	0.022971818778764336	0.031358601162451	0.031358601162451	0.031358601162451	0.03606405314080115	0.031358601162451	0.03606405314080115	0.03606405314080115	0.06742265430325214	0.03606405314080115	0.05535454151422897	0.05453418466451538	0.05453418466451538	0.05453418466451538	0.062717202324902	0.062717202324902	0.09878125546570313	0.08589278582696637	0.09407580348735299
UP000001805	0.013606366532674474	0.024191071695928358	0.030994254962265596	0.030994254962265596	0.030994254962265596	0.02425361740336789	0.030994254962265596	0.02425361740336789	0.02425361740336789	0.055247872365633485	0.02425361740336789	0.034900868274061296	0.07921654116078612	0.07921654116078612	0.07921654116078612	0.06198850992453119	0.06198850992453119	0.08624212732789908	0.11021079612305172	0.09298276488679678
UP000001811	0.01452130924777678	0.024050951288933677	0.03131160591282206	0.03131160591282206	0.03131160591282206	0.027080254838569212	0.03131160591282206	0.027080254838569212	0.027080254838569212	0.05839186075139127	0.027080254838569212	0.03963920042936164	0.07240823032754548	0.07240823032754548	0.07240823032754548	0.06262321182564412	0.06262321182564412	0.08970346666421333	0.10371983624036753	0.09393481773846618
UP000001819	0.014243859196141002	0.024107977818007095	0.031229907416077597	0.031229907416077597	0.031229907416077597	0.026188222132857538	0.031229907416077597	0.026188222132857538	0.026188222132857538	0.05741812954893514	0.026188222132857538	0.03813258506957408	0.0744844084694922	0.0744844084694922	0.0744844084694922	0.062459814832155194	0.062459814832155194	0.08864803696501274	0.10571431588556979	0.09368972224823278
UP000001861	0.014449810389959027	0.02406691845386605	0.031291823648845564	0.031291823648845564	0.031291823648845564	0.02684720119450539	0.031291823648845564	0.02684720119450539	0.02684720119450539	0.05813902484335095	0.02684720119450539	0.03924459199905175	0.07294452931435187	0.07294452931435187	0.07294452931435187	0.06258364729769113	0.06258364729769113	0.08943084849219651	0.10423635296319743	0.09387547094653667
UP000001876	0.009243404785923483	0.02322556113339445	0.027847263526356192	0.027847263526356192	0.027847263526356192	0.01383602899515492	0.027847263526356192	0.01383602899515492	0.01383602899515492	0.041683292521511116	0.01383602899515492	0.018428653204386358	0.11209431350250582	0.11209431350250582	0.11209431350250582	0.055694527052712384	0.055694527052712384	0.06953055604786731	0.139941577028862	0.08354179057906859
UP000001881	0.013471599358520247	0.024200541957484556	0.03093634163674468	0.03093634163674468	0.03093634163674468	0.02386304896512354	0.03093634163674468	0.02386304896512354	0.02386304896512354	0.054799390601868225	0.02386304896512354	0.034254498571726834	0.0802124854425892	0.0802124854425892	0.0802124854425892	0.06187268327348936	0.06187268327348936	0.0857357322386129	0.11114882707933388	0.09280902491023406
UP000001926	0.01838797664253211	0.016546028042655342	0.025740016363921394	0.025740016363921394	0.025740016363921394	0.06437762003668039	0.025740016363921394	0.06437762003668039	0.06437762003668039	0.09011763640060177	0.06437762003668039	0.11036726343082864	0.02058319155127019	0.02058319155127019	0.02058319155127019	0.05148003272784279	0.05148003272784279	0.11585765276452316	0.04632320791519158	0.07722004909176418
UP000001940	0.01767022195338507	0.022027248496719463	0.030862359473411993	0.030862359473411993	0.030862359473411993	0.04133861863344441	0.030862359473411993	0.04133861863344441	0.04133861863344441	0.0722009781068564	0.04133861863344441	0.06500701531350375	0.04608210258363634	0.04608210258363634	0.04608210258363634	0.061724718946823985	0.061724718946823985	0.1030633375802684	0.07694446205704833	0.09258707842023597
UP000001949	0.018430212869793478	0.02049807884908738	0.029713185283984114	0.029713185283984114	0.029713185283984114	0.048535112000690356	0.029713185283984114	0.048535112000690356	0.048535112000690356	0.07824829728467447	0.048535112000690356	0.07864001113158722	0.03638081147140703	0.03638081147140703	0.03638081147140703	0.05942637056796823	0.05942637056796823	0.10796148256865858	0.06609399675539114	0.08913955585195234
UP000001950	0.01861183851566502	0.019715312589453898	0.02902123184728641	0.02902123184728641	0.02902123184728641	0.05188952549487689	0.02902123184728641	0.05188952549487689	0.05188952549487689	0.0809107573421633	0.05188952549487689	0.08516721247408875	0.032462501435558726	0.032462501435558726	0.032462501435558726	0.05804246369457282	0.05804246369457282	0.1099319891894497	0.06148373328284513	0.08706369554185923
UP000001996	0.018080669818451422	0.02135958615543484	0.03039992106466055	0.03039992106466055	0.03039992106466055	0.04461723560076362	0.03039992106466055	0.04461723560076362	0.04461723560076362	0.07501715666542418	0.04461723560076362	0.07115380138307584	0.04142592826713699	0.04142592826713699	0.04142592826713699	0.0607998421293211	0.0607998421293211	0.10541707773008473	0.07182584933179754	0.09119976319398165
UP000001997	0.0172193178668582	0.022563538403001012	0.031173197336430116	0.031173197336430116	0.031173197336430116	0.038468240680507707	0.031173197336430116	0.038468240680507707	0.038468240680507707	0.06964143801693783	0.038468240680507707	0.059717163494157205	0.0505231440266214	0.0505231440266214	0.0505231440266214	0.06234639467286023	0.06234639467286023	0.10081463535336793	0.08169634136305151	0.09351959200929034
UP000002009	0.010081755158690338	0.02361033855890602	0.02865121613825119	0.02865121613825119	0.02865121613825119	0.015555354375794968	0.02865121613825119	0.015555354375794968	0.015555354375794968	0.04420657051404616	0.015555354375794968	0.0210289535928996	0.10554464609024161	0.10554464609024161	0.10554464609024161	0.05730243227650238	0.05730243227650238	0.07285778665229735	0.1341958622284928	0.08595364841475356
UP000002035	0.015400079842473949	0.023776063842625816	0.03147610376386279	0.03147610376386279	0.03147610376386279	0.030152636837554828	0.03147610376386279	0.030152636837554828	0.030152636837554828	0.06162874060141762	0.030152636837554828	0.044905193832635706	0.06571532124974845	0.06571532124974845	0.06571532124974845	0.06295220752772558	0.06295220752772558	0.0931048443652804	0.09719142501361125	0.09442831129158837
UP000002036	0.01599480359777415	0.023494654100473116	0.03149205589936019	0.03149205589936019	0.03149205589936019	0.03250313276172446	0.03149205589936019	0.03250313276172446	0.03250313276172446	0.06399518866108465	0.03250313276172446	0.04901146192567477	0.06102486132883208	0.06102486132883208	0.06102486132883208	0.06298411179872038	0.06298411179872038	0.09548724456044483	0.09251691722819227	0.09447616769808057
UP000002037	0.018684259295622053	0.019008114407490354	0.028350244055301378	0.028350244055301378	0.028350244055301378	0.054800760004611454	0.028350244055301378	0.054800760004611454	0.054800760004611454	0.08315100405991283	0.054800760004611454	0.09091726071360084	0.02933303618152439	0.02933303618152439	0.02933303618152439	0.056700488110602756	0.056700488110602756	0.1115012481152142	0.057683280236825764	0.08505073216590413
UP000002038	0.015480636053725783	0.023742911065029088	0.03148322909189198	0.03148322909189198	0.03148322909189198	0.030456339807258037	0.03148322909189198	0.030456339807258037	0.030456339807258037	0.06193956889915002	0.030456339807258037	0.045432043560790294	0.06508948352463172	0.06508948352463172	0.06508948352463172	0.06296645818378396	0.06296645818378396	0.093422797991042	0.0965727126165237	0.09444968727567596
UP000002051	0.018052545975305676	0.021413605419929524	0.030439878407582364	0.030439878407582364	0.030439878407582364	0.04436123010663391	0.030439878407582364	0.04436123010663391	0.04436123010663391	0.07480110851421627	0.04436123010663391	0.07066991423796214	0.041774594403315914	0.041774594403315914	0.041774594403315914	0.06087975681516473	0.06087975681516473	0.10524098692179863	0.07221447281089828	0.09131963522274708
UP000002058	0.015175791346011247	0.023860898962606517	0.031448794635612135	0.031448794635612135	0.031448794635612135	0.029328350580411684	0.031448794635612135	0.029328350580411684	0.029328350580411684	0.06077714521602383	0.029328350580411684	0.043480909814812126	0.06744509421497946	0.06744509421497946	0.06744509421497946	0.06289758927122427	0.06289758927122427	0.09222593985163596	0.0988938888505916	0.0943463839068364
UP000002059	0.015523942826418332	0.02372448034180935	0.03148645175501852	0.03148645175501852	0.03148645175501852	0.030621369049066576	0.03148645175501852	0.030621369049066576	0.030621369049066576	0.06210782080408509	0.030621369049066576	0.04571879527171482	0.06475194773509509	0.06475194773509509	0.06475194773509509	0.06297290351003704	0.06297290351003704	0.0935942725591036	0.09623839949011359	0.09445935526505554
UP000002149	0.015358005628798688	0.023792805066053274	0.03147180788045262	0.03147180788045262	0.03147180788045262	0.029995664277613403	0.03147180788045262	0.029995664277613403	0.029995664277613403	0.06146747215806602	0.029995664277613403	0.04463332292642812	0.06604119062656254	0.06604119062656254	0.06604119062656254	0.06294361576090524	0.06294361576090524	0.09293928003851863	0.09751299850701517	0.09441542364135785
UP000002173	0.017463801849181337	0.02229182061992502	0.031023721544515687	0.031023721544515687	0.031023721544515687	0.03995540813298607	0.031023721544515687	0.03995540813298607	0.03995540813298607	0.07097912967750175	0.03995540813298607	0.06244701441679079	0.04817727278711278	0.04817727278711278	0.04817727278711278	0.06204744308903137	0.06204744308903137	0.10200285122201744	0.07920099433162846	0.09307116463354706
UP000002195	0.01826585857644799	0.01613346979248135	0.025266399080705344	0.025266399080705344	0.025266399080705344	0.06592526277986566	0.025266399080705344	0.06592526277986566	0.06592526277986566	0.091191661860571	0.06592526277986566	0.11358466698328333	0.019367110439503316	0.019367110439503316	0.019367110439503316	0.05053279816141069	0.05053279816141069	0.11645806094127635	0.044633509520208656	0.07579919724211603
UP000002226	0.013555198594061464	0.02419498967539155	0.03097258897242228	0.03097258897242228	0.03097258897242228	0.024104621035251437	0.03097258897242228	0.024104621035251437	0.024104621035251437	0.05507721000767372	0.024104621035251437	0.03465404347644141	0.0795948018640657	0.0795948018640657	0.0795948018640657	0.06194517794484456	0.06194517794484456	0.08604979898009602	0.11056739083648798	0.09291776691726684
