Proteome_ID	M	W	C	D	E	F	H	K	N	Q	Y	I	A	G	P	T	V	L	R	S
UP000000278	0.018024425305819717	0.030949710379931338	0.030949710379931338	0.030949710379931338	0.030949710379931338	0.04315964713978796	0.030949710379931338	0.056084932213899576	0.04315964713978796	0.030949710379931338	0.0682948689737562	0.0682948689737562	0.044387970527153646	0.044387970527153646	0.044387970527153646	0.061899420759862676	0.061899420759862676	0.10505906789965064	0.044387970527153646	0.11087355644561372
UP000000280	0.017354121484061527	0.0314514121650028	0.0314514121650028	0.0314514121650028	0.0314514121650028	0.03871748408328242	0.0314514121650028	0.052814774764223686	0.03871748408328242	0.0314514121650028	0.060080846682503304	0.060080846682503304	0.05109791354443937	0.05109791354443937	0.05109791354443937	0.0629028243300056	0.0629028243300056	0.10162030841328802	0.05109791354443937	0.11170835797906993
UP000000287	0.016709747543843627	0.03167591354151858	0.03167591354151858	0.03167591354151858	0.03167591354151858	0.03536620658768728	0.03167591354151858	0.050332372585362224	0.03536620658768728	0.03167591354151858	0.05402266563153093	0.05402266563153093	0.05674136954451204	0.05674136954451204	0.05674136954451204	0.06335182708303716	0.06335182708303716	0.09871803367072443	0.05674136954451204	0.11173748816839936
UP000000327	0.018023755595799253	0.03095042572335664	0.03095042572335664	0.03095042572335664	0.03095042572335664	0.04315441666872086	0.03095042572335664	0.05608108679627824	0.04315441666872086	0.03095042572335664	0.06828507774164247	0.06828507774164247	0.04439540266808154	0.04439540266808154	0.04439540266808154	0.06190085144671328	0.06190085144671328	0.10505526811543413	0.04439540266808154	0.11087503276586916
UP000000339	0.01735669295016303	0.031450113537260654	0.031450113537260654	0.031450113537260654	0.031450113537260654	0.038732255277596495	0.031450113537260654	0.05282567586469412	0.038732255277596495	0.031450113537260654	0.06010781760502996	0.06010781760502996	0.05107420853330513	0.05107420853330513	0.05107420853330513	0.06290022707452131	0.06290022707452131	0.10163248235211782	0.05107420853330513	0.111707033561945
UP000000344	0.018856847520752378	0.028684670210859284	0.028684670210859284	0.028684670210859284	0.028684670210859284	0.05503787251816585	0.028684670210859284	0.06486569520827276	0.05503787251816585	0.028684670210859284	0.09121889751557932	0.09121889751557932	0.029899786000419277	0.029899786000419277	0.029899786000419277	0.05736934042171857	0.05736934042171857	0.11240721293988444	0.029899786000419277	0.10491085815333022
UP000000348	0.01743074260414399	0.03141106125854725	0.03141106125854725	0.03141106125854725	0.03141106125854725	0.03916349385557741	0.03141106125854725	0.05314381250998067	0.03916349385557741	0.03141106125854725	0.06089624510701082	0.06089624510701082	0.050386452905692186	0.050386452905692186	0.050386452905692186	0.0628221225170945	0.0628221225170945	0.10198561637267191	0.050386452905692186	0.11166392637978574
UP000000349	0.017364548182685558	0.03144612309749382	0.03144612309749382	0.03144612309749382	0.03144612309749382	0.038777460830099766	0.03144612309749382	0.052859035744908016	0.038777460830099766	0.03144612309749382	0.06019037347751397	0.06019037347751397	0.051001722995496594	0.051001722995496594	0.051001722995496594	0.06289224619498764	0.06289224619498764	0.10166970702508739	0.051001722995496594	0.111702917475167
UP000000350	0.016045194706049665	0.031747713148307634	0.031747713148307634	0.031747713148307634	0.031747713148307634	0.03244054390444385	0.031747713148307634	0.04814306234670182	0.03244054390444385	0.031747713148307634	0.048835893102838035	0.048835893102838035	0.062139358274394194	0.062139358274394194	0.062139358274394194	0.06349542629661527	0.06349542629661527	0.09593597020105912	0.062139358274394194	0.11128833415097257
UP000000351	0.017104558967949955	0.031560699096841366	0.031560699096841366	0.031560699096841366	0.031560699096841366	0.03734273699331148	0.031560699096841366	0.051798877122202894	0.03734273699331148	0.031560699096841366	0.05758091501867302	0.05758091501867302	0.053347869367999054	0.053347869367999054	0.053347869367999054	0.06312139819368273	0.06312139819368273	0.10046413518699422	0.053347869367999054	0.11178665625847406
UP000000352	0.012779719626442431	0.030748122708188056	0.030748122708188056	0.030748122708188056	0.030748122708188056	0.021869076815696407	0.030748122708188056	0.03983747989744203	0.021869076815696407	0.030748122708188056	0.030958434004950384	0.030958434004950384	0.08646428544246557	0.08646428544246557	0.08646428544246557	0.06149624541637611	0.06149624541637611	0.08336532223207252	0.08646428544246557	0.1050240877510066
UP000000353	0.016241818202260304	0.031740130801100386	0.031740130801100386	0.031740130801100386	0.031740130801100386	0.03326281044466849	0.031740130801100386	0.048761123043508575	0.03326281044466849	0.031740130801100386	0.050283802687076676	0.050283802687076676	0.06057431045682658	0.06057431045682658	0.06057431045682658	0.06348026160220077	0.06348026160220077	0.09674307204686927	0.06057431045682658	0.11146221060556145
UP000000354	0.018072544490092043	0.030896763690973796	0.030896763690973796	0.030896763690973796	0.030896763690973796	0.04354129695214439	0.030896763690973796	0.056365516153026145	0.04354129695214439	0.030896763690973796	0.06901004941419675	0.06901004941419675	0.04384848745433903	0.04384848745433903	0.04384848745433903	0.06179352738194759	0.06179352738194759	0.10533482433409198	0.04384848745433903	0.11076283556301343
UP000000355	0.018405144309700243	0.03042160877962532	0.03042160877962532	0.03042160877962532	0.03042160877962532	0.046595577353355996	0.03042160877962532	0.05861204182328108	0.046595577353355996	0.03042160877962532	0.07478601039701176	0.07478601039701176	0.039723696252211796	0.039723696252211796	0.039723696252211796	0.06084321755925064	0.06084321755925064	0.10743879491260665	0.039723696252211796	0.1096699706485762
UP000000356	0.017048121592949897	0.03158118082180995	0.03158118082180995	0.03158118082180995	0.03158118082180995	0.0370465572472166	0.03158118082180995	0.05157961647607665	0.0370465572472166	0.03158118082180995	0.0570449929014833	0.0570449929014833	0.05384419261656449	0.05384419261656449	0.05384419261656449	0.0631623616436199	0.0631623616436199	0.1002089188908365	0.05384419261656449	0.11179166405837976
UP000000357	0.017368985592710537	0.03144385322818287	0.03144385322818287	0.03144385322818287	0.03144385322818287	0.03880305291988524	0.03144385322818287	0.052877920555357574	0.03880305291988524	0.03144385322818287	0.060237120247059954	0.060237120247059954	0.05096072764567568	0.05096072764567568	0.05096072764567568	0.06288770645636574	0.06288770645636574	0.10169075937625098	0.05096072764567568	0.11170054527725913
UP000000358	0.017343792018912393	0.03145659080180034	0.03145659080180034	0.03145659080180034	0.03145659080180034	0.038658282944697	0.03145659080180034	0.052771081727584955	0.038658282944697	0.03145659080180034	0.05997277387048161	0.05997277387048161	0.05119301890813275	0.05119301890813275	0.05119301890813275	0.06291318160360068	0.06291318160360068	0.10157146454829769	0.05119301890813275	0.11171356442431342
UP000000359	0.017399672114582536	0.031427842386005385	0.031427842386005385	0.031427842386005385	0.031427842386005385	0.038981145951674324	0.031427842386005385	0.05300931622309718	0.038981145951674324	0.031427842386005385	0.060562619788766106	0.060562619788766106	0.05067625658127542	0.05067625658127542	0.05067625658127542	0.06285568477201077	0.06285568477201077	0.1018368307236851	0.05067625658127542	0.11168319927259868
UP000000360	0.015970099773166265	0.03174790081144492	0.03174790081144492	0.03174790081144492	0.03174790081144492	0.032134842004743445	0.03174790081144492	0.0479126430430221	0.032134842004743445	0.03174790081144492	0.04829958423632063	0.04829958423632063	0.06273123768802497	0.06273123768802497	0.06273123768802497	0.06349580162288984	0.06349580162288984	0.0956306436276333	0.06273123768802497	0.11121380220750102
UP000000369	0.014985674285923421	0.03163098316902463	0.03163098316902463	0.03163098316902463	0.03163098316902463	0.028477189245539263	0.03163098316902463	0.04512249812864047	0.028477189245539263	0.03163098316902463	0.04196870420515511	0.04196870420515511	0.07026810740430382	0.07026810740430382	0.07026810740430382	0.06326196633804926	0.06326196633804926	0.09173915558358853	0.07026810740430382	0.10987862379299732
UP000000372	0.018449707940762478	0.03033764476119322	0.03033764476119322	0.03033764476119322	0.03033764476119322	0.04708308042928655	0.03033764476119322	0.058971017249717296	0.04708308042928655	0.03033764476119322	0.07571645291781061	0.07571645291781061	0.03909568708184462	0.03909568708184462	0.03909568708184462	0.06067528952238644	0.06067528952238644	0.10775836995167298	0.03909568708184462	0.10946264222434214
UP000000373	0.017964897601871203	0.031011118243881784	0.031011118243881784	0.031011118243881784	0.031011118243881784	0.04270290830256864	0.031011118243881784	0.05574912894457923	0.04270290830256864	0.031011118243881784	0.06744091900326608	0.06744091900326608	0.045040934819803376	0.045040934819803376	0.045040934819803376	0.06202223648776357	0.06202223648776357	0.10472514479033221	0.045040934819803376	0.11099825233351654
UP000000375	0.014448147002409185	0.03148690695566468	0.03148690695566468	0.03148690695566468	0.03148690695566468	0.02669956391161572	0.03148690695566468	0.04373832386487121	0.02669956391161572	0.03148690695566468	0.038950980820822254	0.038950980820822254	0.07426528110471214	0.07426528110471214	0.07426528110471214	0.06297381391132936	0.06297381391132936	0.08967337782294509	0.07426528110471214	0.10890886786940322
UP000000394	0.01509441388365815	0.031653758188642564	0.031653758188642564	0.031653758188642564	0.031653758188642564	0.02885349312585924	0.031653758188642564	0.04541283743084366	0.02885349312585924	0.031653758188642564	0.04261257236806033	0.04261257236806033	0.06945158446462578	0.06945158446462578	0.06945158446462578	0.06330751637728513	0.06330751637728513	0.09216100950314438	0.06945158446462578	0.11005568844958584
UP000000395	0.018080122757037586	0.030888137405143217	0.030888137405143217	0.030888137405143217	0.030888137405143217	0.04360248886066295	0.030888137405143217	0.056410503508768584	0.04360248886066295	0.030888137405143217	0.06912485496428832	0.06912485496428832	0.0437625033473606	0.0437625033473606	0.0437625033473606	0.061776274810286434	0.061776274810286434	0.10537876367094938	0.0437625033473606	0.11074453497246725
UP000000396	0.017659053456494676	0.03126840314774796	0.03126840314774796	0.03126840314774796	0.03126840314774796	0.040572871974932576	0.03126840314774796	0.05418222166618586	0.040572871974932576	0.03126840314774796	0.06348669049337045	0.06348669049337045	0.04819540682326665	0.04819540682326665	0.04819540682326665	0.06253680629549592	0.06253680629549592	0.1031096782704285	0.04819540682326665	0.11146426289973856
UP000000398	0.014265122641884741	0.03142656858895031	0.03142656858895031	0.03142656858895031	0.03142656858895031	0.02612273211230399	0.03142656858895031	0.043284178059369564	0.02612273211230399	0.03142656858895031	0.037980341582723245	0.037980341582723245	0.07561454208006198	0.07561454208006198	0.07561454208006198	0.06285313717790061	0.06285313717790061	0.08897586929020461	0.07561454208006198	0.10854482840873567
UP000000399	0.008578757943264051	0.02721408713786087	0.02721408713786087	0.02721408713786087	0.02721408713786087	0.012527981865235575	0.02721408713786087	0.03116331105983239	0.012527981865235575	0.02721408713786087	0.016477205787207096	0.016477205787207096	0.1182323772039014	0.1182323772039014	0.1182323772039014	0.05442817427572174	0.05442817427572174	0.0669561561409573	0.1182323772039014	0.09022101935684666
UP000000400	0.011017462317641209	0.02955061383829428	0.02955061383829428	0.02955061383829428	0.02955061383829428	0.01756704865137268	0.02955061383829428	0.036100200172025754	0.01756704865137268	0.02955061383829428	0.024116634985104152	0.024116634985104152	0.09941781292348786	0.09941781292348786	0.09941781292348786	0.05910122767658856	0.05910122767658856	0.07666827632796125	0.09941781292348786	0.09966930383252405
UP000000401	0.013407666236154933	0.031074134652757157	0.031074134652757157	0.031074134652757157	0.031074134652757157	0.02358318686998986	0.031074134652757157	0.041249655286592087	0.02358318686998986	0.031074134652757157	0.03375870750382479	0.03375870750382479	0.08188900420803037	0.08188900420803037	0.08188900420803037	0.062148269305514314	0.062148269305514314	0.08573145617550418	0.08188900420803037	0.1066300701944264
UP000000409	0.01765083932278744	0.03127417922977929	0.03127417922977929	0.03127417922977929	0.03127417922977929	0.04051983700807331	0.03127417922977929	0.054143176915065164	0.04051983700807331	0.03127417922977929	0.06338883469335918	0.06338883469335918	0.04827631889543307	0.04827631889543307	0.04827631889543307	0.06254835845955858	0.06254835845955858	0.1030681954676319	0.04827631889543307	0.11147337701212533
UP000000410	0.015298682332393135	0.03169034286096528	0.03169034286096528	0.03169034286096528	0.03169034286096528	0.02957726507265354	0.03169034286096528	0.04596892560122569	0.02957726507265354	0.03169034286096528	0.04385584781291394	0.04385584781291394	0.06790876899393009	0.06790876899393009	0.06790876899393009	0.06338068572193056	0.06338068572193056	0.09295795079458409	0.06790876899393009	0.11036971091528898
UP000000411	0.016897833583008837	0.03162892450209392	0.03162892450209392	0.03162892450209392	0.03162892450209392	0.03628110813935075	0.03162892450209392	0.051012199058435834	0.03628110813935075	0.03162892450209392	0.05566438269569267	0.05566438269569267	0.055146544108675005	0.055146544108675005	0.055146544108675005	0.06325784900418784	0.06325784900418784	0.09953895714353857	0.055146544108675005	0.11178460708929058
UP000000412	0.014975391177798229	0.03162871396632142	0.03162871396632142	0.03162871396632142	0.03162871396632142	0.028441913371352878	0.03162871396632142	0.045095236159876075	0.028441913371352878	0.03162871396632142	0.04190843556490753	0.04190843556490753	0.07034516518645814	0.07034516518645814	0.07034516518645814	0.06325742793264284	0.06325742793264284	0.09169934130399572	0.07034516518645814	0.10986153307676248
UP000000413	0.017510197089608055	0.03136542126999503	0.03136542126999503	0.03136542126999503	0.03136542126999503	0.039639539648420055	0.03136542126999503	0.05349476382880703	0.039639539648420055	0.03136542126999503	0.06176888220723204	0.06176888220723204	0.04963678489558182	0.04963678489558182	0.04963678489558182	0.06273084253999006	0.06273084253999006	0.10237038218841012	0.04963678489558182	0.11160646089959314
UP000000414	0.013619694805634693	0.03117156538726834	0.03117156538726834	0.03117156538726834	0.03117156538726834	0.024188145942275162	0.03117156538726834	0.04174001652390882	0.024188145942275162	0.03117156538726834	0.03475659707891563	0.03475659707891563	0.08034237026778494	0.08034237026778494	0.08034237026778494	0.06234313077453668	0.06234313077453668	0.08653127671681182	0.08034237026778494	0.10713439096743971
UP000000469	0.01830538527103695	0.030588623539989847	0.030588623539989847	0.030588623539989847	0.030588623539989847	0.04558541701706784	0.030588623539989847	0.05786865528602073	0.04558541701706784	0.030588623539989847	0.07286544876309872	0.07286544876309872	0.041051018123664185	0.041051018123664185	0.041051018123664185	0.061177247079979694	0.061177247079979694	0.10676266409704752	0.041051018123664185	0.1100712558910065
UP000000470	0.016591689674402433	0.03169880971311779	0.03169880971311779	0.03169880971311779	0.03169880971311779	0.03481383694973985	0.03169880971311779	0.04992095698845521	0.03481383694973985	0.03169880971311779	0.05303598422507727	0.05303598422507727	0.05772500966664975	0.05772500966664975	0.05772500966664975	0.06339761942623558	0.06339761942623558	0.09821145637597542	0.05772500966664975	0.1116881188137558
UP000000472	0.01811704501091886	0.030844925074059573	0.030844925074059573	0.030844925074059573	0.030844925074059573	0.04390510384706311	0.030844925074059573	0.05663298391020382	0.04390510384706311	0.030844925074059573	0.06969316268320734	0.06969316268320734	0.04333935326236522	0.04333935326236522	0.04333935326236522	0.061689850148119146	0.061689850148119146	0.10559495399518225	0.04333935326236522	0.1106518202330976
UP000000473	0.013236444465051171	0.030990726487516242	0.030990726487516242	0.030990726487516242	0.030990726487516242	0.023104681426404674	0.030990726487516242	0.04085896344886975	0.023104681426404674	0.030990726487516242	0.03297291838775818	0.03297291838775818	0.0831368423133885	0.0831368423133885	0.0831368423133885	0.061981452975032485	0.061981452975032485	0.08508613440143716	0.0831368423133885	0.1062086239275999
UP000000477	0.01600102769710752	0.031747998954063335	0.031747998954063335	0.031747998954063335	0.031747998954063335	0.032260210697172116	0.031747998954063335	0.04800718195412793	0.032260210697172116	0.031747998954063335	0.04851939369723672	0.04851939369723672	0.0624878397136793	0.0624878397136793	0.0624878397136793	0.06349599790812667	0.06349599790812667	0.09575620860529879	0.0624878397136793	0.11124502455929752
UP000000513	0.018852477252261357	0.02875187730558729	0.02875187730558729	0.02875187730558729	0.02875187730558729	0.054755248797252284	0.02875187730558729	0.06465464885057821	0.054755248797252284	0.02875187730558729	0.09065802034224321	0.09065802034224321	0.03019511249621166	0.03019511249621166	0.03019511249621166	0.05750375461117458	0.05750375461117458	0.11225900340842686	0.03019511249621166	0.10510810916902323
UP000000514	0.01872197952654527	0.029598091565472873	0.029598091565472873	0.029598091565472873	0.029598091565472873	0.05094972011415889	0.029598091565472873	0.06182583215308649	0.05094972011415889	0.029598091565472873	0.08317746070177251	0.08317746070177251	0.03438868839142705	0.03438868839142705	0.03438868839142705	0.05919618313094575	0.05919618313094575	0.11014590324510462	0.03438868839142705	0.10751625422296389
UP000000515	0.017128117651830487	0.03155171406114559	0.03155171406114559	0.03155171406114559	0.03155171406114559	0.037467872451505846	0.03155171406114559	0.05189146886082095	0.037467872451505846	0.03155171406114559	0.057807627251181215	0.057807627251181215	0.053139428265363504	0.053139428265363504	0.053139428265363504	0.06310342812229118	0.06310342812229118	0.10057130057379703	0.053139428265363504	0.11178325983526725
UP000000516	0.018848475677593124	0.02880497944083999	0.02880497944083999	0.02880497944083999	0.02880497944083999	0.05453018120561532	0.02880497944083999	0.06448668496886219	0.05453018120561532	0.02880497944083999	0.09021188673363752	0.09021188673363752	0.030431838744807694	0.030431838744807694	0.030431838744807694	0.05760995888167998	0.05760995888167998	0.11214014008729531	0.030431838744807694	0.10526341400011309
UP000000518	0.012612222248947938	0.030651974244619035	0.030651974244619035	0.030651974244619035	0.030651974244619035	0.021429868416978862	0.030651974244619035	0.03946962041264996	0.021429868416978862	0.030651974244619035	0.030247514585009787	0.030247514585009787	0.08768542174980312	0.08768542174980312	0.08768542174980312	0.06130394848923807	0.06130394848923807	0.08273381690621692	0.08768542174980312	0.10456814498280503
UP000000519	0.015559124232635677	0.03172462814798332	0.03172462814798332	0.03172462814798332	0.03172462814798332	0.030534614520739366	0.03172462814798332	0.046700118436087	0.030534614520739366	0.03172462814798332	0.04551010480884305	0.04551010480884305	0.06592203942474695	0.06592203942474695	0.06592203942474695	0.06344925629596664	0.06344925629596664	0.093983870816706	0.06592203942474695	0.11073300867658563
UP000000520	0.017884263842157105	0.031087774817910006	0.031087774817910006	0.031087774817910006	0.031087774817910006	0.04210864580868547	0.031087774817910006	0.05531215678443838	0.04210864580868547	0.031087774817910006	0.06633302777521385	0.06633302777521385	0.045902675071528246	0.045902675071528246	0.045902675071528246	0.06217554963582001	0.06217554963582001	0.10428419544450548	0.045902675071528246	0.11114758829588714
UP000000521	0.016895077803194124	0.03162971201477367	0.03162971201477367	0.03162971201477367	0.03162971201477367	0.03626737099196297	0.03162971201477367	0.05100200520354252	0.03626737099196297	0.03162971201477367	0.05563966418073182	0.05563966418073182	0.05517017940777789	0.05517017940777789	0.05517017940777789	0.06325942402954735	0.06325942402954735	0.09952679502151032	0.05517017940777789	0.11178421384751515
UP000000522	0.01769518190517871	0.031242370990111325	0.031242370990111325	0.031242370990111325	0.031242370990111325	0.04080842412054133	0.031242370990111325	0.05435561320547395	0.04080842412054133	0.031242370990111325	0.06392166633590393	0.06392166633590393	0.04783746327476669	0.04783746327476669	0.04783746327476669	0.06248474198022265	0.06248474198022265	0.10329316610076399	0.04783746327476669	0.11142229487551268
UP000000568	0.017012809444821145	0.031593268150890044	0.031593268150890044	0.031593268150890044	0.031593268150890044	0.03686374082089112	0.031593268150890044	0.05144419952696001	0.03686374082089112	0.031593268150890044	0.056714672196961094	0.056714672196961094	0.05415264811586287	0.05415264811586287	0.05415264811586287	0.06318653630178009	0.06318653630178009	0.10005027712267121	0.05415264811586287	0.11179261389749127
UP000000569	0.015479664674410679	0.03171569138602818	0.03171569138602818	0.03171569138602818	0.03171569138602818	0.030238202750770247	0.03171569138602818	0.04647422946238775	0.030238202750770247	0.03171569138602818	0.044996740827129816	0.044996740827129816	0.06653074512294946	0.06653074512294946	0.06653074512294946	0.06343138277205636	0.06343138277205636	0.09366958552282661	0.06653074512294946	0.11062673883249523
UP000000570	0.01455893268106972	0.03152072354937903	0.03152072354937903	0.03152072354937903	0.03152072354937903	0.0270554032753359	0.03152072354937903	0.044017194143645216	0.0270554032753359	0.03152072354937903	0.03955187386960208	0.03955187386960208	0.07344603242207948	0.07344603242207948	0.07344603242207948	0.06304144709875806	0.06304144709875806	0.09009685037409396	0.07344603242207948	0.10912110332920681
UP000000571	0.008050808283442047	0.026596558258972128	0.026596558258972128	0.026596558258972128	0.026596558258972128	0.011545706796700283	0.026596558258972128	0.03009145677223037	0.011545706796700283	0.026596558258972128	0.015040605309958523	0.015040605309958523	0.12253505544157142	0.12253505544157142	0.12253505544157142	0.053193116517944256	0.053193116517944256	0.06473882331464455	0.12253505544157142	0.08784048306035844
UP000000572	0.016519676368764096	0.031710451138155155	0.031710451138155155	0.031710451138155155	0.031710451138155155	0.034484507753045256	0.031710451138155155	0.04967528252243631	0.034484507753045256	0.031710451138155155	0.05244933913732641	0.05244933913732641	0.05831909903347989	0.05831909903347989	0.05831909903347989	0.06342090227631031	0.06342090227631031	0.09790541002935557	0.05831909903347989	0.11165102978322955
UP000000573	0.016030595665401687	0.031747863500369816	0.031747863500369816	0.031747863500369816	0.031747863500369816	0.03238076543319431	0.031747863500369816	0.048098033268162435	0.03238076543319431	0.031747863500369816	0.04873093520098694	0.04873093520098694	0.062254664048482525	0.062254664048482525	0.062254664048482525	0.06349572700073963	0.06349572700073963	0.09587649243393394	0.062254664048482525	0.11127418616651114
UP000000574	0.01602914071187905	0.031747875449487525	0.031747875449487525	0.031747875449487525	0.031747875449487525	0.03237481714514071	0.031747875449487525	0.04809355188274919	0.03237481714514071	0.031747875449487525	0.048720493578402385	0.048720493578402385	0.062266149089738224	0.062266149089738224	0.062266149089738224	0.06349575089897505	0.06349575089897505	0.09587056804411576	0.062266149089738224	0.11127276706034162
UP000000575	0.016027534743979006	0.03174788800159728	0.03174788800159728	0.03174788800159728	0.03174788800159728	0.032368253413578	0.03174788800159728	0.04808860667119627	0.032368253413578	0.03174788800159728	0.048708972083176996	0.048708972083176996	0.062278824852449635	0.062278824852449635	0.062278824852449635	0.06349577600319456	0.06349577600319456	0.09586402941677256	0.062278824852449635	0.11127119874877084
UP000000587	0.018835670917395086	0.028943498673825264	0.028943498673825264	0.028943498673825264	0.028943498673825264	0.05393544778910773	0.028943498673825264	0.06404327554553792	0.05393544778910773	0.028943498673825264	0.0890352246608204	0.0890352246608204	0.031064027455832255	0.031064027455832255	0.031064027455832255	0.05788699734765053	0.05788699734765053	0.11182244513675826	0.031064027455832255	0.10566616693887088
UP000000624	0.018520219938076163	0.03018985523891179	0.03018985523891179	0.03018985523891179	0.03018985523891179	0.04791261633371611	0.03018985523891179	0.05958225163455173	0.04791261633371611	0.03018985523891179	0.07730501272935604	0.07730501272935604	0.038045401361439676	0.038045401361439676	0.038045401361439676	0.06037971047782358	0.06037971047782358	0.10829232681153969	0.038045401361439676	0.10908978565481155
UP000000668	0.014113146491601834	0.0313723420806783	0.0313723420806783	0.0313723420806783	0.0313723420806783	0.025653713539783206	0.0313723420806783	0.04291290912885967	0.025653713539783206	0.0313723420806783	0.037194280587964576	0.037194280587964576	0.07673149122062084	0.07673149122062084	0.07673149122062084	0.0627446841613566	0.0627446841613566	0.08839839770113982	0.07673149122062084	0.10823017273363673
UP000000670	0.018492504411526205	0.03025036989779424	0.03025036989779424	0.03025036989779424	0.03025036989779424	0.0475770963223373	0.03025036989779424	0.059334961808605334	0.0475770963223373	0.03025036989779424	0.07666168823314838	0.07666168823314838	0.03846745386702998	0.03846745386702998	0.03846745386702998	0.06050073979558848	0.06050073979558848	0.10807783611792578	0.03846745386702998	0.10924361410490892
UP000000672	0.01549538358898194	0.031717567533919876	0.031717567533919876	0.031717567533919876	0.031717567533919876	0.03029652956197007	0.031717567533919876	0.04651871350690801	0.03029652956197007	0.031717567533919876	0.0450976755349582	0.0450976755349582	0.06641051663762584	0.06641051663762584	0.06641051663762584	0.06343513506783975	0.06343513506783975	0.09373166462980984	0.06641051663762584	0.11064808619074155
UP000000675	0.01640475169259744	0.03172557174720984	0.03172557174720984	0.03172557174720984	0.03172557174720984	0.0339701220276377	0.03172557174720984	0.0492909420822501	0.0339701220276377	0.03172557174720984	0.05153549236267797	0.05153549236267797	0.05925865687903461	0.05925865687903461	0.05925865687903461	0.06345114349441967	0.06345114349441967	0.09742126552205738	0.05925865687903461	0.11158146693422695
UP000000676	0.017686139359788525	0.031248983726876962	0.031248983726876962	0.031248983726876962	0.031248983726876962	0.04074911324548018	0.031248983726876962	0.05431195761256862	0.04074911324548018	0.031248983726876962	0.06381208713117185	0.06381208713117185	0.047927373441478884	0.047927373441478884	0.047927373441478884	0.062497967453753925	0.062497967453753925	0.10324708069923412	0.047927373441478884	0.11143309054041942
UP000000677	0.015918010968745153	0.031747189275774045	0.031747189275774045	0.031747189275774045	0.031747189275774045	0.03192535312424903	0.031747189275774045	0.04775453143127792	0.03192535312424903	0.031747189275774045	0.0479326952797529	0.0479326952797529	0.06314003939059205	0.06314003939059205	0.06314003939059205	0.06349437855154809	0.06349437855154809	0.0954197316757971	0.06314003939059205	0.11115957879606728
UP000000678	0.01722626393322397	0.03151139638238612	0.03151139638238612	0.03151139638238612	0.03151139638238612	0.03799920182183959	0.03151139638238612	0.052284334271001744	0.03799920182183959	0.03151139638238612	0.05877213971045521	0.05877213971045521	0.052262576810082374	0.052262576810082374	0.052262576810082374	0.06302279276477224	0.06302279276477224	0.10102199458661182	0.052262576810082374	0.11176045308038231
UP000000679	0.016402685367915955	0.03172580593263434	0.03172580593263434	0.03172580593263434	0.03172580593263434	0.033960994469674884	0.03172580593263434	0.04928411503439327	0.033960994469674884	0.03172580593263434	0.05151930357143381	0.05151930357143381	0.05927545867209182	0.05927545867209182	0.05927545867209182	0.06345161186526868	0.06345161186526868	0.09741260633494357	0.05927545867209182	0.11158010316581898
UP000000680	0.01758680889799033	0.031317466379344516	0.031317466379344516	0.031317466379344516	0.031317466379344516	0.04011274020422576	0.031317466379344516	0.05384339768557995	0.04011274020422576	0.031317466379344516	0.06263867151046118	0.06263867151046118	0.04890135629866799	0.04890135629866799	0.04890135629866799	0.06263493275868903	0.06263493275868903	0.10274767296291479	0.04890135629866799	0.11153920803602388
UP000000725	0.01685036582712704	0.03164206558665601	0.03164206558665601	0.03164206558665601	0.03164206558665601	0.036045916921591134	0.03164206558665601	0.050837616681120114	0.036045916921591134	0.03164206558665601	0.05524146801605523	0.05524146801605523	0.05555249526697544	0.05555249526697544	0.05555249526697544	0.06328413117331202	0.06328413117331202	0.09933004809490316	0.05555249526697544	0.11177656258709508
UP000000728	0.01580076760221101	0.031743142261899615	0.031743142261899615	0.031743142261899615	0.031743142261899615	0.03146118596199116	0.031743142261899615	0.04740356062167976	0.03146118596199116	0.031743142261899615	0.04712160432177131	0.04712160432177131	0.06405525092897198	0.06405525092897198	0.06405525092897198	0.06348628452379923	0.06348628452379923	0.09494747048579039	0.06405525092897198	0.11103019438790984
UP000000729	0.01058105826380904	0.029191392898992	0.029191392898992	0.029191392898992	0.029191392898992	0.016597005648788497	0.029191392898992	0.035207340283971454	0.016597005648788497	0.029191392898992	0.022612953033767952	0.022612953033767952	0.10268568167240728	0.10268568167240728	0.10268568167240728	0.058382785797984	0.058382785797984	0.07497979144677248	0.10268568167240728	0.09815523696078504
UP000000730	0.010199916607078153	0.02885719096461884	0.02885719096461884	0.02885719096461884	0.02885719096461884	0.015776202660313987	0.02885719096461884	0.03443347701785467	0.015776202660313987	0.02885719096461884	0.02135248871354982	0.02135248871354982	0.10556880997266621	0.10556880997266621	0.10556880997266621	0.05771438192923768	0.05771438192923768	0.07349058458955167	0.10556880997266621	0.09677148950093468
UP000000735	0.01845929466358932	0.030318696384071264	0.030318696384071264	0.030318696384071264	0.030318696384071264	0.04719139831505157	0.030318696384071264	0.05905080003553352	0.04719139831505157	0.030318696384071264	0.07592350196651383	0.07592350196651383	0.038957241499509125	0.038957241499509125	0.038957241499509125	0.06063739276814253	0.06063739276814253	0.10782879108319411	0.038957241499509125	0.10941538381580311
UP000000744	0.01874090218455544	0.029519376712403785	0.029519376712403785	0.029519376712403785	0.029519376712403785	0.051326349576356955	0.029519376712403785	0.0621048241042053	0.051326349576356955	0.029519376712403785	0.08391179696815847	0.08391179696815847	0.03395501954380979	0.03395501954380979	0.03395501954380979	0.05903875342480757	0.05903875342480757	0.11036510300116453	0.03395501954380979	0.1072990323217668
UP000000825	0.017481678987435415	0.03138226551662653	0.03138226551662653	0.03138226551662653	0.03138226551662653	0.03946701748937303	0.03138226551662653	0.05336760401856415	0.03946701748937303	0.03138226551662653	0.061452355991310645	0.061452355991310645	0.049907322701606666	0.049907322701606666	0.049907322701606666	0.06276453103325307	0.06276453103325307	0.10223154852262609	0.049907322701606666	0.11162847553731503
UP000000826	0.016606352007126686	0.03169622764449549	0.03169622764449549	0.03169622764449549	0.03169622764449549	0.03488158061813505	0.03169622764449549	0.04997145625550386	0.03488158061813505	0.03169622764449549	0.05315680922914342	0.05315680922914342	0.05760351618752959	0.05760351618752959	0.05760351618752959	0.06339245528899098	0.06339245528899098	0.09827403590712604	0.05760351618752959	0.11169503494061317
UP000000831	0.013467148457071918	0.031102127037060796	0.031102127037060796	0.031102127037060796	0.031102127037060796	0.0237514868667945	0.031102127037060796	0.04138646544678337	0.0237514868667945	0.031102127037060796	0.03403582527651708	0.03403582527651708	0.0814553052324358	0.0814553052324358	0.0814553052324358	0.06220425407412159	0.06220425407412159	0.0859557409409161	0.0814553052324358	0.1067735295682543
UP000000832	0.018596730657410954	0.03000271374829622	0.03000271374829622	0.03000271374829622	0.03000271374829622	0.04891751829917542	0.03000271374829622	0.060323501390060694	0.04891751829917542	0.03000271374829622	0.07923830594093988	0.07923830594093988	0.03680329107281701	0.03680329107281701	0.03680329107281701	0.06000542749659244	0.06000542749659244	0.10892294579576786	0.03680329107281701	0.10860487190229962
UP000000834	0.01761538139725594	0.0312985247968785	0.0312985247968785	0.0312985247968785	0.0312985247968785	0.0402930405219385	0.0312985247968785	0.05397618392156106	0.0402930405219385	0.0312985247968785	0.06297069964662107	0.06297069964662107	0.04862366511792295	0.04862366511792295	0.04862366511792295	0.062597049593757	0.062597049593757	0.1028900901156955	0.04862366511792295	0.11151095578789146
UP000000835	0.018733463471645926	0.029551123702240494	0.029551123702240494	0.029551123702240494	0.029551123702240494	0.05117510483980003	0.029551123702240494	0.0619927650703946	0.05117510483980003	0.029551123702240494	0.08361674620795413	0.08361674620795413	0.034128661379349404	0.034128661379349404	0.034128661379349404	0.05910224740448099	0.05910224740448099	0.11027735224428103	0.034128661379349404	0.10738683457836742
UP000000839	0.018867682045277195	0.028243649073733876	0.028243649073733876	0.028243649073733876	0.028243649073733876	0.05683597104215867	0.028243649073733876	0.06621193807061534	0.05683597104215867	0.028243649073733876	0.09480426003904015	0.09480426003904015	0.02807038213206645	0.02807038213206645	0.02807038213206645	0.05648729814746775	0.05648729814746775	0.11332326918962642	0.02807038213206645	0.10359862926647882
UP000000840	0.01646884211659941	0.03171765281121767	0.03171765281121767	0.03171765281121767	0.03171765281121767	0.03425532829530192	0.03171765281121767	0.04950413898992018	0.03425532829530192	0.03171765281121767	0.052041814474004425	0.052041814474004425	0.058735942693675325	0.058735942693675325	0.058735942693675325	0.06343530562243534	0.06343530562243534	0.09769063391773727	0.058735942693675325	0.11162180055025242
UP000000842	0.011437079960616886	0.029872618128375883	0.029872618128375883	0.029872618128375883	0.029872618128375883	0.018532440933279236	0.029872618128375883	0.03696797910103823	0.018532440933279236	0.029872618128375883	0.025627801905941584	0.025627801905941584	0.09630391561009224	0.09630391561009224	0.09630391561009224	0.059745236256751766	0.059745236256751766	0.078277677190031	0.09630391561009224	0.10105493434574453
UP000000846	0.01686031443796478	0.03163938534998384	0.03163938534998384	0.03163938534998384	0.03163938534998384	0.03609496082672127	0.03163938534998384	0.05087403173874034	0.03609496082672127	0.03163938534998384	0.055329607215477764	0.055329607215477764	0.05546761555611328	0.05546761555611328	0.05546761555611328	0.06327877069996768	0.06327877069996768	0.09937373152668896	0.05546761555611328	0.1117784704879163
UP000000853	0.017442924072888603	0.03140432196007891	0.03140432196007891	0.03140432196007891	0.03140432196007891	0.039235555632491495	0.03140432196007891	0.0531969535196818	0.039235555632491495	0.03140432196007891	0.061028187192094394	0.061028187192094394	0.05027233191292354	0.05027233191292354	0.05027233191292354	0.06280864392015782	0.06280864392015782	0.10204419955264932	0.05027233191292354	0.11165588995312534
UP000000854	0.018456023653816205	0.030325198950144176	0.030325198950144176	0.030325198950144176	0.030325198950144176	0.04715429464620808	0.030325198950144176	0.05902346994253605	0.04715429464620808	0.030325198950144176	0.07585256563859996	0.07585256563859996	0.03900462082046122	0.03900462082046122	0.03900462082046122	0.06065039790028835	0.06065039790028835	0.10780469254649641	0.03900462082046122	0.10943162050424872
UP000000862	0.018239957962214493	0.03068526005848925	0.03068526005848925	0.03068526005848925	0.03068526005848925	0.044972620929306116	0.03068526005848925	0.05741792302558087	0.044972620929306116	0.03068526005848925	0.07170528389639776	0.07170528389639776	0.04187370739798434	0.04187370739798434	0.04187370739798434	0.0613705201169785	0.0613705201169785	0.10634314104628462	0.04187370739798434	0.11029573813768223
UP000000866	0.018242007996422605	0.024855727510571718	0.024855727510571718	0.024855727510571718	0.024855727510571718	0.06855724362587898	0.024855727510571718	0.07517096314002808	0.06855724362587898	0.024855727510571718	0.11887247925533534	0.11887247925533534	0.018023104705060862	0.018023104705060862	0.018023104705060862	0.049711455021143436	0.049711455021143436	0.11826869864702241	0.018023104705060862	0.09280919052813776
UP000000867	0.017787863658048478	0.03117065441721282	0.03117065441721282	0.03117065441721282	0.03117065441721282	0.041430771868404395	0.03117065441721282	0.054813562627568736	0.041430771868404395	0.03117065441721282	0.06507368007876031	0.06507368007876031	0.04690280450885204	0.04690280450885204	0.04690280450885204	0.06234130883442564	0.06234130883442564	0.10377208070283005	0.04690280450885204	0.11129982690968694
UP000000868	0.01845020821410883	0.03033666411955999	0.03033666411955999	0.03033666411955999	0.03033666411955999	0.047088701121642	0.03033666411955999	0.05897515702709317	0.047088701121642	0.03033666411955999	0.07572719402917517	0.07572719402917517	0.039088493332003246	0.039088493332003246	0.039088493332003246	0.06067332823911998	0.06067332823911998	0.10776202936076199	0.039088493332003246	0.1094602005727888
UP000000869	0.010524730470315265	0.02914320983768418	0.02914320983768418	0.02914320983768418	0.02914320983768418	0.016474193328539877	0.02914320983768418	0.03509267269590879	0.016474193328539877	0.02914320983768418	0.022423656186764493	0.022423656186764493	0.10310995660976238	0.10310995660976238	0.10310995660976238	0.05828641967536836	0.05828641967536836	0.07476061300390824	0.10310995660976238	0.09795435998336781
UP000000870	0.0104015396650886	0.029036375536023975	0.029036375536023975	0.029036375536023975	0.029036375536023975	0.016207441480041412	0.029036375536023975	0.03484227735097679	0.016207441480041412	0.029036375536023975	0.02201334329499422	0.02201334329499422	0.10403999981209344	0.10403999981209344	0.10403999981209344	0.05807275107204795	0.05807275107204795	0.07428019255208937	0.10403999981209344	0.09751066627316053
UP000000871	0.018422679517898558	0.02545781886000002	0.02545781886000002	0.02545781886000002	0.02545781886000002	0.06666552221301121	0.02545781886000002	0.07370066155511266	0.06666552221301121	0.02545781886000002	0.11490836490812387	0.11490836490812387	0.01944335001345214	0.01944335001345214	0.01944335001345214	0.05091563772000004	0.05091563772000004	0.11758115993301126	0.01944335001345214	0.09479613609789862
UP000000872	0.015484867226075652	0.01894324046338804	0.01894324046338804	0.01894324046338804	0.01894324046338804	0.08481836495911195	0.01894324046338804	0.08827673819642433	0.08481836495911195	0.01894324046338804	0.15415186269214826	0.15415186269214826	0.008461525034742878	0.008461525034742878	0.008461525034742878	0.03788648092677608	0.03788648092677608	0.12270484588588802	0.008461525034742878	0.07231458861623977
